
expected <- structure(list(coefficients = structure(c(3.70541642862773, 0.599125578116131, 
0.0219011286659549, 0.342612620399266, 0.178756527526839, 0.00620205022668751, 
-0.282816646932565), .Names = c("x1", "x2", "x3", "x4", "x5", 
"x6", "x7")), residuals = structure(c(-2.96615841168891, 3.69057727193724, 
0.188074068782082, 2.42035730745789, -11.1088983111287, -6.1102458638302, 
2.91677859855869, -7.86824258800417, 7.73653297223526, 6.61741834278217, 
13.5514822437059, 7.55690582857177, -0.487072541284611, -2.39751689749371, 
-0.314497882822497, 1.32753483414214, -2.07991442421567, -6.48067077034484, 
-1.99789052288013, -9.01627479632966, 0.684873208401774, 2.01581598774707, 
-5.62147638833381, 3.76420248627533, -6.8545463610508, 8.51249704036798, 
1.91600558896113), .Names = c("1", "3", "4", "5", "6", "7", "8", 
"9", "10", "11", "12", "13", "15", "16", "17", "18", "19", "20", 
"22", "23", "24", "25", "26", "27", "28", "29", "30")), effects = structure(c(-292.139223006461, 
-178.893505024227, 6.2607689045122, -10.1123302648728, 0.501351720825054, 
-0.441605939027446, 11.0064736558704, -4.37737133120736, 8.7150521040367, 
7.95531061230046, 14.5610648115543, 14.543368327087, 0.108449966715181, 
0.760384428784922, -0.984314222973437, 2.63500549255105, -3.42543071275353, 
-3.88781781024182, -0.308607077329476, -8.41471773495541, -3.65516509978197, 
5.56028011107636, -2.27251032576322, 2.65044223899173, -6.69567625672447, 
9.86964461084923, 5.46321873194893), .Names = c("x1", "x2", "x3", 
"x4", "x5", "x6", "x7", "", "", "", "", "", "", "", "", "", "", 
"", "", "", "", "", "", "", "", "", "")), rank = 7L, fitted.values = structure(c(45.9661584116889, 
67.3094227280628, 60.8119259312179, 78.5796426925421, 54.1088983111287, 
64.1102458638302, 68.0832214014413, 79.8682425880042, 59.2634670277647, 
57.3825816572178, 53.4485177562941, 61.4430941714282, 77.4870725412846, 
83.3975168974937, 74.3144978828225, 63.6724651658579, 67.0799144242157, 
56.4806707703448, 65.9978905228801, 62.0162747963297, 39.3151267915982, 
60.9841840122529, 71.6214763883338, 74.2357975137247, 54.8545463610508, 
76.487502959632, 80.0839944110389), .Names = c("1", "3", "4", 
"5", "6", "7", "8", "9", "10", "11", "12", "13", "15", "16", 
"17", "18", "19", "20", "22", "23", "24", "25", "26", "27", "28", 
"29", "30")), assign = 1:7, qr = structure(list(qr = structure(c(-6.68551544566685, 
-0.0122146414365003, 0.230231149647146, 0.326766027719584, 0.18842957237358, 
0.062229609583154, 0.0760211420375669, 0.0714034636452276, 0.227867576966919, 
0.138418319069615, 0.149343658203664, 0.222313675616172, 0.157992001709315, 
0.114406422569371, 0.062674109251669, 0.292526052166223, 0.148567441922204, 
0.182593410593567, 0.25721046498442, 0.117504234886164, 0.0372497346087913, 
0.336501136779946, 0.267214608932121, 0.0707036013931319, 0.219550883628531, 
0.0408945009262122, 0.363025000296758, -295.612227755212, -195.541327605191, 
-0.04656571145247, -0.124470052756172, -0.0205265510168474, 0.242968910756601, 
0.261791858842806, 0.30498579289382, -0.0530081273207552, 0.0493456349927582, 
0.0676451947745576, -0.0389987484248193, 0.140731774404492, 0.277022447247773, 
0.334309132659005, -0.161681967600101, 0.120028501013366, 0.0041629253667742, 
-0.100004975597299, 0.149324653440014, 0.129557513953913, -0.262798430296448, 
-0.0342039134854428, 0.270308663689071, -0.0601437825754541, 
0.369192302556378, -0.162087969716412, -229.269552235433, -151.119547305658, 
55.2752642680003, 0.00892330038184063, -0.147711165928129, 0.212229087574467, 
0.180824206919042, -0.110832274428539, -0.00289272360722175, 
-0.228337215865682, -0.0201375640429987, -0.202685362224128, 
0.102944392175978, 0.387909983717797, 0.0823867949025687, -0.407496941100039, 
0.147375702296708, -0.444203581746227, -0.142179419757745, -0.00741762608025499, 
-0.224265994234919, -0.0998048095275658, -0.161229524925959, 
0.038386046797339, -0.0408516405306461, -0.0348643852980999, 
0.360481102690593, -250.955632154441, -166.657590547335, 28.4086375202647, 
-40.6628518080572, -0.163634035143692, 0.111374331811251, -0.107677989940429, 
-0.20229082434956, -0.0886226241985274, 0.139896351155628, -0.307825592049787, 
-0.396717748746638, 0.235642969094712, 0.165190180805067, -0.0660265994995414, 
0.320365554848127, 0.0516058043206587, -0.224575873832819, 0.17924218681088, 
-0.170198866330579, 0.452980861116679, 0.0524367550428729, -0.156579106739558, 
0.242614155760627, -0.0844171537684114, -0.119851845433104, 0.0939361758818275, 
-287.498238357788, -185.060650485195, 22.7791927274403, -9.93068335088913, 
40.4945488928497, -0.151366084367069, -0.0406172660896034, 0.325837438852702, 
-0.013285200300217, 0.0634299838431172, 0.0250230598805417, 0.322133649431791, 
-0.121672821825583, 0.430402270480889, 0.05649968109547, 0.482632952889801, 
-0.23876216266499, 0.192957873596971, 0.0154088114332509, 0.0638957293730606, 
-0.131472505799355, -0.180750622534614, -0.140468169115995, -0.159194163717587, 
0.189552911047711, 0.190573422104393, 0.197222679236651, -338.491585763579, 
-186.230443978366, 31.1192597766745, -9.12029649575334, 40.1015925130279, 
57.1746643503788, 0.257568565223717, -0.137487498785413, -0.00637432756107888, 
-0.0367291558738047, -0.00661965663111703, 0.107111529702578, 
0.259759751779592, 0.167190815213819, 0.135686588541827, -0.325825901036908, 
0.109840618631104, -0.0587901263830336, 0.0207845097354703, -0.108183167129183, 
-0.123951711557198, 0.273515180145207, 0.610226804702416, 0.170851529086702, 
-0.327906190810711, 0.125807006324231, 0.1538170162364, -191.769474938113, 
-116.346751741565, 31.6385623480092, -19.9811963546213, 24.7016057567087, 
2.81527303169089, -38.9173472468713, -0.38293730111336, -0.0208083306684143, 
-0.274066909212383, 0.112364592307053, -0.287535850358559, -0.134834160583338, 
0.118195430490193, 0.40191212604886, 0.222328461145706, -0.0300956250204767, 
0.0702109051175196, -0.231912960132441, -0.0887519378768258, 
0.168609055749039, -0.38269251963671, 0.380049535870253, -0.0920131386984608, 
0.0206583543224809, 0.201657454007665, 0.0176322694232534), .Dim = c(27L, 
7L), .Dimnames = list(c("1", "3", "4", "5", "6", "7", "8", "9", 
"10", "11", "12", "13", "15", "16", "17", "18", "19", "20", "22", 
"23", "24", "25", "26", "27", "28", "29", "30"), c("x1", "x2", 
"x3", "x4", "x5", "x6", "x7")), assign = 1:7), qraux = c(1.10672429140977, 
1.37754409295814, 1.02590598026981, 1.05568177231306, 1.14056960660785, 
1.12425793283355, 1.05206824860942), pivot = 1:7, tol = 1e-07, 
    rank = 7L), .Names = c("qr", "qraux", "pivot", "tol", "rank"
), class = "qr"), df.residual = 20L, xlevels = structure(list(), .Names = character(0)), 
    call = quote(lm(formula = y ~ . + 0, data = structure(list(y = c(43, 
        71, 61, 81, 43, 58, 71, 72, 67, 64, 67, 69, 77, 81, 74, 
        65, 65, 50, 64, 53, 40, 63, 66, 78, 48, 85, 82), x1 = c(0.713506898647887, 
        -0.0816611739870052, 1.53921390703963, 2.18459932543848, 
        1.25974881652397, 0.416037016045994, 0.508240519289387, 
        0.477368959074281, 1.52341220537902, 0.925397810103153, 
        0.998439333632985, 1.48628151211489, 1.05625796771945, 
        0.764865905171018, 0.419008725445445, 1.95568744001723, 
        0.993249927694108, 1.22073106680028, 1.71958453644049, 
        0.785576377262714, 0.249033676074065, 2.24968354742678, 
        1.78646739532352, 0.472690019178056, 1.46781082360835, 
        0.273400817585029, 2.42700924664719), x2 = c(51, 70, 
        63, 78, 55, 67, 75, 82, 61, 53, 60, 62, 77, 90, 85, 60, 
        70, 58, 61, 66, 37, 54, 77, 75, 57, 85, 82), x3 = c(30, 
        68, 45, 56, 49, 42, 50, 72, 45, 53, 47, 57, 54, 50, 64, 
        65, 46, 68, 52, 52, 42, 42, 66, 58, 44, 71, 39), x4 = c(39, 
        69, 47, 66, 44, 56, 55, 67, 47, 58, 39, 42, 72, 72, 69, 
        75, 57, 54, 62, 50, 58, 48, 63, 74, 45, 71, 59),