
expected <- structure(list(coefficients = structure(c(19.5800447965634, 0.568476114605759, 
-0.0785058524431208, 0.373102239444462, 0.0373274736117675, -0.0630244313536297, 
-0.168809302329217), .Names = c("x1", "x2", "x3", "x4", "x5", 
"x6", "x7")), residuals = structure(c(-7.40674118371024, 1.26602456807389, 
-0.218778572141564, 7.55428587711749, -12.721570986287, -9.15590383811356, 
1.41307994897255, -5.72664931298844, 8.76684944651645, 5.42807873903917, 
11.139575681266, 9.99907835428269, -1.10853579194169, 0.56643901405694, 
-4.80991365514892, -2.08119765772059, 2.30539555319894, -2.02130936036556, 
-5.9927269206633, 4.63995035660349, -10.1141547369161, 4.62099633558598, 
-2.14350043492536, 1.10167539233353, -8.20669077347011, 6.81607504554583, 
6.09016891179949), .Names = c("1", "2", "4", "5", "6", "7", "8", 
"9", "10", "11", "12", "13", "14", "15", "16", "17", "18", "19", 
"20", "21", "23", "25", "26", "27", "28", "29", "30")), effects = structure(c(-339.4819582835, 
47.9679701362602, -3.77147328366682, -12.3774262568539, -2.46364215164805, 
-4.47374809854142, -6.3967312241314, -4.08953035038374, 7.3779350266003, 
4.71864600833424, 15.3062028370521, 13.0996329700385, 9.49809818244035, 
-0.785735432951269, 2.44434301720896, -0.345880363045865, 3.02949572275731, 
-4.45535799661577, -4.59931084153134, 10.6635648837507, -8.30131615505265, 
6.07835501741706, -2.73606292333429, 4.40253541074088, -5.02999112238089, 
11.176455661187, 7.58837141920688), .Names = c("x1", "x2", "x3", 
"x4", "x5", "x6", "x7", "", "", "", "", "", "", "", "", "", "", 
"", "", "", "", "", "", "", "", "", "")), rank = 7L, fitted.values = structure(c(50.4067411837102, 
61.7339754319261, 61.2187785721416, 73.4457141228825, 55.721570986287, 
67.1559038381136, 69.5869200510274, 77.7266493129884, 58.2331505534836, 
58.5719212609608, 55.860424318734, 59.0009216457173, 69.1085357919417, 
76.4335609859431, 85.8099136551489, 76.0811976577206, 62.6946044468011, 
67.0213093603656, 55.9927269206633, 45.3600496433965, 63.1141547369161, 
58.379003664414, 68.1435004349254, 76.8983246076665, 56.2066907734701, 
78.1839249544542, 75.9098310882005), .Names = c("1", "2", "4", 
"5", "6", "7", "8", "9", "10", "11", "12", "13", "14", "15", 
"16", "17", "18", "19", "20", "21", "23", "25", "26", "27", "28", 
"29", "30")), assign = 1:7, qr = structure(list(qr = structure(c(-5.19615242270663, 
0.192450089729875, 0.192450089729875, 0.192450089729875, 0.192450089729875, 
0.192450089729875, 0.192450089729875, 0.192450089729875, 0.192450089729875, 
0.192450089729875, 0.192450089729875, 0.192450089729875, 0.192450089729875, 
0.192450089729875, 0.192450089729875, 0.192450089729875, 0.192450089729875, 
0.192450089729875, 0.192450089729875, 0.192450089729875, 0.192450089729875, 
0.192450089729875, 0.192450089729875, 0.192450089729875, 0.192450089729875, 
0.192450089729875, 0.192450089729875, -352.183664205672, 64.6889995800419, 
0.0319993232125807, -0.199879359366827, 0.155667953921598, -0.0298349921419281, 
-0.153503622850946, -0.261713674721336, 0.0629164808898351, 0.186585111598853, 
0.0783750597284623, 0.0474579020512079, -0.277172253559963, -0.1844207805282, 
-0.385382305430354, -0.308089411237218, 0.0783750597284623, -0.0762107286578097, 
0.109292217405717, 0.387546636501006, -0.0143764133033009, 0.171126532760225, 
-0.1844207805282, -0.153503622850946, 0.124750796244344, -0.308089411237218, 
-0.261713674721336, -275.588528493181, 34.8470719420076, 52.7318171508579, 
-0.00302588873069625, -0.0902646576236263, 0.157257799394405, 
0.0820635886736593, -0.268189587627373, 0.0429785122827351, -0.185249401711592, 
-0.00451385976124781, -0.17502347479897, -0.467227691914387, 
0.0253372704040889, 0.225532685492643, -0.0877847059060403, -0.345863750065704, 
0.110096087579433, -0.421884611358978, 0.069688370272463, -0.0419456350071147, 
0.0329179154846191, -0.202229323132215, -0.0696474736838769, 
0.0236839692590316, -0.220531885468885, 0.357618544597464, -289.060034774273, 
42.7395352490623, 7.58598380241519, -43.6128567367463, -0.082562417843346, 
0.083462585487816, -0.0755820515145921, 0.00542536610869037, 
-0.065835650466478, 0.242456890713533, -0.247261274047552, -0.252524263626296, 
-0.566053919392197, 0.270177073640488, 0.134034117241475, 0.0552691144573855, 
0.488135826620449, 0.0503456045159889, 0.0156421294048419, -0.0516331758695666, 
-0.0921261415763596, 0.0561839639606067, 0.00378419612822483, 
0.320048159909756, -0.0586438059743317, 0.0661086535406638, -0.0129195773925251, 
-336.210306758092, 34.3214802614943, 2.22433458214142, -15.0478369131155, 
37.1521272902704, -0.0374601498146478, -0.0653487120640131, 0.138130185142434, 
-0.0383945646106891, 0.129786979720916, -0.0243578643669359, 
0.158865371339088, 0.325217087068073, -0.137242779638185, 0.456474543060338, 
-0.0669189733086741, 0.446674051791264, -0.234794352486996, 0.0259014783272711, 
0.166045712013644, 0.0218094808812521, -0.200514755944425, -0.411294858343322, 
-0.148102529415978, 0.207769606822958, 0.0285686891143607, 0.142034990875549, 
-378.741776588394, 8.66195700924412, 6.13040265854266, -9.40492706479497, 
-2.5931207099259, 52.7908931783735, -0.0915570498001466, -0.0942847495956839, 
-0.261611982438978, -0.0291941526014026, 0.118677583971317, -0.129588783995247, 
0.0361102604372841, 0.107708667883597, 0.182354086492446, 0.0277590669534058, 
-0.162037518331078, -0.0821990099563164, -0.0153991949018194, 
0.373919874414152, -0.0225806875850941, 0.393866711915105, 0.116367936210889, 
0.634913770390488, -0.0453786000797155, 0.23799334393986, -0.177623370385083, 
-221.317603189357, 16.3019301952679, 12.7879695700635, -22.8872802742183, 
23.7775235457291, 6.79246972473129, 37.8932389143835, 0.475672919339459, 
0.103082454790806, 0.329571457370429, -0.143074574998333, 0.337365800896498, 
-0.0428366800946116, 0.180169740071032, -0.131792264741218, -0.315963281345724, 
-0.275330247079485, 0.120576498616964, -0.0628174365785642, -0.193008544599343, 
0.123275868536257, 0.214917133177557, -0.350257318936898, -0.0315758291877724, 
-0.0870150505988104, -0.183299758581774, -0.0330354508232168), .Dim = c(27L, 
7L), .Dimnames = list(c("1", "2", "4", "5", "6", "7", "8", "9", 
"10", "11", "12", "13", "14", "15", "16", "17", "18", "19", "20", 
"21", "23", "25", "26", "27", "28", "29", "30"), c("x1", "x2", 
"x3", "x4", "x5", "x6", "x7")), assign = 1:7), qraux = c(1.19245008972988, 
1.01654074437395, 1.06210772519193, 1.1105858676205, 1.1217415644853, 
1.0037731215626, 1.09919043343431), pivot = 1:7, tol = 1e-07, 
    rank = 7L), .Names = c("qr", "qraux", "pivot", "tol", "rank"
), class = "qr"), df.residual = 20L, xlevels = structure(list(), .Names = character(0)), 
    call = quote(lm(formula = y ~ . + 0, data = structure(list(y = c(43, 
        63, 61, 81, 43, 58, 71, 72, 67, 64, 67, 69, 68, 77, 81, 
        74, 65, 65, 50, 50, 53, 63, 66, 78, 48, 85, 82), x1 = c(1, 
        1, 1, 1, 1, 1, 1, 1, 1, 1, 1, 1, 1, 1, 1, 1, 1, 1, 1, 
        1, 1, 1, 1, 1, 1, 1, 1), x2 = c(51, 64, 63, 78, 55, 67, 
        75, 82, 61, 53, 60, 62, 83, 77, 90, 85, 60, 70, 58, 40, 
        66, 54, 77, 75, 57, 85, 82), x3 = c(30, 51, 45, 56, 49, 
        42, 50, 72, 45, 53, 47, 57, 83, 54, 50, 64, 65, 46, 68, 
        33, 52, 42, 66, 58, 44, 71, 39), x4 = c(39, 54, 47, 66, 
        44, 56, 55, 67, 47, 58, 39, 42, 45, 72, 72, 69, 75, 57, 
        54, 34, 50, 48, 63, 74, 45, 71, 59), x5 = c(61, 63, 54, 
        71, 54, 66, 70, 71, 62, 58, 59, 55, 59, 79, 60, 79, 55, 
        75, 64, 43, 63, 66, 88, 80, 51, 77, 64), x6 = c(80, 76, 
        68, 86, 63, 74, 78, 83, 86, 80, 63, 77, 67, 75, 64, 77, 
        92, 80, 79, 49, 74, 54, 74, 49, 73, 67, 80), x7 = c(45, 
        47, 35, 47, 34, 35, 41, 31, 41, 34, 41, 25, 35, 46, 36, 
        63, 60, 46, 52, 33, 37, 33, 72, 49, 38, 55, 39)), .Names = c("y", 
        "x1", "x2", "x3", "x4", "x5", "x6", "x7"),