
expected <- structure(list(coefficients = structure(c(1.76130196585961, 0.645979200671059, 
-0.099108538277802, 0.386001407133742, 0.0160236455434475, 0.0871615127452227, 
-0.115639024249279), .Names = c("x1", "x2", "x3", "x4", "x5", 
"x6", "x7")), residuals = structure(c(-7.07498452684193, 2.07939063174845, 
2.86755545654021, -0.229370116628927, 3.90281828215487, -8.07986180160013, 
-6.40407107483287, 3.24862941044542, -5.32463950275425, 8.00471088504094, 
8.16040232628913, 13.4325941834685, -0.0980700863472783, 0.301062702853582, 
-2.82709783040612, -2.80375256842859, -2.7021514266917, -5.53244709693965, 
10.8412307484352, -0.501163748540192, -8.86845761976862, -2.66845324958839, 
-4.37217814060192, 3.4890237324772, -8.07268872327353, 7.91720654042658, 
2.53196999645143), .Names = c("1", "2", "3", "4", "5", "6", "7", 
"8", "9", "10", "11", "12", "14", "15", "16", "17", "19", "20", 
"21", "22", "23", "24", "26", "27", "28", "29", "30")), effects = structure(c(-290.57135286558, 
-175.914030887495, 0.312156913032083, 17.0266679151359, 0.589554487530853, 
5.25180207848502, -3.66751213649715, 5.63578700244379, -5.45394502588373, 
10.4548369942464, 8.82938181091181, 15.2420154036413, -1.25645318920952, 
3.13342506363491, -5.51868731325492, -4.33949181515785, 0.499058909524408, 
-5.60360563429673, 10.0690762472815, 1.71605437457956, -8.00093174845586, 
-6.26348435609287, 0.907439127361325, 4.74979539802155, -9.29460317605583, 
6.40276187141129, 5.03884935447384), .Names = c("x1", "x2", "x3", 
"x4", "x5", "x6", "x7", "", "", "", "", "", "", "", "", "", "", 
"", "", "", "", "", "", "", "", "", "")), rank = 7L, fitted.values = structure(c(50.0749845268419, 
60.9206093682515, 68.1324445434598, 61.2293701166289, 77.0971817178451, 
51.0798618016001, 64.4040710748329, 67.7513705895546, 77.3246395027543, 
58.9952891149591, 55.8395976737109, 53.5674058165315, 68.0980700863473, 
76.6989372971464, 83.8270978304061, 76.8037525684286, 67.7021514266917, 
55.5324470969396, 39.1587692515648, 64.5011637485402, 61.8684576197686, 
42.6684532495884, 70.3721781406019, 74.5109762675228, 56.0726887232735, 
77.0827934595734, 79.4680300035486), .Names = c("1", "2", "3", 
"4", "5", "6", "7", "8", "9", "10", "11", "12", "14", "15", "16", 
"17", "19", "20", "21", "22", "23", "24", "26", "27", "28", "29", 
"30")), assign = 1:7, qr = structure(list(qr = structure(c(-6.00006560698931, 
0.175167180017001, -0.0136100468454679, 0.256532846115323, 0.364095906367041, 
0.209955840325566, 0.0693387444899543, 0.0847058269991835, 0.079560623223554, 
0.253899257968853, 0.154231281908848, 0.166404736053208, 0.163539737728371, 
0.176041069699145, 0.127476256972932, 0.0698340239742301, 0.16553984452055, 
0.203452953144093, 0.0960329625670901, 0.28659428897534, 0.130927964578857, 
0.0415051588409255, 0.297741310235427, 0.0787808084343999, 0.244632462334835, 
0.0455663046861608, 0.404497118134848, -302.847234926989, -190.083014225568, 
0.390903177769273, -0.0953593564932512, -0.195399045338984, -0.0599561032195693, 
0.237118760745526, 0.253639432328549, 0.299025519162069, -0.101499576633746, 
0.0222310821930871, 0.0388041314432201, 0.164570391634303, 0.112206779434316, 
0.261395191603017, 0.330990232704074, 0.0928516441668265, -0.0333546769136836, 
0.0506644090186171, -0.155894274048067, 0.129391964305672, 0.125599695256275, 
-0.0902658151904661, 0.26349688106263, -0.107125853357369, 0.37136441822934, 
-0.241571072291323, -230.084292730683, -154.751376740449, -53.9558118793258, 
0.00791001087538841, 0.0411360601904922, 0.179101333024952, -0.214164038093601, 
-0.18043974052936, 0.116656528857691, 0.0372233152016766, 0.252799654886845, 
0.0406573291251651, 0.352190543303905, -0.0859140073477289, -0.387391011077765, 
-0.0832468514549618, -0.132306226396865, 0.481413855998169, 0.0496431135004106, 
0.18527988857897, 0.0210790770330102, 0.232074986867287, 0.204685386292774, 
-0.0354903696787105, 0.075075037808345, 0.0328904348281847, -0.312875700470408, 
-246.86138413608, -162.390692981694, -12.7676647943099, 46.3001791685984, 
-0.0934990173264328, 0.0648795370503582, -0.0688302038757951, 
0.109205801710569, 0.0975855621004159, 0.0403144251597372, -0.224975015352344, 
0.229234101532915, 0.650443937546006, -0.218995237511379, -0.074550073936293, 
0.0367140328159406, -0.0395662383123295, 0.0243624075178589, 
-0.00553982678051786, -0.238860465101726, 0.109592066421298, 
-0.488408621607819, 0.0413140909148831, -0.242793894073344, 0.027073355044428, 
0.0477476937232803, -0.0201454018133425, -288.858658166931, -179.237236047797, 
-18.3103702931559, 28.2874107325521, 36.7728371182042, 0.0800480173706261, 
-0.123756481060256, -0.169914362450372, 0.187318495240569, -0.0363424957544633, 
0.224957074440052, -0.19344683054871, 0.196588242894109, 0.0493401275257179, 
0.54354590075888, -0.0302897355542624, -0.228296557270933, 0.120537748458593, 
-0.0676709991475626, 0.232982150551146, -0.0601591765795661, 
0.227280460786944, -0.206479189021703, -0.0109357932665851, 0.19419098833109, 
0.0805656993833398, 0.334072168528076, -338.884800789819, -182.629022711228, 
-28.1681906514553, 19.4498910753794, 43.3013328241965, 57.480267965743, 
-0.000659031241871373, 0.204158469383067, -0.0856373794862603, 
0.0395318781197072, -0.0172028273827052, 0.0870150823136838, 
0.165829371726385, 0.146789889010027, -0.0148093975217372, 0.0864293450857543, 
0.0412250855790159, 0.135966618564425, -0.213001147839066, 0.033247510986872, 
-0.0712095213374377, -0.216967537366278, 0.71207035461922, 0.0491110714053353, 
-0.268090406421444, 0.118940635655826, 0.0750148539090273, -192.680574015901, 
-112.520421786654, -22.8434375978882, 25.8893205447144, 32.6350911158179, 
-2.09042726847117, 31.7151771238678, 0.136853113205704, 0.452802126742004, 
0.057354448012294, 0.226963490449229, -0.0374919968829315, -0.00849381099787068, 
0.246227883369684, -0.100491854260016, -0.367675594990779, 0.179843797528875, 
-0.19240441976887, -0.0918118387984792, 0.189470821185431, 0.156465445961769, 
-0.364796045343515, -0.297341579510576, 0.18580867062982, -0.123300503897369, 
-0.169767528689746, 0.0223959502680432), .Dim = c(27L, 7L), .Dimnames = list(
    c("1", "2", "3", "4", "5", "6", "7", "8", "9", "10", "11", 
    "12", "14", "15", "16", "17", "19", "20", "21", "22", "23", 
    "24", "26", "27", "28", "29", "30"), c("x1", "x2", "x3", 
    "x4", "x5", "x6", "x7")), assign = 1:7), qraux = c(1.11891651614888, 
1.04526949764459, 1.17504753294264, 1.06527773451255, 1.32891597739169, 
1.40609002879597, 1.27447704348173), pivot = 1:7, tol = 1e-07, 
    rank = 7L), .Names = c("qr", "qraux", "pivot", "tol", "rank"
), class = "qr"), df.residual = 20L, xlevels = structure(list(), .Names = character(0)), 
    call = quote(lm(formula = y ~ . + 0, data = structure(list(y = c(43, 
        63, 71, 61, 81, 43, 58, 71, 72, 67, 64, 67, 68, 77, 81, 
        74, 65, 50, 50, 64, 53, 40, 66, 78, 48, 85, 82), x1 = c(0.713506898647887, 
        1.05101457229331, -0.0816611739870052, 1.53921390703963, 
        2.18459932543848, 1.25974881652397, 0.416037016045994, 
        0.508240519289387, 0.477368959074281, 1.52341220537902, 
        0.925397810103153, 0.998439333632985, 0.981249155720053, 
        1.05625796771945, 0.764865905171018, 0.419008725445445, 
        0.993249927694108, 1.22073106680028, 0.576204075836089, 
        1.71958453644049, 0.785576377262714, 0.249033676074065, 
        1.78646739532352, 0.472690019178056, 1.46781082360835, 
        0.273400817585029, 2.42700924664719), x2 = c(51, 64, 
        70, 63, 78, 55, 67, 75, 82, 61, 53, 60, 83, 77, 90, 85, 
        70, 58, 40, 61, 66, 37, 77, 75, 57, 85, 82), x3 = c(30, 
        51, 68, 45, 56, 49, 42, 50, 72, 45, 53, 47, 83, 54, 50, 
        64, 46, 68, 33, 52, 52, 42, 66, 58, 44, 71, 39), x4 = c(39, 
        54, 69, 47, 66, 44, 56, 55, 67, 47, 58, 39, 45, 72, 72, 
        69, 57, 54, 34, 62, 50, 58, 63, 74, 45, 71, 59),