
expected <- structure(list(coefficients = structure(c(13.8911674129337, -0.0492887131293065, 
0.128893410240464, 0.493002984950087, 0.546450946517583, 0.0618173595593296, 
-0.473761286993867), .Names = c("x1", "x2", "x3", "x4", "x5", 
"x6", "x7")), residuals = structure(c(-7.25054885387028, 3.0360419987275, 
-6.9204029910745, 2.67971507242606, 10.1265112310712, -11.6319403403874, 
-8.50959248591516, -9.0089669096282, 7.59509951300314, -2.23526886511627, 
14.1295016922298, 9.14005991558911, 4.8483222051366, -2.62542338006479, 
9.10477078404498, 2.24851506651138, 3.22269792320135, -10.9868982766104, 
6.08312596794294, -4.55720766451046, -11.1290819817648, -12.9183957323464, 
-2.32589666483809, -1.08176960778947, -6.08293148733962, 9.36646332484329, 
15.6835005465286), .Names = c("1", "2", "3", "4", "5", "6", "7", 
"9", "10", "11", "12", "13", "14", "15", "16", "17", "18", "20", 
"21", "22", "23", "24", "25", "27", "28", "29", "30")), effects = structure(c(-334.285805860793, 
-4.31835229010861, -28.511644801084, 30.9354837619579, 18.2672469982736, 
-2.61265563097443, -17.1323645044831, -6.5325700503145, 9.98135277987712, 
0.280745097968757, 15.6207292551768, 11.577031181492, 5.44886177253067, 
4.12583487727999, 12.4194226400815, 7.13911217327391, -4.4508900003836, 
-10.5932872808953, 5.35674780462336, -4.08952198048633, -8.27464213238265, 
-13.8792389051644, 3.6434451491127, 3.4094038874119, -7.80977880187011, 
14.3701120448453, 18.0587628466405), .Names = c("x1", "x2", "x3", 
"x4", "x5", "x6", "x7", "", "", "", "", "", "", "", "", "", "", 
"", "", "", "", "", "", "", "", "", "")), rank = 7L, fitted.values = structure(c(50.2505488538703, 
59.9639580012725, 77.9204029910745, 58.3202849275739, 70.8734887689288, 
54.6319403403874, 66.5095924859152, 81.0089669096282, 59.4049004869969, 
66.2352688651163, 52.8704983077701, 59.8599400844109, 63.1516777948634, 
79.6254233800648, 71.895229215955, 71.7514849334886, 61.7773020767986, 
60.9868982766104, 43.9168740320571, 68.5572076645105, 64.1290819817648, 
52.9183957323464, 65.3258966648381, 79.0817696077895, 54.0829314873396, 
75.6335366751567, 66.3164994534714), .Names = c("1", "2", "3", 
"4", "5", "6", "7", "9", "10", "11", "12", "13", "14", "15", 
"16", "17", "18", "20", "21", "22", "23", "24", "25", "27", "28", 
"29", "30")), assign = 1:7, qr = structure(list(qr = structure(c(-5.19615242270663, 
0.192450089729875, 0.192450089729875, 0.192450089729875, 0.192450089729875, 
0.192450089729875, 0.192450089729875, 0.192450089729875, 0.192450089729875, 
0.192450089729875, 0.192450089729875, 0.192450089729875, 0.192450089729875, 
0.192450089729875, 0.192450089729875, 0.192450089729875, 0.192450089729875, 
0.192450089729875, 0.192450089729875, 0.192450089729875, 0.192450089729875, 
0.192450089729875, 0.192450089729875, 0.192450089729875, 0.192450089729875, 
0.192450089729875, 0.192450089729875, -359.304317525677, -69.1621819161846, 
-0.209846451909901, -0.267681527223856, 0.252834150601739, 0.0359526181744079, 
0.151622768802318, 0.252834150601739, -0.209846451909901, -0.22430522073839, 
0.0359526181744079, 0.180540306459296, 0.137163999973829, -0.209846451909901, 
-0.166470145424435, -0.282140296052345, 0.137163999973829, -0.036341225968036, 
-0.22430522073839, 0.180540306459296, -0.180928914252924, -0.282140296052345, 
-0.253222758395368, 0.151622768802318, -0.267681527223856, -0.166470145424435, 
-0.166470145424435, -275.588528493181, -14.3120391003774, -62.5310202999458, 
-0.00477924889041468, 0.0461160281222673, -0.0137378222611397, 
-0.153463908827997, 0.301989032005012, -0.018670072574493, 0.112739135287899, 
-0.0457219477464828, 0.0794716204700367, 0.505683369542555, 0.125258492109551, 
0.0508721233758059, 0.302542649141364, 0.217826240174468, 0.307474899454717, 
-0.207102119565532, -0.000488693243320922, 0.0863289547821685, 
-0.0492827311974097, -0.0562281430394488, 0.102409095054747, 
-0.0207713116330862, 0.386705440971908, -0.125040566793581, -291.754336030491, 
-1.35055611057215, -31.1768883769801, 54.5305880834686, -0.193264510405824, 
0.164433404076063, -0.141316745578608, -0.0474969434446769, 0.0979163478852142, 
-0.0200156189920236, 0.235611824164305, 0.265795714573815, 0.482662995606373, 
-0.268232371208485, -0.314469036322261, -0.101967539407972, -0.252106084497688, 
0.184609494526595, 0.214971963445677, -0.152254008261484, 0.111224223680807, 
-0.125891503497608, 0.0540183509529389, -0.307300813754396, 0.131283312861785, 
-0.0807417131413933, -0.188893532277255, -328.319853079167, -5.51253949335048, 
-21.6039835519009, 26.0820455390832, 34.9096086714634, 0.105816690587074, 
-0.0622872657365139, 0.0758792724871444, -0.107131158647561, 
0.207380237940585, -0.123346014376291, 0.0826244150485112, 0.0986369835561016, 
-0.167740424658385, 0.366454739348194, -0.187491615304985, 0.62936354324664, 
0.0356435509599086, 0.190087580598999, 0.0681643173443215, -0.0628545245889624, 
0.395811596775656, -0.21899376200366, -0.124777011035259, 0.168671018495489, 
-0.0667497483347232, 0.00920969973001417, -387.979380895428, 
-7.92822490762135, -6.9223925402549, 2.50881507090631, 22.1708509404156, 
45.2480159438031, 0.188912703094619, -0.0575767126328431, -0.0260564522238481, 
0.164936303649531, 0.136813335072563, 0.348913646173472, 0.164552264159907, 
0.0648125461656208, 0.351007904568976, 0.086199437546937, -0.25036354841841, 
0.0717289603485966, 0.176466790966752, -0.0839300809006481, -0.0115544667878726, 
0.257555004617316, 0.10913199827966, 0.0426218365813368, -0.197530026688906, 
0.183947399319102, -0.0790604951104929, -217.276151305029, 3.61844077681847, 
-15.0960666647915, 21.8589108351157, 4.60080894527406, 11.4187643660062, 
36.1624408216049, 0.486467196685206, -0.0236518010661567, 0.211612988956485, 
-0.166464955016092, 0.22479060190077, 0.0176607975490941, 0.151279997700033, 
0.270951672585289, -0.366808359253463, -0.248725467035729, -0.29346809025507, 
-0.0679972450820289, 0.161475468634651, 0.112394037472587, -0.252110678125602, 
0.196055093325729, 0.0951800205339963, 0.0310189139855515, -0.16595377724177, 
0.188596384581998), .Dim = c(27L, 7L), .Dimnames = list(c("1", 
"2", "3", "4", "5", "6", "7", "9", "10", "11", "12", "13", "14", 
"15", "16", "17", "18", "20", "21", "22", "23", "24", "25", "27", 
"28", "29", "30"), c("x1", "x2", "x3", "x4", "x5", "x6", "x7"
)), assign = 1:7), qraux = c(1.19245008972988, 1.06487015583139, 
1.34914737050695, 1.10486326855699, 1.00696823406472, 1.60450707746506, 
1.20533333310751), pivot = 1:7, tol = 1e-07, rank = 7L), .Names = c("qr", 
"qraux", "pivot", "tol", "rank"), class = "qr"), df.residual = 20L, 
    xlevels = structure(list(), .Names = character(0)), call = quote(lm(formula = y ~ 
        . + 0, data = structure(list(y = c(43, 63, 71, 61, 81, 
        43, 58, 72, 67, 64, 67, 69, 68, 77, 81, 74, 65, 50, 50, 
        64, 53, 40, 63, 78, 48, 85, 82), x1 = c(1, 1, 1, 1, 1, 
        1, 1, 1, 1, 1, 1, 1, 1, 1, 1, 1, 1, 1, 1, 1, 1, 1, 1, 
        1, 1, 1, 1), x2 = c(90, 77, 58, 54, 90, 75, 83, 90, 58, 
        57, 75, 85, 82, 58, 61, 53, 82, 70, 57, 85, 60, 53, 55, 
        83, 54, 61, 61), x3 = c(30, 51, 68, 45, 56, 49, 42, 72, 
        45, 53, 47, 57, 83, 54, 50, 64, 65, 68, 33, 52, 52, 42, 
        42, 58, 44, 71, 39), x4 = c(39, 54, 69, 47, 66, 44, 56, 
        67, 47, 58, 39, 42, 45, 72, 72, 69, 75, 54, 34, 62, 50, 
        58, 48, 74, 45, 71, 59), x5 = c(61, 63, 76, 54, 71, 54, 
        66, 71, 62, 58, 59, 55, 59, 79, 60, 79, 55, 64, 43, 66, 
        63, 50, 66, 80, 51, 77, 64), x6 = c(92, 73, 86, 84, 83, 
        49, 68, 83, 80, 67, 74, 63, 77, 77, 54, 79, 80, 78, 64, 
        80, 80, 57, 75, 78, 83, 74, 78), x7 = c(45, 47, 48, 35, 
        47, 34, 35, 31, 41, 34, 41, 25, 35, 46, 36, 63, 60, 52, 
        33, 41, 37, 49, 33, 49, 38, 55, 39)), .Names = c("y", 
        "x1", "x2", "x3", "x4", "x5", "x6", "x7"),