
expected <- structure(list(coefficients = structure(c(51.4467587242732, -0.384020005043248, 
0.211454600131516, 0.204557372000645, 0.606107404020737, -0.10904894584658, 
-0.368865950805081), .Names = c("x1", "x2", "x3", "x4", "x5", 
"x6", "x7")), residuals = structure(c(-7.37987473949712, -8.33549766818138, 
5.10952803080342, 8.30221389628737, -8.09171718811814, -11.5713765439912, 
4.50447228957393, 0.565087850512118, 4.58148867469246, -2.39946753375194, 
13.8714270781958, 6.54614493455172, -7.75052006410939, 7.40681381585074, 
2.68586521690838, 1.57187511922628, 5.58719872675416, -8.40625587235071, 
-4.23942370719104, -14.7459968646009, -5.565627775491, 2.00305324210833, 
0.70838043303354, -2.40365374883344, 0.154208554086073, 7.59251071913816, 
9.69914312439379), .Names = c("1", "3", "4", "5", "6", "7", "8", 
"9", "10", "11", "12", "13", "15", "16", "17", "18", "19", "20", 
"22", "23", "24", "25", "26", "27", "28", "29", "30")), effects = structure(c(-338.327257745121, 
-37.5578625707178, 24.4087565270916, -10.7276752538449, 16.831997683304, 
-8.74267593424809, -15.0183558606458, -4.31210824270251, 8.60630784113363, 
0.946664926525587, 18.5097314073518, 14.2230007227159, -5.11373386650138, 
10.2898479386584, 6.12576865746407, 5.72838859718112, -1.57813584396626, 
-3.26293667108446, -4.69461429925718, -9.85897886343024, -5.94596535102615, 
0.0975870055733887, 3.97311699934827, -2.41203399613888, -1.56228224639374, 
13.4195979990956, 11.9665363214626), .Names = c("x1", "x2", "x3", 
"x4", "x5", "x6", "x7", "", "", "", "", "", "", "", "", "", "", 
"", "", "", "", "", "", "", "", "", "")), rank = 7L, fitted.values = structure(c(50.3798747394971, 
79.3354976681814, 55.8904719691966, 72.6977861037126, 51.0917171881181, 
69.5713765439912, 66.4955277104261, 71.4349121494879, 62.4185113253075, 
66.3994675337519, 53.1285729218042, 62.4538550654483, 84.7505200641094, 
73.5931861841493, 71.3141347830916, 63.4281248807737, 59.4128012732458, 
58.4062558723507, 68.239423707191, 67.7459968646009, 45.565627775491, 
60.9969467578917, 65.2916195669665, 80.4036537488334, 47.8457914459139, 
77.4074892808618, 72.3008568756062), .Names = c("1", "3", "4", 
"5", "6", "7", "8", "9", "10", "11", "12", "13", "15", "16", 
"17", "18", "19", "20", "22", "23", "24", "25", "26", "27", "28", 
"29", "30")), assign = 1:7, qr = structure(list(qr = structure(c(-5.19615242270663, 
0.192450089729875, 0.192450089729875, 0.192450089729875, 0.192450089729875, 
0.192450089729875, 0.192450089729875, 0.192450089729875, 0.192450089729875, 
0.192450089729875, 0.192450089729875, 0.192450089729875, 0.192450089729875, 
0.192450089729875, 0.192450089729875, 0.192450089729875, 0.192450089729875, 
0.192450089729875, 0.192450089729875, 0.192450089729875, 0.192450089729875, 
0.192450089729875, 0.192450089729875, 0.192450089729875, 0.192450089729875, 
0.192450089729875, 0.192450089729875, -337.172557206741, 70.6021718268402, 
-0.0109118156038751, 0.159054627205156, -0.350844701221937, 0.116563016502898, 
-0.0675672965402187, -0.237533739349249, 0.116563016502898, 0.0599075355665545, 
-0.138386647710648, -0.0675672965402187, 0.357348810482358, 0.173218497439242, 
0.0457436653324686, 0.201546237907413, -0.280025350051507, -0.16671438817882, 
0.0740714058006404, 0.159054627205156, -0.280025350051507, -0.138386647710648, 
-0.237533739349249, 0.173218497439242, -0.180878258412906, 0.116563016502898, 
0.357348810482358, -274.626278044532, -2.71159426814778, 55.0459323105019, 
-0.0723728064101599, -0.111326283890105, 0.168116912580807, -0.0372040395070711, 
-0.49224359968594, 0.113616972729163, -0.0501739784086031, -0.00577632240548954, 
-0.164370565827573, 0.028562710524443, 0.0412415178431398, -0.254621535747976, 
-0.222029292315054, -0.0337541212883991, -0.39650479046702, -0.0273928872413761, 
0.000293780058698333, 0.0389124651804591, 0.0850569106805832, 
-0.383243719982653, -0.104091655094577, 0.0348802837961169, -0.358715839318415, 
0.301062409782661, -299.837239799146, -27.8162673763854, 34.0331847423053, 
-37.1433336572148, -0.0720282444123297, 0.0998746484279327, 0.0336435836615787, 
0.0448190892548711, -0.199003059713226, -0.0193905759321394, 
-0.297641868683585, -0.448355883133745, 0.158468421188855, 0.345452585609017, 
0.0779057068490474, 0.126193107051139, 0.29163526218828, -0.272650715658383, 
0.0985770327784882, -0.275981898691667, 0.393988826267178, 0.0389512557344774, 
0.0502744119852279, 0.248436383551577, -0.0537892785331513, -0.0431579147108447, 
0.09133853343948, -341.406459180799, -10.9046063168868, 24.5476076089957, 
-14.4540316413423, 40.8804980484484, -0.0746341334143244, -0.112307000203489, 
0.157527049314394, -0.0359941486127004, 0.230372739393487, -0.0144706395173162, 
0.190760918037319, -0.152396631835164, 0.28434076693423, -0.09145643916644, 
0.555685900238495, -0.243386480854617, 0.173817743254514, 0.0633588805844274, 
0.0232437407348987, 0.344941373171883, -0.142743875213274, -0.344211311360304, 
-0.121322419886406, 0.213598635219099, 0.0311925268479975, -0.028063603571028, 
-390.481232061917, -11.9763391645993, 3.63546608369994, 8.06815992404381, 
19.2503370305354, 46.0335466114334, 0.315397860295192, -0.352660788523549, 
0.0520767321834584, 0.0770706062335434, 0.0771673331103525, 0.189170563174203, 
0.252237241919053, 0.32364275319202, 0.0412520847850632, -0.4334835775977, 
-0.100000615098259, -0.191230145838948, -0.0811783652628574, 
0.0234322818712732, 0.0408796160513516, 0.124006725488634, 0.197157213673872, 
0.122258479965105, -0.336552039890961, 0.087233296784953, 0.15538002239029, 
-225.743955253144, -3.04051081025044, 23.5173261993327, -17.6508224264503, 
15.8505980039186, 10.0924636566932, 40.7149421839208, 0.689677028555683, 
-0.078686321113652, 0.127693758675673, -0.0888274861188946, 0.223802687153154, 
0.0379633922617789, 0.0655844801727265, -0.213035096334495, -0.308416288271486, 
0.207497898153481, -0.0768822616277922, 0.130552193558416, 0.0560693618158427, 
-0.238962779685182, 0.230140518230696, -0.309868408171889, 0.0973059130950161, 
0.0628135294757639, -0.0590392867496283, -0.0522552222793394), .Dim = c(27L, 
7L), .Dimnames = list(c("1", "3", "4", "5", "6", "7", "8", "9", 
"10", "11", "12", "13", "15", "16", "17", "18", "19", "20", "22", 
"23", "24", "25", "26", "27", "28", "29", "30"), c("x1", "x2", 
"x3", "x4", "x5", "x6", "x7")), assign = 1:7), qraux = c(1.19245008972988, 
1.20154623790741, 1.07208697177905, 1.07935097315595, 1.17567088095363, 
1.31335205529346, 1.05246773147104), pivot = 1:7, tol = 1e-07, 
    rank = 7L), .Names = c("qr", "qraux", "pivot", "tol", "rank"
), class = "qr"), df.residual = 20L, xlevels = structure(list(), .Names = character(0)), 
    call = quote(lm(formula = y ~ . + 0, data = structure(list(y = c(43, 
        71, 61, 81, 43, 58, 71, 72, 67, 64, 67, 69, 77, 81, 74, 
        65, 65, 50, 64, 53, 40, 63, 66, 78, 48, 85, 82), x1 = c(1, 
        1, 1, 1, 1, 1, 1, 1, 1, 1, 1, 1, 1, 1, 1, 1, 1, 1, 1, 
        1, 1, 1, 1, 1, 1, 1, 1), x2 = c(67, 51, 66, 54, 90, 57, 
        70, 82, 57, 61, 75, 70, 40, 53, 62, 51, 85, 77, 60, 54, 
        85, 75, 82, 53, 78, 57, 40), x3 = c(30, 68, 45, 56, 49, 
        42, 50, 72, 45, 53, 47, 57, 54, 50, 64, 65, 46, 68, 52, 
        52, 42, 42, 66, 58, 44, 71, 39), x4 = c(39, 69, 47, 66, 
        44, 56, 55, 67, 47, 58, 39, 42, 72, 72, 69, 75, 57, 54, 
        62, 50, 58, 48, 63, 74, 45, 71, 59), x5 = c(61, 76, 54, 
        71, 54, 66, 70, 71, 62, 58, 59, 55, 79, 60, 79, 55, 75, 
        64, 66, 63, 50, 66, 88, 80, 51, 77, 64), x6 = c(92, 86, 
        84, 83, 49, 68, 66, 83, 80, 67, 74, 63, 77, 54, 79, 80, 
        85, 78, 80, 80, 57, 75, 76, 78, 83, 74, 78), x7 = c(45, 
        48, 35, 47, 34, 35, 41, 31, 41, 34, 41, 25, 46, 36, 63, 
        60, 46, 52, 41, 37, 49, 33, 72, 49, 38, 55, 39)), .Names = c("y", 
        "x1", "x2", "x3", "x4", "x5", "x6", "x7"),