
expected <- structure(list(coefficients = structure(c(-3.40900055512782, 
-0.315360561614084, 0.0967912128190344, 0.184295113810574, 0.0886157360487187, 
0.535974376323923, 0.643322283007177), .Names = c("x1", "x2", 
"x3", "x4", "x5", "x6", "x7")), residuals = structure(c(-20.127955540902, 
-10.5720121398527, -0.727769523108353, 1.27819233013782, 9.92273682180389, 
-0.861772585522893, 0.580225965561355, -8.69668871158011, 16.0536980381951, 
-6.72340922757102, 8.15882408808087, 9.68644659518022, 8.91071478578708, 
9.55638366472371, 9.36645865174554, 18.9095535964446, 7.67529974377078, 
-7.59284793160459, -1.18268639073021, -7.21637282743553, -18.585779215629, 
-1.36935771618241, -14.3474604216072, -5.77183135608647, -2.72144988854956, 
2.36755913800981, 12.3122879689021), .Names = c("1", "2", "3", 
"4", "5", "6", "7", "8", "9", "10", "11", "12", "13", "14", "15", 
"16", "17", "18", "19", "20", "21", "22", "23", "24", "25", "26", 
"30")), effects = structure(c(-206.413379535009, -242.055809294724, 
59.3854644707638, 53.4700556437498, 37.0851990223943, -36.0087609971679, 
32.5297461680175, -10.7863408981455, 12.6690854218987, -3.74575368555802, 
10.9875498431793, 13.1243641236811, 16.1251530953554, 13.854948001881, 
15.5928422636305, 22.6838864197081, 9.57684835403926, -0.10431376387056, 
0.686402086255711, 0.171630753656048, -11.7414426832679, 6.66299252775395, 
-11.4451892791218, -10.5438054367692, -0.0693851907945255, 2.75504587499902, 
19.4143865185125), .Names = c("x1", "x2", "x3", "x4", "x5", "x6", 
"x7", "", "", "", "", "", "", "", "", "", "", "", "", "", "", 
"", "", "", "", "", "")), rank = 7L, fitted.values = structure(c(63.127955540902, 
73.5720121398527, 71.7277695231083, 59.7218076698622, 71.0772631781961, 
43.8617725855229, 57.4197740344386, 79.6966887115801, 55.9463019618049, 
73.723409227571, 55.8411759119191, 57.3135534048198, 60.0892852142129, 
58.4436163352763, 67.6335413482545, 62.0904464035554, 66.3247002562292, 
72.5928479316046, 66.1826863907302, 57.2163728274355, 68.585779215629, 
65.3693577161824, 67.3474604216072, 45.7718313560865, 65.7214498885496, 
63.6324408619902, 69.6877120310979), .Names = c("1", "2", "3", 
"4", "5", "6", "7", "8", "9", "10", "11", "12", "13", "14", "15", 
"16", "17", "18", "19", "20", "21", "22", "23", "24", "25", "26", 
"30")), assign = 1:7, qr = structure(list(qr = structure(c(-7.73644187847211, 
-0.0585265264629482, -0.0954141889912111, 0.113608157778433, 
0.1616439798507, 0.162989453361198, 0.060327808251614, -0.182506003614512, 
0.0813416590849612, 0.0946673090300295, 0.035763242207464, 0.385258630610451, 
0.155981990640605, 0.32098594011818, 0.178979677180284, -0.0419146898721738, 
0.0585520007474735, 0.341434400553514, 0.0724977187404781, 0.385069176501182, 
0.307115443322769, 0.28809733345362, 0.0181049143769627, -0.0142750827463393, 
0.282903432580312, 0.0135772635645742, 0.0786048094773915, -229.060672172919, 
-258.596613403368, 0.292716416251299, 0.141515742837593, 0.0470333781931302, 
0.184899682045416, 0.160039684771163, 0.453358289586, 0.235683029837015, 
0.125670000227936, 0.200093949266921, -0.0955702655655895, 0.114572770853864, 
-0.0621772939420715, -0.024455930219602, 0.24690394542893, 0.18115218651064, 
-0.144516154853619, 0.256135823836706, -0.087646591595986, 0.00971079475834942, 
-0.05632896548917, 0.190698611761783, 0.342984896957436, 0.00687490072717854, 
0.303506988965801, 0.076007165073415, -180.224096198515, -196.826813441744, 
82.398304957064, 0.312364737075382, 0.0282232007715247, 0.374481203519211, 
-0.111155361708468, 0.13053716083995, 0.0529602077532776, -0.276682437363037, 
0.240350020510318, 0.079749308751727, 0.308936803180484, -0.221424149613724, 
-0.270259718391097, -0.0335230267881328, 0.0880701729101381, 
-0.311299068950851, 0.281050892453599, -0.0445658241080854, 0.293229018064181, 
0.0270789488781667, 0.0606467807024514, 0.0336559391528167, 0.0785976527597985, 
0.0439949461317719, -0.211177844949267, -169.797526167292, -211.085767150695, 
37.6228054714759, 78.0200200097777, -0.409406021091719, 0.365153056502452, 
-0.0347808422562056, 0.112688865745241, 0.185350107959189, 0.0425417426941971, 
-0.288863477294154, -0.147676094883128, 0.0729845098423554, -0.0498670662421764, 
-0.0220259972910117, 0.0376917234955912, 0.251132310358203, -0.159706318081164, 
-0.0333814401539424, 0.228303394339621, -0.093486797405945, -0.0115596110374125, 
-0.069266929267149, 0.527011814839297, 0.219142493532861, 0.214633609030777, 
0.078804899929747, -224.500743269328, -255.632538931568, 50.1371769797956, 
47.4575285194266, 58.7491938859103, 0.372507875433351, 0.150268836938072, 
0.282212685695284, 0.414383711227789, -0.00430397530079591, 0.00951025021045978, 
0.194507845585012, -0.29632149280009, 0.0345100372025732, -0.165782556046188, 
-0.142819511399884, 0.056946960132009, -0.0974833025872861, 0.0870142378515213, 
-0.211470337471745, -0.11911575655018, -0.242030692126835, 0.024414170955561, 
0.365473981540822, 0.170891164673696, 0.114851218227702, -0.297860454128845, 
-268.196329141969, -267.833239039353, 35.4230102700944, 47.8393754371524, 
45.4727192612429, -62.4333356840529, 0.0343645171235458, 0.318824618676482, 
-0.296202507736902, -0.146110066742651, -0.244424471859152, -0.130291973039508, 
-0.119565612775722, -0.131662040437487, 0.158938292892623, 0.224803198757612, 
0.18330047058738, 0.246240824512761, -0.263095373904996, -0.105257208050576, 
-0.326438747776883, -0.0562218671750659, 0.257969606545978, -0.127670667317303, 
0.226149481204717, 0.0394949685136053, 0.368866616910887, -144.011791209788, 
-154.58656545631, 32.7169837901669, 14.3709990875376, 11.6689314460513, 
-3.95772524804198, 50.5652408244883, -0.300110827578847, -0.144949820547793, 
-0.39645562356291, 0.130549304124468, 0.0491891580616935, -0.0317102086656012, 
0.187624430075848, -0.348809324854096, 0.164571159042131, -0.459700408813485, 
-0.0755776603227573, 0.0448037923126149, 0.141031728336537, -0.168024194752385, 
-0.219476084855579, -0.121486710308129, 0.0983385203757982, -0.288670561290562, 
0.241511747865888, -0.203413643609074), .Dim = c(27L, 7L), .Dimnames = list(
    c("1", "2", "3", "4", "5", "6", "7", "8", "9", "10", "11", 
    "12", "13", "14", "15", "16", "17", "18", "19", "20", "21", 
    "22", "23", "24", "25", "26", "30"), c("x1", "x2", "x3", 
    "x4", "x5", "x6", "x7")), assign = 1:7), qraux = c(1.14386907525904, 
1.21325903683689, 1.20000910767807, 1.02197933898788, 1.0969077552549, 
1.21924575708669, 1.0672483295636), pivot = 1:7, tol = 1e-07, 
    rank = 7L), .Names = c("qr", "qraux", "pivot", "tol", "rank"
), class = "qr"), df.residual = 20L, xlevels = structure(list(), .Names = character(0)), 
    call = quote(lm(formula = y ~ . + 0, data = structure(list(y = c(43, 
        63, 71, 61, 81, 43, 58, 71, 72, 67, 64, 67, 69, 68, 77, 
        81, 74, 65, 65, 50, 50, 64, 53, 40, 63, 66, 82), x1 = c(1.11303473885111, 
        -0.452787070329459, -0.738166327512058, 0.878922909573136, 
        1.25054925511986, 1.26095843273285, 0.466722582194222, 
        -1.41194708943589, 0.629295017809295, 0.732388134102181, 
        0.276680244723766, 2.98053100389751, 1.20674560467942, 
        2.48328906953103, 1.38466586993297, -0.324270562050256, 
        0.452984150651084, 2.64148739519323, 0.560874387357527, 
        2.97906530319251, 2.3759807772478, 2.22884827560673, 
        0.140067617792086, -0.110438347977434, 2.18866596337784, 
        0.105039710436025, 0.608121539890213), x2 = c(67, 40, 
        51, 66, 54, 90, 57, 70, 82, 57, 61, 75, 70, 67, 40, 53, 
        62, 51, 85, 77, 82, 60, 54, 85, 75, 82, 40), x3 = c(58, 
        66, 30, 30, 42, 45, 58, 54, 66, 71, 33, 52, 33, 71, 54, 
        50, 46, 64, 50, 64, 42, 45, 42, 72, 54, 68, 51), x4 = c(59, 
        74, 57, 47, 75, 39, 57, 62, 58, 54, 72, 63, 45, 59, 39, 
        50, 34, 54, 72, 39, 63, 44, 54, 39, 39, 59, 34),