
expected <- structure(list(coefficients = structure(c(61.3267968747793, -0.397176188686086, 
0.172719585853972, 0.174487896528855, 0.637859627240587, -0.128295462744312, 
-0.476255469580081), .Names = c("x1", "x2", "x3", "x4", "x5", 
"x6", "x7")), residuals = structure(c(-9.37736633115138, -9.10637528400494, 
-8.43906728477982, 2.91485951305086, 7.67671627950258, -10.6869232779434, 
2.58652361852799, -0.760439220760703, 2.58174776345463, 11.925189265583, 
3.20874967951986, 0.0103008569306122, -8.93414383353847, 5.3260075414477, 
3.95293405695229, 3.37250912415639, 4.51566200301687, -7.96219422775588, 
6.10869192275107, -5.60451772836009, -6.18496341718193, -0.928369558487316, 
2.75862223096172, -2.89150527284897, -1.58328101608673, 8.2332384036053, 
7.28739419343877), .Names = c("1", "2", "3", "4", "5", "6", "8", 
"9", "10", "12", "13", "14", "15", "16", "17", "18", "19", "20", 
"21", "22", "24", "25", "26", "27", "28", "29", "30")), effects = structure(c(-339.4819582835, 
-40.3859670379347, -22.6622644142711, 12.7278154735239, 16.580073771015, 
-8.91212156348023, -19.6654731128607, -3.89208674913412, 4.68388150686636, 
14.5243863888409, 4.80120792770679, 2.73754491884764, -4.28341250455556, 
6.41052100949316, 10.0421323364792, 2.35862001250269, 4.79942628996344, 
-5.30904603607913, 4.76117517846598, -5.68476830572334, -6.80032652795508, 
-0.339772889231986, 12.695963945671, 0.78904041371881, -5.19178179114319, 
13.9863075050564, 8.65764426272611), .Names = c("x1", "x2", "x3", 
"x4", "x5", "x6", "x7", "", "", "", "", "", "", "", "", "", "", 
"", "", "", "", "", "", "", "", "", "")), rank = 7L, fitted.values = structure(c(52.3773663311514, 
72.1063752840049, 79.4390672847798, 58.0851404869491, 73.3232837204974, 
53.6869232779434, 68.413476381472, 72.7604392207607, 64.4182522365454, 
55.074810734417, 65.7912503204801, 67.9896991430694, 85.9341438335385, 
75.6739924585523, 70.0470659430477, 61.6274908758436, 60.4843379969831, 
57.9621942277559, 43.8913080772489, 69.6045177283601, 46.1849634171819, 
63.9283695584873, 63.2413777690383, 80.891505272849, 49.5832810160867, 
76.7667615963947, 74.7126058065612), .Names = c("1", "2", "3", 
"4", "5", "6", "8", "9", "10", "12", "13", "14", "15", "16", 
"17", "18", "19", "20", "21", "22", "24", "25", "26", "27", "28", 
"29", "30")), assign = 1:7, qr = structure(list(qr = structure(c(-5.19615242270663, 
0.192450089729875, 0.192450089729875, 0.192450089729875, 0.192450089729875, 
0.192450089729875, 0.192450089729875, 0.192450089729875, 0.192450089729875, 
0.192450089729875, 0.192450089729875, 0.192450089729875, 0.192450089729875, 
0.192450089729875, 0.192450089729875, 0.192450089729875, 0.192450089729875, 
0.192450089729875, 0.192450089729875, 0.192450089729875, 0.192450089729875, 
0.192450089729875, 0.192450089729875, 0.192450089729875, 0.192450089729875, 
0.192450089729875, 0.192450089729875, -340.444208732149, 75.4635060194048, 
0.195559632743098, -0.00321194296586624, 0.155805317601305, -0.321246464100209, 
-0.0562176964882567, -0.215234957055428, 0.116051002459512, -0.122474888391245, 
-0.0562176964882567, -0.0164633813464639, 0.341325454929672, 
0.169056755981903, 0.0497938105565242, 0.195559632743098, -0.254989272197221, 
-0.14897776515244, -0.215234957055428, 0.0762966873177195, -0.254989272197221, 
-0.122474888391245, -0.215234957055428, 0.169056755981903, -0.162229203533038, 
0.116051002459512, 0.341325454929672, -278.475279839129, -7.00068581706835, 
-64.5097583053077, -0.0738694354094476, 0.081549036568855, 0.018333419309813, 
0.00867100682307347, 0.364803048548755, -0.0851932098517166, 
-0.0315425995305736, 0.117181721851191, 0.516446929046301, 0.0329312148887205, 
-0.0127183449012123, 0.215626859597292, 0.217288221552822, -0.0344621586463551, 
0.296505939874284, -0.239756649465044, 0.0270920966571575, -0.0964682815195653, 
-0.109050253122086, 0.271793864238939, 0.111293900845208, -0.0742726002047249, 
0.317846588824149, -0.199591745885818, -293.87128701752, -31.5487300201184, 
-28.216635934334, 46.466824265637, -0.13071043200894, 0.0573201194500675, 
-0.0504677067282246, -0.154286554348872, 0.147560761838033, 0.233423900943909, 
0.301096404268498, 0.521002501478855, -0.197268877252054, -0.315438864490399, 
-0.160695168746848, -0.214287068507722, -0.223547538392401, 0.114128405983239, 
0.155898980651408, -0.12125815511409, -0.286093763196502, -0.0115445410673486, 
-0.129741874066803, -0.276429336691812, 0.055727822184178, -0.102271055733628, 
-0.0713449851896677, -337.172557206741, -15.2185407890952, -23.9690489584715, 
23.8711192638617, 41.3366307291028, 0.138466206926246, -0.111539277241218, 
0.127545327873649, -0.0758244077646383, -0.0897095560322594, 
0.0715236801424338, 0.0858953274571597, -0.109264993972759, 0.36153551228511, 
-0.0908740296810012, 0.56556113238938, -0.187378752830155, 0.0788591461261867, 
0.194872074225983, 0.0807485393555661, 0.421877833916083, -0.134982370632945, 
-0.361099737991041, -0.0700751149709753, 0.192510398316157, -0.00142930836325459, 
0.0142749103841403, -390.288781972187, -13.4310689897568, -5.39756367384993, 
-3.09254887749591, 20.0398576901287, 45.6287146876337, 0.280296126134337, 
-0.138750915838466, 0.00542022365471256, 0.136673537204112, 0.378820549934255, 
0.202053046007486, 0.0700748594255513, 0.360257133295438, 0.0255161242989603, 
-0.20422557863043, -0.182702885721387, 0.0354595333445946, 0.18837293961545, 
-0.0819963544749673, 0.202931771135351, 0.0641976761278532, 0.161941354825885, 
0.0118346407316647, -0.204540139052667, 0.148221537354519, -0.0172696352666083, 
-227.476006060713, -8.9962542783835, -16.7970805392551, 23.1037056339213, 
15.1512617543465, 6.42126903214041, 41.2918577716282, 0.47156717305498, 
-0.00258734776061534, -0.107228870211589, 0.195687706443649, 
-0.0222134205688172, 0.209387887005088, 0.228833061772999, -0.225208480463075, 
-0.336115322545853, 0.145536803802261, -0.236303014078456, -0.0888616961749343, 
0.158564557568801, -0.231442665058447, 0.256633669805652, -0.40371770900884, 
0.173809744229087, -0.00921149327053247, -0.0773222089094322, 
0.166839823178378), .Dim = c(27L, 7L), .Dimnames = list(c("1", 
"2", "3", "4", "5", "6", "8", "9", "10", "12", "13", "14", "15", 
"16", "17", "18", "19", "20", "21", "22", "24", "25", "26", "27", 
"28", "29", "30"), c("x1", "x2", "x3", "x4", "x5", "x6", "x7"
)), assign = 1:7), qraux = c(1.19245008972988, 1.34132545492967, 
1.26379281370773, 1.09415303599343, 1.02162121424231, 1.55630046873412, 
1.10416176543884), pivot = 1:7, tol = 1e-07, rank = 7L), .Names = c("qr", 
"qraux", "pivot", "tol", "rank"), class = "qr"), df.residual = 20L, 
    xlevels = structure(list(), .Names = character(0)), call = quote(lm(formula = y ~ 
        . + 0, data = structure(list(y = c(43, 63, 71, 61, 81, 
        43, 71, 72, 67, 67, 69, 68, 77, 81, 74, 65, 65, 50, 50, 
        64, 40, 63, 66, 78, 48, 85, 82), x1 = c(1, 1, 1, 1, 1, 
        1, 1, 1, 1, 1, 1, 1, 1, 1, 1, 1, 1, 1, 1, 1, 1, 1, 1, 
        1, 1, 1, 1), x2 = c(67, 40, 51, 66, 54, 90, 70, 82, 57, 
        75, 70, 67, 40, 53, 62, 51, 85, 77, 82, 60, 85, 75, 82, 
        53, 78, 57, 40), x3 = c(30, 51, 68, 45, 56, 49, 50, 72, 
        45, 47, 57, 83, 54, 50, 64, 65, 46, 68, 33, 52, 42, 42, 
        66, 58, 44, 71, 39), x4 = c(39, 54, 69, 47, 66, 44, 55, 
        67, 47, 39, 42, 45, 72, 72, 69, 75, 57, 54, 34, 62, 58, 
        48, 63, 74, 45, 71, 59), x5 = c(61, 63, 76, 54, 71, 54, 
        70, 71, 62, 59, 55, 59, 79, 60, 79, 55, 75, 64, 43, 66, 
        50, 66, 88, 80, 51, 77, 64), x6 = c(92, 73, 86, 84, 83, 
        49, 66, 83, 80, 74, 63, 77, 77, 54, 79, 80, 85, 78, 64, 
        80, 57, 75, 76, 78, 83, 74, 78), x7 = c(45, 47, 48, 35, 
        47, 34, 41, 31, 41, 41, 25, 35, 46, 36, 63, 60, 46, 52, 
        33, 41, 49, 33, 72, 49, 38, 55, 39)), .Names = c("y", 
        "x1", "x2", "x3", "x4", "x5", "x6", "x7"),