
expected <- structure(list(coefficients = structure(c(11.397422114827, 0.641703038393986, 
-0.00414030013106946, 0.352119108321758, 0.0299003791103397, 
-0.0231054176414776, -0.21754243802326), .Names = c("x1", "x2", 
"x3", "x4", "x5", "x6", "x7")), residuals = structure(c(-4.58356408336991, 
1.74121187571294, 0.717713458795363, 0.752221821867288, 6.54449268252346, 
-11.9888016984759, -8.67903113714364, 0.666485040048271, -8.86753848813962, 
5.61568956147091, 12.5059286625489, 8.49296397297358, -4.66399874762454, 
0.4574015935767, 2.13423480494528, -1.39406055303767, -6.23523099470979, 
8.60759735720194, 0.657553283651298, -10.0438967212535, -4.87889879845703, 
7.20257397586499, -1.99307067203297, 2.78176900946774, -6.95339719671061, 
5.63668374264537, 5.76696824766124), .Names = c("1", "2", "3", 
"4", "5", "6", "7", "8", "9", "11", "12", "13", "14", "15", "18", 
"19", "20", "21", "22", "23", "24", "25", "26", "27", "28", "29", 
"30")), effects = structure(c(-330.436804066196, -51.0689079508119, 
-0.903303613548336, 12.220822802524, -3.24538563717831, -1.60148395528199, 
-8.09687965158952, 3.9541980098498, -8.19807231685483, 8.46888687097409, 
12.9203925129443, 12.3334758902963, -6.26845740900629, 2.93089265869076, 
-2.76036656340895, -0.889112101887354, -5.82715151291034, 9.98860354044652, 
1.43926612843415, -10.615039721747, -2.1986182030692, 11.8941116761518, 
-0.171466358389715, 3.57936657190272, -8.87793021349483, 5.55887277743401, 
4.73398244947379), .Names = c("x1", "x2", "x3", "x4", "x5", "x6", 
"x7", "", "", "", "", "", "", "", "", "", "", "", "", "", "", 
"", "", "", "", "", "")), rank = 7L, fitted.values = structure(c(47.5835640833699, 
61.2587881242871, 70.2822865412046, 60.2477781781327, 74.4555073174765, 
54.9888016984759, 66.6790311371436, 70.3335149599517, 80.8675384881396, 
58.3843104385291, 54.4940713374511, 60.5070360270264, 72.6639987476245, 
76.5425984064233, 62.8657651950547, 66.3940605530377, 56.2352309947098, 
41.3924026427981, 63.3424467163487, 63.0438967212535, 44.878898798457, 
55.797426024135, 67.993070672033, 75.2182309905323, 54.9533971967106, 
79.3633162573546, 76.2330317523388), .Names = c("1", "2", "3", 
"4", "5", "6", "7", "8", "9", "11", "12", "13", "14", "15", "18", 
"19", "20", "21", "22", "23", "24", "25", "26", "27", "28", "29", 
"30")), assign = 1:7, qr = structure(list(qr = structure(c(-5.19615242270663, 
0.192450089729875, 0.192450089729875, 0.192450089729875, 0.192450089729875, 
0.192450089729875, 0.192450089729875, 0.192450089729875, 0.192450089729875, 
0.192450089729875, 0.192450089729875, 0.192450089729875, 0.192450089729875, 
0.192450089729875, 0.192450089729875, 0.192450089729875, 0.192450089729875, 
0.192450089729875, 0.192450089729875, 0.192450089729875, 0.192450089729875, 
0.192450089729875, 0.192450089729875, 0.192450089729875, 0.192450089729875, 
0.192450089729875, 0.192450089729875, -339.09705810404, -64.6156729066964, 
0.108983611697181, 0.000650761707243416, 0.232792583114252, -0.123158209709828, 
0.062555247415779, 0.18636421883285, 0.294697068822788, -0.154110452564096, 
-0.0457776025741583, -0.0148253597198905, 0.310173190249921, 
0.217316461687118, -0.0457776025741583, 0.108983611697181, -0.0767298454284261, 
-0.355300031116836, -0.0303014811470244, 0.0470791259886451, 
-0.401728395398238, -0.138634331136962, 0.217316461687118, 0.18636421883285, 
-0.09220596685556, 0.341125433104189, 0.294697068822788, -277.51302939048, 
7.22505594774159, 43.7757591033042, 0.15719620251251, -0.0659313825871251, 
-0.3344904772031, -0.0424124703288345, -0.00759964979183957, 
-0.0142594328802315, -0.0747802900699122, -0.309877002747612, 
0.00150513409246962, -0.0641616010905677, 0.0525018645000034, 
0.169840549389934, -0.306337439754497, 0.132582728057022, -0.225581356898118, 
-0.10849854840971, -0.472227854256044, 0.175405770281129, 0.035223392432267, 
-0.0388729073357197, -0.487317201929386, 0.0682664314727045, 
-0.0497474727165863, 0.0771153389554915, -289.252484864003, -31.3907329613699, 
-9.37810194171669, 49.1596693247497, -0.138439205523918, -0.0220200883705454, 
-0.0367179902971351, 0.0769422628661464, -0.0993466000026771, 
-0.230062822800305, 0.139077894474546, 0.214230302560892, 0.33961196260502, 
-0.226377126677213, -0.414375571614626, -0.125332454241898, -0.0211718056970064, 
0.0713678275079257, -0.243662552179468, -0.0849581114789027, 
-0.297463476364111, 0.0244112511110009, -0.0773676801016207, 
-0.488407565604476, 0.127883532052167, -0.163818057769765, 0.097455880831122, 
-334.478255950523, -38.7894653829049, 2.219995392223, 18.9285839319956, 
32.1006853882067, 0.128709218156748, 0.0272292828151743, -0.0365800838014898, 
0.194797375713807, 0.170085504419977, -0.0588411081936518, 0.090884912746914, 
0.236699849417314, -0.0351966545614258, 0.570817868678323, -0.170430186991837, 
-0.0578918508611936, 0.145062266054466, 0.0704052094054843, 0.0744524148253849, 
0.22198998095478, -0.24270132992952, -0.445754942612578, 0.0192652906444423, 
0.202990449204462, 0.106758745574135, 0.27339576681824, -390.673682151647, 
-18.1024765522868, -12.6610170219127, 0.644437836792282, 9.27929920320743, 
42.2321248682881, 0.231996053051629, 0.345048918145101, -0.0647072406842969, 
0.148228885223124, -0.0252719841381373, 0.350396646827686, 0.0835787900040956, 
0.0992787833224777, -0.0913479226049449, -0.238803326466364, 
0.0304736668706865, 0.120181002143354, -0.123260141109624, -0.229974820365292, 
0.394487461513175, 0.069982231100266, 0.145848064662114, -0.162441269710707, 
-0.139885292785164, 0.155888057306266, 0.0907289280946118, -220.932703009897, 
-10.2044959173061, -10.2105745037538, 25.9274374553152, 18.3449549096733, 
2.87618856347586, 37.2197706579154, 0.0472009222233311, 0.417229570457529, 
0.249396184516468, -0.143394695056791, 0.229368334095605, -0.0886904782547035, 
0.208528035854639, -0.360688166061109, 0.0685767441635303, -0.188811792323572, 
-0.0764021093130711, 0.179705254201157, 0.0818430530863455, -0.160590067486692, 
0.318874349010839, -0.441101800092884, 0.156491092623715, -0.0738433468456729, 
-0.143269385594435, 0.0195677074723925), .Dim = c(27L, 7L), .Dimnames = list(
    c("1", "2", "3", "4", "5", "6", "7", "8", "9", "11", "12", 
    "13", "14", "15", "18", "19", "20", "21", "22", "23", "24", 
    "25", "26", "27", "28", "29", "30"), c("x1", "x2", "x3", 
    "x4", "x5", "x6", "x7")), assign = 1:7), qraux = c(1.19245008972988, 
1.01612688313438, 1.19622380534198, 1.1806099333139, 1.14531814040217, 
1.50159703756194, 1.22090946906509), pivot = 1:7, tol = 1e-07, 
    rank = 7L), .Names = c("qr", "qraux", "pivot", "tol", "rank"
), class = "qr"), df.residual = 20L, xlevels = structure(list(), .Names = character(0)), 
    call = quote(lm(formula = y ~ . + 0, data = structure(list(y = c(43, 
        63, 71, 61, 81, 43, 58, 71, 72, 64, 67, 69, 68, 77, 65, 
        65, 50, 50, 64, 53, 40, 63, 66, 78, 48, 85, 82), x1 = c(1, 
        1, 1, 1, 1, 1, 1, 1, 1, 1, 1, 1, 1, 1, 1, 1, 1, 1, 1, 
        1, 1, 1, 1, 1, 1, 1, 1), x2 = c(51, 64, 70, 63, 78, 55, 
        67, 75, 82, 53, 60, 62, 83, 77, 60, 70, 58, 40, 61, 66, 
        37, 54, 77, 75, 57, 85, 82), x3 = c(44, 47, 42, 45, 52, 
        68, 53, 50, 49, 57, 66, 52, 51, 47, 45, 64, 47, 66, 57, 
        72, 49, 52, 51, 71, 50, 50, 45), x4 = c(39, 54, 69, 47, 
        66, 44, 56, 55, 67, 58, 39, 42, 45, 72, 75, 57, 54, 34, 
        62, 50, 58, 48, 63, 74, 45, 71, 59), x5 = c(61, 63, 76, 
        54, 71, 54, 66, 70, 71, 58, 59, 55, 59, 79, 55, 75, 64, 
        43, 66, 63, 50, 66, 88, 80, 51, 77, 64), x6 = c(92, 73, 
        86, 84, 83, 49, 68, 66, 83, 67, 74, 63, 77, 77, 80, 85, 
        78, 64, 80, 80, 57, 75, 76, 78, 83, 74, 78), x7 = c(45, 
        47, 48, 35, 47, 34, 35, 41, 31, 34, 41, 25, 35, 46, 60, 
        46, 52, 33, 41, 37, 49, 33, 72, 49, 38, 55, 39)), .Names = c("y", 
        "x1", "x2", "x3", "x4", "x5", "x6", "x7"),