
expected <- structure(list(coefficients = structure(c(9.09540163703594, 0.548940862800815, 
0.0706217554518743, 0.362732119712581, 0.034611042170134, 0.011667660635119, 
-0.189040849994035), .Names = c("x1", "x2", "x3", "x4", "x5", 
"x6", "x7")), residuals = structure(c(-6.02315564962816, 1.71831123963196, 
0.862285363941071, 6.93368000289794, -13.0629644776727, -8.39169114417012, 
1.81051559204548, -7.43760390156683, 7.02802885293759, 4.38504482181079, 
11.0057745410195, 9.05053586836868, -2.90617977176614, 1.26341370113826, 
-2.76663826392053, -1.28458366988716, 1.09068945061247, -2.6084854226496, 
-7.13578867893869, 5.95637887671979, -11.6662680178024, 6.2572634609591, 
-2.13925386230717, 1.4617529036466, -7.78909065996062, 6.82834636828064, 
7.55968247626013), .Names = c("1", "2", "4", "5", "6", "7", "8", 
"9", "10", "11", "12", "13", "14", "15", "16", "17", "18", "19", 
"20", "21", "23", "25", "26", "27", "28", "29", "30")), effects = structure(c(-339.4819582835, 
47.9679701362602, 3.10385132944454, -12.0144069306707, -3.31700192837899, 
-0.643126859491133, 7.08218121382123, -4.06704322987682, 8.22385285515194, 
5.92800034503263, 13.3049309941557, 14.8918511024886, 3.0084528447342, 
1.39794679619679, 4.55511242430947, -2.37519998555891, -2.28190984356569, 
-2.87053608409411, -8.75564885564383, 8.63862058605802, -9.35407853953003, 
7.2840058063327, -5.54025686731847, 0.941732136214576, -6.54282565725093, 
7.55840080585628, 11.2789021902798), .Names = c("x1", "x2", "x3", 
"x4", "x5", "x6", "x7", "", "", "", "", "", "", "", "", "", "", 
"", "", "", "", "", "", "", "", "", "")), rank = 7L, fitted.values = structure(c(49.0231556496282, 
61.281688760368, 60.1377146360589, 74.0663199971021, 56.0629644776727, 
66.3916911441701, 69.1894844079545, 79.4376039015668, 59.9719711470624, 
59.6149551781892, 55.9942254589805, 59.9494641316313, 70.9061797717661, 
75.7365862988617, 83.7666382639205, 75.2845836698872, 63.9093105493875, 
67.6084854226496, 57.1357886789387, 44.0436211232802, 64.6662680178024, 
56.7427365390409, 68.1392538623072, 76.5382470963534, 55.7890906599606, 
78.1716536317194, 74.4403175237399), .Names = c("1", "2", "4", 
"5", "6", "7", "8", "9", "10", "11", "12", "13", "14", "15", 
"16", "17", "18", "19", "20", "21", "23", "25", "26", "27", "28", 
"29", "30")), assign = 1:7, qr = structure(list(qr = structure(c(-5.19615242270663, 
0.192450089729875, 0.192450089729875, 0.192450089729875, 0.192450089729875, 
0.192450089729875, 0.192450089729875, 0.192450089729875, 0.192450089729875, 
0.192450089729875, 0.192450089729875, 0.192450089729875, 0.192450089729875, 
0.192450089729875, 0.192450089729875, 0.192450089729875, 0.192450089729875, 
0.192450089729875, 0.192450089729875, 0.192450089729875, 0.192450089729875, 
0.192450089729875, 0.192450089729875, 0.192450089729875, 0.192450089729875, 
0.192450089729875, 0.192450089729875, -352.183664205672, 64.6889995800419, 
0.0319993232125807, -0.199879359366827, 0.155667953921598, -0.0298349921419281, 
-0.153503622850946, -0.261713674721336, 0.0629164808898351, 0.186585111598853, 
0.0783750597284623, 0.0474579020512079, -0.277172253559963, -0.1844207805282, 
-0.385382305430354, -0.308089411237218, 0.0783750597284623, -0.0762107286578097, 
0.109292217405717, 0.387546636501006, -0.0143764133033009, 0.171126532760225, 
-0.1844207805282, -0.153503622850946, 0.124750796244344, -0.308089411237218, 
-0.261713674721336, -279.052630108319, -16.7691228001686, 45.764900853629, 
-0.0469672061163088, -0.307685390366898, -0.0263031456381558, 
0.00832937095043049, 0.00312526215596472, -0.39642773784839, 
-0.0595965413531981, -0.283308716667533, 0.0148726006184402, 
-0.044441339068931, 0.0661518150645477, 0.037757778744551, 0.210038364913069, 
0.175558223024192, -0.278256982572778, 0.139586585562062, -0.206008958249097, 
-0.437603484104986, 0.0457925039858147, -0.0212514115434001, 
-0.450537568741295, 0.0778991535270232, -0.0303205082587876, 
0.0905284887639125, -289.060034774273, 42.7395352490623, -5.3809457325586, 
-43.9394338381108, -0.053817808168059, 0.0420505974430525, -0.0966293583976555, 
0.075561535220964, -0.0708066444832921, 0.29003103196182, -0.240101569494091, 
-0.205036973386098, -0.438859472186775, 0.260568054279935, 0.0734331795239044, 
0.0747743455575176, 0.572502509465728, 0.0252103296577353, 0.123951386125608, 
-0.0664860093226208, -0.0740636739174968, 0.046478050874021, 
0.0570178963315232, 0.342489563959302, -0.0655476543750102, 0.123803961839818, 
-0.107784507237628, -336.210306758092, 34.3214802614943, 5.09496890562369, 
-15.9439622133571, 36.4896832416953, 0.00118262682943841, -0.0541476344352893, 
0.088510642459273, 0.102371779351912, 0.118353981302917, 0.0684134800005448, 
0.121906510587513, 0.253761536585078, -0.15562977659347, 0.495791679649424, 
-0.155354550614696, 0.332540352076174, -0.123966565046053, -0.100992249365229, 
0.251495211331638, 0.161214918910493, -0.212992968791743, -0.45011049608476, 
-0.0102893448374936, 0.189447432891416, -0.00232703568888289, 
0.182162105784388, -388.749181254348, 2.79628514992061, -9.23393746158775, 
-1.81952512935435, 17.8566104002256, 44.2133470312766, 0.318566682362565, 
-0.136071855013975, -0.274531454229121, 0.138061225734628, -0.102684005756747, 
0.206968855595999, -0.205764885899824, 0.21677229496291, 0.239911687864165, 
0.211763585929938, -0.192095823451332, -0.143114633648497, 0.109027472568958, 
-0.0204165168277414, -0.319844209961834, 0.213087225828296, 0.410440931640467, 
-0.070496006194538, -0.271927201307861, 0.14037724039563, -0.0914066648219685, 
-221.317603189357, 16.3019301952679, -9.28419338859648, -23.7880002908987, 
25.3294077138702, 6.13091397034759, -37.4637609492588, -0.436325193556829, 
0.00307805349360406, -0.227838765156849, 0.142042619050297, -0.187455463461204, 
0.0705277663373556, -0.173393652269056, 0.0600825373132663, 0.347039218560061, 
0.28352595015129, -0.0809141461642031, 0.162978672590845, 0.0709406673620054, 
-0.100375872884409, -0.314156336095863, 0.513934261348858, -0.111561134949066, 
-0.0187085919990729, 0.192595897855307, -0.0354794517153028), .Dim = c(27L, 
7L), .Dimnames = list(c("1", "2", "4", "5", "6", "7", "8", "9", 
"10", "11", "12", "13", "14", "15", "16", "17", "18", "19", "20", 
"21", "23", "25", "26", "27", "28", "29", "30"), c("x1", "x2", 
"x3", "x4", "x5", "x6", "x7")), assign = 1:7), qraux = c(1.19245008972988, 
1.01654074437395, 1.16396325926143, 1.11124257895555, 1.21000678597682, 
1.21824442005898, 1.02691715676723), pivot = 1:7, tol = 1e-07, 
    rank = 7L), .Names = c("qr", "qraux", "pivot", "tol", "rank"
), class = "qr"), df.residual = 20L, xlevels = structure(list(), .Names = character(0)), 
    call = quote(lm(formula = y ~ . + 0, data = structure(list(y = c(43, 
        63, 61, 81, 43, 58, 71, 72, 67, 64, 67, 69, 68, 77, 81, 
        74, 65, 65, 50, 50, 53, 63, 66, 78, 48, 85, 82), x1 = c(1, 
        1, 1, 1, 1, 1, 1, 1, 1, 1, 1, 1, 1, 1, 1, 1, 1, 1, 1, 
        1, 1, 1, 1, 1, 1, 1, 1), x2 = c(51, 64, 63, 78, 55, 67, 
        75, 82, 61, 53, 60, 62, 83, 77, 90, 85, 60, 70, 58, 40, 
        66, 54, 77, 75, 57, 85, 82), x3 = c(44, 47, 45, 52, 68, 
        53, 50, 49, 71, 57, 66, 52, 51, 47, 46, 39, 45, 64, 47, 
        66, 72, 52, 51, 71, 50, 50, 45), x4 = c(39, 54, 47, 66, 
        44, 56, 55, 67, 47, 58, 39, 42, 45, 72, 72, 69, 75, 57, 
        54, 34, 50, 48, 63, 74, 45, 71, 59), x5 = c(61, 63, 54, 
        71, 54, 66, 70, 71, 62, 58, 59, 55, 59, 79, 60, 79, 55, 
        75, 64, 43, 63, 66, 88, 80, 51, 77, 64), x6 = c(92, 73, 
        84, 83, 49, 68, 66, 83, 80, 67, 74, 63, 77, 77, 54, 79, 
        80, 85, 78, 64, 80, 75, 76, 78, 83, 74, 78), x7 = c(45, 
        47, 35, 47, 34, 35, 41, 31, 41, 34, 41, 25, 35, 46, 36, 
        63, 60, 46, 52, 33, 37, 33, 72, 49, 38, 55, 39)), .Names = c("y", 
        "x1", "x2", "x3", "x4", "x5", "x6", "x7"),