
expected <- structure(list(coefficients = structure(c(4.56800666271207, 0.841105663967122, 
-0.101066938742666, 0.155845637807408, 0.00697119606184795, 0.0265939117755895, 
-0.0478756374517273), .Names = c("x1", "x2", "x3", "x4", "x5", 
"x6", "x7")), residuals = structure(c(-9.47461149750273, 2.61220506665146, 
0.977683010611459, 7.15020412488552, -13.6816617822092, -9.55592444661778, 
0.329852820519247, -4.67484898594277, 8.06268041501919, 8.43070519106545, 
8.50716882627369, 7.98742376005067, -5.63181338342683, 1.03987269554099, 
-0.422969408439178, -2.24223608141891, 7.23418449512946, -1.70211181798039, 
-8.04310905501647, 3.01267717316525, -9.94554435510133, 7.96668818131112, 
-6.13609357831648, 4.70395049638587, -7.35315244543439, 8.76160242774536, 
2.08717815305174), .Names = c("1", "2", "4", "5", "6", "7", "8", 
"9", "10", "11", "12", "13", "14", "15", "16", "17", "18", "19", 
"20", "21", "23", "25", "26", "27", "28", "29", "30")), effects = structure(c(-339.4819582835, 
47.9679701362602, -3.77147328366682, -8.39156539368986, -0.63628700605774, 
0.833248314114638, -1.89284560900213, -4.24963458905932, 9.89271611997628, 
8.69382622661588, 11.5989578145552, 12.017207527273, 2.55762122720152, 
-1.34580090453497, 11.8375706477446, 3.8577570716858, 11.7269747620663, 
-2.10240030557552, -7.62704564791054, 2.88928676161743, -8.00833400990493, 
6.79430630176416, -3.8182655623473, 2.96844353965112, -4.6968526184919, 
15.5466703793399, 2.45387138057858), .Names = c("x1", "x2", "x3", 
"x4", "x5", "x6", "x7", "", "", "", "", "", "", "", "", "", "", 
"", "", "", "", "", "", "", "", "", "")), rank = 7L, fitted.values = structure(c(52.4746114975027, 
60.3877949333485, 60.0223169893885, 73.8497958751145, 56.6816617822092, 
67.5559244466178, 70.6701471794808, 76.6748489859428, 58.9373195849808, 
55.5692948089346, 58.4928311737263, 61.0125762399493, 73.6318133834268, 
75.960127304459, 81.4229694084392, 76.2422360814189, 57.7658155048705, 
66.7021118179804, 58.0431090550165, 46.9873228268347, 62.9455443551013, 
55.0333118186889, 72.1360935783165, 73.2960495036141, 55.3531524454344, 
76.2383975722546, 79.9128218469483), .Names = c("1", "2", "4", 
"5", "6", "7", "8", "9", "10", "11", "12", "13", "14", "15", 
"16", "17", "18", "19", "20", "21", "23", "25", "26", "27", "28", 
"29", "30")), assign = 1:7, qr = structure(list(qr = structure(c(-5.19615242270663, 
0.192450089729875, 0.192450089729875, 0.192450089729875, 0.192450089729875, 
0.192450089729875, 0.192450089729875, 0.192450089729875, 0.192450089729875, 
0.192450089729875, 0.192450089729875, 0.192450089729875, 0.192450089729875, 
0.192450089729875, 0.192450089729875, 0.192450089729875, 0.192450089729875, 
0.192450089729875, 0.192450089729875, 0.192450089729875, 0.192450089729875, 
0.192450089729875, 0.192450089729875, 0.192450089729875, 0.192450089729875, 
0.192450089729875, 0.192450089729875, -352.183664205672, 64.6889995800419, 
0.0319993232125807, -0.199879359366827, 0.155667953921598, -0.0298349921419281, 
-0.153503622850946, -0.261713674721336, 0.0629164808898351, 0.186585111598853, 
0.0783750597284623, 0.0474579020512079, -0.277172253559963, -0.1844207805282, 
-0.385382305430354, -0.308089411237218, 0.0783750597284623, -0.0762107286578097, 
0.109292217405717, 0.387546636501006, -0.0143764133033009, 0.171126532760225, 
-0.1844207805282, -0.153503622850946, 0.124750796244344, -0.308089411237218, 
-0.261713674721336, -275.588528493181, 34.8470719420076, 52.7318171508579, 
-0.00302588873069625, -0.0902646576236263, 0.157257799394405, 
0.0820635886736593, -0.268189587627373, 0.0429785122827351, -0.185249401711592, 
-0.00451385976124781, -0.17502347479897, -0.467227691914387, 
0.0253372704040889, 0.225532685492643, -0.0877847059060403, -0.345863750065704, 
0.110096087579433, -0.421884611358978, 0.069688370272463, -0.0419456350071147, 
0.0329179154846191, -0.202229323132215, -0.0696474736838769, 
0.0236839692590316, -0.220531885468885, 0.357618544597464, -290.599635492112, 
-15.7437037372063, 13.6292676731028, -56.9932514178814, 0.194148846586462, 
0.281406171565077, -0.0223809238379046, -0.0223801523921706, 
-0.152414671511345, 0.197452854792374, -0.0893518878348996, -0.0106639185777977, 
-0.380278768296899, 0.392138866378987, -0.120866852759959, -0.175656956859232, 
-0.044091129454443, -0.0697939752546427, 0.126309116711082, 0.351829966733761, 
-0.150095971427522, -0.0110618672212797, 0.124031775942341, 0.290167252458916, 
-0.221074845352741, -0.187298779190717, 0.33329021610192, -336.210306758092, 
34.3214802614943, 2.22433458214142, -14.1321744770557, 37.5099933685175, 
0.0318458540350489, -0.0454767057837228, 0.12700149876274, -0.067971219157606, 
0.110959521898125, 0.0331749985184878, 0.244189926448504, 0.391540103040249, 
-0.0950519823334838, 0.361563825542647, -0.147834787048512, 0.25181026774611, 
-0.275141002063149, 0.0644294064449184, 0.306620489585778, 0.00190440765201403, 
-0.222643772232671, -0.365142338706707, -0.159532170635171, 0.14913660182567, 
-0.0612376361520705, 0.262436117682237, -388.749181254348, 2.79628514992061, 
1.15192001105823, 13.1953572197503, 21.7931978795347, 41.3747147150183, 
0.364467884426197, -0.232340325376363, 0.031458952661561, 0.0549818612738457, 
0.0601154605121068, 0.0964598761378366, -0.281714766548018, 0.0564675251746504, 
0.353450907308952, 0.183912213913809, -0.341319831853228, 0.119695463753967, 
-0.168513122356027, -0.0910712508800911, -0.0313572131658621, 
0.246968115129217, 0.360690980406193, 0.0965969150135416, -0.24279324189177, 
0.209694554565678, -0.234295714208305, -221.317603189357, 16.3019301952679, 
12.7879695700635, -4.97510279206934, 30.8579265876971, 5.57835285276414, 
39.5367186684601, 0.460107602494548, 0.0362062935078367, 0.182728601928092, 
-0.0286998035523452, 0.292226330078466, 0.192672948447303, 0.0950075984135837, 
-0.229142585061629, -0.317367712790302, -0.421625950041525, 0.0862099415139027, 
-0.0496626979238045, -0.0827000252215864, 0.159005521926106, 
0.309584736329067, -0.340642678537425, 0.084656145193805, -0.0236852959217933, 
-0.132335519920489, -0.105317829167985), .Dim = c(27L, 7L), .Dimnames = list(
    c("1", "2", "4", "5", "6", "7", "8", "9", "10", "11", "12", 
    "13", "14", "15", "16", "17", "18", "19", "20", "21", "23", 
    "25", "26", "27", "28", "29", "30"), c("x1", "x2", "x3", 
    "x4", "x5", "x6", "x7")), assign = 1:7), qraux = c(1.19245008972988, 
1.01654074437395, 1.06210772519193, 1.06424768234702, 1.21842346353871, 
1.16795789620017, 1.00108971601531), pivot = 1:7, tol = 1e-07, 
    rank = 7L), .Names = c("qr", "qraux", "pivot", "tol", "rank"
), class = "qr"), df.residual = 20L, xlevels = structure(list(), .Names = character(0)), 
    call = quote(lm(formula = y ~ . + 0, data = structure(list(y = c(43, 
        63, 61, 81, 43, 58, 71, 72, 67, 64, 67, 69, 68, 77, 81, 
        74, 65, 65, 50, 50, 53, 63, 66, 78, 48, 85, 82), x1 = c(1, 
        1, 1, 1, 1, 1, 1, 1, 1, 1, 1, 1, 1, 1, 1, 1, 1, 1, 1, 
        1, 1, 1, 1, 1, 1, 1, 1), x2 = c(51, 64, 63, 78, 55, 67, 
        75, 82, 61, 53, 60, 62, 83, 77, 90, 85, 60, 70, 58, 40, 
        66, 54, 77, 75, 57, 85, 82), x3 = c(30, 51, 45, 56, 49, 
        42, 50, 72, 45, 53, 47, 57, 83, 54, 50, 64, 65, 46, 68, 
        33, 52, 42, 66, 58, 44, 71, 39), x4 = c(47, 45, 39, 57, 
        69, 66, 50, 59, 45, 72, 50, 59, 44, 75, 39, 45, 62, 47, 
        74, 75, 47, 54, 66, 72, 42, 48, 62), x5 = c(61, 63, 54, 
        71, 54, 66, 70, 71, 62, 58, 59, 55, 59, 79, 60, 79, 55, 
        75, 64, 43, 63, 66, 88, 80, 51, 77, 64), x6 = c(92, 73, 
        84, 83, 49, 68, 66, 83, 80, 67, 74, 63, 77, 77, 54, 79, 
        80, 85, 78, 64, 80, 75, 76, 78, 83, 74, 78), x7 = c(45, 
        47, 35, 47, 34, 35, 41, 31, 41, 34, 41, 25, 35, 46, 36, 
        63, 60, 46, 52, 33, 37, 33, 72, 49, 38, 55, 39)), .Names = c("y", 
        "x1", "x2", "x3", "x4", "x5", "x6", "x7"),