
expected <- structure(list(coefficients = structure(c(17.7840533656338, -0.0316330462943202, 
0.188008386939701, 0.371923229181387, 0.537972888599276, 0.00925523835222706, 
-0.422445260685053), .Names = c("x1", "x2", "x3", "x4", "x5", 
"x6", "x7")), residuals = structure(c(3.26641196003972, -4.80112732493256, 
3.94097006847662, -13.1295117379144, -7.23254634035715, 5.00496723342997, 
-7.26099620650318, 8.33541166237891, -0.976351172247581, 13.1419926048652, 
7.95704451617804, 2.80114534484094, 0.339708362681193, 11.3965438079599, 
3.58028790429818, 4.71285679078067, -2.11992990096927, -11.6231847189306, 
5.38488785026048, -2.85729478837025, -10.260904572494, -12.3017766984959, 
-1.05256299298272, -2.88024541218918, 1.35476216902127, -5.2366654000157, 
10.5161069911913), .Names = c("2", "3", "4", "6", "7", "8", "9", 
"10", "11", "12", "13", "14", "15", "16", "17", "18", "19", "20", 
"21", "22", "23", "24", "25", "26", "27", "28", "29")), effects = structure(c(-333.516005501874, 
9.97197442031421, 24.0941121275932, 24.3707945319241, -16.1944657452921, 
-0.302426734083348, -17.4398245689936, 11.0031730216428, -1.81434933190221, 
15.7297767685777, 10.4858009640878, 10.8347206573087, -0.517266448891704, 
3.52914378415099, 4.16502293658438, -5.85814195294672, -0.938199705976807, 
-9.40228432502698, 4.89775682707939, -6.14315535497036, -6.64723533204367, 
-20.1084000618171, 2.72260203167084, -1.43902518503117, -2.33935704350154, 
-3.82942475431125, 10.9995625661929), .Names = c("x1", "x2", 
"x3", "x4", "x5", "x6", "x7", "", "", "", "", "", "", "", "", 
"", "", "", "", "", "", "", "", "", "", "", "")), rank = 7L, 
    fitted.values = structure(c(59.7335880399603, 75.8011273249326, 
    57.0590299315234, 56.1295117379144, 65.2325463403572, 65.99503276657, 
    79.2609962065032, 58.6645883376211, 64.9763511722476, 53.8580073951348, 
    61.042955483822, 65.1988546551591, 76.6602916373188, 69.6034561920401, 
    70.4197120957018, 60.2871432092193, 67.1199299009693, 61.6231847189306, 
    44.6151121497395, 66.8572947883703, 63.260904572494, 52.3017766984959, 
    64.0525629929827, 68.8802454121892, 76.6452378309787, 53.2366654000157, 
    74.4838930088087), .Names = c("2", "3", "4", "6", "7", "8", 
    "9", "10", "11", "12", "13", "14", "15", "16", "17", "18", 
    "19", "20", "21", "22", "23", "24", "25", "26", "27", "28", 
    "29")), assign = 1:7, qr = structure(list(qr = structure(c(-5.19615242270663, 
    0.192450089729875, 0.192450089729875, 0.192450089729875, 
    0.192450089729875, 0.192450089729875, 0.192450089729875, 
    0.192450089729875, 0.192450089729875, 0.192450089729875, 
    0.192450089729875, 0.192450089729875, 0.192450089729875, 
    0.192450089729875, 0.192450089729875, 0.192450089729875, 
    0.192450089729875, 0.192450089729875, 0.192450089729875, 
    0.192450089729875, 0.192450089729875, 0.192450089729875, 
    0.192450089729875, 0.192450089729875, 0.192450089729875, 
    0.192450089729875, 0.192450089729875, -356.610016269459, 
    63.5633250884211, 0.25141113497141, -0.0789680572874523, 
    -0.20482679719559, -0.189094454707073, -0.314953194615211, 
    0.188481765017341, 0.204214107505858, -0.0789680572874523, 
    -0.236291482172625, -0.189094454707073, 0.188481765017341, 
    0.141284737551789, 0.267143477459927, -0.189094454707073, 
    -0.0003063448448661, -0.0003063448448661, 0.204214107505858, 
    -0.236291482172625, 0.157017080040306, 0.267143477459927, 
    0.235678792482892, -0.0789680572874523, -0.20482679719559, 
    0.25141113497141, 0.141284737551789, -282.709181813187, 21.14543366327, 
    55.7439606927133, 0.0954863899191535, 0.23436421993151, 0.0891879544384104, 
    -0.292169944041177, 0.138972703738945, -0.00620356175415461, 
    0.131364716022046, -0.031397303677127, -0.502804426259319, 
    -0.0224797637240719, 0.0542657717263006, -0.210186199646181, 
    -0.179899491333285, 0.140989073665847, -0.253672513465972, 
    0.352579699274772, 0.0582985115801048, 0.0167244845418789, 
    0.184475387485639, 0.187801309648697, -0.209479381955434, 
    -0.0526623888916314, 0.150260022464275, -0.322456652354073, 
    -293.87128701752, 4.72844293682656, 27.9116139776026, 52.8322846299982, 
    -0.175709508513031, -0.0606493795151326, -0.0568998169761951, 
    0.107384057370248, -0.0046896596133389, 0.229115271741838, 
    0.25745952625712, 0.512327452504631, -0.261166374990673, 
    -0.317018678043427, -0.0725383046664503, -0.264797322650096, 
    -0.107640430746603, 0.204942115438897, 0.217033409904061, 
    -0.179233039323415, 0.1257622946884, -0.12013136387355, 0.0629179220685944, 
    -0.00423502889784039, -0.330374579528802, 0.146070305329736, 
    -0.05391900397712, -335.440506399173, 8.37834639416257, 24.3564523247216, 
    26.9574228837478, -41.1160620680829, 0.175707079199222, -0.0784104482227645, 
    0.113550001494494, -0.175264513309736, 0.140062861147912, 
    -0.049890452394856, -0.131510496798633, 0.140677033846822, 
    -0.299895664242728, 0.127728514710356, -0.539573688831144, 
    0.29022198340532, -0.0534263537214574, -0.108920692085865, 
    -0.0266854868168734, 0.0603019570112975, -0.311875038622789, 
    0.212903941536152, 0.419525047304521, 0.119252281761422, 
    -0.122003162634367, 0.0156752659597334, -382.975678562452, 
    -1.06921660986776, 17.8829831208099, 2.14560572818608, -15.8088263349171, 
    43.1064114273416, -0.228775213243984, -0.156331340308641, 
    0.170290310537803, -0.140757177272245, 0.0499504769258239, 
    -0.308833112049856, 0.138000835145864, 0.570362289489711, 
    0.0546736551100928, -0.150988007229477, -0.174537248299601, 
    -0.163451243490695, 0.0681923038144307, -0.139609775130296, 
    -0.160092793881785, 0.405096650281793, 0.00666079495978637, 
    0.0654412960905411, 0.0474462283160807, -0.284843404306458, 
    0.126424128625496, -222.664753817466, -4.14518090604857, 
    23.7564977630633, 23.2005919706322, -14.3715078712326, 1.66030231991516, 
    41.2830399392163, -0.0378303334247199, 0.224443205812716, 
    -0.149111671066057, 0.258142850952524, 0.218119418188488, 
    0.170885143321173, 0.258363459008974, -0.202947537946001, 
    -0.246383633515145, -0.0222317669382291, -0.146647801448297, 
    -0.127639353427913, 0.0902695008221057, 0.120117368073648, 
    -0.241603985698563, 0.166643216310141, -0.461337520239343, 
    0.0948552152726494, -0.0287526143042264, 0.0100483411261568
    ), .Dim = c(27L, 7L), .Dimnames = list(c("2", "3", "4", "6", 
    "7", "8", "9", "10", "11", "12", "13", "14", "15", "16", 
    "17", "18", "19", "20", "21", "22", "23", "24", "25", "26", 
    "27", "28", "29"), c("x1", "x2", "x3", "x4", "x5", "x6", 
    "x7")), assign = 1:7), qraux = c(1.19245008972988, 1.18848176501734, 
    1.13232085941283, 1.15773063149411, 1.10743278327035, 1.17788649038664, 
    1.49409680840082), pivot = 1:7, tol = 1e-07, rank = 7L), .Names = c("qr", 
    "qraux", "pivot", "tol", "rank"), class = "qr"), df.residual = 20L, 
    xlevels = structure(list(), .Names = character(0)), call = quote(lm(formula = y ~ 
        . + 0, data = structure(list(y = c(63, 71, 61, 43, 58, 
        71, 72, 67, 64, 67, 69, 68, 77, 81, 74, 65, 65, 50, 50, 
        64, 53, 40, 63, 66, 78, 48, 85), x1 = c(1, 1, 1, 1, 1, 
        1, 1, 1, 1, 1, 1, 1, 1, 1, 1, 1, 1, 1, 1, 1, 1, 1, 1, 
        1, 1, 1, 1), x2 = c(77, 58, 54, 75, 83, 82, 90, 58, 57, 
        75, 85, 82, 58, 61, 53, 82, 70, 70, 57, 85, 60, 53, 55, 
        75, 83, 54, 61), x3 = c(51, 68, 45, 49, 42, 50, 72, 45, 
        53, 47, 57, 83, 54, 50, 64, 65, 46, 68, 33, 52, 52, 42, 
        42, 66, 58, 44, 71), x4 = c(54, 69, 47, 44, 56, 55, 67, 
        47, 58, 39, 42, 45, 72, 72, 69, 75, 57, 54, 34, 62, 50, 
        58, 48, 63, 74, 45, 71), x5 = c(63, 76, 54, 54, 66, 70, 
        71, 62, 58, 59, 55, 59, 79, 60, 79, 55, 75, 64, 43, 66, 
        63, 50, 66, 88, 80, 51, 77), x6 = c(73, 86, 84, 49, 68, 
        66, 83, 80, 67, 74, 63, 77, 77, 54, 79, 80, 85, 78, 64, 
        80, 80, 57, 75, 76, 78, 83, 74),