
expected <- structure(list(coefficients = structure(c(18.3009614370032, 0.628937753509795, 
-0.100092348935166, 0.264480222029257, 0.0207911106748653, 0.0252115720846196, 
-0.198279709772976), .Names = c("x1", "x2", "x3", "x4", "x5", 
"x6", "x7")), residuals = structure(c(-9.05134163524131, 1.36302705286573, 
3.47866655302724, -0.747771677555634, 7.46615297780823, -12.5946814369987, 
-9.34488449726973, 0.69450001576241, -5.8094413154113, 7.07964490517973, 
5.84907918921394, 10.6668486227648, 8.17418301615624, -2.07280102544641, 
2.22074339903106, -3.66625549431343, -0.69606255163651, 4.06656624847653, 
-2.25312120516648, -5.26680377224152, 5.26609401981333, 1.05767401168763, 
-10.6692091706622, -5.87192705633027, 6.0548200967381, -0.204462385375423, 
4.81076311512399), .Names = c("1", "2", "3", "4", "5", "6", "7", 
"8", "9", "10", "11", "12", "13", "14", "15", "16", "17", "18", 
"19", "20", "21", "22", "23", "24", "25", "26", "30")), effects = structure(c(-332.553755053224, 
-47.3569455303206, 4.84740410534456, 8.393226700135, -3.79798831725931, 
-0.137020788031672, -7.62315641189723, 2.64592058749952, -5.65623299713399, 
6.14500844297271, 6.5369358655011, 13.0125034621145, 7.31867301898525, 
-5.69510735964996, 7.45775717745877, -0.897735279864894, -0.315794715556912, 
-2.92523898515653, 1.13589646019276, -7.60609869151624, 10.0441652692303, 
4.41134159126351, -9.24283755589619, -5.31627757014113, 15.2927856468695, 
2.21162647597441, 5.91512325086611), .Names = c("x1", "x2", "x3", 
"x4", "x5", "x6", "x7", "", "", "", "", "", "", "", "", "", "", 
"", "", "", "", "", "", "", "", "", "")), rank = 7L, fitted.values = structure(c(52.0513416352413, 
61.6369729471343, 67.5213334469728, 61.7477716775556, 73.5338470221918, 
55.5946814369987, 67.3448844972697, 70.3054999842376, 77.8094413154113, 
59.9203550948203, 58.1509208107861, 56.3331513772352, 60.8258169838438, 
70.0728010254464, 74.7792566009689, 84.6662554943134, 74.6960625516365, 
60.9334337515235, 67.2531212051665, 55.2668037722415, 44.7339059801867, 
62.9423259883124, 63.6692091706622, 45.8719270563303, 56.9451799032619, 
66.2044623853754, 77.189236884876), .Names = c("1", "2", "3", 
"4", "5", "6", "7", "8", "9", "10", "11", "12", "13", "14", "15", 
"16", "17", "18", "19", "20", "21", "22", "23", "24", "25", "26", 
"30")), assign = 1:7, qr = structure(list(qr = structure(c(-5.19615242270663, 
0.192450089729875, 0.192450089729875, 0.192450089729875, 0.192450089729875, 
0.192450089729875, 0.192450089729875, 0.192450089729875, 0.192450089729875, 
0.192450089729875, 0.192450089729875, 0.192450089729875, 0.192450089729875, 
0.192450089729875, 0.192450089729875, 0.192450089729875, 0.192450089729875, 
0.192450089729875, 0.192450089729875, 0.192450089729875, 0.192450089729875, 
0.192450089729875, 0.192450089729875, 0.192450089729875, 0.192450089729875, 
0.192450089729875, 0.192450089729875, -342.753609808908, -68.0364825881156, 
0.0948302518508885, -0.00805572540306698, 0.212414225855409, 
-0.125639699407587, 0.0507362615991933, 0.168320235603714, 0.271206212857669, 
-0.0374517189041971, -0.155035692908718, -0.0521497156547622, 
-0.022753722153632, 0.285904209608234, 0.197716229104844, 0.38879018686219, 
0.315300203109364, -0.0521497156547622, 0.0948302518508885, -0.0815457091558923, 
-0.346109650666063, -0.0374517189041971, 0.0360382648486282, 
-0.390203640917759, -0.140337696158153, 0.197716229104844, 0.271206212857669, 
-273.471577506153, -31.9186052397271, -53.7540597150277, -0.068940024584522, 
-0.00259405148006831, 0.0792274842913807, -0.161627025089866, 
-0.0865555811570526, 0.258180623295055, -0.0505013934329394, 
0.172079099712536, -0.00407558572236198, 0.163518243799986, 0.453597014460587, 
-0.0305812280390631, -0.224845314793922, 0.0816967080285368, 
0.330782843490713, -0.114871987547668, 0.405031212844475, -0.0801347191500383, 
0.0797213290388119, 0.0336247511598553, 0.114952442183873, -0.0417759226045793, 
0.192657724769653, -0.355726496928915, -288.867584684543, -31.8151748922231, 
-10.7420708495204, 46.8713246981527, -0.13207290309552, 0.133572442022195, 
-0.0936583501173797, 0.0390282479705255, -0.0104238354988438, 
0.0803242194515253, -0.149301402981008, 0.258912388977911, 0.280950787064172, 
0.545622146599228, -0.281277578713764, -0.22401796861094, -0.0913695887295397, 
-0.378185415255976, -0.0659608194573539, 0.0783902646598316, 
0.130862578649903, -0.188771043885741, 0.100465325642289, -0.335626137821619, 
-0.00934067039045085, -0.00195424574144852, -0.0798415502449372, 
-333.131105322414, -32.1902459944875, -3.50937878261533, 12.5105472128115, 
36.7100149615495, 0.105468531550408, -0.0163289196565963, -0.0743779624692305, 
0.10616874208099, -0.0442868132532681, 0.14586505507458, -0.0567084134011468, 
0.111337397184802, 0.205441270383676, -0.110224244778494, 0.487591828964769, 
-0.0793765462796747, 0.479426441905598, -0.225703681410317, -0.0115209159943874, 
0.174779033093848, 0.0241286688068917, 0.00353639775883807, 0.245564261049768, 
-0.191502340867816, -0.44201655452141, 0.166482574751288, -383.360578741911, 
-12.666406977487, -6.81778707693015, 17.1604804360289, 2.59653155394435, 
43.52611302902, 0.0866909687112803, -0.0412941855817497, -0.101535393620462, 
-0.310690672472286, -0.0918972318215536, 0.120573131349147, -0.199322952442518, 
-0.0108878594315442, 0.193670267771081, 0.522545102526721, 0.0867804415690918, 
-0.205806165784109, -0.0658197991431969, -0.179233635900051, 
0.430734334030974, 0.122322623350247, -0.0223073624336741, 0.0965668063079705, 
0.427655412900446, 0.046784345717336, 0.0307687694322799, -220.547802830437, 
-8.28150461356839, -12.875499479707, 23.6840296439762, 23.3341724624296, 
6.22546061641626, 38.4464775575146, 0.0992532130903736, 0.442135010036951, 
0.0460725339904979, 0.272163957382482, -0.144338643349346, 0.274872820199789, 
-0.0743630516058885, 0.209587244479768, -0.0144227368129736, 
-0.294553148736958, -0.340668895461688, 0.112358899899869, -0.143493909248218, 
-0.166700501770569, 0.162609996959857, 0.104188702690471, -0.175166976341086, 
0.246027914073507, -0.357444818776366, 0.0141665257160207), .Dim = c(27L, 
7L), .Dimnames = list(c("1", "2", "3", "4", "5", "6", "7", "8", 
"9", "10", "11", "12", "13", "14", "15", "16", "17", "18", "19", 
"20", "21", "22", "23", "24", "25", "26", "30"), c("x1", "x2", 
"x3", "x4", "x5", "x6", "x7")), assign = 1:7), qraux = c(1.19245008972988, 
1.0066422713475, 1.29439942593498, 1.09361073781378, 1.04916408911488, 
1.16692018011472, 1.22829193171701), pivot = 1:7, tol = 1e-07, 
    rank = 7L), .Names = c("qr", "qraux", "pivot", "tol", "rank"
), class = "qr"), df.residual = 20L, xlevels = structure(list(), .Names = character(0)), 
    call = quote(lm(formula = y ~ . + 0, data = structure(list(y = c(43, 
        63, 71, 61, 81, 43, 58, 71, 72, 67, 64, 67, 69, 68, 77, 
        81, 74, 65, 65, 50, 50, 64, 53, 40, 63, 66, 82), x1 = c(1, 
        1, 1, 1, 1, 1, 1, 1, 1, 1, 1, 1, 1, 1, 1, 1, 1, 1, 1, 
        1, 1, 1, 1, 1, 1, 1, 1), x2 = c(51, 64, 70, 63, 78, 55, 
        67, 75, 82, 61, 53, 60, 62, 83, 77, 90, 85, 60, 70, 58, 
        40, 61, 66, 37, 54, 77, 82), x3 = c(30, 51, 68, 45, 56, 
        49, 42, 50, 72, 45, 53, 47, 57, 83, 54, 50, 64, 65, 46, 
        68, 33, 52, 52, 42, 42, 66, 39), x4 = c(39, 54, 69, 47, 
        66, 44, 56, 55, 67, 47, 58, 39, 42, 45, 72, 72, 69, 75, 
        57, 54, 34, 62, 50, 58, 48, 63, 59), x5 = c(61, 63, 76, 
        54, 71, 54, 66, 70, 71, 62, 58, 59, 55, 59, 79, 60, 79, 
        55, 75, 64, 43, 66, 63, 50, 66, 88, 64), x6 = c(80, 76, 
        67, 68, 86, 63, 74, 78, 83, 86, 80, 63, 77, 67, 75, 64, 
        77, 92, 80, 79, 49, 73, 74, 73, 54, 74, 80), x7 = c(45, 
        47, 48, 35, 47, 34, 35, 41, 31, 41, 34, 41, 25, 35, 46, 
        36, 63, 60, 46, 52, 33, 41, 37, 49, 33, 72, 39)), .Names = c("y", 
        "x1", "x2", "x3", "x4", "x5", "x6", "x7"),