
expected <- structure(list(coefficients = structure(c(0.558046079831757, 
-0.0646540222675313, 0.27853441294276, 0.15367418581631, 0.17858091336247, 
-0.191928789556532), .Names = c("x1", "x2", "x3", "x4", "x5", 
"x6")), residuals = structure(c(1.84432045477199, -0.710241339579657, 
-0.920284557721033, -7.30329341303867, -7.84003627633169, 2.38539949689617, 
-7.54978513589718, 6.83231050620107, 7.34277987070663, 11.2804479717337, 
11.4835189532651, -1.58558901784871, 0.405024634724554, 1.99969215012297, 
-2.67157294668978, 3.60683977127447, -4.84181935408651, -6.79521949253558, 
8.63805111157061, -0.50782427533285, -11.2623343199557, -2.54554263342494, 
5.00891409237286, -3.52665561209471, 2.4661953270635, -8.86420343563151, 
7.88875900529013), .Names = c("2", "3", "4", "6", "7", "8", "9", 
"10", "11", "12", "13", "14", "15", "16", "17", "18", "19", "20", 
"21", "22", "23", "24", "25", "26", "27", "28", "29")), effects = structure(c(-336.110058536306, 
-4.24211185321008, 15.7890738432249, -8.0236989741941, -9.93904184668959, 
-7.45385784155336, -10.4048970547625, 9.50145334953992, 6.94329147907053, 
13.5513307648825, 10.1147981859979, -5.21677197033344, -0.527547822657094, 
-5.27201834411959, -4.30588218658724, 2.09437856748141, -2.2081181505402, 
-6.05883951334317, 11.7718478668471, 0.576759015140289, -10.0403614722893, 
-1.85879160406256, 8.09777146435693, -3.16680328420888, 1.57108560720339, 
-6.1497526538802, 4.41072522790937), .Names = c("x1", "x2", "x3", 
"x4", "x5", "x6", "", "", "", "", "", "", "", "", "", "", "", 
"", "", "", "", "", "", "", "", "", "")), rank = 6L, fitted.values = structure(c(61.155679545228, 
71.7102413395797, 61.920284557721, 50.3032934130387, 65.8400362763317, 
68.6146005031038, 79.5497851358972, 60.1676894937989, 56.6572201292934, 
55.7195520282663, 57.5164810467349, 69.5855890178487, 76.5949753652754, 
79.000307849877, 76.6715729466898, 61.3931602287255, 69.8418193540865, 
56.7952194925356, 41.3619488884294, 64.5078242753329, 64.2623343199557, 
42.5455426334249, 57.9910859076271, 69.5266556120947, 75.5338046729365, 
56.8642034356315, 77.1112409947099), .Names = c("2", "3", "4", 
"6", "7", "8", "9", "10", "11", "12", "13", "14", "15", "16", 
"17", "18", "19", "20", "21", "22", "23", "24", "25", "26", "27", 
"28", "29")), assign = 1:6, qr = structure(list(qr = structure(c(-350.426882530436, 
0.199756364279274, 0.179780727851346, 0.156951429076572, 0.191195377238733, 
0.214024676013507, 0.234000312441435, 0.174073403157653, 0.151244104382879, 
0.171219740810806, 0.176927065504499, 0.236853974788282, 0.219732000707201, 
0.256829611216209, 0.242561299481975, 0.171219740810806, 0.199756364279274, 
0.165512416117112, 0.114146493873871, 0.174073403157653, 0.188341714891887, 
0.10558550683333, 0.154097766729725, 0.219732000707201, 0.214024676013507, 
0.162658753770266, 0.242561299481975, -284.515843305316, -50.2964701372246, 
-0.119375524205083, 0.0889237789561477, -0.243407286742425, -0.213121258422933, 
0.111610680707526, -0.087182809371502, 0.200644937616636, -0.0313222300412578, 
0.13530616469243, 0.314217543814732, -0.165785529429606, -0.454566619674788, 
-0.0957352791966597, 0.326555767179826, -0.212167915165888, 0.418394814883588, 
0.0122553649003729, 0.0519919673255862, -0.0284898197583655, 
0.239483435761286, -0.0341546403241501, 0.072799802051117, -0.0540643707691174, 
-0.0426794906610674, 0.0434394975004285, -294.926003546613, -16.400343523474, 
51.9873173412045, 0.0813241251589944, -0.0932309323676232, 0.0681494878763551, 
0.0856063003051768, 0.0476227951404547, -0.173946364099525, 0.208519461122231, 
0.252432252923179, 0.609158223358866, -0.206796370755589, -0.116237046341553, 
0.00957570441294706, -0.33527052275648, -0.0509016664939331, 
0.0744397459892092, -0.0011034336529377, -0.183086548186446, 
0.0952777462383603, -0.416934449398294, -0.0629480381419459, 
0.0654471766695499, -0.231241331525279, 0.0398023370516009, 0.0289273502822773, 
-336.523839576599, -12.3395536272785, 24.3904867946222, -40.0692521370768, 
0.0751172978640202, 0.0794556954821821, -0.190075946179981, 0.149156888113737, 
-0.0312966706014761, 0.184137573724961, -0.00470547076989173, 
-0.243306453938087, 0.0486817437993021, -0.553941487265811, -0.0262670410650128, 
-0.437887133849034, 0.24309269916034, 0.0747180626176822, 0.10481126933817, 
0.0328135805341511, 0.0613213704975549, -0.0279044674137838, 
0.31960537423461, 0.357251824597051, 0.0576548551374671, -0.0533602890078455, 
-0.122133575824936, -378.221553788724, -32.5067676338631, 20.6301572137132, 
-35.3171535119002, -57.6442676143613, -0.171180169496445, -0.106370903011546, 
0.235450780726803, 0.0491471675457438, 0.107198012830033, -0.152957447171292, 
-0.322265048945651, -0.0404184613706648, -0.295221355146043, 
-0.168127138340466, 0.209354576868767, 0.191726932445178, -0.0182565559040545, 
0.309952275724555, 0.189519937215744, 0.138086189562043, 0.149050259236393, 
0.186324693924309, -0.305935324151955, -0.0558358495110107, 0.408575224279896, 
-0.303622883589485, -221.19878315348, -24.8813021980164, 31.9051852767306, 
-23.1381663273047, -1.85029101060992, 38.8365802690473, 0.471364665718802, 
-0.0815615433985886, 0.246766206423921, -0.164331449521846, 0.273771838519747, 
0.061702490270385, 0.209680959013538, 0.145363112402305, -0.25989332916191, 
-0.342734733410001, 0.00820794883599278, -0.149221917824952, 
-0.161634353705372, 0.136640465238947, 0.0641402144798387, -0.190663921001933, 
0.232442378361307, -0.344378157977746, 0.191624137713862, -0.174311204674492, 
-0.0229511583812795), .Dim = c(27L, 6L), .Dimnames = list(c("2", 
"3", "4", "6", "7", "8", "9", "10", "11", "12", "13", "14", "15", 
"16", "17", "18", "19", "20", "21", "22", "23", "24", "25", "26", 
"27", "28", "29"), c("x1", "x2", "x3", "x4", "x5", "x6")), assign = 1:6), 
    qraux = c(1.18263439019819, 1.2252385258821, 1.06663830151485, 
    1.04198371168339, 1.0314085425356, 1.08089510329066), pivot = 1:6, 
    tol = 1e-07, rank = 6L), .Names = c("qr", "qraux", "pivot", 
"tol", "rank"), class = "qr"), df.residual = 21L, xlevels = structure(list(), .Names = character(0)), 
    call = quote(lm(formula = y ~ . + 0, data = structure(list(y = c(63, 
        71, 61, 43, 58, 71, 72, 67, 64, 67, 69, 68, 77, 81, 74, 
        65, 65, 50, 50, 64, 53, 40, 63, 66, 78, 48, 85), x1 = c(64, 
        70, 63, 55, 67, 75, 82, 61, 53, 60, 62, 83, 77, 90, 85, 
        60, 70, 58, 40, 61, 66, 37, 54, 77, 75, 57, 85), x2 = c(51, 
        68, 45, 49, 42, 50, 72, 45, 53, 47, 57, 83, 54, 50, 64, 
        65, 46, 68, 33, 52, 52, 42, 42, 66, 58, 44, 71), x3 = c(54, 
        69, 47, 44, 56, 55, 67, 47, 58, 39, 42, 45, 72, 72, 69, 
        75, 57, 54, 34, 62, 50, 58, 48, 63, 74, 45, 71), x4 = c(63, 
        76, 54, 54, 66, 70, 71, 62, 58, 59, 55, 59, 79, 60, 79, 
        55, 75, 64, 43, 66, 63, 50, 66, 88, 80, 51, 77), x5 = c(73, 
        86, 84, 49, 68, 66, 83, 80, 67, 74, 63, 77, 77, 54, 79, 
        80, 85, 78, 64, 80, 80, 57, 75, 76, 78, 83, 74), x6 = c(47, 
        48, 35, 34, 35, 41, 31, 41, 34, 41, 25, 35, 46, 36, 63, 
        60, 46, 52, 33, 41, 37, 49, 33, 72, 49, 38, 55)), .Names = c("y", 
        "x1", "x2", "x3", "x4", "x5", "x6"), row.names = c("2", 
        "3", "4", "6", "7", "8", "9", "10", "11", "12", "13", 
        "14", "15", "16", "17", "18", "19", "20", "21", "22", 
        "23", "24", "25", "26", "27", "28", "29"), class = "data.frame"))), 
    terms = y ~ x1 + x2 + x3 + x4 + x5 + x6 + 0, model = structure(list(
        y = c(63, 71, 61, 43, 58, 71, 72, 67, 64, 67, 69, 68, 
        77, 81, 74, 65, 65, 50, 50, 64, 53, 40, 63, 66, 78, 48, 
        85), x1 = c(64, 70, 63, 55, 67, 75, 82, 61, 53, 60, 62, 
        83, 77, 90, 85, 60, 70, 58, 40, 61, 66, 37, 54, 77, 75, 
        57, 85), x2 = c(51, 68, 45, 49, 42, 50, 72, 45, 53, 47, 
        57, 83, 54, 50, 64, 65, 46, 68, 33, 52, 52, 42, 42, 66, 
        58, 44, 71),