
expected <- structure(list(coefficients = structure(c(1.34394403464694, 0.810518536734134, 
0.0598856899608108, 0.0857939893881967, 0.037660213070282, 0.0617928409946635, 
-0.131372890691035), .Names = c("x1", "x2", "x3", "x4", "x5", 
"x6", "x7")), residuals = structure(c(-7.579711895857, 2.85895822028228, 
-0.0736324584342645, 6.56359899908956, -12.3714700619282, -7.91572434989845, 
0.254927840607547, -8.91020041705291, 7.76676768226743, 8.48973029334721, 
8.51228257731779, 6.2486385519135, 1.88769955747246, -0.497864557950696, 
-3.51173249460455, 6.68078101480765, -1.90105533850879, -9.17370621543636, 
2.3094592337203, -11.4397645857397, 2.20768879697146, 7.95524883195894, 
-5.92023673623446, 4.82124145727024, -7.83912536395462, 6.14498721309078, 
4.43221420548283), .Names = c("1", "3", "4", "5", "6", "7", "8", 
"9", "10", "11", "12", "13", "15", "16", "17", "18", "19", "20", 
"22", "23", "24", "25", "26", "27", "28", "29", "30")), effects = structure(c(-338.327257745121, 
-53.1510040063286, 2.38481266822958, -4.25778663745437, -0.633093424644741, 
2.59646635875712, -5.36990794311803, -9.33828266339578, 9.78101497409871, 
10.5865370964945, 11.598340510026, 10.4391959616596, -1.06513812078416, 
5.95178313535016, -1.08003472841672, 10.8889795234046, -2.66410433845273, 
-7.45868452431942, 1.70805727013365, -9.62028809665192, 9.65815818265048, 
8.65900747944844, -5.53655770319779, 2.6803934971605, -4.71435331943599, 
9.48921411920828, 2.5573427444377), .Names = c("x1", "x2", "x3", 
"x4", "x5", "x6", "x7", "", "", "", "", "", "", "", "", "", "", 
"", "", "", "", "", "", "", "", "", "")), rank = 7L, fitted.values = structure(c(50.579711895857, 
68.1410417797177, 61.0736324584343, 74.4364010009105, 55.3714700619282, 
65.9157243498984, 70.7450721593924, 80.9102004170529, 59.2332323177326, 
55.5102697066528, 58.4877174226822, 62.7513614480865, 75.1123004425275, 
81.4978645579507, 77.5117324946045, 58.3192189851924, 66.9010553385088, 
59.1737062154364, 61.6905407662797, 64.4397645857397, 37.7923112030285, 
55.0447511680411, 71.9202367362345, 73.1787585427298, 55.8391253639546, 
78.8550127869092, 77.5677857945172), .Names = c("1", "3", "4", 
"5", "6", "7", "8", "9", "10", "11", "12", "13", "15", "16", 
"17", "18", "19", "20", "22", "23", "24", "25", "26", "27", "28", 
"29", "30")), assign = 1:7, qr = structure(list(qr = structure(c(-5.19615242270663, 
0.192450089729875, 0.192450089729875, 0.192450089729875, 0.192450089729875, 
0.192450089729875, 0.192450089729875, 0.192450089729875, 0.192450089729875, 
0.192450089729875, 0.192450089729875, 0.192450089729875, 0.192450089729875, 
0.192450089729875, 0.192450089729875, 0.192450089729875, 0.192450089729875, 
0.192450089729875, 0.192450089729875, 0.192450089729875, 0.192450089729875, 
0.192450089729875, 0.192450089729875, 0.192450089729875, 0.192450089729875, 
0.192450089729875, 0.192450089729875, -348.527112500804, -64.4348651884355, 
-0.0229669383926948, 0.209826285526274, -0.147123324482811, 0.0391112546523634, 
0.16326764074248, 0.271904478571332, -0.0540060349152239, -0.17816242100534, 
-0.0695255831764885, -0.0384864866539594, 0.194306737265009, 
0.396060864661448, 0.318463123355125, -0.0695255831764885, 0.0856698994361571, 
-0.100564679699018, -0.0540060349152239, 0.0235917063910989, 
-0.426475193185573, -0.162642872744076, 0.194306737265009, 0.16326764074248, 
-0.116084227960282, 0.318463123355125, 0.271904478571332, -274.626278044532, 
-24.9910710853059, 49.1208079475144, 0.0332697122450195, -0.1175759361763, 
0.17798279240609, 0.117154307922394, -0.241440185980785, 0.0403824137808932, 
-0.224516643047355, -0.0130879396546342, -0.191158831431529, 
0.0612312441374779, 0.308470469495412, -0.0403131830102102, -0.37953142363057, 
0.134814139392708, -0.466114159169628, -0.102123385543082, -0.0383513316854092, 
-0.204649530739946, 0.0121754523761407, -0.183064411846479, -0.0457094627335769, 
0.00972274202675147, -0.182818982334185, 0.430372867975097, -292.33168629968, 
7.73678220728225, 18.9204443083227, -53.1539666764196, 0.158219973930508, 
0.331123250117908, 0.0237419468429327, -0.00111397714563812, 
-0.172340243177514, 0.1408110182254, -0.115198271200527, -0.0480590826062825, 
0.467334487659065, -0.00654331522017652, -0.128579618315405, 
-0.115762045074045, -0.0412907682391697, 0.0487219433303321, 
0.153537215344959, -0.163841304547272, -0.172704367151946, -0.0477419664739118, 
0.147133024952278, 0.337045903674742, -0.263316081790578, -0.160154316010444, 
0.470251392785874, -341.406459180799, -33.9194097202031, 10.8534948345161, 
-10.6322867407456, 34.9322115303672, -0.00999863250822103, -0.0114269528812372, 
0.284032765706803, -0.0406066424366576, 0.144471376687734, 0.0694874926409117, 
0.335402371782166, -0.102507540522492, 0.437074274841442, -0.0306632766135979, 
0.389035260550737, -0.27090345255681, 0.179562721645974, -0.00300902508167106, 
0.0687568983545096, -0.00168461227868791, -0.240502489072797, 
-0.294431435423973, -0.136982804982459, 0.197647337876073, 0.099369967469101, 
0.212889519271936, -390.481232061917, -5.97042769591686, 1.69755370724668, 
11.7576099720324, 22.7371144677643, 44.9183920612882, 0.328317056461385, 
-0.303200795027176, 0.0084557394723156, 0.0174641480924641, 0.0268768988151658, 
0.0220469736917124, 0.0809884056867417, 0.302279734539968, 0.113617548664581, 
-0.417236568475574, 0.119796483592251, -0.2415424051026, -0.0997064198671382, 
-0.0724176918711141, 0.355204425371954, 0.233606373342296, 0.304632488846447, 
0.0934879173234189, -0.266673084987643, 0.105160273150671, -0.153752471568798, 
-225.743955253144, -11.8276201693348, 20.5044038044349, 0.179776236566723, 
25.527632339047, 1.36381789789024, 40.8753123636981, 0.405253459882987, 
0.0441531329428309, 0.218037327559609, -0.00631093009712427, 
0.325588767779398, 0.0459386371310641, -0.225240647421022, -0.32522999751516, 
-0.399557932228555, 0.0632931272296825, -0.0272242212414603, 
0.132209114171202, 0.154671918365884, -0.197932155327218, 0.335481158754694, 
-0.326284972371635, 0.0525956718436842, -0.0214397232070279, 
-0.127913995431645, -0.194582510499467), .Dim = c(27L, 7L), .Dimnames = list(
    c("1", "3", "4", "5", "6", "7", "8", "9", "10", "11", "12", 
    "13", "15", "16", "17", "18", "19", "20", "22", "23", "24", 
    "25", "26", "27", "28", "29", "30"), c("x1", "x2", "x3", 
    "x4", "x5", "x6", "x7")), assign = 1:7), qraux = c(1.19245008972988, 
1.08566989943616, 1.06589123532396, 1.11532598098112, 1.23977706764942, 
1.19439409957277, 1.01343185084004), pivot = 1:7, tol = 1e-07, 
    rank = 7L), .Names = c("qr", "qraux", "pivot", "tol", "rank"
), class = "qr"), df.residual = 20L, xlevels = structure(list(), .Names = character(0)), 
    call = quote(lm(formula = y ~ . + 0, data = structure(list(y = c(43, 
        71, 61, 81, 43, 58, 71, 72, 67, 64, 67, 69, 77, 81, 74, 
        65, 65, 50, 64, 53, 40, 63, 66, 78, 48, 85, 82), x1 = c(1, 
        1, 1, 1, 1, 1, 1, 1, 1, 1, 1, 1, 1, 1, 1, 1, 1, 1, 1, 
        1, 1, 1, 1, 1, 1, 1, 1), x2 = c(51, 70, 63, 78, 55, 67, 
        75, 82, 61, 53, 60, 62, 77, 90, 85, 60, 70, 58, 61, 66, 
        37, 54, 77, 75, 57, 85, 82), x3 = c(30, 68, 45, 56, 49, 
        42, 50, 72, 45, 53, 47, 57, 54, 50, 64, 65, 46, 68, 52, 
        52, 42, 42, 66, 58, 44, 71, 39), x4 = c(47, 48, 39, 57, 
        69, 66, 50, 59, 45, 72, 50, 59, 75, 39, 45, 62, 47, 74, 
        67, 47, 58, 54, 66, 72, 42, 48, 62), x5 = c(61, 76, 54, 
        71, 54, 66, 70, 71, 62, 58, 59, 55, 79, 60, 79, 55, 75, 
        64, 66, 63, 50, 66, 88, 80, 51, 77, 64), x6 = c(92, 86, 
        84, 83, 49, 68, 66, 83, 80, 67, 74, 63, 77, 54, 79, 80, 
        85, 78, 80, 80, 57, 75, 76, 78, 83, 74, 78), x7 = c(45, 
        48, 35, 47, 34, 35, 41, 31, 41, 34, 41, 25, 46, 36, 63, 
        60, 46, 52, 41, 37, 49, 33, 72, 49, 38, 55, 39)), .Names = c("y", 
        "x1", "x2", "x3", "x4", "x5", "x6", "x7"),