
expected <- structure(list(coefficients = structure(c(16.8179107892443, 0.665459221049238, 
-0.118302351778805, 0.277415201878102, 0.124113919400228, -0.0552940310864519, 
-0.218090993377416), .Names = c("x1", "x2", "x3", "x4", "x5", 
"x6", "x7")), residuals = structure(c(-8.35978527715131, 1.27914423200052, 
1.24326461916963, -0.765723139094911, 6.7852734293307, -12.6311555067612, 
-0.503380087091185, -6.9164790155815, 7.87612246762237, 10.0980870504663, 
8.89906273929417, -2.70045141681647, -0.269599954976495, -5.82475904285259, 
-2.75986965035907, 6.48429356815207, -3.62365036065758, -4.58473732071816, 
5.60509288411231, 0.327732820177694, -4.04405792749326, 3.89142213836582, 
-2.85518839460361, 1.07221174296527, -8.03335486705689, 6.46397598925297, 
3.84650828030434), .Names = c("1", "2", "3", "4", "5", "6", "8", 
"9", "10", "12", "13", "14", "15", "16", "17", "18", "19", "20", 
"21", "22", "24", "25", "26", "27", "28", "29", "30")), effects = structure(c(-339.4819582835, 
54.8283956586102, 5.80475161533608, 9.31821960428338, 0.160620560741982, 
-5.09381711401953, -7.89156699323866, -8.34883424826124, 6.62513282409017, 
13.1625882523282, 7.36491043344119, -2.81266054203759, 2.57468823105822, 
-2.71809899889527, -0.409335965817427, 1.55442326197395, -1.73083558611126, 
-5.83547019339378, 9.83451052622143, 1.55645533716911, -4.62103543762784, 
9.63692920153676, 1.20208499303867, 9.13280026528735, -8.11437500038912, 
9.86024259002045, 5.01363600044718), .Names = c("x1", "x2", "x3", 
"x4", "x5", "x6", "x7", "", "", "", "", "", "", "", "", "", "", 
"", "", "", "", "", "", "", "", "", "")), rank = 7L, fitted.values = structure(c(51.3597852771513, 
61.7208557679995, 69.7567353808304, 61.7657231390949, 74.2147265706693, 
55.6311555067612, 71.5033800870912, 78.9164790155815, 59.1238775323776, 
56.9019129495337, 60.1009372607058, 70.7004514168165, 77.2695999549765, 
86.8247590428526, 76.7598696503591, 58.5157064318479, 68.6236503606576, 
54.5847373207182, 44.3949071158877, 63.6722671798223, 44.0440579274933, 
59.1085778616342, 68.8551883946036, 76.9277882570347, 56.0333548670569, 
78.536024010747, 78.1534917196957), .Names = c("1", "2", "3", 
"4", "5", "6", "8", "9", "10", "12", "13", "14", "15", "16", 
"17", "18", "19", "20", "21", "22", "24", "25", "26", "27", "28", 
"29", "30")), assign = 1:7, qr = structure(list(qr = structure(c(-5.19615242270663, 
0.192450089729875, 0.192450089729875, 0.192450089729875, 0.192450089729875, 
0.192450089729875, 0.192450089729875, 0.192450089729875, 0.192450089729875, 
0.192450089729875, 0.192450089729875, 0.192450089729875, 0.192450089729875, 
0.192450089729875, 0.192450089729875, 0.192450089729875, 0.192450089729875, 
0.192450089729875, 0.192450089729875, 0.192450089729875, 0.192450089729875, 
0.192450089729875, 0.192450089729875, 0.192450089729875, 0.192450089729875, 
0.192450089729875, 0.192450089729875, -348.719562590534, 70.3467601717852, 
-0.0780287364412797, 0.0214783337195374, -0.191751102339356, 
0.135200699617614, -0.149105215127578, -0.248612285288395, 0.0499089251940565, 
0.0641242209313161, 0.035693629456797, -0.262827581025654, -0.177535806602097, 
-0.362334651186471, -0.291258172500173, 0.0641242209313161, -0.0780287364412797, 
0.0925548124058353, 0.348430135676508, 0.0499089251940565, 0.391076022888286, 
0.149415995354874, -0.177535806602097, -0.149105215127578, 0.106770108143095, 
-0.291258172500173, -0.248612285288395, -278.475279839129, 37.4320326308127, 
-53.0034098114856, -0.075706467318834, -0.012820834695724, 0.0769060743699957, 
-0.0970914619501152, 0.250473687390347, -0.0564200426149869, 
-0.0090434088263427, 0.160337273653413, 0.448364292940387, -0.040911043780521, 
-0.241739647228969, 0.0706103645876936, 0.330557384104143, -0.124342243063939, 
0.406443940963071, -0.0803131118449159, 0.0756469324135353, 0.118416921676098, 
-0.0455176883066029, 0.185489484839803, 0.0538422237967673, -0.0367139039256529, 
0.202677339616216, -0.372127766315544, -293.87128701752, 38.6703428372584, 
-11.1993092197911, 48.2684858320112, -0.107781713378168, 0.123670080364893, 
0.0546436939298392, 0.0157286801850715, 0.0785726316673404, 0.250959607742599, 
0.275155952383693, 0.557391283462209, -0.253908605931057, -0.183741834899432, 
-0.0598830973881054, -0.366755652799726, -0.0531978074521516, 
0.0744881674426076, 0.103155243763194, -0.182367420860423, -0.35276932207614, 
-0.0166088494611066, 0.0179571101637227, -0.282048775483992, 
0.0825405083636648, -0.0514962842411523, -0.0534055120873466, 
-337.172557206741, 36.836569687152, -5.16778260521913, 16.2281513297429, 
37.9166840284646, 0.0835594819560166, -0.0630539048863254, 0.132268331220139, 
-0.0533339485690291, -0.0782152081012886, 0.0894348825868988, 
0.194679742628102, -0.0710853329627902, 0.515030941716979, -0.042145077543721, 
0.494384023059033, -0.208951813517518, -0.0141880208886574, 0.128431879702814, 
0.0352417991869256, 0.231231700849824, -0.197927926993655, -0.406850176221955, 
-0.0819328808918057, 0.183295735263701, 0.0432338267840593, 0.180789086275012, 
-375.855025242446, 9.1120045675834, -4.08626190524514, 7.33133311947209, 
-3.60648330024377, 52.9293743520408, -0.0878595324680589, -0.130206349447494, 
-0.268783731729243, 0.117486511982588, -0.116628026761764, 0.058906792904006, 
0.03695872010451, 0.399799396019514, -0.0279788327241503, -0.171803325519231, 
-0.143787853879398, -0.152040564494233, 0.431415092608926, 0.0502908051114054, 
0.0901046633962275, 0.309892895191044, -0.0943039585117743, 0.524172617900558, 
0.0239458493541158, 0.173479914656302, -0.0192376363717759, -227.476006060713, 
10.7846710326676, -14.0153888247995, 26.0485431054199, 21.7559864849447, 
9.93685529902193, 36.1847450508052, 0.455905335403858, 0.105864371833557, 
-0.141889298170249, 0.326921083296259, -0.141956379504186, 0.213919541494669, 
-0.0797483712840064, -0.351455898772375, -0.258873047383753, 
0.133682588550491, -0.0937048768071225, -0.111435635664823, 0.217641414492422, 
-0.0456292966458094, 0.283371819424468, -0.40651572406782, 0.0269504056913772, 
-0.060108962405867, -0.207340961392856, -0.00506281082515281), .Dim = c(27L, 
7L), .Dimnames = list(c("1", "2", "3", "4", "5", "6", "8", "9", 
"10", "12", "13", "14", "15", "16", "17", "18", "19", "20", "21", 
"22", "24", "25", "26", "27", "28", "29", "30"), c("x1", "x2", 
"x3", "x4", "x5", "x6", "x7")), assign = 1:7), qraux = c(1.19245008972988, 
1.00726303798228, 1.29072539273999, 1.09374745055647, 1.07450307990198, 
1.17152725783524, 1.09845966110653), pivot = 1:7, tol = 1e-07, 
    rank = 7L), .Names = c("qr", "qraux", "pivot", "tol", "rank"
), class = "qr"), df.residual = 20L, xlevels = structure(list(), .Names = character(0)), 
    call = quote(lm(formula = y ~ . + 0, data = structure(list(y = c(43, 
        63, 71, 61, 81, 43, 71, 72, 67, 67, 69, 68, 77, 81, 74, 
        65, 65, 50, 50, 64, 40, 63, 66, 78, 48, 85, 82), x1 = c(1, 
        1, 1, 1, 1, 1, 1, 1, 1, 1, 1, 1, 1, 1, 1, 1, 1, 1, 1, 
        1, 1, 1, 1, 1, 1, 1, 1), x2 = c(51, 64, 70, 63, 78, 55, 
        75, 82, 61, 60, 62, 83, 77, 90, 85, 60, 70, 58, 40, 61, 
        37, 54, 77, 75, 57, 85, 82), x3 = c(30, 51, 68, 45, 56, 
        49, 50, 72, 45, 47, 57, 83, 54, 50, 64, 65, 46, 68, 33, 
        52, 42, 42, 66, 58, 44, 71, 39), x4 = c(39, 54, 69, 47, 
        66, 44, 55, 67, 47, 39, 42, 45, 72, 72, 69, 75, 57, 54, 
        34, 62, 58, 48, 63, 74, 45, 71, 59), x5 = c(61, 63, 76, 
        54, 71, 54, 70, 71, 62, 59, 55, 59, 79, 60, 79, 55, 75, 
        64, 43, 66, 50, 66, 88, 80, 51, 77, 64), x6 = c(80, 76, 
        67, 68, 86, 63, 78, 83, 86, 63, 77, 67, 75, 64, 77, 92, 
        80, 79, 49, 73, 73, 54, 74, 49, 73, 67, 80), x7 = c(45, 
        47, 48, 35, 47, 34, 41, 31, 41, 41, 25, 35, 46, 36, 63, 
        60, 46, 52, 33, 41, 49, 33, 72, 49, 38, 55, 39)), .Names = c("y", 
        "x1", "x2", "x3", "x4", "x5", "x6", "x7"),