
expected <- structure(list(coefficients = structure(c(8.93154574175784, 0.509539142023337, 
0.0387230077716112, 0.258890834220866, 0.142860497780261, 0.0586430829442828, 
-0.204105004919431), .Names = c("x1", "x2", "x3", "x4", "x5", 
"x6", "x7")), residuals = structure(c(1.96964157168032, 0.807217700585715, 
0.560273077394986, -11.6289675643723, -7.89372170711365, 2.17549921851946, 
-6.64008473555005, 6.8888715384314, 5.56457464195183, 10.4435923840862, 
9.14079953097674, -2.64886704955102, 1.9611524082206, 1.39795688603798, 
-0.676205245388848, 4.0342841022634, -3.14470488885366, -7.3886744640842, 
6.16818815022882, -0.023810857200073, -11.4335001995775, -5.18212513802551, 
5.02142523027943, -2.78409338405091, 2.94390827134062, -7.95878584983796, 
8.32615637160819), .Names = c("2", "3", "4", "6", "7", "8", "9", 
"10", "11", "12", "13", "14", "15", "16", "17", "18", "19", "20", 
"21", "22", "23", "24", "25", "26", "27", "28", "29")), effects = structure(c(-333.516005501874, 
-45.8271796854879, 0.637394511002255, 9.83319461019152, -1.57386197851563, 
2.06637815756511, -7.99282350795394, 8.20075473321185, 3.64954404172774, 
13.3150731899094, 12.6325828444072, 0.697242502653577, 0.866829917691299, 
-4.90345401713561, -2.53192402658206, -5.40552002879647, -1.38724201908319, 
-7.4681373011206, 6.97159888348233, -1.08338860305768, -10.2999019501178, 
-11.3934654246719, 9.3369633433852, -3.14705939464997, -0.826799746008808, 
-6.30546383899771, 5.19212167633629), .Names = c("x1", "x2", 
"x3", "x4", "x5", "x6", "x7", "", "", "", "", "", "", "", "", 
"", "", "", "", "", "", "", "", "", "", "", "")), rank = 7L, 
    fitted.values = structure(c(61.0303584283197, 70.1927822994143, 
    60.439726922605, 54.6289675643723, 65.8937217071137, 68.8245007814805, 
    78.64008473555, 60.1111284615686, 58.4354253580482, 56.5564076159138, 
    59.8592004690233, 70.648867049551, 75.0388475917794, 79.602043113962, 
    74.6762052453888, 60.9657158977366, 68.1447048888537, 57.3886744640842, 
    43.8318118497712, 64.0238108572001, 64.4335001995775, 45.1821251380255, 
    57.9785747697206, 68.7840933840509, 75.0560917286594, 55.958785849838, 
    76.6738436283918), .Names = c("2", "3", "4", "6", "7", "8", 
    "9", "10", "11", "12", "13", "14", "15", "16", "17", "18", 
    "19", "20", "21", "22", "23", "24", "25", "26", "27", "28", 
    "29")), assign = 1:7, qr = structure(list(qr = structure(c(-5.19615242270663, 
    0.192450089729875, 0.192450089729875, 0.192450089729875, 
    0.192450089729875, 0.192450089729875, 0.192450089729875, 
    0.192450089729875, 0.192450089729875, 0.192450089729875, 
    0.192450089729875, 0.192450089729875, 0.192450089729875, 
    0.192450089729875, 0.192450089729875, 0.192450089729875, 
    0.192450089729875, 0.192450089729875, 0.192450089729875, 
    0.192450089729875, 0.192450089729875, 0.192450089729875, 
    0.192450089729875, 0.192450089729875, 0.192450089729875, 
    0.192450089729875, 0.192450089729875, -343.908310347287, 
    -67.2761032913922, -0.0421028710864252, -0.16101582247051, 
    0.0173536046056173, 0.136266555989702, 0.240315388450777, 
    -0.0718311089324464, -0.190744060316531, -0.0866952278554571, 
    -0.0569669900094358, 0.255179507373787, 0.165994793835724, 
    0.359228339834862, 0.284907745219808, -0.0866952278554571, 
    0.0619459613746492, -0.116423465701478, -0.38397760631567, 
    -0.0718311089324464, 0.00248948568260667, -0.428569963084701, 
    -0.175879941393521, 0.165994793835724, 0.136266555989702, 
    -0.131287584624489, 0.284907745219808, -280.399780736428, 
    14.8465021894722, 46.3739618288211, -0.24294321185518, -0.0125184795213377, 
    -0.00984876668619921, -0.0425539836703905, -0.354151008769394, 
    0.00976430433635259, -0.2385791632013, 0.0478089469908209, 
    -0.0934343540724454, 0.0393372678971143, -0.039884270835252, 
    0.149826106008984, 0.214261162960969, -0.272978716004233, 
    0.186638953433002, -0.0835247573740504, -0.0522574579945474, 
    -0.414478435281552, 0.306318429440922, 0.109830709321721, 
    -0.0469180323242704, -0.462689092848469, 0.129700198558326, 
    -0.0873759695998242, -293.87128701752, -33.9678148766177, 
    -15.6583819425982, 46.8366234277644, 0.017514003929563, 0.151213441146893, 
    -0.0119501801049744, 0.0744388983866103, -0.21775240048088, 
    0.248596676716832, 0.255511721702796, 0.464125192698902, 
    -0.176381662829031, -0.0063556223790904, 0.0162006570135603, 
    -0.452071324493772, -0.000945621441401188, -0.0358367162979273, 
    0.0987510672299831, -0.200515783183289, 0.0713001263476949, 
    -0.397142131259676, 0.024766971919462, 0.00283065150564783, 
    -0.322413286314093, 0.133781865475888, -0.0620997329654362, 
    -335.440506399173, -38.1446322939837, 2.90831141239644, 19.0772998538068, 
    -35.4013001009837, 0.0737700000004359, -0.148404489776522, 
    -0.0169119721824501, -0.0610882587316089, 0.0596083220434188, 
    -0.0120712363225579, -0.217879505413337, 0.0933595222970862, 
    -0.612505517946372, 0.0876316726539867, -0.378288030188755, 
    0.146644995526804, 0.172695847478603, -0.0522055577941843, 
    0.00167714687883632, -0.105267895041323, -0.00682322203799875, 
    0.326085678100934, 0.438570316712017, -0.0656445774176773, 
    -0.0821215994908937, -0.0818751395492062, -382.975678562452, 
    -12.3443755040988, -2.15693234742909, 3.29568830407767, -17.1454996051146, 
    44.4045487285417, -0.128970216122159, -0.310519878974909, 
    0.133093649522536, -0.212404651558033, 0.102984449384754, 
    -0.23059069229838, 0.123366504302411, 0.466877419008649, 
    0.0810850456093882, -0.0279313775648605, -0.256707984366013, 
    -0.0526692978866257, -0.0646126741789908, -0.10494167998385, 
    -0.307982751456143, 0.403785492697616, -0.0242776223211602, 
    0.13092833631456, -0.0181352716456255, -0.328555668876197, 
    0.125058683155591, -222.664753817466, -13.9386898893224, 
    -12.7702558684536, 25.531170973297, -21.9938278006226, 2.63414156276295, 
    39.1603503848867, -0.0394635992626981, 0.289586293110127, 
    -0.145952727672899, 0.249487504017324, -0.0790262663013946, 
    0.16678662684027, 0.103076184025507, -0.344579308406069, 
    -0.225665781840329, 0.00779198188635486, -0.158231141486741, 
    0.00403114827319112, 0.18602042600281, 0.0612641325546443, 
    -0.0385809473749893, 0.29691438294345, -0.523251124542268, 
    0.0904667016318042, -0.00231344532253231, -0.168681753007312
    ), .Dim = c(27L, 7L), .Dimnames = list(c("2", "3", "4", "6", 
    "7", "8", "9", "10", "11", "12", "13", "14", "15", "16", 
    "17", "18", "19", "20", "21", "22", "23", "24", "25", "26", 
    "27", "28", "29"), c("x1", "x2", "x3", "x4", "x5", "x6", 
    "x7")), assign = 1:7), qraux = c(1.19245008972988, 1.06194596137465, 
    1.19100300208688, 1.07122018909028, 1.03268909621405, 1.19074088113602, 
    1.39132617327006), pivot = 1:7, tol = 1e-07, rank = 7L), .Names = c("qr", 
    "qraux", "pivot", "tol", "rank"), class = "qr"), df.residual = 20L, 
    xlevels = structure(list(), .Names = character(0)), call = quote(lm(formula = y ~ 
        . + 0, data = structure(list(y = c(63, 71, 61, 43, 58, 
        71, 72, 67, 64, 67, 69, 68, 77, 81, 74, 65, 65, 50, 50, 
        64, 53, 40, 63, 66, 78, 48, 85), x1 = c(1, 1, 1, 1, 1, 
        1, 1, 1, 1, 1, 1, 1, 1, 1, 1, 1, 1, 1, 1, 1, 1, 1, 1, 
        1, 1, 1, 1), x2 = c(64, 70, 63, 55, 67, 75, 82, 61, 53, 
        60, 62, 83, 77, 90, 85, 60, 70, 58, 40, 61, 66, 37, 54, 
        77, 75, 57, 85), x3 = c(47, 42, 45, 68, 53, 50, 49, 71, 
        57, 66, 52, 51, 47, 46, 39, 45, 64, 47, 66, 57, 72, 49, 
        52, 51, 71, 50, 50), x4 = c(54, 69, 47, 44, 56, 55, 67, 
        47, 58, 39, 42, 45, 72, 72, 69, 75, 57, 54, 34, 62, 50, 
        58, 48, 63, 74, 45, 71), x5 = c(63, 76, 54, 54, 66, 70, 
        71, 62, 58, 59, 55, 59, 79, 60, 79, 55, 75, 64, 43, 66, 
        63, 50, 66, 88, 80, 51, 77),