
expected <- structure(list(coefficients = structure(c(58.5033781623875, -0.388428052702115, 
0.234117505574922, 0.251835426611906, 0.430510456750651, -0.0774416808195213, 
-0.421680242685077), .Names = c("x1", "x2", "x3", "x4", "x5", 
"x6", "x7")), residuals = structure(c(-6.48469774202307, -7.15530654493418, 
-6.80834080358278, 3.77766553260334, 9.42040669986795, -8.21316401637819, 
-10.6875456386182, 0.551792776755284, 5.05804413711148, -3.26783511185711, 
14.4230787728298, 5.5075566287609, 0.0786551771923443, -5.39077756809066, 
6.77699473189913, 5.89241830272772, 0.0192315725380212, -7.69836702895726, 
7.4192059111876, -3.91506746998782, -14.618800267346, -6.37539879959606, 
3.01757400328158, 0.130618193637438, -1.34427905868488, 9.90815521489197, 
9.97818239477169), .Names = c("1", "2", "3", "4", "5", "6", "7", 
"9", "10", "11", "12", "13", "14", "15", "16", "17", "18", "20", 
"21", "22", "23", "24", "25", "27", "28", "29", "30")), effects = structure(c(-334.285805860793, 
-41.0857614726171, -24.5407250600493, 11.2594036331641, -11.3829438357062, 
-8.10418103629548, -15.4302763570672, 5.51893799949237, 4.73596753629525, 
3.54809351482504, 11.771315585118, 10.2002341299293, 3.62625761658318, 
-1.93527402532936, 18.1452608943665, 3.81782163619722, 8.08564980837009, 
-8.45503370395787, 8.64485801442453, -0.635542101029507, -12.7336705214552, 
-2.36322440548244, 2.22244910650525, 2.47376359526093, -0.459955352047337, 
11.9683258959514, 14.0905683994759), .Names = c("x1", "x2", "x3", 
"x4", "x5", "x6", "x7", "", "", "", "", "", "", "", "", "", "", 
"", "", "", "", "", "", "", "", "", "")), rank = 7L, fitted.values = structure(c(49.4846977420231, 
70.1553065449342, 77.8083408035828, 57.2223344673967, 71.579593300132, 
51.2131640163782, 68.6875456386182, 71.4482072232447, 61.9419558628885, 
67.2678351118571, 52.5769212271702, 63.4924433712391, 67.9213448228077, 
82.3907775680907, 74.2230052681009, 68.1075816972723, 64.980768427462, 
57.6983670289573, 42.5807940888124, 67.9150674699878, 67.618800267346, 
46.3753987995961, 59.9824259967184, 77.8693818063626, 49.3442790586849, 
75.091844785108, 72.0218176052283), .Names = c("1", "2", "3", 
"4", "5", "6", "7", "9", "10", "11", "12", "13", "14", "15", 
"16", "17", "18", "20", "21", "22", "23", "24", "25", "27", "28", 
"29", "30")), assign = 1:7, qr = structure(list(qr = structure(c(-5.19615242270663, 
0.192450089729875, 0.192450089729875, 0.192450089729875, 0.192450089729875, 
0.192450089729875, 0.192450089729875, 0.192450089729875, 0.192450089729875, 
0.192450089729875, 0.192450089729875, 0.192450089729875, 0.192450089729875, 
0.192450089729875, 0.192450089729875, 0.192450089729875, 0.192450089729875, 
0.192450089729875, 0.192450089729875, 0.192450089729875, 0.192450089729875, 
0.192450089729875, 0.192450089729875, 0.192450089729875, 0.192450089729875, 
0.192450089729875, 0.192450089729875, -327.934952899707, 71.3629222122151, 
0.17850643376268, -0.0316867524887723, 0.136467796512389, -0.367995850491095, 
0.0944291592620988, -0.255892817823654, 0.0944291592620988, 0.0383776429283783, 
-0.157802664239643, -0.0877382688224927, -0.0456996315722024, 
0.332648103680411, 0.150480675595819, 0.0243647638449482, 0.17850643376268, 
-0.185828422406504, -0.255892817823654, 0.0523905220118085, 0.136467796512389, 
-0.297931455073945, -0.157802664239643, 0.150480675595819, -0.199841301489934, 
0.0944291592620988, 0.332648103680411, -275.588528493181, -6.79780334202843, 
-63.7867763152056, -0.0645506453611156, 0.0911265757569715, 0.0317029073814763, 
-0.124161573503747, 0.381097667152535, -0.077129881775428, 0.0538787345731175, 
-0.0206169477945905, 0.129166893291855, 0.532581809465851, 0.0402044135158283, 
-0.00433450063459047, 0.227725963845211, 0.228028572137158, 0.311400280173491, 
-0.230314325315615, 0.0368038110620875, 0.0284176534525459, -0.0850261713258864, 
-0.0990031006751224, 0.121083343974261, -0.0634555607181388, 
0.330478113203338, -0.194954045125768, -291.754336030491, -34.2116657889122, 
-27.2201822402134, 45.1224003147522, -0.140159666122466, 0.0157692063402243, 
-0.0857357163000793, -0.197195294847379, 0.144927566981587, -0.0443961095675941, 
0.21361682830044, 0.287097629131788, 0.512630506439269, -0.193282854056041, 
-0.328353481205913, -0.180945619769791, -0.224431356036754, 0.085249462663122, 
0.128473260405429, -0.136256359800851, 0.17282365391268, -0.331364267980678, 
-0.0378503276524256, -0.289461873693311, 0.0278710124368763, 
-0.116508686359144, -0.0612066584707775, -328.319853079167, -25.4551733483332, 
-19.7027601166923, 15.4265431404391, -33.4952419665933, -0.0646529363296988, 
0.0734353309796866, 0.00727351030743749, 0.062864789888636, -0.230631738049749, 
0.1212002204987, -0.0966785092393064, -0.14133032814201, 0.145647655754488, 
-0.369052548014141, 0.200908640814527, -0.630932130227326, -0.0209080339810814, 
-0.207778978218245, -0.0443249761132097, 0.0129216182349895, 
-0.356430454737868, 0.230206627387352, 0.165417834521023, -0.177739090347065, 
0.0696191059793454, -0.0591981330685953, -387.979380895428, -16.3670427694464, 
-6.82074593558597, -8.47189884762541, -18.2815621529209, 43.995553764327, 
0.213869147790506, -0.146769826164496, 0.0246509992439873, 0.121793613449612, 
0.177682985440774, 0.38802579296568, 0.229541669145415, 0.100048195121984, 
0.256933938714514, 0.0714196180053612, -0.375051696163097, 0.044095739163121, 
0.130774568699889, -0.10728290354966, 0.0420176306252057, 0.0835852516098822, 
0.108850314560126, 0.0382916672302199, -0.266708486288204, 0.176655491954478, 
-0.0444129098693835, -217.276151305029, -15.4904593334496, -12.3361632992751, 
17.5521183366169, -3.8449825651129, 11.1389885717465, 36.5923626367076, 
0.482799418749212, -0.0386900971716778, 0.243893920561769, -0.199079577999411, 
0.207829155226116, -0.014775349384358, 0.150589446381253, 0.344855516016953, 
-0.376942252504604, -0.147899184246625, -0.301921187526231, -0.0477788778416098, 
0.174829376056837, 0.0986595331099265, -0.177581466482696, 0.16757538250404, 
0.0935330249556748, 0.0520522057234939, -0.167811201681474, 0.208275174347883
), .Dim = c(27L, 7L), .Dimnames = list(c("1", "2", "3", "4", 
"5", "6", "7", "9", "10", "11", "12", "13", "14", "15", "16", 
"17", "18", "20", "21", "22", "23", "24", "25", "27", "28", "29", 
"30"), c("x1", "x2", "x3", "x4", "x5", "x6", "x7")), assign = 1:7), 
    qraux = c(1.19245008972988, 1.33264810368041, 1.27506026386548, 
    1.08022249496103, 1.01685389579632, 1.5511149044073, 1.20239944639427
    ), pivot = 1:7, tol = 1e-07, rank = 7L), .Names = c("qr", 
"qraux", "pivot", "tol", "rank"), class = "qr"), df.residual = 20L, 
    xlevels = structure(list(), .Names = character(0)), call = quote(lm(formula = y ~ 
        . + 0, data = structure(list(y = c(43, 63, 71, 61, 81, 
        43, 58, 72, 67, 64, 67, 69, 68, 77, 81, 74, 65, 50, 50, 
        64, 53, 40, 63, 78, 48, 85, 82), x1 = c(1, 1, 1, 1, 1, 
        1, 1, 1, 1, 1, 1, 1, 1, 1, 1, 1, 1, 1, 1, 1, 1, 1, 1, 
        1, 1, 1, 1), x2 = c(67, 40, 51, 66, 54, 90, 57, 82, 57, 
        61, 75, 70, 67, 40, 53, 62, 51, 77, 82, 60, 54, 85, 75, 
        53, 78, 57, 40), x3 = c(30, 51, 68, 45, 56, 49, 42, 72, 
        45, 53, 47, 57, 83, 54, 50, 64, 65, 68, 33, 52, 52, 42, 
        42, 58, 44, 71, 39), x4 = c(39, 54, 69, 47, 66, 44, 56, 
        67, 47, 58, 39, 42, 45, 72, 72, 69, 75, 54, 34, 62, 50, 
        58, 48, 74, 45, 71, 59), x5 = c(61, 63, 76, 54, 71, 54, 
        66, 71, 62, 58, 59, 55, 59, 79, 60, 79, 55, 64, 43, 66, 
        63, 50, 66, 80, 51, 77, 64), x6 = c(92, 73, 86, 84, 83, 
        49, 68, 83, 80, 67, 74, 63, 77, 77, 54, 79, 80, 78, 64, 
        80, 80, 57, 75, 78, 83, 74, 78), x7 = c(45, 47, 48, 35, 
        47, 34, 35, 31, 41, 34, 41, 25, 35, 46, 36, 63, 60, 52, 
        33, 41, 37, 49, 33, 49, 38, 55, 39)), .Names = c("y", 
        "x1", "x2", "x3", "x4", "x5", "x6", "x7"),