
expected <- structure(list(coefficients = structure(c(22.8141872846229, 0.714208351848377, 
-0.257877932557412, 0.296750251823898, -0.0814476085468201, -0.0384272764543467, 
-0.0192227760437551), .Names = c("x1", "x2", "x3", "x4", "x5", 
"x6", "x7")), residuals = structure(c(-3.48651448456743, 4.31176914105314, 
-4.13074403840349, -4.72137806484664, 3.59863244482923, -13.6134689581727, 
-5.66584674775541, 1.24999749659294, -2.67344524971037, 2.58339043966612, 
11.6068654560059, 5.33246238636144, -0.700802255758838, 2.0286689100279, 
2.28839755040467, -1.57050280245715, -4.54903874193408, 5.95478771687618, 
0.0629527028598056, -12.041953761983, -0.679548553282476, 10.191897493728, 
-1.49589439014859, 1.72022693019258, -3.26836778689047, 2.44355682454259, 
5.2239003427702), .Names = c("1", "2", "3", "4", "5", "6", "7", 
"8", "9", "11", "12", "13", "14", "15", "18", "19", "20", "21", 
"22", "23", "24", "25", "26", "27", "28", "29", "30")), effects = structure(c(-330.436804066196, 
-51.0689079508119, -16.6168322635172, 12.7318499828411, -3.25943705770247, 
-1.80230345127101, -0.651164961444856, 3.91696236884262, -3.5963844686123, 
5.71369994518484, 13.6714600847649, 10.342760635099, -1.2265661508674, 
2.25832084501957, -2.68485158736168, -1.33395310695443, -5.02918319747134, 
9.87342579903771, 0.428883165617222, -10.8992211391239, 0.876858310283419, 
13.438106657004, -1.82293506631484, 1.95664694228339, -4.59843134281376, 
1.90391708569935, 4.53268082021106), .Names = c("x1", "x2", "x3", 
"x4", "x5", "x6", "x7", "", "", "", "", "", "", "", "", "", "", 
"", "", "", "", "", "", "", "", "", "")), rank = 7L, fitted.values = structure(c(46.4865144845674, 
58.6882308589469, 75.1307440384035, 65.7213780648466, 77.4013675551708, 
56.6134689581727, 63.6658467477554, 69.7500025034071, 74.6734452497104, 
61.4166095603339, 55.3931345439941, 63.6675376136386, 68.7008022557588, 
74.9713310899721, 62.7116024495953, 66.5705028024572, 54.5490387419341, 
44.0452122831238, 63.9370472971402, 65.041953761983, 40.6795485532825, 
52.808102506272, 67.4958943901486, 76.2797730698074, 51.2683677868905, 
82.5564431754574, 76.7760996572298), .Names = c("1", "2", "3", 
"4", "5", "6", "7", "8", "9", "11", "12", "13", "14", "15", "18", 
"19", "20", "21", "22", "23", "24", "25", "26", "27", "28", "29", 
"30")), assign = 1:7, qr = structure(list(qr = structure(c(-5.19615242270663, 
0.192450089729875, 0.192450089729875, 0.192450089729875, 0.192450089729875, 
0.192450089729875, 0.192450089729875, 0.192450089729875, 0.192450089729875, 
0.192450089729875, 0.192450089729875, 0.192450089729875, 0.192450089729875, 
0.192450089729875, 0.192450089729875, 0.192450089729875, 0.192450089729875, 
0.192450089729875, 0.192450089729875, 0.192450089729875, 0.192450089729875, 
0.192450089729875, 0.192450089729875, 0.192450089729875, 0.192450089729875, 
0.192450089729875, 0.192450089729875, -339.09705810404, -64.6156729066964, 
0.108983611697181, 0.000650761707243416, 0.232792583114252, -0.123158209709828, 
0.062555247415779, 0.18636421883285, 0.294697068822788, -0.154110452564096, 
-0.0457776025741583, -0.0148253597198905, 0.310173190249921, 
0.217316461687118, -0.0457776025741583, 0.108983611697181, -0.0767298454284261, 
-0.355300031116836, -0.0303014811470244, 0.0470791259886451, 
-0.401728395398238, -0.138634331136962, 0.217316461687118, 0.18636421883285, 
-0.09220596685556, 0.341125433104189, 0.294697068822788, -270.007475891015, 
-1.33495877051095, 64.9090197741731, 0.353517956187869, 0.219318689617986, 
0.0953986602927414, -0.0643417627493094, 0.0243095603082925, 
-0.136916311923729, 0.273516161063599, 0.00444703338951572, 0.303921092433504, 
-0.210568882960291, 0.031066211723827, -0.180427118796876, 0.0690426491649202, 
-0.187183770212411, 0.0909423127228306, 0.115668614539345, 0.178778781124779, 
-0.381378044866451, -0.0466352795548198, -0.184620299160297, 
0.162965174448086, -0.252186813315642, 0.181342252176893, 0.0941763783092613, 
-289.252484864003, -31.3907329613699, 1.66019041362873, 50.0186530400256, 
-0.0772413070696679, 0.116002083568176, -0.0307148518448686, 
0.0822475443815478, -0.114053746766609, -0.155483549296718, 0.250940341259985, 
0.258031597852156, 0.324011994141672, -0.23681799956217, -0.498008766882813, 
-1.7491548693294e-05, -0.0989730566733398, 0.16717443202723, 
-0.181440676570491, 0.117793381878887, -0.416902088973412, 0.00371487714630114, 
-0.0909723391737144, -0.275697536567546, 0.0608167821647399, 
-0.114116399418755, 0.0824086004536474, -334.478255950523, -38.7894653829049, 
0.00905934731531488, 18.1869860192907, 32.6022565026881, 0.0863318854192936, 
0.0175484911581713, -0.0360300107887765, 0.182599003211848, 0.173560772374447, 
-0.100761329886317, 0.105807330295461, 0.210977861935729, -0.0247327895363254, 
0.576995839809627, -0.205375871917645, -0.0492365415881539, 0.116703850917558, 
0.061998774324773, 0.0189824035486117, 0.222518241734936, -0.236861702190359, 
-0.45424322258551, -0.0365563807520029, 0.194523412444252, 0.109181367884662, 
0.284616987814649, -390.673682151647, -18.1024765522868, 0.816822153965652, 
2.98009982086961, 6.98590684683924, 44.4074692917949, 0.232119874317479, 
0.331402887338043, -0.0658585110884891, 0.202242385027692, 0.0939032594067488, 
0.356345046022183, 0.0769933066072087, 0.0823141401211683, -0.158351624310302, 
-0.098253036207655, -0.040185321245382, 0.209742167249622, -0.0576480350710176, 
-0.0148985799826994, 0.278578209617964, 0.047042095068489, 0.137017610801615, 
0.063530741709875, -0.186094222198029, 0.18920329457975, 0.0634579652550756, 
-220.932703009897, -10.2044959173061, 17.6230659648664, 26.8116459288568, 
17.4590734385491, 4.98603073453776, 33.8746578518456, 0.0359810099452899, 
0.535550651250426, 0.139400796154091, -0.128935312466357, 0.139873181013599, 
0.0737800706783664, 0.17506914194911, -0.304060765139006, 0.0327920254801473, 
-0.140196418462821, -0.0885209921818561, 0.131966685102607, 0.0421119808050859, 
-0.0346270609415907, 0.340843616483895, -0.466351858849527, 0.071622206959294, 
0.0765105267579162, -0.250613824811282, 0.0166667522624002), .Dim = c(27L, 
7L), .Dimnames = list(c("1", "2", "3", "4", "5", "6", "7", "8", 
"9", "11", "12", "13", "14", "15", "18", "19", "20", "21", "22", 
"23", "24", "25", "26", "27", "28", "29", "30"), c("x1", "x2", 
"x3", "x4", "x5", "x6", "x7")), assign = 1:7), qraux = c(1.19245008972988, 
1.01612688313438, 1.37716623614224, 1.17577712430058, 1.14694907428914, 
1.61772530233061, 1.26653843239905), pivot = 1:7, tol = 1e-07, 
    rank = 7L), .Names = c("qr", "qraux", "pivot", "tol", "rank"
), class = "qr"), df.residual = 20L, xlevels = structure(list(), .Names = character(0)), 
    call = quote(lm(formula = y ~ . + 0, data = structure(list(y = c(43, 
        63, 71, 61, 81, 43, 58, 71, 72, 64, 67, 69, 68, 77, 65, 
        65, 50, 50, 64, 53, 40, 63, 66, 78, 48, 85, 82), x1 = c(1, 
        1, 1, 1, 1, 1, 1, 1, 1, 1, 1, 1, 1, 1, 1, 1, 1, 1, 1, 
        1, 1, 1, 1, 1, 1, 1, 1), x2 = c(51, 64, 70, 63, 78, 55, 
        67, 75, 82, 53, 60, 62, 83, 77, 60, 70, 58, 40, 61, 66, 
        37, 54, 77, 75, 57, 85, 82), x3 = c(58, 66, 30, 30, 42, 
        45, 58, 54, 66, 33, 52, 33, 71, 54, 64, 50, 64, 42, 45, 
        42, 72, 54, 68, 45, 68, 46, 51), x4 = c(39, 54, 69, 47, 
        66, 44, 56, 55, 67, 58, 39, 42, 45, 72, 75, 57, 54, 34, 
        62, 50, 58, 48, 63, 74, 45, 71, 59), x5 = c(61, 63, 76, 
        54, 71, 54, 66, 70, 71, 58, 59, 55, 59, 79, 55, 75, 64, 
        43, 66, 63, 50, 66, 88, 80, 51, 77, 64), x6 = c(92, 73, 
        86, 84, 83, 49, 68, 66, 83, 67, 74, 63, 77, 77, 80, 85, 
        78, 64, 80, 80, 57, 75, 76, 78, 83, 74, 78), x7 = c(45, 
        47, 48, 35, 47, 34, 35, 41, 31, 34, 41, 25, 35, 46, 60, 
        46, 52, 33, 41, 37, 49, 33, 72, 49, 38, 55, 39)), .Names = c("y", 
        "x1", "x2", "x3", "x4", "x5", "x6", "x7"),