
expected <- structure(list(coefficients = structure(c(4.13382904235581, 0.56246921745967, 
-0.0220622952504296, 0.248580389946708, 0.289039348980175, -0.0361893571021796, 
-0.13205356355927), .Names = c("x1", "x2", "x3", "x4", "x5", 
"x6", "x7")), residuals = structure(c(-6.02778105462679, 0.997953090339286, 
3.79678252032895, 0.564772983724575, 1.61426404745276, -12.3449030803936, 
-6.39299493109034, -4.58665503480598, 6.09028211299267, 7.2655600088754, 
11.505649048527, 8.48415368162563, -1.7410747170595, -1.35600788905231, 
-0.212935144474578, -2.93782878674178, 0.879087548201858, -8.40157630527801, 
11.6408190895222, -2.45108794482419, -9.0805355058522, -1.25041938485869, 
0.316985103218855, 2.91569977964356, -7.06305570635631, 7.66206810240316, 
1.51320986441214), .Names = c("1", "2", "3", "4", "5", "6", "7", 
"9", "10", "11", "12", "13", "14", "15", "16", "17", "18", "20", 
"21", "22", "23", "24", "25", "27", "28", "29", "30")), effects = structure(c(-290.335130725288, 
-174.316232181395, -3.82432093205204, 15.112491460299, 6.96366250055003, 
-3.66530364814377, -4.5033602127849, -4.22728313962096, 8.05793099417142, 
8.92548342216571, 12.362811336553, 12.1132251229247, -3.25336134020466, 
2.56378095927821, -0.344743348330163, -3.61062661768917, -2.51967138196876, 
-8.05957381094737, 10.2319086107808, 0.555761529198243, -8.71610232964106, 
-3.16490099619952, 7.66449366382754, 5.25122249419913, -8.66507387713223, 
7.38165116105309, 4.75509816715888), .Names = c("x1", "x2", "x3", 
"x4", "x5", "x6", "x7", "", "", "", "", "", "", "", "", "", "", 
"", "", "", "", "", "", "", "", "", "")), rank = 7L, fitted.values = structure(c(49.0277810546268, 
62.0020469096607, 67.2032174796711, 60.4352270162754, 79.3857359525472, 
55.3449030803936, 64.3929949310903, 76.586655034806, 60.9097178870073, 
56.7344399911246, 55.494350951473, 60.5158463183744, 69.7410747170595, 
78.3560078890523, 81.2129351444746, 76.9378287867418, 64.1209124517981, 
58.401576305278, 38.3591809104778, 66.4510879448242, 62.0805355058522, 
41.2504193848587, 62.6830148967811, 75.0843002203564, 55.0630557063563, 
77.3379318975968, 80.4867901355879), .Names = c("1", "2", "3", 
"4", "5", "6", "7", "9", "10", "11", "12", "13", "14", "15", 
"16", "17", "18", "20", "21", "22", "23", "24", "25", "27", "28", 
"29", "30")), assign = 1:7, qr = structure(list(qr = structure(c(-6.53140795305028, 
0.160916999802848, -0.0125028438851179, 0.235663415622475, 0.334476018209555, 
0.192875537032662, 0.0636979069500164, 0.0730882165845025, 0.233244074834976, 
0.141684276461552, 0.152867397169196, 0.227559130098553, 0.150235471857456, 
0.161719796912419, 0.117105823226646, 0.0641528945148435, 0.299428156084461, 
0.186901671978731, 0.0882205000786992, 0.263279303452086, 0.120276727913747, 
0.0381286359486643, 0.344440825561377, 0.0723718411980837, 0.224731150489973, 
0.0418593999257612, 0.371590515259996, -291.341986371646, -192.025641457134, 
0.384629430899976, -0.0506810187093787, -0.131379727029889, -0.0235727237202586, 
0.246535389450881, 0.309557693788081, -0.0572078892345636, 0.0482874552152229, 
0.066767220596386, -0.0428633126181144, 0.190772965921979, 0.141069338468852, 
0.280472959198288, 0.339541607216256, -0.168787695204656, 0.00165148620234375, 
0.0665160433414167, -0.105481013639293, 0.150393319301779, 0.13140161597588, 
-0.272378641512536, 0.274255599353083, -0.0643563255312812, 0.375372086532199, 
-0.17020021925313, -229.328336300928, -155.880364432813, -56.3367211838043, 
-0.0375091709047046, -0.0267020653270356, 0.135268824039838, 
-0.208058884326074, 0.109293495499666, -0.00922208944360887, 
0.217806584140897, 0.0132319560755243, 0.187271320038858, 0.316485641419334, 
-0.106977899832682, -0.382569555222805, -0.0794557063727182, 
0.383076420272752, 0.42679786829485, 0.0337030451525804, 0.125346547971971, 
0.00343653106657773, 0.219929465909284, 0.0776308333649805, -0.0375452543600782, 
0.0283397239721931, 0.037140359953994, -0.3739479326671, -245.146801975926, 
-161.111003327039, -18.4577628722846, 51.7068765028528, -0.0429216486996469, 
0.0936378844574575, -0.0925934088520954, 0.0858001770909209, 
0.0632460047889108, -0.167517646781704, 0.218158230896667, 0.267929600922505, 
0.617981948220921, -0.199511102472957, -0.112286786836839, 0.00902154917202529, 
-0.317357134213058, 0.0849779040471018, 0.00330916043542783, 
-0.166617015149107, 0.101108504944605, -0.419466587586609, -0.038218114836804, 
-0.231797977091313, 0.0548265740328486, 0.0261751746464624, -0.00643081314181142, 
-276.154637391434, -177.541702961833, -16.075679707533, 25.0050070607618, 
39.0369325184457, 0.0181516774984682, -0.119750076458756, 0.162418526637604, 
-0.0879064082901877, 0.096387770092957, -0.17730993074571, 0.0701808232003642, 
0.238057364848362, -0.0287890782736834, 0.517003520675002, -0.0271331320800335, 
0.623563058959466, 0.00958668198853245, -0.0934333083966655, 
0.0805100689542509, -0.0666576180003078, 0.0710845695549692, 
-0.177562444910194, -0.0756864453095094, 0.123647799562951, 0.0697673825624032, 
0.26046877856171, -336.589968059438, -183.757803619531, -29.0245718849316, 
17.4621450468479, 49.5739579803419, 50.192961838239, 0.014173414573307, 
-0.0958086436552378, 0.0754801895104118, 0.0424575171243887, 
0.109064282032991, 0.349395154797887, 0.140055394244079, 0.213844920780127, 
-0.0692443992962321, 0.107430093548065, -0.231439573107207, 0.218593679697235, 
-0.217823089065341, 0.105195271886438, -0.0692621434243525, -0.160159064570424, 
0.460042324230256, 0.108923684532797, -0.292031880610698, 0.144244569558768, 
0.06987898002246, -182.147696894827, -113.353237663833, -23.6049895244555, 
32.8375176409152, 19.1247954570492, 14.0007780050089, 34.1025269701536, 
0.519961310266761, -0.0425968128636399, 0.27911665673847, -0.196912625183617, 
0.177008437989426, -0.0880741465530826, 0.1988665627548, 0.165904827628227, 
-0.364610787319901, -0.26110954179213, -0.260479033233132, -0.0579801639950222, 
0.193159203228142, 0.119393058560142, -0.144276556328607, 0.215298756759329, 
0.183821045987353, -0.0120486323561108, -0.148031561857259, 0.051191505209757
), .Dim = c(27L, 7L), .Dimnames = list(c("1", "2", "3", "4", 
"5", "6", "7", "9", "10", "11", "12", "13", "14", "15", "16", 
"17", "18", "20", "21", "22", "23", "24", "25", "27", "28", "29", 
"30"), c("x1", "x2", "x3", "x4", "x5", "x6", "x7")), assign = 1:7), 
    qraux = c(1.1092424334503, 1.07466031533725, 1.18360325471827, 
    1.08251901641921, 1.20285852365652, 1.49262832677849, 1.23547766030348
    ), pivot = 1:7, tol = 1e-07, rank = 7L), .Names = c("qr", 
"qraux", "pivot", "tol", "rank"), class = "qr"), df.residual = 20L, 
    xlevels = structure(list(), .Names = character(0)), call = quote(lm(formula = y ~ 
        . + 0, data = structure(list(y = c(43, 63, 71, 61, 81, 
        43, 58, 72, 67, 64, 67, 69, 68, 77, 81, 74, 65, 50, 50, 
        64, 53, 40, 63, 78, 48, 85, 82), x1 = c(0.713506898647887, 
        1.05101457229331, -0.0816611739870052, 1.53921390703963, 
        2.18459932543848, 1.25974881652397, 0.416037016045994, 
        0.477368959074281, 1.52341220537902, 0.925397810103153, 
        0.998439333632985, 1.48628151211489, 0.981249155720053, 
        1.05625796771945, 0.764865905171018, 0.419008725445445, 
        1.95568744001723, 1.22073106680028, 0.576204075836089, 
        1.71958453644049, 0.785576377262714, 0.249033676074065, 
        2.24968354742678, 0.472690019178056, 1.46781082360835, 
        0.273400817585029, 2.42700924664719), x2 = c(51, 64, 
        70, 63, 78, 55, 67, 82, 61, 53, 60, 62, 83, 77, 90, 85, 
        60, 58, 40, 61, 66, 37, 54, 75, 57, 85, 82), x3 = c(30, 
        51, 68, 45, 56, 49, 42, 72, 45, 53, 47, 57, 83, 54, 50, 
        64, 65, 68, 33, 52, 52, 42, 42, 58, 44, 71, 39), x4 = c(39, 
        54, 69, 47, 66, 44, 56, 67, 47, 58, 39, 42, 45, 72, 72, 
        69, 75, 54, 34, 62, 50, 58, 48, 74, 45, 71, 59),