
expected <- structure(list(coefficients = structure(c(25.0344827722353, 0.756628879404419, 
-0.096604207762675, 0.197384800978742, -0.0324193799950776, -0.0192355523798773, 
-0.341916090995434), .Names = c("x1", "x2", "x3", "x4", "x5", 
"x6", "x7")), residuals = structure(c(-7.65662389769013, -2.14468062679443, 
5.79730109986933, -0.614670184919298, 4.85437732535788, -6.1018226110749, 
2.45944084925347, 4.09171096983185, 6.05525213134436, 8.713412470835, 
10.6004381545395, -4.99598633374773, 0.0355146180504171, -6.56163138791051, 
-4.68552010389873, 2.01600335161824, -4.45593797448021, -8.15020649451709, 
5.08555736942876, 0.55847099998682, -2.31707346073211, 3.82071180203054, 
-6.38856844843124, 1.90824235633656, -9.91897347964938, 4.38342668062036, 
3.61183482474273), .Names = c("1", "2", "3", "4", "5", "6", "8", 
"9", "10", "12", "13", "14", "15", "16", "17", "18", "19", "20", 
"21", "22", "24", "25", "26", "27", "28", "29", "30")), effects = structure(c(-339.4819582835, 
54.8283956586102, 5.80475161533608, 9.31821960428338, 0.160620560741982, 
1.46428018795245, 12.9552064602203, 0.116911683674259, 8.0597298565711, 
11.2872990200691, 12.2456540910731, -5.72941068151694, 3.19687292977635, 
-4.35979708350573, -3.21136273183423, -1.61873190490777, -1.23358584672561, 
-7.5251767056229, 7.21689362640058, 1.69855825446701, -2.317522794346, 
8.53578476630454, -1.83513008063334, 4.96826516817694, -10.2586365869304, 
6.23981207212709, 5.14011099398548), .Names = c("x1", "x2", "x3", 
"x4", "x5", "x6", "x7", "", "", "", "", "", "", "", "", "", "", 
"", "", "", "", "", "", "", "", "", "")), rank = 7L, fitted.values = structure(c(50.6566238976901, 
65.1446806267944, 65.2026989001307, 61.6146701849193, 76.1456226746421, 
49.1018226110749, 68.5405591507465, 67.9082890301681, 60.9447478686556, 
58.286587529165, 58.3995618454605, 72.9959863337477, 76.9644853819496, 
87.5616313879105, 78.6855201038987, 62.9839966483818, 69.4559379744802, 
58.1502064945171, 44.9144426305712, 63.4415290000132, 42.3170734607321, 
59.1792881979695, 72.3885684484312, 76.0917576436634, 57.9189734796494, 
80.6165733193796, 78.3881651752573), .Names = c("1", "2", "3", 
"4", "5", "6", "8", "9", "10", "12", "13", "14", "15", "16", 
"17", "18", "19", "20", "21", "22", "24", "25", "26", "27", "28", 
"29", "30")), assign = 1:7, qr = structure(list(qr = structure(c(-5.19615242270663, 
0.192450089729875, 0.192450089729875, 0.192450089729875, 0.192450089729875, 
0.192450089729875, 0.192450089729875, 0.192450089729875, 0.192450089729875, 
0.192450089729875, 0.192450089729875, 0.192450089729875, 0.192450089729875, 
0.192450089729875, 0.192450089729875, 0.192450089729875, 0.192450089729875, 
0.192450089729875, 0.192450089729875, 0.192450089729875, 0.192450089729875, 
0.192450089729875, 0.192450089729875, 0.192450089729875, 0.192450089729875, 
0.192450089729875, 0.192450089729875, -348.719562590534, 70.3467601717852, 
-0.0780287364412797, 0.0214783337195374, -0.191751102339356, 
0.135200699617614, -0.149105215127578, -0.248612285288395, 0.0499089251940565, 
0.0641242209313161, 0.035693629456797, -0.262827581025654, -0.177535806602097, 
-0.362334651186471, -0.291258172500173, 0.0641242209313161, -0.0780287364412797, 
0.0925548124058353, 0.348430135676508, 0.0499089251940565, 0.391076022888286, 
0.149415995354874, -0.177535806602097, -0.149105215127578, 0.106770108143095, 
-0.291258172500173, -0.248612285288395, -278.475279839129, 37.4320326308127, 
-53.0034098114856, -0.075706467318834, -0.012820834695724, 0.0769060743699957, 
-0.0970914619501152, 0.250473687390347, -0.0564200426149869, 
-0.0090434088263427, 0.160337273653413, 0.448364292940387, -0.040911043780521, 
-0.241739647228969, 0.0706103645876936, 0.330557384104143, -0.124342243063939, 
0.406443940963071, -0.0803131118449159, 0.0756469324135353, 0.118416921676098, 
-0.0455176883066029, 0.185489484839803, 0.0538422237967673, -0.0367139039256529, 
0.202677339616216, -0.372127766315544, -293.87128701752, 38.6703428372584, 
-11.1993092197911, 48.2684858320112, -0.107781713378168, 0.123670080364893, 
0.0546436939298392, 0.0157286801850715, 0.0785726316673404, 0.250959607742599, 
0.275155952383693, 0.557391283462209, -0.253908605931057, -0.183741834899432, 
-0.0598830973881054, -0.366755652799726, -0.0531978074521516, 
0.0744881674426076, 0.103155243763194, -0.182367420860423, -0.35276932207614, 
-0.0166088494611066, 0.0179571101637227, -0.282048775483992, 
0.0825405083636648, -0.0514962842411523, -0.0534055120873466, 
-337.172557206741, 36.836569687152, -5.16778260521913, 16.2281513297429, 
37.9166840284646, 0.0835594819560166, -0.0630539048863254, 0.132268331220139, 
-0.0533339485690291, -0.0782152081012886, 0.0894348825868988, 
0.194679742628102, -0.0710853329627902, 0.515030941716979, -0.042145077543721, 
0.494384023059033, -0.208951813517518, -0.0141880208886574, 0.128431879702814, 
0.0352417991869256, 0.231231700849824, -0.197927926993655, -0.406850176221955, 
-0.0819328808918057, 0.183295735263701, 0.0432338267840593, 0.180789086275012, 
-390.288781972187, 8.70923785502774, -2.19264660625914, 1.47069026615051, 
19.3138508743374, 47.400636895048, 0.303001241674094, -0.0404045713339937, 
-0.0431504995965444, 0.112843387880001, 0.328348675829138, 0.158339166419882, 
0.0571912122684996, 0.386592502734037, 0.0757680892764942, -0.208851015600529, 
-0.0875479561874719, 0.0445475483136631, 0.151258476009571, -0.0788666106869306, 
0.235978880442139, 0.0712976801649317, 0.247797338127966, 0.0428687006568403, 
-0.193917201934557, 0.175259214484552, -0.0523275775621523, -196.299091524473, 
3.07998074307292, -7.85356295678119, -1.00945901085683, -5.15146430645184, 
-6.94924188817547, -37.8900168825143, 0.527815681541619, -0.0679962136312212, 
-0.119273974218936, -0.156855484294753, -0.338132458410553, -0.195666337157082, 
-0.254823172114817, -0.0597380890753798, -0.0137201201843109, 
-0.0915411364896553, -0.257098495338732, -0.0814614231896521, 
-0.1127375007752, 0.163522042992612, -0.329605748650025, -0.248459277092616, 
-0.263179224923197, 0.00790966573764279, -0.296629331699907, 
0.0630562668488091), .Dim = c(27L, 7L), .Dimnames = list(c("1", 
"2", "3", "4", "5", "6", "8", "9", "10", "12", "13", "14", "15", 
"16", "17", "18", "19", "20", "21", "22", "24", "25", "26", "27", 
"28", "29", "30"), c("x1", "x2", "x3", "x4", "x5", "x6", "x7"
)), assign = 1:7), qraux = c(1.19245008972988, 1.00726303798228, 
1.29072539273999, 1.09374745055647, 1.07450307990198, 1.56848671571265, 
1.06647652195196), pivot = 1:7, tol = 1e-07, rank = 7L), .Names = c("qr", 
"qraux", "pivot", "tol", "rank"), class = "qr"), df.residual = 20L, 
    xlevels = structure(list(), .Names = character(0)), call = quote(lm(formula = y ~ 
        . + 0, data = structure(list(y = c(43, 63, 71, 61, 81, 
        43, 71, 72, 67, 67, 69, 68, 77, 81, 74, 65, 65, 50, 50, 
        64, 40, 63, 66, 78, 48, 85, 82), x1 = c(1, 1, 1, 1, 1, 
        1, 1, 1, 1, 1, 1, 1, 1, 1, 1, 1, 1, 1, 1, 1, 1, 1, 1, 
        1, 1, 1, 1), x2 = c(51, 64, 70, 63, 78, 55, 75, 82, 61, 
        60, 62, 83, 77, 90, 85, 60, 70, 58, 40, 61, 37, 54, 77, 
        75, 57, 85, 82), x3 = c(30, 51, 68, 45, 56, 49, 50, 72, 
        45, 47, 57, 83, 54, 50, 64, 65, 46, 68, 33, 52, 42, 42, 
        66, 58, 44, 71, 39), x4 = c(39, 54, 69, 47, 66, 44, 55, 
        67, 47, 39, 42, 45, 72, 72, 69, 75, 57, 54, 34, 62, 58, 
        48, 63, 74, 45, 71, 59), x5 = c(61, 63, 76, 54, 71, 54, 
        70, 71, 62, 59, 55, 59, 79, 60, 79, 55, 75, 64, 43, 66, 
        50, 66, 88, 80, 51, 77, 64), x6 = c(92, 73, 86, 84, 83, 
        49, 66, 83, 80, 74, 63, 77, 77, 54, 79, 80, 85, 78, 64, 
        80, 57, 75, 76, 78, 83, 74, 78), x7 = c(41, 31, 46, 37, 
        34, 55, 46, 63, 34, 35, 39, 36, 33, 35, 41, 37, 33, 33, 
        33, 33, 45, 25, 37, 31, 34, 35, 38)), .Names = c("y", 
        "x1", "x2", "x3", "x4", "x5", "x6", "x7"),