
expected <- structure(list(coefficients = structure(c(-1.495017937434, -0.385685670698028, 
0.150781420306258, 0.0735370641152182, 0.20512450463685, 0.575683384452811, 
0.529076144061604), .Names = c("x1", "x2", "x3", "x4", "x5", 
"x6", "x7")), residuals = structure(c(-21.3585132938719, -11.0551725039778, 
2.2117127929292, -0.365305880947817, 11.9993818879134, -1.32109331912427, 
1.38591893744727, -1.57680783442533, 20.9402893427552, -5.3070554954396, 
11.4623813625042, 8.05976528474806, 5.19342302155178, 6.8429141124698, 
17.6222619854518, 9.62601967866298, 2.06946732036478, -14.9191047435782, 
-18.8730405131822, -4.78084395242723, -12.8488583875111, -3.51923559197993, 
2.41426622016739, -9.96437554241424, -10.7437080532692, 18.3609896248947, 
8.44868528606242), .Names = c("1", "2", "3", "4", "5", "6", "7", 
"8", "9", "10", "11", "12", "14", "15", "16", "17", "19", "20", 
"21", "22", "23", "24", "26", "27", "28", "29", "30")), effects = structure(c(-196.698807499338, 
-251.125165985715, 58.7183260974556, 58.9306876038346, 49.0107838097375, 
-38.6085281496353, 28.5021704055892, -3.45126340524344, 18.1605407164885, 
-0.80660982531167, 13.3465057199577, 11.7399653818298, 10.4271687058921, 
14.5660503684211, 21.6462040624411, 12.6042169698616, 3.55086574041199, 
-6.25918387578555, -11.9549823965334, 4.13709735026017, -9.78240522040828, 
-7.3720804299791, 3.15554528073269, -6.53548266237574, -13.9904684913319, 
28.0022400993698, 16.8812086944872), .Names = c("x1", "x2", "x3", 
"x4", "x5", "x6", "x7", "", "", "", "", "", "", "", "", "", "", 
"", "", "", "", "", "", "", "", "", "")), rank = 7L, fitted.values = structure(c(64.3585132938719, 
74.0551725039778, 68.7882872070708, 61.3653058809478, 69.0006181120866, 
44.3210933191243, 56.6140810625527, 72.5768078344253, 51.0597106572448, 
72.3070554954396, 52.5376186374958, 58.9402347152519, 62.8065769784482, 
70.1570858875302, 63.3777380145482, 64.373980321337, 62.9305326796352, 
64.9191047435782, 68.8730405131822, 68.7808439524272, 65.8488583875111, 
43.5192355919799, 63.5857337798326, 87.9643755424142, 58.7437080532692, 
66.6390103751053, 73.5513147139376), .Names = c("1", "2", "3", 
"4", "5", "6", "7", "8", "9", "10", "11", "12", "14", "15", "16", 
"17", "19", "20", "21", "22", "23", "24", "26", "27", "28", "29", 
"30")), assign = 1:7, qr = structure(list(qr = structure(c(-7.40465643318049, 
-0.0611489640897458, -0.0996894770437035, 0.118698675286899, 
0.168886870904113, 0.170292631955543, 0.0630309571289255, -0.190683673466457, 
0.0849863897789241, 0.0989091311273171, 0.0373657099718973, 0.402521174452019, 
0.335368574077703, 0.186999340540398, -0.0437927897096197, 0.0611755798177547, 
0.0757461730221853, 0.402323231344432, 0.320876572557905, 0.301006305386323, 
0.0189161535117874, -0.0149147160268715, 0.0141856291894029, 
-0.037524296821484, 0.129030968786275, 0.362636792685523, 0.0821269083012686, 
-216.300417612989, -267.52781040566, 0.2824064760368, 0.137431755761912, 
0.0463743816572126, 0.179645716114429, 0.155036953947027, 0.437194522245489, 
0.228273461256882, 0.122008242237801, 0.193615571091725, -0.0902080581008118, 
-0.0582921835677076, -0.022630594750101, 0.238424989495448, 0.175434622008518, 
0.247993602876973, -0.0825499774396474, 0.011117793234513, -0.0528244872428456, 
0.184434350645571, 0.331454159365651, 0.293451190491654, 0.232654343406747, 
0.172775207869834, -0.120774038257987, 0.0739128171533809, -167.896042403951, 
-211.387428569411, 76.1660947397388, 0.345212981731768, 0.0301378240035239, 
0.414315769904951, -0.110457188948004, 0.176997570454561, 0.071886391422253, 
-0.292707101798953, 0.27316280102142, 0.0708458148828684, -0.251179499298611, 
-0.298149889874149, -0.018087370503216, 0.106583078591564, 0.320268384502182, 
-0.0630841628288847, 0.31091538254229, 0.0188130524483473, 0.0785016378971673, 
0.0606630363910964, 0.0684604112386198, 0.0455371205237984, -0.0156890866271811, 
-0.0495261727194534, -0.224942144667778, -163.096273819939, -230.802950048435, 
33.5311792806891, 81.2112290944865, -0.381479806139631, 0.376014691224804, 
-0.0162513535648287, 0.141448374906251, 0.203450921755974, 0.056138444764083, 
-0.257091806847409, -0.132579655319311, -0.0391792949262601, 
-0.0156712286235849, 0.0567269453947938, 0.260690966994682, -0.00474809820309367, 
0.229077767518528, -0.0740830360746006, -0.00284301099282523, 
-0.0481784428347335, 0.53700787440756, 0.234614443386967, -0.262430865949645, 
-0.0409281313158114, -0.091603351660644, 0.0858392695046332, 
-212.198257031388, -262.744378914393, 48.9836563418636, 43.7082098370494, 
63.7846757924957, 0.353786184798525, 0.118561900529265, 0.219121875722868, 
0.372106616226303, -0.0126738220933791, -0.038729707636807, 0.177939876746273, 
0.0362040629768505, -0.150331585096675, -0.155241138709601, 0.0543116240742385, 
0.048617601970866, -0.163924530189195, -0.118752300688696, -0.216821921517157, 
-0.00443568412584124, 0.344605015357251, 0.0911405939315045, 
0.0398419800588893, 0.486591929423646, -0.237263218179296, -0.274795149994598, 
-244.582444690401, -282.743371457207, 29.9107006260253, 53.7311080476481, 
52.2096247010232, -59.5826044319126, 0.0461370116984163, 0.299085429352655, 
-0.262332681948357, -0.127549930925125, -0.313618143269056, -0.0740716410480743, 
-0.0727093978276954, 0.196831004341238, 0.206914674756387, 0.221571189128958, 
-0.293915289725903, -0.0220605667952936, -0.326139012243208, 
-0.0264857724527885, 0.249197241077736, -0.0672881183179556, 
0.0559163824652292, 0.272804798424675, 0.0209908308145166, -0.00326026346360826, 
0.393521153163003, -131.464132960252, -167.830226964016, 33.0789211705309, 
24.6862788409127, 11.0962673357656, -8.14214139894623, 53.871584885276, 
-0.226818470364215, -0.217870524281026, -0.38394671352445, 0.129142987916408, 
0.000528307962101913, 0.14518054704078, -0.297150152369347, 0.205486426691529, 
-0.448382260891961, -0.001223288206504, 0.0477938164942797, -0.231168845762565, 
-0.236480533445197, -0.0600228429441087, -0.00428341808863397, 
0.207757525594416, -0.447690175506118, -0.00555151173874369, 
-0.0396780471169997, -0.131881282951125), .Dim = c(27L, 7L), .Dimnames = list(
    c("1", "2", "3", "4", "5", "6", "7", "8", "9", "10", "11", 
    "12", "14", "15", "16", "17", "19", "20", "21", "22", "23", 
    "24", "26", "27", "28", "29", "30"), c("x1", "x2", "x3", 
    "x4", "x5", "x6", "x7")), assign = 1:7), qraux = c(1.15031551414912, 
1.20580964903515, 1.23896608522175, 1.03994915874616, 1.04924029235266, 
1.30020846515521, 1.0805554737414), pivot = 1:7, tol = 1e-07, 
    rank = 7L), .Names = c("qr", "qraux", "pivot", "tol", "rank"
), class = "qr"), df.residual = 20L, xlevels = structure(list(), .Names = character(0)), 
    call = quote(lm(formula = y ~ . + 0, data = structure(list(y = c(43, 
        63, 71, 61, 81, 43, 58, 71, 72, 67, 64, 67, 68, 77, 81, 
        74, 65, 50, 50, 64, 53, 40, 66, 78, 48, 85, 82), x1 = c(1.11303473885111, 
        -0.452787070329459, -0.738166327512058, 0.878922909573136, 
        1.25054925511986, 1.26095843273285, 0.466722582194222, 
        -1.41194708943589, 0.629295017809295, 0.732388134102181, 
        0.276680244723766, 2.98053100389751, 2.48328906953103, 
        1.38466586993297, -0.324270562050256, 0.452984150651084, 
        0.560874387357527, 2.97906530319251, 2.3759807772478, 
        2.22884827560673, 0.140067617792086, -0.110438347977434, 
        0.105039710436025, -0.277854525859776, 0.955429993102805, 
        2.6852008598668, 0.608121539890213), x2 = c(67, 40, 51, 
        66, 54, 90, 57, 70, 82, 57, 61, 75, 67, 40, 53, 62, 85, 
        77, 82, 60, 54, 85, 82, 53, 78, 57, 40), x3 = c(58, 66, 
        30, 30, 42, 45, 58, 54, 66, 71, 33, 52, 71, 54, 50, 46, 
        50, 64, 42, 45, 42, 72, 68, 45, 68, 46, 51), x4 = c(59, 
        74, 57, 47, 75, 39, 57, 62, 58, 54, 72, 63, 59, 39, 50, 
        34, 72, 39, 63, 44, 54, 39, 59, 74, 74, 47, 34),