
expected <- structure(list(coefficients = structure(c(4.22232206146842, 0.519891658621889, 
0.0710676684387086, 0.306606620106754, 0.23175985369067, -0.0019941068152526, 
-0.230908347680124), .Names = c("x1", "x2", "x3", "x4", "x5", 
"x6", "x7")), residuals = structure(c(-4.17983634873401, 1.50539461250843, 
2.605270426027, 1.57179593520544, -5.8229551106518, 2.82108646476848, 
-7.43751713738182, 6.50337550710705, 5.53106157405072, 12.2339042479318, 
6.71436827017458, -4.42856498299838, -0.938548000468484, -0.134028467992501, 
-1.26843643501023, -0.798699244116663, -2.92263323427068, 11.7834809326281, 
-3.34853964961844, -9.55338907500748, -1.21533735390155, 0.198385262249165, 
-9.19929556678514, 3.1307225224641, -7.63539434085199, 7.84196251925268, 
2.58817490700228), .Names = c("1", "2", "3", "5", "7", "8", "9", 
"10", "11", "12", "13", "14", "15", "16", "17", "18", "19", "21", 
"22", "23", "24", "25", "26", "27", "28", "29", "30")), effects = structure(c(-295.299538498437, 
-181.954878761708, -7.5423201909468, -14.0928273153074, -3.80927931826551, 
-0.962063076440448, -9.04378352326393, 7.86227740189952, 6.14401683781715, 
12.9146171458955, 7.9494371201842, -5.37034172516458, -0.133001867547939, 
-1.90981890992278, -3.61929402409372, -4.73725001111771, -1.04753937297502, 
12.5587706030616, -2.21244693170655, -8.1043494018795, -3.44049727821376, 
3.28683525914899, -11.6729453108328, 3.4597941659766, -6.68716207294319, 
5.70341494057017, 3.71236910028511), .Names = c("x1", "x2", "x3", 
"x4", "x5", "x6", "x7", "", "", "", "", "", "", "", "", "", "", 
"", "", "", "", "", "", "", "", "", "")), rank = 7L, fitted.values = structure(c(47.179836348734, 
61.4946053874916, 68.394729573973, 79.4282040647946, 63.8229551106518, 
68.1789135352315, 79.4375171373818, 60.4966244928929, 58.4689384259493, 
54.7660957520682, 62.2856317298254, 72.4285649829984, 77.9385480004685, 
81.1340284679925, 75.2684364350102, 65.7986992441167, 67.9226332342707, 
38.2165190673719, 67.3485396496184, 62.5533890750075, 41.2153373539016, 
62.8016147377508, 75.1992955667851, 74.8692774775359, 55.635394340852, 
77.1580374807473, 79.4118250929977), .Names = c("1", "2", "3", 
"5", "7", "8", "9", "10", "11", "12", "13", "14", "15", "16", 
"17", "18", "19", "21", "22", "23", "24", "25", "26", "27", "28", 
"29", "30")), assign = 1:7, qr = structure(list(qr = structure(c(-6.45362522759304, 
0.162856462101271, -0.0126535352003175, 0.338507311533684, 0.0644656299946256, 
0.0787527167081783, 0.0739691169287687, 0.236055263771057, 0.143391935147789, 
0.154709841123725, 0.23030180087932, 0.152046194366019, 0.163668934973684, 
0.118517248553692, 0.0649261013258001, 0.303037032837841, 0.153905734012471, 
0.0892837832250436, 0.266452493877125, 0.121726370769705, 0.0385881837404037, 
0.348592220355168, 0.276816104487339, 0.0732441073827821, 0.227439736867985, 
0.0423639129858486, 0.376069133402774, -296.115401785803, -200.413744102625, 
0.369011509253556, -0.138730789870565, 0.233769783592259, 0.2514055019384, 
0.293793602172636, -0.0637742300406627, 0.0408232424345784, 0.0580999265362059, 
-0.0498116274540784, 0.177016656867956, 0.128952119430455, 0.264235119993485, 
0.322865846104428, -0.173226627110962, 0.109250764917165, 0.0603428512518709, 
-0.111180820832251, 0.139478005061552, 0.124437125125566, -0.27421117139088, 
-0.0475087470907229, 0.259996560637122, -0.0702964286753328, 
0.358053145284735, -0.177352347939987, -228.219521276085, -158.395747278257, 
-53.0343035466425, -0.00699046967463294, -0.200392995143063, 
-0.165725073311485, 0.141386784439146, 0.00720603743502374, 0.246758509040601, 
0.0315538264746187, 0.21630988543426, 0.361017794920448, -0.0908351532471104, 
-0.379010309356451, -0.0580731531945924, 0.42294596740087, -0.139065627197222, 
0.0476054721158755, 0.149850410470412, 0.0233824779753965, 0.244982547105268, 
0.0961207770899159, 0.175091950538292, -0.0168100958733196, 0.045923302636376, 
0.0660087677283592, -0.374964929765042, -248.632072158393, -165.598493279913, 
-18.6145637990184, -51.6016446658305, 0.101129592953967, -0.0631213867982278, 
-0.0872807173036156, -0.0715349161661745, 0.156899834208575, 
-0.223019796676354, -0.282606062681616, -0.631552558923077, 0.200218443574828, 
0.125285293697263, -0.00348807876701, 0.293304128552667, 0.0447178249605978, 
-0.00629209413582642, 0.152734816504581, -0.103103020755115, 
0.413910775428865, 0.0204834589952973, -0.0972220934512099, 0.235221541529378, 
-0.0641450619954426, -0.0231946196467154, 0.00390974185783095, 
-285.372556718039, -185.799586128825, -12.8887792598159, -23.8399255534171, 
-42.8667118562424, 0.0686489090806703, -0.191419248671583, 0.0265909217207419, 
-0.0358463084691838, 0.0607822032894029, -0.180028099710232, 
-0.448157754337708, 0.0664052158639725, -0.475201959049873, -0.00115079258845768, 
-0.468057460651202, 0.205394218379553, 0.0719044518796329, -0.0390690248280666, 
0.00383245577511997, 0.0900436082949874, 0.140570256235313, 0.196838974385224, 
0.13304282474847, -0.159586379658513, -0.0871029181501785, -0.3013461150358, 
-335.611268810603, -190.657254887364, -26.7309729830417, -19.2074353074677, 
-44.8432264660012, 54.0416687247914, -0.0427000978959816, 0.00929823031162668, 
0.0687135077781641, 0.0179731262988351, 0.312348647746994, 0.172309997862729, 
0.176322709900112, 0.0772647908610189, 0.0844110288419501, -0.029883139768413, 
-0.0206293889574578, -0.240572965121491, 0.101051062656837, -0.102736533825964, 
-0.101618010507854, 0.329532865659944, 0.700615810995185, 0.0813644994908153, 
-0.262926398906383, 0.155982340188651, 0.0834934044265685, -189.761865832994, 
-116.711500800373, -21.081307062178, -31.2479587712193, -26.1405939926663, 
3.69972859410077, 39.1661177004836, 0.00346045436853644, 0.237331108895547, 
-0.117542210309484, 0.277751182085441, 0.0682774635996536, 0.183278523345728, 
0.156703718102237, -0.304436966271714, -0.245617209437535, 0.044957063056554, 
-0.0834010946561683, 0.188673947078232, 0.112786801881131, -0.218543432514513, 
0.280138904776919, -0.447017879858775, 0.132163894426222, -0.0147378765112127, 
-0.105656412540949, 0.116842471241345), .Dim = c(27L, 7L), .Dimnames = list(
    c("1", "2", "3", "5", "7", "8", "9", "10", "11", "12", "13", 
    "14", "15", "16", "17", "18", "19", "21", "22", "23", "24", 
    "25", "26", "27", "28", "29", "30"), c("x1", "x2", "x3", 
    "x4", "x5", "x6", "x7")), assign = 1:7), qraux = c(1.11055908477567, 
1.06535341651728, 1.21738064468066, 1.03100810565301, 1.11542177257161, 
1.15752996569647, 1.4593712559166), pivot = 1:7, tol = 1e-07, 
    rank = 7L), .Names = c("qr", "qraux", "pivot", "tol", "rank"
), class = "qr"), df.residual = 20L, xlevels = structure(list(), .Names = character(0)), 
    call = quote(lm(formula = y ~ . + 0, data = structure(list(y = c(43, 
        63, 71, 81, 58, 71, 72, 67, 64, 67, 69, 68, 77, 81, 74, 
        65, 65, 50, 64, 53, 40, 63, 66, 78, 48, 85, 82), x1 = c(0.713506898647887, 
        1.05101457229331, -0.0816611739870052, 2.18459932543848, 
        0.416037016045994, 0.508240519289387, 0.477368959074281, 
        1.52341220537902, 0.925397810103153, 0.998439333632985, 
        1.48628151211489, 0.981249155720053, 1.05625796771945, 
        0.764865905171018, 0.419008725445445, 1.95568744001723, 
        0.993249927694108, 0.576204075836089, 1.71958453644049, 
        0.785576377262714, 0.249033676074065, 2.24968354742678, 
        1.78646739532352, 0.472690019178056, 1.46781082360835, 
        0.273400817585029, 2.42700924664719), x2 = c(51, 64, 
        70, 78, 67, 75, 82, 61, 53, 60, 62, 83, 77, 90, 85, 60, 
        70, 40, 61, 66, 37, 54, 77, 75, 57, 85, 82), x3 = c(30, 
        51, 68, 56, 42, 50, 72, 45, 53, 47, 57, 83, 54, 50, 64, 
        65, 46, 33, 52, 52, 42, 42, 66, 58, 44, 71, 39), x4 = c(39, 
        54, 69, 66, 56, 55, 67, 47, 58, 39, 42, 45, 72, 72, 69, 
        75, 57, 34, 62, 50, 58, 48, 63, 74, 45, 71, 59),