
expected <- structure(list(coefficients = structure(c(41.5409092301547, -0.311567276552378, 
0.178775270000716, 0.39324344705963, 0.580043317940196, -0.0643924589422223, 
-0.494323677778362), .Names = c("x1", "x2", "x3", "x4", "x5", 
"x6", "x7")), residuals = structure(c(-5.57962490813384, -5.03976975118327, 
-8.75949849420905, 4.88315796508612, 7.71295245173153, -7.92265787723692, 
-11.9146118957777, 4.61578786348204, 6.14707816349443, -3.33972724689435, 
7.0748193330747, 2.836788073434, 5.1901108452814, 3.60682062812926, 
1.14380568986645, 4.01276971674437, -7.33742274309475, 10.2296824046489, 
-5.38847187450868, -13.7761189264003, -6.48430751885463, 1.30164651568096, 
2.87542216324999, -3.65581774191548, -0.254064023951919, 7.89460538018548, 
9.92664580807119), .Names = c("1", "2", "3", "4", "5", "6", "7", 
"8", "10", "11", "13", "14", "16", "17", "18", "19", "20", "21", 
"22", "23", "24", "25", "26", "27", "28", "29", "30")), effects = structure(c(-331.591504604575, 
-38.6759612301786, -21.3891452383232, 17.2087193720733, 15.2463446628309, 
-9.98409107329243, -16.5483534888747, 9.38477237594169, 6.82245984685148, 
-1.4283305072697, 9.88897176427762, 4.31105713366987, 8.72018045184999, 
6.39300270037963, -4.33403306851347, 7.71607687056739, -8.11468067468788, 
5.97013324854391, -2.99249923448119, -11.6469872950548, -10.7195542620103, 
5.29691713646658, 6.94272490834362, 2.80237425030512, -3.76805106399895, 
12.3093554074007, 12.3093242579141), .Names = c("x1", "x2", "x3", 
"x4", "x5", "x6", "x7", "", "", "", "", "", "", "", "", "", "", 
"", "", "", "", "", "", "", "", "", "")), rank = 7L, fitted.values = structure(c(48.5796249081338, 
68.0397697511833, 79.759498494209, 56.1168420349139, 73.2870475482685, 
50.9226578772369, 69.9146118957777, 66.384212136518, 60.8529218365056, 
67.3397272468944, 61.9251806669253, 65.163211926566, 75.8098891547186, 
70.3931793718707, 63.8561943101336, 60.9872302832556, 57.3374227430947, 
39.7703175953511, 69.3884718745087, 66.7761189264003, 46.4843075188546, 
61.698353484319, 63.12457783675, 81.6558177419155, 48.2540640239519, 
77.1053946198145, 72.0733541919288), .Names = c("1", "2", "3", 
"4", "5", "6", "7", "8", "10", "11", "13", "14", "16", "17", 
"18", "19", "20", "21", "22", "23", "24", "25", "26", "27", "28", 
"29", "30")), assign = 1:7, qr = structure(list(qr = structure(c(-5.19615242270663, 
0.192450089729875, 0.192450089729875, 0.192450089729875, 0.192450089729875, 
0.192450089729875, 0.192450089729875, 0.192450089729875, 0.192450089729875, 
0.192450089729875, 0.192450089729875, 0.192450089729875, 0.192450089729875, 
0.192450089729875, 0.192450089729875, 0.192450089729875, 0.192450089729875, 
0.192450089729875, 0.192450089729875, 0.192450089729875, 0.192450089729875, 
0.192450089729875, 0.192450089729875, 0.192450089729875, 0.192450089729875, 
0.192450089729875, 0.192450089729875, -335.632956488902, 69.8893305055823, 
0.200046632628824, -0.0145784022869404, 0.157121625645671, -0.357978458152163, 
0.114196618662518, -0.0718117449311442, 0.114196618662518, 0.0569632760183144, 
-0.0718117449311442, -0.0288867379479914, 0.171429961306722, 
0.0426549403572634, 0.200046632628824, -0.286436779846909, -0.171970094558501, 
-0.243511772863756, 0.0712716116793654, 0.157121625645671, -0.286436779846909, 
-0.143353423236399, -0.243511772863756, 0.171429961306722, -0.186278430219552, 
0.114196618662518, 0.357438324900385, -273.471577506153, -9.48748641999241, 
-62.0506559008586, -0.0621074647523482, 0.0917041560306478, 0.0492817863383287, 
-0.128052231564621, 0.0262928258722094, -0.0797046362580827, 
0.0570432496730137, 0.139103881587467, 0.552250650408891, -0.00694627586084459, 
0.236273007075404, 0.230881218115019, -0.00884201536028476, 0.330065086660347, 
-0.224213985523864, 0.0389721432924192, 0.0272406956219295, -0.0733054757690031, 
-0.0928578885531525, 0.307609562848062, 0.121980644956592, -0.0547604345135485, 
0.339307856398586, -0.209638928604214, -291.176985761301, -27.6378751752145, 
-23.6444947062643, 44.8335665416847, -0.154107075009729, 0.070621347919861, 
-0.0858511710891787, -0.0555237468357556, 0.144546927803004, 
-0.0435875405612929, 0.303634083710755, 0.510133791293657, -0.341780593859536, 
-0.185668124365511, -0.249484343346751, -0.221665224581528, 0.106452311424528, 
0.179233684345581, -0.13722554491891, 0.163227527174067, -0.283510806160137, 
-0.00580285292423724, -0.141390964404398, -0.307308297469943, 
0.0644834936997814, -0.133750651039175, -0.0894976330913003, 
-332.938655232684, -11.5924015772404, -21.8975604443655, 23.0358614273092, 
41.2712249928569, 0.143928787641162, -0.0568407312853762, -0.115479300687306, 
-0.0875041314261926, 0.211481047754627, 0.0722752373245182, 0.0984728641784521, 
0.34977399323115, -0.0920216090248527, 0.560733942109256, -0.18699237606489, 
0.0875919724119458, 0.18932668353103, 0.0732840606200402, -0.0498351303249093, 
0.421118363142667, -0.140410153218567, -0.352446748805059, -0.0785490887317181, 
0.190138476400519, -0.00118265596496294, -0.00859209055565403, 
-386.632230267319, -15.1885632733845, -3.31942963838673, -5.50197717443147, 
22.0048867731695, 44.7919708916312, 0.201681443620897, 0.270258747156077, 
0.0142077569817361, 0.161301883265513, 0.38404195154211, 0.199346498201793, 
0.332020801746884, -0.00371250750619261, -0.252135379773978, 
-0.216649626920879, 0.00867660357974001, 0.189391315284542, -0.104126874165531, 
0.0327016731388661, 0.159962388194285, 0.0567969272890466, 0.130840555217587, 
-0.015897144155269, -0.223977773227816, 0.1202913248442, -0.0111453819597432, 
-225.166604983954, -2.85212824176949, -23.2434900877738, 28.6004309474078, 
14.7187059339586, 14.3627065541764, 33.4767566936059, 0.107197222131191, 
-0.0535906008150201, 0.197073561262782, 0.158893068191389, -0.0270112213805164, 
0.266453864770232, -0.191814984799738, -0.298965194541912, 0.281846522901218, 
-0.224754593869084, -0.205213131564385, 0.241913883085559, 0.0925954387589668, 
-0.262034923537163, 0.303203922006608, -0.400693023978478, 0.288451049573522, 
0.0176028975408479, -0.0244072774624579, 0.152077988053519), .Dim = c(27L, 
7L), .Dimnames = list(c("1", "2", "3", "4", "5", "6", "7", "8", 
"10", "11", "13", "14", "16", "17", "18", "19", "20", "21", "22", 
"23", "24", "25", "26", "27", "28", "29", "30"), c("x1", "x2", 
"x3", "x4", "x5", "x6", "x7")), assign = 1:7), qraux = c(1.19245008972988, 
1.35743832490038, 1.27922881342156, 1.09535222011785, 1.01321208540186, 
1.54154800614871, 1.23686173885921), pivot = 1:7, tol = 1e-07, 
    rank = 7L), .Names = c("qr", "qraux", "pivot", "tol", "rank"
), class = "qr"), df.residual = 20L, xlevels = structure(list(), .Names = character(0)), 
    call = quote(lm(formula = y ~ . + 0, data = structure(list(y = c(43, 
        63, 71, 61, 81, 43, 58, 71, 67, 64, 69, 68, 81, 74, 65, 
        65, 50, 50, 64, 53, 40, 63, 66, 78, 48, 85, 82), x1 = c(1, 
        1, 1, 1, 1, 1, 1, 1, 1, 1, 1, 1, 1, 1, 1, 1, 1, 1, 1, 
        1, 1, 1, 1, 1, 1, 1, 1), x2 = c(67, 40, 51, 66, 54, 90, 
        57, 70, 57, 61, 70, 67, 53, 62, 51, 85, 77, 82, 60, 54, 
        85, 75, 82, 53, 78, 57, 40), x3 = c(30, 51, 68, 45, 56, 
        49, 42, 50, 45, 53, 57, 83, 50, 64, 65, 46, 68, 33, 52, 
        52, 42, 42, 66, 58, 44, 71, 39), x4 = c(39, 54, 69, 47, 
        66, 44, 56, 55, 47, 58, 42, 45, 72, 69, 75, 57, 54, 34, 
        62, 50, 58, 48, 63, 74, 45, 71, 59), x5 = c(61, 63, 76, 
        54, 71, 54, 66, 70, 62, 58, 55, 59, 60, 79, 55, 75, 64, 
        43, 66, 63, 50, 66, 88, 80, 51, 77, 64), x6 = c(92, 73, 
        86, 84, 83, 49, 68, 66, 80, 67, 63, 77, 54, 79, 80, 85, 
        78, 64, 80, 80, 57, 75, 76, 78, 83, 74, 78), x7 = c(45, 
        47, 48, 35, 47, 34, 35, 41, 41, 34, 25, 35, 36, 63, 60, 
        46, 52, 33, 41, 37, 49, 33, 72, 49, 38, 55, 39)), .Names = c("y", 
        "x1", "x2", "x3", "x4", "x5", "x6", "x7"),