
expected <- structure(list(coefficients = structure(c(4.83004057665482, 0.818089203949266, 
-0.117116488861582, 0.110335538702968, 0.106888834451163, 0.0499054534620016, 
-0.112589939339648), .Names = c("x1", "x2", "x3", "x4", "x5", 
"x6", "x7")), residuals = structure(c(-11.2698389810003, 1.73472453671333, 
4.56042720402424, -0.425911710386403, 6.18886645106659, -13.0886973526046, 
-1.00747419206702, -6.23173664978546, 6.56830423957091, 7.689047951854, 
7.40609088069688, -6.07405290416826, 0.118415086462338, -0.960317236215943, 
-3.13084943357693, 8.74044975141281, -3.97418560299372, -7.35895695639317, 
3.96136909032442, 1.53318247233204, 0.747944622387141, 5.87181176709249, 
-6.46792283263959, 3.73504159602188, -8.25715781682686, 7.92054479384039, 
1.47088122485878), .Names = c("1", "2", "3", "4", "5", "6", "8", 
"9", "10", "12", "13", "14", "15", "16", "17", "18", "19", "20", 
"21", "22", "24", "25", "26", "27", "28", "29", "30")), effects = structure(c(-339.4819582835, 
54.8283956586102, 5.80475161533608, 6.41493582834133, 1.92790121265688, 
2.26522913485826, -4.5446952662993, -8.95844262296742, 8.69606383852235, 
9.58611506291425, 6.44053708217524, -9.35329434624501, 2.88544642282172, 
6.49531697000923, 3.76353001351508, 6.86227042076399, 0.428962239247135, 
-9.61003340153992, 1.92549474588405, 0.963825914538175, 4.73912081705261, 
8.24064213250152, 1.36232834886047, 6.67823798686293, -9.2963714146869, 
13.1670073290563, 3.34764965275545), .Names = c("x1", "x2", "x3", 
"x4", "x5", "x6", "x7", "", "", "", "", "", "", "", "", "", "", 
"", "", "", "", "", "", "", "", "", "")), rank = 7L, fitted.values = structure(c(54.2698389810003, 
61.2652754632867, 66.4395727959758, 61.4259117103864, 74.8111335489334, 
56.0886973526046, 72.007474192067, 78.2317366497855, 60.4316957604291, 
59.310952048146, 61.5939091193031, 74.0740529041683, 76.8815849135377, 
81.9603172362159, 77.1308494335769, 56.2595502485872, 68.9741856029937, 
57.3589569563932, 46.0386309096756, 62.466817527668, 39.2520553776129, 
57.1281882329075, 72.4679228326396, 74.2649584039781, 56.2571578168269, 
77.0794552061596, 80.5291187751412), .Names = c("1", "2", "3", 
"4", "5", "6", "8", "9", "10", "12", "13", "14", "15", "16", 
"17", "18", "19", "20", "21", "22", "24", "25", "26", "27", "28", 
"29", "30")), assign = 1:7, qr = structure(list(qr = structure(c(-5.19615242270663, 
0.192450089729875, 0.192450089729875, 0.192450089729875, 0.192450089729875, 
0.192450089729875, 0.192450089729875, 0.192450089729875, 0.192450089729875, 
0.192450089729875, 0.192450089729875, 0.192450089729875, 0.192450089729875, 
0.192450089729875, 0.192450089729875, 0.192450089729875, 0.192450089729875, 
0.192450089729875, 0.192450089729875, 0.192450089729875, 0.192450089729875, 
0.192450089729875, 0.192450089729875, 0.192450089729875, 0.192450089729875, 
0.192450089729875, 0.192450089729875, -348.719562590534, 70.3467601717852, 
-0.0780287364412797, 0.0214783337195374, -0.191751102339356, 
0.135200699617614, -0.149105215127578, -0.248612285288395, 0.0499089251940565, 
0.0641242209313161, 0.035693629456797, -0.262827581025654, -0.177535806602097, 
-0.362334651186471, -0.291258172500173, 0.0641242209313161, -0.0780287364412797, 
0.0925548124058353, 0.348430135676508, 0.0499089251940565, 0.391076022888286, 
0.149415995354874, -0.177535806602097, -0.149105215127578, 0.106770108143095, 
-0.291258172500173, -0.248612285288395, -278.475279839129, 37.4320326308127, 
-53.0034098114856, -0.075706467318834, -0.012820834695724, 0.0769060743699957, 
-0.0970914619501152, 0.250473687390347, -0.0564200426149869, 
-0.0090434088263427, 0.160337273653413, 0.448364292940387, -0.040911043780521, 
-0.241739647228969, 0.0706103645876936, 0.330557384104143, -0.124342243063939, 
0.406443940963071, -0.0803131118449159, 0.0756469324135353, 0.118416921676098, 
-0.0455176883066029, 0.185489484839803, 0.0538422237967673, -0.0367139039256529, 
0.202677339616216, -0.372127766315544, -288.290234415353, -13.5534947468249, 
-11.9545356831683, 55.6788343761647, -0.0681442103467062, -0.250053633213054, 
0.0537000206654466, -0.0859037752077544, 0.162760112982691, 0.0781629544788643, 
-0.0711500787998688, 0.199406310900734, -0.39271910401577, 0.221926817025665, 
0.146679636263835, -0.108127537234352, 0.1108628933208, -0.314866105409967, 
-0.354463042609587, -0.220995388393974, -0.0286579660515598, 
0.00993649952121576, -0.211590281480392, -0.328431521740612, 
0.222839208501514, 0.104166910762047, -0.193374859533802, -337.172557206741, 
36.836569687152, -5.16778260521913, 12.7324909829083, 39.2289624724593, 
0.259922615971014, -0.0523739512578105, 0.173889938947193, -0.0760050527579001, 
0.0361925396686394, 0.276448780865213, 0.425366412795004, -0.0469665152856555, 
0.29593340557492, -0.138492984707667, 0.311849718525749, -0.280447423279088, 
0.164816311940238, 0.336298344013398, 0.0234209787206758, 0.0314362109348869, 
-0.205201559004463, -0.291865183044355, -0.101394476033232, 0.129177294792138, 
-0.0328331594462257, 0.2269400470056, -390.288781972187, 8.70923785502774, 
-2.19264660625914, -9.20665658263172, 22.2643522042591, 45.1834509417492, 
0.326945970588997, -0.0939615312393442, 0.00465620311910334, 
0.0720884953697477, 0.212959331805658, 0.0551571531531248, -0.0276379142948355, 
0.541669296309976, 0.16896615172948, -0.169168532267941, -0.0119429191146092, 
-0.121169593142989, -0.0447406901590417, -0.12257185999302, 0.343008700355667, 
0.0956799963517642, 0.179554692273474, -0.00320706762481205, 
-0.140318038185859, 0.246535046388123, -0.134237144825148, -227.476006060713, 
10.7846710326676, -14.0153888247995, 5.59479034981729, 29.988020913295, 
-0.0917357864542909, 40.3650210041361, 0.363555970487843, 0.0548088841231135, 
0.00640677421311128, 0.32510335212408, 0.0713434196584361, 0.107788749270275, 
-0.126097165848739, -0.35012181595253, -0.470478362317328, 0.0890356596984939, 
-0.100928800729105, 0.0428874879864439, 0.142296229102951, -0.204908959761017, 
0.358688049581646, -0.357511242539037, 0.0783332652733892, -0.0195005566568941, 
-0.176688798644367, -0.0479161858669159), .Dim = c(27L, 7L), .Dimnames = list(
    c("1", "2", "3", "4", "5", "6", "8", "9", "10", "12", "13", 
    "14", "15", "16", "17", "18", "19", "20", "21", "22", "24", 
    "25", "26", "27", "28", "29", "30"), c("x1", "x2", "x3", 
    "x4", "x5", "x6", "x7")), assign = 1:7), qraux = c(1.19245008972988, 
1.00726303798228, 1.29072539273999, 1.26660968147806, 1.03886406477432, 
1.43580927085612, 1.06208027692641), pivot = 1:7, tol = 1e-07, 
    rank = 7L), .Names = c("qr", "qraux", "pivot", "tol", "rank"
), class = "qr"), df.residual = 20L, xlevels = structure(list(), .Names = character(0)), 
    call = quote(lm(formula = y ~ . + 0, data = structure(list(y = c(43, 
        63, 71, 61, 81, 43, 71, 72, 67, 67, 69, 68, 77, 81, 74, 
        65, 65, 50, 50, 64, 40, 63, 66, 78, 48, 85, 82), x1 = c(1, 
        1, 1, 1, 1, 1, 1, 1, 1, 1, 1, 1, 1, 1, 1, 1, 1, 1, 1, 
        1, 1, 1, 1, 1, 1, 1, 1), x2 = c(51, 64, 70, 63, 78, 55, 
        75, 82, 61, 60, 62, 83, 77, 90, 85, 60, 70, 58, 40, 61, 
        37, 54, 77, 75, 57, 85, 82), x3 = c(30, 51, 68, 45, 56, 
        49, 50, 72, 45, 47, 57, 83, 54, 50, 64, 65, 46, 68, 33, 
        52, 42, 42, 66, 58, 44, 71, 39), x4 = c(47, 45, 48, 39, 
        57, 69, 50, 59, 45, 50, 59, 44, 75, 39, 45, 62, 47, 74, 
        75, 67, 58, 54, 66, 72, 42, 48, 62), x5 = c(61, 63, 76, 
        54, 71, 54, 70, 71, 62, 59, 55, 59, 79, 60, 79, 55, 75, 
        64, 43, 66, 50, 66, 88, 80, 51, 77, 64), x6 = c(92, 73, 
        86, 84, 83, 49, 66, 83, 80, 74, 63, 77, 77, 54, 79, 80, 
        85, 78, 64, 80, 57, 75, 76, 78, 83, 74, 78), x7 = c(45, 
        47, 48, 35, 47, 34, 41, 31, 41, 41, 25, 35, 46, 36, 63, 
        60, 46, 52, 33, 41, 49, 33, 72, 49, 38, 55, 39)), .Names = c("y", 
        "x1", "x2", "x3", "x4", "x5", "x6", "x7"),