
expected <- structure(list(coefficients = structure(c(4.61674794249495, 0.681167028887391, 
-0.12825430078053, 0.349935218945222, -0.0084945467953263, 0.0773074572400918, 
-0.0990664358850147), .Names = c("x1", "x2", "x3", "x4", "x5", 
"x6", "x7")), residuals = structure(c(-8.2922400279476, 1.98086428165159, 
2.02965553752099, 0.226421857053228, 6.18145655574979, -8.15472448437165, 
-7.69357225395953, 2.01605285710238, -5.42614094041675, 8.56034073346108, 
8.46397766815179, 12.7358592185259, -0.239759918486735, 0.939238351322947, 
-3.80293945877449, -3.64823471957015, -2.72203641363327, -4.63452099173511, 
9.15794601666797, 1.24307074192777, -9.38529115909256, -3.85703244192225, 
-2.64280735739529, 3.34310557153968, -7.76593670800335, 7.1266916535328, 
4.26055583110084), .Names = c("1", "2", "3", "4", "5", "6", "7", 
"8", "9", "10", "11", "12", "14", "15", "16", "17", "19", "20", 
"21", "22", "23", "24", "26", "27", "28", "29", "30")), effects = structure(c(-335.248056309443, 
55.507881731414, 5.01730832808559, 12.937982009321, -1.27807960301797, 
3.83656746731035, -3.15078417756252, 6.74328983005043, -4.39319824799253, 
10.3141847875236, 8.82731862937297, 15.26288132274, -0.503323496459663, 
4.16607963959591, -3.7008869943307, -2.7353682180043, 1.01228712386882, 
-5.60524112553185, 9.48190832468599, 1.64733313580227, -7.70569703994707, 
-6.36223050230611, 1.86033852369083, 5.93708430812051, -9.73775752251187, 
8.0725869170902, 5.5073543814199), .Names = c("x1", "x2", "x3", 
"x4", "x5", "x6", "x7", "", "", "", "", "", "", "", "", "", "", 
"", "", "", "", "", "", "", "", "", "")), rank = 7L, fitted.values = structure(c(51.2922400279476, 
61.0191357183484, 68.970344462479, 60.7735781429468, 74.8185434442502, 
51.1547244843716, 65.6935722539595, 68.9839471428976, 77.4261409404167, 
58.4396592665389, 55.5360223318482, 54.2641407814741, 68.2397599184867, 
76.0607616486771, 84.8029394587745, 77.6482347195702, 67.7220364136333, 
54.6345209917351, 40.842053983332, 62.7569292580722, 62.3852911590926, 
43.8570324419223, 68.6428073573953, 74.6568944284603, 55.7659367080034, 
77.8733083464672, 77.7394441688992), .Names = c("1", "2", "3", 
"4", "5", "6", "7", "8", "9", "10", "11", "12", "14", "15", "16", 
"17", "19", "20", "21", "22", "23", "24", "26", "27", "28", "29", 
"30")), assign = 1:7, qr = structure(list(qr = structure(c(-5.19615242270663, 
0.192450089729875, 0.192450089729875, 0.192450089729875, 0.192450089729875, 
0.192450089729875, 0.192450089729875, 0.192450089729875, 0.192450089729875, 
0.192450089729875, 0.192450089729875, 0.192450089729875, 0.192450089729875, 
0.192450089729875, 0.192450089729875, 0.192450089729875, 0.192450089729875, 
0.192450089729875, 0.192450089729875, 0.192450089729875, 0.192450089729875, 
0.192450089729875, 0.192450089729875, 0.192450089729875, 0.192450089729875, 
0.192450089729875, 0.192450089729875, -350.644063487833, 69.9767157041593, 
-0.0740027970375246, 0.0260304773103873, -0.188326539149424, 
0.140354219422287, -0.0311313937455624, -0.145455135857462, -0.245488410205373, 
0.0546114128383621, 0.168935154950261, 0.0689018806023495, -0.259778877969361, 
-0.174036071385436, -0.359812152317273, -0.288359813497336, -0.0740027970375246, 
0.0974828161303243, 0.354711235882098, 0.0546114128383621, -0.0168409259815749, 
0.39758263917406, -0.174036071385436, -0.145455135857462, 0.111773283894312, 
-0.288359813497336, -0.245488410205373, -275.203628313722, 37.1192253786653, 
-51.7989002803227, -0.0646111375218958, 0.00305168115368953, 
0.0897822602435688, -0.161113265566024, -0.0838415133947335, 
0.273352707176091, -0.045318217241926, 0.186296897169124, 0.00293910122085157, 
0.476065967811465, -0.0259127170291181, -0.228538415494507, 0.0899698934649654, 
-0.112830929340394, 0.427646033890144, -0.074407704238998, 0.0898197868878481, 
0.0415874861879235, 0.128280538633523, 0.205752432907637, 0.0706019198964369, 
-0.0260378058433825, 0.22510789759474, -0.363726455149987, -293.67883692779, 
37.9020254461815, -7.52187192325024, 43.33126643185, -0.121492937648673, 
0.135014367433991, -0.0835009050119497, 0.064907370321727, -6.93956314350381e-05, 
0.0915809510779477, -0.178492309224744, 0.280997970441483, 0.591510443853834, 
-0.282447065505078, -0.194720363674145, -0.0742433357923988, 
-0.0527603812070296, 0.0603482267727822, 0.123980681013588, -0.206851483211803, 
0.114317693405659, -0.395054295483173, 0.00709158923035469, -0.31901745600949, 
0.0955309830565158, -0.0726614600816332, -0.0404954151910349, 
-339.28950819377, 36.8715239374229, -8.58423415944909, 19.7034837366774, 
33.3796944967433, 0.0891282688594576, -0.00534326791010281, -0.0787541470762473, 
0.195243614382479, -0.0724219506765863, 0.215632463139881, -0.125555909291352, 
0.195615399430647, -0.0260201866444669, 0.607944339783501, -0.0104391317533713, 
-0.230835737455126, 0.0282513371371344, 0.118579321337855, 0.0901938159779225, 
-0.00439100325568319, 0.338586271621436, -0.427458024109425, 
-0.0225831698730062, 0.196518979383285, 0.101239274755126, 0.186282569069957, 
-389.711431702997, 9.93187509597131, -2.61272901832825, -6.25623984676714, 
23.716156902444, 44.3275858683189, 0.182279299001238, 0.347452835150716, 
-0.0700634810451851, -0.0226262379058824, 0.0839578858493574, 
0.188879609409066, 0.264852346800697, 0.00292032271933325, 0.319549858087797, 
0.0651426267113306, -0.0808066743243233, 0.0395020390664217, 
0.16788377950742, -0.145856573533361, -0.00554551552940012, 0.117042680194013, 
0.303292878343602, -0.0240498236872839, -0.211909929751971, 0.156608456154109, 
-0.0720024619440009, -225.166604983954, 11.2561251087674, -11.4580557756746, 
15.8896201680194, 28.5461971703421, -4.13575510795946, 31.8047595980903, 
0.106562129662023, 0.396119840185719, 0.0504376632994502, 0.270294497148167, 
-0.0189895377269953, -0.0483681104146694, 0.167441382634844, 
-0.128175698773817, -0.448697915036384, 0.126721326706649, -0.194890822588383, 
0.0385251310525608, 0.165860768860147, 0.154300571194528, -0.235185198117177, 
-0.429607872911729, 0.12317357171087, -0.0850741156011277, -0.240956019938509, 
-0.0543892280562005), .Dim = c(27L, 7L), .Dimnames = list(c("1", 
"2", "3", "4", "5", "6", "7", "8", "9", "10", "11", "12", "14", 
"15", "16", "17", "19", "20", "21", "22", "23", "24", "26", "27", 
"28", "29", "30"), c("x1", "x2", "x3", "x4", "x5", "x6", "x7"
)), assign = 1:7), qraux = c(1.19245008972988, 1.0117400095464, 
1.31188851221032, 1.1092741072632, 1.1175208252798, 1.61881679450509, 
1.27836897852471), pivot = 1:7, tol = 1e-07, rank = 7L), .Names = c("qr", 
"qraux", "pivot", "tol", "rank"), class = "qr"), df.residual = 20L, 
    xlevels = structure(list(), .Names = character(0)), call = quote(lm(formula = y ~ 
        . + 0, data = structure(list(y = c(43, 63, 71, 61, 81, 
        43, 58, 71, 72, 67, 64, 67, 68, 77, 81, 74, 65, 50, 50, 
        64, 53, 40, 66, 78, 48, 85, 82), x1 = c(1, 1, 1, 1, 1, 
        1, 1, 1, 1, 1, 1, 1, 1, 1, 1, 1, 1, 1, 1, 1, 1, 1, 1, 
        1, 1, 1, 1), x2 = c(51, 64, 70, 63, 78, 55, 67, 75, 82, 
        61, 53, 60, 83, 77, 90, 85, 70, 58, 40, 61, 66, 37, 77, 
        75, 57, 85, 82), x3 = c(30, 51, 68, 45, 56, 49, 42, 50, 
        72, 45, 53, 47, 83, 54, 50, 64, 46, 68, 33, 52, 52, 42, 
        66, 58, 44, 71, 39), x4 = c(39, 54, 69, 47, 66, 44, 56, 
        55, 67, 47, 58, 39, 45, 72, 72, 69, 57, 54, 34, 62, 50, 
        58, 63, 74, 45, 71, 59), x5 = c(61, 63, 76, 54, 71, 54, 
        66, 70, 71, 62, 58, 59, 59, 79, 60, 79, 75, 64, 43, 66, 
        63, 50, 88, 80, 51, 77, 64), x6 = c(92, 73, 86, 84, 83, 
        49, 68, 66, 83, 80, 67, 74, 77, 77, 54, 79, 85, 78, 64, 
        80, 80, 57, 76, 78, 83, 74, 78), x7 = c(45, 47, 48, 35, 
        47, 34, 35, 41, 31, 41, 34, 41, 35, 46, 36, 63, 46, 52, 
        33, 41, 37, 49, 72, 49, 38, 55, 39)), .Names = c("y", 
        "x1", "x2", "x3", "x4", "x5", "x6", "x7"),