
expected <- structure(list(coefficients = structure(c(-16.1596659784818, 
0.704642705677096, 0.221014736004117, 0.441312901607678, -0.236103947768789, 
0.149746419002966, 0.0117717032371154), .Names = c("x1", "x2", 
"x3", "x4", "x5", "x6", "x7")), residuals = structure(c(-3.61701993797774, 
3.23373360621226, 2.60213369877368, 1.83871039504499, 5.35927461954085, 
-9.03065181446897, -4.49060435289251, 5.14988952096915, -6.04921764496902, 
5.91879970903164, 7.88039531944479, 11.4491859783022, -3.46886165944157, 
3.32019539499768, -2.54323538096806, -2.72450145060001, -3.02724979631634, 
-6.10989682315678, 8.56257925150844, 0.337728280049257, -12.8661764994637, 
-3.64514644236612, -2.62342976979262, -0.406456241907803, -7.7497617817124, 
5.33240847551352, 7.36717534664526), .Names = c("1", "2", "3", 
"4", "5", "6", "7", "8", "9", "10", "11", "12", "14", "15", "16", 
"17", "19", "20", "21", "22", "23", "24", "26", "27", "28", "29", 
"30")), effects = structure(c(-335.248056309443, 55.507881731414, 
5.2834954397763, 13.1027530407198, -3.65195893159944, 6.29196922103614, 
0.336665514095206, 9.18094458021378, -5.47525310176267, 6.37079244122368, 
7.72689235051709, 13.1847518297428, -2.55490465543302, 5.56867554416377, 
-2.42000936184315, -1.27139888150622, -0.975040339445194, -6.30408326614012, 
7.89409026615533, -0.223129792290105, -12.330955496045, -5.83685170570191, 
2.4259350101876, 1.19664082073519, -10.5160559703003, 6.92130318704493, 
7.25135525519687), .Names = c("x1", "x2", "x3", "x4", "x5", "x6", 
"x7", "", "", "", "", "", "", "", "", "", "", "", "", "", "", 
"", "", "", "", "", "")), rank = 7L, fitted.values = structure(c(46.6170199379777, 
59.7662663937877, 68.3978663012263, 59.161289604955, 75.6407253804591, 
52.030651814469, 62.4906043528925, 65.8501104790308, 78.049217644969, 
61.0812002909684, 56.1196046805552, 55.5508140216978, 71.4688616594416, 
73.6798046050023, 83.5432353809681, 76.7245014506, 68.0272497963163, 
56.1098968231568, 41.4374207484916, 63.6622717199507, 65.8661764994637, 
43.6451464423661, 68.6234297697926, 78.4064562419078, 55.7497617817124, 
79.6675915244865, 74.6328246533547), .Names = c("1", "2", "3", 
"4", "5", "6", "7", "8", "9", "10", "11", "12", "14", "15", "16", 
"17", "19", "20", "21", "22", "23", "24", "26", "27", "28", "29", 
"30")), assign = 1:7, qr = structure(list(qr = structure(c(-5.19615242270663, 
0.192450089729875, 0.192450089729875, 0.192450089729875, 0.192450089729875, 
0.192450089729875, 0.192450089729875, 0.192450089729875, 0.192450089729875, 
0.192450089729875, 0.192450089729875, 0.192450089729875, 0.192450089729875, 
0.192450089729875, 0.192450089729875, 0.192450089729875, 0.192450089729875, 
0.192450089729875, 0.192450089729875, 0.192450089729875, 0.192450089729875, 
0.192450089729875, 0.192450089729875, 0.192450089729875, 0.192450089729875, 
0.192450089729875, 0.192450089729875, -350.644063487833, 69.9767157041593, 
-0.0740027970375246, 0.0260304773103873, -0.188326539149424, 
0.140354219422287, -0.0311313937455624, -0.145455135857462, -0.245488410205373, 
0.0546114128383621, 0.168935154950261, 0.0689018806023495, -0.259778877969361, 
-0.174036071385436, -0.359812152317273, -0.288359813497336, -0.0740027970375246, 
0.0974828161303243, 0.354711235882098, 0.0546114128383621, -0.0168409259815749, 
0.39758263917406, -0.174036071385436, -0.145455135857462, 0.111773283894312, 
-0.288359813497336, -0.245488410205373, -278.860180018589, -15.5718463734916, 
47.1329778448209, 0.156489456516578, -0.0390695216644887, -0.306401989595391, 
-0.0257878842279297, 0.0127722143963551, 0.01203537870923, -0.388868894342694, 
-0.0667473476024478, -0.279649857033415, -0.0335339564768969, 
0.0701495156447907, 0.0505954773335147, 0.214792451140996, -0.268578726658231, 
0.129737323954602, -0.216925848286245, -0.0918369511013156, -0.425766463903871, 
0.153164398390361, -0.014716753852746, -0.432775700465713, 0.0692238222688076, 
-0.0185897899772296, 0.0969016482067667, -293.67883692779, 37.9020254461815, 
-8.19232803648651, 43.2095240561655, -0.138575946466935, -0.019220969923371, 
-0.0369982190469422, 0.0999102650102551, -0.0920803954967117, 
-0.0479716015783872, -0.271743929428769, 0.168660648391959, 0.411090488224356, 
-0.245946339566719, -0.0940301870409989, -0.0202321708357067, 
-0.120589238240302, -0.0389740085563736, 0.0637416719608022, 
-0.276062430723468, -0.070746106415695, -0.380219945817372, -0.0716746004098155, 
-0.518389897515725, 0.132769938856908, -0.160061366877506, 0.127079646217257, 
-339.28950819377, 36.8715239374229, 1.58751635050697, 21.5543190624407, 
33.3018238802781, 0.119890617193249, 0.0188973138963381, -0.0742574237665478, 
0.164561641905863, -0.0137094786302006, 0.212691545408588, -0.0954032415425274, 
0.127670201612988, -0.0230521846425953, 0.633754079623302, -0.0490738575372511, 
-0.17759208847598, -0.0390544845168238, 0.15424215330618, 0.102095102685571, 
0.0497427379340266, 0.317808523446693, -0.448651069758874, 0.0457045228485263, 
0.185959391819997, 0.0827714035316029, 0.212993136379029, -389.711431702997, 
9.93187509597131, -6.77534884080993, -7.10362054630279, 25.6642493079858, 
42.6419674470474, 0.215023253897918, 0.38461894871026, -0.130894809392744, 
-0.182869230869552, 0.0185067644041856, 0.0696452839840237, 0.136194858740201, 
0.048518938440407, 0.390317162825273, 0.144314512426963, -0.167894125594811, 
0.00446000534482301, 0.0889579053536494, -0.206341881941184, 
-0.202075320730756, 0.16339611790231, 0.278051797530431, -0.216198214247735, 
-0.193712195255421, 0.106719485731396, 0.0393265179090782, -225.166604983954, 
11.2561251087674, -10.9418367484316, 15.8544740317, 31.2277430682988, 
-7.94385498144537, 28.5995583913228, 0.188679730625879, 0.401532706421991, 
-0.0676827688704344, 0.26194815454526, -0.0730859584892443, -0.0642664968080744, 
0.211857688660001, -0.11166146385838, -0.422466888966557, 0.0638604386082804, 
-0.195142745539712, -0.00727596806611195, 0.117260092785851, 
0.0276905733687161, -0.229523309140313, -0.41372605852516, -0.0151625246642586, 
-0.118101467520314, -0.271834084568972, -0.0325828875881558), .Dim = c(27L, 
7L), .Dimnames = list(c("1", "2", "3", "4", "5", "6", "7", "8", 
"9", "10", "11", "12", "14", "15", "16", "17", "19", "20", "21", 
"22", "23", "24", "26", "27", "28", "29", "30"), c("x1", "x2", 
"x3", "x4", "x5", "x6", "x7")), assign = 1:7), qraux = c(1.19245008972988, 
1.0117400095464, 1.19818575557822, 1.19519370162612, 1.12780389468648, 
1.48501789029359, 1.33905710371546), pivot = 1:7, tol = 1e-07, 
    rank = 7L), .Names = c("qr", "qraux", "pivot", "tol", "rank"
), class = "qr"), df.residual = 20L, xlevels = structure(list(), .Names = character(0)), 
    call = quote(lm(formula = y ~ . + 0, data = structure(list(y = c(43, 
        63, 71, 61, 81, 43, 58, 71, 72, 67, 64, 67, 68, 77, 81, 
        74, 65, 50, 50, 64, 53, 40, 66, 78, 48, 85, 82), x1 = c(1, 
        1, 1, 1, 1, 1, 1, 1, 1, 1, 1, 1, 1, 1, 1, 1, 1, 1, 1, 
        1, 1, 1, 1, 1, 1, 1, 1), x2 = c(51, 64, 70, 63, 78, 55, 
        67, 75, 82, 61, 53, 60, 83, 77, 90, 85, 70, 58, 40, 61, 
        66, 37, 77, 75, 57, 85, 82), x3 = c(44, 47, 42, 45, 52, 
        68, 53, 50, 49, 71, 57, 66, 51, 47, 46, 39, 64, 47, 66, 
        57, 72, 49, 51, 71, 50, 50, 45), x4 = c(39, 54, 69, 47, 
        66, 44, 56, 55, 67, 47, 58, 39, 45, 72, 72, 69, 57, 54, 
        34, 62, 50, 58, 63, 74, 45, 71, 59), x5 = c(61, 63, 76, 
        54, 71, 54, 66, 70, 71, 62, 58, 59, 59, 79, 60, 79, 75, 
        64, 43, 66, 63, 50, 88, 80, 51, 77, 64), x6 = c(92, 73, 
        86, 84, 83, 49, 68, 66, 83, 80, 67, 74, 77, 77, 54, 79, 
        85, 78, 64, 80, 80, 57, 76, 78, 83, 74, 78), x7 = c(45, 
        47, 48, 35, 47, 34, 35, 41, 31, 41, 34, 41, 35, 46, 36, 
        63, 46, 52, 33, 41, 37, 49, 72, 49, 38, 55, 39)), .Names = c("y", 
        "x1", "x2", "x3", "x4", "x5", "x6", "x7"),