
expected <- structure(list(coefficients = structure(c(0.554873383637969, 
-0.00457092340828683, 0.502943009539028, 0.127504657341839, 0.122951679720767, 
-0.41627346184852), .Names = c("x1", "x2", "x3", "x4", "x5", 
"x6")), residuals = structure(c(-5.13322508428908, 3.11888470061373, 
-2.51645396632396, -0.0332744924589344, 5.0886417763129, -8.18013937272665, 
-9.35579689565672, 1.97825193321014, 9.04588250605647, 4.1835400902949, 
9.38291101808267, -2.7280225852892, -4.22578056269785, -1.135588700779, 
2.41149846728215, -3.16378875347238, -5.13506504632065, 11.2412592758008, 
-1.97628480253829, -10.9979154816284, -2.49510994531858, 5.18789248620668, 
1.2979725520979, 0.0386231039554851, -6.94843305766952, 6.43010176250031, 
5.48914691580188), .Names = c("1", "2", "3", "4", "5", "6", "7", 
"8", "10", "11", "13", "14", "16", "17", "18", "19", "20", "21", 
"22", "23", "24", "25", "26", "27", "28", "29", "30")), effects = structure(c(-335.501437179567, 
-3.95838224064712, -17.586570973661, 1.210074995808, 5.95872153765282, 
-14.3955946316014, -6.89953961448508, 2.07389082441563, 10.6582689308971, 
7.0364771529363, 11.7462529129415, -3.12691595383571, -4.88094864411478, 
-4.50048352913314, 0.285772446861599, -1.09023295635304, -6.2730358979653, 
12.4018791645297, 0.971643200083991, -8.62231722224511, -3.76278919521079, 
9.33279073235472, -3.87094508872086, 1.5884186528683, -4.97646923265821, 
4.3378219902191, 7.05088915064119), .Names = c("x1", "x2", "x3", 
"x4", "x5", "x6", "", "", "", "", "", "", "", "", "", "", "", 
"", "", "", "", "", "", "", "", "", "")), rank = 6L, fitted.values = structure(c(48.1332250842891, 
59.8811152993863, 73.516453966324, 61.0332744924589, 75.9113582236871, 
51.1801393727267, 67.3557968956567, 69.0217480667899, 57.9541174939435, 
59.8164599097051, 59.6170889819173, 70.7280225852892, 85.2257805626978, 
75.135588700779, 62.5885015327178, 68.1637887534724, 55.1350650463206, 
38.7587407241992, 65.9762848025383, 63.9979154816284, 42.4951099453186, 
57.8121075137933, 64.7020274479021, 77.9613768960445, 54.9484330576695, 
78.5698982374997, 76.5108530841981), .Names = c("1", "2", "3", 
"4", "5", "6", "7", "8", "10", "11", "13", "14", "16", "17", 
"18", "19", "20", "21", "22", "23", "24", "25", "26", "27", "28", 
"29", "30")), assign = 1:6, qr = structure(list(qr = structure(c(-349.220560677632, 
0.183265269020282, 0.200446387990933, 0.18040174919184, 0.223354546618469, 
0.157493590564305, 0.191855828505608, 0.214763987133143, 0.174674709534956, 
0.151766550907421, 0.177538229363398, 0.237672145760678, 0.257716784559771, 
0.243399185417562, 0.171811189706514, 0.200446387990933, 0.16608415004963, 
0.114540793137676, 0.174674709534956, 0.188992308677166, 0.10595023365235, 
0.154630070735863, 0.220491026790027, 0.214763987133143, 0.163220630221189, 
0.243399185417562, 0.234808625932236, -274.657367864834, -57.3614005892586, 
0.256519929331472, -0.0515519458496965, -0.0588452683668549, 
0.124346643331089, -0.156934566504782, -0.123633242909256, -0.0250106246191928, 
0.220621268820364, 0.170918627541868, 0.345501232303588, -0.322693152138033, 
-0.0122732841560764, 0.336926557289913, -0.127013244091767, 0.415767856714495, 
0.0444733355247841, 0.0970226578336561, 0.0306693547573967, 0.241185251952774, 
0.0155840214934921, 0.128758652895324, 0.015833365608286, 0.0106386917771219, 
0.109759998296772, -0.408294453927638, -291.927255950167, -20.5369509918163, 
-49.7364139978497, -0.0808364364126426, 0.0548528932940135, -0.0816842885499636, 
0.0776699006617273, -0.089355766893372, -0.0586814423196196, 
0.192804760875432, -0.257738452225715, -0.619521929252456, 0.0862836612507407, 
-0.0206713045459187, 0.369614618367873, 0.0353935536814349, -0.0523186308054869, 
1.76315077571833e-05, 0.191896219423976, -0.104763183814548, 
0.450206798391401, 0.0608294169290663, -0.0672622116807705, 0.234358405266898, 
-0.0472959782159208, -0.0314715539754537, -0.00631218877851298, 
-333.25357411424, -17.2145465781974, -23.6378978563328, 42.2251644298173, 
0.146000228302749, 0.00706002857311021, -0.0177673340709542, 
-0.00654676304073772, -0.0879236260102464, 0.057316557765088, 
0.0661229302231042, 0.326607979092074, 0.600919428546484, 0.0956860533484365, 
0.436347677663849, -0.172939897759268, -0.029343201096537, -0.0677702797907893, 
0.00564950897785734, 0.000961066976371472, 0.0259585354218034, 
-0.263036040106379, -0.275082068309821, -0.00721962188355292, 
0.0995947827022247, 0.184712352652851, 0.234129934911344, -380.636236715468, 
-26.820354697575, -23.3450604319415, 44.8331061255472, 63.9431358438606, 
0.26792374276834, 0.147288488410179, 0.284950508972265, -0.110914477147583, 
0.0414622305967748, 0.117486866788512, 0.127366852996406, 0.45338248464543, 
0.280631216239526, -0.110239519473078, 0.0056324095591149, 0.0010225023985297, 
-0.215289034491682, -0.0360634095098851, -0.0518162791005108, 
-0.00133262523206831, -0.0333808957019563, 0.385322223625446, 
0.24230471828548, -0.300178905317552, 0.359939297488611, 0.0380566387833409, 
-223.723940676338, -27.8684151549162, -31.9796202398411, 23.2686844562261, 
4.5719811503515, 34.5820619159237, 0.189231459160696, 0.0623900049149517, 
0.0173219086423693, 0.32041662151582, 0.400124886822385, 0.25483086064055, 
-0.0148075018552386, -0.306852764472973, -0.317993987276961, 
0.0591366292851591, -0.0224493354121631, -0.056850334112415, 
0.211408402573967, 0.17810215394394, -0.209676981652164, 0.33649438859424, 
-0.385320162108971, 0.172524944906336, -0.0355888909790112, -0.0489681524135365, 
-0.0713984098578874), .Dim = c(27L, 6L), .Dimnames = list(c("1", 
"2", "3", "4", "5", "6", "7", "8", "10", "11", "13", "14", "16", 
"17", "18", "19", "20", "21", "22", "23", "24", "25", "26", "27", 
"28", "29", "30"), c("x1", "x2", "x3", "x4", "x5", "x6")), assign = 1:6), 
    qraux = c(1.14603951125054, 1.03977734992321, 1.11634130214383, 
    1.1253872180128, 1.07097030048133, 1.0946403318503), pivot = 1:6, 
    tol = 1e-07, rank = 6L), .Names = c("qr", "qraux", "pivot", 
"tol", "rank"), class = "qr"), df.residual = 21L, xlevels = structure(list(), .Names = character(0)), 
    call = quote(lm(formula = y ~ . + 0, data = structure(list(y = c(43, 
        63, 71, 61, 81, 43, 58, 71, 67, 64, 69, 68, 81, 74, 65, 
        65, 50, 50, 64, 53, 40, 63, 66, 78, 48, 85, 82), x1 = c(51, 
        64, 70, 63, 78, 55, 67, 75, 61, 53, 62, 83, 90, 85, 60, 
        70, 58, 40, 61, 66, 37, 54, 77, 75, 57, 85, 82), x2 = c(30, 
        51, 68, 45, 56, 49, 42, 50, 45, 53, 57, 83, 50, 64, 65, 
        46, 68, 33, 52, 52, 42, 42, 66, 58, 44, 71, 39), x3 = c(39, 
        54, 69, 47, 66, 44, 56, 55, 47, 58, 42, 45, 72, 69, 75, 
        57, 54, 34, 62, 50, 58, 48, 63, 74, 45, 71, 59), x4 = c(61, 
        63, 76, 54, 71, 54, 66, 70, 62, 58, 55, 59, 60, 79, 55, 
        75, 64, 43, 66, 63, 50, 66, 88, 80, 51, 77, 64), x5 = c(92, 
        73, 86, 84, 83, 49, 68, 66, 80, 67, 63, 77, 54, 79, 80, 
        85, 78, 64, 80, 80, 57, 75, 76, 78, 83, 74, 78), x6 = c(45, 
        47, 48, 35, 47, 34, 35, 41, 41, 34, 25, 35, 36, 63, 60, 
        46, 52, 33, 41, 37, 49, 33, 72, 49, 38, 55, 39)), .Names = c("y", 
        "x1", "x2", "x3", "x4", "x5", "x6"), row.names = c("1", 
        "2", "3", "4", "5", "6", "7", "8", "10", "11", "13", 
        "14", "16", "17", "18", "19", "20", "21", "22", "23", 
        "24", "25", "26", "27", "28", "29", "30"), class = "data.frame"))), 
    terms = y ~ x1 + x2 + x3 + x4 + x5 + x6 + 0, model = structure(list(
        y = c(43, 63, 71, 61, 81, 43, 58, 71, 67, 64, 69, 68, 
        81, 74, 65, 65, 50, 50, 64, 53, 40, 63, 66, 78, 48, 85, 
        82), x1 = c(51, 64, 70, 63, 78, 55, 67, 75, 61, 53, 62, 
        83, 90, 85, 60, 70, 58, 40, 61, 66, 37, 54, 77, 75, 57, 
        85, 82), x2 = c(30, 51, 68, 45, 56, 49, 42, 50, 45, 53, 
        57, 83, 50, 64, 65, 46, 68, 33, 52, 52, 42, 42, 66, 58, 
        44, 71, 39),