
expected <- structure(list(coefficients = structure(c(-2.44657490907174, 
-0.348262329807931, 0.101794657650883, -0.00311297817402444, 
0.249399793756756, 0.580902501423382, 0.564833692430619), .Names = c("x1", 
"x2", "x3", "x4", "x5", "x6", "x7")), residuals = structure(c(-19.9785313256511, 
-9.55949248994601, 0.812400201665999, -2.11885699576379, 14.478856646303, 
-1.83645411662639, -3.19300972442199, 21.3145702892831, -4.81987520115853, 
10.9695931973839, 5.40711868201345, 8.19145426225657, 7.61470143767419, 
17.1727470080191, 7.83959927416241, -10.1843795728982, 1.85629961756376, 
-14.2268587501274, -18.6920764066805, -4.55630491101942, -4.71149823812667, 
-3.94705118385104, 2.13216450054071, -9.82661239314764, -8.14099237332702, 
19.7476800773814, 7.9363549970205), .Names = c("1", "2", "3", 
"4", "5", "6", "8", "9", "10", "12", "13", "14", "15", "16", 
"17", "18", "19", "20", "21", "22", "24", "25", "26", "27", "28", 
"29", "30")), effects = structure(c(-218.354161119555, -237.605773485266, 
60.7499484623343, 55.5030046449414, 51.6474607557934, -40.957741149937, 
-30.5865968796148, 18.5803011182464, -0.303410207780617, 13.007699909106, 
12.5460853401857, 11.7679262600645, 15.0493550401848, 20.8412515702297, 
11.7771048806417, -2.91699420565562, 2.82953675359873, -6.43440292360258, 
-12.5128822498489, 3.84562182902815, -7.88820347775344, -0.111169406171113, 
2.57069396951834, -6.39627052772224, -12.3927357374564, 28.1809248743157, 
16.3875563736089), .Names = c("x1", "x2", "x3", "x4", "x5", "x6", 
"x7", "", "", "", "", "", "", "", "", "", "", "", "", "", "", 
"", "", "", "", "", "")), rank = 7L, fitted.values = structure(c(62.9785313256511, 
72.559492489946, 70.187599798334, 63.1188569957638, 66.521143353697, 
44.8364541166264, 74.193009724422, 50.6854297107169, 71.8198752011585, 
56.0304068026161, 63.5928813179866, 59.8085457377434, 69.3852985623258, 
63.8272529919809, 66.1604007258376, 75.1843795728982, 63.1437003824362, 
64.2268587501274, 68.6920764066805, 68.5563049110194, 44.7114982381267, 
66.947051183851, 63.8678354994593, 87.8266123931476, 56.140992373327, 
65.2523199226186, 74.0636450029795), .Names = c("1", "2", "3", 
"4", "5", "6", "8", "9", "10", "12", "13", "14", "15", "16", 
"17", "18", "19", "20", "21", "22", "24", "25", "26", "27", "28", 
"29", "30")), assign = 1:7, qr = structure(list(qr = structure(c(-8.23036362149105, 
-0.0550142242983221, -0.089688179217813, 0.106790288982871, 0.151943378522722, 
0.153208107287052, -0.171553427572632, 0.0764601719620365, 0.0889861211222522, 
0.362138435307375, 0.146621177408052, 0.301722886586285, 0.168238723537967, 
-0.0393992995890879, 0.0550381698164897, 0.320944191128543, 0.0681469754134528, 
0.361960350744845, 0.288684788001791, 0.270807995625707, -0.0134184044662448, 
0.265925791864507, 0.0127624629076832, -0.0337596901714336, 0.116086000211217, 
0.326255434553976, 0.0738875665593063, -234.974301377105, -257.651077413507, 
0.290537086366569, 0.14590903170124, 0.0527179169486619, 0.191136046480747, 
0.448798725027636, 0.239321634208868, 0.129359269655072, -0.0827839721783866, 
0.120312098351585, -0.05146010281845, -0.0184426113488287, 0.246380782880678, 
0.183813562234025, -0.133403856837412, 0.25954791501409, -0.0748376799000023, 
0.020218829870503, -0.0467117879350409, 0.343756824433053, 0.0165469178216247, 
0.305083782559857, 0.240558394027588, 0.182886663005045, -0.115599929359762, 
0.0789664615116035, -185.677710396698, -199.011431401634, 80.4812899580555, 
0.326122689059234, 0.0329873737500505, 0.391889525842428, 0.145097816203584, 
0.0630085952366884, -0.277762645638338, 0.0848115956365101, 0.322439552768193, 
-0.223509562247201, -0.274594990771483, -0.0271606518548011, 
0.096857967715851, -0.317809240169929, 0.297039060268685, -0.0422162551904568, 
0.305460472373504, 0.030569423878047, 0.0451118530078966, 0.0852373721431844, 
0.0548922890901486, 0.0334839925460596, -0.0163087891691518, 
-0.0294650776789865, -0.21253200939445, -174.462024663892, -210.757541489403, 
43.3160390515335, 77.2721257401672, -0.41323865695994, 0.344795702072781, 
0.0996693367070676, 0.183322431751747, 0.0620799070737184, -0.148368806539679, 
0.0545191594100085, -0.0305528050057901, -0.00142633291653927, 
0.0382023720266109, 0.247395177425507, -0.13464004476673, -0.0530605971112499, 
0.239528804150467, -0.109715662040493, -0.00903115247472495, 
0.527566903683594, 0.219993041055831, 0.21211022459405, -0.300925931005118, 
-0.063799652100104, -0.0931703797959882, 0.094377637102992, -231.439091432264, 
-248.839484092104, 50.4591500741108, 42.8120629891712, 67.5933395401772, 
0.346063148302308, 0.214953079949395, 0.355509563405636, -0.0179064607954763, 
0.177240499387535, -0.250313478820903, 0.0315572604605838, -0.148047301841878, 
-0.14418204970741, 0.0542660749387798, -0.0856323903543583, 0.0617087340705393, 
-0.155670485098781, -0.0958422680711485, -0.200086989224362, 
0.323687154888587, 0.169842991734511, 0.0898178752363612, 0.0474637066335372, 
0.464838586258989, -0.220191760838026, -0.264915327199547, -277.153135234813, 
-265.929940451059, 35.9057654284973, 53.6191653838603, 50.1933997953528, 
-61.9983074827467, 0.317834675731353, -0.267002106597573, -0.13972080002622, 
-0.139852634775325, -0.130623949279107, -0.126440297139726, 0.160815306547554, 
0.213564199393669, 0.216132081861247, 0.23856867349578, -0.287802062774554, 
-0.0646179124936779, -0.351645228962436, -0.0605395876306137, 
-0.0498564834474644, 0.271304479499022, 0.0607395832423124, 0.256482830518575, 
-0.0177225088369035, -0.0517573217720806, 0.375618363758711, 
-147.380277261504, -161.452545556222, 34.0807828415973, 24.6421633426582, 
9.97147371793929, -8.75083996481078, -54.1515091778486, 0.202813079736543, 
0.376292024143208, -0.035043830334816, 0.0508062146972484, -0.163131991456556, 
0.289792289139171, -0.211613766871776, 0.440516536638559, 0.0102338818628289, 
-0.029595567976161, -0.0631771743506911, 0.190612664778932, 0.213335710217642, 
0.00808270893742543, 0.29403567455074, -0.216434737559769, 0.422730428869524, 
-0.0157516794803659, 0.0146254785337411, 0.131224129420526), .Dim = c(27L, 
7L), .Dimnames = list(c("1", "2", "3", "4", "5", "6", "8", "9", 
"10", "12", "13", "14", "15", "16", "17", "18", "19", "20", "21", 
"22", "24", "25", "26", "27", "28", "29", "30"), c("x1", "x2", 
"x3", "x4", "x5", "x6", "x7")), assign = 1:7), qraux = c(1.13523518401359, 
1.21204595242162, 1.21252749116855, 1.00202188625133, 1.05775267577348, 
1.27656779715714, 1.21787288254353), pivot = 1:7, tol = 1e-07, 
    rank = 7L), .Names = c("qr", "qraux", "pivot", "tol", "rank"
), class = "qr"), df.residual = 20L, xlevels = structure(list(), .Names = character(0)), 
    call = quote(lm(formula = y ~ . + 0, data = structure(list(y = c(43, 
        63, 71, 61, 81, 43, 71, 72, 67, 67, 69, 68, 77, 81, 74, 
        65, 65, 50, 50, 64, 40, 63, 66, 78, 48, 85, 82), x1 = c(1.11303473885111, 
        -0.452787070329459, -0.738166327512058, 0.878922909573136, 
        1.25054925511986, 1.26095843273285, -1.41194708943589, 
        0.629295017809295, 0.732388134102181, 2.98053100389751, 
        1.20674560467942, 2.48328906953103, 1.38466586993297, 
        -0.324270562050256, 0.452984150651084, 2.64148739519323, 
        0.560874387357527, 2.97906530319251, 2.3759807772478, 
        2.22884827560673, -0.110438347977434, 2.18866596337784, 
        0.105039710436025, -0.277854525859776, 0.955429993102805, 
        2.6852008598668, 0.608121539890213), x2 = c(67, 40, 51, 
        66, 54, 90, 70, 82, 57, 75, 70, 67, 40, 53, 62, 51, 85, 
        77, 82, 60, 85, 75, 82, 53, 78, 57, 40), x3 = c(58, 66, 
        30, 30, 42, 45, 54, 66, 71, 52, 33, 71, 54, 50, 46, 64, 
        50, 64, 42, 45, 72, 54, 68, 45, 68, 46, 51), x4 = c(59, 
        74, 57, 47, 75, 39, 62, 58, 54, 63, 45, 59, 39, 50, 34, 
        54, 72, 39, 63, 44, 39, 39, 59, 74, 74, 47, 34),