
expected <- structure(list(coefficients = structure(c(2.40936976030999, 0.621565364193217, 
-0.159125507276249, 0.406460068592741, 0.196764462119682, 0.0614857975788579, 
-0.256258961024918), .Names = c("x1", "x2", "x3", "x4", "x5", 
"x6", "x7")), residuals = structure(c(-8.58739559308014, 5.63685216520074, 
4.10228231226577, 0.959732064215804, 4.56010307284269, -9.23658366998538, 
-9.0463043119183, -7.3899225396611, 8.76530050896325, 8.43029602423133, 
8.49939816094165, 11.2651054471424, -2.03081884377925, -3.35993937766811, 
-1.36922286543395, -2.04363050973581, 0.835039563292958, -8.42012200144525, 
6.90485140208472, -3.61030562992316, -8.24270913265791, -0.409468809688109, 
2.19400915464381, 3.22292623353573, -6.42085890720892, 2.52997869030369, 
4.39648291731486), .Names = c("1", "2", "3", "4", "5", "6", "7", 
"9", "10", "11", "12", "13", "14", "15", "16", "17", "18", "20", 
"21", "22", "23", "24", "25", "27", "28", "29", "30")), effects = structure(c(-235.111093863139, 
-243.459811813757, 0.46763777768758, 17.9107290888027, 6.22561557740003, 
0.455117380237557, -8.49763849492737, -5.69627585578286, 8.87923941456724, 
9.13618733853747, 12.5165459720532, 13.9874479931312, -1.3481336435032, 
0.969748540737686, -3.71836051111972, -4.06463443212366, -1.98041082609673, 
-5.87247077486596, 9.20497241263083, 0.423328979592854, -8.87015214034376, 
-3.40209611831039, 9.09356577578476, 3.99888994637678, -8.65585986704369, 
5.90903148404057, 3.82516903156833), .Names = c("x1", "x2", "x3", 
"x4", "x5", "x6", "x7", "", "", "", "", "", "", "", "", "", "", 
"", "", "", "", "", "", "", "", "", "")), rank = 7L, fitted.values = structure(c(51.5873955930801, 
57.3631478347993, 66.8977176877342, 60.0402679357842, 76.4398969271573, 
52.2365836699854, 67.0463043119183, 79.3899225396611, 58.2346994910367, 
55.5697039757687, 58.5006018390583, 57.7348945528576, 70.0308188437793, 
80.3599393776681, 82.369222865434, 76.0436305097358, 64.164960436707, 
58.4201220014453, 43.0951485979153, 67.6103056299232, 61.2427091326579, 
40.4094688096881, 60.8059908453562, 74.7770737664643, 54.4208589072089, 
82.4700213096963, 77.6035170826851), .Names = c("1", "2", "3", 
"4", "5", "6", "7", "9", "10", "11", "12", "13", "14", "15", 
"16", "17", "18", "20", "21", "22", "23", "24", "25", "27", "28", 
"29", "30")), assign = 1:7, qr = structure(list(qr = structure(c(-8.10763086256022, 
-0.0558470258457818, -0.0910458727124338, 0.108406873040047, 
0.154243486946933, 0.155527361088399, 0.0575658401456675, 0.0776176207917015, 
0.09033318690966, 0.0341259055097627, 0.367620462058915, 0.148840718717472, 
0.306290346912373, 0.170785509775382, -0.0399957234791839, 0.0558713338495582, 
0.325802622242116, 0.367439681664513, 0.293054878487341, 0.274907468456563, 
0.0172760230659855, -0.0136215313510906, 0.269951358230276, -0.0342707420416567, 
0.11784330210627, 0.331194266905594, 0.0750060714651457, -236.030123801033, 
-256.989845438432, 0.361797881139728, 0.138682547441905, 0.152035769645906, 
0.0612772134953724, 0.204176905977095, 0.242852684027525, 0.148649795009048, 
0.172719742514605, -0.127557403746956, 0.0950824062744662, 0.0221708682763472, 
0.131899112311993, 0.389487059341548, 0.275882710695824, -0.0864892853912853, 
-0.135162273097175, -0.132152738631615, -0.0326153892565422, 
0.239853192064999, 0.157351881184977, -0.0549865638332883, 0.325496651919747, 
0.106068071214343, 0.00549584111311248, 0.245417412796503, -203.509123187252, 
-189.547242134684, -52.1524666597055, -0.0779026768765586, -0.0969271097268272, 
0.10015203315492, -0.177992569371631, 0.174966603624271, -0.0436864431139217, 
0.241791232219011, -0.0733684239765765, 0.15458978831458, 0.303469239251972, 
-0.125774029722137, -0.327268751333758, -0.0152264379926457, 
0.284208088108115, 0.358192827339478, -0.0312200607108434, 0.0356517706474428, 
0.0401541824587058, 0.275804841997476, -0.0536730797735945, 0.0407401328213059, 
-0.0133572376198333, 0.0371274366322395, -0.457016945272063, 
-195.490645862299, -218.753073917257, -21.5680728409818, 50.3320798896536, 
-0.0652735760409521, 0.0742182069326155, -0.0739077783980943, 
0.118866302447453, 0.0601285885035178, -0.153664465693729, 0.144976272982169, 
0.257924041568193, 0.595676953388565, -0.21715247909336, -0.0571427518086185, 
0.0460104596732025, -0.39992200456918, 0.0109276792363173, -0.0617421455624341, 
-0.230609049065004, 0.134697943244324, -0.400250261989828, -0.110571672981248, 
-0.182057974163116, 0.0420050738128342, -0.0130859661118253, 
-0.0112245821919506, -227.458727894414, -236.822152220161, -14.0374548334451, 
26.1783689762525, 38.5413827204978, -4.91174432262031e-05, -0.0925391941758591, 
0.184868938103549, -0.153470500866459, 0.0392624531977342, -0.0563041211245424, 
0.029221289340135, 0.325049992057059, -0.000677183085451275, 
0.489942677304367, -0.00111082161672444, 0.626102297060262, 0.0876232766802376, 
0.0182357324693864, 0.0866099192780627, -0.104290940901348, 0.0415981511283847, 
-0.222736018450408, -0.108157737009832, 0.0762034014524986, 0.244971634042275, 
0.141628789295529, -279.483390695134, -262.199078640398, -17.1126703078905, 
23.7556186289237, 48.9450961978066, 55.4245626266515, 0.122424943232664, 
0.0441114395906412, -0.0783800492430597, -0.0556715749670167, 
0.196991917582253, 0.206477209225954, 0.270781396832296, 0.242218893099749, 
0.111771883901081, 0.238684884222157, -0.29916785871166, 0.18692261699883, 
-0.0939820173192206, -0.00182597886189163, -0.0804306409750311, 
-0.173436630764176, 0.162308753654546, 0.131372548531292, -0.366283845446881, 
0.444604002688182, -0.106605550911697, -156.665892832303, -147.305936757184, 
-18.5346449721536, 35.7406327103312, 17.0428660241813, 11.5223524145731, 
33.1603564649631, 0.475803875625829, -0.0313209440942382, 0.283650957863299, 
-0.107406391993037, 0.212049852408723, -0.0762152704125703, 0.244954312583729, 
0.0898481643882273, -0.431513372797026, -0.130284915524569, -0.149775867133462, 
0.0169400623480944, 0.310426055762419, 0.0671286011841631, -0.164002755430421, 
0.361523668546133, 0.128393241661073, -0.00217527821709743, -0.104189144033058, 
0.075443643435496), .Dim = c(27L, 7L), .Dimnames = list(c("1", 
"2", "3", "4", "5", "6", "7", "9", "10", "11", "12", "13", "14", 
"15", "16", "17", "18", "20", "21", "22", "23", "24", "25", "27", 
"28", "29", "30"), c("x1", "x2", "x3", "x4", "x5", "x6", "x7"
)), assign = 1:7), qraux = c(1.13728236493732, 1.30388286265577, 
1.32147278971631, 1.07532268573675, 1.12300091822413, 1.36646683885838, 
1.2106779549485), pivot = 1:7, tol = 1e-07, rank = 7L), .Names = c("qr", 
"qraux", "pivot", "tol", "rank"), class = "qr"), df.residual = 20L, 
    xlevels = structure(list(), .Names = character(0)), call = quote(lm(formula = y ~ 
        . + 0, data = structure(list(y = c(43, 63, 71, 61, 81, 
        43, 58, 72, 67, 64, 67, 69, 68, 77, 81, 74, 65, 50, 50, 
        64, 53, 40, 63, 78, 48, 85, 82), x1 = c(1.11303473885111, 
        -0.452787070329459, -0.738166327512058, 0.878922909573136, 
        1.25054925511986, 1.26095843273285, 0.466722582194222, 
        0.629295017809295, 0.732388134102181, 0.276680244723766, 
        2.98053100389751, 1.20674560467942, 2.48328906953103, 
        1.38466586993297, -0.324270562050256, 0.452984150651084, 
        2.64148739519323, 2.97906530319251, 2.3759807772478, 
        2.22884827560673, 0.140067617792086, -0.110438347977434, 
        2.18866596337784, -0.277854525859776, 0.955429993102805, 
        2.6852008598668, 0.608121539890213), x2 = c(51, 64, 70, 
        63, 78, 55, 67, 82, 61, 53, 60, 62, 83, 77, 90, 85, 60, 
        58, 40, 61, 66, 37, 54, 75, 57, 85, 82), x3 = c(30, 51, 
        68, 45, 56, 49, 42, 72, 45, 53, 47, 57, 83, 54, 50, 64, 
        65, 68, 33, 52, 52, 42, 42, 58, 44, 71, 39), x4 = c(39, 
        54, 69, 47, 66, 44, 56, 67, 47, 58, 39, 42, 45, 72, 72, 
        69, 75, 54, 34, 62, 50, 58, 48, 74, 45, 71, 59),