
expected <- structure(list(coefficients = structure(c(0.404631047327713, 
0.683584082236047, -6.60556610355461e-05, 0.314059786975072, 
0.0601689657422623, 0.0799514868827868, -0.211257000611725), .Names = c("x1", 
"x2", "x3", "x4", "x5", "x6", "x7")), residuals = structure(c(-6.33389276824093, 
-0.22948355914935, 0.140511296151421, 4.54980034708458, -10.1248757026925, 
-7.80319611559182, 2.19219202512623, -9.13275088152011, 8.85435154885597, 
7.12862049178968, 11.5675515076352, 9.72092233664748, 0.640217934451573, 
-4.21948033636302, -3.81516256372105, 3.24081744657158, -2.20309219690929, 
-6.77076890443923, 1.2040860995994, -10.0494690073578, -1.6655460979899, 
6.83150428522501, -0.756438497207471, 3.23419509128137, -7.95772889510559, 
6.59059892780595, 5.16651618806272), .Names = c("1", "3", "4", 
"5", "6", "7", "8", "9", "10", "11", "12", "13", "15", "16", 
"17", "18", "19", "20", "22", "23", "24", "25", "26", "27", "28", 
"29", "30")), effects = structure(c(-338.327257745121, -53.1510040063286, 
2.38481266822958, -8.69855043732628, -3.34702115619243, 1.33224487502187, 
9.10706119459317, -6.08476979735292, 9.8088260274905, 9.76319108725972, 
15.4525170344487, 15.8409923125135, 0.779963752226192, -1.57868762818893, 
-3.21724949858206, 0.869973813312709, -2.515702026676, -3.56068831588415, 
1.13473903512246, -8.46900167524968, -1.64784133375856, 9.82466540923359, 
-1.89665801854873, 2.82897702529185, -6.60342160459068, 7.37684764294705, 
5.19660341778495), .Names = c("x1", "x2", "x3", "x4", "x5", "x6", 
"x7", "", "", "", "", "", "", "", "", "", "", "", "", "", "", 
"", "", "", "", "", "")), rank = 7L, fitted.values = structure(c(49.3338927682409, 
71.2294835591493, 60.8594887038486, 76.4501996529154, 53.1248757026925, 
65.8031961155918, 68.8078079748738, 81.1327508815201, 58.145648451144, 
56.8713795082103, 55.4324484923648, 59.2790776633525, 76.3597820655484, 
85.219480336363, 77.8151625637211, 61.7591825534284, 67.2030921969093, 
56.7707689044392, 62.7959139004006, 63.0494690073578, 41.6655460979899, 
56.168495714775, 66.7564384972075, 74.7658049087186, 55.9577288951056, 
78.409401072194, 76.8334838119373), .Names = c("1", "3", "4", 
"5", "6", "7", "8", "9", "10", "11", "12", "13", "15", "16", 
"17", "18", "19", "20", "22", "23", "24", "25", "26", "27", "28", 
"29", "30")), assign = 1:7, qr = structure(list(qr = structure(c(-5.19615242270663, 
0.192450089729875, 0.192450089729875, 0.192450089729875, 0.192450089729875, 
0.192450089729875, 0.192450089729875, 0.192450089729875, 0.192450089729875, 
0.192450089729875, 0.192450089729875, 0.192450089729875, 0.192450089729875, 
0.192450089729875, 0.192450089729875, 0.192450089729875, 0.192450089729875, 
0.192450089729875, 0.192450089729875, 0.192450089729875, 0.192450089729875, 
0.192450089729875, 0.192450089729875, 0.192450089729875, 0.192450089729875, 
0.192450089729875, 0.192450089729875, -348.527112500804, -64.4348651884355, 
-0.0229669383926948, 0.209826285526274, -0.147123324482811, 0.0391112546523634, 
0.16326764074248, 0.271904478571332, -0.0540060349152239, -0.17816242100534, 
-0.0695255831764885, -0.0384864866539594, 0.194306737265009, 
0.396060864661448, 0.318463123355125, -0.0695255831764885, 0.0856698994361571, 
-0.100564679699018, -0.0540060349152239, 0.0235917063910989, 
-0.426475193185573, -0.162642872744076, 0.194306737265009, 0.16326764074248, 
-0.116084227960282, 0.318463123355125, 0.271904478571332, -274.626278044532, 
-24.9910710853059, 49.1208079475144, 0.0332697122450195, -0.1175759361763, 
0.17798279240609, 0.117154307922394, -0.241440185980785, 0.0403824137808932, 
-0.224516643047355, -0.0130879396546342, -0.191158831431529, 
0.0612312441374779, 0.308470469495412, -0.0403131830102102, -0.37953142363057, 
0.134814139392708, -0.466114159169628, -0.102123385543082, -0.0383513316854092, 
-0.204649530739946, 0.0121754523761407, -0.183064411846479, -0.0457094627335769, 
0.00972274202675147, -0.182818982334185, 0.430372867975097, -299.837239799146, 
-35.2696104189331, 21.7298843053379, -39.9436645615164, -0.177617837000547, 
0.106779989075908, -0.100743421629851, -0.163450290946938, -0.103742940267717, 
0.137116691742865, -0.321904565512506, -0.400929011325126, 0.252106902281073, 
0.186143551267977, -0.0326140735118242, 0.335221351322635, 0.0498186683736243, 
-0.212714672469972, 0.17684128669816, -0.169819303439769, 0.434275378359838, 
0.0267153585700828, -0.135972710318455, 0.266418319331288, -0.103259952891661, 
-0.0774882175469095, 0.083863901372416, -337.365007296471, -0.840354798443293, 
-3.99622219184209, 1.33673596667588, -48.6146994314828, -0.0102139937474909, 
-0.213513049692133, -0.151767550661451, -0.0698760495542549, 
-0.059903699517605, 0.338685517399456, 0.0122570955138337, -0.00972475776119695, 
-0.104717999452941, 0.181661679715038, -0.443484016799524, -0.00403034524438103, 
0.253348023263761, -0.212050796374233, -0.174037707437529, -0.217006077630615, 
0.313447793761581, -0.302801169695893, -0.123133528059829, 0.0431374220399477, 
-0.270104071381843, -0.0660067471751117, -390.481232061917, -5.97042769591686, 
1.69755370724668, 2.26011109235466, -0.905932758182647, 51.6425299112477, 
0.36149363754006, 0.00550992427654446, -0.0250366459963007, 0.16892053885177, 
-0.0714698936387984, 0.257168847194665, 0.0746069902101951, 0.627817572497669, 
-0.0138119804730058, 0.0758794310887691, -0.103446177879399, 
-0.163495770512492, 0.0163359875073752, 0.0270061324191219, 0.361065394376572, 
-0.10257140025945, 0.183531458608197, 0.0810213699629089, -0.144010877344019, 
0.241173951316676, 0.127735979148818, -225.743955253144, -11.8276201693348, 
20.5044038044349, -16.9699421678191, 1.65435606623508, 13.2381514916574, 
-43.1089202640498, -0.498634671697115, 0.00136475147619062, -0.305429655936661, 
0.109137726522081, -0.28510447103523, -0.0480050414774049, 0.0219198898184501, 
0.350422913207599, -0.0130195348614318, 0.049840864637336, -0.00080488965249092, 
-0.206537487598182, -0.139486655718248, 0.0693336769363123, -0.181273605496527, 
0.546356940823189, -0.0568618099911989, -0.0918829064255405, 
0.113235436175916, 0.071323040516266), .Dim = c(27L, 7L), .Dimnames = list(
    c("1", "3", "4", "5", "6", "7", "8", "9", "10", "11", "12", 
    "13", "15", "16", "17", "18", "19", "20", "22", "23", "24", 
    "25", "26", "27", "28", "29", "30"), c("x1", "x2", "x3", 
    "x4", "x5", "x6", "x7")), assign = 1:7), qraux = c(1.19245008972988, 
1.08566989943616, 1.06589123532396, 1.06552080427392, 1.31045792733821, 
1.22007191693848, 1.09365282703073), pivot = 1:7, tol = 1e-07, 
    rank = 7L), .Names = c("qr", "qraux", "pivot", "tol", "rank"
), class = "qr"), df.residual = 20L, xlevels = structure(list(), .Names = character(0)), 
    call = quote(lm(formula = y ~ . + 0, data = structure(list(y = c(43, 
        71, 61, 81, 43, 58, 71, 72, 67, 64, 67, 69, 77, 81, 74, 
        65, 65, 50, 64, 53, 40, 63, 66, 78, 48, 85, 82), x1 = c(1, 
        1, 1, 1, 1, 1, 1, 1, 1, 1, 1, 1, 1, 1, 1, 1, 1, 1, 1, 
        1, 1, 1, 1, 1, 1, 1, 1), x2 = c(51, 70, 63, 78, 55, 67, 
        75, 82, 61, 53, 60, 62, 77, 90, 85, 60, 70, 58, 61, 66, 
        37, 54, 77, 75, 57, 85, 82), x3 = c(30, 68, 45, 56, 49, 
        42, 50, 72, 45, 53, 47, 57, 54, 50, 64, 65, 46, 68, 52, 
        52, 42, 42, 66, 58, 44, 71, 39), x4 = c(39, 69, 47, 66, 
        44, 56, 55, 67, 47, 58, 39, 42, 72, 72, 69, 75, 57, 54, 
        62, 50, 58, 48, 63, 74, 45, 71, 59), x5 = c(66, 76, 55, 
        88, 76, 66, 54, 59, 59, 64, 75, 59, 71, 66, 77, 51, 66, 
        75, 58, 54, 59, 79, 51, 66, 64, 55, 64), x6 = c(92, 86, 
        84, 83, 49, 68, 66, 83, 80, 67, 74, 63, 77, 54, 79, 80, 
        85, 78, 80, 80, 57, 75, 76, 78, 83, 74, 78), x7 = c(45, 
        48, 35, 47, 34, 35, 41, 31, 41, 34, 41, 25, 46, 36, 63, 
        60, 46, 52, 41, 37, 49, 33, 72, 49, 38, 55, 39)), .Names = c("y", 
        "x1", "x2", "x3", "x4", "x5", "x6", "x7"),