
expected <- structure(list(coefficients = structure(c(11.2196387145183, 0.610298109374202, 
-0.105397671547514, 0.293496920748941, 0.050469828084893, 0.106741247908852, 
-0.223962718298795), .Names = c("x1", "x2", "x3", "x4", "x5", 
"x6", "x7")), residuals = structure(c(-10.7021731931574, 0.540521605239817, 
1.71000398657067, -1.62328988920992, 5.93396090366275, -10.9867089970512, 
-8.86945577048194, 2.54773439028269, -6.2341441881416, 7.16616831862709, 
6.2308164920615, 10.1681673751827, 9.51932459323752, -2.29747523038686, 
1.84695399204577, -2.0407414566688, -0.809898658473419, 4.32555635033747, 
-2.92326764632716, -5.76371420515391, 5.90350319956669, 0.551968036310461, 
-10.6715310224289, -4.48458575097902, 4.56117308031105, 1.6923668227318, 
4.70876686229212), .Names = c("1", "2", "3", "4", "5", "6", "7", 
"8", "9", "10", "11", "12", "13", "14", "15", "16", "17", "18", 
"19", "20", "21", "22", "23", "24", "25", "26", "30")), effects = structure(c(-332.553755053224, 
-47.3569455303206, 4.84740410534456, 8.393226700135, -2.52948645853968, 
2.3768584095577, -9.68686566473743, 7.12931209946069, -2.09412951680177, 
9.04319921677319, 10.4052474050761, 10.5141820604409, 14.5259274153912, 
-0.872289915959226, 4.28281234732028, 4.70248633043513, -1.32729855819162, 
6.61731546809358, -1.9672184403224, -6.27593389406359, 10.1489314284301, 
3.54544016948644, -7.65067290149706, -0.563535740639865, 5.96358174913731, 
2.39394353877296, 7.80641356100003), .Names = c("x1", "x2", "x3", 
"x4", "x5", "x6", "x7", "", "", "", "", "", "", "", "", "", "", 
"", "", "", "", "", "", "", "", "", "")), rank = 7L, fitted.values = structure(c(53.7021731931574, 
62.4594783947602, 69.2899960134293, 62.6232898892099, 75.0660390963372, 
53.9867089970512, 66.8694557704819, 68.4522656097173, 78.2341441881416, 
59.8338316813729, 57.7691835079385, 56.8318326248173, 59.4806754067625, 
70.2974752303869, 75.1530460079542, 83.0407414566688, 74.8098986584734, 
60.6744436496625, 67.9232676463272, 55.7637142051539, 44.0964968004333, 
63.4480319636895, 63.6715310224289, 44.484585750979, 58.4388269196889, 
64.3076331772682, 77.2912331377079), .Names = c("1", "2", "3", 
"4", "5", "6", "7", "8", "9", "10", "11", "12", "13", "14", "15", 
"16", "17", "18", "19", "20", "21", "22", "23", "24", "25", "26", 
"30")), assign = 1:7, qr = structure(list(qr = structure(c(-5.19615242270663, 
0.192450089729875, 0.192450089729875, 0.192450089729875, 0.192450089729875, 
0.192450089729875, 0.192450089729875, 0.192450089729875, 0.192450089729875, 
0.192450089729875, 0.192450089729875, 0.192450089729875, 0.192450089729875, 
0.192450089729875, 0.192450089729875, 0.192450089729875, 0.192450089729875, 
0.192450089729875, 0.192450089729875, 0.192450089729875, 0.192450089729875, 
0.192450089729875, 0.192450089729875, 0.192450089729875, 0.192450089729875, 
0.192450089729875, 0.192450089729875, -342.753609808908, -68.0364825881156, 
0.0948302518508885, -0.00805572540306698, 0.212414225855409, 
-0.125639699407587, 0.0507362615991933, 0.168320235603714, 0.271206212857669, 
-0.0374517189041971, -0.155035692908718, -0.0521497156547622, 
-0.022753722153632, 0.285904209608234, 0.197716229104844, 0.38879018686219, 
0.315300203109364, -0.0521497156547622, 0.0948302518508885, -0.0815457091558923, 
-0.346109650666063, -0.0374517189041971, 0.0360382648486282, 
-0.390203640917759, -0.140337696158153, 0.197716229104844, 0.271206212857669, 
-273.471577506153, -31.9186052397271, -53.7540597150277, -0.068940024584522, 
-0.00259405148006831, 0.0792274842913807, -0.161627025089866, 
-0.0865555811570526, 0.258180623295055, -0.0505013934329394, 
0.172079099712536, -0.00407558572236198, 0.163518243799986, 0.453597014460587, 
-0.0305812280390631, -0.224845314793922, 0.0816967080285368, 
0.330782843490713, -0.114871987547668, 0.405031212844475, -0.0801347191500383, 
0.0797213290388119, 0.0336247511598553, 0.114952442183873, -0.0417759226045793, 
0.192657724769653, -0.355726496928915, -288.867584684543, -31.8151748922231, 
-10.7420708495204, 46.8713246981527, -0.13207290309552, 0.133572442022195, 
-0.0936583501173797, 0.0390282479705255, -0.0104238354988438, 
0.0803242194515253, -0.149301402981008, 0.258912388977911, 0.280950787064172, 
0.545622146599228, -0.281277578713764, -0.22401796861094, -0.0913695887295397, 
-0.378185415255976, -0.0659608194573539, 0.0783902646598316, 
0.130862578649903, -0.188771043885741, 0.100465325642289, -0.335626137821619, 
-0.00934067039045085, -0.00195424574144852, -0.0798415502449372, 
-341.983809449988, -9.85963396837908, -2.20341280884023, -2.20587391722891, 
-54.269151313972, 0.267966626886429, -0.0178184072460336, -0.300203046768288, 
-0.320784820659871, -0.0867886073354615, 0.0141422836187304, 
0.234203936622667, -0.0972120893237031, -0.0603936739062517, 
-0.0541764858257042, -0.224841454934346, -0.00222715266693323, 
-0.337216148244111, -0.0461976933534541, 0.173035776550202, -0.0610883067163841, 
-0.158286431090822, -0.2305026946108, 0.0426689889309639, 0.328966602266583, 
-0.41529059145439, -0.156224082064104, -386.439780177589, -11.4110891809387, 
-4.10160002706479, 0.49003517891903, -1.18642222278527, 51.0647871341068, 
0.144234055888392, 0.202756772267624, -0.0602926866373351, -0.0675088816384374, 
0.192795310086422, 0.110277509995633, 0.331124307546908, 0.190530018985368, 
-0.014313711606216, 0.417456798927698, 0.0126069871518149, -0.0811154369193066, 
-0.173170036501834, 0.0747771866732316, 0.205988963514009, -0.0841870541341555, 
-0.0532075660208493, 0.32458166363366, 0.047015673351072, 0.0462226071421645, 
-0.0683816339161022, -220.547802830437, -8.28150461356839, -12.875499479707, 
23.6840296439762, -1.50073400496957, 13.7248766968251, 43.2521347227707, 
-0.0103842694932759, 0.455589097664281, -0.0159840331925963, 
0.257628131254777, -0.17220688574873, 0.187792525548536, -0.00222446645738589, 
0.160588329872481, 0.23878134403657, -0.295456494885405, -0.0421542389878176, 
0.00869990378326658, -0.185146552759697, -0.0332076813053026, 
0.202202748184562, 0.107661220656925, -0.0883050008820844, 0.165084181954328, 
-0.565548670118984, 0.130941034946066), .Dim = c(27L, 7L), .Dimnames = list(
    c("1", "2", "3", "4", "5", "6", "7", "8", "9", "10", "11", 
    "12", "13", "14", "15", "16", "17", "18", "19", "20", "21", 
    "22", "23", "24", "25", "26", "30"), c("x1", "x2", "x3", 
    "x4", "x5", "x6", "x7")), assign = 1:7), qraux = c(1.19245008972988, 
1.0066422713475, 1.29439942593498, 1.09361073781378, 1.26656413879485, 
1.5925351880791, 1.17007103124931), pivot = 1:7, tol = 1e-07, 
    rank = 7L), .Names = c("qr", "qraux", "pivot", "tol", "rank"
), class = "qr"), df.residual = 20L, xlevels = structure(list(), .Names = character(0)), 
    call = quote(lm(formula = y ~ . + 0, data = structure(list(y = c(43, 
        63, 71, 61, 81, 43, 58, 71, 72, 67, 64, 67, 69, 68, 77, 
        81, 74, 65, 65, 50, 50, 64, 53, 40, 63, 66, 82), x1 = c(1, 
        1, 1, 1, 1, 1, 1, 1, 1, 1, 1, 1, 1, 1, 1, 1, 1, 1, 1, 
        1, 1, 1, 1, 1, 1, 1, 1), x2 = c(51, 64, 70, 63, 78, 55, 
        67, 75, 82, 61, 53, 60, 62, 83, 77, 90, 85, 60, 70, 58, 
        40, 61, 66, 37, 54, 77, 82), x3 = c(30, 51, 68, 45, 56, 
        49, 42, 50, 72, 45, 53, 47, 57, 83, 54, 50, 64, 65, 46, 
        68, 33, 52, 52, 42, 42, 66, 39), x4 = c(39, 54, 69, 47, 
        66, 44, 56, 55, 67, 47, 58, 39, 42, 45, 72, 72, 69, 75, 
        57, 54, 34, 62, 50, 58, 48, 63, 59), x5 = c(66, 88, 76, 
        55, 88, 76, 66, 54, 59, 59, 64, 75, 59, 71, 71, 66, 77, 
        51, 66, 75, 50, 58, 54, 59, 79, 51, 64), x6 = c(92, 73, 
        86, 84, 83, 49, 68, 66, 83, 80, 67, 74, 63, 77, 77, 54, 
        79, 80, 85, 78, 64, 80, 80, 57, 75, 76, 78), x7 = c(45, 
        47, 48, 35, 47, 34, 35, 41, 31, 41, 34, 41, 25, 35, 46, 
        36, 63, 60, 46, 52, 33, 41, 37, 49, 33, 72, 39)), .Names = c("y", 
        "x1", "x2", "x3", "x4", "x5", "x6", "x7"),