
expected <- structure(list(coefficients = structure(c(46.9175069499434, -0.276954751964414, 
0.16522161870258, 0.346603278751936, 0.46751502664707, -0.0919361104577297, 
-0.354539075274684), .Names = c("x1", "x2", "x3", "x4", "x5", 
"x6", "x7")), residuals = structure(c(-7.9417510767298, -6.06097055524387, 
3.52186921087238, 8.01028942512252, -11.0245963218314, -11.6756462965556, 
4.02289793225749, -1.89775190226203, 5.04864623983327, -3.784826624486, 
13.3271431849979, 6.43648108905252, 2.23248110320318, -6.26252948868335, 
5.22163297468407, 2.42910520434887, -1.61355883431052, 3.32680547086509, 
-9.8575513484894, 6.03651222392295, -13.8642505109796, 1.01684009147413, 
0.424784785018947, -2.32817243582545, -2.92201939404067, 7.83361045491288, 
10.3445253988715), .Names = c("1", "2", "4", "5", "6", "7", "8", 
"9", "10", "11", "12", "13", "14", "15", "16", "17", "18", "19", 
"20", "21", "23", "25", "26", "27", "28", "29", "30")), effects = structure(c(-339.4819582835, 
-31.2265357970428, 23.3293091114522, -20.9392414223644, 9.90453810939064, 
-8.06189161701415, 14.2058857215692, 1.54983399447213, 6.9913379847478, 
1.12617794340857, 15.5780948441013, 15.0896407458039, 12.0623036120656, 
-4.09247101647649, 10.3907193875023, 1.41407976039591, -1.57127461522509, 
-0.181662229001069, -7.95125603405706, 8.30645669395379, -9.94589923042736, 
2.47661888526416, -2.69140529301216, -1.62473794242164, -3.04426371811194, 
10.5303048333243, 12.1795661619848), .Names = c("x1", "x2", "x3", 
"x4", "x5", "x6", "x7", "", "", "", "", "", "", "", "", "", "", 
"", "", "", "", "", "", "", "", "", "")), rank = 7L, fitted.values = structure(c(50.9417510767298, 
69.0609705552439, 57.4781307891276, 72.9897105748775, 54.0245963218314, 
69.6756462965556, 66.9771020677425, 73.897751902262, 61.9513537601667, 
67.784826624486, 53.6728568150021, 62.5635189109475, 65.7675188967968, 
83.2625294886834, 75.7783670253159, 71.5708947956511, 66.6135588343105, 
61.6731945291349, 59.8575513484894, 43.9634877760771, 66.8642505109796, 
61.9831599085259, 65.5752152149811, 80.3281724358255, 50.9220193940407, 
77.1663895450871, 71.6554746011285), .Names = c("1", "2", "4", 
"5", "6", "7", "8", "9", "10", "11", "12", "13", "14", "15", 
"16", "17", "18", "19", "20", "21", "23", "25", "26", "27", "28", 
"29", "30")), assign = 1:7, qr = structure(list(qr = structure(c(-5.19615242270663, 
0.192450089729875, 0.192450089729875, 0.192450089729875, 0.192450089729875, 
0.192450089729875, 0.192450089729875, 0.192450089729875, 0.192450089729875, 
0.192450089729875, 0.192450089729875, 0.192450089729875, 0.192450089729875, 
0.192450089729875, 0.192450089729875, 0.192450089729875, 0.192450089729875, 
0.192450089729875, 0.192450089729875, 0.192450089729875, 0.192450089729875, 
0.192450089729875, 0.192450089729875, 0.192450089729875, 0.192450089729875, 
0.192450089729875, 0.192450089729875, -335.825406578632, 72.6518843272237, 
-0.0135965525586746, 0.151574662353688, -0.3439389823834, 0.110281858625598, 
-0.0686536241961289, -0.233824839108492, 0.110281858625598, 0.0552247869881433, 
-0.137474963742947, -0.0686536241961289, -0.0273608204680381, 
0.344274413084778, 0.165338930263052, 0.0414605190787797, 0.192867466081779, 
-0.275117642836582, -0.165003499561674, -0.233824839108492, 0.151574662353688, 
-0.137474963742947, -0.233824839108492, 0.165338930263052, -0.178767767471037, 
0.110281858625598, 0.344274413084778, -275.588528493181, 0.0601549486409154, 
63.2056907591802, -0.102809898505749, -0.00151255609732831, 0.117901462671118, 
-0.0120827057551717, -0.363303356412242, 0.0704373820801743, 
-0.0571837416035034, 0.0340685722009876, -0.12283222713404, -0.533399910674683, 
-0.0674913307343899, -0.00761917679690445, -0.231481264297254, 
-0.24441445869771, 0.0472643271283999, -0.298705112989533, 0.253729691270027, 
-0.0395244577178239, 0.113175373185894, -0.268375195230355, -0.134190058372755, 
0.0807449712110607, -0.340917983041339, 0.169829072220329, -289.060034774273, 
-29.5478048998008, 29.9205307993868, -44.9219919258101, -0.02596596254877, 
0.099476925280219, 0.0715657350562131, 0.162117180458895, -0.136044799535713, 
0.0421481591372334, -0.21552972482953, -0.299898463195249, -0.558302866980195, 
0.199681670436124, 0.334728972663354, 0.164824834075969, 0.212078064146498, 
0.264695902881342, -0.114277249578889, -0.115222140416094, -0.171677875342956, 
0.0434416134577391, 0.14342277438005, 0.285452142024434, -0.0264485713560348, 
0.0933697042940411, 0.0861632203693696, -336.210306758092, -8.97379288920471, 
20.7866744048808, -27.8913015668759, 38.7180853723728, -0.0502367692433195, 
-0.103345699268684, 0.171148099970457, -0.0769617563285458, 0.238258985861691, 
-0.0656527422478524, 0.105719351718086, 0.133096156394534, -0.142116201608213, 
0.371791164736704, -0.0901802003566756, 0.595394241207378, -0.172283464993455, 
0.120107126526709, 0.239798526391125, -0.0396382693228353, -0.123520029385396, 
-0.35178363741402, -0.085060323809082, 0.232735579316845, 0.00323950894543451, 
-0.011251294509879, -388.749181254348, -6.08176726513731, 2.50849301191506, 
0.124886867893991, 16.1754390090862, 45.4437368616348, 0.34438743376631, 
-0.276717119311547, 0.00372576120960385, 0.0395649642363997, 
0.109075783198131, 0.191176690324676, -0.198866133179364, 0.153244849985309, 
0.254338022208171, 0.0424580466744367, -0.531953996639082, 0.00288144251922928, 
-0.147476961605519, 0.105626650989451, -0.0384214069721895, 0.168261528730846, 
0.310210162470812, 0.0839861382531978, -0.309884232568334, 0.0614159914610707, 
0.0314188736918349, -221.317603189357, -7.79159521210048, 19.6639906231339, 
-21.6674353013938, 18.924970830247, 10.9549876900923, -40.0686037514003, 
-0.578300743672823, -0.00146062843604953, -0.155903343580004, 
0.113930313885925, -0.241746068294944, -0.279392809068127, -0.15194578914352, 
-0.0860480858974665, 0.233480833346489, 0.222665481711746, -0.0469803132465432, 
0.127845971710193, 0.183815021505954, -0.161342948287556, -0.164827227558607, 
0.474867594847461, -0.119235512894463, -0.0216303631335629, 0.0375004436188106, 
-0.100224312377691), .Dim = c(27L, 7L), .Dimnames = list(c("1", 
"2", "4", "5", "6", "7", "8", "9", "10", "11", "12", "13", "14", 
"15", "16", "17", "18", "19", "20", "21", "23", "25", "26", "27", 
"28", "29", "30"), c("x1", "x2", "x3", "x4", "x5", "x6", "x7"
)), assign = 1:7), qraux = c(1.19245008972988, 1.34427441308478, 
1.06807433733756, 1.13759588368579, 1.19191388367796, 1.2748237636076, 
1.00435393696371), pivot = 1:7, tol = 1e-07, rank = 7L), .Names = c("qr", 
"qraux", "pivot", "tol", "rank"), class = "qr"), df.residual = 20L, 
    xlevels = structure(list(), .Names = character(0)), call = quote(lm(formula = y ~ 
        . + 0, data = structure(list(y = c(43, 63, 61, 81, 43, 
        58, 71, 72, 67, 64, 67, 69, 68, 77, 81, 74, 65, 65, 50, 
        50, 53, 63, 66, 78, 48, 85, 82), x1 = c(1, 1, 1, 1, 1, 
        1, 1, 1, 1, 1, 1, 1, 1, 1, 1, 1, 1, 1, 1, 1, 1, 1, 1, 
        1, 1, 1, 1), x2 = c(67, 40, 66, 54, 90, 57, 70, 82, 57, 
        61, 75, 70, 67, 40, 53, 62, 51, 85, 77, 82, 54, 75, 82, 
        53, 78, 57, 40), x3 = c(30, 51, 45, 56, 49, 42, 50, 72, 
        45, 53, 47, 57, 83, 54, 50, 64, 65, 46, 68, 33, 52, 42, 
        66, 58, 44, 71, 39), x4 = c(39, 54, 47, 66, 44, 56, 55, 
        67, 47, 58, 39, 42, 45, 72, 72, 69, 75, 57, 54, 34, 50, 
        48, 63, 74, 45, 71, 59), x5 = c(61, 63, 54, 71, 54, 66, 
        70, 71, 62, 58, 59, 55, 59, 79, 60, 79, 55, 75, 64, 43, 
        63, 66, 88, 80, 51, 77, 64), x6 = c(92, 73, 84, 83, 49, 
        68, 66, 83, 80, 67, 74, 63, 77, 77, 54, 79, 80, 85, 78, 
        64, 80, 75, 76, 78, 83, 74, 78), x7 = c(45, 47, 35, 47, 
        34, 35, 41, 31, 41, 34, 41, 25, 35, 46, 36, 63, 60, 46, 
        52, 33, 37, 33, 72, 49, 38, 55, 39)), .Names = c("y", 
        "x1", "x2", "x3", "x4", "x5", "x6", "x7"),