
expected <- structure(list(coefficients = structure(c(14.8914306482486, 0.680969526384888, 
-0.135601858862715, 0.305602724482059, 0.0885631362253996, -0.0977551855020803, 
-0.117919965738654), .Names = c("x1", "x2", "x3", "x4", "x5", 
"x6", "x7")), residuals = structure(c(-6.74686499414037, 2.33182224876047, 
2.05399834917615, 0.938386846491582, 8.0780722451185, -10.7613372267813, 
-8.41894787766695, 1.26800149817637, -3.96176385142437, 10.0589339429275, 
9.17215672732425, 11.4732491250227, -0.457498462087964, 0.75248961082088, 
-5.21432877726036, -3.22229004962361, -2.13846923574373, -3.48282674328993, 
6.82730510772077, 1.79903613130702, -9.04681407560905, -3.63093302063896, 
-3.69876786481367, 0.769192588013876, -6.39196717169512, 6.37193220497204, 
5.2782327249433), .Names = c("1", "2", "3", "4", "5", "6", "7", 
"8", "9", "10", "11", "12", "14", "15", "16", "17", "19", "20", 
"21", "22", "23", "24", "26", "27", "28", "29", "30")), effects = structure(c(-335.248056309443, 
55.507881731414, 5.01730832808559, 12.937982009321, -1.27807960301797, 
-4.40073123049218, -3.77955588419701, 3.45655400725329, -4.57220055175849, 
9.23260890538641, 7.57997825387524, 14.4595341620123, -2.78363556290809, 
4.40394150571845, -4.97280347502192, -3.7894850910372, 1.26716814815643, 
-7.00548649109835, 10.4009090880998, 3.14286457560887, -7.70260461312243, 
-7.36090402720174, -1.18818946725775, 8.94827658063719, -7.95847008571187, 
7.27848684018965, 5.90394585122205), .Names = c("x1", "x2", "x3", 
"x4", "x5", "x6", "x7", "", "", "", "", "", "", "", "", "", "", 
"", "", "", "", "", "", "", "", "", "")), rank = 7L, fitted.values = structure(c(49.7468649941404, 
60.6681777512395, 68.9460016508238, 60.0616131535084, 72.9219277548815, 
53.7613372267813, 66.418947877667, 69.7319985018236, 75.9617638514244, 
56.9410660570725, 54.8278432726758, 55.5267508749773, 68.457498462088, 
76.2475103891791, 86.2143287772604, 77.2222900496236, 67.1384692357437, 
53.4828267432899, 43.1726948922792, 62.200963868693, 62.0468140756091, 
43.630933020639, 69.6987678648137, 77.2308074119861, 54.3919671716951, 
78.628067795028, 76.7217672750567), .Names = c("1", "2", "3", 
"4", "5", "6", "7", "8", "9", "10", "11", "12", "14", "15", "16", 
"17", "19", "20", "21", "22", "23", "24", "26", "27", "28", "29", 
"30")), assign = 1:7, qr = structure(list(qr = structure(c(-5.19615242270663, 
0.192450089729875, 0.192450089729875, 0.192450089729875, 0.192450089729875, 
0.192450089729875, 0.192450089729875, 0.192450089729875, 0.192450089729875, 
0.192450089729875, 0.192450089729875, 0.192450089729875, 0.192450089729875, 
0.192450089729875, 0.192450089729875, 0.192450089729875, 0.192450089729875, 
0.192450089729875, 0.192450089729875, 0.192450089729875, 0.192450089729875, 
0.192450089729875, 0.192450089729875, 0.192450089729875, 0.192450089729875, 
0.192450089729875, 0.192450089729875, -350.644063487833, 69.9767157041593, 
-0.0740027970375246, 0.0260304773103873, -0.188326539149424, 
0.140354219422287, -0.0311313937455624, -0.145455135857462, -0.245488410205373, 
0.0546114128383621, 0.168935154950261, 0.0689018806023495, -0.259778877969361, 
-0.174036071385436, -0.359812152317273, -0.288359813497336, -0.0740027970375246, 
0.0974828161303243, 0.354711235882098, 0.0546114128383621, -0.0168409259815749, 
0.39758263917406, -0.174036071385436, -0.145455135857462, 0.111773283894312, 
-0.288359813497336, -0.245488410205373, -275.203628313722, 37.1192253786653, 
-51.7989002803227, -0.0646111375218958, 0.00305168115368953, 
0.0897822602435688, -0.161113265566024, -0.0838415133947335, 
0.273352707176091, -0.045318217241926, 0.186296897169124, 0.00293910122085157, 
0.476065967811465, -0.0259127170291181, -0.228538415494507, 0.0899698934649654, 
-0.112830929340394, 0.427646033890144, -0.074407704238998, 0.0898197868878481, 
0.0415874861879235, 0.128280538633523, 0.205752432907637, 0.0706019198964369, 
-0.0260378058433825, 0.22510789759474, -0.363726455149987, -293.67883692779, 
37.9020254461815, -7.52187192325024, 43.33126643185, -0.121492937648673, 
0.135014367433991, -0.0835009050119497, 0.064907370321727, -6.93956314350381e-05, 
0.0915809510779477, -0.178492309224744, 0.280997970441483, 0.591510443853834, 
-0.282447065505078, -0.194720363674145, -0.0742433357923988, 
-0.0527603812070296, 0.0603482267727822, 0.123980681013588, -0.206851483211803, 
0.114317693405659, -0.395054295483173, 0.00709158923035469, -0.31901745600949, 
0.0955309830565158, -0.0726614600816332, -0.0404954151910349, 
-339.28950819377, 36.8715239374229, -8.58423415944909, 19.7034837366774, 
33.3796944967433, 0.0891282688594576, -0.00534326791010281, -0.0787541470762473, 
0.195243614382479, -0.0724219506765863, 0.215632463139881, -0.125555909291352, 
0.195615399430647, -0.0260201866444669, 0.607944339783501, -0.0104391317533713, 
-0.230835737455126, 0.0282513371371344, 0.118579321337855, 0.0901938159779225, 
-0.00439100325568319, 0.338586271621436, -0.427458024109425, 
-0.0225831698730062, 0.196518979383285, 0.101239274755126, 0.186282569069957, 
-376.817275691096, 6.4629963654093, 3.05764986000617, 1.79499343264891, 
8.88058712323942, 46.4061888865952, 0.0362231325191025, -0.0778906150672371, 
-0.216569531382074, -0.278398524907775, -0.146356271421311, 0.177031386614705, 
0.00499908228955466, 0.0348810356701404, 0.330243165138134, -0.0486838010810175, 
-0.10967059870395, -0.201532119714646, 0.498498702648135, 0.0307498507685645, 
-0.0290115931360943, 0.0311771604181647, -0.0401644746761176, 
0.582341998540167, 0.00201751635592792, 0.14797773297655, -0.0404296361569736, 
-225.166604983954, 11.2561251087674, -11.4580557756746, 15.8896201680194, 
28.5461971703421, -1.15090240835292, 32.0518740021824, 0.113837714871253, 
0.411055403942386, 0.0734687280504529, 0.280941130713354, -0.0329738009969957, 
-0.0472611020647032, 0.163216487763642, -0.153690734584078, -0.440841361898961, 
0.134656324804639, -0.176190617080642, -0.0031513479772499, 0.161347458460135, 
0.155537586594618, -0.235494725581259, -0.42157837575039, 0.0729234701707257, 
-0.0855138996782535, -0.250915451778482, -0.0508688382083913), .Dim = c(27L, 
7L), .Dimnames = list(c("1", "2", "3", "4", "5", "6", "7", "8", 
"9", "10", "11", "12", "14", "15", "16", "17", "19", "20", "21", 
"22", "23", "24", "26", "27", "28", "29", "30"), c("x1", "x2", 
"x3", "x4", "x5", "x6", "x7")), assign = 1:7), qraux = c(1.19245008972988, 
1.0117400095464, 1.31188851221032, 1.1092741072632, 1.1175208252798, 
1.18602626486886, 1.27395860047323), pivot = 1:7, tol = 1e-07, 
    rank = 7L), .Names = c("qr", "qraux", "pivot", "tol", "rank"
), class = "qr"), df.residual = 20L, xlevels = structure(list(), .Names = character(0)), 
    call = quote(lm(formula = y ~ . + 0, data = structure(list(y = c(43, 
        63, 71, 61, 81, 43, 58, 71, 72, 67, 64, 67, 68, 77, 81, 
        74, 65, 50, 50, 64, 53, 40, 66, 78, 48, 85, 82), x1 = c(1, 
        1, 1, 1, 1, 1, 1, 1, 1, 1, 1, 1, 1, 1, 1, 1, 1, 1, 1, 
        1, 1, 1, 1, 1, 1, 1, 1), x2 = c(51, 64, 70, 63, 78, 55, 
        67, 75, 82, 61, 53, 60, 83, 77, 90, 85, 70, 58, 40, 61, 
        66, 37, 77, 75, 57, 85, 82), x3 = c(30, 51, 68, 45, 56, 
        49, 42, 50, 72, 45, 53, 47, 83, 54, 50, 64, 46, 68, 33, 
        52, 52, 42, 66, 58, 44, 71, 39), x4 = c(39, 54, 69, 47, 
        66, 44, 56, 55, 67, 47, 58, 39, 45, 72, 72, 69, 57, 54, 
        34, 62, 50, 58, 63, 74, 45, 71, 59), x5 = c(61, 63, 76, 
        54, 71, 54, 66, 70, 71, 62, 58, 59, 59, 79, 60, 79, 75, 
        64, 43, 66, 63, 50, 88, 80, 51, 77, 64), x6 = c(80, 76, 
        67, 68, 86, 63, 74, 78, 83, 86, 80, 63, 67, 75, 64, 77, 
        80, 79, 49, 73, 74, 73, 74, 49, 73, 67, 80), x7 = c(45, 
        47, 48, 35, 47, 34, 35, 41, 31, 41, 34, 41, 35, 46, 36, 
        63, 46, 52, 33, 41, 37, 49, 72, 49, 38, 55, 39)), .Names = c("y", 
        "x1", "x2", "x3", "x4", "x5", "x6", "x7"),