
expected <- structure(list(coefficients = structure(c(43.0529587147551, -0.297840018012258, 
0.215710608795268, 0.175595625895354, 0.573961015298329, -0.0224394021546436, 
-0.386766638494076), .Names = c("x1", "x2", "x3", "x4", "x5", 
"x6", "x7")), residuals = structure(c(-8.9599233844481, -4.96619843845672, 
-6.77398731064558, 4.07235796335818, 9.6505671581541, -8.28768287574925, 
-9.78799362347877, 5.51371433167564, -0.825143920027547, -1.13815941823047, 
12.9526626479672, 6.64031401385417, 0.497505207366828, -4.25443680560767, 
3.37931533063407, 3.98334254216683, -9.14112893357748, 7.80031854193771, 
-3.51528075594661, -14.0203568613572, -5.44838861093701, 1.36143424599905, 
1.11452133942849, 0.0122280439184461, -1.92691640068618, 9.87886234755593, 
12.188453625132), .Names = c("1", "2", "3", "4", "5", "6", "7", 
"8", "9", "11", "12", "13", "14", "15", "18", "19", "20", "21", 
"22", "23", "24", "25", "26", "27", "28", "29", "30")), effects = structure(c(-330.436804066196, 
-34.4530943097208, -24.7470112881268, 12.8592475902138, 18.502487139366, 
-2.90842763539122, -15.4930539910158, 10.7038500928382, 2.59887879227253, 
0.336228758097763, 14.1237935007107, 9.63231475791416, 1.81842271864581, 
1.94800369928427, -2.32399032538055, 7.46106634016636, -9.29260509697792, 
5.35953556651788, -1.79416840921347, -11.7568901882049, -8.50594397111949, 
5.39217433861944, 6.81818873567502, 5.49673308177505, -5.07247155920748, 
14.0275308192206, 14.5557269013247), .Names = c("x1", "x2", "x3", 
"x4", "x5", "x6", "x7", "", "", "", "", "", "", "", "", "", "", 
"", "", "", "", "", "", "", "", "", "")), rank = 7L, fitted.values = structure(c(51.9599233844481, 
67.9661984384567, 77.7739873106456, 56.9276420366418, 71.3494328418459, 
51.2876828757493, 67.7879936234788, 65.4862856683244, 72.8251439200275, 
65.1381594182305, 54.0473373520328, 62.3596859861458, 67.5024947926332, 
81.2544368056077, 61.6206846693659, 61.0166574578332, 59.1411289335775, 
42.1996814580623, 67.5152807559466, 67.0203568613572, 45.448388610937, 
61.638565754001, 64.8854786605715, 77.9877719560816, 49.9269164006862, 
75.1211376524441, 69.811546374868), .Names = c("1", "2", "3", 
"4", "5", "6", "7", "8", "9", "11", "12", "13", "14", "15", "18", 
"19", "20", "21", "22", "23", "24", "25", "26", "27", "28", "29", 
"30")), assign = 1:7, qr = structure(list(qr = structure(c(-5.19615242270663, 
0.192450089729875, 0.192450089729875, 0.192450089729875, 0.192450089729875, 
0.192450089729875, 0.192450089729875, 0.192450089729875, 0.192450089729875, 
0.192450089729875, 0.192450089729875, 0.192450089729875, 0.192450089729875, 
0.192450089729875, 0.192450089729875, 0.192450089729875, 0.192450089729875, 
0.192450089729875, 0.192450089729875, 0.192450089729875, 0.192450089729875, 
0.192450089729875, 0.192450089729875, 0.192450089729875, 0.192450089729875, 
0.192450089729875, 0.192450089729875, -340.444208732149, 75.3574199448252, 
0.195834936141212, -0.0032164646496138, 0.156024655983047, -0.321698705914936, 
0.116214375824882, -0.0562968381938341, -0.215537958826495, 0.0631340022806616, 
-0.122647305124109, -0.0562968381938341, -0.0164865580356689, 
0.341805963387818, 0.195834936141212, -0.25534823898466, -0.14918749189622, 
-0.215537958826495, 0.0764040956667167, 0.156024655983047, -0.25534823898466, 
-0.122647305124109, -0.215537958826495, 0.169294749369102, -0.162457585282275, 
0.116214375824882, 0.341805963387818, -276.165878762371, -6.50332872904747, 
-64.0711645192231, -0.0685622347329124, 0.0881350617158538, 0.0238419462032865, 
-0.126625270305164, 0.014471591062076, 0.372826584479199, 0.0500544263745318, 
-0.0261068443081122, 0.123725107094234, 0.525777180884666, 0.0394351712188882, 
0.224857167999615, -0.0292254893112325, 0.304151503817229, -0.235871576271397, 
0.0331978812126475, 0.025704481126049, -0.0916560699010374, -0.104145070045368, 
0.279180713594492, 0.118101451996323, -0.0691830797071665, 0.325996438970921, 
-0.19467950599288, -289.252484864003, -28.5483942378665, -26.605942840427, 
44.3521475467793, -0.156233044549847, 0.0587420479989238, -0.0964313018594798, 
-0.0637597044525077, -0.170021433991756, -0.0478837598333668, 
0.236455277219247, 0.303563892443077, 0.528815457035479, -0.232280421586351, 
-0.246498610326822, -0.237445240804968, 0.109406534116047, 0.160540673937794, 
-0.142927620800103, 0.162107599587109, -0.302400579846046, -0.0194767712662032, 
-0.143446918584008, -0.309657808300226, 0.0521312796497467, -0.127171895324094, 
-0.0982036654473295, -334.478255950523, -15.14363397819, -21.1176821704252, 
25.548955761076, 39.6265189677115, 0.130195991511535, -0.0265803404273463, 
-0.112150479027219, 0.12468684887051, 0.232457348704053, -0.112232526041517, 
0.0468884518161563, 0.0295238722362892, -0.0848831230823576, 
0.607390191327763, -0.183210010345286, 0.0582470130208008, 0.195987456020826, 
0.0980056455268515, -0.0479388569125861, 0.459801718137329, -0.137135211160364, 
-0.383075784574393, -0.047374888831313, 0.196350080356573, 0.000110707320952506, 
0.0438831561165973, -390.673682151647, -15.6798440479746, -5.40474145574781, 
2.86872365816594, 14.1135239105203, 43.3080154463586, 0.220930591417779, 
0.28843960492891, -0.120313784713217, 0.215770242279128, 0.10752470328343, 
0.374563991292964, 0.168537556720939, 0.0933486508492391, -0.126248819695627, 
-0.194420916105412, 0.0313063938827033, 0.197219854781886, -0.0619654595525767, 
0.0106758578949962, 0.282503861636861, 0.0521436400552375, 0.142231459276501, 
0.0400917096547083, -0.204608654574399, 0.171649395969237, 0.000473521174079851, 
-220.932703009897, -7.10294035612103, -14.8543135900348, 24.6363742740835, 
10.1479561332252, 5.00720969060656, 40.0578862006815, 0.0857922582910112, 
0.485927485417331, 0.186884348214563, -0.136700764124035, 0.196742179465732, 
-0.0312134041670683, 0.191512279529792, -0.302356381690837, 0.114742088619584, 
-0.250248581332959, -0.0859485322417087, 0.156272708625786, 0.0857967482346203, 
-0.200995728397948, 0.235494566758789, -0.463592676123886, 0.16007202894881, 
-0.00936902671259369, -0.0903762558014816, 0.156204026889087), .Dim = c(27L, 
7L), .Dimnames = list(c("1", "2", "3", "4", "5", "6", "7", "8", 
"9", "11", "12", "13", "14", "15", "18", "19", "20", "21", "22", 
"23", "24", "25", "26", "27", "28", "29", "30"), c("x1", "x2", 
"x3", "x4", "x5", "x6", "x7")), assign = 1:7), qraux = c(1.19245008972988, 
1.34180596338782, 1.27168010344197, 1.08658646351248, 1.03768353215122, 
1.58712925669127, 1.22607560537261), pivot = 1:7, tol = 1e-07, 
    rank = 7L), .Names = c("qr", "qraux", "pivot", "tol", "rank"
), class = "qr"), df.residual = 20L, xlevels = structure(list(), .Names = character(0)), 
    call = quote(lm(formula = y ~ . + 0, data = structure(list(y = c(43, 
        63, 71, 61, 81, 43, 58, 71, 72, 64, 67, 69, 68, 77, 65, 
        65, 50, 50, 64, 53, 40, 63, 66, 78, 48, 85, 82), x1 = c(1, 
        1, 1, 1, 1, 1, 1, 1, 1, 1, 1, 1, 1, 1, 1, 1, 1, 1, 1, 
        1, 1, 1, 1, 1, 1, 1, 1), x2 = c(67, 40, 51, 66, 54, 90, 
        57, 70, 82, 61, 75, 70, 67, 40, 51, 85, 77, 82, 60, 54, 
        85, 75, 82, 53, 78, 57, 40), x3 = c(30, 51, 68, 45, 56, 
        49, 42, 50, 72, 53, 47, 57, 83, 54, 65, 46, 68, 33, 52, 
        52, 42, 42, 66, 58, 44, 71, 39), x4 = c(39, 54, 69, 47, 
        66, 44, 56, 55, 67, 58, 39, 42, 45, 72, 75, 57, 54, 34, 
        62, 50, 58, 48, 63, 74, 45, 71, 59), x5 = c(61, 63, 76, 
        54, 71, 54, 66, 70, 71, 58, 59, 55, 59, 79, 55, 75, 64, 
        43, 66, 63, 50, 66, 88, 80, 51, 77, 64), x6 = c(92, 73, 
        86, 84, 83, 49, 68, 66, 83, 67, 74, 63, 77, 77, 80, 85, 
        78, 64, 80, 80, 57, 75, 76, 78, 83, 74, 78), x7 = c(45, 
        47, 48, 35, 47, 34, 35, 41, 31, 34, 41, 25, 35, 46, 60, 
        46, 52, 33, 41, 37, 49, 33, 72, 49, 38, 55, 39)), .Names = c("y", 
        "x1", "x2", "x3", "x4", "x5", "x6", "x7"),