
expected <- structure(list(coefficients = structure(c(2.80626758808082, 0.57960073157152, 
-0.0664468736207466, 0.359496250523358, 0.283717739163441, -0.015390955368975, 
-0.236044101360769), .Names = c("x1", "x2", "x3", "x4", "x5", 
"x6", "x7")), residuals = structure(c(-6.97888781777165, 5.49558282418159, 
3.30377800022959, 4.50360206267683, -8.90126107963551, 5.87566585626059, 
-8.14444712785045, 9.00144858702325, 7.7766887797315, 7.03983008641795, 
9.63318990777177, -5.0305746107307, -4.1811673121886, -0.509827340925057, 
-3.41693583188401, -0.0424895024744973, -3.69331548580947, 6.69282090822786, 
-4.26020560409472, -8.0755999849894, -0.93776288548223, 1.31293302071651, 
-3.98906913023274, 2.63011176591505, -5.19458230614098, -0.332869727634158, 
6.39561669984842), .Names = c("1", "2", "3", "5", "7", "8", "9", 
"10", "11", "12", "13", "14", "15", "16", "17", "18", "19", "21", 
"22", "23", "24", "25", "26", "27", "28", "29", "30")), effects = structure(c(-211.280076730976, 
-275.012990520549, -2.69297895684824, -17.1335812160729, -5.17379576116798, 
-1.6314927665523, -9.23761621846873, 10.7695665845474, 7.87163899924318, 
9.56627024948098, 11.6053662261402, -4.76532988174225, -4.09799735880787, 
-6.1802816096865, -7.25261653077439, -5.28944170381173, -1.7155251123848, 
8.8473596272648, -2.68998806014802, -6.57438761037523, -4.64176079506141, 
6.01109395398093, -7.0721062886419, 1.49622629626808, -3.98746535526956, 
-2.89902968027284, 5.97276927503343), .Names = c("x1", "x2", 
"x3", "x4", "x5", "x6", "x7", "", "", "", "", "", "", "", "", 
"", "", "", "", "", "", "", "", "", "", "", "")), rank = 7L, 
    fitted.values = structure(c(49.9788878177717, 57.5044171758184, 
    67.6962219997704, 76.4963979373232, 66.9012610796355, 65.1243341437394, 
    80.1444471278504, 57.9985514129768, 56.2233112202685, 59.9601699135821, 
    59.3668100922282, 73.0305746107307, 81.1811673121886, 81.5098273409251, 
    77.416935831884, 65.0424895024745, 68.6933154858095, 43.3071790917721, 
    68.2602056040947, 61.0755999849894, 40.9377628854822, 61.6870669792835, 
    69.9890691302327, 75.369888234085, 53.194582306141, 85.3328697276342, 
    75.6043833001516), .Names = c("1", "2", "3", "5", "7", "8", 
    "9", "10", "11", "12", "13", "14", "15", "16", "17", "18", 
    "19", "21", "22", "23", "24", "25", "26", "27", "28", "29", 
    "30")), assign = 1:7, qr = structure(list(qr = structure(c(-7.5376080075399, 
    -0.0600703923415139, -0.0979311111394579, 0.165907971583151, 
    0.0619191899774249, -0.187320312760164, 0.0834873632563286, 
    0.0971645293002197, 0.0367066374965376, 0.395421332724662, 
    0.160096625278511, 0.329453198819438, 0.183700965684058, 
    -0.043020353635515, 0.0600965386098564, 0.350441067318828, 
    0.0744101294199011, 0.315216813460065, 0.295697026613377, 
    0.0185825022542928, -0.0146516438460268, 0.290366116304869, 
    0.0139354169560096, -0.0368624271230126, 0.126755065021567, 
    0.356240448850721, 0.0806783185437484, -206.642173894879, 
    -291.80303625562, 0.315229121062765, 0.139665715447208, 0.181970680109647, 
    0.401133706091535, 0.216782187757322, 0.134293590118039, 
    0.153389869604251, -0.0985911015839576, 0.0893050486856362, 
    0.030980412376656, 0.122550073134027, 0.341524044656465, 
    0.245058343869009, -0.0639864617508108, 0.182641940792794, 
    -0.105426791047854, -0.018443293551083, 0.211883898198908, 
    0.138069798274264, -0.0383308515875065, 0.253155697996542, 
    0.28538203376247, 0.0978208449708675, 0.0172261321156339, 
    0.218943268392952, -173.556040608715, -217.475470064802, 
    -50.6825481632457, -0.0834860589931224, -0.179906626654988, 
    -0.103598723328072, 0.185040650806341, -0.0365744147864284, 
    0.249741755906082, -0.027399280873054, 0.175742745923185, 
    0.349889032850589, -0.1107302487281, -0.349170743035419, 
    -0.0140005853484075, 0.334569155899385, -0.147617728054952, 
    0.00679805020947072, 0.0714532843366961, 0.0388810626739332, 
    0.279105148819218, -0.0206502721122937, 0.151765014867293, 
    0.031445172066418, -0.00113504962674702, 0.0792344465692235, 
    -0.465645346449184, -170.907689840288, -245.012061400969, 
    -20.0034302488118, -51.0834033692407, 0.0816535661487886, 
    -0.130264563801421, -0.10880673177266, -0.0555872555637215, 
    0.157824938671186, -0.167418731567581, -0.257102093702605, 
    -0.602198650060912, 0.213129551330434, 0.0804790496340973, 
    -0.0333350593563472, 0.372099287752056, 0.0389862603899961, 
    0.0394992997372796, 0.211772991785801, -0.120983511732456, 
    0.402165707138345, 0.0929575105887458, -0.097763807158764, 
    0.198209476677394, -0.0414891354244663, -0.00330290943937727, 
    0.0224861426843627, -197.729890724671, -277.175544759601, 
    -12.7243240946238, -24.1087978025925, -43.1794528228024, 
    0.101061924950334, -0.221332499200606, 0.0982451443070188, 
    -0.0103243924731578, 0.0242502476505466, -0.0981302952219744, 
    -0.431003138135465, 0.028348674290444, -0.491886651511315, 
    -0.0502642363217798, -0.438408105797748, 0.20826863746552, 
    0.0125239166687063, -0.0171673016788236, 0.0278228757088839, 
    0.0531066489975724, 0.22823519304853, 0.308556027085542, 
    0.0986557694665424, -0.0952672628609833, -0.218468712102323, 
    -0.179619177036071, -246.820133637957, -296.729438237161, 
    -16.6033640984424, -25.196550983199, -47.5784889430401, 53.4528916286342, 
    0.0316442283994361, -0.149606508629777, -0.00391203009582145, 
    0.185424759473867, 0.1428800631427, 0.192756312497163, 0.313111478571091, 
    0.17163769924745, 0.199954098882831, 0.0147697422849555, 
    -0.0292789749883152, -0.0339465567258291, 0.122438908941798, 
    -0.178693458365957, -0.0432723251380396, 0.181709271390655, 
    0.392752869159077, 0.130490862233392, -0.381892285509684, 
    0.547546205614783, -0.126522035706195, -134.93885498016, 
    -177.167250647545, -19.0009288326388, -32.5490250750403, 
    -26.8793099916917, 3.42648552745304, 39.1351284154735, -0.0218078119057761, 
    0.225606869651296, -0.0637890261412975, 0.266966896283712, 
    0.0927834633285095, 0.222173460925531, 0.163499759339484, 
    -0.284514324138255, -0.220296467851178, 0.0429095779937879, 
    -0.0377656889053047, 0.213635223453828, 0.0903713249633352, 
    -0.216777728792494, 0.286729978443187, -0.475983419266582, 
    0.135436444792513, -0.0430582181311964, -0.0130385257389781, 
    0.0822409165335244), .Dim = c(27L, 7L), .Dimnames = list(
        c("1", "2", "3", "5", "7", "8", "9", "10", "11", "12", 
        "13", "14", "15", "16", "17", "18", "19", "21", "22", 
        "23", "24", "25", "26", "27", "28", "29", "30"), c("x1", 
        "x2", "x3", "x4", "x5", "x6", "x7")), assign = 1:7), 
        qraux = c(1.14766418441205, 1.26553994279315, 1.31257444779203, 
        1.06524129740502, 1.06366873066424, 1.01374794035009, 
        1.46811613573415), pivot = 1:7, tol = 1e-07, rank = 7L), .Names = c("qr", 
    "qraux", "pivot", "tol", "rank"), class = "qr"), df.residual = 20L, 
    xlevels = structure(list(), .Names = character(0)), call = quote(lm(formula = y ~ 
        . + 0, data = structure(list(y = c(43, 63, 71, 81, 58, 
        71, 72, 67, 64, 67, 69, 68, 77, 81, 74, 65, 65, 50, 64, 
        53, 40, 63, 66, 78, 48, 85, 82), x1 = c(1.11303473885111, 
        -0.452787070329459, -0.738166327512058, 1.25054925511986, 
        0.466722582194222, -1.41194708943589, 0.629295017809295, 
        0.732388134102181, 0.276680244723766, 2.98053100389751, 
        1.20674560467942, 2.48328906953103, 1.38466586993297, 
        -0.324270562050256, 0.452984150651084, 2.64148739519323, 
        0.560874387357527, 2.3759807772478, 2.22884827560673, 
        0.140067617792086, -0.110438347977434, 2.18866596337784, 
        0.105039710436025, -0.277854525859776, 0.955429993102805, 
        2.6852008598668, 0.608121539890213), x2 = c(51, 64, 70, 
        78, 67, 75, 82, 61, 53, 60, 62, 83, 77, 90, 85, 60, 70, 
        40, 61, 66, 37, 54, 77, 75, 57, 85, 82),