
expected <- structure(list(coefficients = structure(c(-1.9758152509378, -0.297665901795162, 
0.0867660246432373, 0.0239597149846349, 0.323815971433395, 0.467958710119599, 
0.551531481658665), .Names = c("x1", "x2", "x3", "x4", "x5", 
"x6", "x7")), residuals = structure(c(-19.7162521305464, -11.2363288543408, 
-3.28392300823984, 14.9490314562464, -1.37720648265267, 2.1523693862491, 
-2.236865052709, 18.1664029435104, -6.45125610463496, 10.1651819809854, 
10.037996050407, 4.39919911322649, 6.78162285046758, 8.62284007761859, 
17.7872653993742, 8.57912925332709, -8.48364430781386, -0.70242804857204, 
-15.340551933398, -20.8067982506149, -11.599877737121, -2.70441653622077, 
0.980669738343976, -7.84152504748616, -9.24511799483914, 19.68918623192, 
10.1017270912614), .Names = c("1", "2", "4", "5", "6", "7", "8", 
"9", "10", "11", "12", "13", "14", "15", "16", "17", "18", "19", 
"20", "21", "23", "25", "26", "27", "28", "29", "30")), effects = structure(c(-223.019104861093, 
-236.757341853919, 65.0422836933145, -36.393081106369, 45.9879857534139, 
33.8030925528001, -29.8919065133051, 20.7540117062732, -3.10905471617393, 
7.90923014496681, 11.4203399637703, 10.0551617336271, 10.6728999517575, 
13.1368833740551, 23.1016870751245, 15.0967463412301, -4.1785952335274, 
1.01436687873513, -5.79910328161802, -18.4061440230194, -8.85896307409426, 
4.64803555714398, 7.70162256368604, -9.00234778720526, -9.17897469555897, 
24.159252807563, 17.4520498591689), .Names = c("x1", "x2", "x3", 
"x4", "x5", "x6", "x7", "", "", "", "", "", "", "", "", "", "", 
"", "", "", "", "", "", "", "", "", "")), rank = 7L, fitted.values = structure(c(62.7162521305464, 
74.2363288543408, 64.2839230082398, 66.0509685437536, 44.3772064826527, 
55.8476306137509, 73.236865052709, 53.8335970564896, 73.451256104635, 
53.8348180190146, 56.962003949593, 64.6008008867735, 61.2183771495324, 
68.3771599223814, 63.2127346006258, 65.4208707466729, 73.4836443078139, 
65.702428048572, 65.340551933398, 70.8067982506149, 64.5998777371209, 
65.7044165362208, 65.019330261656, 85.8415250474862, 57.2451179948391, 
65.31081376808, 71.8982729087386), .Names = c("1", "2", "4", 
"5", "6", "7", "8", "9", "10", "11", "12", "13", "14", "15", 
"16", "17", "18", "19", "20", "21", "23", "25", "26", "27", "28", 
"29", "30")), assign = 1:7, qr = structure(list(qr = structure(c(-7.90746706693211, 
-0.0572606963136083, 0.111151004757094, 0.158147892939001, 0.15946426612461, 
0.0590230194123714, -0.178558706281617, 0.0795823760608395, 0.0926198146515111, 
0.0349897435401031, 0.376926135596778, 0.152608363014986, 0.314043555099431, 
0.17510864834625, -0.0410081457571045, 0.0572856196322838, 0.334049749791504, 
0.0709297152438387, 0.376740779060659, 0.300473053777715, 0.0177133355860347, 
0.276784708030025, 0.0132836102315602, -0.0351382463572594, 0.120826300636556, 
0.339577874575782, 0.0769047198986499, -240.060578841546, -245.820907341629, 
0.146778407608732, 0.0465010463571662, 0.191507705338744, 0.167246245179487, 
0.480280959058052, 0.246433918386953, 0.130457938904443, 0.209834559202411, 
-0.107631880940239, 0.117654836930212, -0.0713198185079595, -0.0290229189291249, 
0.260507812741959, 0.189488699562305, -0.158314527551874, 0.268112541160813, 
-0.0992929120850257, 0.00455983940683449, 0.200276115399541, 
0.00202243227395901, 0.319030702860716, 0.254080305136304, 0.185000038553722, 
-0.139959780432097, 0.0785098433902428, -189.703812427078, -189.575384308313, 
82.101383758055, 0.0305760907206151, 0.383796979540511, -0.104817930760859, 
0.149437097574959, 0.0630624985917517, -0.272302182116593, 0.249570933629076, 
0.0768041270707985, 0.31509061832478, -0.224196625403018, -0.27191363865625, 
-0.023500335368754, 0.0959988986097583, -0.317767282597813, 0.292808284968571, 
-0.0476328837474271, 0.295268152958202, 0.0687956428247039, 0.0796976961133125, 
0.0567457180024048, 0.0358024728825946, -0.0158688374953942, 
-0.0350107564736549, -0.208647050580548, -181.889719834388, -216.932111869231, 
44.394358083428, -72.3306963113425, -0.351225694179409, -0.0188177032209627, 
-0.174000730349105, -0.235196162150681, -0.132912727954047, 0.325368390084065, 
0.184544341011935, -0.0369201185832881, 0.00841685418366974, 
-0.0356565447431477, -0.0936972608436844, -0.287503580043612, 
0.122258182763253, 0.0470990717405688, -0.249757039890808, 0.15502538956648, 
0.051362442216397, -0.228055277977268, -0.279788446660163, 0.278465195313897, 
0.028356636952926, 0.115931244999485, -0.147820272060807, -235.008975502054, 
-243.688016433717, 52.7719732312191, -33.7857851977525, 65.073586345999, 
0.106658279103586, 0.246300000374871, 0.356897847020829, -0.0620203771580551, 
0.0461543636306993, 0.190682731707921, -0.231985496935781, -0.0077600653209496, 
-0.196348397754998, -0.151275602187425, 0.0413663864267154, -0.132018342714151, 
0.107038033231474, -0.212942679418434, -0.0646353428572359, 0.0218095984195605, 
0.149397876016755, 0.0811260841919341, 0.091885854720122, 0.484744021959095, 
-0.240879303193785, -0.314136711564169, -281.659915460823, -263.145061002138, 
42.4135867324768, -31.6797602809562, 44.0965343865339, 60.9536298911579, 
-0.277143937718558, 0.408712163472249, 0.250741700703909, 0.151080383391372, 
0.134034926592111, -0.0333196935411704, 0.210494914853802, -0.112543942836438, 
-0.237462549656396, -0.170063776377837, -0.191198827679479, 0.203385280608237, 
0.0978449089179123, 0.202994213780439, -0.278111619077227, -0.194160259686691, 
0.0058116863165058, -0.328960586930764, 0.152732838314282, -0.0234624066709173, 
-0.362910783087162, -147.548976516792, -156.350847881653, 36.1154029960559, 
-16.1275682739527, 7.76159107180703, 9.57209281317821, -54.198005929614, 
0.352426898920539, 0.426004561896373, -0.0747868597790263, 0.0513281695095104, 
0.0410042175014744, -0.104027681373495, 0.232131401983118, -0.288342343162539, 
0.396459098324398, -0.0502659718906754, 0.0673870994897191, -0.063627729321864, 
0.275791445103163, -0.0111287185548279, 0.261611068636688, -0.20661659448412, 
0.374524813719556, 0.0933136901167011, -0.000452491046089855, 
-0.0103323473571352), .Dim = c(27L, 7L), .Dimnames = list(c("1", 
"2", "4", "5", "6", "7", "8", "9", "10", "11", "12", "13", "14", 
"15", "16", "17", "18", "19", "20", "21", "23", "25", "26", "27", 
"28", "29", "30"), c("x1", "x2", "x3", "x4", "x5", "x6", "x7"
)), assign = 1:7), qraux = c(1.14075742958269, 1.22542023731333, 
1.31956691894502, 1.43453369949629, 1.36511958661181, 1.03887101272548, 
1.17850368392342), pivot = 1:7, tol = 1e-07, rank = 7L), .Names = c("qr", 
"qraux", "pivot", "tol", "rank"), class = "qr"), df.residual = 20L, 
    xlevels = structure(list(), .Names = character(0)), call = quote(lm(formula = y ~ 
        . + 0, data = structure(list(y = c(43, 63, 61, 81, 43, 
        58, 71, 72, 67, 64, 67, 69, 68, 77, 81, 74, 65, 65, 50, 
        50, 53, 63, 66, 78, 48, 85, 82), x1 = c(1.11303473885111, 
        -0.452787070329459, 0.878922909573136, 1.25054925511986, 
        1.26095843273285, 0.466722582194222, -1.41194708943589, 
        0.629295017809295, 0.732388134102181, 0.276680244723766, 
        2.98053100389751, 1.20674560467942, 2.48328906953103, 
        1.38466586993297, -0.324270562050256, 0.452984150651084, 
        2.64148739519323, 0.560874387357527, 2.97906530319251, 
        2.3759807772478, 0.140067617792086, 2.18866596337784, 
        0.105039710436025, -0.277854525859776, 0.955429993102805, 
        2.6852008598668, 0.608121539890213), x2 = c(67, 40, 66, 
        54, 90, 57, 70, 82, 57, 61, 75, 70, 67, 40, 53, 62, 51, 
        85, 77, 82, 54, 75, 82, 53, 78, 57, 40), x3 = c(58, 66, 
        30, 42, 45, 58, 54, 66, 71, 33, 52, 33, 71, 54, 50, 46, 
        64, 50, 64, 42, 42, 54, 68, 45, 68, 46, 51), x4 = c(59, 
        74, 47, 75, 39, 57, 62, 58, 54, 72, 63, 45, 59, 39, 50, 
        34, 54, 72, 39, 63, 54, 39, 59, 74, 74, 47, 34), x5 = c(66, 
        88, 79, 59, 50, 59, 63, 59, 71, 66, 59, 77, 71, 59, 71, 
        55, 66, 79, 80, 79, 59, 55, 79, 63, 54, 70, 66),