
expected <- structure(list(coefficients = structure(c(14.0809855920456, 0.603936832516829, 
-0.0854446150054265, 0.271687446759167, -0.0272060338403922, 
0.100246277590145, -0.145041565979105), .Names = c("x1", "x2", 
"x3", "x4", "x5", "x6", "x7")), residuals = structure(c(1.846716682051, 
2.11570999187728, -1.90120901012437, -9.97796868936632, -8.11527039235384, 
1.75274885928433, -5.87384900894564, 6.68672329650606, 6.63715377835337, 
10.6718231400942, 9.85008074121697, -2.0526549121591, 2.35296841105713, 
-1.12077031610302, -1.38056748923888, 1.93044540275459, -2.96571936990409, 
-6.2068058657361, 5.07475181620946, 0.182317866316144, -11.266107334436, 
-5.59769157005102, 6.27127936927414, -1.84930287180622, 4.55809389373937, 
-10.0394324564195, 8.41653603791003), .Names = c("2", "3", "4", 
"6", "7", "8", "9", "10", "11", "12", "13", "14", "15", "16", 
"17", "18", "19", "20", "21", "22", "23", "24", "25", "26", "27", 
"28", "29")), effects = structure(c(-333.516005501874, -45.8271796854879, 
-2.82732660593055, 9.77007444774788, 1.4811048277867, 3.44780910062636, 
-6.25204626475199, 5.98233563398583, 6.42349920388546, 12.7799836721319, 
11.4075908952288, 0.533285554704802, 1.33542003559612, -1.65230278365528, 
-3.40191676090889, -4.5860008449448, -3.69369757458268, -6.62874518029267, 
4.18909025755348, -1.71992793761992, -12.2440655947431, -9.25549568117097, 
9.32422416627061, -8.84977996767988, 2.20935034944585, -9.47596129306349, 
3.97578347005966), .Names = c("x1", "x2", "x3", "x4", "x5", "x6", 
"x7", "", "", "", "", "", "", "", "", "", "", "", "", "", "", 
"", "", "", "", "", "")), rank = 7L, fitted.values = structure(c(61.153283317949, 
68.8842900081227, 62.9012090101244, 52.9779686893663, 66.1152703923538, 
69.2472511407157, 77.8738490089456, 60.3132767034939, 57.3628462216466, 
56.3281768599058, 59.149919258783, 70.0526549121591, 74.6470315889429, 
82.120770316103, 75.3805674892389, 63.0695545972454, 67.9657193699041, 
56.2068058657361, 44.9252481837905, 63.8176821336839, 64.266107334436, 
45.597691570051, 56.7287206307259, 67.8493028718062, 73.4419061062606, 
58.0394324564195, 76.58346396209), .Names = c("2", "3", "4", 
"6", "7", "8", "9", "10", "11", "12", "13", "14", "15", "16", 
"17", "18", "19", "20", "21", "22", "23", "24", "25", "26", "27", 
"28", "29")), assign = 1:7, qr = structure(list(qr = structure(c(-5.19615242270663, 
0.192450089729875, 0.192450089729875, 0.192450089729875, 0.192450089729875, 
0.192450089729875, 0.192450089729875, 0.192450089729875, 0.192450089729875, 
0.192450089729875, 0.192450089729875, 0.192450089729875, 0.192450089729875, 
0.192450089729875, 0.192450089729875, 0.192450089729875, 0.192450089729875, 
0.192450089729875, 0.192450089729875, 0.192450089729875, 0.192450089729875, 
0.192450089729875, 0.192450089729875, 0.192450089729875, 0.192450089729875, 
0.192450089729875, 0.192450089729875, -343.908310347287, -67.2761032913922, 
-0.0421028710864252, -0.16101582247051, 0.0173536046056173, 0.136266555989702, 
0.240315388450777, -0.0718311089324464, -0.190744060316531, -0.0866952278554571, 
-0.0569669900094358, 0.255179507373787, 0.165994793835724, 0.359228339834862, 
0.284907745219808, -0.0866952278554571, 0.0619459613746492, -0.116423465701478, 
-0.38397760631567, -0.0718311089324464, 0.00248948568260667, 
-0.428569963084701, -0.175879941393521, 0.165994793835724, 0.136266555989702, 
-0.131287584624489, 0.284907745219808, -282.709181813187, -36.8030079304512, 
46.9047665572452, -0.0611248653510839, 0.270548232368535, 0.221612896213294, 
-0.141002445516607, 0.115371580928528, -0.176809800349899, 0.0575291134291201, 
-0.125263079326525, -0.360317310932056, 0.166739472495275, 0.44965606351628, 
0.0751645466608243, -0.326227193683757, 0.230877686470715, -0.420592333842968, 
0.0519486847795985, -0.0338669829487023, 0.0421474061522932, 
-0.185538102237438, 0.0729108207059471, -0.0890980655799771, 
0.0510545374964592, 0.0758798644873358, -0.0740740172164058, 
-293.87128701752, -33.9678148766177, 8.65095721368538, 48.6211390082697, 
-0.0587193222030677, 0.083686816614506, 0.0349793870888135, 0.0898999650193316, 
-0.160589001185979, 0.257505525574979, 0.275058221743037, 0.563680488069739, 
-0.22329697497344, -0.128997021398142, -0.0275578357153437, -0.373125503892762, 
-0.0274975862114396, 0.0588222318240993, 0.0923399585590692, 
-0.175912621133539, 0.116546382071625, -0.373770335132734, -0.0128790470077565, 
0.0349994702567816, -0.258295198339626, 0.0884128033691762, -0.0259970064122555, 
-335.632956488902, -3.79090084829078, 1.5982368744292, -4.98720907990293, 
-50.938403722177, -0.275653597779035, -0.278073129971561, -0.161461198929394, 
-0.0513324265391814, 0.101560714558569, -0.2684546876162, -0.225835909514285, 
0.111120164262373, 0.0201178831459714, 0.134506641170215, -0.315157772780279, 
0.00434563506125808, 0.0361445370726216, -0.288597037130427, 
-0.155033871888777, -0.299854661081488, -0.0507827958655044, 
0.267004420934338, -0.406530197355192, -0.00121522295417427, 
-0.0602192245013666, -0.334875737778457, -382.975678562452, -12.3443755040988, 
11.0852083455286, 1.89702095288471, 1.79258682594279, 46.3848264301531, 
-0.0455725221887187, -0.182340888378645, 0.125060506285436, -0.183771493426684, 
0.129607570143951, -0.150840807171755, 0.0873801881295618, 0.657996788159374, 
0.0135673315829488, 0.0389834154432136, -0.20233364863968, -0.188534641335818, 
0.0283582242200388, -0.0683061539057058, -0.130866701279306, 
0.314097153157074, -0.163257755884769, 0.0925860846565412, 0.0867588493617157, 
-0.295630966143447, 0.208634639195775, -222.664753817466, -13.9386898893224, 
15.4279398067065, 25.9617311116737, 0.582090131490101, 8.28794888931797, 
43.1052038258652, -0.041070959375021, 0.328761680099926, -0.171043620008167, 
0.288498550698282, 0.124484712256534, 0.0609551150341515, 0.101831335662344, 
-0.372427284612107, 0.0329969988318425, -0.0935389699617038, 
-0.0648683101826308, 0.0333097739907426, 0.198622681898951, 0.107754989458549, 
0.0118406484834129, 0.137115564088051, -0.537643489719353, 0.0728458637899777, 
0.0273784335515879, -0.0853840084785896), .Dim = c(27L, 7L), .Dimnames = list(
    c("2", "3", "4", "6", "7", "8", "9", "10", "11", "12", "13", 
    "14", "15", "16", "17", "18", "19", "20", "21", "22", "23", 
    "24", "25", "26", "27", "28", "29"), c("x1", "x2", "x3", 
    "x4", "x5", "x6", "x7")), assign = 1:7), qraux = c(1.19245008972988, 
1.06194596137465, 1.14577733656893, 1.12121545183186, 1.03104722207591, 
1.2489924193432, 1.47105425594491), pivot = 1:7, tol = 1e-07, 
    rank = 7L), .Names = c("qr", "qraux", "pivot", "tol", "rank"
), class = "qr"), df.residual = 20L, xlevels = structure(list(), .Names = character(0)), 
    call = quote(lm(formula = y ~ . + 0, data = structure(list(y = c(63, 
        71, 61, 43, 58, 71, 72, 67, 64, 67, 69, 68, 77, 81, 74, 
        65, 65, 50, 50, 64, 53, 40, 63, 66, 78, 48, 85), x1 = c(1, 
        1, 1, 1, 1, 1, 1, 1, 1, 1, 1, 1, 1, 1, 1, 1, 1, 1, 1, 
        1, 1, 1, 1, 1, 1, 1, 1), x2 = c(64, 70, 63, 55, 67, 75, 
        82, 61, 53, 60, 62, 83, 77, 90, 85, 60, 70, 58, 40, 61, 
        66, 37, 54, 77, 75, 57, 85), x3 = c(51, 68, 45, 49, 42, 
        50, 72, 45, 53, 47, 57, 83, 54, 50, 64, 65, 46, 68, 33, 
        52, 52, 42, 42, 66, 58, 44, 71), x4 = c(54, 69, 47, 44, 
        56, 55, 67, 47, 58, 39, 42, 45, 72, 72, 69, 75, 57, 54, 
        34, 62, 50, 58, 48, 63, 74, 45, 71), x5 = c(88, 76, 55, 
        76, 66, 54, 59, 59, 64, 75, 59, 71, 71, 66, 77, 51, 66, 
        75, 50, 58, 54, 59, 79, 51, 66, 64, 55), x6 = c(73, 86, 
        84, 49, 68, 66, 83, 80, 67, 74, 63, 77, 77, 54, 79, 80, 
        85, 78, 64, 80, 80, 57, 75, 76, 78, 83, 74), x7 = c(47, 
        48, 35, 34, 35, 41, 31, 41, 34, 41, 25, 35, 46, 36, 63, 
        60, 46, 52, 33, 41, 37, 49, 33, 72, 49, 38, 55)), .Names = c("y", 
        "x1", "x2", "x3", "x4", "x5", "x6", "x7"),