
expected <- structure(list(coefficients = structure(c(-6.62076412193391, 
0.653607155667565, 0.20823097257193, 0.310022541818614, 0.0315423544375144, 
0.097355583001955, -0.222110271234161), .Names = c("x1", "x2", 
"x3", "x4", "x5", "x6", "x7")), residuals = structure(c(-5.85207779253372, 
2.60689004942333, 1.62250093551945, 0.394763465071255, 5.46906983987476, 
-13.0502888994525, 1.61052685009184, -9.38445274664491, 3.75771761344887, 
8.61142052784927, 8.93268869809031, -5.78294309124828, 1.41338099876774, 
-2.25790062132254, -0.638397395564669, 3.5855905195771, -5.5536325642685, 
-5.87923592984775, 5.93502768144013, -1.10355631557337, -1.99030838178343, 
6.56305996755631, -2.04099856999995, -1.35956023899767, -8.2463899201288, 
6.22399727651838, 6.41310804413739), .Names = c("1", "2", "3", 
"4", "5", "6", "8", "9", "10", "12", "13", "14", "15", "16", 
"17", "18", "19", "20", "21", "22", "24", "25", "26", "27", "28", 
"29", "30")), effects = structure(c(-339.4819582835, 54.8283956586102, 
7.54999694964152, 9.59971420674798, -1.9118097231186, 4.25204227161503, 
-8.22196135013216, -11.5447766902828, 3.75078615801048, 10.922188286762, 
10.2262373692196, -3.88422738600677, 2.98012309803975, 0.214060315842421, 
4.77277600108457, 0.948749460017579, -4.53371832614282, -4.13769806869759, 
5.63717999514926, -2.83979261753673, -1.33233648321004, 6.799990845279, 
7.07535257096144, -0.655912435080354, -10.4536486452172, 10.2660866827899, 
7.05308034684391), .Names = c("x1", "x2", "x3", "x4", "x5", "x6", 
"x7", "", "", "", "", "", "", "", "", "", "", "", "", "", "", 
"", "", "", "", "", "")), rank = 7L, fitted.values = structure(c(48.8520777925337, 
60.3931099505767, 69.3774990644805, 60.6052365349287, 75.5309301601253, 
56.0502888994525, 69.3894731499082, 81.3844527466449, 63.2422823865511, 
58.3885794721507, 60.0673113019097, 73.7829430912483, 75.5866190012323, 
83.2579006213225, 74.6383973955647, 61.4144094804229, 70.5536325642685, 
55.8792359298478, 44.0649723185599, 65.1035563155734, 41.9903083817834, 
56.4369400324437, 68.0409985699999, 79.3595602389977, 56.2463899201288, 
78.7760027234816, 75.5868919558626), .Names = c("1", "2", "3", 
"4", "5", "6", "8", "9", "10", "12", "13", "14", "15", "16", 
"17", "18", "19", "20", "21", "22", "24", "25", "26", "27", "28", 
"29", "30")), assign = 1:7, qr = structure(list(qr = structure(c(-5.19615242270663, 
0.192450089729875, 0.192450089729875, 0.192450089729875, 0.192450089729875, 
0.192450089729875, 0.192450089729875, 0.192450089729875, 0.192450089729875, 
0.192450089729875, 0.192450089729875, 0.192450089729875, 0.192450089729875, 
0.192450089729875, 0.192450089729875, 0.192450089729875, 0.192450089729875, 
0.192450089729875, 0.192450089729875, 0.192450089729875, 0.192450089729875, 
0.192450089729875, 0.192450089729875, 0.192450089729875, 0.192450089729875, 
0.192450089729875, 0.192450089729875, -348.719562590534, 70.3467601717852, 
-0.0780287364412797, 0.0214783337195374, -0.191751102339356, 
0.135200699617614, -0.149105215127578, -0.248612285288395, 0.0499089251940565, 
0.0641242209313161, 0.035693629456797, -0.262827581025654, -0.177535806602097, 
-0.362334651186471, -0.291258172500173, 0.0641242209313161, -0.0780287364412797, 
0.0925548124058353, 0.348430135676508, 0.0499089251940565, 0.391076022888286, 
0.149415995354874, -0.177535806602097, -0.149105215127578, 0.106770108143095, 
-0.291258172500173, -0.248612285288395, -272.509327057503, -13.2249634675638, 
44.5170417699589, 0.140992294251276, -0.0597303394420856, -0.352474722651804, 
-0.00610782818008199, -0.00393494507107257, -0.437256437636926, 
-0.322041267881087, -0.0133522264595117, -0.0517601922102545, 
0.0554848303137528, 0.040265921054297, 0.21200223413355, 0.149688190435509, 
-0.306100973417425, 0.110558839480559, -0.26406862665287, -0.122770132092528, 
0.126503497692417, 0.00983683003177529, -0.0343683998417893, 
-0.477837286496678, 0.0460675489253137, -0.0350941487941907, 
0.0859182850844695, -293.87128701752, 38.6703428372584, -10.5858964708604, 
48.4067149001436, -0.126423700813877, -0.0458969864745071, 0.0885795076171602, 
-0.0801026650633285, -0.0744555217548143, 0.125473007692439, 
0.208742219029804, 0.366538594774843, -0.215711244568039, -0.076256527387784, 
-0.00189701102103369, -0.430478039277322, -0.128099857707618, 
-0.0346137696547305, 0.0279731339230827, -0.259164934581364, 
-0.345958535666037, 0.00447594197839505, -0.0655480407436502, 
-0.491675447275784, 0.11445022141101, -0.141557483228098, 0.120925077142573, 
-337.172557206741, 36.836569687152, 3.29077620371319, 18.0970699194177, 
37.2746650241024, 0.123821871114271, -0.0602984813454187, 0.122433739827159, 
0.00356150638451544, -0.0444630410155925, 0.0765400708639033, 
0.16604615321275, -0.0698554426676971, 0.535952352692979, -0.0723338275250272, 
0.478402546596217, -0.164654232790741, -0.0509580084435587, 0.166098775184923, 
0.0538946443931225, 0.223627580493485, -0.19991448688355, -0.418885996256123, 
-0.01451701555378, 0.179653942107017, 0.0403356291755108, 0.192291400668105, 
-390.288781972187, 8.70923785502774, -10.0670206970646, -0.227743594327619, 
21.5901253451019, 45.3793516632192, 0.332329894527369, -0.0920794773909035, 
-0.20953531864066, -0.0102891547893942, 0.302875350574682, 0.05229311093311, 
0.0949829990693554, 0.447263194786493, 0.153936420881657, -0.227374129572401, 
-0.184526407625669, 0.019419377252919, 0.0605525937246868, -0.143348284172068, 
0.273603515907618, 0.0932273528527735, 0.226202905099215, -0.149171270228809, 
-0.185031966653103, 0.132973261941577, 0.0392126963306357, -227.476006060713, 
10.7846710326676, -10.9779633481037, 26.8160073726724, 23.3643389388108, 
0.746885611757806, 37.0174747185109, 0.40015048111719, 0.00411783760652252, 
-0.117356301091852, 0.251533317168833, -0.141061904535866, 0.221477047291572, 
0.00145512840761757, -0.348795063462365, -0.309805747506437, 
0.0875338909681466, -0.139907671427894, 0.0054303526190933, 0.228862560072323, 
-0.0395760677929916, 0.38238342525558, -0.431166567230348, 0.18004091860025, 
-0.0417599267425804, -0.162692578272629, -0.0120952139092508), .Dim = c(27L, 
7L), .Dimnames = list(c("1", "2", "3", "4", "5", "6", "8", "9", 
"10", "12", "13", "14", "15", "16", "17", "18", "19", "20", "21", 
"22", "24", "25", "26", "27", "28", "29", "30"), c("x1", "x2", 
"x3", "x4", "x5", "x6", "x7")), assign = 1:7), qraux = c(1.19245008972988, 
1.00726303798228, 1.18809179243806, 1.17807280639813, 1.08755571152343, 
1.43482047173757, 1.04610007594208), pivot = 1:7, tol = 1e-07, 
    rank = 7L), .Names = c("qr", "qraux", "pivot", "tol", "rank"
), class = "qr"), df.residual = 20L, xlevels = structure(list(), .Names = character(0)), 
    call = quote(lm(formula = y ~ . + 0, data = structure(list(y = c(43, 
        63, 71, 61, 81, 43, 71, 72, 67, 67, 69, 68, 77, 81, 74, 
        65, 65, 50, 50, 64, 40, 63, 66, 78, 48, 85, 82), x1 = c(1, 
        1, 1, 1, 1, 1, 1, 1, 1, 1, 1, 1, 1, 1, 1, 1, 1, 1, 1, 
        1, 1, 1, 1, 1, 1, 1, 1), x2 = c(51, 64, 70, 63, 78, 55, 
        75, 82, 61, 60, 62, 83, 77, 90, 85, 60, 70, 58, 40, 61, 
        37, 54, 77, 75, 57, 85, 82), x3 = c(44, 47, 42, 45, 52, 
        68, 50, 49, 71, 66, 52, 51, 47, 46, 39, 45, 64, 47, 66, 
        57, 49, 52, 51, 71, 50, 50, 45), x4 = c(39, 54, 69, 47, 
        66, 44, 55, 67, 47, 39, 42, 45, 72, 72, 69, 75, 57, 54, 
        34, 62, 58, 48, 63, 74, 45, 71, 59), x5 = c(61, 63, 76, 
        54, 71, 54, 70, 71, 62, 59, 55, 59, 79, 60, 79, 55, 75, 
        64, 43, 66, 50, 66, 88, 80, 51, 77, 64), x6 = c(92, 73, 
        86, 84, 83, 49, 66, 83, 80, 74, 63, 77, 77, 54, 79, 80, 
        85, 78, 64, 80, 57, 75, 76, 78, 83, 74, 78), x7 = c(45, 
        47, 48, 35, 47, 34, 41, 31, 41, 41, 25, 35, 46, 36, 63, 
        60, 46, 52, 33, 41, 49, 33, 72, 49, 38, 55, 39)), .Names = c("y", 
        "x1", "x2", "x3", "x4", "x5", "x6", "x7"),