
expected <- structure(list(coefficients = structure(c(22.088156392045, 0.776875687960615, 
-0.125592900495934, 0.444831786618939, -0.123585124267814, -0.183380646259677, 
-0.14239966818776), .Names = c("x1", "x2", "x3", "x4", "x5", 
"x6", "x7")), residuals = structure(c(-3.67233979173701, 1.99169737577803, 
0.891626224493407, -1.15926913964523, 7.22790826412113, -12.1666995736059, 
-9.06373130377412, 1.2530992743639, -6.14347649618852, 8.27358987511968, 
11.5366184173472, 11.6988945460886, -3.60004413169477, -0.0862983515254513, 
3.31263824801907, -0.557872206257416, -2.82624378404174, 4.85610212128857, 
0.855478472102166, -9.44789192756845, -4.81427151810961, 5.64189467109633, 
-0.944420620971389, -2.13695162077887, -7.76059747608138, 3.84598883491624, 
2.99457161724552), .Names = c("1", "2", "3", "4", "5", "6", "7", 
"8", "9", "11", "12", "13", "14", "15", "18", "19", "20", "21", 
"22", "23", "24", "25", "26", "27", "28", "29", "30")), effects = structure(c(-330.436804066196, 
-51.0689079508119, 2.68611967430661, 13.3743426997647, -4.06745681732396, 
-9.93368057228028, -5.21236279915737, 1.72205490778663, -5.25610765637258, 
9.1734488533112, 12.9738528052864, 12.4209513462553, -4.63138353363753, 
2.38548080721206, -3.30200718076391, 0.320914041986805, -4.93819596488397, 
8.89614754658584, 2.88263495638147, -8.52103318812054, -5.27149975092746, 
12.6470449895309, -2.06356098689808, 4.68819247389318, -8.46852511092757, 
4.39085235126543, 2.2583337856999), .Names = c("x1", "x2", "x3", 
"x4", "x5", "x6", "x7", "", "", "", "", "", "", "", "", "", "", 
"", "", "", "", "", "", "", "", "", "")), rank = 7L, fitted.values = structure(c(46.672339791737, 
61.008302624222, 70.1083737755066, 62.1592691396452, 73.7720917358789, 
55.1666995736059, 67.0637313037741, 69.7469007256361, 78.1434764961885, 
55.7264101248803, 55.4633815826528, 57.3011054539114, 71.6000441316948, 
77.0862983515255, 61.6873617519809, 65.5578722062574, 52.8262437840417, 
45.1438978787114, 63.1445215278978, 62.4478919275684, 44.8142715181096, 
57.3581053289037, 66.9444206209714, 80.1369516207789, 55.7605974760814, 
81.1540111650838, 79.0054283827545), .Names = c("1", "2", "3", 
"4", "5", "6", "7", "8", "9", "11", "12", "13", "14", "15", "18", 
"19", "20", "21", "22", "23", "24", "25", "26", "27", "28", "29", 
"30")), assign = 1:7, qr = structure(list(qr = structure(c(-5.19615242270663, 
0.192450089729875, 0.192450089729875, 0.192450089729875, 0.192450089729875, 
0.192450089729875, 0.192450089729875, 0.192450089729875, 0.192450089729875, 
0.192450089729875, 0.192450089729875, 0.192450089729875, 0.192450089729875, 
0.192450089729875, 0.192450089729875, 0.192450089729875, 0.192450089729875, 
0.192450089729875, 0.192450089729875, 0.192450089729875, 0.192450089729875, 
0.192450089729875, 0.192450089729875, 0.192450089729875, 0.192450089729875, 
0.192450089729875, 0.192450089729875, -339.09705810404, -64.6156729066964, 
0.108983611697181, 0.000650761707243416, 0.232792583114252, -0.123158209709828, 
0.062555247415779, 0.18636421883285, 0.294697068822788, -0.154110452564096, 
-0.0457776025741583, -0.0148253597198905, 0.310173190249921, 
0.217316461687118, -0.0457776025741583, 0.108983611697181, -0.0767298454284261, 
-0.355300031116836, -0.0303014811470244, 0.0470791259886451, 
-0.401728395398238, -0.138634331136962, 0.217316461687118, 0.18636421883285, 
-0.09220596685556, 0.341125433104189, 0.294697068822788, -276.165878762371, 
-38.1635422496297, -51.8743814456437, -0.0855473432092191, -0.04856337822439, 
0.0849309466482844, -0.190063826433519, -0.12921405674444, 0.213189566166732, 
0.185382533999306, -0.011979315364881, 0.157451833421777, 0.413569170333353, 
-0.0754469377310734, 0.335012773954993, -0.147967824504566, 0.416187023010466, 
-0.0484397098142874, 0.0727362590284481, 0.0143806736063798, 
0.160069686098891, -0.0383393043361418, 0.155881121815509, 0.0250046496199481, 
-0.0347979789982857, 0.158898876617943, -0.42296259758637, -289.252484864003, 
-31.3907329613699, -13.3466992843226, 48.2336760195802, -0.136472883490647, 
0.140388076539147, -0.101260795485054, 0.0269506847315662, -0.00615291317959386, 
-0.128078914877611, 0.254458693873492, 0.284006477751736, 0.544488861880237, 
-0.282411587864147, -0.345938555488481, -0.0735791413930778, 
0.103119148399489, 0.13807943157391, -0.176514074493189, 0.0989021682106239, 
-0.302490055363458, -0.0046328365620625, 0.00149287179026787, 
-0.302089745621851, 0.0897596230145777, -0.0812154818399324, 
-0.107903985368068, -334.478255950523, -38.7894653829049, 0.555667010559441, 
19.0140992758694, 32.1220941799484, 0.0644213454757995, 0.0522421677534954, 
-0.0210833672358523, 0.163670913661582, 0.140162659569243, -0.111606539492539, 
0.0561403290095904, 0.14546592893897, -0.00441921145649144, 0.56382389376036, 
-0.188644216175881, -0.101678496626264, 0.114186051183665, 0.0536649202013496, 
0.00290461537673168, 0.238031508303309, -0.23220855273184, -0.472311567154308, 
-0.0370957764954307, 0.212842629828227, 0.0817780411828128, 0.347018395759617, 
-376.047475332176, -11.1955408783251, -2.76161406090614, 11.7146092415615, 
-13.6099767301853, 47.9464921786567, 0.0793268025065481, -0.0455108222181812, 
-0.0693440748660226, -0.0970189459598781, 0.0816929849289931, 
-0.164009724126724, 0.0579994482803758, 0.132047703443891, -0.0987798650216647, 
-0.135396356429429, -0.242758555663741, 0.413814994902807, 0.0775440223050294, 
-0.0288458074884374, 0.0775393801968038, 0.288743009190277, -0.137186991397295, 
0.651508933666266, 0.0385169602579523, 0.277017205546907, 0.150917011178653, 
-220.932703009897, -10.2044959173061, -11.7299946118344, 25.1646453224406, 
18.2124732291761, 8.01421706382718, 36.6037566343529, 0.0822336002305581, 
0.450281490924262, 0.303784851051898, -0.139678181861245, 0.321219900371957, 
-0.054593495968731, 0.170077019658083, -0.350080295312919, 0.0969226377924145, 
-0.111428743516073, -0.155808621584057, 0.160072931908361, 0.110879105443835, 
-0.162524087580975, 0.249502142442577, -0.391798843088921, 0.00711328092415276, 
-0.100069484708675, -0.193662773795972, -0.0421207359955596), .Dim = c(27L, 
7L), .Dimnames = list(c("1", "2", "3", "4", "5", "6", "7", "8", 
"9", "11", "12", "13", "14", "15", "18", "19", "20", "21", "22", 
"23", "24", "25", "26", "27", "28", "29", "30"), c("x1", "x2", 
"x3", "x4", "x5", "x6", "x7")), assign = 1:7), qraux = c(1.19245008972988, 
1.01612688313438, 1.2761336179975, 1.08835711112596, 1.14919751195942, 
1.15577178598979, 1.21336362518607), pivot = 1:7, tol = 1e-07, 
    rank = 7L), .Names = c("qr", "qraux", "pivot", "tol", "rank"
), class = "qr"), df.residual = 20L, xlevels = structure(list(), .Names = character(0)), 
    call = quote(lm(formula = y ~ . + 0, data = structure(list(y = c(43, 
        63, 71, 61, 81, 43, 58, 71, 72, 64, 67, 69, 68, 77, 65, 
        65, 50, 50, 64, 53, 40, 63, 66, 78, 48, 85, 82), x1 = c(1, 
        1, 1, 1, 1, 1, 1, 1, 1, 1, 1, 1, 1, 1, 1, 1, 1, 1, 1, 
        1, 1, 1, 1, 1, 1, 1, 1), x2 = c(51, 64, 70, 63, 78, 55, 
        67, 75, 82, 53, 60, 62, 83, 77, 60, 70, 58, 40, 61, 66, 
        37, 54, 77, 75, 57, 85, 82), x3 = c(30, 51, 68, 45, 56, 
        49, 42, 50, 72, 53, 47, 57, 83, 54, 65, 46, 68, 33, 52, 
        52, 42, 42, 66, 58, 44, 71, 39), x4 = c(39, 54, 69, 47, 
        66, 44, 56, 55, 67, 58, 39, 42, 45, 72, 75, 57, 54, 34, 
        62, 50, 58, 48, 63, 74, 45, 71, 59), x5 = c(61, 63, 76, 
        54, 71, 54, 66, 70, 71, 58, 59, 55, 59, 79, 55, 75, 64, 
        43, 66, 63, 50, 66, 88, 80, 51, 77, 64), x6 = c(80, 76, 
        67, 68, 86, 63, 74, 78, 83, 80, 63, 77, 67, 75, 92, 80, 
        79, 49, 73, 74, 73, 54, 74, 49, 73, 67, 80), x7 = c(45, 
        47, 48, 35, 47, 34, 35, 41, 31, 34, 41, 25, 35, 46, 60, 
        46, 52, 33, 41, 37, 49, 33, 72, 49, 38, 55, 39)), .Names = c("y", 
        "x1", "x2", "x3", "x4", "x5", "x6", "x7"),