
expected <- structure(list(coefficients = structure(c(9.17417607088169, 0.646991044366881, 
-0.0826890526391495, 0.326392549282184, 0.014441092087213, 0.0629679932157154, 
-0.167375288124885), .Names = c("x1", "x2", "x3", "x4", "x5", 
"x6", "x7")), residuals = structure(c(-8.63363666440537, 1.00950004644426, 
1.15946391724292, -0.77949072404193, 5.81868016496033, -10.5603869701101, 
-8.70441912447444, -7.03186465903197, 7.71285069795515, 6.53472486639342, 
11.2831107277567, 10.082542306338, -2.7146240334129, 0.797869045007837, 
-4.09705431916954, -2.93919377652082, 2.17029062627441, -5.99306912080928, 
7.34895255389552, 0.410226919283664, -10.5197544953152, -4.81048328830063, 
6.35434412065893, 3.28118557732883, -8.89232438310997, 7.28038618038703, 
4.43217380877516), .Names = c("1", "2", "3", "4", "5", "6", "7", 
"9", "10", "11", "12", "13", "14", "15", "16", "17", "18", "20", 
"21", "22", "23", "24", "25", "27", "28", "29", "30")), effects = structure(c(-334.285805860793, 
-54.1626149974308, 2.33757936933778, 11.6749073260769, 0.789845912949692, 
0.945992114226387, -5.56414638785016, -2.97309009754147, 9.08225009552261, 
10.8630176774292, 11.2113656716569, 14.8842703142722, -1.82322587758987, 
2.91826353911889, 2.00608400548553, -4.48662227901743, 3.80353786691528, 
-6.8336208055413, 11.209016737034, 3.22720772339341, -7.98400498166002, 
-1.15393685762124, 8.0442948866102, 5.41770739087905, -7.88556582464197, 
9.24699006389628, 6.89587762673383), .Names = c("x1", "x2", "x3", 
"x4", "x5", "x6", "x7", "", "", "", "", "", "", "", "", "", "", 
"", "", "", "", "", "", "", "", "", "")), rank = 7L, fitted.values = structure(c(51.6336366644054, 
61.9904999535557, 69.8405360827571, 61.7794907240419, 75.1813198350397, 
53.5603869701101, 66.7044191244744, 79.031864659032, 59.2871493020448, 
57.4652751336066, 55.7168892722433, 58.917457693662, 70.7146240334129, 
76.2021309549922, 85.0970543191695, 76.9391937765208, 62.8297093737256, 
55.9930691208093, 42.6510474461045, 63.5897730807163, 63.5197544953152, 
44.8104832883006, 56.6456558793411, 74.7188144226712, 56.89232438311, 
77.719613819613, 77.5678261912248), .Names = c("1", "2", "3", 
"4", "5", "6", "7", "9", "10", "11", "12", "13", "14", "15", 
"16", "17", "18", "20", "21", "22", "23", "24", "25", "27", "28", 
"29", "30")), assign = 1:7, qr = structure(list(qr = structure(c(-5.19615242270663, 
0.192450089729875, 0.192450089729875, 0.192450089729875, 0.192450089729875, 
0.192450089729875, 0.192450089729875, 0.192450089729875, 0.192450089729875, 
0.192450089729875, 0.192450089729875, 0.192450089729875, 0.192450089729875, 
0.192450089729875, 0.192450089729875, 0.192450089729875, 0.192450089729875, 
0.192450089729875, 0.192450089729875, 0.192450089729875, 0.192450089729875, 
0.192450089729875, 0.192450089729875, 0.192450089729875, 0.192450089729875, 
0.192450089729875, 0.192450089729875, -341.791359360259, -70.2329457353646, 
0.0940757185871527, -0.00559260554061164, 0.207982374733169, 
-0.119499261686628, 0.0513607225323965, 0.264935702806177, -0.0340692695771157, 
-0.147975925723132, -0.0483076015953678, -0.0198309375588637, 
0.279174034824429, 0.193744042714917, 0.378842358952194, 0.307650698860933, 
-0.0483076015953678, -0.0767842656318719, -0.333074241960409, 
-0.0340692695771157, 0.0371223905141445, -0.375789238015165, 
-0.13373759370488, 0.165267378678413, -0.0910225976501239, 0.307650698860933, 
0.264935702806177, -275.588528493181, -36.3393873843611, -52.8621971496863, 
-0.0777165698770799, -0.0219221343711548, 0.0791752168329003, 
-0.175079573263807, 0.240139952845125, -0.057410733231322, 0.175149493605607, 
-0.00942359484496873, 0.159441668826645, 0.438075244871355, -0.0496034361117502, 
-0.257259814436125, 0.0583443176225902, 0.331084385726301, 0.40814155246727, 
-0.0712047688317108, 0.0750090369908383, 0.0242444453764436, 
0.129507976422561, -0.0430916350663811, 0.0463708406609564, -0.0357161699715435, 
0.190764087844751, -0.384124678202203, -291.754336030491, -37.5876144912945, 
-11.4059006342731, 49.0355388976436, -0.104841902340487, 0.128440571929882, 
-0.0788666194452232, 0.0162392709473075, 0.0824488170952767, 
-0.143365288721313, 0.252446471064487, 0.276076731016642, 0.549517961724093, 
-0.248497668427881, -0.18275230798564, -0.0591726046853306, -0.355056995026528, 
0.0798686223314672, 0.111453037419439, -0.174195903115328, 0.10663670604758, 
-0.336326214380228, -0.00961120964501627, -0.27558306164323, 
0.0873092962742401, -0.0507034851737676, -0.0528199671590905, 
-344.678110706207, -10.7499406737803, -0.435479594200001, -4.57555889477853, 
-51.6653984193837, 0.267919680596848, -0.0271155265085861, -0.32998444874969, 
-0.10464747813515, 0.0138817601304101, 0.227040879146715, -0.115957371944642, 
-0.0704825188656929, -0.0507520772001921, -0.233521446249294, 
0.00318497640259532, -0.339324251176752, 0.181445679902375, -0.0879410300896689, 
-0.165798996778455, -0.25193939186481, 0.0432007119165636, 0.333126930574648, 
-0.142990470137843, 0.0258119118142681, -0.435923107416009, -0.17368188094489, 
-387.979380895428, -10.5506040255248, -3.0821807510087, -1.39477922235196, 
0.544706699409999, 50.3283498840087, 0.149991905593029, -0.0589931009796252, 
-0.059083616039035, 0.198676303725606, 0.117617483297022, 0.346864835990922, 
0.198207674688466, -0.0186082967309378, 0.421962862344878, 0.00731059299236199, 
-0.0801635281703872, 0.0756596585247314, 0.2263887438164, -0.0811122134856054, 
-0.0436709596853909, 0.334252255015139, 0.0485914254091664, -0.0365354706013746, 
-0.111453436285307, 0.098259321482227, -0.065495962021303, -217.276151305029, 
-8.12850554553101, -11.28973643718, 24.9500673066765, -8.97176410159854, 
13.2820269033341, 33.2435358300835, 0.473553066070691, -0.0640183425635394, 
0.312942540572133, -0.196379771962029, 0.188868411488394, -0.0672705230539746, 
0.155042638570856, 0.199997268344176, -0.434142075231152, -0.160804051763497, 
-0.230064032429418, -0.0666227735636616, 0.200802824237737, 0.0586919618783754, 
-0.119608501576782, 0.269252529643421, 0.10103212519355, 0.0524687127310989, 
-0.269924695721912, 0.0946388479618421), .Dim = c(27L, 7L), .Dimnames = list(
    c("1", "2", "3", "4", "5", "6", "7", "9", "10", "11", "12", 
    "13", "14", "15", "16", "17", "18", "20", "21", "22", "23", 
    "24", "25", "27", "28", "29", "30"), c("x1", "x2", "x3", 
    "x4", "x5", "x6", "x7")), assign = 1:7), qraux = c(1.19245008972988, 
1.00864572647764, 1.28630653259272, 1.0968936737861, 1.28189361719342, 
1.60456228112995, 1.1840274004037), pivot = 1:7, tol = 1e-07, 
    rank = 7L), .Names = c("qr", "qraux", "pivot", "tol", "rank"
), class = "qr"), df.residual = 20L, xlevels = structure(list(), .Names = character(0)), 
    call = quote(lm(formula = y ~ . + 0, data = structure(list(y = c(43, 
        63, 71, 61, 81, 43, 58, 72, 67, 64, 67, 69, 68, 77, 81, 
        74, 65, 50, 50, 64, 53, 40, 63, 78, 48, 85, 82), x1 = c(1, 
        1, 1, 1, 1, 1, 1, 1, 1, 1, 1, 1, 1, 1, 1, 1, 1, 1, 1, 
        1, 1, 1, 1, 1, 1, 1, 1), x2 = c(51, 64, 70, 63, 78, 55, 
        67, 82, 61, 53, 60, 62, 83, 77, 90, 85, 60, 58, 40, 61, 
        66, 37, 54, 75, 57, 85, 82), x3 = c(30, 51, 68, 45, 56, 
        49, 42, 72, 45, 53, 47, 57, 83, 54, 50, 64, 65, 68, 33, 
        52, 52, 42, 42, 58, 44, 71, 39), x4 = c(39, 54, 69, 47, 
        66, 44, 56, 67, 47, 58, 39, 42, 45, 72, 72, 69, 75, 54, 
        34, 62, 50, 58, 48, 74, 45, 71, 59), x5 = c(66, 88, 76, 
        55, 88, 76, 66, 59, 59, 64, 75, 59, 71, 71, 66, 77, 51, 
        75, 50, 58, 54, 59, 79, 66, 64, 55, 64), x6 = c(92, 73, 
        86, 84, 83, 49, 68, 83, 80, 67, 74, 63, 77, 77, 54, 79, 
        80, 78, 64, 80, 80, 57, 75, 78, 83, 74, 78), x7 = c(45, 
        47, 48, 35, 47, 34, 35, 31, 41, 34, 41, 25, 35, 46, 36, 
        63, 60, 52, 33, 41, 37, 49, 33, 49, 38, 55, 39)), .Names = c("y", 
        "x1", "x2", "x3", "x4", "x5", "x6", "x7"),