
expected <- structure(list(coefficients = structure(c(1.35137719460972, 0.56845932730101, 
-0.0678542918388026, 0.522395838575859, 0.194703531377838, 0.0741301796115206, 
-0.428464661285829), .Names = c("x1", "x2", "x3", "x4", "x5", 
"x6", "x7")), residuals = structure(c(-5.24934658498344, 4.94169626626445, 
0.167807123475531, 0.755482087132997, 4.45300716823355, -9.20842107978759, 
-10.0168020254894, 3.97977908126132, 9.40010493066205, 5.10334674001614, 
9.38454362294259, -2.61315993184022, -4.2034271755772, -0.878422962498406, 
1.62240669500595, -3.39982684259438, -6.55478296452099, 9.55126426790511, 
-3.76194883848725, -9.6425129175792, -1.29865802918339, 2.84950034243761, 
1.73578016054678, 0.655625477207179, -6.01657973405362, 3.86753931948727, 
4.8564382587633), .Names = c("1", "2", "3", "4", "5", "6", "7", 
"8", "10", "11", "13", "14", "16", "17", "18", "19", "20", "21", 
"22", "23", "24", "25", "26", "27", "28", "29", "30")), effects = structure(c(-198.627719609678, 
-270.460599100318, -1.23658027695002, 18.4729725248301, 1.59053477075923, 
2.9145553500166, -14.7873554364685, 2.69112525617812, 9.18814548898669, 
6.73512061525411, 12.7506084281699, -1.25374870345765, -6.52394231210627, 
-2.84803356719866, -1.20247352502041, -2.02035478920931, -3.6963126183865, 
11.051478850234, 0.150226648343385, -10.0637245610613, -3.68374853272831, 
9.4435332171585, 1.49885233612936, 2.1075487404272, -8.77058857312154, 
7.31882897900802, 3.19690528952827), .Names = c("x1", "x2", "x3", 
"x4", "x5", "x6", "x7", "", "", "", "", "", "", "", "", "", "", 
"", "", "", "", "", "", "", "", "", "")), rank = 7L, fitted.values = structure(c(48.2493465849834, 
58.0583037337355, 70.8321928765245, 60.244517912867, 76.5469928317664, 
52.2084210797876, 68.0168020254894, 67.0202209187387, 57.5998950693379, 
58.8966532599839, 59.6154563770574, 70.6131599318402, 85.2034271755772, 
74.8784229624984, 63.3775933049941, 68.3998268425944, 56.554782964521, 
40.4487357320949, 67.7619488384873, 62.6425129175792, 41.2986580291834, 
60.1504996575624, 64.2642198394532, 77.3443745227928, 54.0165797340536, 
81.1324606805127, 77.1435617412367), .Names = c("1", "2", "3", 
"4", "5", "6", "7", "8", "10", "11", "13", "14", "16", "17", 
"18", "19", "20", "21", "22", "23", "24", "25", "26", "27", "28", 
"29", "30")), assign = 1:7, qr = structure(list(qr = structure(c(-7.54029239155065, 
-0.0600490069638194, -0.0978962471454314, 0.116563504958776, 
0.165848907466927, 0.167229381468792, 0.0618971464179841, -0.187253625737122, 
0.0971299382133863, 0.0366935697392588, 0.160039630032338, 0.329335911736487, 
-0.043005038161865, 0.0600751439239518, 0.350316308443579, 0.0743836390198901, 
0.395086178160774, 0.315104594605672, 0.295591756906442, 0.018575886785112, 
-0.0146464277832497, 0.290262744430226, 0.0139304558737972, -0.036849303903802, 
0.126709939547361, 0.356113625364943, 0.0806495966352246, -201.324424415701, 
-285.347991290786, 0.320746493217452, 0.13096737641494, 0.145558889611607, 
0.0638918570842766, 0.187107415585144, 0.407121495955005, 0.138932536317395, 
0.157464626678516, 0.0939632261224365, 0.0371097171595844, 0.348541028842241, 
0.251592194715683, -0.0596596432565998, 0.187999677393067, -0.101165155439526, 
-0.102617819720522, -0.0139882432386033, 0.216983251680644, 0.14095174765359, 
-0.0344135294724747, 0.259112116963101, 0.291230458097922, 0.1021222872577, 
0.0234856719666077, 0.225225483648738, -179.296254117952, -209.636257011014, 
-51.3078259691694, -0.0828964921853941, -0.104481054205495, 0.0944156697871098, 
-0.180940011513867, -0.056009253979436, -0.047003035953973, 0.246534827488429, 
0.15061243849155, 0.292446877163641, -0.324692469164406, -0.0143308231382181, 
0.270200918310172, -0.151080156169157, 0.342452588316724, -0.0493551618163566, 
0.0210758703809723, 0.0434825239181729, 0.283427172236619, -0.0697897009140923, 
0.157343597362255, 0.0481114085366778, -0.0182803044087677, 0.0201415634851594, 
-0.464871532604516, -170.788712267383, -236.774264645934, -21.4344113621441, 
49.261845001833, -0.0735893589028139, 0.0815018511256455, -0.0933620647214827, 
0.124065536733463, 0.0532109104148434, -0.161711343023708, 0.267832048549619, 
0.630316901167193, -0.0993294370319755, 0.028203728525069, -0.378211304902709, 
-0.0484470478729066, 0.0493884113406743, -0.0396986327961025, 
-0.218825531469936, 0.121270314923041, -0.413827316718713, -0.0972366427484037, 
0.0988280450659293, -0.211386515871519, 0.0401348366164068, 0.00327520088736808, 
-0.0395145043702529, -194.515573689096, -270.610855670833, -17.7797317139814, 
23.1244122811749, 42.1734404848714, 0.0104236850910551, -0.0561107584572583, 
-0.119957320615908, -0.11534665352381, 0.0648214717698211, 0.051108053260584, 
0.318319372879186, 0.510214071591331, 0.0478090399057115, 0.537184848580731, 
-0.211987303661796, 0.0512437169221077, -0.0194107060572859, 
0.056689520222299, -0.0473823208357183, 0.0575702619028803, -0.227276221205346, 
-0.320904016364971, -0.0453038595891403, 0.0859744370143839, 
0.214230131253736, 0.161490288561537, -245.216875980711, -292.827901847806, 
-14.2120112208109, 26.612651279275, 46.1428310795207, 57.6899324196716, 
0.108472714365857, 0.0796601121184141, -0.101138823240108, -0.06407958251239, 
0.172466232253061, 0.246764809630155, 0.131355272519213, 0.200487901558964, 
-0.160774028623647, 0.0138053437272825, 0.219691855048319, -0.0364253207730013, 
0.0583455498947824, -0.127639987882723, -0.15836875247338, 0.18114836889433, 
0.418880570593733, 0.0909888120251705, -0.347628034482644, 0.483291245067331, 
-0.0820819076007265, -137.95989298473, -176.466299007809, -25.660287331838, 
32.0596233419261, 23.4356769297449, 3.17881455600732, 34.5124272141638, 
0.0271325292276974, 0.0159367531213893, 0.308844478191122, 0.276152618268305, 
-0.0257309460005989, 0.0898382315050167, -0.313913085700348, 
-0.259630228921088, 0.1197825184429, -0.114028526378793, -0.0179084990826507, 
0.289503555632266, 0.125605959203592, -0.149489966899107, 0.403350488105692, 
-0.456061914166047, 0.227627681160823, -0.0428508668917076, -0.0455491708199221, 
0.0614987013011361), .Dim = c(27L, 7L), .Dimnames = list(c("1", 
"2", "3", "4", "5", "6", "7", "8", "10", "11", "13", "14", "16", 
"17", "18", "19", "20", "21", "22", "23", "24", "25", "26", "27", 
"28", "29", "30"), c("x1", "x2", "x3", "x4", "x5", "x6", "x7"
)), assign = 1:7), qraux = c(1.14761161518064, 1.27055710310847, 
1.33703949906411, 1.06940305374626, 1.13026730113663, 1.34835446846842, 
1.26996934463705), pivot = 1:7, tol = 1e-07, rank = 7L), .Names = c("qr", 
"qraux", "pivot", "tol", "rank"), class = "qr"), df.residual = 20L, 
    xlevels = structure(list(), .Names = character(0)), call = quote(lm(formula = y ~ 
        . + 0, data = structure(list(y = c(43, 63, 71, 61, 81, 
        43, 58, 71, 67, 64, 69, 68, 81, 74, 65, 65, 50, 50, 64, 
        53, 40, 63, 66, 78, 48, 85, 82), x1 = c(1.11303473885111, 
        -0.452787070329459, -0.738166327512058, 0.878922909573136, 
        1.25054925511986, 1.26095843273285, 0.466722582194222, 
        -1.41194708943589, 0.732388134102181, 0.276680244723766, 
        1.20674560467942, 2.48328906953103, -0.324270562050256, 
        0.452984150651084, 2.64148739519323, 0.560874387357527, 
        2.97906530319251, 2.3759807772478, 2.22884827560673, 
        0.140067617792086, -0.110438347977434, 2.18866596337784, 
        0.105039710436025, -0.277854525859776, 0.955429993102805, 
        2.6852008598668, 0.608121539890213), x2 = c(51, 64, 70, 
        63, 78, 55, 67, 75, 61, 53, 62, 83, 90, 85, 60, 70, 58, 
        40, 61, 66, 37, 54, 77, 75, 57, 85, 82), x3 = c(30, 51, 
        68, 45, 56, 49, 42, 50, 45, 53, 57, 83, 50, 64, 65, 46, 
        68, 33, 52, 52, 42, 42, 66, 58, 44, 71, 39), x4 = c(39, 
        54, 69, 47, 66, 44, 56, 55, 47, 58, 42, 45, 72, 69, 75, 
        57, 54, 34, 62, 50, 58, 48, 63, 74, 45, 71, 59),