
expected <- structure(list(coefficients = structure(c(17.9583640822994, -0.0309576743223207, 
0.0896588053554445, 0.50487765630104, 0.45710297817756, 0.10697151361438, 
-0.514354850600299), .Names = c("x1", "x2", "x3", "x4", "x5", 
"x6", "x7")), residuals = structure(c(-9.13085879403513, 3.1576541863135, 
-5.34651970406368, 1.28270604977635, 10.3267390885497, -11.6815369160706, 
-8.86813540582002, 5.36017435143546, -8.84235706304325, 7.26372807970446, 
-2.41959662127776, 13.6628501991003, 8.33662687272959, 5.21552734430937, 
-1.04320441119442, 9.41005672569572, 4.95014156551897, 3.04942478855075, 
-3.40863722817222, -10.0034355182333, 4.15374759996234, -4.92960310830683, 
-11.3311235586209, -13.1153187390884, -2.47343933293793, 1.31734012035317, 
15.1070494288647), .Names = c("1", "2", "3", "4", "5", "6", "7", 
"8", "9", "10", "11", "12", "13", "14", "15", "16", "17", "18", 
"19", "20", "21", "22", "23", "24", "25", "26", "30")), effects = structure(c(-332.553755053224, 
-2.03537477760039, -20.0893948332312, 25.7793473691111, 12.2910209798453, 
1.81004825155919, -21.9536207540297, 10.4832674761375, -6.6878380148074, 
9.64335704938459, 0.180207349171268, 15.2484691879371, 10.8184031789422, 
5.68567588508182, 5.51738866104963, 12.9660900139471, 9.78182015027961, 
-4.24252662441615, 0.905302174465473, -9.55975936868112, 3.8093874846326, 
-4.48372654635986, -8.56833967982777, -13.5414428401786, 3.37353180595362, 
8.03052793287109, 17.4966624177632), .Names = c("x1", "x2", "x3", 
"x4", "x5", "x6", "x7", "", "", "", "", "", "", "", "", "", "", 
"", "", "", "", "", "", "", "", "", "")), rank = 7L, fitted.values = structure(c(52.1308587940351, 
59.8423458136865, 76.3465197040637, 59.7172939502237, 70.6732609114503, 
54.6815369160706, 66.86813540582, 65.6398256485645, 80.8423570630433, 
59.7362719202955, 66.4195966212778, 53.3371498008997, 60.6633731272704, 
62.7844726556906, 78.0432044111944, 71.5899432743043, 69.049858434481, 
61.9505752114492, 68.4086372281722, 60.0034355182333, 45.8462524000377, 
68.9296031083068, 64.3311235586209, 53.1153187390884, 65.4734393329379, 
64.6826598796468, 66.8929505711353), .Names = c("1", "2", "3", 
"4", "5", "6", "7", "8", "9", "10", "11", "12", "13", "14", "15", 
"16", "17", "18", "19", "20", "21", "22", "23", "24", "25", "26", 
"30")), assign = 1:7, qr = structure(list(qr = structure(c(-5.19615242270663, 
0.192450089729875, 0.192450089729875, 0.192450089729875, 0.192450089729875, 
0.192450089729875, 0.192450089729875, 0.192450089729875, 0.192450089729875, 
0.192450089729875, 0.192450089729875, 0.192450089729875, 0.192450089729875, 
0.192450089729875, 0.192450089729875, 0.192450089729875, 0.192450089729875, 
0.192450089729875, 0.192450089729875, 0.192450089729875, 0.192450089729875, 
0.192450089729875, 0.192450089729875, 0.192450089729875, 0.192450089729875, 
0.192450089729875, 0.192450089729875, -364.885370127844, -66.8181612038723, 
-0.230688288181083, -0.290552252228154, 0.248223424195484, 0.0237335590189678, 
0.14346148711311, 0.128495496101342, 0.248223424195484, -0.230688288181083, 
-0.245654279192851, 0.0237335590189678, 0.173393469136645, 0.128495496101342, 
-0.230688288181083, -0.18579031514578, -0.305518243239922, 0.128495496101342, 
-0.0510963960398708, -0.0510963960398708, -0.245654279192851, 
0.173393469136645, -0.200756306157548, -0.305518243239922, -0.275586261216387, 
0.0237335590189678, -0.18579031514578, -273.471577506153, -14.5652350302303, 
-60.7959721100868, 0.00981527115965742, 0.0512337595830559, -0.00577438433894099, 
-0.151916824537927, -0.0164537555390137, 0.31440908920897, -0.00568634558416679, 
0.129776723414747, -0.0386713005421803, 0.0870592386144558, 0.526345361814435, 
0.14234977733041, 0.0649297323660634, 0.326211379276387, 0.230273115985281, 
-0.0357427377140197, 0.326123340521613, -0.199192438617647, 0.0048169481063575, 
0.101702052755259, -0.0356546989592455, -0.0434055073311576, 
0.273849403388593, -0.116003306751753, -288.867584684543, 2.38790701032205, 
-26.7732597451393, 51.0098910138796, -0.231388478678853, 0.170678018331812, 
-0.156332321011753, -0.0539988906577018, -0.0909719533537773, 
0.118085556098916, -0.0148295067605324, 0.248695653034162, 0.26270532334891, 
0.472083938607587, -0.28200390281447, -0.330166362540496, -0.109583395295593, 
-0.296060431655638, -0.100582841988599, 0.178257560150802, 0.255641771633716, 
-0.179381925681777, 0.123844218527354, -0.113967222019244, 0.0766349769123546, 
-0.0317769107617237, -0.185327967643884, -333.131105322414, -4.37505803910677, 
-18.9549952489275, 22.5678279219166, 40.8035149444385, 0.118033646746122, 
-0.0268362013569711, -0.118053103517296, 0.0831483691751223, 
-0.0644509105461522, 0.200586153116811, -0.0765266049645911, 
0.0972924278483231, 0.105074419558074, -0.123610212399092, 0.334295685772489, 
-0.141966309308043, 0.556111747988037, -0.235681236271133, 0.0518796706985541, 
0.195067241090772, 0.0815078225312695, -0.0285751030481387, 0.363889323674356, 
-0.159854358915981, -0.416752861408182, 0.0337109239402818, -386.439780177589, 
-8.03341139753888, -7.69286454959772, 4.76954660872157, 22.1129412718931, 
46.0526838098364, 0.170732421915139, 0.289168499586445, -0.0554579386130551, 
-0.0499606958962449, 0.163997183840978, 0.103110484214367, 0.325535757522266, 
0.147332227012644, 0.0546638256028775, 0.366580061954873, 0.0721662212174788, 
-0.206999233137573, -0.102524479150279, 0.0594272394633433, 0.156368849058843, 
-0.0854021346688679, -0.0309605640083441, 0.26590989847411, 0.0772180560243088, 
0.253561821738608, -0.0862174257630197, -220.547802830437, 2.2249439970828, 
-16.2650787933859, 20.9980207548132, 16.9646344532506, 6.05861311105845, 
42.6818581148945, 0.0929246830447944, 0.428328956958158, -0.00284057458569257, 
0.142899957414941, -0.0947756334897309, 0.21877990460565, 0.0408128883754536, 
0.185694252844577, 0.175222877425021, -0.243012883513898, -0.36262187172841, 
0.0899666833495649, -0.231113353989478, -0.112666341412926, 0.132174644617465, 
0.110129902374193, -0.300822737996911, 0.220862481757831, -0.402751490579443, 
0.144026663847873), .Dim = c(27L, 7L), .Dimnames = list(c("1", 
"2", "3", "4", "5", "6", "7", "8", "9", "10", "11", "12", "13", 
"14", "15", "16", "17", "18", "19", "20", "21", "22", "23", "24", 
"25", "26", "30"), c("x1", "x2", "x3", "x4", "x5", "x6", "x7"
)), assign = 1:7), qraux = c(1.19245008972988, 1.0536655410425, 
1.37262819075309, 1.12896198025822, 1.02759944038354, 1.57955463286086, 
1.21724632240865), pivot = 1:7, tol = 1e-07, rank = 7L), .Names = c("qr", 
"qraux", "pivot", "tol", "rank"), class = "qr"), df.residual = 20L, 
    xlevels = structure(list(), .Names = character(0)), call = quote(lm(formula = y ~ 
        . + 0, data = structure(list(y = c(43, 63, 71, 61, 81, 
        43, 58, 71, 72, 67, 64, 67, 69, 68, 77, 81, 74, 65, 65, 
        50, 50, 64, 53, 40, 63, 66, 82), x1 = c(1, 1, 1, 1, 1, 
        1, 1, 1, 1, 1, 1, 1, 1, 1, 1, 1, 1, 1, 1, 1, 1, 1, 1, 
        1, 1, 1, 1), x2 = c(90, 77, 58, 54, 90, 75, 83, 82, 90, 
        58, 57, 75, 85, 82, 58, 61, 53, 82, 70, 70, 57, 85, 60, 
        53, 55, 75, 61), x3 = c(30, 51, 68, 45, 56, 49, 42, 50, 
        72, 45, 53, 47, 57, 83, 54, 50, 64, 65, 46, 68, 33, 52, 
        52, 42, 42, 66, 39), x4 = c(39, 54, 69, 47, 66, 44, 56, 
        55, 67, 47, 58, 39, 42, 45, 72, 72, 69, 75, 57, 54, 34, 
        62, 50, 58, 48, 63, 59), x5 = c(61, 63, 76, 54, 71, 54, 
        66, 70, 71, 62, 58, 59, 55, 59, 79, 60, 79, 55, 75, 64, 
        43, 66, 63, 50, 66, 88, 64), x6 = c(92, 73, 86, 84, 83, 
        49, 68, 66, 83, 80, 67, 74, 63, 77, 77, 54, 79, 80, 85, 
        78, 64, 80, 80, 57, 75, 76, 78), x7 = c(45, 47, 48, 35, 
        47, 34, 35, 41, 31, 41, 34, 41, 25, 35, 46, 36, 63, 60, 
        46, 52, 33, 41, 37, 49, 33, 72, 39)), .Names = c("y", 
        "x1", "x2", "x3", "x4", "x5", "x6", "x7"),