
expected <- structure(list(coefficients = structure(c(0.702530435601992, 
-0.0803373723255496, 0.38875964073528, 0.0335499409554972, 0.0768471094876656, 
-0.181576572416828), .Names = c("x1", "x2", "x3", "x4", "x5", 
"x6")), residuals = structure(c(-6.52609174700423, 1.95285114116541, 
0.0184241627143049, 0.172387223194278, 4.81712559302128, -8.21166862083027, 
-8.55062894247117, 0.969540081706882, -9.00158299158243, 7.55465903478202, 
13.2409112251337, 11.5472379644965, -2.67770199736794, -0.962470003574323, 
1.81470884333928, -3.33663843401492, -4.97613354199798, 10.9632524991223, 
0.302663670633579, -10.1705292853538, -2.3280458823941, 7.79126093498964, 
-3.00369624532449, 1.42075374226862, -7.19302160444411, 5.1036118440048, 
3.5290585610181), .Names = c("1", "2", "3", "4", "5", "6", "7", 
"8", "9", "11", "12", "13", "14", "15", "18", "19", "20", "21", 
"22", "23", "24", "25", "26", "27", "28", "29", "30")), effects = structure(c(-334.155571738321, 
-0.495704392166009, -16.8296580409514, -1.00337436150161, 3.0325731368074, 
-6.71333676989069, -7.1207660136739, 0.629913314626362, -5.25723239611739, 
9.89552801761047, 14.140742389198, 14.3958436242282, -1.74424097096642, 
-0.304205972115438, -1.52466564224959, -1.5490258593261, -4.87734791676175, 
12.3676086690757, 2.59486486876783, -7.78255186073568, -4.20488458408083, 
12.076812763902, -6.87163891149528, 1.94446717773622, -5.46678477621585, 
2.60423059363932, 3.05456078254071), .Names = c("x1", "x2", "x3", 
"x4", "x5", "x6", "", "", "", "", "", "", "", "", "", "", "", 
"", "", "", "", "", "", "", "", "", "")), rank = 6L, fitted.values = structure(c(49.5260917470042, 
61.0471488588346, 70.9815758372857, 60.8276127768057, 76.1828744069787, 
51.2116686208303, 66.5506289424712, 70.0304599182931, 81.0015829915824, 
56.445340965218, 53.7590887748663, 57.4527620355035, 70.6777019973679, 
77.9624700035743, 63.1852911566607, 68.3366384340149, 54.976133541998, 
39.0367475008777, 63.6973363293664, 63.1705292853538, 42.3280458823941, 
55.2087390650104, 69.0036962453245, 76.5792462577314, 55.1930216044441, 
79.8963881559952, 78.4709414389819), .Names = c("1", "2", "3", 
"4", "5", "6", "7", "8", "9", "11", "12", "13", "14", "15", "18", 
"19", "20", "21", "22", "23", "24", "25", "26", "27", "28", "29", 
"30")), assign = 1:6, qr = structure(list(qr = structure(c(-345.198493623596, 
0.185400577297378, 0.202781881419007, 0.182503693277107, 0.22595695358118, 
0.159328621114934, 0.194091229358193, 0.217266301520365, 0.237544489662266, 
0.153534853074391, 0.173813041216292, 0.179606809256835, 0.240441373682537, 
0.223060069560908, 0.173813041216292, 0.202781881419007, 0.168019273175749, 
0.115875360810861, 0.176709925236563, 0.191194345337921, 0.107184708750047, 
0.156431737094663, 0.223060069560908, 0.217266301520365, 0.165122389155477, 
0.24623514172308, 0.237544489662266, -278.428213840358, -53.7841030200193, 
0.251136948842859, -0.0751809883799138, -0.0877689795755107, 
0.114982104315746, -0.188855389193082, -0.155904228304678, 0.151820854452755, 
0.218301440885677, 0.00542659861362797, 0.162407224558438, 0.341868294217193, 
-0.1104807291519, 0.340097978989724, -0.157905849394592, 0.424824461094316, 
0.0346058231846499, 0.0839169115860333, 0.0115471148145924, 0.245363391435562, 
-0.000693917587336375, 0.112633524432164, -0.00716139258196897, 
-0.00693008671952347, 0.0898061219245522, -0.461743342903421, 
-290.015749921444, -19.0285364324027, -51.8245077038198, -0.0743771468733284, 
0.0566115157529806, -0.0754603068378902, 0.0778633265512926, 
-0.0819936947209691, -0.0781297811154165, 0.187944125374813, 
-0.210932434833798, -0.244022795138177, -0.590006686903832, 0.196936715603007, 
0.358084673345766, 0.0374690738892079, -0.0468873260344041, 0.00211263272388668, 
0.187384020031827, -0.0971187748421331, 0.434167795737051, 0.0611717051911077, 
-0.0604829156379593, 0.228790467805768, -0.0424466706020397, 
-0.0257377715943865, -0.00216619272989501, -335.827073818018, 
-5.9360974653888, -26.3949269653405, 35.5281165867734, 0.233242705290119, 
-0.0132956185142756, 0.0670855528946561, 0.058986636532968, 0.272188175743197, 
0.0381714821290766, -0.133958187784675, 0.0299509202568224, 0.261805920171233, 
0.0869585638079962, 0.46966951934646, -0.129234657441102, -0.146510323429744, 
-0.0763881481596546, 0.0201945325871728, 0.0127213956839414, 
0.00908471005498889, -0.287443651856879, -0.338634671993143, 
0.0411809957162128, 0.137197360515117, 0.220733137201216, 0.447117079048105, 
-387.156961773209, -10.1066788716998, -24.0825845186425, 26.529921077773, 
60.8895262194726, 0.2745962816564, 0.208706934474492, 0.348799619667652, 
0.188995405990049, 0.0300113310819844, -0.0667745804148244, 0.118448240100154, 
0.1461712498078, 0.304232403085859, -0.0727441498586319, 0.022980865808326, 
-0.072810865642674, -0.23504586597087, -0.0329647170051612, -0.0391939853589578, 
-0.0272614425303865, -0.0712473057296267, 0.348338409865886, 
0.279396760198606, -0.2783204357735, 0.421115389531306, 0.201322622725348, 
-218.937803600062, -19.5882861728064, -33.3404476422927, 23.318472579661, 
9.06841080496075, 36.9724831818035, 0.114100171111931, -0.017148747216823, 
0.479100248163408, 0.276151719589485, -0.0777001533287981, 0.332238807684407, 
0.166292798032798, 0.0990843251541828, -0.346286259431995, 0.0170086723575578, 
-0.0219484744346593, -0.0565154574811865, 0.168493089907517, 
0.127803749658923, -0.199878656555557, 0.310697421043911, -0.393325017892748, 
0.102222292994436, -0.0639066846512506, -0.132561447354734, -0.181539891502558
), .Dim = c(27L, 6L), .Dimnames = list(c("1", "2", "3", "4", 
"5", "6", "7", "8", "9", "11", "12", "13", "14", "15", "18", 
"19", "20", "21", "22", "23", "24", "25", "26", "27", "28", "29", 
"30"), c("x1", "x2", "x3", "x4", "x5", "x6")), assign = 1:6), 
    qraux = c(1.14774108503385, 1.02190217905783, 1.11546594830438, 
    1.18776308010274, 1.14422728296086, 1.04631120681403), pivot = 1:6, 
    tol = 1e-07, rank = 6L), .Names = c("qr", "qraux", "pivot", 
"tol", "rank"), class = "qr"), df.residual = 21L, xlevels = structure(list(), .Names = character(0)), 
    call = quote(lm(formula = y ~ . + 0, data = structure(list(y = c(43, 
        63, 71, 61, 81, 43, 58, 71, 72, 64, 67, 69, 68, 77, 65, 
        65, 50, 50, 64, 53, 40, 63, 66, 78, 48, 85, 82), x1 = c(51, 
        64, 70, 63, 78, 55, 67, 75, 82, 53, 60, 62, 83, 77, 60, 
        70, 58, 40, 61, 66, 37, 54, 77, 75, 57, 85, 82), x2 = c(30, 
        51, 68, 45, 56, 49, 42, 50, 72, 53, 47, 57, 83, 54, 65, 
        46, 68, 33, 52, 52, 42, 42, 66, 58, 44, 71, 39), x3 = c(39, 
        54, 69, 47, 66, 44, 56, 55, 67, 58, 39, 42, 45, 72, 75, 
        57, 54, 34, 62, 50, 58, 48, 63, 74, 45, 71, 59), x4 = c(61, 
        63, 76, 54, 71, 54, 66, 70, 71, 58, 59, 55, 59, 79, 55, 
        75, 64, 43, 66, 63, 50, 66, 88, 80, 51, 77, 64), x5 = c(92, 
        73, 86, 84, 83, 49, 68, 66, 83, 67, 74, 63, 77, 77, 80, 
        85, 78, 64, 80, 80, 57, 75, 76, 78, 83, 74, 78), x6 = c(45, 
        47, 48, 35, 47, 34, 35, 41, 31, 34, 41, 25, 35, 46, 60, 
        46, 52, 33, 41, 37, 49, 33, 72, 49, 38, 55, 39)), .Names = c("y", 
        "x1", "x2", "x3", "x4", "x5", "x6"), row.names = c("1", 
        "2", "3", "4", "5", "6", "7", "8", "9", "11", "12", "13", 
        "14", "15", "18", "19", "20", "21", "22", "23", "24", 
        "25", "26", "27", "28", "29", "30"), class = "data.frame"))), 
    terms = y ~ x1 + x2 + x3 + x4 + x5 + x6 + 0, model = structure(list(
        y = c(43, 63, 71, 61, 81, 43, 58, 71, 72, 64, 67, 69, 
        68, 77, 65, 65, 50, 50, 64, 53, 40, 63, 66, 78, 48, 85, 
        82), x1 = c(51, 64, 70, 63, 78, 55, 67, 75, 82, 53, 60, 
        62, 83, 77, 60, 70, 58, 40, 61, 66, 37, 54, 77, 75, 57, 
        85, 82), x2 = c(30, 51, 68, 45, 56, 49, 42, 50, 72, 53, 
        47, 57, 83, 54, 65, 46, 68, 33, 52, 52, 42, 42, 66, 58, 
        44, 71, 39),