
expected <- structure(list(coefficients = structure(c(45.3048017938454, -0.311933910406606, 
0.16170713358903, 0.261566355192964, 0.56261292374032, -0.0691031790889335, 
-0.358332547632623), .Names = c("x1", "x2", "x3", "x4", "x5", 
"x6", "x7")), residuals = structure(c(-8.29446288530887, -5.75754475445651, 
-7.05608247172722, 4.67760491604985, 8.85232646194203, -8.47505451871413, 
-10.855782023886, 4.92860533053723, 0.00427469858758167, 5.24287890190784, 
-1.83648989892381, 13.9000255602798, 3.0710135881351, -6.03458715981896, 
8.18432916551741, 3.22544626674742, 4.02286833275776, -8.39044563055814, 
8.09940918723204, -4.1272163248513, -13.6055149442849, -7.38643776616336, 
0.664275416623199, -1.56791967102865, -1.20061508006603, 8.92374364018024, 
10.7913516632904), .Names = c("1", "2", "3", "4", "5", "6", "7", 
"8", "9", "10", "11", "12", "14", "15", "16", "17", "19", "20", 
"21", "22", "23", "24", "26", "27", "28", "29", "30")), effects = structure(c(-335.248056309443, 
-38.2365986905704, -26.957625888807, 20.6787033498734, 8.96049281311356, 
-2.18268094926217, -12.2784961333392, 10.7302788001616, 2.5606414517852, 
7.06413005339562, -1.39930480211831, 15.9463212650058, 4.56655304352077, 
-0.364534045925461, 8.69038820369749, 5.31192730656425, 7.81597652171016, 
-9.5326944014743, 5.60863948560154, -3.44289942666533, -11.1115702966307, 
-13.0853254252005, 6.65408338343229, 3.00938577097503, -5.34590821666918, 
11.8428167696039, 12.5645978893817), .Names = c("x1", "x2", "x3", 
"x4", "x5", "x6", "x7", "", "", "", "", "", "", "", "", "", "", 
"", "", "", "", "", "", "", "", "", "")), rank = 7L, fitted.values = structure(c(51.2944628853089, 
68.7575447544565, 78.0560824717272, 56.3223950839501, 72.147673538058, 
51.4750545187141, 68.855782023886, 66.0713946694628, 71.9957253014124, 
61.7571210980922, 65.8364898989238, 53.0999744397202, 64.9289864118649, 
83.034587159819, 72.8156708344826, 70.7745537332526, 60.9771316672422, 
58.3904456305581, 41.900590812768, 68.1272163248513, 66.6055149442849, 
47.3864377661634, 65.3357245833768, 79.5679196710286, 49.200615080066, 
76.0762563598198, 71.2086483367096), .Names = c("1", "2", "3", 
"4", "5", "6", "7", "8", "9", "10", "11", "12", "14", "15", "16", 
"17", "19", "20", "21", "22", "23", "24", "26", "27", "28", "29", 
"30")), assign = 1:7, qr = structure(list(qr = structure(c(-5.19615242270663, 
0.192450089729875, 0.192450089729875, 0.192450089729875, 0.192450089729875, 
0.192450089729875, 0.192450089729875, 0.192450089729875, 0.192450089729875, 
0.192450089729875, 0.192450089729875, 0.192450089729875, 0.192450089729875, 
0.192450089729875, 0.192450089729875, 0.192450089729875, 0.192450089729875, 
0.192450089729875, 0.192450089729875, 0.192450089729875, 0.192450089729875, 
0.192450089729875, 0.192450089729875, 0.192450089729875, 0.192450089729875, 
0.192450089729875, 0.192450089729875, -335.825406578632, 74.6879929861306, 
0.187609604650378, -0.0132258897882726, 0.147442505762648, -0.334562680890113, 
0.107275406874918, -0.0667820216385794, -0.2274504171895, 0.107275406874918, 
0.0537192750246109, -0.133727186451463, -0.0266149227508493, 
0.334888967238721, 0.160831538725224, 0.0403302420620342, -0.26761751607723, 
-0.160505252376616, -0.2274504171895, 0.0671083079871875, 0.147442505762648, 
-0.26761751607723, -0.2274504171895, 0.160831538725224, -0.173894285339193, 
0.107275406874918, 0.334888967238721, -275.203628313722, -2.18737127399725, 
-63.6881336661128, -0.0662292517429562, 0.0990595015437541, 0.0114325557182575, 
-0.118904697658294, 0.0147542685063518, 0.367615413802062, -0.0718001614235285, 
0.0562878950605449, -0.0292553179058734, 0.531047197195248, 0.0589906178841312, 
0.00423143910971511, 0.22962351788586, -0.0387669303390482, 0.301714415666501, 
-0.244743557249889, 0.0399673930177817, 0.0362534532307335, -0.101572978652069, 
0.273406341332531, 0.129843535735756, -0.0745028842471148, 0.336439152611106, 
-0.176532063289696, -293.67883692779, -25.3563489805716, -27.3371924866334, 
44.50251918785, -0.145294846150435, 0.0810270681055335, -0.086667440864766, 
-0.0481940816841575, -0.146484252589521, 0.147709585440323, -0.0352057634892418, 
0.252384315916856, 0.546152739263313, -0.226476722004347, -0.339039137067477, 
-0.169893512289959, -0.216421983519687, 0.129589523159425, 0.177210109629823, 
-0.130439971593879, 0.171380316890739, -0.281747666952869, -0.120884268585825, 
-0.298270322312727, 0.0693328876205876, -0.113027932095046, -0.0950648479113979, 
-339.28950819377, -16.1342806100146, -27.9173612416497, 25.6965930253272, 
35.1513963736987, 0.13567871708553, -0.0278176100239325, -0.119358352130857, 
0.180533488956461, -0.0827957151390616, 0.282089192309488, -0.129721390085041, 
0.105333087365331, -0.0565873878855155, 0.484578374845126, -0.0571997461501865, 
-0.218914232644799, 0.101492716245412, 0.185293943671929, 0.129550767440036, 
-0.0306549569612512, 0.498363381995269, -0.403466600463111, -0.0169037035151689, 
0.210263118835147, 0.0581523412927772, 0.0594772845599285, -389.711431702997, 
-11.3672889852276, -7.52315213258367, -8.28930162065564, 24.9371949514369, 
42.3746470157823, 0.193422305346603, 0.308636108496748, -0.176271478100938, 
0.0240115651890734, 0.142541724866957, 0.203658217075047, 0.294243328165797, 
0.0223705776284292, 0.260541586830967, 0.00612622573008041, -0.190664978253726, 
0.0566230708539069, 0.209993762157638, -0.133121306962725, 0.0436113941513493, 
0.12373107107218, 0.222217077589358, -0.04301651522596, -0.2320301698021, 
0.130358614404612, -0.0718412923922096, -225.166604983954, -0.94615832935542, 
-15.8469667061394, 16.7210901078939, 25.3755838971836, -2.08058653121327, 
34.2656457373435, 0.187614796783069, 0.47550484337287, 0.0195152675802178, 
0.121214066782685, -0.0216994989309974, 0.0482085114266125, 0.175241152708033, 
0.0930548243501704, -0.308395444215815, 0.193194133975628, -0.285693925682132, 
-0.0775256320033187, 0.0918372245193657, 0.133980448628297, -0.417829747574882, 
-0.358264972756213, 0.12132597044217, -0.0803277127336468, -0.14589313631674, 
0.106559624471108), .Dim = c(27L, 7L), .Dimnames = list(c("1", 
"2", "3", "4", "5", "6", "7", "8", "9", "10", "11", "12", "14", 
"15", "16", "17", "19", "20", "21", "22", "23", "24", "26", "27", 
"28", "29", "30"), c("x1", "x2", "x3", "x4", "x5", "x6", "x7"
)), assign = 1:7), qraux = c(1.19245008972988, 1.33488896723872, 
1.28562067658929, 1.09945063721566, 1.07408321493475, 1.61080016748224, 
1.27975518032602), pivot = 1:7, tol = 1e-07, rank = 7L), .Names = c("qr", 
"qraux", "pivot", "tol", "rank"), class = "qr"), df.residual = 20L, 
    xlevels = structure(list(), .Names = character(0)), call = quote(lm(formula = y ~ 
        . + 0, data = structure(list(y = c(43, 63, 71, 61, 81, 
        43, 58, 71, 72, 67, 64, 67, 68, 77, 81, 74, 65, 50, 50, 
        64, 53, 40, 66, 78, 48, 85, 82), x1 = c(1, 1, 1, 1, 1, 
        1, 1, 1, 1, 1, 1, 1, 1, 1, 1, 1, 1, 1, 1, 1, 1, 1, 1, 
        1, 1, 1, 1), x2 = c(67, 40, 51, 66, 54, 90, 57, 70, 82, 
        57, 61, 75, 67, 40, 53, 62, 85, 77, 82, 60, 54, 85, 82, 
        53, 78, 57, 40), x3 = c(30, 51, 68, 45, 56, 49, 42, 50, 
        72, 45, 53, 47, 83, 54, 50, 64, 46, 68, 33, 52, 52, 42, 
        66, 58, 44, 71, 39), x4 = c(39, 54, 69, 47, 66, 44, 56, 
        55, 67, 47, 58, 39, 45, 72, 72, 69, 57, 54, 34, 62, 50, 
        58, 63, 74, 45, 71, 59), x5 = c(61, 63, 76, 54, 71, 54, 
        66, 70, 71, 62, 58, 59, 59, 79, 60, 79, 75, 64, 43, 66, 
        63, 50, 88, 80, 51, 77, 64), x6 = c(92, 73, 86, 84, 83, 
        49, 68, 66, 83, 80, 67, 74, 77, 77, 54, 79, 85, 78, 64, 
        80, 80, 57, 76, 78, 83, 74, 78), x7 = c(45, 47, 48, 35, 
        47, 34, 35, 41, 31, 41, 34, 41, 35, 46, 36, 63, 46, 52, 
        33, 41, 37, 49, 72, 49, 38, 55, 39)), .Names = c("y", 
        "x1", "x2", "x3", "x4", "x5", "x6", "x7"),