
expected <- structure(list(coefficients = structure(c(2.36190559013518, 0.641291001857878, 
-0.0779391670268453, 0.305699383392356, 0.165385087766305, 0.087338902852953, 
-0.248320723671825), .Names = c("x1", "x2", "x3", "x4", "x5", 
"x6", "x7")), residuals = structure(c(-7.92441481974902, 1.81818307769755, 
2.34809417769282, -1.4734568022444, 2.68752239010765, -9.64566293337881, 
1.62607694038758, -7.87712896107173, 6.36264658026953, 11.8655360241829, 
8.94214707579685, -2.62388277921788, -1.04359349074953, -2.3359884450957, 
-1.92553464081553, 2.85793425863817, -4.4809308928729, -5.77043539248491, 
10.6589690990848, -1.80215087785704, 0.147063286963968, 2.38537073988913, 
-5.02650283650001, 2.80991699456875, -8.59514751226269, 8.13345179355386, 
0.972563218213478), .Names = c("1", "2", "3", "4", "5", "6", 
"8", "9", "10", "12", "13", "14", "15", "16", "17", "18", "19", 
"20", "21", "22", "24", "25", "26", "27", "28", "29", "30")), 
    effects = structure(c(-295.161719170223, -176.27170567684, 
    0.462757156117513, 12.8951413632608, 4.02912612904596, 3.96230699046368, 
    -9.27589641297199, -10.776392113167, 8.36899440518326, 13.7770447358519, 
    10.9728611671094, -2.64273147973151, 0.107684001309219, -3.97978515869767, 
    -1.01898430236792, 2.66444823542778, -3.07055307253878, -3.7010930527323, 
    10.1629008367537, -0.44390210491063, -0.782264925057786, 
    6.90171746470444, 2.91728921661391, 2.66439351349353, -8.9668045306993, 
    8.07000159462295, 3.46778527876318), .Names = c("x1", "x2", 
    "x3", "x4", "x5", "x6", "x7", "", "", "", "", "", "", "", 
    "", "", "", "", "", "", "", "", "", "", "", "", "")), rank = 7L, 
    fitted.values = structure(c(50.924414819749, 61.1818169223024, 
    68.6519058223072, 62.4734568022444, 78.3124776098924, 52.6456629333788, 
    69.3739230596124, 79.8771289610717, 60.6373534197305, 55.1344639758171, 
    60.0578529242031, 70.6238827792179, 78.0435934907495, 83.3359884450957, 
    75.9255346408155, 62.1420657413618, 69.4809308928729, 55.7704353924849, 
    39.3410309009152, 65.802150877857, 39.852936713036, 60.6146292601109, 
    71.0265028365, 75.1900830054312, 56.5951475122627, 76.8665482064461, 
    81.0274367817865), .Names = c("1", "2", "3", "4", "5", "6", 
    "8", "9", "10", "12", "13", "14", "15", "16", "17", "18", 
    "19", "20", "21", "22", "24", "25", "26", "27", "28", "29", 
    "30")), assign = 1:7, qr = structure(list(qr = structure(c(-6.74158967142446, 
    0.155900110139933, -0.0121130442472852, 0.228316166076361, 
    0.324048100212674, 0.186862279955077, 0.0753888243070715, 
    0.070809554176473, 0.225972252781313, 0.148101468985136, 
    0.220464546873089, 0.145551598887614, 0.156677878542001, 
    0.113454829268689, 0.0621528075524227, 0.290092921007458, 
    0.147331709003915, 0.181074661362822, 0.0854700603150681, 
    0.25507107674163, 0.0369399041192974, 0.333702235981893, 
    0.264992009658465, 0.0701155131380429, 0.217724734839611, 
    0.0405543545232205, 0.360005483118402, -299.529989761878, 
    -191.926509980381, 0.384728579955089, -0.0488314604997802, 
    -0.128785362977773, -0.0220497289781721, 0.266264001545331, 
    0.310299319743607, -0.0553809586617963, 0.068018436494974, 
    -0.0410742216156185, 0.192067283213744, 0.142429391604778, 
    0.281549915651798, 0.340227600438446, -0.166491611998291, 
    0.121393032044377, 0.00313996115866681, 0.0672525801049506, 
    -0.1034399546143, 0.131772966301324, -0.269777790737354, 
    -0.036459913200942, 0.274973289607084, -0.0626008448028081, 
    0.375899144007572, -0.167330497786289, -234.288314338275, 
    -154.051796221122, -56.0002664777183, -0.0348430447046933, 
    -0.0243256757484157, 0.138920040716211, -0.170352006480067, 
    0.119421136242102, -0.00660145865906545, 0.0178136323346146, 
    0.191348643685366, 0.326110859098123, -0.10100106131049, 
    -0.375374136410635, -0.069832000901326, 0.386300022778822, 
    -0.145390615981529, 0.432758363789148, 0.0372414289329797, 
    0.128041989737321, 0.225398522536357, 0.0770961011178772, 
    0.149181515702603, -0.0292432443080323, 0.0308448890652101, 
    0.0480091626131171, -0.374015356258495, -249.498977194821, 
    -158.740832198483, -17.2855404263954, 50.6341649860894, -0.0518132302133442, 
    0.088294764609107, 0.0645201247608865, 0.0767636748386949, 
    0.0581158074347292, 0.215892449232346, 0.265041367224721, 
    0.618346594095019, -0.211483294166253, -0.121448002445909, 
    -0.000172405334360464, -0.334058262964052, -0.0503245784601053, 
    0.0761677071481538, -0.00151334881545269, -0.177833321492433, 
    -0.434923033842206, -0.0450617115610375, 0.0748346165341535, 
    -0.245250461712374, 0.0496024346946938, 0.0160999394555916, 
    -0.0114486774080948, -287.815719051819, -176.945647699074, 
    -15.2918108359256, 23.4712252538967, 42.8673737646599, 0.0358284282303454, 
    -0.111182250919905, 0.157649437655784, -0.0563782277896233, 
    -0.145622287167156, 0.0860220714008638, 0.231487821168369, 
    -0.00729545877989717, 0.486707404262943, -0.0149411696807525, 
    0.597584890730957, -0.204858975295644, 0.0269123699102453, 
    -0.0754103652885824, 0.100038799220732, 0.0704996528037586, 
    -0.128190511891843, -0.227286670697376, -0.0582617148739592, 
    0.135253434413905, 0.070938683952474, 0.275450114921968, 
    -341.018938555069, -180.113736395912, -26.5070723048749, 
    19.6217346715016, 41.9003964045827, 58.7353806127296, 0.152142246835791, 
    -0.0711043587510086, 0.00716495413192148, 0.0229445609718337, 
    0.267329461808717, 0.121207054581743, 0.152631948123446, 
    0.0362130339851298, 0.0680879639334959, -0.110055120447179, 
    -0.00587152108364298, 0.146900021907411, -0.223422184899768, 
    0.0671775545509957, -0.12695123365482, 0.303867957562553, 
    0.64611425844281, 0.0634721286974582, -0.260310601918191, 
    0.120365011427778, 0.0667030657136484, -194.27803282726, 
    -114.063986358794, -25.0742591339305, 32.9381412775766, 27.0619092721976, 
    4.70188993346271, 37.3544997606837, 0.451303889447365, 0.0166052281072811, 
    -0.11765050097124, 0.231312387218644, -0.0920458666550834, 
    0.256096108554473, 0.0611513736423133, -0.293824327543417, 
    -0.31466506697229, 0.123243214423953, -0.160717943711546, 
    -0.0555971514491946, 0.228851609982295, -0.125992786646845, 
    0.349985823856486, -0.39673072596524, 0.230636774585816, 
    -0.0531678190818347, -0.104677631625429, 0.0405830901701057
    ), .Dim = c(27L, 7L), .Dimnames = list(c("1", "2", "3", "4", 
    "5", "6", "8", "9", "10", "12", "13", "14", "15", "16", "17", 
    "18", "19", "20", "21", "22", "24", "25", "26", "27", "28", 
    "29", "30"), c("x1", "x2", "x3", "x4", "x5", "x6", "x7")), assign = 1:7), 
        qraux = c(1.10583659543568, 1.07597967794693, 1.19462086927147, 
        1.07784196233704, 1.21868077304143, 1.38861188971212, 
        1.06848872581584), pivot = 1:7, tol = 1e-07, rank = 7L), .Names = c("qr", 
    "qraux", "pivot", "tol", "rank"), class = "qr"), df.residual = 20L, 
    xlevels = structure(list(), .Names = character(0)), call = quote(lm(formula = y ~ 
        . + 0, data = structure(list(y = c(43, 63, 71, 61, 81, 
        43, 71, 72, 67, 67, 69, 68, 77, 81, 74, 65, 65, 50, 50, 
        64, 40, 63, 66, 78, 48, 85, 82), x1 = c(0.713506898647887, 
        1.05101457229331, -0.0816611739870052, 1.53921390703963, 
        2.18459932543848, 1.25974881652397, 0.508240519289387, 
        0.477368959074281, 1.52341220537902, 0.998439333632985, 
        1.48628151211489, 0.981249155720053, 1.05625796771945, 
        0.764865905171018, 0.419008725445445, 1.95568744001723, 
        0.993249927694108, 1.22073106680028, 0.576204075836089, 
        1.71958453644049, 0.249033676074065, 2.24968354742678, 
        1.78646739532352, 0.472690019178056, 1.46781082360835, 
        0.273400817585029, 2.42700924664719), x2 = c(51, 64, 
        70, 63, 78, 55, 75, 82, 61, 60, 62, 83, 77, 90, 85, 60, 
        70, 58, 40, 61, 37, 54, 77, 75, 57, 85, 82),