
expected <- structure(list(coefficients = structure(c(17.6614555413547, -0.116408583951871, 
0.0813040623972062, 0.442796919039101, 0.710417052886014, 0.0422195701694092, 
-0.552884813650808), .Names = c("x1", "x2", "x3", "x4", "x5", 
"x6", "x7")), residuals = structure(c(-6.23270876747354, 4.39174789997255, 
-7.07552932752171, 2.5964737170374, 12.0794440261094, -11.0309713701663, 
-8.61842894444026, 4.61760670216893, -7.51037490969791, 6.86495879233926, 
-2.25231947202966, 14.6082405267139, 7.39540526142994, -4.1227078655131, 
9.49186011815394, 2.12520203959771, -4.9295069231377, -8.96237208392207, 
6.23091752300052, -3.04475987487125, -11.721699541144, -11.4248047919235, 
-2.11076716662957, -0.517285536486358, -5.60450321270732, 9.81060188376664, 
14.9462812973741), .Names = c("1", "2", "3", "4", "5", "6", "7", 
"8", "9", "10", "11", "12", "14", "15", "16", "17", "19", "20", 
"21", "22", "23", "24", "26", "27", "28", "29", "30")), effects = structure(c(-335.248056309443, 
-4.42421753753852, -27.9057688765817, 36.218424095025, 8.9515144141433, 
4.54190246239149, -17.9177243060132, 9.43519262918627, -7.80445047463747, 
10.4510265144615, 0.0494449791244929, 16.8401435889433, 7.29461454818763, 
2.50679375572166, 10.862619657927, 6.85563101300323, -0.15430647616718, 
-9.61367589351072, 6.82954238036962, -5.21096176967474, -7.97266267659123, 
-13.7593918486326, 4.62574467449301, 1.4897713301471, -7.10189593063188, 
13.9120779178826, 16.9967483362487), .Names = c("x1", "x2", "x3", 
"x4", "x5", "x6", "x7", "", "", "", "", "", "", "", "", "", "", 
"", "", "", "", "", "", "", "", "", "")), rank = 7L, fitted.values = structure(c(49.2327087674735, 
58.6082521000274, 78.0755293275217, 58.4035262829626, 68.9205559738906, 
54.0309713701663, 66.6184289444403, 66.3823932978311, 79.5103749096979, 
60.1350412076607, 66.2523194720297, 52.3917594732861, 60.6045947385701, 
81.1227078655131, 71.5081398818461, 71.8747979604023, 69.9295069231377, 
58.9623720839221, 43.7690824769995, 67.0447598748712, 64.721699541144, 
51.4248047919235, 68.1107671666296, 78.5172855364864, 53.6045032127073, 
75.1893981162334, 67.0537187026259), .Names = c("1", "2", "3", 
"4", "5", "6", "7", "8", "9", "10", "11", "12", "14", "15", "16", 
"17", "19", "20", "21", "22", "23", "24", "26", "27", "28", "29", 
"30")), assign = 1:7, qr = structure(list(qr = structure(c(-5.19615242270663, 
0.192450089729875, 0.192450089729875, 0.192450089729875, 0.192450089729875, 
0.192450089729875, 0.192450089729875, 0.192450089729875, 0.192450089729875, 
0.192450089729875, 0.192450089729875, 0.192450089729875, 0.192450089729875, 
0.192450089729875, 0.192450089729875, 0.192450089729875, 0.192450089729875, 
0.192450089729875, 0.192450089729875, 0.192450089729875, 0.192450089729875, 
0.192450089729875, 0.192450089729875, 0.192450089729875, 0.192450089729875, 
0.192450089729875, 0.192450089729875, -360.266567974327, -66.0757141467272, 
-0.221998910349308, -0.282535524317908, 0.262294001399494, 0.0352816990172429, 
0.156354926954443, 0.141220773462293, 0.262294001399494, -0.221998910349308, 
-0.237133063841458, 0.0352816990172429, 0.141220773462293, -0.221998910349308, 
-0.176596449872858, -0.297669677810058, -0.0403890684435074, 
-0.0403890684435074, -0.237133063841458, 0.186623233938743, -0.191730603365008, 
-0.297669677810058, 0.0352816990172429, 0.156354926954443, -0.282535524317908, 
-0.176596449872858, -0.176596449872858, -275.203628313722, -9.81197618074392, 
-62.9657691638201, -0.0189482816161474, 0.0619174054761555, -0.0101572731638514, 
-0.142180435413754, -0.0125208187167477, 0.316023727251917, -0.0293741048526511, 
0.100285511844356, -0.0419205633858216, 0.51157346994576, 0.113560701146215, 
0.0422147532748966, 0.285409431301695, -0.044769929451177, 0.304626262990495, 
-0.217347390375346, 0.0114231040778447, 0.0765844993059928, -0.0639867611399768, 
0.259830693722895, 0.111925886362007, -0.0348299267271325, 0.375729300605584, 
-0.132483342945939, -293.67883692779, 0.237101738043692, -28.5686171869751, 
50.5422460475455, -0.202935176636662, 0.185188523656442, -0.137899544253128, 
-0.0338466126295576, -0.0575340509980562, 0.112997439929488, 
-0.020374771538357, 0.263467347332504, 0.504704941378416, -0.288720838090168, 
-0.335040154401079, -0.117751826334639, -0.0946233973547633, 
0.191864400483731, 0.247992321857527, -0.156718971241043, 0.122561819796384, 
-0.127243623899815, -0.0152239057027275, -0.328850704660694, 
0.148941041143405, -0.0984473733838341, -0.191395338751532, -339.28950819377, 
-13.4441730188599, -26.7031184275846, 30.7894571824362, 33.0732011471811, 
0.134702389844023, 0.020050621337852, -0.0927947685900226, 0.243411282807974, 
-0.137828513533343, 0.23277638099692, -0.125284513629366, 0.173072918811806, 
-0.111882341541049, 0.459475076929801, -0.153469914122306, -0.272770997177908, 
0.0891501107119275, 0.121630408052232, 0.190402814268672, -0.0703369577606371, 
0.412224358907159, -0.441519995017987, 0.0243392187745889, 0.132847000135697, 
0.0109717185162341, 0.0319803203346923, -389.711431702997, -8.67186995100196, 
-6.65300883577497, -1.2467025520407, 24.2233307994676, 44.3194327886798, 
0.163270864213423, 0.301904279772441, -0.113460808772146, -0.00599338614581363, 
0.1592197485256, 0.169379187472589, 0.189273669184048, 0.0190473767511586, 
0.302308052720329, 0.0589392569160023, -0.0943267878858464, 0.072545094802531, 
0.231255300855346, -0.130804026883052, 0.00127883367839742, 0.250609154265951, 
0.272696248521619, -0.0301938013766894, -0.174411908751565, 0.148118179149422, 
-0.101368701064503, -225.166604983954, 2.724147628587, -16.4861418952431, 
14.4374501246763, 28.1558652081195, -4.83058133260323, 32.4076984276325, 
0.186931934226906, 0.38317821541686, 0.101282318136673, 0.174828009314973, 
0.00519938335481236, 0.0737627600605623, 0.24668928767464, 0.107606591676591, 
-0.267026908090292, 0.175667803202899, -0.298970249320436, -0.0230989808544948, 
0.028395202850058, 0.217234881509904, -0.441447419790813, -0.373796691360118, 
0.0744007859298901, -0.0568473746091867, -0.112989012782027, 
0.162729891507827), .Dim = c(27L, 7L), .Dimnames = list(c("1", 
"2", "3", "4", "5", "6", "7", "8", "9", "10", "11", "12", "14", 
"15", "16", "17", "19", "20", "21", "22", "23", "24", "26", "27", 
"28", "29", "30"), c("x1", "x2", "x3", "x4", "x5", "x6", "x7"
)), assign = 1:7), qraux = c(1.19245008972988, 1.06555000600154, 
1.33590373270001, 1.11969434360085, 1.15803292503048, 1.63145145603646, 
1.27715370723451), pivot = 1:7, tol = 1e-07, rank = 7L), .Names = c("qr", 
"qraux", "pivot", "tol", "rank"), class = "qr"), df.residual = 20L, 
    xlevels = structure(list(), .Names = character(0)), call = quote(lm(formula = y ~ 
        . + 0, data = structure(list(y = c(43, 63, 71, 61, 81, 
        43, 58, 71, 72, 67, 64, 67, 68, 77, 81, 74, 65, 50, 50, 
        64, 53, 40, 66, 78, 48, 85, 82), x1 = c(1, 1, 1, 1, 1, 
        1, 1, 1, 1, 1, 1, 1, 1, 1, 1, 1, 1, 1, 1, 1, 1, 1, 1, 
        1, 1, 1, 1), x2 = c(90, 77, 58, 54, 90, 75, 83, 82, 90, 
        58, 57, 75, 82, 58, 61, 53, 70, 70, 57, 85, 60, 53, 75, 
        83, 54, 61, 61), x3 = c(30, 51, 68, 45, 56, 49, 42, 50, 
        72, 45, 53, 47, 83, 54, 50, 64, 46, 68, 33, 52, 52, 42, 
        66, 58, 44, 71, 39), x4 = c(39, 54, 69, 47, 66, 44, 56, 
        55, 67, 47, 58, 39, 45, 72, 72, 69, 57, 54, 34, 62, 50, 
        58, 63, 74, 45, 71, 59), x5 = c(61, 63, 76, 54, 71, 54, 
        66, 70, 71, 62, 58, 59, 59, 79, 60, 79, 75, 64, 43, 66, 
        63, 50, 88, 80, 51, 77, 64), x6 = c(92, 73, 86, 84, 83, 
        49, 68, 66, 83, 80, 67, 74, 77, 77, 54, 79, 85, 78, 64, 
        80, 80, 57, 76, 78, 83, 74, 78), x7 = c(45, 47, 48, 35, 
        47, 34, 35, 41, 31, 41, 34, 41, 35, 46, 36, 63, 46, 52, 
        33, 41, 37, 49, 72, 49, 38, 55, 39)), .Names = c("y", 
        "x1", "x2", "x3", "x4", "x5", "x6", "x7"),