
expected <- structure(list(coefficients = structure(c(-3.01353681708155, 
0.808718024885477, -0.0189465519802515, 0.171724931294019, 0.0892666223534739, 
0.0788000727130102, -0.151775296245988), .Names = c("x1", "x2", 
"x3", "x4", "x5", "x6", "x7")), residuals = structure(c(-8.59873998557862, 
3.25147187441582, 4.1729885752669, 1.09215542157023, 6.4613194044343, 
-12.9078348615362, -9.64652778368448, 0.494084767266077, 8.19096097307724, 
7.49474480402566, 6.74151538649819, -8.11559336013615, 1.33167925307905, 
-1.95796312643373, 7.96788319071752, -2.20759453443011, -9.27854210482216, 
4.53759755124492, 1.18857185905668, -10.7598209574138, 2.40873331817451, 
7.0723546138719, -6.25757109739216, 3.24364396851671, -6.78773194646783, 
8.01781918185006, 2.85039561482948), .Names = c("1", "2", "3", 
"4", "5", "6", "7", "8", "10", "11", "13", "14", "16", "17", 
"18", "19", "20", "21", "22", "23", "24", "25", "26", "27", "28", 
"29", "30")), effects = structure(c(-331.591504604575, -52.8406667457116, 
1.16535851229253, 8.28791107862738, 0.830445024722101, 2.87889644744062, 
-5.80896329674067, 4.53205867163278, 10.4516697358225, 10.3394243450255, 
9.61763004883668, -12.3658497828836, 2.69387944248229, -2.75408415188989, 
2.2855198682116, 1.07919890263846, -11.0830856921112, 6.43887458262549, 
2.54021635537625, -9.17702646935855, 6.92265170793673, 13.5984705767643, 
-5.05383763197807, 5.16709652206431, -7.3891823392071, 7.8098814511377, 
1.48474347482118), .Names = c("x1", "x2", "x3", "x4", "x5", "x6", 
"x7", "", "", "", "", "", "", "", "", "", "", "", "", "", "", 
"", "", "", "", "", "")), rank = 7L, fitted.values = structure(c(51.5987399855786, 
59.7485281255842, 66.8270114247331, 59.9078445784298, 74.5386805955657, 
55.9078348615362, 67.6465277836845, 70.5059152327339, 58.8090390269228, 
56.5052551959743, 62.2584846135018, 76.1155933601362, 79.6683207469209, 
75.9579631264337, 57.0321168092825, 67.2075945344301, 59.2785421048222, 
45.4624024487551, 62.8114281409433, 63.7598209574139, 37.5912666818255, 
55.9276453861281, 72.2575710973922, 74.7563560314833, 54.7877319464678, 
76.9821808181499, 79.1496043851705), .Names = c("1", "2", "3", 
"4", "5", "6", "7", "8", "10", "11", "13", "14", "16", "17", 
"18", "19", "20", "21", "22", "23", "24", "25", "26", "27", "28", 
"29", "30")), assign = 1:7, qr = structure(list(qr = structure(c(-5.19615242270663, 
0.192450089729875, 0.192450089729875, 0.192450089729875, 0.192450089729875, 
0.192450089729875, 0.192450089729875, 0.192450089729875, 0.192450089729875, 
0.192450089729875, 0.192450089729875, 0.192450089729875, 0.192450089729875, 
0.192450089729875, 0.192450089729875, 0.192450089729875, 0.192450089729875, 
0.192450089729875, 0.192450089729875, 0.192450089729875, 0.192450089729875, 
0.192450089729875, 0.192450089729875, 0.192450089729875, 0.192450089729875, 
0.192450089729875, 0.192450089729875, -342.368709629448, -68.8379740162845, 
0.0946285258367066, -0.00705953369775985, 0.210843451018954, 
-0.123274458880007, 0.0510479288933639, 0.167262854075611, -0.0361132649933217, 
-0.152328190175569, -0.0215863993455408, 0.283477779257859, 0.385165838792325, 
0.312531510553421, -0.0506401306411026, 0.0946285258367066, -0.0796938619366645, 
-0.341177443596721, -0.0361132649933217, 0.0365210632455829, 
-0.384758040540064, -0.137801324527788, 0.196316585371173, 0.167262854075611, 
-0.0942207275844454, 0.312531510553421, 0.268950913610078, -273.471577506153, 
-33.2358545059397, -53.2510494878393, -0.070052322797673, -0.00669154004805236, 
0.0814411228608679, -0.164578018240964, -0.0907237925312555, 
-0.0509579339970586, 0.175651402117566, 0.164842542970884, 0.452604748528973, 
-0.233931708535864, 0.0767098800619636, 0.334168712683665, -0.118103710985803, 
0.409600019326341, -0.0758145229588567, 0.080494874301087, 0.032758902299551, 
0.121837813768252, -0.0404644910369705, 0.190645380492463, 0.0595079883809109, 
-0.0315481290098505, 0.208162688360109, -0.364122852087635, -288.482684505083, 
21.2302070961403, -11.3760999114546, 53.6526178131164, -0.172493745804813, 
-0.198149696862357, -0.268818895923071, -0.0273142327004491, 
0.184787527805998, -0.226776058824491, -0.0592015639682132, 0.0824370031116399, 
0.0385985788908639, 0.00373122616112438, -0.0790870030585972, 
0.0662300374700095, -0.277644371561741, -0.205834102261185, -0.209961086958172, 
0.116437369325248, 0.15850806697121, 0.0754039680374379, -0.309113227561608, 
-0.419877616746682, 0.275613503243365, -0.0368874174210042, -0.339930713236849, 
-332.938655232684, -34.7369639562104, -5.90088014670624, 9.82816721761357, 
38.8559124148903, 0.23660633221528, 0.0321026581527573, -0.0364825955805287, 
-0.0744859656349563, 0.147184521076292, 0.273314660594559, 0.470671020834872, 
0.343652117495796, -0.102524727991255, 0.30617005948194, -0.271332054266736, 
0.145215167931631, 0.285165115594142, 0.00791022816724261, 0.0135596791030768, 
-0.00826903601978918, -0.222595612021181, -0.28574325874532, 
-0.103669862775432, 0.130177085159416, 0.0034400636561427, 0.240056097091932, 
-386.632230267319, -8.06563862688463, -1.53998245972937, -14.3699888475451, 
22.7031803779556, 44.4202821617579, 0.0712851652771108, 0.252861673621418, 
0.0202087814596712, 0.114976954809208, 0.238564899194593, -0.00899264898536756, 
0.422202611575441, 0.0341960002962888, -0.13533517467072, -0.0760199395277909, 
-0.104868065188312, 0.0874679825848073, -0.1338645202902, -0.0130043870730976, 
0.50716408654423, 0.13081492648459, 0.0497476174029361, -0.120120144283267, 
-0.0787641893542787, 0.120533760136865, -0.262431874434556, -225.166604983954, 
-15.0934134080444, -18.1722398077161, 4.41805861052202, 29.1688002535134, 
4.09437525215677, 38.2734439689438, 0.111108321092344, 0.0395520255127434, 
0.1774274255439, 0.316739942564615, 0.169442828997203, -0.0454093963165892, 
-0.251108396231311, -0.51127301433528, 0.136468631999757, -0.116693578373032, 
-0.100454245486932, 0.146721675347429, 0.167061603649294, -0.373582554080936, 
0.329989453871756, -0.279680763833892, 0.161084304944469, -0.0682268124594593, 
-0.0702526791995332, 0.0277866504584198), .Dim = c(27L, 7L), .Dimnames = list(
    c("1", "2", "3", "4", "5", "6", "7", "8", "10", "11", "13", 
    "14", "16", "17", "18", "19", "20", "21", "22", "23", "24", 
    "25", "26", "27", "28", "29", "30"), c("x1", "x2", "x3", 
    "x4", "x5", "x6", "x7")), assign = 1:7), qraux = c(1.19245008972988, 
1.00746733195002, 1.29503368652266, 1.27807007124757, 1.05469318677385, 
1.48914934970035, 1.21047480257178), pivot = 1:7, tol = 1e-07, 
    rank = 7L), .Names = c("qr", "qraux", "pivot", "tol", "rank"
), class = "qr"), df.residual = 20L, xlevels = structure(list(), .Names = character(0)), 
    call = quote(lm(formula = y ~ . + 0, data = structure(list(y = c(43, 
        63, 71, 61, 81, 43, 58, 71, 67, 64, 69, 68, 81, 74, 65, 
        65, 50, 50, 64, 53, 40, 63, 66, 78, 48, 85, 82), x1 = c(1, 
        1, 1, 1, 1, 1, 1, 1, 1, 1, 1, 1, 1, 1, 1, 1, 1, 1, 1, 
        1, 1, 1, 1, 1, 1, 1, 1), x2 = c(51, 64, 70, 63, 78, 55, 
        67, 75, 61, 53, 62, 83, 90, 85, 60, 70, 58, 40, 61, 66, 
        37, 54, 77, 75, 57, 85, 82), x3 = c(30, 51, 68, 45, 56, 
        49, 42, 50, 45, 53, 57, 83, 50, 64, 65, 46, 68, 33, 52, 
        52, 42, 42, 66, 58, 44, 71, 39), x4 = c(47, 45, 48, 39, 
        57, 69, 66, 50, 45, 72, 59, 44, 39, 45, 62, 47, 74, 75, 
        67, 47, 58, 54, 66, 72, 42, 48, 62), x5 = c(61, 63, 76, 
        54, 71, 54, 66, 70, 62, 58, 55, 59, 60, 79, 55, 75, 64, 
        43, 66, 63, 50, 66, 88, 80, 51, 77, 64), x6 = c(92, 73, 
        86, 84, 83, 49, 68, 66, 80, 67, 63, 77, 54, 79, 80, 85, 
        78, 64, 80, 80, 57, 75, 76, 78, 83, 74, 78), x7 = c(45, 
        47, 48, 35, 47, 34, 35, 41, 41, 34, 25, 35, 36, 63, 60, 
        46, 52, 33, 41, 37, 49, 33, 72, 49, 38, 55, 39)), .Names = c("y", 
        "x1", "x2", "x3", "x4", "x5", "x6", "x7"),