
expected <- structure(list(coefficients = structure(c(2.59172242638747, 0.658427529794773, 
-0.180835944281579, 0.405165349085119, 0.193948457421729, 0.0458022548215203, 
-0.258760022160575), .Names = c("x1", "x2", "x3", "x4", "x5", 
"x6", "x7")), residuals = structure(c(-8.24131374851388, 5.97724442745678, 
1.07198216263238, 4.37726938078006, -9.36756891108483, -9.27696051044175, 
6.04483328719511, -7.29827279422206, 8.95279617893135, 8.95105647563225, 
8.24431499779294, 11.2569410106704, -2.22167011265084, -3.64009426346662, 
-2.34303472158144, -2.16168273854886, 1.209537073808, -3.85589422170656, 
-8.02154772222203, 6.96493318913583, -7.98284408766057, 2.22298506351644, 
-0.47911226116042, 3.43509462342008, -6.14231533530323, 2.05538007908725, 
3.6870702680786), .Names = c("1", "2", "4", "5", "6", "7", "8", 
"9", "10", "11", "12", "13", "14", "15", "16", "17", "18", "19", 
"20", "21", "23", "25", "26", "27", "28", "29", "30")), effects = structure(c(-223.019104861093, 
-260.238792495178, -6.04323925714221, -15.5354776427021, 3.25682824925127, 
1.68111303325159, 9.7277830998186, -5.14379817295975, 7.70443308886566, 
7.07951060868637, 13.8890166185965, 15.3055102154972, 6.15018614606599, 
-0.940552249712035, 0.34257378428388, -2.10637101483682, 1.50959066864878, 
-5.04161451504638, -4.15590477915969, 9.03972456948332, -9.62672662549691, 
5.34696416151902, -1.80449826505325, 1.15095478443964, -8.22549804838184, 
9.2968568157819, 4.83027996740276), .Names = c("x1", "x2", "x3", 
"x4", "x5", "x6", "x7", "", "", "", "", "", "", "", "", "", "", 
"", "", "", "", "", "", "", "", "", "")), rank = 7L, fitted.values = structure(c(51.2413137485139, 
57.0227555725432, 59.9280178373676, 76.6227306192199, 52.3675689110848, 
67.2769605104418, 64.9551667128049, 79.2982727942221, 58.0472038210686, 
55.0489435243677, 58.7556850022071, 57.7430589893296, 70.2216701126508, 
80.6400942634666, 83.3430347215814, 76.1616827385489, 63.790462926192, 
68.8558942217066, 58.021547722222, 43.0350668108642, 60.9828440876606, 
60.7770149364836, 66.4791122611604, 74.5649053765799, 54.1423153353032, 
82.9446199209128, 78.3129297319214), .Names = c("1", "2", "4", 
"5", "6", "7", "8", "9", "10", "11", "12", "13", "14", "15", 
"16", "17", "18", "19", "20", "21", "23", "25", "26", "27", "28", 
"29", "30")), assign = 1:7, qr = structure(list(qr = structure(c(-7.90746706693211, 
-0.0572606963136083, 0.111151004757094, 0.158147892939001, 0.15946426612461, 
0.0590230194123714, -0.178558706281617, 0.0795823760608395, 0.0926198146515111, 
0.0349897435401031, 0.376926135596778, 0.152608363014986, 0.314043555099431, 
0.17510864834625, -0.0410081457571045, 0.0572856196322838, 0.334049749791504, 
0.0709297152438387, 0.376740779060659, 0.300473053777715, 0.0177133355860347, 
0.276784708030025, 0.0132836102315602, -0.0351382463572594, 0.120826300636556, 
0.339577874575782, 0.0769047198986499, -224.458281178993, -278.991899542213, 
0.12961095791668, 0.14269979142033, 0.0591207907679551, 0.189065464190691, 
0.423368943641642, 0.225036184674292, 0.138481178635526, 0.159685780985078, 
-0.111172463347861, 0.0901449618707499, 0.0256925634870115, 0.124435793643875, 
0.358082876918991, 0.255087199311121, -0.0740626214980599, 0.18951312769967, 
-0.118180702755237, -0.116688401881361, 0.221234979964037, -0.0460052879440731, 
0.264496609381649, 0.299237431951495, 0.0997309141341172, 0.0107610804084317, 
0.227353716687328, -196.149529757959, -198.158490576878, 46.9315947739365, 
0.094147525818986, -0.11388298017316, 0.174971233220791, 0.0178438785344063, 
-0.221293793230335, 0.0334228609753296, -0.288443923925427, 0.108223008855229, 
-0.178654909136172, -0.330462005744093, 0.129138895946006, 0.315524600727314, 
-0.0145917755714184, -0.29536748198923, 0.14197913149384, -0.370436435008909, 
0.0596419819375593, -0.0729821385074213, 0.0745852859139511, 
-0.202238985131909, -0.0855383273842344, 0.00569683131396521, 
-0.0317151593342962, 0.480604897032316, -185.273810304301, -225.744041654817, 
10.1537287108841, -44.183081218266, -0.0529812767066984, 0.0846784871823637, 
-0.135424678963869, -0.0642259488841849, -0.0512941933532044, 
0.246506173852218, -0.188918852029381, -0.247308753440085, -0.612244298622721, 
0.249076164933873, 0.064493567100793, -0.0113071448950253, 0.502167515929749, 
0.0419387985994431, 0.0411562639126898, 0.051661030138223, -0.10877365731135, 
0.114500524254749, -0.0571342803870823, 0.264064314214915, -0.0309939118379069, 
0.0308228784095578, -0.0307249769042878, -216.395811346545, -258.273334276211, 
7.33001484413556, -19.3384019634693, 43.2091972316463, -0.0741144418314298, 
-0.107963850127488, 0.21645072019657, -0.101245748902975, -0.00486326447941224, 
-0.0154647443394723, 0.104828751259811, 0.454101117457192, -0.0442917575697993, 
0.476769967235671, 0.0420181653243611, 0.417826161238296, -0.216849045888344, 
0.0504710111317004, -0.0130329062003587, -0.0304330641697826, 
-0.233408697279207, -0.314249311881917, -0.11901075048027, 0.0924144294430219, 
0.214440033185805, 0.171832316781952, -268.08665872361, -275.69879090429, 
1.61664434977213, -15.793125356074, 43.8624246572317, 58.6495649092603, 
0.0808242340680328, -0.148222207709746, -0.0863253417050109, 
-0.187371266827221, 0.235391093836444, 0.025687510064981, -0.0775926154705723, 
0.331260876354582, 0.185112161785878, 0.162508082176368, -0.34271439045293, 
0.105979298806653, 0.0137545350071797, -0.016106999610321, -0.179979854354391, 
0.246773479067528, 0.347953521231062, 0.0800692473315672, -0.373252095963294, 
0.399913275772561, 0.0957549017675662, -151.138556948297, -161.562752759035, 
12.2350819077291, -26.4337195809619, 27.5642535193165, 3.88456174760212, 
-37.5938408823523, -0.487633353012457, -0.0249893132685268, -0.311183750064398, 
0.0826156789930815, -0.287703998529643, -0.0655756692465669, 
-0.171875504612395, 0.0722882958550506, 0.334757900646259, 0.231124344576762, 
-0.0711423116039506, 0.0492370310299321, 0.0159050758732718, 
-0.147579882849145, -0.335997620237475, 0.429284971494999, -0.163034032705502, 
-0.00119572511539141, 0.117270999125202, 0.0596968180932634), .Dim = c(27L, 
7L), .Dimnames = list(c("1", "2", "4", "5", "6", "7", "8", "9", 
"10", "11", "12", "13", "14", "15", "16", "17", "18", "19", "20", 
"21", "23", "25", "26", "27", "28", "29", "30"), c("x1", "x2", 
"x3", "x4", "x5", "x6", "x7")), assign = 1:7), qraux = c(1.14075742958269, 
1.27895691458535, 1.0732030097982, 1.08399555157235, 1.02366394338015, 
1.19523370057816, 1.00326992567276), pivot = 1:7, tol = 1e-07, 
    rank = 7L), .Names = c("qr", "qraux", "pivot", "tol", "rank"
), class = "qr"), df.residual = 20L, xlevels = structure(list(), .Names = character(0)), 
    call = quote(lm(formula = y ~ . + 0, data = structure(list(y = c(43, 
        63, 61, 81, 43, 58, 71, 72, 67, 64, 67, 69, 68, 77, 81, 
        74, 65, 65, 50, 50, 53, 63, 66, 78, 48, 85, 82), x1 = c(1.11303473885111, 
        -0.452787070329459, 0.878922909573136, 1.25054925511986, 
        1.26095843273285, 0.466722582194222, -1.41194708943589, 
        0.629295017809295, 0.732388134102181, 0.276680244723766, 
        2.98053100389751, 1.20674560467942, 2.48328906953103, 
        1.38466586993297, -0.324270562050256, 0.452984150651084, 
        2.64148739519323, 0.560874387357527, 2.97906530319251, 
        2.3759807772478, 0.140067617792086, 2.18866596337784, 
        0.105039710436025, -0.277854525859776, 0.955429993102805, 
        2.6852008598668, 0.608121539890213), x2 = c(51, 64, 63, 
        78, 55, 67, 75, 82, 61, 53, 60, 62, 83, 77, 90, 85, 60, 
        70, 58, 40, 66, 54, 77, 75, 57, 85, 82), x3 = c(30, 51, 
        45, 56, 49, 42, 50, 72, 45, 53, 47, 57, 83, 54, 50, 64, 
        65, 46, 68, 33, 52, 42, 66, 58, 44, 71, 39), x4 = c(39, 
        54, 47, 66, 44, 56, 55, 67, 47, 58, 39, 42, 45, 72, 72, 
        69, 75, 57, 54, 34, 50, 48, 63, 74, 45, 71, 59),