
expected <- structure(list(coefficients = structure(c(-2.07650301147493, 
-0.326212151799015, 0.0585926471326712, 0.061396069601635, 0.292032219626498, 
0.507939343960528, 0.556084860762914), .Names = c("x1", "x2", 
"x3", "x4", "x5", "x6", "x7")), residuals = structure(c(-19.6371999318057, 
-10.9720749717203, 0.918330758772299, -2.99717576481845, 13.4821013256211, 
-0.716336239729653, 2.5283291055897, 19.9244465454658, -5.08074331362739, 
9.60645840591616, 10.0756951884268, 4.8353430228441, 7.82544711011311, 
8.90344959723583, 17.8687208124876, 9.19673341922435, -8.74746633333455, 
-13.5726730894497, -20.4598941189717, -4.39869378243956, -12.2942815458706, 
-4.61688250981896, -2.20873523036939, -9.58185963098145, -8.9886269015288, 
19.8565976535232, 10.1950621894818), .Names = c("1", "2", "3", 
"4", "5", "6", "7", "9", "10", "11", "12", "13", "14", "15", 
"16", "17", "18", "20", "21", "22", "23", "24", "25", "27", "28", 
"29", "30")), effects = structure(c(-235.111093863139, -213.993686887474, 
57.391206072247, 57.2149900204507, 52.9097114712914, -35.6798873477367, 
29.2052209840152, 18.2666823549129, -0.344186753968224, 10.7616254681597, 
12.1610071256177, 11.6525289667562, 11.6857644746606, 15.7636731130015, 
21.5845532435448, 12.8926724599192, -2.12256211510513, -5.9126319279765, 
-14.489546998201, 3.41820207386125, -9.71012419091108, -6.4612288805543, 
1.28406328781178, -6.69630583068421, -12.3809375203511, 27.6918590803598, 
17.9317817644614), .Names = c("x1", "x2", "x3", "x4", "x5", "x6", 
"x7", "", "", "", "", "", "", "", "", "", "", "", "", "", "", 
"", "", "", "", "", "")), rank = 7L, fitted.values = structure(c(62.6371999318057, 
73.9720749717203, 70.0816692412277, 63.9971757648185, 67.5178986743789, 
43.7163362397297, 55.4716708944103, 52.0755534545342, 72.0807433136274, 
54.3935415940838, 56.9243048115732, 64.1646569771559, 60.1745528898869, 
68.0965504027642, 63.1312791875124, 64.8032665807756, 73.7474663333345, 
63.5726730894497, 70.4598941189717, 68.3986937824396, 65.2942815458706, 
44.616882509819, 65.2087352303694, 87.5818596309815, 56.9886269015288, 
65.1434023464767, 71.8049378105182), .Names = c("1", "2", "3", 
"4", "5", "6", "7", "9", "10", "11", "12", "13", "14", "15", 
"16", "17", "18", "20", "21", "22", "23", "24", "25", "27", "28", 
"29", "30")), assign = 1:7, qr = structure(list(qr = structure(c(-8.10763086256022, 
-0.0558470258457818, -0.0910458727124338, 0.108406873040047, 
0.154243486946933, 0.155527361088399, 0.0575658401456675, 0.0776176207917015, 
0.09033318690966, 0.0341259055097627, 0.367620462058915, 0.148840718717472, 
0.306290346912373, 0.170785509775382, -0.0399957234791839, 0.0558713338495582, 
0.325802622242116, 0.367439681664513, 0.293054878487341, 0.274907468456563, 
0.0172760230659855, -0.0136215313510906, 0.269951358230276, -0.0342707420416567, 
0.11784330210627, 0.331194266905594, 0.0750060714651457, -250.075148580768, 
-223.822295722091, 0.341269198095831, 0.159841471640191, 0.049131852040776, 
0.208374499618692, 0.182960334064475, 0.269678902218149, 0.142144203459564, 
0.23002924089977, -0.122833391045985, 0.12734700771264, -0.0821811379898906, 
-0.0340230807945314, 0.286615042173439, 0.207410219931609, -0.17797157947064, 
-0.113672544497957, 0.00132286745576195, -0.0743643595946973, 
0.219743221177673, 0.39673300882863, -0.00117340659112364, 0.27948380900562, 
0.201701093796408, -0.157880616052438, 0.0852830715007036, -198.743260667437, 
-175.073039228491, 81.157546011289, 0.332152826337962, 0.0345685451393085, 
0.399929878254486, -0.0963855753391426, 0.0779672841889328, -0.267627255062844, 
0.264319626574783, 0.074277102446531, 0.326291822534362, -0.228637906196296, 
-0.275503971817341, -0.00963465220951862, 0.107985760940065, 
-0.327975917175368, -0.0511468950489273, 0.300975500588402, 0.0240043630260303, 
0.080796859703515, 0.0683947317348785, 0.0825982790785281, 0.0500416571390094, 
-0.00500392536415622, -0.0408781988437441, -0.206212016437013, 
-188.826324728287, -193.609973697255, 41.7601833728904, 81.6019868582749, 
-0.386496046593437, 0.344948152819154, -0.00254669218403157, 
0.205095096841128, 0.0801658771075203, -0.26829415136335, -0.158325834446768, 
0.0613499368611298, -0.0366207827100255, -0.00179947619927637, 
0.0716668242450059, 0.257735392525993, -0.145416375842791, 0.212140200451656, 
-0.109835635512313, -0.0192295043926876, -0.0453453500367817, 
0.547204128098025, 0.205697306854083, -0.25133019387325, -0.0360855115793469, 
-0.108342003330798, 0.102846316314459, -246.0934499113, -223.061530968608, 
48.652594467878, 45.0283141963067, 67.7269760500077, 0.346546217705196, 
0.123562909579974, 0.366342546949593, -0.012116527208742, 0.000429536803322568, 
0.159788062876908, -0.247873595563644, 0.0172630659711617, -0.154947048044416, 
-0.12441334041272, 0.0609436122210325, -0.104394443959605, -0.17935110559743, 
-0.103347110529084, -0.213297884571411, 0.0182082409416151, 0.339068049929212, 
0.156226401432906, 0.0728457950656479, 0.474749699605845, -0.238892965876696, 
-0.262661691706505, -295.65750399067, -236.908506319466, 33.2534869313573, 
54.6378700513388, 51.9192106711914, -61.6628274889011, 0.0397030908672222, 
-0.260098902386575, -0.134684581683664, -0.299141462232163, -0.162521143595134, 
-0.14831858542994, -0.14267465676763, 0.153365846156309, 0.227753537068341, 
0.215130552404716, 0.221629876550608, -0.102213124599485, -0.376746839976068, 
-0.0854183838832118, 0.248890829636415, -0.0410996052011556, 
0.250960276159226, 0.283241614528721, -0.00339922869531637, -0.0803953662364678, 
0.37413808533962, -158.685821852819, -142.758876721419, 34.1192169416896, 
20.3251466513539, 12.1554154707073, -7.83857197675351, 52.5193599839195, 
-0.185779068414674, -0.378498719070091, 0.144421865676718, 0.0426532712733691, 
-0.0376443729466562, 0.181983461270788, -0.299645369904758, 0.203319419978046, 
-0.441794052722511, -0.0191448053828871, 0.109106215583519, -0.181478464697981, 
-0.205828823665507, -0.0689536346681386, 0.0346846514526271, 
-0.282572300427209, -0.487728194375959, 0.00622822318661629, 
-0.00575612331961185, -0.141367192086566), .Dim = c(27L, 7L), .Dimnames = list(
    c("1", "2", "3", "4", "5", "6", "7", "9", "10", "11", "12", 
    "13", "14", "15", "16", "17", "18", "20", "21", "22", "23", 
    "24", "25", "27", "28", "29", "30"), c("x1", "x2", "x3", 
    "x4", "x5", "x6", "x7")), assign = 1:7), qraux = c(1.13728236493732, 
1.24827817599812, 1.23165416063256, 1.01570190960814, 1.0641039609262, 
1.26571865317497, 1.08598792123888), pivot = 1:7, tol = 1e-07, 
    rank = 7L), .Names = c("qr", "qraux", "pivot", "tol", "rank"
), class = "qr"), df.residual = 20L, xlevels = structure(list(), .Names = character(0)), 
    call = quote(lm(formula = y ~ . + 0, data = structure(list(y = c(43, 
        63, 71, 61, 81, 43, 58, 72, 67, 64, 67, 69, 68, 77, 81, 
        74, 65, 50, 50, 64, 53, 40, 63, 78, 48, 85, 82), x1 = c(1.11303473885111, 
        -0.452787070329459, -0.738166327512058, 0.878922909573136, 
        1.25054925511986, 1.26095843273285, 0.466722582194222, 
        0.629295017809295, 0.732388134102181, 0.276680244723766, 
        2.98053100389751, 1.20674560467942, 2.48328906953103, 
        1.38466586993297, -0.324270562050256, 0.452984150651084, 
        2.64148739519323, 2.97906530319251, 2.3759807772478, 
        2.22884827560673, 0.140067617792086, -0.110438347977434, 
        2.18866596337784, -0.277854525859776, 0.955429993102805, 
        2.6852008598668, 0.608121539890213), x2 = c(67, 40, 51, 
        66, 54, 90, 57, 82, 57, 61, 75, 70, 67, 40, 53, 62, 51, 
        77, 82, 60, 54, 85, 75, 53, 78, 57, 40), x3 = c(58, 66, 
        30, 30, 42, 45, 58, 66, 71, 33, 52, 33, 71, 54, 50, 46, 
        64, 64, 42, 45, 42, 72, 54, 45, 68, 46, 51), x4 = c(59, 
        74, 57, 47, 75, 39, 57, 58, 54, 72, 63, 45, 59, 39, 50, 
        34, 54, 39, 63, 44, 54, 39, 39, 74, 74, 47, 34),