
expected <- structure(list(coefficients = structure(c(28.9282454683312, 0.633367288287756, 
-0.0357903407506846, 0.186068828764642, 0.0161904106202972, -0.0204120062526426, 
-0.387042731371905), .Names = c("x1", "x2", "x3", "x4", "x5", 
"x6", "x7")), residuals = structure(c(-2.21775603386009, 5.65996531150445, 
0.195853163869233, -5.78349173468026, -4.54414164692624, 4.14276867792726, 
6.17429934024933, 6.09028823635608, 5.80915498207746, 8.59692876197929, 
10.5182916058064, -4.35020082407247, 0.903288240717204, -2.86142074930768, 
-3.11037430830355, 1.50399620270533, -3.93037334330202, -9.94916142798519, 
3.97439494570255, 0.0979838162881427, -6.75589994027927, -3.88074615467717, 
2.58021314726213, -6.6105629877405, 2.17118265565471, -9.8005647581331, 
5.37608482116792), .Names = c("2", "3", "4", "6", "7", "8", "9", 
"10", "11", "12", "13", "14", "15", "16", "17", "18", "19", "20", 
"21", "22", "23", "24", "25", "26", "27", "28", "29")), effects = structure(c(-333.516005501874, 
-45.8271796854879, -2.82732660593055, 9.77007444774788, -2.39921901489119, 
2.83596409687574, 14.9703821869409, 8.38918906514886, 6.14660800554541, 
11.7746311835697, 12.1018066737333, -2.26684582216985, -0.331098623479473, 
-9.135147647969, -4.52813886142909, -1.18703806982649, -2.29072482392467, 
-7.20463946842433, 6.79602861783, 0.61024155482607, -5.95319854661383, 
-5.22679191288779, 6.10590878628708, -4.89297025357884, 1.30710038521184, 
-7.97430577827719, 3.96524285862312), .Names = c("x1", "x2", 
"x3", "x4", "x5", "x6", "x7", "", "", "", "", "", "", "", "", 
"", "", "", "", "", "", "", "", "", "", "", "")), rank = 7L, 
    fitted.values = structure(c(65.2177560338601, 65.3400346884955, 
    60.8041468361308, 48.7834917346803, 62.5441416469262, 66.8572313220727, 
    65.8257006597507, 60.9097117636439, 58.1908450179225, 58.4030712380207, 
    58.4817083941936, 72.3502008240725, 76.0967117592828, 83.8614207493077, 
    77.1103743083035, 63.4960037972947, 68.930373343302, 59.9491614279852, 
    46.0256050542975, 63.9020161837119, 59.7558999402793, 43.8807461546772, 
    60.4197868527379, 72.6105629877405, 75.8288173443453, 57.8005647581331, 
    79.6239151788321), .Names = c("2", "3", "4", "6", "7", "8", 
    "9", "10", "11", "12", "13", "14", "15", "16", "17", "18", 
    "19", "20", "21", "22", "23", "24", "25", "26", "27", "28", 
    "29")), assign = 1:7, qr = structure(list(qr = structure(c(-5.19615242270663, 
    0.192450089729875, 0.192450089729875, 0.192450089729875, 
    0.192450089729875, 0.192450089729875, 0.192450089729875, 
    0.192450089729875, 0.192450089729875, 0.192450089729875, 
    0.192450089729875, 0.192450089729875, 0.192450089729875, 
    0.192450089729875, 0.192450089729875, 0.192450089729875, 
    0.192450089729875, 0.192450089729875, 0.192450089729875, 
    0.192450089729875, 0.192450089729875, 0.192450089729875, 
    0.192450089729875, 0.192450089729875, 0.192450089729875, 
    0.192450089729875, 0.192450089729875, -343.908310347287, 
    -67.2761032913922, -0.0421028710864252, -0.16101582247051, 
    0.0173536046056173, 0.136266555989702, 0.240315388450777, 
    -0.0718311089324464, -0.190744060316531, -0.0866952278554571, 
    -0.0569669900094358, 0.255179507373787, 0.165994793835724, 
    0.359228339834862, 0.284907745219808, -0.0866952278554571, 
    0.0619459613746492, -0.116423465701478, -0.38397760631567, 
    -0.0718311089324464, 0.00248948568260667, -0.428569963084701, 
    -0.175879941393521, 0.165994793835724, 0.136266555989702, 
    -0.131287584624489, 0.284907745219808, -282.709181813187, 
    -36.8030079304512, 46.9047665572452, -0.0611248653510839, 
    0.270548232368535, 0.221612896213294, -0.141002445516607, 
    0.115371580928528, -0.176809800349899, 0.0575291134291201, 
    -0.125263079326525, -0.360317310932056, 0.166739472495275, 
    0.44965606351628, 0.0751645466608243, -0.326227193683757, 
    0.230877686470715, -0.420592333842968, 0.0519486847795985, 
    -0.0338669829487023, 0.0421474061522932, -0.185538102237438, 
    0.0729108207059471, -0.0890980655799771, 0.0510545374964592, 
    0.0758798644873358, -0.0740740172164058, -293.87128701752, 
    -33.9678148766177, 8.65095721368538, 48.6211390082697, -0.0587193222030677, 
    0.083686816614506, 0.0349793870888135, 0.0898999650193316, 
    -0.160589001185979, 0.257505525574979, 0.275058221743037, 
    0.563680488069739, -0.22329697497344, -0.128997021398142, 
    -0.0275578357153437, -0.373125503892762, -0.0274975862114396, 
    0.0588222318240993, 0.0923399585590692, -0.175912621133539, 
    0.116546382071625, -0.373770335132734, -0.0128790470077565, 
    0.0349994702567816, -0.258295198339626, 0.0884128033691762, 
    -0.0259970064122555, -335.440506399173, -38.1446322939837, 
    2.79399501774129, 16.9433736810265, -36.479711813135, 0.0812892749230983, 
    -0.14581047142189, 0.10452663123928, -0.0541116618666219, 
    0.109140947644488, -0.0786925208474974, -0.290045866391337, 
    0.12291073052868, -0.524479386135571, 0.0426281205645648, 
    -0.415376334890659, 0.261294415036636, 0.0586875518273713, 
    -0.0303869572671198, 0.0426394687616735, 0.0300517964425614, 
    -0.0754831700613124, 0.285770154765615, 0.429640743106909, 
    0.140429171622168, -0.131763752497732, -0.0511357064154046, 
    -382.975678562452, -12.3443755040988, 11.0852083455286, 1.89702095288471, 
    -16.4600759798777, 43.4031264913097, -0.133910022797576, 
    -0.206745081534838, 0.112518349655594, -0.154170031355739, 
    0.0685875885620879, -0.264510090780803, 0.140278646123688, 
    0.603040525168371, 0.0501699136585359, -0.104613910644536, 
    -0.163428956433101, -0.18251489154994, -0.0340909104170918, 
    -0.095875255572869, -0.194519988351356, 0.31040548450386, 
    -0.0636911624394215, 0.102120577723544, 0.120380090322688, 
    -0.354302188161949, 0.145088554846545, -198.416042511501, 
    -5.56028152305212, 6.65876628110604, -1.2598037532204, 5.54094031825638, 
    -9.61627408169629, -38.6788872998006, -0.023086456526918, 
    -0.0144281387781413, -0.0997678475794969, -0.0940072200303151, 
    -0.318503614306513, -0.0924786522892387, -0.197428732478275, 
    0.00392417331382896, 0.249661905154854, -0.0558083857432956, 
    -0.0947889060820451, 0.0089730264516578, 0.0296854338117756, 
    0.242242213753162, 0.418395240787938, -0.243759553937287, 
    -0.172480231972683, -0.127888456223043, 0.0700665584007097, 
    -0.193702953709382), .Dim = c(27L, 7L), .Dimnames = list(
        c("2", "3", "4", "6", "7", "8", "9", "10", "11", "12", 
        "13", "14", "15", "16", "17", "18", "19", "20", "21", 
        "22", "23", "24", "25", "26", "27", "28", "29"), c("x1", 
        "x2", "x3", "x4", "x5", "x6", "x7")), assign = 1:7), 
        qraux = c(1.19245008972988, 1.06194596137465, 1.14577733656893, 
        1.12121545183186, 1.06702475408641, 1.22651062456262, 
        1.61187870897003), pivot = 1:7, tol = 1e-07, rank = 7L), .Names = c("qr", 
    "qraux", "pivot", "tol", "rank"), class = "qr"), df.residual = 20L, 
    xlevels = structure(list(), .Names = character(0)), call = quote(lm(formula = y ~ 
        . + 0, data = structure(list(y = c(63, 71, 61, 43, 58, 
        71, 72, 67, 64, 67, 69, 68, 77, 81, 74, 65, 65, 50, 50, 
        64, 53, 40, 63, 66, 78, 48, 85), x1 = c(1, 1, 1, 1, 1, 
        1, 1, 1, 1, 1, 1, 1, 1, 1, 1, 1, 1, 1, 1, 1, 1, 1, 1, 
        1, 1, 1, 1), x2 = c(64, 70, 63, 55, 67, 75, 82, 61, 53, 
        60, 62, 83, 77, 90, 85, 60, 70, 58, 40, 61, 66, 37, 54, 
        77, 75, 57, 85), x3 = c(51, 68, 45, 49, 42, 50, 72, 45, 
        53, 47, 57, 83, 54, 50, 64, 65, 46, 68, 33, 52, 52, 42, 
        42, 66, 58, 44, 71), x4 = c(54, 69, 47, 44, 56, 55, 67, 
        47, 58, 39, 42, 45, 72, 72, 69, 75, 57, 54, 34, 62, 50, 
        58, 48, 63, 74, 45, 71), x5 = c(63, 76, 54, 54, 66, 70, 
        71, 62, 58, 59, 55, 59, 79, 60, 79, 55, 75, 64, 43, 66, 
        63, 50, 66, 88, 80, 51, 77),