
expected <- structure(list(coefficients = structure(c(2.18441845085912, 0.711412812108071, 
-0.165744374068519, 0.446194344125732, 0.127313822464938, 0.00338875327525337, 
-0.229030063610911), .Names = c("x1", "x2", "x3", "x4", "x5", 
"x6", "x7")), residuals = structure(c(-5.91419084554662, 5.31338813585475, 
4.32293475435573, 1.60487061396508, 4.05480109737346, -9.64721550516981, 
-9.32689067040287, 4.72945946154092, -7.89253630920723, 8.77168938341107, 
9.82085985580847, 11.4736350519298, -2.55016560648507, -3.76261583505332, 
0.322369293830498, -3.13411540310287, -7.09618954846469, 8.51892543450823, 
-2.59384065688442, -7.76798036623687, -0.335415674410679, 4.24780434666709, 
-1.15034925111789, 2.61882643977724, -5.49471127258437, 1.29508222062716, 
2.99408686789092), .Names = c("1", "2", "3", "4", "5", "6", "7", 
"8", "9", "11", "12", "13", "14", "15", "18", "19", "20", "21", 
"22", "23", "24", "25", "26", "27", "28", "29", "30")), effects = structure(c(-218.714850726312, 
-252.755025230224, 2.25114588057089, 18.3827216896213, -0.767506280608076, 
-1.25127863703958, -8.37483659102772, 2.93209200530333, -6.40074918108517, 
9.3139442897204, 13.0995483722662, 13.9651395365434, -2.13930862280362, 
0.321592825045058, -2.86765152823775, -1.97741415929105, -4.96198761204534, 
10.0458923134821, 0.872474900675776, -8.88821257923237, -3.37785424617314, 
10.4671801235508, -1.76758125760787, 3.34237708941389, -8.56905861578631, 
4.61464186607523, 1.8382567938393), .Names = c("x1", "x2", "x3", 
"x4", "x5", "x6", "x7", "", "", "", "", "", "", "", "", "", "", 
"", "", "", "", "", "", "", "", "", "")), rank = 7L, fitted.values = structure(c(48.9141908455466, 
57.6866118641452, 66.6770652456443, 59.3951293860349, 76.9451989026265, 
52.6472155051698, 67.3268906704029, 66.2705405384591, 79.8925363092072, 
55.2283106165889, 57.1791401441915, 57.5263649480702, 70.5501656064851, 
80.7626158350533, 64.6776307061695, 68.1341154031029, 57.0961895484647, 
41.4810745654918, 66.5938406568844, 60.7679803662369, 40.3354156744107, 
58.7521956533329, 67.1503492511179, 75.3811735602228, 53.4947112725844, 
83.7049177793728, 79.0059131321091), .Names = c("1", "2", "3", 
"4", "5", "6", "7", "8", "9", "11", "12", "13", "14", "15", "18", 
"19", "20", "21", "22", "23", "24", "25", "26", "27", "28", "29", 
"30")), assign = 1:7, qr = structure(list(qr = structure(c(-8.19793558092161, 
-0.055231840487158, -0.0900429529148695, 0.107212712383174, 0.152544411062483, 
0.153814142632125, 0.0569317211128601, -0.172232030307947, 0.0767626204911639, 
0.0337499901033208, 0.363570922761806, 0.147201157263029, 0.302916392184172, 
0.168904214514126, 0.322213729190621, 0.0684165399716978, 0.363392133761754, 
0.289826719641129, 0.27187921320018, 0.0170857182774227, -0.0134714827760355, 
0.266977697223109, 0.0128129465521143, -0.0338932311820557, 0.116545194051817, 
0.32754598195622, 0.0741798388005689, -219.702064398333, -266.257399707709, 
0.343506113402449, 0.140640881841382, 0.15639833555899, 0.0688791501058891, 
0.200673343461183, 0.435857100852242, 0.239258028180545, 0.168843944872566, 
-0.100107377830136, 0.101089162504475, 0.040570554097814, 0.137997971117776, 
-0.0630861770399129, 0.20165991455017, -0.107458861847402, -0.109209986753104, 
-0.0142730948565244, 0.232586026411563, 0.1510223724848, -0.0361758153543178, 
0.277724235736667, 0.312022091334424, 0.109752256177027, 0.0260347211407374, 
0.24157002450593, -191.069739102672, -203.316730105979, -50.6918342363866, 
-0.0941203830367893, -0.11506642630489, 0.0967785688377682, -0.203612373447604, 
-0.119322385178562, 0.155628217332199, 0.231435631243302, -0.0630004256106808, 
0.149405054618511, 0.309750732585055, -0.142741226391299, 0.300799980916375, 
-0.172802458709612, 0.381757481514432, -0.0191183937189769, 0.0397273346700929, 
0.0172794583310025, 0.268006000895582, -0.0499272239087665, 0.1268704743068, 
0.00934707996404444, -0.0244567091539746, 0.0373846251773574, 
-0.494820034279997, -183.407830249593, -224.662004259833, -20.7285779946006, 
51.1456518133557, -0.072686638301009, 0.0751094469495045, -0.0894290830412932, 
0.123273649275621, 0.104953658639174, -0.158094912522475, 0.161391058527021, 
0.254292587881458, 0.599554812370455, -0.220755804444207, -0.372073365515263, 
-0.0465963993701196, 0.0384714721915945, -0.0430775731886406, 
-0.215753808257747, 0.116334393674853, -0.400378366203753, -0.0978865657618982, 
0.093967361540482, -0.20314607674945, 0.036804703086214, -0.00278525945536854, 
-0.0357015765905995, -211.624815043658, -260.772437998772, -7.26946285991657, 
25.9261069995222, 35.5199257247467, -0.00839247918825934, 0.0146017982646103, 
-0.0759780273385584, 0.238790155699285, 0.0525346639363889, -0.103302012758223, 
0.015341526606204, 0.258709604919838, 0.0798141008232238, 0.591291971542678, 
-0.181468049029151, -0.0449026562197253, -0.0237893066597515, 
0.0771182156481623, -0.0438677235354597, 0.0527881232254277, 
-0.250346023786108, -0.38878509547167, -0.00406351947756945, 
0.118729530284283, 0.251951729283454, 0.345262208192612, -262.45031904335, 
-285.382202288423, -3.34787280447359, 27.4240760938693, 27.0228705246944, 
56.278814111012, 0.113995733830199, 0.106059066395024, 0.0680802981388897, 
-0.0590366187108984, 0.179353865966897, 0.17707498621462, 0.290022999329027, 
0.266272414717582, -0.10600318194887, -0.0177998762366934, 0.177952432172157, 
-0.0749645656839407, 0.0397285556695205, -0.127524737050424, 
-0.159863361320601, 0.111012576885798, 0.372191998493556, 0.101257610341903, 
-0.340782325539225, 0.509708622309617, -0.0195532327052543, -146.228314622904, 
-163.189220098888, -17.6181325844845, 34.195790561606, 23.4958570698192, 
6.29608894985677, 36.5665382919133, -0.035992263622756, 0.414090573689777, 
0.25669386282392, -0.0704512575634046, 0.234222322338445, -0.0619226643725841, 
0.216721313694552, -0.306655953101686, 0.0857394870658815, -0.110525883396628, 
-0.0118971695894668, 0.243182429350531, 0.0918826613531711, -0.172415800939413, 
0.381130549076074, -0.461624429505593, 0.15080393883599, -0.0576447550573063, 
-0.11577825730974, -0.0248339735979459), .Dim = c(27L, 7L), .Dimnames = list(
    c("1", "2", "3", "4", "5", "6", "7", "8", "9", "11", "12", 
    "13", "14", "15", "18", "19", "20", "21", "22", "23", "24", 
    "25", "26", "27", "28", "29", "30"), c("x1", "x2", "x3", 
    "x4", "x5", "x6", "x7")), assign = 1:7), qraux = c(1.13577012503506, 
1.28981010107227, 1.29457863929824, 1.06566892727806, 1.20864412957395, 
1.34560011837934, 1.20302250019967), pivot = 1:7, tol = 1e-07, 
    rank = 7L), .Names = c("qr", "qraux", "pivot", "tol", "rank"
), class = "qr"), df.residual = 20L, xlevels = structure(list(), .Names = character(0)), 
    call = quote(lm(formula = y ~ . + 0, data = structure(list(y = c(43, 
        63, 71, 61, 81, 43, 58, 71, 72, 64, 67, 69, 68, 77, 65, 
        65, 50, 50, 64, 53, 40, 63, 66, 78, 48, 85, 82), x1 = c(1.11303473885111, 
        -0.452787070329459, -0.738166327512058, 0.878922909573136, 
        1.25054925511986, 1.26095843273285, 0.466722582194222, 
        -1.41194708943589, 0.629295017809295, 0.276680244723766, 
        2.98053100389751, 1.20674560467942, 2.48328906953103, 
        1.38466586993297, 2.64148739519323, 0.560874387357527, 
        2.97906530319251, 2.3759807772478, 2.22884827560673, 
        0.140067617792086, -0.110438347977434, 2.18866596337784, 
        0.105039710436025, -0.277854525859776, 0.955429993102805, 
        2.6852008598668, 0.608121539890213), x2 = c(51, 64, 70, 
        63, 78, 55, 67, 75, 82, 53, 60, 62, 83, 77, 60, 70, 58, 
        40, 61, 66, 37, 54, 77, 75, 57, 85, 82), x3 = c(30, 51, 
        68, 45, 56, 49, 42, 50, 72, 53, 47, 57, 83, 54, 65, 46, 
        68, 33, 52, 52, 42, 42, 66, 58, 44, 71, 39), x4 = c(39, 
        54, 69, 47, 66, 44, 56, 55, 67, 58, 39, 42, 45, 72, 75, 
        57, 54, 34, 62, 50, 58, 48, 63, 74, 45, 71, 59),