
expected <- structure(list(coefficients = structure(c(20.5869296818674, 0.526546770191949, 
-0.034754420464649, 0.258254483861399, 0.153897667025224, -0.0879941351882152, 
-0.177235535845282), .Names = c("x1", "x2", "x3", "x4", "x5", 
"x6", "x7")), residuals = structure(c(1.86288177747283, 0.805227694122594, 
0.54298290348458, -12.9480680133234, -8.31056498660316, 1.81314978716349, 
-4.69341650983163, 9.01220275612625, 6.50879006495827, 10.1121221298854, 
9.64354932977521, -2.00825802528928, 1.74586397342914, -1.05449689296872, 
-1.15521015212954, 5.97543604885821, -1.91696539698144, -6.39075003571062, 
4.26032855953264, 0.622152015910105, -10.0707830358301, -6.17500480951816, 
3.48622512132851, -3.37774183268037, 1.51142765356587, -7.38261164355298, 
7.58153151880625), .Names = c("2", "3", "4", "6", "7", "8", "9", 
"10", "11", "12", "13", "14", "15", "16", "17", "18", "19", "20", 
"21", "22", "23", "24", "25", "26", "27", "28", "29")), effects = structure(c(-333.516005501874, 
-45.8271796854879, -2.82732660593055, 9.77007444774788, -2.39921901489119, 
5.21086304101455, -6.82885080573337, 9.74570435467872, 5.48312830295356, 
13.2519449043389, 12.8528768985448, 1.6536471903936, 0.373264878898958, 
-7.47484143198253, -3.44896592210737, -3.26940133578419, -0.928918978949212, 
-5.72393270362544, 5.74507280727047, -0.302205065155193, -8.62255245068155, 
-10.8122167063729, 7.52308499681912, -1.735145755758, 1.08446824110662, 
-8.22093893898598, 6.11753255481177), .Names = c("x1", "x2", 
"x3", "x4", "x5", "x6", "x7", "", "", "", "", "", "", "", "", 
"", "", "", "", "", "", "", "", "", "", "", "")), rank = 7L, 
    fitted.values = structure(c(61.1371182225272, 70.1947723058774, 
    60.4570170965154, 55.9480680133234, 66.3105649866032, 69.1868502128365, 
    76.6934165098316, 57.9877972438738, 57.4912099350417, 56.8878778701146, 
    59.3564506702248, 70.0082580252893, 75.2541360265709, 82.0544968929687, 
    75.1552101521295, 59.0245639511418, 66.9169653969814, 56.3907500357106, 
    45.7396714404674, 63.3778479840899, 63.0707830358301, 46.1750048095182, 
    59.5137748786715, 69.3777418326804, 76.4885723464341, 55.382611643553, 
    77.4184684811938), .Names = c("2", "3", "4", "6", "7", "8", 
    "9", "10", "11", "12", "13", "14", "15", "16", "17", "18", 
    "19", "20", "21", "22", "23", "24", "25", "26", "27", "28", 
    "29")), assign = 1:7, qr = structure(list(qr = structure(c(-5.19615242270663, 
    0.192450089729875, 0.192450089729875, 0.192450089729875, 
    0.192450089729875, 0.192450089729875, 0.192450089729875, 
    0.192450089729875, 0.192450089729875, 0.192450089729875, 
    0.192450089729875, 0.192450089729875, 0.192450089729875, 
    0.192450089729875, 0.192450089729875, 0.192450089729875, 
    0.192450089729875, 0.192450089729875, 0.192450089729875, 
    0.192450089729875, 0.192450089729875, 0.192450089729875, 
    0.192450089729875, 0.192450089729875, 0.192450089729875, 
    0.192450089729875, 0.192450089729875, -343.908310347287, 
    -67.2761032913922, -0.0421028710864252, -0.16101582247051, 
    0.0173536046056173, 0.136266555989702, 0.240315388450777, 
    -0.0718311089324464, -0.190744060316531, -0.0866952278554571, 
    -0.0569669900094358, 0.255179507373787, 0.165994793835724, 
    0.359228339834862, 0.284907745219808, -0.0866952278554571, 
    0.0619459613746492, -0.116423465701478, -0.38397760631567, 
    -0.0718311089324464, 0.00248948568260667, -0.428569963084701, 
    -0.175879941393521, 0.165994793835724, 0.136266555989702, 
    -0.131287584624489, 0.284907745219808, -282.709181813187, 
    -36.8030079304512, 46.9047665572452, -0.0611248653510839, 
    0.270548232368535, 0.221612896213294, -0.141002445516607, 
    0.115371580928528, -0.176809800349899, 0.0575291134291201, 
    -0.125263079326525, -0.360317310932056, 0.166739472495275, 
    0.44965606351628, 0.0751645466608243, -0.326227193683757, 
    0.230877686470715, -0.420592333842968, 0.0519486847795985, 
    -0.0338669829487023, 0.0421474061522932, -0.185538102237438, 
    0.0729108207059471, -0.0890980655799771, 0.0510545374964592, 
    0.0758798644873358, -0.0740740172164058, -293.87128701752, 
    -33.9678148766177, 8.65095721368538, 48.6211390082697, -0.0587193222030677, 
    0.083686816614506, 0.0349793870888135, 0.0898999650193316, 
    -0.160589001185979, 0.257505525574979, 0.275058221743037, 
    0.563680488069739, -0.22329697497344, -0.128997021398142, 
    -0.0275578357153437, -0.373125503892762, -0.0274975862114396, 
    0.0588222318240993, 0.0923399585590692, -0.175912621133539, 
    0.116546382071625, -0.373770335132734, -0.0128790470077565, 
    0.0349994702567816, -0.258295198339626, 0.0884128033691762, 
    -0.0259970064122555, -335.440506399173, -38.1446322939837, 
    2.79399501774129, 16.9433736810265, -36.479711813135, 0.0812892749230983, 
    -0.14581047142189, 0.10452663123928, -0.0541116618666219, 
    0.109140947644488, -0.0786925208474974, -0.290045866391337, 
    0.12291073052868, -0.524479386135571, 0.0426281205645648, 
    -0.415376334890659, 0.261294415036636, 0.0586875518273713, 
    -0.0303869572671198, 0.0426394687616735, 0.0300517964425614, 
    -0.0754831700613124, 0.285770154765615, 0.429640743106909, 
    0.140429171622168, -0.131763752497732, -0.0511357064154046, 
    -372.390923627309, -5.56908988982131, 12.8069586819719, 9.00920346439494, 
    4.62886786331645, -49.1769751241213, 0.184697127652819, 0.343979360679715, 
    0.0460665155116689, -0.0827403003761136, 0.152441943603417, 
    -0.0227205406697174, 0.0256026863259971, -0.0791344280197511, 
    0.10635679202473, 0.170238129720127, 0.215492113264473, 0.0277208985969411, 
    -0.425541254735129, -0.0586313503422254, 0.0867404702132284, 
    -0.172457892151925, -0.355323279610163, 0.0172858366910928, 
    -0.550466725770391, 0.067517218526335, -0.141825948127811, 
    -222.664753817466, -13.9386898893224, 15.4279398067065, 25.9617311116737, 
    -20.437418117989, -4.9853300557426, 38.5298059622458, -0.0153027631079174, 
    0.366095210040492, -0.175979801316083, 0.295053686973638, 
    -0.0281679601207104, 0.147138481208867, 0.0161616096970228, 
    -0.365727450861558, -0.135132645695923, -0.0113909424928287, 
    -0.072035602000611, -0.0652775849688241, 0.197481844514043, 
    0.0789477674361127, 0.00588859149169499, 0.226790301765469, 
    -0.482726134229131, 0.0771924950686983, -0.065624461176654, 
    -0.147463948376335), .Dim = c(27L, 7L), .Dimnames = list(
        c("2", "3", "4", "6", "7", "8", "9", "10", "11", "12", 
        "13", "14", "15", "16", "17", "18", "19", "20", "21", 
        "22", "23", "24", "25", "26", "27", "28", "29"), c("x1", 
        "x2", "x3", "x4", "x5", "x6", "x7")), assign = 1:7), 
        qraux = c(1.19245008972988, 1.06194596137465, 1.14577733656893, 
        1.12121545183186, 1.06702475408641, 1.21070744082192, 
        1.44908463735685), pivot = 1:7, tol = 1e-07, rank = 7L), .Names = c("qr", 
    "qraux", "pivot", "tol", "rank"), class = "qr"), df.residual = 20L, 
    xlevels = structure(list(), .Names = character(0)), call = quote(lm(formula = y ~ 
        . + 0, data = structure(list(y = c(63, 71, 61, 43, 58, 
        71, 72, 67, 64, 67, 69, 68, 77, 81, 74, 65, 65, 50, 50, 
        64, 53, 40, 63, 66, 78, 48, 85), x1 = c(1, 1, 1, 1, 1, 
        1, 1, 1, 1, 1, 1, 1, 1, 1, 1, 1, 1, 1, 1, 1, 1, 1, 1, 
        1, 1, 1, 1), x2 = c(64, 70, 63, 55, 67, 75, 82, 61, 53, 
        60, 62, 83, 77, 90, 85, 60, 70, 58, 40, 61, 66, 37, 54, 
        77, 75, 57, 85), x3 = c(51, 68, 45, 49, 42, 50, 72, 45, 
        53, 47, 57, 83, 54, 50, 64, 65, 46, 68, 33, 52, 52, 42, 
        42, 66, 58, 44, 71), x4 = c(54, 69, 47, 44, 56, 55, 67, 
        47, 58, 39, 42, 45, 72, 72, 69, 75, 57, 54, 34, 62, 50, 
        58, 48, 63, 74, 45, 71), x5 = c(63, 76, 54, 54, 66, 70, 
        71, 62, 58, 59, 55, 59, 79, 60, 79, 55, 75, 64, 43, 66, 
        63, 50, 66, 88, 80, 51, 77),