
expected <- structure(list(coefficients = structure(c(44.6674448772916, -0.263153473266719, 
0.201111496585659, 0.164120953546086, 0.562788526901521, -0.0697001585871307, 
-0.339576837184341), .Names = c("x1", "x2", "x3", "x4", "x5", 
"x6", "x7")), residuals = structure(c(-4.6679780342514, -5.72457152436774, 
4.28640436537987, -10.4890777896572, -9.82439584639074, 4.79873488526312, 
-0.210982005737491, 5.17437527952476, -1.21921910341759, 12.0920470627049, 
6.3240248380746, 0.933719130866215, -3.2908823210981, 10.6286688094934, 
3.89194853485945, 3.36931740373396, 3.43048562808396, -9.86659851338317, 
6.16128724257984, -3.15691318757208, -13.4363243526522, -7.79235009546811, 
1.03408173652013, -0.480484954916978, 0.523067081173069, -2.38900461807121, 
9.90062034872673), .Names = c("2", "3", "4", "6", "7", "8", "9", 
"10", "11", "12", "13", "14", "15", "16", "17", "18", "19", "20", 
"21", "22", "23", "24", "25", "26", "27", "28", "29")), effects = structure(c(-333.516005501874, 
-30.5157577137448, 21.1772008413234, -13.2268632501378, -17.456092155212, 
-4.74689859577495, -14.1562292033181, 5.1907031595446, -2.69194204732607, 
10.8619640161702, 0.51638495172809, -4.53703629195, 1.11056063111729, 
10.06331083596, 10.3034945353884, 6.07946835607567, 10.8891645954253, 
-8.54112213262623, 2.06318059640287, -0.345651116570131, -14.2115401746138, 
-6.84456718752155, 2.59646027119855, 8.16247432145029, 6.58767634432849, 
-2.04245500200072, 13.6926707484399), .Names = c("x1", "x2", 
"x3", "x4", "x5", "x6", "x7", "", "", "", "", "", "", "", "", 
"", "", "", "", "", "", "", "", "", "", "", "")), rank = 7L, 
    fitted.values = structure(c(67.6679780342514, 76.7245715243677, 
    56.7135956346201, 53.4890777896572, 67.8243958463907, 66.2012651147369, 
    72.2109820057375, 61.8256247204752, 65.2192191034176, 54.9079529372951, 
    62.6759751619254, 67.0662808691338, 80.2908823210981, 70.3713311905066, 
    70.1080514651405, 61.630682596266, 61.569514371916, 59.8665985133832, 
    43.8387127574202, 67.1569131875721, 66.4363243526522, 47.7923500954681, 
    61.9659182634799, 66.480484954917, 77.4769329188269, 50.3890046180712, 
    75.0993796512733), .Names = c("2", "3", "4", "6", "7", "8", 
    "9", "10", "11", "12", "13", "14", "15", "16", "17", "18", 
    "19", "20", "21", "22", "23", "24", "25", "26", "27", "28", 
    "29")), assign = 1:7, qr = structure(list(qr = structure(c(-5.19615242270663, 
    0.192450089729875, 0.192450089729875, 0.192450089729875, 
    0.192450089729875, 0.192450089729875, 0.192450089729875, 
    0.192450089729875, 0.192450089729875, 0.192450089729875, 
    0.192450089729875, 0.192450089729875, 0.192450089729875, 
    0.192450089729875, 0.192450089729875, 0.192450089729875, 
    0.192450089729875, 0.192450089729875, 0.192450089729875, 
    0.192450089729875, 0.192450089729875, 0.192450089729875, 
    0.192450089729875, 0.192450089729875, 0.192450089729875, 
    0.192450089729875, 0.192450089729875, -342.561159719178, 
    71.6229841032322, -0.059453982543313, -0.394541947677636, 
    0.0662040043820579, -0.115301976732367, -0.282845959299528, 
    0.0662040043820579, 0.0103560101930041, -0.185111969468684, 
    -0.115301976732367, -0.0734159810905765, 0.303557979685536, 
    0.122051998571112, -0.0036059883542593, 0.149975995665639, 
    -0.324731954941318, -0.213035966563211, -0.282845959299528, 
    0.0243180087402676, 0.108090000023848, -0.324731954941318, 
    -0.185111969468684, -0.282845959299528, 0.122051998571112, 
    -0.226997965110474, 0.0662040043820579, -282.709181813187, 
    -10.1529584991471, 58.7489229878567, -0.0592007427157819, 
    0.225641112578313, 0.0241962958169769, -0.410529830511923, 
    0.174576346665581, 0.0183199121308964, 0.0501564049371245, 
    -0.0949548246460636, -0.522453335147521, 0.106737882022172, 
    0.109552128911762, -0.17393849424097, -0.135729837934862, 
    0.0169686799895338, -0.317338819169031, 0.253312126353588, 
    0.0403624321269904, 0.0704880202780912, 0.0850550345398426, 
    0.135264348125011, -0.30840029868646, -0.0266205801888552, 
    0.0861583767743058, -0.267984957911426, -293.87128701752, 
    -29.4582656015539, 23.0948972640726, -46.8134913756377, 0.073153638808439, 
    0.0799642884373128, 0.220906989612953, -0.148122553544261, 
    0.0419381300086324, -0.192190088770651, -0.265455920074097, 
    -0.477274596157416, 0.16078781461872, 0.305055515628663, 
    0.178612782711556, 0.207778589835993, 0.283196122090327, 
    -0.0586956863033508, -0.106707015643649, 0.128937521215886, 
    -0.176123056946994, 0.343256048132202, 0.048435384916848, 
    0.193509380128237, 0.270381117034025, -0.0106358776870124, 
    0.11300951003803, -335.440506399173, -14.6306231443602, 23.5977905428853, 
    -24.9433507649998, -41.0802272046136, 0.177830219575604, 
    -0.0834668832149784, 0.10732451731001, -0.168437242040128, 
    0.110247702685555, -0.0892880939982173, -0.203745635635922, 
    0.178899499840484, -0.256331926600512, 0.143838903239826, 
    -0.514504092734705, 0.304341196820983, -0.0804143318299237, 
    -0.127218624645006, -0.0117533265182594, 0.0500393359328263, 
    -0.288043466529227, 0.213839642047501, 0.416393157565693, 
    0.153239264074507, -0.131345509846367, 0.024776204168044, 
    -382.975678562452, -11.4152265900311, 14.610666779538, 1.41540779447446, 
    -16.0164188371867, 42.7939434522262, -0.441878799733955, 
    -0.0428346348519267, 0.102244867558555, 0.00222160485091411, 
    0.286875032218611, 0.0677706012826862, 0.0349649528837574, 
    0.325770592012353, -0.158576555838159, -0.271722253871543, 
    -0.472694324875921, -0.180724333114518, 0.0867678442089789, 
    -0.19644883183115, -0.017619259674885, 0.01787065699731, 
    -0.10225495696223, -0.15956920804125, -0.119209964350575, 
    -0.36055500111556, -0.00213094424345626, -222.664753817466, 
    -7.79493207783147, 19.7022847206746, -25.3041327708442, -13.3903169097309, 
    5.19515396048171, 41.6878528014364, -0.0626595638588343, 
    0.18981554152739, -0.081164006480895, 0.285463142498601, 
    0.23421435162204, 0.0514349203142234, 0.175189196645528, 
    -0.233257734545518, -0.227892023405202, 0.112724644880851, 
    -0.0786125944488317, -0.053796116504185, 0.133614024874163, 
    0.0779130494724064, -0.168804302344534, 0.203840280296887, 
    -0.386641468419032, 0.082969655417155, 0.0623406505026811, 
    -0.047126423747545), .Dim = c(27L, 7L), .Dimnames = list(
        c("2", "3", "4", "6", "7", "8", "9", "10", "11", "12", 
        "13", "14", "15", "16", "17", "18", "19", "20", "21", 
        "22", "23", "24", "25", "26", "27", "28", "29"), c("x1", 
        "x2", "x3", "x4", "x5", "x6", "x7")), assign = 1:7), 
        qraux = c(1.19245008972988, 1.14997599566564, 1.12938796443893, 
        1.0170779909948, 1.12418333941483, 1.12745593541519, 
        1.63182067710859), pivot = 1:7, tol = 1e-07, rank = 7L), .Names = c("qr", 
    "qraux", "pivot", "tol", "rank"), class = "qr"), df.residual = 20L, 
    xlevels = structure(list(), .Names = character(0)), call = quote(lm(formula = y ~ 
        . + 0, data = structure(list(y = c(63, 71, 61, 43, 58, 
        71, 72, 67, 64, 67, 69, 68, 77, 81, 74, 65, 65, 50, 50, 
        64, 53, 40, 63, 66, 78, 48, 85), x1 = c(1, 1, 1, 1, 1, 
        1, 1, 1, 1, 1, 1, 1, 1, 1, 1, 1, 1, 1, 1, 1, 1, 1, 1, 
        1, 1, 1, 1), x2 = c(40, 51, 66, 90, 57, 70, 82, 57, 61, 
        75, 70, 67, 40, 53, 62, 51, 85, 77, 82, 60, 54, 85, 75, 
        82, 53, 78, 57), x3 = c(51, 68, 45, 49, 42, 50, 72, 45, 
        53, 47, 57, 83, 54, 50, 64, 65, 46, 68, 33, 52, 52, 42, 
        42, 66, 58, 44, 71), x4 = c(54, 69, 47, 44, 56, 55, 67, 
        47, 58, 39, 42, 45, 72, 72, 69, 75, 57, 54, 34, 62, 50, 
        58, 48, 63, 74, 45, 71), x5 = c(63, 76, 54, 54, 66, 70, 
        71, 62, 58, 59, 55, 59, 79, 60, 79, 55, 75, 64, 43, 66, 
        63, 50, 66, 88, 80, 51, 77),