
expected <- structure(list(coefficients = structure(c(20.8169098180598, -0.232698355821337, 
0.169165593130848, 0.460161693952028, 0.5594999408032, 0.1408630683095, 
-0.532252925477522), .Names = c("x1", "x2", "x3", "x4", "x5", 
"x6", "x7")), residuals = structure(c(-9.08300593052949, 0.0589168459940115, 
-3.07814080903696, 1.02290136328669, 10.2277871040002, -9.08294119216957, 
-7.27886702971936, 2.34204015231582, -14.8763396482911, -2.06968747519721, 
12.8686073280494, 8.46410315678978, 5.12474274697443, 0.805565863610334, 
4.85771780924184, -1.82758876532566, -10.6962751990521, 6.87303878958875, 
-0.737857054268825, -5.50293682723829, -9.87504514743177, 2.14425946263137, 
-3.32759674967937, 1.57037258214543, -5.3772027861347, 11.5582861110639, 
14.8951452983825), .Names = c("1", "2", "3", "4", "5", "6", "7", 
"8", "9", "11", "12", "13", "14", "15", "18", "19", "20", "21", 
"22", "23", "24", "25", "26", "27", "28", "29", "30")), effects = structure(c(-330.436804066196, 
0.54063978613106, -28.2876765899133, 27.4848281538947, 18.1271882183355, 
4.15887155831046, -21.3762270436933, 7.20327019438786, -12.6948543685544, 
-1.34814363655669, 15.1422087637074, 11.5489660360655, 6.46468274175912, 
4.88623980508172, -1.66267919402921, 2.00984574273637, -10.3113423268938, 
6.21878897548554, 0.273432357250987, -3.54421637066264, -11.9623110585765, 
6.43194160934717, 2.7638001588689, 5.32271597467437, -7.47884772687526, 
14.4280233369841, 15.9878722275238), .Names = c("x1", "x2", "x3", 
"x4", "x5", "x6", "x7", "", "", "", "", "", "", "", "", "", "", 
"", "", "", "", "", "", "", "", "", "")), rank = 7L, fitted.values = structure(c(52.0830059305295, 
62.941083154006, 74.078140809037, 59.9770986367133, 70.7722128959998, 
52.0829411921696, 65.2788670297194, 68.6579598476842, 86.8763396482911, 
66.0696874751972, 54.1313926719506, 60.5358968432102, 62.8752572530256, 
76.1944341363897, 60.1422821907582, 66.8275887653257, 60.6962751990521, 
43.1269612104113, 64.7378570542688, 58.5029368272383, 49.8750451474318, 
60.8557405373686, 69.3275967496794, 76.4296274178546, 53.3772027861347, 
73.4417138889361, 67.1048547016175), .Names = c("1", "2", "3", 
"4", "5", "6", "7", "8", "9", "11", "12", "13", "14", "15", "18", 
"19", "20", "21", "22", "23", "24", "25", "26", "27", "28", "29", 
"30")), assign = 1:7, qr = structure(list(qr = structure(c(-5.19615242270663, 
0.192450089729875, 0.192450089729875, 0.192450089729875, 0.192450089729875, 
0.192450089729875, 0.192450089729875, 0.192450089729875, 0.192450089729875, 
0.192450089729875, 0.192450089729875, 0.192450089729875, 0.192450089729875, 
0.192450089729875, 0.192450089729875, 0.192450089729875, 0.192450089729875, 
0.192450089729875, 0.192450089729875, 0.192450089729875, 0.192450089729875, 
0.192450089729875, 0.192450089729875, 0.192450089729875, 0.192450089729875, 
0.192450089729875, 0.192450089729875, -352.953464564591, 52.1330207435925, 
-0.28211833738524, 0.178242479188961, -0.0519379290981394, -0.0519379290981394, 
-0.0519379290981394, 0.254969281951328, 0.312514384023103, 0.120697377117186, 
0.120697377117186, 0.00560717297363569, -0.186209833932281, -0.147846432551098, 
-0.0519379290981394, -0.147846432551098, 0.00560717297363569, 
0.101515676426594, -0.339663439457015, -0.435571942909973, 0.0823339757360025, 
-0.28211833738524, 0.197424179879553, -0.186209833932281, 0.00560717297363569, 
-0.0519379290981394, 0.178242479188961, -276.165878762371, 8.73335728109044, 
-63.8054533563412, -0.053943140004718, 0.0988157091500202, -0.0108927817669919, 
-0.120601272684004, 0.0309668037933367, 0.380674970104088, 0.0665279404717257, 
-0.0275079088857133, 0.119398402709735, 0.510520243258165, 0.0592870060306378, 
0.239869483186179, -0.0660941264459475, 0.29179745986504, -0.248561574719785, 
0.0115748829110194, 0.00339146291078329, -0.109144484683674, 
-0.140241480684571, 0.276819016746366, 0.118704204268836, -0.0843459375647161, 
0.333905332543618, -0.147978989362157, -289.252484864003, 8.657340911687, 
-28.4415451436804, 51.0502591391936, -0.183776225963217, 0.174549988433146, 
-0.133134128426511, -0.0481826163084998, -0.0583118482194779, 
-0.0681101479395003, 0.241824969993752, 0.293417010677229, 0.515409686131656, 
-0.316546129441491, -0.266702389348613, -0.105714210127906, 0.172474271829378, 
0.195626446447627, -0.130389032995775, 0.110183810309861, -0.180025729566487, 
0.0367990810915677, -0.0355923694643739, -0.312020974367817, 
0.0997826202049354, -0.126101106726322, -0.236248205173614, -334.478255950523, 
8.68433737932565, -21.5604627045349, 28.186677501388, 39.5415760937453, 
0.103977053351098, -0.00947812890995444, -0.142647212527468, 
0.0512186620760102, 0.224727005472949, -0.121334841277326, 0.0503249053554367, 
0.0445101083858517, -0.0522736436613949, 0.609287484781727, -0.208157013529102, 
0.0337096570976569, 0.185968982325854, 0.124525265054069, 0.00997146834133394, 
0.417332325747081, -0.122985492742549, -0.442452384122268, -0.0367718293792744, 
0.185883451240809, -0.00615812078526271, 0.0685396615418562, 
-390.673682151647, 9.23350236576377, -5.76157310708484, 9.30183421711648, 
13.0887882121858, 44.517190913186, 0.216037757995401, 0.241615052392389, 
-0.126607190947445, 0.183552292701492, 0.0737610786010066, 0.340826543744886, 
0.145119680595002, 0.0835361239776155, -0.108768137109211, -0.0919634738600923, 
0.0424631602964172, 0.198476950185738, 0.0139396096601031, 0.0548497358177757, 
0.346250129334751, 0.130996592063961, 0.139263748837057, 0.0784993396197582, 
-0.171933809508828, 0.167668228003641, -0.0837100057489387, -220.932703009897, 
-1.97500473777203, -15.9104636756232, 24.5884507985371, 10.9723175840929, 
3.96795667087398, 40.1617840324977, 0.153700745071657, 0.537716133444727, 
0.225888087219453, -0.100148007881863, 0.229609711047134, -0.0197508940252678, 
0.182930705665885, -0.317164248702227, 0.0351039770576042, -0.243655847057361, 
-0.0782195924572447, 0.070176327759525, 0.0069834063085103, -0.222337301559984, 
0.154730908221777, -0.417779548923427, 0.121685107945363, -0.0365929273925797, 
-0.0772897004498668, 0.217218985320456), .Dim = c(27L, 7L), .Dimnames = list(
    c("1", "2", "3", "4", "5", "6", "7", "8", "9", "11", "12", 
    "13", "14", "15", "18", "19", "20", "21", "22", "23", "24", 
    "25", "26", "27", "28", "29", "30"), c("x1", "x2", "x3", 
    "x4", "x5", "x6", "x7")), assign = 1:7), qraux = c(1.19245008972988, 
1.3125143840231, 1.26724719986433, 1.06106139068539, 1.0455313696871, 
1.63530602647586, 1.22383753815221), pivot = 1:7, tol = 1e-07, 
    rank = 7L), .Names = c("qr", "qraux", "pivot", "tol", "rank"
), class = "qr"), df.residual = 20L, xlevels = structure(list(), .Names = character(0)), 
    call = quote(lm(formula = y ~ . + 0, data = structure(list(y = c(43, 
        63, 71, 61, 81, 43, 58, 71, 72, 64, 67, 69, 68, 77, 65, 
        65, 50, 50, 64, 53, 40, 63, 66, 78, 48, 85, 82), x1 = c(1, 
        1, 1, 1, 1, 1, 1, 1, 1, 1, 1, 1, 1, 1, 1, 1, 1, 1, 1, 
        1, 1, 1, 1, 1, 1, 1, 1), x2 = c(64, 51, 82, 58, 70, 70, 
        70, 54, 51, 61, 61, 67, 77, 75, 70, 75, 67, 62, 85, 90, 
        63, 82, 57, 77, 67, 70, 58), x3 = c(30, 51, 68, 45, 56, 
        49, 42, 50, 72, 53, 47, 57, 83, 54, 65, 46, 68, 33, 52, 
        52, 42, 42, 66, 58, 44, 71, 39), x4 = c(39, 54, 69, 47, 
        66, 44, 56, 55, 67, 58, 39, 42, 45, 72, 75, 57, 54, 34, 
        62, 50, 58, 48, 63, 74, 45, 71, 59), x5 = c(61, 63, 76, 
        54, 71, 54, 66, 70, 71, 58, 59, 55, 59, 79, 55, 75, 64, 
        43, 66, 63, 50, 66, 88, 80, 51, 77, 64), x6 = c(92, 73, 
        86, 84, 83, 49, 68, 66, 83, 67, 74, 63, 77, 77, 80, 85, 
        78, 64, 80, 80, 57, 75, 76, 78, 83, 74, 78), x7 = c(45, 
        47, 48, 35, 47, 34, 35, 41, 31, 34, 41, 25, 35, 46, 60, 
        46, 52, 33, 41, 37, 49, 33, 72, 49, 38, 55, 39)), .Names = c("y", 
        "x1", "x2", "x3", "x4", "x5", "x6", "x7"),