
expected <- structure(list(coefficients = structure(c(13.5898581099704, 0.792820018050379, 
0.0890048635808618, -0.100575973535939, 0.07084801794666, 0.0309851305170909, 
-0.172962469787838), .Names = c("x1", "x2", "x3", "x4", "x5", 
"x6", "x7")), residuals = structure(c(-6.44486064645951, 0.941084594129795, 
0.323874496323636, 5.63908790358603, -10.8786436888224, -7.74517263586866, 
0.223493001487244, -8.30984613765214, 8.00156586196681, 7.29142131871062, 
9.41713488394175, 6.59712325582972, 1.45262597732394, -0.648710084248437, 
-4.29237550095363, 6.88556816281266, -1.53453267455625, -6.64307260636292, 
4.79917155986571, -13.3597856411679, 0.92954747014762, 5.49002714255187, 
-6.22217533448577, 7.61945989375887, -9.58218327647112, 4.89693641062047, 
5.15323629399199), .Names = c("1", "3", "4", "5", "6", "7", "8", 
"9", "10", "11", "12", "13", "15", "16", "17", "18", "19", "20", 
"22", "23", "24", "25", "26", "27", "28", "29", "30")), effects = structure(c(-338.327257745121, 
-53.1510040063286, 2.38481266822958, -4.8485529637611, -0.685614586091134, 
0.80204579432516, 7.04798058321588, -4.9877535436649, 9.19136632105093, 
9.99828640886437, 11.8065128191301, 12.2604276041144, 1.0944981964236, 
4.20043792770059, -4.53183066133329, 7.70174495506776, -1.82837361312808, 
-3.87463074800554, 6.85508599122678, -12.4669364332214, 3.60829289093805, 
6.10633951222583, -7.26646368918936, 9.15333230334303, -9.26452093329755, 
6.43252625190395, 5.00485026857656), .Names = c("x1", "x2", "x3", 
"x4", "x5", "x6", "x7", "", "", "", "", "", "", "", "", "", "", 
"", "", "", "", "", "", "", "", "", "")), rank = 7L, fitted.values = structure(c(49.4448606464595, 
70.0589154058702, 60.6761255036764, 75.360912096414, 53.8786436888224, 
65.7451726358687, 70.7765069985128, 80.3098461376521, 58.9984341380332, 
56.7085786812894, 57.5828651160583, 62.4028767441703, 75.5473740226761, 
81.6487100842484, 78.2923755009536, 58.1144318371873, 66.5345326745562, 
56.6430726063629, 59.2008284401343, 66.3597856411679, 39.0704525298524, 
57.5099728574481, 72.2221753344858, 70.3805401062411, 57.5821832764711, 
80.1030635893795, 76.846763706008), .Names = c("1", "3", "4", 
"5", "6", "7", "8", "9", "10", "11", "12", "13", "15", "16", 
"17", "18", "19", "20", "22", "23", "24", "25", "26", "27", "28", 
"29", "30")), assign = 1:7, qr = structure(list(qr = structure(c(-5.19615242270663, 
0.192450089729875, 0.192450089729875, 0.192450089729875, 0.192450089729875, 
0.192450089729875, 0.192450089729875, 0.192450089729875, 0.192450089729875, 
0.192450089729875, 0.192450089729875, 0.192450089729875, 0.192450089729875, 
0.192450089729875, 0.192450089729875, 0.192450089729875, 0.192450089729875, 
0.192450089729875, 0.192450089729875, 0.192450089729875, 0.192450089729875, 
0.192450089729875, 0.192450089729875, 0.192450089729875, 0.192450089729875, 
0.192450089729875, 0.192450089729875, -348.527112500804, -64.4348651884355, 
-0.0229669383926948, 0.209826285526274, -0.147123324482811, 0.0391112546523634, 
0.16326764074248, 0.271904478571332, -0.0540060349152239, -0.17816242100534, 
-0.0695255831764885, -0.0384864866539594, 0.194306737265009, 
0.396060864661448, 0.318463123355125, -0.0695255831764885, 0.0856698994361571, 
-0.100564679699018, -0.0540060349152239, 0.0235917063910989, 
-0.426475193185573, -0.162642872744076, 0.194306737265009, 0.16326764074248, 
-0.116084227960282, 0.318463123355125, 0.271904478571332, -274.626278044532, 
-24.9910710853059, 49.1208079475144, 0.0332697122450195, -0.1175759361763, 
0.17798279240609, 0.117154307922394, -0.241440185980785, 0.0403824137808932, 
-0.224516643047355, -0.0130879396546342, -0.191158831431529, 
0.0612312441374779, 0.308470469495412, -0.0403131830102102, -0.37953142363057, 
0.134814139392708, -0.466114159169628, -0.102123385543082, -0.0383513316854092, 
-0.204649530739946, 0.0121754523761407, -0.183064411846479, -0.0457094627335769, 
0.00972274202675147, -0.182818982334185, 0.430372867975097, -301.184390427255, 
-6.9694267654753, -7.33541655611563, 63.075999536051, -0.211854703724123, 
0.133846872013948, -0.0822600194350199, -0.243219690359226, -0.107320746468952, 
0.26562671997071, -0.185657847848562, -0.208825955199511, 0.327227268094412, 
-0.166808705445746, 0.0356021045511733, 0.0700572523227256, -0.0721487469639829, 
-0.286666174309629, -0.260657464169442, 0.181491730113739, 0.207820900067292, 
0.335010451224811, 0.17534155809446, -0.257501982521294, 0.204533104341152, 
0.009096512141494, 0.194283375467331, -341.406459180799, -33.9194097202031, 
10.8534948345161, -9.75141475510079, 35.1882769401083, -0.0587189441230015, 
-0.0314194575053511, 0.238318204677499, -0.021711621983381, 0.16033552957655, 
0.0608554748731898, 0.305863142723555, -0.145663897699924, 0.405231779504042, 
0.00431154010405867, 0.424350165066976, -0.272855988396784, 0.115788660988233, 
-0.0838520907036818, 0.137104772048689, 0.0738799782066857, -0.167776328211186, 
-0.29305961954955, -0.256709294290627, 0.291130229396245, 0.135571204787489, 
0.142803455324382, -390.481232061917, -5.97042769591686, 1.69755370724668, 
-5.2477970908553, 17.5647692735299, 48.3406580220741, 0.313515212133596, 
-0.266865217826793, -0.0520752350097541, 0.0684821046759496, 
-0.00959063985417104, 0.0212311087691442, 0.227791317809198, 
0.300062979315181, 0.0597042277638514, -0.410508181331529, 0.0855900675185648, 
-0.196768892115673, -0.0375206086656614, -0.122198736871694, 
0.268659842536871, 0.186496298286008, 0.318509783988205, 0.198884355248192, 
-0.331235535863213, 0.0471562363123556, 0.0262570756423545, -225.743955253144, 
-11.8276201693348, 20.5044038044349, -13.5801089367705, 21.5242123639047, 
4.02281376199329, -40.748612065156, -0.40923356998294, -0.0130579881378529, 
-0.285039799481003, 0.0410927468086547, -0.314428873709034, -0.110909349107351, 
0.240097247406825, 0.336176790901051, 0.32769207393787, -0.015627379788819, 
0.0442675261430112, -0.0982532475040614, -0.192982190704716, 
0.193807612645316, -0.357565349919546, 0.337345914223594, -0.000678078224986947, 
-0.042027823735745, 0.13226563611845, 0.109429239480008), .Dim = c(27L, 
7L), .Dimnames = list(c("1", "3", "4", "5", "6", "7", "8", "9", 
"10", "11", "12", "13", "15", "16", "17", "18", "19", "20", "22", 
"23", "24", "25", "26", "27", "28", "29", "30"), c("x1", "x2", 
"x3", "x4", "x5", "x6", "x7")), assign = 1:7), qraux = c(1.19245008972988, 
1.08566989943616, 1.06589123532396, 1.22282004396278, 1.16494288751267, 
1.29250983242414, 1.02567115543802), pivot = 1:7, tol = 1e-07, 
    rank = 7L), .Names = c("qr", "qraux", "pivot", "tol", "rank"
), class = "qr"), df.residual = 20L, xlevels = structure(list(), .Names = character(0)), 
    call = quote(lm(formula = y ~ . + 0, data = structure(list(y = c(43, 
        71, 61, 81, 43, 58, 71, 72, 67, 64, 67, 69, 77, 81, 74, 
        65, 65, 50, 64, 53, 40, 63, 66, 78, 48, 85, 82), x1 = c(1, 
        1, 1, 1, 1, 1, 1, 1, 1, 1, 1, 1, 1, 1, 1, 1, 1, 1, 1, 
        1, 1, 1, 1, 1, 1, 1, 1), x2 = c(51, 70, 63, 78, 55, 67, 
        75, 82, 61, 53, 60, 62, 77, 90, 85, 60, 70, 58, 61, 66, 
        37, 54, 77, 75, 57, 85, 82), x3 = c(30, 68, 45, 56, 49, 
        42, 50, 72, 45, 53, 47, 57, 54, 50, 64, 65, 46, 68, 52, 
        52, 42, 42, 66, 58, 44, 71, 39), x4 = c(66, 48, 72, 45, 
        71, 54, 66, 69, 67, 39, 71, 69, 39, 74, 55, 48, 66, 69, 
        74, 47, 44, 39, 44, 74, 47, 54, 54), x5 = c(61, 76, 54, 
        71, 54, 66, 70, 71, 62, 58, 59, 55, 79, 60, 79, 55, 75, 
        64, 66, 63, 50, 66, 88, 80, 51, 77, 64), x6 = c(92, 86, 
        84, 83, 49, 68, 66, 83, 80, 67, 74, 63, 77, 54, 79, 80, 
        85, 78, 80, 80, 57, 75, 76, 78, 83, 74, 78), x7 = c(45, 
        48, 35, 47, 34, 35, 41, 31, 41, 34, 41, 25, 46, 36, 63, 
        60, 46, 52, 41, 37, 49, 33, 72, 49, 38, 55, 39)), .Names = c("y", 
        "x1", "x2", "x3", "x4", "x5", "x6", "x7"),