
expected <- structure(list(coefficients = structure(c(19.9503388193032, -0.478672725468397, 
0.281446518425712, 0.881197679085468, 0.590975113390526, 0.226311485850898, 
-0.974657195199975), .Names = c("x1", "x2", "x3", "x4", "x5", 
"x6", "x7")), residuals = structure(c(-2.1359542575365, -2.41975936706157, 
-7.23352947199896, -2.07852409087509, 5.70250191005058, -5.8703996121193, 
-9.89160852881835, -1.98408091529338, 2.59615503832537, -9.07851492111255, 
5.67315475013787, 3.71299018502197, 6.83988876320615, 8.93000596314623, 
2.04378394185074, -0.950070787044966, -9.39483313944949, 12.7467364341319, 
-1.68096356457326, -1.83893122883399, -7.4144840738601, 4.36855081812992, 
0.212917685277419, -3.7971676820661, -3.80341927344047, 7.36302599215228, 
9.3825294326536), .Names = c("1", "2", "3", "4", "5", "6", "7", 
"8", "10", "11", "13", "14", "16", "17", "18", "19", "20", "21", 
"22", "23", "24", "25", "26", "27", "28", "29", "30")), effects = structure(c(-331.591504604575, 
4.88040523668671, -26.7167825215947, 32.3845043122352, 13.3644672751257, 
0.321717812121182, -33.1097410391323, 2.7022992567277, 4.60911655552054, 
-6.77064969871727, 9.90327536749279, 7.69230244232478, 7.3881258722657, 
8.97378071465254, -3.4118395729399, 0.442009186154789, -8.82602910322464, 
10.2187563955873, -2.11072274887482, -2.15074889828762, -11.5958670826086, 
5.90802127558794, 3.46686139201527, -1.15583629122002, -5.99362084287508, 
10.2318219507506, 10.5556536048851), .Names = c("x1", "x2", "x3", 
"x4", "x5", "x6", "x7", "", "", "", "", "", "", "", "", "", "", 
"", "", "", "", "", "", "", "", "", "")), rank = 7L, fitted.values = structure(c(45.1359542575365, 
65.4197593670616, 78.233529471999, 63.0785240908751, 75.2974980899494, 
48.8703996121193, 67.8916085288184, 72.9840809152934, 64.4038449616746, 
73.0785149211126, 63.3268452498621, 64.287009814978, 74.1601112367939, 
65.0699940368538, 62.9562160581493, 65.950070787045, 59.3948331394495, 
37.2532635658681, 65.6809635645733, 54.838931228834, 47.4144840738601, 
58.6314491818701, 65.7870823147226, 81.7971676820661, 51.8034192734405, 
77.6369740078477, 72.6174705673464), .Names = c("1", "2", "3", 
"4", "5", "6", "7", "8", "10", "11", "13", "14", "16", "17", 
"18", "19", "20", "21", "22", "23", "24", "25", "26", "27", "28", 
"29", "30")), assign = 1:7, qr = structure(list(qr = structure(c(-5.19615242270663, 
0.192450089729875, 0.192450089729875, 0.192450089729875, 0.192450089729875, 
0.192450089729875, 0.192450089729875, 0.192450089729875, 0.192450089729875, 
0.192450089729875, 0.192450089729875, 0.192450089729875, 0.192450089729875, 
0.192450089729875, 0.192450089729875, 0.192450089729875, 0.192450089729875, 
0.192450089729875, 0.192450089729875, 0.192450089729875, 0.192450089729875, 
0.192450089729875, 0.192450089729875, 0.192450089729875, 0.192450089729875, 
0.192450089729875, 0.192450089729875, -356.032666000269, 52.3711823500362, 
-0.27134631502371, 0.186920978610981, -0.0422126682063645, -0.0422126682063645, 
-0.0422126682063645, 0.26329886088343, 0.320582272587766, 0.129637566906645, 
0.015070743497972, -0.17587396218315, -0.137685021046925, -0.17587396218315, 
-0.0422126682063645, -0.137685021046925, 0.015070743497972, 0.110543096338533, 
-0.328629726728047, -0.424102079568607, 0.0914486257704205, -0.27134631502371, 
0.206015449179093, -0.17587396218315, 0.015070743497972, -0.0422126682063645, 
0.186920978610981, -273.471577506153, 18.1050941116384, -60.1040919031725, 
-0.0283014548246919, 0.108287075481411, -0.00817754079258529, 
-0.124642157066582, 0.0703633218886978, -0.00121886591875535, 
0.0931941399573311, 0.136531701623098, 0.530425149346603, -0.0108844448291119, 
0.214306905174327, 0.258027296405121, -0.0774356541285384, 0.319547527196521, 
-0.243430847812078, -0.0162982529021652, -0.0356429592635485, 
-0.0975595681606451, -0.171069452333901, 0.324961335269574, 0.114480091225188, 
-0.0797597286000384, 0.35785411035426, -0.128128268773832, -291.176985761301, 
15.0747309122177, -24.2319765989205, 50.1849256350606, -0.180891054349667, 
0.189433509506964, -0.117736205441247, -0.0500695018733714, 0.0550991609925081, 
-0.0675417534628251, 0.301430520287761, 0.513196248435497, -0.349394787214425, 
-0.149753243700023, -0.272729663179396, -0.089388302238861, 0.169257029400303, 
0.21812648435351, -0.111915427683097, 0.136586355859274, -0.170729428097282, 
0.0642009868504217, -0.0482960278132353, -0.307716829975888, 
0.115265451512738, -0.134692379221321, -0.229207923487427, -332.938655232684, 
10.9022354917784, -21.1525488677709, 23.7921960681401, 41.4185247900671, 
0.102304493159657, -0.0414717111935907, -0.13314717766946, -0.0685779652822625, 
0.210531612875901, 0.0740073654288741, 0.104245448985909, 0.353937301974452, 
-0.102323670206729, 0.561480688089124, -0.230415252526187, 0.0587931956596705, 
0.175144448945707, 0.0792876017391763, -0.0141633006930004, 0.37013804653015, 
-0.148774240842169, -0.404852170217072, -0.0752702549154643, 
0.171988143696865, -0.00689832041187527, 0.0348558509340467, 
-386.632230267319, 7.79620161269887, -3.47602140798386, 0.99304883084921, 
20.4747908906436, 47.6387639019724, 0.176653714839539, 0.229613734720367, 
-0.0904030878338695, 0.131841916097164, 0.341572011340629, 0.171055358875177, 
0.353291764208252, 0.039833419908451, -0.217996494260474, -0.0931147334831955, 
0.0410315008250017, 0.197613355929935, -0.0382929271198267, 0.0424891702883725, 
0.254486841596112, 0.12580550719542, 0.154033200541844, 0.0126283491162318, 
-0.170959492294064, 0.116058295413208, -0.117490419583216, -225.166604983954, 
-3.44973434930559, -25.4856374979489, 26.8029312631379, 16.1559680015185, 
10.731446586703, 33.9706526583832, 0.250532443274771, 0.131603793630617, 
0.280013017719774, 0.235808836179338, 0.00918621704761856, 0.246758092922832, 
-0.239858937131574, -0.330796858978625, 0.100626363859179, -0.222667357827681, 
-0.212261671320686, 0.0840415962209374, -0.0309589271149001, 
-0.328941076952924, 0.147303615957095, -0.304110796637812, 0.24381355217162, 
-0.0736613458637767, 0.0314630277300799, 0.299208563165854), .Dim = c(27L, 
7L), .Dimnames = list(c("1", "2", "3", "4", "5", "6", "7", "8", 
"10", "11", "13", "14", "16", "17", "18", "19", "20", "21", "22", 
"23", "24", "25", "26", "27", "28", "29", "30"), c("x1", "x2", 
"x3", "x4", "x5", "x6", "x7")), assign = 1:7), qraux = c(1.19245008972988, 
1.32058227258777, 1.26151340811237, 1.06823977901296, 1.02128140516079, 
1.59750042815719, 1.2596429325078), pivot = 1:7, tol = 1e-07, 
    rank = 7L), .Names = c("qr", "qraux", "pivot", "tol", "rank"
), class = "qr"), df.residual = 20L, xlevels = structure(list(), .Names = character(0)), 
    call = quote(lm(formula = y ~ . + 0, data = structure(list(y = c(43, 
        63, 71, 61, 81, 43, 58, 71, 67, 64, 69, 68, 81, 74, 65, 
        65, 50, 50, 64, 53, 40, 63, 66, 78, 48, 85, 82), x1 = c(1, 
        1, 1, 1, 1, 1, 1, 1, 1, 1, 1, 1, 1, 1, 1, 1, 1, 1, 1, 
        1, 1, 1, 1, 1, 1, 1, 1), x2 = c(64, 51, 82, 58, 70, 70, 
        70, 54, 51, 61, 67, 77, 75, 77, 70, 75, 67, 62, 85, 90, 
        63, 82, 57, 77, 67, 70, 58), x3 = c(30, 51, 68, 45, 56, 
        49, 42, 50, 45, 53, 57, 83, 50, 64, 65, 46, 68, 33, 52, 
        52, 42, 42, 66, 58, 44, 71, 39), x4 = c(39, 54, 69, 47, 
        66, 44, 56, 55, 47, 58, 42, 45, 72, 69, 75, 57, 54, 34, 
        62, 50, 58, 48, 63, 74, 45, 71, 59), x5 = c(61, 63, 76, 
        54, 71, 54, 66, 70, 62, 58, 55, 59, 60, 79, 55, 75, 64, 
        43, 66, 63, 50, 66, 88, 80, 51, 77, 64), x6 = c(92, 73, 
        86, 84, 83, 49, 68, 66, 80, 67, 63, 77, 54, 79, 80, 85, 
        78, 64, 80, 80, 57, 75, 76, 78, 83, 74, 78), x7 = c(45, 
        47, 48, 35, 47, 34, 35, 41, 41, 34, 25, 35, 36, 63, 60, 
        46, 52, 33, 41, 37, 49, 33, 72, 49, 38, 55, 39)), .Names = c("y", 
        "x1", "x2", "x3", "x4", "x5", "x6", "x7"),