
expected <- structure(list(coefficients = structure(c(13.3439017683909, 0.744647644101911, 
-0.111081148310034, -0.0318394024241556, 0.250939475954937, -0.024591516618686, 
-0.134699170149197), .Names = c("x1", "x2", "x3", "x4", "x5", 
"x6", "x7")), residuals = structure(c(-9.87052245591132, 1.95468524821147, 
4.12160296971035, 1.26381195130435, 7.7821534896716, -11.3619239568676, 
-9.02586929102642, -0.95707434443351, -3.81017977798291, 7.29622337416834, 
9.99172444232, 8.99566025273963, -4.02593170560299, 1.8238383451077, 
-0.331273077189783, -3.17403196004704, -3.79212343043776, -3.92065959105291, 
8.02500014633594, 4.29290932548792, -11.0759710132058, 0.625479322351564, 
-6.46485923938512, 6.04958686250844, -7.04304397130439, 7.87302468332191, 
4.75776340120832), .Names = c("1", "2", "3", "4", "5", "6", "7", 
"8", "9", "10", "11", "12", "14", "15", "16", "17", "19", "20", 
"21", "22", "23", "24", "26", "27", "28", "29", "30")), effects = structure(c(-335.248056309443, 
55.507881731414, 5.01730832808559, 2.80902510250891, 4.85997282485993, 
-0.711795332159953, -4.24980761425485, 4.54937884928501, -2.49517207138761, 
8.81797483340556, 11.1004118834544, 10.2535045310533, -8.57086235857153, 
6.80985895795136, 3.23738635644898, -1.57808686580618, 0.838993919075474, 
-5.27275751476417, 8.3509849393099, 6.80401271716961, -10.6714794046493, 
0.848532418157396, -2.1591629627473, 11.9660544887051, -10.4997578970883, 
9.49778775461947, 6.71460455619357), .Names = c("x1", "x2", "x3", 
"x4", "x5", "x6", "x7", "", "", "", "", "", "", "", "", "", "", 
"", "", "", "", "", "", "", "", "", "")), rank = 7L, fitted.values = structure(c(52.8705224559113, 
61.0453147517885, 66.8783970302896, 59.7361880486957, 73.2178465103284, 
54.3619239568676, 67.0258692910264, 71.9570743444335, 75.8101797779829, 
59.7037766258317, 54.00827555768, 58.0043397472604, 72.025931705603, 
75.1761616548923, 81.3312730771898, 77.174031960047, 68.7921234304378, 
53.9206595910529, 41.9749998536641, 59.7070906745121, 64.0759710132058, 
39.3745206776484, 72.4648592393851, 71.9504131374916, 55.0430439713044, 
77.1269753166781, 77.2422365987917), .Names = c("1", "2", "3", 
"4", "5", "6", "7", "8", "9", "10", "11", "12", "14", "15", "16", 
"17", "19", "20", "21", "22", "23", "24", "26", "27", "28", "29", 
"30")), assign = 1:7, qr = structure(list(qr = structure(c(-5.19615242270663, 
0.192450089729875, 0.192450089729875, 0.192450089729875, 0.192450089729875, 
0.192450089729875, 0.192450089729875, 0.192450089729875, 0.192450089729875, 
0.192450089729875, 0.192450089729875, 0.192450089729875, 0.192450089729875, 
0.192450089729875, 0.192450089729875, 0.192450089729875, 0.192450089729875, 
0.192450089729875, 0.192450089729875, 0.192450089729875, 0.192450089729875, 
0.192450089729875, 0.192450089729875, 0.192450089729875, 0.192450089729875, 
0.192450089729875, 0.192450089729875, -350.644063487833, 69.9767157041593, 
-0.0740027970375246, 0.0260304773103873, -0.188326539149424, 
0.140354219422287, -0.0311313937455624, -0.145455135857462, -0.245488410205373, 
0.0546114128383621, 0.168935154950261, 0.0689018806023495, -0.259778877969361, 
-0.174036071385436, -0.359812152317273, -0.288359813497336, -0.0740027970375246, 
0.0974828161303243, 0.354711235882098, 0.0546114128383621, -0.0168409259815749, 
0.39758263917406, -0.174036071385436, -0.145455135857462, 0.111773283894312, 
-0.288359813497336, -0.245488410205373, -275.203628313722, 37.1192253786653, 
-51.7989002803227, -0.0646111375218958, 0.00305168115368953, 
0.0897822602435688, -0.161113265566024, -0.0838415133947335, 
0.273352707176091, -0.045318217241926, 0.186296897169124, 0.00293910122085157, 
0.476065967811465, -0.0259127170291181, -0.228538415494507, 0.0899698934649654, 
-0.112830929340394, 0.427646033890144, -0.074407704238998, 0.0898197868878481, 
0.0415874861879235, 0.128280538633523, 0.205752432907637, 0.0706019198964369, 
-0.0260378058433825, 0.22510789759474, -0.363726455149987, -309.459744285639, 
-0.974927467454236, 5.97031771675737, -60.382708530347, -0.250236520642525, 
0.187686144433177, -0.145424585025392, 0.0757009564988611, 0.212211932429302, 
0.0934142970376427, -0.320971635794218, 0.170306057450883, 0.210150559447486, 
-0.356884117771239, 0.182942504180484, -0.0605499300023561, 0.0661874950634261, 
0.234677640197459, 0.141216727848386, 0.240717331209421, -0.214846117844996, 
-0.260541485230557, -0.220291858304048, 0.244047281266607, -0.235556154884476, 
-0.0457351560413532, -0.184118071763408, -339.28950819377, 36.8715239374229, 
-8.58423415944909, 11.5471265644465, 37.0012857095815, 0.0862008263003304, 
0.00533328427612439, -0.0614586494621426, 0.0767467158720045, 
-0.0455356216424853, 0.220964198251321, 0.00192835539118398, 
0.488403010930382, -0.0523344425087058, 0.327732888709373, -0.0325729834100892, 
-0.275823070328738, -0.0425078803557998, 0.126868507249905, -0.174801476958682, 
0.175908426653834, 0.153374927800394, -0.277579245167545, -0.355904104137772, 
0.353816846623764, 0.0623369480504092, 0.226147372236503, -389.711431702997, 
9.93187509597131, -2.61272901832825, 3.80437256641033, 16.8761373684519, 
47.6156932224229, 0.178880757340015, 0.2977757310983, 0.000500141650124533, 
-0.0541131478150379, 0.128656774423986, 0.0677073068645048, 0.0587757858172794, 
0.0565957165927917, 0.50067197914806, 0.0801851573808955, -0.0741013325867594, 
0.0566122465814598, 0.145311818323549, 0.00839422686691918, -0.0928122501562232, 
0.28053948778598, 0.178796507705084, 0.154172133150317, -0.251668997868338, 
0.18334194671013, -0.0555550795115226, -225.166604983954, 11.2561251087674, 
-11.4580557756746, 14.236159357198, 29.7707892614641, -3.4086830566287, 
31.550362259453, 0.097113656754277, 0.365785511398681, 0.0385013168451185, 
0.320769265497973, -0.0361124412314824, -0.0544366591412955, 
0.215523374035078, -0.161693099618275, -0.445603041436745, 0.111489310814444, 
-0.232785742646141, 0.022298846241001, 0.118110388743238, 0.196862281023148, 
-0.20746539716743, -0.400279386300726, 0.0682005030906165, -0.039737095054119, 
-0.237246620585119, -0.0236843238465807), .Dim = c(27L, 7L), .Dimnames = list(
    c("1", "2", "3", "4", "5", "6", "7", "8", "9", "10", "11", 
    "12", "14", "15", "16", "17", "19", "20", "21", "22", "23", 
    "24", "26", "27", "28", "29", "30"), c("x1", "x2", "x3", 
    "x4", "x5", "x6", "x7")), assign = 1:7), qraux = c(1.19245008972988, 
1.0117400095464, 1.31188851221032, 1.17285323133216, 1.1388818149872, 
1.56438691010207, 1.30134076060373), pivot = 1:7, tol = 1e-07, 
    rank = 7L), .Names = c("qr", "qraux", "pivot", "tol", "rank"
), class = "qr"), df.residual = 20L, xlevels = structure(list(), .Names = character(0)), 
    call = quote(lm(formula = y ~ . + 0, data = structure(list(y = c(43, 
        63, 71, 61, 81, 43, 58, 71, 72, 67, 64, 67, 68, 77, 81, 
        74, 65, 50, 50, 64, 53, 40, 66, 78, 48, 85, 82), x1 = c(1, 
        1, 1, 1, 1, 1, 1, 1, 1, 1, 1, 1, 1, 1, 1, 1, 1, 1, 1, 
        1, 1, 1, 1, 1, 1, 1, 1), x2 = c(51, 64, 70, 63, 78, 55, 
        67, 75, 82, 61, 53, 60, 83, 77, 90, 85, 70, 58, 40, 61, 
        66, 37, 77, 75, 57, 85, 82), x3 = c(30, 51, 68, 45, 56, 
        49, 42, 50, 72, 45, 53, 47, 83, 54, 50, 64, 46, 68, 33, 
        52, 52, 42, 66, 58, 44, 71, 39), x4 = c(66, 62, 48, 72, 
        45, 71, 54, 66, 69, 67, 39, 71, 66, 39, 74, 55, 66, 69, 
        71, 74, 47, 44, 44, 74, 47, 54, 54), x5 = c(61, 63, 76, 
        54, 71, 54, 66, 70, 71, 62, 58, 59, 59, 79, 60, 79, 75, 
        64, 43, 66, 63, 50, 88, 80, 51, 77, 64), x6 = c(92, 73, 
        86, 84, 83, 49, 68, 66, 83, 80, 67, 74, 77, 77, 54, 79, 
        85, 78, 64, 80, 80, 57, 76, 78, 83, 74, 78), x7 = c(45, 
        47, 48, 35, 47, 34, 35, 41, 31, 41, 34, 41, 35, 46, 36, 
        63, 46, 52, 33, 41, 37, 49, 72, 49, 38, 55, 39)), .Names = c("y", 
        "x1", "x2", "x3", "x4", "x5", "x6", "x7"),