
expected <- structure(list(coefficients = structure(c(2.86219919296158, 0.642650910603755, 
-0.116879904368855, 0.299145031487714, 0.145675628911766, 0.14675481116341, 
-0.271502635514149), .Names = c("x1", "x2", "x3", "x4", "x5", 
"x6", "x7")), residuals = structure(c(-9.64689882275235, 3.00593728413864, 
0.679457203517561, -0.960194333308376, 5.49000166976909, -13.459309027871, 
-1.03580542895082, -4.30431155639263, 9.87056930412152, 10.2018065053416, 
7.42652898078013, -2.06159982746015, 0.428172649861494, -5.66179151175137, 
-1.03125569307631, 3.51661850687822, -3.96571590104416, -6.16796717490433, 
5.63275575867609, -0.609755198854298, -0.25287678049811, 2.70872781025436, 
-2.49003308512176, 0.609949702258291, -6.90379580616742, 6.10662158078943, 
2.87416319176669), .Names = c("1", "2", "3", "4", "5", "6", "8", 
"9", "10", "12", "13", "14", "15", "16", "17", "18", "19", "20", 
"21", "22", "24", "25", "26", "27", "28", "29", "30")), effects = structure(c(-339.4819582835, 
54.8283956586102, 5.80475161533608, 9.31821960428338, 0.160620560741982, 
-6.474686811146, -10.0679918050964, -10.3742510665141, 7.43563983159806, 
12.6325809274045, 7.7994869652856, -3.54480007798015, 1.05361198319142, 
-6.22146460166843, -0.205757145169758, 4.88707986565724, -0.966870542848955, 
-3.65555844113601, 6.98148225494154, 0.832387999861713, -6.75301866519905, 
6.9513012813816, 2.93489512191369, 4.95751306123512, -8.68712182236125, 
8.95165823322704, 5.28489655481861), .Names = c("x1", "x2", "x3", 
"x4", "x5", "x6", "x7", "", "", "", "", "", "", "", "", "", "", 
"", "", "", "", "", "", "", "", "", "")), rank = 7L, fitted.values = structure(c(52.6468988227524, 
59.9940627158614, 70.3205427964824, 61.9601943333084, 75.5099983302309, 
56.459309027871, 72.0358054289508, 76.3043115563926, 57.1294306958785, 
56.7981934946584, 61.5734710192199, 70.0615998274601, 76.5718273501385, 
86.6617915117514, 75.0312556930763, 61.4833814931218, 68.9657159010442, 
56.1679671749043, 44.3672442413239, 64.6097551988543, 40.2528767804981, 
60.2912721897456, 68.4900330851218, 77.3900502977417, 54.9037958061674, 
78.8933784192106, 79.1258368082333), .Names = c("1", "2", "3", 
"4", "5", "6", "8", "9", "10", "12", "13", "14", "15", "16", 
"17", "18", "19", "20", "21", "22", "24", "25", "26", "27", "28", 
"29", "30")), assign = 1:7, qr = structure(list(qr = structure(c(-5.19615242270663, 
0.192450089729875, 0.192450089729875, 0.192450089729875, 0.192450089729875, 
0.192450089729875, 0.192450089729875, 0.192450089729875, 0.192450089729875, 
0.192450089729875, 0.192450089729875, 0.192450089729875, 0.192450089729875, 
0.192450089729875, 0.192450089729875, 0.192450089729875, 0.192450089729875, 
0.192450089729875, 0.192450089729875, 0.192450089729875, 0.192450089729875, 
0.192450089729875, 0.192450089729875, 0.192450089729875, 0.192450089729875, 
0.192450089729875, 0.192450089729875, -348.719562590534, 70.3467601717852, 
-0.0780287364412797, 0.0214783337195374, -0.191751102339356, 
0.135200699617614, -0.149105215127578, -0.248612285288395, 0.0499089251940565, 
0.0641242209313161, 0.035693629456797, -0.262827581025654, -0.177535806602097, 
-0.362334651186471, -0.291258172500173, 0.0641242209313161, -0.0780287364412797, 
0.0925548124058353, 0.348430135676508, 0.0499089251940565, 0.391076022888286, 
0.149415995354874, -0.177535806602097, -0.149105215127578, 0.106770108143095, 
-0.291258172500173, -0.248612285288395, -278.475279839129, 37.4320326308127, 
-53.0034098114856, -0.075706467318834, -0.012820834695724, 0.0769060743699957, 
-0.0970914619501152, 0.250473687390347, -0.0564200426149869, 
-0.0090434088263427, 0.160337273653413, 0.448364292940387, -0.040911043780521, 
-0.241739647228969, 0.0706103645876936, 0.330557384104143, -0.124342243063939, 
0.406443940963071, -0.0803131118449159, 0.0756469324135353, 0.118416921676098, 
-0.0455176883066029, 0.185489484839803, 0.0538422237967673, -0.0367139039256529, 
0.202677339616216, -0.372127766315544, -293.87128701752, 38.6703428372584, 
-11.1993092197911, 48.2684858320112, -0.107781713378168, 0.123670080364893, 
0.0546436939298392, 0.0157286801850715, 0.0785726316673404, 0.250959607742599, 
0.275155952383693, 0.557391283462209, -0.253908605931057, -0.183741834899432, 
-0.0598830973881054, -0.366755652799726, -0.0531978074521516, 
0.0744881674426076, 0.103155243763194, -0.182367420860423, -0.35276932207614, 
-0.0166088494611066, 0.0179571101637227, -0.282048775483992, 
0.0825405083636648, -0.0514962842411523, -0.0534055120873466, 
-337.172557206741, 36.836569687152, -5.16778260521913, 16.2281513297429, 
37.9166840284646, 0.0835594819560166, -0.0630539048863254, 0.132268331220139, 
-0.0533339485690291, -0.0782152081012886, 0.0894348825868988, 
0.194679742628102, -0.0710853329627902, 0.515030941716979, -0.042145077543721, 
0.494384023059033, -0.208951813517518, -0.0141880208886574, 0.128431879702814, 
0.0352417991869256, 0.231231700849824, -0.197927926993655, -0.406850176221955, 
-0.0819328808918057, 0.183295735263701, 0.0432338267840593, 0.180789086275012, 
-393.752883587325, -0.0758149105987389, -0.630024782966897, -2.81323762495491, 
3.70612338503698, -54.741340238062, -0.0368308127621827, -0.57318978185539, 
-0.358572274215977, 0.0495925961446427, 0.0423196675226993, -0.145189245892129, 
-0.188205385439987, -0.0379272528097208, -0.231627987000774, 
0.326042900912739, -0.0545625750554193, 0.16557899436784, 0.193380939859069, 
0.0610273392101045, -0.387947536969995, 0.194326904904237, -0.0122639089257524, 
0.145174770121436, -0.134738569042474, 0.0406018834807367, 0.0239641785279273, 
-227.476006060713, 10.7846710326676, -14.0153888247995, 26.0485431054199, 
21.7559864849447, -5.74163206692537, 37.0824827760161, 0.382863652573014, 
0.00299547645961412, -0.0982075471714993, 0.282127905616308, 
-0.124050247899811, 0.214558291010053, 0.052199469301115, -0.359912783196859, 
-0.298077158403389, 0.0813955051875585, -0.135805538063879, 0.0394282608388227, 
0.230936662237171, -0.0279611249635029, 0.384802658859534, -0.428054689110705, 
0.203306243257925, -0.0553142635412031, -0.143988806663157, -0.0104530754585155
), .Dim = c(27L, 7L), .Dimnames = list(c("1", "2", "3", "4", 
"5", "6", "8", "9", "10", "12", "13", "14", "15", "16", "17", 
"18", "19", "20", "21", "22", "24", "25", "26", "27", "28", "29", 
"30"), c("x1", "x2", "x3", "x4", "x5", "x6", "x7")), assign = 1:7), 
    qraux = c(1.19245008972988, 1.00726303798228, 1.29072539273999, 
    1.09374745055647, 1.07450307990198, 1.13414066365491, 1.06598705307945
    ), pivot = 1:7, tol = 1e-07, rank = 7L), .Names = c("qr", 
"qraux", "pivot", "tol", "rank"), class = "qr"), df.residual = 20L, 
    xlevels = structure(list(), .Names = character(0)), call = quote(lm(formula = y ~ 
        . + 0, data = structure(list(y = c(43, 63, 71, 61, 81, 
        43, 71, 72, 67, 67, 69, 68, 77, 81, 74, 65, 65, 50, 50, 
        64, 40, 63, 66, 78, 48, 85, 82), x1 = c(1, 1, 1, 1, 1, 
        1, 1, 1, 1, 1, 1, 1, 1, 1, 1, 1, 1, 1, 1, 1, 1, 1, 1, 
        1, 1, 1, 1), x2 = c(51, 64, 70, 63, 78, 55, 75, 82, 61, 
        60, 62, 83, 77, 90, 85, 60, 70, 58, 40, 61, 37, 54, 77, 
        75, 57, 85, 82), x3 = c(30, 51, 68, 45, 56, 49, 50, 72, 
        45, 47, 57, 83, 54, 50, 64, 65, 46, 68, 33, 52, 42, 42, 
        66, 58, 44, 71, 39), x4 = c(39, 54, 69, 47, 66, 44, 55, 
        67, 47, 39, 42, 45, 72, 72, 69, 75, 57, 54, 34, 62, 58, 
        48, 63, 74, 45, 71, 59), x5 = c(61, 63, 76, 54, 71, 54, 
        70, 71, 62, 59, 55, 59, 79, 60, 79, 55, 75, 64, 43, 66, 
        50, 66, 88, 80, 51, 77, 64), x6 = c(83, 64, 80, 78, 80, 
        83, 77, 49, 57, 80, 80, 75, 68, 77, 68, 92, 75, 86, 83, 
        79, 49, 86, 80, 86, 68, 83, 80), x7 = c(45, 47, 48, 35, 
        47, 34, 41, 31, 41, 41, 25, 35, 46, 36, 63, 60, 46, 52, 
        33, 41, 49, 33, 72, 49, 38, 55, 39)), .Names = c("y", 
        "x1", "x2", "x3", "x4", "x5", "x6", "x7"),