
expected <- structure(list(coefficients = structure(c(5.6920290060035, 0.521264514229479, 
-0.0687488021954988, 0.273712810811151, 0.180606853737994, 0.140393628384457, 
-0.229662662062698), .Names = c("x1", "x2", "x3", "x4", "x5", 
"x6", "x7")), residuals = structure(c(3.1034603263261, 0.674386225422893, 
0.032220644567785, -13.6331604043659, -7.78387693532604, 0.55974793925508, 
-2.40739562138428, 9.95613701157259, 6.93782963425609, 10.1173687250537, 
7.98901410806512, -0.715042918507116, 1.92549061792021, -1.25458233091022, 
0.168266213538694, 2.90248042890102, -3.13028402160939, -7.72117631885613, 
4.57996731111502, -0.479400774636222, -11.0376060747022, -2.62286940399592, 
2.49388545917847, -3.12506446905872, 1.67688505506873, -6.72677061938189, 
7.52009019249243), .Names = c("2", "3", "4", "6", "7", "8", "9", 
"10", "11", "12", "13", "14", "15", "16", "17", "18", "19", "20", 
"21", "22", "23", "24", "25", "26", "27", "28", "29")), effects = structure(c(-333.516005501874, 
-45.8271796854879, -2.82732660593055, 9.77007444774788, -2.39921901489119, 
-6.14099645784413, -8.76141326022959, 11.7590245136357, 4.86521467420919, 
13.3271576993121, 10.7891854550924, 3.45887942457251, 0.0456128351760451, 
-7.61537591723302, -1.02730428246956, -6.78326170751246, -1.88615211028771, 
-7.6178761913465, 4.75574417636862, -2.61705612636933, -9.74194960308847, 
-8.05193646942215, 4.48983216721556, -0.901615454830963, -0.9726873619765, 
-7.20295153919713, 5.71642419065271), .Names = c("x1", "x2", 
"x3", "x4", "x5", "x6", "x7", "", "", "", "", "", "", "", "", 
"", "", "", "", "", "", "", "", "", "", "", "")), rank = 7L, 
    fitted.values = structure(c(59.8965396736739, 70.3256137745771, 
    60.9677793554322, 56.6331604043659, 65.783876935326, 70.4402520607449, 
    74.4073956213843, 57.0438629884274, 57.0621703657439, 56.8826312749463, 
    61.0109858919349, 68.7150429185071, 75.0745093820798, 82.2545823309102, 
    73.8317337864613, 62.097519571099, 68.1302840216094, 57.7211763188561, 
    45.420032688885, 64.4794007746362, 64.0376060747022, 42.6228694039959, 
    60.5061145408215, 69.1250644690587, 76.3231149449313, 54.7267706193819, 
    77.4799098075076), .Names = c("2", "3", "4", "6", "7", "8", 
    "9", "10", "11", "12", "13", "14", "15", "16", "17", "18", 
    "19", "20", "21", "22", "23", "24", "25", "26", "27", "28", 
    "29")), assign = 1:7, qr = structure(list(qr = structure(c(-5.19615242270663, 
    0.192450089729875, 0.192450089729875, 0.192450089729875, 
    0.192450089729875, 0.192450089729875, 0.192450089729875, 
    0.192450089729875, 0.192450089729875, 0.192450089729875, 
    0.192450089729875, 0.192450089729875, 0.192450089729875, 
    0.192450089729875, 0.192450089729875, 0.192450089729875, 
    0.192450089729875, 0.192450089729875, 0.192450089729875, 
    0.192450089729875, 0.192450089729875, 0.192450089729875, 
    0.192450089729875, 0.192450089729875, 0.192450089729875, 
    0.192450089729875, 0.192450089729875, -343.908310347287, 
    -67.2761032913922, -0.0421028710864252, -0.16101582247051, 
    0.0173536046056173, 0.136266555989702, 0.240315388450777, 
    -0.0718311089324464, -0.190744060316531, -0.0866952278554571, 
    -0.0569669900094358, 0.255179507373787, 0.165994793835724, 
    0.359228339834862, 0.284907745219808, -0.0866952278554571, 
    0.0619459613746492, -0.116423465701478, -0.38397760631567, 
    -0.0718311089324464, 0.00248948568260667, -0.428569963084701, 
    -0.175879941393521, 0.165994793835724, 0.136266555989702, 
    -0.131287584624489, 0.284907745219808, -282.709181813187, 
    -36.8030079304512, 46.9047665572452, -0.0611248653510839, 
    0.270548232368535, 0.221612896213294, -0.141002445516607, 
    0.115371580928528, -0.176809800349899, 0.0575291134291201, 
    -0.125263079326525, -0.360317310932056, 0.166739472495275, 
    0.44965606351628, 0.0751645466608243, -0.326227193683757, 
    0.230877686470715, -0.420592333842968, 0.0519486847795985, 
    -0.0338669829487023, 0.0421474061522932, -0.185538102237438, 
    0.0729108207059471, -0.0890980655799771, 0.0510545374964592, 
    0.0758798644873358, -0.0740740172164058, -293.87128701752, 
    -33.9678148766177, 8.65095721368538, 48.6211390082697, -0.0587193222030677, 
    0.083686816614506, 0.0349793870888135, 0.0898999650193316, 
    -0.160589001185979, 0.257505525574979, 0.275058221743037, 
    0.563680488069739, -0.22329697497344, -0.128997021398142, 
    -0.0275578357153437, -0.373125503892762, -0.0274975862114396, 
    0.0588222318240993, 0.0923399585590692, -0.175912621133539, 
    0.116546382071625, -0.373770335132734, -0.0128790470077565, 
    0.0349994702567816, -0.258295198339626, 0.0884128033691762, 
    -0.0259970064122555, -335.440506399173, -38.1446322939837, 
    2.79399501774129, 16.9433736810265, -36.479711813135, 0.0812892749230983, 
    -0.14581047142189, 0.10452663123928, -0.0541116618666219, 
    0.109140947644488, -0.0786925208474974, -0.290045866391337, 
    0.12291073052868, -0.524479386135571, 0.0426281205645648, 
    -0.415376334890659, 0.261294415036636, 0.0586875518273713, 
    -0.0303869572671198, 0.0426394687616735, 0.0300517964425614, 
    -0.0754831700613124, 0.285770154765615, 0.429640743106909, 
    0.140429171622168, -0.131763752497732, -0.0511357064154046, 
    -386.24733008786, -2.16025195014421, 7.60753309037171, -4.52871911450699, 
    -3.59307538043356, -55.7677260096126, -0.48822111318648, 
    -0.280599378183838, -0.11086167990918, 0.089445784500569, 
    0.0591394631264853, -0.17983942000155, -0.0372806740120722, 
    0.0234369548512645, -0.116434379759303, 0.413167218604452, 
    0.0675597799652025, 0.234907957841207, 0.221968497902104, 
    0.173209877292361, 0.0687974860554853, -0.270567165641294, 
    0.29648658859654, 0.128795552605411, 0.29733890491233, -0.0941893382159031, 
    0.139933558347744, -222.664753817466, -13.9386898893224, 
    15.4279398067065, 25.9617311116737, -20.437418117989, -7.35181299489907, 
    38.1490538407054, -0.118265141406791, 0.34071661924037, -0.148434433227754, 
    0.290655476039646, -0.06297700099246, 0.137539849058725, 
    0.0314108097215572, -0.407346698670607, -0.0723801588366452, 
    -0.0252256506264986, -0.0274014969905184, 0.035187839973492, 
    0.24309216961977, 0.0828780999967553, -0.0281657656352655, 
    0.336635635382727, -0.462946998622406, 0.210890687585722, 
    -0.0946058367749142, -0.101497505179559), .Dim = c(27L, 7L
    ), .Dimnames = list(c("2", "3", "4", "6", "7", "8", "9", 
    "10", "11", "12", "13", "14", "15", "16", "17", "18", "19", 
    "20", "21", "22", "23", "24", "25", "26", "27", "28", "29"
    ), c("x1", "x2", "x3", "x4", "x5", "x6", "x7")), assign = 1:7), 
        qraux = c(1.19245008972988, 1.06194596137465, 1.14577733656893, 
        1.12121545183186, 1.06702475408641, 1.04750624921708, 
        1.32805543143696), pivot = 1:7, tol = 1e-07, rank = 7L), .Names = c("qr", 
    "qraux", "pivot", "tol", "rank"), class = "qr"), df.residual = 20L, 
    xlevels = structure(list(), .Names = character(0)), call = quote(lm(formula = y ~ 
        . + 0, data = structure(list(y = c(63, 71, 61, 43, 58, 
        71, 72, 67, 64, 67, 69, 68, 77, 81, 74, 65, 65, 50, 50, 
        64, 53, 40, 63, 66, 78, 48, 85), x1 = c(1, 1, 1, 1, 1, 
        1, 1, 1, 1, 1, 1, 1, 1, 1, 1, 1, 1, 1, 1, 1, 1, 1, 1, 
        1, 1, 1, 1), x2 = c(64, 70, 63, 55, 67, 75, 82, 61, 53, 
        60, 62, 83, 77, 90, 85, 60, 70, 58, 40, 61, 66, 37, 54, 
        77, 75, 57, 85), x3 = c(51, 68, 45, 49, 42, 50, 72, 45, 
        53, 47, 57, 83, 54, 50, 64, 65, 46, 68, 33, 52, 52, 42, 
        42, 66, 58, 44, 71), x4 = c(54, 69, 47, 44, 56, 55, 67, 
        47, 58, 39, 42, 45, 72, 72, 69, 75, 57, 54, 34, 62, 50, 
        58, 48, 63, 74, 45, 71), x5 = c(63, 76, 54, 54, 66, 70, 
        71, 62, 58, 59, 55, 59, 79, 60, 79, 55, 75, 64, 43, 66, 
        63, 50, 66, 88, 80, 51, 77),