
expected <- structure(list(coefficients = structure(c(7.35894211656826, 0.689987841696253, 
0.126317699140443, 0.345055141372105, -0.00905813666129446, -0.0825615887876075, 
-0.181671656921375), .Names = c("x1", "x2", "x3", "x4", "x5", 
"x6", "x7")), residuals = structure(c(-5.01900363359784, 2.67974148334078, 
1.47353840893437, 3.56856897056129, 4.11411770922157, -13.3477264199084, 
-7.64602574150284, 2.27712526916144, -8.24496362772826, 6.35540692479895, 
12.0560066816362, 8.92656833234054, -6.10534279819697, 0.27659949171606, 
1.6712377589675, -1.09339833217291, -5.10274249955636, 7.65184909603228, 
-2.67468619733656, -9.19038757796601, -4.14620523970459, 6.01458496154429, 
-2.01125562083209, 2.85573498685827, -6.56615100819276, 5.98680816181042, 
5.2400004597716), .Names = c("1", "2", "3", "4", "5", "6", "7", 
"8", "9", "11", "12", "13", "14", "15", "18", "19", "20", "21", 
"22", "23", "24", "25", "26", "27", "28", "29", "30")), effects = structure(c(-330.436804066196, 
-51.0689079508119, 6.62424081118087, 11.9099630192576, -3.8916607235769, 
-4.8259692950321, -6.73661535873645, 4.1113527886505, -7.40989896858524, 
9.50326285123169, 12.8982427986692, 11.9565514100263, -7.42645908850846, 
2.97453861357795, -1.83671238058855, 0.013402812464182, -5.51535032646947, 
9.92706529797453, 0.716553938978012, -8.98216916249276, -1.65145102226132, 
11.0625506922237, -0.852815627436628, 5.34460238072069, -8.551447810862, 
5.83301411442687, 4.29088241648373), .Names = c("x1", "x2", "x3", 
"x4", "x5", "x6", "x7", "", "", "", "", "", "", "", "", "", "", 
"", "", "", "", "", "", "", "", "", "")), rank = 7L, fitted.values = structure(c(48.0190036335978, 
60.3202585166592, 69.5264615910656, 57.4314310294387, 76.8858822907784, 
56.3477264199084, 65.6460257415028, 68.7228747308386, 80.2449636277283, 
57.6445930752011, 54.9439933183638, 60.0734316676595, 74.105342798197, 
76.7234005082839, 63.3287622410325, 66.0933983321729, 55.1027424995564, 
42.3481509039677, 66.6746861973366, 62.190387577966, 44.1462052397046, 
56.9854150384557, 68.0112556208321, 75.1442650131417, 54.5661510081928, 
79.0131918381896, 76.7599995402284), .Names = c("1", "2", "3", 
"4", "5", "6", "7", "8", "9", "11", "12", "13", "14", "15", "18", 
"19", "20", "21", "22", "23", "24", "25", "26", "27", "28", "29", 
"30")), assign = 1:7, qr = structure(list(qr = structure(c(-5.19615242270663, 
0.192450089729875, 0.192450089729875, 0.192450089729875, 0.192450089729875, 
0.192450089729875, 0.192450089729875, 0.192450089729875, 0.192450089729875, 
0.192450089729875, 0.192450089729875, 0.192450089729875, 0.192450089729875, 
0.192450089729875, 0.192450089729875, 0.192450089729875, 0.192450089729875, 
0.192450089729875, 0.192450089729875, 0.192450089729875, 0.192450089729875, 
0.192450089729875, 0.192450089729875, 0.192450089729875, 0.192450089729875, 
0.192450089729875, 0.192450089729875, -339.09705810404, -64.6156729066964, 
0.108983611697181, 0.000650761707243416, 0.232792583114252, -0.123158209709828, 
0.062555247415779, 0.18636421883285, 0.294697068822788, -0.154110452564096, 
-0.0457776025741583, -0.0148253597198905, 0.310173190249921, 
0.217316461687118, -0.0457776025741583, 0.108983611697181, -0.0767298454284261, 
-0.355300031116836, -0.0303014811470244, 0.0470791259886451, 
-0.401728395398238, -0.138634331136962, 0.217316461687118, 0.18636421883285, 
-0.09220596685556, 0.341125433104189, 0.294697068822788, -267.890524903986, 
5.12087662333385, 55.9503645142305, 0.373113906804786, -0.37550535179759, 
0.0705649851011432, 0.193738153656756, 0.317557229955074, -0.0186915687296447, 
0.169189353945425, 0.0116704006660314, 0.163267815389205, -0.148432183584182, 
-0.0670348915377279, 0.0295433852065639, -0.0346268300420623, 
0.199659692212975, 0.0327729239200887, -0.511275874080221, 0.109002954024903, 
0.332629845781037, -0.210773044476568, 0.0580760002459997, -0.0220294763150441, 
0.0613055389595245, 0.110403138382187, -0.0544375378107097, -289.252484864003, 
-31.3907329613699, 2.06876347663034, 50.0034209012316, -0.190533385463213, 
0.115725875767814, 0.019998685053244, 0.144897199333577, -0.0963558883010647, 
-0.163357826389838, 0.252756480382083, 0.244237178028384, 0.326331023968675, 
-0.255832379323212, -0.46345328094231, -0.0181800746448603, -0.0276209481687911, 
0.159708082437286, -0.306796618834196, 0.11238168849515, -0.287115026920728, 
-0.0330282298692711, -0.0496578262492614, -0.306155443887345, 
0.113535007268541, -0.11971092183894, 0.0561512034279478, -334.478255950523, 
-38.7894653829049, 5.54206417862593, 17.9635382467254, 32.2532244884623, 
0.0814397840271006, 0.00553986679174843, -0.0582365780158065, 
0.189204248546339, 0.137166745741733, -0.0906392071475158, 0.0875939447767667, 
0.254206992706888, -0.0335676491178178, 0.568021099428729, -0.209401521065023, 
-0.0578690540044561, 0.117848182005063, 0.0853894215486921, 0.00512943748151697, 
0.203471221717164, -0.220097859364918, -0.456189858741767, -0.0593919258818223, 
0.211204332750699, 0.0845790245117276, 0.28986001605011, -390.673682151647, 
-18.1024765522868, 16.8885900820708, 2.30940521387326, 4.55396394934011, 
41.4617655400009, 0.213194485254252, 0.295634890754924, -0.0608631798351654, 
0.133481284711391, 0.125036828350324, 0.342569313388747, 0.178250010359893, 
0.0707557339250734, -0.203313105559683, -0.109165662232455, -0.073645412879923, 
0.227707203401208, 0.00960066488817165, -0.0460967699998926, 
0.230953981870237, 0.0965854316854397, 0.140434219673802, 0.0209272548303907, 
-0.172061375315061, 0.146551227444869, 0.081131390631697, -220.932703009897, 
-10.2044959173061, -1.5821489985007, 27.4703835782958, 17.7436820034568, 
7.72173316345914, 37.0812677821943, 0.0237182464721571, 0.429460935859966, 
0.253610044251726, -0.152947045326313, 0.195297295800992, -0.116987487390532, 
0.209468196337164, -0.327538369248427, 0.0889268288942177, -0.182725531346262, 
-0.092174970543329, 0.184061799796216, 0.103334323937982, -0.166803609325865, 
0.304679449932278, -0.45326600685696, 0.186199419768032, -0.0634145885661189, 
-0.146292240209478, 0.00799202687537682), .Dim = c(27L, 7L), .Dimnames = list(
    c("1", "2", "3", "4", "5", "6", "7", "8", "9", "11", "12", 
    "13", "14", "15", "18", "19", "20", "21", "22", "23", "24", 
    "25", "26", "27", "28", "29", "30"), c("x1", "x2", "x3", 
    "x4", "x5", "x6", "x7")), assign = 1:7), qraux = c(1.19245008972988, 
1.01612688313438, 1.001119139039, 1.19803967379546, 1.15932578198247, 
1.65009353766695, 1.20903329102928), pivot = 1:7, tol = 1e-07, 
    rank = 7L), .Names = c("qr", "qraux", "pivot", "tol", "rank"
), class = "qr"), df.residual = 20L, xlevels = structure(list(), .Names = character(0)), 
    call = quote(lm(formula = y ~ . + 0, data = structure(list(y = c(43, 
        63, 71, 61, 81, 43, 58, 71, 72, 64, 67, 69, 68, 77, 65, 
        65, 50, 50, 64, 53, 40, 63, 66, 78, 48, 85, 82), x1 = c(1, 
        1, 1, 1, 1, 1, 1, 1, 1, 1, 1, 1, 1, 1, 1, 1, 1, 1, 1, 
        1, 1, 1, 1, 1, 1, 1, 1), x2 = c(51, 64, 70, 63, 78, 55, 
        67, 75, 82, 53, 60, 62, 83, 77, 60, 70, 58, 40, 61, 66, 
        37, 54, 77, 75, 57, 85, 82), x3 = c(66, 42, 52, 33, 71, 
        52, 42, 33, 50, 47, 54, 45, 57, 54, 53, 54, 44, 58, 83, 
        47, 42, 68, 47, 52, 52, 42, 52), x4 = c(39, 54, 69, 47, 
        66, 44, 56, 55, 67, 58, 39, 42, 45, 72, 75, 57, 54, 34, 
        62, 50, 58, 48, 63, 74, 45, 71, 59), x5 = c(61, 63, 76, 
        54, 71, 54, 66, 70, 71, 58, 59, 55, 59, 79, 55, 75, 64, 
        43, 66, 63, 50, 66, 88, 80, 51, 77, 64), x6 = c(92, 73, 
        86, 84, 83, 49, 68, 66, 83, 67, 74, 63, 77, 77, 80, 85, 
        78, 64, 80, 80, 57, 75, 76, 78, 83, 74, 78), x7 = c(45, 
        47, 48, 35, 47, 34, 35, 41, 31, 34, 41, 25, 35, 46, 60, 
        46, 52, 33, 41, 37, 49, 33, 72, 49, 38, 55, 39)), .Names = c("y", 
        "x1", "x2", "x3", "x4", "x5", "x6", "x7"),