
expected <- structure(list(coefficients = structure(c(5.80330797126075, 0.570421478616383, 
-0.0760423622848553, 0.366823962289043, 0.0902780415567661, 0.117805687137621, 
-0.240793479472125), .Names = c("x1", "x2", "x3", "x4", "x5", 
"x6", "x7")), residuals = structure(c(-8.36879303256297, 2.84959685051589, 
-0.194767108134856, 6.23490508718623, -13.0565758583575, -8.32224696167322, 
0.52391316064259, -4.3976463632984, 10.1425318233666, 6.24790265249346, 
11.36093304537, 8.38845831879174, -1.07791213543089, 0.902948501223841, 
-4.56960335930984, -0.706038666965408, 1.04655295463785, -2.67360825614096, 
-6.91318988016708, 5.70357312487331, -10.8051223099238, 3.83670619554256, 
-1.84866764414361, 1.12591301140036, -6.94336123968044, 6.5797328847227, 
4.93386520502182), .Names = c("1", "2", "4", "5", "6", "7", "8", 
"9", "10", "11", "12", "13", "14", "15", "16", "17", "18", "19", 
"20", "21", "23", "25", "26", "27", "28", "29", "30")), effects = structure(c(-339.4819582835, 
47.9679701362602, -3.77147328366682, -12.3774262568539, -2.46364215164805, 
2.42066985075613, -8.60426056345767, 3.11273419352118, 14.0522478370521, 
8.14877084065172, 13.4695503041432, 12.1209762534055, 9.89369108479068, 
0.510873541962881, 2.70219151819376, 2.993960263236, 2.81683469584447, 
-4.04119636727331, -6.5675140388247, 6.62457908858681, -8.90258548241962, 
-0.453016376046858, -3.92080839177415, -2.37513288158406, -1.91515562659266, 
8.78427446375044, 8.53118759589969), .Names = c("x1", "x2", "x3", 
"x4", "x5", "x6", "x7", "", "", "", "", "", "", "", "", "", "", 
"", "", "", "", "", "", "", "", "", "")), rank = 7L, fitted.values = structure(c(51.368793032563, 
60.1504031494841, 61.1947671081349, 74.7650949128138, 56.0565758583575, 
66.3222469616732, 70.4760868393574, 76.3976463632984, 56.8574681766334, 
57.7520973475065, 55.63906695463, 60.6115416812083, 69.0779121354309, 
76.0970514987762, 85.5696033593098, 74.7060386669654, 63.9534470453621, 
67.673608256141, 56.9131898801671, 44.2964268751267, 63.8051223099238, 
59.1632938044574, 67.8486676441436, 76.8740869885996, 54.9433612396804, 
78.4202671152773, 77.0661347949782), .Names = c("1", "2", "4", 
"5", "6", "7", "8", "9", "10", "11", "12", "13", "14", "15", 
"16", "17", "18", "19", "20", "21", "23", "25", "26", "27", "28", 
"29", "30")), assign = 1:7, qr = structure(list(qr = structure(c(-5.19615242270663, 
0.192450089729875, 0.192450089729875, 0.192450089729875, 0.192450089729875, 
0.192450089729875, 0.192450089729875, 0.192450089729875, 0.192450089729875, 
0.192450089729875, 0.192450089729875, 0.192450089729875, 0.192450089729875, 
0.192450089729875, 0.192450089729875, 0.192450089729875, 0.192450089729875, 
0.192450089729875, 0.192450089729875, 0.192450089729875, 0.192450089729875, 
0.192450089729875, 0.192450089729875, 0.192450089729875, 0.192450089729875, 
0.192450089729875, 0.192450089729875, -352.183664205672, 64.6889995800419, 
0.0319993232125807, -0.199879359366827, 0.155667953921598, -0.0298349921419281, 
-0.153503622850946, -0.261713674721336, 0.0629164808898351, 0.186585111598853, 
0.0783750597284623, 0.0474579020512079, -0.277172253559963, -0.1844207805282, 
-0.385382305430354, -0.308089411237218, 0.0783750597284623, -0.0762107286578097, 
0.109292217405717, 0.387546636501006, -0.0143764133033009, 0.171126532760225, 
-0.1844207805282, -0.153503622850946, 0.124750796244344, -0.308089411237218, 
-0.261713674721336, -275.588528493181, 34.8470719420076, 52.7318171508579, 
-0.00302588873069625, -0.0902646576236263, 0.157257799394405, 
0.0820635886736593, -0.268189587627373, 0.0429785122827351, -0.185249401711592, 
-0.00451385976124781, -0.17502347479897, -0.467227691914387, 
0.0253372704040889, 0.225532685492643, -0.0877847059060403, -0.345863750065704, 
0.110096087579433, -0.421884611358978, 0.069688370272463, -0.0419456350071147, 
0.0329179154846191, -0.202229323132215, -0.0696474736838769, 
0.0236839692590316, -0.220531885468885, 0.357618544597464, -289.060034774273, 
42.7395352490623, 7.58598380241519, -43.6128567367463, -0.082562417843346, 
0.083462585487816, -0.0755820515145921, 0.00542536610869037, 
-0.065835650466478, 0.242456890713533, -0.247261274047552, -0.252524263626296, 
-0.566053919392197, 0.270177073640488, 0.134034117241475, 0.0552691144573855, 
0.488135826620449, 0.0503456045159889, 0.0156421294048419, -0.0516331758695666, 
-0.0921261415763596, 0.0561839639606067, 0.00378419612822483, 
0.320048159909756, -0.0586438059743317, 0.0661086535406638, -0.0129195773925251, 
-336.210306758092, 34.3214802614943, 2.22433458214142, -15.0478369131155, 
37.1521272902704, -0.0374601498146478, -0.0653487120640131, 0.138130185142434, 
-0.0383945646106891, 0.129786979720916, -0.0243578643669359, 
0.158865371339088, 0.325217087068073, -0.137242779638185, 0.456474543060338, 
-0.0669189733086741, 0.446674051791264, -0.234794352486996, 0.0259014783272711, 
0.166045712013644, 0.0218094808812521, -0.200514755944425, -0.411294858343322, 
-0.148102529415978, 0.207769606822958, 0.0285686891143607, 0.142034990875549, 
-392.983083228405, -9.61867127736801, 2.83610367402073, -4.51424682083569, 
-0.782566763242582, 49.8271325685723, -0.015159474439285, 0.602810633337351, 
0.378729121494906, 0.320152119040646, -0.103629068343999, -0.0716174868800505, 
0.0411690531681526, 0.203113188477182, 0.0952806143409739, 0.196698712506701, 
-0.174469638215307, 0.0115541309309622, -0.173135726171205, -0.13385967088162, 
-0.0302529275399373, -0.217013211602453, -0.103500301589899, 
-0.152459936359519, 0.190100190183798, -0.0856549423836014, -0.0395152596816177, 
-221.317603189357, 16.3019301952679, 12.7879695700635, -22.8872802742183, 
23.7775235457291, 14.3245147133695, 35.7329466824442, 0.168341230004574, 
-0.186366410800816, 0.17972058764829, -0.0511494689635967, 0.338887836427779, 
-0.0506082514749321, 0.136073995573048, -0.1104949909517, -0.420288496491715, 
-0.273777552715348, 0.0878473461860311, 0.0121723359857601, 0.0173835719164376, 
0.136188330339321, 0.499231207784568, -0.271885817538028, 0.306739483751564, 
-0.204798091099728, -0.0528194464007076, -0.0897700801804936), .Dim = c(27L, 
7L), .Dimnames = list(c("1", "2", "4", "5", "6", "7", "8", "9", 
"10", "11", "12", "13", "14", "15", "16", "17", "18", "19", "20", 
"21", "23", "25", "26", "27", "28", "29", "30"), c("x1", "x2", 
"x3", "x4", "x5", "x6", "x7")), assign = 1:7), qraux = c(1.19245008972988, 
1.01654074437395, 1.06210772519193, 1.1105858676205, 1.1217415644853, 
1.27999919493577, 1.07440853406921), pivot = 1:7, tol = 1e-07, 
    rank = 7L), .Names = c("qr", "qraux", "pivot", "tol", "rank"
), class = "qr"), df.residual = 20L, xlevels = structure(list(), .Names = character(0)), 
    call = quote(lm(formula = y ~ . + 0, data = structure(list(y = c(43, 
        63, 61, 81, 43, 58, 71, 72, 67, 64, 67, 69, 68, 77, 81, 
        74, 65, 65, 50, 50, 53, 63, 66, 78, 48, 85, 82), x1 = c(1, 
        1, 1, 1, 1, 1, 1, 1, 1, 1, 1, 1, 1, 1, 1, 1, 1, 1, 1, 
        1, 1, 1, 1, 1, 1, 1, 1), x2 = c(51, 64, 63, 78, 55, 67, 
        75, 82, 61, 53, 60, 62, 83, 77, 90, 85, 60, 70, 58, 40, 
        66, 54, 77, 75, 57, 85, 82), x3 = c(30, 51, 45, 56, 49, 
        42, 50, 72, 45, 53, 47, 57, 83, 54, 50, 64, 65, 46, 68, 
        33, 52, 42, 66, 58, 44, 71, 39), x4 = c(39, 54, 47, 66, 
        44, 56, 55, 67, 47, 58, 39, 42, 45, 72, 72, 69, 75, 57, 
        54, 34, 50, 48, 63, 74, 45, 71, 59), x5 = c(61, 63, 54, 
        71, 54, 66, 70, 71, 62, 58, 59, 55, 59, 79, 60, 79, 55, 
        75, 64, 43, 63, 66, 88, 80, 51, 77, 64), x6 = c(83, 64, 
        78, 80, 83, 63, 77, 49, 57, 63, 80, 80, 75, 68, 77, 68, 
        92, 75, 86, 83, 78, 86, 80, 86, 68, 83, 80), x7 = c(45, 
        47, 35, 47, 34, 35, 41, 31, 41, 34, 41, 25, 35, 46, 36, 
        63, 60, 46, 52, 33, 37, 33, 72, 49, 38, 55, 39)), .Names = c("y", 
        "x1", "x2", "x3", "x4", "x5", "x6", "x7"),