
expected <- structure(list(coefficients = structure(c(-0.574412798541248, 
0.136667813813747, -0.0108510278921554, 0.153038448261999, 0.493223831042845, 
0.232757530774478, -0.0648506794264683), .Names = c("x1", "x2", 
"x3", "x4", "x5", "x6", "x7")), residuals = structure(c(-13.7712488573082, 
4.21942894476818, 13.16249856555, 0.689217378681902, 5.73417097458334, 
-21.8961276333188, -15.3802990069614, 6.75438160487838, 8.75320205010637, 
6.65378236068382, 5.23251658861904, 6.84646701465957, 3.8671714870037, 
10.4723179800958, 16.362858137133, 10.0231297516505, 5.48744278786516, 
4.607729837308, 4.39129959405285, -15.1404241301262, -13.9309692576097, 
-12.7009206196556, -9.60190685686335, -17.9253056738908, -8.23093532795499, 
-1.24404555652454, 24.925807905042), .Names = c("1", "2", "3", 
"4", "5", "6", "7", "8", "9", "10", "11", "12", "13", "14", "15", 
"16", "17", "18", "19", "20", "21", "22", "23", "24", "25", "26", 
"30")), effects = structure(c(-204.405961995814, -257.329896123304, 
20.4915719807703, -25.3931363666493, -34.833294659675, -9.93376579935756, 
-2.78831080114332, 3.24794185138942, 2.34697048300281, 15.3721106631414, 
12.797565099019, 15.1771115712413, 7.98517028022231, 17.8514788703282, 
16.6666004574106, 10.1385462434458, 1.52475319542281, -3.85005985268125, 
-8.2229245281331, -18.159283485878, -10.3728299614078, -15.2253571039747, 
-14.661194243476, -10.4070642255286, -10.0117576727142, -0.62568904233412, 
32.1822573012541), .Names = c("x1", "x2", "x3", "x4", "x5", "x6", 
"x7", "", "", "", "", "", "", "", "", "", "", "", "", "", "", 
"", "", "", "", "", "")), rank = 7L, fitted.values = structure(c(56.7712488573082, 
58.7805710552318, 57.83750143445, 60.3107826213181, 75.2658290254167, 
64.8961276333188, 73.3802990069614, 64.2456183951216, 63.2467979498936, 
60.3462176393162, 58.767483411381, 60.1535329853404, 65.1328285129963, 
57.5276820199042, 60.637141862867, 70.9768702483495, 68.5125572121348, 
60.392270162692, 60.6087004059472, 65.1404241301262, 63.9309692576097, 
76.7009206196556, 62.6019068568634, 57.9253056738908, 71.230935327955, 
67.2440455565245, 57.074192094958), .Names = c("1", "2", "3", 
"4", "5", "6", "7", "8", "9", "10", "11", "12", "13", "14", "15", 
"16", "17", "18", "19", "20", "21", "22", "23", "24", "25", "26", 
"30")), assign = 1:7, qr = structure(list(qr = structure(c(-7.03649626447468, 
0.210128355109305, -0.011486691172075, 0.27370302420898, 0.0227161587489701, 
-0.00695386795863549, 0.01556683775629, 0.0534523851340661, -0.295799960212063, 
0.309084006042521, 0.220709974738141, 0.164898265960624, 0.375867586733747, 
0.0412987295204865, -0.0872566844338271, 0.270732439706025, 0.163576494964469, 
0.124734278114623, 0.204577859456274, 0.154642998626081, 0.289136938578376, 
0.00547838567384814, 0.174176699067956, 0.178971816927413, -0.139888875877113, 
0.154342237310189, 0.200987403139279, -213.615584546477, -283.724130166729, 
0.298094899869002, -0.0119749324049107, 0.228758366437417, 0.252216491773323, 
0.234410861110431, 0.148064461022301, 0.413621511375749, -0.0646201846602861, 
0.0404968137910045, 0.0846234360086536, -0.061028732831545, 0.238738211173773, 
0.333329363081667, 0.0502910690577837, 0.142061279405318, 0.148099395207054, 
0.102595114832204, 0.113878899249671, -0.0100793047962259, 0.295255388290315, 
0.179499555339662, 0.0805455120501271, 0.399614004381395, 0.0788711871809423, 
0.0455164938665062, -157.031040781587, -216.001093722575, 55.504772242601, 
0.247275642689847, -0.310343293856799, 0.0274206975090254, 0.211038190937823, 
0.158345025957261, -0.242853086368418, -0.222180022704022, 0.0282922007833708, 
-0.106379959737229, 0.17085712855069, 0.0412706146029697, 0.0480290676999027, 
0.229030135036304, 0.384314302703348, 0.0295942479614074, 0.0927722374477288, 
0.15495612770412, -0.145607328586619, -0.322324499990758, 0.421085769583458, 
0.139556614690277, -0.115736578677632, -0.0370455653637452, -0.106185799557482, 
-207.006285747316, -219.467520188362, 28.3464473401325, -74.9125100811912, 
-0.337675809045999, 0.201716782606301, 0.060140347296149, 0.348418396604243, 
0.383726966633656, 0.0674779644275823, -0.239841959030289, 0.144236142103979, 
0.0930415157552127, 0.041896444354661, -0.229296101978644, 0.155281860631399, 
0.0146893587952555, -0.16956921696945, 0.00970689184898525, 0.194554234758941, 
0.0509943315579736, -0.111994051230163, -0.219905317632781, -0.11569513536875, 
-0.365651108536587, -0.130834900705721, -0.0677774305069181, 
-198.816769451938, -257.601070211873, 23.1418454010544, -11.955570988355, 
-60.6720703797781, -0.257016424036106, 0.341106521302389, 0.245482925560473, 
-0.138858484627594, 0.0530140434316017, 0.170283884198692, -0.19824014844515, 
0.148316811694037, -0.479135269888073, -0.0894129975127782, 0.134264916929173, 
0.242295232375245, 0.0366699225493776, -0.0228459780534194, 0.0425119115624086, 
0.0136509827767446, -0.210062942522198, -0.0438188197322485, 
0.081884838334294, 0.0209194360175048, 0.455249368758732, -0.0276597736550709, 
-257.475450932099, -306.234901457672, 23.985114428057, -36.2083185754486, 
-23.4732940336847, -50.7863536350299, -0.017087205169991, -0.0532339321176995, 
0.0722140364099498, 0.0794230696558107, 0.349629956211701, 0.114191762425274, 
-0.0540446502188913, 0.0787230268817205, 0.103654588819492, -0.191361373519615, 
-0.00630608793259478, 0.092059914034757, -0.592486916121531, 
0.0384464093133755, -0.16228073884835, -0.426163851249412, 0.0591816652063056, 
0.365613381187263, -0.0387239768105505, 0.0114750818141266, 0.166715587342166, 
-134.355583518862, -169.969869891561, 3.71724953402046, -6.1046281301443, 
-8.56124089484, -29.0997794697154, 42.9958610426723, 0.0757014025270486, 
-0.276041108924956, 0.109384845035293, 0.00478278551043875, 0.181699927363434, 
0.195368238471172, 0.280218730011021, 0.0736959775467134, 0.251606074858945, 
0.0217179714808189, -0.638107145316189, -0.171276370631744, -0.17255442725495, 
0.124807148832374, 0.163125897080278, -0.21850801450606, 0.0681314924911705, 
0.105701651890499, 0.0952529210655136, 0.0656138065679481), .Dim = c(27L, 
7L), .Dimnames = list(c("1", "2", "3", "4", "5", "6", "7", "8", 
"9", "10", "11", "12", "13", "14", "15", "16", "17", "18", "19", 
"20", "21", "22", "23", "24", "25", "26", "30"), c("x1", "x2", 
"x3", "x4", "x5", "x6", "x7")), assign = 1:7), qraux = c(1.23757692768417, 
1.01361749558058, 1.19221314874847, 1.32222648036506, 1.25607680238026, 
1.24083931111694, 1.31898453215182), pivot = 1:7, tol = 1e-07, 
    rank = 7L), .Names = c("qr", "qraux", "pivot", "tol", "rank"
), class = "qr"), df.residual = 20L, xlevels = structure(list(), .Names = character(0)), 
    call = quote(lm(formula = y ~ . + 0, data = structure(list(y = c(43, 
        63, 71, 61, 81, 43, 58, 71, 72, 67, 64, 67, 69, 68, 77, 
        81, 74, 65, 65, 50, 50, 64, 53, 40, 63, 66, 82), x1 = c(1.67170916417502, 
        1.47856738578683, -0.08082605952348, 1.92591030742191, 
        0.159842166180342, -0.0489308659145888, 0.109535995721818, 
        0.376117508323118, -2.08139531506394, 2.17486845392707, 
        1.55302491277723, 1.16030603245028, 2.64479086998912, 
        0.290598355998453, -0.61398133406907, 1.90500780066356, 
        1.15100539577335, 0.877692282005491, 1.4395113438583, 
        1.08814488215958, 2.03451098822839, 0.038548640329384, 
        1.2255936923502, 1.25933452125599, -0.98432755255087, 
        1.08602857628381, 1.414247111396), x2 = c(64, 51, 82, 
        58, 70, 70, 70, 54, 51, 51, 61, 61, 67, 77, 75, 75, 77, 
        70, 75, 67, 62, 85, 90, 63, 82, 57, 58), x3 = c(66, 42, 
        52, 33, 71, 52, 42, 33, 50, 54, 47, 54, 45, 57, 54, 47, 
        39, 53, 54, 44, 58, 83, 47, 42, 68, 47, 52), x4 = c(66, 
        62, 48, 72, 45, 71, 54, 66, 69, 67, 39, 71, 69, 66, 39, 
        74, 55, 48, 66, 69, 71, 74, 47, 44, 39, 44, 54), x5 = c(50, 
        59, 54, 55, 88, 54, 80, 66, 61, 58, 60, 51, 63, 43, 61, 
        70, 71, 63, 64, 62, 63, 79, 60, 55, 79, 79, 54),