
expected <- structure(list(coefficients = structure(c(8.76443334004843, 0.634718309479273, 
-0.0518045467490522, 0.188198828472473, -0.0175727228420409, 
-0.0406827231316462, 0.227604357174133), .Names = c("x1", "x2", 
"x3", "x4", "x5", "x6", "x7")), residuals = structure(c(2.20365782653028, 
4.98275927778524, 1.90669174651816, -9.16399448592616, -5.46622676955193, 
-1.04929102695074, -5.58463916193856, 3.00866161198486, 10.1148304861069, 
9.96306099325696, 10.5844812249035, -1.86722381454381, 2.20519234577788, 
1.71195198452954, -6.301777231104, 2.29419045715255, -2.23285382673925, 
-6.79678611205645, 1.99870587349107, 1.03266726112128, -8.43160858421606, 
-7.12297916225839, 5.47860251424554, -3.40303521127078, 0.949639583149374, 
-9.32984974980941, 8.31517194981237), .Names = c("2", "3", "4", 
"6", "7", "8", "9", "10", "11", "12", "13", "14", "15", "16", 
"17", "18", "19", "20", "21", "22", "23", "24", "25", "26", "27", 
"28", "29")), effects = structure(c(-333.516005501874, -45.8271796854879, 
-2.82732660593055, 9.77007444774788, -2.39921901489119, 2.83596409687574, 
-10.0777076846069, 6.54957023008006, 7.687261615944, 12.7213082492777, 
12.831485018667, 0.587949890973416, 0.437169100092027, -5.843798725122, 
-6.07055554311465, -3.53646769427259, -1.76411722716322, -5.76079498715492, 
5.36273492062712, 0.0778099207362366, -8.41490382278498, -9.36517792563129, 
8.27557722723492, -2.14516368771887, 1.06164372077909, -9.20731548004882, 
6.32867748728525), .Names = c("x1", "x2", "x3", "x4", "x5", "x6", 
"x7", "", "", "", "", "", "", "", "", "", "", "", "", "", "", 
"", "", "", "", "", "")), rank = 7L, fitted.values = structure(c(60.7963421734697, 
66.0172407222148, 59.0933082534818, 52.1639944859262, 63.4662267695519, 
72.0492910269507, 77.5846391619386, 63.9913383880151, 53.8851695138931, 
57.036939006743, 58.4155187750965, 69.8672238145438, 74.7948076542221, 
79.2880480154705, 80.301777231104, 62.7058095428474, 67.2328538267393, 
56.7967861120565, 48.0012941265089, 62.9673327388787, 61.4316085842161, 
47.1229791622584, 57.5213974857545, 69.4030352112708, 77.0503604168506, 
57.3298497498094, 76.6848280501876), .Names = c("2", "3", "4", 
"6", "7", "8", "9", "10", "11", "12", "13", "14", "15", "16", 
"17", "18", "19", "20", "21", "22", "23", "24", "25", "26", "27", 
"28", "29")), assign = 1:7, qr = structure(list(qr = structure(c(-5.19615242270663, 
0.192450089729875, 0.192450089729875, 0.192450089729875, 0.192450089729875, 
0.192450089729875, 0.192450089729875, 0.192450089729875, 0.192450089729875, 
0.192450089729875, 0.192450089729875, 0.192450089729875, 0.192450089729875, 
0.192450089729875, 0.192450089729875, 0.192450089729875, 0.192450089729875, 
0.192450089729875, 0.192450089729875, 0.192450089729875, 0.192450089729875, 
0.192450089729875, 0.192450089729875, 0.192450089729875, 0.192450089729875, 
0.192450089729875, 0.192450089729875, -343.908310347287, -67.2761032913922, 
-0.0421028710864252, -0.16101582247051, 0.0173536046056173, 0.136266555989702, 
0.240315388450777, -0.0718311089324464, -0.190744060316531, -0.0866952278554571, 
-0.0569669900094358, 0.255179507373787, 0.165994793835724, 0.359228339834862, 
0.284907745219808, -0.0866952278554571, 0.0619459613746492, -0.116423465701478, 
-0.38397760631567, -0.0718311089324464, 0.00248948568260667, 
-0.428569963084701, -0.175879941393521, 0.165994793835724, 0.136266555989702, 
-0.131287584624489, 0.284907745219808, -282.709181813187, -36.8030079304512, 
46.9047665572452, -0.0611248653510839, 0.270548232368535, 0.221612896213294, 
-0.141002445516607, 0.115371580928528, -0.176809800349899, 0.0575291134291201, 
-0.125263079326525, -0.360317310932056, 0.166739472495275, 0.44965606351628, 
0.0751645466608243, -0.326227193683757, 0.230877686470715, -0.420592333842968, 
0.0519486847795985, -0.0338669829487023, 0.0421474061522932, 
-0.185538102237438, 0.0729108207059471, -0.0890980655799771, 
0.0510545374964592, 0.0758798644873358, -0.0740740172164058, 
-293.87128701752, -33.9678148766177, 8.65095721368538, 48.6211390082697, 
-0.0587193222030677, 0.083686816614506, 0.0349793870888135, 0.0898999650193316, 
-0.160589001185979, 0.257505525574979, 0.275058221743037, 0.563680488069739, 
-0.22329697497344, -0.128997021398142, -0.0275578357153437, -0.373125503892762, 
-0.0274975862114396, 0.0588222318240993, 0.0923399585590692, 
-0.175912621133539, 0.116546382071625, -0.373770335132734, -0.0128790470077565, 
0.0349994702567816, -0.258295198339626, 0.0884128033691762, -0.0259970064122555, 
-335.440506399173, -38.1446322939837, 2.79399501774129, 16.9433736810265, 
-36.479711813135, 0.0812892749230983, -0.14581047142189, 0.10452663123928, 
-0.0541116618666219, 0.109140947644488, -0.0786925208474974, 
-0.290045866391337, 0.12291073052868, -0.524479386135571, 0.0426281205645648, 
-0.415376334890659, 0.261294415036636, 0.0586875518273713, -0.0303869572671198, 
0.0426394687616735, 0.0300517964425614, -0.0754831700613124, 
0.285770154765615, 0.429640743106909, 0.140429171622168, -0.131763752497732, 
-0.0511357064154046, -382.975678562452, -12.3443755040988, 11.0852083455286, 
1.89702095288471, -16.4600759798777, 43.4031264913097, -0.133910022797576, 
-0.206745081534838, 0.112518349655594, -0.154170031355739, 0.0685875885620879, 
-0.264510090780803, 0.140278646123688, 0.603040525168371, 0.0501699136585359, 
-0.104613910644536, -0.163428956433101, -0.18251489154994, -0.0340909104170918, 
-0.095875255572869, -0.194519988351356, 0.31040548450386, -0.0636911624394215, 
0.102120577723544, 0.120380090322688, -0.354302188161949, 0.145088554846545, 
-221.894953458546, 0.825233861688625, -6.70229649263607, 4.36964497362543, 
-16.2998091944164, 20.2180728528359, -44.2773056268723, 0.466686627457317, 
-0.303294794625582, 0.0493501689173323, 0.0824007348207702, 0.194572144809443, 
0.069903239188322, -0.21592252405907, 0.33092199086396, -0.127821315442021, 
0.0282573261184366, -0.0735065057665938, 0.293698074605892, 0.0407687365174941, 
-0.0837525020424405, -0.169736638718017, 0.1522694938029, -0.160413605577956, 
0.385902579955617, 0.0909877422298393, -0.0203801488056969), .Dim = c(27L, 
7L), .Dimnames = list(c("2", "3", "4", "6", "7", "8", "9", "10", 
"11", "12", "13", "14", "15", "16", "17", "18", "19", "20", "21", 
"22", "23", "24", "25", "26", "27", "28", "29"), c("x1", "x2", 
"x3", "x4", "x5", "x6", "x7")), assign = 1:7), qraux = c(1.19245008972988, 
1.06194596137465, 1.14577733656893, 1.12121545183186, 1.06702475408641, 
1.22651062456262, 1.35957583779232), pivot = 1:7, tol = 1e-07, 
    rank = 7L), .Names = c("qr", "qraux", "pivot", "tol", "rank"
), class = "qr"), df.residual = 20L, xlevels = structure(list(), .Names = character(0)), 
    call = quote(lm(formula = y ~ . + 0, data = structure(list(y = c(63, 
        71, 61, 43, 58, 71, 72, 67, 64, 67, 69, 68, 77, 81, 74, 
        65, 65, 50, 50, 64, 53, 40, 63, 66, 78, 48, 85), x1 = c(1, 
        1, 1, 1, 1, 1, 1, 1, 1, 1, 1, 1, 1, 1, 1, 1, 1, 1, 1, 
        1, 1, 1, 1, 1, 1, 1, 1), x2 = c(64, 70, 63, 55, 67, 75, 
        82, 61, 53, 60, 62, 83, 77, 90, 85, 60, 70, 58, 40, 61, 
        66, 37, 54, 77, 75, 57, 85), x3 = c(51, 68, 45, 49, 42, 
        50, 72, 45, 53, 47, 57, 83, 54, 50, 64, 65, 46, 68, 33, 
        52, 52, 42, 42, 66, 58, 44, 71), x4 = c(54, 69, 47, 44, 
        56, 55, 67, 47, 58, 39, 42, 45, 72, 72, 69, 75, 57, 54, 
        34, 62, 50, 58, 48, 63, 74, 45, 71), x5 = c(63, 76, 54, 
        54, 66, 70, 71, 62, 58, 59, 55, 59, 79, 60, 79, 55, 75, 
        64, 43, 66, 63, 50, 66, 88, 80, 51, 77), x6 = c(73, 86, 
        84, 49, 68, 66, 83, 80, 67, 74, 63, 77, 77, 54, 79, 80, 
        85, 78, 64, 80, 80, 57, 75, 76, 78, 83, 74), x7 = c(35, 
        36, 36, 25, 34, 52, 55, 63, 31, 41, 39, 37, 48, 25, 55, 
        41, 46, 39, 55, 48, 37, 41, 52, 35, 63, 46, 38)), .Names = c("y", 
        "x1", "x2", "x3", "x4", "x5", "x6", "x7"),