
expected <- structure(list(coefficients = structure(c(15.8700255162119, 0.172883487205834, 
0.374658913034209, 0.529783256807679, 0.0160568401714982, -0.412209179259634
), .Names = c("x1", "x2", "x3", "x4", "x5", "x6")), residuals = structure(c(2.90667224624287, 
-4.33594281323914, 4.21149947898436, -13.2062775039935, -7.7422699156542, 
4.63555682840341, -7.58862817885494, 8.51071586076672, -0.551192385613499, 
12.8479110020808, 7.69551079188284, 2.85472638839317, 0.691192701141087, 
11.6958240606585, 4.06177693525615, 4.10305375527896, -2.31517739984037, 
-11.5813685976233, 5.48100146469427, -3.43848527241798, -10.002065262623, 
-12.0675018812784, -0.681814851100284, -3.04603273836818, 0.941128367049055, 
-5.02426505936795, 10.9444519791427), .Names = c("2", "3", "4", 
"6", "7", "8", "9", "10", "11", "12", "13", "14", "15", "16", 
"17", "18", "19", "20", "21", "22", "23", "24", "25", "26", "27", 
"28", "29")), effects = structure(c(-333.516005501874, -26.0645525055426, 
24.1605526928305, 16.3338517824492, -0.745462277214365, -17.5148568743265, 
-8.82481199586006, 4.63911709714999, 0.517960688289033, 10.8427190641671, 
9.26586647579552, 6.18756560398615, -1.83110223577835, 15.8603489218045, 
4.34036318215957, 7.96825564547552, -8.23392135165656, -9.83151627915767, 
4.81367031039505, -5.99093226883769, -13.0397949263082, -7.88861129443108, 
-5.23521804801418, -2.47880449241758, -0.881606156771158, -8.49063303533054, 
13.2682180559822), .Names = c("x1", "x2", "x3", "x4", "x5", "x6", 
"", "", "", "", "", "", "", "", "", "", "", "", "", "", "", "", 
"", "", "", "", "")), rank = 6L, fitted.values = structure(c(60.0933277537571, 
75.3359428132391, 56.7885005210156, 56.2062775039935, 65.7422699156542, 
66.3644431715966, 79.5886281788549, 58.4892841392333, 64.5511923856135, 
54.1520889979193, 61.3044892081172, 65.1452736116068, 76.3088072988589, 
69.3041759393415, 69.9382230647439, 60.896946244721, 67.3151773998404, 
61.5813685976233, 44.5189985353057, 67.438485272418, 63.002065262623, 
52.0675018812784, 63.6818148511003, 69.0460327383682, 77.0588716329509, 
53.0242650593679, 74.0555480208573), .Names = c("2", "3", "4", 
"6", "7", "8", "9", "10", "11", "12", "13", "14", "15", "16", 
"17", "18", "19", "20", "21", "22", "23", "24", "25", "26", "27", 
"28", "29")), assign = 1:6, qr = structure(list(qr = structure(c(-5.19615242270663, 
0.192450089729875, 0.192450089729875, 0.192450089729875, 0.192450089729875, 
0.192450089729875, 0.192450089729875, 0.192450089729875, 0.192450089729875, 
0.192450089729875, 0.192450089729875, 0.192450089729875, 0.192450089729875, 
0.192450089729875, 0.192450089729875, 0.192450089729875, 0.192450089729875, 
0.192450089729875, 0.192450089729875, 0.192450089729875, 0.192450089729875, 
0.192450089729875, 0.192450089729875, 0.192450089729875, 0.192450089729875, 
0.192450089729875, 0.192450089729875, -282.709181813187, -59.6197829459192, 
-0.148566194981177, -0.081474370718275, -0.198885063178354, -0.0647014146525494, 
0.304303618793414, -0.148566194981177, -0.0143825464553726, -0.115020282849726, 
0.0527092778075299, 0.488806135516396, 0.00239040961035305, -0.0647014146525494, 
0.170119970267609, 0.186892926333335, -0.131793238915452, 0.237211794530512, 
-0.349841667769885, -0.0311555025210982, -0.0311555025210982, 
-0.198885063178354, -0.198885063178354, 0.20366588239906, 0.0694822338732555, 
-0.165339151046903, 0.287530662727688, -293.87128701752, -27.7741515830565, 
53.1155642962406, 0.178242083311988, -0.120274228002541, -0.0184829757765601, 
-0.0162534135346847, 0.0802792739143245, -0.0438519536261261, 
0.251635355153307, 0.298860208851838, 0.512013820374593, -0.297057632656282, 
-0.338539822112338, -0.136871539074535, -0.239462231593737, -0.0976189118603545, 
0.18701375008956, 0.200582058626458, -0.129529994245617, 0.0963924855208143, 
-0.15792797463028, 0.0303407585084134, -0.00316920446329121, 
-0.293229189827965, 0.107562473178049, -0.101931454154176, -335.440506399173, 
-25.7446238991037, 26.8966657696847, 41.1637021832856, -0.0989417543544728, 
-0.172333890462609, 0.073008870965929, -0.112278637007466, 0.174835473254662, 
-0.140765520879886, 0.0449819633855069, 0.111638553329976, -0.136765633555786, 
0.305992295395569, -0.131271272475525, 0.539550240997375, -0.284920520610434, 
0.0442408751002579, 0.112844793285501, 0.0311728072548538, -0.0621077179929183, 
0.317443581537227, -0.209715265935865, -0.42358374694986, -0.114551731865896, 
0.12255026342735, -0.0220673002843352, -382.975678562452, -16.3412077521819, 
2.89145498725305, 15.4499149662346, 43.8124887951195, 0.283002593887778, 
-0.119991607702341, -0.109833116755388, -0.0178941746692567, 
0.109151680947616, 0.300221951379666, 0.204011763358598, -0.0276749584477264, 
0.0709133175752082, 0.0480419698440851, -0.56718289420715, -0.107666472518604, 
0.0304282376958685, -0.0173241710623252, -0.219689114225881, 
-0.087014884910028, -0.0367259802735025, 0.0499084724897216, 
0.416955098043378, -0.0331500321677368, -0.3830455849139, 0.138524802544006, 
-222.664753817466, -20.7419344473523, 24.345643464192, 13.8814600102469, 
3.51509010526066, 42.4902155400441, 0.457649563388436, 0.00866280531891721, 
0.185384481562608, -0.137464280023855, 0.165821078882096, 0.00323405881077326, 
0.19478761493876, 0.231800356884429, -0.25227330214675, -0.184878251106731, 
0.0785792876882886, -0.232381966181956, -0.0879130172316321, 
0.17861761944598, 0.123504321732119, -0.229998053746296, 0.196827674257994, 
-0.529246117071288, 0.147118995539448, 0.0424373972909981, -0.0965838350319789
), .Dim = c(27L, 6L), .Dimnames = list(c("2", "3", "4", "6", 
"7", "8", "9", "10", "11", "12", "13", "14", "15", "16", "17", 
"18", "19", "20", "21", "22", "23", "24", "25", "26", "27", "28", 
"29"), c("x1", "x2", "x3", "x4", "x5", "x6")), assign = 1:6), 
    qraux = c(1.19245008972988, 1.23721179453051, 1.08027927391432, 
    1.059341046317, 1.0794022028737, 1.02526044835826), pivot = 1:6, 
    tol = 1e-07, rank = 6L), .Names = c("qr", "qraux", "pivot", 
"tol", "rank"), class = "qr"), df.residual = 21L, xlevels = structure(list(), .Names = character(0)), 
    call = quote(lm(formula = y ~ . + 0, data = structure(list(y = c(63, 
        71, 61, 43, 58, 71, 72, 67, 64, 67, 69, 68, 77, 81, 74, 
        65, 65, 50, 50, 64, 53, 40, 63, 66, 78, 48, 85), x1 = c(1, 
        1, 1, 1, 1, 1, 1, 1, 1, 1, 1, 1, 1, 1, 1, 1, 1, 1, 1, 
        1, 1, 1, 1, 1, 1, 1, 1), x2 = c(51, 68, 45, 49, 42, 50, 
        72, 45, 53, 47, 57, 83, 54, 50, 64, 65, 46, 68, 33, 52, 
        52, 42, 42, 66, 58, 44, 71), x3 = c(54, 69, 47, 44, 56, 
        55, 67, 47, 58, 39, 42, 45, 72, 72, 69, 75, 57, 54, 34, 
        62, 50, 58, 48, 63, 74, 45, 71), x4 = c(63, 76, 54, 54, 
        66, 70, 71, 62, 58, 59, 55, 59, 79, 60, 79, 55, 75, 64, 
        43, 66, 63, 50, 66, 88, 80, 51, 77), x5 = c(73, 86, 84, 
        49, 68, 66, 83, 80, 67, 74, 63, 77, 77, 54, 79, 80, 85, 
        78, 64, 80, 80, 57, 75, 76, 78, 83, 74), x6 = c(47, 48, 
        35, 34, 35, 41, 31, 41, 34, 41, 25, 35, 46, 36, 63, 60, 
        46, 52, 33, 41, 37, 49, 33, 72, 49, 38, 55)), .Names = c("y", 
        "x1", "x2", "x3", "x4", "x5", "x6"), row.names = c("2", 
        "3", "4", "6", "7", "8", "9", "10", "11", "12", "13", 
        "14", "15", "16", "17", "18", "19", "20", "21", "22", 
        "23", "24", "25", "26", "27", "28", "29"), class = "data.frame"))), 
    terms = y ~ x1 + x2 + x3 + x4 + x5 + x6 + 0, model = structure(list(
        y = c(63, 71, 61, 43, 58, 71, 72, 67, 64, 67, 69, 68, 
        77, 81, 74, 65, 65, 50, 50, 64, 53, 40, 63, 66, 78, 48, 
        85), x1 = c(1, 1, 1, 1, 1, 1, 1, 1, 1, 1, 1, 1, 1, 1, 
        1, 1, 1, 1, 1, 1, 1, 1, 1, 1, 1, 1, 1), x2 = c(51, 68, 
        45, 49, 42, 50, 72, 45, 53, 47, 57, 83, 54, 50, 64, 65, 
        46, 68, 33, 52, 52, 42, 42, 66, 58, 44, 71), x3 = c(54, 
        69, 47, 44, 56, 55, 67, 47, 58, 39, 42, 45, 72, 72, 69, 
        75, 57, 54, 34, 62, 50, 58, 48, 63, 74, 45, 71),