
expected <- structure(list(coefficients = structure(c(0.583459818381232, 
0.0146197501778262, 0.306745777497006, 0.14025139852206, 0.100705917413089, 
-0.198950670574445), .Names = c("x1", "x2", "x3", "x4", "x5", 
"x6")), residuals = structure(c(-8.02562810116055, 1.5120038186474, 
-1.77197194370061, 5.4604479181496, -8.02492209528394, 1.33129739792521, 
-9.59726386490868, 7.73892817052086, 6.39297299011831, 11.7721044085672, 
10.0243098939766, -4.51007886127084, -0.484053782367941, -1.01904645393692, 
-4.19694293376566, 2.20293374599828, -3.92633213503811, 9.8391823520547, 
-0.525602337267246, -11.1370005859409, -2.99752224290185, 5.9111790006076, 
-4.88761802137868, 1.36678999447739, -7.65532563100232, 5.27965427950955, 
6.41604885225105), .Names = c("1", "2", "3", "5", "7", "8", "9", 
"10", "11", "12", "13", "14", "15", "16", "17", "18", "19", "21", 
"22", "23", "24", "25", "26", "27", "28", "29", "30")), effects = structure(c(-346.539293669705, 
-6.61871318398426, -15.0535329937159, 5.53701540147979, 4.8482695645616, 
7.82500370863823, -7.45115765907336, 8.99116356196769, 8.02044219325724, 
12.947528591948, 12.1949000671592, -5.21993485768596, 3.11340456319774, 
-1.04527460002553, -3.26685253140892, -2.44509212785923, -0.790157656076544, 
9.63087540662024, 1.0900817542607, -9.70144246061158, -3.59956907752864, 
10.0794299823311, -1.38210991501312, 4.80134730776028, -9.1667593891543, 
6.67565310299498, 6.86926914122548), .Names = c("x1", "x2", "x3", 
"x4", "x5", "x6", "", "", "", "", "", "", "", "", "", "", "", 
"", "", "", "", "", "", "", "", "", "")), rank = 6L, fitted.values = structure(c(51.0256281011605, 
61.4879961813526, 72.7719719437006, 75.5395520818504, 66.0249220952839, 
69.6687026020748, 81.5972638649087, 59.2610718294791, 57.6070270098817, 
55.2278955914328, 58.9756901060234, 72.5100788612708, 77.4840537823679, 
82.0190464539369, 78.1969429337657, 62.7970662540017, 68.9263321350381, 
40.1608176479453, 64.5256023372672, 64.1370005859409, 42.9975222429019, 
57.0888209993924, 70.8876180213787, 76.6332100055226, 55.6553256310023, 
79.7203457204905, 75.5839511477489), .Names = c("1", "2", "3", 
"5", "7", "8", "9", "10", "11", "12", "13", "14", "15", "16", 
"17", "18", "19", "21", "22", "23", "24", "25", "26", "27", "28", 
"29", "30")), assign = 1:6, qr = structure(list(qr = structure(c(-357.561183575622, 
0.178990346099647, 0.195770691046489, 0.218144484308945, 0.187380518573068, 
0.209754311835524, 0.229331380940172, 0.170600173626226, 0.14822638036377, 
0.167803449468419, 0.173396897784033, 0.232128105097979, 0.215347760151138, 
0.251705174202628, 0.237721553413593, 0.167803449468419, 0.195770691046489, 
0.111868966312279, 0.170600173626226, 0.184583794415261, 0.103478793838858, 
0.151023104521577, 0.215347760151138, 0.209754311835524, 0.159413276994998, 
0.237721553413593, 0.229331380940172, -277.781830250021, -53.1343089062873, 
0.287325195064816, -0.0519405047398262, -0.159467231582667, -0.122328299207491, 
0.192471740755654, -0.0179393463831315, 0.246045426985547, 0.0338789818969445, 
0.193725567862666, 0.385316423392461, -0.0754031028957144, -0.334996275138898, 
-0.00062370730255548, 0.372643150858782, -0.126719900332985, 
0.0539530406129479, 0.113802274879805, 0.0429129495693362, 0.265868720280148, 
0.0248450142245527, 0.150439676412177, 0.0282335536644373, 0.019951882256253, 
0.131117913960381, -0.428595902341048, -298.723700743679, -18.4435196115894, 
-51.7106101137639, 0.0481177625247256, 0.0691803076587719, -0.0913760693742855, 
-0.0842397392043953, -0.0597668971837352, 0.186057523994634, 
-0.217093502313317, -0.248440758842718, -0.594909007125094, 0.188557598743149, 
0.0739514795665882, -0.0241900436959308, 0.357458225926659, 0.0288047123206544, 
-0.00128394252913603, 0.183008277074296, -0.103527448558942, 
0.434707287706479, 0.0561082650042274, -0.0665748205322003, 0.221995427448714, 
-0.0481064112494429, -0.0328139531346474, -0.0159578932024511, 
-340.473198971422, -12.4915831654016, -24.2348182968621, 43.1929938104148, 
-0.00763145650236469, -0.00155184061215482, 0.225977051610728, 
-0.087472253497821, 0.039639556593363, -0.118129081881477, 0.0460147951701138, 
0.282270983077027, 0.0118018099141138, 0.60865760234037, 0.0904942072948177, 
0.40337519866063, -0.162210156445307, -0.0713136986362728, -0.00201171362760714, 
-0.00551757972427606, 0.0113182570576692, -0.259911464087173, 
-0.282709290038492, -0.00862512039680938, 0.0935003208907785, 
0.168291130825849, 0.255679963988266, -384.801276872663, -24.8275936004658, 
-21.2302718883247, 48.2446429196304, 59.4415502681738, 0.29161776425926, 
0.0743769101017167, -0.100287537838186, 0.0258864876218846, -0.0203373330699616, 
0.118952962200267, 0.0714868363544376, 0.233588183061943, 0.255398124655766, 
0.258070079633566, -0.257964646353082, 0.0392987882413531, -0.213111526670743, 
-0.0512824305285003, -0.0597609033836981, -0.0170860849311014, 
0.0377735918021498, 0.502050647887445, 0.242356209552451, -0.360768025623457, 
0.324402495787202, -0.0757965317319276, -222.568901926595, -20.4463573245897, 
-31.8946372920453, 27.0387799987883, 5.71923826326244, -39.3313763961917, 
-0.467014553077356, -0.0137846319658036, -0.250372884833959, 
0.0696894288759432, -0.297184818215485, -0.146778570562349, -0.108842667459394, 
0.0691670733674989, 0.33690765088232, 0.280729768436283, -0.0364524286957855, 
0.0312887328303584, -0.172608712108097, -0.141259985366316, 0.199625638121067, 
-0.278742409111066, 0.44343564505735, -0.0955032694843403, -0.00266462095358114, 
0.129914317909902, 0.0553623552707128), .Dim = c(27L, 6L), .Dimnames = list(
    c("1", "2", "3", "5", "7", "8", "9", "10", "11", "12", "13", 
    "14", "15", "16", "17", "18", "19", "21", "22", "23", "24", 
    "25", "26", "27", "28", "29", "30"), c("x1", "x2", "x3", 
    "x4", "x5", "x6")), assign = 1:6), qraux = c(1.14263293204816, 
1.05244844808453, 1.11220608867666, 1.14438988397539, 1.13885283431984, 
1.00671878634495), pivot = 1:6, tol = 1e-07, rank = 6L), .Names = c("qr", 
"qraux", "pivot", "tol", "rank"), class = "qr"), df.residual = 21L, 
    xlevels = structure(list(), .Names = character(0)), call = quote(lm(formula = y ~ 
        . + 0, data = structure(list(y = c(43, 63, 71, 81, 58, 
        71, 72, 67, 64, 67, 69, 68, 77, 81, 74, 65, 65, 50, 64, 
        53, 40, 63, 66, 78, 48, 85, 82), x1 = c(51, 64, 70, 78, 
        67, 75, 82, 61, 53, 60, 62, 83, 77, 90, 85, 60, 70, 40, 
        61, 66, 37, 54, 77, 75, 57, 85, 82), x2 = c(30, 51, 68, 
        56, 42, 50, 72, 45, 53, 47, 57, 83, 54, 50, 64, 65, 46, 
        33, 52, 52, 42, 42, 66, 58, 44, 71, 39), x3 = c(39, 54, 
        69, 66, 56, 55, 67, 47, 58, 39, 42, 45, 72, 72, 69, 75, 
        57, 34, 62, 50, 58, 48, 63, 74, 45, 71, 59), x4 = c(61, 
        63, 76, 71, 66, 70, 71, 62, 58, 59, 55, 59, 79, 60, 79, 
        55, 75, 43, 66, 63, 50, 66, 88, 80, 51, 77, 64), x5 = c(92, 
        73, 86, 83, 68, 66, 83, 80, 67, 74, 63, 77, 77, 54, 79, 
        80, 85, 64, 80, 80, 57, 75, 76, 78, 83, 74, 78), x6 = c(45, 
        47, 48, 47, 35, 41, 31, 41, 34, 41, 25, 35, 46, 36, 63, 
        60, 46, 33, 41, 37, 49, 33, 72, 49, 38, 55, 39)), .Names = c("y", 
        "x1", "x2", "x3", "x4", "x5", "x6"), row.names = c("1", 
        "2", "3", "5", "7", "8", "9", "10", "11", "12", "13", 
        "14", "15", "16", "17", "18", "19", "21", "22", "23", 
        "24", "25", "26", "27", "28", "29", "30"), class = "data.frame"))), 
    terms = y ~ x1 + x2 + x3 + x4 + x5 + x6 + 0, model = structure(list(
        y = c(43, 63, 71, 81, 58, 71, 72, 67, 64, 67, 69, 68, 
        77, 81, 74, 65, 65, 50, 64, 53, 40, 63, 66, 78, 48, 85, 
        82), x1 = c(51, 64, 70, 78, 67, 75, 82, 61, 53, 60, 62, 
        83, 77, 90, 85, 60, 70, 40, 61, 66, 37, 54, 77, 75, 57, 
        85, 82), x2 = c(30, 51, 68, 56, 42, 50, 72, 45, 53, 47, 
        57, 83, 54, 50, 64, 65, 46, 33, 52, 52, 42, 42, 66, 58, 
        44, 71, 39),