
expected <- structure(list(coefficients = structure(c(19.1626533482481, 0.567644634998925, 
-0.178377292023727, 0.307090204204987, 0.038521965786323, 0.0413159411205642, 
-0.130744346007918), .Names = c("x1", "x2", "x3", "x4", "x5", 
"x6", "x7")), residuals = structure(c(-7.01057568551295, 3.40015697434994, 
-3.9808592864147, 4.76565948783948, -12.5274586202406, -6.82189401909779, 
1.94354003216424, -4.62286378391846, 11.1094530707951, 2.27026548328725, 
11.1081123350655, 6.17903758334668, -0.309500846098098, 1.44026597631808, 
-2.27788291112892, -4.46661682735469, 2.58372727854303, -2.86981734952876, 
-6.14210974105351, 5.19623923155514, -12.3844815353205, 6.74999842157345, 
-1.20466885225533, 1.66837434080928, -5.63335909460627, 5.15687163334745, 
6.68038670353596), .Names = c("1", "2", "4", "5", "6", "7", "8", 
"9", "10", "11", "12", "13", "14", "15", "16", "17", "18", "19", 
"20", "21", "23", "25", "26", "27", "28", "29", "30")), effects = structure(c(-339.4819582835, 
47.9679701362602, -12.5655402989442, -10.9955308543887, -0.845133918930181, 
1.08466670163268, 4.82457558941552, 0.214041962265023, 12.4156051169853, 
3.4116364995732, 12.5398070515095, 10.9157375727933, 6.38619902778442, 
2.27361698638759, 6.23920428242855, -4.89832981841722, 1.70652555148495, 
-3.33991699024326, -7.25724678364721, 6.69890440478152, -10.5784701103017, 
7.22947209934426, -4.69059625604182, 1.26812784387162, -3.43031042540896, 
6.42700119502991, 11.2934815384973), .Names = c("x1", "x2", "x3", 
"x4", "x5", "x6", "x7", "", "", "", "", "", "", "", "", "", "", 
"", "", "", "", "", "", "", "", "", "")), rank = 7L, fitted.values = structure(c(50.010575685513, 
59.5998430256501, 64.9808592864147, 76.2343405121605, 55.5274586202406, 
64.8218940190978, 69.0564599678358, 76.6228637839185, 55.8905469292049, 
61.7297345167127, 55.8918876649345, 62.8209624166533, 68.3095008460981, 
75.5597340236819, 83.2778829111289, 78.4666168273547, 62.416272721457, 
67.8698173495288, 56.1421097410535, 44.8037607684449, 65.3844815353205, 
56.2500015784266, 67.2046688522553, 76.3316256591907, 53.6333590946063, 
79.8431283666526, 75.319613296464), .Names = c("1", "2", "4", 
"5", "6", "7", "8", "9", "10", "11", "12", "13", "14", "15", 
"16", "17", "18", "19", "20", "21", "23", "25", "26", "27", "28", 
"29", "30")), assign = 1:7, qr = structure(list(qr = structure(c(-5.19615242270663, 
0.192450089729875, 0.192450089729875, 0.192450089729875, 0.192450089729875, 
0.192450089729875, 0.192450089729875, 0.192450089729875, 0.192450089729875, 
0.192450089729875, 0.192450089729875, 0.192450089729875, 0.192450089729875, 
0.192450089729875, 0.192450089729875, 0.192450089729875, 0.192450089729875, 
0.192450089729875, 0.192450089729875, 0.192450089729875, 0.192450089729875, 
0.192450089729875, 0.192450089729875, 0.192450089729875, 0.192450089729875, 
0.192450089729875, 0.192450089729875, -352.183664205672, 64.6889995800419, 
0.0319993232125807, -0.199879359366827, 0.155667953921598, -0.0298349921419281, 
-0.153503622850946, -0.261713674721336, 0.0629164808898351, 0.186585111598853, 
0.0783750597284623, 0.0474579020512079, -0.277172253559963, -0.1844207805282, 
-0.385382305430354, -0.308089411237218, 0.0783750597284623, -0.0762107286578097, 
0.109292217405717, 0.387546636501006, -0.0143764133033009, 0.171126532760225, 
-0.1844207805282, -0.153503622850946, 0.124750796244344, -0.308089411237218, 
-0.261713674721336, -273.856477685612, 6.63516556151299, 60.2129903559103, 
0.172999023596573, 0.156903554210426, -0.0765937446380254, -0.0218942590607446, 
-0.231451744539717, -0.283695478407498, 0.359128938278572, 0.0333174690890402, 
0.345931155739082, -0.315956724615139, -0.0248270996250756, 0.0225402845413778, 
0.0963032337868101, -0.165975074414774, 0.0518686901846877, -0.163042233850443, 
0.228722994318862, 0.190596066982559, 0.00890056686473081, -0.257335067046192, 
0.127575148567116, -0.228006661402882, 0.0963032337868101, 0.0176639348400506, 
-289.060034774273, 42.7395352490623, -1.98539973942479, -44.2231456464276, 
-0.0512012646702183, 0.0381093622839523, -0.0968288148291861, 
0.0651817443072755, -0.0882924800265279, 0.302728934925572, -0.241243777768281, 
-0.188648548727827, -0.450258983433236, 0.258790603406575, 0.0744783564542499, 
0.0814803168087103, 0.564250344971623, 0.0232361112395619, 0.118180554164432, 
-0.0592273995519205, -0.0717565567728275, 0.047227017695395, 
0.0452914963173946, 0.339229877687333, -0.0737885283258661, 0.126705503094425, 
-0.105019962831875, -336.210306758092, 34.3214802614943, 4.13367488156952, 
-15.4073146239131, 36.8401005745468, 0.0120883876475167, -0.0490868482402979, 
0.146450720000891, 0.0337438172588897, 0.0222363937949028, -0.0434838125887163, 
0.0361420145842347, 0.29596631895318, -0.116824754885181, 0.500963831271063, 
-0.103859481331617, 0.447988546420223, -0.227292059289543, -0.0101495003763967, 
0.123434858030042, -0.0346518794907785, -0.196109442808081, -0.389706622386594, 
-0.179005160351098, 0.265584408592022, -0.0309318436389948, 0.202663214881337, 
-388.749181254348, 2.79628514992061, 13.4848759178408, -3.53681510584222, 
14.2049274788514, 44.3409963706557, 0.314681215568577, -0.168109865027176, 
-0.0771025520556013, 0.200422677071654, 0.061033639818574, 0.22019440961701, 
-0.235895485880764, 0.18995935130712, 0.175764569434084, 0.110731105836722, 
-0.337809343213293, 0.0383326099768233, 0.0194581367383596, 0.101871519561692, 
-0.0555084187306545, 0.205403302878359, 0.43617514033688, 0.212326497331507, 
-0.357331270577242, 0.168601868208032, -0.159764831695238, -221.317603189357, 
16.3019301952679, 14.7738009632932, -25.4283337348074, 21.8072677497886, 
5.71591289767296, -36.9008353839128, -0.524496678371305, -0.0984292920661218, 
-0.159887575103008, 0.154826975039011, -0.0839723374296299, -0.0141252036578937, 
-0.183520324266303, 0.0215621022663324, 0.397719878564556, 0.172150271077331, 
-0.0684300465160243, 0.124304808734775, 0.113292143621459, -0.0737603595416581, 
-0.296746250832763, 0.487930340035374, -0.115635819733473, -0.0975024169124043, 
0.215122527186234, -0.037622062767772), .Dim = c(27L, 7L), .Dimnames = list(
    c("1", "2", "4", "5", "6", "7", "8", "9", "10", "11", "12", 
    "13", "14", "15", "16", "17", "18", "19", "20", "21", "23", 
    "25", "26", "27", "28", "29", "30"), c("x1", "x2", "x3", 
    "x4", "x5", "x6", "x7")), assign = 1:7), qraux = c(1.19245008972988, 
1.01654074437395, 1.39428787133287, 1.11727694235599, 1.06586437861866, 
1.22566187396884, 1.03675944926672), pivot = 1:7, tol = 1e-07, 
    rank = 7L), .Names = c("qr", "qraux", "pivot", "tol", "rank"
), class = "qr"), df.residual = 20L, xlevels = structure(list(), .Names = character(0)), 
    call = quote(lm(formula = y ~ . + 0, data = structure(list(y = c(43, 
        63, 61, 81, 43, 58, 71, 72, 67, 64, 67, 69, 68, 77, 81, 
        74, 65, 65, 50, 50, 53, 63, 66, 78, 48, 85, 82), x1 = c(1, 
        1, 1, 1, 1, 1, 1, 1, 1, 1, 1, 1, 1, 1, 1, 1, 1, 1, 1, 
        1, 1, 1, 1, 1, 1, 1, 1), x2 = c(51, 64, 63, 78, 55, 67, 
        75, 82, 61, 53, 60, 62, 83, 77, 90, 85, 60, 70, 58, 40, 
        66, 54, 77, 75, 57, 85, 82), x3 = c(58, 66, 30, 42, 45, 
        58, 54, 66, 71, 33, 52, 33, 71, 54, 50, 46, 64, 50, 64, 
        42, 42, 54, 68, 45, 68, 46, 51), x4 = c(39, 54, 47, 66, 
        44, 56, 55, 67, 47, 58, 39, 42, 45, 72, 72, 69, 75, 57, 
        54, 34, 50, 48, 63, 74, 45, 71, 59), x5 = c(61, 63, 54, 
        71, 54, 66, 70, 71, 62, 58, 59, 55, 59, 79, 60, 79, 55, 
        75, 64, 43, 63, 66, 88, 80, 51, 77, 64), x6 = c(92, 73, 
        84, 83, 49, 68, 66, 83, 80, 67, 74, 63, 77, 77, 54, 79, 
        80, 85, 78, 64, 80, 75, 76, 78, 83, 74, 78), x7 = c(45, 
        47, 35, 47, 34, 35, 41, 31, 41, 34, 41, 25, 35, 46, 36, 
        63, 60, 46, 52, 33, 37, 33, 72, 49, 38, 55, 39)), .Names = c("y", 
        "x1", "x2", "x3", "x4", "x5", "x6", "x7"),