
expected <- structure(list(coefficients = structure(c(2.98819007671169, 0.655896306588143, 
-0.0412357842842893, 0.476022222032416, 0.122160100378705, 0.016969543138687, 
-0.354620577055195), .Names = c("x1", "x2", "x3", "x4", "x5", 
"x6", "x7")), residuals = structure(c(-5.82892762664318, 0.734525145760895, 
1.56552153887335, -2.20425437422649, 6.83951449128042, -7.22355988824225, 
-8.00248377223287, 1.43268018787244, -3.57700604043057, 3.0078242143883, 
13.6284733793486, 3.86642522551273, -1.4085670134726, 1.63905348042438, 
3.20303521465167, -4.74256770362407, -4.8963369616096, 8.2242114884298, 
1.62533123356699, -11.5410018871277, -3.60754090351481, 11.7729902338162, 
-1.52420621113504, -3.01496247600351, -4.72476309285769, 3.84268529310335, 
2.20167987875314), .Names = c("1", "2", "3", "4", "5", "6", "7", 
"8", "9", "11", "12", "13", "14", "15", "18", "19", "20", "21", 
"22", "23", "24", "25", "26", "27", "28", "29", "30")), effects = structure(c(-196.687205328277, 
-270.341544504556, -0.683794508286658, 16.6098026359787, -2.56017356764635, 
-0.32626915458355, -11.9305235023162, 3.0470878285736, -6.12195598533118, 
6.37957115816834, 14.2759429633533, 10.3486161043549, -2.52320017761858, 
1.62217702925834, -2.94768216703427, -2.07753642514655, -4.87087202675386, 
9.44697457222183, 1.14980819610251, -10.0238316103571, -4.30996034408773, 
12.2539106640392, 0.241019539434296, 1.32994631971794, -8.17143611260379, 
4.84807361516907, 1.80903829721791), .Names = c("x1", "x2", "x3", 
"x4", "x5", "x6", "x7", "", "", "", "", "", "", "", "", "", "", 
"", "", "", "", "", "", "", "", "", "")), rank = 7L, fitted.values = structure(c(48.8289276266432, 
62.2654748542391, 69.4344784611266, 63.2042543742265, 74.1604855087196, 
50.2235598882422, 66.0024837722329, 69.5673198121276, 75.5770060404306, 
60.9921757856117, 53.3715266206514, 65.1335747744873, 69.4085670134726, 
75.3609465195756, 61.7969647853483, 69.7425677036241, 54.8963369616096, 
41.7757885115702, 62.374668766433, 64.5410018871277, 43.6075409035148, 
51.2270097661838, 67.524206211135, 81.0149624760035, 52.7247630928577, 
81.1573147068967, 79.7983201212469), .Names = c("1", "2", "3", 
"4", "5", "6", "7", "8", "9", "11", "12", "13", "14", "15", "18", 
"19", "20", "21", "22", "23", "24", "25", "26", "27", "28", "29", 
"30")), assign = 1:7, qr = structure(list(qr = structure(c(-6.67016281750709, 
0.221668859702503, -0.0121175542089223, 0.288735126879811, 0.0239637577902606, 
-0.00733578283668887, 0.016421787401399, 0.0563880550765459, 
-0.312045653458553, 0.232831634739264, 0.173954679097913, 0.396510691320364, 
0.0435669059285514, -0.0920489275700379, 0.131584836235455, 0.215813524083705, 
0.163136180020005, 0.305016690580391, 0.00577926527193697, 0.183742695025885, 
0.188801166584814, -0.147571742921675, 0.162818900527184, 0.264339852074297, 
0.0787184100568218, 0.169496177074715, 0.212025875542954, -194.211110084376, 
-285.384030246604, 0.253608792456836, 0.022381963067876, 0.256851812252639, 
0.197762759234967, 0.223488910489878, 0.224062801929085, 0.501720646693853, 
0.0257495161990621, 0.0907288194204696, -0.0551684443166576, 
0.260903874480767, 0.333053368400694, 0.11983868797017, 0.0970105310701098, 
0.0911534838211646, -0.0693973148562284, 0.20977647006217, 0.105028341638427, 
-6.45006355679658e-05, 0.290606726481122, 0.157948424123655, 
0.0811911492083222, 0.145648000907627, 0.181393256081163, 0.141661409056429, 
-155.850393864654, -230.724620237372, -53.7754995193226, -0.0576884693399402, 
-0.133365844528596, 0.0779720295411571, -0.228879456948119, -0.193034466828561, 
0.0359193696929161, 0.231031253085465, 0.00172515304795358, 0.202317450234897, 
0.297061470986411, -0.178829271563859, 0.327906039705292, -0.159655921236335, 
0.420301221351482, 0.0702651670520181, 0.0456684726511387, 0.0059423458988885, 
0.259560204797988, -0.0653552571940341, 0.0957157301932852, -0.00233357498182761, 
-0.0278992133155858, 0.069060383182773, -0.472062004279458, -163.794024542976, 
-239.33497823722, -19.0451935947155, 51.8128007073934, -0.0707868443117856, 
0.0807116387083177, -0.100596313812282, 0.0631795263109707, 0.0721493338846855, 
-0.163537595436587, 0.212963178892066, 0.269121104048702, 0.615625065025744, 
-0.217757790157087, -0.327243235012245, -0.0496816956980663, 
0.0870142482689061, 0.00958370796014702, -0.185057189158954, 
0.0995292249483122, -0.40764258616658, -0.0720392738489671, 0.0703027957324455, 
-0.225769385766094, 0.0397831913723988, 0.0330001999441923, -0.0390855893967356, 
-193.727218443747, -274.377728090878, -6.04066146816012, 26.2754774975656, 
35.1245904323311, -0.0947208050653434, -0.0352198118956807, -0.0582020548192861, 
0.00641588708208804, 0.140855913725425, -0.172117737219411, 0.118623561196091, 
0.110646369664497, -0.0524947578340051, 0.562914128231771, -0.140902940563634, 
-0.0999155898277044, 0.0221897780124975, -0.0218574219221883, 
-0.00705005687340702, 0.159332693382984, -0.433409946602652, 
-0.368505333505679, 0.102824012546866, 0.086295455763714, 0.191719331126843, 
0.372997699334339, -237.317706111563, -306.801557107933, -10.5302467583927, 
23.5826518217765, 23.2979684701119, 57.6826492415092, 0.0263313902000639, 
0.210496197406659, -0.269945449180385, 0.121610654106891, -0.0303416853639432, 
0.367276523578277, 0.0728754281026005, 0.0077852454872364, -0.132691416786056, 
0.0268364658862601, 0.0142060145274728, -0.064795676029193, -0.183614603850275, 
-0.0317562556006009, 0.0467161744519675, -0.312044319286966, 
0.381890152985831, 0.31771943057652, -0.375191884105017, 0.380244712848921, 
0.0763917232498747, -140.608734634085, -169.137780826226, -19.9686304570484, 
32.8921795214305, 20.4341017145497, 3.68032044298986, 33.6430660662404, 
-0.0151358531704467, 0.202313752238826, 0.40911854176937, -0.14838734229042, 
0.44600662731878, -0.132322810713161, 0.091555246279664, -0.287067859610723, 
0.108421327708104, -0.139224859624063, 0.0385137558672229, 0.148405507106115, 
0.134879787524464, -0.0559795622693953, 0.146091277489294, -0.464557670054933, 
0.314286181238339, -0.130755679858964, -0.089832108092504, 0.0256153971168035
), .Dim = c(27L, 7L), .Dimnames = list(c("1", "2", "3", "4", 
"5", "6", "7", "8", "9", "11", "12", "13", "14", "15", "18", 
"19", "20", "21", "22", "23", "24", "25", "26", "27", "28", "29", 
"30"), c("x1", "x2", "x3", "x4", "x5", "x6", "x7")), assign = 1:7), 
    qraux = c(1.25062494123641, 1.07196336674544, 1.20348916365305, 
    1.07330454701156, 1.13101398630089, 1.1765600740439, 1.15650525194408
    ), pivot = 1:7, tol = 1e-07, rank = 7L), .Names = c("qr", 
"qraux", "pivot", "tol", "rank"), class = "qr"), df.residual = 20L, 
    xlevels = structure(list(), .Names = character(0)), call = quote(lm(formula = y ~ 
        . + 0, data = structure(list(y = c(43, 63, 71, 61, 81, 
        43, 58, 71, 72, 64, 67, 69, 68, 77, 65, 65, 50, 50, 64, 
        53, 40, 63, 66, 78, 48, 85, 82), x1 = c(1.67170916417502, 
        1.47856738578683, -0.08082605952348, 1.92591030742191, 
        0.159842166180342, -0.0489308659145888, 0.109535995721818, 
        0.376117508323118, -2.08139531506394, 1.55302491277723, 
        1.16030603245028, 2.64479086998912, 0.290598355998453, 
        -0.61398133406907, 0.877692282005491, 1.4395113438583, 
        1.08814488215958, 2.03451098822839, 0.038548640329384, 
        1.2255936923502, 1.25933452125599, -0.98432755255087, 
        1.08602857628381, 1.7631898524913, 0.525064611814289, 
        1.13056709803336, 1.414247111396), x2 = c(51, 64, 70, 
        63, 78, 55, 67, 75, 82, 53, 60, 62, 83, 77, 60, 70, 58, 
        40, 61, 66, 37, 54, 77, 75, 57, 85, 82), x3 = c(30, 51, 
        68, 45, 56, 49, 42, 50, 72, 53, 47, 57, 83, 54, 65, 46, 
        68, 33, 52, 52, 42, 42, 66, 58, 44, 71, 39), x4 = c(39, 
        54, 69, 47, 66, 44, 56, 55, 67, 58, 39, 42, 45, 72, 75, 
        57, 54, 34, 62, 50, 58, 48, 63, 74, 45, 71, 59),