
expected <- structure(list(coefficients = structure(c(0.6008039427826, 0.569215510674127, 
0.0601775748745515, 0.477263305974423, 0.109976890861323, 0.0748216921753067, 
-0.385654932078307), .Names = c("x1", "x2", "x3", "x4", "x5", 
"x6", "x7")), residuals = structure(c(-5.45349794103127, 3.4049808613429, 
-1.78776418846159, 1.39553190659282, 4.33562232020641, -9.52922371864995, 
-8.84087367927543, 2.6479291285521, 9.00363508985597, 4.44171087082833, 
9.2336623726815, -3.50464610100958, -4.77691122704334, -0.565043221386551, 
2.3669375536379, -2.7674709476376, -4.85589191570775, 10.1223420367255, 
-3.34037173456766, -10.5055859764906, -2.73709705419462, 4.5173557511615, 
1.07640754833536, 0.524162634331127, -6.81630517903586, 6.80872022801368, 
5.60168458222669), .Names = c("1", "2", "3", "4", "5", "6", "7", 
"8", "10", "11", "13", "14", "16", "17", "18", "19", "20", "21", 
"22", "23", "24", "25", "26", "27", "28", "29", "30")), effects = structure(c(-331.591504604575, 
-52.8406667457116, -7.15241861349678, 12.8056523627726, -3.31311755634356, 
-0.699672559419355, -13.0476291912007, 5.02908994960167, 9.82595612723194, 
8.26701368717113, 12.1967260562059, -5.72564547494891, -4.89389631118329, 
-1.81570579408869, -0.532975696949998, -1.01428955470624, -4.33373347418193, 
11.7408978827031, -1.25779924001559, -9.40491543978606, 0.114726520677714, 
9.10509595390421, 1.88751979791976, 3.50094524957152, -7.97421036496148, 
6.8493660484039, 4.57165683961752), .Names = c("x1", "x2", "x3", 
"x4", "x5", "x6", "x7", "", "", "", "", "", "", "", "", "", "", 
"", "", "", "", "", "", "", "", "", "")), rank = 7L, fitted.values = structure(c(48.4534979410313, 
59.5950191386571, 72.7877641884616, 59.6044680934072, 76.6643776797936, 
52.5292237186499, 66.8408736792754, 68.3520708714479, 57.996364910144, 
59.5582891291717, 59.7663376273185, 71.5046461010096, 85.7769112270433, 
74.5650432213865, 62.6330624463621, 67.7674709476376, 54.8558919157078, 
39.8776579632745, 67.3403717345677, 63.5055859764906, 42.7370970541946, 
58.4826442488385, 64.9235924516646, 77.4758373656689, 54.8163051790359, 
78.1912797719863, 76.3983154177733), .Names = c("1", "2", "3", 
"4", "5", "6", "7", "8", "10", "11", "13", "14", "16", "17", 
"18", "19", "20", "21", "22", "23", "24", "25", "26", "27", "28", 
"29", "30")), assign = 1:7, qr = structure(list(qr = structure(c(-5.19615242270663, 
0.192450089729875, 0.192450089729875, 0.192450089729875, 0.192450089729875, 
0.192450089729875, 0.192450089729875, 0.192450089729875, 0.192450089729875, 
0.192450089729875, 0.192450089729875, 0.192450089729875, 0.192450089729875, 
0.192450089729875, 0.192450089729875, 0.192450089729875, 0.192450089729875, 
0.192450089729875, 0.192450089729875, 0.192450089729875, 0.192450089729875, 
0.192450089729875, 0.192450089729875, 0.192450089729875, 0.192450089729875, 
0.192450089729875, 0.192450089729875, -342.368709629448, -68.8379740162845, 
0.0946285258367066, -0.00705953369775985, 0.210843451018954, 
-0.123274458880007, 0.0510479288933639, 0.167262854075611, -0.0361132649933217, 
-0.152328190175569, -0.0215863993455408, 0.283477779257859, 0.385165838792325, 
0.312531510553421, -0.0506401306411026, 0.0946285258367066, -0.0796938619366645, 
-0.341177443596721, -0.0361132649933217, 0.0365210632455829, 
-0.384758040540064, -0.137801324527788, 0.196316585371173, 0.167262854075611, 
-0.0942207275844454, 0.312531510553421, 0.268950913610078, -264.426423288849, 
9.88311092904026, -56.7185224157942, -0.361016223321161, 0.389843197316344, 
-0.0691669362570491, -0.180768759188291, -0.296308798865956, 
-0.00155137455215698, -0.168106130692807, -0.154837411828692, 
0.169971677831654, 0.0314084280440768, -0.136600396721416, -0.0245745846620688, 
0.0469791937892471, -0.194037478052405, -0.0442656683941878, 
0.509745442868539, -0.0980064208663342, -0.342537320326304, 0.207535574189999, 
-0.0386912817823959, 0.0386787711682934, -0.0583823655145149, 
-0.0837076225054823, 0.0764247687671633, -291.176985761301, -32.7887498632246, 
-0.725793999570991, 47.5114098763659, -0.0122020281885824, 0.090072594544845, 
-0.0713507650918095, -0.000913772007655287, 0.106630489734955, 
-0.252286484405402, 0.17964934220789, 0.419835113510412, -0.115593628428429, 
-0.149744758215823, -0.49923524528804, 0.00107987385336608, -0.124430227584576, 
0.154924699488637, -0.0677004924613654, 0.0676526602615995, -0.463196389871247, 
0.072228165511401, -0.0777239847593782, -0.308187696849038, 0.0923417169744041, 
-0.17721411793262, 0.0891343836671815, -332.938655232684, -34.7369639562104, 
-4.71682757139359, 15.3335979821547, 37.1998319558059, 0.0730894772272684, 
-0.0487167926702094, -0.129388957333628, -0.0460289140884992, 
0.0789117396665941, 0.0610135504966151, 0.227969828525578, 0.518444099902573, 
-0.103098552582179, 0.432644889407554, -0.203964287692866, -0.0916719717015382, 
0.145973946749513, 0.125544464220446, -0.0223206494839484, 0.1262573161236, 
-0.151117927369843, -0.451838949003391, -0.115846646715954, 0.18303833732408, 
-0.0155995167871971, 0.216137955866844, -386.632230267319, -8.06563862688463, 
-17.4358530752184, -0.537227845633314, 18.172262471943, 45.4195473611429, 
0.102507824079635, 0.151941658039675, -0.006363219243914, -0.00590230524445025, 
0.26147838026028, 0.17250307694237, 0.291278176258811, -0.0967386763623147, 
-0.446954743912656, -0.0457697482809695, -0.13583045530319, 0.228592539932813, 
0.143372141458996, -0.0788195517584688, 0.00114899742672146, 
0.247077166063054, 0.194469377343633, -0.0388090334709657, -0.215625297304379, 
-0.00536843202024876, -0.0152343771680139, -225.166604983954, 
-15.0934134080444, 4.06974849059459, 29.8607495036267, 22.7247679602653, 
10.6261831755453, 33.8323929137548, 0.220553948547578, -0.0326426142037138, 
0.444235375509834, 0.242562675631063, -0.246928782179019, 0.179490144947252, 
-0.1453118706249, -0.101252042502517, 0.110560690467831, -0.0560193870118615, 
-0.186832231348005, 0.00142181486025364, 0.176287860366777, 0.0875268313943368, 
0.178484682912294, -0.422598128553605, 0.352732819580971, -0.0422389021639599, 
0.0447265655152867, 0.0538257752148767), .Dim = c(27L, 7L), .Dimnames = list(
    c("1", "2", "3", "4", "5", "6", "7", "8", "10", "11", "13", 
    "14", "16", "17", "18", "19", "20", "21", "22", "23", "24", 
    "25", "26", "27", "28", "29", "30"), c("x1", "x2", "x3", 
    "x4", "x5", "x6", "x7")), assign = 1:7), qraux = c(1.19245008972988, 
1.00746733195002, 1.01171734431196, 1.02756664498394, 1.14323991333228, 
1.57230837817981, 1.37281890851681), pivot = 1:7, tol = 1e-07, 
    rank = 7L), .Names = c("qr", "qraux", "pivot", "tol", "rank"
), class = "qr"), df.residual = 20L, xlevels = structure(list(), .Names = character(0)), 
    call = quote(lm(formula = y ~ . + 0, data = structure(list(y = c(43, 
        63, 71, 61, 81, 43, 58, 71, 67, 64, 69, 68, 81, 74, 65, 
        65, 50, 50, 64, 53, 40, 63, 66, 78, 48, 85, 82), x1 = c(1, 
        1, 1, 1, 1, 1, 1, 1, 1, 1, 1, 1, 1, 1, 1, 1, 1, 1, 1, 
        1, 1, 1, 1, 1, 1, 1, 1), x2 = c(51, 64, 70, 63, 78, 55, 
        67, 75, 61, 53, 62, 83, 90, 85, 60, 70, 58, 40, 61, 66, 
        37, 54, 77, 75, 57, 85, 82), x3 = c(66, 42, 52, 33, 71, 
        52, 42, 33, 54, 47, 45, 57, 47, 39, 53, 54, 44, 58, 83, 
        47, 42, 68, 47, 52, 52, 42, 52), x4 = c(39, 54, 69, 47, 
        66, 44, 56, 55, 47, 58, 42, 45, 72, 69, 75, 57, 54, 34, 
        62, 50, 58, 48, 63, 74, 45, 71, 59), x5 = c(61, 63, 76, 
        54, 71, 54, 66, 70, 62, 58, 55, 59, 60, 79, 55, 75, 64, 
        43, 66, 63, 50, 66, 88, 80, 51, 77, 64), x6 = c(92, 73, 
        86, 84, 83, 49, 68, 66, 80, 67, 63, 77, 54, 79, 80, 85, 
        78, 64, 80, 80, 57, 75, 76, 78, 83, 74, 78), x7 = c(45, 
        47, 48, 35, 47, 34, 35, 41, 41, 34, 25, 35, 36, 63, 60, 
        46, 52, 33, 41, 37, 49, 33, 72, 49, 38, 55, 39)), .Names = c("y", 
        "x1", "x2", "x3", "x4", "x5", "x6", "x7"),