
expected <- structure(list(coefficients = structure(c(2.84914388582602, 0.488839352856961, 
0.0786482180655981, 0.362567766269961, 0.24934095007931, 0.0664439047089504, 
-0.363679685321567), .Names = c("x1", "x2", "x3", "x4", "x5", 
"x6", "x7")), residuals = structure(c(-8.15038771478083, 0.44597200159847, 
-0.561187443330625, 7.95623802483594, -6.91723976296627, 2.46350047025104, 
-4.05332554068524, 4.54064730665407, 1.9210294435055, 11.8100529519706, 
2.63804965528621, -3.3434821289584, 2.6719578529461, -3.91643234702059, 
-2.91657016060154, 3.65576707337469, -5.22334798374061, 6.75447495444993, 
0.640912020909063, -12.5412295913497, -4.44128240118545, 9.26232189121722, 
-3.57423653698107, -2.38774039671612, -5.54730332096379, 4.78745237257277, 
6.47006319592926), .Names = c("1", "2", "3", "5", "7", "8", "9", 
"10", "11", "12", "13", "14", "15", "16", "17", "18", "19", "21", 
"22", "23", "24", "25", "26", "27", "28", "29", "30")), effects = structure(c(-217.573150158186, 
-269.926854595846, -7.68861677661254, -14.74241079288, -4.61092393038715, 
2.96244538014806, -12.9968726105167, 7.81985252597564, 3.29311442532801, 
14.6280025300599, 7.69106698923978, -0.891312348122526, 1.02829993759907, 
-7.27696986810294, -4.52376264160146, -1.40226748806789, -2.79787053891045, 
9.39733601440832, 0.561086003698076, -9.88560785881656, -6.94548837509508, 
11.0558517675859, -3.55282945051424, -1.86515549111139, -4.76473784731718, 
3.65549895298396, 6.15056785759082), .Names = c("x1", "x2", "x3", 
"x4", "x5", "x6", "x7", "", "", "", "", "", "", "", "", "", "", 
"", "", "", "", "", "", "", "", "", "")), rank = 7L, fitted.values = structure(c(51.1503877147808, 
62.5540279984015, 71.5611874433306, 73.0437619751641, 64.9172397629663, 
68.536499529749, 76.0533255406852, 62.4593526933459, 62.0789705564945, 
55.1899470480294, 66.3619503447138, 71.3434821289584, 74.3280421470539, 
84.9164323470206, 76.9165701606015, 61.3442329266253, 70.2233479837406, 
43.2455250455501, 63.3590879790909, 65.5412295913497, 44.4412824011855, 
53.7376781087828, 69.5742365369811, 80.3877403967161, 53.5473033209638, 
80.2125476274272, 75.5299368040707), .Names = c("1", "2", "3", 
"5", "7", "8", "9", "10", "11", "12", "13", "14", "15", "16", 
"17", "18", "19", "21", "22", "23", "24", "25", "26", "27", "28", 
"29", "30")), assign = 1:7, qr = structure(list(qr = structure(c(-7.01992940984355, 
0.210624252676037, -0.0115137994707103, 0.0227697683051067, 0.0156035750969552, 
0.053578531401714, -0.296498040585044, 0.309813436425359, 0.221230844657716, 
0.165287421668837, 0.376754624666242, 0.0413961934704026, -0.0874626079869304, 
0.271371361369005, 0.163962531326793, 0.125028647834374, 0.20506065799462, 
0.289819294389989, 0.00549131452452071, 0.174587751642009, 0.179394185857498, 
-0.140219010061642, 0.154706481059617, 0.251169171305185, 0.0747962808682988, 
0.161051063625803, 0.201461728292154, -215.902357164562, -285.019599625685, 
0.254305325899801, 0.256444032927374, 0.223270170817108, 0.222616986397486, 
0.511948555610522, -0.0202994472695104, 0.0186295847082257, 0.0855007392060203, 
-0.0674202474158129, 0.259899044961412, 0.336307064543291, 0.110522664897622, 
0.174216053768501, 0.115949478335408, 0.0905045309584157, -0.0788565104302216, 
0.209867147946763, 0.0995178459307263, -0.00586477178919711, 
0.295511874325591, 0.153148395878932, 0.0731741376518217, 0.14341590880449, 
0.17641807116912, 0.13532886118524, -163.544253456218, -224.596519896013, 
-52.8741941976236, -0.113088748766291, -0.213752237842691, -0.171905751433868, 
0.0325678383099847, 0.0225952358099973, 0.268060248041918, 0.0318617356538281, 
0.254662114109722, 0.327603686362837, -0.169110010702655, -0.332836543082345, 
-0.0249334190397087, 0.360126287319931, -0.126196713284729, 0.107045857163858, 
0.0630190653824274, 0.0385373343344175, 0.28924036134858, -0.06432710328763, 
0.131027102105394, 0.0391085196074277, -0.00687354484448526, 
0.106576462259916, -0.441072115871846, -180.088265812075, -238.336307407307, 
-18.4985098654361, -51.6897109781779, 0.0924506487500225, -0.0728086297365228, 
-0.0750532945485175, -0.0675076517898849, 0.157121933247029, 
-0.221815242380625, -0.280148517822847, -0.623336878645142, 0.210989174178685, 
0.102596423229478, -0.0221477083239872, 0.32285243882737, 0.0386151212693248, 
-0.0175272040760999, 0.179971743981793, -0.108797922707434, 0.404222000744974, 
0.0688358508305364, -0.0795307161158697, 0.215123477255166, -0.0467102210183951, 
-0.0432074636847544, 0.0244926060819547, -208.159595351956, -269.447619735448, 
-12.8738924895146, -24.1170028362233, -43.0255290284421, 0.075825647058307, 
-0.0296577455293047, 0.0271485769733782, -0.0830386068861035, 
0.100488352830258, -0.171814966005363, -0.288594256001593, 0.140790199217179, 
-0.575178182019594, -0.0598088033755669, -0.399885373348311, 
0.176293618090074, -0.00941820501759564, 0.0745079251905921, 
-0.00167499103553129, -0.0394721716974294, 0.387124724960705, 
0.289210757931647, 0.0060368881162803, -0.0627796619890505, -0.151900259959553, 
-0.197217535623071, -243.091177877453, -298.597155431126, -26.2879246228173, 
-20.7836426388827, -47.0715631069181, 58.3752616349434, -0.241983665582516, 
-0.0309844120985334, 0.124197396821454, -0.0649716264733435, 
0.221827596319521, -0.107519548317407, 0.0771938296805362, 0.303495600443256, 
0.218910741381905, -0.176085809110205, 0.033194628668334, -0.105770142231427, 
-0.115940865166681, -0.0820448353026585, 0.125209591544552, -0.149237112477285, 
0.454127177518484, 0.314047107465097, -0.42107985592925, 0.296657191462904, 
-0.108146648220452, -148.978654156289, -166.364549886134, -22.3643746169554, 
-31.3267842189104, -25.4199538273157, 2.51934594717336, 35.73714214756, 
0.0866114622403668, 0.370991584079904, -0.134265902402821, 0.439601553102752, 
-0.0633658600777689, 0.0739227584786549, 0.232117388560868, -0.303023935821661, 
-0.266864675504792, 0.0886604513207873, 0.0305526684517409, 0.123963359991284, 
0.134018515562305, -0.0880671434331191, 0.109138610220793, -0.461089368589254, 
0.278636265903255, -0.110582074012587, -0.0699191560992294, 0.0572440358387376
), .Dim = c(27L, 7L), .Dimnames = list(c("1", "2", "3", "5", 
"7", "8", "9", "10", "11", "12", "13", "14", "15", "16", "17", 
"18", "19", "21", "22", "23", "24", "25", "26", "27", "28", "29", 
"30"), c("x1", "x2", "x3", "x4", "x5", "x6", "x7")), assign = 1:7), 
    qraux = c(1.23813760318315, 1.06524545829338, 1.22443665495451, 
    1.06215026133315, 1.10469598830529, 1.17548368780951, 1.21157428471522
    ), pivot = 1:7, tol = 1e-07, rank = 7L), .Names = c("qr", 
"qraux", "pivot", "tol", "rank"), class = "qr"), df.residual = 20L, 
    xlevels = structure(list(), .Names = character(0)), call = quote(lm(formula = y ~ 
        . + 0, data = structure(list(y = c(43, 63, 71, 81, 58, 
        71, 72, 67, 64, 67, 69, 68, 77, 81, 74, 65, 65, 50, 64, 
        53, 40, 63, 66, 78, 48, 85, 82), x1 = c(1.67170916417502, 
        1.47856738578683, -0.08082605952348, 0.159842166180342, 
        0.109535995721818, 0.376117508323118, -2.08139531506394, 
        2.17486845392707, 1.55302491277723, 1.16030603245028, 
        2.64479086998912, 0.290598355998453, -0.61398133406907, 
        1.90500780066356, 1.15100539577335, 0.877692282005491, 
        1.4395113438583, 2.03451098822839, 0.038548640329384, 
        1.2255936923502, 1.25933452125599, -0.98432755255087, 
        1.08602857628381, 1.7631898524913, 0.525064611814289, 
        1.13056709803336, 1.414247111396), x2 = c(51, 64, 70, 
        78, 67, 75, 82, 61, 53, 60, 62, 83, 77, 90, 85, 60, 70, 
        40, 61, 66, 37, 54, 77, 75, 57, 85, 82), x3 = c(30, 51, 
        68, 56, 42, 50, 72, 45, 53, 47, 57, 83, 54, 50, 64, 65, 
        46, 33, 52, 52, 42, 42, 66, 58, 44, 71, 39), x4 = c(39, 
        54, 69, 66, 56, 55, 67, 47, 58, 39, 42, 45, 72, 72, 69, 
        75, 57, 34, 62, 50, 58, 48, 63, 74, 45, 71, 59),