
expected <- structure(list(coefficients = structure(c(0.688696783259602, 
-0.124688178472236, 0.372021034932563, -0.0267893305750423, 0.118850453419191, 
-0.0830048394758395), .Names = c("x1", "x2", "x3", "x4", "x5", 
"x6")), residuals = structure(c(-8.45658572751773, 2.10623926910232, 
1.39965232208619, 0.106437189559899, 5.64948288704676, -6.69241169548082, 
-7.14752457168073, 2.55531489094649, -5.81039185698187, 8.67157625121124, 
8.94328925662618, 13.2185523996658, -0.219405797012491, 0.701089629406142, 
-3.35620651390044, -4.27215838289973, -2.95318374121978, -4.79431973645376, 
10.2027952700939, 1.07123529882862, -9.32038354790712, -3.18986969268562, 
-2.93638265956756, 2.99014723553253, -7.85453123936802, 6.73325168667995, 
4.12183220177222), .Names = c("1", "2", "3", "4", "5", "6", "7", 
"8", "9", "10", "11", "12", "14", "15", "16", "17", "19", "20", 
"21", "22", "23", "24", "26", "27", "28", "29", "30")), effects = structure(c(-339.628448022285, 
1.18516200434482, -16.4761185512421, 1.89493194149153, 7.29827329371742, 
-2.69230578169899, -4.72739816130995, 3.68228080345418, -2.25936531200452, 
11.195847980827, 10.2356277600042, 15.1841091947377, 1.27023447181349, 
1.90062982831626, -5.38609533591578, -6.76340951073731, -0.0479910689623871, 
-5.60417991897904, 11.8021390663861, 2.94851115627273, -6.34525410804143, 
-6.52933170077332, -5.82798081678209, 3.60060074277721, -5.66815361844079, 
4.7806513052547, 5.97344070894554), .Names = c("x1", "x2", "x3", 
"x4", "x5", "x6", "", "", "", "", "", "", "", "", "", "", "", 
"", "", "", "", "", "", "", "", "", "")), rank = 6L, fitted.values = structure(c(51.4565857275177, 
60.8937607308977, 69.6003476779138, 60.8935628104401, 75.3505171129532, 
49.6924116954808, 65.1475245716807, 68.4446851090535, 77.8103918569819, 
58.3284237487888, 55.0567107433738, 53.7814476003342, 68.2194057970125, 
76.2989103705939, 84.3562065139004, 78.2721583828997, 67.9531837412198, 
54.7943197364538, 39.7972047299061, 62.9287647011714, 62.3203835479071, 
43.1898696926856, 68.9363826595676, 75.0098527644675, 55.854531239368, 
78.2667483133201, 77.8781677982278), .Names = c("1", "2", "3", 
"4", "5", "6", "7", "8", "9", "10", "11", "12", "14", "15", "16", 
"17", "19", "20", "21", "22", "23", "24", "26", "27", "28", "29", 
"30")), assign = 1:6, qr = structure(list(qr = structure(c(-357.558386840527, 
0.17899174611878, 0.195772222317415, 0.176195000085674, 0.218146190582263, 
0.153821031820826, 0.187381984218097, 0.209755952482945, 0.229333174714686, 
0.170601508019462, 0.148227539754614, 0.167804761986356, 0.232129920747792, 
0.215349444549157, 0.251707142979534, 0.237723412814004, 0.195772222317415, 
0.162211269920144, 0.111869841324237, 0.170601508019462, 0.184585238184991, 
0.103479603224919, 0.215349444549157, 0.209755952482945, 0.159414523887038, 
0.237723412814004, 0.229333174714686, -277.146344896665, -54.661718875449, 
0.28128176987232, -0.043214694341901, -0.0482769533611017, 0.139989319149798, 
-0.153111039805466, -0.11678298868458, 0.189419136811926, -0.0157080296866917, 
0.240673338675868, 0.0346339800763437, 0.37690353037919, -0.0711122984689278, 
-0.32308297359865, 0.00180443008738876, -0.121193681917418, 0.446321757803576, 
0.0535798845804214, 0.112352341337316, 0.0435856796992926, 0.259488930022674, 
0.148419766143657, 0.0295717210571431, 0.0210109609060115, 0.129864801111396, 
-0.414294040872681, -295.417486730946, -13.613244319203, -46.4885804545246, 
-0.0848031366509573, 0.0613674207668315, -0.0654769651100126, 
0.0725555000781092, -0.101114670327155, -0.061503038983658, -0.0581468192909321, 
0.23956145678356, -0.22828749284359, -0.610675277677506, 0.215143093746255, 
0.064644151905359, -0.0129319550919021, 0.0313145620054338, 0.00150132376972626, 
0.0104073094209488, 0.224670603459794, -0.100098097539824, 0.515421578411745, 
-0.0467541999512127, 0.262053608040272, -0.0421637222543243, 
-0.00975309890736059, -0.0457595624727402, -339.944480324026, 
-17.7936191984021, -27.7536353343809, 37.4682951143553, 0.168576127631155, 
0.0177537444059552, -0.0261297220748461, -0.0272323701958469, 
0.296511155055618, -0.10451821378509, 0.116074033444198, -0.145685188881597, 
0.347594822456433, 0.0251058114102543, 0.65342988697145, 0.109712078963463, 
-0.201805687141122, 0.0155657151423835, -0.0683145378833629, 
0.0432576311421466, -0.00230655298115734, 0.110413959827463, 
-0.296630676727623, 0.0244751733151727, 0.112123287336512, 0.223686472625189, 
0.218980984970464, -384.119083916934, -23.7240963885733, -16.703966778153, 
48.4971171014883, 61.6903861884486, 0.269403644775924, 0.140010392395919, 
0.299720147690296, 0.102495952992143, -0.108341834703981, -0.0118365770596251, 
-0.0276566322376424, 0.139938116588432, 0.214805808270385, 0.391973490496708, 
0.266501781016196, 0.0136958622759486, -0.0242709162253711, -0.226179399293748, 
-0.0808552951305113, -0.0551806204941302, -0.0842249985615736, 
0.416011269107681, 0.205399422657365, -0.328158299795659, 0.333206943395353, 
0.0209854869305337, -223.0153254259, -21.4065295849487, -24.8224560020529, 
34.5187327598679, 0.405483301903942, 32.4355278403092, 0.228395596421739, 
0.149413547886056, 0.51103435251097, 0.0319858310797024, 0.214019089408084, 
0.00746493937627603, 0.212498008496278, 0.179238886899375, -0.173365595611813, 
-0.332921093697439, 0.131657301658365, -0.101216423303624, -0.0988667274663638, 
0.126312168549275, 0.175508510162406, -0.40941323163748, -0.246050200081654, 
0.149147290408582, -0.154554902851697, -0.102045138961676, -0.116601542780404
), .Dim = c(27L, 6L), .Dimnames = list(c("1", "2", "3", "4", 
"5", "6", "7", "8", "9", "10", "11", "12", "14", "15", "16", 
"17", "19", "20", "21", "22", "23", "24", "26", "27", "28", "29", 
"30"), c("x1", "x2", "x3", "x4", "x5", "x6")), assign = 1:6), 
    qraux = c(1.1426340476884, 1.05279800563679, 1.16422330410902, 
    1.13035033494548, 1.03778984708801, 1.12994491143645), pivot = 1:6, 
    tol = 1e-07, rank = 6L), .Names = c("qr", "qraux", "pivot", 
"tol", "rank"), class = "qr"), df.residual = 21L, xlevels = structure(list(), .Names = character(0)), 
    call = quote(lm(formula = y ~ . + 0, data = structure(list(y = c(43, 
        63, 71, 61, 81, 43, 58, 71, 72, 67, 64, 67, 68, 77, 81, 
        74, 65, 50, 50, 64, 53, 40, 66, 78, 48, 85, 82), x1 = c(51, 
        64, 70, 63, 78, 55, 67, 75, 82, 61, 53, 60, 83, 77, 90, 
        85, 70, 58, 40, 61, 66, 37, 77, 75, 57, 85, 82), x2 = c(30, 
        51, 68, 45, 56, 49, 42, 50, 72, 45, 53, 47, 83, 54, 50, 
        64, 46, 68, 33, 52, 52, 42, 66, 58, 44, 71, 39), x3 = c(39, 
        54, 69, 47, 66, 44, 56, 55, 67, 47, 58, 39, 45, 72, 72, 
        69, 57, 54, 34, 62, 50, 58, 63, 74, 45, 71, 59), x4 = c(61, 
        63, 76, 54, 71, 54, 66, 70, 71, 62, 58, 59, 59, 79, 60, 
        79, 75, 64, 43, 66, 63, 50, 88, 80, 51, 77, 64), x5 = c(92, 
        73, 86, 84, 83, 49, 68, 66, 83, 80, 67, 74, 77, 77, 54, 
        79, 85, 78, 64, 80, 80, 57, 76, 78, 83, 74, 78), x6 = c(45, 
        47, 48, 35, 47, 34, 35, 41, 31, 41, 34, 41, 35, 46, 36, 
        63, 46, 52, 33, 41, 37, 49, 72, 49, 38, 55, 39)), .Names = c("y", 
        "x1", "x2", "x3", "x4", "x5", "x6"), row.names = c("1", 
        "2", "3", "4", "5", "6", "7", "8", "9", "10", "11", "12", 
        "14", "15", "16", "17", "19", "20", "21", "22", "23", 
        "24", "26", "27", "28", "29", "30"), class = "data.frame"))), 
    terms = y ~ x1 + x2 + x3 + x4 + x5 + x6 + 0, model = structure(list(
        y = c(43, 63, 71, 61, 81, 43, 58, 71, 72, 67, 64, 67, 
        68, 77, 81, 74, 65, 50, 50, 64, 53, 40, 66, 78, 48, 85, 
        82), x1 = c(51, 64, 70, 63, 78, 55, 67, 75, 82, 61, 53, 
        60, 83, 77, 90, 85, 70, 58, 40, 61, 66, 37, 77, 75, 57, 
        85, 82), x2 = c(30, 51, 68, 45, 56, 49, 42, 50, 72, 45, 
        53, 47, 83, 54, 50, 64, 46, 68, 33, 52, 52, 42, 66, 58, 
        44, 71, 39), x3 = c(39, 54, 69, 47, 66, 44, 56, 55, 67, 
        47, 58, 39, 45, 72, 72, 69, 57, 54, 34, 62, 50, 58, 63, 
        74, 45, 71, 59),