
expected <- structure(list(coefficients = structure(c(9.13614109911066, 0.621079401711691, 
0.11436726163865, 0.259228645466213, -0.0431495902122597, 0.062738038611801, 
-0.195217701985636), .Names = c("x1", "x2", "x3", "x4", "x5", 
"x6", "x7")), residuals = structure(c(-9.82432498772435, 2.6267847053781, 
1.80877386951985, 0.670692819633353, 5.22209508387909, -11.7553503519814, 
-6.65438425082125, 4.13489518568574, -7.24322190579242, 7.27859421670419, 
6.47275738894483, 10.2204822431796, 8.62397969021604, -6.32233798165172, 
2.75845331203379, -1.84405242456551, 0.476237815850855, 2.16272801324181, 
-1.68006386373462, -6.16992550054763, 4.85598978502666, -2.75388769196082, 
-10.5416391145126, -3.8076866812704, 4.69032665830167, 0.418826554848925, 
6.17525741211827), .Names = c("1", "2", "3", "4", "5", "6", "7", 
"8", "9", "10", "11", "12", "13", "14", "15", "16", "17", "18", 
"19", "20", "21", "22", "23", "24", "25", "26", "30")), effects = structure(c(-332.553755053224, 
-47.3569455303206, -8.31471808452051, 6.87733024621134, -5.05982905383843, 
1.32942518862651, -7.44974636635972, 8.16819005069658, -6.63751080844477, 
8.65218917905649, 10.6789785866987, 11.9105624706863, 12.1060506953887, 
-8.38987581395245, 5.57875123715877, -1.36807317712398, 1.38855310325368, 
0.560084089431228, 0.288609846084145, -3.88412085008624, 7.59592619888984, 
-2.01885497518954, -9.09061620444134, 1.55647364316318, 8.61675379619364, 
4.12937488613276, 5.19549821189451), .Names = c("x1", "x2", "x3", 
"x4", "x5", "x6", "x7", "", "", "", "", "", "", "", "", "", "", 
"", "", "", "", "", "", "", "", "", "")), rank = 7L, fitted.values = structure(c(52.8243249877244, 
60.3732152946219, 69.1912261304801, 60.3293071803666, 75.7779049161209, 
54.7553503519814, 64.6543842508213, 66.8651048143143, 79.2432219057924, 
59.7214057832958, 57.5272426110552, 56.7795177568204, 60.376020309784, 
74.3223379816517, 74.2415466879662, 82.8440524245655, 73.5237621841491, 
62.8372719867582, 66.6800638637346, 56.1699255005476, 45.1440102149733, 
66.7538876919608, 63.5416391145126, 43.8076866812704, 58.3096733416983, 
65.5811734451511, 75.8247425878817), .Names = c("1", "2", "3", 
"4", "5", "6", "7", "8", "9", "10", "11", "12", "13", "14", "15", 
"16", "17", "18", "19", "20", "21", "22", "23", "24", "25", "26", 
"30")), assign = 1:7, qr = structure(list(qr = structure(c(-5.19615242270663, 
0.192450089729875, 0.192450089729875, 0.192450089729875, 0.192450089729875, 
0.192450089729875, 0.192450089729875, 0.192450089729875, 0.192450089729875, 
0.192450089729875, 0.192450089729875, 0.192450089729875, 0.192450089729875, 
0.192450089729875, 0.192450089729875, 0.192450089729875, 0.192450089729875, 
0.192450089729875, 0.192450089729875, 0.192450089729875, 0.192450089729875, 
0.192450089729875, 0.192450089729875, 0.192450089729875, 0.192450089729875, 
0.192450089729875, 0.192450089729875, -342.753609808908, -68.0364825881156, 
0.0948302518508885, -0.00805572540306698, 0.212414225855409, 
-0.125639699407587, 0.0507362615991933, 0.168320235603714, 0.271206212857669, 
-0.0374517189041971, -0.155035692908718, -0.0521497156547622, 
-0.022753722153632, 0.285904209608234, 0.197716229104844, 0.38879018686219, 
0.315300203109364, -0.0521497156547622, 0.0948302518508885, -0.0815457091558923, 
-0.346109650666063, -0.0374517189041971, 0.0360382648486282, 
-0.390203640917759, -0.140337696158153, 0.197716229104844, 0.271206212857669, 
-266.735824365607, 7.49107901053797, -56.4967586261183, -0.369118074879295, 
0.377884498697521, -0.0724943235075703, -0.189977536481928, -0.309599982943799, 
0.026021122365326, -0.00733501655785122, -0.170914657951747, 
-0.0122948575524759, -0.161676349982095, 0.154881876796849, 0.0720224393561441, 
0.0125994588493674, -0.153800790051639, -0.0299949880434613, 
0.0373035523937711, -0.199215844451579, -0.0406911554810284, 
0.505968767680726, -0.106436725021626, -0.338772766320669, 0.205747923353572, 
-0.0518784740807538, 0.0614213833472968, -288.867584684543, -31.8151748922231, 
-1.29205032808112, 48.0691561299497, -0.0157628141688594, 0.0785383233516603, 
-0.0860094660590753, -0.0207218614369939, -0.100907449195313, 
0.0954068610052722, -0.261874008775559, 0.250369803841549, 0.163660302067021, 
0.404962782869415, -0.241254058381508, -0.128955138278876, -0.165844603393341, 
-0.503798664765101, -0.00945125275805144, -0.137083281873639, 
0.146097645361629, -0.0644666735502192, 0.0535841478605007, -0.471534503014104, 
0.0678205929791111, -0.0907561607218091, 0.0760143945850372, 
-333.131105322414, -32.1902459944875, -5.33021156321956, 12.8397721985464, 
36.3755937966901, 0.0905666749937919, -0.0595232047990713, -0.146319688525102, 
0.0873770499492337, -0.0346480787048122, 0.0710367346521617, 
-0.037695295419778, 0.0768164377829225, 0.250840579317479, -0.113165446999334, 
0.498580804854486, -0.137595378639762, 0.409852471213495, -0.211947173844281, 
-0.0990215713303727, 0.184803852586945, 0.136159705532453, -0.0197361354056188, 
0.11606137169335, -0.134521261985386, -0.479511837812233, 0.213262680809726, 
-386.439780177589, -11.4110891809387, -17.2956477695278, 0.929523883797144, 
19.7780629631764, 43.9875905115007, 0.108129169319055, 0.169252728293045, 
-0.150482536577872, -0.0235870517331382, -0.0168524763153977, 
0.162441698514346, 0.244577437618197, 0.155775413378242, 0.051547500153838, 
0.306720677079424, -0.0668988518699687, -0.465669125901357, -0.0382731672773313, 
-0.144041561825245, 0.179467948111298, 0.132570639719525, -0.0905583493710768, 
-0.0189949625110292, 0.236176759828731, 0.236247981572755, -0.017871260670929, 
-220.547802830437, -8.28150461356839, 3.3977629740493, 26.0624806604886, 
24.2348614777882, 7.32653826357076, 38.1612235498392, 0.166712369147028, 
0.465390305450461, -0.0242287973756656, 0.37270785973654, -0.19434978100091, 
0.23226285507578, -0.214741332792178, 0.245684392697536, 0.0974411460104722, 
-0.197768121417087, -0.168385829074052, 0.0778813474816675, -0.0713859945932768, 
-0.111967040634437, 0.0045724000685385, 0.142727762768651, 0.0602987281187394, 
0.189203404755739, -0.402806533699109, 0.0113643596648454), .Dim = c(27L, 
7L), .Dimnames = list(c("1", "2", "3", "4", "5", "6", "7", "8", 
"9", "10", "11", "12", "13", "14", "15", "16", "17", "18", "19", 
"20", "21", "22", "23", "24", "25", "26", "30"), c("x1", "x2", 
"x3", "x4", "x5", "x6", "x7")), assign = 1:7), qraux = c(1.19245008972988, 
1.0066422713475, 1.0019032914118, 1.00813769912803, 1.14011845674356, 
1.5614061174616, 1.30831967001581), pivot = 1:7, tol = 1e-07, 
    rank = 7L), .Names = c("qr", "qraux", "pivot", "tol", "rank"
), class = "qr"), df.residual = 20L, xlevels = structure(list(), .Names = character(0)), 
    call = quote(lm(formula = y ~ . + 0, data = structure(list(y = c(43, 
        63, 71, 61, 81, 43, 58, 71, 72, 67, 64, 67, 69, 68, 77, 
        81, 74, 65, 65, 50, 50, 64, 53, 40, 63, 66, 82), x1 = c(1, 
        1, 1, 1, 1, 1, 1, 1, 1, 1, 1, 1, 1, 1, 1, 1, 1, 1, 1, 
        1, 1, 1, 1, 1, 1, 1, 1), x2 = c(51, 64, 70, 63, 78, 55, 
        67, 75, 82, 61, 53, 60, 62, 83, 77, 90, 85, 60, 70, 58, 
        40, 61, 66, 37, 54, 77, 82), x3 = c(66, 42, 52, 33, 71, 
        52, 42, 33, 50, 54, 47, 54, 45, 57, 54, 47, 39, 53, 54, 
        44, 58, 83, 47, 42, 68, 47, 52), x4 = c(39, 54, 69, 47, 
        66, 44, 56, 55, 67, 47, 58, 39, 42, 45, 72, 72, 69, 75, 
        57, 54, 34, 62, 50, 58, 48, 63, 59), x5 = c(61, 63, 76, 
        54, 71, 54, 66, 70, 71, 62, 58, 59, 55, 59, 79, 60, 79, 
        55, 75, 64, 43, 66, 63, 50, 66, 88, 64), x6 = c(92, 73, 
        86, 84, 83, 49, 68, 66, 83, 80, 67, 74, 63, 77, 77, 54, 
        79, 80, 85, 78, 64, 80, 80, 57, 75, 76, 78), x7 = c(45, 
        47, 48, 35, 47, 34, 35, 41, 31, 41, 34, 41, 25, 35, 46, 
        36, 63, 60, 46, 52, 33, 41, 37, 49, 33, 72, 39)), .Names = c("y", 
        "x1", "x2", "x3", "x4", "x5", "x6", "x7"),