
expected <- structure(list(coefficients = structure(c(0.0566930576199767, 
0.650092284827803, 0.102561874509084, 0.326672468255053, -0.0264012460701306, 
0.0368424197972314, -0.0945821076208286), .Names = c("x1", "x2", 
"x3", "x4", "x5", "x6", "x7")), residuals = structure(c(-7.24354133151462, 
2.80862961364552, 0.941216984930586, 2.89062292298978, 4.65575941682094, 
-9.68239442401295, -5.66656163160139, 4.12921189821295, -6.63079654798783, 
8.96308042142957, 7.99962639054769, 12.3684032328708, -4.52945965634291, 
1.42705113849645, -2.90628453890585, -2.72103062776494, -1.5225601865415, 
-6.18084074121771, 8.78271117254939, -1.80569597887912, -8.9013924703242, 
-3.51014183593834, -3.18137509307453, 3.55231966979551, -7.26276904275656, 
6.69269155807697, 6.5335196864963), .Names = c("1", "2", "3", 
"4", "5", "6", "7", "8", "9", "10", "11", "12", "14", "15", "16", 
"17", "19", "20", "21", "22", "23", "24", "26", "27", "28", "29", 
"30")), effects = structure(c(-335.248056309443, 55.507881731414, 
6.43258743191049, 11.9469083363795, -2.88741804260553, 1.72859072122277, 
-2.98005367605989, 7.5556303327288, -5.30552876929492, 10.2489264510603, 
8.50712735021617, 14.6411527933262, -3.34745684529475, 4.66170820216259, 
-2.89630035183088, -1.88739440215282, 1.52673389638807, -6.43147401321798, 
8.93980321377032, 0.319239583851212, -7.84320196456238, -5.70904612435556, 
1.94240352322561, 6.36313745910109, -9.74342535360539, 8.12736899664184, 
6.65787620489495), .Names = c("x1", "x2", "x3", "x4", "x5", "x6", 
"x7", "", "", "", "", "", "", "", "", "", "", "", "", "", "", 
"", "", "", "", "", "")), rank = 7L, fitted.values = structure(c(50.2435413315146, 
60.1913703863545, 70.0587830150694, 58.1093770770102, 76.3442405831791, 
52.6823944240129, 63.6665616316014, 66.8707881017871, 78.6307965479878, 
58.0369195785704, 56.0003736094523, 54.6315967671292, 72.5294596563429, 
75.5729488615035, 83.9062845389059, 76.7210306277649, 66.5225601865415, 
56.1808407412177, 41.2172888274506, 65.8056959788791, 61.9013924703242, 
43.5101418359383, 69.1813750930745, 74.4476803302045, 55.2627690427566, 
78.307308441923, 75.4664803135037), .Names = c("1", "2", "3", 
"4", "5", "6", "7", "8", "9", "10", "11", "12", "14", "15", "16", 
"17", "19", "20", "21", "22", "23", "24", "26", "27", "28", "29", 
"30")), assign = 1:7, qr = structure(list(qr = structure(c(-5.19615242270663, 
0.192450089729875, 0.192450089729875, 0.192450089729875, 0.192450089729875, 
0.192450089729875, 0.192450089729875, 0.192450089729875, 0.192450089729875, 
0.192450089729875, 0.192450089729875, 0.192450089729875, 0.192450089729875, 
0.192450089729875, 0.192450089729875, 0.192450089729875, 0.192450089729875, 
0.192450089729875, 0.192450089729875, 0.192450089729875, 0.192450089729875, 
0.192450089729875, 0.192450089729875, 0.192450089729875, 0.192450089729875, 
0.192450089729875, 0.192450089729875, -350.644063487833, 69.9767157041593, 
-0.0740027970375246, 0.0260304773103873, -0.188326539149424, 
0.140354219422287, -0.0311313937455624, -0.145455135857462, -0.245488410205373, 
0.0546114128383621, 0.168935154950261, 0.0689018806023495, -0.259778877969361, 
-0.174036071385436, -0.359812152317273, -0.288359813497336, -0.0740027970375246, 
0.0974828161303243, 0.354711235882098, 0.0546114128383621, -0.0168409259815749, 
0.39758263917406, -0.174036071385436, -0.145455135857462, 0.111773283894312, 
-0.288359813497336, -0.245488410205373, -262.88682257101, -6.7551570396952, 
54.3588665434405, 0.367335668529138, -0.314868882858628, 0.00881817264197906, 
0.206263552781587, 0.380818419646512, 0.0759468884605188, -0.0212329776037801, 
0.0985523619668663, -0.0223565401968947, -0.0517033892619296, 
-0.00325597611394714, 0.140124177912105, 0.281676468164318, -0.0111209142657491, 
0.159358963639109, -0.118412843668079, -0.554724601768255, 0.113158675677356, 
0.17255667498815, 0.125517864201616, 0.0312894245042703, 0.0110652978282082, 
0.226487679457649, 0.0391543626560722, -293.67883692779, 37.9020254461815, 
-0.3911443272612, 43.9775421542973, -0.211169571358525, 0.104312196465922, 
0.0330225043258691, 0.202469746573502, -0.0734074346459331, 0.0999126027122426, 
-0.212417406703544, 0.269426917076618, 0.402273230311454, -0.27021191298599, 
-0.0720832227955315, -0.0235971554530399, -0.0159057423324764, 
-0.0436334334296924, 0.11406048862457, -0.394337741316011, 0.130650929693153, 
-0.384356729013636, -0.0285906199665973, -0.329919849684397, 
0.106366749406846, -0.0849197918736771, 0.09794034300144, -339.28950819377, 
36.8715239374229, 2.58158792986026, 20.9051288856627, 33.651617230022, 
0.0760529126298586, 0.00358370316025161, -0.0888643040264791, 
0.158193715602034, -0.0665520926928089, 0.189328469281144, -0.126925186944178, 
0.135028037160853, -0.0194343751809627, 0.624382334137308, -0.0344517127543695, 
-0.214773010048157, -0.0302555241393565, 0.130916963885288, 0.110126859477474, 
-0.016305896923769, 0.316625660489907, -0.45431818359527, -0.0285329188282317, 
0.196276114919811, 0.0635625858868688, 0.22519225130921, -389.711431702997, 
9.93187509597131, 16.3927512222833, -5.57162221816107, 22.7315310377768, 
41.9150341402585, 0.207396393918628, 0.34765774128009, -0.146546298705581, 
-0.00972786327639583, 0.0319516875500481, 0.205353890344662, 
0.181225833676625, 0.0061123730664613, 0.371588290806723, 0.0171866774463331, 
-0.0577722213089266, -0.0740753420729868, 0.208500987584625, 
-0.11917601609495, -0.0261404367616867, 0.0694795803119459, 0.261239735046513, 
-0.0490082404511693, -0.218799173238001, 0.0879020023053439, 
0.00318234625945141, -225.166604983954, 11.2561251087674, -4.75168922734504, 
17.5736241474724, 29.9893721543673, -1.94898847413175, 31.5075837388469, 
0.129526432487985, 0.406973688816194, 0.0459677544629628, 0.285375872279509, 
-0.041938804543697, -0.0991723054520029, 0.18380645598639, -0.125611247184583, 
-0.423636787788, 0.136141297240487, -0.186902408271969, 0.0124996430906934, 
0.127442294455142, 0.161210197191557, -0.208991257742112, -0.428240464247798, 
0.145293677051385, -0.083979753634557, -0.224936874372702, -0.0477576660747821
), .Dim = c(27L, 7L), .Dimnames = list(c("1", "2", "3", "4", 
"5", "6", "7", "8", "9", "10", "11", "12", "14", "15", "16", 
"17", "19", "20", "21", "22", "23", "24", "26", "27", "28", "29", 
"30"), c("x1", "x2", "x3", "x4", "x5", "x6", "x7")), assign = 1:7), 
    qraux = c(1.19245008972988, 1.0117400095464, 1.0256716115387, 
    1.23562018648391, 1.13387733599609, 1.63390596157095, 1.29909330626998
    ), pivot = 1:7, tol = 1e-07, rank = 7L), .Names = c("qr", 
"qraux", "pivot", "tol", "rank"), class = "qr"), df.residual = 20L, 
    xlevels = structure(list(), .Names = character(0)), call = quote(lm(formula = y ~ 
        . + 0, data = structure(list(y = c(43, 63, 71, 61, 81, 
        43, 58, 71, 72, 67, 64, 67, 68, 77, 81, 74, 65, 50, 50, 
        64, 53, 40, 66, 78, 48, 85, 82), x1 = c(1, 1, 1, 1, 1, 
        1, 1, 1, 1, 1, 1, 1, 1, 1, 1, 1, 1, 1, 1, 1, 1, 1, 1, 
        1, 1, 1, 1), x2 = c(51, 64, 70, 63, 78, 55, 67, 75, 82, 
        61, 53, 60, 83, 77, 90, 85, 70, 58, 40, 61, 66, 37, 77, 
        75, 57, 85, 82), x3 = c(66, 42, 52, 33, 71, 52, 42, 33, 
        50, 54, 47, 54, 57, 54, 47, 39, 54, 44, 58, 83, 47, 42, 
        47, 52, 52, 42, 52), x4 = c(39, 54, 69, 47, 66, 44, 56, 
        55, 67, 47, 58, 39, 45, 72, 72, 69, 57, 54, 34, 62, 50, 
        58, 63, 74, 45, 71, 59), x5 = c(61, 63, 76, 54, 71, 54, 
        66, 70, 71, 62, 58, 59, 59, 79, 60, 79, 75, 64, 43, 66, 
        63, 50, 88, 80, 51, 77, 64), x6 = c(92, 73, 86, 84, 83, 
        49, 68, 66, 83, 80, 67, 74, 77, 77, 54, 79, 85, 78, 64, 
        80, 80, 57, 76, 78, 83, 74, 78), x7 = c(45, 47, 48, 35, 
        47, 34, 35, 41, 31, 41, 34, 41, 35, 46, 36, 63, 46, 52, 
        33, 41, 37, 49, 72, 49, 38, 55, 39)), .Names = c("y", 
        "x1", "x2", "x3", "x4", "x5", "x6", "x7"),