
expected <- structure(list(coefficients = structure(c(11.213337161295, 0.600338852414486, 
-0.0190332354392371, 0.30536807925745, 0.14264809484635, -0.0463313577339771, 
-0.186474482173705), .Names = c("x1", "x2", "x3", "x4", "x5", 
"x6", "x7")), residuals = structure(c(-6.9299143128137, -2.56074755805766, 
1.50730336039582, 8.06536606213024, -8.47635521697934, 0.634159724664997, 
-6.32041737453664, 6.8941363648361, 4.29567564430804, 11.409275313941, 
5.42192336864471, -5.23716024932085, 2.330967339544, -6.191713871376, 
-0.531985595800827, 1.58108934235887, -3.52071642326193, 2.86835613071223, 
-0.410504081104645, -9.92455027747264, -7.26122417739423, 7.29295741764442, 
-3.74327784001275, 4.03220425248471, -7.10821706336153, 6.12733682500415, 
5.75603289482345), .Names = c("1", "2", "3", "5", "7", "8", "9", 
"10", "11", "12", "13", "14", "15", "16", "17", "18", "19", "21", 
"22", "23", "24", "25", "26", "27", "28", "29", "30")), effects = structure(c(-343.523410167827, 
49.3571362451374, -0.900494662017867, -9.30463239602708, 5.03255860708266, 
-4.85229472171037, -7.74422227167583, 8.73746570032702, 5.26583645650591, 
15.6239840065532, 8.05515212119033, -1.51143238053513, 1.5470699478041, 
-9.27000294275409, -1.54021239158659, -1.183677151876, -4.31802227628393, 
5.01402396734204, -0.414342225667316, -6.41536678739544, -8.04954458564577, 
11.3617124393204, -7.82711823233004, 2.38104584709791, -2.3594969506764, 
3.60735650609986, 6.19241569111492), .Names = c("x1", "x2", "x3", 
"x4", "x5", "x6", "x7", "", "", "", "", "", "", "", "", "", "", 
"", "", "", "", "", "", "", "", "", "")), rank = 7L, fitted.values = structure(c(49.9299143128137, 
65.5607475580577, 69.4926966396042, 72.9346339378698, 66.4763552169793, 
70.365840275335, 78.3204173745366, 60.1058636351639, 59.704324355692, 
55.590724686059, 63.5780766313553, 73.2371602493209, 74.669032660456, 
87.191713871376, 74.5319855958008, 63.4189106576411, 68.5207164232619, 
47.1316438692878, 64.4105040811046, 62.9245502774726, 47.2612241773942, 
55.7070425823556, 69.7432778400128, 73.9677957475153, 55.1082170633615, 
78.8726631749958, 76.2439671051766), .Names = c("1", "2", "3", 
"5", "7", "8", "9", "10", "11", "12", "13", "14", "15", "16", 
"17", "18", "19", "21", "22", "23", "24", "25", "26", "27", "28", 
"29", "30")), assign = 1:7, qr = structure(list(qr = structure(c(-5.19615242270663, 
0.192450089729875, 0.192450089729875, 0.192450089729875, 0.192450089729875, 
0.192450089729875, 0.192450089729875, 0.192450089729875, 0.192450089729875, 
0.192450089729875, 0.192450089729875, 0.192450089729875, 0.192450089729875, 
0.192450089729875, 0.192450089729875, 0.192450089729875, 0.192450089729875, 
0.192450089729875, 0.192450089729875, 0.192450089729875, 0.192450089729875, 
0.192450089729875, 0.192450089729875, 0.192450089729875, 0.192450089729875, 
0.192450089729875, 0.192450089729875, -350.644063487833, 69.9910047130397, 
-0.0739876890014511, -0.188288091357435, -0.0311250381179571, 
-0.145425440473941, -0.245438292535427, 0.0546002636490308, 0.168900666005015, 
0.0688878139435288, 0.0403127133545328, -0.259725842829925, -0.174000541062937, 
-0.359738694891411, -0.288300943418921, 0.0688878139435288, -0.0739876890014511, 
0.354638819833489, 0.0546002636490308, -0.0168374878234591, 0.397501470716983, 
0.154613115710517, -0.174000541062937, -0.145425440473941, 0.111750464827023, 
-0.288300943418921, -0.245438292535427, -275.588528493181, 38.4409186516115, 
-50.5891167760729, -0.00316766421737167, -0.167031203886066, 
-0.0909859330561284, 0.272060140307717, -0.0461612801759294, 
0.194067007807626, 0.00363435324785844, 0.18078245036209, 0.479236773419893, 
-0.0324404204969572, -0.244907511637645, 0.0831390451846672, 
0.359442106913039, -0.118747129898996, -0.0678762392719259, 0.092208401804974, 
0.0409012089444684, 0.140811953276968, -0.0336325024487515, 0.204764748613163, 
0.0671508463506184, -0.0248826233133682, 0.221508727165571, -0.380254074745113, 
-297.527838722387, 35.5135583468277, -11.8516979838765, -48.2235379626031, 
0.0750897993545926, -0.058236441180571, -0.0196557085553235, 
-0.0941457096375501, 0.127353894350043, -0.268315037800077, -0.293849248636085, 
-0.564434550492817, 0.251241851319996, 0.194927838781171, 0.0615428067064411, 
0.344114840428868, 0.0461558654104395, -0.135222990778853, 0.164758226616937, 
-0.117203131244745, 0.315284649387418, -0.00469171660190341, 
-0.0247846889873241, 0.276164899973097, -0.101673414793717, 0.0508688449211501, 
0.0602883418434414, -344.485660616477, -1.75525201210555, -3.36390936152138, 
7.9962375930546, 43.1427052717666, 0.00249290404492952, 0.0634728127879465, 
-0.0632231349727125, 0.0842428518063883, 0.266517398490059, -0.145194390599075, 
-0.0806783667255717, 0.014333609622378, -0.369107122973773, 0.0985304943440121, 
-0.00489592431473862, -0.356031863206112, -0.0795667789439606, 
-0.0872177099731584, 0.189114485312674, 0.275920351230052, 0.342197325798139, 
-0.366194647555709, -0.0601889202343049, 0.365121465430407, -0.234941259692588, 
-0.172522515667237, -391.058582331106, 6.68128185253085, -3.59575616558608, 
2.60675033656675, -9.04641308570216, 43.8974197254863, 0.000308480595283688, 
-0.0700397558394448, 0.242538002326817, 0.0716541588129094, 0.362003578544445, 
0.175909261497762, 0.0629822780785099, 0.595034360498615, 0.067946910598898, 
0.00464117573393169, -0.163390664145727, 0.21146928945919, -0.0426956355028187, 
-0.0348122291372425, 0.401901568500521, 0.0211465915186678, 0.12778990435894, 
0.0513339929029301, -0.148774524305474, 0.20709567518368, -0.00742441686461599, 
-224.589254714764, 11.8745418003161, -11.0954592247823, -23.6033527970351, 
8.26278582128006, 15.1144951950307, 41.5296622969673, 0.0287598276712298, 
0.214728409353634, -0.220338446794168, 0.265534216660043, 0.0490967934023763, 
0.0813678007573172, 0.246150969564368, -0.411231655783828, -0.120318935188592, 
0.126996926808271, 0.0526183585641848, 0.211234768789574, 0.0480651933224583, 
-0.22017240689723, 0.079818040900648, -0.515273593887053, 0.0751781402860548, 
-0.0400524021480835, -0.108218838843793, 0.151797251592506), .Dim = c(27L, 
7L), .Dimnames = list(c("1", "2", "3", "5", "7", "8", "9", "10", 
"11", "12", "13", "14", "15", "16", "17", "18", "19", "21", "22", 
"23", "24", "25", "26", "27", "28", "29", "30"), c("x1", "x2", 
"x3", "x4", "x5", "x6", "x7")), assign = 1:7), qraux = c(1.19245008972988, 
1.01173761276554, 1.31612901346956, 1.10529795744899, 1.11992968819398, 
1.29327125860857, 1.3906492539158), pivot = 1:7, tol = 1e-07, 
    rank = 7L), .Names = c("qr", "qraux", "pivot", "tol", "rank"
), class = "qr"), df.residual = 20L, xlevels = structure(list(), .Names = character(0)), 
    call = quote(lm(formula = y ~ . + 0, data = structure(list(y = c(43, 
        63, 71, 81, 58, 71, 72, 67, 64, 67, 69, 68, 77, 81, 74, 
        65, 65, 50, 64, 53, 40, 63, 66, 78, 48, 85, 82), x1 = c(1, 
        1, 1, 1, 1, 1, 1, 1, 1, 1, 1, 1, 1, 1, 1, 1, 1, 1, 1, 
        1, 1, 1, 1, 1, 1, 1, 1), x2 = c(51, 64, 70, 78, 67, 75, 
        82, 61, 53, 60, 62, 83, 77, 90, 85, 60, 70, 40, 61, 66, 
        37, 54, 77, 75, 57, 85, 82), x3 = c(30, 51, 68, 56, 42, 
        50, 72, 45, 53, 47, 57, 83, 54, 50, 64, 65, 46, 33, 52, 
        52, 42, 42, 66, 58, 44, 71, 39), x4 = c(39, 54, 69, 66, 
        56, 55, 67, 47, 58, 39, 42, 45, 72, 72, 69, 75, 57, 34, 
        62, 50, 58, 48, 63, 74, 45, 71, 59), x5 = c(66, 88, 66, 
        59, 59, 63, 59, 71, 66, 59, 77, 71, 59, 71, 55, 66, 79, 
        79, 70, 59, 61, 55, 79, 63, 54, 70, 66), x6 = c(92, 73, 
        86, 83, 68, 66, 83, 80, 67, 74, 63, 77, 77, 54, 79, 80, 
        85, 64, 80, 80, 57, 75, 76, 78, 83, 74, 78), x7 = c(45, 
        47, 48, 47, 35, 41, 31, 41, 34, 41, 25, 35, 46, 36, 63, 
        60, 46, 33, 41, 37, 49, 33, 72, 49, 38, 55, 39)), .Names = c("y", 
        "x1", "x2", "x3", "x4", "x5", "x6", "x7"),