
expected <- structure(list(coefficients = structure(c(2.56386426392244, 0.530423323227325, 
-0.0221918123174668, 0.40280846863395, 0.167595080821034, 0.148626185823547, 
-0.383205988233549), .Names = c("x1", "x2", "x3", "x4", "x5", 
"x6", "x7")), residuals = structure(c(-10.0340403328333, 1.24466614332133, 
0.667662633525126, -3.41033283288956, 7.65000701579738, -5.98781836506856, 
-7.2000625894579, 3.37952295608058, -3.90449287527744, 4.56519894465536, 
3.0696281283007, 12.3582163349365, 4.67881733606055, -0.974767722824916, 
2.87096480159837, -3.80100294617087, -1.25001522976077, 4.04068436586752, 
-5.33498506130944, -6.18923887180771, 6.53083217024849, 0.485268304476783, 
-12.4066077870657, -3.35961400776857, 8.91563074536075, 0.00757426215231272, 
4.60523677139937), .Names = c("1", "2", "3", "4", "5", "6", "7", 
"8", "9", "10", "11", "12", "13", "14", "15", "16", "17", "18", 
"19", "20", "21", "22", "23", "24", "25", "26", "30")), effects = structure(c(-204.405961995814, 
-266.116154702147, -3.33122162474342, 15.0628042974373, 3.51231729650114, 
8.9136792212206, -13.0174754595947, 4.91929425966131, -8.42019135995674, 
8.16669653479054, 7.2005608358751, 13.631438488959, 12.3623263075444, 
-2.52567032667302, 2.19176677061536, -2.56097855273662, -1.29895917258618, 
-1.83373940564697, -1.96170591067912, -5.26712487128843, 8.90477688724766, 
-0.173058980997621, -10.4978301637805, -3.02285364145575, 8.81684905334965, 
3.01631723763878, 4.12255160385963), .Names = c("x1", "x2", "x3", 
"x4", "x5", "x6", "x7", "", "", "", "", "", "", "", "", "", "", 
"", "", "", "", "", "", "", "", "", "")), rank = 7L, fitted.values = structure(c(53.0340403328333, 
61.7553338566787, 70.3323373664749, 64.4103328328896, 73.3499929842026, 
48.9878183650686, 65.2000625894579, 67.6204770439194, 75.9044928752774, 
62.4348010553446, 60.9303718716993, 54.6417836650635, 64.3211826639394, 
68.9747677228249, 74.1290351984016, 84.8010029461709, 75.2500152297608, 
60.9593156341325, 70.3349850613094, 56.1892388718077, 43.4691678297515, 
63.5147316955232, 65.4066077870657, 43.3596140077686, 54.0843692546393, 
65.9924257378477, 77.3947632286006), .Names = c("1", "2", "3", 
"4", "5", "6", "7", "8", "9", "10", "11", "12", "13", "14", "15", 
"16", "17", "18", "19", "20", "21", "22", "23", "24", "25", "26", 
"30")), assign = 1:7, qr = structure(list(qr = structure(c(-7.03649626447468, 
0.210128355109305, -0.011486691172075, 0.27370302420898, 0.0227161587489701, 
-0.00695386795863549, 0.01556683775629, 0.0534523851340661, -0.295799960212063, 
0.309084006042521, 0.220709974738141, 0.164898265960624, 0.375867586733747, 
0.0412987295204865, -0.0872566844338271, 0.270732439706025, 0.163576494964469, 
0.124734278114623, 0.204577859456274, 0.154642998626081, 0.289136938578376, 
0.00547838567384814, 0.174176699067956, 0.178971816927413, -0.139888875877113, 
0.154342237310189, 0.200987403139279, -204.520358199313, -283.338001478843, 
0.255425099325104, 0.02290201831657, 0.258736328291895, 0.199181729036731, 
0.225123145218859, 0.225750794355479, 0.504956282393615, -0.00993879302088653, 
0.0262244913126652, 0.0915999314306686, -0.0550746018941172, 
0.26284198616515, 0.335344131556225, 0.120359229412023, 0.180796945701033, 
0.12086740967159, 0.0979789672727723, 0.0920142324751158, -0.0695198006756495, 
0.211298473607914, 0.106014863471422, 0.000169408582601786, 0.292522050479853, 
0.159291115797802, 0.142947574418721, -156.426317636469, -225.570284083345, 
-57.8260675582686, -0.0252271225629471, -0.112283762460856, 0.0790849418700867, 
-0.203055182914279, -0.165879998768432, 0.0220369184581474, 0.0122649992576909, 
0.238049224607144, 0.0215686618659671, 0.224013991185693, 0.290015945193206, 
-0.16284745574403, -0.315797883968645, -0.0331659569171217, 0.321922719022831, 
-0.124276153166902, 0.409806151729238, 0.091943252863465, 0.0507396786731839, 
0.0269520656748954, 0.259421702893001, -0.0641904477149852, 0.110384140386921, 
-0.413518278720924, -167.264686672666, -236.346575532018, -19.2410941168134, 
50.6122625830011, -0.0669016641417915, 0.0827292982052499, -0.0949112523792642, 
0.0705683386114148, 0.0873997236074055, 0.0484015895824082, -0.180503331641398, 
0.213657584259992, 0.257450754757748, 0.623431953010467, -0.211839248184226, 
-0.118053539056202, 0.00949974461688842, -0.346740168591316, 
-0.0519848881269161, 0.0735649757028608, -0.00201006383996767, 
-0.188729239404457, 0.0972687197218341, -0.430119688637319, -0.0645403959085959, 
0.0660565768591113, -0.0319941167507945, -195.747517788865, -269.422552381824, 
-15.982669505397, 22.7757273935666, 43.0025355617119, -0.0590612374513081, 
-0.0866881960389491, -0.0868702320141845, 0.0350490346537594, 
-0.0396329253839523, 0.121093615751731, -0.13730748904824, 0.126068282627908, 
0.193790551585467, -0.095587405844648, 0.587590775758081, 0.0610901852759665, 
0.474948745904385, -0.170157625653521, -0.0123677277652472, 0.00676249802897932, 
-0.0320662773350424, -0.0136165135348276, 0.122729319135847, 
-0.366270087182873, -0.294440106766487, 0.192522711386894, -239.60304435037, 
-297.264394836588, -29.9305168017383, 22.7129585653425, 45.0878788556976, 
53.5875877228636, -0.0102091813155787, 0.194223271628457, -0.307134697029211, 
0.0199858917176591, 0.130431756696707, -0.00974189640911025, 
0.387291312935107, 0.0726673104162788, -0.0198333625251006, 0.40278058246101, 
0.261654544518743, -0.218203165375702, 0.0238009535273118, 0.0887686799703662, 
-0.0690540191257728, -0.194842466100911, -0.0449503925086166, 
0.0573321857742995, -0.264111361394028, 0.489242324119344, -0.0825768821434168, 
-142.061673161904, -166.241363575266, -26.7821079199564, 32.6641136769235, 
27.1288442949224, -2.47689357585975, 33.9699165965565, 0.0176619957464547, 
0.150852524479082, 0.103582119600428, 0.437890068526145, -0.147105441905081, 
0.485092196131212, -0.162682591968452, 0.10979357156953, 0.221606049199925, 
-0.28802892349221, -0.312049165838092, 0.130703221559454, -0.117901553774688, 
0.035756442798162, 0.138313918781721, 0.129037565427884, -0.0185810798576721, 
0.134512502340236, -0.36734291062905, 0.00736669447069827), .Dim = c(27L, 
7L), .Dimnames = list(c("1", "2", "3", "4", "5", "6", "7", "8", 
"9", "10", "11", "12", "13", "14", "15", "16", "17", "18", "19", 
"20", "21", "22", "23", "24", "25", "26", "30"), c("x1", "x2", 
"x3", "x4", "x5", "x6", "x7")), assign = 1:7), qraux = c(1.23757692768417, 
1.07275820211868, 1.197407491592, 1.06816200095429, 1.06808739583344, 
1.2096198389822, 1.16750312667127), pivot = 1:7, tol = 1e-07, 
    rank = 7L), .Names = c("qr", "qraux", "pivot", "tol", "rank"
), class = "qr"), df.residual = 20L, xlevels = structure(list(), .Names = character(0)), 
    call = quote(lm(formula = y ~ . + 0, data = structure(list(y = c(43, 
        63, 71, 61, 81, 43, 58, 71, 72, 67, 64, 67, 69, 68, 77, 
        81, 74, 65, 65, 50, 50, 64, 53, 40, 63, 66, 82), x1 = c(1.67170916417502, 
        1.47856738578683, -0.08082605952348, 1.92591030742191, 
        0.159842166180342, -0.0489308659145888, 0.109535995721818, 
        0.376117508323118, -2.08139531506394, 2.17486845392707, 
        1.55302491277723, 1.16030603245028, 2.64479086998912, 
        0.290598355998453, -0.61398133406907, 1.90500780066356, 
        1.15100539577335, 0.877692282005491, 1.4395113438583, 
        1.08814488215958, 2.03451098822839, 0.038548640329384, 
        1.2255936923502, 1.25933452125599, -0.98432755255087, 
        1.08602857628381, 1.414247111396), x2 = c(51, 64, 70, 
        63, 78, 55, 67, 75, 82, 61, 53, 60, 62, 83, 77, 90, 85, 
        60, 70, 58, 40, 61, 66, 37, 54, 77, 82), x3 = c(30, 51, 
        68, 45, 56, 49, 42, 50, 72, 45, 53, 47, 57, 83, 54, 50, 
        64, 65, 46, 68, 33, 52, 52, 42, 42, 66, 39), x4 = c(39, 
        54, 69, 47, 66, 44, 56, 55, 67, 47, 58, 39, 42, 45, 72, 
        72, 69, 75, 57, 54, 34, 62, 50, 58, 48, 63, 59),