
expected <- structure(list(coefficients = structure(c(5.06032751314769, 0.585399962304355, 
-0.102850998420577, 0.413505840000417, 0.170186442545083, 0.00620980042543953, 
-0.206029288817343), .Names = c("x1", "x2", "x3", "x4", "x5", 
"x6", "x7")), residuals = structure(c(-7.48921224840422, -2.35618534180876, 
-2.50233177760714, 7.87370892758117, -9.22049000560831, -8.37095152438137, 
1.75001216812344, -5.53224940798493, 7.29097462196805, 4.73787266429763, 
13.4696194142105, 7.79529517159718, -1.07002126037274, 1.60360136677715, 
-6.37770692579108, 0.360253251773627, 1.12071973292719, -4.37222653875589, 
-7.73472961251263, 3.81536872522562, -8.93846556533932, 7.77251329514615, 
-2.48139163339746, 3.28992590091359, -6.38681259169622, 7.08321661412904, 
4.86969257898973), .Names = c("1", "2", "4", "5", "6", "7", "8", 
"9", "10", "11", "12", "13", "14", "15", "16", "17", "18", "19", 
"20", "21", "23", "25", "26", "27", "28", "29", "30")), effects = structure(c(-339.4819582835, 
47.9679701362602, -3.77147328366682, -12.3774262568539, 6.27030063970204, 
-2.88494204623116, 8.50340842429184, -3.09908702706062, 8.68932324988526, 
6.65517857943576, 16.8605478908099, 13.1751842177154, 4.00334722486452, 
1.35270463903761, -3.54835315258081, -0.627257877927699, -2.21005651110158, 
-4.9618950259959, -8.05386830425717, 7.06254332820759, -6.42693608274564, 
10.5392119239404, -4.9175168570128, 2.22455345490218, -4.18242021637846, 
6.73992766319857, 6.3966947051723), .Names = c("x1", "x2", "x3", 
"x4", "x5", "x6", "x7", "", "", "", "", "", "", "", "", "", "", 
"", "", "", "", "", "", "", "", "", "")), rank = 7L, fitted.values = structure(c(50.4892122484042, 
65.3561853418088, 63.5023317776071, 73.1262910724188, 52.2204900056083, 
66.3709515243814, 69.2499878318766, 77.5322494079849, 59.709025378032, 
59.2621273357024, 53.5303805857895, 61.2047048284028, 69.0700212603727, 
75.3963986332228, 87.3777069257911, 73.6397467482264, 63.8792802670728, 
69.3722265387559, 57.7347296125126, 46.1846312747744, 61.9384655653393, 
55.2274867048538, 68.4813916333975, 74.7100740990864, 54.3868125916962, 
77.916783385871, 77.1303074210103), .Names = c("1", "2", "4", 
"5", "6", "7", "8", "9", "10", "11", "12", "13", "14", "15", 
"16", "17", "18", "19", "20", "21", "23", "25", "26", "27", "28", 
"29", "30")), assign = 1:7, qr = structure(list(qr = structure(c(-5.19615242270663, 
0.192450089729875, 0.192450089729875, 0.192450089729875, 0.192450089729875, 
0.192450089729875, 0.192450089729875, 0.192450089729875, 0.192450089729875, 
0.192450089729875, 0.192450089729875, 0.192450089729875, 0.192450089729875, 
0.192450089729875, 0.192450089729875, 0.192450089729875, 0.192450089729875, 
0.192450089729875, 0.192450089729875, 0.192450089729875, 0.192450089729875, 
0.192450089729875, 0.192450089729875, 0.192450089729875, 0.192450089729875, 
0.192450089729875, 0.192450089729875, -352.183664205672, 64.6889995800419, 
0.0319993232125807, -0.199879359366827, 0.155667953921598, -0.0298349921419281, 
-0.153503622850946, -0.261713674721336, 0.0629164808898351, 0.186585111598853, 
0.0783750597284623, 0.0474579020512079, -0.277172253559963, -0.1844207805282, 
-0.385382305430354, -0.308089411237218, 0.0783750597284623, -0.0762107286578097, 
0.109292217405717, 0.387546636501006, -0.0143764133033009, 0.171126532760225, 
-0.1844207805282, -0.153503622850946, 0.124750796244344, -0.308089411237218, 
-0.261713674721336, -275.588528493181, 34.8470719420076, 52.7318171508579, 
-0.00302588873069625, -0.0902646576236263, 0.157257799394405, 
0.0820635886736593, -0.268189587627373, 0.0429785122827351, -0.185249401711592, 
-0.00451385976124781, -0.17502347479897, -0.467227691914387, 
0.0253372704040889, 0.225532685492643, -0.0877847059060403, -0.345863750065704, 
0.110096087579433, -0.421884611358978, 0.069688370272463, -0.0419456350071147, 
0.0329179154846191, -0.202229323132215, -0.0696474736838769, 
0.0236839692590316, -0.220531885468885, 0.357618544597464, -289.060034774273, 
42.7395352490623, 7.58598380241519, -43.6128567367463, -0.082562417843346, 
0.083462585487816, -0.0755820515145921, 0.00542536610869037, 
-0.065835650466478, 0.242456890713533, -0.247261274047552, -0.252524263626296, 
-0.566053919392197, 0.270177073640488, 0.134034117241475, 0.0552691144573855, 
0.488135826620449, 0.0503456045159889, 0.0156421294048419, -0.0516331758695666, 
-0.0921261415763596, 0.0561839639606067, 0.00378419612822483, 
0.320048159909756, -0.0586438059743317, 0.0661086535406638, -0.0129195773925251, 
-346.795061693235, -3.81139849365708, 6.71464318694785, 5.63210908798225, 
49.1513106722575, 0.142018153094197, 0.0154142870191545, -0.00273952705125181, 
-0.0433637767037784, 0.0526167262261115, 0.23168304144037, -0.165231858862623, 
-0.186498305385392, 0.0234283824499549, -0.282686079172441, 0.0645282685628493, 
-0.0542204088705607, -0.287643076588029, -0.258836169192104, 
-0.0421232693043419, 0.157878547773816, 0.317255712823355, -0.364274024410832, 
-0.0587992836203076, 0.330789467561081, -0.254684034983875, -0.0839772588377991, 
-388.749181254348, 2.79628514992061, 1.15192001105823, -2.77206729659743, 
2.44630941936035, 48.4485206879468, 0.255006478021202, -0.0992499353708064, 
-0.0446514968633657, 0.179085117863227, -0.0665674858203493, 
0.313104910058747, 0.011249161864401, 0.0665322679745444, 0.704371238396799, 
-0.0125061130813342, -0.0144391621842163, -0.00257267629960722, 
0.0408548629516527, 0.241030614283456, -0.130018961807699, -0.0950397890182687, 
0.192455801316774, 0.0719378398887118, -0.274284084399298, 0.212073765616363, 
0.102595807382411, -221.317603189357, 16.3019301952679, 12.7879695700635, 
-22.8872802742183, 10.240180779254, 15.462838846352, -41.2728135553125, 
-0.538263485634649, -0.00659025920730507, -0.285362328721756, 
0.144015790046692, -0.281662203555358, -0.240052592697986, -0.0773922188848162, 
-0.0268959946250952, 0.338139515353779, -0.00792014980576204, 
-0.0105734656586035, -0.0124744222760034, 0.0234716667274191, 
-0.12933261683917, -0.154145800341976, 0.529154068476863, -0.0882603787544822, 
-0.0632560256750866, 0.0800641104858312, 0.0197784556792542), .Dim = c(27L, 
7L), .Dimnames = list(c("1", "2", "4", "5", "6", "7", "8", "9", 
"10", "11", "12", "13", "14", "15", "16", "17", "18", "19", "20", 
"21", "23", "25", "26", "27", "28", "29", "30"), c("x1", "x2", 
"x3", "x4", "x5", "x6", "x7")), assign = 1:7), qraux = c(1.19245008972988, 
1.01654074437395, 1.06210772519193, 1.1105858676205, 1.42075634443766, 
1.16993222037623, 1.10040442533739), pivot = 1:7, tol = 1e-07, 
    rank = 7L), .Names = c("qr", "qraux", "pivot", "tol", "rank"
), class = "qr"), df.residual = 20L, xlevels = structure(list(), .Names = character(0)), 
    call = quote(lm(formula = y ~ . + 0, data = structure(list(y = c(43, 
        63, 61, 81, 43, 58, 71, 72, 67, 64, 67, 69, 68, 77, 81, 
        74, 65, 65, 50, 50, 53, 63, 66, 78, 48, 85, 82), x1 = c(1, 
        1, 1, 1, 1, 1, 1, 1, 1, 1, 1, 1, 1, 1, 1, 1, 1, 1, 1, 
        1, 1, 1, 1, 1, 1, 1, 1), x2 = c(51, 64, 63, 78, 55, 67, 
        75, 82, 61, 53, 60, 62, 83, 77, 90, 85, 60, 70, 58, 40, 
        66, 54, 77, 75, 57, 85, 82), x3 = c(30, 51, 45, 56, 49, 
        42, 50, 72, 45, 53, 47, 57, 83, 54, 50, 64, 65, 46, 68, 
        33, 52, 42, 66, 58, 44, 71, 39), x4 = c(39, 54, 47, 66, 
        44, 56, 55, 67, 47, 58, 39, 42, 45, 72, 72, 69, 75, 57, 
        54, 34, 50, 48, 63, 74, 45, 71, 59), x5 = c(66, 88, 79, 
        59, 50, 59, 63, 59, 71, 66, 59, 77, 71, 59, 71, 55, 66, 
        79, 80, 79, 59, 55, 79, 63, 54, 70, 66), x6 = c(92, 73, 
        84, 83, 49, 68, 66, 83, 80, 67, 74, 63, 77, 77, 54, 79, 
        80, 85, 78, 64, 80, 75, 76, 78, 83, 74, 78), x7 = c(45, 
        47, 35, 47, 34, 35, 41, 31, 41, 34, 41, 25, 35, 46, 36, 
        63, 60, 46, 52, 33, 37, 33, 72, 49, 38, 55, 39)), .Names = c("y", 
        "x1", "x2", "x3", "x4", "x5", "x6", "x7"),