
expected <- structure(list(coefficients = structure(c(2.77092844283484, 0.543843166262888, 
-0.020732701739623, 0.379304732554229, 0.268044298956477, 0.0990587057483964, 
-0.429591542010182), .Names = c("x1", "x2", "x3", "x4", "x5", 
"x6", "x7")), residuals = structure(c(-9.67157524273307, 0.744671286630545, 
0.122717362340695, -3.25264943167047, 7.20202544715288, -7.1714523604831, 
1.65672034119119, -4.6840847108546, 3.97462137503157, 11.8041328072688, 
2.96081632207848, -1.69853878115073, 1.59319066201462, -5.4643634546996, 
-2.19802658129965, 5.9455178056024, -6.48657151833198, -6.1733610838426, 
6.70746609881636, 0.277591437559018, -2.73919962778349, 8.08031076877322, 
-1.59884003041488, -2.66010129661144, -6.17810426009404, 5.83977571687359, 
3.78833492423247), .Names = c("1", "2", "3", "4", "5", "6", "8", 
"9", "10", "12", "13", "14", "15", "16", "17", "18", "19", "20", 
"21", "22", "24", "25", "26", "27", "28", "29", "30")), effects = structure(c(-215.334047321345, 
-267.936532579151, -0.281531056538333, 13.3275069803226, 4.69963529559017, 
5.55000204693991, -14.011798561467, -10.2834569862662, 6.38310299470767, 
14.4681081158792, 5.99157601624107, -1.26991073701065, 0.00334857403060829, 
-6.10434982885572, 0.671587142507351, 2.92116584638211, -4.49594977064051, 
-4.15117081104412, 8.46238160724903, -1.78126482788049, -2.47428117854515, 
6.68798723934836, 5.09554818506694, -1.13258762390632, -8.02131979350206, 
7.84942498604295, 3.23703563023418), .Names = c("x1", "x2", "x3", 
"x4", "x5", "x6", "x7", "", "", "", "", "", "", "", "", "", "", 
"", "", "", "", "", "", "", "", "", "")), rank = 7L, fitted.values = structure(c(52.6715752427331, 
62.2553287133695, 70.8772826376593, 64.2526494316705, 73.7979745528471, 
50.1714523604831, 69.3432796588088, 76.6840847108546, 63.0253786249684, 
55.1958671927312, 66.0391836779215, 69.6985387811507, 75.4068093379854, 
86.4643634546996, 76.1980265812997, 59.0544821943976, 71.486571518332, 
56.1733610838426, 43.2925339011836, 63.722408562441, 42.7391996277835, 
54.9196892312268, 67.5988400304149, 80.6601012966114, 54.178104260094, 
79.1602242831264, 78.2116650757675), .Names = c("1", "2", "3", 
"4", "5", "6", "8", "9", "10", "12", "13", "14", "15", "16", 
"17", "18", "19", "20", "21", "22", "24", "25", "26", "27", "28", 
"29", "30")), assign = 1:7, qr = structure(list(qr = structure(c(-7.08865491703719, 
0.208582220899648, -0.0114021715642017, 0.271689104627324, 0.0225490121963999, 
-0.00690270107478164, 0.0530590799982575, -0.2936234503476, 0.306809751551016, 
0.163684936850509, 0.373101935549509, 0.0409948515479313, -0.0866146456915824, 
0.268740377823299, 0.162372891506818, 0.123816477495047, 0.203072566051779, 
0.153505128249971, 0.287009455536981, 0.00543807545726827, 0.177654933974745, 
-0.138859567022383, 0.153206579949829, 0.248734050835733, 0.0740711203972315, 
0.159489650894996, 0.19950852847935, -215.391278557834, -283.12646842219, 
0.2559203163055, 0.0156663991465073, 0.25832769367777, 0.199514811564604, 
0.224503050102471, 0.513171818287746, -0.0181364929321049, 0.087298805754327, 
-0.0650756915043979, 0.261944008062699, 0.337906852716945, 0.113275139862653, 
0.176597487034276, 0.117652437649329, 0.0926311563625609, 0.0879851659289503, 
-0.0772334473815106, 0.211311172405787, -0.00457295635825685, 
0.296447453992223, 0.155320283749606, 0.075526989028461, 0.144929819694387, 
0.178792626390318, 0.137728502871133, -163.033696429753, -228.261822492752, 
-55.4576795470077, -0.0190838275577609, -0.130400198937666, 0.0714517094035137, 
-0.183547253320305, -0.0135357314272189, 0.0228832715240571, 
0.0226231339563924, 0.248186341662529, 0.289432190838586, -0.190675400319616, 
-0.327437795695364, -0.0393243419975884, 0.332976149048005, -0.128569152010986, 
0.427101268340715, 0.108576883138282, 0.0416235605965941, 0.276024625046245, 
-0.0871113680541648, 0.111236364091889, 0.0304929890942346, -0.0192699542385348, 
0.0858697451068819, -0.432712021895363, -176.880160324148, -236.99852751389, 
-16.9833614846661, 50.6722041422376, -0.0669221802659883, 0.0788987622566203, 
0.0724145845946408, 0.0751089063328765, 0.0549833150038615, 0.215647026228351, 
0.261728071257418, 0.615373241636278, -0.21394587405754, -0.107295630963836, 
0.0117981366944585, -0.350937150988239, -0.0461296397785775, 
0.0681711452226735, 0.00331729955218545, -0.191559165402362, 
-0.430586248043113, -0.0693843865879824, 0.0656048963532166, 
-0.233775303828694, 0.040903394069061, 0.0285616999514741, -0.0212591982459973, 
-205.645023130064, -267.992801809741, -15.280234903713, 23.7421322613698, 
43.1602620123059, -0.0666931541375915, -0.102760795260216, 0.0145360047624563, 
-0.0422784538774542, -0.145201145152234, 0.126716169845677, 0.179085318359067, 
-0.110323106550964, 0.570803900672345, 0.0503498116477293, 0.481406962170473, 
-0.178318795630829, -0.00751552698437729, 0.0097982629982353, 
-0.0368142170362671, 0.134913914013152, -0.377298711638783, -0.299761048916885, 
0.0358616747874023, 0.0506765422541153, 0.145526237846479, 0.172681016154429, 
-245.630302389173, -296.006853696481, -27.3166847874864, 20.9731382032806, 
44.6543240325185, 62.3988354397708, 0.169501997669319, -0.244610471813197, 
0.00220088785035971, -0.00849049854485851, 0.322367995302262, 
0.0878727748050089, -0.0218415633438432, 0.338181710136266, 0.217221081495782, 
-0.214016124971132, 0.00706969221326045, 0.0624910935672017, 
-0.076816941783833, -0.179480001691608, 0.0129808075970335, -0.226183065207711, 
0.409047658174968, 0.240993186961702, -0.377406779254694, 0.303810018869584, 
-0.0728479721290373, -150.404106268102, -168.434507435221, -27.4965518125039, 
33.3670791476439, 26.2868918930889, 1.46917657870461, 32.6165605959135, 
0.20611463340161, 0.118759960451453, -0.143710328347467, 0.486682890673566, 
-0.152772535635451, 0.12586012423716, 0.202387920469323, -0.310870546023536, 
-0.25938198245754, 0.14081728333268, -0.10073181325395, 0.0588474832698476, 
0.182796970018819, 0.00478249151254768, 0.171258848549026, -0.419030240120909, 
0.382535030677459, -0.142761264157498, -0.0550589995829255, 0.0171949990248975
), .Dim = c(27L, 7L), .Dimnames = list(c("1", "2", "3", "4", 
"5", "6", "8", "9", "10", "12", "13", "14", "15", "16", "17", 
"18", "19", "20", "21", "22", "24", "25", "26", "27", "28", "29", 
"30"), c("x1", "x2", "x3", "x4", "x5", "x6", "x7")), assign = 1:7), 
    qraux = c(1.23582882560091, 1.06724446792827, 1.19163883500181, 
    1.07430827037116, 1.05419033150669, 1.18178569747609, 1.0023185793841
    ), pivot = 1:7, tol = 1e-07, rank = 7L), .Names = c("qr", 
"qraux", "pivot", "tol", "rank"), class = "qr"), df.residual = 20L, 
    xlevels = structure(list(), .Names = character(0)), call = quote(lm(formula = y ~ 
        . + 0, data = structure(list(y = c(43, 63, 71, 61, 81, 
        43, 71, 72, 67, 67, 69, 68, 77, 81, 74, 65, 65, 50, 50, 
        64, 40, 63, 66, 78, 48, 85, 82), x1 = c(1.67170916417502, 
        1.47856738578683, -0.08082605952348, 1.92591030742191, 
        0.159842166180342, -0.0489308659145888, 0.376117508323118, 
        -2.08139531506394, 2.17486845392707, 1.16030603245028, 
        2.64479086998912, 0.290598355998453, -0.61398133406907, 
        1.90500780066356, 1.15100539577335, 0.877692282005491, 
        1.4395113438583, 1.08814488215958, 2.03451098822839, 
        0.038548640329384, 1.25933452125599, -0.98432755255087, 
        1.08602857628381, 1.7631898524913, 0.525064611814289, 
        1.13056709803336, 1.414247111396), x2 = c(51, 64, 70, 
        63, 78, 55, 75, 82, 61, 60, 62, 83, 77, 90, 85, 60, 70, 
        58, 40, 61, 37, 54, 77, 75, 57, 85, 82), x3 = c(30, 51, 
        68, 45, 56, 49, 50, 72, 45, 47, 57, 83, 54, 50, 64, 65, 
        46, 68, 33, 52, 42, 42, 66, 58, 44, 71, 39), x4 = c(39, 
        54, 69, 47, 66, 44, 55, 67, 47, 39, 42, 45, 72, 72, 69, 
        75, 57, 54, 34, 62, 58, 48, 63, 74, 45, 71, 59),