
expected <- structure(list(coefficients = structure(c(0.654409404317035, 
-0.00171865383232748, 0.319901167111009, 0.0975405383336101, 
0.0949510876878201, -0.24717952051148), .Names = c("x1", "x2", 
"x3", "x4", "x5", "x6")), residuals = structure(c(-6.36186000514137, 
-0.479227842209647, 0.222394878374091, 5.74995301281921, -8.49964322186507, 
-7.93077826138831, 1.45041404695512, -10.1149596384264, 8.61377085415944, 
7.23815213082898, 12.693155044157, 9.92157106222991, 0.0237208057520975, 
-2.92512602565501, -3.22251471580836, 3.72451531406817, -2.98009163619027, 
-5.90898424018828, 0.43712177098616, -10.692207712312, -0.872674601034786, 
6.97673667678352, -2.43279106827708, 2.24865883100646, -7.08395375111092, 
5.84211387781039, 5.52250949286111), .Names = c("1", "3", "4", 
"5", "6", "7", "8", "9", "10", "11", "12", "13", "15", "16", 
"17", "18", "19", "20", "22", "23", "24", "25", "26", "27", "28", 
"29", "30")), effects = structure(c(-342.352094697243, -6.35762797830212, 
9.88273052214151, 1.76808125066104, 4.71418619623335, -9.68222045200649, 
4.62250518540035, -8.35926664223708, 9.39046926166809, 8.76145183230613, 
13.3354496075766, 11.7041416857817, 3.70071914332158, -3.03205920809331, 
-2.51350076795078, -1.42191466953343, -0.0845663869851012, -6.18544603415528, 
1.83285293755483, -9.74522946028651, -1.42059141095054, 11.0249827565056, 
1.1282935826264, 5.78616510220667, -9.38241109771774, 7.08877671484253, 
5.51588313003753), .Names = c("x1", "x2", "x3", "x4", "x5", "x6", 
"", "", "", "", "", "", "", "", "", "", "", "", "", "", "", "", 
"", "", "", "", "")), rank = 6L, fitted.values = structure(c(49.3618600051414, 
71.4792278422097, 60.7776051216259, 75.2500469871808, 51.4996432218651, 
65.9307782613883, 69.5495859530449, 82.1149596384264, 58.3862291458406, 
56.761847869171, 54.306844955843, 59.0784289377701, 76.9762791942479, 
83.925126025655, 77.2225147158084, 61.2754846859318, 67.9800916361903, 
55.9089842401883, 63.5628782290138, 63.692207712312, 40.8726746010348, 
56.0232633232165, 68.4327910682771, 75.7513411689935, 55.0839537511109, 
79.1578861221896, 76.4774905071389), .Names = c("1", "3", "4", 
"5", "6", "7", "8", "9", "10", "11", "12", "13", "15", "16", 
"17", "18", "19", "20", "22", "23", "24", "25", "26", "27", "28", 
"29", "30")), assign = 1:6, qr = structure(list(qr = structure(c(-354.433350575253, 
0.197498344572791, 0.177748510115512, 0.220069583952538, 0.155177270735764, 
0.189034129805385, 0.211605369185133, 0.231355203642412, 0.172105700270575, 
0.149534460890827, 0.169284295348106, 0.174927105193043, 0.21724817903007, 
0.25392644302216, 0.239819418409817, 0.169284295348106, 0.197498344572791, 
0.163641485503169, 0.172105700270575, 0.186212724882917, 0.104391982131332, 
0.152355865813296, 0.21724817903007, 0.211605369185133, 0.160820080580701, 
0.239819418409817, 0.231355203642412, -274.593234079241, -55.277082031374, 
-0.0421608002801785, -0.0470303203591031, 0.138930986006738, 
-0.150797373380883, -0.114801000180852, 0.18805602572786, -0.0149785336656948, 
0.238475972450204, 0.0347939595560381, 0.188518492514011, -0.0696205469663526, 
-0.318667999789478, 0.00255718614816936, 0.360426198786459, -0.119208053473625, 
0.44188050527268, 0.111656226035025, 0.0437005594988157, 0.256936625836371, 
0.0258873596132606, 0.147467612520595, 0.0299244394771134, 0.0212953196060266, 
0.129191945848889, -0.408936412861246, -301.252689191645, -28.4032684450797, 
40.6702790307468, -0.0482316682708925, 0.156319882607815, -0.106465196903397, 
0.109958382730088, 0.184455660083233, 0.0919680527951616, -0.155191980665727, 
0.305031818428232, 0.386798451104383, -0.233185456177796, -0.150042409852137, 
0.0593070011357284, -0.338099192622834, -0.0456683677685449, 
0.197521778711222, -0.182726431320465, 0.16499428126994, -0.471630885186564, 
-0.0466902407732637, 0.149463870448476, -0.249641561635465, 0.0855655895894846, 
0.104256254653964, -0.0625736490998631, -341.883741480113, -22.8130303106251, 
9.85090030863648, 40.7189479568787, 0.0337892691743907, -0.0294198184623284, 
0.00428065402806608, 0.291945597696584, -0.0778860878374313, 
0.062887615936589, -0.082876865821006, 0.118972790903562, -0.0101319177592575, 
0.601735156574684, 0.112773395185757, 0.446490245340611, -0.182950294433685, 
0.0157114194830103, 0.00103114216075528, 0.0243599101388848, 
0.00137944089492137, -0.270480935484099, -0.256869805542117, 
-0.021224123363283, 0.117491140680659, 0.215686986125367, 0.22379961208468, 
-385.059701008648, -31.373063170477, 8.52298152113803, 43.1660229893196, 
63.2124260862373, 0.122764455578129, 0.303209141483286, 0.0986998568047282, 
-0.0792443206288336, -0.0192465733063201, 0.0296523312124275, 
0.170264539519005, 0.183793152549009, 0.260016369002017, 0.257411460492258, 
-0.314565263044335, 0.032086288375115, 0.0331812928907179, -0.0889488276066288, 
-0.0291373182147437, -0.119440955267872, 0.0160084411202163, 
0.47849834346412, 0.180967918848808, -0.321299116662142, 0.321511750166823, 
-0.0422138252428185, -224.132407040893, -31.708574770311, 19.8150222208546, 
25.4969654216632, 5.21039288924828, 39.1708036004415, 0.0397076292511694, 
0.4064669211415, -0.0139627124800374, 0.239929668208114, -0.134127643251115, 
0.20837612603845, 0.202779678878977, 0.0451447871628988, -0.311209283915516, 
-0.333428435622583, 0.0774785088666062, -0.182078718026831, 0.179562862723706, 
0.0939207532877821, -0.161839011797554, 0.295777595691253, -0.4161520840754, 
0.175795044298738, -0.0750714926751297, -0.126742848090842, 0.0154221278170127
), .Dim = c(27L, 6L), .Dimnames = list(c("1", "3", "4", "5", 
"6", "7", "8", "9", "10", "11", "12", "13", "15", "16", "17", 
"18", "19", "20", "22", "23", "24", "25", "26", "27", "28", "29", 
"30"), c("x1", "x2", "x3", "x4", "x5", "x6")), assign = 1:6), 
    qraux = c(1.14389165104589, 1.27878690558578, 1.11303403470497, 
    1.15205570979895, 1.29090010617399, 1.20720275808169), pivot = 1:6, 
    tol = 1e-07, rank = 6L), .Names = c("qr", "qraux", "pivot", 
"tol", "rank"), class = "qr"), df.residual = 21L, xlevels = structure(list(), .Names = character(0)), 
    call = quote(lm(formula = y ~ . + 0, data = structure(list(y = c(43, 
        71, 61, 81, 43, 58, 71, 72, 67, 64, 67, 69, 77, 81, 74, 
        65, 65, 50, 64, 53, 40, 63, 66, 78, 48, 85, 82), x1 = c(51, 
        70, 63, 78, 55, 67, 75, 82, 61, 53, 60, 62, 77, 90, 85, 
        60, 70, 58, 61, 66, 37, 54, 77, 75, 57, 85, 82), x2 = c(30, 
        68, 45, 56, 49, 42, 50, 72, 45, 53, 47, 57, 54, 50, 64, 
        65, 46, 68, 52, 52, 42, 42, 66, 58, 44, 71, 39), x3 = c(39, 
        69, 47, 66, 44, 56, 55, 67, 47, 58, 39, 42, 72, 72, 69, 
        75, 57, 54, 62, 50, 58, 48, 63, 74, 45, 71, 59), x4 = c(61, 
        76, 54, 71, 54, 66, 70, 71, 62, 58, 59, 55, 79, 60, 79, 
        55, 75, 64, 66, 63, 50, 66, 88, 80, 51, 77, 64), x5 = c(92, 
        86, 84, 83, 49, 68, 66, 83, 80, 67, 74, 63, 77, 54, 79, 
        80, 85, 78, 80, 80, 57, 75, 76, 78, 83, 74, 78), x6 = c(45, 
        48, 35, 47, 34, 35, 41, 31, 41, 34, 41, 25, 46, 36, 63, 
        60, 46, 52, 41, 37, 49, 33, 72, 49, 38, 55, 39)), .Names = c("y", 
        "x1", "x2", "x3", "x4", "x5", "x6"), row.names = c("1", 
        "3", "4", "5", "6", "7", "8", "9", "10", "11", "12", 
        "13", "15", "16", "17", "18", "19", "20", "22", "23", 
        "24", "25", "26", "27", "28", "29", "30"), class = "data.frame"))), 
    terms = y ~ x1 + x2 + x3 + x4 + x5 + x6 + 0, model = structure(list(
        y = c(43, 71, 61, 81, 43, 58, 71, 72, 67, 64, 67, 69, 
        77, 81, 74, 65, 65, 50, 64, 53, 40, 63, 66, 78, 48, 85, 
        82), x1 = c(51, 70, 63, 78, 55, 67, 75, 82, 61, 53, 60, 
        62, 77, 90, 85, 60, 70, 58, 61, 66, 37, 54, 77, 75, 57, 
        85, 82), x2 = c(30, 68, 45, 56, 49, 42, 50, 72, 45, 53, 
        47, 57, 54, 50, 64, 65, 46, 68, 52, 52, 42, 42, 66, 58, 
        44, 71, 39), x3 = c(39, 69, 47, 66, 44, 56, 55, 67, 47, 
        58, 39, 42, 72, 72, 69, 75, 57, 54, 62, 50, 58, 48, 63, 
        74, 45, 71, 59),