
expected <- structure(list(coefficients = structure(c(12.7408290139218, 0.753179276267723, 
-0.0940760019311401, 0.00476395051061672, 0.180106736068527, 
0.00825122951875337, -0.125074257467564), .Names = c("x1", "x2", 
"x3", "x4", "x5", "x6", "x7")), residuals = structure(c(-11.7290475556329, 
0.430467039435718, 3.26809127817218, -1.22287702179705, 6.82820704709695, 
-12.619308424157, -1.84484768596676, -5.59949498787624, 5.59273045149626, 
7.08101376234881, 7.41116868781524, -6.61151695360695, 2.04831576898133, 
-1.81065859628271, -3.90277875138488, 9.86458781075019, -4.93483057132, 
-5.88041859858144, 5.79116127321075, 2.5784750258463, -0.190082494718407, 
4.9744517808153, -6.27882991899864, 4.95110486818517, -9.00270981978148, 
7.09469746548539, 3.7129291204649), .Names = c("1", "2", "3", 
"4", "5", "6", "8", "9", "10", "12", "13", "14", "15", "16", 
"17", "18", "19", "20", "21", "22", "24", "25", "26", "27", "28", 
"29", "30")), effects = structure(c(-339.4819582835, 54.8283956586102, 
5.80475161533608, 0.683603886493707, 3.7813889638136, 0.209290462140752, 
-5.06975447134415, -6.89301352933513, 6.93607720005576, 8.51727485998519, 
7.68390104723538, -10.5605185203547, 7.20810358313627, 2.76078860226537, 
1.02826047654229, 8.70363753186511, -1.49366600609878, -5.4417892621606, 
6.55565909030975, 4.09817684041262, 3.87720657621316, 8.06676140864626, 
1.50848675473009, 9.57446620871075, -11.0130550628762, 10.9005346574832, 
6.53760581939811), .Names = c("x1", "x2", "x3", "x4", "x5", "x6", 
"x7", "", "", "", "", "", "", "", "", "", "", "", "", "", "", 
"", "", "", "", "", "")), rank = 7L, fitted.values = structure(c(54.7290475556329, 
62.5695329605643, 67.7319087218278, 62.2228770217971, 74.171792952903, 
55.619308424157, 72.8448476859668, 77.5994949878762, 61.4072695485037, 
59.9189862376512, 61.5888313121848, 74.611516953607, 74.9516842310187, 
82.8106585962827, 77.9027787513849, 55.1354121892498, 69.93483057132, 
55.8804185985814, 44.2088387267892, 61.4215249741537, 40.1900824947184, 
58.0255482191847, 72.2788299189986, 73.0488951318148, 57.0027098197815, 
77.9053025345146, 78.2870708795351), .Names = c("1", "2", "3", 
"4", "5", "6", "8", "9", "10", "12", "13", "14", "15", "16", 
"17", "18", "19", "20", "21", "22", "24", "25", "26", "27", "28", 
"29", "30")), assign = 1:7, qr = structure(list(qr = structure(c(-5.19615242270663, 
0.192450089729875, 0.192450089729875, 0.192450089729875, 0.192450089729875, 
0.192450089729875, 0.192450089729875, 0.192450089729875, 0.192450089729875, 
0.192450089729875, 0.192450089729875, 0.192450089729875, 0.192450089729875, 
0.192450089729875, 0.192450089729875, 0.192450089729875, 0.192450089729875, 
0.192450089729875, 0.192450089729875, 0.192450089729875, 0.192450089729875, 
0.192450089729875, 0.192450089729875, 0.192450089729875, 0.192450089729875, 
0.192450089729875, 0.192450089729875, -348.719562590534, 70.3467601717852, 
-0.0780287364412797, 0.0214783337195374, -0.191751102339356, 
0.135200699617614, -0.149105215127578, -0.248612285288395, 0.0499089251940565, 
0.0641242209313161, 0.035693629456797, -0.262827581025654, -0.177535806602097, 
-0.362334651186471, -0.291258172500173, 0.0641242209313161, -0.0780287364412797, 
0.0925548124058353, 0.348430135676508, 0.0499089251940565, 0.391076022888286, 
0.149415995354874, -0.177535806602097, -0.149105215127578, 0.106770108143095, 
-0.291258172500173, -0.248612285288395, -278.475279839129, 37.4320326308127, 
-53.0034098114856, -0.075706467318834, -0.012820834695724, 0.0769060743699957, 
-0.0970914619501152, 0.250473687390347, -0.0564200426149869, 
-0.0090434088263427, 0.160337273653413, 0.448364292940387, -0.040911043780521, 
-0.241739647228969, 0.0706103645876936, 0.330557384104143, -0.124342243063939, 
0.406443940963071, -0.0803131118449159, 0.0756469324135353, 0.118416921676098, 
-0.0455176883066029, 0.185489484839803, 0.0538422237967673, -0.0367139039256529, 
0.202677339616216, -0.372127766315544, -279.629980377509, 1.81323994515267, 
2.99811454388826, 67.0656211792383, -0.353288536875148, 0.269102696805918, 
-0.149068502114727, -0.112409963244906, 0.022210001857318, -0.107909137777337, 
0.154491342483824, -0.129390757746455, 0.18695916667853, -0.0266727338160138, 
0.232906262143061, 0.0290677579065285, -0.279949478579627, 0.260730419969442, 
-0.0346933889807018, 0.172398794553308, 0.33586175111963, 0.271790493799417, 
-0.109402902585727, -0.32676218933089, -0.261084235513103, 0.0401473627789024, 
0.240351881411601, -337.172557206741, 36.836569687152, -5.16778260521913, 
2.34314550839214, 41.1769048426659, 0.0811183362304445, 0.00759936031434044, 
0.157247338636067, -0.0110317915987072, 0.0921942170867784, 0.197436223236678, 
0.517734891852805, -0.250126882910257, 0.379187530489372, -0.127326630071429, 
0.24588548808119, -0.155101928324806, -0.0340423268103416, 0.183462360373761, 
-0.109263253876725, -0.0617733230066385, -0.256149869975073, 
-0.338672069467497, -0.153307176796336, 0.276517897213886, 0.00182616288520183, 
0.0797587058675698, -390.288781972187, 8.70923785502774, -2.19264660625914, 
15.4376773831378, 17.4857980099333, 45.584351794023, 0.310299232009145, 
-0.036838690666937, -0.0709095435204135, 0.0493491000671259, 
0.245524604981616, 0.00669392521208757, 0.121031764239374, 0.463036706655528, 
0.0776886437211222, -0.105109812280771, -0.0530885395195017, 
0.00220163651670525, 0.129458711321862, -0.0404263033923512, 
0.326550058580316, 0.0557963630769301, 0.258859089934385, 0.156742086590349, 
-0.204330966336229, 0.194872745759091, -0.0568263505868874, -227.476006060713, 
10.7846710326676, -14.0153888247995, 1.48143612038536, 30.2150768513004, 
1.33389947982378, 40.5339561792634, 0.366320018479407, 0.0560919912306129, 
0.00951220133305908, 0.316556381425054, 0.07944243158471, 0.0961468606274029, 
-0.128681517339247, -0.356216620023341, -0.466210892631879, 0.0963676702569284, 
-0.109467890982772, 0.0407108369796825, 0.135764368992896, -0.219128303241496, 
0.347215565245572, -0.361462510828662, 0.0807536056020386, -0.00563769161241394, 
-0.179749553042822, -0.0535417774046034), .Dim = c(27L, 7L), .Dimnames = list(
    c("1", "2", "3", "4", "5", "6", "8", "9", "10", "12", "13", 
    "14", "15", "16", "17", "18", "19", "20", "21", "22", "24", 
    "25", "26", "27", "28", "29", "30"), c("x1", "x2", "x3", 
    "x4", "x5", "x6", "x7")), assign = 1:7), qraux = c(1.19245008972988, 
1.00726303798228, 1.29072539273999, 1.11904759141851, 1.09324763761062, 
1.5319156402206, 1.06072837465697), pivot = 1:7, tol = 1e-07, 
    rank = 7L), .Names = c("qr", "qraux", "pivot", "tol", "rank"
), class = "qr"), df.residual = 20L, xlevels = structure(list(), .Names = character(0)), 
    call = quote(lm(formula = y ~ . + 0, data = structure(list(y = c(43, 
        63, 71, 61, 81, 43, 71, 72, 67, 67, 69, 68, 77, 81, 74, 
        65, 65, 50, 50, 64, 40, 63, 66, 78, 48, 85, 82), x1 = c(1, 
        1, 1, 1, 1, 1, 1, 1, 1, 1, 1, 1, 1, 1, 1, 1, 1, 1, 1, 
        1, 1, 1, 1, 1, 1, 1, 1), x2 = c(51, 64, 70, 63, 78, 55, 
        75, 82, 61, 60, 62, 83, 77, 90, 85, 60, 70, 58, 40, 61, 
        37, 54, 77, 75, 57, 85, 82), x3 = c(30, 51, 68, 45, 56, 
        49, 50, 72, 45, 47, 57, 83, 54, 50, 64, 65, 46, 68, 33, 
        52, 42, 42, 66, 58, 44, 71, 39), x4 = c(59, 74, 57, 47, 
        75, 39, 62, 58, 54, 63, 45, 59, 39, 50, 34, 54, 72, 39, 
        63, 44, 39, 39, 59, 74, 74, 47, 34), x5 = c(61, 63, 76, 
        54, 71, 54, 70, 71, 62, 59, 55, 59, 79, 60, 79, 55, 75, 
        64, 43, 66, 50, 66, 88, 80, 51, 77, 64), x6 = c(92, 73, 
        86, 84, 83, 49, 66, 83, 80, 74, 63, 77, 77, 54, 79, 80, 
        85, 78, 64, 80, 57, 75, 76, 78, 83, 74, 78), x7 = c(45, 
        47, 48, 35, 47, 34, 41, 31, 41, 41, 25, 35, 46, 36, 63, 
        60, 46, 52, 33, 41, 49, 33, 72, 49, 38, 55, 39)), .Names = c("y", 
        "x1", "x2", "x3", "x4", "x5", "x6", "x7"),