
expected <- structure(list(coefficients = structure(c(2.93814433398684, 0.494820695942365, 
0.0110434038539023, 0.432990782976391, 0.221394926926888, 0.076147912684469, 
-0.369129276030281), .Names = c("x1", "x2", "x3", "x4", "x5", 
"x6", "x7")), residuals = structure(c(-8.26540204170036, 0.88491314651005, 
-2.11205233369107, 8.0482834781434, -6.8002719607499, -7.05672458053662, 
3.02759021711753, -2.86167376011253, 4.89432198214412, 2.12030542356092, 
12.9329852212153, 3.98944505831048, -0.331290734501251, 2.55745020136033, 
-4.96558604101303, -2.27546094849107, 3.41904423044716, -5.15265742186998, 
-6.94327098665644, 6.93118412076917, -11.8648634423984, 9.78250577618552, 
-1.99207333679398, -2.53769065235295, -5.30249582333484, 5.71179953631381, 
5.57952110208289), .Names = c("1", "2", "4", "5", "6", "7", "8", 
"9", "10", "11", "12", "13", "14", "15", "16", "17", "18", "19", 
"20", "21", "23", "25", "26", "27", "28", "29", "30")), effects = structure(c(-227.550202153228, 
-256.351086958298, 1.33467436689546, -14.8649489773605, -3.0797647492243, 
3.83206601382591, 13.0007711445305, -6.0317746562039, 7.88224847297964, 
3.63958159121985, 15.0754255763489, 10.7402149507808, 0.720293037279693, 
1.53832975442459, -4.31074176753343, -2.21674506629441, -4.76126252237045, 
-2.27279466729946, -7.00035649424835, 8.34935072632641, -9.98358806262581, 
9.94944145978227, 0.922637490357256, 0.307741813465983, -8.22726685543064, 
6.67670308341859, 5.82230903822752), .Names = c("x1", "x2", "x3", 
"x4", "x5", "x6", "x7", "", "", "", "", "", "", "", "", "", "", 
"", "", "", "", "", "", "", "", "", "")), rank = 7L, fitted.values = structure(c(51.2654020417004, 
62.1150868534899, 63.1120523336911, 72.9517165218566, 49.8002719607499, 
65.0567245805366, 67.9724097828825, 74.8616737601125, 62.1056780178559, 
61.8796945764391, 54.0670147787847, 65.0105549416895, 68.3312907345013, 
74.4425497986397, 85.965586041013, 76.2754609484911, 61.5809557695528, 
70.15265742187, 56.9432709866564, 43.0688158792308, 64.8648634423984, 
53.2174942238145, 67.992073336794, 80.5376906523529, 53.3024958233348, 
79.2882004636862, 76.4204788979171), .Names = c("1", "2", "4", 
"5", "6", "7", "8", "9", "10", "11", "12", "13", "14", "15", 
"16", "17", "18", "19", "20", "21", "23", "25", "26", "27", "28", 
"29", "30")), assign = 1:7, qr = structure(list(qr = structure(c(-7.25127924297728, 
0.203904350700436, 0.265595937335762, 0.0220433058532597, -0.00674789430595675, 
0.0151057478344806, 0.0518691248426793, -0.287038361828325, 0.299928934061309, 
0.214172542628434, 0.160013977337035, 0.364734384288199, 0.0400754606547378, 
-0.0846721403900833, 0.262713341581559, 0.158731357213705, 0.121039647294719, 
0.198518260795492, 0.150062471144443, 0.28057269897567, 0.16901758314399, 
-0.135745365688981, 0.14977061838235, 0.243155696175804, 0.0724099285409265, 
0.155912778993898, 0.195034153837844, -228.109246109038, -276.014803660177, 
0.00999193087553971, 0.264479183283932, 0.204809838798777, 0.230327271185737, 
0.2291004710319, 0.532962784384342, -0.0254676154935798, 0.0160197909579659, 
0.0858862101613187, -0.075099289412838, 0.267776010865429, 0.348550906858658, 
0.110181579238105, 0.177515070900326, 0.117913840548566, 0.0904747870916997, 
0.0868179934136492, -0.0856442692754737, 0.100225351920551, 0.307192087908599, 
0.155894714519297, 0.0719084013273158, 0.147006921960317, 0.179831271880394, 
0.136813823392754, -173.339195579079, -216.552612333426, 54.7949757511268, 
0.105045262400865, -0.0933047489639062, 0.202672574157908, 0.162620748944111, 
-0.042423425207587, -0.0188798408462928, -0.257127644054641, 
-0.0307889497974183, -0.241468759426235, -0.320101233859525, 
0.15685330338506, 0.321593911147906, 0.0225273168178462, -0.348389396699994, 
0.121977527401731, -0.440309833167529, -0.0995621234687329, -0.0373862882323807, 
0.0559823603394086, -0.127692675188465, -0.0368598073850492, 
0.00486918174564222, -0.104433576266319, 0.425039026062209, -184.998687645377, 
-225.955593696476, 10.0776066869881, -44.2718543797714, -0.0622511916299913, 
0.0772805542951123, -0.102302609742027, -0.0660258106828883, 
-0.0460750484520492, 0.268859558168655, -0.228989345985388, -0.237254158204485, 
-0.625542197693807, 0.225740959233259, 0.0758907784346664, -0.00212958959266766, 
0.482949390773284, 0.0419956285795605, 0.0216307465365047, 0.0255142719333872, 
-0.0934472662039061, 0.0761661432227686, -0.0349863064280059, 
0.289921268777342, -0.0374360298139146, 0.00415863488334311, 
-0.0453267409412248, -216.912853462994, -257.769407951002, 10.016644610348, 
-19.2226725713264, -43.138173548457, 0.126651828077578, 0.0908983935423068, 
-0.0312291119266093, 0.0302769319221423, -0.0913586175750778, 
0.0968598090685594, -0.189994648272694, -0.323293854448569, 0.162823125666521, 
-0.539073961474637, -0.051480085145453, -0.409247505032177, 0.192228035618983, 
-0.0163377938254382, -0.0121646950345349, -0.00166373281512278, 
0.394999445012179, 0.283446126683296, 0.016881899404573, -0.0590763967083107, 
-0.153143017878777, -0.158027066303193, -259.653791027572, -282.095628375097, 
21.8318461748944, -14.1013173905024, -44.1229926072036, 62.25471966447, 
0.185418182238698, -0.288784074608064, -0.0130014661388272, 0.0687545489944988, 
-0.0701638198117537, 0.212601803192378, -0.132123907645877, 0.0523215923171915, 
0.459811916129848, 0.218822509874005, -0.209891570854764, 0.0418661823296397, 
-0.0638863625295788, -0.0976791015782018, -0.0777467800749414, 
-0.217630932575854, 0.35147430879437, 0.286345714830084, -0.388065486469489, 
0.272913222111955, 0.0410229511475547, -152.902420228469, -159.848470474637, 
20.3561293974064, -26.0991056916858, -26.6320838201956, 2.46119991659976, 
-35.2201030607609, -0.299540907175388, -0.0916995513312357, -0.42882546617141, 
0.102919115845145, -0.440918669699785, 0.00368008783448936, -0.0821344362013164, 
0.0030743931643614, 0.339720861383507, 0.200337864478756, -0.0861707827862776, 
0.00689792778772601, -0.0584624855653382, -0.158291629584272, 
-0.215544387916361, 0.416266100524575, -0.267318246960111, 0.0683722665523674, 
0.0900931721545542, 0.0927242987799992), .Dim = c(27L, 7L), .Dimnames = list(
    c("1", "2", "4", "5", "6", "7", "8", "9", "10", "11", "12", 
    "13", "14", "15", "16", "17", "18", "19", "20", "21", "23", 
    "25", "26", "27", "28", "29", "30"), c("x1", "x2", "x3", 
    "x4", "x5", "x6", "x7")), assign = 1:7), qraux = c(1.23053989622507, 
1.06431073762667, 1.01977572048393, 1.06898799297675, 1.04772844367818, 
1.05074918350727, 1.04611540574058), pivot = 1:7, tol = 1e-07, 
    rank = 7L), .Names = c("qr", "qraux", "pivot", "tol", "rank"
), class = "qr"), df.residual = 20L, xlevels = structure(list(), .Names = character(0)), 
    call = quote(lm(formula = y ~ . + 0, data = structure(list(y = c(43, 
        63, 61, 81, 43, 58, 71, 72, 67, 64, 67, 69, 68, 77, 81, 
        74, 65, 65, 50, 50, 53, 63, 66, 78, 48, 85, 82), x1 = c(1.67170916417502, 
        1.47856738578683, 1.92591030742191, 0.159842166180342, 
        -0.0489308659145888, 0.109535995721818, 0.376117508323118, 
        -2.08139531506394, 2.17486845392707, 1.55302491277723, 
        1.16030603245028, 2.64479086998912, 0.290598355998453, 
        -0.61398133406907, 1.90500780066356, 1.15100539577335, 
        0.877692282005491, 1.4395113438583, 1.08814488215958, 
        2.03451098822839, 1.2255936923502, -0.98432755255087, 
        1.08602857628381, 1.7631898524913, 0.525064611814289, 
        1.13056709803336, 1.414247111396), x2 = c(51, 64, 63, 
        78, 55, 67, 75, 82, 61, 53, 60, 62, 83, 77, 90, 85, 60, 
        70, 58, 40, 66, 54, 77, 75, 57, 85, 82), x3 = c(30, 51, 
        45, 56, 49, 42, 50, 72, 45, 53, 47, 57, 83, 54, 50, 64, 
        65, 46, 68, 33, 52, 42, 66, 58, 44, 71, 39), x4 = c(39, 
        54, 47, 66, 44, 56, 55, 67, 47, 58, 39, 42, 45, 72, 72, 
        69, 75, 57, 54, 34, 50, 48, 63, 74, 45, 71, 59),