
expected <- structure(list(coefficients = structure(c(13.3636013006514, 0.663425659400587, 
-0.163142661528744, 0.273999439099336, -0.0499055647379466, 0.0599842013127308, 
-0.040758111903449), .Names = c("x1", "x2", "x3", "x4", "x5", 
"x6", "x7")), residuals = structure(c(-6.0622057223896, 3.82943758936742, 
-2.22450793212967, -3.06035013249436, 5.13746371665359, -10.4251176830184, 
-5.05343920132686, 2.82472364945075, -3.52694427381343, 11.8390803035605, 
5.22793618536979, 11.8049794203722, -1.42259808675008, 2.83299629367959, 
-2.42025814350568, -5.38463245672388, -1.74509901959487, -5.56251865959501, 
7.28735127068573, 0.687001776274901, -11.1443103779499, -0.982720290824337, 
-1.84816629958005, 3.25576047965896, -5.29983431699067, 4.94141364693762, 
6.49455826467572), .Names = c("1", "2", "3", "4", "5", "6", "7", 
"8", "9", "10", "11", "12", "14", "15", "16", "17", "19", "20", 
"21", "22", "23", "24", "26", "27", "28", "29", "30")), effects = structure(c(-335.248056309443, 
55.507881731414, -13.0235995632371, 9.63422686684243, -1.38866639100981, 
2.77939510247431, -1.26002133559275, 7.4984434885199, -3.09801553325202, 
12.5143760551865, 5.6220079348793, 14.8527821199279, 0.476433170400288, 
4.76005699045771, -1.99623355675404, -3.65914468114114, 1.00126246167747, 
-6.17547067153557, 7.84471438341446, 0.287791063566428, -9.20799883125164, 
-5.00357276873661, 2.74813300427091, 4.96609793849858, -7.99512023431926, 
6.85319902504173, 7.16587697962256), .Names = c("x1", "x2", "x3", 
"x4", "x5", "x6", "x7", "", "", "", "", "", "", "", "", "", "", 
"", "", "", "", "", "", "", "", "", "")), rank = 7L, fitted.values = structure(c(49.0622057223896, 
59.1705624106326, 73.2245079321297, 64.0603501324944, 75.8625362833464, 
53.4251176830184, 63.0534392013269, 68.1752763505493, 75.5269442738134, 
55.1609196964395, 58.7720638146302, 55.1950205796278, 69.4225980867501, 
74.1670037063204, 83.4202581435057, 79.3846324567239, 66.7450990195949, 
55.562518659595, 42.7126487293143, 63.3129982237251, 64.1443103779499, 
40.9827202908243, 67.84816629958, 74.744239520341, 53.2998343169907, 
80.0585863530624, 75.5054417353243), .Names = c("1", "2", "3", 
"4", "5", "6", "7", "8", "9", "10", "11", "12", "14", "15", "16", 
"17", "19", "20", "21", "22", "23", "24", "26", "27", "28", "29", 
"30")), assign = 1:7, qr = structure(list(qr = structure(c(-5.19615242270663, 
0.192450089729875, 0.192450089729875, 0.192450089729875, 0.192450089729875, 
0.192450089729875, 0.192450089729875, 0.192450089729875, 0.192450089729875, 
0.192450089729875, 0.192450089729875, 0.192450089729875, 0.192450089729875, 
0.192450089729875, 0.192450089729875, 0.192450089729875, 0.192450089729875, 
0.192450089729875, 0.192450089729875, 0.192450089729875, 0.192450089729875, 
0.192450089729875, 0.192450089729875, 0.192450089729875, 0.192450089729875, 
0.192450089729875, 0.192450089729875, -350.644063487833, 69.9767157041593, 
-0.0740027970375246, 0.0260304773103873, -0.188326539149424, 
0.140354219422287, -0.0311313937455624, -0.145455135857462, -0.245488410205373, 
0.0546114128383621, 0.168935154950261, 0.0689018806023495, -0.259778877969361, 
-0.174036071385436, -0.359812152317273, -0.288359813497336, -0.0740027970375246, 
0.0974828161303243, 0.354711235882098, 0.0546114128383621, -0.0168409259815749, 
0.39758263917406, -0.174036071385436, -0.145455135857462, 0.111773283894312, 
-0.288359813497336, -0.245488410205373, -273.086677326693, -2.46113611490893, 
63.9735060450071, 0.37235501021284, 0.135010756254052, 0.164425134433135, 
-0.0785972698941574, -0.0426135743388283, -0.253415640134991, 
-0.261899750855542, 0.358638332627656, 0.0384159703250727, -0.334890768302763, 
-0.0492491213794847, -0.0298542934257968, 0.0492604578937993, 
0.0365011769807678, -0.142526133788136, 0.261086150026525, 0.144518493311166, 
0.174824038497991, -0.197904657297153, -0.268089714392327, 0.0980696640265704, 
-0.201734243985762, 0.0492604578937993, -0.0189435761926597, 
-293.67883692779, 37.9020254461815, -8.18300834967041, 43.2112899849909, 
-0.0748749599594033, 0.162087148106693, -0.0546255676869142, 
0.0796253485757547, -0.187064714976056, 0.0147055434253267, -0.11737842641121, 
0.294405289731663, 0.305361192184317, -0.291574767574414, -0.12492698588796, 
-0.0887931798109767, 4.86539540384223e-05, -0.141681212253713, 
0.243576106229484, -0.187823895732395, 0.162105124923975, -0.512006210622055, 
-0.161158515591265, -0.310019993831404, 0.033243424669953, -0.135077380090457, 
0.0814963532216966, -339.28950819377, 36.8715239374229, -0.995702896532052, 
21.0639064127962, 33.6368960300513, 0.064313361847144, 0.0198493327746617, 
-0.0673581198214959, 0.180358436969702, -0.0511539249101071, 
0.172930559111146, -0.133770088058887, 0.150443295159093, -0.0133184502282447, 
0.635155205876107, -0.0220785925390108, -0.217767909289016, -0.0114154284488723, 
0.105582656607271, 0.0743163472234282, -0.0233530975095929, 0.343835512465533, 
-0.429203757825874, -0.0298200078675302, 0.209425975954234, 0.0736256780014583, 
0.227640339074448, -389.711431702997, 9.93187509597131, -1.14979322003694, 
-6.03654624118739, 24.2830082052443, 44.1127130724378, 0.201049525623044, 
0.353117861328251, -0.189649092979901, -0.0800800609128088, 0.138768287035913, 
0.182355048391397, 0.044605993357078, 0.0189775881182146, 0.344035765461929, 
0.066644225180501, -0.0372836342040277, -0.079028994203031, 0.229348141755218, 
-0.117142171532031, 0.0194767848478399, 0.0622880809354483, 0.221940894066821, 
0.0115166009686937, -0.27199216381286, 0.128425243840222, -0.014786268861909, 
-225.166604983954, 11.2561251087674, 7.98303684746976, 19.4400271435029, 
28.6223992422438, -3.27123202866498, 30.9146149502112, 0.127404578015255, 
0.47475690535627, 0.127588017643842, 0.172963724493093, -0.0282452797266448, 
0.0466513827738615, 0.181023366206994, -0.0889575270991585, -0.480997347589666, 
0.113906571971273, -0.176415360213283, -0.0228020431257491, 0.123221060274263, 
0.108784658325798, -0.184003071369379, -0.388397728158046, 0.088047000446106, 
-0.0210500049217982, -0.26794555901591, -0.0280562556967795), .Dim = c(27L, 
7L), .Dimnames = list(c("1", "2", "3", "4", "5", "6", "7", "8", 
"9", "10", "11", "12", "14", "15", "16", "17", "19", "20", "21", 
"22", "23", "24", "26", "27", "28", "29", "30"), c("x1", "x2", 
"x3", "x4", "x5", "x6", "x7")), assign = 1:7), qraux = c(1.19245008972988, 
1.0117400095464, 1.34913059557054, 1.26494745966895, 1.10986349822399, 
1.62971890365503, 1.31629333823729), pivot = 1:7, tol = 1e-07, 
    rank = 7L), .Names = c("qr", "qraux", "pivot", "tol", "rank"
), class = "qr"), df.residual = 20L, xlevels = structure(list(), .Names = character(0)), 
    call = quote(lm(formula = y ~ . + 0, data = structure(list(y = c(43, 
        63, 71, 61, 81, 43, 58, 71, 72, 67, 64, 67, 68, 77, 81, 
        74, 65, 50, 50, 64, 53, 40, 66, 78, 48, 85, 82), x1 = c(1, 
        1, 1, 1, 1, 1, 1, 1, 1, 1, 1, 1, 1, 1, 1, 1, 1, 1, 1, 
        1, 1, 1, 1, 1, 1, 1, 1), x2 = c(51, 64, 70, 63, 78, 55, 
        67, 75, 82, 61, 53, 60, 83, 77, 90, 85, 70, 58, 40, 61, 
        66, 37, 77, 75, 57, 85, 82), x3 = c(58, 66, 30, 30, 42, 
        45, 58, 54, 66, 71, 33, 52, 71, 54, 50, 46, 50, 64, 42, 
        45, 42, 72, 68, 45, 68, 46, 51), x4 = c(39, 54, 69, 47, 
        66, 44, 56, 55, 67, 47, 58, 39, 45, 72, 72, 69, 57, 54, 
        34, 62, 50, 58, 63, 74, 45, 71, 59), x5 = c(61, 63, 76, 
        54, 71, 54, 66, 70, 71, 62, 58, 59, 59, 79, 60, 79, 75, 
        64, 43, 66, 63, 50, 88, 80, 51, 77, 64), x6 = c(92, 73, 
        86, 84, 83, 49, 68, 66, 83, 80, 67, 74, 77, 77, 54, 79, 
        85, 78, 64, 80, 80, 57, 76, 78, 83, 74, 78), x7 = c(45, 
        47, 48, 35, 47, 34, 35, 41, 31, 41, 34, 41, 35, 46, 36, 
        63, 46, 52, 33, 41, 37, 49, 72, 49, 38, 55, 39)), .Names = c("y", 
        "x1", "x2", "x3", "x4", "x5", "x6", "x7"),