
expected <- structure(list(coefficients = structure(c(23.1624862911374, -0.149942636030502, 
0.173933156423706, 0.414065435685726, 0.542884484544173, 0.0344768675885653, 
-0.448042624481158), .Names = c("x1", "x2", "x3", "x4", "x5", 
"x6", "x7")), residuals = structure(c(0.593933132146288, -2.98334529864152, 
2.71579189635153, -12.1797850488015, -7.6526698562959, 2.55651969539954, 
-11.2980403606036, 6.14928078502584, -1.81403905314184, 12.4488789771332, 
7.74910841197432, 4.31028855860076, 0.945477237721923, 12.2685567794815, 
5.2959981336056, 4.23869679888214, -1.55635297813437, -11.4389040506499, 
5.55079241426735, -1.35272115836562, -6.79773979427651, -12.1924051409637, 
1.32174193947367, -4.31647442353893, 1.48826553402739, -4.92540215691424, 
10.8745490262366), .Names = c("2", "3", "4", "6", "7", "8", "9", 
"10", "11", "12", "13", "14", "15", "16", "17", "18", "19", "20", 
"21", "22", "23", "24", "25", "26", "27", "28", "29")), effects = structure(c(-333.516005501874, 
-4.50516837232144, 25.6995186800467, 24.4140740103571, -16.4987093159859, 
-0.37420515421578, -18.6863625180783, 7.44769390424555, -2.82300764847632, 
15.1453697622193, 12.2051136138322, 11.8930837381827, 0.0164591962859748, 
6.49017267924394, 3.57696664055513, -3.68005263432192, 0.189328328620925, 
-10.3189642896706, 4.83078345449133, -1.37751233903568, -3.51047796694418, 
-19.9514115465911, 4.58317384442143, -4.61261157218518, 0.367780945990255, 
-4.46191376633976, 9.97942113572212), .Names = c("x1", "x2", 
"x3", "x4", "x5", "x6", "x7", "", "", "", "", "", "", "", "", 
"", "", "", "", "", "", "", "", "", "", "", "")), rank = 7L, 
    fitted.values = structure(c(62.4060668678537, 73.9833452986415, 
    58.2842081036485, 55.1797850488015, 65.6526698562959, 68.4434803046005, 
    83.2980403606036, 60.8507192149742, 65.8140390531418, 54.5511210228668, 
    61.2508915880257, 63.6897114413992, 76.0545227622781, 68.7314432205185, 
    68.7040018663944, 60.7613032011179, 66.5563529781344, 61.4389040506499, 
    44.4492075857327, 65.3527211583656, 59.7977397942765, 52.1924051409637, 
    61.6782580605263, 70.3164744235389, 76.5117344659726, 52.9254021569142, 
    74.1254509737634), .Names = c("2", "3", "4", "6", "7", "8", 
    "9", "10", "11", "12", "13", "14", "15", "16", "17", "18", 
    "19", "20", "21", "22", "23", "24", "25", "26", "27", "28", 
    "29")), assign = 1:7, qr = structure(list(qr = structure(c(-5.19615242270663, 
    0.192450089729875, 0.192450089729875, 0.192450089729875, 
    0.192450089729875, 0.192450089729875, 0.192450089729875, 
    0.192450089729875, 0.192450089729875, 0.192450089729875, 
    0.192450089729875, 0.192450089729875, 0.192450089729875, 
    0.192450089729875, 0.192450089729875, 0.192450089729875, 
    0.192450089729875, 0.192450089729875, 0.192450089729875, 
    0.192450089729875, 0.192450089729875, 0.192450089729875, 
    0.192450089729875, 0.192450089729875, 0.192450089729875, 
    0.192450089729875, 0.192450089729875, -355.07041555162, -54.8999089252432, 
    -0.137266136363247, 0.0813134612156911, 0.0813134612156911, 
    -0.210126002222893, -0.264770901617627, -0.264770901617627, 
    -0.0826212369685124, -0.0826212369685124, 0.0266685618209566, 
    0.208818226470072, 0.172388293540249, 0.172388293540249, 
    0.208818226470072, 0.0813134612156911, 0.172388293540249, 
    0.0266685618209566, -0.0644062705036009, 0.354537958189364, 
    0.445612790513921, -0.0461913040386894, 0.299893058794629, 
    -0.155481102828158, 0.208818226470072, 0.0266685618209566, 
    0.0813134612156911, -282.709181813187, -7.6199276378213, 
    59.1308313937229, 0.105170368969287, 0.223551927878724, 0.00574343307126255, 
    -0.381784510797059, 0.0748300735679123, -0.0088910837235219, 
    0.0925788239131385, -0.045594457080161, -0.433725337281576, 
    0.0463981390507929, 0.1140447441419, -0.112403963098818, 
    -0.165416051395141, 0.181691349233007, -0.231622621080705, 
    0.334499147021091, 0.131793494487126, 0.157579520932516, 
    0.187451490855178, 0.285438391347659, -0.249371371425931, 
    -0.0109340554621581, 0.174257009465936, -0.266885959031801, 
    -293.87128701752, -14.0437391444468, 26.1940611409734, 52.0510443550593, 
    -0.0905534752180009, -0.0648083499544844, -0.0992942429766493, 
    0.0283358938848439, -0.0635263455475984, 0.244475936138749, 
    0.307942283566228, 0.540847374605424, -0.26217763302312, 
    -0.300193643540764, -0.1008145247801, -0.236987712204359, 
    -0.0500309981667134, 0.181943387776394, 0.211823126676176, 
    -0.0456297805012999, 0.206631521138479, -0.159383023700552, 
    0.115265912547651, -0.0534085648702902, -0.253898092520466, 
    0.126754518205544, -0.103116054856773, -335.440506399173, 
    -10.2368111532803, 24.638333240373, 26.0230235652778, -41.1294194432169, 
    0.183576135709219, -0.0704650285554125, 0.12578224372699, 
    -0.170047488074182, 0.141543659694895, -0.0549423212562176, 
    -0.147116197782829, 0.136851014382942, -0.303316585799398, 
    0.121057778022589, -0.542990657801851, 0.284170276111149, 
    -0.0568366109400147, -0.104972968338692, -0.0419342900499199, 
    0.0421210231996135, -0.306156427383516, 0.202414065958591, 
    0.424585696629863, 0.111056001757329, -0.121581708411944, 
    0.0128218352112758, -382.975678562452, -6.89740063471318, 
    15.587495453878, 1.96498151899857, -15.2847377244555, 43.6531914058276, 
    -0.23947214788744, -0.238131198106672, 0.131664291572763, 
    -0.15026302901593, 0.0859919875235264, -0.282569663459512, 
    0.134294205936833, 0.612185274518356, 0.0246917792999145, 
    -0.0643652214698407, -0.146790422582982, -0.180155923797213, 
    0.0502956641678729, -0.0170785351012611, -0.107004934779123, 
    0.390492821814795, 0.0207884941953198, -0.00196071963590467, 
    0.119398638309014, -0.301662929379868, 0.0912018950613704, 
    -222.664753817466, -0.443230850646164, 20.8563318585738, 
    25.2960452227139, -14.1879006357024, 4.19431177180738, 41.7066624848862, 
    0.0394361041470756, 0.21064061822972, -0.107473491847327, 
    0.250353568716081, 0.169571689118372, 0.0972279933498362, 
    0.147534347473401, -0.294780195487649, -0.223215839510554, 
    -0.0437149940457971, -0.151215048823984, -0.127479438262658, 
    0.0351337419507196, -0.00658160410485592, -0.279939894548713, 
    0.0620562351887477, -0.426368458398577, 0.0568443019681266, 
    -0.0226251214655439, -0.0496608920553169), .Dim = c(27L, 
    7L), .Dimnames = list(c("2", "3", "4", "6", "7", "8", "9", 
    "10", "11", "12", "13", "14", "15", "16", "17", "18", "19", 
    "20", "21", "22", "23", "24", "25", "26", "27", "28", "29"
    ), c("x1", "x2", "x3", "x4", "x5", "x6", "x7")), assign = 1:7), 
        qraux = c(1.19245008972988, 1.29989305879463, 1.11093051059146, 
        1.20651746790123, 1.10433800609984, 1.16267651440562, 
        1.60879430814983), pivot = 1:7, tol = 1e-07, rank = 7L), .Names = c("qr", 
    "qraux", "pivot", "tol", "rank"), class = "qr"), df.residual = 20L, 
    xlevels = structure(list(), .Names = character(0)), call = quote(lm(formula = y ~ 
        . + 0, data = structure(list(y = c(63, 71, 61, 43, 58, 
        71, 72, 67, 64, 67, 69, 68, 77, 81, 74, 65, 65, 50, 50, 
        64, 53, 40, 63, 66, 78, 48, 85), x1 = c(1, 1, 1, 1, 1, 
        1, 1, 1, 1, 1, 1, 1, 1, 1, 1, 1, 1, 1, 1, 1, 1, 1, 1, 
        1, 1, 1, 1), x2 = c(51, 82, 58, 70, 70, 54, 51, 51, 61, 
        61, 67, 77, 75, 75, 77, 70, 75, 67, 62, 85, 90, 63, 82, 
        57, 77, 67, 70), x3 = c(51, 68, 45, 49, 42, 50, 72, 45, 
        53, 47, 57, 83, 54, 50, 64, 65, 46, 68, 33, 52, 52, 42, 
        42, 66, 58, 44, 71), x4 = c(54, 69, 47, 44, 56, 55, 67, 
        47, 58, 39, 42, 45, 72, 72, 69, 75, 57, 54, 34, 62, 50, 
        58, 48, 63, 74, 45, 71), x5 = c(63, 76, 54, 54, 66, 70, 
        71, 62, 58, 59, 55, 59, 79, 60, 79, 55, 75, 64, 43, 66, 
        63, 50, 66, 88, 80, 51, 77),