
expected <- structure(list(coefficients = structure(c(19.9623807501381, 0.765410612055542, 
-0.0377401420249605, -0.0871899543704005, 0.120701284373621, 
-0.047784278234455, -0.0806128692181168), .Names = c("x1", "x2", 
"x3", "x4", "x5", "x6", "x7")), residuals = structure(c(-8.45062635018136, 
1.05474074137356, 3.015891911688, 1.11019423430756, 6.55769616577956, 
-12.4558128629427, -8.84705168289144, -0.716832469345986, -4.0973510126435, 
7.81320226014111, 8.79704441124975, 8.13661686807308, -7.22502870558649, 
1.39155795394896, 7.77215333922526, -2.33328076649099, -5.5795990383868, 
7.38536947789961, 4.92370105122159, -12.2178284008085, -2.2224592064766, 
4.96870116747956, -7.75777180782552, 7.29390975063908, -8.9586729121034, 
6.04127034449188, 4.6002655381648), .Names = c("1", "2", "3", 
"4", "5", "6", "7", "8", "9", "11", "12", "13", "14", "15", "18", 
"19", "20", "21", "22", "23", "24", "25", "26", "27", "28", "29", 
"30")), effects = structure(c(-330.436804066196, -51.0689079508119, 
2.68611967430661, 5.45795870414808, 1.93239238929517, -2.62094305905913, 
-3.09049836178331, 3.17829849826343, -3.41947155526233, 10.7901406896213, 
10.2119539112902, 11.0542952553334, -10.4568390447849, 4.81385960044016, 
3.44333657554187, 0.372488768739577, -5.68500735768292, 9.69561351026522, 
7.10337247364261, -11.4015280591002, 0.731642760446637, 9.75675259619418, 
-5.25803464412766, 10.9857674567556, -10.7206471891597, 6.53757042791066, 
4.85760639032743), .Names = c("x1", "x2", "x3", "x4", "x5", "x6", 
"x7", "", "", "", "", "", "", "", "", "", "", "", "", "", "", 
"", "", "", "", "", "")), rank = 7L, fitted.values = structure(c(51.4506263501814, 
61.9452592586264, 67.984108088312, 59.8898057656924, 74.4423038342204, 
55.4558128629427, 66.8470516828914, 71.716832469346, 76.0973510126435, 
56.1867977398589, 58.2029555887502, 60.8633831319269, 75.2250287055865, 
75.608442046051, 57.2278466607747, 67.333280766491, 55.5795990383868, 
42.6146305221004, 59.0762989487784, 65.2178284008085, 42.2224592064766, 
58.0312988325204, 73.7577718078255, 70.7060902493609, 56.9586729121034, 
78.9587296555081, 77.3997344618352), .Names = c("1", "2", "3", 
"4", "5", "6", "7", "8", "9", "11", "12", "13", "14", "15", "18", 
"19", "20", "21", "22", "23", "24", "25", "26", "27", "28", "29", 
"30")), assign = 1:7, qr = structure(list(qr = structure(c(-5.19615242270663, 
0.192450089729875, 0.192450089729875, 0.192450089729875, 0.192450089729875, 
0.192450089729875, 0.192450089729875, 0.192450089729875, 0.192450089729875, 
0.192450089729875, 0.192450089729875, 0.192450089729875, 0.192450089729875, 
0.192450089729875, 0.192450089729875, 0.192450089729875, 0.192450089729875, 
0.192450089729875, 0.192450089729875, 0.192450089729875, 0.192450089729875, 
0.192450089729875, 0.192450089729875, 0.192450089729875, 0.192450089729875, 
0.192450089729875, 0.192450089729875, -339.09705810404, -64.6156729066964, 
0.108983611697181, 0.000650761707243416, 0.232792583114252, -0.123158209709828, 
0.062555247415779, 0.18636421883285, 0.294697068822788, -0.154110452564096, 
-0.0457776025741583, -0.0148253597198905, 0.310173190249921, 
0.217316461687118, -0.0457776025741583, 0.108983611697181, -0.0767298454284261, 
-0.355300031116836, -0.0303014811470244, 0.0470791259886451, 
-0.401728395398238, -0.138634331136962, 0.217316461687118, 0.18636421883285, 
-0.09220596685556, 0.341125433104189, 0.294697068822788, -276.165878762371, 
-38.1635422496297, -51.8743814456437, -0.0855473432092191, -0.04856337822439, 
0.0849309466482844, -0.190063826433519, -0.12921405674444, 0.213189566166732, 
0.185382533999306, -0.011979315364881, 0.157451833421777, 0.413569170333353, 
-0.0754469377310734, 0.335012773954993, -0.147967824504566, 0.416187023010466, 
-0.0484397098142874, 0.0727362590284481, 0.0143806736063798, 
0.160069686098891, -0.0383393043361418, 0.155881121815509, 0.0250046496199481, 
-0.0347979789982857, 0.158898876617943, -0.42296259758637, -301.761740696444, 
0.658021755494406, 0.697528418092539, -63.1104770487999, -0.242044890635106, 
0.20129801234643, -0.115705850339113, 0.0798634396143601, 0.176180052307828, 
-0.289492886558692, 0.184141000267759, 0.17729128459857, 0.158677817682691, 
-0.340730098890496, -0.127460033572224, 0.0794073692520029, 0.218610723419118, 
0.188187746298673, 0.244097060896307, -0.195010123328232, -0.206442238906998, 
-0.324040734620243, -0.226277785929512, 0.230109386462016, -0.198179460972612, 
-0.0712054964281243, -0.158370345354612, -334.478255950523, -38.7894653829049, 
0.555667010559441, 9.91283937977378, 35.9875050706339, 0.0684268564320193, 
0.0254604776545625, -0.0352987496318537, 0.0622337429220466, 
0.162843648941161, 0.00163113587261032, 0.175841440746316, 0.452563161140268, 
-0.054860923340487, 0.310232395503597, -0.257444772333647, -0.114619356896553, 
0.117083420449738, -0.189915557200516, 0.162091327963279, 0.0864884607358742, 
-0.0645800706718575, -0.318518989076247, -0.355546368433702, 
0.344288685460271, 0.0462818800150048, 0.302993254899798, -390.673682151647, 
-18.1024765522868, 4.6765930061464, 1.99207182977031, 7.21408843241562, 
44.1870170131133, 0.224194128589963, 0.328867264049093, -0.0121377619676903, 
0.171038887316485, 0.0890777187769607, 0.338128150488815, 0.10149131935452, 
0.0586160709295875, -0.0851453449681384, -0.106125165686148, 
0.0171426645082019, 0.21380309440436, -0.0183850953098072, -0.0624026956005664, 
0.336680106006267, 0.00268090771893388, 0.120632393950845, 0.10152458029019, 
-0.188401338109623, 0.184617078686966, 0.0313497203820862, -220.932703009897, 
-10.2044959173061, -11.7299946118344, 14.2153932926233, 25.6364238776604, 
6.32031025189486, 38.3375308652177, 0.0154185925795615, 0.365061452174408, 
0.237016866075063, -0.0701227435042888, 0.264420432663256, 0.0660885626315828, 
0.160926503525234, -0.488058087161048, 0.0598998272351432, -0.164336151917385, 
-0.0818337227536655, 0.0748195931990221, 0.170264876726789, -0.266213702048012, 
0.387924574087188, -0.335548865956593, 0.0273561363401214, -0.0208481032803196, 
-0.164773836564685, -0.0502970666439369), .Dim = c(27L, 7L), .Dimnames = list(
    c("1", "2", "3", "4", "5", "6", "7", "8", "9", "11", "12", 
    "13", "14", "15", "18", "19", "20", "21", "22", "23", "24", 
    "25", "26", "27", "28", "29", "30"), c("x1", "x2", "x3", 
    "x4", "x5", "x6", "x7")), assign = 1:7), qraux = c(1.19245008972988, 
1.01612688313438, 1.2761336179975, 1.1873436116442, 1.14344617366364, 
1.63138610819877, 1.17413680333696), pivot = 1:7, tol = 1e-07, 
    rank = 7L), .Names = c("qr", "qraux", "pivot", "tol", "rank"
), class = "qr"), df.residual = 20L, xlevels = structure(list(), .Names = character(0)), 
    call = quote(lm(formula = y ~ . + 0, data = structure(list(y = c(43, 
        63, 71, 61, 81, 43, 58, 71, 72, 64, 67, 69, 68, 77, 65, 
        65, 50, 50, 64, 53, 40, 63, 66, 78, 48, 85, 82), x1 = c(1, 
        1, 1, 1, 1, 1, 1, 1, 1, 1, 1, 1, 1, 1, 1, 1, 1, 1, 1, 
        1, 1, 1, 1, 1, 1, 1, 1), x2 = c(51, 64, 70, 63, 78, 55, 
        67, 75, 82, 53, 60, 62, 83, 77, 60, 70, 58, 40, 61, 66, 
        37, 54, 77, 75, 57, 85, 82), x3 = c(30, 51, 68, 45, 56, 
        49, 42, 50, 72, 53, 47, 57, 83, 54, 65, 46, 68, 33, 52, 
        52, 42, 42, 66, 58, 44, 71, 39), x4 = c(66, 62, 48, 72, 
        45, 71, 54, 66, 69, 39, 71, 69, 66, 39, 48, 66, 69, 71, 
        74, 47, 44, 39, 44, 74, 47, 54, 54), x5 = c(61, 63, 76, 
        54, 71, 54, 66, 70, 71, 58, 59, 55, 59, 79, 55, 75, 64, 
        43, 66, 63, 50, 66, 88, 80, 51, 77, 64), x6 = c(92, 73, 
        86, 84, 83, 49, 68, 66, 83, 67, 74, 63, 77, 77, 80, 85, 
        78, 64, 80, 80, 57, 75, 76, 78, 83, 74, 78), x7 = c(45, 
        47, 48, 35, 47, 34, 35, 41, 31, 34, 41, 25, 35, 46, 60, 
        46, 52, 33, 41, 37, 49, 33, 72, 49, 38, 55, 39)), .Names = c("y", 
        "x1", "x2", "x3", "x4", "x5", "x6", "x7"),