
expected <- structure(list(coefficients = structure(c(3.60000199142583, 0.696700833096798, 
-0.133364051870769, 0.331701082517594, 0.120323144906751, 0.0669410484106608, 
-0.222753542698673), .Names = c("x1", "x2", "x3", "x4", "x5", 
"x6", "x7")), residuals = structure(c(-9.14315973761167, -1.30486389909646, 
1.80623284767054, -3.4129255403417, 6.44769242488028, -8.70120506656122, 
0.70650650780178, -7.10104384327098, 6.5473467349406, 12.0099083612647, 
7.96152220724294, -3.18453356802462, 1.06635140689527, -6.65598468326873, 
-1.04429078293551, 3.4576313307687, -5.0901302240497, -6.11582238801852, 
5.21625295398002, -0.374297994821176, -3.25573342994, 7.17030654746022, 
-1.89589996755602, 3.44983411559511, -7.95940212942102, 6.97368514198733, 
2.42602267442983), .Names = c("1", "2", "3", "4", "5", "6", "8", 
"9", "10", "12", "13", "14", "15", "16", "17", "18", "19", "20", 
"21", "22", "24", "25", "26", "27", "28", "29", "30")), effects = structure(c(-339.4819582835, 
54.8283956586102, 5.80475161533608, 9.31821960428338, 4.26272335879863, 
1.06334384524057, 9.18935383618201, -5.10350961030845, 8.17095298195335, 
11.3769799211449, 13.3582526601341, -1.04002482671424, 3.26108107489345, 
2.59682032722005, -1.64056427966081, 3.64353233816471, -1.69053814823586, 
-4.47507990406299, 8.96375274435501, 1.99926345145826, -2.06206450160365, 
7.06128542789303, 0.0804427174758078, 5.76985312751063, -9.84628267931258, 
10.2729363717033, 6.42940839025662), .Names = c("x1", "x2", "x3", 
"x4", "x5", "x6", "x7", "", "", "", "", "", "", "", "", "", "", 
"", "", "", "", "", "", "", "", "", "")), rank = 7L, fitted.values = structure(c(52.1431597376117, 
64.3048638990965, 69.1937671523295, 64.4129255403417, 74.5523075751197, 
51.7012050665612, 70.2934934921982, 79.101043843271, 60.4526532650594, 
54.9900916387353, 61.0384777927571, 71.1845335680246, 75.9336485931047, 
87.6559846832687, 75.0442907829355, 61.5423686692313, 70.0901302240497, 
56.1158223880185, 44.78374704602, 64.3742979948212, 43.25573342994, 
55.8296934525398, 67.895899967556, 74.5501658844049, 55.959402129421, 
78.0263148580127, 79.5739773255702), .Names = c("1", "2", "3", 
"4", "5", "6", "8", "9", "10", "12", "13", "14", "15", "16", 
"17", "18", "19", "20", "21", "22", "24", "25", "26", "27", "28", 
"29", "30")), assign = 1:7, qr = structure(list(qr = structure(c(-5.19615242270663, 
0.192450089729875, 0.192450089729875, 0.192450089729875, 0.192450089729875, 
0.192450089729875, 0.192450089729875, 0.192450089729875, 0.192450089729875, 
0.192450089729875, 0.192450089729875, 0.192450089729875, 0.192450089729875, 
0.192450089729875, 0.192450089729875, 0.192450089729875, 0.192450089729875, 
0.192450089729875, 0.192450089729875, 0.192450089729875, 0.192450089729875, 
0.192450089729875, 0.192450089729875, 0.192450089729875, 0.192450089729875, 
0.192450089729875, 0.192450089729875, -348.719562590534, 70.3467601717852, 
-0.0780287364412797, 0.0214783337195374, -0.191751102339356, 
0.135200699617614, -0.149105215127578, -0.248612285288395, 0.0499089251940565, 
0.0641242209313161, 0.035693629456797, -0.262827581025654, -0.177535806602097, 
-0.362334651186471, -0.291258172500173, 0.0641242209313161, -0.0780287364412797, 
0.0925548124058353, 0.348430135676508, 0.0499089251940565, 0.391076022888286, 
0.149415995354874, -0.177535806602097, -0.149105215127578, 0.106770108143095, 
-0.291258172500173, -0.248612285288395, -278.475279839129, 37.4320326308127, 
-53.0034098114856, -0.075706467318834, -0.012820834695724, 0.0769060743699957, 
-0.0970914619501152, 0.250473687390347, -0.0564200426149869, 
-0.0090434088263427, 0.160337273653413, 0.448364292940387, -0.040911043780521, 
-0.241739647228969, 0.0706103645876936, 0.330557384104143, -0.124342243063939, 
0.406443940963071, -0.0803131118449159, 0.0756469324135353, 0.118416921676098, 
-0.0455176883066029, 0.185489484839803, 0.0538422237967673, -0.0367139039256529, 
0.202677339616216, -0.372127766315544, -293.87128701752, 38.6703428372584, 
-11.1993092197911, 48.2684858320112, -0.107781713378168, 0.123670080364893, 
0.0546436939298392, 0.0157286801850715, 0.0785726316673404, 0.250959607742599, 
0.275155952383693, 0.557391283462209, -0.253908605931057, -0.183741834899432, 
-0.0598830973881054, -0.366755652799726, -0.0531978074521516, 
0.0744881674426076, 0.103155243763194, -0.182367420860423, -0.35276932207614, 
-0.0166088494611066, 0.0179571101637227, -0.282048775483992, 
0.0825405083636648, -0.0514962842411523, -0.0534055120873466, 
-349.296912859724, -1.6442358736097, -4.35805047523753, -8.21565699498654, 
48.3267372295566, 0.468192381905853, 0.0267686050346781, 0.0769063235683923, 
-0.0339216103782609, 0.290105085807052, -0.0726031640811073, 
0.0431454256358954, -0.0158803383935654, -0.339875663331232, 
0.0965769683574435, -0.0608632602033229, -0.314323697347772, 
-0.16414803449503, -0.0533897632209677, -0.101228919236308, 0.182523983317488, 
0.30825870134917, -0.308370314176724, -0.0883655977107791, 0.347380853305985, 
-0.199868890500197, -0.144866752115569, -390.288781972187, 8.70923785502774, 
-2.19264660625914, 1.47069026615051, 4.28707603102537, 51.004570312439, 
0.262536667353245, -0.000263723750160093, -0.0550773978795175, 
0.0760486877427728, 0.332873975797149, 0.203444238367562, 0.0325978065696536, 
0.517364481260233, 0.0560901835427752, -0.0476991882304222, -0.136372846625811, 
0.04054667043261, 0.179359742734812, -0.0609028941681574, 0.283517832093496, 
0.00192086599256269, 0.117048110639312, 0.0175650397276853, -0.133404827562665, 
0.179604108551085, 0.00737875351188519, -227.476006060713, 10.7846710326676, 
-14.0153888247995, 26.0485431054199, 8.25613361563746, 10.5540658825327, 
-41.2534576323788, -0.413461839171742, -0.00382267969968151, 
0.212675648435363, -0.252281226433785, 0.0535622197643324, -0.158474622923198, 
-0.298712251612235, 0.371852388620933, -0.00609369768437236, 
-0.0635096932647374, 0.104406626972458, -0.0751831257428855, 
-0.259426320138424, -0.0118060992513931, -0.16406909980036, 0.55012180211605, 
-0.152221378890682, 0.00366960411083952, 0.0961870919914541, 
-0.117256571428043), .Dim = c(27L, 7L), .Dimnames = list(c("1", 
"2", "3", "4", "5", "6", "8", "9", "10", "12", "13", "14", "15", 
"16", "17", "18", "19", "20", "21", "22", "24", "25", "26", "27", 
"28", "29", "30"), c("x1", "x2", "x3", "x4", "x5", "x6", "x7"
)), assign = 1:7), qraux = c(1.19245008972988, 1.00726303798228, 
1.29072539273999, 1.09374745055647, 1.0351137836774, 1.54340452921829, 
1.02945877233664), pivot = 1:7, tol = 1e-07, rank = 7L), .Names = c("qr", 
"qraux", "pivot", "tol", "rank"), class = "qr"), df.residual = 20L, 
    xlevels = structure(list(), .Names = character(0)), call = quote(lm(formula = y ~ 
        . + 0, data = structure(list(y = c(43, 63, 71, 61, 81, 
        43, 71, 72, 67, 67, 69, 68, 77, 81, 74, 65, 65, 50, 50, 
        64, 40, 63, 66, 78, 48, 85, 82), x1 = c(1, 1, 1, 1, 1, 
        1, 1, 1, 1, 1, 1, 1, 1, 1, 1, 1, 1, 1, 1, 1, 1, 1, 1, 
        1, 1, 1, 1), x2 = c(51, 64, 70, 63, 78, 55, 75, 82, 61, 
        60, 62, 83, 77, 90, 85, 60, 70, 58, 40, 61, 37, 54, 77, 
        75, 57, 85, 82), x3 = c(30, 51, 68, 45, 56, 49, 50, 72, 
        45, 47, 57, 83, 54, 50, 64, 65, 46, 68, 33, 52, 42, 42, 
        66, 58, 44, 71, 39), x4 = c(39, 54, 69, 47, 66, 44, 55, 
        67, 47, 39, 42, 45, 72, 72, 69, 75, 57, 54, 34, 62, 58, 
        48, 63, 74, 45, 71, 59), x5 = c(66, 88, 66, 79, 59, 50, 
        63, 59, 71, 59, 77, 71, 59, 71, 55, 66, 79, 80, 79, 70, 
        61, 55, 79, 63, 54, 70, 66), x6 = c(92, 73, 86, 84, 83, 
        49, 66, 83, 80, 74, 63, 77, 77, 54, 79, 80, 85, 78, 64, 
        80, 57, 75, 76, 78, 83, 74, 78), x7 = c(45, 47, 48, 35, 
        47, 34, 41, 31, 41, 41, 25, 35, 46, 36, 63, 60, 46, 52, 
        33, 41, 49, 33, 72, 49, 38, 55, 39)), .Names = c("y", 
        "x1", "x2", "x3", "x4", "x5", "x6", "x7"),