
expected <- structure(list(coefficients = structure(c(5.95873587971131, 0.617318507688481, 
-0.113815506784836, 0.326216973261349, 0.126111804417816, 0.0965402201073856, 
-0.246611975785459), .Names = c("x1", "x2", "x3", "x4", "x5", 
"x6", "x7")), residuals = structure(c(-9.85751695658111, -0.832758076550685, 
2.27098870532179, -3.50109368758818, 7.87109679764137, -8.33909462306725, 
-8.18088738797427, 2.28561065531418, -6.04913771038388, 6.6082704982736, 
6.02825396117217, 12.1555387792807, 7.92654424106121, -2.18536466091712, 
2.63611179705094, -3.60332717843716, 1.31814008898479, 3.68401045235381, 
-4.35448595370354, -6.4347302013447, 4.00984701080318, -0.362163748734975, 
-10.133370662587, -4.05147963050052, 6.78943072341542, -0.0759338600058863, 
4.37750062770323), .Names = c("1", "2", "3", "4", "5", "6", "7", 
"8", "9", "10", "11", "12", "13", "14", "15", "16", "17", "18", 
"19", "20", "21", "22", "23", "24", "25", "26", "30")), effects = structure(c(-332.553755053224, 
-47.3569455303206, 4.84740410534456, 8.393226700135, 4.33572605775304, 
1.80613853095522, -10.4996358556678, 4.00418528449501, -5.53525800520987, 
8.63088664827901, 10.5899969902444, 11.5070153870649, 13.7117609069939, 
-2.35691421381261, 3.44335084899723, 2.5708753770342, -2.38000534423843, 
4.44271002658577, -1.37195757417907, -4.09840785851879, 10.5068075465596, 
2.81532780561808, -10.1763203700329, -0.0530965859608334, 7.92649825339724, 
-0.365613202211107, 6.35544226690189), .Names = c("x1", "x2", 
"x3", "x4", "x5", "x6", "x7", "", "", "", "", "", "", "", "", 
"", "", "", "", "", "", "", "", "", "", "", "")), rank = 7L, 
    fitted.values = structure(c(52.8575169565811, 63.8327580765507, 
    68.7290112946782, 64.5010936875882, 73.1289032023586, 51.3390946230673, 
    66.1808873879743, 68.7143893446858, 78.0491377103839, 60.3917295017264, 
    57.9717460388278, 54.8444612207194, 61.0734557589388, 70.1853646609171, 
    74.3638882029491, 84.6033271784372, 72.6818599110152, 61.3159895476462, 
    69.3544859537035, 56.4347302013447, 45.9901529891968, 64.362163748735, 
    63.133370662587, 44.0514796305005, 56.2105692765846, 66.0759338600059, 
    77.6224993722968), .Names = c("1", "2", "3", "4", "5", "6", 
    "7", "8", "9", "10", "11", "12", "13", "14", "15", "16", 
    "17", "18", "19", "20", "21", "22", "23", "24", "25", "26", 
    "30")), assign = 1:7, qr = structure(list(qr = structure(c(-5.19615242270663, 
    0.192450089729875, 0.192450089729875, 0.192450089729875, 
    0.192450089729875, 0.192450089729875, 0.192450089729875, 
    0.192450089729875, 0.192450089729875, 0.192450089729875, 
    0.192450089729875, 0.192450089729875, 0.192450089729875, 
    0.192450089729875, 0.192450089729875, 0.192450089729875, 
    0.192450089729875, 0.192450089729875, 0.192450089729875, 
    0.192450089729875, 0.192450089729875, 0.192450089729875, 
    0.192450089729875, 0.192450089729875, 0.192450089729875, 
    0.192450089729875, 0.192450089729875, -342.753609808908, 
    -68.0364825881156, 0.0948302518508885, -0.00805572540306698, 
    0.212414225855409, -0.125639699407587, 0.0507362615991933, 
    0.168320235603714, 0.271206212857669, -0.0374517189041971, 
    -0.155035692908718, -0.0521497156547622, -0.022753722153632, 
    0.285904209608234, 0.197716229104844, 0.38879018686219, 0.315300203109364, 
    -0.0521497156547622, 0.0948302518508885, -0.0815457091558923, 
    -0.346109650666063, -0.0374517189041971, 0.0360382648486282, 
    -0.390203640917759, -0.140337696158153, 0.197716229104844, 
    0.271206212857669, -273.471577506153, -31.9186052397271, 
    -53.7540597150277, -0.068940024584522, -0.00259405148006831, 
    0.0792274842913807, -0.161627025089866, -0.0865555811570526, 
    0.258180623295055, -0.0505013934329394, 0.172079099712536, 
    -0.00407558572236198, 0.163518243799986, 0.453597014460587, 
    -0.0305812280390631, -0.224845314793922, 0.0816967080285368, 
    0.330782843490713, -0.114871987547668, 0.405031212844475, 
    -0.0801347191500383, 0.0797213290388119, 0.0336247511598553, 
    0.114952442183873, -0.0417759226045793, 0.192657724769653, 
    -0.355726496928915, -288.867584684543, -31.8151748922231, 
    -10.7420708495204, 46.8713246981527, -0.13207290309552, 0.133572442022195, 
    -0.0936583501173797, 0.0390282479705255, -0.0104238354988438, 
    0.0803242194515253, -0.149301402981008, 0.258912388977911, 
    0.280950787064172, 0.545622146599228, -0.281277578713764, 
    -0.22401796861094, -0.0913695887295397, -0.378185415255976, 
    -0.0659608194573539, 0.0783902646598316, 0.130862578649903, 
    -0.188771043885741, 0.100465325642289, -0.335626137821619, 
    -0.00934067039045085, -0.00195424574144852, -0.0798415502449372, 
    -348.719562590534, 3.55528210288671, -4.32694308675615, -8.75047137507488, 
    47.462969250496, 0.367108522679873, 0.143135266214178, 0.157906117768744, 
    0.269632003027515, -0.0682983712343513, -0.0928601301929946, 
    0.252892669406621, -0.101875907188987, 0.253260906723628, 
    0.124639442057379, -0.0404476454018585, 0.332227336257, -0.143468666598751, 
    -0.24952167640653, -0.261925349801589, -0.330332981494513, 
    -0.152668127579454, 0.222026487642686, -0.150906381292379, 
    0.194976106808427, -0.1771130173822, 0.0765538050192494, 
    -386.439780177589, -11.4110891809387, -4.10160002706479, 
    0.49003517891903, 7.64805035767326, 50.5027465438154, 0.14162458915116, 
    0.228093979710205, -0.0405130877801782, -0.0568301899587656, 
    0.19741992930108, 0.0777968590781259, 0.348671510513152, 
    0.188046358910692, -0.0143216617475773, 0.446015578618211, 
    -0.000903019801200815, -0.0426965309397674, -0.160113361196362, 
    0.0694411570052958, 0.228110977234492, -0.0631044060407455, 
    -0.0402854504667124, 0.330276648165538, 0.00688226402128848, 
    0.0951804940406501, -0.056896926935563, -220.547802830437, 
    -8.28150461356839, -12.875499479707, 23.6840296439762, 9.68427869234594, 
    12.4463044693436, 42.5755311445295, -0.0425829704003153, 
    0.388254178608774, -0.00796708357007725, 0.295336127500857, 
    -0.217256145266509, 0.231716645359125, -0.048877137281946, 
    0.132519405875794, 0.271186221073675, -0.374018932046185, 
    -0.0264887853281878, 0.0523424318111894, -0.11900732017313, 
    0.051658470058432, 0.229298485082159, 0.0488040587686901, 
    -0.0337382292377077, 0.137366699897033, -0.544990627406506, 
    0.106507432098741), .Dim = c(27L, 7L), .Dimnames = list(c("1", 
    "2", "3", "4", "5", "6", "7", "8", "9", "10", "11", "12", 
    "13", "14", "15", "16", "17", "18", "19", "20", "21", "22", 
    "23", "24", "25", "26", "30"), c("x1", "x2", "x3", "x4", 
    "x5", "x6", "x7")), assign = 1:7), qraux = c(1.19245008972988, 
    1.0066422713475, 1.29439942593498, 1.09361073781378, 1.19133574507838, 
    1.55731579904262, 1.14927925634124), pivot = 1:7, tol = 1e-07, 
        rank = 7L), .Names = c("qr", "qraux", "pivot", "tol", 
    "rank"), class = "qr"), df.residual = 20L, xlevels = structure(list(), .Names = character(0)), 
    call = quote(lm(formula = y ~ . + 0, data = structure(list(y = c(43, 
        63, 71, 61, 81, 43, 58, 71, 72, 67, 64, 67, 69, 68, 77, 
        81, 74, 65, 65, 50, 50, 64, 53, 40, 63, 66, 82), x1 = c(1, 
        1, 1, 1, 1, 1, 1, 1, 1, 1, 1, 1, 1, 1, 1, 1, 1, 1, 1, 
        1, 1, 1, 1, 1, 1, 1, 1), x2 = c(51, 64, 70, 63, 78, 55, 
        67, 75, 82, 61, 53, 60, 62, 83, 77, 90, 85, 60, 70, 58, 
        40, 61, 66, 37, 54, 77, 82), x3 = c(30, 51, 68, 45, 56, 
        49, 42, 50, 72, 45, 53, 47, 57, 83, 54, 50, 64, 65, 46, 
        68, 33, 52, 52, 42, 42, 66, 39), x4 = c(39, 54, 69, 47, 
        66, 44, 56, 55, 67, 47, 58, 39, 42, 45, 72, 72, 69, 75, 
        57, 54, 34, 62, 50, 58, 48, 63, 59), x5 = c(66, 88, 66, 
        79, 59, 50, 59, 63, 59, 71, 66, 59, 77, 71, 59, 71, 55, 
        66, 79, 80, 79, 70, 59, 61, 55, 79, 66), x6 = c(92, 73, 
        86, 84, 83, 49, 68, 66, 83, 80, 67, 74, 63, 77, 77, 54, 
        79, 80, 85, 78, 64, 80, 80, 57, 75, 76, 78),