
expected <- structure(list(coefficients = structure(c(8.73741355206892, 0.609005487763928, 
-0.0776257763635157, 0.249359612337536, 0.104009761978674, 0.116478788061177, 
-0.23337304610301), .Names = c("x1", "x2", "x3", "x4", "x5", 
"x6", "x7")), residuals = structure(c(-9.60769454421428, 2.10873644098581, 
3.27314513872005, -1.66819961706298, 4.79740216806465, -9.79017947446802, 
-10.3179188487351, 1.76973559284101, -6.57167213773631, 7.10393550139162, 
6.52662327681516, 11.2900105028007, 8.39935924117604, -1.33634198568053, 
3.02876168476458, -1.78961895505163, -0.624659028856998, 4.19742643703868, 
-2.83267151715845, -5.64515042997771, 4.67984381872126, -1.27728325067897, 
-11.2873020482654, -3.39774007691037, 3.41594154424068, -0.483490216712099, 
6.03900078394864), .Names = c("1", "2", "3", "4", "5", "6", "7", 
"8", "9", "10", "11", "12", "13", "14", "15", "16", "17", "18", 
"19", "20", "21", "22", "23", "24", "25", "26", "30")), effects = structure(c(-332.553755053224, 
-47.3569455303206, 4.84740410534456, 8.393226700135, -3.91217533543763, 
2.67594228111639, -10.0512542341167, 3.73276546127609, -3.77386454971022, 
8.60516913681573, 11.0569191083749, 12.4484321574492, 11.6634023707954, 
-1.44161877337897, 5.82505501286848, 3.27191628820624, -3.09807038643185, 
4.42230898669636, -1.95447640695935, -6.9047219909983, 7.99839854871432, 
0.192243828369006, -9.53836412570149, 0.908066105871422, 5.63878700194444, 
-5.63530348778637, 9.67834519361692), .Names = c("x1", "x2", 
"x3", "x4", "x5", "x6", "x7", "", "", "", "", "", "", "", "", 
"", "", "", "", "", "", "", "", "", "", "", "")), rank = 7L, 
    fitted.values = structure(c(52.6076945442143, 60.8912635590142, 
    67.7268548612799, 62.668199617063, 76.2025978319353, 52.790179474468, 
    68.3179188487351, 69.230264407159, 78.5716721377363, 59.8960644986084, 
    57.4733767231848, 55.7099894971993, 60.600640758824, 69.3363419856805, 
    73.9712383152354, 82.7896189550516, 74.624659028857, 60.8025735629613, 
    67.8326715171585, 55.6451504299777, 45.3201561812787, 65.277283250679, 
    64.2873020482654, 43.3977400769104, 59.5840584557593, 66.4834902167121, 
    75.9609992160514), .Names = c("1", "2", "3", "4", "5", "6", 
    "7", "8", "9", "10", "11", "12", "13", "14", "15", "16", 
    "17", "18", "19", "20", "21", "22", "23", "24", "25", "26", 
    "30")), assign = 1:7, qr = structure(list(qr = structure(c(-5.19615242270663, 
    0.192450089729875, 0.192450089729875, 0.192450089729875, 
    0.192450089729875, 0.192450089729875, 0.192450089729875, 
    0.192450089729875, 0.192450089729875, 0.192450089729875, 
    0.192450089729875, 0.192450089729875, 0.192450089729875, 
    0.192450089729875, 0.192450089729875, 0.192450089729875, 
    0.192450089729875, 0.192450089729875, 0.192450089729875, 
    0.192450089729875, 0.192450089729875, 0.192450089729875, 
    0.192450089729875, 0.192450089729875, 0.192450089729875, 
    0.192450089729875, 0.192450089729875, -342.753609808908, 
    -68.0364825881156, 0.0948302518508885, -0.00805572540306698, 
    0.212414225855409, -0.125639699407587, 0.0507362615991933, 
    0.168320235603714, 0.271206212857669, -0.0374517189041971, 
    -0.155035692908718, -0.0521497156547622, -0.022753722153632, 
    0.285904209608234, 0.197716229104844, 0.38879018686219, 0.315300203109364, 
    -0.0521497156547622, 0.0948302518508885, -0.0815457091558923, 
    -0.346109650666063, -0.0374517189041971, 0.0360382648486282, 
    -0.390203640917759, -0.140337696158153, 0.197716229104844, 
    0.271206212857669, -273.471577506153, -31.9186052397271, 
    -53.7540597150277, -0.068940024584522, -0.00259405148006831, 
    0.0792274842913807, -0.161627025089866, -0.0865555811570526, 
    0.258180623295055, -0.0505013934329394, 0.172079099712536, 
    -0.00407558572236198, 0.163518243799986, 0.453597014460587, 
    -0.0305812280390631, -0.224845314793922, 0.0816967080285368, 
    0.330782843490713, -0.114871987547668, 0.405031212844475, 
    -0.0801347191500383, 0.0797213290388119, 0.0336247511598553, 
    0.114952442183873, -0.0417759226045793, 0.192657724769653, 
    -0.355726496928915, -288.867584684543, -31.8151748922231, 
    -10.7420708495204, 46.8713246981527, -0.13207290309552, 0.133572442022195, 
    -0.0936583501173797, 0.0390282479705255, -0.0104238354988438, 
    0.0803242194515253, -0.149301402981008, 0.258912388977911, 
    0.280950787064172, 0.545622146599228, -0.281277578713764, 
    -0.22401796861094, -0.0913695887295397, -0.378185415255976, 
    -0.0659608194573539, 0.0783902646598316, 0.130862578649903, 
    -0.188771043885741, 0.100465325642289, -0.335626137821619, 
    -0.00934067039045085, -0.00195424574144852, -0.0798415502449372, 
    -327.550052720248, -10.2891420956456, 7.94441753236755, 20.9167557018719, 
    -48.4816674515038, -0.032138283564178, 0.295466319227158, 
    0.0744177122235443, 0.0139629761240765, -0.0248508629879925, 
    -0.0275134183659851, -0.0621068527642093, 0.233689772482744, 
    -0.0214148354881003, -0.186616452510583, -0.0523609568235445, 
    0.126460327491977, -0.0628568340893077, -0.0160071442700476, 
    0.177905368750971, 0.150056776094198, 0.300641573671427, 
    0.0353092974323299, -0.201692613070427, 0.381391920942665, 
    0.385876335371234, -0.319821185665028, -386.439780177589, 
    -11.4110891809387, -4.10160002706479, 0.49003517891903, 3.08252210024794, 
    50.9854698933318, 0.154396518615791, 0.234528221890974, -0.0285917894254109, 
    -0.0598057147355686, 0.190947623410486, 0.0857962914723435, 
    0.347637699339363, 0.196145613916724, -0.0142066720388037, 
    0.438668059089911, 0.0163514994738779, -0.0499684433627479, 
    -0.169360188177939, 0.0628853355353157, 0.216451659018568, 
    -0.060483446161537, -0.0297430640091423, 0.315315869754113, 
    0.0254565557151685, 0.0976555521656323, -0.0620612732734395, 
    -220.547802830437, -8.28150461356839, -12.875499479707, 23.6840296439762, 
    -3.30519282751005, 13.9809781603843, 43.0694735401452, -0.0232536984801614, 
    0.445931616276405, -0.0189796614810799, 0.256981672597891, 
    -0.165731817643481, 0.184037144023625, -0.00675476204509837, 
    0.157257253167979, 0.226262589606237, -0.295521355289248, 
    -0.055194784028981, 0.00855601458748432, -0.178055895716404, 
    -0.036151866088737, 0.201160270108267, 0.100171914371628, 
    -0.0926047584298532, 0.182213155147231, -0.580145094335958, 
    0.122627840973473), .Dim = c(27L, 7L), .Dimnames = list(c("1", 
    "2", "3", "4", "5", "6", "7", "8", "9", "10", "11", "12", 
    "13", "14", "15", "16", "17", "18", "19", "20", "21", "22", 
    "23", "24", "25", "26", "30"), c("x1", "x2", "x3", "x4", 
    "x5", "x6", "x7")), assign = 1:7), qraux = c(1.19245008972988, 
    1.0066422713475, 1.29439942593498, 1.09361073781378, 1.45248249325606, 
    1.56632961459555, 1.17190420481646), pivot = 1:7, tol = 1e-07, 
        rank = 7L), .Names = c("qr", "qraux", "pivot", "tol", 
    "rank"), class = "qr"), df.residual = 20L, xlevels = structure(list(), .Names = character(0)), 
    call = quote(lm(formula = y ~ . + 0, data = structure(list(y = c(43, 
        63, 71, 61, 81, 43, 58, 71, 72, 67, 64, 67, 69, 68, 77, 
        81, 74, 65, 65, 50, 50, 64, 53, 40, 63, 66, 82), x1 = c(1, 
        1, 1, 1, 1, 1, 1, 1, 1, 1, 1, 1, 1, 1, 1, 1, 1, 1, 1, 
        1, 1, 1, 1, 1, 1, 1, 1), x2 = c(51, 64, 70, 63, 78, 55, 
        67, 75, 82, 61, 53, 60, 62, 83, 77, 90, 85, 60, 70, 58, 
        40, 61, 66, 37, 54, 77, 82), x3 = c(30, 51, 68, 45, 56, 
        49, 42, 50, 72, 45, 53, 47, 57, 83, 54, 50, 64, 65, 46, 
        68, 33, 52, 52, 42, 42, 66, 39), x4 = c(39, 54, 69, 47, 
        66, 44, 56, 55, 67, 47, 58, 39, 42, 45, 72, 72, 69, 75, 
        57, 54, 34, 62, 50, 58, 48, 63, 59), x5 = c(50, 59, 54, 
        55, 88, 54, 80, 66, 61, 58, 60, 51, 63, 43, 61, 70, 71, 
        63, 64, 62, 63, 79, 60, 55, 79, 79, 54),