
expected <- structure(list(coefficients = structure(c(8.05290669563237, 0.529579278947821, 
0.0863815283449293, 0.233740839378607, 0.139139869690599, 0.0326791494645023, 
-0.182602944568088), .Names = c("x1", "x2", "x3", "x4", "x5", 
"x6", "x7")), residuals = structure(c(2.23493862805898, 0.636490775795415, 
1.87969038605021, -11.8625346160956, -7.26654008410805, 3.11241676636748, 
-6.38872909694235, 7.23805215644408, 6.21137566310079, 10.2510526562796, 
9.26248834513499, -3.78451549662877, 1.56693709530753, 0.856325683524432, 
-0.633859934236787, 3.7527044957637, -2.92476907833224, -7.14986964911664, 
5.75802217189921, -2.32968423500037, -10.3759477059793, -4.7044936113183, 
3.64803758488662, -3.19662777085111, 3.70736684568498, -8.11869370781874, 
8.62036573213022), .Names = c("2", "3", "4", "6", "7", "8", "9", 
"10", "11", "12", "13", "14", "15", "16", "17", "18", "19", "20", 
"21", "22", "23", "24", "25", "26", "27", "28", "29")), effects = structure(c(-333.516005501874, 
-45.8271796854879, 7.28029338843642, 8.75592979715965, -1.60277327851383, 
0.336162695917885, -7.01750132557814, 9.79973776774752, 4.37152316357709, 
13.6041861105508, 11.8225655910792, -0.531834052723955, 0.599161611278113, 
-5.34352804652761, -3.08385753566497, -5.17956730446241, -0.121834904926792, 
-7.89137834770088, 6.71356322667879, -2.26461473627526, -7.90115594565399, 
-11.6895101133378, 7.57626261918654, -3.54660130921445, 2.07452923115137, 
-6.86281778822595, 5.8206657538103), .Names = c("x1", "x2", "x3", 
"x4", "x5", "x6", "x7", "", "", "", "", "", "", "", "", "", "", 
"", "", "", "", "", "", "", "", "", "")), rank = 7L, fitted.values = structure(c(60.765061371941, 
70.3635092242046, 59.1203096139498, 54.8625346160956, 65.266540084108, 
67.8875832336325, 78.3887290969424, 59.7619478435559, 57.7886243368992, 
56.7489473437204, 59.737511654865, 71.7845154966288, 75.4330629046925, 
80.1436743164756, 74.6338599342368, 61.2472955042363, 67.9247690783322, 
57.1498696491166, 44.2419778281008, 66.3296842350004, 63.3759477059793, 
44.7044936113183, 59.3519624151134, 69.1966277708511, 74.292633154315, 
56.1186937078187, 76.3796342678698), .Names = c("2", "3", "4", 
"6", "7", "8", "9", "10", "11", "12", "13", "14", "15", "16", 
"17", "18", "19", "20", "21", "22", "23", "24", "25", "26", "27", 
"28", "29")), assign = 1:7, qr = structure(list(qr = structure(c(-5.19615242270663, 
0.192450089729875, 0.192450089729875, 0.192450089729875, 0.192450089729875, 
0.192450089729875, 0.192450089729875, 0.192450089729875, 0.192450089729875, 
0.192450089729875, 0.192450089729875, 0.192450089729875, 0.192450089729875, 
0.192450089729875, 0.192450089729875, 0.192450089729875, 0.192450089729875, 
0.192450089729875, 0.192450089729875, 0.192450089729875, 0.192450089729875, 
0.192450089729875, 0.192450089729875, 0.192450089729875, 0.192450089729875, 
0.192450089729875, 0.192450089729875, -343.908310347287, -67.2761032913922, 
-0.0421028710864252, -0.16101582247051, 0.0173536046056173, 0.136266555989702, 
0.240315388450777, -0.0718311089324464, -0.190744060316531, -0.0866952278554571, 
-0.0569669900094358, 0.255179507373787, 0.165994793835724, 0.359228339834862, 
0.284907745219808, -0.0866952278554571, 0.0619459613746492, -0.116423465701478, 
-0.38397760631567, -0.0718311089324464, 0.00248948568260667, 
-0.428569963084701, -0.175879941393521, 0.165994793835724, 0.136266555989702, 
-0.131287584624489, 0.284907745219808, -258.460470507223, 10.4896637762609, 
50.5485127283304, -0.0484690774743466, 0.126163516037366, 0.288745521725789, 
-0.0610967443383991, -0.0996336107603361, 0.0543119950754592, 
-0.0977005137860924, 0.0764800737477932, -0.201510671354488, 
-0.130563162348235, -0.0172125929715577, 0.15071669766177, -0.0779175380658287, 
-0.117031483528529, 0.103995437365032, -0.138170477182273, -0.673339906647982, 
0.0291817344102911, 0.184156425264677, -0.363063592024322, 0.00791766769361041, 
-0.0871310169592206, -0.052335271422834, 0.0913677705009792, 
-293.87128701752, -33.9678148766177, 2.57574039534323, 49.3175402933915, 
-0.000813722918042049, 0.100997321861043, 0.00402900090144675, 
0.136357741186462, -0.216468761228627, 0.284987620930282, 0.224186348592893, 
0.484810396118031, -0.153213905009321, 0.00227241812289693, -0.028942278486401, 
-0.447991281587757, 0.055848033605974, -0.0764871265774649, 0.126749151297328, 
-0.0803444649938076, 0.122340084888098, -0.448893602338311, 0.0632083592603764, 
0.00816851671481908, -0.226966832071467, 0.116543436170557, -0.0604493308117684, 
-335.440506399173, -38.1446322939837, 5.36144867364197, 16.9142084840248, 
-36.20522218275, 0.114589401643269, -0.142175494802424, 0.0691979400734736, 
-0.0198826214648204, 0.0807732164903017, -0.0485650929870094, 
-0.29200950027466, 0.0761732680906083, -0.588379671209027, 0.0654784515442162, 
-0.391954592909455, 0.20941754453252, 0.134086436794738, -0.0668830271207727, 
-0.0944535529090584, 0.0305661863754401, -0.0118034719377383, 
0.2019131579403, 0.445680757306379, 0.117824827475489, -0.153866730869962, 
-0.0226836447409527, -382.975678562452, -12.3443755040988, 11.3438406699246, 
3.22226520131612, -15.1428788989258, 43.7364096322921, -0.117095382459062, 
-0.238897608971859, 0.152452552530093, -0.181030316790551, 0.0911506770776382, 
-0.239913034056076, 0.101336901726874, 0.522441154748241, 0.0555123478240519, 
-0.0478935692070209, -0.2144307675791, -0.0984905781737103, -0.0614839051153611, 
-0.164158997841535, -0.199834317632805, 0.371250475832483, -0.117871585155013, 
0.117035978734339, 0.107420298915695, -0.373215979869015, 0.168052606348109, 
-222.664753817466, -13.9386898893224, -6.54470030393325, 28.643213448678, 
-21.520315733511, 5.98624504156831, 38.4303842535327, -0.0112211231070389, 
0.305383114946618, -0.148602890822065, 0.235865570194863, -0.107612322635437, 
0.145864398530327, 0.0740040986436403, -0.347789752223486, -0.20800928307368, 
0.0257885827839406, -0.15170626551118, -0.0108669696347976, 0.117598017634041, 
0.115431588230334, -0.0407898428910081, 0.236300969656346, -0.555076307444957, 
0.12650549673527, 0.0103757744278634, -0.160697746682045), .Dim = c(27L, 
7L), .Dimnames = list(c("2", "3", "4", "6", "7", "8", "9", "10", 
"11", "12", "13", "14", "15", "16", "17", "18", "19", "20", "21", 
"22", "23", "24", "25", "26", "27", "28", "29"), c("x1", "x2", 
"x3", "x4", "x5", "x6", "x7")), assign = 1:7), qraux = c(1.19245008972988, 
1.06194596137465, 1.31194268541671, 1.10965177385645, 1.06028833922075, 
1.21889411108032, 1.40968576986035), pivot = 1:7, tol = 1e-07, 
    rank = 7L), .Names = c("qr", "qraux", "pivot", "tol", "rank"
), class = "qr"), df.residual = 20L, xlevels = structure(list(), .Names = character(0)), 
    call = quote(lm(formula = y ~ . + 0, data = structure(list(y = c(63, 
        71, 61, 43, 58, 71, 72, 67, 64, 67, 69, 68, 77, 81, 74, 
        65, 65, 50, 50, 64, 53, 40, 63, 66, 78, 48, 85), x1 = c(1, 
        1, 1, 1, 1, 1, 1, 1, 1, 1, 1, 1, 1, 1, 1, 1, 1, 1, 1, 
        1, 1, 1, 1, 1, 1, 1, 1), x2 = c(64, 70, 63, 55, 67, 75, 
        82, 61, 53, 60, 62, 83, 77, 90, 85, 60, 70, 58, 40, 61, 
        66, 37, 54, 77, 75, 57, 85), x3 = c(42, 52, 33, 52, 42, 
        33, 50, 54, 47, 54, 45, 57, 54, 47, 39, 53, 54, 44, 58, 
        83, 47, 42, 68, 47, 52, 52, 42), x4 = c(54, 69, 47, 44, 
        56, 55, 67, 47, 58, 39, 42, 45, 72, 72, 69, 75, 57, 54, 
        34, 62, 50, 58, 48, 63, 74, 45, 71), x5 = c(63, 76, 54, 
        54, 66, 70, 71, 62, 58, 59, 55, 59, 79, 60, 79, 55, 75, 
        64, 43, 66, 63, 50, 66, 88, 80, 51, 77), x6 = c(73, 86, 
        84, 49, 68, 66, 83, 80, 67, 74, 63, 77, 77, 54, 79, 80, 
        85, 78, 64, 80, 80, 57, 75, 76, 78, 83, 74), x7 = c(47, 
        48, 35, 34, 35, 41, 31, 41, 34, 41, 25, 35, 46, 36, 63, 
        60, 46, 52, 33, 41, 37, 49, 33, 72, 49, 38, 55)), .Names = c("y", 
        "x1", "x2", "x3", "x4", "x5", "x6", "x7"),