
expected <- structure(list(coefficients = structure(c(34.7090905315104, 0.606454299305638, 
-0.215226250914885, 0.18269231931885, 0.0313633654137977, -0.102334654307498, 
-0.0677238966810116), .Names = c("x1", "x2", "x3", "x4", "x5", 
"x6", "x7")), residuals = structure(c(-6.73093943977614, 2.49494251747888, 
-2.64196244877443, 5.41928409318111, -7.83006515434583, -0.283691623315742, 
-2.10737774829924, 11.0106454706824, 0.995102496745154, 8.46942172755241, 
2.5353273209783, -1.58522172217113, 2.57966074171589, -4.60018222593735, 
-5.08973114989955, 4.50142866749184, -2.35154868090626, 1.29638293120826, 
-0.451075304542561, -13.1135232124719, -4.66438609823355, 6.23536907430918, 
-2.38672450093145, 2.76429142239224, -5.39500215377079, 4.55414649730476, 
6.37542850233547), .Names = c("1", "2", "3", "5", "7", "8", "9", 
"10", "11", "12", "13", "14", "15", "16", "17", "18", "19", "21", 
"22", "23", "24", "25", "26", "27", "28", "29", "30")), effects = structure(c(-343.523410167827, 
49.3571362451374, -15.4995973479675, -7.82290194544015, 2.37418831221144, 
-4.34230239619604, -2.48514215466062, 12.5798794266178, 0.0276070651467189, 
10.8532307655237, 4.07326915926741, 0.514392525991067, 3.59191218969366, 
-7.23666092353363, -3.6129822920505, -0.359406975044875, 0.603549598766181, 
0.945146759782615, -0.23764086931714, -11.1232042524929, -9.07082624055197, 
8.45150072817352, 0.747691108898143, 3.65984245558408, -5.37136916273072, 
5.36127892976163, 7.26522580057221), .Names = c("x1", "x2", "x3", 
"x4", "x5", "x6", "x7", "", "", "", "", "", "", "", "", "", "", 
"", "", "", "", "", "", "", "", "", "")), rank = 7L, fitted.values = structure(c(49.7309394397761, 
60.5050574825211, 73.6419624487744, 75.5807159068189, 65.8300651543458, 
71.2836916233157, 74.1073777482992, 55.9893545293176, 63.0048975032548, 
58.5305782724476, 66.4646726790217, 69.5852217221711, 74.4203392582841, 
85.6001822259373, 79.0897311498995, 60.4985713325082, 67.3515486809063, 
48.7036170687917, 64.4510753045426, 66.1135232124719, 44.6643860982336, 
56.7646309256908, 68.3867245009315, 75.2357085776078, 53.3950021537708, 
80.4458535026952, 75.6245714976645), .Names = c("1", "2", "3", 
"5", "7", "8", "9", "10", "11", "12", "13", "14", "15", "16", 
"17", "18", "19", "21", "22", "23", "24", "25", "26", "27", "28", 
"29", "30")), assign = 1:7, qr = structure(list(qr = structure(c(-5.19615242270663, 
0.192450089729875, 0.192450089729875, 0.192450089729875, 0.192450089729875, 
0.192450089729875, 0.192450089729875, 0.192450089729875, 0.192450089729875, 
0.192450089729875, 0.192450089729875, 0.192450089729875, 0.192450089729875, 
0.192450089729875, 0.192450089729875, 0.192450089729875, 0.192450089729875, 
0.192450089729875, 0.192450089729875, 0.192450089729875, 0.192450089729875, 
0.192450089729875, 0.192450089729875, 0.192450089729875, 0.192450089729875, 
0.192450089729875, 0.192450089729875, -350.644063487833, 69.9910047130397, 
-0.0739876890014511, -0.188288091357435, -0.0311250381179571, 
-0.145425440473941, -0.245438292535427, 0.0546002636490308, 0.168900666005015, 
0.0688878139435288, 0.0403127133545328, -0.259725842829925, -0.174000541062937, 
-0.359738694891411, -0.288300943418921, 0.0688878139435288, -0.0739876890014511, 
0.354638819833489, 0.0546002636490308, -0.0168374878234591, 0.397501470716983, 
0.154613115710517, -0.174000541062937, -0.145425440473941, 0.111750464827023, 
-0.288300943418921, -0.245438292535427, -275.396078403451, -3.67190042568599, 
62.4381065316994, 0.141811270277836, -0.0749720999894315, -0.039614401294122, 
-0.256922251668952, -0.26164897835493, 0.37565946119463, 0.0462405877789883, 
0.343365500272045, -0.340589771721247, -0.0467908370546963, -0.0293742277608224, 
0.0526303033782198, -0.145949737433831, 0.0423901298449203, 0.278163549728747, 
0.154763392939513, 0.184869884841282, -0.191547609662441, 0.0357381741919078, 
-0.271012883136319, 0.104528342615493, -0.199248525530577, 0.0526303033782198, 
-0.016684345152927, -297.527838722387, 35.5135583468277, -4.68620472723832, 
-49.4369481661849, 0.0304875817227837, -0.0804035793181697, 0.144736089008155, 
-0.0437348358252667, 0.102147664504076, -0.271892941638326, -0.30556965039311, 
-0.289701553356135, 0.24478594848999, 0.107415494683955, 0.0775071663351372, 
0.504103496849504, -0.00917297847596556, -0.22603368000993, 0.156123630404108, 
-0.145265915335749, 0.406947798050129, -0.0258283500517979, 0.118498048977369, 
0.268077240373359, -0.0587737816971646, 0.117962738011546, -0.0768313830880712, 
-340.05930855269, 35.7220507474215, -4.25753120042494, -14.6716194965351, 
-37.1647516672936, 0.0326986986677146, -0.0569496955342594, 0.0610407561703941, 
-0.140264965806015, -0.0104204578796169, -0.210811378059294, 
-0.234320709857423, 0.144460632209619, -0.51233417259872, 0.0588824057380996, 
-0.317097782962502, 0.194944589376158, -0.229548984821832, -0.000274462442385838, 
-0.0635875794072976, -0.0818308328945776, 0.187451971302439, 
0.483552943048438, 0.154176296547487, -0.188981727664897, -0.00783989178088552, 
-0.235285143751564, -391.058582331106, 6.68128185253085, 3.00350238172623, 
1.39603845335982, -19.7630662559307, 40.3360498838895, -0.0844077276452484, 
-0.0726855790090211, 0.221501360762652, 0.0730280458782829, 0.328367715621958, 
0.00964939409299508, 0.109943184793061, 0.576036311326842, 0.0762780192435483, 
-0.143996926945817, -0.104357811658022, 0.206440010256825, -0.0506316514996946, 
-0.0502050639361469, 0.382201775692194, 0.0756641697305623, 0.194689715488505, 
0.0913759310261727, -0.218023186685365, 0.185458729266202, 0.0103610122333412, 
-224.589254714764, 11.8745418003161, 11.2848094574054, -26.7536769129901, 
-22.4049932190984, 3.16766585668674, 36.6952032657832, 0.0900301279098636, 
0.171725248561076, -0.170014806142097, 0.10889677460697, 0.0437329902514888, 
0.198997761751638, 0.138475797352647, -0.404046725650641, -0.154141189413868, 
0.0118377861087686, -0.103735399134722, 0.155991626891449, 0.0286268384616007, 
0.0270535252813235, 0.281128868626054, -0.467417847662234, 0.111140516290803, 
0.0705320607671543, -0.189536220023938, 0.0433723212730197), .Dim = c(27L, 
7L), .Dimnames = list(c("1", "2", "3", "5", "7", "8", "9", "10", 
"11", "12", "13", "14", "15", "16", "17", "18", "19", "21", "22", 
"23", "24", "25", "26", "27", "28", "29", "30"), c("x1", "x2", 
"x3", "x4", "x5", "x6", "x7")), assign = 1:7), qraux = c(1.19245008972988, 
1.01173761276554, 1.36270733853295, 1.06628166942763, 1.01245822048426, 
1.34078363408289, 1.53339387830241), pivot = 1:7, tol = 1e-07, 
    rank = 7L), .Names = c("qr", "qraux", "pivot", "tol", "rank"
), class = "qr"), df.residual = 20L, xlevels = structure(list(), .Names = character(0)), 
    call = quote(lm(formula = y ~ . + 0, data = structure(list(y = c(43, 
        63, 71, 81, 58, 71, 72, 67, 64, 67, 69, 68, 77, 81, 74, 
        65, 65, 50, 64, 53, 40, 63, 66, 78, 48, 85, 82), x1 = c(1, 
        1, 1, 1, 1, 1, 1, 1, 1, 1, 1, 1, 1, 1, 1, 1, 1, 1, 1, 
        1, 1, 1, 1, 1, 1, 1, 1), x2 = c(51, 64, 70, 78, 67, 75, 
        82, 61, 53, 60, 62, 83, 77, 90, 85, 60, 70, 40, 61, 66, 
        37, 54, 77, 75, 57, 85, 82), x3 = c(58, 66, 30, 42, 58, 
        54, 66, 71, 33, 52, 33, 71, 54, 50, 46, 64, 50, 42, 45, 
        42, 72, 54, 68, 45, 68, 46, 51), x4 = c(39, 54, 69, 66, 
        56, 55, 67, 47, 58, 39, 42, 45, 72, 72, 69, 75, 57, 34, 
        62, 50, 58, 48, 63, 74, 45, 71, 59), x5 = c(61, 63, 76, 
        71, 66, 70, 71, 62, 58, 59, 55, 59, 79, 60, 79, 55, 75, 
        43, 66, 63, 50, 66, 88, 80, 51, 77, 64), x6 = c(92, 73, 
        86, 83, 68, 66, 83, 80, 67, 74, 63, 77, 77, 54, 79, 80, 
        85, 64, 80, 80, 57, 75, 76, 78, 83, 74, 78), x7 = c(45, 
        47, 48, 47, 35, 41, 31, 41, 34, 41, 25, 35, 46, 36, 63, 
        60, 46, 33, 41, 37, 49, 33, 72, 49, 38, 55, 39)), .Names = c("y", 
        "x1", "x2", "x3", "x4", "x5", "x6", "x7"),