
expected <- structure(list(coefficients = structure(c(10.1875273249527, 0.706690075358376, 
0.012042122758841, 0.0425073316524954, 0.175113831739033, -0.00887675365545119, 
-0.148915462060167), .Names = c("x1", "x2", "x3", "x4", "x5", 
"x6", "x7")), residuals = structure(c(-9.26200402556444, 0.439475383242396, 
2.70507692925789, 0.252799380910458, 7.13095326542069, -12.2613916940389, 
-8.20630190812709, -0.993412213233331, 6.82570331388668, 8.16040425995214, 
7.04931836736256, -8.78639720520629, -0.183635400554949, -2.22318392197775, 
9.34674153538464, -3.7992001908718, -6.42349639683123, 6.42194543271928, 
3.46602644414362, -11.5628176021968, 0.548525808826019, 6.51010739274454, 
-5.91884644401695, 4.94686924782242, -8.67950487105567, 7.2544461059474, 
7.24179900605443), .Names = c("1", "2", "3", "4", "5", "6", "7", 
"8", "10", "11", "13", "14", "16", "17", "18", "19", "20", "21", 
"22", "23", "24", "25", "26", "27", "28", "29", "30")), effects = structure(c(-331.591504604575, 
-52.8406667457116, 1.16535851229253, 3.53528518182592, 2.41567160889956, 
-1.28131243986788, -5.66295631909453, 3.08681421107105, 8.24721976331081, 
10.9738393481018, 9.29787571362465, -12.8003436113055, 1.40808963153263, 
-1.20435345310438, 5.24730900706456, -0.655998263863269, -6.44084009900773, 
8.0513410887173, 5.71886864416865, -10.5477149738043, 3.82481430081251, 
11.8787914902763, -1.91919747898025, 8.94589257123515, -10.6432734317175, 
8.45123476805346, 8.15168898855221), .Names = c("x1", "x2", "x3", 
"x4", "x5", "x6", "x7", "", "", "", "", "", "", "", "", "", "", 
"", "", "", "", "", "", "", "", "", "")), rank = 7L, fitted.values = structure(c(52.2620040255644, 
62.5605246167576, 68.2949230707421, 60.7472006190895, 73.8690467345793, 
55.2613916940389, 66.2063019081271, 71.9934122132333, 60.1742966861133, 
55.8395957400479, 61.9506816326374, 76.7863972052063, 81.1836354005549, 
76.2231839219777, 55.6532584646154, 68.7992001908718, 56.4234963968312, 
43.5780545672807, 60.5339735558564, 64.5628176021968, 39.451474191174, 
56.4898926072555, 71.9188464440169, 73.0531307521776, 56.6795048710557, 
77.7455538940526, 74.7582009939456), .Names = c("1", "2", "3", 
"4", "5", "6", "7", "8", "10", "11", "13", "14", "16", "17", 
"18", "19", "20", "21", "22", "23", "24", "25", "26", "27", "28", 
"29", "30")), assign = 1:7, qr = structure(list(qr = structure(c(-5.19615242270663, 
0.192450089729875, 0.192450089729875, 0.192450089729875, 0.192450089729875, 
0.192450089729875, 0.192450089729875, 0.192450089729875, 0.192450089729875, 
0.192450089729875, 0.192450089729875, 0.192450089729875, 0.192450089729875, 
0.192450089729875, 0.192450089729875, 0.192450089729875, 0.192450089729875, 
0.192450089729875, 0.192450089729875, 0.192450089729875, 0.192450089729875, 
0.192450089729875, 0.192450089729875, 0.192450089729875, 0.192450089729875, 
0.192450089729875, 0.192450089729875, -342.368709629448, -68.8379740162845, 
0.0946285258367066, -0.00705953369775985, 0.210843451018954, 
-0.123274458880007, 0.0510479288933639, 0.167262854075611, -0.0361132649933217, 
-0.152328190175569, -0.0215863993455408, 0.283477779257859, 0.385165838792325, 
0.312531510553421, -0.0506401306411026, 0.0946285258367066, -0.0796938619366645, 
-0.341177443596721, -0.0361132649933217, 0.0365210632455829, 
-0.384758040540064, -0.137801324527788, 0.196316585371173, 0.167262854075611, 
-0.0942207275844454, 0.312531510553421, 0.268950913610078, -273.471577506153, 
-33.2358545059397, -53.2510494878393, -0.070052322797673, -0.00669154004805236, 
0.0814411228608679, -0.164578018240964, -0.0907237925312555, 
-0.0509579339970586, 0.175651402117566, 0.164842542970884, 0.452604748528973, 
-0.233931708535864, 0.0767098800619636, 0.334168712683665, -0.118103710985803, 
0.409600019326341, -0.0758145229588567, 0.080494874301087, 0.032758902299551, 
0.121837813768252, -0.0404644910369705, 0.190645380492463, 0.0595079883809109, 
-0.0315481290098505, 0.208162688360109, -0.364122852087635, -284.056332441296, 
-0.697289551093501, 2.82639213404347, 67.0934072378692, -0.232105831921385, 
0.205854252999508, -0.00405674033303517, -0.0479004116529116, 
0.0117962642884854, -0.29756804511951, 0.142620930410031, 0.0112390493173581, 
0.198230575165607, 0.405176767021769, -0.00569168915487487, -0.216771059126941, 
0.206956673146346, -0.208729545721821, 0.156291191352986, 0.0296705365735528, 
0.129674237186746, 0.205920209492193, -0.00461883203768619, -0.231956699054429, 
-0.303585701180068, 0.206866030357536, 0.407975215749608, -332.938655232684, 
-34.7369639562104, -5.90088014670624, 4.99487445473959, 39.7671476175045, 
0.0974621963653564, -0.064457809237785, -0.0310377481436785, 
-0.00962973344627166, 0.151830914204389, 0.202594966530119, 0.486252607320304, 
0.28983014773279, -0.221226206699327, 0.272321385287423, -0.175720693921295, 
-0.0208673946037473, 0.267373575429338, -0.115285452601425, 0.0463227447849511, 
0.00997317390547405, -0.252477685784697, -0.389397979757822, 
-0.182810015522712, 0.318406220743329, -0.0724471672954829, -0.0114112886001201, 
-386.632230267319, -8.06563862688463, -1.53998245972937, 13.3455016267918, 
16.9552776658853, 47.2176724509455, 0.190621658170288, 0.250483304000458, 
-0.0682924548441041, 0.227108578476725, 0.257249037301128, -0.0277820503500625, 
0.386444701383867, 0.0126900693847888, -0.0791369918555535, -0.104933543640161, 
0.0262051239806769, 0.194127470903821, -0.0355142024082861, -0.0656196771812442, 
0.400360853088897, 0.0730519220586125, 0.176182790323768, 0.0815927460904709, 
-0.183919382580921, 0.123270628488436, -0.0968089968164801, -225.166604983954, 
-15.0934134080444, -18.1722398077161, 0.489428060707906, 29.530836515531, 
5.78967946920585, 38.027994143459, 0.10088604849098, 0.0465005259579413, 
0.150337734358925, 0.320124519865662, 0.177529388910938, -0.0419366435410925, 
-0.230437672150521, -0.51230999923916, 0.127532420249936, -0.112115396595077, 
-0.121725866750562, 0.152529105118821, 0.174738774941256, -0.376206881487343, 
0.342087997892219, -0.296646537399169, 0.135203457383381, -0.0730144378962887, 
-0.0632475472093745, 0.0475766409933607), .Dim = c(27L, 7L), .Dimnames = list(
    c("1", "2", "3", "4", "5", "6", "7", "8", "10", "11", "13", 
    "14", "16", "17", "18", "19", "20", "21", "22", "23", "24", 
    "25", "26", "27", "28", "29", "30"), c("x1", "x2", "x3", 
    "x4", "x5", "x6", "x7")), assign = 1:7), qraux = c(1.19245008972988, 
1.00746733195002, 1.29503368652266, 1.1250985372035, 1.06128107011344, 
1.55253928771652, 1.19964957077535), pivot = 1:7, tol = 1e-07, 
    rank = 7L), .Names = c("qr", "qraux", "pivot", "tol", "rank"
), class = "qr"), df.residual = 20L, xlevels = structure(list(), .Names = character(0)), 
    call = quote(lm(formula = y ~ . + 0, data = structure(list(y = c(43, 
        63, 71, 61, 81, 43, 58, 71, 67, 64, 69, 68, 81, 74, 65, 
        65, 50, 50, 64, 53, 40, 63, 66, 78, 48, 85, 82), x1 = c(1, 
        1, 1, 1, 1, 1, 1, 1, 1, 1, 1, 1, 1, 1, 1, 1, 1, 1, 1, 
        1, 1, 1, 1, 1, 1, 1, 1), x2 = c(51, 64, 70, 63, 78, 55, 
        67, 75, 61, 53, 62, 83, 90, 85, 60, 70, 58, 40, 61, 66, 
        37, 54, 77, 75, 57, 85, 82), x3 = c(30, 51, 68, 45, 56, 
        49, 42, 50, 45, 53, 57, 83, 50, 64, 65, 46, 68, 33, 52, 
        52, 42, 42, 66, 58, 44, 71, 39), x4 = c(59, 74, 57, 47, 
        75, 39, 57, 62, 54, 72, 45, 59, 50, 34, 54, 72, 39, 63, 
        44, 54, 39, 39, 59, 74, 74, 47, 34), x5 = c(61, 63, 76, 
        54, 71, 54, 66, 70, 62, 58, 55, 59, 60, 79, 55, 75, 64, 
        43, 66, 63, 50, 66, 88, 80, 51, 77, 64), x6 = c(92, 73, 
        86, 84, 83, 49, 68, 66, 80, 67, 63, 77, 54, 79, 80, 85, 
        78, 64, 80, 80, 57, 75, 76, 78, 83, 74, 78), x7 = c(45, 
        47, 48, 35, 47, 34, 35, 41, 41, 34, 25, 35, 36, 63, 60, 
        46, 52, 33, 41, 37, 49, 33, 72, 49, 38, 55, 39)), .Names = c("y", 
        "x1", "x2", "x3", "x4", "x5", "x6", "x7"),