
expected <- structure(list(coefficients = structure(c(-11.5365089506438, 
0.589795457335334, -0.0462342735215564, 0.572423401600364, 0.240554542300931, 
0.109317699037301, -0.404314285741562), .Names = c("x1", "x2", 
"x3", "x4", "x5", "x6", "x7")), residuals = structure(c(-4.2202290751487, 
-1.90953637798925, -0.973293367263125, -3.47945798818139, 7.07832250407347, 
-4.46100012332044, -7.56897922187524, 3.33725765253516, 8.4877257754953, 
4.07300900354505, 7.260903666384, -2.68395770619964, -7.87506741336867, 
2.47087582331542, 0.85909559904591, -4.94788648789093, -7.18536171218204, 
7.35025587834023, -2.53443079155833, -8.58548443668665, -2.63817669982564, 
9.0661146407465, 0.909721092207012, 1.75378910778558, -4.50594860070497, 
6.35342500950564, 4.56831424921572), .Names = c("1", "2", "3", 
"4", "5", "6", "7", "8", "10", "11", "13", "14", "16", "17", 
"18", "19", "20", "21", "22", "23", "24", "25", "26", "27", "28", 
"29", "30")), effects = structure(c(-331.591504604575, -52.8406667457116, 
1.16535851229253, 13.6513149923323, 9.02083731695161, -0.285135761136106, 
-15.1506118351191, 3.85338041675875, 9.47008264379233, 7.6947372148885, 
12.1215598791007, -1.51634917507119, -3.41902322318553, -1.31320530219204, 
1.32153276337439, -2.93029897258054, -5.29331697021457, 11.0558280245854, 
0.114151964760473, -8.75653908627425, -1.31168282462298, 9.36353046140046, 
-0.562515094484398, 2.74252925178076, -6.02826965528259, 6.937404211645, 
5.4646680469535), .Names = c("x1", "x2", "x3", "x4", "x5", "x6", 
"x7", "", "", "", "", "", "", "", "", "", "", "", "", "", "", 
"", "", "", "", "", "")), rank = 7L, fitted.values = structure(c(47.2202290751487, 
64.9095363779893, 71.9732933672631, 64.4794579881814, 73.9216774959265, 
47.4610001233204, 65.5689792218752, 67.6627423474648, 58.5122742245047, 
59.9269909964549, 61.739096333616, 70.6839577061996, 88.8750674133687, 
71.5291241766846, 64.1409044009541, 69.9478864878909, 57.185361712182, 
42.6497441216598, 66.5344307915583, 61.5854844366866, 42.6381766998256, 
53.9338853592535, 65.090278907793, 76.2462108922144, 52.505948600705, 
78.6465749904944, 77.4316857507843), .Names = c("1", "2", "3", 
"4", "5", "6", "7", "8", "10", "11", "13", "14", "16", "17", 
"18", "19", "20", "21", "22", "23", "24", "25", "26", "27", "28", 
"29", "30")), assign = 1:7, qr = structure(list(qr = structure(c(-5.19615242270663, 
0.192450089729875, 0.192450089729875, 0.192450089729875, 0.192450089729875, 
0.192450089729875, 0.192450089729875, 0.192450089729875, 0.192450089729875, 
0.192450089729875, 0.192450089729875, 0.192450089729875, 0.192450089729875, 
0.192450089729875, 0.192450089729875, 0.192450089729875, 0.192450089729875, 
0.192450089729875, 0.192450089729875, 0.192450089729875, 0.192450089729875, 
0.192450089729875, 0.192450089729875, 0.192450089729875, 0.192450089729875, 
0.192450089729875, 0.192450089729875, -342.368709629448, -68.8379740162845, 
0.0946285258367066, -0.00705953369775985, 0.210843451018954, 
-0.123274458880007, 0.0510479288933639, 0.167262854075611, -0.0361132649933217, 
-0.152328190175569, -0.0215863993455408, 0.283477779257859, 0.385165838792325, 
0.312531510553421, -0.0506401306411026, 0.0946285258367066, -0.0796938619366645, 
-0.341177443596721, -0.0361132649933217, 0.0365210632455829, 
-0.384758040540064, -0.137801324527788, 0.196316585371173, 0.167262854075611, 
-0.0942207275844454, 0.312531510553421, 0.268950913610078, -273.471577506153, 
-33.2358545059397, -53.2510494878393, -0.070052322797673, -0.00669154004805236, 
0.0814411228608679, -0.164578018240964, -0.0907237925312555, 
-0.0509579339970586, 0.175651402117566, 0.164842542970884, 0.452604748528973, 
-0.233931708535864, 0.0767098800619636, 0.334168712683665, -0.118103710985803, 
0.409600019326341, -0.0758145229588567, 0.080494874301087, 0.032758902299551, 
0.121837813768252, -0.0404644910369705, 0.190645380492463, 0.0595079883809109, 
-0.0315481290098505, 0.208162688360109, -0.364122852087635, -291.176985761301, 
-32.7887498632246, -12.0111858195518, 45.9738214702459, -0.126776264009074, 
0.146469422888452, -0.0900171792328606, 0.0462799188113019, 0.0896046789845458, 
-0.14017645812747, 0.29795177230988, 0.572139119503493, -0.225001870218563, 
-0.0840514605148644, -0.370965020032825, -0.0610621517971232, 
0.0959399796426184, 0.141459594833629, -0.182404373202978, 0.111445026063237, 
-0.3305079318491, -0.00136645725563106, 0.00943141373069283, 
-0.304983229318835, 0.099090725323558, -0.0732908932916216, -0.0800336620639995, 
-350.644063487833, -0.950702651838078, -6.65183885025218, -8.56031308282049, 
47.3107914227071, 0.370765645219703, 0.152779913426884, 0.179178825259753, 
-0.0632042995654126, -0.0889439139940877, -0.0890622571505549, 
0.301067123374095, -0.00593973243138625, 0.372053332878813, -0.125269638401987, 
-0.236089487197189, -0.245440779885354, -0.352078852361684, -0.14251263952909, 
0.236769449406588, -0.16742278510159, 0.193237471288965, -0.14488645045539, 
0.0483934755259023, 0.27447991631851, 0.0664918802086781, 0.0970396723440021, 
-386.632230267319, -8.06563862688463, -1.53998245972937, -0.682271547394574, 
5.72705504002162, 51.5929044751982, 0.146327200379332, 0.223859830748497, 
-0.0511960580602956, 0.1935419746532, 0.340675259730394, 0.174302102314741, 
0.412438979383152, -0.0102627875080161, -0.0599549425893644, 
-0.170215825024023, 0.0531641917944263, 0.239196551048403, -0.0701470523251642, 
-0.0293966096949212, 0.335279072848923, 0.0278212137162299, 0.0678047318802743, 
-0.0361949295379666, -0.108330235054391, 0.106746707872699, -0.0599298692561469, 
-225.166604983954, -15.0934134080444, -18.1722398077161, 26.0474835996643, 
7.3854846196959, 14.6548207025349, 37.4723633802131, -0.028717640394434, 
-0.0131683767488842, 0.342467773156265, 0.249687721096478, -0.0213816895401223, 
0.367012501258306, -0.355385048800167, 0.0282261178569003, 0.0852072878530116, 
-0.116439883620943, -0.00406544598691717, 0.288126479237061, 
0.0657030114993263, -0.0579822156271399, 0.142929877944945, -0.568374475103991, 
0.207048353015722, -0.031646339315297, -0.0471557169914453, 0.153914508155389
), .Dim = c(27L, 7L), .Dimnames = list(c("1", "2", "3", "4", 
"5", "6", "7", "8", "10", "11", "13", "14", "16", "17", "18", 
"19", "20", "21", "22", "23", "24", "25", "26", "27", "28", "29", 
"30"), c("x1", "x2", "x3", "x4", "x5", "x6", "x7")), assign = 1:7), 
    qraux = c(1.19245008972988, 1.00746733195002, 1.29503368652266, 
    1.1027371946009, 1.21969195893159, 1.57230566066844, 1.179805639115
    ), pivot = 1:7, tol = 1e-07, rank = 7L), .Names = c("qr", 
"qraux", "pivot", "tol", "rank"), class = "qr"), df.residual = 20L, 
    xlevels = structure(list(), .Names = character(0)), call = quote(lm(formula = y ~ 
        . + 0, data = structure(list(y = c(43, 63, 71, 61, 81, 
        43, 58, 71, 67, 64, 69, 68, 81, 74, 65, 65, 50, 50, 64, 
        53, 40, 63, 66, 78, 48, 85, 82), x1 = c(1, 1, 1, 1, 1, 
        1, 1, 1, 1, 1, 1, 1, 1, 1, 1, 1, 1, 1, 1, 1, 1, 1, 1, 
        1, 1, 1, 1), x2 = c(51, 64, 70, 63, 78, 55, 67, 75, 61, 
        53, 62, 83, 90, 85, 60, 70, 58, 40, 61, 66, 37, 54, 77, 
        75, 57, 85, 82), x3 = c(30, 51, 68, 45, 56, 49, 42, 50, 
        45, 53, 57, 83, 50, 64, 65, 46, 68, 33, 52, 52, 42, 42, 
        66, 58, 44, 71, 39), x4 = c(39, 54, 69, 47, 66, 44, 56, 
        55, 47, 58, 42, 45, 72, 69, 75, 57, 54, 34, 62, 50, 58, 
        48, 63, 74, 45, 71, 59), x5 = c(66, 88, 66, 79, 59, 50, 
        59, 63, 71, 66, 77, 71, 71, 55, 66, 79, 80, 79, 70, 59, 
        61, 55, 79, 63, 54, 70, 66), x6 = c(92, 73, 86, 84, 83, 
        49, 68, 66, 80, 67, 63, 77, 54, 79, 80, 85, 78, 64, 80, 
        80, 57, 75, 76, 78, 83, 74, 78), x7 = c(45, 47, 48, 35, 
        47, 34, 35, 41, 41, 34, 25, 35, 36, 63, 60, 46, 52, 33, 
        41, 37, 49, 33, 72, 49, 38, 55, 39)), .Names = c("y", 
        "x1", "x2", "x3", "x4", "x5", "x6", "x7"),