
expected <- structure(list(coefficients = structure(c(0.674763214825932, 
-0.104257674798336, 0.298485966761643, 0.128382947867264, 0.14026084787941, 
-0.234227014774779), .Names = c("x1", "x2", "x3", "x4", "x5", 
"x6")), residuals = structure(c(-10.1212885758202, 1.69555554430683, 
-0.316075104433685, -1.36397249549124, 4.75865524786354, -7.97847551640094, 
0.548199751097958, -9.31839301782492, 6.92489583138883, 11.4227760607828, 
10.5291373605755, -2.96056202033028, -0.985738197913494, -2.85168532688728, 
-3.74447171284024, 4.67619938864712, -5.22772258266025, -5.1420368085563, 
9.53378227040506, -0.336121737916522, -0.836494677730065, 5.35093567374346, 
-2.9735556982604, 1.6178842459861, -8.59458821200516, 6.47261409415817, 
3.10279244058927), .Names = c("1", "2", "3", "4", "5", "6", "8", 
"9", "10", "12", "13", "14", "15", "16", "17", "18", "19", "20", 
"21", "22", "24", "25", "26", "27", "28", "29", "30")), effects = structure(c(-343.620413235749, 
1.10034899199895, -13.3039018409496, 5.47248073975176, 7.56491167070734, 
-8.76993507963658, 1.4330818586482, -4.59743657974482, 9.48340952572984, 
12.8854850407158, 13.640340699771, -1.34587318783335, 0.94720165904961, 
-3.23827435711085, -5.82983932593033, 2.91617301426162, -2.46400100051377, 
-5.25707322100634, 11.444657082394, 2.66708641476555, -2.32193542182172, 
9.65602260300638, -6.62810798191866, 3.13374463600368, -5.60115182907057, 
5.28403877633692, 5.50776720503604), .Names = c("x1", "x2", "x3", 
"x4", "x5", "x6", "", "", "", "", "", "", "", "", "", "", "", 
"", "", "", "", "", "", "", "", "", "")), rank = 6L, fitted.values = structure(c(53.1212885758202, 
61.3044444556932, 71.3160751044337, 62.3639724954912, 76.2413447521365, 
50.9784755164009, 70.451800248902, 81.3183930178249, 60.0751041686112, 
55.5772239392172, 58.4708626394245, 70.9605620203303, 77.9857381979135, 
83.8516853268873, 77.7444717128402, 60.3238006113529, 70.2277225826602, 
55.1420368085563, 40.4662177295949, 64.3361217379165, 40.8364946777301, 
57.6490643262565, 68.9735556982604, 76.3821157540139, 56.5945882120052, 
78.5273859058418, 78.8972075594107), .Names = c("1", "2", "3", 
"4", "5", "6", "8", "9", "10", "12", "13", "14", "15", "16", 
"17", "18", "19", "20", "21", "22", "24", "25", "26", "27", "28", 
"29", "30")), assign = 1:6, qr = structure(list(qr = structure(c(-355.744290186083, 
0.179904503784229, 0.196770551014, 0.1770934959126, 0.219258613987029, 
0.154605432939572, 0.210825590372143, 0.230502645473543, 0.171471480169343, 
0.168660472297715, 0.174282488040972, 0.233313653345172, 0.2164476061154, 
0.252990708446572, 0.238935669088429, 0.168660472297715, 0.196770551014, 
0.163038456554457, 0.112440314865143, 0.171471480169343, 0.104007291250257, 
0.151794425067943, 0.2164476061154, 0.210825590372143, 0.160227448682829, 
0.238935669088429, 0.230502645473543, -280.378358139849, -56.0979169560018, 
0.259981362356691, -0.0547975500476517, -0.0627514503911194, 
0.125327471999579, -0.128899370905201, 0.168053567661569, -0.0275922683734162, 
0.0216623201388463, 0.172716776840336, 0.350536639037749, -0.0848007572291466, 
-0.332938983461966, -0.0153621455503632, 0.34252984921515, -0.132190062069903, 
0.423213052402103, 0.0441515031551849, 0.097189548489591, 0.24539319020469, 
0.0141482959736899, 0.129110928821723, 0.0137084197953786, 0.00899232113748192, 
0.109419671312644, -0.420203568978322, -295.715217087455, -17.1994435516585, 
-50.6723743713757, -0.0762874477704148, 0.0578732326634097, -0.0690058093148254, 
-0.0871930383663849, -0.0686328403064572, -0.0533884103666528, 
-0.212371170482247, -0.238842986708297, -0.583298275392082, 0.20028579226346, 
0.0765527034195053, -0.0132908499317959, 0.385077167803025, 0.0346344473428258, 
-0.0252837836563058, 0.00583339873885333, 0.198687229037273, 
0.457313837745052, 0.0653258302165419, -0.0526577412149166, 0.237543413306029, 
-0.0407819099083104, -0.0177652570033626, -0.0193468941695669, 
-337.798815933606, -14.894004132198, -23.7324823613936, 43.3231794277602, 
0.137473474171064, 0.00208619199176654, -0.0102872073376754, 
0.235323725058577, -0.0895683046942966, -0.114798761857889, 0.0589129460051917, 
0.310113263762253, 0.00197016597625203, 0.582404258057446, 0.0876047767414177, 
0.417824215099678, -0.172204553522887, -0.0362609562854846, -0.0691776476847742, 
0.000303850785487703, 0.0201952625796881, -0.260240841569974, 
-0.274455467105945, -0.0124959357028533, 0.0931370696433468, 
0.173280658627788, 0.226313123710719, -384.304130161829, -24.5541908435522, 
-20.9207149925408, 46.2410464782531, 64.4943141476448, 0.261995372299038, 
0.276681464894738, 0.131178812291137, -0.114626290080558, -0.0533566631586078, 
0.116785854959706, 0.133383506549825, 0.227493306762415, 0.433990783175167, 
0.269015058025557, -0.127942455153715, -0.00241310894103915, 
-0.00327598381557352, -0.217467712622588, -0.0477499903382445, 
-0.0178608387221598, -0.0394614009295012, 0.376916742757814, 
0.225481101267005, -0.303004152573453, 0.347663081625766, 0.0273354449784503, 
-225.116754391503, -24.5131029556275, -33.3108206487689, 28.072274832858, 
6.32341882710039, 37.4420307071297, 0.042021311259898, 0.507284762313258, 
0.0190150326180927, -0.0569042454596393, 0.341027478985113, 0.163367304105114, 
0.162908202806586, -0.0777958692584703, -0.307838102101542, -0.324885218362669, 
0.0669219634757375, -0.0329032888095634, -0.0452547595716525, 
0.196546430754868, -0.184419888948161, 0.332169277425382, -0.354111157262779, 
0.156244124854465, -0.0410834464621888, -0.0821653298701117, 
-0.0883906966209704), .Dim = c(27L, 6L), .Dimnames = list(c("1", 
"2", "3", "4", "5", "6", "8", "9", "10", "12", "13", "14", "15", 
"16", "17", "18", "19", "20", "21", "22", "24", "25", "26", "27", 
"28", "29", "30"), c("x1", "x2", "x3", "x4", "x5", "x6")), assign = 1:6), 
    qraux = c(1.14336140145306, 1.03855565214067, 1.13334127631592, 
    1.11846010759126, 1.05950431777263, 1.06896722465988), pivot = 1:6, 
    tol = 1e-07, rank = 6L), .Names = c("qr", "qraux", "pivot", 
"tol", "rank"), class = "qr"), df.residual = 21L, xlevels = structure(list(), .Names = character(0)), 
    call = quote(lm(formula = y ~ . + 0, data = structure(list(y = c(43, 
        63, 71, 61, 81, 43, 71, 72, 67, 67, 69, 68, 77, 81, 74, 
        65, 65, 50, 50, 64, 40, 63, 66, 78, 48, 85, 82), x1 = c(51, 
        64, 70, 63, 78, 55, 75, 82, 61, 60, 62, 83, 77, 90, 85, 
        60, 70, 58, 40, 61, 37, 54, 77, 75, 57, 85, 82), x2 = c(30, 
        51, 68, 45, 56, 49, 50, 72, 45, 47, 57, 83, 54, 50, 64, 
        65, 46, 68, 33, 52, 42, 42, 66, 58, 44, 71, 39), x3 = c(39, 
        54, 69, 47, 66, 44, 55, 67, 47, 39, 42, 45, 72, 72, 69, 
        75, 57, 54, 34, 62, 58, 48, 63, 74, 45, 71, 59), x4 = c(61, 
        63, 76, 54, 71, 54, 70, 71, 62, 59, 55, 59, 79, 60, 79, 
        55, 75, 64, 43, 66, 50, 66, 88, 80, 51, 77, 64), x5 = c(92, 
        73, 86, 84, 83, 49, 66, 83, 80, 74, 63, 77, 77, 54, 79, 
        80, 85, 78, 64, 80, 57, 75, 76, 78, 83, 74, 78), x6 = c(45, 
        47, 48, 35, 47, 34, 41, 31, 41, 41, 25, 35, 46, 36, 63, 
        60, 46, 52, 33, 41, 49, 33, 72, 49, 38, 55, 39)), .Names = c("y", 
        "x1", "x2", "x3", "x4", "x5", "x6"), row.names = c("1", 
        "2", "3", "4", "5", "6", "8", "9", "10", "12", "13", 
        "14", "15", "16", "17", "18", "19", "20", "21", "22", 
        "24", "25", "26", "27", "28", "29", "30"), class = "data.frame"))), 
    terms = y ~ x1 + x2 + x3 + x4 + x5 + x6 + 0, model = structure(list(
        y = c(43, 63, 71, 61, 81, 43, 71, 72, 67, 67, 69, 68, 
        77, 81, 74, 65, 65, 50, 50, 64, 40, 63, 66, 78, 48, 85, 
        82), x1 = c(51, 64, 70, 63, 78, 55, 75, 82, 61, 60, 62, 
        83, 77, 90, 85, 60, 70, 58, 40, 61, 37, 54, 77, 75, 57, 
        85, 82), x2 = c(30, 51, 68, 45, 56, 49, 50, 72, 45, 47, 
        57, 83, 54, 50, 64, 65, 46, 68, 33, 52, 42, 42, 66, 58, 
        44, 71, 39),