
expected <- structure(list(coefficients = structure(c(3.66096079304949, 0.657293753616629, 
-0.12044480762967, 0.348997738699003, 0.0469189458310527, 0.0797411179400562, 
-0.13361713101096), .Names = c("x1", "x2", "x3", "x4", "x5", 
"x6", "x7")), residuals = structure(c(-7.64830739709434, 2.78972629684844, 
1.90637237253439, 0.869824664767237, 6.35065546628663, -10.8753755803953, 
-7.62857500175109, 0.923282520632996, -3.36629980483779, 10.285326868159, 
8.44216939104753, 12.2822032714989, 0.00347638442501874, 1.1209978900712, 
-5.06798153824376, -2.61441961928181, -2.37705025742089, -5.35208733720489, 
7.9293824619001, 0.95149406307622, -9.46097240922952, -2.87003925203917, 
-3.19780329155693, 2.13796147470595, -6.26984273383805, 6.35948263120146, 
4.37639846573844), .Names = c("1", "2", "3", "4", "5", "6", "7", 
"8", "9", "10", "11", "12", "14", "15", "16", "17", "19", "20", 
"21", "22", "23", "24", "26", "27", "28", "29", "30")), effects = structure(c(-335.248056309443, 
55.507881731414, 5.01730832808559, 12.937982009321, -1.27807960301797, 
-3.2707484287606, -4.22518084606867, 3.63705063541773, -6.59040576901618, 
8.35184640872638, 7.91625002026107, 13.7291893383646, -4.1929461204628, 
3.61751667797881, -6.28006805666054, -5.27578428594471, 1.57544352335462, 
-4.84975224432729, 9.63593272259082, 4.11078824181797, -7.34050659484998, 
-8.98230421259597, -1.59150783879121, 7.77135851663107, -8.62781168424903, 
6.8973433353634, 6.33234061866795), .Names = c("x1", "x2", "x3", 
"x4", "x5", "x6", "x7", "", "", "", "", "", "", "", "", "", "", 
"", "", "", "", "", "", "", "", "", "")), rank = 7L, fitted.values = structure(c(50.6483073970943, 
60.2102737031516, 69.0936276274656, 60.1301753352328, 74.6493445337134, 
53.8753755803953, 65.6285750017511, 70.076717479367, 75.3662998048378, 
56.714673131841, 55.5578306089525, 54.7177967285011, 67.996523615575, 
75.8790021099288, 86.0679815382438, 76.6144196192818, 67.3770502574209, 
55.3520873372049, 42.0706175380999, 63.0485059369238, 62.4609724092295, 
42.8700392520392, 69.1978032915569, 75.8620385252941, 54.269842733838, 
78.6405173687985, 77.6236015342616), .Names = c("1", "2", "3", 
"4", "5", "6", "7", "8", "9", "10", "11", "12", "14", "15", "16", 
"17", "19", "20", "21", "22", "23", "24", "26", "27", "28", "29", 
"30")), assign = 1:7, qr = structure(list(qr = structure(c(-5.19615242270663, 
0.192450089729875, 0.192450089729875, 0.192450089729875, 0.192450089729875, 
0.192450089729875, 0.192450089729875, 0.192450089729875, 0.192450089729875, 
0.192450089729875, 0.192450089729875, 0.192450089729875, 0.192450089729875, 
0.192450089729875, 0.192450089729875, 0.192450089729875, 0.192450089729875, 
0.192450089729875, 0.192450089729875, 0.192450089729875, 0.192450089729875, 
0.192450089729875, 0.192450089729875, 0.192450089729875, 0.192450089729875, 
0.192450089729875, 0.192450089729875, -350.644063487833, 69.9767157041593, 
-0.0740027970375246, 0.0260304773103873, -0.188326539149424, 
0.140354219422287, -0.0311313937455624, -0.145455135857462, -0.245488410205373, 
0.0546114128383621, 0.168935154950261, 0.0689018806023495, -0.259778877969361, 
-0.174036071385436, -0.359812152317273, -0.288359813497336, -0.0740027970375246, 
0.0974828161303243, 0.354711235882098, 0.0546114128383621, -0.0168409259815749, 
0.39758263917406, -0.174036071385436, -0.145455135857462, 0.111773283894312, 
-0.288359813497336, -0.245488410205373, -275.203628313722, 37.1192253786653, 
-51.7989002803227, -0.0646111375218958, 0.00305168115368953, 
0.0897822602435688, -0.161113265566024, -0.0838415133947335, 
0.273352707176091, -0.045318217241926, 0.186296897169124, 0.00293910122085157, 
0.476065967811465, -0.0259127170291181, -0.228538415494507, 0.0899698934649654, 
-0.112830929340394, 0.427646033890144, -0.074407704238998, 0.0898197868878481, 
0.0415874861879235, 0.128280538633523, 0.205752432907637, 0.0706019198964369, 
-0.0260378058433825, 0.22510789759474, -0.363726455149987, -293.67883692779, 
37.9020254461815, -7.52187192325024, 43.33126643185, -0.121492937648673, 
0.135014367433991, -0.0835009050119497, 0.064907370321727, -6.93956314350381e-05, 
0.0915809510779477, -0.178492309224744, 0.280997970441483, 0.591510443853834, 
-0.282447065505078, -0.194720363674145, -0.0742433357923988, 
-0.0527603812070296, 0.0603482267727822, 0.123980681013588, -0.206851483211803, 
0.114317693405659, -0.395054295483173, 0.00709158923035469, -0.31901745600949, 
0.0955309830565158, -0.0726614600816332, -0.0404954151910349, 
-339.28950819377, 36.8715239374229, -8.58423415944909, 19.7034837366774, 
33.3796944967433, 0.0891282688594576, -0.00534326791010281, -0.0787541470762473, 
0.195243614382479, -0.0724219506765863, 0.215632463139881, -0.125555909291352, 
0.195615399430647, -0.0260201866444669, 0.607944339783501, -0.0104391317533713, 
-0.230835737455126, 0.0282513371371344, 0.118579321337855, 0.0901938159779225, 
-0.00439100325568319, 0.338586271621436, -0.427458024109425, 
-0.0225831698730062, 0.196518979383285, 0.101239274755126, 0.186282569069957, 
-383.360578741911, 6.64347968050261, 3.45225556553587, -12.3634235667394, 
12.1648819488053, -49.99774175693, -0.233870923167369, -0.0478342079089245, 
-0.580462671470015, -0.383456532510017, -0.100406734995685, 0.0198973686840481, 
-0.231286595674184, -0.131953088878888, 0.06039416021395, -0.228253122204601, 
-0.0542079995845281, 0.237039714978579, 0.264691556520572, 0.166701960738853, 
0.015957018228821, -0.218807429405154, -0.0381565237479106, 0.249039328176431, 
-0.100694506520535, 0.0894858051695609, 0.0491756808285168, -225.166604983954, 
11.2561251087674, -11.4580557756746, 15.8896201680194, 28.5461971703421, 
-5.35954774658712, 31.6215504262106, 0.107439900722138, 0.382604381549455, 
0.0403900967902508, 0.269550884284084, -0.0177323084085265, -0.053652371135113, 
0.164900812368944, -0.125891359887039, -0.457104455938695, 0.125650354520933, 
-0.189515353890948, 0.0465595458261932, 0.170627756465256, 0.155596125575561, 
-0.241872760864316, -0.431773576662637, 0.130431016585778, -0.0891937660329251, 
-0.239269384114225, -0.0537098425417867), .Dim = c(27L, 7L), .Dimnames = list(
    c("1", "2", "3", "4", "5", "6", "7", "8", "9", "10", "11", 
    "12", "14", "15", "16", "17", "19", "20", "21", "22", "23", 
    "24", "26", "27", "28", "29", "30"), c("x1", "x2", "x3", 
    "x4", "x5", "x6", "x7")), assign = 1:7), qraux = c(1.19245008972988, 
1.0117400095464, 1.31188851221032, 1.1092741072632, 1.1175208252798, 
1.18099813402351, 1.27454331706125), pivot = 1:7, tol = 1e-07, 
    rank = 7L), .Names = c("qr", "qraux", "pivot", "tol", "rank"
), class = "qr"), df.residual = 20L, xlevels = structure(list(), .Names = character(0)), 
    call = quote(lm(formula = y ~ . + 0, data = structure(list(y = c(43, 
        63, 71, 61, 81, 43, 58, 71, 72, 67, 64, 67, 68, 77, 81, 
        74, 65, 50, 50, 64, 53, 40, 66, 78, 48, 85, 82), x1 = c(1, 
        1, 1, 1, 1, 1, 1, 1, 1, 1, 1, 1, 1, 1, 1, 1, 1, 1, 1, 
        1, 1, 1, 1, 1, 1, 1, 1), x2 = c(51, 64, 70, 63, 78, 55, 
        67, 75, 82, 61, 53, 60, 83, 77, 90, 85, 70, 58, 40, 61, 
        66, 37, 77, 75, 57, 85, 82), x3 = c(30, 51, 68, 45, 56, 
        49, 42, 50, 72, 45, 53, 47, 83, 54, 50, 64, 46, 68, 33, 
        52, 52, 42, 66, 58, 44, 71, 39), x4 = c(39, 54, 69, 47, 
        66, 44, 56, 55, 67, 47, 58, 39, 45, 72, 72, 69, 57, 54, 
        34, 62, 50, 58, 63, 74, 45, 71, 59), x5 = c(61, 63, 76, 
        54, 71, 54, 66, 70, 71, 62, 58, 59, 59, 79, 60, 79, 75, 
        64, 43, 66, 63, 50, 88, 80, 51, 77, 64), x6 = c(83, 64, 
        80, 78, 80, 83, 63, 77, 49, 57, 63, 80, 75, 68, 77, 68, 
        75, 86, 83, 79, 78, 49, 80, 86, 68, 83, 80), x7 = c(45, 
        47, 48, 35, 47, 34, 35, 41, 31, 41, 34, 41, 35, 46, 36, 
        63, 46, 52, 33, 41, 37, 49, 72, 49, 38, 55, 39)), .Names = c("y", 
        "x1", "x2", "x3", "x4", "x5", "x6", "x7"),