
expected <- structure(list(coefficients = structure(c(2.4262065798959, 0.555820860054922, 
0.0300363131166375, 0.382980144894426, 0.216364397831679, 0.0599227336827181, 
-0.381762401167692), .Names = c("x1", "x2", "x3", "x4", "x5", 
"x6", "x7")), residuals = structure(c(-6.77190239497277, 0.548087148079414, 
-1.39657441529292, 7.90681341598742, -7.41430642591103, -7.20727994866855, 
2.38702327394639, -4.85052447357176, 5.910393570731, 3.38472556463031, 
12.9401505820015, 4.19394765860312, 2.34914051916745, -5.19645100062708, 
-2.16095612264231, 5.05729788201747, -4.37124250718907, -6.27072110015092, 
1.27313280268412, -11.6681826858789, -2.6226091328509, 9.55318739141391, 
-1.65058358101115, -1.32383160536113, -5.01260847727502, 5.59066018294641, 
5.59162802496917), .Names = c("1", "3", "4", "5", "6", "7", "8", 
"9", "10", "11", "12", "13", "15", "16", "17", "18", "19", "20", 
"22", "23", "24", "25", "26", "27", "28", "29", "30")), effects = structure(c(-214.505255737864, 
-266.901592328475, 6.8185695910325, -10.3120892705279, 1.70718802584337, 
3.10304976649831, 13.6467371097333, -5.42421336379918, 8.36119721866153, 
6.27683443515178, 14.816105628083, 13.7469402241138, 0.312429838208899, 
0.896141646847447, -0.264693929077211, 2.36416763893791, -3.79172295372879, 
-4.11623439189135, -0.740169307290716, -9.32862651692548, -4.81768028686307, 
6.15910737209066, 0.333294586429461, 1.50197100593874, -7.12282261828857, 
9.88469001920885, 6.54183378563605), .Names = c("x1", "x2", "x3", 
"x4", "x5", "x6", "x7", "", "", "", "", "", "", "", "", "", "", 
"", "", "", "", "", "", "", "", "", "")), rank = 7L, fitted.values = structure(c(49.7719023949728, 
70.4519128519206, 62.3965744152929, 73.0931865840126, 50.414306425911, 
65.2072799486685, 68.6129767260536, 76.8505244735718, 61.089606429269, 
60.6152744353697, 54.0598494179985, 64.8060523413969, 74.6508594808326, 
86.1964510006271, 76.1609561226423, 59.9427021179825, 69.3712425071891, 
56.2707211001509, 62.7268671973159, 64.6681826858789, 42.6226091328509, 
53.4468126085861, 67.6505835810111, 79.3238316053611, 53.012608477275, 
79.4093398170536, 76.4083719750308), .Names = c("1", "3", "4", 
"5", "6", "7", "8", "9", "10", "11", "12", "13", "15", "16", 
"17", "18", "19", "20", "22", "23", "24", "25", "26", "27", "28", 
"29", "30")), assign = 1:7, qr = structure(list(qr = structure(c(-6.91123354153121, 
-0.0116948818235959, 0.278663757467993, 0.0231278780003328, -0.00707990340950741, 
0.0158489790662681, 0.0544211834346127, -0.301161189613453, 0.314686002268304, 
0.224710234930529, 0.167886966266981, 0.382680002650172, -0.0888381691024494, 
0.27563933257586, 0.166541238818901, 0.126995025812864, 0.208285732960396, 
0.157445827234844, 0.00557767873097273, 0.177333566429975, 0.182215593452074, 
-0.142424293237353, 0.157139614767409, 0.255119414196595, 0.0759726333452709, 
0.163583981244378, 0.204630201381195, -216.639249253687, -280.518155709749, 
0.0104981947029999, 0.26028864676256, 0.201504946884477, 0.226667585005433, 
0.225552759116082, 0.523686270295416, -0.0243059159273163, 0.0163002077372787, 
0.0849090697919866, -0.0729781503652078, 0.342742842810297, 0.109072193726168, 
0.175063729530567, 0.11632470917172, 0.0895206325564597, 0.0858009152506267, 
0.213169623596639, 0.0990406152988127, -0.00809016831072026, 
0.301919786917072, 0.153767967378491, 0.0713643500616458, 0.144828673971912, 
0.177335672032744, 0.135107010803169, -164.900498348983, -219.597479101695, 
55.1522693679767, 0.135813067524068, -0.068344723772075, 0.228747430739068, 
0.188805599215129, 0.0212565676175217, -0.0218152940614772, -0.253577815389167, 
-0.0203919781480095, -0.248870478003432, 0.197293267773109, 0.332587085645435, 
0.0434750365576085, -0.332122547026083, 0.131926719652264, -0.427148082882289, 
-0.0380813010809554, -0.0252423208285054, -0.276756259466322, 
0.0921626121898374, -0.108341887524064, -0.0280937930652439, 
0.0223118569766951, -0.0823876585581299, 0.438535626052682, -180.754798339249, 
-241.037575688131, 28.1801583652123, -40.6013381335823, -0.170808244239003, 
0.108345335410365, -0.10947710051533, -0.218981600797756, -0.0828570060246438, 
0.147129854300659, -0.306053530820752, -0.386351135610306, 0.224571125378045, 
0.171367657934868, -0.0609684775895879, 0.318037357795726, 0.0546674509394628, 
-0.221336182892348, 0.170277735586305, -0.166486627285952, 0.462804278872644, 
0.0324063306894901, -0.15891916651356, 0.252383599265957, -0.0895779950503397, 
-0.113196423026699, 0.0862365148772813, -207.558433415611, -271.674739254399, 
22.7447216901629, -9.85304568652103, 40.717660726625, -0.143838419435356, 
-0.0534837688391831, 0.179845681427997, -0.0156967356778644, 
0.101730152819619, -0.0166778272564599, 0.304321093752575, -0.180696058407915, 
0.511226677018474, 0.0962973486145346, 0.431202994829149, -0.215429975302177, 
0.138904237439641, -0.0744939806393368, 0.0607543198116504, -0.0193713261015916, 
-0.378945368151974, -0.221273811601691, -0.0549615141388246, 
0.107414435048207, 0.232486243309498, 0.117031203591843, -244.560809163759, 
-297.651072511266, 32.2266977813231, -9.33993580508026, 43.0537988753796, 
61.6557021347351, 0.241309434858891, -0.254321929950599, -0.0252238302473204, 
0.0265017614212803, -0.0620030984219595, 0.0861798307317027, 
0.172164992212283, 0.327683832864276, 0.213715025625078, -0.336240312591631, 
0.118142022080338, -0.113665838424638, -0.105065286418014, -0.0901996385024214, 
0.0406893567459724, -0.0495529445556897, 0.43545730213699, 0.308748892125108, 
-0.404666904212669, 0.223357365831178, 0.0333140188218265, -147.780262756374, 
-169.062122563707, 32.6975683761372, -20.7693053301229, 25.3628052757688, 
1.54946755032217, -35.7466766449294, -0.115831074884766, -0.0854443315613578, 
-0.428836455520112, 0.164640357526369, -0.435612783136848, -0.0095383707511262, 
-0.0717033396829926, 0.366488645051583, 0.203978470943329, -0.0613764308233427, 
0.076103963618089, -0.132258754233346, -0.107546875635271, -0.0188015275216977, 
-0.0937042916221205, 0.467992100039926, -0.28350249858511, 0.136518042677734, 
0.121384101465228, 0.0825859758032675), .Dim = c(27L, 7L), .Dimnames = list(
    c("1", "3", "4", "5", "6", "7", "8", "9", "10", "11", "12", 
    "13", "15", "16", "17", "18", "19", "20", "22", "23", "24", 
    "25", "26", "27", "28", "29", "30"), c("x1", "x2", "x3", 
    "x4", "x5", "x6", "x7")), assign = 1:7), qraux = c(1.24188289313758, 
1.25852292464236, 1.02080985984439, 1.04335383858087, 1.03494319918705, 
1.13735062214358, 1.10014845935871), pivot = 1:7, tol = 1e-07, 
    rank = 7L), .Names = c("qr", "qraux", "pivot", "tol", "rank"
), class = "qr"), df.residual = 20L, xlevels = structure(list(), .Names = character(0)), 
    call = quote(lm(formula = y ~ . + 0, data = structure(list(y = c(43, 
        71, 61, 81, 43, 58, 71, 72, 67, 64, 67, 69, 77, 81, 74, 
        65, 65, 50, 64, 53, 40, 63, 66, 78, 48, 85, 82), x1 = c(1.67170916417502, 
        -0.08082605952348, 1.92591030742191, 0.159842166180342, 
        -0.0489308659145888, 0.109535995721818, 0.376117508323118, 
        -2.08139531506394, 2.17486845392707, 1.55302491277723, 
        1.16030603245028, 2.64479086998912, -0.61398133406907, 
        1.90500780066356, 1.15100539577335, 0.877692282005491, 
        1.4395113438583, 1.08814488215958, 0.038548640329384, 
        1.2255936923502, 1.25933452125599, -0.98432755255087, 
        1.08602857628381, 1.7631898524913, 0.525064611814289, 
        1.13056709803336, 1.414247111396), x2 = c(51, 70, 63, 
        78, 55, 67, 75, 82, 61, 53, 60, 62, 77, 90, 85, 60, 70, 
        58, 61, 66, 37, 54, 77, 75, 57, 85, 82), x3 = c(30, 68, 
        45, 56, 49, 42, 50, 72, 45, 53, 47, 57, 54, 50, 64, 65, 
        46, 68, 52, 52, 42, 42, 66, 58, 44, 71, 39), x4 = c(39, 
        69, 47, 66, 44, 56, 55, 67, 47, 58, 39, 42, 72, 72, 69, 
        75, 57, 54, 62, 50, 58, 48, 63, 74, 45, 71, 59),