
expected <- structure(list(coefficients = structure(c(1.79633319510251, 0.519969164919724, 
0.0117731241304421, 0.311632689938287, 0.0989437967555054, 0.218411030496114, 
-0.275783247730578), .Names = c("x1", "x2", "x3", "x4", "x5", 
"x6", "x7")), residuals = structure(c(-9.57507022290219, 3.24709315870412, 
-1.25241788813486, 5.88294008793446, -7.21794093129498, 0.0409233186578293, 
-3.33872926607949, 11.0321897516588, 5.82462475858318, 9.29505187667982, 
5.18572745905387, -4.52051185870236, 2.1102581056641, -3.44584815518674, 
0.45598682623657, -1.12091666749685, -2.61438442423077, 3.13902403734704, 
-1.92553032426514, -12.373674439764, -1.74031072031807, 1.45969953529594, 
-2.56738727021452, 0.276845956611376, -7.39438439899372, 5.46576573167158, 
5.67097596348501), .Names = c("1", "2", "3", "5", "7", "8", "9", 
"10", "11", "12", "13", "14", "15", "16", "17", "18", "19", "21", 
"22", "23", "24", "25", "26", "27", "28", "29", "30")), effects = structure(c(-343.523410167827, 
49.3571362451374, -0.900494662017867, -9.30463239602708, 1.26437505230766, 
9.66843350588355, -10.640968226682, 12.0182528602811, 5.00398364992202, 
12.6325763033839, 8.63932756234765, -0.339406627398214, 3.18778278657292, 
-4.62373127521828, 1.513032158909, -4.68178677154736, 0.297390623807407, 
3.92419136032017, -1.10369625060178, -9.71588818280611, -6.80750639900483, 
5.17101517897056, 1.34514512701514, 2.26225876026841, -7.4371779538065, 
7.51299786083417, 6.95792402837964), .Names = c("x1", "x2", "x3", 
"x4", "x5", "x6", "x7", "", "", "", "", "", "", "", "", "", "", 
"", "", "", "", "", "", "", "", "", "")), rank = 7L, fitted.values = structure(c(52.5750702229022, 
59.7529068412959, 72.2524178881349, 75.1170599120655, 65.217940931295, 
70.9590766813422, 75.3387292660795, 55.9678102483412, 58.1753752414168, 
57.7049481233202, 63.8142725409461, 72.5205118587023, 74.8897418943359, 
84.4458481551867, 73.5440131737634, 66.1209166674968, 67.6143844242308, 
46.860975962653, 65.9255303242651, 65.373674439764, 41.7403107203181, 
61.5403004647041, 68.5673872702145, 77.7231540433886, 55.3943843989937, 
79.5342342683284, 76.329024036515), .Names = c("1", "2", "3", 
"5", "7", "8", "9", "10", "11", "12", "13", "14", "15", "16", 
"17", "18", "19", "21", "22", "23", "24", "25", "26", "27", "28", 
"29", "30")), assign = 1:7, qr = structure(list(qr = structure(c(-5.19615242270663, 
0.192450089729875, 0.192450089729875, 0.192450089729875, 0.192450089729875, 
0.192450089729875, 0.192450089729875, 0.192450089729875, 0.192450089729875, 
0.192450089729875, 0.192450089729875, 0.192450089729875, 0.192450089729875, 
0.192450089729875, 0.192450089729875, 0.192450089729875, 0.192450089729875, 
0.192450089729875, 0.192450089729875, 0.192450089729875, 0.192450089729875, 
0.192450089729875, 0.192450089729875, 0.192450089729875, 0.192450089729875, 
0.192450089729875, 0.192450089729875, -350.644063487833, 69.9910047130397, 
-0.0739876890014511, -0.188288091357435, -0.0311250381179571, 
-0.145425440473941, -0.245438292535427, 0.0546002636490308, 0.168900666005015, 
0.0688878139435288, 0.0403127133545328, -0.259725842829925, -0.174000541062937, 
-0.359738694891411, -0.288300943418921, 0.0688878139435288, -0.0739876890014511, 
0.354638819833489, 0.0546002636490308, -0.0168374878234591, 0.397501470716983, 
0.154613115710517, -0.174000541062937, -0.145425440473941, 0.111750464827023, 
-0.288300943418921, -0.245438292535427, -275.588528493181, 38.4409186516115, 
-50.5891167760729, -0.00316766421737167, -0.167031203886066, 
-0.0909859330561284, 0.272060140307717, -0.0461612801759294, 
0.194067007807626, 0.00363435324785844, 0.18078245036209, 0.479236773419893, 
-0.0324404204969572, -0.244907511637645, 0.0831390451846672, 
0.359442106913039, -0.118747129898996, -0.0678762392719259, 0.092208401804974, 
0.0409012089444684, 0.140811953276968, -0.0336325024487515, 0.204764748613163, 
0.0671508463506184, -0.0248826233133682, 0.221508727165571, -0.380254074745113, 
-297.527838722387, 35.5135583468277, -11.8516979838765, -48.2235379626031, 
0.0750897993545926, -0.058236441180571, -0.0196557085553235, 
-0.0941457096375501, 0.127353894350043, -0.268315037800077, -0.293849248636085, 
-0.564434550492817, 0.251241851319996, 0.194927838781171, 0.0615428067064411, 
0.344114840428868, 0.0461558654104395, -0.135222990778853, 0.164758226616937, 
-0.117203131244745, 0.315284649387418, -0.00469171660190341, 
-0.0247846889873241, 0.276164899973097, -0.101673414793717, 0.0508688449211501, 
0.0602883418434414, -340.05930855269, 35.7220507474215, -2.99208838484361, 
-14.719169466044, -37.2692261040187, 0.0382911526672781, -0.132676681248276, 
0.024011503696874, -0.101795034596905, 0.00541059234602756, -0.163214563459382, 
-0.331718342334546, 0.132082992480758, -0.493056580896258, 0.0561061679297304, 
-0.394413959658618, 0.214317372691583, -0.168689338295681, 0.0105167711067292, 
-0.0327006506859377, -0.140994803015213, 0.197213518869501, 0.411976513253235, 
0.155391497678627, -0.216810835825468, -0.0264316019198206, -0.194482151548384, 
-385.47752972894, 5.42344825808556, 2.85965693225739, 3.06925742916221, 
-4.31386339909787, 55.267104924206, 0.578300571372913, 0.319022668981515, 
0.189276136308533, -0.0931652527679941, -0.057018858518651, 0.160146801679652, 
0.162589753487085, 0.153466697636789, 0.215294954749648, -0.265813307954568, 
-0.00133964819338976, -0.211972038763479, -0.0842433449175397, 
-0.0294158486156899, 0.373110878804338, -0.265495202442191, -0.088370287567662, 
-0.175755057079553, 0.139985561526192, -0.0425329509791088, 0.0219176800641317, 
-224.589254714764, 11.8745418003161, -11.0954592247823, -23.6033527970351, 
-21.3723247662718, 8.71159453273333, 38.5845344641005, -0.0947028448516264, 
0.259744540749365, -0.0827597778377738, 0.310381324656812, -0.0718046177499439, 
0.11315821062296, 0.114823069877739, -0.421438046090334, -0.186782056391741, 
0.0140993533072481, 0.097203951773293, 0.205344884735638, 0.111368884663409, 
-0.143308763606724, 0.361984230831721, -0.497692394731204, 0.1721204508419, 
-0.0577039693389791, -0.137250347355563, 0.0244206109091112), .Dim = c(27L, 
7L), .Dimnames = list(c("1", "2", "3", "5", "7", "8", "9", "10", 
"11", "12", "13", "14", "15", "16", "17", "18", "19", "21", "22", 
"23", "24", "25", "26", "27", "28", "29", "30"), c("x1", "x2", 
"x3", "x4", "x5", "x6", "x7")), assign = 1:7), qraux = c(1.19245008972988, 
1.01173761276554, 1.31612901346956, 1.10529795744899, 1.01687850927921, 
1.01460768650569, 1.24670211995347), pivot = 1:7, tol = 1e-07, 
    rank = 7L), .Names = c("qr", "qraux", "pivot", "tol", "rank"
), class = "qr"), df.residual = 20L, xlevels = structure(list(), .Names = character(0)), 
    call = quote(lm(formula = y ~ . + 0, data = structure(list(y = c(43, 
        63, 71, 81, 58, 71, 72, 67, 64, 67, 69, 68, 77, 81, 74, 
        65, 65, 50, 64, 53, 40, 63, 66, 78, 48, 85, 82), x1 = c(1, 
        1, 1, 1, 1, 1, 1, 1, 1, 1, 1, 1, 1, 1, 1, 1, 1, 1, 1, 
        1, 1, 1, 1, 1, 1, 1, 1), x2 = c(51, 64, 70, 78, 67, 75, 
        82, 61, 53, 60, 62, 83, 77, 90, 85, 60, 70, 40, 61, 66, 
        37, 54, 77, 75, 57, 85, 82), x3 = c(30, 51, 68, 56, 42, 
        50, 72, 45, 53, 47, 57, 83, 54, 50, 64, 65, 46, 33, 52, 
        52, 42, 42, 66, 58, 44, 71, 39), x4 = c(39, 54, 69, 66, 
        56, 55, 67, 47, 58, 39, 42, 45, 72, 72, 69, 75, 57, 34, 
        62, 50, 58, 48, 63, 74, 45, 71, 59), x5 = c(61, 63, 76, 
        71, 66, 70, 71, 62, 58, 59, 55, 59, 79, 60, 79, 55, 75, 
        43, 66, 63, 50, 66, 88, 80, 51, 77, 64), x6 = c(83, 64, 
        80, 80, 63, 77, 49, 57, 63, 80, 80, 75, 68, 77, 68, 92, 
        75, 83, 79, 78, 49, 86, 80, 86, 68, 83, 80), x7 = c(45, 
        47, 48, 47, 35, 41, 31, 41, 34, 41, 25, 35, 46, 36, 63, 
        60, 46, 33, 41, 37, 49, 33, 72, 49, 38, 55, 39)), .Names = c("y", 
        "x1", "x2", "x3", "x4", "x5", "x6", "x7"),