
expected <- structure(list(coefficients = structure(c(5.42674004675765, 0.718875995093555, 
-0.0931257558514315, 0.202153445049208, 0.00865199510090359, 
-0.0712362136383738, 0.238072097339982), .Names = c("x1", "x2", 
"x3", "x4", "x5", "x6", "x7")), residuals = structure(c(-6.01004673654932, 
1.72096828036556, 4.53407122718759, 1.91955806428524, 6.91120537925907, 
-9.22494502301624, -6.822163353831, -7.00944931530119, 2.57520261093213, 
10.5743730409349, 9.93368252307427, 10.5478815813153, -2.29486179344616, 
0.0677712683371788, -1.64850645923061, -8.66955105285245, 2.79444736886242, 
-5.98739721586773, 3.11126949074235, 0.731254705850146, -8.79253487298462, 
-5.97186150091028, 5.35380788612783, -1.03477784973066, -8.88200603264192, 
6.28637092479878, 5.28623685428938), .Names = c("1", "2", "3", 
"4", "5", "6", "7", "9", "10", "11", "12", "13", "14", "15", 
"16", "17", "18", "20", "21", "22", "23", "24", "25", "27", "28", 
"29", "30")), effects = structure(c(-334.285805860793, -54.1626149974308, 
2.33757936933778, 11.6749073260769, 3.28831564061342, -0.524101117343566, 
10.9190827196819, -10.0686408427969, 2.66577333990227, 11.8107267763286, 
11.8066284698792, 10.931900889046, -6.61885926184917, 2.54604739586923, 
-2.18732860206645, -8.31151150201074, -2.37857473513192, -6.04308736185561, 
3.36892621130835, 1.11217725010318, -7.97537049871088, -4.53611884513764, 
8.87117886149256, 0.216955861242484, -10.924284737034, 6.80165324253473, 
5.65672755524438), .Names = c("x1", "x2", "x3", "x4", "x5", "x6", 
"x7", "", "", "", "", "", "", "", "", "", "", "", "", "", "", 
"", "", "", "", "", "")), rank = 7L, fitted.values = structure(c(49.0100467365493, 
61.2790317196344, 66.4659287728124, 59.0804419357148, 74.0887946207409, 
52.2249450230162, 64.822163353831, 79.0094493153012, 64.4247973890679, 
53.4256269590651, 57.0663174769257, 58.4521184186847, 70.2948617934462, 
76.9322287316628, 82.6485064592306, 82.6695510528525, 62.2055526311376, 
55.9873972158677, 46.8887305092577, 63.2687452941499, 61.7925348729846, 
45.9718615009103, 57.6461921138722, 79.0347778497307, 56.8820060326419, 
78.7136290752012, 76.7137631457106), .Names = c("1", "2", "3", 
"4", "5", "6", "7", "9", "10", "11", "12", "13", "14", "15", 
"16", "17", "18", "20", "21", "22", "23", "24", "25", "27", "28", 
"29", "30")), assign = 1:7, qr = structure(list(qr = structure(c(-5.19615242270663, 
0.192450089729875, 0.192450089729875, 0.192450089729875, 0.192450089729875, 
0.192450089729875, 0.192450089729875, 0.192450089729875, 0.192450089729875, 
0.192450089729875, 0.192450089729875, 0.192450089729875, 0.192450089729875, 
0.192450089729875, 0.192450089729875, 0.192450089729875, 0.192450089729875, 
0.192450089729875, 0.192450089729875, 0.192450089729875, 0.192450089729875, 
0.192450089729875, 0.192450089729875, 0.192450089729875, 0.192450089729875, 
0.192450089729875, 0.192450089729875, -341.791359360259, -70.2329457353646, 
0.0940757185871527, -0.00559260554061164, 0.207982374733169, 
-0.119499261686628, 0.0513607225323965, 0.264935702806177, -0.0340692695771157, 
-0.147975925723132, -0.0483076015953678, -0.0198309375588637, 
0.279174034824429, 0.193744042714917, 0.378842358952194, 0.307650698860933, 
-0.0483076015953678, -0.0767842656318719, -0.333074241960409, 
-0.0340692695771157, 0.0371223905141445, -0.375789238015165, 
-0.13373759370488, 0.165267378678413, -0.0910225976501239, 0.307650698860933, 
0.264935702806177, -275.588528493181, -36.3393873843611, -52.8621971496863, 
-0.0777165698770799, -0.0219221343711548, 0.0791752168329003, 
-0.175079573263807, 0.240139952845125, -0.057410733231322, 0.175149493605607, 
-0.00942359484496873, 0.159441668826645, 0.438075244871355, -0.0496034361117502, 
-0.257259814436125, 0.0583443176225902, 0.331084385726301, 0.40814155246727, 
-0.0712047688317108, 0.0750090369908383, 0.0242444453764436, 
0.129507976422561, -0.0430916350663811, 0.0463708406609564, -0.0357161699715435, 
0.190764087844751, -0.384124678202203, -291.754336030491, -37.5876144912945, 
-11.4059006342731, 49.0355388976436, -0.104841902340487, 0.128440571929882, 
-0.0788666194452232, 0.0162392709473075, 0.0824488170952767, 
-0.143365288721313, 0.252446471064487, 0.276076731016642, 0.549517961724093, 
-0.248497668427881, -0.18275230798564, -0.0591726046853306, -0.355056995026528, 
0.0798686223314672, 0.111453037419439, -0.174195903115328, 0.10663670604758, 
-0.336326214380228, -0.00961120964501627, -0.27558306164323, 
0.0873092962742401, -0.0507034851737676, -0.0528199671590905, 
-328.319853079167, -33.1911339714365, -4.23117750984152, 16.4660843730949, 
31.7078523722841, 0.0920963072891978, -0.0526649888326148, 0.0915521565704131, 
-0.0868781912010935, 0.159378311641052, -0.108836439303373, 0.0896949376999101, 
0.182367089603522, -0.151916698189229, 0.521786779560287, -0.127299736131187, 
0.560176297707196, -0.0296258597273708, 0.175411962343915, 0.0123019712487866, 
-0.0324213082725737, 0.292616097387037, -0.24778359605908, -0.160652023158982, 
0.204844843458486, -0.0237423754240145, 0.141789519461196, -387.979380895428, 
-10.5506040255248, -3.0821807510087, -1.39477922235196, 21.8370340989502, 
45.3473643026457, 0.187430451582139, -0.0711026496551495, -0.0260959977601139, 
0.162628805702551, 0.150730284308214, 0.36250908291429, 0.160818052630695, 
0.0375742691422449, 0.301643967964063, 0.0531699571428093, -0.26065775443977, 
0.0796914830522541, 0.195996905131477, -0.0808543442533988, -0.0163416817801724, 
0.263270572095794, 0.114917488395217, 0.0283239200069594, -0.198725879380189, 
0.153121130965417, -0.108974139382017, -217.853501574219, 0.31957145196522, 
-1.94254326155323, 6.38622061582326, 19.1940472427723, 11.3674531551345, 
45.8646050573862, -0.374131290258479, -0.459802813290516, 0.134229396994822, 
-0.0668883826972462, -0.1860742113047, -0.219434639475794, -0.0843897153883337, 
0.0331890472322279, -0.311328828080534, -0.0739151308835604, 
-0.00391433500290475, -0.430651224063779, -0.102124629830277, 
0.0653447269711577, -0.0972304540934436, -0.170720497487949, 
-0.398683025610843, -0.142107988527163, -0.0209133852543045, 
0.0254820476941232), .Dim = c(27L, 7L), .Dimnames = list(c("1", 
"2", "3", "4", "5", "6", "7", "9", "10", "11", "12", "13", "14", 
"15", "16", "17", "18", "20", "21", "22", "23", "24", "25", "27", 
"28", "29", "30"), c("x1", "x2", "x3", "x4", "x5", "x6", "x7"
)), assign = 1:7), qraux = c(1.19245008972988, 1.00864572647764, 
1.28630653259272, 1.0968936737861, 1.02477083856026, 1.61629271433104, 
1.11715035892772), pivot = 1:7, tol = 1e-07, rank = 7L), .Names = c("qr", 
"qraux", "pivot", "tol", "rank"), class = "qr"), df.residual = 20L, 
    xlevels = structure(list(), .Names = character(0)), call = quote(lm(formula = y ~ 
        . + 0, data = structure(list(y = c(43, 63, 71, 61, 81, 
        43, 58, 72, 67, 64, 67, 69, 68, 77, 81, 74, 65, 50, 50, 
        64, 53, 40, 63, 78, 48, 85, 82), x1 = c(1, 1, 1, 1, 1, 
        1, 1, 1, 1, 1, 1, 1, 1, 1, 1, 1, 1, 1, 1, 1, 1, 1, 1, 
        1, 1, 1, 1), x2 = c(51, 64, 70, 63, 78, 55, 67, 82, 61, 
        53, 60, 62, 83, 77, 90, 85, 60, 58, 40, 61, 66, 37, 54, 
        75, 57, 85, 82), x3 = c(30, 51, 68, 45, 56, 49, 42, 72, 
        45, 53, 47, 57, 83, 54, 50, 64, 65, 68, 33, 52, 52, 42, 
        42, 58, 44, 71, 39), x4 = c(39, 54, 69, 47, 66, 44, 56, 
        67, 47, 58, 39, 42, 45, 72, 72, 69, 75, 54, 34, 62, 50, 
        58, 48, 74, 45, 71, 59), x5 = c(61, 63, 76, 54, 71, 54, 
        66, 71, 62, 58, 59, 55, 59, 79, 60, 79, 55, 64, 43, 66, 
        63, 50, 66, 80, 51, 77, 64), x6 = c(92, 73, 86, 84, 83, 
        49, 68, 83, 80, 67, 74, 63, 77, 77, 54, 79, 80, 78, 64, 
        80, 80, 57, 75, 78, 83, 74, 78), x7 = c(33, 35, 36, 36, 
        41, 25, 34, 55, 63, 31, 41, 39, 37, 48, 25, 55, 41, 39, 
        55, 48, 37, 41, 52, 63, 46, 38, 38)), .Names = c("y", 
        "x1", "x2", "x3", "x4", "x5", "x6", "x7"),