
expected <- structure(list(coefficients = structure(c(12.9075500879655, 0.594501270806275, 
-0.0397180714435698, 0.0439586992920998, 0.217907336296209, 0.0232404184190475, 
-0.0951806972638513), .Names = c("x1", "x2", "x3", "x4", "x5", 
"x6", "x7")), residuals = structure(c(-0.134173483410998, 2.68158388022326, 
-0.0277427034893132, -12.0429567095252, -8.20753033481587, -0.119653750941634, 
-3.79633169971715, 5.77433610996817, 7.56432416449462, 6.84580974943559, 
8.44962730108928, -4.86283954881206, 4.12035893398224, 3.47238647614085, 
-1.44708600492438, 8.49698341173247, -4.80080782072923, -7.21161011088136, 
4.13725815217011, 2.62032025780932, -11.5187738693098, -2.50654387832705, 
4.95919844946247, -6.74542567392361, 4.97407362322188, -9.7248335118827, 
9.05004859096016), .Names = c("2", "3", "4", "6", "7", "8", "9", 
"10", "11", "12", "13", "14", "15", "16", "17", "18", "19", "20", 
"21", "22", "23", "24", "25", "26", "27", "28", "29")), effects = structure(c(-333.516005501874, 
-45.8271796854879, -2.82732660593055, 3.18313321977502, -6.33094002921969, 
0.971224800964207, -3.95580004302408, 6.75960637452771, 7.33572598328738, 
6.08754257646431, 10.5339073706921, -8.75515600033633, 8.09207041549994, 
0.113294666656597, 0.0728889088452093, 6.02581749253357, -5.26498072899083, 
-4.17685947203663, 3.94589419994947, 5.98733604124168, -10.8130403644034, 
1.46967863243984, 11.1595529029769, -5.85232093411232, 4.36026070150051, 
-13.305506940467, 9.09151769010593), .Names = c("x1", "x2", "x3", 
"x4", "x5", "x6", "x7", "", "", "", "", "", "", "", "", "", "", 
"", "", "", "", "", "", "", "", "", "")), rank = 7L, fitted.values = structure(c(63.134173483411, 
68.3184161197767, 61.0277427034893, 55.0429567095252, 66.2075303348159, 
71.1196537509416, 75.7963316997171, 61.2256638900318, 56.4356758355054, 
60.1541902505644, 60.5503726989107, 72.8628395488121, 72.8796410660178, 
77.5276135238591, 75.4470860049244, 56.5030165882675, 69.8008078207292, 
57.2116101108814, 45.8627418478299, 61.3796797421907, 64.5187738693098, 
42.5065438783271, 58.0408015505375, 72.7454256739236, 73.0259263767781, 
57.7248335118827, 75.9499514090398), .Names = c("2", "3", "4", 
"6", "7", "8", "9", "10", "11", "12", "13", "14", "15", "16", 
"17", "18", "19", "20", "21", "22", "23", "24", "25", "26", "27", 
"28", "29")), assign = 1:7, qr = structure(list(qr = structure(c(-5.19615242270663, 
0.192450089729875, 0.192450089729875, 0.192450089729875, 0.192450089729875, 
0.192450089729875, 0.192450089729875, 0.192450089729875, 0.192450089729875, 
0.192450089729875, 0.192450089729875, 0.192450089729875, 0.192450089729875, 
0.192450089729875, 0.192450089729875, 0.192450089729875, 0.192450089729875, 
0.192450089729875, 0.192450089729875, 0.192450089729875, 0.192450089729875, 
0.192450089729875, 0.192450089729875, 0.192450089729875, 0.192450089729875, 
0.192450089729875, 0.192450089729875, -343.908310347287, -67.2761032913922, 
-0.0421028710864252, -0.16101582247051, 0.0173536046056173, 0.136266555989702, 
0.240315388450777, -0.0718311089324464, -0.190744060316531, -0.0866952278554571, 
-0.0569669900094358, 0.255179507373787, 0.165994793835724, 0.359228339834862, 
0.284907745219808, -0.0866952278554571, 0.0619459613746492, -0.116423465701478, 
-0.38397760631567, -0.0718311089324464, 0.00248948568260667, 
-0.428569963084701, -0.175879941393521, 0.165994793835724, 0.136266555989702, 
-0.131287584624489, 0.284907745219808, -282.709181813187, -36.8030079304512, 
46.9047665572452, -0.0611248653510839, 0.270548232368535, 0.221612896213294, 
-0.141002445516607, 0.115371580928528, -0.176809800349899, 0.0575291134291201, 
-0.125263079326525, -0.360317310932056, 0.166739472495275, 0.44965606351628, 
0.0751645466608243, -0.326227193683757, 0.230877686470715, -0.420592333842968, 
0.0519486847795985, -0.0338669829487023, 0.0421474061522932, 
-0.185538102237438, 0.0729108207059471, -0.0890980655799771, 
0.0510545374964592, 0.0758798644873358, -0.0740740172164058, 
-282.516731723457, -0.477853897228634, -8.24352327543244, 62.4988981979411, 
-8.05280775083998e-05, -0.0786205533651448, -0.00308144914700283, 
0.0529798377622332, -0.225543409499485, -0.0891535211570328, 
0.204688509785093, -0.0120595487231098, 0.291119182292653, 0.105863664348126, 
0.373949879539954, 0.0671601342871413, -0.238852788744583, 0.310218773700525, 
-0.0887032781508605, 0.217770314977026, 0.0552611052865886, 0.302962883280533, 
0.294441160587232, -0.0206790478016868, -0.265152330672972, -0.265704643277776, 
0.170733869229857, -335.440506399173, -38.1446322939837, 2.79399501774129, 
-0.492020734477666, -40.2194629658468, 0.0317989656491199, -0.148154841539159, 
0.0572585109037794, 0.01085391255595, -0.021700033865076, -0.183937025361766, 
-0.51728661408924, 0.2278026225169, -0.411912526202242, 0.0714560716488788, 
-0.205252307806817, 0.236339829070888, 0.0436911228159987, -0.0739354533374972, 
0.12968048879536, -0.0221529465378572, 0.116187404437116, 0.281050616843986, 
0.372820007879642, 0.229095127165178, -0.17377325425218, -0.0253750064961733, 
-382.975678562452, -12.3443755040988, 11.0852083455286, 12.5513465140526, 
-15.8822679041404, 41.8160429247549, -0.122053918922496, -0.212788708663142, 
0.19107712389856, -0.00766179646561003, 0.0552149814047846, -0.0458452022181256, 
-0.117665134188577, 0.517641438534847, -0.184438156250883, -0.289273739256441, 
-0.039062902015647, -0.354242995966676, 0.0541738534400928, -0.299372598535484, 
-0.190369795362861, -0.00443978846384642, -0.251560913630082, 
0.127516099007771, 0.183215173344286, -0.171966618509221, 0.0381537460540765, 
-222.664753817466, -13.9386898893224, 15.4279398067065, -2.64002405919647, 
-29.4417528451109, 0.00627788252371531, 41.5609483513046, 0.00807282934884141, 
0.259041254355262, -0.00708978060265377, 0.354989576731777, 0.190825314609464, 
0.034388228991234, -0.150854837800209, -0.377051141056116, -0.390929967191534, 
0.0147976191265868, -0.0432519066073866, 0.0321648991230966, 
0.108767073031388, 0.124325946114742, -0.182858500704791, 0.284345146516942, 
-0.358578702484036, 0.0536720334527707, -0.0284136354230257, 
-0.153729002700622), .Dim = c(27L, 7L), .Dimnames = list(c("2", 
"3", "4", "6", "7", "8", "9", "10", "11", "12", "13", "14", "15", 
"16", "17", "18", "19", "20", "21", "22", "23", "24", "25", "26", 
"27", "28", "29"), c("x1", "x2", "x3", "x4", "x5", "x6", "x7"
)), assign = 1:7), qraux = c(1.19245008972988, 1.06194596137465, 
1.14577733656893, 1.29872753933354, 1.08720105016602, 1.31406571239889, 
1.38835107276991), pivot = 1:7, tol = 1e-07, rank = 7L), .Names = c("qr", 
"qraux", "pivot", "tol", "rank"), class = "qr"), df.residual = 20L, 
    xlevels = structure(list(), .Names = character(0)), call = quote(lm(formula = y ~ 
        . + 0, data = structure(list(y = c(63, 71, 61, 43, 58, 
        71, 72, 67, 64, 67, 69, 68, 77, 81, 74, 65, 65, 50, 50, 
        64, 53, 40, 63, 66, 78, 48, 85), x1 = c(1, 1, 1, 1, 1, 
        1, 1, 1, 1, 1, 1, 1, 1, 1, 1, 1, 1, 1, 1, 1, 1, 1, 1, 
        1, 1, 1, 1), x2 = c(64, 70, 63, 55, 67, 75, 82, 61, 53, 
        60, 62, 83, 77, 90, 85, 60, 70, 58, 40, 61, 66, 37, 54, 
        77, 75, 57, 85), x3 = c(51, 68, 45, 49, 42, 50, 72, 45, 
        53, 47, 57, 83, 54, 50, 64, 65, 46, 68, 33, 52, 52, 42, 
        42, 66, 58, 44, 71), x4 = c(74, 57, 47, 39, 57, 62, 58, 
        54, 72, 63, 45, 59, 39, 50, 34, 54, 72, 39, 63, 44, 54, 
        39, 39, 59, 74, 74, 47), x5 = c(63, 76, 54, 54, 66, 70, 
        71, 62, 58, 59, 55, 59, 79, 60, 79, 55, 75, 64, 43, 66, 
        63, 50, 66, 88, 80, 51, 77), x6 = c(73, 86, 84, 49, 68, 
        66, 83, 80, 67, 74, 63, 77, 77, 54, 79, 80, 85, 78, 64, 
        80, 80, 57, 75, 76, 78, 83, 74), x7 = c(47, 48, 35, 34, 
        35, 41, 31, 41, 34, 41, 25, 35, 46, 36, 63, 60, 46, 52, 
        33, 41, 37, 49, 33, 72, 49, 38, 55)), .Names = c("y", 
        "x1", "x2", "x3", "x4", "x5", "x6", "x7"),