
expected <- structure(list(coefficients = structure(c(17.6461119445078, 0.72598196455054, 
0.00511061713004937, -0.0848366641723406, 0.166527244888309, 
3.64263112545171e-05, -0.17600711605286), .Names = c("x1", "x2", 
"x3", "x4", "x5", "x6", "x7")), residuals = structure(c(-8.46648375155603, 
1.66873293510961, 2.04892674864132, 0.660004366100527, 6.70462683260302, 
-11.8121512453466, -8.75339571349325, -0.194089827483441, 7.41175541679562, 
7.23783230856353, 7.1443154796929, -8.39523960114895, 0.380548001991031, 
-3.08572361158345, 8.9334543386932, -2.49703028030162, -5.75507291577187, 
7.81459428004196, 4.30372876653841, -12.821217718414, -0.693367186323677, 
4.05955064679416, -6.13586431592025, 7.18606591265962, -9.07227032463994, 
6.71884509724388, 5.40892536051432), .Names = c("1", "2", "3", 
"4", "5", "6", "7", "8", "10", "11", "13", "14", "16", "17", 
"18", "19", "20", "21", "22", "23", "24", "25", "26", "27", "28", 
"29", "30")), effects = structure(c(-331.591504604575, -52.8406667457116, 
1.16535851229253, 4.43900391975036, 1.73102988058806, -0.78770064240544, 
-6.66491646063026, 3.54260545650618, 8.87962785014396, 10.2420295762303, 
9.90302448736083, -11.7318614472747, 1.33158164927956, -3.19018710909252, 
4.68155867348147, 0.504420076848074, -5.49356687636055, 9.96387899029658, 
6.77133618888397, -11.9321125344588, 2.17556271379164, 9.06068093853126, 
-3.29418069350763, 11.1783859273031, -10.8544951391087, 7.23469418458895, 
5.31314893879353), .Names = c("x1", "x2", "x3", "x4", "x5", "x6", 
"x7", "", "", "", "", "", "", "", "", "", "", "", "", "", "", 
"", "", "", "", "", "")), rank = 7L, fitted.values = structure(c(51.466483751556, 
61.3312670648904, 68.9510732513587, 60.3399956338995, 74.295373167397, 
54.8121512453466, 66.7533957134932, 71.1940898274834, 59.5882445832044, 
56.7621676914365, 61.8556845203071, 76.3952396011489, 80.619451998009, 
77.0857236115834, 56.0665456613068, 67.4970302803016, 55.7550729157719, 
42.185405719958, 59.6962712334616, 65.821217718414, 40.6933671863237, 
58.9404493532058, 72.1358643159203, 70.8139340873404, 57.0722703246399, 
78.2811549027561, 76.5910746394857), .Names = c("1", "2", "3", 
"4", "5", "6", "7", "8", "10", "11", "13", "14", "16", "17", 
"18", "19", "20", "21", "22", "23", "24", "25", "26", "27", "28", 
"29", "30")), assign = 1:7, qr = structure(list(qr = structure(c(-5.19615242270663, 
0.192450089729875, 0.192450089729875, 0.192450089729875, 0.192450089729875, 
0.192450089729875, 0.192450089729875, 0.192450089729875, 0.192450089729875, 
0.192450089729875, 0.192450089729875, 0.192450089729875, 0.192450089729875, 
0.192450089729875, 0.192450089729875, 0.192450089729875, 0.192450089729875, 
0.192450089729875, 0.192450089729875, 0.192450089729875, 0.192450089729875, 
0.192450089729875, 0.192450089729875, 0.192450089729875, 0.192450089729875, 
0.192450089729875, 0.192450089729875, -342.368709629448, -68.8379740162845, 
0.0946285258367066, -0.00705953369775985, 0.210843451018954, 
-0.123274458880007, 0.0510479288933639, 0.167262854075611, -0.0361132649933217, 
-0.152328190175569, -0.0215863993455408, 0.283477779257859, 0.385165838792325, 
0.312531510553421, -0.0506401306411026, 0.0946285258367066, -0.0796938619366645, 
-0.341177443596721, -0.0361132649933217, 0.0365210632455829, 
-0.384758040540064, -0.137801324527788, 0.196316585371173, 0.167262854075611, 
-0.0942207275844454, 0.312531510553421, 0.268950913610078, -273.471577506153, 
-33.2358545059397, -53.2510494878393, -0.070052322797673, -0.00669154004805236, 
0.0814411228608679, -0.164578018240964, -0.0907237925312555, 
-0.0509579339970586, 0.175651402117566, 0.164842542970884, 0.452604748528973, 
-0.233931708535864, 0.0767098800619636, 0.334168712683665, -0.118103710985803, 
0.409600019326341, -0.0758145229588567, 0.080494874301087, 0.032758902299551, 
0.121837813768252, -0.0404644910369705, 0.190645380492463, 0.0595079883809109, 
-0.0315481290098505, 0.208162688360109, -0.364122852087635, -305.033392221852, 
-5.1005439385542, 9.17322576557773, -59.6277285347534, -0.27679081777989, 
0.224204461465765, -0.151086011844406, 0.0569818185390845, 0.109384917183166, 
-0.282452779231026, 0.201914904754698, 0.195928606441442, 0.124656979976587, 
-0.0978317223138764, -0.0991239872284172, 0.0580049365479165, 
0.277781881469062, 0.20613339794091, 0.263775695001329, -0.211197307957287, 
-0.185812008630871, -0.34502163460928, -0.236277787804231, 0.233428421759842, 
-0.21358377905166, -0.0776067126137677, -0.233431931688471, -332.938655232684, 
-34.7369639562104, -5.90088014670624, 10.5396386546972, 38.6689903860886, 
0.0708710372251863, -0.00466894037393458, -0.0705150742300251, 
-0.0517628606271535, 0.181251620615191, 0.168621725876082, 0.422010734776432, 
0.30776376414716, -0.060918937326098, 0.319540698615165, -0.272194675779788, 
-0.0727746044788204, 0.124332400255568, -0.179784807793864, 0.144752908112337, 
0.127873614611329, -0.0520830868122818, -0.303556167748134, -0.35721152301884, 
0.322025793442137, 0.0220599415952155, 0.212158602474748, -386.632230267319, 
-8.06563862688463, -1.53998245972937, 8.21351559427745, 16.9219481040132, 
48.3867572795531, 0.172426327447652, 0.246238319643055, -0.0577930484470068, 
0.191032110261024, 0.277516172492297, 0.00038677367791576, 0.401843924415148, 
0.0157418382570173, -0.0787363412039301, -0.110784882515788, 
0.0552714306314745, 0.203626700813246, -0.0103612108485215, -0.0783410863886051, 
0.381542330111626, 0.0464158411057775, 0.143838904439886, 0.084250691766749, 
-0.20090553062583, 0.120800367238153, -0.0966449707393606, -225.166604983954, 
-15.0934134080444, -18.1722398077161, 13.4940557514691, 26.7547532211947, 
4.48540497220353, 37.8673124706424, 0.109006234643792, 0.0252284078794941, 
0.224202249103689, 0.294824011232891, 0.143452327665794, -0.0532484792355483, 
-0.238092203338923, -0.504126432863273, 0.126635221433315, -0.166529952797968, 
-0.132826067959556, 0.101401631581195, 0.20297976614312, -0.334493932823351, 
0.39051861636279, -0.249457579091008, 0.118024246292693, -0.0336537855859212, 
-0.0563949147588003, 0.0552695980507065), .Dim = c(27L, 7L), .Dimnames = list(
    c("1", "2", "3", "4", "5", "6", "7", "8", "10", "11", "13", 
    "14", "16", "17", "18", "19", "20", "21", "22", "23", "24", 
    "25", "26", "27", "28", "29", "30"), c("x1", "x2", "x3", 
    "x4", "x5", "x6", "x7")), assign = 1:7), qraux = c(1.19245008972988, 
1.00746733195002, 1.29503368652266, 1.18437310803288, 1.10611058346094, 
1.56746090617899, 1.23502333725682), pivot = 1:7, tol = 1e-07, 
    rank = 7L), .Names = c("qr", "qraux", "pivot", "tol", "rank"
), class = "qr"), df.residual = 20L, xlevels = structure(list(), .Names = character(0)), 
    call = quote(lm(formula = y ~ . + 0, data = structure(list(y = c(43, 
        63, 71, 61, 81, 43, 58, 71, 67, 64, 69, 68, 81, 74, 65, 
        65, 50, 50, 64, 53, 40, 63, 66, 78, 48, 85, 82), x1 = c(1, 
        1, 1, 1, 1, 1, 1, 1, 1, 1, 1, 1, 1, 1, 1, 1, 1, 1, 1, 
        1, 1, 1, 1, 1, 1, 1, 1), x2 = c(51, 64, 70, 63, 78, 55, 
        67, 75, 61, 53, 62, 83, 90, 85, 60, 70, 58, 40, 61, 66, 
        37, 54, 77, 75, 57, 85, 82), x3 = c(30, 51, 68, 45, 56, 
        49, 42, 50, 45, 53, 57, 83, 50, 64, 65, 46, 68, 33, 52, 
        52, 42, 42, 66, 58, 44, 71, 39), x4 = c(66, 62, 48, 72, 
        45, 71, 54, 66, 67, 39, 69, 66, 74, 55, 48, 66, 69, 71, 
        74, 47, 44, 39, 44, 74, 47, 54, 54), x5 = c(61, 63, 76, 
        54, 71, 54, 66, 70, 62, 58, 55, 59, 60, 79, 55, 75, 64, 
        43, 66, 63, 50, 66, 88, 80, 51, 77, 64), x6 = c(92, 73, 
        86, 84, 83, 49, 68, 66, 80, 67, 63, 77, 54, 79, 80, 85, 
        78, 64, 80, 80, 57, 75, 76, 78, 83, 74, 78), x7 = c(45, 
        47, 48, 35, 47, 34, 35, 41, 41, 34, 25, 35, 36, 63, 60, 
        46, 52, 33, 41, 37, 49, 33, 72, 49, 38, 55, 39)), .Names = c("y", 
        "x1", "x2", "x3", "x4", "x5", "x6", "x7"),