
expected <- structure(list(coefficients = structure(c(11.8557347540986, 0.609543483258727, 
-0.0978560682266324, 0.305365025048072, 0.0442868337437985, 0.0952707180089602, 
-0.231624499349144), .Names = c("x1", "x2", "x3", "x4", "x5", 
"x6", "x7")), residuals = structure(c(-9.1018703127735, 2.63338543528223, 
2.19076649239795, -0.921354856103321, 7.0460505521226, -13.4454657313767, 
-8.50376345404195, 0.586911859743586, -3.8843910456428, 9.33386951474677, 
6.61820218257828, 10.5236793218686, 7.83821330786219, -1.7185858932618, 
2.18502119544762, -4.46269997426227, 0.140945575723791, 2.72671185471887, 
-2.2402952829208, -6.02792063850786, 4.44117034819144, 0.165283485439806, 
-10.9164204084332, -3.54306662346204, 4.2087465158017, -0.412013897124109, 
4.53889047598488), .Names = c("1", "2", "3", "4", "5", "6", "7", 
"8", "9", "10", "11", "12", "13", "14", "15", "16", "17", "18", 
"19", "20", "21", "22", "23", "24", "25", "26", "30")), effects = structure(c(-332.553755053224, 
-47.3569455303206, 4.84740410534456, 8.393226700135, -3.79798831725931, 
-2.64371294235599, -8.65117332079426, 3.79840236015419, -7.95763849183002, 
6.31114115342315, 5.4282517210991, 11.7414156531147, 9.52020211686669, 
-6.70252747984236, 5.58479665598014, -5.35331609111742, -1.87078354465254, 
1.0218963410545, 2.48593582318357, -4.91800056001908, 5.36564557275789, 
4.00176969966138, -8.69567226902075, -11.3242791793744, 12.7449416778391, 
2.84348468516456, 6.97970004853828), .Names = c("x1", "x2", "x3", 
"x4", "x5", "x6", "x7", "", "", "", "", "", "", "", "", "", "", 
"", "", "", "", "", "", "", "", "", "")), rank = 7L, fitted.values = structure(c(52.1018703127735, 
60.3666145647178, 68.8092335076021, 61.9213548561033, 73.9539494478774, 
56.4454657313767, 66.503763454042, 70.4130881402564, 75.8843910456428, 
57.6661304852532, 57.3817978174217, 56.4763206781314, 61.1617866921378, 
69.7185858932618, 74.8149788045524, 85.4626999742623, 73.8590544242762, 
62.2732881452811, 67.2402952829208, 56.0279206385079, 45.5588296518086, 
63.8347165145602, 63.9164204084332, 43.543066623462, 58.7912534841983, 
66.4120138971241, 77.4611095240151), .Names = c("1", "2", "3", 
"4", "5", "6", "7", "8", "9", "10", "11", "12", "13", "14", "15", 
"16", "17", "18", "19", "20", "21", "22", "23", "24", "25", "26", 
"30")), assign = 1:7, qr = structure(list(qr = structure(c(-5.19615242270663, 
0.192450089729875, 0.192450089729875, 0.192450089729875, 0.192450089729875, 
0.192450089729875, 0.192450089729875, 0.192450089729875, 0.192450089729875, 
0.192450089729875, 0.192450089729875, 0.192450089729875, 0.192450089729875, 
0.192450089729875, 0.192450089729875, 0.192450089729875, 0.192450089729875, 
0.192450089729875, 0.192450089729875, 0.192450089729875, 0.192450089729875, 
0.192450089729875, 0.192450089729875, 0.192450089729875, 0.192450089729875, 
0.192450089729875, 0.192450089729875, -342.753609808908, -68.0364825881156, 
0.0948302518508885, -0.00805572540306698, 0.212414225855409, 
-0.125639699407587, 0.0507362615991933, 0.168320235603714, 0.271206212857669, 
-0.0374517189041971, -0.155035692908718, -0.0521497156547622, 
-0.022753722153632, 0.285904209608234, 0.197716229104844, 0.38879018686219, 
0.315300203109364, -0.0521497156547622, 0.0948302518508885, -0.0815457091558923, 
-0.346109650666063, -0.0374517189041971, 0.0360382648486282, 
-0.390203640917759, -0.140337696158153, 0.197716229104844, 0.271206212857669, 
-273.471577506153, -31.9186052397271, -53.7540597150277, -0.068940024584522, 
-0.00259405148006831, 0.0792274842913807, -0.161627025089866, 
-0.0865555811570526, 0.258180623295055, -0.0505013934329394, 
0.172079099712536, -0.00407558572236198, 0.163518243799986, 0.453597014460587, 
-0.0305812280390631, -0.224845314793922, 0.0816967080285368, 
0.330782843490713, -0.114871987547668, 0.405031212844475, -0.0801347191500383, 
0.0797213290388119, 0.0336247511598553, 0.114952442183873, -0.0417759226045793, 
0.192657724769653, -0.355726496928915, -288.867584684543, -31.8151748922231, 
-10.7420708495204, 46.8713246981527, -0.13207290309552, 0.133572442022195, 
-0.0936583501173797, 0.0390282479705255, -0.0104238354988438, 
0.0803242194515253, -0.149301402981008, 0.258912388977911, 0.280950787064172, 
0.545622146599228, -0.281277578713764, -0.22401796861094, -0.0913695887295397, 
-0.378185415255976, -0.0659608194573539, 0.0783902646598316, 
0.130862578649903, -0.188771043885741, 0.100465325642289, -0.335626137821619, 
-0.00934067039045085, -0.00195424574144852, -0.0798415502449372, 
-333.131105322414, -32.1902459944875, -3.50937878261533, 12.5105472128115, 
36.7100149615495, 0.105468531550408, -0.0163289196565963, -0.0743779624692305, 
0.10616874208099, -0.0442868132532681, 0.14586505507458, -0.0567084134011468, 
0.111337397184802, 0.205441270383676, -0.110224244778494, 0.487591828964769, 
-0.0793765462796747, 0.479426441905598, -0.225703681410317, -0.0115209159943874, 
0.174779033093848, 0.0241286688068917, 0.00353639775883807, 0.245564261049768, 
-0.191502340867816, -0.44201655452141, 0.166482574751288, -387.402030626239, 
2.24062794908613, 0.42651151503736, -10.369267458037, -0.199354352039064, 
-54.588486800918, -0.189884167062942, 0.0724851148771209, -0.455577175283228, 
-0.362800764277169, -0.279642545186345, 0.015674534417879, -0.0190595347256616, 
-0.121940906974596, -0.0156328587572266, 0.108234668225702, -0.0380955059966753, 
0.263974044488469, 0.0643289972502777, 0.120295530213675, -0.00828047266007571, 
0.0773171832839444, 0.0232910236847186, -0.568652600241546, 0.18287196672324, 
0.18044737543933, 0.161040263195789, -220.547802830437, -8.28150461356839, 
-12.875499479707, 23.6840296439762, 23.3341724624296, -11.0392959180704, 
37.3499925314624, 0.110992699038484, 0.331114679227533, -0.0949436521913684, 
0.198427379334978, -0.122088684578178, 0.240730592862662, -0.106644687924706, 
0.248903756395567, 0.10921085217704, -0.295487483546265, -0.329047535724437, 
0.117953374769253, -0.154069993295177, -0.0917472538916306, 0.208373681933222, 
0.108367784206971, -0.292705024291159, 0.376455934243474, -0.317577229714287, 
0.0574425076626934), .Dim = c(27L, 7L), .Dimnames = list(c("1", 
"2", "3", "4", "5", "6", "7", "8", "9", "10", "11", "12", "13", 
"14", "15", "16", "17", "18", "19", "20", "21", "22", "23", "24", 
"25", "26", "30"), c("x1", "x2", "x3", "x4", "x5", "x6", "x7"
)), assign = 1:7), qraux = c(1.19245008972988, 1.0066422713475, 
1.29439942593498, 1.09361073781378, 1.04916408911488, 1.04735386857399, 
1.20779620111088), pivot = 1:7, tol = 1e-07, rank = 7L), .Names = c("qr", 
"qraux", "pivot", "tol", "rank"), class = "qr"), df.residual = 20L, 
    xlevels = structure(list(), .Names = character(0)), call = quote(lm(formula = y ~ 
        . + 0, data = structure(list(y = c(43, 63, 71, 61, 81, 
        43, 58, 71, 72, 67, 64, 67, 69, 68, 77, 81, 74, 65, 65, 
        50, 50, 64, 53, 40, 63, 66, 82), x1 = c(1, 1, 1, 1, 1, 
        1, 1, 1, 1, 1, 1, 1, 1, 1, 1, 1, 1, 1, 1, 1, 1, 1, 1, 
        1, 1, 1, 1), x2 = c(51, 64, 70, 63, 78, 55, 67, 75, 82, 
        61, 53, 60, 62, 83, 77, 90, 85, 60, 70, 58, 40, 61, 66, 
        37, 54, 77, 82), x3 = c(30, 51, 68, 45, 56, 49, 42, 50, 
        72, 45, 53, 47, 57, 83, 54, 50, 64, 65, 46, 68, 33, 52, 
        52, 42, 42, 66, 39), x4 = c(39, 54, 69, 47, 66, 44, 56, 
        55, 67, 47, 58, 39, 42, 45, 72, 72, 69, 75, 57, 54, 34, 
        62, 50, 58, 48, 63, 59), x5 = c(61, 63, 76, 54, 71, 54, 
        66, 70, 71, 62, 58, 59, 55, 59, 79, 60, 79, 55, 75, 64, 
        43, 66, 63, 50, 66, 88, 64), x6 = c(83, 64, 80, 78, 80, 
        83, 63, 77, 49, 57, 63, 80, 80, 75, 68, 77, 68, 92, 75, 
        86, 83, 79, 78, 49, 86, 80, 80), x7 = c(45, 47, 48, 35, 
        47, 34, 35, 41, 31, 41, 34, 41, 25, 35, 46, 36, 63, 60, 
        46, 52, 33, 41, 37, 49, 33, 72, 39)), .Names = c("y", 
        "x1", "x2", "x3", "x4", "x5", "x6", "x7"),