
expected <- structure(list(coefficients = structure(c(3.14654079781517, 0.431131473575981, 
0.0282236395644434, 0.336715934743702, 0.313889306520915, 0.11428752932593, 
-0.381945157394374), .Names = c("x1", "x2", "x3", "x4", "x5", 
"x6", "x7")), residuals = structure(c(0.966553441418632, 0.571565093111381, 
-2.49904541058093, -6.32070368587815, -6.39211913205319, 3.6956350691583, 
-1.32736105227992, 3.81756718114673, 2.36128964870427, 11.7057340001686, 
3.28169227844607, -0.144599371076461, 3.93925228026061, -0.705605975208636, 
-1.07099823575961, 5.79198057365463, -5.8864407646734, -7.67358041985149, 
5.76589547873989, 1.03572290762242, -12.4005416383759, -4.12287083368105, 
8.78430076419677, -2.4982806585434, -1.74701868589919, -5.60099200632829, 
7.26596935599515), .Names = c("2", "3", "4", "6", "7", "8", "9", 
"10", "11", "12", "13", "14", "15", "16", "17", "18", "19", "20", 
"21", "22", "23", "24", "25", "26", "27", "28", "29")), effects = structure(c(-212.992255306821, 
-260.336481308541, 4.82833731195436, 15.4504961942754, -7.84363936469932, 
7.19423793670614, -13.3883759901599, 5.6254084067708, 0.904395345571165, 
14.377871532641, 4.27149714942997, 1.63131484581019, 3.06062129051019, 
-5.21929660885375, -2.23117698199352, 0.995849096797317, -4.1510955802918, 
-7.66127771493177, 7.09034861938806, 0.786546727668861, -10.7978562104518, 
-7.56304012771418, 11.2962907799674, -2.23347476419114, -3.44827221396077, 
-3.96042155516243, 5.31067354164873), .Names = c("x1", "x2", 
"x3", "x4", "x5", "x6", "x7", "", "", "", "", "", "", "", "", 
"", "", "", "", "", "", "", "", "", "", "", "")), rank = 7L, 
    fitted.values = structure(c(62.0334465585814, 70.4284349068886, 
    63.4990454105809, 49.3207036858781, 64.3921191320532, 67.3043649308417, 
    73.3273610522799, 63.1824328188533, 61.6387103512957, 55.2942659998314, 
    65.7183077215539, 68.1445993710765, 73.0607477197394, 81.7056059752086, 
    75.0709982357596, 59.2080194263454, 70.8864407646734, 57.6735804198515, 
    44.2341045212601, 62.9642770923776, 65.4005416383759, 44.122870833681, 
    54.2156992358032, 68.4982806585434, 79.7470186858992, 53.6009920063283, 
    77.7340306440048), .Names = c("2", "3", "4", "6", "7", "8", 
    "9", "10", "11", "12", "13", "14", "15", "16", "17", "18", 
    "19", "20", "21", "22", "23", "24", "25", "26", "27", "28", 
    "29")), assign = 1:7, qr = structure(list(qr = structure(c(-7.02529266336013, 
    -0.0115050095983932, 0.274139512716153, -0.00696495765504317, 
    0.0155916630054566, 0.0535376284442539, -0.296271687857119, 
    0.309576918449238, 0.221061952461698, 0.16516123783736, 0.376467002404444, 
    0.0413645907613282, -0.0873958372255781, 0.271164190866948, 
    0.163837358943967, 0.124933198382329, 0.204904110453072, 
    0.154889615892405, 0.289598040354849, 0.00548712234159744, 
    0.174454467746545, 0.179257232630884, -0.140111963973338, 
    0.154588374936735, 0.25097742357227, 0.0747391798426737, 
    0.160928113917552, -211.19116501582, -279.637786822991, 0.00241786392827323, 
    0.202345467857214, 0.22691974266239, 0.224678365337592, 0.534103365541784, 
    -0.0335446174713995, 0.00980901666877543, 0.0802883034660427, 
    -0.0843497505362637, 0.263183399951168, 0.346408432848628, 
    0.101390255338794, 0.17076597363393, 0.112993428568529, 0.0837381619539196, 
    0.0814869536744469, -0.0923990712155084, 0.213678338427492, 
    0.0941892978795342, -0.0134209016525809, 0.307017032499309, 
    0.149676898356576, 0.0641611418450237, 0.143072663670963, 
    0.173131170243848, -169.683072518902, -228.389857311009, 
    50.2466713126567, -0.0462308444220805, 0.290813770242045, 
    0.258710778588568, 0.010837423810317, 0.069482790966911, 
    -0.206446716853493, 0.0425056761133666, -0.166226916187727, 
    -0.260633570895815, 0.241806456402569, 0.466930307592713, 
    0.126049801472246, -0.307456468289983, 0.222877823778234, 
    -0.40704892459644, -0.0417342982522919, -0.00731165718510255, 
    0.0422706642096384, -0.248757852071964, 0.103591640341382, 
    -0.0467652195597571, 0.0589043174602273, 0.0702087879153964, 
    -0.0126647936312796, -178.233819370185, -234.977514264138, 
    16.4440136395248, 51.9698743349088, -0.0726886307691316, 
    0.0887403390331502, 0.110839141985485, 0.0543520831437534, 
    -0.173127568758741, 0.21813307945008, 0.252291678084108, 
    0.619926200464413, -0.182685174312535, -0.0932286948553182, 
    0.0264030023468819, -0.332913703270836, -0.0360859977001275, 
    0.0734444073988359, -0.000919931755903986, -0.170489833570389, 
    0.105887355519937, -0.419515592371983, -0.0455364169253075, 
    0.0768297692162129, -0.220386463764981, 0.0516584570669718, 
    0.0426261025575418, -203.326612592095, -268.154803611791, 
    12.3804881020568, 24.3677162666777, -40.0652945833086, 0.0737300027458506, 
    -0.200909332892056, 0.139545713120454, -0.0237779316796326, 
    0.158857889502385, -0.0414979378426748, -0.31698569598847, 
    0.0716315448486202, -0.538799063860378, -0.0308329968024527, 
    -0.416014491082173, 0.247588803734354, 0.0524318576028618, 
    0.0989245357656606, 0.0474938440245173, 0.0470916565039059, 
    0.00464883894663393, 0.326488411449855, 0.343443168868466, 
    0.0758036781235887, -0.0598543687510319, -0.131996896820025, 
    -238.191022873516, -294.077425362712, 33.1109331615359, 20.2664566268002, 
    -35.1270385068257, 56.0939615396588, -0.113146725367343, 
    -0.163891702257608, 0.0162690905670437, -0.167531226380227, 
    0.0454266901534388, -0.166874322278233, 0.159785412786322, 
    0.431518608382529, 0.196525480822663, -0.194952046881736, 
    -0.040994743265971, -0.11566469106576, -0.246429123481642, 
    -0.125757613576001, -0.159170973223082, 0.034448735158385, 
    -0.146684336982472, 0.327919875440776, 0.244302987659942, 
    -0.444014263165498, 0.2667086975095, -146.648872689961, -166.44050239824, 
    25.6503778928529, 31.4536189420139, -22.9012213972434, -2.05107368706839, 
    35.053137161092, 0.0362213787748165, 0.406703092356166, -0.168867799875931, 
    0.506536867904777, -0.0287170968332899, -0.0126185979166, 
    0.0888622950060379, -0.343664489049033, -0.308673181095312, 
    0.0109244674069053, -0.0565098336308428, -0.00326756792997511, 
    0.0673625098310512, 0.0836779965250596, -0.0587620645411095, 
    0.0515062742794881, -0.387741603996258, 0.272580859730351, 
    -0.239851238715917, -0.060110771535442), .Dim = c(27L, 7L
    ), .Dimnames = list(c("2", "3", "4", "6", "7", "8", "9", 
    "10", "11", "12", "13", "14", "15", "16", "17", "18", "19", 
    "20", "21", "22", "23", "24", "25", "26", "27", "28", "29"
    ), c("x1", "x2", "x3", "x4", "x5", "x6", "x7")), assign = 1:7), 
        qraux = c(1.2104634577714, 1.25967731883264, 1.11049664402562, 
        1.0921500336768, 1.08739996652536, 1.19644306685536, 
        1.13843800179337), pivot = 1:7, tol = 1e-07, rank = 7L), .Names = c("qr", 
    "qraux", "pivot", "tol", "rank"), class = "qr"), df.residual = 20L, 
    xlevels = structure(list(), .Names = character(0)), call = quote(lm(formula = y ~ 
        . + 0, data = structure(list(y = c(63, 71, 61, 43, 58, 
        71, 72, 67, 64, 67, 69, 68, 77, 81, 74, 65, 65, 50, 50, 
        64, 53, 40, 63, 66, 78, 48, 85), x1 = c(1.47856738578683, 
        -0.08082605952348, 1.92591030742191, -0.0489308659145888, 
        0.109535995721818, 0.376117508323118, -2.08139531506394, 
        2.17486845392707, 1.55302491277723, 1.16030603245028, 
        2.64479086998912, 0.290598355998453, -0.61398133406907, 
        1.90500780066356, 1.15100539577335, 0.877692282005491, 
        1.4395113438583, 1.08814488215958, 2.03451098822839, 
        0.038548640329384, 1.2255936923502, 1.25933452125599, 
        -0.98432755255087, 1.08602857628381, 1.7631898524913, 
        0.525064611814289, 1.13056709803336), x2 = c(64, 70, 
        63, 55, 67, 75, 82, 61, 53, 60, 62, 83, 77, 90, 85, 60, 
        70, 58, 40, 61, 66, 37, 54, 77, 75, 57, 85),