
expected <- structure(list(coefficients = structure(c(14.1554411194061, 0.529467157107223, 
-0.0578381151279937, 0.238922653138274, 0.177890983276827, 0.0173871960895166, 
-0.19045754412944), .Names = c("x1", "x2", "x3", "x4", "x5", 
"x6", "x7")), residuals = structure(c(1.39475276045367, 1.40829675899519, 
0.808598863952239, -12.4761961408249, -9.01120053268026, 0.885871116293501, 
-5.53227310505075, 7.37850422365451, 5.87931992948501, 10.4339273937754, 
8.76175192974617, -1.16837747433122, 1.40003461866466, -0.239037643275888, 
-1.35493686556644, 5.169280832489, -2.60892937409986, -6.65341240626723, 
5.99155351055576, 0.696613652443236, -10.5204538751951, -6.1793057559463, 
4.6631465879037, -3.26562925496483, 3.51902175577845, -7.69819177311126, 
8.31727026712352), .Names = c("2", "3", "4", "6", "7", "8", "9", 
"10", "11", "12", "13", "14", "15", "16", "17", "18", "19", "20", 
"21", "22", "23", "24", "25", "26", "27", "28", "29")), effects = structure(c(-333.516005501874, 
-45.8271796854879, -2.82732660593055, 9.77007444774788, -2.39921901489119, 
-1.11967618722349, -7.3835980170886, 8.63663732876403, 5.59725419624871, 
13.0997084416769, 11.8646089509402, 2.65828649340384, 0.15570108201668, 
-7.59134020404164, -3.71622708521589, -3.47387782939949, 0.0669259939244788, 
-5.34360779012819, 7.2039035675154, 0.574990633875003, -8.95643295132451, 
-11.0339895351235, 8.85711811500441, -0.909428502877907, 2.01333952720427, 
-8.62693718849839, 6.29074109476337), .Names = c("x1", "x2", 
"x3", "x4", "x5", "x6", "x7", "", "", "", "", "", "", "", "", 
"", "", "", "", "", "", "", "", "", "", "", "")), rank = 7L, 
    fitted.values = structure(c(61.6052472395463, 69.5917032410048, 
    60.1914011360478, 55.4761961408249, 67.0112005326803, 70.1141288837065, 
    77.5322731050507, 59.6214957763455, 58.120680070515, 56.5660726062246, 
    60.2382480702538, 69.1683774743312, 75.5999653813353, 81.2390376432759, 
    75.3549368655664, 59.830719167511, 67.6089293740999, 56.6534124062672, 
    44.0084464894442, 63.3033863475568, 63.5204538751951, 46.1793057559463, 
    58.3368534120963, 69.2656292549648, 74.4809782442216, 55.6981917731113, 
    76.6827297328765), .Names = c("2", "3", "4", "6", "7", "8", 
    "9", "10", "11", "12", "13", "14", "15", "16", "17", "18", 
    "19", "20", "21", "22", "23", "24", "25", "26", "27", "28", 
    "29")), assign = 1:7, qr = structure(list(qr = structure(c(-5.19615242270663, 
    0.192450089729875, 0.192450089729875, 0.192450089729875, 
    0.192450089729875, 0.192450089729875, 0.192450089729875, 
    0.192450089729875, 0.192450089729875, 0.192450089729875, 
    0.192450089729875, 0.192450089729875, 0.192450089729875, 
    0.192450089729875, 0.192450089729875, 0.192450089729875, 
    0.192450089729875, 0.192450089729875, 0.192450089729875, 
    0.192450089729875, 0.192450089729875, 0.192450089729875, 
    0.192450089729875, 0.192450089729875, 0.192450089729875, 
    0.192450089729875, 0.192450089729875, -343.908310347287, 
    -67.2761032913922, -0.0421028710864252, -0.16101582247051, 
    0.0173536046056173, 0.136266555989702, 0.240315388450777, 
    -0.0718311089324464, -0.190744060316531, -0.0866952278554571, 
    -0.0569669900094358, 0.255179507373787, 0.165994793835724, 
    0.359228339834862, 0.284907745219808, -0.0866952278554571, 
    0.0619459613746492, -0.116423465701478, -0.38397760631567, 
    -0.0718311089324464, 0.00248948568260667, -0.428569963084701, 
    -0.175879941393521, 0.165994793835724, 0.136266555989702, 
    -0.131287584624489, 0.284907745219808, -282.709181813187, 
    -36.8030079304512, 46.9047665572452, -0.0611248653510839, 
    0.270548232368535, 0.221612896213294, -0.141002445516607, 
    0.115371580928528, -0.176809800349899, 0.0575291134291201, 
    -0.125263079326525, -0.360317310932056, 0.166739472495275, 
    0.44965606351628, 0.0751645466608243, -0.326227193683757, 
    0.230877686470715, -0.420592333842968, 0.0519486847795985, 
    -0.0338669829487023, 0.0421474061522932, -0.185538102237438, 
    0.0729108207059471, -0.0890980655799771, 0.0510545374964592, 
    0.0758798644873358, -0.0740740172164058, -293.87128701752, 
    -33.9678148766177, 8.65095721368538, 48.6211390082697, -0.0587193222030677, 
    0.083686816614506, 0.0349793870888135, 0.0898999650193316, 
    -0.160589001185979, 0.257505525574979, 0.275058221743037, 
    0.563680488069739, -0.22329697497344, -0.128997021398142, 
    -0.0275578357153437, -0.373125503892762, -0.0274975862114396, 
    0.0588222318240993, 0.0923399585590692, -0.175912621133539, 
    0.116546382071625, -0.373770335132734, -0.0128790470077565, 
    0.0349994702567816, -0.258295198339626, 0.0884128033691762, 
    -0.0259970064122555, -335.440506399173, -38.1446322939837, 
    2.79399501774129, 16.9433736810265, -36.479711813135, 0.0812892749230983, 
    -0.14581047142189, 0.10452663123928, -0.0541116618666219, 
    0.109140947644488, -0.0786925208474974, -0.290045866391337, 
    0.12291073052868, -0.524479386135571, 0.0426281205645648, 
    -0.415376334890659, 0.261294415036636, 0.0586875518273713, 
    -0.0303869572671198, 0.0426394687616735, 0.0300517964425614, 
    -0.0754831700613124, 0.285770154765615, 0.429640743106909, 
    0.140429171622168, -0.131763752497732, -0.0511357064154046, 
    -388.171830985158, -5.10554958859261, 14.9528444279751, 4.82637117502576, 
    11.3722951697322, -36.5424750173574, -0.0464419933012137, 
    0.121667272198004, -0.10810727837787, 0.144051333141378, 
    0.227647347318284, -0.366861317945856, 0.0521883338602945, 
    0.11512864670274, 0.0305875885420907, -0.0652721198033689, 
    -0.578270909807823, -0.167694135145444, -0.178927344952884, 
    -0.299204313756852, 0.0465634590409375, 0.240275103391133, 
    -0.211634362334529, -0.305454696995694, 0.129595125535738, 
    0.100654210463117, 0.0693084197652929, -222.664753817466, 
    -13.9386898893224, 15.4279398067065, 25.9617311116737, -20.437418117989, 
    2.54285022267895, 38.7676846870951, -0.063076295966448, 0.361743959514796, 
    -0.169384669380032, 0.266016878165144, -0.0124141532663986, 
    0.141179971338437, 0.022121156553973, -0.378040367447265, 
    -0.153650263011053, -0.0186559766576333, -0.069307780160161, 
    -0.00467629690786013, 0.214067048651182, 0.0658430050552182, 
    0.0194239768962317, 0.277819703778209, -0.47138593219445, 
    0.142096389573168, -0.0772745179853798, -0.130957972112868
    ), .Dim = c(27L, 7L), .Dimnames = list(c("2", "3", "4", "6", 
    "7", "8", "9", "10", "11", "12", "13", "14", "15", "16", 
    "17", "18", "19", "20", "21", "22", "23", "24", "25", "26", 
    "27", "28", "29"), c("x1", "x2", "x3", "x4", "x5", "x6", 
    "x7")), assign = 1:7), qraux = c(1.19245008972988, 1.06194596137465, 
    1.14577733656893, 1.12121545183186, 1.06702475408641, 1.17099375045367, 
    1.42449545770896), pivot = 1:7, tol = 1e-07, rank = 7L), .Names = c("qr", 
    "qraux", "pivot", "tol", "rank"), class = "qr"), df.residual = 20L, 
    xlevels = structure(list(), .Names = character(0)), call = quote(lm(formula = y ~ 
        . + 0, data = structure(list(y = c(63, 71, 61, 43, 58, 
        71, 72, 67, 64, 67, 69, 68, 77, 81, 74, 65, 65, 50, 50, 
        64, 53, 40, 63, 66, 78, 48, 85), x1 = c(1, 1, 1, 1, 1, 
        1, 1, 1, 1, 1, 1, 1, 1, 1, 1, 1, 1, 1, 1, 1, 1, 1, 1, 
        1, 1, 1, 1), x2 = c(64, 70, 63, 55, 67, 75, 82, 61, 53, 
        60, 62, 83, 77, 90, 85, 60, 70, 58, 40, 61, 66, 37, 54, 
        77, 75, 57, 85), x3 = c(51, 68, 45, 49, 42, 50, 72, 45, 
        53, 47, 57, 83, 54, 50, 64, 65, 46, 68, 33, 52, 52, 42, 
        42, 66, 58, 44, 71), x4 = c(54, 69, 47, 44, 56, 55, 67, 
        47, 58, 39, 42, 45, 72, 72, 69, 75, 57, 54, 34, 62, 50, 
        58, 48, 63, 74, 45, 71), x5 = c(63, 76, 54, 54, 66, 70, 
        71, 62, 58, 59, 55, 59, 79, 60, 79, 55, 75, 64, 43, 66, 
        63, 50, 66, 88, 80, 51, 77), x6 = c(78, 83, 64, 80, 78, 
        78, 80, 76, 73, 78, 86, 74, 75, 75, 78, 80, 49, 77, 63, 
        64, 76, 83, 63, 67, 80, 76, 83),