
expected <- structure(list(coefficients = structure(c(29.8592221001521, 0.577717860953383, 
0.0602343380642437, -0.0801747692823172, 0.23586810582266, -0.160798325915309, 
-0.110221491632551), .Names = c("x1", "x2", "x3", "x4", "x5", 
"x6", "x7")), residuals = structure(c(-8.27461741840117, -0.83738074660923, 
3.32996330977936, 7.85303776803548, -9.14110620998546, -2.16916300458169, 
-4.18075771886883, 6.59870445632944, 6.7020388465118, 4.87457354035485, 
4.21161156483572, -8.95855971111193, 1.34874370356472, -1.75868492262548, 
-1.87386363023969, 8.83946740772747, -1.08938060975344, 3.48054045604657, 
0.309397203813485, -11.628803595087, -7.38380816038657, 4.91576943480911, 
-8.18842546343278, 6.32495369308591, -5.92093901709586, 5.3257498816964, 
7.29093894158881), .Names = c("1", "2", "3", "5", "7", "8", "9", 
"10", "11", "12", "13", "14", "15", "16", "17", "18", "19", "21", 
"22", "23", "24", "25", "26", "27", "28", "29", "30")), effects = structure(c(-343.523410167827, 
49.3571362451374, -0.900494662017867, -5.55437369867597, -3.73640569598211, 
-6.64173033877468, -4.6272166423082, 8.38508435190971, 8.39114653844887, 
3.54524929369619, 3.88354418222, -14.0111219437777, 2.85507198857728, 
-2.58220683234205, 0.315304287125985, 6.71418766328267, 4.12961136631234, 
4.03510451411244, -0.275799198094342, -10.6507520169779, -8.86796948487587, 
9.45795190312574, -6.33124567704463, 10.6892299131756, -4.28066278404793, 
4.21896880412165, 8.08078100158483), .Names = c("x1", "x2", "x3", 
"x4", "x5", "x6", "x7", "", "", "", "", "", "", "", "", "", "", 
"", "", "", "", "", "", "", "", "", "")), rank = 7L, fitted.values = structure(c(51.2746174184012, 
63.8373807466092, 67.6700366902206, 73.1469622319645, 67.1411062099855, 
73.1691630045817, 76.1807577188688, 60.4012955436706, 57.2979611534882, 
62.1254264596452, 64.7883884351643, 76.9585597111119, 75.6512562964353, 
82.7586849226255, 75.8738636302397, 56.1605325922725, 66.0893806097534, 
46.5194595439534, 63.6906027961865, 64.628803595087, 47.3838081603866, 
58.0842305651909, 74.1884254634328, 71.6750463069141, 53.9209390170959, 
79.6742501183036, 74.7090610584112), .Names = c("1", "2", "3", 
"5", "7", "8", "9", "10", "11", "12", "13", "14", "15", "16", 
"17", "18", "19", "21", "22", "23", "24", "25", "26", "27", "28", 
"29", "30")), assign = 1:7, qr = structure(list(qr = structure(c(-5.19615242270663, 
0.192450089729875, 0.192450089729875, 0.192450089729875, 0.192450089729875, 
0.192450089729875, 0.192450089729875, 0.192450089729875, 0.192450089729875, 
0.192450089729875, 0.192450089729875, 0.192450089729875, 0.192450089729875, 
0.192450089729875, 0.192450089729875, 0.192450089729875, 0.192450089729875, 
0.192450089729875, 0.192450089729875, 0.192450089729875, 0.192450089729875, 
0.192450089729875, 0.192450089729875, 0.192450089729875, 0.192450089729875, 
0.192450089729875, 0.192450089729875, -350.644063487833, 69.9910047130397, 
-0.0739876890014511, -0.188288091357435, -0.0311250381179571, 
-0.145425440473941, -0.245438292535427, 0.0546002636490308, 0.168900666005015, 
0.0688878139435288, 0.0403127133545328, -0.259725842829925, -0.174000541062937, 
-0.359738694891411, -0.288300943418921, 0.0688878139435288, -0.0739876890014511, 
0.354638819833489, 0.0546002636490308, -0.0168374878234591, 0.397501470716983, 
0.154613115710517, -0.174000541062937, -0.145425440473941, 0.111750464827023, 
-0.288300943418921, -0.245438292535427, -275.588528493181, 38.4409186516115, 
-50.5891167760729, -0.00316766421737167, -0.167031203886066, 
-0.0909859330561284, 0.272060140307717, -0.0461612801759294, 
0.194067007807626, 0.00363435324785844, 0.18078245036209, 0.479236773419893, 
-0.0324404204969572, -0.244907511637645, 0.0831390451846672, 
0.359442106913039, -0.118747129898996, -0.0678762392719259, 0.092208401804974, 
0.0409012089444684, 0.140811953276968, -0.0336325024487515, 0.204764748613163, 
0.0671508463506184, -0.0248826233133682, 0.221508727165571, -0.380254074745113, 
-291.561885940761, -7.03582476724612, -13.1125526335999, 64.9709535095672, 
-0.0961462438081471, -0.0130187194835792, -0.0883890743100343, 
-0.0426491884347319, -0.137025210510273, 0.342143700235983, 0.0725587051493391, 
0.32861793937837, 0.250697056582218, 0.0908629134624707, -0.254382165934729, 
-0.134179597419295, -0.312902315505738, -0.044971534283398, 0.36896188304775, 
0.0290627554290845, 0.219401264782898, -0.17591599678329, 0.0152361561035066, 
-0.257211115549911, -0.296993109388207, 0.203403385649206, 0.143558081093337, 
-340.05930855269, 35.7220507474215, -2.99208838484361, 9.9393160287614, 
-38.8182838497917, 0.0147600888828882, -0.153727958270727, -0.0173830071030866, 
-0.0868925404068818, -0.00560429630879128, -0.236584593707059, 
-0.429296633496904, 0.265554285087713, -0.389081727948335, 0.0167224447031773, 
-0.296210884425993, 0.15040008476981, -0.216368696315966, 0.147156968745602, 
-0.0632299241736048, 0.0172966065400811, 0.148183149462635, 0.390852074842172, 
0.181690701246942, -0.308349888201095, 0.0370966266800927, -0.13464303011775, 
-391.058582331106, 6.68128185253085, -3.59575616558608, 12.1759180964134, 
-14.6693935141511, 40.6469200312433, -0.00151003981696956, -0.0689920864739503, 
0.276292416899935, 0.0136381105089112, 0.350989106613628, 0.0803043358132397, 
0.051147443335012, 0.578068369118827, 0.122686191637904, -0.00760305301238707, 
-0.0992022750824326, 0.21182139859022, -0.0987438056846757, -0.0502254256501072, 
0.392340122100655, 0.0732195470823074, 0.182934245850284, 0.123995187799671, 
-0.141842128686651, 0.189914774779815, -0.0513271981058934, -224.589254714764, 
11.8745418003161, -11.0954592247823, 6.6397476449111, -27.7693163316099, 
0.959646277424012, 41.9810744145444, 0.0370103958081125, 0.196780567185949, 
0.0120950224849275, 0.336510264515096, 0.141887459382679, 0.0669830921199174, 
-0.0530898475302573, -0.362292969981994, -0.438300284327705, 
0.0311050088661593, 0.0470051836173271, 0.117843695685247, 0.140055818156894, 
-0.211118452271334, 0.292689006831936, -0.415798951690602, 0.017989883070595, 
-0.00810648568424648, -0.171288142254449, -0.0212905870070941
), .Dim = c(27L, 7L), .Dimnames = list(c("1", "2", "3", "5", 
"7", "8", "9", "10", "11", "12", "13", "14", "15", "16", "17", 
"18", "19", "21", "22", "23", "24", "25", "26", "27", "28", "29", 
"30"), c("x1", "x2", "x3", "x4", "x5", "x6", "x7")), assign = 1:7), 
    qraux = c(1.19245008972988, 1.01173761276554, 1.31612901346956, 
    1.21324851757645, 1.01913816496601, 1.32132246541505, 1.35458830915386
    ), pivot = 1:7, tol = 1e-07, rank = 7L), .Names = c("qr", 
"qraux", "pivot", "tol", "rank"), class = "qr"), df.residual = 20L, 
    xlevels = structure(list(), .Names = character(0)), call = quote(lm(formula = y ~ 
        . + 0, data = structure(list(y = c(43, 63, 71, 81, 58, 
        71, 72, 67, 64, 67, 69, 68, 77, 81, 74, 65, 65, 50, 64, 
        53, 40, 63, 66, 78, 48, 85, 82), x1 = c(1, 1, 1, 1, 1, 
        1, 1, 1, 1, 1, 1, 1, 1, 1, 1, 1, 1, 1, 1, 1, 1, 1, 1, 
        1, 1, 1, 1), x2 = c(51, 64, 70, 78, 67, 75, 82, 61, 53, 
        60, 62, 83, 77, 90, 85, 60, 70, 40, 61, 66, 37, 54, 77, 
        75, 57, 85, 82), x3 = c(30, 51, 68, 56, 42, 50, 72, 45, 
        53, 47, 57, 83, 54, 50, 64, 65, 46, 33, 52, 52, 42, 42, 
        66, 58, 44, 71, 39), x4 = c(56, 50, 69, 42, 59, 55, 67, 
        58, 69, 34, 55, 44, 39, 45, 74, 72, 74, 58, 34, 55, 45, 
        67, 59, 74, 75, 47, 39), x5 = c(61, 63, 76, 71, 66, 70, 
        71, 62, 58, 59, 55, 59, 79, 60, 79, 55, 75, 43, 66, 63, 
        50, 66, 88, 80, 51, 77, 64), x6 = c(92, 73, 86, 83, 68, 
        66, 83, 80, 67, 74, 63, 77, 77, 54, 79, 80, 85, 64, 80, 
        80, 57, 75, 76, 78, 83, 74, 78), x7 = c(45, 47, 48, 47, 
        35, 41, 31, 41, 34, 41, 25, 35, 46, 36, 63, 60, 46, 33, 
        41, 37, 49, 33, 72, 49, 38, 55, 39)), .Names = c("y", 
        "x1", "x2", "x3", "x4", "x5", "x6", "x7"),