
expected <- structure(list(coefficients = structure(c(-1.54936357021686, 
0.283229132752141, 0.0887550284861477, 0.0362128358273662, 0.0230759711970604, 
0.37987379809345, 0.217237749034492), .Names = c("x1", "x2", 
"x3", "x4", "x5", "x6", "x7")), residuals = structure(c(4.79256910607281, 
2.77558324568219, -4.98609397412618, -22.4814455606207, -5.03349311995057, 
5.72402717093551, 3.4889425063452, 0.850282348140838, 5.94683897466816, 
-0.171856651498778, 6.0253893657609, 1.73933918180925, 8.96243471524453, 
12.9590880978388, 12.3582468406193, -2.85777871990253, 5.03136211073035, 
-7.89853390532842, -11.9427477181905, 2.40134930666915, -17.2531325880555, 
-23.9393777694257, 2.52647407410592, 4.86579372157124, 5.1256434376317, 
-10.9323808648371, 22.4456161511579), .Names = c("2", "3", "4", 
"6", "7", "8", "9", "10", "11", "12", "13", "14", "15", "16", 
"17", "18", "19", "20", "21", "22", "23", "24", "25", "26", "27", 
"28", "29")), effects = structure(c(-271.595065389796, -186.416034302092, 
35.6280984161818, 21.0559280940204, -22.0603432777988, -27.6772291596546, 
-10.2195486731272, 1.36338755414137, 0.920046704479931, 7.32728081944458, 
2.95834979320095, 4.93087986654101, 14.0907790074, 17.0635401554483, 
4.99307563731537, -5.35901585996362, 1.32665665872286, -12.9192410815583, 
-11.3713094399873, 11.5185802364255, -16.20850064688, -26.5664384601986, 
5.57080413493479, 3.47919119307203, -1.74782762776065, -19.2494648627232, 
21.2988343235347), .Names = c("x1", "x2", "x3", "x4", "x5", "x6", 
"x7", "", "", "", "", "", "", "", "", "", "", "", "", "", "", 
"", "", "", "", "", "")), rank = 7L, fitted.values = structure(c(58.2074308939272, 
68.2244167543178, 65.9860939741262, 65.4814455606207, 63.0334931199506, 
65.2759728290645, 68.5110574936548, 66.1497176518592, 58.0531610253318, 
67.1718566514988, 62.9746106342391, 66.2606608181907, 68.0375652847555, 
68.0409119021612, 61.6417531593807, 67.8577787199025, 59.9686378892696, 
57.8985339053284, 61.9427477181905, 61.5986506933309, 70.2531325880555, 
63.9393777694257, 60.4735259258941, 61.1342062784288, 72.8743565623683, 
58.9323808648371, 62.5543838488421), .Names = c("2", "3", "4", 
"6", "7", "8", "9", "10", "11", "12", "13", "14", "15", "16", 
"17", "18", "19", "20", "21", "22", "23", "24", "25", "26", "27", 
"28", "29")), assign = 1:7, qr = structure(list(qr = structure(c(-7.45669062301999, 
0.107920406570106, 0.10774360216782, 0.331943039009816, 0.07982150603713, 
0.272410665785251, 0.128153900325848, 0.153078903569226, 0.167851777869521, 
0.0453901170590553, 0.301049335869537, 0.310801312765217, 0.112507595792561, 
0.172300778063156, -0.0213132169635988, 0.128674709362303, 0.167786459369031, 
0.115668559244234, 0.180167387770011, -0.0852135592641451, -0.0309025692768071, 
0.146762493936967, 0.3904263664951, 0.183349263410472, 0.101588499436459, 
0.267955475800857, 0.217058605356224, -306.030430193449, -212.892873989743, 
0.248770594212738, -0.101958316882596, 0.203221311480415, 0.00467971844704363, 
0.149804469525198, 0.0680184055696746, 0.0520815411998777, 0.288891055893626, 
-0.162145789750877, -0.0348509541204197, 0.195144489055012, 0.182086129501345, 
0.278720806829445, 0.186654612410531, 0.150813934821275, 0.0263274696237653, 
0.171098415621251, 0.471312185275076, 0.404847521346222, 0.0345660894554808, 
-0.146067518901633, 0.0727101582931049, 0.257367754900123, -0.0830414414787401, 
-0.0495286491498466, -236.764063932066, -141.221221251253, 68.5736443444364, 
-0.0821156726221235, 0.0978723367672684, 0.149395661443706, 0.0585591852143998, 
-0.374951634086102, 0.117488121108347, 0.188075899670745, -0.0672222311672784, 
0.314279132389739, -0.19132528680054, 0.0502634977328442, -0.0885562394614408, 
0.104885652658959, 0.237277507062029, -0.366680714889439, 0.356474678838653, 
0.232304677949315, -0.0807815942693695, -0.0387791368371638, 
-0.254745248274606, 0.0583562478289611, 0.198385450495046, -0.119528966060391, 
-0.121921628961508, -249.996713342588, -152.834604836924, 37.5548457347664, 
75.0523846661984, -0.110317521519963, 0.0929505467741702, -0.161466731016297, 
0.0689034867929574, -0.310896524199033, 0.261022354350506, -0.08653681952626, 
0.192564164580294, 0.38838565548015, 0.353622685660499, -0.375264081384253, 
-0.165326695555591, -0.211976534023796, -0.165851938949322, 0.0286100246476097, 
0.228984139341639, 0.130618759493028, -0.0221846564689863, 0.175432287670045, 
-0.0505367139270203, -0.165534462784031, -0.25446895355622, 0.0301105016474761, 
-272.406876202169, -172.923620214599, 28.689682986077, 20.5193543575723, 
-72.0609017190345, -0.222287460378023, 0.100993681174796, 0.0830933422097938, 
0.172468156169656, 0.389812290810879, 0.128751012447809, -0.0324732379811696, 
-0.117443528671708, -0.272916035110651, 0.151685563686451, 0.0996704661704006, 
-0.205251882524102, 0.0991755123028542, -0.145424136780053, 0.49363180816201, 
-0.0763881136844616, 0.0891564169704407, -0.177979280680254, 
-0.0278364141716896, -0.366926586135501, -0.258545800195509, 
0.104280594982284, -320.179153918623, -201.187738154979, 56.1017907922388, 
34.8546058006118, -43.2987675258011, -56.4514452177523, -0.0276020544552172, 
-0.23190346847997, -0.0971324124880786, 0.0885079621990723, 0.180421752198661, 
0.163668043750584, 0.0761451992622733, 0.147675640067585, -0.0528688903909282, 
-0.123414718506648, -0.406276907790816, -0.00469573965987522, 
-0.054595115610501, -0.167290335709307, 0.0193739866233764, 0.362665352128138, 
-0.589328134291977, -0.0995811689836094, 0.227815478477964, 0.0156451591942645, 
0.215403520661747, -177.182102798048, -127.204280493851, 28.578055964666, 
21.2864150615499, -18.1800848612075, -28.6911657141737, -47.0431530364667, 
0.351845405716281, -0.159193129354415, 0.0753970545282577, 0.206408319801313, 
0.201855053352491, 0.181557346661656, -0.223348580564277, -0.171351536181587, 
-0.262931418405605, 0.317047158648386, 0.209900840420561, -0.220266571232632, 
-0.0353835280050377, -0.0263087668012287, 0.434021141235701, 
-0.210824147360419, 0.139743542214956, -0.0451698273597151, -0.242326748355074, 
0.237752326090708), .Dim = c(27L, 7L), .Dimnames = list(c("2", 
"3", "4", "6", "7", "8", "9", "10", "11", "12", "13", "14", "15", 
"16", "17", "18", "19", "20", "21", "22", "23", "24", "25", "26", 
"27", "28", "29"), c("x1", "x2", "x3", "x4", "x5", "x6", "x7"
)), assign = 1:7), qraux = c(1.22421254573778, 1.14048808610873, 
1.30044285474739, 1.15913477923752, 1.19380228799426, 1.19874667425222, 
1.12573349196951), pivot = 1:7, tol = 1e-07, rank = 7L), .Names = c("qr", 
"qraux", "pivot", "tol", "rank"), class = "qr"), df.residual = 20L, 
    xlevels = structure(list(), .Names = character(0)), call = quote(lm(formula = y ~ 
        . + 0, data = structure(list(y = c(63, 71, 61, 43, 58, 
        71, 72, 67, 64, 67, 69, 68, 77, 81, 74, 65, 65, 50, 50, 
        64, 53, 40, 63, 66, 78, 48, 85), x1 = c(1.67188358736638, 
        0.804729083703814, 0.803410707975183, 2.47519654636125, 
        0.595204275582401, 2.03128205717151, 0.955603986863188, 
        1.14146202482683, 1.25161877809689, 0.338460060252037, 
        2.24483175984477, 2.3175492345187, 0.838934334564916, 
        1.28479359612258, -0.158926065078858, 0.959487498721707, 
        1.25113171824678, 0.862504661094714, 1.34345247095865, 
        -0.635411148319109, -0.230430898553593, 1.09436251235081, 
        2.91128862602378, 1.36717873321049, 0.757514011154519, 
        1.99806108379111, 1.61853886720555), x2 = c(58, 62, 85, 
        77, 67, 82, 70, 60, 61, 75, 55, 85, 75, 90, 53, 78, 82, 
        40, 90, 75, 77, 51, 85, 70, 85, 62, 54), x3 = c(44, 71, 
        45, 65, 45, 53, 50, 72, 39, 45, 47, 44, 71, 66, 47, 53, 
        47, 56, 45, 42, 65, 42, 83, 50, 52, 56, 50), x4 = c(50, 
        69, 58, 55, 59, 55, 67, 58, 69, 34, 55, 44, 39, 45, 74, 
        72, 74, 59, 58, 34, 55, 45, 67, 59, 74, 75, 47),