
expected <- structure(list(coefficients = structure(c(-3.6333945349913, 0.158337475235893, 
0.136057219390462, 0.41665423058087, 0.58968531143372, 0.0386735117904302, 
-0.326615041603649), .Names = c("x1", "x2", "x3", "x4", "x5", 
"x6", "x7")), residuals = structure(c(-7.23748838736289, 3.38914030537467, 
-5.64904544423011, 1.80933007837935, 11.7131481587291, -13.1912784344913, 
-8.13975933298875, -8.11467427723952, 9.16466876459056, 0.909868605626326, 
11.8518230469619, 11.9663468758038, 1.79475222806795, -3.12681865396745, 
7.86970936744008, 2.72110498274137, 0.260614336776248, -8.22373553238474, 
3.67361291080898, -5.77134860412901, -11.6255770197438, -10.0066839952909, 
-3.58054470832818, -4.73624444346317, -3.79196773974035, 10.5368763596009, 
15.5341705524588), .Names = c("1", "2", "3", "4", "5", "6", "7", 
"9", "10", "11", "12", "13", "14", "15", "16", "17", "18", "20", 
"21", "22", "23", "24", "25", "27", "28", "29", "30")), effects = structure(c(-334.285805860793, 
8.91566462356609, -30.4480048585005, 30.8171496057662, 20.8324169649021, 
-1.36999486902895, -10.7206593888567, -4.62102541081129, 10.2542690256825, 
1.41060863354934, 14.7129924240782, 14.8541318597397, 4.67426905157176, 
2.87498924702223, 10.7953389794195, 5.71100922599408, -7.13204993626164, 
-9.28486460349674, 3.24036976450129, -4.20659462038133, -9.02275981408059, 
-13.8881696338816, 2.4250349739413, 1.56464890600968, -7.5486163839306, 
14.0681707758595, 17.2414637923857), .Names = c("x1", "x2", "x3", 
"x4", "x5", "x6", "x7", "", "", "", "", "", "", "", "", "", "", 
"", "", "", "", "", "", "", "", "", "")), rank = 7L, fitted.values = structure(c(50.2374883873629, 
59.6108596946253, 76.6490454442301, 59.1906699216206, 69.2868518412709, 
56.1912784344913, 66.1397593329887, 80.1146742772395, 57.8353312354094, 
63.0901313943737, 55.1481769530381, 57.0336531241962, 66.2052477719321, 
80.1268186539674, 73.1302906325599, 71.2788950172586, 64.7393856632238, 
58.2237355323847, 46.326387089191, 69.771348604129, 64.6255770197438, 
50.0066839952909, 66.5805447083282, 82.7362444434632, 51.7919677397403, 
74.4631236403991, 66.4658294475412), .Names = c("1", "2", "3", 
"4", "5", "6", "7", "9", "10", "11", "12", "13", "14", "15", 
"16", "17", "18", "20", "21", "22", "23", "24", "25", "27", "28", 
"29", "30")), assign = 1:7, qr = structure(list(qr = structure(c(-5.19615242270663, 
0.192450089729875, 0.192450089729875, 0.192450089729875, 0.192450089729875, 
0.192450089729875, 0.192450089729875, 0.192450089729875, 0.192450089729875, 
0.192450089729875, 0.192450089729875, 0.192450089729875, 0.192450089729875, 
0.192450089729875, 0.192450089729875, 0.192450089729875, 0.192450089729875, 
0.192450089729875, 0.192450089729875, 0.192450089729875, 0.192450089729875, 
0.192450089729875, 0.192450089729875, 0.192450089729875, 0.192450089729875, 
0.192450089729875, 0.192450089729875, -356.610016269459, 70.8116960416589, 
0.0625593996351881, -0.262245700167378, 0.21790096910598, -0.149270013279529, 
-0.0080504046697176, -0.050416287252661, 0.0908033213571503, 
0.0766813604961692, -0.121026091557567, 0.161413125662056, -0.262245700167378, 
-0.121026091557567, -0.332855504472284, 0.189657047384018, -0.16339197414051, 
0.373242538576773, -0.332855504472284, -0.121026091557567, -0.149270013279529, 
0.21790096910598, -0.262245700167378, -0.262245700167378, 0.0625593996351881, 
0.175535086523037, -0.149270013279529, -275.588528493181, -9.66831283389762, 
-63.4151928949905, -0.0261674868522995, 0.0705035713929231, 0.0188408917849607, 
-0.11412773684473, 0.365720513722746, -0.0826299514507222, 0.0457812817507256, 
-0.0172142890372909, 0.0953066575558596, 0.573058002580877, 0.0931693537530311, 
0.0639704652033293, 0.201173303178308, 0.273404859603919, 0.234889188895883, 
-0.204104095858881, 0.0616311700986534, 0.0661481672665272, -0.150263714187721, 
-0.0734747623338661, 0.178830706901156, -0.0938820461100372, 
0.313815444552567, -0.138850026486928, -291.754336030491, -3.904983695855, 
-30.4516498288788, 54.8165625741149, -0.168264800064351, 0.172376850528666, 
-0.122638905912766, -0.014206619533558, 0.0693310250331088, -0.0488255747121289, 
0.242213041843652, 0.281531545583052, 0.506417955685771, -0.287970670945836, 
-0.322593477634932, -0.140052137357676, -0.228548272993385, 0.169066532655583, 
0.196197658282313, -0.126065232103318, 0.0937026464818555, -0.165971746105829, 
0.0310058433874908, -0.279133942050854, 0.096411699344596, -0.104285371363002, 
-0.203868957936838, -328.319853079167, -8.98365924993377, -21.1772278138005, 
25.964719854561, 34.5358695496684, 0.0870567948246791, -0.0755652158119583, 
0.0426516379527253, -0.076821124032053, 0.234838931054713, -0.138374158994282, 
0.0964432164523583, 0.0519377682950772, -0.178967712919968, 0.328428292946541, 
-0.149792129201924, 0.592461508001372, 0.0888274262192099, 0.171659078169133, 
0.0346582192180462, -0.0700453649397096, 0.450798580740796, -0.236415707510027, 
-0.183606869193179, 0.203213006050298, -0.0399711336546608, -0.000338264572004408, 
-387.979380895428, -8.61910344548547, -7.30110756962203, 1.9582604014541, 
21.7099695773755, 45.3127721641741, 0.190759003629031, -0.0456866691834322, 
-0.0340368289964615, 0.157045860808034, 0.141984053263014, 0.356187619547306, 
0.183967435079855, 0.0567524890541448, 0.347919657250682, 0.0740096188582867, 
-0.241908369661373, 0.0692530647525527, 0.175383423646484, -0.0772562936592274, 
-0.0133986292330736, 0.243074640535403, 0.104079136339287, 0.0488468935692842, 
-0.205575810738016, 0.177192664575888, -0.0856069778322032, -217.276151305029, 
-19.2178965894455, -11.1389797413158, 22.6846558588115, 1.14042142309231, 
9.559874775658, 32.8235323646433, 0.45805054333879, 0.0421323687571094, 
0.281700068775171, -0.213845547416708, 0.388500061640238, -0.127055602371885, 
0.0588415793378519, 0.09282814831688, -0.3264211729044, -0.442429408971427, 
-0.109796967411048, -0.205267440666228, 0.0796138592271483, 0.0405886900514324, 
-0.130181418024489, 0.0854495979966166, -0.0965877246288401, 
0.078795625520818, -0.114444685945453, 0.109190504653944), .Dim = c(27L, 
7L), .Dimnames = list(c("1", "2", "3", "4", "5", "6", "7", "9", 
"10", "11", "12", "13", "14", "15", "16", "17", "18", "20", "21", 
"22", "23", "24", "25", "27", "28", "29", "30"), c("x1", "x2", 
"x3", "x4", "x5", "x6", "x7")), assign = 1:7), qraux = c(1.19245008972988, 
1.11904724307911, 1.2845761577425, 1.08003027039832, 1.01306309278251, 
1.60956405073396, 1.23430215567825), pivot = 1:7, tol = 1e-07, 
    rank = 7L), .Names = c("qr", "qraux", "pivot", "tol", "rank"
), class = "qr"), df.residual = 20L, xlevels = structure(list(), .Names = character(0)), 
    call = quote(lm(formula = y ~ . + 0, data = structure(list(y = c(43, 
        63, 71, 61, 81, 43, 58, 72, 67, 64, 67, 69, 68, 77, 81, 
        74, 65, 50, 50, 64, 53, 40, 63, 78, 48, 85, 82), x1 = c(1, 
        1, 1, 1, 1, 1, 1, 1, 1, 1, 1, 1, 1, 1, 1, 1, 1, 1, 1, 
        1, 1, 1, 1, 1, 1, 1, 1), x2 = c(55, 58, 62, 85, 51, 77, 
        67, 70, 60, 61, 75, 55, 85, 75, 90, 53, 78, 40, 90, 75, 
        77, 51, 85, 85, 62, 54, 77), x3 = c(30, 51, 68, 45, 56, 
        49, 42, 72, 45, 53, 47, 57, 83, 54, 50, 64, 65, 68, 33, 
        52, 52, 42, 42, 58, 44, 71, 39), x4 = c(39, 54, 69, 47, 
        66, 44, 56, 67, 47, 58, 39, 42, 45, 72, 72, 69, 75, 54, 
        34, 62, 50, 58, 48, 74, 45, 71, 59), x5 = c(61, 63, 76, 
        54, 71, 54, 66, 71, 62, 58, 59, 55, 59, 79, 60, 79, 55, 
        64, 43, 66, 63, 50, 66, 80, 51, 77, 64), x6 = c(92, 73, 
        86, 84, 83, 49, 68, 83, 80, 67, 74, 63, 77, 77, 54, 79, 
        80, 78, 64, 80, 80, 57, 75, 78, 83, 74, 78), x7 = c(45, 
        47, 48, 35, 47, 34, 35, 31, 41, 34, 41, 25, 35, 46, 36, 
        63, 60, 52, 33, 41, 37, 49, 33, 49, 38, 55, 39)), .Names = c("y", 
        "x1", "x2", "x3", "x4", "x5", "x6", "x7"),