
expected <- structure(list(coefficients = structure(c(4.04713605217989, 0.713836112105194, 
-0.117694433377405, 0.392690345102035, 0.0970839334237651, -0.0195970417065796, 
-0.171707396823305), .Names = c("x1", "x2", "x3", "x4", "x5", 
"x6", "x7")), residuals = structure(c(-5.82339533884523, 0.672362662013775, 
2.96502772117589, 0.360614753851634, 7.4691656711349, -12.3995425715536, 
-10.3751663018913, 0.695699912271565, -8.26434273996398, 5.83940897257516, 
11.1599657468321, 9.64203641395828, -2.08676942192416, 0.234257931148875, 
0.909971647529475, -1.76039717437461, -3.82520197078079, 9.22155065740932, 
-0.976777818917159, -8.99632155649404, -4.10086853082917, 6.25748681404936, 
-2.05398802067096, 3.94996969850272, -6.02814996684202, 5.52988479230136, 
1.78351801833265), .Names = c("1", "2", "3", "4", "5", "6", "7", 
"8", "9", "11", "12", "13", "14", "15", "18", "19", "20", "21", 
"22", "23", "24", "25", "26", "27", "28", "29", "30")), effects = structure(c(-330.436804066196, 
-51.0689079508119, 2.68611967430661, 13.3743426997647, 6.59127317697498, 
-2.08808588658832, -6.92404442293468, 2.95502276155662, -5.10278014397329, 
10.5422904987362, 12.5680889135232, 13.755884006297, -2.51564562375094, 
2.28561051660368, 2.2029279885904, -2.14691077960285, -5.51157676631018, 
11.2952162727691, 2.4542416422178, -8.80768522055431, -1.04267597463458, 
9.83079336369122, -4.73978732912891, 4.53324818719043, -6.84084527768694, 
6.42995843854612, 5.6653459078589), .Names = c("x1", "x2", "x3", 
"x4", "x5", "x6", "x7", "", "", "", "", "", "", "", "", "", "", 
"", "", "", "", "", "", "", "", "", "")), rank = 7L, fitted.values = structure(c(48.8233953388452, 
62.3276373379862, 68.0349722788241, 60.6393852461484, 73.5308343288651, 
55.3995425715536, 68.3751663018913, 70.3043000877284, 80.264342739964, 
58.1605910274248, 55.8400342531679, 59.3579635860417, 70.0867694219242, 
76.7657420688511, 64.0900283524705, 66.7603971743746, 53.8252019707808, 
40.7784493425907, 64.9767778189172, 61.996321556494, 44.1008685308292, 
56.7425131859506, 68.053988020671, 74.0500303014973, 54.028149966842, 
79.4701152076986, 80.2164819816673), .Names = c("1", "2", "3", 
"4", "5", "6", "7", "8", "9", "11", "12", "13", "14", "15", "18", 
"19", "20", "21", "22", "23", "24", "25", "26", "27", "28", "29", 
"30")), assign = 1:7, qr = structure(list(qr = structure(c(-5.19615242270663, 
0.192450089729875, 0.192450089729875, 0.192450089729875, 0.192450089729875, 
0.192450089729875, 0.192450089729875, 0.192450089729875, 0.192450089729875, 
0.192450089729875, 0.192450089729875, 0.192450089729875, 0.192450089729875, 
0.192450089729875, 0.192450089729875, 0.192450089729875, 0.192450089729875, 
0.192450089729875, 0.192450089729875, 0.192450089729875, 0.192450089729875, 
0.192450089729875, 0.192450089729875, 0.192450089729875, 0.192450089729875, 
0.192450089729875, 0.192450089729875, -339.09705810404, -64.6156729066964, 
0.108983611697181, 0.000650761707243416, 0.232792583114252, -0.123158209709828, 
0.062555247415779, 0.18636421883285, 0.294697068822788, -0.154110452564096, 
-0.0457776025741583, -0.0148253597198905, 0.310173190249921, 
0.217316461687118, -0.0457776025741583, 0.108983611697181, -0.0767298454284261, 
-0.355300031116836, -0.0303014811470244, 0.0470791259886451, 
-0.401728395398238, -0.138634331136962, 0.217316461687118, 0.18636421883285, 
-0.09220596685556, 0.341125433104189, 0.294697068822788, -276.165878762371, 
-38.1635422496297, -51.8743814456437, -0.0855473432092191, -0.04856337822439, 
0.0849309466482844, -0.190063826433519, -0.12921405674444, 0.213189566166732, 
0.185382533999306, -0.011979315364881, 0.157451833421777, 0.413569170333353, 
-0.0754469377310734, 0.335012773954993, -0.147967824504566, 0.416187023010466, 
-0.0484397098142874, 0.0727362590284481, 0.0143806736063798, 
0.160069686098891, -0.0383393043361418, 0.155881121815509, 0.0250046496199481, 
-0.0347979789982857, 0.158898876617943, -0.42296259758637, -289.252484864003, 
-31.3907329613699, -13.3466992843226, 48.2336760195802, -0.136472883490647, 
0.140388076539147, -0.101260795485054, 0.0269506847315662, -0.00615291317959386, 
-0.128078914877611, 0.254458693873492, 0.284006477751736, 0.544488861880237, 
-0.282411587864147, -0.345938555488481, -0.0735791413930778, 
0.103119148399489, 0.13807943157391, -0.176514074493189, 0.0989021682106239, 
-0.302490055363458, -0.0046328365620625, 0.00149287179026787, 
-0.302089745621851, 0.0897596230145777, -0.0812154818399324, 
-0.107903985368068, -328.127402989437, 8.0791085746464, -1.03586408816409, 
-11.939436112736, 52.5976450323323, -0.232604651803432, -0.116262959810169, 
0.182161851072279, -0.171353447002491, -0.207101760353076, -0.250581904290922, 
-0.104367147177869, -0.0255146549644626, 0.131909839140942, -0.352349847670811, 
0.166498913503248, 0.0427232452571957, 0.134031611437375, -0.367745104298295, 
0.189723812854764, 0.0690532051771234, -0.238268265254005, 0.0118237664901114, 
0.319320600345009, 0.254373630255363, -0.0431165486682054, -0.171616169154409, 
-390.673682151647, -18.1024765522868, 4.6765930061464, 4.41255482406476, 
-8.91601013221514, 43.6982610391958, 0.21239120225134, 0.358606874506175, 
-0.0541300074312941, 0.166133577818107, 0.0374069859267332, 0.333272621521956, 
0.143639003930027, 0.0966945621479411, -0.12959433979144, -0.106681911446483, 
0.00189004420369448, 0.24133672330956, -0.130890780066064, 0.00616037487638887, 
0.366106535408266, -0.0215908263798173, 0.115987646970089, 0.102985645524393, 
-0.0937792049104012, 0.185113786786661, 0.0334481324313923, -220.932703009897, 
-10.2044959173061, -11.7299946118344, 25.1646453224406, -7.63018664443508, 
7.17341981350812, 40.3246718023443, 0.0129162726442282, 0.459318702471558, 
0.270325602933141, -0.186694059079052, 0.214908571991312, 0.00384890004910445, 
0.179625715037541, -0.0983074720313545, 0.00384789906658753, 
-0.200151742171034, -0.020118586443872, 0.175404899785059, 0.111440213266246, 
-0.0753871417779179, 0.171497268716586, -0.61794539493025, 0.154651339601209, 
0.0522378503506077, -0.108071521051965, 0.132176203936852), .Dim = c(27L, 
7L), .Dimnames = list(c("1", "2", "3", "4", "5", "6", "7", "8", 
"9", "11", "12", "13", "14", "15", "18", "19", "20", "21", "22", 
"23", "24", "25", "26", "27", "28", "29", "30"), c("x1", "x2", 
"x3", "x4", "x5", "x6", "x7")), assign = 1:7), qraux = c(1.19245008972988, 
1.01612688313438, 1.2761336179975, 1.08835711112596, 1.36421234777924, 
1.58904661564402, 1.19075028093445), pivot = 1:7, tol = 1e-07, 
    rank = 7L), .Names = c("qr", "qraux", "pivot", "tol", "rank"
), class = "qr"), df.residual = 20L, xlevels = structure(list(), .Names = character(0)), 
    call = quote(lm(formula = y ~ . + 0, data = structure(list(y = c(43, 
        63, 71, 61, 81, 43, 58, 71, 72, 64, 67, 69, 68, 77, 65, 
        65, 50, 50, 64, 53, 40, 63, 66, 78, 48, 85, 82), x1 = c(1, 
        1, 1, 1, 1, 1, 1, 1, 1, 1, 1, 1, 1, 1, 1, 1, 1, 1, 1, 
        1, 1, 1, 1, 1, 1, 1, 1), x2 = c(51, 64, 70, 63, 78, 55, 
        67, 75, 82, 53, 60, 62, 83, 77, 60, 70, 58, 40, 61, 66, 
        37, 54, 77, 75, 57, 85, 82), x3 = c(30, 51, 68, 45, 56, 
        49, 42, 50, 72, 53, 47, 57, 83, 54, 65, 46, 68, 33, 52, 
        52, 42, 42, 66, 58, 44, 71, 39), x4 = c(39, 54, 69, 47, 
        66, 44, 56, 55, 67, 58, 39, 42, 45, 72, 75, 57, 54, 34, 
        62, 50, 58, 48, 63, 74, 45, 71, 59), x5 = c(63, 71, 50, 
        63, 43, 76, 70, 55, 70, 71, 79, 70, 66, 54, 75, 55, 58, 
        58, 80, 54, 55, 76, 61, 43, 51, 63, 75), x6 = c(92, 73, 
        86, 84, 83, 49, 68, 66, 83, 67, 74, 63, 77, 77, 80, 85, 
        78, 64, 80, 80, 57, 75, 76, 78, 83, 74, 78), x7 = c(45, 
        47, 48, 35, 47, 34, 35, 41, 31, 34, 41, 25, 35, 46, 60, 
        46, 52, 33, 41, 37, 49, 33, 72, 49, 38, 55, 39)), .Names = c("y", 
        "x1", "x2", "x3", "x4", "x5", "x6", "x7"),