
expected <- structure(list(coefficients = structure(c(2.85098453722239, 0.600939308609327, 
-0.157767975118376, 0.389512646860543, 0.0275049363416529, 0.153726340951033, 
-0.124336054514047), .Names = c("x1", "x2", "x3", "x4", "x5", 
"x6", "x7")), residuals = structure(c(-4.17420657222519, -0.325185522835827, 
-0.403740764326744, 6.1120757587208, -11.3067661504109, -7.0632602074453, 
-0.369904514451817, -5.59720771661079, 6.97524097591539, 6.68431472615919, 
14.3020364487389, 9.88589602798836, -2.02654440973321, 0.520084787351515, 
-2.37939689829683, 0.10993282476999, 0.898911825049571, -4.98775349982422, 
-4.90442365913992, 7.17707033548489, -6.70722132499965, 0.937174813663819, 
-3.44818297065458, 2.99791498063074, -11.9735280293881, 6.19671146080573, 
3.99334913522214), .Names = c("1", "2", "4", "5", "6", "7", "8", 
"9", "10", "11", "12", "13", "14", "15", "16", "17", "18", "19", 
"20", "21", "23", "25", "26", "27", "28", "29", "30")), effects = structure(c(271.413691334688, 
-209.231625739574, -2.66430159606099, -16.4253785939308, -4.74516803874858, 
9.22750758238198, 4.53473216212159, -6.51533901694327, 7.75099827910076, 
5.02559344713428, 16.6812849430801, 10.6215177146485, -3.01077773496207, 
1.54521083336648, -6.34461870330902, 1.03334529690197, -8.04466332122127, 
-2.68898992842415, -5.38429289993397, 6.23566351746615, -5.51081103855798, 
2.96947806539116, 1.18173589721866, 3.75948157298236, -15.1525313883539, 
5.70195137974263, 2.70658982052908), .Names = c("x1", "x2", "x3", 
"x4", "x5", "x6", "x7", "", "", "", "", "", "", "", "", "", "", 
"", "", "", "", "", "", "", "", "", "")), rank = 7L, fitted.values = structure(c(47.1742065722252, 
63.3251855228358, 61.4037407643267, 74.8879242412792, 54.3067661504109, 
65.0632602074453, 71.3699045144518, 77.5972077166108, 60.0247590240846, 
57.3156852738408, 52.6979635512611, 59.1141039720116, 70.0265444097332, 
76.4799152126485, 83.3793968982968, 73.89006717523, 64.1010881749504, 
69.9877534998242, 54.9044236591399, 42.8229296645151, 59.7072213249997, 
62.0628251863362, 69.4481829706546, 75.0020850193693, 59.9735280293881, 
78.8032885391943, 78.0066508647779), .Names = c("1", "2", "4", 
"5", "6", "7", "8", "9", "10", "11", "12", "13", "14", "15", 
"16", "17", "18", "19", "20", "21", "23", "25", "26", "27", "28", 
"29", "30")), assign = 1:7, qr = structure(list(qr = structure(c(7.56453878951599, 
-0.221015931557323, -0.106207493983462, -0.105418134041682, -0.327210503539453, 
-0.0786834851593754, -0.268526887585896, -0.126326801071812, 
-0.150896446774631, -0.165458703157364, -0.0447429869380964, 
-0.296757254117855, -0.306370196386684, -0.11090356701292, -0.169844273639423, 
0.0210093529164158, -0.126840184896864, -0.165394315907372, -0.114019464384279, 
-0.177598728533271, 0.030461989152988, -0.384860030073302, -0.180735239946858, 
-0.100140144988666, -0.264135215561365, -0.213963985411609, -0.139080717102701, 
277.27203360832, -226.579388689057, 0.189125615282156, 0.255988471508117, 
-0.0312176982299567, 0.229824051588597, 0.106184662050126, 0.256136467868121, 
0.142882693325553, 0.0953826765424338, 0.227346612558451, 0.0251736481089295, 
0.109807922359373, 0.246982308020112, 0.255009013231008, 0.392734609049194, 
0.158610424914837, 0.170465474876191, 0.160517693145177, 0.02784336122739, 
0.316793046190161, -0.083898445169391, 0.188515477317004, 0.247167095356477, 
0.0304192519871625, 0.196002298128261, 0.245458203721634, 225.195629003297, 
-162.731262538408, 52.4353399003464, 0.0509327529853153, -0.00959166143774342, 
0.153753880939326, 0.212169688912452, -0.188492513875057, 0.0536409879410439, 
-0.20005036343386, -0.0551743259250313, -0.0831976423921054, 
-0.287887876757571, 0.0784045697674442, 0.36341052890052, -0.0742566262774263, 
-0.354329371745761, 0.164930016835556, -0.445670785066517, 0.0108541090878561, 
-0.109238414223439, 0.141272395690323, -0.112916199207582, -0.0309022120812839, 
0.0791000403070346, -0.0814629523937812, 0.447708894924887, 224.017385822763, 
-187.365868161835, 11.6901999787396, -43.7673568033811, -0.0232604151813162, 
0.0657746402358068, -0.0755551306071275, -0.0898883044667708, 
-0.0574224123079686, 0.254659810363881, -0.267792704630571, -0.230971833499248, 
-0.635969120507922, 0.21572249879844, 0.0760614426717102, -0.0693285402111307, 
0.451133560717651, 0.0413015792279563, -0.0247401610360584, 0.0313124705774289, 
-0.155268563705257, 0.145910289784781, -0.0550317170008862, 0.258944149891652, 
-0.0102958176277904, -0.0108331965365224, -0.0400428379075814, 
259.855490393846, -214.394345466592, 10.7182841379747, -18.6753520805958, 
-43.284389263665, 0.0870043250071323, 0.146727925324819, -0.175618445474205, 
0.167419426611697, 0.0562617608191642, 0.119086769110136, 0.0564911559969153, 
-0.238363100119184, 0.0948765680033746, -0.461289869505484, -0.0829664165516643, 
-0.310526746032181, 0.274449547098001, 0.0809705392230326, 0.160588393517775, 
-0.0120739682583956, 0.462511265837656, 0.363380074869035, 0.104611195210347, 
0.0380961034976333, -0.0620405745287367, -0.129924059575936, 
291.513834361778, -248.316347956799, 23.5819181900905, -11.7701291442463, 
-45.4976899176753, 63.9530540291079, 0.16388586383264, -0.0415174856658607, 
-0.182598776957871, -0.130727302911404, -0.0803980674817779, 
-0.100488897178355, -0.191720489696523, 0.177021795987627, 0.310308171778645, 
0.242259161093242, -0.371276901366692, -0.0353346237593863, -0.180442238600153, 
-0.314398694139659, -0.0704408444277134, -0.193173373956051, 
0.28686101566835, 0.157767718431952, -0.46799685255665, 0.161986536727924, 
0.00507082501450554, 164.602024363037, -147.230788121663, 23.0434580014741, 
-23.6906637270849, -27.663413792145, 4.85588358514536, -36.4715784158108, 
-0.55853124472765, -0.0292491769093355, -0.310599157000406, 0.00966824416921975, 
-0.24986437392606, -0.0820160707783472, -0.186513104047535, 0.124383885020783, 
0.227898172926, 0.231050109195853, -0.0618555173112622, -0.0168289596154834, 
0.0536158436893884, -0.270871885633345, -0.208208742133099, 0.415011510312922, 
-0.194191298084039, 0.0635688448746302, 0.126933941986239, 0.0901200358615007
), .Dim = c(27L, 7L), .Dimnames = list(c("1", "2", "4", "5", 
"6", "7", "8", "9", "10", "11", "12", "13", "14", "15", "16", 
"17", "18", "19", "20", "21", "23", "25", "26", "27", "28", "29", 
"30"), c("x1", "x2", "x3", "x4", "x5", "x6", "x7")), assign = 1:7), 
    qraux = c(1.19276084213602, 1.09741528339943, 1.05685928006391, 
    1.04923651092005, 1.15058403200341, 1.12690393659763, 1.06290364058367
    ), pivot = 1:7, tol = 1e-07, rank = 7L), .Names = c("qr", 
"qraux", "pivot", "tol", "rank"), class = "qr"), df.residual = 20L, 
    xlevels = structure(list(), .Names = character(0)), call = quote(lm(formula = y ~ 
        . + 0, data = structure(list(y = c(43, 63, 61, 81, 43, 
        58, 71, 72, 67, 64, 67, 69, 68, 77, 81, 74, 65, 65, 50, 
        50, 53, 63, 66, 78, 48, 85, 82), x1 = c(-1.45814686743768, 
        1.67188358736638, 0.803410707975183, 0.797439564076696, 
        2.47519654636125, 0.595204275582401, 2.03128205717151, 
        0.955603986863188, 1.14146202482683, 1.25161877809689, 
        0.338460060252037, 2.24483175984477, 2.3175492345187, 
        0.838934334564916, 1.28479359612258, -0.158926065078858, 
        0.959487498721707, 1.25113171824678, 0.862504661094714, 
        1.34345247095865, -0.230430898553593, 2.91128862602378, 
        1.36717873321049, 0.757514011154519, 1.99806108379111, 
        1.61853886720555, 1.05208147939708), x2 = c(51, 64, 63, 
        78, 55, 67, 75, 82, 61, 53, 60, 62, 83, 77, 90, 85, 60, 
        70, 58, 40, 66, 54, 77, 75, 57, 85, 82), x3 = c(30, 51, 
        45, 56, 49, 42, 50, 72, 45, 53, 47, 57, 83, 54, 50, 64, 
        65, 46, 68, 33, 52, 42, 66, 58, 44, 71, 39), x4 = c(39, 
        54, 47, 66, 44, 56, 55, 67, 47, 58, 39, 42, 45, 72, 72, 
        69, 75, 57, 54, 34, 50, 48, 63, 74, 45, 71, 59),