
expected <- structure(list(coefficients = structure(c(3.3583080118852, 0.702856026052868, 
-0.0856759945853151, 0.21088487156202, 0.170472463206808, 0.0794631563055086, 
-0.210296149598365), .Names = c("x1", "x2", "x3", "x4", "x5", 
"x6", "x7")), residuals = structure(c(-8.22910230246149, 1.66583227185263, 
3.77155238371628, -1.384932230386, 1.98527642524231, -10.0453386446345, 
-0.260986926775533, -7.42819852415617, 7.08899195491154, 11.3203651229119, 
7.60244516927832, -2.16268356145708, 2.12071052757093, -5.16868285927583, 
-3.30133952181969, 4.74385599526906, -3.62855481337571, -5.51779208703594, 
5.29903888537141, -2.05447088376452, -1.59778580932375, 2.6760961393613, 
-3.47455498520666, 0.396025600799653, -8.43946086760223, 9.31912869320303, 
4.70456484778672), .Names = c("1", "2", "3", "4", "5", "6", "8", 
"9", "10", "12", "13", "14", "15", "16", "17", "18", "19", "20", 
"21", "22", "24", "25", "26", "27", "28", "29", "30")), effects = structure(c(-339.4819582835, 
54.8283956586102, 5.80475161533608, 9.31821960428338, -8.17139432177263, 
1.69243782192361, 8.7976957103397, -5.04278227696871, 8.16676177675489, 
12.5485115148913, 10.1235245255482, -0.939534326440793, 5.38571512340349, 
2.10764692494929, -2.41299680709519, 4.507866518936, -2.36831974136793, 
-6.83630433142165, 6.6586020690614, -1.5263347910125, 0.488267837844474, 
3.52192373635819, -4.62225943840568, 1.59362933725149, -7.46926726912891, 
11.7435382434651, 9.40626387714083), .Names = c("x1", "x2", "x3", 
"x4", "x5", "x6", "x7", "", "", "", "", "", "", "", "", "", "", 
"", "", "", "", "", "", "", "", "", "")), rank = 7L, fitted.values = structure(c(51.2291023024615, 
61.3341677281474, 67.2284476162837, 62.384932230386, 79.0147235747577, 
53.0453386446345, 71.2609869267755, 79.4281985241562, 59.9110080450885, 
55.6796348770881, 61.3975548307217, 70.1626835614571, 74.8792894724291, 
86.1686828592758, 77.3013395218197, 60.2561440047309, 68.6285548133757, 
55.5177920870359, 44.7009611146286, 66.0544708837645, 41.5977858093238, 
60.3239038606387, 69.4745549852067, 77.6039743992004, 56.4394608676022, 
75.680871306797, 77.2954351522133), .Names = c("1", "2", "3", 
"4", "5", "6", "8", "9", "10", "12", "13", "14", "15", "16", 
"17", "18", "19", "20", "21", "22", "24", "25", "26", "27", "28", 
"29", "30")), assign = 1:7, qr = structure(list(qr = structure(c(-5.19615242270663, 
0.192450089729875, 0.192450089729875, 0.192450089729875, 0.192450089729875, 
0.192450089729875, 0.192450089729875, 0.192450089729875, 0.192450089729875, 
0.192450089729875, 0.192450089729875, 0.192450089729875, 0.192450089729875, 
0.192450089729875, 0.192450089729875, 0.192450089729875, 0.192450089729875, 
0.192450089729875, 0.192450089729875, 0.192450089729875, 0.192450089729875, 
0.192450089729875, 0.192450089729875, 0.192450089729875, 0.192450089729875, 
0.192450089729875, 0.192450089729875, -348.719562590534, 70.3467601717852, 
-0.0780287364412797, 0.0214783337195374, -0.191751102339356, 
0.135200699617614, -0.149105215127578, -0.248612285288395, 0.0499089251940565, 
0.0641242209313161, 0.035693629456797, -0.262827581025654, -0.177535806602097, 
-0.362334651186471, -0.291258172500173, 0.0641242209313161, -0.0780287364412797, 
0.0925548124058353, 0.348430135676508, 0.0499089251940565, 0.391076022888286, 
0.149415995354874, -0.177535806602097, -0.149105215127578, 0.106770108143095, 
-0.291258172500173, -0.248612285288395, -278.475279839129, 37.4320326308127, 
-53.0034098114856, -0.075706467318834, -0.012820834695724, 0.0769060743699957, 
-0.0970914619501152, 0.250473687390347, -0.0564200426149869, 
-0.0090434088263427, 0.160337273653413, 0.448364292940387, -0.040911043780521, 
-0.241739647228969, 0.0706103645876936, 0.330557384104143, -0.124342243063939, 
0.406443940963071, -0.0803131118449159, 0.0756469324135353, 0.118416921676098, 
-0.0455176883066029, 0.185489484839803, 0.0538422237967673, -0.0367139039256529, 
0.202677339616216, -0.372127766315544, -293.87128701752, 38.6703428372584, 
-11.1993092197911, 48.2684858320112, -0.107781713378168, 0.123670080364893, 
0.0546436939298392, 0.0157286801850715, 0.0785726316673404, 0.250959607742599, 
0.275155952383693, 0.557391283462209, -0.253908605931057, -0.183741834899432, 
-0.0598830973881054, -0.366755652799726, -0.0531978074521516, 
0.0744881674426076, 0.103155243763194, -0.182367420860423, -0.35276932207614, 
-0.0166088494611066, 0.0179571101637227, -0.282048775483992, 
0.0825405083636648, -0.0514962842411523, -0.0534055120873466, 
-326.395352181868, 11.8065928484461, 4.99933507563457, 26.3982153579134, 
-51.19393825546, -0.00934105576060123, 0.0764459720307264, -0.00273090101980842, 
-0.00570442417232677, -0.0291430374634603, 0.244677958809025, 
-0.00432503791079046, -0.197493331710863, -0.0682930960832948, 
0.102534633686295, -0.0886888077831689, -0.0120159873258017, 
0.170893742985435, 0.180113038335153, 0.2781227474164, -0.19195976058126, 
0.377338701582748, 0.356267999108123, 0.339347573145831, -0.1213676328468, 
-0.179543724758448, -0.300291346209173, -390.288781972187, 8.70923785502774, 
-2.19264660625914, 1.47069026615051, 1.72154548186406, 51.155463978017, 
0.26388316330066, 0.00122808072628434, -0.0557155923044346, 0.0810588226450057, 
0.335495389098467, 0.203622814392652, 0.0280944563638329, 0.507585744163372, 
0.0599903305322441, -0.050618860305003, -0.142544276819893, 0.0406610912088818, 
0.181484259625663, -0.0570037489859385, 0.282381269720283, 0.01592816102938, 
0.117871564997357, 0.0227587787093699, -0.128533163133354, 0.171336332007161, 
-0.00177341586417169, -227.476006060713, 10.7846710326676, -14.0153888247995, 
26.0485431054199, -1.99225234023848, 11.2818842026997, -41.8347921592574, 
-0.424846893759748, -0.000526887265590717, 0.151145343792701, 
-0.206777653958895, 0.0591411594494322, -0.150023048844431, -0.178395356119882, 
0.349499544781458, 0.00387507883671136, -0.00334942125463314, 
0.142509728461771, -0.0483742963016355, -0.238295520885483, -0.0299086912186353, 
-0.230543918488155, 0.619952984427755, -0.129353446260097, -0.0840134666872853, 
0.153526940748563, -0.0825649307358653), .Dim = c(27L, 7L), .Dimnames = list(
    c("1", "2", "3", "4", "5", "6", "8", "9", "10", "12", "13", 
    "14", "15", "16", "17", "18", "19", "20", "21", "22", "24", 
    "25", "26", "27", "28", "29", "30"), c("x1", "x2", "x3", 
    "x4", "x5", "x6", "x7")), assign = 1:7), qraux = c(1.19245008972988, 
1.00726303798228, 1.29072539273999, 1.09374745055647, 1.41670989708621, 
1.55102952188321, 1.04357312130477), pivot = 1:7, tol = 1e-07, 
    rank = 7L), .Names = c("qr", "qraux", "pivot", "tol", "rank"
), class = "qr"), df.residual = 20L, xlevels = structure(list(), .Names = character(0)), 
    call = quote(lm(formula = y ~ . + 0, data = structure(list(y = c(43, 
        63, 71, 61, 81, 43, 71, 72, 67, 67, 69, 68, 77, 81, 74, 
        65, 65, 50, 50, 64, 40, 63, 66, 78, 48, 85, 82), x1 = c(1, 
        1, 1, 1, 1, 1, 1, 1, 1, 1, 1, 1, 1, 1, 1, 1, 1, 1, 1, 
        1, 1, 1, 1, 1, 1, 1, 1), x2 = c(51, 64, 70, 63, 78, 55, 
        75, 82, 61, 60, 62, 83, 77, 90, 85, 60, 70, 58, 40, 61, 
        37, 54, 77, 75, 57, 85, 82), x3 = c(30, 51, 68, 45, 56, 
        49, 50, 72, 45, 47, 57, 83, 54, 50, 64, 65, 46, 68, 33, 
        52, 42, 42, 66, 58, 44, 71, 39), x4 = c(39, 54, 69, 47, 
        66, 44, 55, 67, 47, 39, 42, 45, 72, 72, 69, 75, 57, 54, 
        34, 62, 58, 48, 63, 74, 45, 71, 59), x5 = c(50, 59, 54, 
        55, 88, 54, 66, 61, 58, 51, 63, 43, 61, 70, 71, 63, 64, 
        62, 63, 79, 55, 79, 79, 88, 51, 55, 54), x6 = c(92, 73, 
        86, 84, 83, 49, 66, 83, 80, 74, 63, 77, 77, 54, 79, 80, 
        85, 78, 64, 80, 57, 75, 76, 78, 83, 74, 78), x7 = c(45, 
        47, 48, 35, 47, 34, 41, 31, 41, 41, 25, 35, 46, 36, 63, 
        60, 46, 52, 33, 41, 49, 33, 72, 49, 38, 55, 39)), .Names = c("y", 
        "x1", "x2", "x3", "x4", "x5", "x6", "x7"),