
expected <- structure(list(coefficients = structure(c(11.054777862487, 0.718747306068694, 
0.142164712421161, -0.145672222000081, 0.120130609294231, 0.0753364179713992, 
-0.159728772706191), .Names = c("x1", "x2", "x3", "x4", "x5", 
"x6", "x7")), residuals = structure(c(-7.88931026115893, 2.07521642406628, 
-0.509086294531613, 4.76499805824764, -11.2877375053742, -6.04809378353122, 
0.110444215552634, -8.29848137806272, 7.22708175137466, 10.7839314044176, 
4.97777664031016, 5.93131423752614, 0.662302983926776, -0.820788350410442, 
-1.84607851876909, 9.01770686349851, -0.192789310814492, -9.07336437698346, 
-0.744727000752349, -12.5578701320362, 0.461907454808223, 8.61418650015028, 
-5.98312010044125, 7.91338580723531, -5.66309540772424, 3.56473162707651, 
4.80955845239947), .Names = c("1", "3", "4", "5", "6", "7", "8", 
"9", "10", "11", "12", "13", "15", "16", "17", "18", "19", "20", 
"22", "23", "24", "25", "26", "27", "28", "29", "30")), effects = structure(c(-338.327257745121, 
-53.1510040063286, 2.38481266822958, -7.71553514570608, 1.70571853360769, 
2.80697536955683, 6.60029146025821, -5.34349168621646, 8.66830108767481, 
15.2930586950578, 5.1210440665307, 10.4881514089034, -0.919627956257801, 
2.41276372579494, -0.613045541537086, 12.5954189780438, 0.78323118344586, 
-7.03803234284982, -1.5960616091065, -10.9420775460257, 3.10831710049843, 
10.9674097747804, -7.26122694731603, 9.36035900119851, -1.64196014992426, 
3.64306380150696, 4.46150411715047), .Names = c("x1", "x2", "x3", 
"x4", "x5", "x6", "x7", "", "", "", "", "", "", "", "", "", "", 
"", "", "", "", "", "", "", "", "", "")), rank = 7L, fitted.values = structure(c(50.8893102611589, 
68.9247835759337, 61.5090862945316, 76.2350019417524, 54.2877375053742, 
64.0480937835312, 70.8895557844474, 80.2984813780627, 59.7729182486253, 
53.2160685955824, 62.0222233596898, 63.0686857624739, 76.3376970160732, 
81.8207883504104, 75.8460785187691, 55.9822931365015, 65.1927893108145, 
59.0733643769835, 64.7447270007523, 65.5578701320362, 39.5380925451918, 
54.3858134998497, 71.9831201004413, 70.0866141927647, 53.6630954077242, 
81.4352683729235, 77.1904415476005), .Names = c("1", "3", "4", 
"5", "6", "7", "8", "9", "10", "11", "12", "13", "15", "16", 
"17", "18", "19", "20", "22", "23", "24", "25", "26", "27", "28", 
"29", "30")), assign = 1:7, qr = structure(list(qr = structure(c(-5.19615242270663, 
0.192450089729875, 0.192450089729875, 0.192450089729875, 0.192450089729875, 
0.192450089729875, 0.192450089729875, 0.192450089729875, 0.192450089729875, 
0.192450089729875, 0.192450089729875, 0.192450089729875, 0.192450089729875, 
0.192450089729875, 0.192450089729875, 0.192450089729875, 0.192450089729875, 
0.192450089729875, 0.192450089729875, 0.192450089729875, 0.192450089729875, 
0.192450089729875, 0.192450089729875, 0.192450089729875, 0.192450089729875, 
0.192450089729875, 0.192450089729875, -348.527112500804, -64.4348651884355, 
-0.0229669383926948, 0.209826285526274, -0.147123324482811, 0.0391112546523634, 
0.16326764074248, 0.271904478571332, -0.0540060349152239, -0.17816242100534, 
-0.0695255831764885, -0.0384864866539594, 0.194306737265009, 
0.396060864661448, 0.318463123355125, -0.0695255831764885, 0.0856698994361571, 
-0.100564679699018, -0.0540060349152239, 0.0235917063910989, 
-0.426475193185573, -0.162642872744076, 0.194306737265009, 0.16326764074248, 
-0.116084227960282, 0.318463123355125, 0.271904478571332, -274.626278044532, 
-24.9910710853059, 49.1208079475144, 0.0332697122450195, -0.1175759361763, 
0.17798279240609, 0.117154307922394, -0.241440185980785, 0.0403824137808932, 
-0.224516643047355, -0.0130879396546342, -0.191158831431529, 
0.0612312441374779, 0.308470469495412, -0.0403131830102102, -0.37953142363057, 
0.134814139392708, -0.466114159169628, -0.102123385543082, -0.0383513316854092, 
-0.204649530739946, 0.0121754523761407, -0.183064411846479, -0.0457094627335769, 
0.00972274202675147, -0.182818982334185, 0.430372867975097, -295.410887735359, 
4.4650315145742, 18.9124195265455, 62.2558534487578, 0.0414529968442261, 
-0.0790221668671026, 0.0156009865788621, -0.0702217787629065, 
-0.0375258165756095, -0.158876678424202, 0.360254491229646, 0.0733856127888496, 
0.290911914094914, 0.152821717744998, -0.230198111166861, -0.153704422864085, 
-0.303216833797497, 0.0743030909244548, 0.385478891593584, 0.0403589673900246, 
0.192669756121333, -0.187238302793034, 0.0339406200435188, -0.246735440342186, 
-0.309707683082237, 0.240994836883571, 0.202755120947281, -341.406459180799, 
-33.9194097202031, 10.8534948345161, 4.99551742211188, 36.1711173372503, 
-0.0684382067262384, -0.0185292965927415, 0.2853699750655, 0.00350569770674054, 
0.133840580102222, 0.0362517974321678, 0.322899628040532, -0.244008361750465, 
0.399943921237773, 0.0334363925282105, 0.424218733697096, -0.206024696523955, 
0.151514256116408, -0.095245763356252, 0.0952934838577107, 0.00568060809547353, 
-0.193164202882241, -0.321113157779707, -0.166483967513696, 0.295062552651079, 
0.093133373348751, 0.0735530062717892, -390.481232061917, -5.97042769591686, 
1.69755370724668, 13.9769330003044, 16.5719348304896, 46.9350192481611, 
0.320139484863129, -0.260451941670416, -0.0517416930955709, 0.0906689052314669, 
-0.0375506615705553, 0.0272753108791496, 0.206036534313311, 0.311993933390866, 
0.0806254458110967, -0.393279589657984, 0.102019833630982, -0.205053934614965, 
-0.0743123134870795, -0.123212090621047, 0.26446496328331, 0.201822139780858, 
0.314252372248764, 0.214155516084045, -0.303696587722271, 0.034198185341696, 
0.0166512644521231, -225.743955253144, -11.8276201693348, 20.5044038044349, 
1.87613824587981, 24.341325448644, 4.56361647102326, -41.3218692439274, 
-0.414819295164199, -0.0280582048109783, -0.206289433099269, 
-0.0252442153872481, -0.327486275535001, -0.100763876827498, 
0.224299474232039, 0.363071173810276, 0.389478215508106, -0.0168948197826807, 
-0.00149899944160384, -0.189846051464528, -0.152564404502019, 
0.208934089537507, -0.291148456013477, 0.331849731474645, -0.0384667531773789, 
0.0530267465183192, 0.116201212349371, 0.129398903831535), .Dim = c(27L, 
7L), .Dimnames = list(c("1", "3", "4", "5", "6", "7", "8", "9", 
"10", "11", "12", "13", "15", "16", "17", "18", "19", "20", "22", 
"23", "24", "25", "26", "27", "28", "29", "30"), c("x1", "x2", 
"x3", "x4", "x5", "x6", "x7")), assign = 1:7), qraux = c(1.19245008972988, 
1.08566989943616, 1.06589123532396, 1.25187716495506, 1.19126362670817, 
1.3058345159934, 1.00563101991506), pivot = 1:7, tol = 1e-07, 
    rank = 7L), .Names = c("qr", "qraux", "pivot", "tol", "rank"
), class = "qr"), df.residual = 20L, xlevels = structure(list(), .Names = character(0)), 
    call = quote(lm(formula = y ~ . + 0, data = structure(list(y = c(43, 
        71, 61, 81, 43, 58, 71, 72, 67, 64, 67, 69, 77, 81, 74, 
        65, 65, 50, 64, 53, 40, 63, 66, 78, 48, 85, 82), x1 = c(1, 
        1, 1, 1, 1, 1, 1, 1, 1, 1, 1, 1, 1, 1, 1, 1, 1, 1, 1, 
        1, 1, 1, 1, 1, 1, 1, 1), x2 = c(51, 70, 63, 78, 55, 67, 
        75, 82, 61, 53, 60, 62, 77, 90, 85, 60, 70, 58, 61, 66, 
        37, 54, 77, 75, 57, 85, 82), x3 = c(30, 68, 45, 56, 49, 
        42, 50, 72, 45, 53, 47, 57, 54, 50, 64, 65, 46, 68, 52, 
        52, 42, 42, 66, 58, 44, 71, 39), x4 = c(56, 69, 58, 42, 
        55, 59, 55, 67, 58, 69, 34, 55, 39, 45, 74, 72, 74, 59, 
        34, 55, 45, 67, 59, 74, 75, 47, 39), x5 = c(61, 76, 54, 
        71, 54, 66, 70, 71, 62, 58, 59, 55, 79, 60, 79, 55, 75, 
        64, 66, 63, 50, 66, 88, 80, 51, 77, 64), x6 = c(92, 86, 
        84, 83, 49, 68, 66, 83, 80, 67, 74, 63, 77, 54, 79, 80, 
        85, 78, 80, 80, 57, 75, 76, 78, 83, 74, 78), x7 = c(45, 
        48, 35, 47, 34, 35, 41, 31, 41, 34, 41, 25, 46, 36, 63, 
        60, 46, 52, 41, 37, 49, 33, 72, 49, 38, 55, 39)), .Names = c("y", 
        "x1", "x2", "x3", "x4", "x5", "x6", "x7"),