
expected <- structure(list(coefficients = structure(c(21.0715168863947, 0.0783458995600465, 
0.611802600536842, 0.37358286804042, -0.0203045769751566, -0.389290273987634
), .Names = c("x1", "x2", "x3", "x4", "x5", "x6")), residuals = structure(c(-7.68466683344062, 
1.13865811711218, 2.80546458946924, 8.61968023829804, -14.7724616752785, 
-10.2735887647697, 3.51224765710053, -8.4743011390017, 8.07132498117106, 
-3.77993076764337, 13.807975128616, 8.23144507303785, 6.04187922823296, 
-2.39422424596486, 4.65732583473837, 2.31626837178529, -2.61447054301346, 
-2.93364995346892, -11.5188307886351, 3.62378865213498, -10.2432480813507, 
-1.01561646962418, -2.08915490151429, -2.11662051438109, -6.62426946078801, 
9.07556253309527, 14.6334137340828), .Names = c("1", "2", "4", 
"5", "6", "7", "8", "9", "10", "11", "12", "13", "14", "15", 
"16", "17", "18", "19", "20", "21", "23", "25", "26", "27", "28", 
"29", "30")), effects = structure(c(-339.4819582835, -23.2995792310917, 
34.6728747806402, 6.81860974298813, -5.02704229980728, -15.6566395241719, 
9.04459892292774, -6.78345395454255, 9.22464081333294, -2.3623248930914, 
15.6857355021695, 11.9528800302499, 5.59322223146485, 1.75608674184802, 
7.60853802619074, 3.57510307192327, -10.6158711458142, 0.296275219669245, 
-12.7384649906786, 3.82724528063731, -8.87849748671122, 3.65628995864729, 
2.32138465122383, 1.38528727447058, -9.38284397853698, 11.0036568125987, 
16.2251639156088), .Names = c("x1", "x2", "x3", "x4", "x5", "x6", 
"", "", "", "", "", "", "", "", "", "", "", "", "", "", "", "", 
"", "", "", "", "")), rank = 6L, fitted.values = structure(c(50.6846668334406, 
61.8613418828878, 58.1945354105308, 72.380319761702, 57.7724616752785, 
68.2735887647697, 67.4877523428995, 80.4743011390017, 58.9286750188289, 
67.7799307676434, 53.192024871384, 60.7685549269622, 61.958120771767, 
79.3942242459649, 76.3426741652616, 71.6837316282147, 67.6144705430135, 
67.9336499534689, 61.5188307886351, 46.376211347865, 63.2432480813507, 
64.0156164696242, 68.0891549015143, 80.1166205143811, 54.624269460788, 
75.9244374669047, 67.3665862659172), .Names = c("1", "2", "4", 
"5", "6", "7", "8", "9", "10", "11", "12", "13", "14", "15", 
"16", "17", "18", "19", "20", "21", "23", "25", "26", "27", "28", 
"29", "30")), assign = 1:6, qr = structure(list(qr = structure(c(-5.19615242270663, 
0.192450089729875, 0.192450089729875, 0.192450089729875, 0.192450089729875, 
0.192450089729875, 0.192450089729875, 0.192450089729875, 0.192450089729875, 
0.192450089729875, 0.192450089729875, 0.192450089729875, 0.192450089729875, 
0.192450089729875, 0.192450089729875, 0.192450089729875, 0.192450089729875, 
0.192450089729875, 0.192450089729875, 0.192450089729875, 0.192450089729875, 
0.192450089729875, 0.192450089729875, 0.192450089729875, 0.192450089729875, 
0.192450089729875, 0.192450089729875, -275.588528493181, -63.2057193849019, 
-0.0683336676593189, 0.10570121568745, -0.00504825553322115, 
-0.115797726753892, 0.0107730974983033, 0.358842864191841, -0.0683336676593189, 
0.0582371565928766, -0.03669096159627, 0.121522568718974, 0.532877747538609, 
0.074058509624401, 0.0107730974983033, 0.232272039939645, 0.24809339297117, 
-0.0525123146277944, 0.295557452065743, -0.258189904037612, 0.0424158035613521, 
-0.115797726753892, 0.263914746002694, 0.137343921750499, -0.0841550206908433, 
0.343021511160316, -0.163261785848465, -289.060034774273, -29.8923956369317, 
53.7842075276883, -0.18347164919031, 0.163497554273251, -0.121689065745326, 
-0.0321559045892643, -0.0601837818913164, 0.0722489278509454, 
-0.0613317310455122, 0.238726560257213, 0.271623533767023, 0.446401192913536, 
-0.312763644921157, -0.348233816330333, -0.168309761385088, -0.270999128559054, 
-0.10481171267386, 0.146052685089737, 0.207545052013647, 0.0785432728038734, 
0.0270534809563536, -0.0390177656542404, -0.314479110187401, 
0.100567021674071, -0.14342259809445, -0.204070149315338, -336.210306758092, 
-20.7781243386972, 28.2411732650219, 39.5010798739766, 0.110419293723685, 
0.00228786240134385, -0.11586689890472, 0.0521802403704692, -0.0430143350255209, 
0.236460820089033, -0.097294513381648, 0.0519531725793848, -0.00259136280044911, 
-0.0676282386281372, 0.413687797892314, -0.117195510877413, 0.587855587281286, 
-0.209611887492162, 0.0183446554381457, 0.22757229950564, -0.0201080709574298, 
-0.127781342683701, -0.442747551151857, -0.0607432290929612, 
0.203020895327902, -0.0346006066475587, 0.101932737609214, -388.749181254348, 
-2.50270365917192, 3.24140390311483, 14.8344294212976, 46.1870496237836, 
0.204827822277105, 0.269474876785986, -0.14610137376498, -0.0369845797400197, 
0.180042141849754, 0.111566189367448, 0.317710872223464, 0.0170936091456709, 
0.00260290482949272, 0.41388562692427, -0.0298254260123891, -0.186345911706843, 
-0.126555293729944, -0.0163008508465952, 0.276984499686964, -0.0456256955872963, 
0.0859678875011861, 0.100701316662896, -0.0231857531065212, -0.144136346182376, 
0.0601002064232924, -0.0327123311261296, -221.317603189357, -19.6565662015736, 
22.3921505498607, 19.6180348271457, 10.5043307493361, 40.2184194426322, 
0.088510635398232, 0.543426628256246, -0.00732856717653547, 0.132616630495967, 
-0.0992397991879066, 0.245257993408082, 0.204027676340304, 0.212987907005353, 
0.104405821589807, -0.181876327752078, -0.387469752534755, 0.104720822707926, 
-0.159241326640408, -0.217395602455986, 0.140494383835394, 0.217403952391223, 
-0.319903272846633, 0.177033850239952, -0.0754145040867134, 0.00103977020521469, 
0.091862437000866), .Dim = c(27L, 6L), .Dimnames = list(c("1", 
"2", "4", "5", "6", "7", "8", "9", "10", "11", "12", "13", "14", 
"15", "16", "17", "18", "19", "20", "21", "23", "25", "26", "27", 
"28", "29", "30"), c("x1", "x2", "x3", "x4", "x5", "x6")), assign = 1:6), 
    qraux = c(1.19245008972988, 1.02659445052983, 1.07224892785095, 
    1.03718770228265, 1.60916997387249, 1.17237885525229), pivot = 1:6, 
    tol = 1e-07, rank = 6L), .Names = c("qr", "qraux", "pivot", 
"tol", "rank"), class = "qr"), df.residual = 21L, xlevels = structure(list(), .Names = character(0)), 
    call = quote(lm(formula = y ~ . + 0, data = structure(list(y = c(43, 
        63, 61, 81, 43, 58, 71, 72, 67, 64, 67, 69, 68, 77, 81, 
        74, 65, 65, 50, 50, 53, 63, 66, 78, 48, 85, 82), x1 = c(1, 
        1, 1, 1, 1, 1, 1, 1, 1, 1, 1, 1, 1, 1, 1, 1, 1, 1, 1, 
        1, 1, 1, 1, 1, 1, 1, 1), x2 = c(30, 51, 45, 56, 49, 42, 
        50, 72, 45, 53, 47, 57, 83, 54, 50, 64, 65, 46, 68, 33, 
        52, 42, 66, 58, 44, 71, 39), x3 = c(39, 54, 47, 66, 44, 
        56, 55, 67, 47, 58, 39, 42, 45, 72, 72, 69, 75, 57, 54, 
        34, 50, 48, 63, 74, 45, 71, 59), x4 = c(61, 63, 54, 71, 
        54, 66, 70, 71, 62, 58, 59, 55, 59, 79, 60, 79, 55, 75, 
        64, 43, 63, 66, 88, 80, 51, 77, 64), x5 = c(92, 73, 84, 
        83, 49, 68, 66, 83, 80, 67, 74, 63, 77, 77, 54, 79, 80, 
        85, 78, 64, 80, 75, 76, 78, 83, 74, 78), x6 = c(45, 47, 
        35, 47, 34, 35, 41, 31, 41, 34, 41, 25, 35, 46, 36, 63, 
        60, 46, 52, 33, 37, 33, 72, 49, 38, 55, 39)), .Names = c("y", 
        "x1", "x2", "x3", "x4", "x5", "x6"), row.names = c("1", 
        "2", "4", "5", "6", "7", "8", "9", "10", "11", "12", 
        "13", "14", "15", "16", "17", "18", "19", "20", "21", 
        "23", "25", "26", "27", "28", "29", "30"), class = "data.frame"))), 
    terms = y ~ x1 + x2 + x3 + x4 + x5 + x6 + 0, model = structure(list(
        y = c(43, 63, 61, 81, 43, 58, 71, 72, 67, 64, 67, 69, 
        68, 77, 81, 74, 65, 65, 50, 50, 53, 63, 66, 78, 48, 85, 
        82), x1 = c(1, 1, 1, 1, 1, 1, 1, 1, 1, 1, 1, 1, 1, 1, 
        1, 1, 1, 1, 1, 1, 1, 1, 1, 1, 1, 1, 1), x2 = c(30, 51, 
        45, 56, 49, 42, 50, 72, 45, 53, 47, 57, 83, 54, 50, 64, 
        65, 46, 68, 33, 52, 42, 66, 58, 44, 71, 39), x3 = c(39, 
        54, 47, 66, 44, 56, 55, 67, 47, 58, 39, 42, 45, 72, 72, 
        69, 75, 57, 54, 34, 50, 48, 63, 74, 45, 71, 59),