
expected <- structure(list(coefficients = structure(c(3.6360592229207, 0.6587407678385, 
-0.0473875760563049, 0.236156857765422, 0.122512697592352, 0.0571166888698288, 
-0.126729987386766), .Names = c("x1", "x2", "x3", "x4", "x5", 
"x6", "x7")), residuals = structure(c(-7.69784937708392, 1.42736965668578, 
2.73493749617141, -0.20410966329549, 3.48401937516675, -10.0412958224164, 
-10.2555976005987, -6.34873630024653, 7.73468045940437, 7.39636342355887, 
11.5777402578443, 9.15611531770571, -2.23591422119803, 2.15485682512583, 
-3.65455376919266, -4.11767355181101, 2.52408700332395, -6.8340685435184, 
6.35708845714906, -1.04872602412222, -10.687726265422, -3.50036744018294, 
4.66652314415515, 1.20480538779417, -7.89938147539041, 7.97367247178493, 
6.13374077860852), .Names = c("1", "2", "3", "4", "5", "6", "7", 
"9", "10", "11", "12", "13", "14", "15", "16", "17", "18", "20", 
"21", "22", "23", "24", "25", "27", "28", "29", "30")), effects = structure(c(-334.285805860793, 
-54.1626149974308, 2.33757936933778, 11.6749073260769, -7.01560879140814, 
1.23691265682355, -4.28567200701206, -3.03413021118916, 8.53439821187622, 
12.2167702831706, 11.6713010220488, 12.1857467127393, -3.11855816615177, 
5.17906253798198, 2.06517481511546, -7.49396576000842, 2.54701887662532, 
-9.02683591304215, 8.91920817138834, 0.373351533005691, -9.37523044298337, 
0.643203058120067, 6.59072797642132, 1.47941527681131, -6.19618384913566, 
7.78401473545755, 9.69384994388193), .Names = c("x1", "x2", "x3", 
"x4", "x5", "x6", "x7", "", "", "", "", "", "", "", "", "", "", 
"", "", "", "", "", "", "", "", "", "")), rank = 7L, fitted.values = structure(c(50.6978493770839, 
61.5726303433142, 68.2650625038286, 61.2041096632955, 77.5159806248332, 
53.0412958224164, 68.2555976005987, 78.3487363002465, 59.2653195405956, 
56.6036365764411, 55.4222597421557, 59.8438846822943, 70.235914221198, 
74.8451431748742, 84.6545537691927, 78.117673551811, 62.4759129966761, 
56.8340685435184, 43.6429115428509, 65.0487260241222, 63.687726265422, 
43.5003674401829, 58.3334768558449, 76.7951946122058, 55.8993814753904, 
77.0263275282151, 75.8662592213915), .Names = c("1", "2", "3", 
"4", "5", "6", "7", "9", "10", "11", "12", "13", "14", "15", 
"16", "17", "18", "20", "21", "22", "23", "24", "25", "27", "28", 
"29", "30")), assign = 1:7, qr = structure(list(qr = structure(c(-5.19615242270663, 
0.192450089729875, 0.192450089729875, 0.192450089729875, 0.192450089729875, 
0.192450089729875, 0.192450089729875, 0.192450089729875, 0.192450089729875, 
0.192450089729875, 0.192450089729875, 0.192450089729875, 0.192450089729875, 
0.192450089729875, 0.192450089729875, 0.192450089729875, 0.192450089729875, 
0.192450089729875, 0.192450089729875, 0.192450089729875, 0.192450089729875, 
0.192450089729875, 0.192450089729875, 0.192450089729875, 0.192450089729875, 
0.192450089729875, 0.192450089729875, -341.791359360259, -70.2329457353646, 
0.0940757185871527, -0.00559260554061164, 0.207982374733169, 
-0.119499261686628, 0.0513607225323965, 0.264935702806177, -0.0340692695771157, 
-0.147975925723132, -0.0483076015953678, -0.0198309375588637, 
0.279174034824429, 0.193744042714917, 0.378842358952194, 0.307650698860933, 
-0.0483076015953678, -0.0767842656318719, -0.333074241960409, 
-0.0340692695771157, 0.0371223905141445, -0.375789238015165, 
-0.13373759370488, 0.165267378678413, -0.0910225976501239, 0.307650698860933, 
0.264935702806177, -275.588528493181, -36.3393873843611, -52.8621971496863, 
-0.0777165698770799, -0.0219221343711548, 0.0791752168329003, 
-0.175079573263807, 0.240139952845125, -0.057410733231322, 0.175149493605607, 
-0.00942359484496873, 0.159441668826645, 0.438075244871355, -0.0496034361117502, 
-0.257259814436125, 0.0583443176225902, 0.331084385726301, 0.40814155246727, 
-0.0712047688317108, 0.0750090369908383, 0.0242444453764436, 
0.129507976422561, -0.0430916350663811, 0.0463708406609564, -0.0357161699715435, 
0.190764087844751, -0.384124678202203, -291.754336030491, -37.5876144912945, 
-11.4059006342731, 49.0355388976436, -0.104841902340487, 0.128440571929882, 
-0.0788666194452232, 0.0162392709473075, 0.0824488170952767, 
-0.143365288721313, 0.252446471064487, 0.276076731016642, 0.549517961724093, 
-0.248497668427881, -0.18275230798564, -0.0591726046853306, -0.355056995026528, 
0.0798686223314672, 0.111453037419439, -0.174195903115328, 0.10663670604758, 
-0.336326214380228, -0.00961120964501627, -0.27558306164323, 
0.0873092962742401, -0.0507034851737676, -0.0528199671590905, 
-324.6633013743, -9.55233874735619, 10.3780707051363, 27.2332214758348, 
-50.7556978248139, -0.00941009853037258, 0.281769034438196, 0.0432266448513917, 
-0.00876725250616533, -0.0254476024469844, -0.0285390809109803, 
0.263222253901678, 0.0626756377354822, -0.183973229182978, -0.0520445175499912, 
0.138823544179989, -0.06825838244608, 0.200722109863842, 0.150814334727665, 
0.285238027427967, 0.0560546517773338, -0.217150185213725, 0.368823863395015, 
0.361951228710947, -0.128896178137278, -0.135586784119499, -0.304795315140054, 
-387.979380895428, -10.5506040255248, -3.0821807510087, -1.39477922235196, 
2.01904797820384, 50.2907839737789, 0.16484309233243, -0.0327713514621311, 
-0.051814448202073, 0.196651263709649, 0.0996879080353237, 0.367569701044066, 
0.206382588592555, -0.0232022841891836, 0.437128988137203, 0.0133589337738604, 
-0.0583107908963898, 0.0714249744346998, 0.239856525005813, -0.0560594843551854, 
-0.0226075463811291, 0.321499763980573, 0.0407630980953303, -0.00966089809144604, 
-0.119266962748405, 0.124317562394663, -0.0665318088785951, -217.276151305029, 
-8.12850554553101, -11.28973643718, 24.9500673066765, 7.20202602961464, 
12.9056306100236, 33.8173473807163, 0.511220043828959, -0.0458366447741229, 
0.316498366282974, -0.222105114393421, 0.170378284687647, -0.0586803152549434, 
0.192742373316839, 0.259169540466896, -0.451549478715301, -0.0918574981466851, 
-0.289428967457347, -0.0697124349141255, 0.172140195421367, 0.0885694103424513, 
-0.0752392526593375, 0.145423450395461, 0.0582118646459275, 0.0662260533346135, 
-0.165036359104517, 0.173700319376879), .Dim = c(27L, 7L), .Dimnames = list(
    c("1", "2", "3", "4", "5", "6", "7", "9", "10", "11", "12", 
    "13", "14", "15", "16", "17", "18", "20", "21", "22", "23", 
    "24", "25", "27", "28", "29", "30"), c("x1", "x2", "x3", 
    "x4", "x5", "x6", "x7")), assign = 1:7), qraux = c(1.19245008972988, 
1.00864572647764, 1.28630653259272, 1.0968936737861, 1.4402053297274, 
1.58484975676017, 1.14081140450292), pivot = 1:7, tol = 1e-07, 
    rank = 7L), .Names = c("qr", "qraux", "pivot", "tol", "rank"
), class = "qr"), df.residual = 20L, xlevels = structure(list(), .Names = character(0)), 
    call = quote(lm(formula = y ~ . + 0, data = structure(list(y = c(43, 
        63, 71, 61, 81, 43, 58, 72, 67, 64, 67, 69, 68, 77, 81, 
        74, 65, 50, 50, 64, 53, 40, 63, 78, 48, 85, 82), x1 = c(1, 
        1, 1, 1, 1, 1, 1, 1, 1, 1, 1, 1, 1, 1, 1, 1, 1, 1, 1, 
        1, 1, 1, 1, 1, 1, 1, 1), x2 = c(51, 64, 70, 63, 78, 55, 
        67, 82, 61, 53, 60, 62, 83, 77, 90, 85, 60, 58, 40, 61, 
        66, 37, 54, 75, 57, 85, 82), x3 = c(30, 51, 68, 45, 56, 
        49, 42, 72, 45, 53, 47, 57, 83, 54, 50, 64, 65, 68, 33, 
        52, 52, 42, 42, 58, 44, 71, 39), x4 = c(39, 54, 69, 47, 
        66, 44, 56, 67, 47, 58, 39, 42, 45, 72, 72, 69, 75, 54, 
        34, 62, 50, 58, 48, 74, 45, 71, 59), x5 = c(50, 59, 54, 
        55, 88, 54, 80, 61, 58, 60, 51, 63, 43, 61, 70, 71, 63, 
        62, 63, 79, 60, 55, 79, 88, 51, 55, 54), x6 = c(92, 73, 
        86, 84, 83, 49, 68, 83, 80, 67, 74, 63, 77, 77, 54, 79, 
        80, 78, 64, 80, 80, 57, 75, 78, 83, 74, 78), x7 = c(45, 
        47, 48, 35, 47, 34, 35, 31, 41, 34, 41, 25, 35, 46, 36, 
        63, 60, 52, 33, 41, 37, 49, 33, 49, 38, 55, 39)), .Names = c("y", 
        "x1", "x2", "x3", "x4", "x5", "x6", "x7"),