
expected <- structure(list(coefficients = structure(c(13.0857018156685, 0.588125920807788, 
0.276004344539004, -0.0238689857285463, 0.109489627528606, -0.231751040938998
), .Names = c("x1", "x2", "x3", "x4", "x5", "x6")), residuals = structure(c(-9.03253397482239, 
1.77330686296996, 1.22316886757638, -1.90675607008879, 7.32354744773519, 
-10.7733497474473, -7.70503698497072, 2.57092143671136, -8.01297723505893, 
7.28891241310357, 5.66350391802153, 10.6704038982094, 8.06703232785332, 
-5.23149347582356, 2.87178591136996, -1.02661076420569, -0.284419980569579, 
2.38510356456038, -1.8426604380335, -7.06276155940282, 5.67192821317749, 
0.244323187932692, -11.3828654025798, -4.5462713455112, 5.91870526726431, 
0.705662575720459, 6.42943108630829), .Names = c("1", "2", "3", 
"4", "5", "6", "7", "8", "9", "10", "11", "12", "13", "14", "15", 
"16", "17", "18", "19", "20", "21", "22", "23", "24", "25", "26", 
"30")), effects = structure(c(-332.553755053224, -47.3569455303206, 
-7.09825775186984, -3.90995682451534, -3.98542666142037, -9.10081890517137, 
-3.89314273049129, 5.9241914028246, -6.31612905857, 8.5395383189791, 
9.68377317354809, 12.5198982056955, 12.8325694883386, -4.6039548759648, 
4.9357780171684, 2.49112110830284, -1.0601320125257, 0.545662085589265, 
-0.960498674787845, -6.40885274228163, 9.32797060288716, 1.9530645629075, 
-9.86207948810599, -0.773835772573306, 9.79352712698583, 0.903994633835638, 
7.07625024067355), .Names = c("x1", "x2", "x3", "x4", "x5", "x6", 
"", "", "", "", "", "", "", "", "", "", "", "", "", "", "", "", 
"", "", "", "", "")), rank = 6L, fitted.values = structure(c(52.0325339748224, 
61.22669313703, 69.7768311324236, 62.9067560700888, 73.6764525522648, 
53.7733497474473, 65.7050369849707, 68.4290785632886, 80.0129772350589, 
59.7110875868964, 58.3364960819785, 56.3295961017906, 60.9329676721467, 
73.2314934758236, 74.12821408863, 82.0266107642057, 74.2844199805696, 
62.6148964354396, 66.8426604380335, 57.0627615594028, 44.3280717868225, 
63.7556768120673, 64.3828654025798, 44.5462713455112, 57.0812947327357, 
65.2943374242795, 75.5705689136917), .Names = c("1", "2", "3", 
"4", "5", "6", "7", "8", "9", "10", "11", "12", "13", "14", "15", 
"16", "17", "18", "19", "20", "21", "22", "23", "24", "25", "26", 
"30")), assign = 1:6, qr = structure(list(qr = structure(c(-5.19615242270663, 
0.192450089729875, 0.192450089729875, 0.192450089729875, 0.192450089729875, 
0.192450089729875, 0.192450089729875, 0.192450089729875, 0.192450089729875, 
0.192450089729875, 0.192450089729875, 0.192450089729875, 0.192450089729875, 
0.192450089729875, 0.192450089729875, 0.192450089729875, 0.192450089729875, 
0.192450089729875, 0.192450089729875, 0.192450089729875, 0.192450089729875, 
0.192450089729875, 0.192450089729875, 0.192450089729875, 0.192450089729875, 
0.192450089729875, 0.192450089729875, -342.753609808908, -68.0364825881156, 
0.0948302518508885, -0.00805572540306698, 0.212414225855409, 
-0.125639699407587, 0.0507362615991933, 0.168320235603714, 0.271206212857669, 
-0.0374517189041971, -0.155035692908718, -0.0521497156547622, 
-0.022753722153632, 0.285904209608234, 0.197716229104844, 0.38879018686219, 
0.315300203109364, -0.0521497156547622, 0.0948302518508885, -0.0815457091558923, 
-0.346109650666063, -0.0374517189041971, 0.0360382648486282, 
-0.390203640917759, -0.140337696158153, 0.197716229104844, 0.271206212857669, 
-288.867584684543, -31.8151748922231, -48.0865174981072, -0.117526037042695, 
0.127746403220075, -0.0999942759116541, 0.0296769566255072, -0.0710382040968528, 
0.10858259770564, -0.0975462093365626, 0.211127450364094, -0.253923094666134, 
-0.211515372678777, -0.35891601389968, 0.26251141646012, 0.132642536370258, 
0.1202045559421, 0.494727501655736, 0.020503064964138, 0.0779944815074442, 
-0.158104067093957, 0.214391539130883, -0.0851082289084048, 0.370966072013155, 
-0.00682096246726895, 0.0753487673796524, -0.0577842014769979, 
-333.131105322414, -32.1902459944875, -12.9783554425309, 36.7153512782919, 
0.0415504593211012, 0.106336437617158, -0.00751651682547335, 
-0.0643570067276173, 0.0825841373353619, -0.0350247583450389, 
0.121687703394095, -0.0409742652375954, 0.113456821108351, 0.197466182640328, 
-0.124180486543481, 0.494215284458793, -0.0920491164334553, 0.427511087755138, 
-0.219373531372882, -0.042872365871851, 0.189642362209374, 0.0058369450308784, 
0.00650837064936823, 0.215394288830985, -0.188315156994391, -0.459194333550801, 
0.193342505030014, -386.439780177589, -11.4110891809387, -1.39390996809852, 
21.9383019370648, -46.290941480164, -0.546716706053029, -0.21363690674492, 
-0.273290822053694, 0.0866974203767408, 0.0727191976516102, -0.199673765639765, 
-0.0308813722577988, -0.24032280075078, 0.0598002261147195, -0.109433925189495, 
-0.45632557541536, -0.05315489359874, 0.0978208552501352, 0.093983922327066, 
0.00594537925837234, -0.157895405304959, 0.0327840264242738, 
0.0700056188979883, -0.381199036046467, -0.073352620734853, -0.186650377845436, 
0.0339543234706752, -220.547802830437, -8.28150461356839, -25.961775486998, 
23.4545446463187, -4.6729079395003, 39.2698081022511, 0.217414866235917, 
0.0696340799163989, 0.410940299718969, 0.00527036637329232, 0.210392958070842, 
-0.0997744432909733, 0.228472661742992, -0.0389587030145255, 
0.203975123076283, 0.032958036240259, -0.291279287531454, -0.404783191833012, 
0.103876158018654, -0.18515240071744, -0.0827779189419972, 0.163879185553086, 
0.112325524495518, -0.224003699801092, 0.30941668768464, -0.375548579196752, 
0.0352555739225777), .Dim = c(27L, 6L), .Dimnames = list(c("1", 
"2", "3", "4", "5", "6", "7", "8", "9", "10", "11", "12", "13", 
"14", "15", "16", "17", "18", "19", "20", "21", "22", "23", "24", 
"25", "26", "30"), c("x1", "x2", "x3", "x4", "x5", "x6")), assign = 1:6), 
    qraux = c(1.19245008972988, 1.0066422713475, 1.27005326373809, 
    1.19839099082938, 1.08216275299336, 1.00812735809729), pivot = 1:6, 
    tol = 1e-07, rank = 6L), .Names = c("qr", "qraux", "pivot", 
"tol", "rank"), class = "qr"), df.residual = 21L, xlevels = structure(list(), .Names = character(0)), 
    call = quote(lm(formula = y ~ . + 0, data = structure(list(y = c(43, 
        63, 71, 61, 81, 43, 58, 71, 72, 67, 64, 67, 69, 68, 77, 
        81, 74, 65, 65, 50, 50, 64, 53, 40, 63, 66, 82), x1 = c(1, 
        1, 1, 1, 1, 1, 1, 1, 1, 1, 1, 1, 1, 1, 1, 1, 1, 1, 1, 
        1, 1, 1, 1, 1, 1, 1, 1), x2 = c(51, 64, 70, 63, 78, 55, 
        67, 75, 82, 61, 53, 60, 62, 83, 77, 90, 85, 60, 70, 58, 
        40, 61, 66, 37, 54, 77, 82), x3 = c(39, 54, 69, 47, 66, 
        44, 56, 55, 67, 47, 58, 39, 42, 45, 72, 72, 69, 75, 57, 
        54, 34, 62, 50, 58, 48, 63, 59), x4 = c(61, 63, 76, 54, 
        71, 54, 66, 70, 71, 62, 58, 59, 55, 59, 79, 60, 79, 55, 
        75, 64, 43, 66, 63, 50, 66, 88, 64), x5 = c(92, 73, 86, 
        84, 83, 49, 68, 66, 83, 80, 67, 74, 63, 77, 77, 54, 79, 
        80, 85, 78, 64, 80, 80, 57, 75, 76, 78), x6 = c(45, 47, 
        48, 35, 47, 34, 35, 41, 31, 41, 34, 41, 25, 35, 46, 36, 
        63, 60, 46, 52, 33, 41, 37, 49, 33, 72, 39)), .Names = c("y", 
        "x1", "x2", "x3", "x4", "x5", "x6"), row.names = c("1", 
        "2", "3", "4", "5", "6", "7", "8", "9", "10", "11", "12", 
        "13", "14", "15", "16", "17", "18", "19", "20", "21", 
        "22", "23", "24", "25", "26", "30"), class = "data.frame"))), 
    terms = y ~ x1 + x2 + x3 + x4 + x5 + x6 + 0, model = structure(list(
        y = c(43, 63, 71, 61, 81, 43, 58, 71, 72, 67, 64, 67, 
        69, 68, 77, 81, 74, 65, 65, 50, 50, 64, 53, 40, 63, 66, 
        82), x1 = c(1, 1, 1, 1, 1, 1, 1, 1, 1, 1, 1, 1, 1, 1, 
        1, 1, 1, 1, 1, 1, 1, 1, 1, 1, 1, 1, 1), x2 = c(51, 64, 
        70, 63, 78, 55, 67, 75, 82, 61, 53, 60, 62, 83, 77, 90, 
        85, 60, 70, 58, 40, 61, 66, 37, 54, 77, 82), x3 = c(39, 
        54, 69, 47, 66, 44, 56, 55, 67, 47, 58, 39, 42, 45, 72, 
        72, 69, 75, 57, 54, 34, 62, 50, 58, 48, 63, 59),