
expected <- structure(list(coefficients = structure(c(36.8010989288793, 0.637849040747596, 
-0.0793250662545721, 0.270084376198995, -0.055114961498383, -0.182886254575337, 
-0.186839323034853), .Names = c("x1", "x2", "x3", "x4", "x5", 
"x6", "x7")), residuals = structure(c(-8.63291490085959, 0.441971868547921, 
1.9010406570423, -0.963441602715275, 8.93748035270694, -10.7253001512501, 
-8.52219281227974, 0.340991770150359, -5.51865956784362, 7.87421210897609, 
6.661000483293, 11.2147001710557, 8.16345184523201, -2.89032634010354, 
2.40427708152559, -4.02332068457722, 0.178574565732064, 3.33456983926614, 
-5.59229945779316, -4.56423363821276, 3.37190793458289, 1.0500230120407, 
-10.2622530902179, -5.46143418543469, 6.00818231723525, 0.140794314763043, 
5.1331981091376), .Names = c("1", "2", "3", "4", "5", "6", "7", 
"8", "9", "10", "11", "12", "13", "14", "15", "16", "17", "18", 
"19", "20", "21", "22", "23", "24", "25", "26", "30")), effects = structure(c(-332.553755053224, 
-47.3569455303206, 4.84740410534456, 8.393226700135, -3.79798831725931, 
5.68476575534085, -7.26746971087429, 2.27925285228505, -3.81418412038892, 
10.346838268233, 8.24347806389852, 13.6876255913037, 8.64323531335258, 
-5.96047439994542, 6.49523017630187, -7.79435546595896, 2.53865930066143, 
-4.05372848461359, -6.16887233732732, -3.34019037484815, 0.391359369922903, 
2.95095610127514, -8.10052502797857, -6.81707139917656, 11.5293675082856, 
5.60726280601511, 5.20869888973334), .Names = c("x1", "x2", "x3", 
"x4", "x5", "x6", "x7", "", "", "", "", "", "", "", "", "", "", 
"", "", "", "", "", "", "", "", "", "")), rank = 7L, fitted.values = structure(c(51.6329149008596, 
62.5580281314521, 69.0989593429577, 61.9634416027153, 72.0625196472931, 
53.7253001512501, 66.5221928122797, 70.6590082298496, 77.5186595678436, 
59.1257878910239, 57.338999516707, 55.7852998289443, 60.836548154768, 
70.8903263401035, 74.5957229184744, 85.0233206845772, 73.8214254342679, 
61.6654301607339, 70.5922994577932, 54.5642336382128, 46.6280920654171, 
62.9499769879593, 63.2622530902179, 45.4614341854347, 56.9918176827648, 
65.859205685237, 76.8668018908624), .Names = c("1", "2", "3", 
"4", "5", "6", "7", "8", "9", "10", "11", "12", "13", "14", "15", 
"16", "17", "18", "19", "20", "21", "22", "23", "24", "25", "26", 
"30")), assign = 1:7, qr = structure(list(qr = structure(c(-5.19615242270663, 
0.192450089729875, 0.192450089729875, 0.192450089729875, 0.192450089729875, 
0.192450089729875, 0.192450089729875, 0.192450089729875, 0.192450089729875, 
0.192450089729875, 0.192450089729875, 0.192450089729875, 0.192450089729875, 
0.192450089729875, 0.192450089729875, 0.192450089729875, 0.192450089729875, 
0.192450089729875, 0.192450089729875, 0.192450089729875, 0.192450089729875, 
0.192450089729875, 0.192450089729875, 0.192450089729875, 0.192450089729875, 
0.192450089729875, 0.192450089729875, -342.753609808908, -68.0364825881156, 
0.0948302518508885, -0.00805572540306698, 0.212414225855409, 
-0.125639699407587, 0.0507362615991933, 0.168320235603714, 0.271206212857669, 
-0.0374517189041971, -0.155035692908718, -0.0521497156547622, 
-0.022753722153632, 0.285904209608234, 0.197716229104844, 0.38879018686219, 
0.315300203109364, -0.0521497156547622, 0.0948302518508885, -0.0815457091558923, 
-0.346109650666063, -0.0374517189041971, 0.0360382648486282, 
-0.390203640917759, -0.140337696158153, 0.197716229104844, 0.271206212857669, 
-273.471577506153, -31.9186052397271, -53.7540597150277, -0.068940024584522, 
-0.00259405148006831, 0.0792274842913807, -0.161627025089866, 
-0.0865555811570526, 0.258180623295055, -0.0505013934329394, 
0.172079099712536, -0.00407558572236198, 0.163518243799986, 0.453597014460587, 
-0.0305812280390631, -0.224845314793922, 0.0816967080285368, 
0.330782843490713, -0.114871987547668, 0.405031212844475, -0.0801347191500383, 
0.0797213290388119, 0.0336247511598553, 0.114952442183873, -0.0417759226045793, 
0.192657724769653, -0.355726496928915, -288.867584684543, -31.8151748922231, 
-10.7420708495204, 46.8713246981527, -0.13207290309552, 0.133572442022195, 
-0.0936583501173797, 0.0390282479705255, -0.0104238354988438, 
0.0803242194515253, -0.149301402981008, 0.258912388977911, 0.280950787064172, 
0.545622146599228, -0.281277578713764, -0.22401796861094, -0.0913695887295397, 
-0.378185415255976, -0.0659608194573539, 0.0783902646598316, 
0.130862578649903, -0.188771043885741, 0.100465325642289, -0.335626137821619, 
-0.00934067039045085, -0.00195424574144852, -0.0798415502449372, 
-333.131105322414, -32.1902459944875, -3.50937878261533, 12.5105472128115, 
36.7100149615495, 0.105468531550408, -0.0163289196565963, -0.0743779624692305, 
0.10616874208099, -0.0442868132532681, 0.14586505507458, -0.0567084134011468, 
0.111337397184802, 0.205441270383676, -0.110224244778494, 0.487591828964769, 
-0.0793765462796747, 0.479426441905598, -0.225703681410317, -0.0115209159943874, 
0.174779033093848, 0.0241286688068917, 0.00353639775883807, 0.245564261049768, 
-0.191502340867816, -0.44201655452141, 0.166482574751288, -404.914988791658, 
6.67397926525659, -4.84211555713143, -4.64026453360405, -14.1345982310855, 
-29.0610537911848, 0.111237717063843, -0.0603808392825229, 0.0639072651154309, 
0.0728474466197498, 0.0596199734002157, 0.147374410658033, -0.0560641452242126, 
-0.0298333529965988, 0.0839783236169103, -0.108842216243551, 
0.285908917350817, -0.255405207493863, -0.612184134613653, 0.181667170940033, 
-0.395585451957852, -0.0120555365953879, 0.0706890306970019, 
-0.039142458545075, 0.0576924591338495, 0.294641089544033, -0.0293013226103585, 
-220.547802830437, -8.28150461356839, -12.875499479707, 23.6840296439762, 
23.3341724624296, -1.97976778897699, 38.8968959683, 0.0906554487655149, 
0.418429026366957, -0.0111761984193031, 0.252188203295293, -0.120881859597198, 
0.235435839909618, -0.0754480370862316, 0.242348380979783, 0.0811150946290563, 
-0.275692726469654, -0.373904517140837, 0.0998456845223089, -0.174729256489434, 
-0.0857645660869281, 0.183035193232371, 0.0988263566388849, -0.15548961831631, 
0.321043476493722, -0.345156409341705, 0.0196474430887064), .Dim = c(27L, 
7L), .Dimnames = list(c("1", "2", "3", "4", "5", "6", "7", "8", 
"9", "10", "11", "12", "13", "14", "15", "16", "17", "18", "19", 
"20", "21", "22", "23", "24", "25", "26", "30"), c("x1", "x2", 
"x3", "x4", "x5", "x6", "x7")), assign = 1:7), qraux = c(1.19245008972988, 
1.0066422713475, 1.29439942593498, 1.09361073781378, 1.04916408911488, 
1.34274298329817, 1.24130508503039), pivot = 1:7, tol = 1e-07, 
    rank = 7L), .Names = c("qr", "qraux", "pivot", "tol", "rank"
), class = "qr"), df.residual = 20L, xlevels = structure(list(), .Names = character(0)), 
    call = quote(lm(formula = y ~ . + 0, data = structure(list(y = c(43, 
        63, 71, 61, 81, 43, 58, 71, 72, 67, 64, 67, 69, 68, 77, 
        81, 74, 65, 65, 50, 50, 64, 53, 40, 63, 66, 82), x1 = c(1, 
        1, 1, 1, 1, 1, 1, 1, 1, 1, 1, 1, 1, 1, 1, 1, 1, 1, 1, 
        1, 1, 1, 1, 1, 1, 1, 1), x2 = c(51, 64, 70, 63, 78, 55, 
        67, 75, 82, 61, 53, 60, 62, 83, 77, 90, 85, 60, 70, 58, 
        40, 61, 66, 37, 54, 77, 82), x3 = c(30, 51, 68, 45, 56, 
        49, 42, 50, 72, 45, 53, 47, 57, 83, 54, 50, 64, 65, 46, 
        68, 33, 52, 52, 42, 42, 66, 39), x4 = c(39, 54, 69, 47, 
        66, 44, 56, 55, 67, 47, 58, 39, 42, 45, 72, 72, 69, 75, 
        57, 54, 34, 62, 50, 58, 48, 63, 59), x5 = c(61, 63, 76, 
        54, 71, 54, 66, 70, 71, 62, 58, 59, 55, 59, 79, 60, 79, 
        55, 75, 64, 43, 66, 63, 50, 66, 88, 64), x6 = c(77, 73, 
        68, 80, 83, 92, 80, 73, 78, 80, 83, 83, 80, 80, 74, 80, 
        80, 78, 54, 83, 75, 77, 80, 84, 77, 74, 78), x7 = c(45, 
        47, 48, 35, 47, 34, 35, 41, 31, 41, 34, 41, 25, 35, 46, 
        36, 63, 60, 46, 52, 33, 41, 37, 49, 33, 72, 39)), .Names = c("y", 
        "x1", "x2", "x3", "x4", "x5", "x6", "x7"),