
expected <- structure(list(coefficients = structure(c(8.6594944574271, 0.652691166293643, 
-0.125996983869202, 0.273653705451577, 0.158656629539717, 0.0570745742606835, 
-0.240876349962979), .Names = c("x1", "x2", "x3", "x4", "x5", 
"x6", "x7")), residuals = structure(c(-9.07268980659962, 1.37619384895184, 
1.96090303244284, -0.673649503331762, 5.74465919584337, -13.0529423622423, 
-0.75891417615489, -7.6924561609798, 6.80773789271566, 10.2063988361974, 
8.29185386748068, -2.18556317897038, -0.493024056245421, -5.21873213747884, 
-2.88117192774127, 6.11946118834518, -3.05123817799735, -5.09073104984153, 
6.93262478217645, 0.121508402649604, -4.31326377067416, 4.33451780463133, 
-2.68330146757081, 2.16178749848269, -7.22439995185693, 6.95795115633696, 
3.37648022143101), .Names = c("1", "2", "3", "4", "5", "6", "8", 
"9", "10", "12", "13", "14", "15", "16", "17", "18", "19", "20", 
"21", "22", "24", "25", "26", "27", "28", "29", "30")), effects = structure(c(-339.4819582835, 
54.8283956586102, 5.80475161533608, 9.31821960428338, 0.160620560741982, 
-1.50355577013119, -9.03060197212494, -7.7565536955736, 9.52527901699445, 
13.5794490103467, 8.19497440306993, -3.76845518056087, 1.98338684002683, 
-7.09436748380156, 0.941106013525708, 2.22361456382618, -5.01927353996422, 
-3.01987158665435, 5.2825251681099, 1.13295713081241, -4.06461435849701, 
7.59303758194425, 3.07418231839473, 5.4049201166643, -11.9481108224541, 
8.73935175101745, 4.61096081422327), .Names = c("x1", "x2", "x3", 
"x4", "x5", "x6", "x7", "", "", "", "", "", "", "", "", "", "", 
"", "", "", "", "", "", "", "", "", "")), rank = 7L, fitted.values = structure(c(52.0726898065996, 
61.6238061510482, 69.0390969675572, 61.6736495033318, 75.2553408041566, 
56.0529423622423, 71.7589141761549, 79.6924561609798, 60.1922621072843, 
56.7936011638026, 60.7081461325193, 70.1855631789704, 77.4930240562454, 
86.2187321374788, 76.8811719277413, 58.8805388116548, 68.0512381779973, 
55.0907310498415, 43.0673752178236, 63.8784915973504, 44.3132637706742, 
58.6654821953687, 68.6833014675708, 75.8382125015173, 55.2243999518569, 
78.042048843663, 78.623519778569), .Names = c("1", "2", "3", 
"4", "5", "6", "8", "9", "10", "12", "13", "14", "15", "16", 
"17", "18", "19", "20", "21", "22", "24", "25", "26", "27", "28", 
"29", "30")), assign = 1:7, qr = structure(list(qr = structure(c(-5.19615242270663, 
0.192450089729875, 0.192450089729875, 0.192450089729875, 0.192450089729875, 
0.192450089729875, 0.192450089729875, 0.192450089729875, 0.192450089729875, 
0.192450089729875, 0.192450089729875, 0.192450089729875, 0.192450089729875, 
0.192450089729875, 0.192450089729875, 0.192450089729875, 0.192450089729875, 
0.192450089729875, 0.192450089729875, 0.192450089729875, 0.192450089729875, 
0.192450089729875, 0.192450089729875, 0.192450089729875, 0.192450089729875, 
0.192450089729875, 0.192450089729875, -348.719562590534, 70.3467601717852, 
-0.0780287364412797, 0.0214783337195374, -0.191751102339356, 
0.135200699617614, -0.149105215127578, -0.248612285288395, 0.0499089251940565, 
0.0641242209313161, 0.035693629456797, -0.262827581025654, -0.177535806602097, 
-0.362334651186471, -0.291258172500173, 0.0641242209313161, -0.0780287364412797, 
0.0925548124058353, 0.348430135676508, 0.0499089251940565, 0.391076022888286, 
0.149415995354874, -0.177535806602097, -0.149105215127578, 0.106770108143095, 
-0.291258172500173, -0.248612285288395, -278.475279839129, 37.4320326308127, 
-53.0034098114856, -0.075706467318834, -0.012820834695724, 0.0769060743699957, 
-0.0970914619501152, 0.250473687390347, -0.0564200426149869, 
-0.0090434088263427, 0.160337273653413, 0.448364292940387, -0.040911043780521, 
-0.241739647228969, 0.0706103645876936, 0.330557384104143, -0.124342243063939, 
0.406443940963071, -0.0803131118449159, 0.0756469324135353, 0.118416921676098, 
-0.0455176883066029, 0.185489484839803, 0.0538422237967673, -0.0367139039256529, 
0.202677339616216, -0.372127766315544, -293.87128701752, 38.6703428372584, 
-11.1993092197911, 48.2684858320112, -0.107781713378168, 0.123670080364893, 
0.0546436939298392, 0.0157286801850715, 0.0785726316673404, 0.250959607742599, 
0.275155952383693, 0.557391283462209, -0.253908605931057, -0.183741834899432, 
-0.0598830973881054, -0.366755652799726, -0.0531978074521516, 
0.0744881674426076, 0.103155243763194, -0.182367420860423, -0.35276932207614, 
-0.0166088494611066, 0.0179571101637227, -0.282048775483992, 
0.0825405083636648, -0.0514962842411523, -0.0534055120873466, 
-337.172557206741, 36.836569687152, -5.16778260521913, 16.2281513297429, 
37.9166840284646, 0.0835594819560166, -0.0630539048863254, 0.132268331220139, 
-0.0533339485690291, -0.0782152081012886, 0.0894348825868988, 
0.194679742628102, -0.0710853329627902, 0.515030941716979, -0.042145077543721, 
0.494384023059033, -0.208951813517518, -0.0141880208886574, 0.128431879702814, 
0.0352417991869256, 0.231231700849824, -0.197927926993655, -0.406850176221955, 
-0.0819328808918057, 0.183295735263701, 0.0432338267840593, 0.180789086275012, 
-400.29618663814, -3.48432693293273, -6.39266130353641, -3.34397954266478, 
-10.7685449109451, -33.0577154619745, -0.109250871621167, -0.0258195911992883, 
0.0995307511327804, 0.176144999838243, 0.0101932846442917, -0.0757590599756544, 
-0.019415155798515, -0.149587125701566, 0.120104142057177, -0.125905871670791, 
-0.595446331204448, 0.201787156322463, -0.140602609027322, 0.0186600252005317, 
0.172782094684918, 0.0974097850108709, 0.111159649822032, 0.0878121725877479, 
-0.497655312769328, 0.0250931864096699, -0.0766585743017314, 
-227.476006060713, 10.7846710326676, -14.0153888247995, 26.0485431054199, 
21.7559864849447, -1.59085466859121, 37.4906128123947, 0.399081010840137, 
0.00967184666025713, -0.107987664006298, 0.277118594240321, -0.11392006709362, 
0.219487414743172, 0.0607055777472195, -0.354576514221464, -0.299082975836408, 
0.113428884283866, -0.150368022907354, 0.0399219678690484, 0.225421000925664, 
-0.0237989668451114, 0.369070868835243, -0.428794715967773, 0.191684067221418, 
-0.0242386896760417, -0.145080681633741, -0.00713035925090888
), .Dim = c(27L, 7L), .Dimnames = list(c("1", "2", "3", "4", 
"5", "6", "8", "9", "10", "12", "13", "14", "15", "16", "17", 
"18", "19", "20", "21", "22", "24", "25", "26", "27", "28", "29", 
"30"), c("x1", "x2", "x3", "x4", "x5", "x6", "x7")), assign = 1:7), 
    qraux = c(1.19245008972988, 1.00726303798228, 1.29072539273999, 
    1.09374745055647, 1.07450307990198, 1.39827354547405, 1.07219940221866
    ), pivot = 1:7, tol = 1e-07, rank = 7L), .Names = c("qr", 
"qraux", "pivot", "tol", "rank"), class = "qr"), df.residual = 20L, 
    xlevels = structure(list(), .Names = character(0)), call = quote(lm(formula = y ~ 
        . + 0, data = structure(list(y = c(43, 63, 71, 61, 81, 
        43, 71, 72, 67, 67, 69, 68, 77, 81, 74, 65, 65, 50, 50, 
        64, 40, 63, 66, 78, 48, 85, 82), x1 = c(1, 1, 1, 1, 1, 
        1, 1, 1, 1, 1, 1, 1, 1, 1, 1, 1, 1, 1, 1, 1, 1, 1, 1, 
        1, 1, 1, 1), x2 = c(51, 64, 70, 63, 78, 55, 75, 82, 61, 
        60, 62, 83, 77, 90, 85, 60, 70, 58, 40, 61, 37, 54, 77, 
        75, 57, 85, 82), x3 = c(30, 51, 68, 45, 56, 49, 50, 72, 
        45, 47, 57, 83, 54, 50, 64, 65, 46, 68, 33, 52, 42, 42, 
        66, 58, 44, 71, 39), x4 = c(39, 54, 69, 47, 66, 44, 55, 
        67, 47, 39, 42, 45, 72, 72, 69, 75, 57, 54, 34, 62, 58, 
        48, 63, 74, 45, 71, 59), x5 = c(61, 63, 76, 54, 71, 54, 
        70, 71, 62, 59, 55, 59, 79, 60, 79, 55, 75, 64, 43, 66, 
        50, 66, 88, 80, 51, 77, 64), x6 = c(77, 73, 68, 80, 83, 
        92, 73, 78, 80, 83, 80, 80, 74, 80, 80, 78, 54, 83, 75, 
        77, 84, 77, 74, 77, 64, 78, 78), x7 = c(45, 47, 48, 35, 
        47, 34, 41, 31, 41, 41, 25, 35, 46, 36, 63, 60, 46, 52, 
        33, 41, 49, 33, 72, 49, 38, 55, 39)), .Names = c("y", 
        "x1", "x2", "x3", "x4", "x5", "x6", "x7"),