
expected <- structure(list(coefficients = structure(c(2.94627504017259, 0.571174909788166, 
-0.0825773112424865, 0.331875572242003, 0.107740140272098, 0.122071978982038, 
-0.149874926613433), .Names = c("x1", "x2", "x3", "x4", "x5", 
"x6", "x7")), residuals = structure(c(-3.35804558426354, -0.845622889675344, 
-0.129798594488215, 6.08201975044804, -7.30526082739422, -1.40081321060378, 
-7.07731319798094, 6.61232151612508, 5.8359276986031, 13.425172566479, 
7.87202729087597, -4.82672712041566, 0.0951674228140781, -1.61807074753673, 
-0.409131042828992, 1.68047821975758, -5.34915524891284, 7.13654483209627, 
4.01642562969619, -7.32640453962505, -5.1395391465765, -0.203057640952944, 
-5.43421917045607, 2.36377467008934, -11.6762806121359, 4.89509918915972, 
5.13193117048433), .Names = c("1", "2", "3", "5", "7", "8", "9", 
"10", "11", "12", "13", "14", "15", "16", "17", "18", "19", "21", 
"22", "23", "24", "25", "26", "27", "28", "29", "30")), effects = structure(c(265.648891059603, 
-222.826861587615, -3.85133138507903, -17.2176375076265, -6.48190888153079, 
6.45447687177998, -5.83296241772344, 7.45306199156207, 5.76631214719836, 
15.3165259481943, 9.68529067830295, -3.60620248471373, 0.683773717473129, 
-4.75909627528767, -0.896285755570451, -4.35321496828219, -3.98372345467784, 
6.70911787774785, 5.1589473796128, -5.13983341408788, -8.73602954899388, 
1.41226707544359, -4.96845824996955, 2.78361417116216, -13.0600069313091, 
3.87621207984889, 4.18961523697732), .Names = c("x1", "x2", "x3", 
"x4", "x5", "x6", "x7", "", "", "", "", "", "", "", "", "", "", 
"", "", "", "", "", "", "", "", "", "")), rank = 7L, fitted.values = structure(c(46.3580455842635, 
63.8456228896753, 71.1297985944882, 74.917980249552, 65.3052608273942, 
72.4008132106038, 79.0773131979809, 60.3876784838749, 58.1640723013969, 
53.574827433521, 61.127972709124, 72.8267271204157, 76.9048325771859, 
82.6180707475367, 74.409131042829, 63.3195217802424, 70.3491552489128, 
42.8634551679037, 59.9835743703038, 60.326404539625, 45.1395391465765, 
63.2030576409529, 71.4342191704561, 75.6362253299107, 59.6762806121359, 
80.1049008108403, 76.8680688295157), .Names = c("1", "2", "3", 
"5", "7", "8", "9", "10", "11", "12", "13", "14", "15", "16", 
"17", "18", "19", "21", "22", "23", "24", "25", "26", "27", "28", 
"29", "30")), assign = 1:7, qr = structure(list(qr = structure(c(7.20799775477766, 
-0.231948405680095, -0.111643914313155, -0.110632604393936, -0.0825755356524471, 
-0.281809474180971, -0.132575511171572, -0.158360485624491, -0.173643058818558, 
-0.0469561828078673, -0.311436245711485, -0.321524688736559, 
-0.116389372348076, -0.178245559978287, 0.0220485730553284, -0.133114289344185, 
-0.17357548667624, -0.186383586214101, 0.0881536273922867, 0.0319687805675102, 
-0.151826145010303, -0.403896994015307, -0.189675244044615, -0.105093541497348, 
-0.27720056966815, -0.224547637536754, -0.145960295104106, 266.193405232308, 
-238.728027283828, 0.209516105305176, 0.243785268541603, 0.21874340946902, 
0.102879463556532, 0.244089126855969, 0.136790729961635, 0.0918217416679634, 
0.2161268127256, 0.0262116314893628, 0.106614070834054, 0.23528028659925, 
0.243359119929067, 0.372584544176501, 0.15153010187752, 0.163083145794642, 
0.0278143065564427, 0.321613743357401, 0.300433705272575, 0.041157014368039, 
-0.076621398410723, 0.180334484590065, 0.235371558203493, 0.0309353627294442, 
0.187699978437648, 0.234053936295119, 215.740364750688, -175.494005197572, 
-51.4193461350379, -0.069444249522527, -0.172557116395897, -0.222928915681786, 
0.174766075022039, -0.0641872706192525, 0.197870304792412, 0.0405670515963605, 
0.0840045021972626, 0.286873764613394, -0.0968146253764961, -0.387829091202806, 
0.0483033923819965, 0.350674377636728, -0.179551741451844, -0.0124595426487854, 
0.186268169249643, 0.0892368383821166, 0.22118322938427, -0.137031444154527, 
0.102574548596189, 0.0146058374097202, -0.0819661342155962, 0.0700809424973845, 
-0.473222853558344, 219.332454954865, -202.854886745353, -20.251514182949, 
-50.8236687016953, 0.0643828055532171, -0.0573279332589647, -0.128413676344523, 
-0.0591666030138016, 0.170668576838348, -0.25300087873594, -0.236197963008151, 
-0.621731944513968, 0.178377966158857, 0.0980148973268161, -0.0874230148419025, 
0.315743373084136, 0.0409959961134626, 0.0136145957899616, 0.109733042893322, 
-0.162785039860911, 0.42659931279777, 0.121740266314964, -0.087690862051792, 
0.19922588346239, -0.0183201427320152, -0.0475990268065601, 0.0141173330273378, 
250.746782724885, -230.357786980895, -13.9711416644437, -23.2559561444717, 
-43.0849003106977, 0.152993853684129, -0.180442017901895, 0.168781541983659, 
0.0465069234745589, 0.122012124881295, 0.0685073155961288, -0.217963687540048, 
0.0829014582706207, -0.468283938064456, -0.0941405872549127, 
-0.332373497743115, 0.273170999756332, 0.162679173700533, -0.0268503212593093, 
-0.0180752513982849, 0.0866736079771975, 0.470266349850167, 0.363497386472244, 
0.0902435911645689, 0.0429865061910764, -0.064796042607937, -0.131119891561701, 
281.614084174034, -262.332783816283, -27.5507944246214, -18.9765740686078, 
-47.6394386409675, 59.0452824464763, -0.00801077333683691, -0.227860002286932, 
-0.0542059618098345, -0.10141437403395, -0.0983425291686428, 
-0.170103107080757, 0.164772372685418, 0.175930635526393, 0.252871171398491, 
-0.25852065752868, -0.0998614098721499, -0.339861228847317, 0.00901347700375454, 
-0.0721457310211024, -0.0515002172502274, -0.230473714508213, 
0.344196469281557, 0.187599740666282, -0.538819163375432, 0.187152229001744, 
-0.183642190891915, 160.129211981449, -154.806539500088, -23.2995135544735, 
-29.8355746037588, -26.5254833739022, 5.02617497827199, 38.9188675485939, 
-0.0587643288110295, 0.190329033772044, -0.111918109137309, 0.158305883210068, 
-0.0188230424206974, 0.189418163781047, 0.166532075113008, -0.207286473873502, 
-0.299052362909346, 0.00402510808037724, -0.157216300494939, 
0.246480091298571, 0.171896741661638, -0.255347051655917, 0.0774517120875942, 
-0.497214808928507, 0.159040558500282, -0.142007587597031, -0.115107766801773, 
0.0630263583715604), .Dim = c(27L, 7L), .Dimnames = list(c("1", 
"2", "3", "5", "7", "8", "9", "10", "11", "12", "13", "14", "15", 
"16", "17", "18", "19", "21", "22", "23", "24", "25", "26", "27", 
"28", "29", "30"), c("x1", "x2", "x3", "x4", "x5", "x6", "x7"
)), assign = 1:7), qraux = c(1.20229568835134, 1.09418506991014, 
1.2770232978035, 1.03070485120629, 1.08054576142699, 1.08962085335168, 
1.47982184448048), pivot = 1:7, tol = 1e-07, rank = 7L), .Names = c("qr", 
"qraux", "pivot", "tol", "rank"), class = "qr"), df.residual = 20L, 
    xlevels = structure(list(), .Names = character(0)), call = quote(lm(formula = y ~ 
        . + 0, data = structure(list(y = c(43, 63, 71, 81, 58, 
        71, 72, 67, 64, 67, 69, 68, 77, 81, 74, 65, 65, 50, 64, 
        53, 40, 63, 66, 78, 48, 85, 82), x1 = c(-1.45814686743768, 
        1.67188358736638, 0.804729083703814, 0.797439564076696, 
        0.595204275582401, 2.03128205717151, 0.955603986863188, 
        1.14146202482683, 1.25161877809689, 0.338460060252037, 
        2.24483175984477, 2.3175492345187, 0.838934334564916, 
        1.28479359612258, -0.158926065078858, 0.959487498721707, 
        1.25113171824678, 1.34345247095865, -0.635411148319109, 
        -0.230430898553593, 1.09436251235081, 2.91128862602378, 
        1.36717873321049, 0.757514011154519, 1.99806108379111, 
        1.61853886720555, 1.05208147939708), x2 = c(51, 64, 70, 
        78, 67, 75, 82, 61, 53, 60, 62, 83, 77, 90, 85, 60, 70, 
        40, 61, 66, 37, 54, 77, 75, 57, 85, 82), x3 = c(30, 51, 
        68, 56, 42, 50, 72, 45, 53, 47, 57, 83, 54, 50, 64, 65, 
        46, 33, 52, 52, 42, 42, 66, 58, 44, 71, 39), x4 = c(39, 
        54, 69, 66, 56, 55, 67, 47, 58, 39, 42, 45, 72, 72, 69, 
        75, 57, 34, 62, 50, 58, 48, 63, 74, 45, 71, 59),