
expected <- structure(list(coefficients = structure(c(22.0901896114466, 0.71757313922373, 
-0.0867630939200881, 0.475888835398504, -0.265897592462209, 0.0403829006042538, 
-0.314465078240649), .Names = c("x1", "x2", "x3", "x4", "x5", 
"x6", "x7")), residuals = structure(c(-4.67327159112268, -0.534680289206745, 
1.37160716999019, 0.357501443163865, 6.69598264430043, -8.08486288354026, 
-10.6216934902324, -0.104533611483705, -3.6330590887903, 8.37159023398077, 
11.0795239178104, 10.4649636091662, -4.90659877389734, 0.867384257172255, 
3.83858165545545, -1.9954247980496, -3.28777467241284, 5.11628493456212, 
-1.84515630060923, -3.34395671507559, -7.45391546169696, 10.3758384810409, 
-3.94732325563926, 1.03652946291712, -10.4306105690838, 2.78022362286687, 
2.50685006841414), .Names = c("1", "2", "3", "4", "5", "6", "7", 
"8", "9", "11", "12", "13", "14", "15", "18", "19", "20", "21", 
"22", "23", "24", "25", "26", "27", "28", "29", "30")), effects = structure(c(-330.436804066196, 
-51.0689079508119, 2.68611967430661, 13.3743426997647, -4.06745681732396, 
-2.83519168264449, -11.2823428741009, 2.82472571166292, -5.46207766158218, 
9.37170292023011, 13.2652795404053, 12.8976681604067, -4.67083770820503, 
2.44055162044512, -1.94360910903699, -0.330425259041838, -3.9635894202817, 
8.53104222210341, 0.828463460104125, -6.54883519351009, -4.69398859328488, 
12.6688850759114, -0.402049287401687, 3.98674491478522, -10.1094120373302, 
4.7844264151205, 2.27165052177721), .Names = c("x1", "x2", "x3", 
"x4", "x5", "x6", "x7", "", "", "", "", "", "", "", "", "", "", 
"", "", "", "", "", "", "", "", "", "")), rank = 7L, fitted.values = structure(c(47.6732715911227, 
63.5346802892067, 69.6283928300098, 60.6424985568361, 74.3040173556996, 
51.0848628835403, 68.6216934902324, 71.1045336114837, 75.6330590887903, 
55.6284097660192, 55.9204760821896, 58.5350363908338, 72.9065987738973, 
76.1326157428277, 61.1614183445446, 66.9954247980496, 53.2877746724128, 
44.8837150654379, 65.8451563006092, 56.3439567150756, 47.453915461697, 
52.6241615189591, 69.9473232556393, 76.9634705370829, 58.4306105690838, 
82.2197763771331, 79.4931499315859), .Names = c("1", "2", "3", 
"4", "5", "6", "7", "8", "9", "11", "12", "13", "14", "15", "18", 
"19", "20", "21", "22", "23", "24", "25", "26", "27", "28", "29", 
"30")), assign = 1:7, qr = structure(list(qr = structure(c(-5.19615242270663, 
0.192450089729875, 0.192450089729875, 0.192450089729875, 0.192450089729875, 
0.192450089729875, 0.192450089729875, 0.192450089729875, 0.192450089729875, 
0.192450089729875, 0.192450089729875, 0.192450089729875, 0.192450089729875, 
0.192450089729875, 0.192450089729875, 0.192450089729875, 0.192450089729875, 
0.192450089729875, 0.192450089729875, 0.192450089729875, 0.192450089729875, 
0.192450089729875, 0.192450089729875, 0.192450089729875, 0.192450089729875, 
0.192450089729875, 0.192450089729875, -339.09705810404, -64.6156729066964, 
0.108983611697181, 0.000650761707243416, 0.232792583114252, -0.123158209709828, 
0.062555247415779, 0.18636421883285, 0.294697068822788, -0.154110452564096, 
-0.0457776025741583, -0.0148253597198905, 0.310173190249921, 
0.217316461687118, -0.0457776025741583, 0.108983611697181, -0.0767298454284261, 
-0.355300031116836, -0.0303014811470244, 0.0470791259886451, 
-0.401728395398238, -0.138634331136962, 0.217316461687118, 0.18636421883285, 
-0.09220596685556, 0.341125433104189, 0.294697068822788, -276.165878762371, 
-38.1635422496297, -51.8743814456437, -0.0855473432092191, -0.04856337822439, 
0.0849309466482844, -0.190063826433519, -0.12921405674444, 0.213189566166732, 
0.185382533999306, -0.011979315364881, 0.157451833421777, 0.413569170333353, 
-0.0754469377310734, 0.335012773954993, -0.147967824504566, 0.416187023010466, 
-0.0484397098142874, 0.0727362590284481, 0.0143806736063798, 
0.160069686098891, -0.0383393043361418, 0.155881121815509, 0.0250046496199481, 
-0.0347979789982857, 0.158898876617943, -0.42296259758637, -289.252484864003, 
-31.3907329613699, -13.3466992843226, 48.2336760195802, -0.136472883490647, 
0.140388076539147, -0.101260795485054, 0.0269506847315662, -0.00615291317959386, 
-0.128078914877611, 0.254458693873492, 0.284006477751736, 0.544488861880237, 
-0.282411587864147, -0.345938555488481, -0.0735791413930778, 
0.103119148399489, 0.13807943157391, -0.176514074493189, 0.0989021682106239, 
-0.302490055363458, -0.0046328365620625, 0.00149287179026787, 
-0.302089745621851, 0.0897596230145777, -0.0812154818399324, 
-0.107903985368068, -334.478255950523, -38.7894653829049, 0.555667010559441, 
19.0140992758694, 32.1220941799484, 0.0644213454757995, 0.0522421677534954, 
-0.0210833672358523, 0.163670913661582, 0.140162659569243, -0.111606539492539, 
0.0561403290095904, 0.14546592893897, -0.00441921145649144, 0.56382389376036, 
-0.188644216175881, -0.101678496626264, 0.114186051183665, 0.0536649202013496, 
0.00290461537673168, 0.238031508303309, -0.23220855273184, -0.472311567154308, 
-0.0370957764954307, 0.212842629828227, 0.0817780411828128, 0.347018395759617, 
-390.673682151647, -18.1024765522868, 4.6765930061464, 4.41255482406476, 
6.08501349703637, 44.1815104457549, 0.228045641893625, 0.322082794613773, 
-0.033366387115158, 0.192903192390164, 0.0921048360592925, 0.345090965494565, 
0.136235267493024, 0.0712373206703007, -0.103282363785743, -0.122954502947308, 
0.00128171055295606, 0.205245247242783, -0.0644534994841034, 
-0.0296763245446865, 0.331791493147698, 0.0402447626546307, 0.146967137411694, 
0.0447201027819572, -0.155958195944128, 0.185202534441576, 0.0399243915521937, 
-216.891251125569, 8.45282824762753, -14.2965927366545, 14.9521014449934, 
-13.4450547526514, 14.6896095851577, 35.8778880542878, 0.0427137138110117, 
-0.132397184436813, 0.0497049803770686, 0.0712950970533592, 0.132740158487765, 
0.164795881295612, 0.0049218099151664, -0.306275578318756, -0.00553603467693083, 
-0.190082203790858, 0.345154533963132, 0.359604317541285, -0.523164708702254, 
0.254397220026806, -0.0433658704145307, -0.110566385826622, 0.209794232981265, 
0.255498576496693, 0.160442630736124, 0.0518975029579638), .Dim = c(27L, 
7L), .Dimnames = list(c("1", "2", "3", "4", "5", "6", "7", "8", 
"9", "11", "12", "13", "14", "15", "18", "19", "20", "21", "22", 
"23", "24", "25", "26", "27", "28", "29", "30"), c("x1", "x2", 
"x3", "x4", "x5", "x6", "x7")), assign = 1:7), qraux = c(1.19245008972988, 
1.01612688313438, 1.2761336179975, 1.08835711112596, 1.14919751195942, 
1.62149691531514, 1.24418115998168), pivot = 1:7, tol = 1e-07, 
    rank = 7L), .Names = c("qr", "qraux", "pivot", "tol", "rank"
), class = "qr"), df.residual = 20L, xlevels = structure(list(), .Names = character(0)), 
    call = quote(lm(formula = y ~ . + 0, data = structure(list(y = c(43, 
        63, 71, 61, 81, 43, 58, 71, 72, 64, 67, 69, 68, 77, 65, 
        65, 50, 50, 64, 53, 40, 63, 66, 78, 48, 85, 82), x1 = c(1, 
        1, 1, 1, 1, 1, 1, 1, 1, 1, 1, 1, 1, 1, 1, 1, 1, 1, 1, 
        1, 1, 1, 1, 1, 1, 1, 1), x2 = c(51, 64, 70, 63, 78, 55, 
        67, 75, 82, 53, 60, 62, 83, 77, 60, 70, 58, 40, 61, 66, 
        37, 54, 77, 75, 57, 85, 82), x3 = c(30, 51, 68, 45, 56, 
        49, 42, 50, 72, 53, 47, 57, 83, 54, 65, 46, 68, 33, 52, 
        52, 42, 42, 66, 58, 44, 71, 39), x4 = c(39, 54, 69, 47, 
        66, 44, 56, 55, 67, 58, 39, 42, 45, 72, 75, 57, 54, 34, 
        62, 50, 58, 48, 63, 74, 45, 71, 59), x5 = c(61, 63, 76, 
        54, 71, 54, 66, 70, 71, 58, 59, 55, 59, 79, 55, 75, 64, 
        43, 66, 63, 50, 66, 88, 80, 51, 77, 64), x6 = c(92, 73, 
        86, 84, 83, 49, 68, 66, 83, 67, 74, 63, 77, 77, 80, 85, 
        78, 64, 80, 80, 57, 75, 76, 78, 83, 74, 78), x7 = c(46, 
        38, 41, 45, 47, 47, 31, 34, 49, 47, 35, 35, 33, 41, 72, 
        38, 52, 33, 34, 60, 45, 41, 36, 35, 38, 35, 39)), .Names = c("y", 
        "x1", "x2", "x3", "x4", "x5", "x6", "x7"),