
expected <- structure(list(coefficients = structure(c(5.36454305414734, 0.631215637681377, 
-0.031074252530695, 0.339783655101667, -0.00578615698008579, 
0.0684821799226756, -0.133700813931346), .Names = c("x1", "x2", 
"x3", "x4", "x5", "x6", "x7")), residuals = structure(c(-6.80674389913212, 
1.90587288026847, 1.17948156166165, 0.536859197045849, 6.5393630633073, 
-8.50940420222193, -6.88090748707082, 2.62005895817916, -7.46449616542142, 
9.76071814985683, 6.97859072523159, 12.6647328186186, -3.93065445454989, 
2.10791759496865, -2.12511194125626, -3.5322891249265, -1.69360224277513, 
-6.6020629362515, 9.51060062384906, 0.754880375331323, -9.16124787031522, 
-4.18469156191803, -2.8898100573025, 3.43877718089632, -7.20223673804846, 
6.14259839666469, 6.84280715531033), .Names = c("1", "2", "3", 
"4", "5", "6", "7", "8", "9", "10", "11", "12", "14", "15", "16", 
"17", "19", "20", "21", "22", "23", "24", "26", "27", "28", "29", 
"30")), effects = structure(c(-335.248056309443, 55.507881731414, 
-0.198995568433276, 11.9464952576651, -2.46905718654303, 3.65791074675442, 
-4.22594436165122, 6.99125887094929, -6.03471342106783, 10.1634332820657, 
7.88224988823959, 15.2051509612505, -2.61003737834851, 4.17417374504561, 
-3.16032641618783, -2.23297827760941, 1.48139298948609, -6.87882352610126, 
9.45464709304988, 1.22995139787064, -8.30259105060839, -6.36365287373139, 
2.33869468945126, 5.86493519597399, -9.98435635708231, 7.73800448788757, 
6.56651278827416), .Names = c("x1", "x2", "x3", "x4", "x5", "x6", 
"x7", "", "", "", "", "", "", "", "", "", "", "", "", "", "", 
"", "", "", "", "", "")), rank = 7L, fitted.values = structure(c(49.8067438991321, 
61.0941271197315, 69.8205184383384, 60.4631408029542, 74.4606369366927, 
51.5094042022219, 64.8809074870708, 68.3799410418208, 79.4644961654214, 
57.2392818501432, 57.0214092747684, 54.3352671813814, 71.9306544545499, 
74.8920824050313, 83.1251119412563, 77.5322891249265, 66.6936022427751, 
56.6020629362515, 40.4893993761509, 63.2451196246687, 62.1612478703152, 
44.184691561918, 68.8898100573025, 74.5612228191037, 55.2022367380485, 
78.8574016033353, 75.1571928446897), .Names = c("1", "2", "3", 
"4", "5", "6", "7", "8", "9", "10", "11", "12", "14", "15", "16", 
"17", "19", "20", "21", "22", "23", "24", "26", "27", "28", "29", 
"30")), assign = 1:7, qr = structure(list(qr = structure(c(-5.19615242270663, 
0.192450089729875, 0.192450089729875, 0.192450089729875, 0.192450089729875, 
0.192450089729875, 0.192450089729875, 0.192450089729875, 0.192450089729875, 
0.192450089729875, 0.192450089729875, 0.192450089729875, 0.192450089729875, 
0.192450089729875, 0.192450089729875, 0.192450089729875, 0.192450089729875, 
0.192450089729875, 0.192450089729875, 0.192450089729875, 0.192450089729875, 
0.192450089729875, 0.192450089729875, 0.192450089729875, 0.192450089729875, 
0.192450089729875, 0.192450089729875, -350.644063487833, 69.9767157041593, 
-0.0740027970375246, 0.0260304773103873, -0.188326539149424, 
0.140354219422287, -0.0311313937455624, -0.145455135857462, -0.245488410205373, 
0.0546114128383621, 0.168935154950261, 0.0689018806023495, -0.259778877969361, 
-0.174036071385436, -0.359812152317273, -0.288359813497336, -0.0740027970375246, 
0.0974828161303243, 0.354711235882098, 0.0546114128383621, -0.0168409259815749, 
0.39758263917406, -0.174036071385436, -0.145455135857462, 0.111773283894312, 
-0.288359813497336, -0.245488410205373, -269.237675532096, 16.1826315512561, 
-51.9056500792579, -0.0533136001839644, -0.0405674091197519, 
0.376578206485941, -0.0756022497376735, 0.033946254179903, -0.0628560586734611, 
0.478005309802247, -0.113186328568438, -0.0365971130186825, -0.184022573330634, 
0.369584986209287, 0.20081824826911, -0.137369721973116, -0.0537872861467067, 
0.18647019091754, 0.0748461347498632, -0.0999664515414828, 0.315284420213241, 
0.033765445780772, -0.0349952467313246, 0.0146805288017786, 0.192042353305967, 
-0.0795725458387429, 0.0720040189734093, -293.67883692779, 37.9020254461815, 
-5.09073827891998, 43.6836535971213, -0.133218473135476, 0.210482154767976, 
-0.0480582642817265, 0.103499212202258, -0.113882090719268, 0.243831936371544, 
-0.274797675344177, 0.267203902712202, 0.36713899491307, -0.165077696499399, 
-0.0554666256001503, -0.144573053040567, -0.0282266576696156, 
-0.0365005254413885, 0.170521990631162, -0.265330200245351, 0.189258667545502, 
-0.427132210968474, -0.0750999589289509, -0.336972234107644, 
0.15896913744276, -0.173778342774158, 0.107935769332892, -339.28950819377, 
36.8715239374229, 0.851483510247218, 21.1218846652618, 33.6044835725954, 
0.0473032123575439, 0.020326346336351, -0.0744932721647235, 0.169636483408686, 
-0.104241801517976, 0.20994469452427, -0.134168184476496, 0.132558629679436, 
-0.037085328516184, 0.621984426196485, -0.00716405601433059, 
-0.211518985728816, -0.0322806504616121, 0.115228221352805, 0.09572626625637, 
-0.0354102182202078, 0.336949598335726, -0.444043947506812, -0.0175887244434691, 
0.180603941614541, 0.0855046399934031, 0.219869407765482, -389.711431702997, 
9.93187509597131, 9.68534012238659, -4.62719196463287, 23.2196616134693, 
43.8062604301044, 0.216799956697973, 0.367907828639805, -0.129109639341071, 
0.00786299434293243, 0.0482829792632848, 0.178115364820035, 0.142028469762008, 
0.0365339286285888, 0.394912952052542, 0.0421706328853276, -0.0619473385112061, 
-0.0412945028083897, 0.186738986244447, -0.163927101935967, -0.00150656422603913, 
0.10997380018789, 0.256906605179096, -0.0283292905296923, -0.19973550708623, 
0.110727402031525, 0.0104158725588716, -225.166604983954, 11.2561251087674, 
5.538646721973, 18.3798544261257, 28.9059527767649, -4.92115581718358, 
31.6074692246915, 0.124308855534282, 0.395805271032028, -0.0459629872206661, 
0.300269440749578, -0.0113530994983429, -0.0402667596681513, 
0.11215104135902, -0.140962743092876, -0.418772457293633, 0.14193130049036, 
-0.244164089212938, 0.0292277754754886, 0.183085076105678, 0.0868304797991879, 
-0.224368788320644, -0.403439581955821, 0.134107830259022, -0.144714773084165, 
-0.220205169393193, -0.0653659486977879), .Dim = c(27L, 7L), .Dimnames = list(
    c("1", "2", "3", "4", "5", "6", "7", "8", "9", "10", "11", 
    "12", "14", "15", "16", "17", "19", "20", "21", "22", "23", 
    "24", "26", "27", "28", "29", "30"), c("x1", "x2", "x3", 
    "x4", "x5", "x6", "x7")), assign = 1:7), qraux = c(1.19245008972988, 
1.0117400095464, 1.40859012292828, 1.11574021820556, 1.12429037617996, 
1.62382938788722, 1.31555102612874), pivot = 1:7, tol = 1e-07, 
    rank = 7L), .Names = c("qr", "qraux", "pivot", "tol", "rank"
), class = "qr"), df.residual = 20L, xlevels = structure(list(), .Names = character(0)), 
    call = quote(lm(formula = y ~ . + 0, data = structure(list(y = c(43, 
        63, 71, 61, 81, 43, 58, 71, 72, 67, 64, 67, 68, 77, 81, 
        74, 65, 50, 50, 64, 53, 40, 66, 78, 48, 85, 82), x1 = c(1, 
        1, 1, 1, 1, 1, 1, 1, 1, 1, 1, 1, 1, 1, 1, 1, 1, 1, 1, 
        1, 1, 1, 1, 1, 1, 1, 1), x2 = c(51, 64, 70, 63, 78, 55, 
        67, 75, 82, 61, 53, 60, 83, 77, 90, 85, 70, 58, 40, 61, 
        66, 37, 77, 75, 57, 85, 82), x3 = c(30, 44, 71, 45, 50, 
        65, 45, 53, 50, 72, 39, 45, 44, 71, 66, 47, 47, 56, 45, 
        42, 65, 42, 50, 52, 56, 50, 57), x4 = c(39, 54, 69, 47, 
        66, 44, 56, 55, 67, 47, 58, 39, 45, 72, 72, 69, 57, 54, 
        34, 62, 50, 58, 63, 74, 45, 71, 59), x5 = c(61, 63, 76, 
        54, 71, 54, 66, 70, 71, 62, 58, 59, 59, 79, 60, 79, 75, 
        64, 43, 66, 63, 50, 88, 80, 51, 77, 64), x6 = c(92, 73, 
        86, 84, 83, 49, 68, 66, 83, 80, 67, 74, 77, 77, 54, 79, 
        85, 78, 64, 80, 80, 57, 76, 78, 83, 74, 78), x7 = c(45, 
        47, 48, 35, 47, 34, 35, 41, 31, 41, 34, 41, 35, 46, 36, 
        63, 46, 52, 33, 41, 37, 49, 72, 49, 38, 55, 39)), .Names = c("y", 
        "x1", "x2", "x3", "x4", "x5", "x6", "x7"),