
expected <- structure(list(coefficients = structure(c(5.90714478089428, 0.615843239489934, 
0.0687007833866054, 0.24285186997514, 0.0959235980241999, 0.0634119840161684, 
-0.234637507959507), .Names = c("x1", "x2", "x3", "x4", "x5", 
"x6", "x7")), residuals = structure(c(-6.97395057629535, 1.89775380947371, 
-1.13172988709661, -0.505010182071123, 6.54801269223805, -12.2389423913519, 
0.626912908816601, -8.91241226304894, 5.76583934509852, 10.8476613939975, 
8.07704382724158, -5.30320455054072, -0.357526127297668, -3.08533540849717, 
-2.0448839647339, 4.01672294703006, -2.87862807999505, -7.47139213253345, 
7.67058287854473, 0.800390404972784, -2.57761110293313, 3.13444699860825, 
-2.42846803765714, 3.23834843791557, -9.0248603204666, 6.89511699760919, 
5.41512238297224), .Names = c("1", "2", "3", "4", "5", "6", "8", 
"9", "10", "12", "13", "14", "15", "16", "17", "18", "19", "20", 
"21", "22", "24", "25", "26", "27", "28", "29", "30")), effects = structure(c(-339.4819582835, 
54.8283956586102, -7.9382046533448, 6.52566777955343, -0.424544460266802, 
2.93226414460885, -8.25877864482879, -10.6962146847216, 7.16328073730258, 
13.6714518041275, 9.38906949319538, -3.66471946186742, 1.63981366140678, 
-1.48729683355556, 2.55914297122236, 1.01012764168766, -1.0095428539426, 
-5.61393478337293, 7.86005067418227, -0.432145157682641, -2.41119009995722, 
4.6492650704418, 6.38413122359663, 4.83059845253936, -10.7913006922485, 
10.5418329883905, 5.91353063179091), .Names = c("x1", "x2", "x3", 
"x4", "x5", "x6", "x7", "", "", "", "", "", "", "", "", "", "", 
"", "", "", "", "", "", "", "", "", "")), rank = 7L, fitted.values = structure(c(49.9739505762954, 
61.1022461905263, 72.1317298870966, 61.5050101820711, 74.451987307762, 
55.2389423913519, 70.3730870911834, 80.9124122630489, 61.2341606549015, 
56.1523386060025, 60.9229561727584, 73.3032045505407, 77.3575261272977, 
84.0853354084972, 76.0448839647339, 60.9832770529699, 67.8786280799951, 
57.4713921325335, 42.3294171214553, 63.1996095950272, 42.5776111029331, 
59.8655530013918, 68.4284680376571, 74.7616515620844, 57.0248603204666, 
78.1048830023908, 76.5848776170278), .Names = c("1", "2", "3", 
"4", "5", "6", "8", "9", "10", "12", "13", "14", "15", "16", 
"17", "18", "19", "20", "21", "22", "24", "25", "26", "27", "28", 
"29", "30")), assign = 1:7, qr = structure(list(qr = structure(c(-5.19615242270663, 
0.192450089729875, 0.192450089729875, 0.192450089729875, 0.192450089729875, 
0.192450089729875, 0.192450089729875, 0.192450089729875, 0.192450089729875, 
0.192450089729875, 0.192450089729875, 0.192450089729875, 0.192450089729875, 
0.192450089729875, 0.192450089729875, 0.192450089729875, 0.192450089729875, 
0.192450089729875, 0.192450089729875, 0.192450089729875, 0.192450089729875, 
0.192450089729875, 0.192450089729875, 0.192450089729875, 0.192450089729875, 
0.192450089729875, 0.192450089729875, -348.719562590534, 70.3467601717852, 
-0.0780287364412797, 0.0214783337195374, -0.191751102339356, 
0.135200699617614, -0.149105215127578, -0.248612285288395, 0.0499089251940565, 
0.0641242209313161, 0.035693629456797, -0.262827581025654, -0.177535806602097, 
-0.362334651186471, -0.291258172500173, 0.0641242209313161, -0.0780287364412797, 
0.0925548124058353, 0.348430135676508, 0.0499089251940565, 0.391076022888286, 
0.149415995354874, -0.177535806602097, -0.149105215127578, 0.106770108143095, 
-0.291258172500173, -0.248612285288395, -275.780978582911, 8.14220550284142, 
-58.8179933472857, -0.0690678913555004, -0.0326202013512343, 
0.296862942301929, 0.0280966609408016, -0.0455696174477263, 0.396450018669747, 
-0.0593558292831314, -0.0318273371849329, -0.150816571911183, 
0.327650754210557, 0.200557151530846, -0.106286479739762, 0.0766569713026468, 
-0.057726169377917, 0.13413647957056, 0.00539125119932883, -0.113597983526921, 
-0.035901486947969, 0.606129097644053, -0.0293828473271112, 0.0110950608675793, 
0.137373833594683, -0.0552816795200953, 0.0734415830648296, -293.87128701752, 
38.6703428372584, -8.31424165994883, 48.8481794659282, -0.111919850069978, 
0.186327641777239, 0.0989703574926309, -0.0920709370980771, 0.222594129899341, 
0.232799071095489, 0.202173263769922, 0.336498064588732, -0.1332280083213, 
-0.0287581576357172, -0.118716816655022, -0.461663376166942, 
-0.0242596062944576, -0.035977122354908, 0.133554506235986, -0.243910492960936, 
-0.403947154793598, 0.190019593242092, -0.0605852003112223, -0.295304248614354, 
0.138187079407623, -0.143716926371197, 0.108902305572153, -337.172557206741, 
36.836569687152, -4.54437981641931, 16.4468937166432, 37.9022703740531, 
0.100382515222667, -0.0551891788193882, 0.114147905787922, -0.0215786493860054, 
-0.0815216346143125, 0.0780885921403626, 0.158168219619704, -0.0457226166267912, 
0.543651891818838, -0.0540554758916722, 0.479704512574236, -0.205817418938318, 
-0.0287554471267588, 0.1338293629388, 0.0223350342718763, 0.22110579329361, 
-0.15208043444302, -0.420139544526531, -0.0848547039951454, 0.195492210380758, 
0.0271271243846079, 0.208213402244985, -390.288781972187, 8.70923785502774, 
9.67619930946256, 3.60288512204724, 19.8465932226996, 46.1120262602371, 
0.323352343072879, -0.0818618726900579, -0.0584098377663747, 
0.10752382395714, 0.296586724825899, 0.0645440586397649, 0.0650539010181332, 
0.425463206830951, 0.0763551524298215, -0.258833690694859, -0.060585009451332, 
-0.0280718738964601, 0.159272209868497, -0.0775682748189348, 
0.241439894969785, 0.0555975403183088, 0.234355785308894, 0.052897308324365, 
-0.208721242124445, 0.153370932678028, 3.29277171144801e-05, 
-227.476006060713, 10.7846710326676, 8.762056201767, 30.4440467602248, 
22.6680657593889, -0.0349861900296717, 35.1980325594579, 0.443805203010626, 
-0.185316588801584, -0.103460161720267, 0.28334321991799, -0.11858522550708, 
0.112829347230087, -0.040689904217855, -0.305492895527603, -0.333738654720438, 
0.12708284853438, -0.208007830495165, 0.0128456934139396, 0.318674739813642, 
0.0462782825566112, 0.120065556168039, -0.405192620075434, 0.248394685212689, 
-0.146186745726964, -0.110841414999932, -0.0631031805213084), .Dim = c(27L, 
7L), .Dimnames = list(c("1", "2", "3", "4", "5", "6", "8", "9", 
"10", "12", "13", "14", "15", "16", "17", "18", "19", "20", "21", 
"22", "24", "25", "26", "27", "28", "29", "30"), c("x1", "x2", 
"x3", "x4", "x5", "x6", "x7")), assign = 1:7), qraux = c(1.19245008972988, 
1.00726303798228, 1.35031223237942, 1.09926671381985, 1.07279044520274, 
1.54911559520944, 1.05778090329567), pivot = 1:7, tol = 1e-07, 
    rank = 7L), .Names = c("qr", "qraux", "pivot", "tol", "rank"
), class = "qr"), df.residual = 20L, xlevels = structure(list(), .Names = character(0)), 
    call = quote(lm(formula = y ~ . + 0, data = structure(list(y = c(43, 
        63, 71, 61, 81, 43, 71, 72, 67, 67, 69, 68, 77, 81, 74, 
        65, 65, 50, 50, 64, 40, 63, 66, 78, 48, 85, 82), x1 = c(1, 
        1, 1, 1, 1, 1, 1, 1, 1, 1, 1, 1, 1, 1, 1, 1, 1, 1, 1, 
        1, 1, 1, 1, 1, 1, 1, 1), x2 = c(51, 64, 70, 63, 78, 55, 
        75, 82, 61, 60, 62, 83, 77, 90, 85, 60, 70, 58, 40, 61, 
        37, 54, 77, 75, 57, 85, 82), x3 = c(30, 44, 71, 45, 50, 
        65, 53, 50, 72, 45, 47, 44, 71, 66, 47, 53, 47, 56, 45, 
        42, 42, 83, 50, 52, 56, 50, 57), x4 = c(39, 54, 69, 47, 
        66, 44, 55, 67, 47, 39, 42, 45, 72, 72, 69, 75, 57, 54, 
        34, 62, 58, 48, 63, 74, 45, 71, 59), x5 = c(61, 63, 76, 
        54, 71, 54, 70, 71, 62, 59, 55, 59, 79, 60, 79, 55, 75, 
        64, 43, 66, 50, 66, 88, 80, 51, 77, 64), x6 = c(92, 73, 
        86, 84, 83, 49, 66, 83, 80, 74, 63, 77, 77, 54, 79, 80, 
        85, 78, 64, 80, 57, 75, 76, 78, 83, 74, 78), x7 = c(45, 
        47, 48, 35, 47, 34, 41, 31, 41, 41, 25, 35, 46, 36, 63, 
        60, 46, 52, 33, 41, 49, 33, 72, 49, 38, 55, 39)), .Names = c("y", 
        "x1", "x2", "x3", "x4", "x5", "x6", "x7"),