
expected <- structure(list(coefficients = structure(c(1.93786609120066, 0.647250390984292, 
-0.0662003625712744, 0.33146224946474, 0.0551117641091432, 0.124221096394375, 
-0.201933090318868), .Names = c("x1", "x2", "x3", "x4", "x5", 
"x6", "x7")), residuals = structure(c(-3.82826283637874, 0.585024842061141, 
-0.276335607299259, 6.06741924404223, -10.9330360852192, -7.31742594582879, 
-0.177696682671004, -8.33126968507344, 7.63065580527434, 6.9004977300593, 
13.5287770661298, 8.56354975928721, 0.6155834795785, -3.04261076596709, 
-0.787889099335243, 2.89612379109533, -3.98343798956769, -5.32515575474143, 
3.34501981546923, -8.34087970844996, -2.45485698585796, 2.98685195020571, 
-2.75204326468281, 3.09620930722738, -10.2158259194907, 5.68396420680118, 
4.57120843773376), .Names = c("1", "3", "4", "5", "6", "7", "8", 
"9", "10", "11", "12", "13", "15", "16", "17", "18", "19", "20", 
"22", "23", "24", "25", "26", "27", "28", "29", "30")), effects = structure(c(253.462473269384, 
-230.298574449823, 4.7407855072625, -10.9610439241606, -2.44920408318463, 
6.98046937499615, 7.75120639343094, -9.9247026530492, 8.04020732073272, 
5.55336723117399, 15.011414422437, 8.5616448578506, 1.97880053630966, 
-6.99587487862414, -0.321173886195919, -5.55055695130156, -1.72130130353392, 
-6.25921269027687, 3.09736076177953, -7.91290140308668, -5.1886650372147, 
5.367849644109, 1.74451584549402, 4.26179589526419, -13.7386070557037, 
4.95082470967398, 2.99429226696409), .Names = c("x1", "x2", "x3", 
"x4", "x5", "x6", "x7", "", "", "", "", "", "", "", "", "", "", 
"", "", "", "", "", "", "", "", "", "")), rank = 7L, fitted.values = structure(c(46.8282628363787, 
70.4149751579389, 61.2763356072993, 74.9325807559578, 53.9330360852192, 
65.3174259458288, 71.177696682671, 80.3312696850734, 59.3693441947257, 
57.0995022699407, 53.4712229338702, 60.4364502407128, 76.3844165204215, 
84.0426107659671, 74.7878890993352, 62.1038762089047, 68.9834379895677, 
55.3251557547414, 60.6549801845308, 61.34087970845, 42.454856985858, 
60.0131480497943, 68.7520432646828, 74.9037906927726, 58.2158259194907, 
79.3160357931988, 77.4287915622662), .Names = c("1", "3", "4", 
"5", "6", "7", "8", "9", "10", "11", "12", "13", "15", "16", 
"17", "18", "19", "20", "22", "23", "24", "25", "26", "27", "28", 
"29", "30")), assign = 1:7, qr = structure(list(qr = structure(c(7.03563209002926, 
-0.114379074034337, -0.114191688492887, -0.113342988074491, -0.351808695322349, 
-0.0845985503457338, -0.288713513040313, -0.135823473233833, 
-0.16224015272835, -0.177897133062238, -0.0481065604228645, -0.319066109642955, 
-0.119240790852869, -0.182612390710901, 0.0225887401508792, -0.136375450911009, 
-0.177827905472751, -0.122590927163039, 0.0903132995284957, 0.0327519824238897, 
-0.155545727568915, -0.413792050063219, -0.194322090142835, -0.107668223901027, 
-0.283991695163071, -0.230048820986434, -0.149536170444169, 256.181983976447, 
-244.936300057569, 0.177973697060747, 0.239803010841021, -0.0195670134063543, 
0.214838743263494, 0.10586774467515, 0.240534889472535, 0.136468143437303, 
0.0929424279375237, 0.211581171695046, 0.0317314733723827, 0.231627912846308, 
0.240730259464016, 0.362703017590822, 0.150332608433707, 0.162396264599052, 
0.151732110659465, 0.311711493748822, 0.292183962052194, 0.0431286528786214, 
-0.0666591008231015, 0.179530036869011, 0.231492568819783, 0.0356556540996581, 
0.187401305289506, 0.231019838383458, 205.978353446633, -181.912835081477, 
54.1999847235517, 0.126998962268307, -0.0276858288761756, 0.218947273233366, 
0.231600370261854, -0.105133482707444, 0.0928604776565893, -0.167889228997328, 
0.0169334228092154, -0.0803643433404965, 0.150600472541749, 0.427303677667716, 
0.0522026487805246, -0.296250234074165, 0.208818563000773, -0.383681445408336, 
-0.0904237402295867, -0.00527082567607041, -0.202736278817127, 
0.100188136587786, -0.0547087048698006, 0.0451931874314279, 0.0791551028523457, 
-0.0227977610709803, 0.506661988637144, 218.024935494926, -207.89053911815, 
28.8860859801507, -40.3267316348055, -0.121010021837626, 0.111252604623423, 
-0.0714346461789024, -0.210294350871071, -0.0832461770739045, 
0.148333829238588, -0.326180390113122, -0.367946670271486, 0.234263970651992, 
0.18198835513728, -0.100456374851554, 0.309544113712232, 0.0650115430136568, 
-0.240471348500415, 0.129196676417084, -0.205117376832046, 0.467778111183263, 
0.107859891749043, -0.156863605268381, 0.239753866691978, -0.053300297803557, 
-0.105459622890274, 0.0989195223719208, 247.283369509416, -236.083650243373, 
23.2164748380923, -9.37018409423408, -40.6034505672456, 0.138974682844353, 
0.158956194543578, -0.245073151763887, 0.167760885651643, 0.0538035203386894, 
0.0699930206175069, -0.0347652555236851, 0.158066236217772, -0.410205630532371, 
-0.0950864065909416, -0.323049231593969, 0.323283437309822, -0.0146628589356238, 
0.0106216489913887, -0.0458993127427591, 0.158874794211456, 0.500937223490403, 
0.341951274756805, 0.155783139386222, 0.0254039179364984, -0.10011947706461, 
-0.0590915747072503, 269.974382523784, -274.828300445542, 34.4156170858956, 
-6.16257842238405, -41.9570953380549, 61.5420842488718, 0.146049937806483, 
-0.061985586115706, -0.20150409607258, -0.138378253089763, -0.0967310717451873, 
-0.149174941863872, 0.193894822630029, 0.311474442889169, 0.256917945446425, 
-0.380972903446492, -0.0397151219534565, -0.202497787861879, 
-0.0290812691821565, -0.0730328618807099, -0.151675713077777, 
-0.224084669813493, 0.285753240300882, 0.176046551067269, -0.512459636661103, 
0.147153217392108, -0.00146240945408324, 157.386088789688, -159.717116304809, 
33.676746348886, -18.2618652294941, -24.7630543513943, 3.28997988266624, 
-38.3850233817111, -0.373983796581831, 0.0544637559835526, -0.234942080055543, 
0.157097248361237, -0.154977122912971, -0.12767465919394, 0.126232184293997, 
0.374092331212284, 0.318991702338224, -0.00824894328628597, 0.151932169499332, 
-0.198925947313622, -0.0861441826178074, 0.153851283410567, -0.231070453742481, 
0.487990312691709, -0.12071817756807, 0.11590499953836, 0.213380421154826, 
0.118647310747652), .Dim = c(27L, 7L), .Dimnames = list(c("1", 
"3", "4", "5", "6", "7", "8", "9", "10", "11", "12", "13", "15", 
"16", "17", "18", "19", "20", "22", "23", "24", "25", "26", "27", 
"28", "29", "30"), c("x1", "x2", "x3", "x4", "x5", "x6", "x7"
)), assign = 1:7), qraux = c(1.20725172220192, 1.20642253189122, 
1.11168769449985, 1.04392389834911, 1.11432374626231, 1.13713485294, 
1.07988171106395), pivot = 1:7, tol = 1e-07, rank = 7L), .Names = c("qr", 
"qraux", "pivot", "tol", "rank"), class = "qr"), df.residual = 20L, 
    xlevels = structure(list(), .Names = character(0)), call = quote(lm(formula = y ~ 
        . + 0, data = structure(list(y = c(43, 71, 61, 81, 43, 
        58, 71, 72, 67, 64, 67, 69, 77, 81, 74, 65, 65, 50, 64, 
        53, 40, 63, 66, 78, 48, 85, 82), x1 = c(-1.45814686743768, 
        0.804729083703814, 0.803410707975183, 0.797439564076696, 
        2.47519654636125, 0.595204275582401, 2.03128205717151, 
        0.955603986863188, 1.14146202482683, 1.25161877809689, 
        0.338460060252037, 2.24483175984477, 0.838934334564916, 
        1.28479359612258, -0.158926065078858, 0.959487498721707, 
        1.25113171824678, 0.862504661094714, -0.635411148319109, 
        -0.230430898553593, 1.09436251235081, 2.91128862602378, 
        1.36717873321049, 0.757514011154519, 1.99806108379111, 
        1.61853886720555, 1.05208147939708), x2 = c(51, 70, 63, 
        78, 55, 67, 75, 82, 61, 53, 60, 62, 77, 90, 85, 60, 70, 
        58, 61, 66, 37, 54, 77, 75, 57, 85, 82), x3 = c(30, 68, 
        45, 56, 49, 42, 50, 72, 45, 53, 47, 57, 54, 50, 64, 65, 
        46, 68, 52, 52, 42, 42, 66, 58, 44, 71, 39), x4 = c(39, 
        69, 47, 66, 44, 56, 55, 67, 47, 58, 39, 42, 72, 72, 69, 
        75, 57, 54, 62, 50, 58, 48, 63, 74, 45, 71, 59),