
expected <- structure(list(coefficients = structure(c(2.3644345474152, 0.153409637204978, 
0.0977538226798771, 0.49238822306271, 0.441055812795633, 0.116387074749582, 
-0.436584704572803), .Names = c("x1", "x2", "x3", "x4", "x5", 
"x6", "x7")), residuals = structure(c(-7.90342372525, 4.40010594471342, 
-4.07134376912002, -0.258485724261095, 12.3842283651355, -12.3080963364901, 
-8.06582135165054, 3.43145085765194, -8.57235940086469, 9.13336522993344, 
0.00281684851710717, 12.5973086978851, 11.2699243462608, 2.6210759192979, 
-1.32313337924086, 7.45785347003334, 6.7406709098965, 0.0125451373431005, 
-5.39602025911017, -6.3404032348344, 1.85474488828575, -6.00210268402355, 
-11.8234346615853, -10.1467069115015, -3.57596796923114, -0.799549979328338, 
14.6807587715379), .Names = c("1", "2", "3", "4", "5", "6", "7", 
"8", "9", "10", "11", "12", "13", "14", "15", "16", "17", "18", 
"19", "20", "21", "22", "23", "24", "25", "26", "30")), effects = structure(c(-332.553755053224, 
10.2833369336021, -21.8517597240382, 26.3846281074411, 13.8660605295381, 
3.49775760850839, -17.8655151568779, 10.005636175887, -5.68815197470892, 
9.89812539694603, 0.217097520056614, 15.2580783103912, 13.9615996918633, 
5.46809558210878, 3.76083248019883, 9.93149092149078, 9.02647751062452, 
-7.26703439395682, -0.565324332009464, -7.60331144122058, 1.60976783676342, 
-4.90533421680377, -9.57483689188386, -14.0235020654062, 1.86330917869936, 
6.96161464177446, 15.895977685932), .Names = c("x1", "x2", "x3", 
"x4", "x5", "x6", "x7", "", "", "", "", "", "", "", "", "", "", 
"", "", "", "", "", "", "", "", "", "")), rank = 7L, fitted.values = structure(c(50.90342372525, 
58.5998940552866, 75.07134376912, 61.2584857242611, 68.6157716348645, 
55.3080963364901, 66.0658213516505, 67.5685491423481, 80.5723594008647, 
57.8666347700666, 63.9971831514829, 54.4026913021149, 57.7300756537392, 
65.3789240807021, 78.3231333792409, 73.5421465299667, 67.2593290901035, 
64.9874548626569, 70.3960202591102, 56.3404032348344, 48.1452551117142, 
70.0021026840236, 64.8234346615853, 50.1467069115015, 66.5759679692311, 
66.7995499793283, 67.3192412284621), .Names = c("1", "2", "3", 
"4", "5", "6", "7", "8", "9", "10", "11", "12", "13", "14", "15", 
"16", "17", "18", "19", "20", "21", "22", "23", "24", "25", "26", 
"30")), assign = 1:7, qr = structure(list(qr = structure(c(-5.19615242270663, 
0.192450089729875, 0.192450089729875, 0.192450089729875, 0.192450089729875, 
0.192450089729875, 0.192450089729875, 0.192450089729875, 0.192450089729875, 
0.192450089729875, 0.192450089729875, 0.192450089729875, 0.192450089729875, 
0.192450089729875, 0.192450089729875, 0.192450089729875, 0.192450089729875, 
0.192450089729875, 0.192450089729875, 0.192450089729875, 0.192450089729875, 
0.192450089729875, 0.192450089729875, 0.192450089729875, 0.192450089729875, 
0.192450089729875, 0.192450089729875, -362.960869230545, 69.3354700525453, 
0.0786740809745147, -0.253046465270714, 0.237323037874406, -0.137665405707156, 
0.00656091874729119, -0.209778567934379, -0.0367069785890429, 
0.107519345865404, 0.0930967134199594, -0.108820140816266, 0.179632508092628, 
-0.253046465270714, -0.108820140816266, -0.325159627497937, 0.208477772983517, 
-0.152088038152601, -0.209778567934379, 0.395971994774298, -0.325159627497937, 
-0.108820140816266, -0.137665405707156, 0.237323037874406, -0.253046465270714, 
-0.0367069785890429, -0.137665405707156, -273.471577506153, -9.61241743910284, 
-61.7729530399246, -0.0224456515385718, 0.07434770372271, 0.0231833468370064, 
-0.114040180863372, 0.0513243240893099, 0.378780855879145, -0.0822089646043182, 
0.0496880850315458, -0.0139743474865618, 0.100098148452384, 0.59271030474929, 
0.099343854987518, 0.0704485842703487, 0.208635285881204, 0.284586913586104, 
-0.0134289344673071, 0.242311621643633, -0.204752764595274, 0.0669672257092094, 
0.0717482907544692, -0.15228870122545, -0.0710105954560346, 0.28165096804422, 
-0.138699799554536, -288.867584684543, -5.79255652734824, -24.8854130957915, 
51.6883064381858, -0.180386563332676, 0.170376661723216, -0.127918219349036, 
-0.0338558695711319, -0.0476342940244679, 0.0772826366780133, 
-0.0574204890419297, 0.248007017341384, 0.292759177693749, 0.48209206333007, 
-0.321875953588842, -0.364690576541659, -0.160558329135319, -0.272907685267414, 
-0.111726086537111, 0.171972278018654, 0.203984208308055, -0.147996970103953, 
0.0836788071968735, -0.162731288211951, 0.0224902130140437, -0.0290124700393321, 
-0.217766237026169, -333.131105322414, -7.75296619678462, -18.4803592423134, 
22.1214706412668, 40.7636485212106, 0.112292633948105, -0.0365220426170267, 
-0.136638386636466, 0.0633104941680417, -0.0436661830843218, 
0.219490745503462, -0.0799464646166135, 0.0979635140734873, 0.0881987926752173, 
-0.118895080755328, 0.326248532967503, -0.116464659832455, 0.536587394569393, 
-0.243752450742372, 0.0742970699919161, 0.199260843302584, 0.0634665143256874, 
-0.0217490510262987, 0.393170832870617, -0.1537977384819, -0.422252726385173, 
0.0370385492659114, -386.439780177589, -8.4447183825939, -8.15129471192851, 
3.44970152053101, 22.0408618915896, 46.0525720101427, 0.170443600005376, 
0.288158174972978, -0.0506089516600915, -0.0514638271557956, 
0.156973780046881, 0.109557183174406, 0.342104668873977, 0.161739486578426, 
0.0376672853940932, 0.343458132075546, 0.0644129191359934, -0.216426233181758, 
-0.11019689939549, 0.0711117539752596, 0.148953531605834, -0.0876606826969982, 
-0.0357997018205976, 0.255620762739671, 0.0666316372541025, 0.255039537288319, 
-0.100673462906492, -220.547802830437, -17.959382424011, -12.68858497229, 
21.1285210837986, 15.296584997306, 4.26530410466098, 40.9210743522479, 
0.0267890787441733, 0.386926296598425, 0.0546380503926791, 0.186929895212033, 
-0.113448806356139, 0.320438611713255, -0.0628931160385285, 0.132899294023809, 
0.0459240626380039, -0.188749770377682, -0.506124513669063, 0.00881324059110897, 
-0.0959586892906349, -0.196911499674029, 0.0693961921477162, 
0.0677406596654394, -0.209344658552742, 0.158022716713978, -0.436225241933925, 
0.0931864149881269), .Dim = c(27L, 7L), .Dimnames = list(c("1", 
"2", "3", "4", "5", "6", "7", "8", "9", "10", "11", "12", "13", 
"14", "15", "16", "17", "18", "19", "20", "21", "22", "23", "24", 
"25", "26", "30"), c("x1", "x2", "x3", "x4", "x5", "x6", "x7"
)), assign = 1:7), qraux = c(1.19245008972988, 1.13636461075629, 
1.29490333714149, 1.07121950792181, 1.02040400025294, 1.58239001076615, 
1.2352411916388), pivot = 1:7, tol = 1e-07, rank = 7L), .Names = c("qr", 
"qraux", "pivot", "tol", "rank"), class = "qr"), df.residual = 20L, 
    xlevels = structure(list(), .Names = character(0)), call = quote(lm(formula = y ~ 
        . + 0, data = structure(list(y = c(43, 63, 71, 61, 81, 
        43, 58, 71, 72, 67, 64, 67, 69, 68, 77, 81, 74, 65, 65, 
        50, 50, 64, 53, 40, 63, 66, 82), x1 = c(1, 1, 1, 1, 1, 
        1, 1, 1, 1, 1, 1, 1, 1, 1, 1, 1, 1, 1, 1, 1, 1, 1, 1, 
        1, 1, 1, 1), x2 = c(55, 58, 62, 85, 51, 77, 67, 82, 70, 
        60, 61, 75, 55, 85, 75, 90, 53, 78, 82, 40, 90, 75, 77, 
        51, 85, 70, 77), x3 = c(30, 51, 68, 45, 56, 49, 42, 50, 
        72, 45, 53, 47, 57, 83, 54, 50, 64, 65, 46, 68, 33, 52, 
        52, 42, 42, 66, 39), x4 = c(39, 54, 69, 47, 66, 44, 56, 
        55, 67, 47, 58, 39, 42, 45, 72, 72, 69, 75, 57, 54, 34, 
        62, 50, 58, 48, 63, 59), x5 = c(61, 63, 76, 54, 71, 54, 
        66, 70, 71, 62, 58, 59, 55, 59, 79, 60, 79, 55, 75, 64, 
        43, 66, 63, 50, 66, 88, 64), x6 = c(92, 73, 86, 84, 83, 
        49, 68, 66, 83, 80, 67, 74, 63, 77, 77, 54, 79, 80, 85, 
        78, 64, 80, 80, 57, 75, 76, 78), x7 = c(45, 47, 48, 35, 
        47, 34, 35, 41, 31, 41, 34, 41, 25, 35, 46, 36, 63, 60, 
        46, 52, 33, 41, 37, 49, 33, 72, 39)), .Names = c("y", 
        "x1", "x2", "x3", "x4", "x5", "x6", "x7"),