
expected <- structure(list(coefficients = structure(c(25.4945171375795, 0.574100766278748, 
0.0102486166508285, 0.275465397694777, -0.0538991545158359, -0.0427902514755204, 
-0.189352311510389), .Names = c("x1", "x2", "x3", "x4", "x5", 
"x6", "x7")), residuals = structure(c(-6.88950733672502, -0.920054174524128, 
1.15415299173645, 8.24897379645733, -9.47876969329528, -0.18002630939364, 
-3.10816790974491, 6.46957327936217, 6.45062895262253, 8.80846102149685, 
8.04508774505267, -5.66793305710705, 2.22911726808031, -4.71627643876105, 
-3.60743677507064, 3.75441202144412, -1.97953901013052, 3.14229035862793, 
-0.707903696062326, -6.51136011939614, -9.48882437766106, 7.38131832531919, 
-6.91913697086158, 2.74596907557396, -9.56930725419892, 4.36526711996046, 
6.9489911671983), .Names = c("1", "2", "3", "5", "7", "8", "9", 
"10", "11", "12", "13", "14", "15", "16", "17", "18", "19", "21", 
"22", "23", "24", "25", "26", "27", "28", "29", "30")), effects = structure(c(-343.523410167827, 
49.3571362451374, -0.900494662017867, -9.30463239602708, 1.26437505230766, 
-5.79748090168314, 6.24056710024017, 8.28312502214057, 5.18066523054664, 
12.1704923527823, 9.57583573612198, -3.96476456824336, 2.21859785893995, 
-10.511809989293, -2.20334924409757, -0.97535829625252, 0.833721395687641, 
3.2292696504535, -2.20410509768914, -2.89447469544793, -13.2256913115825, 
10.5686899404636, -2.2074512476435, 1.87104226627343, -10.007348969365, 
3.6800847812227, 6.30449940034663), .Names = c("x1", "x2", "x3", 
"x4", "x5", "x6", "x7", "", "", "", "", "", "", "", "", "", "", 
"", "", "", "", "", "", "", "", "", "")), rank = 7L, fitted.values = structure(c(49.889507336725, 
63.9200541745241, 69.8458470082635, 72.7510262035427, 67.4787696932953, 
71.1800263093936, 75.1081679097449, 60.5304267206378, 57.5493710473775, 
58.1915389785031, 60.9549122549473, 73.667933057107, 74.7708827319197, 
85.7162764387611, 77.6074367750706, 61.2455879785559, 66.9795390101305, 
46.8577096413721, 64.7079036960623, 59.5113601193961, 49.4888243776611, 
55.6186816746808, 72.9191369708616, 75.254030924426, 57.5693072541989, 
80.6347328800396, 75.0510088328017), .Names = c("1", "2", "3", 
"5", "7", "8", "9", "10", "11", "12", "13", "14", "15", "16", 
"17", "18", "19", "21", "22", "23", "24", "25", "26", "27", "28", 
"29", "30")), assign = 1:7, qr = structure(list(qr = structure(c(-5.19615242270663, 
0.192450089729875, 0.192450089729875, 0.192450089729875, 0.192450089729875, 
0.192450089729875, 0.192450089729875, 0.192450089729875, 0.192450089729875, 
0.192450089729875, 0.192450089729875, 0.192450089729875, 0.192450089729875, 
0.192450089729875, 0.192450089729875, 0.192450089729875, 0.192450089729875, 
0.192450089729875, 0.192450089729875, 0.192450089729875, 0.192450089729875, 
0.192450089729875, 0.192450089729875, 0.192450089729875, 0.192450089729875, 
0.192450089729875, 0.192450089729875, -350.644063487833, 69.9910047130397, 
-0.0739876890014511, -0.188288091357435, -0.0311250381179571, 
-0.145425440473941, -0.245438292535427, 0.0546002636490308, 0.168900666005015, 
0.0688878139435288, 0.0403127133545328, -0.259725842829925, -0.174000541062937, 
-0.359738694891411, -0.288300943418921, 0.0688878139435288, -0.0739876890014511, 
0.354638819833489, 0.0546002636490308, -0.0168374878234591, 0.397501470716983, 
0.154613115710517, -0.174000541062937, -0.145425440473941, 0.111750464827023, 
-0.288300943418921, -0.245438292535427, -275.588528493181, 38.4409186516115, 
-50.5891167760729, -0.00316766421737167, -0.167031203886066, 
-0.0909859330561284, 0.272060140307717, -0.0461612801759294, 
0.194067007807626, 0.00363435324785844, 0.18078245036209, 0.479236773419893, 
-0.0324404204969572, -0.244907511637645, 0.0831390451846672, 
0.359442106913039, -0.118747129898996, -0.0678762392719259, 0.092208401804974, 
0.0409012089444684, 0.140811953276968, -0.0336325024487515, 0.204764748613163, 
0.0671508463506184, -0.0248826233133682, 0.221508727165571, -0.380254074745113, 
-297.527838722387, 35.5135583468277, -11.8516979838765, -48.2235379626031, 
0.0750897993545926, -0.058236441180571, -0.0196557085553235, 
-0.0941457096375501, 0.127353894350043, -0.268315037800077, -0.293849248636085, 
-0.564434550492817, 0.251241851319996, 0.194927838781171, 0.0615428067064411, 
0.344114840428868, 0.0461558654104395, -0.135222990778853, 0.164758226616937, 
-0.117203131244745, 0.315284649387418, -0.00469171660190341, 
-0.0247846889873241, 0.276164899973097, -0.101673414793717, 0.0508688449211501, 
0.0602883418434414, -340.05930855269, 35.7220507474215, -2.99208838484361, 
-14.719169466044, -37.2692261040187, 0.0382911526672781, -0.132676681248276, 
0.024011503696874, -0.101795034596905, 0.00541059234602756, -0.163214563459382, 
-0.331718342334546, 0.132082992480758, -0.493056580896258, 0.0561061679297304, 
-0.394413959658618, 0.214317372691583, -0.168689338295681, 0.0105167711067292, 
-0.0327006506859377, -0.140994803015213, 0.197213518869501, 0.411976513253235, 
0.155391497678627, -0.216810835825468, -0.0264316019198206, -0.194482151548384, 
-391.058582331106, 6.68128185253085, -3.59575616558608, 2.60675033656675, 
-19.5558173696067, 40.3285389678236, -0.0340174574237583, -0.0699338141886379, 
0.237584478614219, 0.0789438364433533, 0.352154179412984, 0.105988720675174, 
0.102625124813305, 0.521044460002814, 0.0882764219922455, -0.0967461512842099, 
-0.121931862443141, 0.186774877883945, -0.0436128075132857, -0.0466515042642281, 
0.400610526430522, 0.0733476359255051, 0.24605371077663, 0.0960876775845275, 
-0.218517327350709, 0.218994987573285, -0.0579912771124785, -211.117748433673, 
-6.38918082428773, -13.5597613558594, -17.4145029116804, 8.35058761417096, 
21.5038968636316, -32.9574381768125, -0.154715121385757, 0.0936583757433427, 
0.0181840086124915, 0.049436835158649, -0.140524257366033, -0.0181868822078864, 
-0.245972362726346, 0.179634855553657, 0.311153075122656, -0.0453123647313969, 
-0.164876273387207, -0.386403102649666, 0.580341263097314, -0.017827629781237, 
0.137779795736581, 0.175639905495687, -0.240123698655743, -0.291719668888452, 
-0.158799842097106, -0.119346877488788), .Dim = c(27L, 7L), .Dimnames = list(
    c("1", "2", "3", "5", "7", "8", "9", "10", "11", "12", "13", 
    "14", "15", "16", "17", "18", "19", "21", "22", "23", "24", 
    "25", "26", "27", "28", "29", "30"), c("x1", "x2", "x3", 
    "x4", "x5", "x6", "x7")), assign = 1:7), qraux = c(1.19245008972988, 
1.01173761276554, 1.31612901346956, 1.10529795744899, 1.01687850927921, 
1.32910388391468, 1.08449555976194), pivot = 1:7, tol = 1e-07, 
    rank = 7L), .Names = c("qr", "qraux", "pivot", "tol", "rank"
), class = "qr"), df.residual = 20L, xlevels = structure(list(), .Names = character(0)), 
    call = quote(lm(formula = y ~ . + 0, data = structure(list(y = c(43, 
        63, 71, 81, 58, 71, 72, 67, 64, 67, 69, 68, 77, 81, 74, 
        65, 65, 50, 64, 53, 40, 63, 66, 78, 48, 85, 82), x1 = c(1, 
        1, 1, 1, 1, 1, 1, 1, 1, 1, 1, 1, 1, 1, 1, 1, 1, 1, 1, 
        1, 1, 1, 1, 1, 1, 1, 1), x2 = c(51, 64, 70, 78, 67, 75, 
        82, 61, 53, 60, 62, 83, 77, 90, 85, 60, 70, 40, 61, 66, 
        37, 54, 77, 75, 57, 85, 82), x3 = c(30, 51, 68, 56, 42, 
        50, 72, 45, 53, 47, 57, 83, 54, 50, 64, 65, 46, 33, 52, 
        52, 42, 42, 66, 58, 44, 71, 39), x4 = c(39, 54, 69, 66, 
        56, 55, 67, 47, 58, 39, 42, 45, 72, 72, 69, 75, 57, 34, 
        62, 50, 58, 48, 63, 74, 45, 71, 59), x5 = c(61, 63, 76, 
        71, 66, 70, 71, 62, 58, 59, 55, 59, 79, 60, 79, 55, 75, 
        43, 66, 63, 50, 66, 88, 80, 51, 77, 64), x6 = c(92, 73, 
        86, 83, 68, 66, 83, 80, 67, 74, 63, 77, 77, 54, 79, 80, 
        85, 64, 80, 80, 57, 75, 76, 78, 83, 74, 78), x7 = c(46, 
        38, 41, 47, 31, 34, 49, 35, 47, 35, 35, 33, 41, 33, 46, 
        72, 38, 33, 34, 60, 45, 41, 36, 35, 38, 35, 39)), .Names = c("y", 
        "x1", "x2", "x3", "x4", "x5", "x6", "x7"),