
expected <- structure(list(coefficients = structure(c(-0.307447249249449, 
0.1258287850584, 0.172197490200033, 0.437323522197011, 0.504254257805608, 
0.0976644752620471, -0.427538146748736), .Names = c("x1", "x2", 
"x3", "x4", "x5", "x6", "x7")), residuals = structure(c(-6.34010284720433, 
4.80860347832977, -4.57932721139033, 1.83919720971536, 12.5698564413089, 
-11.5402734166036, -6.80362337788096, 4.11222924663386, -8.85398418817798, 
0.88669028683322, 13.2722806015602, 11.0056267452621, 1.33271966431442, 
-0.605165910495974, 1.60584759156818, -4.31283342222329, -7.70872162439176, 
4.60663900299009, -4.76291451618271, -10.9640796335135, -8.53709845408603, 
-2.10868095168788, -2.43111219735257, -1.74619505909558, -4.32685451042229, 
12.6965500266628, 16.8847270255298), .Names = c("1", "2", "3", 
"4", "5", "6", "7", "8", "9", "11", "12", "13", "14", "15", "18", 
"19", "20", "21", "22", "23", "24", "25", "26", "27", "28", "29", 
"30")), effects = structure(c(-330.436804066196, 8.47633792056365, 
-29.6639534529709, 27.7807515769371, 16.4036813193777, 3.18992652616291, 
-16.9415448031976, 10.1154421321648, -6.58693305821344, 0.99085225817285, 
15.5796854226552, 13.2899854254356, 3.53675974078513, 4.0010824360889, 
-5.09257697233326, -0.0409170364316369, -8.91500567014162, 4.27892855279698, 
-3.92786378036373, -9.14668235532172, -11.8490876177171, 2.67789609301499, 
4.87116920800925, 3.1352028501653, -7.95010989320592, 15.3422683252307, 
17.8769847999492), .Names = c("x1", "x2", "x3", "x4", "x5", "x6", 
"x7", "", "", "", "", "", "", "", "", "", "", "", "", "", "", 
"", "", "", "", "", "")), rank = 7L, fitted.values = structure(c(49.3401028472043, 
58.1913965216702, 75.5793272113903, 59.1608027902846, 68.4301435586911, 
54.5402734166036, 64.803623377881, 66.8877707533661, 80.853984188178, 
63.1133097131668, 53.7277193984398, 57.994373254738, 66.6672803356856, 
77.605165910496, 63.3941524084318, 69.3128334222233, 57.7087216243918, 
45.3933609970099, 68.7629145161827, 63.9640796335135, 48.537098454086, 
65.1086809516879, 68.4311121973526, 79.7461950590956, 52.3268545104223, 
72.3034499733372, 65.1152729744702), .Names = c("1", "2", "3", 
"4", "5", "6", "7", "8", "9", "11", "12", "13", "14", "15", "18", 
"19", "20", "21", "22", "23", "24", "25", "26", "27", "28", "29", 
"30")), assign = 1:7, qr = structure(list(qr = structure(c(-5.19615242270663, 
0.192450089729875, 0.192450089729875, 0.192450089729875, 0.192450089729875, 
0.192450089729875, 0.192450089729875, 0.192450089729875, 0.192450089729875, 
0.192450089729875, 0.192450089729875, 0.192450089729875, 0.192450089729875, 
0.192450089729875, 0.192450089729875, 0.192450089729875, 0.192450089729875, 
0.192450089729875, 0.192450089729875, 0.192450089729875, 0.192450089729875, 
0.192450089729875, 0.192450089729875, 0.192450089729875, 0.192450089729875, 
0.192450089729875, 0.192450089729875, -362.575969051085, 67.5475141412818, 
0.0798369152441874, -0.260664142306108, 0.242685247116068, -0.142228991853832, 
0.00581494621151441, -0.216250960886504, -0.0385982352080894, 
0.0946413090507219, -0.112620204240762, 0.183467671889929, -0.260664142306108, 
-0.112620204240762, -0.157033385660366, -0.216250960886504, 0.405533578987948, 
-0.334686111338781, -0.112620204240762, -0.142228991853832, 0.242685247116068, 
-0.260664142306108, -0.0385982352080894, -0.260664142306108, 
0.0798369152441874, 0.198272065696464, -0.142228991853832, -276.165878762371, 
-9.44684818121423, -63.7037241207176, -0.0296226559217584, 0.0665067732668466, 
0.0151574489049825, -0.117239452711679, 0.042111726244545, 0.360444593684773, 
0.0419269810084351, -0.0207405330508542, 0.091209729015998, 0.566888780803519, 
0.089143152661697, 0.268571480695511, -0.0206789513054842, 0.230114268422413, 
-0.206738080619791, 0.0577478138866824, 0.0622504570675044, -0.153260598158256, 
-0.0767156640842803, 0.266258577359729, 0.174447046115837, -0.0971007218887197, 
0.308725778850689, -0.141819244970091, -289.252484864003, -7.00247827049086, 
-28.6354056909288, 51.1954962764033, -0.176215521504371, 0.1659719402414, 
-0.137165060378584, -0.0409352400837209, -0.0366114239346779, 
-0.0568712795626772, 0.243548851532752, 0.301053308433629, 0.501508994033529, 
-0.327076478427842, -0.271014779781286, -0.122265530829176, 0.190716521380077, 
0.185456595507807, -0.15287897376176, 0.0804723969103942, -0.167877016333268, 
0.00970045713617711, -0.0218760827554361, -0.329099298183777, 
0.101440385727609, -0.116955404853745, -0.2326834684757, -334.478255950523, 
-1.2550836082651, -22.59933707311, 28.7408768197144, 39.4962406429083, 
0.108672006825922, -0.0122768151192692, -0.0926248245112028, 
0.098690272265052, 0.228361146823374, -0.112048230623026, 0.0173163588225319, 
0.0586170623232677, -0.0299748319960399, 0.650205184418541, -0.189277713522692, 
-0.0137742580214022, 0.215296692871593, 0.1210087958765, -0.00997271841963583, 
0.397926272734926, -0.118971253971109, -0.409720681259457, 0.00375338778797222, 
0.167581300731498, -0.0143000905177928, 0.105911803273776, -390.673682151647, 
-0.694161576261949, -6.93368600237662, 10.0644967072739, 13.6042757827833, 
44.9793930445466, 0.203953903237285, 0.315839364678327, -0.0303550005788328, 
0.205759904644925, 0.0893478447781709, 0.308195767226273, 0.132670308618928, 
0.0902573036286916, -0.0655911738584566, -0.0962956099967934, 
0.0102285912490917, 0.220850463992769, -0.0315010587037638, -0.0241850724336204, 
0.340873537077317, 0.0881324902058766, 0.199843445672081, 0.0963829514933886, 
-0.188852307990357, 0.166679438387125, -0.0271123684765091, -220.932703009897, 
-12.5524810152962, -13.8036599212081, 23.5859573024483, 11.3232484272674, 
2.81369581237645, 39.6258086723526, 0.0280080791627798, 0.398646086831831, 
0.207787295767117, -0.118991384862406, 0.330756358063601, -0.0550988084257646, 
0.130741949619336, -0.475226136610551, -0.00380554648488603, 
-0.118214320233304, -0.165065475158997, 0.0798468077718494, 0.0719235179775854, 
-0.188310037593665, 0.163413320467163, -0.489081822772492, 0.0177402423961482, 
-0.00184046337719954, -0.0523515253077932, 0.107245365854828), .Dim = c(27L, 
7L), .Dimnames = list(c("1", "2", "3", "4", "5", "6", "7", "8", 
"9", "11", "12", "13", "14", "15", "18", "19", "20", "21", "22", 
"23", "24", "25", "26", "27", "28", "29", "30"), c("x1", "x2", 
"x3", "x4", "x5", "x6", "x7")), assign = 1:7), qraux = c(1.19245008972988, 
1.13905449047033, 1.27964334341146, 1.06093169110259, 1.02479735027869, 
1.62070198484753, 1.24265852248899), pivot = 1:7, tol = 1e-07, 
    rank = 7L), .Names = c("qr", "qraux", "pivot", "tol", "rank"
), class = "qr"), df.residual = 20L, xlevels = structure(list(), .Names = character(0)), 
    call = quote(lm(formula = y ~ . + 0, data = structure(list(y = c(43, 
        63, 71, 61, 81, 43, 58, 71, 72, 64, 67, 69, 68, 77, 65, 
        65, 50, 50, 64, 53, 40, 63, 66, 78, 48, 85, 82), x1 = c(1, 
        1, 1, 1, 1, 1, 1, 1, 1, 1, 1, 1, 1, 1, 1, 1, 1, 1, 1, 
        1, 1, 1, 1, 1, 1, 1, 1), x2 = c(55, 58, 62, 85, 51, 77, 
        67, 82, 70, 61, 75, 55, 85, 75, 78, 82, 40, 90, 75, 77, 
        51, 85, 70, 85, 62, 54, 77), x3 = c(30, 51, 68, 45, 56, 
        49, 42, 50, 72, 53, 47, 57, 83, 54, 65, 46, 68, 33, 52, 
        52, 42, 42, 66, 58, 44, 71, 39), x4 = c(39, 54, 69, 47, 
        66, 44, 56, 55, 67, 58, 39, 42, 45, 72, 75, 57, 54, 34, 
        62, 50, 58, 48, 63, 74, 45, 71, 59), x5 = c(61, 63, 76, 
        54, 71, 54, 66, 70, 71, 58, 59, 55, 59, 79, 55, 75, 64, 
        43, 66, 63, 50, 66, 88, 80, 51, 77, 64), x6 = c(92, 73, 
        86, 84, 83, 49, 68, 66, 83, 67, 74, 63, 77, 77, 80, 85, 
        78, 64, 80, 80, 57, 75, 76, 78, 83, 74, 78), x7 = c(45, 
        47, 48, 35, 47, 34, 35, 41, 31, 34, 41, 25, 35, 46, 60, 
        46, 52, 33, 41, 37, 49, 33, 72, 49, 38, 55, 39)), .Names = c("y", 
        "x1", "x2", "x3", "x4", "x5", "x6", "x7"),