
expected <- structure(list(coefficients = structure(c(-1.66201995244524, 
0.635320609935709, -0.131559687857022, 0.305639918385178, 0.171018672467159, 
0.111770450631328, -0.12553710960162), .Names = c("x1", "x2", 
"x3", "x4", "x5", "x6", "x7")), residuals = structure(c(-0.194835085510685, 
3.90907054587146, -1.57716406644764, -11.4882547599565, -9.67268833239701, 
3.14490785523844, -6.79645114583534, 5.69665090628869, 5.87289160492234, 
8.17166489060341, 10.0597500496698, -1.4036911528068, 2.77385603777772, 
-0.183145356908756, -2.53375162575458, -0.0646407213251638, -2.3119606972686, 
-4.85432069540254, 7.26924080255583, -2.67721677916141, -9.24180376247817, 
-3.67207529272144, 3.97201953542314, -1.71806384946807, 7.10550244761915, 
-7.74491440887796, 8.15942305635074), .Names = c("2", "3", "4", 
"6", "7", "8", "9", "10", "11", "12", "13", "14", "15", "16", 
"17", "18", "19", "20", "21", "22", "23", "24", "25", "26", "27", 
"28", "29")), effects = structure(c(-333.516005501874, -45.8271796854879, 
-2.82732660593055, 9.77007444774788, -8.36752961901378, 4.17672068961678, 
-5.38287188477635, 7.82521970556951, 6.30946163500386, 12.3001348219547, 
13.3881620845999, 2.74141410487455, 0.0826045026635698, -2.96169562629098, 
-4.23766701140102, -1.73024288558278, -3.30752592754063, -6.58697230943845, 
6.84667953677551, -0.421906865761708, -9.33890135347085, -9.24503395632179, 
6.87474539679562, -4.49384925568963, 2.01693377043859, -8.47443209962397, 
6.91557836724858), .Names = c("x1", "x2", "x3", "x4", "x5", "x6", 
"x7", "", "", "", "", "", "", "", "", "", "", "", "", "", "", 
"", "", "", "", "", "")), rank = 7L, fitted.values = structure(c(63.1948350855107, 
67.0909294541285, 62.5771640664476, 54.4882547599565, 67.672688332397, 
67.8550921447616, 78.7964511458353, 61.3033490937113, 58.1271083950777, 
58.8283351093966, 58.9402499503302, 69.4036911528068, 74.2261439622223, 
81.1831453569088, 76.5337516257546, 65.0646407213252, 67.3119606972686, 
54.8543206954025, 42.7307591974442, 66.6772167791614, 62.2418037624782, 
43.6720752927214, 59.0279804645769, 67.7180638494681, 70.8944975523809, 
55.744914408878, 76.8405769436493), .Names = c("2", "3", "4", 
"6", "7", "8", "9", "10", "11", "12", "13", "14", "15", "16", 
"17", "18", "19", "20", "21", "22", "23", "24", "25", "26", "27", 
"28", "29")), assign = 1:7, qr = structure(list(qr = structure(c(-5.19615242270663, 
0.192450089729875, 0.192450089729875, 0.192450089729875, 0.192450089729875, 
0.192450089729875, 0.192450089729875, 0.192450089729875, 0.192450089729875, 
0.192450089729875, 0.192450089729875, 0.192450089729875, 0.192450089729875, 
0.192450089729875, 0.192450089729875, 0.192450089729875, 0.192450089729875, 
0.192450089729875, 0.192450089729875, 0.192450089729875, 0.192450089729875, 
0.192450089729875, 0.192450089729875, 0.192450089729875, 0.192450089729875, 
0.192450089729875, 0.192450089729875, -343.908310347287, -67.2761032913922, 
-0.0421028710864252, -0.16101582247051, 0.0173536046056173, 0.136266555989702, 
0.240315388450777, -0.0718311089324464, -0.190744060316531, -0.0866952278554571, 
-0.0569669900094358, 0.255179507373787, 0.165994793835724, 0.359228339834862, 
0.284907745219808, -0.0866952278554571, 0.0619459613746492, -0.116423465701478, 
-0.38397760631567, -0.0718311089324464, 0.00248948568260667, 
-0.428569963084701, -0.175879941393521, 0.165994793835724, 0.136266555989702, 
-0.131287584624489, 0.284907745219808, -282.709181813187, -36.8030079304512, 
46.9047665572452, -0.0611248653510839, 0.270548232368535, 0.221612896213294, 
-0.141002445516607, 0.115371580928528, -0.176809800349899, 0.0575291134291201, 
-0.125263079326525, -0.360317310932056, 0.166739472495275, 0.44965606351628, 
0.0751645466608243, -0.326227193683757, 0.230877686470715, -0.420592333842968, 
0.0519486847795985, -0.0338669829487023, 0.0421474061522932, 
-0.185538102237438, 0.0729108207059471, -0.0890980655799771, 
0.0510545374964592, 0.0758798644873358, -0.0740740172164058, 
-293.87128701752, -33.9678148766177, 8.65095721368538, 48.6211390082697, 
-0.0587193222030677, 0.083686816614506, 0.0349793870888135, 0.0898999650193316, 
-0.160589001185979, 0.257505525574979, 0.275058221743037, 0.563680488069739, 
-0.22329697497344, -0.128997021398142, -0.0275578357153437, -0.373125503892762, 
-0.0274975862114396, 0.0588222318240993, 0.0923399585590692, 
-0.175912621133539, 0.116546382071625, -0.373770335132734, -0.0128790470077565, 
0.0349994702567816, -0.258295198339626, 0.0884128033691762, -0.0259970064122555, 
-328.512303168897, 12.1902290856379, 8.1695887517239, -11.9481497768817, 
-47.6084500697433, -0.113268667826162, 0.202732269582117, 0.0689927414014751, 
0.0584227957298226, 0.179637288908746, -0.0357946677595227, -0.103246117701037, 
-0.020919079737815, 0.0401989841710373, 0.122726797122409, 0.243081581619095, 
-0.111376895884313, -0.300781299636558, -0.36101955600015, 0.343651531799158, 
-0.251661984435088, -0.329505288912947, 0.168112196582092, -0.015333458483854, 
-0.277989677153038, -0.368682012026279, 0.113894277185888, -382.975678562452, 
-12.3443755040988, 11.0852083455286, 1.89702095288471, 3.66819670851469, 
46.2742890101147, -0.138342503973366, -0.226985690128883, 0.104119231089867, 
-0.200319568601137, 0.0860480998027921, -0.173705076249717, 0.112783997808495, 
0.655468815060059, 0.014945543367116, -0.0685634414236843, -0.180061799062424, 
-0.122903445766732, 0.0447757467557196, -0.165541867601204, -0.138498063285191, 
0.370097628137968, -0.146108048152999, 0.0187206859253963, 0.141473852466831, 
-0.235162575573514, 0.123191112343022, -222.664753817466, -13.9386898893224, 
15.4279398067065, 25.9617311116737, 5.06297851686477, 7.92894984476525, 
42.8787304555472, -0.0725784314951604, 0.316787732111368, -0.19488990302461, 
0.269964904765971, 0.117291534783603, 0.0776996953609364, 0.106644872713714, 
-0.381342640137462, -0.0411462231333057, -0.0771599313459647, 
-0.0121390064028128, 0.0660505186473294, 0.123230768617796, 0.118635360140399, 
0.0678171125411471, 0.134444276714224, -0.579001227874366, 0.1222809296146, 
0.0807686003273491, -0.137566505238521), .Dim = c(27L, 7L), .Dimnames = list(
    c("2", "3", "4", "6", "7", "8", "9", "10", "11", "12", "13", 
    "14", "15", "16", "17", "18", "19", "20", "21", "22", "23", 
    "24", "25", "26", "27", "28", "29"), c("x1", "x2", "x3", 
    "x4", "x5", "x6", "x7")), assign = 1:7), qraux = c(1.19245008972988, 
1.06194596137465, 1.14577733656893, 1.12121545183186, 1.1989857903564, 
1.21960793507833, 1.40888928677246), pivot = 1:7, tol = 1e-07, 
    rank = 7L), .Names = c("qr", "qraux", "pivot", "tol", "rank"
), class = "qr"), df.residual = 20L, xlevels = structure(list(), .Names = character(0)), 
    call = quote(lm(formula = y ~ . + 0, data = structure(list(y = c(63, 
        71, 61, 43, 58, 71, 72, 67, 64, 67, 69, 68, 77, 81, 74, 
        65, 65, 50, 50, 64, 53, 40, 63, 66, 78, 48, 85), x1 = c(1, 
        1, 1, 1, 1, 1, 1, 1, 1, 1, 1, 1, 1, 1, 1, 1, 1, 1, 1, 
        1, 1, 1, 1, 1, 1, 1, 1), x2 = c(64, 70, 63, 55, 67, 75, 
        82, 61, 53, 60, 62, 83, 77, 90, 85, 60, 70, 58, 40, 61, 
        66, 37, 54, 77, 75, 57, 85), x3 = c(51, 68, 45, 49, 42, 
        50, 72, 45, 53, 47, 57, 83, 54, 50, 64, 65, 46, 68, 33, 
        52, 52, 42, 42, 66, 58, 44, 71), x4 = c(54, 69, 47, 44, 
        56, 55, 67, 47, 58, 39, 42, 45, 72, 72, 69, 75, 57, 54, 
        34, 62, 50, 58, 48, 63, 74, 45, 71), x5 = c(71, 50, 63, 
        76, 70, 55, 70, 70, 71, 79, 70, 66, 54, 51, 62, 75, 55, 
        58, 58, 80, 54, 55, 76, 61, 43, 51, 63), x6 = c(73, 86, 
        84, 49, 68, 66, 83, 80, 67, 74, 63, 77, 77, 54, 79, 80, 
        85, 78, 64, 80, 80, 57, 75, 76, 78, 83, 74), x7 = c(47, 
        48, 35, 34, 35, 41, 31, 41, 34, 41, 25, 35, 46, 36, 63, 
        60, 46, 52, 33, 41, 37, 49, 33, 72, 49, 38, 55)), .Names = c("y", 
        "x1", "x2", "x3", "x4", "x5", "x6", "x7"),