
expected <- structure(list(coefficients = structure(c(12.6986138847526, 0.664026299385621, 
-0.0984870365547467, 0.336229958651351, 0.0391838716754643, -0.0602372462701977, 
-0.114414218443857), .Names = c("x1", "x2", "x3", "x4", "x5", 
"x6", "x7")), residuals = structure(c(-7.71107748781877, 2.27751361206918, 
2.83039617542969, 0.840590178655898, 6.40250317098192, -9.59517968220678, 
-7.76393076873578, 1.57773491122986, -5.0013454476549, 9.26450406992894, 
7.84120543107129, 13.0533702192017, -0.618515398348784, 0.966425669934153, 
-4.45951299090265, -3.22647103129314, -3.5392700633575, -4.59139899591278, 
8.44429699360798, 1.03088150409768, -8.87174879252088, -3.98567446809744, 
-3.68544339924722, 3.62121151262878, -6.41763791868208, 7.25471853443845, 
4.06185446150322), .Names = c("1", "2", "3", "4", "5", "6", "7", 
"8", "9", "10", "11", "12", "14", "15", "16", "17", "19", "20", 
"21", "22", "23", "24", "26", "27", "28", "29", "30")), effects = structure(c(-335.248056309443, 
55.507881731414, 5.01730832808559, 12.937982009321, -1.27807960301797, 
2.20251592419563, -3.66866132413518, 7.03132651692061, -3.83813103867174, 
12.8503819250533, 5.88822942733993, 16.9646726178323, -3.2836914183041, 
4.83537485136582, -4.17531386240762, -0.802027042808847, -2.90791935286849, 
-6.95581664233455, 6.49369909759963, -0.540709333837827, -6.12688246821404, 
-6.76682200400032, -1.35468145366173, 7.34522026721759, -6.00569588044257, 
8.96214650244793, 4.72108386568282), .Names = c("x1", "x2", "x3", 
"x4", "x5", "x6", "x7", "", "", "", "", "", "", "", "", "", "", 
"", "", "", "", "", "", "", "", "", "")), rank = 7L, fitted.values = structure(c(50.7110774878188, 
60.7224863879308, 68.1696038245703, 60.1594098213441, 74.5974968290181, 
52.5951796822068, 65.7639307687358, 69.4222650887701, 77.0013454476549, 
57.7354959300711, 56.1587945689287, 53.9466297807983, 68.6185153983488, 
76.0335743300658, 85.4595129909027, 77.2264710312931, 68.5392700633575, 
54.5913989959128, 41.555703006392, 62.9691184959023, 61.8717487925209, 
43.9856744680974, 69.6854433992472, 74.3787884873712, 54.4176379186821, 
77.7452814655615, 77.9381455384968), .Names = c("1", "2", "3", 
"4", "5", "6", "7", "8", "9", "10", "11", "12", "14", "15", "16", 
"17", "19", "20", "21", "22", "23", "24", "26", "27", "28", "29", 
"30")), assign = 1:7, qr = structure(list(qr = structure(c(-5.19615242270663, 
0.192450089729875, 0.192450089729875, 0.192450089729875, 0.192450089729875, 
0.192450089729875, 0.192450089729875, 0.192450089729875, 0.192450089729875, 
0.192450089729875, 0.192450089729875, 0.192450089729875, 0.192450089729875, 
0.192450089729875, 0.192450089729875, 0.192450089729875, 0.192450089729875, 
0.192450089729875, 0.192450089729875, 0.192450089729875, 0.192450089729875, 
0.192450089729875, 0.192450089729875, 0.192450089729875, 0.192450089729875, 
0.192450089729875, 0.192450089729875, -350.644063487833, 69.9767157041593, 
-0.0740027970375246, 0.0260304773103873, -0.188326539149424, 
0.140354219422287, -0.0311313937455624, -0.145455135857462, -0.245488410205373, 
0.0546114128383621, 0.168935154950261, 0.0689018806023495, -0.259778877969361, 
-0.174036071385436, -0.359812152317273, -0.288359813497336, -0.0740027970375246, 
0.0974828161303243, 0.354711235882098, 0.0546114128383621, -0.0168409259815749, 
0.39758263917406, -0.174036071385436, -0.145455135857462, 0.111773283894312, 
-0.288359813497336, -0.245488410205373, -275.203628313722, 37.1192253786653, 
-51.7989002803227, -0.0646111375218958, 0.00305168115368953, 
0.0897822602435688, -0.161113265566024, -0.0838415133947335, 
0.273352707176091, -0.045318217241926, 0.186296897169124, 0.00293910122085157, 
0.476065967811465, -0.0259127170291181, -0.228538415494507, 0.0899698934649654, 
-0.112830929340394, 0.427646033890144, -0.074407704238998, 0.0898197868878481, 
0.0415874861879235, 0.128280538633523, 0.205752432907637, 0.0706019198964369, 
-0.0260378058433825, 0.22510789759474, -0.363726455149987, -293.67883692779, 
37.9020254461815, -7.52187192325024, 43.33126643185, -0.121492937648673, 
0.135014367433991, -0.0835009050119497, 0.064907370321727, -6.93956314350381e-05, 
0.0915809510779477, -0.178492309224744, 0.280997970441483, 0.591510443853834, 
-0.282447065505078, -0.194720363674145, -0.0742433357923988, 
-0.0527603812070296, 0.0603482267727822, 0.123980681013588, -0.206851483211803, 
0.114317693405659, -0.395054295483173, 0.00709158923035469, -0.31901745600949, 
0.0955309830565158, -0.0726614600816332, -0.0404954151910349, 
-339.28950819377, 36.8715239374229, -8.58423415944909, 19.7034837366774, 
33.3796944967433, 0.0891282688594576, -0.00534326791010281, -0.0787541470762473, 
0.195243614382479, -0.0724219506765863, 0.215632463139881, -0.125555909291352, 
0.195615399430647, -0.0260201866444669, 0.607944339783501, -0.0104391317533713, 
-0.230835737455126, 0.0282513371371344, 0.118579321337855, 0.0901938159779225, 
-0.00439100325568319, 0.338586271621436, -0.427458024109425, 
-0.0225831698730062, 0.196518979383285, 0.101239274755126, 0.186282569069957, 
-377.587076050015, 3.37731388155568, -24.4079195635547, 9.71738007658718, 
-11.2897851769965, -37.907261687293, 0.321521801281624, 0.337278026611215, 
0.0630186854324802, 0.236668623727033, -0.169764967839664, 0.320705734351712, 
-0.0572060974161415, 0.0962242358287895, 0.199562210764536, 0.166233966619338, 
-0.427843896769897, -0.131730366721984, -0.143831026260735, -0.306945910762998, 
0.17546981195366, 0.0184690248499987, -0.132443686452784, 0.138032164872991, 
0.171451325012621, 0.176664994257389, -0.146174578446097, -225.166604983954, 
11.2561251087674, -11.4580557756746, 15.8896201680194, 28.5461971703421, 
0.70719474022691, 32.0647326357904, 0.0633255705903168, 0.384401960226448, 
0.0191329527589423, 0.290560487590805, -0.0597437429722258, -0.0393759347282355, 
0.153575165523992, -0.151710272048152, -0.466407224296239, 0.181015341647637, 
-0.17599658646422, 0.057661835512154, 0.203821425262926, 0.130191943589557, 
-0.235170862258239, -0.407566468417994, 0.104108207653156, -0.107619716491249, 
-0.261307806703174, -0.0352412223799574), .Dim = c(27L, 7L), .Dimnames = list(
    c("1", "2", "3", "4", "5", "6", "7", "8", "9", "10", "11", 
    "12", "14", "15", "16", "17", "19", "20", "21", "22", "23", 
    "24", "26", "27", "28", "29", "30"), c("x1", "x2", "x3", 
    "x4", "x5", "x6", "x7")), assign = 1:7), qraux = c(1.19245008972988, 
1.0117400095464, 1.31188851221032, 1.1092741072632, 1.1175208252798, 
1.21498049254206, 1.23506886329365), pivot = 1:7, tol = 1e-07, 
    rank = 7L), .Names = c("qr", "qraux", "pivot", "tol", "rank"
), class = "qr"), df.residual = 20L, xlevels = structure(list(), .Names = character(0)), 
    call = quote(lm(formula = y ~ . + 0, data = structure(list(y = c(43, 
        63, 71, 61, 81, 43, 58, 71, 72, 67, 64, 67, 68, 77, 81, 
        74, 65, 50, 50, 64, 53, 40, 66, 78, 48, 85, 82), x1 = c(1, 
        1, 1, 1, 1, 1, 1, 1, 1, 1, 1, 1, 1, 1, 1, 1, 1, 1, 1, 
        1, 1, 1, 1, 1, 1, 1, 1), x2 = c(51, 64, 70, 63, 78, 55, 
        67, 75, 82, 61, 53, 60, 83, 77, 90, 85, 70, 58, 40, 61, 
        66, 37, 77, 75, 57, 85, 82), x3 = c(30, 51, 68, 45, 56, 
        49, 42, 50, 72, 45, 53, 47, 83, 54, 50, 64, 46, 68, 33, 
        52, 52, 42, 66, 58, 44, 71, 39), x4 = c(39, 54, 69, 47, 
        66, 44, 56, 55, 67, 47, 58, 39, 45, 72, 72, 69, 57, 54, 
        34, 62, 50, 58, 63, 74, 45, 71, 59), x5 = c(61, 63, 76, 
        54, 71, 54, 66, 70, 71, 62, 58, 59, 59, 79, 60, 79, 75, 
        64, 43, 66, 63, 50, 88, 80, 51, 77, 64), x6 = c(54, 78, 
        83, 64, 66, 80, 78, 78, 80, 76, 73, 78, 74, 75, 75, 78, 
        49, 77, 63, 64, 76, 83, 67, 80, 76, 83, 54), x7 = c(45, 
        47, 48, 35, 47, 34, 35, 41, 31, 41, 34, 41, 35, 46, 36, 
        63, 46, 52, 33, 41, 37, 49, 72, 49, 38, 55, 39)), .Names = c("y", 
        "x1", "x2", "x3", "x4", "x5", "x6", "x7"),