
expected <- structure(list(coefficients = structure(c(21.6173439520473, 0.496184553918476, 
-0.00788231726267481, 0.343336062120031, -0.0998176292505273, 
0.151791468046991, -0.340963048679761), .Names = c("x1", "x2", 
"x3", "x4", "x5", "x6", "x7")), residuals = structure(c(-0.34697525173122, 
0.00710512810817947, 0.323944362438096, -6.6504142717991, -8.92147300586259, 
2.2411877621464, -1.54491747829636, 5.31238988966962, 8.23380332756438, 
9.18232349560406, 10.5092050055485, -4.14347469728528, 3.05902872281579, 
-0.555935327292412, -1.40038404224035, 6.26972044587817, -3.01718841347312, 
-6.12152556422268, 2.95124895799823, -2.72416735296978, -3.51947099919959, 
-7.87650175052326, 7.62270490250652, -5.41102402304889, 2.29850284458836, 
-11.5545612675366, 5.77684860061484), .Names = c("2", "3", "4", 
"6", "7", "8", "9", "10", "11", "12", "13", "14", "15", "16", 
"17", "18", "19", "20", "21", "22", "23", "24", "25", "26", "27", 
"28", "29")), effects = structure(c(-333.516005501874, -45.8271796854879, 
-2.82732660593055, 9.77007444774788, -2.39921901489119, 2.83596409687574, 
12.2343204570948, 7.14562444630918, 6.68410400055333, 11.9846668688263, 
11.0586850277866, -3.07874139180246, 2.67918904421717, -7.80792299612861, 
-0.816049460547881, 1.69886665435842, -0.291712585023419, -4.31827547967126, 
2.87606808562494, -3.55112803758795, -0.948759542838868, -11.6443251172442, 
10.4559521603466, -1.48533357737597, 1.53729188644887, -11.5236068679502, 
4.62453714638688), .Names = c("x1", "x2", "x3", "x4", "x5", "x6", 
"x7", "", "", "", "", "", "", "", "", "", "", "", "", "", "", 
"", "", "", "", "", "")), rank = 7L, fitted.values = structure(c(63.3469752517312, 
70.9928948718918, 60.6760556375619, 49.6504142717991, 66.9214730058626, 
68.7588122378536, 73.5449174782964, 61.6876101103304, 55.7661966724356, 
57.8176765043959, 58.4907949944515, 72.1434746972853, 73.9409712771842, 
81.5559353272924, 75.4003840422403, 58.7302795541218, 68.0171884134731, 
56.1215255642227, 47.0487510420018, 66.7241673529698, 56.5194709991996, 
47.8765017505233, 55.3772950974935, 71.4110240230489, 75.7014971554116, 
59.5545612675366, 79.2231513993852), .Names = c("2", "3", "4", 
"6", "7", "8", "9", "10", "11", "12", "13", "14", "15", "16", 
"17", "18", "19", "20", "21", "22", "23", "24", "25", "26", "27", 
"28", "29")), assign = 1:7, qr = structure(list(qr = structure(c(-5.19615242270663, 
0.192450089729875, 0.192450089729875, 0.192450089729875, 0.192450089729875, 
0.192450089729875, 0.192450089729875, 0.192450089729875, 0.192450089729875, 
0.192450089729875, 0.192450089729875, 0.192450089729875, 0.192450089729875, 
0.192450089729875, 0.192450089729875, 0.192450089729875, 0.192450089729875, 
0.192450089729875, 0.192450089729875, 0.192450089729875, 0.192450089729875, 
0.192450089729875, 0.192450089729875, 0.192450089729875, 0.192450089729875, 
0.192450089729875, 0.192450089729875, -343.908310347287, -67.2761032913922, 
-0.0421028710864252, -0.16101582247051, 0.0173536046056173, 0.136266555989702, 
0.240315388450777, -0.0718311089324464, -0.190744060316531, -0.0866952278554571, 
-0.0569669900094358, 0.255179507373787, 0.165994793835724, 0.359228339834862, 
0.284907745219808, -0.0866952278554571, 0.0619459613746492, -0.116423465701478, 
-0.38397760631567, -0.0718311089324464, 0.00248948568260667, 
-0.428569963084701, -0.175879941393521, 0.165994793835724, 0.136266555989702, 
-0.131287584624489, 0.284907745219808, -282.709181813187, -36.8030079304512, 
46.9047665572452, -0.0611248653510839, 0.270548232368535, 0.221612896213294, 
-0.141002445516607, 0.115371580928528, -0.176809800349899, 0.0575291134291201, 
-0.125263079326525, -0.360317310932056, 0.166739472495275, 0.44965606351628, 
0.0751645466608243, -0.326227193683757, 0.230877686470715, -0.420592333842968, 
0.0519486847795985, -0.0338669829487023, 0.0421474061522932, 
-0.185538102237438, 0.0729108207059471, -0.0890980655799771, 
0.0510545374964592, 0.0758798644873358, -0.0740740172164058, 
-293.87128701752, -33.9678148766177, 8.65095721368538, 48.6211390082697, 
-0.0587193222030677, 0.083686816614506, 0.0349793870888135, 0.0898999650193316, 
-0.160589001185979, 0.257505525574979, 0.275058221743037, 0.563680488069739, 
-0.22329697497344, -0.128997021398142, -0.0275578357153437, -0.373125503892762, 
-0.0274975862114396, 0.0588222318240993, 0.0923399585590692, 
-0.175912621133539, 0.116546382071625, -0.373770335132734, -0.0128790470077565, 
0.0349994702567816, -0.258295198339626, 0.0884128033691762, -0.0259970064122555, 
-335.440506399173, -38.1446322939837, 2.79399501774129, 16.9433736810265, 
-36.479711813135, 0.0812892749230983, -0.14581047142189, 0.10452663123928, 
-0.0541116618666219, 0.109140947644488, -0.0786925208474974, 
-0.290045866391337, 0.12291073052868, -0.524479386135571, 0.0426281205645648, 
-0.415376334890659, 0.261294415036636, 0.0586875518273713, -0.0303869572671198, 
0.0426394687616735, 0.0300517964425614, -0.0754831700613124, 
0.285770154765615, 0.429640743106909, 0.140429171622168, -0.131763752497732, 
-0.0511357064154046, -382.975678562452, -12.3443755040988, 11.0852083455286, 
1.89702095288471, -16.4600759798777, 43.4031264913097, -0.133910022797576, 
-0.206745081534838, 0.112518349655594, -0.154170031355739, 0.0685875885620879, 
-0.264510090780803, 0.140278646123688, 0.603040525168371, 0.0501699136585359, 
-0.104613910644536, -0.163428956433101, -0.18251489154994, -0.0340909104170918, 
-0.095875255572869, -0.194519988351356, 0.31040548450386, -0.0636911624394215, 
0.102120577723544, 0.120380090322688, -0.354302188161949, 0.145088554846545, 
-213.427149510432, 8.81992775057604, 20.0360245901379, 16.189496719731, 
10.3883346901819, 11.0048880827365, -35.8816607971661, -0.107312246987077, 
0.0261017594674953, -0.0680185373447451, -0.152039780339309, 
-0.322201224395819, 0.136485305369873, -0.0699986025630999, 0.266327259429214, 
0.411976219631325, 0.0952903423501139, 0.125783414605211, -0.270341486682685, 
-0.270238326071954, 0.555945928360601, -0.10712408442329, 0.105721816343799, 
0.0981661982752099, -0.089957287707143, -0.193307414901653, -0.1142371659055
), .Dim = c(27L, 7L), .Dimnames = list(c("2", "3", "4", "6", 
"7", "8", "9", "10", "11", "12", "13", "14", "15", "16", "17", 
"18", "19", "20", "21", "22", "23", "24", "25", "26", "27", "28", 
"29"), c("x1", "x2", "x3", "x4", "x5", "x6", "x7")), assign = 1:7), 
    qraux = c(1.19245008972988, 1.06194596137465, 1.14577733656893, 
    1.12121545183186, 1.06702475408641, 1.22651062456262, 1.14551129830278
    ), pivot = 1:7, tol = 1e-07, rank = 7L), .Names = c("qr", 
"qraux", "pivot", "tol", "rank"), class = "qr"), df.residual = 20L, 
    xlevels = structure(list(), .Names = character(0)), call = quote(lm(formula = y ~ 
        . + 0, data = structure(list(y = c(63, 71, 61, 43, 58, 
        71, 72, 67, 64, 67, 69, 68, 77, 81, 74, 65, 65, 50, 50, 
        64, 53, 40, 63, 66, 78, 48, 85), x1 = c(1, 1, 1, 1, 1, 
        1, 1, 1, 1, 1, 1, 1, 1, 1, 1, 1, 1, 1, 1, 1, 1, 1, 1, 
        1, 1, 1, 1), x2 = c(64, 70, 63, 55, 67, 75, 82, 61, 53, 
        60, 62, 83, 77, 90, 85, 60, 70, 58, 40, 61, 66, 37, 54, 
        77, 75, 57, 85), x3 = c(51, 68, 45, 49, 42, 50, 72, 45, 
        53, 47, 57, 83, 54, 50, 64, 65, 46, 68, 33, 52, 52, 42, 
        42, 66, 58, 44, 71), x4 = c(54, 69, 47, 44, 56, 55, 67, 
        47, 58, 39, 42, 45, 72, 72, 69, 75, 57, 54, 34, 62, 50, 
        58, 48, 63, 74, 45, 71), x5 = c(63, 76, 54, 54, 66, 70, 
        71, 62, 58, 59, 55, 59, 79, 60, 79, 55, 75, 64, 43, 66, 
        63, 50, 66, 88, 80, 51, 77), x6 = c(73, 86, 84, 49, 68, 
        66, 83, 80, 67, 74, 63, 77, 77, 54, 79, 80, 85, 78, 64, 
        80, 80, 57, 75, 76, 78, 83, 74), x7 = c(38, 41, 45, 47, 
        31, 34, 49, 35, 47, 35, 35, 33, 41, 33, 46, 72, 38, 52, 
        33, 34, 60, 45, 41, 36, 35, 38, 35)), .Names = c("y", 
        "x1", "x2", "x3", "x4", "x5", "x6", "x7"),