
expected <- structure(list(coefficients = structure(c(11.4652887560363, 0.115411897730404, 
0.495267423941573, 0.542760244899481, 0.0513596997333288, -0.45894435883016
), .Names = c("x1", "x2", "x3", "x4", "x5", "x6")), residuals = structure(c(-8.42404638864719, 
2.53149492268531, -6.12413361925153, 3.50339147772552, 9.15554739020526, 
-12.133808709535, -9.29914738761793, -9.52942013870534, 8.12041447044395, 
-1.62471581043651, 13.7881689996142, 8.54113568586737, 4.75399088548921, 
-2.0781014776094, 9.28782027196731, 2.95291651755734, 2.46395317754122, 
-10.9353442881469, 6.40647873263138, -5.2875211523904, -10.5518087657137, 
-12.6153405964205, -1.61441461187896, -1.7475707845565, -5.33418826573867, 
9.82526250338569, 15.9689869615349), .Names = c("1", "2", "3", 
"4", "5", "6", "7", "9", "10", "11", "12", "13", "14", "15", 
"16", "17", "18", "20", "21", "22", "23", "24", "25", "27", "28", 
"29", "30")), effects = structure(c(-334.285805860793, -28.7564277276696, 
-30.9927154263741, 18.2854846148751, 2.66249915587565, 16.829598505151, 
-5.13111651419027, -13.5019306135332, 9.19828264250574, -0.397605626667625, 
15.7922449512119, 8.58779491489124, -0.208585492828748, 1.8536561006681, 
14.7105394362493, 7.82709859755452, 1.9649441133785, -10.5488738498912, 
8.89245733459558, -4.80873284151389, -11.0036830668166, -6.20236078443716, 
0.574437614627072, 1.99095609822686, -7.33923018165334, 13.2977190104408, 
18.173434883434), .Names = c("x1", "x2", "x3", "x4", "x5", "x6", 
"", "", "", "", "", "", "", "", "", "", "", "", "", "", "", "", 
"", "", "", "", "")), rank = 6L, fitted.values = structure(c(51.4240463886472, 
60.4685050773147, 77.1241336192515, 57.4966085222745, 71.8444526097947, 
55.133808709535, 67.2991473876179, 81.5294201387053, 58.879585529556, 
65.6247158104365, 53.2118310003858, 60.4588643141326, 63.2460091145108, 
79.0781014776094, 71.7121797280327, 71.0470834824427, 62.5360468224588, 
60.9353442881469, 43.5935212673686, 69.2875211523904, 63.5518087657137, 
52.6153405964205, 64.614414611879, 79.7475707845565, 53.3341882657387, 
75.1747374966143, 66.0310130384651), .Names = c("1", "2", "3", 
"4", "5", "6", "7", "9", "10", "11", "12", "13", "14", "15", 
"16", "17", "18", "20", "21", "22", "23", "24", "25", "27", "28", 
"29", "30")), assign = 1:6, qr = structure(list(qr = structure(c(-5.19615242270663, 
0.192450089729875, 0.192450089729875, 0.192450089729875, 0.192450089729875, 
0.192450089729875, 0.192450089729875, 0.192450089729875, 0.192450089729875, 
0.192450089729875, 0.192450089729875, 0.192450089729875, 0.192450089729875, 
0.192450089729875, 0.192450089729875, 0.192450089729875, 0.192450089729875, 
0.192450089729875, 0.192450089729875, 0.192450089729875, 0.192450089729875, 
0.192450089729875, 0.192450089729875, 0.192450089729875, 0.192450089729875, 
0.192450089729875, 0.192450089729875, -275.588528493181, -64.1479770761554, 
0.291216063683602, -0.0673299271384429, 0.104148590211231, -0.00497410264765246, 
-0.114096795506536, 0.353571888174393, -0.0673299271384429, 0.057381721843138, 
-0.0361520148930477, 0.119737546333929, 0.525050405524067, 0.0729706779658356, 
0.0106148534750452, 0.228860239192812, 0.244449195315509, 0.291216063683602, 
-0.254397400610814, 0.0417927657204404, 0.0417927657204404, -0.114096795506536, 
-0.114096795506536, 0.135326502456626, -0.0829188832611406, 0.337982932051695, 
-0.160863663874629, -291.754336030491, -30.6923451306105, -54.8214133144239, 
-0.0789147027621149, 0.172224603194684, -0.168343515957749, 0.111283977231945, 
0.0516429668959019, -0.0789147027621149, 0.0523254770176803, 
-0.242195917601809, -0.274236952661708, -0.445100671442217, 0.299023723190724, 
0.333729394120876, 0.157536403599861, 0.258306270398287, -0.1507849786577, 
-0.211931306455412, 0.133966084437527, -0.0849264846243997, 0.147766072075599, 
-0.0346444021426733, 0.300800147104226, -0.106720379873231, 0.133283574315749, 
0.192036372695041, -328.319853079167, -22.2893204117312, -25.8867413051946, 
35.0590486786962, -0.0249733368758398, 0.109067769282724, -0.0691759363250795, 
0.0306054660469463, -0.0837958553873027, 0.217097254957001, -0.114322410008178, 
0.0704742254503304, 0.0675193543763111, -0.167351026860883, 0.364483064606799, 
-0.187510750915421, 0.5904389279163, 0.0232897560531154, 0.230950641924918, 
0.046959038360111, -0.0491973063612735, 0.417484682585548, -0.190326779649283, 
-0.155477885907991, 0.197145623867152, -0.082486137039997, 0.0257206907738325, 
-387.979380895428, -8.51676636170049, -1.85937929360955, 22.6674850444493, 
-45.4553904519845, -0.563369249771577, -0.238686253627549, 0.0906667336604258, 
0.0514220812865264, -0.181166812091524, -0.0626365356001671, 
-0.258317245111842, 0.0445494309448097, -0.119666873934195, -0.470960614352596, 
-0.0694791431438922, 0.160469379337443, 0.0206144079056706, -0.168158077435346, 
0.0416268971052963, 0.0531508117108045, -0.344937806251888, -0.0936931250070934, 
-0.0999335691389521, 0.205989747784078, -0.153843941458837, -0.00149673738783839, 
-217.276151305029, -13.9082357051727, -22.4522553488392, 4.15599063549081, 
-10.8881921405206, -36.6702372114331, -0.159092775084502, -0.528820467473991, 
0.0104804693849986, -0.193802213103671, 0.108301084465703, -0.299495864500366, 
-0.209420293111097, -0.106084795903987, -0.168514106040854, 0.342187752176254, 
0.299036906079689, 0.203218141269499, 0.0790801336086491, -0.132076198836419, 
-0.142438058668319, 0.329785968377654, -0.194379138792904, -0.0585961094099525, 
-0.0293852967884978, 0.126656401893635, -0.112245630085199), .Dim = c(27L, 
6L), .Dimnames = list(c("1", "2", "3", "4", "5", "6", "7", "9", 
"10", "11", "12", "13", "14", "15", "16", "17", "18", "20", "21", 
"22", "23", "24", "25", "27", "28", "29", "30"), c("x1", "x2", 
"x3", "x4", "x5", "x6")), assign = 1:6), qraux = c(1.19245008972988, 
1.02620380959774, 1.12283073266971, 1.14439059865249, 1.07423714946669, 
1.03398569051046), pivot = 1:6, tol = 1e-07, rank = 6L), .Names = c("qr", 
"qraux", "pivot", "tol", "rank"), class = "qr"), df.residual = 21L, 
    xlevels = structure(list(), .Names = character(0)), call = quote(lm(formula = y ~ 
        . + 0, data = structure(list(y = c(43, 63, 71, 61, 81, 
        43, 58, 72, 67, 64, 67, 69, 68, 77, 81, 74, 65, 50, 50, 
        64, 53, 40, 63, 78, 48, 85, 82), x1 = c(1, 1, 1, 1, 1, 
        1, 1, 1, 1, 1, 1, 1, 1, 1, 1, 1, 1, 1, 1, 1, 1, 1, 1, 
        1, 1, 1, 1), x2 = c(30, 51, 68, 45, 56, 49, 42, 72, 45, 
        53, 47, 57, 83, 54, 50, 64, 65, 68, 33, 52, 52, 42, 42, 
        58, 44, 71, 39), x3 = c(39, 54, 69, 47, 66, 44, 56, 67, 
        47, 58, 39, 42, 45, 72, 72, 69, 75, 54, 34, 62, 50, 58, 
        48, 74, 45, 71, 59), x4 = c(61, 63, 76, 54, 71, 54, 66, 
        71, 62, 58, 59, 55, 59, 79, 60, 79, 55, 64, 43, 66, 63, 
        50, 66, 80, 51, 77, 64), x5 = c(92, 73, 86, 84, 83, 49, 
        68, 83, 80, 67, 74, 63, 77, 77, 54, 79, 80, 78, 64, 80, 
        80, 57, 75, 78, 83, 74, 78), x6 = c(45, 47, 48, 35, 47, 
        34, 35, 31, 41, 34, 41, 25, 35, 46, 36, 63, 60, 52, 33, 
        41, 37, 49, 33, 49, 38, 55, 39)), .Names = c("y", "x1", 
        "x2", "x3", "x4", "x5", "x6"), row.names = c("1", "2", 
        "3", "4", "5", "6", "7", "9", "10", "11", "12", "13", 
        "14", "15", "16", "17", "18", "20", "21", "22", "23", 
        "24", "25", "27", "28", "29", "30"), class = "data.frame"))), 
    terms = y ~ x1 + x2 + x3 + x4 + x5 + x6 + 0, model = structure(list(
        y = c(43, 63, 71, 61, 81, 43, 58, 72, 67, 64, 67, 69, 
        68, 77, 81, 74, 65, 50, 50, 64, 53, 40, 63, 78, 48, 85, 
        82), x1 = c(1, 1, 1, 1, 1, 1, 1, 1, 1, 1, 1, 1, 1, 1, 
        1, 1, 1, 1, 1, 1, 1, 1, 1, 1, 1, 1, 1), x2 = c(30, 51, 
        68, 45, 56, 49, 42, 72, 45, 53, 47, 57, 83, 54, 50, 64, 
        65, 68, 33, 52, 52, 42, 42, 58, 44, 71, 39), x3 = c(39, 
        54, 69, 47, 66, 44, 56, 67, 47, 58, 39, 42, 45, 72, 72, 
        69, 75, 54, 34, 62, 50, 58, 48, 74, 45, 71, 59),