
expected <- structure(list(coefficients = structure(c(-11.4584691041334, 
0.706185540287527, -0.0309471492587266, 0.363454020989218, 0.171159731955093, 
0.0995990095930381, -0.192227576319142), .Names = c("x1", "x2", 
"x3", "x4", "x5", "x6", "x7")), residuals = structure(c(-6.09921685271715, 
2.15498222590681, -0.142351951647379, 8.52918175161517, -10.2100557253236, 
-8.93555571967367, 2.94595062951247, -10.8608140262783, 7.62366250152903, 
6.30076414553807, 10.3565309782101, 9.72365479926768, 1.51535829718301, 
-2.90686167027601, -4.0348995469637, -0.431396270418783, -1.30506160873525, 
-4.72255644942445, -2.32311508804908, -8.81135181206025, -0.122726399708496, 
6.04388186045781, -1.94279185260425, 5.68445070368494, -5.47907929519093, 
5.24383716132591, 2.20557921484032), .Names = c("1", "3", "4", 
"5", "6", "7", "8", "9", "10", "11", "12", "13", "15", "16", 
"17", "18", "19", "20", "22", "23", "24", "25", "26", "27", "28", 
"29", "30")), effects = structure(c(-338.327257745121, -53.1510040063286, 
2.38481266822958, -8.69855043732628, -9.31395091154859, 2.70580555538035, 
8.24508446423496, -6.37716117668265, 9.31176051872821, 9.85212635421124, 
14.3049998951212, 17.6593885374782, 0.669382792961825, -0.608141770459987, 
-4.92863472080539, -1.6764756897204, -2.29263856804287, -2.18147396614806, 
-1.19296105512958, -6.43135187409746, 0.00974647586957877, 8.7651119669353, 
-2.77813576615822, 4.26379341168628, -4.35071836704169, 6.7054473127912, 
2.44273296549277), .Names = c("x1", "x2", "x3", "x4", "x5", "x6", 
"x7", "", "", "", "", "", "", "", "", "", "", "", "", "", "", 
"", "", "", "", "", "")), rank = 7L, fitted.values = structure(c(49.0992168527172, 
68.8450177740932, 61.1423519516474, 72.4708182483848, 53.2100557253236, 
66.9355557196737, 68.0540493704875, 82.8608140262783, 59.376337498471, 
57.6992358544619, 56.6434690217899, 59.2763452007323, 75.484641702817, 
83.906861670276, 78.0348995469637, 65.4313962704188, 66.3050616087353, 
54.7225564494245, 66.3231150880491, 61.8113518120603, 40.1227263997085, 
56.9561181395422, 67.9427918526042, 72.3155492963151, 53.4790792951909, 
79.7561628386741, 79.7944207851597), .Names = c("1", "3", "4", 
"5", "6", "7", "8", "9", "10", "11", "12", "13", "15", "16", 
"17", "18", "19", "20", "22", "23", "24", "25", "26", "27", "28", 
"29", "30")), assign = 1:7, qr = structure(list(qr = structure(c(-5.19615242270663, 
0.192450089729875, 0.192450089729875, 0.192450089729875, 0.192450089729875, 
0.192450089729875, 0.192450089729875, 0.192450089729875, 0.192450089729875, 
0.192450089729875, 0.192450089729875, 0.192450089729875, 0.192450089729875, 
0.192450089729875, 0.192450089729875, 0.192450089729875, 0.192450089729875, 
0.192450089729875, 0.192450089729875, 0.192450089729875, 0.192450089729875, 
0.192450089729875, 0.192450089729875, 0.192450089729875, 0.192450089729875, 
0.192450089729875, 0.192450089729875, -348.527112500804, -64.4348651884355, 
-0.0229669383926948, 0.209826285526274, -0.147123324482811, 0.0391112546523634, 
0.16326764074248, 0.271904478571332, -0.0540060349152239, -0.17816242100534, 
-0.0695255831764885, -0.0384864866539594, 0.194306737265009, 
0.396060864661448, 0.318463123355125, -0.0695255831764885, 0.0856698994361571, 
-0.100564679699018, -0.0540060349152239, 0.0235917063910989, 
-0.426475193185573, -0.162642872744076, 0.194306737265009, 0.16326764074248, 
-0.116084227960282, 0.318463123355125, 0.271904478571332, -274.626278044532, 
-24.9910710853059, 49.1208079475144, 0.0332697122450195, -0.1175759361763, 
0.17798279240609, 0.117154307922394, -0.241440185980785, 0.0403824137808932, 
-0.224516643047355, -0.0130879396546342, -0.191158831431529, 
0.0612312441374779, 0.308470469495412, -0.0403131830102102, -0.37953142363057, 
0.134814139392708, -0.466114159169628, -0.102123385543082, -0.0383513316854092, 
-0.204649530739946, 0.0121754523761407, -0.183064411846479, -0.0457094627335769, 
0.00972274202675147, -0.182818982334185, 0.430372867975097, -299.837239799146, 
-35.2696104189331, 21.7298843053379, -39.9436645615164, -0.177617837000547, 
0.106779989075908, -0.100743421629851, -0.163450290946938, -0.103742940267717, 
0.137116691742865, -0.321904565512506, -0.400929011325126, 0.252106902281073, 
0.186143551267977, -0.0326140735118242, 0.335221351322635, 0.0498186683736243, 
-0.212714672469972, 0.17684128669816, -0.169819303439769, 0.434275378359838, 
0.0267153585700828, -0.135972710318455, 0.266418319331288, -0.103259952891661, 
-0.0774882175469095, 0.083863901372416, -325.818001912679, 15.8828206501949, 
-1.28777371391348, 13.6243458341509, -51.2843492429862, 0.21288548002791, 
-0.120558885247016, 0.201919643694664, 0.059964198068304, 0.142968177869342, 
0.117114359259917, -0.0796890801562758, 0.0568239121703631, 0.0642334326790023, 
0.133178852905376, 0.380514659156847, -0.0839745571011276, -0.244927713909294, 
0.400489813876306, -0.244475611736544, -0.145497604437046, 0.188107381603359, 
-0.000459001237556914, -0.164509698944259, -0.341676896237976, 
0.132216251623226, 0.414119032212392, -390.481232061917, -5.97042769591686, 
1.69755370724668, 2.26011109235466, 7.14826371067653, 51.1534352289178, 
0.355980086038166, -0.173400511848826, -0.0878696130181621, 0.0619321078826788, 
-0.0134464490740693, 0.312114250528547, 0.0375187858391741, 0.555395938155047, 
-0.024677016499472, -0.320622328059806, -0.0555799814518724, 
0.0783970452799024, -0.304583812410007, 0.107686052781485, 0.369182330581327, 
-0.0970571233373588, 0.0702446854082844, 0.133619068663802, 0.0760686511988833, 
0.061276743503969, -0.144678550123217, -225.743955253144, -11.8276201693348, 
20.5044038044349, -16.9699421678191, 6.49280114445605, 12.4281124303163, 
-42.8923082843548, -0.476090309065761, 0.0105204044265829, -0.295930316969929, 
0.110962491614203, -0.302521617117821, -0.0445960105538525, 0.013181802609041, 
0.359005029401747, 0.0378956552368041, 0.0451601971471027, -0.0290002708280443, 
-0.16126872260361, -0.158542977828287, 0.0524855088188811, -0.172130142352847, 
0.554547291522383, -0.0711738191483064, -0.122927579252986, 0.129263468924504, 
0.110657585930293), .Dim = c(27L, 7L), .Dimnames = list(c("1", 
"3", "4", "5", "6", "7", "8", "9", "10", "11", "12", "13", "15", 
"16", "17", "18", "19", "20", "22", "23", "24", "25", "26", "27", 
"28", "29", "30"), c("x1", "x2", "x3", "x4", "x5", "x6", "x7"
)), assign = 1:7), qraux = c(1.19245008972988, 1.08566989943616, 
1.06589123532396, 1.06552080427392, 1.09407987991499, 1.09054118612996, 
1.07922203000882), pivot = 1:7, tol = 1e-07, rank = 7L), .Names = c("qr", 
"qraux", "pivot", "tol", "rank"), class = "qr"), df.residual = 20L, 
    xlevels = structure(list(), .Names = character(0)), call = quote(lm(formula = y ~ 
        . + 0, data = structure(list(y = c(43, 71, 61, 81, 43, 
        58, 71, 72, 67, 64, 67, 69, 77, 81, 74, 65, 65, 50, 64, 
        53, 40, 63, 66, 78, 48, 85, 82), x1 = c(1, 1, 1, 1, 1, 
        1, 1, 1, 1, 1, 1, 1, 1, 1, 1, 1, 1, 1, 1, 1, 1, 1, 1, 
        1, 1, 1, 1), x2 = c(51, 70, 63, 78, 55, 67, 75, 82, 61, 
        53, 60, 62, 77, 90, 85, 60, 70, 58, 61, 66, 37, 54, 77, 
        75, 57, 85, 82), x3 = c(30, 68, 45, 56, 49, 42, 50, 72, 
        45, 53, 47, 57, 54, 50, 64, 65, 46, 68, 52, 52, 42, 42, 
        66, 58, 44, 71, 39), x4 = c(39, 69, 47, 66, 44, 56, 55, 
        67, 47, 58, 39, 42, 72, 72, 69, 75, 57, 54, 62, 50, 58, 
        48, 63, 74, 45, 71, 59), x5 = c(63, 50, 63, 43, 76, 70, 
        55, 70, 70, 71, 79, 70, 54, 51, 62, 75, 55, 58, 80, 54, 
        55, 76, 61, 43, 51, 63, 75), x6 = c(92, 86, 84, 83, 49, 
        68, 66, 83, 80, 67, 74, 63, 77, 54, 79, 80, 85, 78, 80, 
        80, 57, 75, 76, 78, 83, 74, 78), x7 = c(45, 48, 35, 47, 
        34, 35, 41, 31, 41, 34, 41, 25, 46, 36, 63, 60, 46, 52, 
        41, 37, 49, 33, 72, 49, 38, 55, 39)), .Names = c("y", 
        "x1", "x2", "x3", "x4", "x5", "x6", "x7"),