
expected <- structure(list(coefficients = structure(c(1.32671250511453, 0.678831528191858, 
0.00676162753903283, 0.283420701230671, 0.0706648536443574, 0.0852759136252348, 
-0.216324911008625), .Names = c("x1", "x2", "x3", "x4", "x5", 
"x6", "x7")), residuals = structure(c(-5.84738235741782, 1.37322652373333, 
-0.196516787957123, 4.51087373831783, -9.10365204936743, -8.84455105228868, 
1.41193364741808, -9.14930664404516, 8.58820482804621, 7.3001191125104, 
12.5271881682673, 8.88050496280851, 1.70598593334416, -3.92966420249895, 
-3.14169734043644, 2.95287321194072, -2.13099170047545, -6.24729649562274, 
-0.194399009718584, -10.7101756607015, -1.31324146388698, 6.28870806030132, 
-2.38661105179713, 2.1255088481134, -7.53301452757705, 7.07054780269587, 
5.99282550629397), .Names = c("1", "3", "4", "5", "6", "7", "8", 
"9", "10", "11", "12", "13", "15", "16", "17", "18", "19", "20", 
"22", "23", "24", "25", "26", "27", "28", "29", "30")), effects = structure(c(-338.327257745121, 
-53.1510040063286, 2.38481266822958, -8.69855043732628, 3.36705806960065, 
1.53619369851081, 9.33158355320345, -6.4413599465366, 9.61837354627015, 
10.896446651128, 15.0501851815503, 14.0944891836608, 2.48578117288378, 
-0.387371113347046, -3.99440549959258, 2.94524458680711, -2.74826640331942, 
-4.58717519108622, -0.228688208766134, -9.05153483004154, 1.89044114189367, 
7.19423554283646, -3.7859136329595, 1.14775627912709, -6.1800556293332, 
8.9903234342604, 6.78774749433513), .Names = c("x1", "x2", "x3", 
"x4", "x5", "x6", "x7", "", "", "", "", "", "", "", "", "", "", 
"", "", "", "", "", "", "", "", "", "")), rank = 7L, fitted.values = structure(c(48.8473823574178, 
69.6267734762667, 61.1965167879571, 76.4891262616822, 52.1036520493674, 
66.8445510522887, 69.5880663525819, 81.1493066440452, 58.4117951719538, 
56.6998808874896, 54.4728118317327, 60.1194950371915, 75.2940140666558, 
84.929664202499, 77.1416973404364, 62.0471267880593, 67.1309917004754, 
56.2472964956227, 64.1943990097186, 63.7101756607015, 41.313241463887, 
56.7112919396987, 68.3866110517971, 75.8744911518866, 55.5330145275771, 
77.9294521973041, 76.007174493706), .Names = c("1", "3", "4", 
"5", "6", "7", "8", "9", "10", "11", "12", "13", "15", "16", 
"17", "18", "19", "20", "22", "23", "24", "25", "26", "27", "28", 
"29", "30")), assign = 1:7, qr = structure(list(qr = structure(c(-5.19615242270663, 
0.192450089729875, 0.192450089729875, 0.192450089729875, 0.192450089729875, 
0.192450089729875, 0.192450089729875, 0.192450089729875, 0.192450089729875, 
0.192450089729875, 0.192450089729875, 0.192450089729875, 0.192450089729875, 
0.192450089729875, 0.192450089729875, 0.192450089729875, 0.192450089729875, 
0.192450089729875, 0.192450089729875, 0.192450089729875, 0.192450089729875, 
0.192450089729875, 0.192450089729875, 0.192450089729875, 0.192450089729875, 
0.192450089729875, 0.192450089729875, -348.527112500804, -64.4348651884355, 
-0.0229669383926948, 0.209826285526274, -0.147123324482811, 0.0391112546523634, 
0.16326764074248, 0.271904478571332, -0.0540060349152239, -0.17816242100534, 
-0.0695255831764885, -0.0384864866539594, 0.194306737265009, 
0.396060864661448, 0.318463123355125, -0.0695255831764885, 0.0856698994361571, 
-0.100564679699018, -0.0540060349152239, 0.0235917063910989, 
-0.426475193185573, -0.162642872744076, 0.194306737265009, 0.16326764074248, 
-0.116084227960282, 0.318463123355125, 0.271904478571332, -274.626278044532, 
-24.9910710853059, 49.1208079475144, 0.0332697122450195, -0.1175759361763, 
0.17798279240609, 0.117154307922394, -0.241440185980785, 0.0403824137808932, 
-0.224516643047355, -0.0130879396546342, -0.191158831431529, 
0.0612312441374779, 0.308470469495412, -0.0403131830102102, -0.37953142363057, 
0.134814139392708, -0.466114159169628, -0.102123385543082, -0.0383513316854092, 
-0.204649530739946, 0.0121754523761407, -0.183064411846479, -0.0457094627335769, 
0.00972274202675147, -0.182818982334185, 0.430372867975097, -299.837239799146, 
-35.2696104189331, 21.7298843053379, -39.9436645615164, -0.177617837000547, 
0.106779989075908, -0.100743421629851, -0.163450290946938, -0.103742940267717, 
0.137116691742865, -0.321904565512506, -0.400929011325126, 0.252106902281073, 
0.186143551267977, -0.0326140735118242, 0.335221351322635, 0.0498186683736243, 
-0.212714672469972, 0.17684128669816, -0.169819303439769, 0.434275378359838, 
0.0267153585700828, -0.135972710318455, 0.266418319331288, -0.103259952891661, 
-0.0774882175469095, 0.083863901372416, -333.131105322414, -18.3251377080509, 
2.61558452930584, -17.5680443830901, 51.8592183586628, -0.291571497770679, 
-0.146035279359719, -0.0171725042644208, -0.0217226384138399, 
0.143846141040714, -0.0465079482717219, -0.302451693630287, 0.233660589194313, 
0.00630575001526182, -0.135466986561348, 0.282674711558852, -0.0104517452140007, 
-0.105797264165079, -0.189635933842704, -0.0829029269264861, 
0.416510315571679, -0.343053425153667, -0.367587911118185, -0.264035346351973, 
0.107175540688192, 0.162745537579418, 0.193617204347672, -390.481232061917, 
-5.97042769591686, 1.69755370724668, 2.26011109235466, -2.20959206497719, 
51.6031909159003, 0.349158628119806, -0.0437848956052471, -0.041320958966813, 
0.0794602725087079, 0.0779884581681041, 0.40281309408351, -0.0377993228089039, 
0.585827632922506, 0.117830659738186, -0.22309736921347, -0.100180240258744, 
-0.0187187481291213, 0.0245902601065206, -7.56494892749941e-05, 
0.0854911763135992, 0.175406663785745, 0.24050769394494, 0.157532777613931, 
-0.17773638181501, 0.063615475341859, 0.0127670079531695, -225.743955253144, 
-11.8276201693348, 20.5044038044349, -16.9699421678191, 0.504523604036866, 
13.240803102449, -43.1368884410699, -0.494947610497274, 0.00263244460918038, 
-0.301296820348967, 0.100208081676102, -0.288466419281265, -0.0443150075470099, 
0.0265580013321395, 0.34402163733638, 0.00154845076154194, 0.0494158193985235, 
-0.00876512330562165, -0.203929422816555, -0.136330124353276, 
0.0812814812324944, -0.193559978509142, 0.548753326134044, -0.0572443099208895, 
-0.0918628616630658, 0.122552508390907, 0.0758954122219067), .Dim = c(27L, 
7L), .Dimnames = list(c("1", "3", "4", "5", "6", "7", "8", "9", 
"10", "11", "12", "13", "15", "16", "17", "18", "19", "20", "22", 
"23", "24", "25", "26", "27", "28", "29", "30"), c("x1", "x2", 
"x3", "x4", "x5", "x6", "x7")), assign = 1:7), qraux = c(1.19245008972988, 
1.08566989943616, 1.06589123532396, 1.06552080427392, 1.00828183918028, 
1.35213891360378, 1.09784704845072), pivot = 1:7, tol = 1e-07, 
    rank = 7L), .Names = c("qr", "qraux", "pivot", "tol", "rank"
), class = "qr"), df.residual = 20L, xlevels = structure(list(), .Names = character(0)), 
    call = quote(lm(formula = y ~ . + 0, data = structure(list(y = c(43, 
        71, 61, 81, 43, 58, 71, 72, 67, 64, 67, 69, 77, 81, 74, 
        65, 65, 50, 64, 53, 40, 63, 66, 78, 48, 85, 82), x1 = c(1, 
        1, 1, 1, 1, 1, 1, 1, 1, 1, 1, 1, 1, 1, 1, 1, 1, 1, 1, 
        1, 1, 1, 1, 1, 1, 1, 1), x2 = c(51, 70, 63, 78, 55, 67, 
        75, 82, 61, 53, 60, 62, 77, 90, 85, 60, 70, 58, 61, 66, 
        37, 54, 77, 75, 57, 85, 82), x3 = c(30, 68, 45, 56, 49, 
        42, 50, 72, 45, 53, 47, 57, 54, 50, 64, 65, 46, 68, 52, 
        52, 42, 42, 66, 58, 44, 71, 39), x4 = c(39, 69, 47, 66, 
        44, 56, 55, 67, 47, 58, 39, 42, 72, 72, 69, 75, 57, 54, 
        62, 50, 58, 48, 63, 74, 45, 71, 59), x5 = c(50, 54, 55, 
        88, 54, 80, 66, 61, 58, 60, 51, 63, 61, 70, 71, 63, 64, 
        62, 79, 60, 55, 79, 79, 88, 51, 55, 54), x6 = c(92, 86, 
        84, 83, 49, 68, 66, 83, 80, 67, 74, 63, 77, 54, 79, 80, 
        85, 78, 80, 80, 57, 75, 76, 78, 83, 74, 78), x7 = c(45, 
        48, 35, 47, 34, 35, 41, 31, 41, 34, 41, 25, 46, 36, 63, 
        60, 46, 52, 41, 37, 49, 33, 72, 49, 38, 55, 39)), .Names = c("y", 
        "x1", "x2", "x3", "x4", "x5", "x6", "x7"),