
expected <- structure(list(coefficients = structure(c(-1.06801381719274, 
0.298141529276285, 0.228245313429569, -0.0846839600193637, 0.0600719237290457, 
0.394422025694717, 0.108888682284669), .Names = c("x1", "x2", 
"x3", "x4", "x5", "x6", "x7")), residuals = structure(c(-9.00347032029686, 
2.95255049745883, 2.04518188442168, -3.53309799288816, 26.255980150606, 
-27.4220133532976, -5.39553807950957, 3.40247040306851, -1.36137356755558, 
7.33160922243959, 5.57782967602393, 0.328922766482336, 7.93849195759, 
14.8318111406929, -3.20919876536856, 8.80819128200806, -7.7623138086798, 
-12.6833669667935, 0.0671754252890436, -18.7190546112407, -22.3862535468918, 
-4.63954008270296, 5.07480424385235, 8.06579593051214, -11.1965497344538, 
21.3397549828111, 20.8441438306479), .Names = c("1", "2", "3", 
"4", "5", "6", "7", "8", "10", "11", "13", "14", "16", "17", 
"18", "19", "20", "21", "22", "23", "24", "25", "26", "27", "28", 
"29", "30")), effects = structure(c(257.582852748086, -201.070624228638, 
-40.7004715074725, 14.6970495105168, 19.4999029704076, 26.6703578323858, 
5.49250207807017, -5.397642790613, 3.55807115655639, 9.88881270507478, 
3.51270474969896, -5.39527754055137, -0.48425718913592, 14.2331692059794, 
-1.58935212918375, 7.77280112360451, -7.59317286441864, -16.9586414091969, 
8.48686645941164, -24.4108856239924, -31.7123468997165, 7.67825257453425, 
3.90055908725079, -8.87724977604668, -16.6800485916299, 17.7060579901564, 
32.1882960463421), .Names = c("x1", "x2", "x3", "x4", "x5", "x6", 
"x7", "", "", "", "", "", "", "", "", "", "", "", "", "", "", 
"", "", "", "", "", "")), rank = 7L, fitted.values = structure(c(52.0034703202969, 
60.0474495025412, 68.9548181155783, 64.5330979928882, 54.744019849394, 
70.4220133532976, 63.3955380795096, 67.5975295969315, 68.3613735675556, 
56.6683907775604, 63.4221703239761, 67.6710772335177, 73.06150804241, 
59.1681888593071, 68.2091987653686, 56.1918087179919, 57.7623138086798, 
62.6833669667935, 63.932824574711, 71.7190546112407, 62.3862535468918, 
67.639540082703, 60.9251957561476, 69.9342040694879, 59.1965497344538, 
63.6602450171889, 61.1558561693521), .Names = c("1", "2", "3", 
"4", "5", "6", "7", "8", "10", "11", "13", "14", "16", "17", 
"18", "19", "20", "21", "22", "23", "24", "25", "26", "27", "28", 
"29", "30")), assign = 1:7, qr = structure(list(qr = structure(c(7.59866222583234, 
-0.220023411710901, -0.105904047289806, -0.10573054625904, -0.104944731108817, 
-0.325741093997651, -0.0783301399500231, -0.267321009514804, 
-0.150218813641476, -0.164715675062105, -0.295424601479621, -0.304994374751911, 
-0.169081551191315, 0.0209150058728199, -0.126270581611042, -0.164651576956987, 
-0.113507435317042, -0.176801183028173, 0.0836214493334066, 0.0303251930017658, 
-0.144020418308689, -0.383131732863002, -0.17992360925883, -0.099690444007273, 
-0.262949059243418, -0.213003133854691, -0.138456145059381, 285.34746380643, 
-230.130017379823, 0.180475475206888, 0.280564682746549, 0.133482035443973, 
0.0610384751702218, 0.225358689478878, 0.131826083580547, 0.134569518920555, 
0.126740530323857, -0.00910008893046424, 0.113224375814746, 0.24908982017923, 
0.247868862127974, 0.232897723405608, 0.218047122725912, 0.0784920725459061, 
0.242606929778343, 0.396127408044205, 0.360060340830508, 0.100666558901868, 
0.0476051935073168, 0.153077345447062, 0.285637116476017, 0.0485902218661587, 
0.0557714875579753, 0.218319006594711, 223.591640422201, -152.5645931676, 
-67.207315412191, -0.215037544823966, 0.191047440222294, 0.0430607032834711, 
-0.0250345124470872, -0.153024678841153, 0.406538196405008, -0.101960905561868, 
0.00576506416159657, -0.336277019254971, 0.0148978521375671, 
0.194102613439975, -0.0387640279129526, -0.187499281357727, 0.382928186672612, 
-0.301688605278681, -0.0611739706970066, 0.233116575784488, 0.0511555285939017, 
0.202309932576841, -0.034094537713024, -0.107658218800781, 0.0888109625478807, 
0.104139993960269, 0.0239922724840583, 230.141038355038, -180.04534505912, 
-41.3175688990531, 71.1802970468623, 0.0911089367644786, 0.0815384299559926, 
-0.0964981001133022, 0.0248933171446976, 0.0952150821897395, 
-0.364099585854084, -0.186443265978925, 0.0950913946166674, 0.372951283811439, 
-0.31692293667392, -0.169572881278517, -0.249461497164761, -0.154857104098863, 
-0.00630616376737664, 0.34483508489503, 0.247054885408499, -0.0427386192921941, 
0.0941383924091032, -0.0818607990551743, -0.157401737391305, 
-0.332489584437973, -0.0134636475585792, 0.319841805223393, 251.840840427399, 
-194.997833885777, -33.4893330343765, 20.6930489498594, 70.2374413738692, 
-0.182839161877885, -0.0895904370935232, 0.172339914615216, -0.170229387417661, 
-0.116824768082192, -0.274512222429885, -0.0392088917687978, 
0.263232533437862, 0.0287038811761103, -0.00106440421345984, 
0.317758521259357, -0.151580932773417, 0.238879603205707, -0.275353290996783, 
0.229832419707043, -0.114544482691336, -0.0554811793978008, 0.035839272224249, 
0.532418731223608, 0.188369052526867, -0.209235610966523, -0.21646715328248, 
296.422189762295, -215.754904556549, -60.0368735334325, 41.2311507623613, 
33.3903748657664, 60.4843406658805, -0.0608443620332558, -0.118035539595182, 
0.137947126624053, 0.100576554910628, -0.185507696106792, -0.142928740568754, 
-0.124745709073972, 0.0391912998944579, 0.109972734502527, 0.492433287618157, 
-0.0333923340125335, 0.112638979860105, -0.0522224363549632, 
-0.0567495645419788, -0.367907232885024, 0.56251733130471, 0.111359885672613, 
-0.0697519719004607, 0.107071469362708, -0.245646750962975, 0.25144986013385, 
156.45249389752, -147.597771237685, -29.0940994740655, 29.5653653676444, 
19.3840664771171, 25.842921459764, 50.4414413217994, 0.034680604552701, 
-0.27424649520815, 0.0554546490237177, -0.2538443922843, -0.303617572509497, 
0.177239997252746, 0.177798363114133, 0.189961975020539, -0.518564169411652, 
-0.160410120719746, 0.0583463028888793, 0.244037774817603, 0.106325155925692, 
-0.38192466387669, 0.0414430517809662, -0.217062939289003, -0.116942268116347, 
0.0319422551705018, -0.212190386560423, -0.0103131959502816), .Dim = c(27L, 
7L), .Dimnames = list(c("1", "2", "3", "4", "5", "6", "7", "8", 
"10", "11", "13", "14", "16", "17", "18", "19", "20", "21", "22", 
"23", "24", "25", "26", "27", "28", "29", "30"), c("x1", "x2", 
"x3", "x4", "x5", "x6", "x7")), assign = 1:7), qraux = c(1.19189520788022, 
1.06725738823945, 1.39582614905864, 1.00022711218978, 1.04979198657216, 
1.05352581850886, 1.20334029645561), pivot = 1:7, tol = 1e-07, 
    rank = 7L), .Names = c("qr", "qraux", "pivot", "tol", "rank"
), class = "qr"), df.residual = 20L, xlevels = structure(list(), .Names = character(0)), 
    call = quote(lm(formula = y ~ . + 0, data = structure(list(y = c(43, 
        63, 71, 61, 81, 43, 58, 71, 67, 64, 69, 68, 81, 74, 65, 
        65, 50, 50, 64, 53, 40, 63, 66, 78, 48, 85, 82), x1 = c(-1.45814686743768, 
        1.67188358736638, 0.804729083703814, 0.803410707975183, 
        0.797439564076696, 2.47519654636125, 0.595204275582401, 
        2.03128205717151, 1.14146202482683, 1.25161877809689, 
        2.24483175984477, 2.3175492345187, 1.28479359612258, 
        -0.158926065078858, 0.959487498721707, 1.25113171824678, 
        0.862504661094714, 1.34345247095865, -0.635411148319109, 
        -0.230430898553593, 1.09436251235081, 2.91128862602378, 
        1.36717873321049, 0.757514011154519, 1.99806108379111, 
        1.61853886720555, 1.05208147939708), x2 = c(55, 58, 62, 
        85, 51, 77, 67, 82, 60, 61, 55, 85, 90, 53, 78, 82, 40, 
        90, 75, 77, 51, 85, 70, 85, 62, 54, 77), x3 = c(30, 44, 
        71, 45, 50, 65, 45, 53, 72, 39, 47, 44, 66, 47, 53, 47, 
        56, 45, 42, 65, 42, 83, 50, 52, 56, 50, 57), x4 = c(56, 
        50, 69, 58, 42, 55, 59, 55, 58, 69, 55, 44, 45, 74, 72, 
        74, 59, 58, 34, 55, 45, 67, 59, 74, 75, 47, 39), x5 = c(63, 
        71, 50, 63, 43, 76, 70, 55, 70, 71, 70, 66, 51, 62, 75, 
        55, 58, 58, 80, 54, 55, 76, 61, 43, 51, 63, 75),