
expected <- structure(list(coefficients = structure(c(2.16455328732734, 0.669697975827085, 
-0.147900615231397, 0.417409373559149, 0.00942070473468627, 0.116667068843457, 
-0.172057729320283), .Names = c("x1", "x2", "x3", "x4", "x5", 
"x6", "x7")), residuals = structure(c(-3.40574278672902, 0.499786490806938, 
1.14468729571894, -0.179441950308637, 5.50534978155838, -10.6854074140741, 
-7.85432149898595, -0.491760198518892, -7.31972064201202, 6.91266899115388, 
14.6230521897655, 9.95208804761887, -2.62622690780694, -0.262448310436421, 
1.5210560953047, -4.28450373179598, -3.9482387820925, 8.79903046415667, 
3.43449047797758, -7.44165705245772, -3.83577833006832, 3.01695424021929, 
-2.3689880266692, 2.40005539810097, -10.3991179906301, 5.5415543413795, 
2.95574548213009), .Names = c("1", "2", "3", "4", "5", "6", "7", 
"8", "9", "11", "12", "13", "14", "15", "18", "19", "20", "21", 
"22", "23", "24", "25", "26", "27", "28", "29", "30")), effects = structure(c(258.72033396336, 
-211.539311699706, 0.793846998573177, 18.2926620901481, -0.631736201162532, 
5.42187876315902, -6.35711673839889, 0.874523356031128, -5.11265899676022, 
6.39605722966348, 14.9584073536736, 10.5109576172477, -3.57867793438455, 
2.11914703099956, -6.57549944429845, -4.11887377744993, -5.09237445711113, 
4.83291335440547, 4.82591951279329, -6.03837190737421, -7.99995775830047, 
1.99477646626128, 0.108311267837897, 4.71349164103897, -16.9365902068615, 
6.15045240305806, 0.987918466542865), .Names = c("x1", "x2", 
"x3", "x4", "x5", "x6", "x7", "", "", "", "", "", "", "", "", 
"", "", "", "", "", "", "", "", "", "", "", "")), rank = 7L, 
    fitted.values = structure(c(46.405742786729, 62.5002135091931, 
    69.8553127042811, 61.1794419503086, 75.4946502184416, 53.6854074140741, 
    65.854321498986, 71.4917601985189, 79.319720642012, 57.0873310088461, 
    52.3769478102345, 59.0479119523811, 70.6262269078069, 77.2624483104364, 
    63.4789439046953, 69.284503731796, 53.9482387820925, 41.2009695358433, 
    60.5655095220224, 60.4416570524577, 43.8357783300683, 59.9830457597807, 
    68.3689880266692, 75.599944601899, 58.3991179906301, 79.4584456586205, 
    79.0442545178699), .Names = c("1", "2", "3", "4", "5", "6", 
    "7", "8", "9", "11", "12", "13", "14", "15", "18", "19", 
    "20", "21", "22", "23", "24", "25", "26", "27", "28", "29", 
    "30")), assign = 1:7, qr = structure(list(qr = structure(c(7.51613763838695, 
    -0.222439192548526, -0.107066837040589, -0.106891431028611, 
    -0.106096987900269, -0.329317618362888, -0.079190177750675, 
    -0.270256101590956, -0.127140299025747, -0.166524196111648, 
    -0.0450311152530563, -0.298668261259587, -0.30834310732714, 
    -0.111617745034398, -0.127656988853071, -0.166459394231541, 
    -0.114753707634313, -0.178742398768388, 0.0845395838780137, 
    0.0306581531153341, -0.145601712608562, -0.387338386561076, 
    -0.181899108157352, -0.100785010546599, -0.265836148820169, 
    -0.215341834473498, -0.139976345566613, 263.931506586788, 
    -222.490808418749, 0.228801871502648, 0.197480491775799, 
    0.265535781547339, -0.0167585275877943, 0.237662299522304, 
    0.120472726707781, 0.266647092130867, 0.104737038650855, 
    0.233580025746246, 0.0392699930189644, 0.125901182363379, 
    0.256616131207809, 0.167352457614531, 0.181196630474614, 
    0.168705759753726, 0.0365143358482339, 0.341930104199715, 
    0.321215064939739, 0.0495940681001441, -0.0677587987809372, 
    0.200283126038658, 0.256309816707327, 0.0431132570995523, 
    0.209434136365233, 0.256358545580154, 221.617853704191, -169.090427836983, 
    -52.0476140995311, -0.0956550908446254, -0.0991968250688408, 
    -0.0204539103240892, -0.196202147261977, -0.257381811999809, 
    0.139780031430979, 0.170357110857092, 0.0182266727370068, 
    0.0488272901102175, 0.241879587604065, -0.126160761774756, 
    0.320794522566226, -0.208110926404611, 0.413898240917674, 
    -0.0337091401848219, 0.167792329088599, 0.0678082550846865, 
    0.199625029466658, -0.170976815630507, 0.0675925736192015, 
    -0.0149281660250361, -0.111982990239834, 0.0313171347491629, 
    -0.50097674703919, 218.064672194173, -191.283688692155, -21.1486086244334, 
    50.6762817738343, -0.0351635107577794, 0.0332994108172261, 
    -0.0692229283177869, 0.044733214417623, 0.126588216712246, 
    -0.174893776512787, 0.252966807623507, 0.226617341445513, 
    0.615537900403983, -0.183826142348315, -0.316933126046323, 
    -0.0492826817171329, 0.109188955479844, -0.020536566973446, 
    -0.103911531766988, 0.166129305182501, -0.430595639858984, 
    -0.138629508604896, 0.0826577138311055, -0.202968492514331, 
    0.00734475384425511, 0.0407993536327813, -0.0247435314743074, 
    253.364736836594, -220.48579732078, -7.50875950337356, 25.4944766900942, 
    35.4961053717468, -0.166304287649686, -0.0158965522634656, 
    -0.112799696557956, 0.198027432791167, -0.0176200445480893, 
    -0.189869375086044, -0.115891617144153, 0.1076567130917, 
    0.00223608766589411, 0.452357257774815, -0.24889676203874, 
    -0.16855888485057, -0.165228832246794, 0.0501283174020962, 
    -0.00675319729949772, -0.0143593788779412, -0.47252618798883, 
    -0.438502365354331, -0.0231459869499968, -0.00353518985068655, 
    0.102585582447244, 0.292816526041747, 284.425276127655, -263.279228371614, 
    -15.126214967598, 20.0878004973495, 25.8514870066116, 58.9040636903278, 
    0.108983743363022, 0.143006519149407, 0.107507100784141, 
    -0.127571969316308, 0.0112389533692763, -0.0233680056655989, 
    0.0900356489156168, 0.153983060056111, -0.321293289254082, 
    -0.10108946573366, -0.0441145698981214, -0.363909922138926, 
    0.0185129371896662, 0.0447973677060534, -0.240881819073375, 
    -0.353056095605157, 0.338533106140847, 0.152085394186738, 
    -0.515971023422208, 0.255851396324823, -0.0415471548395838, 
    163.421319417748, -145.826091370968, -21.8477211893912, 31.6396926873418, 
    23.1442769769117, 8.42906445580316, 36.9475801146091, -0.010346119363357, 
    0.429013234389331, 0.241541170125515, -0.113436889771295, 
    0.189685557639815, -0.101378668526186, 0.193087224570595, 
    -0.363655107178748, 0.0673970005680488, -0.16345454835246, 
    -0.0916748067672988, 0.233071478394323, 0.138224641859844, 
    -0.189263334899128, 0.25994782267257, -0.44682994553815, 
    0.173010386828225, -0.10681052284093, -0.168128499186628, 
    -0.0289486272433071), .Dim = c(27L, 7L), .Dimnames = list(
        c("1", "2", "3", "4", "5", "6", "7", "8", "9", "11", 
        "12", "13", "14", "15", "18", "19", "20", "21", "22", 
        "23", "24", "25", "26", "27", "28", "29", "30"), c("x1", 
        "x2", "x3", "x4", "x5", "x6", "x7")), assign = 1:7), 
        qraux = c(1.19400215078427, 1.10935943055104, 1.24568151676269, 
        1.08727463919636, 1.1460547623115, 1.05792849376575, 
        1.20556123329511), pivot = 1:7, tol = 1e-07, rank = 7L), .Names = c("qr", 
    "qraux", "pivot", "tol", "rank"), class = "qr"), df.residual = 20L, 
    xlevels = structure(list(), .Names = character(0)), call = quote(lm(formula = y ~ 
        . + 0, data = structure(list(y = c(43, 63, 71, 61, 81, 
        43, 58, 71, 72, 64, 67, 69, 68, 77, 65, 65, 50, 50, 64, 
        53, 40, 63, 66, 78, 48, 85, 82), x1 = c(-1.45814686743768, 
        1.67188358736638, 0.804729083703814, 0.803410707975183, 
        0.797439564076696, 2.47519654636125, 0.595204275582401, 
        2.03128205717151, 0.955603986863188, 1.25161877809689, 
        0.338460060252037, 2.24483175984477, 2.3175492345187, 
        0.838934334564916, 0.959487498721707, 1.25113171824678, 
        0.862504661094714, 1.34345247095865, -0.635411148319109, 
        -0.230430898553593, 1.09436251235081, 2.91128862602378, 
        1.36717873321049, 0.757514011154519, 1.99806108379111, 
        1.61853886720555, 1.05208147939708), x2 = c(51, 64, 70, 
        63, 78, 55, 67, 75, 82, 53, 60, 62, 83, 77, 60, 70, 58, 
        40, 61, 66, 37, 54, 77, 75, 57, 85, 82),