
expected <- structure(list(coefficients = structure(c(2.31730369630555, 0.548359070331598, 
-0.0946056628316634, 0.520857653119945, 0.0773642361030312, 0.146622375041847, 
-0.343622911733065), .Names = c("x1", "x2", "x3", "x4", "x5", 
"x6", "x7")), residuals = structure(c(-1.80806792611667, 1.30222961682701, 
-0.751236030368446, -0.0985692457671175, 5.78915383704248, -10.8565763604196, 
-8.36347669085645, 0.245050626875279, 8.24409441055633, 4.21329887784197, 
8.41461223515926, -2.29820351805613, -4.29007875823251, 1.82664449454868, 
1.59262766778903, -4.0799784626139, -4.0161044681308, 8.99433840942216, 
1.9015670811639, -7.67079760139027, -4.44972644688146, 0.851379173421623, 
0.827621217354794, 1.27318035385273, -10.2200890934902, 6.46709982404508, 
4.56902044187711), .Names = c("1", "2", "3", "4", "5", "6", "7", 
"8", "10", "11", "13", "14", "16", "17", "18", "19", "20", "21", 
"22", "23", "24", "25", "26", "27", "28", "29", "30")), effects = structure(c(257.582852748086, 
-215.143589163713, -1.79306734037913, 19.9288156412395, 1.92358432991127, 
8.16108957363964, -11.5548306718508, 1.87292307566883, 6.91106191500741, 
4.60568371416452, 9.80293344760478, -2.81029329734305, -5.01948276514525, 
2.95774234763599, -6.21126059001432, -3.57667482150247, -4.57586487458173, 
5.46722245627907, 3.50931258906064, -6.25629877485387, -7.96831313455045, 
1.12685656068136, 3.40927434560741, 4.00117316027848, -16.2917410505126, 
7.25403093673721, 2.14517994596689), .Names = c("x1", "x2", "x3", 
"x4", "x5", "x6", "x7", "", "", "", "", "", "", "", "", "", "", 
"", "", "", "", "", "", "", "", "", "")), rank = 7L, fitted.values = structure(c(44.8080679261167, 
61.697770383173, 71.7512360303684, 61.0985692457671, 75.2108461629575, 
53.8565763604196, 66.3634766908565, 70.7549493731247, 58.7559055894437, 
59.786701122158, 60.5853877648407, 70.2982035180561, 85.2900787582325, 
72.1733555054513, 63.407372332211, 69.0799784626139, 54.0161044681308, 
41.0056615905778, 62.0984329188361, 60.6707976013903, 44.4497264468815, 
62.1486208265784, 65.1723787826452, 76.7268196461473, 58.2200890934902, 
78.5329001759549, 77.4309795581229), .Names = c("1", "2", "3", 
"4", "5", "6", "7", "8", "10", "11", "13", "14", "16", "17", 
"18", "19", "20", "21", "22", "23", "24", "25", "26", "27", "28", 
"29", "30")), assign = 1:7, qr = structure(list(qr = structure(c(7.59866222583234, 
-0.220023411710901, -0.105904047289806, -0.10573054625904, -0.104944731108817, 
-0.325741093997651, -0.0783301399500231, -0.267321009514804, 
-0.150218813641476, -0.164715675062105, -0.295424601479621, -0.304994374751911, 
-0.169081551191315, 0.0209150058728199, -0.126270581611042, -0.164651576956987, 
-0.113507435317042, -0.176801183028173, 0.0836214493334066, 0.0303251930017658, 
-0.144020418308689, -0.383131732863002, -0.17992360925883, -0.099690444007273, 
-0.262949059243418, -0.213003133854691, -0.138456145059381, 262.181985294033, 
-230.68508098115, 0.222102546272079, 0.191891408353215, 0.257518678125011, 
-0.011770815559359, 0.230276421178728, 0.119798023197333, 0.149051596003867, 
0.103237718078229, 0.0418586899488212, 0.125541655022935, 0.260276251369533, 
0.3845318272192, 0.163110536309056, 0.176980488685925, 0.16424366374853, 
0.0376013516558302, 0.328656659768935, 0.309396117355408, 0.0497744435484654, 
-0.0601856037214753, 0.195594938176536, 0.248549582162986, 0.0451275223156191, 
0.20486694886556, 0.249119312492381, 215.976297089667, -170.322699177013, 
-55.4203684622593, -0.069815595493154, -0.068887311563848, 0.00286881083148191, 
-0.163645084073724, -0.215098567846271, -0.0646678467197639, 
0.178323864303747, 0.0693287356074195, 0.256798925680106, -0.366119677904159, 
0.0431939962361368, 0.320840781952368, -0.172273458143061, 0.407457493818229, 
-0.0167857851297927, 0.173296967671765, 0.0818716530150099, 0.200848004191264, 
-0.137646933339197, 0.0889450818747681, 0.00929538118793057, 
-0.0837585252207985, 0.0578067005731356, -0.444416569677129, 
215.375195749115, -197.149739384847, -22.7892202472833, 48.4061644528662, 
-0.0302317219729396, 0.0403978759482031, -0.0664924862894357, 
0.054407390551854, 0.0610404617963472, -0.179030675359141, 0.242941286583843, 
0.651053702767629, -0.10528797970503, 0.100217924863552, -0.327879614457672, 
-0.0449892029794335, 0.117710077696697, -0.0176632857101988, 
-0.105164501265109, 0.178474444583646, -0.448100715900177, -0.13891898834722, 
0.0927953807613979, -0.206435583092268, 0.0134179710227548, 0.0498311151087734, 
-0.0175304271360315, 248.14032284263, -222.472460322697, -18.6476923156017, 
22.4429154135601, 42.1540472145163, -0.152973220660862, -0.0845135503128501, 
-0.16623506555285, -0.180367444163351, -0.00999768441178062, 
-0.0847051417753487, 0.166153185313933, 0.473190337678837, 0.0773517034270342, 
0.401093009245712, -0.279768751350981, -0.0679714900130144, -0.158136895351624, 
0.0401225830780833, -0.0069114205884079, -0.0158147221026161, 
-0.453221191343381, -0.374369401517004, -0.0665565161472798, 
-0.0399153659885797, 0.0682567282230383, 0.112055533571598, 278.596547418651, 
-259.587676181834, -30.6579633683323, 19.6441979885731, 44.1305300974392, 
63.0229578941925, 0.0721998523916907, 0.126936980599477, -0.175187592201188, 
-0.111560115763828, -0.00116116835493912, 0.0782218052016026, 
0.176291655465257, 0.304298921770172, -0.353580807399256, -0.0862976854979575, 
-0.00422483816441041, -0.319397829961492, -0.0100604781791864, 
0.0181226540053674, -0.211032536917715, -0.262535024769423, 0.366819923630053, 
0.12421949103997, -0.487885374788505, 0.212542738386176, -0.131294746044411, 
161.771335293327, -154.823493557641, -31.3471519144995, 28.8120006144446, 
22.7230321367473, 3.14148491881625, 33.626484955773, 0.0399765574207906, 
-0.0226065699865538, 0.283121934230042, 0.216371597526103, -0.0655280188726459, 
0.127386906567221, -0.205526811176353, -0.362034069234305, 0.0884060801796691, 
-0.159482241421886, -0.146738439220216, 0.327829630521916, 0.213469015850931, 
-0.210136941706281, 0.215907486796916, -0.423810090882794, 0.274011807031454, 
-0.16868541069573, -0.0863552156787253, 0.0404105176578817), .Dim = c(27L, 
7L), .Dimnames = list(c("1", "2", "3", "4", "5", "6", "7", "8", 
"10", "11", "13", "14", "16", "17", "18", "19", "20", "21", "22", 
"23", "24", "25", "26", "27", "28", "29", "30"), c("x1", "x2", 
"x3", "x4", "x5", "x6", "x7")), assign = 1:7), qraux = c(1.19189520788022, 
1.10844170770565, 1.25274413401495, 1.09682377881712, 1.07095340049041, 
1.08318973999835, 1.29367519211375), pivot = 1:7, tol = 1e-07, 
    rank = 7L), .Names = c("qr", "qraux", "pivot", "tol", "rank"
), class = "qr"), df.residual = 20L, xlevels = structure(list(), .Names = character(0)), 
    call = quote(lm(formula = y ~ . + 0, data = structure(list(y = c(43, 
        63, 71, 61, 81, 43, 58, 71, 67, 64, 69, 68, 81, 74, 65, 
        65, 50, 50, 64, 53, 40, 63, 66, 78, 48, 85, 82), x1 = c(-1.45814686743768, 
        1.67188358736638, 0.804729083703814, 0.803410707975183, 
        0.797439564076696, 2.47519654636125, 0.595204275582401, 
        2.03128205717151, 1.14146202482683, 1.25161877809689, 
        2.24483175984477, 2.3175492345187, 1.28479359612258, 
        -0.158926065078858, 0.959487498721707, 1.25113171824678, 
        0.862504661094714, 1.34345247095865, -0.635411148319109, 
        -0.230430898553593, 1.09436251235081, 2.91128862602378, 
        1.36717873321049, 0.757514011154519, 1.99806108379111, 
        1.61853886720555, 1.05208147939708), x2 = c(51, 64, 70, 
        63, 78, 55, 67, 75, 61, 53, 62, 83, 90, 85, 60, 70, 58, 
        40, 61, 66, 37, 54, 77, 75, 57, 85, 82), x3 = c(30, 51, 
        68, 45, 56, 49, 42, 50, 45, 53, 57, 83, 50, 64, 65, 46, 
        68, 33, 52, 52, 42, 42, 66, 58, 44, 71, 39), x4 = c(39, 
        54, 69, 47, 66, 44, 56, 55, 47, 58, 42, 45, 72, 69, 75, 
        57, 54, 34, 62, 50, 58, 48, 63, 74, 45, 71, 59),