
expected <- structure(list(coefficients = structure(c(4.28262733394197, 0.609136830119132, 
-0.108187785173022, 0.394359978541397, 0.135659186599191, 0.0226688557609685, 
-0.157020695609944), .Names = c("x1", "x2", "x3", "x4", "x5", 
"x6", "x7")), residuals = structure(c(-8.04914346125223, 0.0480977155963194, 
-0.279704583429344, 8.90056994446447, -12.9179590359255, -10.1769676803164, 
2.23214962282562, -7.37446195972237, 7.02175436731812, 4.48228259472377, 
9.91722705128757, 9.55571027015959, -0.81088096162517, 1.41391271935394, 
-3.57946292668645, -2.65548351319112, -0.942335214668454, -1.58924210576228, 
-5.02256033071316, 7.37650046526804, -8.90723101954331, 4.61001243842173, 
-1.58300141627204, 5.21686184686146, -6.82271024902369, 7.03463055326333, 
2.90143486858754), .Names = c("1", "2", "4", "5", "6", "7", "8", 
"9", "10", "11", "12", "13", "14", "15", "16", "17", "18", "19", 
"20", "21", "23", "25", "26", "27", "28", "29", "30")), effects = structure(c(-339.4819582835, 
47.9679701362602, -3.77147328366682, -12.3774262568539, -6.95646893508338, 
-1.34448439376441, 6.64466837765543, -2.34376115717859, 8.87244224615934, 
7.14394579964366, 14.032832075121, 16.2121398919358, 6.45848762101997, 
1.46940656228367, 0.959998563460178, -2.19836000315476, -2.19063677713896, 
-2.22737624733531, -5.31955395022271, 8.39177432920279, -7.63964226570988, 
7.50974583003955, -2.35216832310484, 3.39889162198351, -7.39236623319637, 
9.2739737015622, 6.90577279298178), .Names = c("x1", "x2", "x3", 
"x4", "x5", "x6", "x7", "", "", "", "", "", "", "", "", "", "", 
"", "", "", "", "", "", "", "", "", "")), rank = 7L, fitted.values = structure(c(51.0491434612522, 
62.9519022844037, 61.2797045834293, 72.0994300555355, 55.9179590359255, 
68.1769676803164, 68.7678503771744, 79.3744619597224, 59.9782456326819, 
59.5177174052762, 57.0827729487124, 59.4442897298404, 68.8108809616252, 
75.5860872806461, 84.5794629266865, 76.6554835131911, 65.9423352146685, 
66.5892421057623, 55.0225603307132, 42.623499534732, 61.9072310195433, 
58.3899875615783, 67.583001416272, 72.7831381531385, 54.8227102490237, 
77.9653694467367, 79.0985651314125), .Names = c("1", "2", "4", 
"5", "6", "7", "8", "9", "10", "11", "12", "13", "14", "15", 
"16", "17", "18", "19", "20", "21", "23", "25", "26", "27", "28", 
"29", "30")), assign = 1:7, qr = structure(list(qr = structure(c(-5.19615242270663, 
0.192450089729875, 0.192450089729875, 0.192450089729875, 0.192450089729875, 
0.192450089729875, 0.192450089729875, 0.192450089729875, 0.192450089729875, 
0.192450089729875, 0.192450089729875, 0.192450089729875, 0.192450089729875, 
0.192450089729875, 0.192450089729875, 0.192450089729875, 0.192450089729875, 
0.192450089729875, 0.192450089729875, 0.192450089729875, 0.192450089729875, 
0.192450089729875, 0.192450089729875, 0.192450089729875, 0.192450089729875, 
0.192450089729875, 0.192450089729875, -352.183664205672, 64.6889995800419, 
0.0319993232125807, -0.199879359366827, 0.155667953921598, -0.0298349921419281, 
-0.153503622850946, -0.261713674721336, 0.0629164808898351, 0.186585111598853, 
0.0783750597284623, 0.0474579020512079, -0.277172253559963, -0.1844207805282, 
-0.385382305430354, -0.308089411237218, 0.0783750597284623, -0.0762107286578097, 
0.109292217405717, 0.387546636501006, -0.0143764133033009, 0.171126532760225, 
-0.1844207805282, -0.153503622850946, 0.124750796244344, -0.308089411237218, 
-0.261713674721336, -275.588528493181, 34.8470719420076, 52.7318171508579, 
-0.00302588873069625, -0.0902646576236263, 0.157257799394405, 
0.0820635886736593, -0.268189587627373, 0.0429785122827351, -0.185249401711592, 
-0.00451385976124781, -0.17502347479897, -0.467227691914387, 
0.0253372704040889, 0.225532685492643, -0.0877847059060403, -0.345863750065704, 
0.110096087579433, -0.421884611358978, 0.069688370272463, -0.0419456350071147, 
0.0329179154846191, -0.202229323132215, -0.0696474736838769, 
0.0236839692590316, -0.220531885468885, 0.357618544597464, -289.060034774273, 
42.7395352490623, 7.58598380241519, -43.6128567367463, -0.082562417843346, 
0.083462585487816, -0.0755820515145921, 0.00542536610869037, 
-0.065835650466478, 0.242456890713533, -0.247261274047552, -0.252524263626296, 
-0.566053919392197, 0.270177073640488, 0.134034117241475, 0.0552691144573855, 
0.488135826620449, 0.0503456045159889, 0.0156421294048419, -0.0516331758695666, 
-0.0921261415763596, 0.0561839639606067, 0.00378419612822483, 
0.320048159909756, -0.0586438059743317, 0.0661086535406638, -0.0129195773925251, 
-327.742502809978, -14.9261166786301, 6.8091222157912, 9.51503504308054, 
-47.8347452750314, 0.222001955662091, -0.119817161057315, 0.230589602165145, 
0.0907671163197516, 0.165101568464718, 0.178820781567063, -0.0227527839545988, 
-0.145544227607157, 0.0287216921585901, 0.026077754418329, 0.135660519497712, 
0.39169691987364, -0.0924670764462427, -0.212857670328895, -0.302036205895924, 
-0.232486349857196, 0.221473509223348, 0.015178361762032, -0.206400104538387, 
-0.334992737002084, 0.141853852994265, 0.419950731639124, -388.749181254348, 
2.79628514992061, 1.15192001105823, -2.77206729659743, 8.66230593477599, 
47.7305776470179, 0.342499940821037, -0.25025435030902, -0.122218254519507, 
0.0980170069243488, -0.0837503963675313, 0.261948805188505, 0.0254724989313995, 
0.0590525015112032, 0.577570108314052, -0.0724335290713718, -0.289777684317451, 
-0.0658603546488871, 0.0679615809559012, 0.420988009023549, 0.0849535630851064, 
-0.103577156274649, 0.0301535784431745, 0.180711809559209, 0.0782423191429917, 
0.0153350020954411, -0.201855517872327, -221.317603189357, 16.3019301952679, 
12.7879695700635, -22.8872802742183, 4.22626368523061, 15.4532621601678, 
-42.3171503083994, -0.539618287916459, -0.00819701290032474, 
-0.287290839144094, 0.106470908689257, -0.248720175520901, -0.207843568399036, 
-0.0774720967063558, 0.0194265716289689, 0.31595632042687, -0.0235025526263972, 
0.0227053430082967, 0.0255797204953169, 0.0495938624060186, -0.132901621365601, 
-0.195757307396311, 0.556287776150298, -0.0674374341700953, -0.083949487987262, 
0.10138030289254, 0.00814725404401989), .Dim = c(27L, 7L), .Dimnames = list(
    c("1", "2", "4", "5", "6", "7", "8", "9", "10", "11", "12", 
    "13", "14", "15", "16", "17", "18", "19", "20", "21", "23", 
    "25", "26", "27", "28", "29", "30"), c("x1", "x2", "x3", 
    "x4", "x5", "x6", "x7")), assign = 1:7), qraux = c(1.19245008972988, 
1.01654074437395, 1.06210772519193, 1.1105858676205, 1.14477502461994, 
1.0902681573711, 1.10974126578737), pivot = 1:7, tol = 1e-07, 
    rank = 7L), .Names = c("qr", "qraux", "pivot", "tol", "rank"
), class = "qr"), df.residual = 20L, xlevels = structure(list(), .Names = character(0)), 
    call = quote(lm(formula = y ~ . + 0, data = structure(list(y = c(43, 
        63, 61, 81, 43, 58, 71, 72, 67, 64, 67, 69, 68, 77, 81, 
        74, 65, 65, 50, 50, 53, 63, 66, 78, 48, 85, 82), x1 = c(1, 
        1, 1, 1, 1, 1, 1, 1, 1, 1, 1, 1, 1, 1, 1, 1, 1, 1, 1, 
        1, 1, 1, 1, 1, 1, 1, 1), x2 = c(51, 64, 63, 78, 55, 67, 
        75, 82, 61, 53, 60, 62, 83, 77, 90, 85, 60, 70, 58, 40, 
        66, 54, 77, 75, 57, 85, 82), x3 = c(30, 51, 45, 56, 49, 
        42, 50, 72, 45, 53, 47, 57, 83, 54, 50, 64, 65, 46, 68, 
        33, 52, 42, 66, 58, 44, 71, 39), x4 = c(39, 54, 47, 66, 
        44, 56, 55, 67, 47, 58, 39, 42, 45, 72, 72, 69, 75, 57, 
        54, 34, 50, 48, 63, 74, 45, 71, 59), x5 = c(63, 71, 63, 
        43, 76, 70, 55, 70, 70, 71, 79, 70, 66, 54, 51, 62, 75, 
        55, 58, 58, 54, 76, 61, 43, 51, 63, 75), x6 = c(92, 73, 
        84, 83, 49, 68, 66, 83, 80, 67, 74, 63, 77, 77, 54, 79, 
        80, 85, 78, 64, 80, 75, 76, 78, 83, 74, 78), x7 = c(45, 
        47, 35, 47, 34, 35, 41, 31, 41, 34, 41, 25, 35, 46, 36, 
        63, 60, 46, 52, 33, 37, 33, 72, 49, 38, 55, 39)), .Names = c("y", 
        "x1", "x2", "x3", "x4", "x5", "x6", "x7"),