
expected <- structure(list(coefficients = structure(c(2.39342942905219, 0.550639079382779, 
0.00221886960039157, 0.490689776918128, 0.121248422212903, 0.101705201782396, 
-0.410983409783599), .Names = c("x1", "x2", "x3", "x4", "x5", 
"x6", "x7")), residuals = structure(c(-4.93826874409837, 3.02388120475517, 
-2.18762310667927, 0.0478075158710389, 5.42630415724921, -8.97068925771992, 
-9.39865463195972, 1.85348872650781, 8.99191008355398, 4.0029353128673, 
8.9521844580251, -2.87568134693563, -4.39863938204734, -0.881014134419518, 
2.50281767301532, -2.84510610882424, -5.27376813635974, 10.6373433020333, 
-1.7868641710578, -10.9830046182589, -3.04170548352826, 5.06695133850257, 
1.37431104683375, 0.387522469414788, -6.99298532182844, 6.59410527801205, 
5.71244187707576), .Names = c("1", "2", "3", "4", "5", "6", "7", 
"8", "10", "11", "13", "14", "16", "17", "18", "19", "20", "21", 
"22", "23", "24", "25", "26", "27", "28", "29", "30")), effects = structure(c(-331.591504604575, 
-52.8406667457116, -3.7659078027418, 12.8444445634877, -2.52605617640991, 
2.15562716221487, -14.0429363309396, 4.29024964274448, 9.30781394768241, 
7.57259612254853, 12.1681243828015, -4.53619975868092, -5.38977745216218, 
-2.2430460872577, -1.99683746967758, -0.799343819113574, -5.28249367247397, 
12.1222434030343, 0.394273731307202, -10.2339034227956, -1.21183853786502, 
9.13713383092694, 2.45098861410187, 3.12951362123111, -8.65307815731062, 
6.43851170546676, 4.47012819922508), .Names = c("x1", "x2", "x3", 
"x4", "x5", "x6", "x7", "", "", "", "", "", "", "", "", "", "", 
"", "", "", "", "", "", "", "", "", "")), rank = 7L, fitted.values = structure(c(47.9382687440984, 
59.9761187952448, 73.1876231066793, 60.952192484129, 75.5736958427508, 
51.9706892577199, 67.3986546319597, 69.1465112734922, 58.008089916446, 
59.9970646871327, 60.0478155419749, 70.8756813469356, 85.3986393820473, 
74.8810141344195, 62.4971823269847, 67.8451061088242, 55.2737681363597, 
39.3626566979667, 65.7868641710578, 63.9830046182589, 43.0417054835283, 
57.9330486614974, 64.6256889531662, 77.6124775305852, 54.9929853218284, 
78.4058947219879, 76.2875581229242), .Names = c("1", "2", "3", 
"4", "5", "6", "7", "8", "10", "11", "13", "14", "16", "17", 
"18", "19", "20", "21", "22", "23", "24", "25", "26", "27", "28", 
"29", "30")), assign = 1:7, qr = structure(list(qr = structure(c(-5.19615242270663, 
0.192450089729875, 0.192450089729875, 0.192450089729875, 0.192450089729875, 
0.192450089729875, 0.192450089729875, 0.192450089729875, 0.192450089729875, 
0.192450089729875, 0.192450089729875, 0.192450089729875, 0.192450089729875, 
0.192450089729875, 0.192450089729875, 0.192450089729875, 0.192450089729875, 
0.192450089729875, 0.192450089729875, 0.192450089729875, 0.192450089729875, 
0.192450089729875, 0.192450089729875, 0.192450089729875, 0.192450089729875, 
0.192450089729875, 0.192450089729875, -342.368709629448, -68.8379740162845, 
0.0946285258367066, -0.00705953369775985, 0.210843451018954, 
-0.123274458880007, 0.0510479288933639, 0.167262854075611, -0.0361132649933217, 
-0.152328190175569, -0.0215863993455408, 0.283477779257859, 0.385165838792325, 
0.312531510553421, -0.0506401306411026, 0.0946285258367066, -0.0796938619366645, 
-0.341177443596721, -0.0361132649933217, 0.0365210632455829, 
-0.384758040540064, -0.137801324527788, 0.196316585371173, 0.167262854075611, 
-0.0942207275844454, 0.312531510553421, 0.268950913610078, -272.509327057503, 
-7.98009152918096, -58.8301351847211, -0.0645926834694469, 0.00878756678578355, 
0.281561249036561, -0.0676887382626872, 0.0621038813186429, 0.395903804868535, 
-0.158841093362204, -0.029822487479184, -0.0970710485816251, 
0.271468860741684, -0.0476248025403162, 0.0737140867932943, -0.0360145970656648, 
0.126256387627844, -0.0467903684083147, -0.114038929510756, 0.27304709835515, 
-0.0954626007513135, 0.588300903362446, 0.00956158048409365, 
0.0451057901726666, 0.127030401326154, 0.00336947089761291, 0.124678150014378, 
-291.176985761301, -32.7887498632246, -0.899170643642167, 47.5084449074421, 
-0.118192692338579, 0.167372145511143, -0.0353499273599168, 0.0938557767451487, 
0.188854670494212, -0.238629476176756, 0.216317588044842, 0.352804591619663, 
-0.0682044784463725, -0.121817967104382, -0.477242308457029, 
-0.0193515931384322, -0.044696926001788, 0.157509101518395, -0.232226128631883, 
0.151167028113324, -0.388223048391224, 0.136377043568275, -0.0650540441730403, 
-0.309584702848961, 0.134735058257775, -0.153380999913287, 0.0937626863715831, 
-332.938655232684, -34.7369639562104, -1.01830395436947, 15.3873416854633, 
37.4618200287721, 0.102924523382701, -0.0113919644816363, -0.0622017844717098, 
-0.0214545634220108, 0.118028699116111, 0.0778422066519252, 0.154498310666479, 
0.537779386181284, -0.06752439065489, 0.475056656974793, -0.215180657145632, 
-0.0322948515107403, 0.139698469327811, 0.0148609161673882, 0.0150259170297176, 
0.22073094591098, -0.151477692611651, -0.434542560857408, -0.0981603866942288, 
0.197496898240175, 0.0143507271182638, 0.202508299457247, -386.632230267319, 
-8.06563862688463, 6.17461479957745, -0.154026983669211, 20.2517412883359, 
47.4255350482677, 0.195325000316495, 0.283104539101165, -0.0160769349865549, 
0.132576854124637, 0.30398865894213, 0.0269159225960967, 0.365779015331812, 
-0.010336540848033, -0.260401747272087, -0.0975652832234483, 
-0.0145712228571501, 0.231075972348288, -0.100063108495287, -0.030022536572105, 
0.277420731710693, 0.118358684882544, 0.159170162164459, -0.0138619761216947, 
-0.163613435320394, 0.0689746727237062, -0.0361435457886988, 
-225.166604983954, -15.0934134080444, 8.99958531153375, 29.9707699449893, 
22.2100210495203, 6.49125095076709, 34.1691075518933, 0.0863990672394417, 
-0.171957156459802, 0.366554842412515, 0.236292216981241, -0.0577349133829396, 
0.038275271901592, -0.218886964953374, -0.361434485748913, 0.171099817298789, 
-0.235268305094207, -0.147377575837706, 0.305182634505977, 0.0132853870361196, 
-0.140241969618919, 0.120490970152885, -0.352794662302719, 0.314198009159078, 
-0.173977538578122, -0.0258477059572978, 0.0204834397399997), .Dim = c(27L, 
7L), .Dimnames = list(c("1", "2", "3", "4", "5", "6", "7", "8", 
"10", "11", "13", "14", "16", "17", "18", "19", "20", "21", "22", 
"23", "24", "25", "26", "27", "28", "29", "30"), c("x1", "x2", 
"x3", "x4", "x5", "x6", "x7")), assign = 1:7), qraux = c(1.19245008972988, 
1.00746733195002, 1.37193959043777, 1.11405799725523, 1.06311557218852, 
1.58791849669294, 1.31786655255384), pivot = 1:7, tol = 1e-07, 
    rank = 7L), .Names = c("qr", "qraux", "pivot", "tol", "rank"
), class = "qr"), df.residual = 20L, xlevels = structure(list(), .Names = character(0)), 
    call = quote(lm(formula = y ~ . + 0, data = structure(list(y = c(43, 
        63, 71, 61, 81, 43, 58, 71, 67, 64, 69, 68, 81, 74, 65, 
        65, 50, 50, 64, 53, 40, 63, 66, 78, 48, 85, 82), x1 = c(1, 
        1, 1, 1, 1, 1, 1, 1, 1, 1, 1, 1, 1, 1, 1, 1, 1, 1, 1, 
        1, 1, 1, 1, 1, 1, 1, 1), x2 = c(51, 64, 70, 63, 78, 55, 
        67, 75, 61, 53, 62, 83, 90, 85, 60, 70, 58, 40, 61, 66, 
        37, 54, 77, 75, 57, 85, 82), x3 = c(30, 44, 71, 45, 50, 
        65, 45, 53, 72, 39, 47, 44, 66, 47, 53, 47, 56, 45, 42, 
        65, 42, 83, 50, 52, 56, 50, 57), x4 = c(39, 54, 69, 47, 
        66, 44, 56, 55, 47, 58, 42, 45, 72, 69, 75, 57, 54, 34, 
        62, 50, 58, 48, 63, 74, 45, 71, 59), x5 = c(61, 63, 76, 
        54, 71, 54, 66, 70, 62, 58, 55, 59, 60, 79, 55, 75, 64, 
        43, 66, 63, 50, 66, 88, 80, 51, 77, 64), x6 = c(92, 73, 
        86, 84, 83, 49, 68, 66, 80, 67, 63, 77, 54, 79, 80, 85, 
        78, 64, 80, 80, 57, 75, 76, 78, 83, 74, 78), x7 = c(45, 
        47, 48, 35, 47, 34, 35, 41, 41, 34, 25, 35, 36, 63, 60, 
        46, 52, 33, 41, 37, 49, 33, 72, 49, 38, 55, 39)), .Names = c("y", 
        "x1", "x2", "x3", "x4", "x5", "x6", "x7"),