
expected <- structure(list(coefficients = structure(c(20.0946687863708, 0.703088188004636, 
-0.0589251263511293, -0.0583025297915825, 0.031311331879136, 
0.0793296966281459, -0.095626867291593), .Names = c("x1", "x2", 
"x3", "x4", "x5", "x6", "x7")), residuals = structure(c(-12.8245852220398, 
0.558776115283868, 5.10701569796224, -2.36361329998211, 7.49995925532739, 
-11.9972023652217, -7.40089973776176, 0.819760919333155, -3.44205810694901, 
5.68315241125621, 9.90773006645104, 5.67474231237141, 7.55001243925733, 
-7.60370645881274, 4.04015025869922, 0.477348143218937, -0.487718088420403, 
8.41706834505981, -1.9784371388806, -6.64607031915678, 3.8400783565612, 
1.57112225319959, -12.0085390347293, -2.41210539964674, 6.45910533365096, 
-2.80287136995824, 4.36178463392684), .Names = c("1", "2", "3", 
"4", "5", "6", "7", "8", "9", "10", "11", "12", "13", "14", "15", 
"16", "17", "18", "19", "20", "21", "22", "23", "24", "25", "26", 
"30")), effects = structure(c(-332.553755053224, -47.3569455303206, 
4.84740410534456, 2.98072284564023, 0.0917368554651663, 3.47897775573382, 
-3.98218886181982, 4.41724867095747, -1.58115662151383, 7.8770974255273, 
13.9360201125561, 7.82577252309462, 12.87323780724, -5.58055272123726, 
4.43799208805394, 7.45049640980353, -0.411534053908348, 9.12334859196337, 
-0.888965648727759, -6.73495738098347, 9.64963376106023, 2.12139946314124, 
-9.79508984658126, 1.16567592593087, 9.49124694438942, -5.08781907011889, 
7.80645187480031), .Names = c("x1", "x2", "x3", "x4", "x5", "x6", 
"x7", "", "", "", "", "", "", "", "", "", "", "", "", "", "", 
"", "", "", "", "", "")), rank = 7L, fitted.values = structure(c(55.8245852220398, 
62.4412238847161, 65.8929843020378, 63.3636132999821, 73.5000407446726, 
54.9972023652217, 65.4008997377618, 70.1802390806669, 75.442058106949, 
61.3168475887438, 54.092269933549, 61.3252576876286, 61.4499875607427, 
75.6037064588127, 72.9598497413008, 80.5226518567811, 74.4877180884204, 
56.5829316549402, 66.9784371388806, 56.6460703191568, 46.1599216434388, 
62.4288777468004, 65.0085390347293, 42.4121053996467, 56.540894666349, 
68.8028713699582, 77.6382153660732), .Names = c("1", "2", "3", 
"4", "5", "6", "7", "8", "9", "10", "11", "12", "13", "14", "15", 
"16", "17", "18", "19", "20", "21", "22", "23", "24", "25", "26", 
"30")), assign = 1:7, qr = structure(list(qr = structure(c(-5.19615242270663, 
0.192450089729875, 0.192450089729875, 0.192450089729875, 0.192450089729875, 
0.192450089729875, 0.192450089729875, 0.192450089729875, 0.192450089729875, 
0.192450089729875, 0.192450089729875, 0.192450089729875, 0.192450089729875, 
0.192450089729875, 0.192450089729875, 0.192450089729875, 0.192450089729875, 
0.192450089729875, 0.192450089729875, 0.192450089729875, 0.192450089729875, 
0.192450089729875, 0.192450089729875, 0.192450089729875, 0.192450089729875, 
0.192450089729875, 0.192450089729875, -342.753609808908, -68.0364825881156, 
0.0948302518508885, -0.00805572540306698, 0.212414225855409, 
-0.125639699407587, 0.0507362615991933, 0.168320235603714, 0.271206212857669, 
-0.0374517189041971, -0.155035692908718, -0.0521497156547622, 
-0.022753722153632, 0.285904209608234, 0.197716229104844, 0.38879018686219, 
0.315300203109364, -0.0521497156547622, 0.0948302518508885, -0.0815457091558923, 
-0.346109650666063, -0.0374517189041971, 0.0360382648486282, 
-0.390203640917759, -0.140337696158153, 0.197716229104844, 0.271206212857669, 
-273.471577506153, -31.9186052397271, -53.7540597150277, -0.068940024584522, 
-0.00259405148006831, 0.0792274842913807, -0.161627025089866, 
-0.0865555811570526, 0.258180623295055, -0.0505013934329394, 
0.172079099712536, -0.00407558572236198, 0.163518243799986, 0.453597014460587, 
-0.0305812280390631, -0.224845314793922, 0.0816967080285368, 
0.330782843490713, -0.114871987547668, 0.405031212844475, -0.0801347191500383, 
0.0797213290388119, 0.0336247511598553, 0.114952442183873, -0.0417759226045793, 
0.192657724769653, -0.355726496928915, -286.943083787244, 4.81767671268523, 
-15.1615663581071, -58.4943036827299, -0.190498061869184, -0.0587877712499906, 
0.134749162143143, 0.0571475149264376, 0.144506045980177, 0.0587338136898176, 
0.138967265407596, -0.372354802259051, -0.0741691994211826, -0.322995729163971, 
-0.23331786911052, -0.0213716832116409, 0.341182325988179, 0.145613390550288, 
0.380412420341903, -0.11090010708152, 0.0170996223870143, -0.402766659224486, 
-0.0129448026654659, -0.28946562111104, 0.191402012695549, 0.0208172900909469, 
-0.0927822345497643, -333.131105322414, -32.1902459944875, -3.50937878261533, 
-10.3977278855582, -37.3634345966623, -0.170313931380711, 0.0587620637374663, 
0.0503784697431842, -0.105155815064468, -0.000658848950421896, 
-0.0719377821966855, -0.0623828947965751, -0.25180196446357, 
-0.470684290842449, 0.264169230081546, -0.362031637636972, 0.110597455066091, 
-0.281321718272842, 0.239500362838976, -0.024516682202792, -0.240288127483541, 
0.0915441323180613, -0.0549865080989548, -0.0548010638329611, 
0.184720978963948, 0.434399510245187, -0.118178304030016, -386.439780177589, 
-11.4110891809387, -4.10160002706479, -10.4209469474611, -18.7567039774429, 
46.3556915366357, 0.254693842112321, 0.298632437518588, -0.0361635743326469, 
-0.0552874128301301, 0.242030801144515, -0.108172895299013, 0.171100623455105, 
-0.234521413004234, 0.0901085438513071, 0.308085136211306, 0.210703846393751, 
-0.103079251128116, 0.0923680756215851, -0.000590631280336857, 
0.0893586266192444, -0.144558614762236, -0.0825961250269664, 
0.264724344304156, 0.18836305657577, 0.342466786204612, -0.145984577509764, 
-220.547802830437, -8.28150461356839, -12.875499479707, -7.55660256934162, 
-28.7534191008876, 2.07478501047628, 41.6429919185475, 0.0784540129676859, 
0.376447045480428, 0.0229053782439209, 0.150771082124001, -0.0129892116742116, 
0.278376970465215, 0.0958224196217741, 0.149902916546463, -0.074463568077809, 
-0.298907927892357, -0.512515371993109, 0.0849211525162078, -0.136232936272416, 
-0.0690980639053545, 0.129595294580491, 0.12965781225613, -0.293453896534148, 
0.300115636695654, -0.301423673532268, -0.0110706035788095), .Dim = c(27L, 
7L), .Dimnames = list(c("1", "2", "3", "4", "5", "6", "7", "8", 
"9", "10", "11", "12", "13", "14", "15", "16", "17", "18", "19", 
"20", "21", "22", "23", "24", "25", "26", "30"), c("x1", "x2", 
"x3", "x4", "x5", "x6", "x7")), assign = 1:7), qraux = c(1.19245008972988, 
1.0066422713475, 1.29439942593498, 1.07105882960593, 1.02838408371625, 
1.49049022852452, 1.17516545725613), pivot = 1:7, tol = 1e-07, 
    rank = 7L), .Names = c("qr", "qraux", "pivot", "tol", "rank"
), class = "qr"), df.residual = 20L, xlevels = structure(list(), .Names = character(0)), 
    call = quote(lm(formula = y ~ . + 0, data = structure(list(y = c(43, 
        63, 71, 61, 81, 43, 58, 71, 72, 67, 64, 67, 69, 68, 77, 
        81, 74, 65, 65, 50, 50, 64, 53, 40, 63, 66, 82), x1 = c(1, 
        1, 1, 1, 1, 1, 1, 1, 1, 1, 1, 1, 1, 1, 1, 1, 1, 1, 1, 
        1, 1, 1, 1, 1, 1, 1, 1), x2 = c(51, 64, 70, 63, 78, 55, 
        67, 75, 82, 61, 53, 60, 62, 83, 77, 90, 85, 60, 70, 58, 
        40, 61, 66, 37, 54, 77, 82), x3 = c(30, 51, 68, 45, 56, 
        49, 42, 50, 72, 45, 53, 47, 57, 83, 54, 50, 64, 65, 46, 
        68, 33, 52, 52, 42, 42, 66, 39), x4 = c(56, 50, 69, 58, 
        42, 55, 59, 55, 67, 58, 69, 34, 55, 44, 39, 45, 74, 72, 
        74, 59, 58, 34, 55, 45, 67, 59, 39), x5 = c(61, 63, 76, 
        54, 71, 54, 66, 70, 71, 62, 58, 59, 55, 59, 79, 60, 79, 
        55, 75, 64, 43, 66, 63, 50, 66, 88, 64), x6 = c(92, 73, 
        86, 84, 83, 49, 68, 66, 83, 80, 67, 74, 63, 77, 77, 54, 
        79, 80, 85, 78, 64, 80, 80, 57, 75, 76, 78), x7 = c(45, 
        47, 48, 35, 47, 34, 35, 41, 31, 41, 34, 41, 25, 35, 46, 
        36, 63, 60, 46, 52, 33, 41, 37, 49, 33, 72, 39)), .Names = c("y", 
        "x1", "x2", "x3", "x4", "x5", "x6", "x7"),