
expected <- structure(list(coefficients = structure(c(16.4789103534686, 0.589920124154016, 
-0.0519282996891548, -0.0675291572943238, 0.221347816471386, 
0.0702046157872864, -0.0956624069867184), .Names = c("x1", "x2", 
"x3", "x4", "x5", "x6", "x7")), residuals = structure(c(0.217286587744049, 
3.14908171375171, -0.892199137140587, -11.8062132714665, -7.87303532058983, 
0.381905862123321, -3.16621288098394, 5.37165148446582, 9.37767402766198, 
5.52999957707224, 8.41459815659476, -5.27804120599948, 2.0432432088937, 
3.43543394609755, -1.30746259494591, 9.31256625257081, -3.55546747465284, 
-7.84670801744154, 4.70041760508946, 0.229058541340585, -12.0210359547814, 
-3.46775026307352, 4.65340242728252, -6.41773719975047, 6.78975194996117, 
-8.23537573174054, 8.26116771191689), .Names = c("2", "3", "4", 
"6", "7", "8", "9", "10", "11", "12", "13", "14", "15", "16", 
"17", "18", "19", "20", "21", "22", "23", "24", "25", "26", "27", 
"28", "29")), effects = structure(c(-333.516005501874, -45.8271796854879, 
-2.82732660593055, 1.86684124863606, -6.84516090492206, 3.02001051678529, 
-3.97950485681874, 6.47368283249604, 12.9807702731589, 2.18102178954508, 
7.99107259651074, -11.896593545305, 0.156952154252247, -2.85093898786638, 
-0.315488827148248, 9.45048716123507, 0.954176023931745, -7.21717119672117, 
6.43416949393396, -2.02519969616094, -12.0634234583158, -3.26128374280287, 
9.89127823207786, -5.29241959185442, 10.8377559525013, -5.71687488055291, 
4.67857689360612), .Names = c("x1", "x2", "x3", "x4", "x5", "x6", 
"x7", "", "", "", "", "", "", "", "", "", "", "", "", "", "", 
"", "", "", "", "", "")), rank = 7L, fitted.values = structure(c(62.782713412256, 
67.8509182862483, 61.8921991371406, 54.8062132714665, 65.8730353205898, 
70.6180941378767, 75.1662128809839, 61.6283485155342, 54.622325972338, 
61.4700004229278, 60.5854018434052, 73.2780412059995, 74.9567567911063, 
77.5645660539025, 75.3074625949459, 55.6874337474292, 68.5554674746528, 
57.8467080174415, 45.2995823949105, 63.7709414586594, 65.0210359547814, 
43.4677502630735, 58.3465975727175, 72.4177371997505, 71.2102480500388, 
56.2353757317405, 76.7388322880831), .Names = c("2", "3", "4", 
"6", "7", "8", "9", "10", "11", "12", "13", "14", "15", "16", 
"17", "18", "19", "20", "21", "22", "23", "24", "25", "26", "27", 
"28", "29")), assign = 1:7, qr = structure(list(qr = structure(c(-5.19615242270663, 
0.192450089729875, 0.192450089729875, 0.192450089729875, 0.192450089729875, 
0.192450089729875, 0.192450089729875, 0.192450089729875, 0.192450089729875, 
0.192450089729875, 0.192450089729875, 0.192450089729875, 0.192450089729875, 
0.192450089729875, 0.192450089729875, 0.192450089729875, 0.192450089729875, 
0.192450089729875, 0.192450089729875, 0.192450089729875, 0.192450089729875, 
0.192450089729875, 0.192450089729875, 0.192450089729875, 0.192450089729875, 
0.192450089729875, 0.192450089729875, -343.908310347287, -67.2761032913922, 
-0.0421028710864252, -0.16101582247051, 0.0173536046056173, 0.136266555989702, 
0.240315388450777, -0.0718311089324464, -0.190744060316531, -0.0866952278554571, 
-0.0569669900094358, 0.255179507373787, 0.165994793835724, 0.359228339834862, 
0.284907745219808, -0.0866952278554571, 0.0619459613746492, -0.116423465701478, 
-0.38397760631567, -0.0718311089324464, 0.00248948568260667, 
-0.428569963084701, -0.175879941393521, 0.165994793835724, 0.136266555989702, 
-0.131287584624489, 0.284907745219808, -282.709181813187, -36.8030079304512, 
46.9047665572452, -0.0611248653510839, 0.270548232368535, 0.221612896213294, 
-0.141002445516607, 0.115371580928528, -0.176809800349899, 0.0575291134291201, 
-0.125263079326525, -0.360317310932056, 0.166739472495275, 0.44965606351628, 
0.0751645466608243, -0.326227193683757, 0.230877686470715, -0.420592333842968, 
0.0519486847795985, -0.0338669829487023, 0.0421474061522932, 
-0.185538102237438, 0.0729108207059471, -0.0890980655799771, 
0.0510545374964592, 0.0758798644873358, -0.0740740172164058, 
-298.297639081307, 1.10049532322586, 4.62682308335893, -62.4171445735655, 
0.0505946608950724, -0.0360831977536747, 0.125781006369419, 0.0451449725092992, 
0.232641503773241, -0.338665029490645, -0.0135322336512142, -0.252612857615788, 
-0.299487499775723, -0.228035404267728, 0.237246718079296, 0.257395806463333, 
0.281732784716807, 0.0512272976480004, 0.0980782146433791, -0.344321642599968, 
-0.0184555588944997, -0.110223057027994, 0.206272413776837, 0.0124397820836081, 
0.262655345311075, 0.326678113754733, -0.20028361446684, -335.440506399173, 
-38.1446322939837, 2.79399501774129, -8.55437334308695, -39.3022897853466, 
0.0416825866409756, -0.168009988157246, 0.0496905311783243, -0.00695127998784014, 
0.0273835628103959, -0.197871287259659, -0.495407211214913, 0.256323087052831, 
-0.397393557058168, 0.0209982721588393, -0.247698623874912, 0.218072481920785, 
0.0206477171902876, -0.0836302612027337, 0.165911255860125, -0.0233230250860376, 
0.116509412630531, 0.244002096644157, 0.381035707334169, 0.214639762895915, 
-0.206033308791866, -0.00911219933063754, -382.975678562452, 
-12.3443755040988, 11.0852083455286, -16.3345326973596, -12.5404670991813, 
41.6447344267303, -0.130766011577218, -0.190830528396516, 0.0244249230345819, 
-0.0177017039388519, 0.193652783131086, 0.0120545181717131, 0.0822288318450045, 
0.639716064955402, 0.00779180800715205, -0.268878124106021, -0.235561830813924, 
-0.176169667538333, -0.00722901807539111, -0.132854899815497, 
-0.153745241816597, 0.186397841806775, -0.117644322733672, 0.0897623830793785, 
-0.0254958327983058, -0.364517316863435, 0.16922905616301, -222.664753817466, 
-13.9386898893224, 15.4279398067065, -7.23497923084479, -28.5871313718971, 
-1.00727067014406, 41.5994640127678, 0.00296385128291293, 0.22734083377206, 
0.0178670171826506, 0.370229159650467, 0.212941223113308, 0.0769405747269571, 
-0.112280604763131, -0.378496368857826, -0.414955827559785, -0.0269994537154504, 
-0.0354814679398872, 0.0189150862802682, 0.147302760914788, 0.125622572195717, 
-0.154011594833216, 0.278321988150663, -0.358928957483978, 0.0163395611302811, 
-0.0776974016432575, -0.123919408006165), .Dim = c(27L, 7L), .Dimnames = list(
    c("2", "3", "4", "6", "7", "8", "9", "10", "11", "12", "13", 
    "14", "15", "16", "17", "18", "19", "20", "21", "22", "23", 
    "24", "25", "26", "27", "28", "29"), c("x1", "x2", "x3", 
    "x4", "x5", "x6", "x7")), assign = 1:7), qraux = c(1.19245008972988, 
1.06194596137465, 1.14577733656893, 1.00694468074452, 1.08257542351022, 
1.27000836108868, 1.37430269225397), pivot = 1:7, tol = 1e-07, 
    rank = 7L), .Names = c("qr", "qraux", "pivot", "tol", "rank"
), class = "qr"), df.residual = 20L, xlevels = structure(list(), .Names = character(0)), 
    call = quote(lm(formula = y ~ . + 0, data = structure(list(y = c(63, 
        71, 61, 43, 58, 71, 72, 67, 64, 67, 69, 68, 77, 81, 74, 
        65, 65, 50, 50, 64, 53, 40, 63, 66, 78, 48, 85), x1 = c(1, 
        1, 1, 1, 1, 1, 1, 1, 1, 1, 1, 1, 1, 1, 1, 1, 1, 1, 1, 
        1, 1, 1, 1, 1, 1, 1, 1), x2 = c(64, 70, 63, 55, 67, 75, 
        82, 61, 53, 60, 62, 83, 77, 90, 85, 60, 70, 58, 40, 61, 
        66, 37, 54, 77, 75, 57, 85), x3 = c(51, 68, 45, 49, 42, 
        50, 72, 45, 53, 47, 57, 83, 54, 50, 64, 65, 46, 68, 33, 
        52, 52, 42, 42, 66, 58, 44, 71), x4 = c(50, 69, 58, 55, 
        59, 55, 67, 58, 69, 34, 55, 44, 39, 45, 74, 72, 74, 59, 
        58, 34, 55, 45, 67, 59, 74, 75, 47), x5 = c(63, 76, 54, 
        54, 66, 70, 71, 62, 58, 59, 55, 59, 79, 60, 79, 55, 75, 
        64, 43, 66, 63, 50, 66, 88, 80, 51, 77), x6 = c(73, 86, 
        84, 49, 68, 66, 83, 80, 67, 74, 63, 77, 77, 54, 79, 80, 
        85, 78, 64, 80, 80, 57, 75, 76, 78, 83, 74), x7 = c(47, 
        48, 35, 34, 35, 41, 31, 41, 34, 41, 25, 35, 46, 36, 63, 
        60, 46, 52, 33, 41, 37, 49, 33, 72, 49, 38, 55)), .Names = c("y", 
        "x1", "x2", "x3", "x4", "x5", "x6", "x7"),