
expected <- structure(list(coefficients = structure(c(16.6035820269966, 0.0893660736919733, 
0.521170886402614, 0.572918887506336, 0.0311368201908664, -0.572196894379157
), .Names = c("x1", "x2", "x3", "x4", "x5", "x6")), residuals = structure(c(-8.67400815584189, 
2.22189659795954, -6.39541725652769, 2.3536914778373, 8.62629629070895, 
-13.9226683454216, 2.56443594776568, -11.4798820848318, 7.32806902482501, 
13.2242815523262, 6.24613841825697, 4.35348575415191, -3.29072395360743, 
6.9463771243792, 4.04420153274462, 3.83013593746069, -4.71565107953401, 
-10.1649451713689, 4.98175626300367, -6.40673233708336, -12.9679638350286, 
-3.63857024460595, -0.920592773795653, -2.57799504574028, -6.04811650981816, 
10.1002439650293, 14.3822569067562), .Names = c("1", "2", "3", 
"4", "5", "6", "8", "9", "10", "12", "13", "14", "15", "16", 
"17", "18", "19", "20", "21", "22", "24", "25", "26", "27", "28", 
"29", "30")), effects = structure(c(-339.4819582835, -26.8871439717982, 
-30.4913464550452, 15.5075587590308, 1.19569527499894, -23.953764602763, 
8.17804220606094, -8.47657546013961, 8.29450870336618, 13.7806287160933, 
10.3208492903945, 1.98733254953519, 2.23036665530735, 15.344937902634, 
4.56371323160225, 0.0923621304013524, -2.12218538380831, -12.3755923397217, 
6.74884884266124, -3.98584588577715, -10.1370831302582, 1.1021227850878, 
-0.384849277288175, 2.12857592589547, -7.50707786253411, 12.1030301120324, 
18.3273421125584), .Names = c("x1", "x2", "x3", "x4", "x5", "x6", 
"", "", "", "", "", "", "", "", "", "", "", "", "", "", "", "", 
"", "", "", "", "")), rank = 6L, fitted.values = structure(c(51.6740081558419, 
60.7781034020405, 77.3954172565277, 58.6463085221627, 72.373703709291, 
56.9226683454216, 68.4355640522343, 83.4798820848318, 59.671930975175, 
53.7757184476738, 62.753861581743, 63.6465142458481, 80.2907239536074, 
74.0536228756208, 69.9557984672554, 61.1698640625393, 69.715651079534, 
60.1649451713689, 45.0182437369963, 70.4067323370834, 52.9679638350286, 
66.6385702446059, 66.9205927737956, 80.5779950457403, 54.0481165098182, 
74.8997560349707, 67.6177430932438), .Names = c("1", "2", "3", 
"4", "5", "6", "8", "9", "10", "12", "13", "14", "15", "16", 
"17", "18", "19", "20", "21", "22", "24", "25", "26", "27", "28", 
"29", "30")), assign = 1:6, qr = structure(list(qr = structure(c(-5.19615242270663, 
0.192450089729875, 0.192450089729875, 0.192450089729875, 0.192450089729875, 
0.192450089729875, 0.192450089729875, 0.192450089729875, 0.192450089729875, 
0.192450089729875, 0.192450089729875, 0.192450089729875, 0.192450089729875, 
0.192450089729875, 0.192450089729875, 0.192450089729875, 0.192450089729875, 
0.192450089729875, 0.192450089729875, 0.192450089729875, 0.192450089729875, 
0.192450089729875, 0.192450089729875, 0.192450089729875, 0.192450089729875, 
0.192450089729875, 0.192450089729875, -278.475279839129, -64.8885083702694, 
0.280712681734686, -0.0737414516344534, 0.0957800904116568, -0.012097254526777, 
0.00331379475014215, 0.342356878842363, -0.0737414516344534, 
-0.0429193530806152, 0.111191139688576, 0.511878420888473, 0.0649579918578186, 
0.00331379475014215, 0.21906848462701, 0.234479533903929, -0.0583304023575343, 
0.280712681734686, -0.258674042957483, 0.0341358933039804, -0.119974599465211, 
-0.119974599465211, 0.249890583180848, 0.126602188965495, -0.0891525009113725, 
0.326945829565444, -0.166207747295968, -293.87128701752, -31.4556639130005, 
-54.4169814897797, -0.0813202125812359, 0.170795618344144, -0.171737292121977, 
0.021583681883972, 0.0480233146990309, -0.0813202125812359, -0.245976759610531, 
-0.279064985197966, -0.453302130931886, 0.298698932370693, 0.333986162407315, 
0.15535100777502, 0.256788899274103, 0.0936241449233397, -0.155585469782198, 
-0.214354536989222, 0.132576382375273, 0.147287991461334, -0.0364781735523966, 
0.0274476937484708, 0.300164935336818, -0.109251638074827, 0.130351588213679, 
0.192130030490174, -337.172557206741, -25.4710397771302, -26.9117867222687, 
41.3720743346722, 0.010004723617038, 0.122556607656727, -0.12191178919991, 
0.0669155129280579, -0.0438218563788618, -0.067236279369879, 
0.0951362005785497, 0.108370359025345, -0.112799247213177, 0.335390521586709, 
-0.123202120924371, 0.535755403094447, -0.228459536244077, 0.0601890373429814, 
0.217387976280751, 0.0690741310275238, 0.377437556494994, -0.136116371680561, 
-0.411303338518634, -0.100549007514289, 0.193929743163135, -0.0301462960417365, 
0.0434341068259544, -390.288781972187, -6.81510845801537, -4.00535947015536, 
19.5048004694958, -47.5367312457656, -0.540928527442422, -0.28141311682917, 
0.0992737988366441, 0.0563630255806468, -0.0404627204598746, 
-0.234225149969542, 0.0849441343983648, -0.110966523586999, -0.498659333029918, 
-0.046247876100407, 0.100994593935655, 0.0809805408080014, 0.0395380845307498, 
-0.184566717952856, 0.0307856333969634, -0.380250626456621, -0.0775856621907873, 
-0.147829444238442, -0.0899988415136779, 0.179951130983782, -0.12934067136377, 
-0.02190044172765, -227.476006060713, -17.6696241653921, -23.4398075600223, 
15.3838680254415, -4.67642861145412, 41.8628007912437, 0.12012289964996, 
0.474584211392516, 0.0202195970565038, -0.0365609828301023, 0.32191489274399, 
0.209447033632934, 0.16516638208493, 0.169604805413541, -0.224279685829, 
-0.380838159151324, 0.0725476085232503, -0.151991214082321, -0.0697851545655104, 
0.120419978982486, -0.299070635061546, 0.242667138050813, -0.362219740989305, 
0.119908055218916, -0.0264598047330687, -0.0384508667290756, 
0.106870253414273), .Dim = c(27L, 6L), .Dimnames = list(c("1", 
"2", "3", "4", "5", "6", "8", "9", "10", "12", "13", "14", "15", 
"16", "17", "18", "19", "20", "21", "22", "24", "25", "26", "27", 
"28", "29", "30"), c("x1", "x2", "x3", "x4", "x5", "x6")), assign = 1:6), 
    qraux = c(1.19245008972988, 1.01872484402706, 1.1200637777384, 
    1.14954529111501, 1.06967841012975, 1.06682651054445), pivot = 1:6, 
    tol = 1e-07, rank = 6L), .Names = c("qr", "qraux", "pivot", 
"tol", "rank"), class = "qr"), df.residual = 21L, xlevels = structure(list(), .Names = character(0)), 
    call = quote(lm(formula = y ~ . + 0, data = structure(list(y = c(43, 
        63, 71, 61, 81, 43, 71, 72, 67, 67, 69, 68, 77, 81, 74, 
        65, 65, 50, 50, 64, 40, 63, 66, 78, 48, 85, 82), x1 = c(1, 
        1, 1, 1, 1, 1, 1, 1, 1, 1, 1, 1, 1, 1, 1, 1, 1, 1, 1, 
        1, 1, 1, 1, 1, 1, 1, 1), x2 = c(30, 51, 68, 45, 56, 49, 
        50, 72, 45, 47, 57, 83, 54, 50, 64, 65, 46, 68, 33, 52, 
        42, 42, 66, 58, 44, 71, 39), x3 = c(39, 54, 69, 47, 66, 
        44, 55, 67, 47, 39, 42, 45, 72, 72, 69, 75, 57, 54, 34, 
        62, 58, 48, 63, 74, 45, 71, 59), x4 = c(61, 63, 76, 54, 
        71, 54, 70, 71, 62, 59, 55, 59, 79, 60, 79, 55, 75, 64, 
        43, 66, 50, 66, 88, 80, 51, 77, 64), x5 = c(92, 73, 86, 
        84, 83, 49, 66, 83, 80, 74, 63, 77, 77, 54, 79, 80, 85, 
        78, 64, 80, 57, 75, 76, 78, 83, 74, 78), x6 = c(45, 47, 
        48, 35, 47, 34, 41, 31, 41, 41, 25, 35, 46, 36, 63, 60, 
        46, 52, 33, 41, 49, 33, 72, 49, 38, 55, 39)), .Names = c("y", 
        "x1", "x2", "x3", "x4", "x5", "x6"), row.names = c("1", 
        "2", "3", "4", "5", "6", "8", "9", "10", "12", "13", 
        "14", "15", "16", "17", "18", "19", "20", "21", "22", 
        "24", "25", "26", "27", "28", "29", "30"), class = "data.frame"))), 
    terms = y ~ x1 + x2 + x3 + x4 + x5 + x6 + 0, model = structure(list(
        y = c(43, 63, 71, 61, 81, 43, 71, 72, 67, 67, 69, 68, 
        77, 81, 74, 65, 65, 50, 50, 64, 40, 63, 66, 78, 48, 85, 
        82), x1 = c(1, 1, 1, 1, 1, 1, 1, 1, 1, 1, 1, 1, 1, 1, 
        1, 1, 1, 1, 1, 1, 1, 1, 1, 1, 1, 1, 1), x2 = c(30, 51, 
        68, 45, 56, 49, 50, 72, 45, 47, 57, 83, 54, 50, 64, 65, 
        46, 68, 33, 52, 42, 42, 66, 58, 44, 71, 39), x3 = c(39, 
        54, 69, 47, 66, 44, 55, 67, 47, 39, 42, 45, 72, 72, 69, 
        75, 57, 54, 34, 62, 58, 48, 63, 74, 45, 71, 59),