
expected <- structure(list(coefficients = structure(c(3.51054951168017, 0.646083029999268, 
-0.210202212067479, 0.357710615301608, -0.128743953548933, 0.306027638430691, 
-0.131217147149808), .Names = c("x1", "x2", "x3", "x4", "x5", 
"x6", "x7")), residuals = structure(c(-6.87237533865695, -0.876547057830432, 
2.32545120086784, -4.03849132094621, 5.87622848193374, -10.245023147433, 
-6.3005369678168, 0.443038923094053, -5.3572972518605, 5.108293918769, 
7.18191180593942, 13.3053784198697, 9.10154424969989, -3.78659165997815, 
2.54487426153949, -0.979895894682163, 2.67303855150475, 0.173272666433225, 
-5.65873924112282, -4.33055498115592, 4.49532146109554, 4.96682723821808, 
-7.30386419545946, -4.24234617672845, -0.575129204179982, 0.308637274616779, 
1.90769335253196), .Names = c("1", "2", "3", "4", "5", "6", "7", 
"8", "9", "10", "11", "12", "13", "14", "15", "16", "17", "18", 
"19", "20", "21", "22", "23", "24", "25", "26", "30")), effects = structure(c(251.808527565086, 
-221.779148555365, 0.0616141978034381, 16.738876242995, 4.76847956858288, 
16.4754083384571, -4.97462349142956, 1.83311287333102, -3.71451601812813, 
3.3696419932224, 4.97583909897327, 15.1559101497548, 9.02426949512489, 
-3.96828779847901, 4.55593581841707, -1.68899240849313, 6.532545266512, 
-9.99879247860548, -5.62994316844872, -5.15311401874744, -0.376628303709435, 
6.48009551708122, -4.87270938829678, -10.3708883540004, -3.78716328361873, 
4.78031118680845, -0.250295386154779), .Names = c("x1", "x2", 
"x3", "x4", "x5", "x6", "x7", "", "", "", "", "", "", "", "", 
"", "", "", "", "", "", "", "", "", "", "", "")), rank = 7L, 
    fitted.values = structure(c(49.8723753386569, 63.8765470578304, 
    68.6745487991322, 65.0384913209462, 75.1237715180663, 53.245023147433, 
    64.3005369678168, 70.5569610769059, 77.3572972518605, 61.891706081231, 
    56.8180881940606, 53.6946215801303, 59.8984557503001, 71.7865916599781, 
    74.4551257384605, 81.9798958946822, 71.3269614484953, 64.8267273335668, 
    70.6587392411228, 54.3305549811559, 45.5046785389045, 59.0331727617819, 
    60.3038641954595, 44.2423461767285, 63.57512920418, 65.6913627253832, 
    80.092306647468), .Names = c("1", "2", "3", "4", "5", "6", 
    "7", "8", "9", "10", "11", "12", "13", "14", "15", "16", 
    "17", "18", "19", "20", "21", "22", "23", "24", "25", "26", 
    "30")), assign = 1:7, qr = structure(list(qr = structure(c(7.23086917291323, 
    -0.231214747132923, -0.111290781849341, -0.111108455811198, 
    -0.110282670728423, -0.342309684654967, -0.0823143471896893, 
    -0.280918103840224, -0.132156171548902, -0.157859587489528, 
    -0.173093821526386, -0.0468076592396258, -0.310451165159216, 
    -0.320507698189343, -0.116021229883063, -0.17768176486105, 
    0.0219788328731204, -0.132693245552822, -0.173026463116427, 
    -0.119280910837891, -0.185794050318489, 0.0878747952873154, 
    0.0318676625234467, -0.151345915156408, -0.402619457828036, 
    -0.189075296553826, -0.145498619078626, 255.46286922759, 
    -238.427604203052, 0.214168862211701, 0.184939960313856, 
    0.2484414502514, -0.0136071285275046, 0.222265104418493, 
    0.114087126356896, 0.249608275070761, 0.143188296975776, 
    0.0987634104508858, 0.21824500101394, 0.0384873305920847, 
    0.119387658821012, 0.240152052518341, 0.250672654534054, 
    0.372187270003041, 0.156953803617477, 0.17011194894633, 0.15813706164464, 
    0.0351761595778904, 0.318553631351553, 0.29955555277937, 
    0.0471772138723095, -0.0608406051700445, 0.188017912051466, 
    0.240086600708382, 210.815283469356, -176.361805708034, -56.110870097842, 
    -0.0711918249583303, -0.0704450995230732, -0.00237409960702404, 
    -0.163532744358548, -0.217085757502703, 0.152417597201915, 
    -0.0667038214340092, 0.173192003625493, 0.0332980602468338, 
    0.0636063249482007, 0.248382484676045, -0.0956953819040217, 
    -0.365059204604704, 0.0419279719285782, 0.3144068434893, 
    -0.17329520822728, 0.400159820569778, -0.0195282465396234, 
    0.171594305398833, 0.0804903064324465, 0.195920797000245, 
    -0.141949092134896, 0.084411237686253, -0.441868811144933, 
    209.284245714138, -200.105379010992, -21.0072743085144, 49.856155215366, 
    -0.0461811568630852, 0.0344787272084248, -0.0772358677882235, 
    0.0451367233239658, 0.112712327670057, 0.0485439386239987, 
    -0.186880873505606, 0.245640758413857, 0.226825412315595, 
    0.613665837751463, -0.196267732997331, -0.114149934984134, 
    0.0721170353506159, -0.337545433235291, -0.0542054716364327, 
    0.0934326340799119, -0.0221638748505448, -0.125357452531497, 
    0.152268958136195, -0.444820059600125, -0.134570328721146, 
    0.0727171997884321, -0.0260977280088052, 242.363340574218, 
    -228.40126168843, -16.8032453472471, 22.0406016746476, 43.0550534601771, 
    -0.148361056923096, -0.0805244808629082, -0.156590148377381, 
    0.172638191158738, -0.173537771876154, -0.0169518625789181, 
    -0.150432413284043, -0.0784552079496999, 0.172348649373187, 
    -0.0673584682053204, 0.468978977711273, 0.0773334558080197, 
    0.379354596493791, -0.270934715854019, -0.0719336151214722, 
    -0.154516585587042, 0.0335755538392472, -0.00432381725013, 
    -0.0290762873289557, -0.443320324897788, -0.365823020263703, 
    0.118852293802075, 268.463319530256, -271.141381999467, -32.9676844661547, 
    18.5623312655109, 45.7138039326712, 54.5950254432535, 0.0829383477681165, 
    0.122823278830711, 0.0775682873945513, -0.207674696462578, 
    -0.130340932707913, 0.0324603776935049, -0.0205744877369868, 
    0.0797983802286351, 0.133566835362851, 0.180954066228199, 
    0.374503255011487, -0.402810604822947, -0.108178884969874, 
    0.0120299863142708, -0.380801722967534, 0.0197567009713126, 
    0.0437994486503662, -0.245564093385334, -0.339745542575015, 
    0.426888751927323, -0.170455888960137, 153.407996772688, 
    -155.044769692482, -28.2525315074118, 30.0127841823221, 28.0308646376302, 
    1.7694209411529, 37.9113827688247, 0.0240450592883602, 0.452381378435147, 
    -0.0365750560331563, 0.221850689378178, -0.0875890072927534, 
    0.162333889273184, -0.116651218396337, 0.254450925295534, 
    0.0510443729336302, -0.190326251464569, -0.401294254914572, 
    0.074914082496228, -0.160921898760819, -0.154192077692028, 
    0.278797679108494, 0.177317481940352, -0.214081864884898, 
    0.181939249419678, -0.351848689753835, -0.00490345569366213
    ), .Dim = c(27L, 7L), .Dimnames = list(c("1", "2", "3", "4", 
    "5", "6", "7", "8", "9", "10", "11", "12", "13", "14", "15", 
    "16", "17", "18", "19", "20", "21", "22", "23", "24", "25", 
    "26", "30"), c("x1", "x2", "x3", "x4", "x5", "x6", "x7")), assign = 1:7), 
        qraux = c(1.2016558220829, 1.10342172089873, 1.2473115457228, 
        1.08139071605715, 1.07062231316824, 1.0691299203808, 
        1.25449278265594), pivot = 1:7, tol = 1e-07, rank = 7L), .Names = c("qr", 
    "qraux", "pivot", "tol", "rank"), class = "qr"), df.residual = 20L, 
    xlevels = structure(list(), .Names = character(0)), call = quote(lm(formula = y ~ 
        . + 0, data = structure(list(y = c(43, 63, 71, 61, 81, 
        43, 58, 71, 72, 67, 64, 67, 69, 68, 77, 81, 74, 65, 65, 
        50, 50, 64, 53, 40, 63, 66, 82), x1 = c(-1.45814686743768, 
        1.67188358736638, 0.804729083703814, 0.803410707975183, 
        0.797439564076696, 2.47519654636125, 0.595204275582401, 
        2.03128205717151, 0.955603986863188, 1.14146202482683, 
        1.25161877809689, 0.338460060252037, 2.24483175984477, 
        2.3175492345187, 0.838934334564916, 1.28479359612258, 
        -0.158926065078858, 0.959487498721707, 1.25113171824678, 
        0.862504661094714, 1.34345247095865, -0.635411148319109, 
        -0.230430898553593, 1.09436251235081, 2.91128862602378, 
        1.36717873321049, 1.05208147939708), x2 = c(51, 64, 70, 
        63, 78, 55, 67, 75, 82, 61, 53, 60, 62, 83, 77, 90, 85, 
        60, 70, 58, 40, 61, 66, 37, 54, 77, 82),