
expected <- structure(list(coefficients = structure(c(-1.67757700780923, 
0.306371376896697, 0.286477364204228, 0.00951093904637, 0.0700091609684856, 
0.324810111842542, 0.00975850660924011), .Names = c("x1", "x2", 
"x3", "x4", "x5", "x6", "x7")), residuals = structure(c(-7.98862199775832, 
4.31699425139155, 1.43071633944316, -2.84276620118983, 27.1903308647367, 
-27.2294464382181, -5.55838576017368, 4.05153691127435, 5.80310920896769, 
-0.768324484394256, 6.56858307783247, 0.0700409934769884, 8.62519544875195, 
3.68809520692794, 6.09928429782528, 7.98340315906976, 13.2711222432023, 
-4.74224340294161, 7.50525409465292, -6.9413746451419, -13.608393898575, 
0.841371089115137, -19.0460049221389, -17.6443579192198, -8.60020626407904, 
5.48080999513065, 20.3422344532263), .Names = c("1", "2", "3", 
"4", "5", "6", "7", "8", "9", "10", "11", "12", "13", "14", "15", 
"16", "17", "18", "19", "20", "21", "22", "23", "24", "25", "26", 
"30")), effects = structure(c(251.808527565086, -211.080896061942, 
-39.5518312875807, -16.140987986098, 16.8335892731509, 19.2077106990759, 
0.483529839912602, -7.13141265858314, 4.91773125607488, 5.02247863875849, 
11.9665425705844, -0.722959667129459, 9.01749882859231, -4.79953349414277, 
-3.18921998204891, -6.04772967895995, 15.1912768690494, -2.63386244951481, 
6.07507430718745, -3.76805081566344, -20.9461764409836, 5.70639028086313, 
-28.4739182382786, -26.7987494069125, 3.91939210028583, 4.10579900048738, 
29.1811543734505), .Names = c("x1", "x2", "x3", "x4", "x5", "x6", 
"x7", "", "", "", "", "", "", "", "", "", "", "", "", "", "", 
"", "", "", "", "", "")), rank = 7L, fitted.values = structure(c(50.9886219977583, 
58.6830057486085, 69.5692836605568, 63.8427662011898, 53.8096691352633, 
70.2294464382181, 63.5583857601737, 66.9484630887256, 66.1968907910323, 
67.7683244843943, 57.4314169221675, 66.929959006523, 60.374804551248, 
64.3119047930721, 70.9007157021747, 73.0165968409302, 60.7288777567977, 
69.7422434029416, 57.4947459053471, 56.9413746451419, 63.608393898575, 
63.1586289108849, 72.0460049221388, 57.6443579192198, 71.600206264079, 
60.5191900048694, 61.6577655467737), .Names = c("1", "2", "3", 
"4", "5", "6", "7", "8", "9", "10", "11", "12", "13", "14", "15", 
"16", "17", "18", "19", "20", "21", "22", "23", "24", "25", "26", 
"30")), assign = 1:7, qr = structure(list(qr = structure(c(7.23086917291323, 
-0.231214747132923, -0.111290781849341, -0.111108455811198, -0.110282670728423, 
-0.342309684654967, -0.0823143471896893, -0.280918103840224, 
-0.132156171548902, -0.157859587489528, -0.173093821526386, -0.0468076592396258, 
-0.310451165159216, -0.320507698189343, -0.116021229883063, -0.17768176486105, 
0.0219788328731204, -0.132693245552822, -0.173026463116427, -0.119280910837891, 
-0.185794050318489, 0.0878747952873154, 0.0318676625234467, -0.151345915156408, 
-0.402619457828036, -0.189075296553826, -0.145498619078626, 283.200570666302, 
-237.371937630127, 0.172157303861961, 0.269197522157026, 0.126623047945561, 
0.0505268009617732, 0.216403362875165, 0.120706008083948, 0.189166711523851, 
0.126475182114294, 0.118500108154501, 0.278512225955321, -0.0166669237300108, 
0.101671466882837, 0.223139167630701, 0.237000746591076, 0.240862054103269, 
0.222439418423039, 0.207022752892783, 0.0730833927245773, 0.230510660158534, 
0.386262474071303, 0.349880581968111, 0.0937711461065026, 0.035979447047105, 
0.143629600818772, 0.207981914341664, 219.802552259942, -161.227111124266, 
-68.5904997688392, -0.22481443247087, 0.181011711418653, 0.0420664885363086, 
-0.0359300877754181, -0.154453195683518, -0.0145721038246752, 
0.392538583236104, -0.105142690018608, -0.0983687514328102, 0.00901335472988747, 
-0.332639765022424, 0.249871498229277, 0.00279895984855866, 0.176607812147487, 
-0.0493233174729621, -0.193884424782858, 0.372074038617489, -0.306978311935606, 
-0.0821321224780252, 0.208688682274401, 0.0460919084580588, 0.199387506652394, 
-0.0399183455079032, 0.0130727649221402, 217.820787577007, -177.375763435081, 
-36.1369729271154, -76.1384412292463, -0.0519280183108399, -0.0293389881788095, 
0.122747677665851, 0.0175327037406264, 0.194081131065649, -0.0429330126293717, 
0.370123705075861, -0.259268239095437, 0.208827704874112, -0.0517901348032994, 
-0.374505542306568, -0.301403300075961, 0.326790915224483, 0.197130242218688, 
0.269775446866762, 0.179689339952399, 0.0426516482211357, -0.292219298604369, 
-0.188302475316056, 0.0696302015241377, -0.0302921182620021, 
0.113190585615006, -0.258383437185746, 251.165433804377, -211.747042707596, 
-23.4847774968703, -30.4903178361111, 64.5516886736696, -0.164309966353817, 
-0.0815018054928128, 0.241059636264529, -0.037819537531981, -0.185290166982406, 
-0.182758813784839, -0.186120323791197, -0.339620544865474, 0.0494030420822554, 
0.204304253908381, 0.423505031110194, -0.0351881288218519, 0.000472782795292667, 
0.344042266180702, -0.235666558898223, 0.338344576904495, -0.144852485913913, 
0.33982548413762, -0.121821554461738, -0.042426584164122, 0.0515192356885428, 
-0.118800421593389, 286.464577938596, -228.287592009068, -54.3253903157207, 
-39.956412252798, 37.4223223926002, 58.4177010403259, -0.0822302267253966, 
-0.150584605165304, -0.0364943791402219, 0.188435821845081, -0.00660276670808138, 
-0.117101725717525, -0.235944996212988, -0.127472737441551, -0.00691914063535639, 
-0.0473347303779503, -0.0602958636236374, 0.0561034651829262, 
0.381350646353535, -0.0720377659068138, 0.0783193997472594, 0.110362590039329, 
0.00110222252558603, -0.386814167865063, 0.59602476649414, 0.0758922557895663, 
0.389780172918468, 154.092197579993, -154.495944534376, -27.5578524322227, 
-31.1514479240683, 16.3171471451826, 23.8817987132134, 49.5495734413664, 
0.0545849351500145, -0.0711494697079919, -0.306697397458306, 
0.221566413440732, -0.0790770462502399, -0.201041711124709, -0.349211860686832, 
-0.260210068785187, 0.0614497316480534, 0.34182238188823, 0.291304261794293, 
-0.341204094661279, -0.0936566986047657, 0.108853429180257, 0.0770111004521868, 
0.0447167004281561, -0.388326961406828, 0.0541318399645209, -0.158257408787175, 
-0.142227752783318), .Dim = c(27L, 7L), .Dimnames = list(c("1", 
"2", "3", "4", "5", "6", "7", "8", "9", "10", "11", "12", "13", 
"14", "15", "16", "17", "18", "19", "20", "21", "22", "23", "24", 
"25", "26", "30"), c("x1", "x2", "x3", "x4", "x5", "x6", "x7"
)), assign = 1:7), qraux = c(1.2016558220829, 1.0593631250413, 
1.37913404876937, 1.03503649649028, 1.07794187952189, 1.08650685385339, 
1.2510456801729), pivot = 1:7, tol = 1e-07, rank = 7L), .Names = c("qr", 
"qraux", "pivot", "tol", "rank"), class = "qr"), df.residual = 20L, 
    xlevels = structure(list(), .Names = character(0)), call = quote(lm(formula = y ~ 
        . + 0, data = structure(list(y = c(43, 63, 71, 61, 81, 
        43, 58, 71, 72, 67, 64, 67, 69, 68, 77, 81, 74, 65, 65, 
        50, 50, 64, 53, 40, 63, 66, 82), x1 = c(-1.45814686743768, 
        1.67188358736638, 0.804729083703814, 0.803410707975183, 
        0.797439564076696, 2.47519654636125, 0.595204275582401, 
        2.03128205717151, 0.955603986863188, 1.14146202482683, 
        1.25161877809689, 0.338460060252037, 2.24483175984477, 
        2.3175492345187, 0.838934334564916, 1.28479359612258, 
        -0.158926065078858, 0.959487498721707, 1.25113171824678, 
        0.862504661094714, 1.34345247095865, -0.635411148319109, 
        -0.230430898553593, 1.09436251235081, 2.91128862602378, 
        1.36717873321049, 1.05208147939708), x2 = c(55, 58, 62, 
        85, 51, 77, 67, 82, 70, 60, 61, 75, 55, 85, 75, 90, 53, 
        78, 82, 40, 90, 75, 77, 51, 85, 70, 77), x3 = c(30, 44, 
        71, 45, 50, 65, 45, 53, 50, 72, 39, 45, 47, 44, 71, 66, 
        47, 53, 47, 56, 45, 42, 65, 42, 83, 50, 57), x4 = c(56, 
        50, 69, 58, 42, 55, 59, 55, 67, 58, 69, 34, 55, 44, 39, 
        45, 74, 72, 74, 59, 58, 34, 55, 45, 67, 59, 39),