
expected <- structure(list(coefficients = structure(c(-1.88194428230512, 
0.556680707172621, -0.0225719702637748, 0.250671955333382, 0.14129834005277, 
0.220405458151523, -0.204925611572024), .Names = c("x1", "x2", 
"x3", "x4", "x5", "x6", "x7")), residuals = structure(c(-8.97658543373228, 
1.50937379420678, 2.26300819729814, 5.486198979171, -10.2910005364351, 
0.894000039909273, -7.80682677502723, 6.16759424503564, 3.51372186061195, 
8.53747318110661, 6.84541555291223, -4.52596118134564, 1.14204080518531, 
-2.87211667274061, -3.17236663574249, 3.48038552468995, 1.59161184652571, 
5.99305173101338, -0.338458278875174, -12.170822151322, -7.84381306167665, 
4.20258945078658, -3.27466711325126, 2.65660831012762, -5.66091874958213, 
6.56829594926956, 6.08216712188084), .Names = c("1", "2", "3", 
"5", "7", "8", "9", "10", "11", "12", "13", "14", "15", "16", 
"17", "18", "19", "21", "22", "23", "24", "25", "26", "27", "28", 
"29", "30")), effects = structure(c(-343.523410167827, 49.3571362451374, 
-0.900494662017867, -9.30463239602708, 1.26437505230766, 6.92521714085769, 
-8.1041350719926, 8.84412527648965, 4.43617844299895, 11.984457847377, 
10.2456463117626, -2.37397797465035, 3.04014674259365, -4.75052618476805, 
-2.59873094153969, -3.62594115785394, 2.73320155609821, 6.10223406187365, 
0.594984218528349, -9.31595490851268, -10.8561758704861, 8.76683027249264, 
-0.813389611599878, 4.43285407006155, -7.27945579564822, 6.9662824213449, 
7.18882199417302), .Names = c("x1", "x2", "x3", "x4", "x5", "x6", 
"x7", "", "", "", "", "", "", "", "", "", "", "", "", "", "", 
"", "", "", "", "", "")), rank = 7L, fitted.values = structure(c(51.9765854337323, 
61.4906262057932, 68.7369918027019, 75.513801020829, 68.2910005364351, 
70.1059999600907, 79.8068267750272, 60.8324057549644, 60.486278139388, 
58.4625268188934, 62.1545844470878, 72.5259611813456, 75.8579591948147, 
83.8721166727406, 77.1723666357425, 61.51961447531, 63.4083881534743, 
44.0069482689866, 64.3384582788752, 65.170822151322, 47.8438130616767, 
58.7974105492134, 69.2746671132513, 75.3433916898724, 53.6609187495821, 
78.4317040507304, 75.9178328781192), .Names = c("1", "2", "3", 
"5", "7", "8", "9", "10", "11", "12", "13", "14", "15", "16", 
"17", "18", "19", "21", "22", "23", "24", "25", "26", "27", "28", 
"29", "30")), assign = 1:7, qr = structure(list(qr = structure(c(-5.19615242270663, 
0.192450089729875, 0.192450089729875, 0.192450089729875, 0.192450089729875, 
0.192450089729875, 0.192450089729875, 0.192450089729875, 0.192450089729875, 
0.192450089729875, 0.192450089729875, 0.192450089729875, 0.192450089729875, 
0.192450089729875, 0.192450089729875, 0.192450089729875, 0.192450089729875, 
0.192450089729875, 0.192450089729875, 0.192450089729875, 0.192450089729875, 
0.192450089729875, 0.192450089729875, 0.192450089729875, 0.192450089729875, 
0.192450089729875, 0.192450089729875, -350.644063487833, 69.9910047130397, 
-0.0739876890014511, -0.188288091357435, -0.0311250381179571, 
-0.145425440473941, -0.245438292535427, 0.0546002636490308, 0.168900666005015, 
0.0688878139435288, 0.0403127133545328, -0.259725842829925, -0.174000541062937, 
-0.359738694891411, -0.288300943418921, 0.0688878139435288, -0.0739876890014511, 
0.354638819833489, 0.0546002636490308, -0.0168374878234591, 0.397501470716983, 
0.154613115710517, -0.174000541062937, -0.145425440473941, 0.111750464827023, 
-0.288300943418921, -0.245438292535427, -275.588528493181, 38.4409186516115, 
-50.5891167760729, -0.00316766421737167, -0.167031203886066, 
-0.0909859330561284, 0.272060140307717, -0.0461612801759294, 
0.194067007807626, 0.00363435324785844, 0.18078245036209, 0.479236773419893, 
-0.0324404204969572, -0.244907511637645, 0.0831390451846672, 
0.359442106913039, -0.118747129898996, -0.0678762392719259, 0.092208401804974, 
0.0409012089444684, 0.140811953276968, -0.0336325024487515, 0.204764748613163, 
0.0671508463506184, -0.0248826233133682, 0.221508727165571, -0.380254074745113, 
-297.527838722387, 35.5135583468277, -11.8516979838765, -48.2235379626031, 
0.0750897993545926, -0.058236441180571, -0.0196557085553235, 
-0.0941457096375501, 0.127353894350043, -0.268315037800077, -0.293849248636085, 
-0.564434550492817, 0.251241851319996, 0.194927838781171, 0.0615428067064411, 
0.344114840428868, 0.0461558654104395, -0.135222990778853, 0.164758226616937, 
-0.117203131244745, 0.315284649387418, -0.00469171660190341, 
-0.0247846889873241, 0.276164899973097, -0.101673414793717, 0.0508688449211501, 
0.0602883418434414, -340.05930855269, 35.7220507474215, -2.99208838484361, 
-14.719169466044, -37.2692261040187, 0.0382911526672781, -0.132676681248276, 
0.024011503696874, -0.101795034596905, 0.00541059234602756, -0.163214563459382, 
-0.331718342334546, 0.132082992480758, -0.493056580896258, 0.0561061679297304, 
-0.394413959658618, 0.214317372691583, -0.168689338295681, 0.0105167711067292, 
-0.0327006506859377, -0.140994803015213, 0.197213518869501, 0.411976513253235, 
0.155391497678627, -0.216810835825468, -0.0264316019198206, -0.194482151548384, 
-397.986785561382, -1.15305822561893, -4.18532756355887, 0.120318542922613, 
9.75800749423424, 30.6339488414939, -0.0268754141942313, -0.129898049934729, 
-0.197049427174512, -0.259816805977004, -0.143905313056831, -0.159589717329369, 
0.115516457988689, 0.0996531091281324, -0.0984032333333306, 0.062137590840896, 
0.715747656958947, 0.0508440470636785, -0.000789363747000998, 
-0.124481674130808, -0.200735012615228, -0.0678830618704303, 
-0.0258616839635229, 0.00240971673379526, 0.441828753551519, 
-0.0311021492322182, 0.0768498786406703, -224.589254714764, 11.8745418003161, 
-11.0954592247823, -23.6033527970351, -21.3723247662718, -0.845807462172758, 
39.5467165369141, -0.00589344637783377, 0.307361315965019, -0.099524394683304, 
0.291008070238395, -0.0245772665252895, 0.150535047776175, 0.150111976861567, 
-0.352571697323526, -0.253310932958464, -0.00218214489802373, 
0.0381335841598661, 0.178269802404993, 0.103654650613224, -0.0375873392445328, 
0.285018665350708, -0.508198840946311, 0.121781463883316, -0.029205075302821, 
-0.144389650788429, 0.0279016507227453), .Dim = c(27L, 7L), .Dimnames = list(
    c("1", "2", "3", "5", "7", "8", "9", "10", "11", "12", "13", 
    "14", "15", "16", "17", "18", "19", "21", "22", "23", "24", 
    "25", "26", "27", "28", "29", "30"), c("x1", "x2", "x3", 
    "x4", "x5", "x6", "x7")), assign = 1:7), qraux = c(1.19245008972988, 
1.01173761276554, 1.31612901346956, 1.10529795744899, 1.01687850927921, 
1.12261709464696, 1.39296745733556), pivot = 1:7, tol = 1e-07, 
    rank = 7L), .Names = c("qr", "qraux", "pivot", "tol", "rank"
), class = "qr"), df.residual = 20L, xlevels = structure(list(), .Names = character(0)), 
    call = quote(lm(formula = y ~ . + 0, data = structure(list(y = c(43, 
        63, 71, 81, 58, 71, 72, 67, 64, 67, 69, 68, 77, 81, 74, 
        65, 65, 50, 64, 53, 40, 63, 66, 78, 48, 85, 82), x1 = c(1, 
        1, 1, 1, 1, 1, 1, 1, 1, 1, 1, 1, 1, 1, 1, 1, 1, 1, 1, 
        1, 1, 1, 1, 1, 1, 1, 1), x2 = c(51, 64, 70, 78, 67, 75, 
        82, 61, 53, 60, 62, 83, 77, 90, 85, 60, 70, 40, 61, 66, 
        37, 54, 77, 75, 57, 85, 82), x3 = c(30, 51, 68, 56, 42, 
        50, 72, 45, 53, 47, 57, 83, 54, 50, 64, 65, 46, 33, 52, 
        52, 42, 42, 66, 58, 44, 71, 39), x4 = c(39, 54, 69, 66, 
        56, 55, 67, 47, 58, 39, 42, 45, 72, 72, 69, 75, 57, 34, 
        62, 50, 58, 48, 63, 74, 45, 71, 59), x5 = c(61, 63, 76, 
        71, 66, 70, 71, 62, 58, 59, 55, 59, 79, 60, 79, 55, 75, 
        43, 66, 63, 50, 66, 88, 80, 51, 77, 64), x6 = c(77, 73, 
        68, 83, 80, 73, 78, 80, 83, 83, 80, 80, 74, 80, 80, 78, 
        54, 75, 77, 80, 84, 77, 74, 77, 64, 78, 78), x7 = c(45, 
        47, 48, 47, 35, 41, 31, 41, 34, 41, 25, 35, 46, 36, 63, 
        60, 46, 33, 41, 37, 49, 33, 72, 49, 38, 55, 39)), .Names = c("y", 
        "x1", "x2", "x3", "x4", "x5", "x6", "x7"),