
expected <- structure(list(coefficients = structure(c(0.569093592807916, 
0.234355573424964, 0.180020441008917, -0.16377548348471, -0.0331873605546136, 
0.485847552980847, 0.341168517317168), .Names = c("x1", "x2", 
"x3", "x4", "x5", "x6", "x7")), residuals = structure(c(-10.9275013908717, 
1.58425715179212, -4.72358400703829, 23.5506476483656, -27.4341376655353, 
-3.99260867870579, 2.08171918531419, 2.73776519695914, -4.53899408095486, 
8.56143459791342, -3.92872779346842, -0.456248194346412, -4.43351476508798, 
1.18798603065516, 8.31963756428069, 16.1839585108033, -0.235840297912291, 
7.98376326698738, -11.8037749655605, -10.4005836020917, -18.7751363501931, 
0.838871976156859, 3.25767982563616, 5.22549209896053, -11.2731954234095, 
15.1683240783393, 23.7943528101658), .Names = c("1", "2", "4", 
"5", "6", "7", "8", "9", "10", "11", "12", "13", "14", "15", 
"16", "17", "18", "19", "20", "21", "23", "25", "26", "27", "28", 
"29", "30")), effects = structure(c(271.413691334688, -195.100949004725, 
38.9551406609349, 14.7093626591446, -21.7013855552708, -33.6125783674242, 
15.9006167623646, 5.20954273897678, -8.55543467138624, 18.6910144164106, 
0.317944143912251, 6.41434386588517, -4.74048641324228, -13.4165606150854, 
-6.50145404578402, 19.9275831860597, 3.51780539054983, 3.40286045048114, 
-11.3011864977046, -13.9496807493006, -31.2573586378139, -4.25112143550172, 
2.06587263295928, -6.75970319743436, -14.0928301691047, 16.8713447393293, 
23.6519759943751), .Names = c("x1", "x2", "x3", "x4", "x5", "x6", 
"x7", "", "", "", "", "", "", "", "", "", "", "", "", "", "", 
"", "", "", "", "", "")), rank = 7L, fitted.values = structure(c(53.9275013908717, 
61.4157428482079, 65.7235840070383, 57.4493523516344, 70.4341376655353, 
61.9926086787058, 68.9182808146858, 69.2622348030409, 71.5389940809549, 
55.4385654020866, 70.9287277934684, 69.4562481943464, 72.433514765088, 
75.8120139693448, 72.6803624357193, 57.8160414891967, 65.2358402979123, 
57.0162367330126, 61.8037749655605, 60.4005836020917, 71.7751363501931, 
62.1611280238431, 62.7423201743638, 72.7745079010395, 59.2731954234095, 
69.8316759216607, 58.2056471898342), .Names = c("1", "2", "4", 
"5", "6", "7", "8", "9", "10", "11", "12", "13", "14", "15", 
"16", "17", "18", "19", "20", "21", "23", "25", "26", "27", "28", 
"29", "30")), assign = 1:7, qr = structure(list(qr = structure(c(7.56453878951599, 
-0.221015931557323, -0.106207493983462, -0.105418134041682, -0.327210503539453, 
-0.0786834851593754, -0.268526887585896, -0.126326801071812, 
-0.150896446774631, -0.165458703157364, -0.0447429869380964, 
-0.296757254117855, -0.306370196386684, -0.11090356701292, -0.169844273639423, 
0.0210093529164158, -0.126840184896864, -0.165394315907372, -0.114019464384279, 
-0.177598728533271, 0.030461989152988, -0.384860030073302, -0.180735239946858, 
-0.100140144988666, -0.264135215561365, -0.213963985411609, -0.139080717102701, 
299.477081286014, -220.853973893182, 0.286301965218903, 0.133086669367815, 
0.0449732267780028, 0.230344286824135, 0.122074976512849, 0.199711710116687, 
0.131630633819049, 0.122643755728523, 0.298066389362584, -0.0263774333633581, 
0.100537467835516, 0.236664905686397, 0.249882132074813, 0.259475667579527, 
0.235458284725113, 0.217788963742713, 0.075297388790755, 0.242685474562985, 
0.376917440335966, 0.0276936046709998, 0.149217006659511, 0.291932874588808, 
0.035593170938577, 0.0459324292695327, 0.219570366008596, 230.702878023848, 
-146.371717362758, 64.3000966390441, -0.201921220199117, -0.0532907838494865, 
0.0249755372111265, 0.153456545810056, 0.00288538896540825, -0.428334400409465, 
0.102746890215024, 0.088718300493286, -0.0137830326339862, 0.343938785332132, 
-0.280822558122567, -0.0190444189184079, -0.201389545711103, 
0.0381012566983047, 0.192501540966837, -0.402910424377138, 0.311629507122301, 
-0.241494937188085, -0.221291517391982, 0.0315146360620203, 0.111005717537197, 
-0.0995154375490664, -0.114204603437453, -0.0278664311691384, 
234.495052712089, -171.697639708825, 29.6210762535299, 77.6761392807079, 
0.0472398974205009, -0.0891802123690921, 0.0272672940053002, 
-0.16175390171324, 0.0202362220224958, -0.329636647826336, 0.296903081382563, 
-0.191316808861348, 0.114975460176172, 0.369075378704209, 0.329424660998737, 
-0.315531645041876, -0.157351717218445, -0.212099901000082, -0.203366316639075, 
0.0261866565929388, 0.19683013667424, 0.0323661849835251, -0.0815175453871154, 
-0.13446446852373, -0.334525478036438, -0.0410055263530228, 0.2813783749357, 
264.787201734157, -182.968415511998, 32.8215571161891, 29.3816899529839, 
-67.3257633213248, 0.106016773602411, -0.127565546347885, 0.0268483619672697, 
0.0298459064560327, 0.141164449981859, 0.368656663297278, 0.260577779415236, 
0.162191774240442, -0.150527576580346, -0.257763513563499, -0.103852212776524, 
0.0133762504616214, -0.270077314924318, 0.00617754954150053, 
-0.132834549273106, -0.295131649495393, -0.0293246328660054, 
-0.0293836583887615, -0.512851921707453, -0.255789931654114, 
0.171285424200754, 0.236648596268196, 304.21181648187, -208.402558015796, 
51.4807638282135, 40.3687816611563, -34.9158565401364, -57.0396345552784, 
0.142606860240874, 0.0269131294124532, -0.207628134599303, 0.00513221492471512, 
0.113714519842967, 0.246414048793808, 0.129659604979952, -0.0169115349575355, 
0.0241010728199643, 0.0447246773607131, -0.0696240666383083, 
-0.407503480882676, 0.0635193242948125, -0.0944177376746186, 
-0.0325666764151796, -0.621881576856708, -0.0879619808185957, 
0.170373399809483, 0.0276595042092695, 0.247328842571875, -0.408039928724908, 
160.580368296753, -146.358516538575, 24.3529877129602, 25.7727088815075, 
-20.4355505361389, -17.2935402780304, 46.6063424825994, -0.147310126460104, 
-0.32111693902171, 0.131382569293693, 0.0797212621881249, -0.361097666651253, 
-0.303987775471806, -0.189976624888653, 0.145705901054506, 0.181678349009847, 
0.27803901906702, -0.323216277579036, -0.277034483229515, 0.187482132902405, 
0.0701128878539173, 0.21232250543015, -0.178220777027558, -0.145094914616667, 
0.0178648051300098, -0.351815425495692, 0.133146319647024), .Dim = c(27L, 
7L), .Dimnames = list(c("1", "2", "4", "5", "6", "7", "8", "9", 
"10", "11", "12", "13", "14", "15", "16", "17", "18", "19", "20", 
"21", "23", "25", "26", "27", "28", "29", "30"), c("x1", "x2", 
"x3", "x4", "x5", "x6", "x7")), assign = 1:7), qraux = c(1.19276084213602, 
1.05749926201421, 1.22306283689992, 1.04999703192197, 1.16592525694331, 
1.07498432544956, 1.01154091853344), pivot = 1:7, tol = 1e-07, 
    rank = 7L), .Names = c("qr", "qraux", "pivot", "tol", "rank"
), class = "qr"), df.residual = 20L, xlevels = structure(list(), .Names = character(0)), 
    call = quote(lm(formula = y ~ . + 0, data = structure(list(y = c(43, 
        63, 61, 81, 43, 58, 71, 72, 67, 64, 67, 69, 68, 77, 81, 
        74, 65, 65, 50, 50, 53, 63, 66, 78, 48, 85, 82), x1 = c(-1.45814686743768, 
        1.67188358736638, 0.803410707975183, 0.797439564076696, 
        2.47519654636125, 0.595204275582401, 2.03128205717151, 
        0.955603986863188, 1.14146202482683, 1.25161877809689, 
        0.338460060252037, 2.24483175984477, 2.3175492345187, 
        0.838934334564916, 1.28479359612258, -0.158926065078858, 
        0.959487498721707, 1.25113171824678, 0.862504661094714, 
        1.34345247095865, -0.230430898553593, 2.91128862602378, 
        1.36717873321049, 0.757514011154519, 1.99806108379111, 
        1.61853886720555, 1.05208147939708), x2 = c(55, 58, 85, 
        51, 77, 67, 82, 70, 60, 61, 75, 55, 85, 75, 90, 53, 78, 
        82, 40, 90, 77, 85, 70, 85, 62, 54, 77), x3 = c(30, 44, 
        45, 50, 65, 45, 53, 50, 72, 39, 45, 47, 44, 71, 66, 47, 
        53, 47, 56, 45, 65, 83, 50, 52, 56, 50, 57), x4 = c(56, 
        50, 58, 42, 55, 59, 55, 67, 58, 69, 34, 55, 44, 39, 45, 
        74, 72, 74, 59, 58, 55, 67, 59, 74, 75, 47, 39),