
expected <- structure(list(coefficients = structure(c(11.9556148040367, 0.615447143317781, 
-0.110848925195123, 0.185603190150618, 0.0372487933962463, 0.0662860595848052, 
-0.00603486717940179), .Names = c("x1", "x2", "x3", "x4", "x5", 
"x6", "x7")), residuals = structure(c(0.306120090888547, 2.45235615879764, 
-0.729583891547498, -10.5883821303545, -7.68334926120746, 1.44904512954652, 
-2.70916586548076, 6.48656888779552, 8.13928408166197, 9.25765346861205, 
11.4746852940319, -1.19540737161301, 2.5263946556435, 0.223969529020027, 
-3.9248044594593, 2.26818428816354, -3.61330299045079, -7.40699113887573, 
5.12915021702421, 1.22687559626729, -10.4570616537108, -6.11514231271742, 
6.27793803424099, -5.76004721317908, 4.74404801131547, -9.7252433475286, 
7.94620819311587), .Names = c("2", "3", "4", "6", "7", "8", "9", 
"10", "11", "12", "13", "14", "15", "16", "17", "18", "19", "20", 
"21", "22", "23", "24", "25", "26", "27", "28", "29")), effects = structure(c(-333.516005501874, 
-45.8271796854879, -2.82732660593055, 9.77007444774788, -2.39921901489119, 
2.83596409687574, 0.256285554270981, 9.72292170802184, 5.89260394833899, 
13.2929336851918, 14.0232843194611, 1.84502953323083, 1.24237722521713, 
-7.21241564154054, -5.06868907874902, -4.77437726192729, -0.74153125252464, 
-5.70137985284162, 6.38243558152444, -0.16515957614441, -8.47231802629396, 
-7.95802247969282, 7.62160578253011, -2.60854267549075, 3.53726618655421, 
-9.86520696128095, 6.70140981276682), .Names = c("x1", "x2", 
"x3", "x4", "x5", "x6", "x7", "", "", "", "", "", "", "", "", 
"", "", "", "", "", "", "", "", "", "", "", "")), rank = 7L, 
    fitted.values = structure(c(62.6938799091115, 68.5476438412024, 
    61.7295838915475, 53.5883821303545, 65.6833492612075, 69.5509548704535, 
    74.7091658654808, 60.5134311122045, 55.860715918338, 57.742346531388, 
    57.5253147059681, 69.195407371613, 74.4736053443565, 80.77603047098, 
    77.9248044594593, 62.7318157118365, 68.6133029904508, 57.4069911388757, 
    44.8708497829758, 62.7731244037327, 63.4570616537108, 46.1151423127174, 
    56.722061965759, 71.7600472131791, 73.2559519886845, 57.7252433475286, 
    77.0537918068841), .Names = c("2", "3", "4", "6", "7", "8", 
    "9", "10", "11", "12", "13", "14", "15", "16", "17", "18", 
    "19", "20", "21", "22", "23", "24", "25", "26", "27", "28", 
    "29")), assign = 1:7, qr = structure(list(qr = structure(c(-5.19615242270663, 
    0.192450089729875, 0.192450089729875, 0.192450089729875, 
    0.192450089729875, 0.192450089729875, 0.192450089729875, 
    0.192450089729875, 0.192450089729875, 0.192450089729875, 
    0.192450089729875, 0.192450089729875, 0.192450089729875, 
    0.192450089729875, 0.192450089729875, 0.192450089729875, 
    0.192450089729875, 0.192450089729875, 0.192450089729875, 
    0.192450089729875, 0.192450089729875, 0.192450089729875, 
    0.192450089729875, 0.192450089729875, 0.192450089729875, 
    0.192450089729875, 0.192450089729875, -343.908310347287, 
    -67.2761032913922, -0.0421028710864252, -0.16101582247051, 
    0.0173536046056173, 0.136266555989702, 0.240315388450777, 
    -0.0718311089324464, -0.190744060316531, -0.0866952278554571, 
    -0.0569669900094358, 0.255179507373787, 0.165994793835724, 
    0.359228339834862, 0.284907745219808, -0.0866952278554571, 
    0.0619459613746492, -0.116423465701478, -0.38397760631567, 
    -0.0718311089324464, 0.00248948568260667, -0.428569963084701, 
    -0.175879941393521, 0.165994793835724, 0.136266555989702, 
    -0.131287584624489, 0.284907745219808, -282.709181813187, 
    -36.8030079304512, 46.9047665572452, -0.0611248653510839, 
    0.270548232368535, 0.221612896213294, -0.141002445516607, 
    0.115371580928528, -0.176809800349899, 0.0575291134291201, 
    -0.125263079326525, -0.360317310932056, 0.166739472495275, 
    0.44965606351628, 0.0751645466608243, -0.326227193683757, 
    0.230877686470715, -0.420592333842968, 0.0519486847795985, 
    -0.0338669829487023, 0.0421474061522932, -0.185538102237438, 
    0.0729108207059471, -0.0890980655799771, 0.0510545374964592, 
    0.0758798644873358, -0.0740740172164058, -293.87128701752, 
    -33.9678148766177, 8.65095721368538, 48.6211390082697, -0.0587193222030677, 
    0.083686816614506, 0.0349793870888135, 0.0898999650193316, 
    -0.160589001185979, 0.257505525574979, 0.275058221743037, 
    0.563680488069739, -0.22329697497344, -0.128997021398142, 
    -0.0275578357153437, -0.373125503892762, -0.0274975862114396, 
    0.0588222318240993, 0.0923399585590692, -0.175912621133539, 
    0.116546382071625, -0.373770335132734, -0.0128790470077565, 
    0.0349994702567816, -0.258295198339626, 0.0884128033691762, 
    -0.0259970064122555, -335.440506399173, -38.1446322939837, 
    2.79399501774129, 16.9433736810265, -36.479711813135, 0.0812892749230983, 
    -0.14581047142189, 0.10452663123928, -0.0541116618666219, 
    0.109140947644488, -0.0786925208474974, -0.290045866391337, 
    0.12291073052868, -0.524479386135571, 0.0426281205645648, 
    -0.415376334890659, 0.261294415036636, 0.0586875518273713, 
    -0.0303869572671198, 0.0426394687616735, 0.0300517964425614, 
    -0.0754831700613124, 0.285770154765615, 0.429640743106909, 
    0.140429171622168, -0.131763752497732, -0.0511357064154046, 
    -382.975678562452, -12.3443755040988, 11.0852083455286, 1.89702095288471, 
    -16.4600759798777, 43.4031264913097, -0.133910022797576, 
    -0.206745081534838, 0.112518349655594, -0.154170031355739, 
    0.0685875885620879, -0.264510090780803, 0.140278646123688, 
    0.603040525168371, 0.0501699136585359, -0.104613910644536, 
    -0.163428956433101, -0.18251489154994, -0.0340909104170918, 
    -0.095875255572869, -0.194519988351356, 0.31040548450386, 
    -0.0636911624394215, 0.102120577723544, 0.120380090322688, 
    -0.354302188161949, 0.145088554846545, -223.819454355845, 
    -6.92117418889221, 12.0129615384753, 1.82776691055429, -8.39783366508189, 
    6.80348559023741, -42.4674722164118, 0.290189611307636, -0.115521648051049, 
    0.0951258754510983, 0.223625036333913, 0.102980072990834, 
    0.133519141681746, -0.107072779516416, -0.135000333712091, 
    -0.180144791315972, 0.244267745791496, 0.106956432274389, 
    -0.0841823577723471, -0.116651900559819, 0.0877117302025755, 
    0.593654312018799, -0.366486092326902, 0.0715213029239348, 
    0.199441835615699, -0.291909448120424, 0.126907122380549), .Dim = c(27L, 
    7L), .Dimnames = list(c("2", "3", "4", "6", "7", "8", "9", 
    "10", "11", "12", "13", "14", "15", "16", "17", "18", "19", 
    "20", "21", "22", "23", "24", "25", "26", "27", "28", "29"
    ), c("x1", "x2", "x3", "x4", "x5", "x6", "x7")), assign = 1:7), 
        qraux = c(1.19245008972988, 1.06194596137465, 1.14577733656893, 
        1.12121545183186, 1.06702475408641, 1.22651062456262, 
        1.14273436670207), pivot = 1:7, tol = 1e-07, rank = 7L), .Names = c("qr", 
    "qraux", "pivot", "tol", "rank"), class = "qr"), df.residual = 20L, 
    xlevels = structure(list(), .Names = character(0)), call = quote(lm(formula = y ~ 
        . + 0, data = structure(list(y = c(63, 71, 61, 43, 58, 
        71, 72, 67, 64, 67, 69, 68, 77, 81, 74, 65, 65, 50, 50, 
        64, 53, 40, 63, 66, 78, 48, 85), x1 = c(1, 1, 1, 1, 1, 
        1, 1, 1, 1, 1, 1, 1, 1, 1, 1, 1, 1, 1, 1, 1, 1, 1, 1, 
        1, 1, 1, 1), x2 = c(64, 70, 63, 55, 67, 75, 82, 61, 53, 
        60, 62, 83, 77, 90, 85, 60, 70, 58, 40, 61, 66, 37, 54, 
        77, 75, 57, 85), x3 = c(51, 68, 45, 49, 42, 50, 72, 45, 
        53, 47, 57, 83, 54, 50, 64, 65, 46, 68, 33, 52, 52, 42, 
        42, 66, 58, 44, 71), x4 = c(54, 69, 47, 44, 56, 55, 67, 
        47, 58, 39, 42, 45, 72, 72, 69, 75, 57, 54, 34, 62, 50, 
        58, 48, 63, 74, 45, 71), x5 = c(63, 76, 54, 54, 66, 70, 
        71, 62, 58, 59, 55, 59, 79, 60, 79, 55, 75, 64, 43, 66, 
        63, 50, 66, 88, 80, 51, 77),