
expected <- structure(list(coefficients = structure(c(11.6359532317811, 0.595297772334945, 
-0.0644924808267099, 0.314911110180976, 0.0865852294337346, 0.0146078830914835, 
-0.171829922866637), .Names = c("x1", "x2", "x3", "x4", "x5", 
"x6", "x7")), residuals = structure(c(-7.28373868022466, 1.45000828363518, 
-0.0135759283943084, 5.00231806841466, -11.622459281096, -10.3533490582226, 
0.987508235347537, -6.07338200903408, 8.00667499754013, 5.634897372098, 
11.9439905175613, 8.82597164555094, -0.697716948471085, 1.83278278840344, 
-4.32564315772354, -2.31390062325359, 1.90615368863938, -2.16902475218407, 
-6.35547839772651, 5.25402347836811, -10.3235899792246, 4.54548106563954, 
-2.63545570223046, 1.8146067268158, -8.00002098542307, 8.59148822563551, 
6.37143040955895), .Names = c("1", "2", "4", "5", "6", "7", "8", 
"9", "10", "11", "12", "13", "14", "15", "16", "17", "18", "19", 
"20", "21", "23", "25", "26", "27", "28", "29", "30")), effects = structure(c(-339.4819582835, 
47.9679701362602, -3.77147328366682, -12.3774262568539, 3.73328445987876, 
-2.10938706786206, 7.23890147883613, -2.26161677820362, 8.68689133189986, 
9.37970733055895, 13.8618139945901, 13.066311439197, 4.62342158180618, 
4.82411572496567, 2.61534573618461, -2.19372175346625, 2.47799620076991, 
-2.36607256611223, -6.07902502578539, 6.44000507156022, -8.90020674746437, 
3.85503398103152, -4.68769305884932, 1.11710576303047, -6.96214544889788, 
12.5808437915999, 9.74229150075078), .Names = c("x1", "x2", "x3", 
"x4", "x5", "x6", "x7", "", "", "", "", "", "", "", "", "", "", 
"", "", "", "", "", "", "", "", "", "")), rank = 7L, fitted.values = structure(c(50.2837386802247, 
61.5499917163648, 61.0135759283943, 75.9976819315853, 54.622459281096, 
68.3533490582226, 70.0124917646525, 78.0733820090341, 58.9933250024599, 
58.365102627902, 55.0560094824387, 60.1740283544491, 68.6977169484711, 
75.1672172115966, 85.3256431577235, 76.3139006232536, 63.0938463113606, 
67.1690247521841, 56.3554783977265, 44.7459765216319, 63.3235899792246, 
58.4545189343605, 68.6354557022305, 76.1853932731842, 56.0000209854231, 
76.4085117743645, 75.628569590441), .Names = c("1", "2", "4", 
"5", "6", "7", "8", "9", "10", "11", "12", "13", "14", "15", 
"16", "17", "18", "19", "20", "21", "23", "25", "26", "27", "28", 
"29", "30")), assign = 1:7, qr = structure(list(qr = structure(c(-5.19615242270663, 
0.192450089729875, 0.192450089729875, 0.192450089729875, 0.192450089729875, 
0.192450089729875, 0.192450089729875, 0.192450089729875, 0.192450089729875, 
0.192450089729875, 0.192450089729875, 0.192450089729875, 0.192450089729875, 
0.192450089729875, 0.192450089729875, 0.192450089729875, 0.192450089729875, 
0.192450089729875, 0.192450089729875, 0.192450089729875, 0.192450089729875, 
0.192450089729875, 0.192450089729875, 0.192450089729875, 0.192450089729875, 
0.192450089729875, 0.192450089729875, -352.183664205672, 64.6889995800419, 
0.0319993232125807, -0.199879359366827, 0.155667953921598, -0.0298349921419281, 
-0.153503622850946, -0.261713674721336, 0.0629164808898351, 0.186585111598853, 
0.0783750597284623, 0.0474579020512079, -0.277172253559963, -0.1844207805282, 
-0.385382305430354, -0.308089411237218, 0.0783750597284623, -0.0762107286578097, 
0.109292217405717, 0.387546636501006, -0.0143764133033009, 0.171126532760225, 
-0.1844207805282, -0.153503622850946, 0.124750796244344, -0.308089411237218, 
-0.261713674721336, -275.588528493181, 34.8470719420076, 52.7318171508579, 
-0.00302588873069625, -0.0902646576236263, 0.157257799394405, 
0.0820635886736593, -0.268189587627373, 0.0429785122827351, -0.185249401711592, 
-0.00451385976124781, -0.17502347479897, -0.467227691914387, 
0.0253372704040889, 0.225532685492643, -0.0877847059060403, -0.345863750065704, 
0.110096087579433, -0.421884611358978, 0.069688370272463, -0.0419456350071147, 
0.0329179154846191, -0.202229323132215, -0.0696474736838769, 
0.0236839692590316, -0.220531885468885, 0.357618544597464, -289.060034774273, 
42.7395352490623, 7.58598380241519, -43.6128567367463, -0.082562417843346, 
0.083462585487816, -0.0755820515145921, 0.00542536610869037, 
-0.065835650466478, 0.242456890713533, -0.247261274047552, -0.252524263626296, 
-0.566053919392197, 0.270177073640488, 0.134034117241475, 0.0552691144573855, 
0.488135826620449, 0.0503456045159889, 0.0156421294048419, -0.0516331758695666, 
-0.0921261415763596, 0.0561839639606067, 0.00378419612822483, 
0.320048159909756, -0.0586438059743317, 0.0661086535406638, -0.0129195773925251, 
-328.704753258627, 11.6334393860024, -6.68762385842669, -29.283039491365, 
48.4729569813185, -0.295236460705346, -0.131310072305731, 0.0756798547648026, 
-0.0177541872172407, 0.208198827054423, -0.058757217958881, -0.30623145621565, 
-0.120076096538585, 0.32274246409711, 0.0618496048765656, -0.064668499271636, 
0.417372857389835, 0.0139822460171697, -0.0413420278249175, -0.196886066938984, 
-0.0652023743049049, -0.360204255829927, -0.317581112232439, 
-0.195218032449731, 0.116165080121476, 0.273595754905745, 0.214041870636856, 
-388.749181254348, 2.79628514992061, 1.15192001105823, -2.77206729659743, 
-6.14167330427251, 48.1198860726961, 0.317724907209919, -0.132470893304411, 
-0.0559472135976322, 0.116239729927804, 0.0554012374854055, 0.372301696336049, 
-0.0178130763574752, -0.0569355146936695, 0.563889530653168, 
0.0415367259569149, -0.210566195983026, -0.130130350387015, -0.0512716058304568, 
0.306495138084903, -0.0370477912874445, 0.187959166783321, 0.171292763650064, 
0.12849788630005, -0.184326715621759, -0.00772747074983137, -0.0210069358905624, 
-221.317603189357, 16.3019301952679, 12.7879695700635, -22.8872802742183, 
2.17680826380665, 16.3668625991892, -42.1282938272312, -0.529101246841902, 
-0.00451452862019242, -0.272733651495241, 0.115388969343565, 
-0.255621430324518, -0.220055926209174, -0.0678650378113579, 
0.0286897203321702, 0.323208014148065, 0.00661290234966216, 0.0168925325276574, 
0.012687089958175, 0.0315621644269053, -0.148062176875907, -0.192950831273147, 
0.552530746227682, -0.0827834537478853, -0.100833028193516, 0.116945935849439, 
0.0362448119131325), .Dim = c(27L, 7L), .Dimnames = list(c("1", 
"2", "4", "5", "6", "7", "8", "9", "10", "11", "12", "13", "14", 
"15", "16", "17", "18", "19", "20", "21", "23", "25", "26", "27", 
"28", "29", "30"), c("x1", "x2", "x3", "x4", "x5", "x6", "x7"
)), assign = 1:7), qraux = c(1.19245008972988, 1.01654074437395, 
1.06210772519193, 1.1105858676205, 1.01967605784759, 1.35363193122054, 
1.10360890338706), pivot = 1:7, tol = 1e-07, rank = 7L), .Names = c("qr", 
"qraux", "pivot", "tol", "rank"), class = "qr"), df.residual = 20L, 
    xlevels = structure(list(), .Names = character(0)), call = quote(lm(formula = y ~ 
        . + 0, data = structure(list(y = c(43, 63, 61, 81, 43, 
        58, 71, 72, 67, 64, 67, 69, 68, 77, 81, 74, 65, 65, 50, 
        50, 53, 63, 66, 78, 48, 85, 82), x1 = c(1, 1, 1, 1, 1, 
        1, 1, 1, 1, 1, 1, 1, 1, 1, 1, 1, 1, 1, 1, 1, 1, 1, 1, 
        1, 1, 1, 1), x2 = c(51, 64, 63, 78, 55, 67, 75, 82, 61, 
        53, 60, 62, 83, 77, 90, 85, 60, 70, 58, 40, 66, 54, 77, 
        75, 57, 85, 82), x3 = c(30, 51, 45, 56, 49, 42, 50, 72, 
        45, 53, 47, 57, 83, 54, 50, 64, 65, 46, 68, 33, 52, 42, 
        66, 58, 44, 71, 39), x4 = c(39, 54, 47, 66, 44, 56, 55, 
        67, 47, 58, 39, 42, 45, 72, 72, 69, 75, 57, 54, 34, 50, 
        48, 63, 74, 45, 71, 59), x5 = c(50, 59, 55, 88, 54, 80, 
        66, 61, 58, 60, 51, 63, 43, 61, 70, 71, 63, 64, 62, 63, 
        60, 79, 79, 88, 51, 55, 54), x6 = c(92, 73, 84, 83, 49, 
        68, 66, 83, 80, 67, 74, 63, 77, 77, 54, 79, 80, 85, 78, 
        64, 80, 75, 76, 78, 83, 74, 78), x7 = c(45, 47, 35, 47, 
        34, 35, 41, 31, 41, 34, 41, 25, 35, 46, 36, 63, 60, 46, 
        52, 33, 37, 33, 72, 49, 38, 55, 39)), .Names = c("y", 
        "x1", "x2", "x3", "x4", "x5", "x6", "x7"),