
expected <- structure(list(coefficients = structure(c(15.3199818350747, 0.0568264366485383, 
0.0908148976598968, 0.597162607577206, 0.373750323037684, -0.00690963696493516, 
-0.368280374304514), .Names = c("x1", "x2", "x3", "x4", "x5", 
"x6", "x7")), residuals = structure(c(-7.04969073687374, 1.77305498886457, 
1.98416326065312, 9.62990805152625, -14.7431146821438, -9.6905377227795, 
3.02857083353693, -8.39248120380375, 8.59686529053247, -2.92805561926954, 
13.4199329534257, 9.38333418373009, 4.81040329078851, -2.5350130585777, 
4.23538072681115, 2.87309303092941, -3.34928216145138, -3.69856143230998, 
-10.2457226783704, 2.78942381333968, -10.6432480590993, -1.62430601169003, 
-2.76156899144563, -2.92286179401629, -6.20450612855452, 9.75294656232175, 
14.5118732939259), .Names = c("1", "2", "4", "5", "6", "7", "8", 
"9", "10", "11", "12", "13", "14", "15", "16", "17", "18", "19", 
"20", "21", "23", "25", "26", "27", "28", "29", "30")), effects = structure(c(-339.4819582835, 
4.32857142857142, 24.6754010652916, -34.1191185446408, 8.00521100049192, 
-3.35536254922908, 14.429691022124, -4.10802323613475, 9.49082086900631, 
1.64877810558261, 16.2034670864926, 17.5633531706767, 13.2242556158441, 
-3.1690663437301, 9.04207999636142, 1.08434741402858, -3.26126126729524, 
-5.47083708118695, -7.81518467485142, 7.47435521115235, -8.26979037421257, 
0.451457335158511, -5.33238974486679, -3.66608915724863, -4.55259617641271, 
10.9178611484419, 14.2919786171357), .Names = c("x1", "x2", "x3", 
"x4", "x5", "x6", "x7", "", "", "", "", "", "", "", "", "", "", 
"", "", "", "", "", "", "", "", "", "")), rank = 7L, fitted.values = structure(c(50.0496907368737, 
61.2269450111354, 59.0158367393469, 71.3700919484737, 57.7431146821438, 
67.6905377227795, 67.9714291664631, 80.3924812038038, 58.4031347094675, 
66.9280556192695, 53.5800670465743, 59.6166658162699, 63.1895967092115, 
79.5350130585777, 76.7646192731888, 71.1269069690706, 68.3492821614514, 
68.69856143231, 60.2457226783704, 47.2105761866603, 63.6432480590993, 
64.62430601169, 68.7615689914456, 80.9228617940163, 54.2045061285545, 
75.2470534376782, 67.4881267060741), .Names = c("1", "2", "4", 
"5", "6", "7", "8", "9", "10", "11", "12", "13", "14", "15", 
"16", "17", "18", "19", "20", "21", "23", "25", "26", "27", "28", 
"29", "30")), assign = 1:7, qr = structure(list(qr = structure(c(-5.19615242270663, 
0.192450089729875, 0.192450089729875, 0.192450089729875, 0.192450089729875, 
0.192450089729875, 0.192450089729875, 0.192450089729875, 0.192450089729875, 
0.192450089729875, 0.192450089729875, 0.192450089729875, 0.192450089729875, 
0.192450089729875, 0.192450089729875, 0.192450089729875, 0.192450089729875, 
0.192450089729875, 0.192450089729875, 0.192450089729875, 0.192450089729875, 
0.192450089729875, 0.192450089729875, 0.192450089729875, 0.192450089729875, 
0.192450089729875, 0.192450089729875, -365.462720397033, 70, 
-0.24487600942207, 0.240838276292215, -0.130590295136356, 0.0122668477207867, 
-0.202018866564928, -0.0305902951363562, 0.112266847720787, 0.0979811334350724, 
-0.102018866564928, 0.183695419149358, -0.24487600942207, -0.102018866564928, 
-0.316304580850642, 0.212266847720787, -0.14487600942207, -0.202018866564928, 
0.397981133435073, -0.316304580850642, -0.130590295136356, -0.24487600942207, 
-0.0305902951363562, -0.24487600942207, 0.0836954191493581, 0.197981133435072, 
-0.130590295136356, -275.588528493181, -12.7190476190476, 61.9127514380306, 
-0.0588084924516017, -0.0214700096400792, 0.120716878440308, 
-0.0521840497298235, -0.372573336070822, 0.092648783613159, -0.0394777647301916, 
0.016658424924106, -0.0866100768394331, -0.593929548981493, -0.096403906137152, 
-0.0754836953451267, -0.193847496496865, -0.282810650624868, 
0.0124229965908954, -0.220592618692716, 0.199096251517929, -0.0699252943806184, 
0.0682926758058756, -0.275662766589744, -0.190135509477, 0.102975633789513, 
-0.309822283260036, 0.140047606161718, -289.060034774273, -2.38095238095239, 
30.0275287477595, -53.6560796122714, -0.173220726087228, 0.133966784133611, 
0.0160195629024064, 0.0237387797658185, -0.0574538160209099, 
0.0632775244984595, -0.243458304810927, -0.270077847952997, -0.516791624595478, 
0.298766063256092, 0.324262562157976, 0.16247064052088, 0.237050619355511, 
0.0948961646412928, -0.144731536138861, -0.20714247172897, -0.0925990497660357, 
-0.0344577545643925, 0.0115931632571483, 0.283701217048347, -0.0864751306351172, 
0.125867569816186, 0.210342948427131, -336.210306758092, -8.40476190476189, 
19.4854161926622, -28.6067639561629, 38.9995028007923, -0.0383968604013161, 
-0.136355545697914, 0.0972473450005403, -0.0328417954739752, 
0.244484290560597, -0.0669504376872392, 0.136727864031704, 0.149655293123073, 
-0.122827457566731, 0.332205332118826, -0.0974453126378076, 0.573937052811072, 
-0.255202273256559, 0.122731728110692, 0.204878904848628, -0.00822553707009661, 
-0.160832900019969, -0.415391229552829, -0.116341753034211, 0.217056282104869, 
0.00774257363826463, 0.0289730938547694, -388.749181254348, -12.3333333333333, 
0.0212707590334134, -4.08424100378346, 13.0414072976756, 45.0688715372031, 
0.325213196612436, -0.261292420375078, -0.00393860732531643, 
0.0640015323647069, 0.0810816678066998, 0.188863454438357, -0.323420349922632, 
0.121843336481736, 0.25651880410012, 0.0670344532411081, -0.530855077550588, 
0.0188531056312602, -0.104933828831836, 0.0986000789406424, -0.0934390533113362, 
0.151228736702829, 0.304549515340979, 0.0543765043093087, -0.270256321076852, 
0.0686946090696762, 0.00598187597988293, -221.317603189357, -16.247619047619, 
16.7292382100204, -23.3133588295947, 17.5973384188967, 8.26531420316956, 
-39.1812652231985, -0.535142463613402, -0.0446074307905088, -0.182984498080212, 
0.11353067356189, -0.328896724880444, -0.191292764236127, -0.0836456716175808, 
0.0236741883416976, 0.215495555576469, 0.341474398333763, 0.0132469069695489, 
0.0287422026470824, 0.220223440335146, -0.121649411449597, -0.118997674009587, 
0.511444861009455, -0.00295056184698864, -0.0593430544734102, 
0.0274103769674059, -0.0534956375997029), .Dim = c(27L, 7L), .Dimnames = list(
    c("1", "2", "4", "5", "6", "7", "8", "9", "10", "11", "12", 
    "13", "14", "15", "16", "17", "18", "19", "20", "21", "23", 
    "25", "26", "27", "28", "29", "30"), c("x1", "x2", "x3", 
    "x4", "x5", "x6", "x7")), assign = 1:7), qraux = c(1.19245008972988, 
1.14083827629222, 1.01983739106534, 1.1919107473888, 1.13230705407979, 
1.28612622108441, 1.05211326493334), pivot = 1:7, tol = 1e-07, 
    rank = 7L), .Names = c("qr", "qraux", "pivot", "tol", "rank"
), class = "qr"), df.residual = 20L, xlevels = structure(list(), .Names = character(0)), 
    call = quote(lm(formula = y ~ . + 0, data = structure(list(y = c(43, 
        63, 61, 81, 43, 58, 71, 72, 67, 64, 67, 69, 68, 77, 81, 
        74, 65, 65, 50, 50, 53, 63, 66, 78, 48, 85, 82), x1 = c(1, 
        1, 1, 1, 1, 1, 1, 1, 1, 1, 1, 1, 1, 1, 1, 1, 1, 1, 1, 
        1, 1, 1, 1, 1, 1, 1, 1), x2 = c(55, 58, 85, 51, 77, 67, 
        82, 70, 60, 61, 75, 55, 85, 75, 90, 53, 78, 82, 40, 90, 
        77, 85, 70, 85, 62, 54, 77), x3 = c(30, 51, 45, 56, 49, 
        42, 50, 72, 45, 53, 47, 57, 83, 54, 50, 64, 65, 46, 68, 
        33, 52, 42, 66, 58, 44, 71, 39), x4 = c(39, 54, 47, 66, 
        44, 56, 55, 67, 47, 58, 39, 42, 45, 72, 72, 69, 75, 57, 
        54, 34, 50, 48, 63, 74, 45, 71, 59), x5 = c(61, 63, 54, 
        71, 54, 66, 70, 71, 62, 58, 59, 55, 59, 79, 60, 79, 55, 
        75, 64, 43, 63, 66, 88, 80, 51, 77, 64), x6 = c(92, 73, 
        84, 83, 49, 68, 66, 83, 80, 67, 74, 63, 77, 77, 54, 79, 
        80, 85, 78, 64, 80, 75, 76, 78, 83, 74, 78), x7 = c(45, 
        47, 35, 47, 34, 35, 41, 31, 41, 34, 41, 25, 35, 46, 36, 
        63, 60, 46, 52, 33, 37, 33, 72, 49, 38, 55, 39)), .Names = c("y", 
        "x1", "x2", "x3", "x4", "x5", "x6", "x7"),