
expected <- structure(list(coefficients = structure(c(2.50212466054062, 0.550566729497944, 
0.491087126079266, 0.12198317936542, 0.101483576451952, -0.411916072447451
), .Names = c("x1", "x2", "x3", "x4", "x5", "x6")), residuals = structure(c(-4.97466549676222, 
3.0097138673268, -2.15314515402822, 0.036426883327519, 5.41803294196153, 
-8.94576879908027, -9.42568509853147, 1.84739906169118, 9.03912564789256, 
3.96550780120908, 8.93244044487285, -2.89226431613626, -4.38152867528514, 
-0.888469512718219, 2.51954047923056, -2.86046503015456, -5.25670645507345, 
10.6312486579744, -1.81511396075811, -10.9566168469902, -3.05598224066918, 
5.12616221351737, 1.37643384683506, 0.374437534687106, -6.97481715563572, 
6.58541189653424, 5.7193474647627), .Names = c("1", "2", "3", 
"4", "5", "6", "7", "8", "10", "11", "13", "14", "16", "17", 
"18", "19", "20", "21", "22", "23", "24", "25", "26", "27", "28", 
"29", "30")), effects = structure(c(-331.591504604575, -52.8406667457116, 
-12.9134075060204, -2.45724594491823, -1.64588672767569, 14.5559215260215, 
-9.09504759411945, 2.67026536956364, 9.45209156180204, 5.37893353281783, 
9.3891443214166, -4.13706073338026, -3.62754166448397, 0.351473724435808, 
5.51628956857401, -3.53932520988781, -3.03883751428201, 14.0263373684914, 
-1.81439224959135, -11.50640646391, 2.98118034061837, 5.23427591608988, 
4.50346560367554, 0.189142957204571, -6.65819319230528, 7.31969057863824, 
4.55534651994523), .Names = c("x1", "x2", "x3", "x4", "x5", "x6", 
"", "", "", "", "", "", "", "", "", "", "", "", "", "", "", "", 
"", "", "", "", "")), rank = 6L, fitted.values = structure(c(47.9746654967622, 
59.9902861326732, 73.1531451540282, 60.9635731166725, 75.5819670580385, 
51.9457687990803, 67.4256850985315, 69.1526009383088, 57.9608743521074, 
60.0344921987909, 60.0675595551271, 70.8922643161363, 85.3815286752851, 
74.8884695127182, 62.4804595207694, 67.8604650301546, 55.2567064550734, 
39.3687513420256, 65.8151139607581, 63.9566168469902, 43.0559822406692, 
57.8738377864826, 64.6235661531649, 77.6255624653129, 54.9748171556357, 
78.4145881034658, 76.2806525352373), .Names = c("1", "2", "3", 
"4", "5", "6", "7", "8", "10", "11", "13", "14", "16", "17", 
"18", "19", "20", "21", "22", "23", "24", "25", "26", "27", "28", 
"29", "30")), assign = 1:6, qr = structure(list(qr = structure(c(-5.19615242270663, 
0.192450089729875, 0.192450089729875, 0.192450089729875, 0.192450089729875, 
0.192450089729875, 0.192450089729875, 0.192450089729875, 0.192450089729875, 
0.192450089729875, 0.192450089729875, 0.192450089729875, 0.192450089729875, 
0.192450089729875, 0.192450089729875, 0.192450089729875, 0.192450089729875, 
0.192450089729875, 0.192450089729875, 0.192450089729875, 0.192450089729875, 
0.192450089729875, 0.192450089729875, 0.192450089729875, 0.192450089729875, 
0.192450089729875, 0.192450089729875, -342.368709629448, -68.8379740162845, 
0.0946285258367066, -0.00705953369775985, 0.210843451018954, 
-0.123274458880007, 0.0510479288933639, 0.167262854075611, -0.0361132649933217, 
-0.152328190175569, -0.0215863993455408, 0.283477779257859, 0.385165838792325, 
0.312531510553421, -0.0506401306411026, 0.0946285258367066, -0.0796938619366645, 
-0.341177443596721, -0.0361132649933217, 0.0365210632455829, 
-0.384758040540064, -0.137801324527788, 0.196316585371173, 0.167262854075611, 
-0.0942207275844454, 0.312531510553421, 0.268950913610078, -291.176985761301, 
-32.7887498632246, -47.5169532416573, -0.127379183260035, 0.11998659948784, 
-0.109185742174257, 0.0213624988795293, -0.0810114236368902, 
-0.107046982720345, 0.205778143372679, -0.222438684778492, -0.372791429372253, 
0.124264118395663, 0.111959258671907, 0.492382487563991, 0.0119093184276551, 
0.0707671605928126, -0.167145441703188, 0.208629822644561, -0.0947421229965882, 
0.368435747690197, -0.0148391604737703, 0.0670173386847033, 0.318845863158657, 
-0.108472822356286, 0.154049499387227, -0.0679936440951628, -332.938655232684, 
-34.7369639562104, -15.4038559676888, 37.4688725248504, 0.0550530470677265, 
0.0873391644744212, -0.00734811868867923, -0.0621334036754608, 
-0.0461873541185636, 0.117948719913274, 0.0938221267158157, 0.184997903431591, 
0.508598153903647, -0.0706103372110632, 0.43895346193611, -0.213023018182219, 
-0.0466088450275271, 0.153618382354989, 0.0110835488531846, -0.000755265983030986, 
0.205649132077826, -0.197049496009258, -0.439325266492286, -0.121255105979444, 
0.194066972454193, 0.00463746089586569, 0.196781773035679, -386.632230267319, 
-8.06563862688463, 0.270842593085368, 20.1282119367986, -47.8774030266483, 
-0.546247025072889, -0.201666369295866, -0.251022400133136, 0.0645144464891032, 
-0.20348075747448, -0.245252864415074, 0.0633527510520817, -0.420208248703279, 
-0.0187672999417783, 0.0925453354140098, 0.105727468036973, 0.00223714888780479, 
-0.193255084768314, 0.0348223198532067, 0.0671626186985794, -0.39637201017178, 
-0.0776139603479398, -0.147759568600502, -0.0671181435753679, 
0.185113626915371, -0.11220311895987, 0.0470950385383938, -225.166604983954, 
-15.0934134080444, -29.7951028688193, 22.0202650112019, -7.79984947809957, 
-35.3371050552499, -0.26162960615807, -0.106506870086961, -0.016362492007257, 
-0.236400555814431, -0.257733156960488, -0.00840943906827524, 
-0.114618430434315, 0.261962224228289, 0.405391196271368, -0.143673760502849, 
0.19696534469868, 0.126047937595704, -0.204154071241626, -0.14701292066362, 
0.275142561286046, -0.334982186812282, 0.387862384936162, -0.235164102627574, 
0.0692924932004823, 0.0672601403942703, -0.0990856122822802), .Dim = c(27L, 
6L), .Dimnames = list(c("1", "2", "3", "4", "5", "6", "7", "8", 
"10", "11", "13", "14", "16", "17", "18", "19", "20", "21", "22", 
"23", "24", "25", "26", "27", "28", "29", "30"), c("x1", "x2", 
"x3", "x4", "x5", "x6")), assign = 1:6), qraux = c(1.19245008972988, 
1.00746733195002, 1.26445076271958, 1.1830494757015, 1.0995515559693, 
1.00600772857225), pivot = 1:6, tol = 1e-07, rank = 6L), .Names = c("qr", 
"qraux", "pivot", "tol", "rank"), class = "qr"), df.residual = 21L, 
    xlevels = structure(list(), .Names = character(0)), call = quote(lm(formula = y ~ 
        . + 0, data = structure(list(y = c(43, 63, 71, 61, 81, 
        43, 58, 71, 67, 64, 69, 68, 81, 74, 65, 65, 50, 50, 64, 
        53, 40, 63, 66, 78, 48, 85, 82), x1 = c(1, 1, 1, 1, 1, 
        1, 1, 1, 1, 1, 1, 1, 1, 1, 1, 1, 1, 1, 1, 1, 1, 1, 1, 
        1, 1, 1, 1), x2 = c(51, 64, 70, 63, 78, 55, 67, 75, 61, 
        53, 62, 83, 90, 85, 60, 70, 58, 40, 61, 66, 37, 54, 77, 
        75, 57, 85, 82), x3 = c(39, 54, 69, 47, 66, 44, 56, 55, 
        47, 58, 42, 45, 72, 69, 75, 57, 54, 34, 62, 50, 58, 48, 
        63, 74, 45, 71, 59), x4 = c(61, 63, 76, 54, 71, 54, 66, 
        70, 62, 58, 55, 59, 60, 79, 55, 75, 64, 43, 66, 63, 50, 
        66, 88, 80, 51, 77, 64), x5 = c(92, 73, 86, 84, 83, 49, 
        68, 66, 80, 67, 63, 77, 54, 79, 80, 85, 78, 64, 80, 80, 
        57, 75, 76, 78, 83, 74, 78), x6 = c(45, 47, 48, 35, 47, 
        34, 35, 41, 41, 34, 25, 35, 36, 63, 60, 46, 52, 33, 41, 
        37, 49, 33, 72, 49, 38, 55, 39)), .Names = c("y", "x1", 
        "x2", "x3", "x4", "x5", "x6"), row.names = c("1", "2", 
        "3", "4", "5", "6", "7", "8", "10", "11", "13", "14", 
        "16", "17", "18", "19", "20", "21", "22", "23", "24", 
        "25", "26", "27", "28", "29", "30"), class = "data.frame"))), 
    terms = y ~ x1 + x2 + x3 + x4 + x5 + x6 + 0, model = structure(list(
        y = c(43, 63, 71, 61, 81, 43, 58, 71, 67, 64, 69, 68, 
        81, 74, 65, 65, 50, 50, 64, 53, 40, 63, 66, 78, 48, 85, 
        82), x1 = c(1, 1, 1, 1, 1, 1, 1, 1, 1, 1, 1, 1, 1, 1, 
        1, 1, 1, 1, 1, 1, 1, 1, 1, 1, 1, 1, 1), x2 = c(51, 64, 
        70, 63, 78, 55, 67, 75, 61, 53, 62, 83, 90, 85, 60, 70, 
        58, 40, 61, 66, 37, 54, 77, 75, 57, 85, 82), x3 = c(39, 
        54, 69, 47, 66, 44, 56, 55, 47, 58, 42, 45, 72, 69, 75, 
        57, 54, 34, 62, 50, 58, 48, 63, 74, 45, 71, 59),