
expected <- structure(list(coefficients = structure(c(-2.29043469075271, 
0.534959223272623, 0.0917098232280422, 0.581265380410644, 0.0388043190921045, 
0.136373677662341, -0.433110835100943), .Names = c("x1", "x2", 
"x3", "x4", "x5", "x6", "x7")), residuals = structure(c(-5.71950410198328, 
2.59254378038892, -0.774720947669218, 0.760129310555267, 5.08300199915176, 
-5.21589739127542, -7.6755399882932, 4.18009300799123, 10.0834598891797, 
3.76556056549613, 6.05698280857103, -2.98331119157113, -4.34355024821601, 
-2.96462867201559, 2.88603527588227, -1.14760817471122, -3.16444276983623, 
11.5634229086673, -5.51089001135006, -11.4707675498079, -2.75975344295353, 
4.62261406494389, -0.649176278033546, -0.808936932335924, -6.85352983345065, 
7.1291917771721, 4.79049209600886), .Names = c("1", "2", "3", 
"4", "5", "6", "7", "8", "10", "11", "13", "14", "16", "17", 
"18", "19", "20", "21", "22", "23", "24", "25", "26", "27", "28", 
"29", "30")), effects = structure(c(269.375160095286, -199.996204585187, 
-4.9565780293212, 18.4107872599655, 1.42414279459967, 6.60146648621149, 
-14.9379519021545, 2.6972094682154, 6.54235497900191, 4.34549172748399, 
10.908669663647, -2.49990579173052, -4.58552646491981, -4.9695478744907, 
-4.98285546695345, -4.49659013911994, -7.62263293694356, 7.71903447183029, 
-3.85792712744649, -12.2687079901323, -6.90829354491374, 5.83668334013379, 
-1.75353783425896, -0.0127353525090759, -11.6831523792817, 5.4667637613768, 
2.43820934085626), .Names = c("x1", "x2", "x3", "x4", "x5", "x6", 
"x7", "", "", "", "", "", "", "", "", "", "", "", "", "", "", 
"", "", "", "", "", "")), rank = 7L, fitted.values = structure(c(48.7195041019833, 
60.4074562196111, 71.7747209476692, 60.2398706894447, 75.9169980008482, 
48.2158973912754, 65.6755399882932, 66.8199069920088, 56.9165401108203, 
60.2344394345039, 62.943017191429, 70.9833111915711, 85.343550248216, 
76.9646286720156, 62.1139647241177, 66.1476081747112, 53.1644427698362, 
38.4365770913327, 69.5108900113501, 64.4707675498079, 42.7597534429535, 
58.3773859350561, 66.6491762780336, 78.8089369323359, 54.8535298334506, 
77.8708082228279, 77.2095079039911), .Names = c("1", "2", "3", 
"4", "5", "6", "7", "8", "10", "11", "13", "14", "16", "17", 
"18", "19", "20", "21", "22", "23", "24", "25", "26", "27", "28", 
"29", "30")), assign = 1:7, qr = structure(list(qr = structure(c(7.6786795978064, 
-0.110260432754625, -0.335689757559545, -0.187685320561655, -0.172110694648817, 
-0.302958847314955, -0.184506902916878, -0.217002962001351, -0.154689580961965, 
-0.190722269579625, 0.0134715503430476, -0.273973372743324, -0.189897563024673, 
-0.0589466121059395, -0.375102036654942, -0.183613448777604, 
-0.346077934094541, -0.105477241375195, 0.0203313533584975, -0.113613920470043, 
-0.175694364541938, -0.043179284904316, 0.0107774942236867, -0.123091538679593, 
-0.151877292020625, -0.263849340273286, -0.0430867977990081, 
280.696411792615, -207.760738366879, -0.0221111532762133, 0.102494477591585, 
0.191350762195263, -0.0593022229916753, 0.125146871860191, 0.128896524143016, 
0.128158632583821, 0.0511140174935773, 0.312828699397491, 0.106469619074036, 
0.230085553925819, 0.346078076523158, -0.112396869263635, 0.140542153107131, 
-0.0909805810257209, 0.0797159117271966, 0.315352376839837, 0.196157274395838, 
-0.00982454090281929, 0.213731933333314, 0.38214570428296, 0.229339542735428, 
0.111913602102571, 0.126924241909936, 0.348601263493449, 238.68626529915, 
-139.187134266358, -48.8140186039073, -0.150632874629989, -0.117721322254495, 
-0.0777498418017871, -0.264424117151345, -0.245772798170354, 
-0.088353541893677, 0.14921412400306, 0.319153326320603, 0.259471079493682, 
-0.426166252648099, 0.066937119947073, 0.105129676674637, -0.223286748549972, 
0.224719697557239, 0.00937608392794637, 0.23779961416106, 0.0283725144414755, 
0.162169911582153, 0.0640160057800828, 0.292017419883298, 0.0161741032126388, 
-0.0502506526636008, -0.00361487197063787, -0.386911262578717, 
245.512104838623, -158.993625936267, -12.8603517514767, 48.9534946880774, 
-0.0598965972848143, 0.115935545110139, -0.0734763078170713, 
0.0984002118513893, 0.0602975902860166, -0.186585983197499, 0.224365437365443, 
0.638830919470777, -0.0910660227108857, -0.0110923940406258, 
-0.332803774931074, -0.0326624959436336, 0.0898589181389469, 
0.000501718083051304, -0.232435852041202, 0.095199056431151, 
-0.443116662258174, -0.0812887533264679, 0.0240729148001152, 
-0.251896310317772, 0.0497887269937091, 0.0411913306092276, -0.0224156478595877, 
266.868043143679, -199.605075499018, -21.2603887222569, 26.2762492364344, 
-38.6369768633394, 0.282180388463127, 0.281090955939747, 0.285755243565546, 
0.247731635368502, 0.011589044296109, -0.278017362043503, -0.274947852422026, 
-0.325197200124937, -0.133598746646867, -0.21199632523972, 0.428015776385596, 
0.213246502838694, 0.144425959298346, -0.178900103679306, 0.0520018326655313, 
0.0347175704059008, 0.263817540268059, 0.101140080132997, 0.0697270260805638, 
0.0239981492230242, -0.00339756578715054, -0.0767695453977835, 
310.244551928651, -220.645478331281, -27.0593323548994, 25.1665355161044, 
-43.5363276961939, 63.6389588530823, 0.0312717790703113, 0.207004557277315, 
-0.145230711568681, -0.131589307817552, 0.0872322860712045, 0.0606958536663881, 
0.0407392913711568, 0.127663898674099, -0.524624638435695, -0.0350284380655454, 
-0.0705659280692453, -0.24789821580169, -0.186991261817033, -0.114654876574085, 
-0.223697251333265, -0.017630078515391, 0.419537337277801, 0.0596205472932214, 
-0.414484354076451, 0.161916126643065, -0.169767669647206, 185.774261728628, 
-125.061315884763, -26.5765685925946, 33.4691913473306, -20.4581201283885, 
4.79602957682092, 34.4899057966837, 0.0096258465684556, -0.0574232108947627, 
0.275606965703083, 0.32495744973376, -0.031525046838118, 0.10457539988575, 
-0.293171416518172, -0.377160296305543, 0.019427901040484, -0.242743153186129, 
-0.118577703176472, 0.260904165389821, 0.108756069971096, -0.192067271717035, 
0.314489522871563, -0.419679339009996, 0.213499526331009, -0.106036497770974, 
-0.124611018724805, 0.0310592366091146), .Dim = c(27L, 7L), .Dimnames = list(
    c("1", "2", "3", "4", "5", "6", "7", "8", "10", "11", "13", 
    "14", "16", "17", "18", "19", "20", "21", "22", "23", "24", 
    "25", "26", "27", "28", "29", "30"), c("x1", "x2", "x3", 
    "x4", "x5", "x6", "x7")), assign = 1:7), qraux = c(1.03368781669954, 
1.19011754127926, 1.06860983305742, 1.08899461696462, 1.01222481958774, 
1.20188381018761, 1.19084111163799), pivot = 1:7, tol = 1e-07, 
    rank = 7L), .Names = c("qr", "qraux", "pivot", "tol", "rank"
), class = "qr"), df.residual = 20L, xlevels = structure(list(), .Names = character(0)), 
    call = quote(lm(formula = y ~ . + 0, data = structure(list(y = c(43, 
        63, 71, 61, 81, 43, 58, 71, 67, 64, 69, 68, 81, 74, 65, 
        65, 50, 50, 64, 53, 40, 63, 66, 78, 48, 85, 82), x1 = c(-0.25867795078543, 
        0.846654535438241, 2.57765409256505, 1.44117544180453, 
        1.32158287956416, 2.32632391985229, 1.41676939108228, 
        1.66629621698333, 1.18781172932586, 1.4644952002684, 
        -0.103443718769981, 2.10375374762637, 1.45816254287071, 
        0.452632147737685, 2.88028835595793, 1.40990884301146, 
        2.65742157178274, 0.809925941380608, -0.156117948229687, 
        0.872404893140121, 1.34910073245774, 0.331559894042641, 
        -0.0827569250108997, 0.945180486721588, 1.16621706360886, 
        2.02601454605116, 0.330849715194053), x2 = c(51, 64, 
        70, 63, 78, 55, 67, 75, 61, 53, 62, 83, 90, 85, 60, 70, 
        58, 40, 61, 66, 37, 54, 77, 75, 57, 85, 82), x3 = c(30, 
        51, 68, 45, 56, 49, 42, 50, 45, 53, 57, 83, 50, 64, 65, 
        46, 68, 33, 52, 52, 42, 42, 66, 58, 44, 71, 39), x4 = c(39, 
        54, 69, 47, 66, 44, 56, 55, 47, 58, 42, 45, 72, 69, 75, 
        57, 54, 34, 62, 50, 58, 48, 63, 74, 45, 71, 59),