
expected <- structure(list(coefficients = structure(c(17.5744148259996, 0.595366994431507, 
-0.0822258832954418, 0.140264348664561, 0.0547903707618715, 0.0528449660979706, 
-0.0840954826490078), .Names = c("x1", "x2", "x3", "x4", "x5", 
"x6", "x7")), residuals = structure(c(1.67759582635591, 2.14990864836485, 
-0.924537498885295, -9.96451698049766, -8.13160015194767, 0.705968274127815, 
-3.37305371544412, 6.62792176681768, 8.24371203034619, 10.0004420178181, 
9.90924285981578, -0.480701597804912, 2.97390430575757, 0.993490144397081, 
-4.99719742532645, 2.39888695074434, -3.19548940210824, -6.67137739228427, 
3.59245884528129, 0.703039479783768, -9.91253350843128, -6.08403266527587, 
7.71504431646483, -6.21727432747495, 4.60080489771934, -10.105007605177, 
7.76490190686322), .Names = c("2", "3", "4", "6", "7", "8", "9", 
"10", "11", "12", "13", "14", "15", "16", "17", "18", "19", "20", 
"21", "22", "23", "24", "25", "26", "27", "28", "29")), effects = structure(c(-333.516005501874, 
-45.8271796854879, -2.82732660593055, 9.77007444774788, -2.39921901489119, 
2.83596409687574, -3.88524877230089, 8.66082800290057, 6.3178100552845, 
12.9406734395399, 13.2213561710513, 1.46743167514392, 0.747567847289206, 
-6.82964746294756, -4.56404429831205, -4.11001807265946, -1.64013412095529, 
-6.09520968804573, 6.7093367129913, 0.269684288693327, -8.79566298442903, 
-10.1321817245337, 8.95335105967658, -2.86743519909632, 2.80674318159797, 
-8.78637634593856, 6.23820510480352), .Names = c("x1", "x2", 
"x3", "x4", "x5", "x6", "x7", "", "", "", "", "", "", "", "", 
"", "", "", "", "", "", "", "", "", "", "", "")), rank = 7L, 
    fitted.values = structure(c(61.3224041736441, 68.8500913516352, 
    61.9245374988853, 52.9645169804977, 66.1316001519477, 70.2940317258722, 
    75.3730537154441, 60.3720782331823, 55.7562879696538, 56.9995579821819, 
    59.0907571401842, 68.4807015978049, 74.0260956942424, 80.0065098556029, 
    78.9971974253264, 62.6011130492557, 68.1954894021082, 56.6713773922843, 
    46.4075411547187, 63.2969605202162, 62.9125335084313, 46.0840326652759, 
    55.2849556835352, 72.217274327475, 73.3991951022807, 58.105007605177, 
    77.2350980931368), .Names = c("2", "3", "4", "6", "7", "8", 
    "9", "10", "11", "12", "13", "14", "15", "16", "17", "18", 
    "19", "20", "21", "22", "23", "24", "25", "26", "27", "28", 
    "29")), assign = 1:7, qr = structure(list(qr = structure(c(-5.19615242270663, 
    0.192450089729875, 0.192450089729875, 0.192450089729875, 
    0.192450089729875, 0.192450089729875, 0.192450089729875, 
    0.192450089729875, 0.192450089729875, 0.192450089729875, 
    0.192450089729875, 0.192450089729875, 0.192450089729875, 
    0.192450089729875, 0.192450089729875, 0.192450089729875, 
    0.192450089729875, 0.192450089729875, 0.192450089729875, 
    0.192450089729875, 0.192450089729875, 0.192450089729875, 
    0.192450089729875, 0.192450089729875, 0.192450089729875, 
    0.192450089729875, 0.192450089729875, -343.908310347287, 
    -67.2761032913922, -0.0421028710864252, -0.16101582247051, 
    0.0173536046056173, 0.136266555989702, 0.240315388450777, 
    -0.0718311089324464, -0.190744060316531, -0.0866952278554571, 
    -0.0569669900094358, 0.255179507373787, 0.165994793835724, 
    0.359228339834862, 0.284907745219808, -0.0866952278554571, 
    0.0619459613746492, -0.116423465701478, -0.38397760631567, 
    -0.0718311089324464, 0.00248948568260667, -0.428569963084701, 
    -0.175879941393521, 0.165994793835724, 0.136266555989702, 
    -0.131287584624489, 0.284907745219808, -282.709181813187, 
    -36.8030079304512, 46.9047665572452, -0.0611248653510839, 
    0.270548232368535, 0.221612896213294, -0.141002445516607, 
    0.115371580928528, -0.176809800349899, 0.0575291134291201, 
    -0.125263079326525, -0.360317310932056, 0.166739472495275, 
    0.44965606351628, 0.0751645466608243, -0.326227193683757, 
    0.230877686470715, -0.420592333842968, 0.0519486847795985, 
    -0.0338669829487023, 0.0421474061522932, -0.185538102237438, 
    0.0729108207059471, -0.0890980655799771, 0.0510545374964592, 
    0.0758798644873358, -0.0740740172164058, -293.87128701752, 
    -33.9678148766177, 8.65095721368538, 48.6211390082697, -0.0587193222030677, 
    0.083686816614506, 0.0349793870888135, 0.0898999650193316, 
    -0.160589001185979, 0.257505525574979, 0.275058221743037, 
    0.563680488069739, -0.22329697497344, -0.128997021398142, 
    -0.0275578357153437, -0.373125503892762, -0.0274975862114396, 
    0.0588222318240993, 0.0923399585590692, -0.175912621133539, 
    0.116546382071625, -0.373770335132734, -0.0128790470077565, 
    0.0349994702567816, -0.258295198339626, 0.0884128033691762, 
    -0.0259970064122555, -335.440506399173, -38.1446322939837, 
    2.79399501774129, 16.9433736810265, -36.479711813135, 0.0812892749230983, 
    -0.14581047142189, 0.10452663123928, -0.0541116618666219, 
    0.109140947644488, -0.0786925208474974, -0.290045866391337, 
    0.12291073052868, -0.524479386135571, 0.0426281205645648, 
    -0.415376334890659, 0.261294415036636, 0.0586875518273713, 
    -0.0303869572671198, 0.0426394687616735, 0.0300517964425614, 
    -0.0754831700613124, 0.285770154765615, 0.429640743106909, 
    0.140429171622168, -0.131763752497732, -0.0511357064154046, 
    -382.975678562452, -12.3443755040988, 11.0852083455286, 1.89702095288471, 
    -16.4600759798777, 43.4031264913097, -0.133910022797576, 
    -0.206745081534838, 0.112518349655594, -0.154170031355739, 
    0.0685875885620879, -0.264510090780803, 0.140278646123688, 
    0.603040525168371, 0.0501699136585359, -0.104613910644536, 
    -0.163428956433101, -0.18251489154994, -0.0340909104170918, 
    -0.095875255572869, -0.194519988351356, 0.31040548450386, 
    -0.0636911624394215, 0.102120577723544, 0.120380090322688, 
    -0.354302188161949, 0.145088554846545, -227.668456150442, 
    15.3706000122391, 10.9737536067912, -22.8511717753229, -5.58115683481243, 
    -6.44894745607296, 46.2004456115305, 0.0261928577394311, 
    0.0565695463605922, -0.106000180132601, 0.482464146442708, 
    -0.0100154862627559, -0.159268886010982, -0.264518967316263, 
    0.282515032968799, 0.124314319333461, -0.106052963417937, 
    -0.0565715001247024, 0.517695457230114, 0.210223697496495, 
    -0.0569309986716246, 0.0148720705343634, -0.301221067399952, 
    0.0868235869565484, 0.00217986424603786, 0.265518712885173, 
    0.0470982906374781), .Dim = c(27L, 7L), .Dimnames = list(
        c("2", "3", "4", "6", "7", "8", "9", "10", "11", "12", 
        "13", "14", "15", "16", "17", "18", "19", "20", "21", 
        "22", "23", "24", "25", "26", "27", "28", "29"), c("x1", 
        "x2", "x3", "x4", "x5", "x6", "x7")), assign = 1:7), 
        qraux = c(1.19245008972988, 1.06194596137465, 1.14577733656893, 
        1.12121545183186, 1.06702475408641, 1.22651062456262, 
        1.24554436937886), pivot = 1:7, tol = 1e-07, rank = 7L), .Names = c("qr", 
    "qraux", "pivot", "tol", "rank"), class = "qr"), df.residual = 20L, 
    xlevels = structure(list(), .Names = character(0)), call = quote(lm(formula = y ~ 
        . + 0, data = structure(list(y = c(63, 71, 61, 43, 58, 
        71, 72, 67, 64, 67, 69, 68, 77, 81, 74, 65, 65, 50, 50, 
        64, 53, 40, 63, 66, 78, 48, 85), x1 = c(1, 1, 1, 1, 1, 
        1, 1, 1, 1, 1, 1, 1, 1, 1, 1, 1, 1, 1, 1, 1, 1, 1, 1, 
        1, 1, 1, 1), x2 = c(64, 70, 63, 55, 67, 75, 82, 61, 53, 
        60, 62, 83, 77, 90, 85, 60, 70, 58, 40, 61, 66, 37, 54, 
        77, 75, 57, 85), x3 = c(51, 68, 45, 49, 42, 50, 72, 45, 
        53, 47, 57, 83, 54, 50, 64, 65, 46, 68, 33, 52, 52, 42, 
        42, 66, 58, 44, 71), x4 = c(54, 69, 47, 44, 56, 55, 67, 
        47, 58, 39, 42, 45, 72, 72, 69, 75, 57, 54, 34, 62, 50, 
        58, 48, 63, 74, 45, 71), x5 = c(63, 76, 54, 54, 66, 70, 
        71, 62, 58, 59, 55, 59, 79, 60, 79, 55, 75, 64, 43, 66, 
        63, 50, 66, 88, 80, 51, 77),