
expected <- structure(list(coefficients = structure(c(-1.26558580842285, 
0.157603173809398, 0.33515904824595, -0.135325808247417, 0.270534134221448, 
0.389856424367867, 0.0402339878822743), .Names = c("x1", "x2", 
"x3", "x4", "x5", "x6", "x7")), residuals = structure(c(-26.5474934630974, 
8.85713414574331, 4.44471458466199, 6.63350601541104, 9.96480661807892, 
-23.1351792115125, 4.26331573223939, -4.35804043422901, -5.6583670236796, 
0.268646745694393, -0.63368412088508, -0.78137899502627, 3.92165876651134, 
4.62232756779833, 12.8367040818196, -8.64021760693576, 0.599545134641755, 
-9.47453610568533, -9.90899140700433, 5.01293891247625, -18.809233208655, 
2.21832027764038, -0.367458929009227, 15.4039941208488, -7.83792416263709, 
25.5152558455616, 16.0302463381143), .Names = c("1", "2", "3", 
"4", "5", "6", "8", "9", "10", "12", "13", "14", "15", "16", 
"17", "18", "19", "20", "21", "22", "24", "25", "26", "27", "28", 
"29", "30")), effects = structure(c(-247.98096368937, -218.823900376986, 
60.5538046276247, -18.9215223573902, -36.4365238024072, -31.7799035177418, 
2.05223924665016, 5.26313491767929, -3.33907612992981, -4.16102166700311, 
8.13849821142388, 1.05003276134361, 17.6020801344191, 12.3489055921512, 
21.8035436873239, 1.39732912372617, -0.57219921575002, -3.4200519668642, 
-20.0635777092833, 6.78018518822851, -17.753397266007, 4.45784355705468, 
-2.0780320473336, 16.9521873358951, -9.68123104208709, 31.4044785238263, 
19.4042035269467), .Names = c("x1", "x2", "x3", "x4", "x5", "x6", 
"x7", "", "", "", "", "", "", "", "", "", "", "", "", "", "", 
"", "", "", "", "", "")), rank = 7L, fitted.values = structure(c(69.5474934630974, 
54.1428658542567, 66.555285415338, 54.366493984589, 71.0351933819211, 
66.1351792115125, 66.7366842677606, 76.358040434229, 72.6583670236796, 
66.7313532543056, 69.6336841208851, 68.7813789950263, 73.0783412334887, 
76.3776724322017, 61.1632959181804, 73.6402176069358, 64.4004548653582, 
59.4745361056853, 59.9089914070043, 58.9870610875237, 58.809233208655, 
60.7816797223596, 66.3674589290092, 62.5960058791512, 55.8379241626371, 
59.4847441544384, 65.9697536618856), .Names = c("1", "2", "3", 
"4", "5", "6", "8", "9", "10", "12", "13", "14", "15", "16", 
"17", "18", "19", "20", "21", "22", "24", "25", "26", "27", "28", 
"29", "30")), assign = 1:7, qr = structure(list(qr = structure(c(-7.44083215750715, 
-0.0441397625123388, 0.266662902422915, 0.265900573160556, -0.131684092978913, 
-0.0458855376056684, 0.026014704397814, 0.302393465693796, -0.147677303567264, 
0.201795424444448, 0.0350631326131356, 0.0743304436095105, 0.255650634995476, 
0.0126647878057237, 0.143126883340605, 0.184796659423023, 0.194053615382163, 
0.219315378297521, 0.231554149403921, 0.144228190428426, 0.153139243462917, 
0.247098797918107, 0.0630331810184809, 0.229543969800281, 0.212033080982692, 
0.228933390324105, 0.224812864073958, -264.13777824446, -243.510234084896, 
0.0278218982997409, -0.00833658130311602, 0.290300196259125, 
0.282286731291892, 0.309408755249683, -0.0631047994930301, 0.426195206321057, 
0.0590164528773276, 0.312221699437948, 0.131340389439646, -0.0591663840818803, 
0.245409576877831, 0.124764037465433, 0.142582117167753, 0.046617482547547, 
0.044715454664154, 0.0770292460039835, 0.111287121934984, 0.188163265923063, 
-0.0953539078543116, 0.30336756727643, -0.0317370254664542, 0.0154072771023728, 
0.0962092001005373, 0.100538492691319, -208.661579111542, -159.071729506828, 
84.655361758039, 0.079071177328721, -0.511875205398337, -0.0209676221514841, 
-0.165622193085426, -0.350459442683626, -0.189502617668394, 0.0965048682236236, 
-0.162390064614781, -0.138426967208559, -0.0679296509736926, 
-0.307173465731474, 0.065399826532365, 0.173741413793577, -0.203368748549924, 
-0.192251665058469, 0.235193167768342, -0.132055368898373, 0.162352129944194, 
-0.315791208573458, 0.17424479262965, 0.115931127627267, 0.0235776125211475, 
0.131527809087929, 0.105226774245829, -217.392721386136, -201.713779099011, 
35.2550824849798, -77.8012542887473, 0.268103577154142, 0.150472504480935, 
0.0267021616496358, -0.323629931751386, -0.139939296233624, -0.0504224712289109, 
-0.466906415925647, 0.316076596638459, -0.164661346631112, -0.0759009992863421, 
0.202504385834784, -0.188315857124472, 0.123341874623813, -0.245685893568969, 
0.00524015732393969, -0.0575782621117673, 0.139558510297811, 
0.200196429153208, 0.107201020214422, 0.187833261727852, 0.226122269005791, 
0.0667835724456186, -0.331278702364137, -254.256824517535, -212.332625208766, 
55.8056982510388, -54.183782431631, -75.0677375596808, 0.189025607047461, 
-0.12402112064645, 0.115487452408042, 0.139048301099341, 0.476971554617097, 
-0.192494600251541, 0.13690733179232, 0.290013486276454, -0.00956643768771644, 
-0.219035934924789, 0.0825753011693578, 0.0443290031723371, -0.129001088422479, 
0.399294301165105, -0.0358986345336951, -0.241227790927527, 0.0993238596484356, 
-0.0915682156460832, 0.341105106266228, 0.0925070300098973, -0.271047286203859, 
0.156644772521625, -255.809978501059, -234.429246230634, 54.4350669927057, 
-35.4113911876512, -38.7660526955756, -79.7197179189892, -0.220821695053831, 
-0.123559915313507, 0.236562182877658, -0.211352898601225, 0.0859619196467606, 
0.189432498571697, 0.33757736443238, 0.231380107312416, 0.365103473337374, 
0.314600912974089, -0.218115929089878, -0.149071691979845, -0.426333365450304, 
-0.112078308240453, 0.023154388746491, -0.140578270622956, 0.0408880629725298, 
0.0928033247118733, -0.117829656821816, 0.0898191058145685, -0.102921187617125, 
-167.488720172836, -138.979380886063, 15.7207842999302, -24.5096001984461, 
-25.226028450186, -17.414613243904, 51.0076021461026, -0.272685899969489, 
0.350010720399706, -0.0949178120906233, -0.357290297997453, 0.230150965669847, 
0.0801287232649174, 0.176824952750434, 0.300235554694898, -0.0541159775981606, 
0.118003113143986, -0.241733049448107, 0.0510248425693511, -0.023251467144365, 
-0.144351593297664, 0.123398428255852, -0.278429388233297, -0.494152482102412, 
0.128845063685525, 0.0392819297103054, -0.00305331081169696), .Dim = c(27L, 
7L), .Dimnames = list(c("1", "2", "3", "4", "5", "6", "8", "9", 
"10", "12", "13", "14", "15", "16", "17", "18", "19", "20", "21", 
"22", "24", "25", "26", "27", "28", "29", "30"), c("x1", "x2", 
"x3", "x4", "x5", "x6", "x7")), assign = 1:7), qraux = c(1.32554568273744, 
1.3954374069032, 1.0834473070216, 1.00833810994162, 1.12343265516819, 
1.25504906679612, 1.17694833203076), pivot = 1:7, tol = 1e-07, 
    rank = 7L), .Names = c("qr", "qraux", "pivot", "tol", "rank"
), class = "qr"), df.residual = 20L, xlevels = structure(list(), .Names = character(0)), 
    call = quote(lm(formula = y ~ . + 0, data = structure(list(y = c(43, 
        63, 71, 61, 81, 43, 71, 72, 67, 67, 69, 68, 77, 81, 74, 
        65, 65, 50, 50, 64, 40, 63, 66, 78, 48, 85, 82), x1 = c(2.42233078485034, 
        -0.328436564326539, 1.98419389956262, 1.97852153547265, 
        -0.979839233669655, -0.341426583780761, 0.193571049051297, 
        2.25005902375443, -1.09884202931724, 1.50152588344405, 
        0.260898884690757, 0.553080355091418, 1.90225346596146, 
        0.0942365603728335, 1.06498311616455, 1.37504092603473, 
        1.44392038161612, 1.63188891947204, 1.72295556108891, 
        1.0731777573589, 1.13948340733519, 1.83862068163041, 
        0.469019320312282, 1.70799815205178, 1.57770256743133, 
        1.70345493265074, 1.67279478842279), x2 = c(75, 85, 75, 
        66, 37, 57, 82, 62, 66, 66, 85, 51, 51, 63, 67, 82, 61, 
        67, 78, 64, 85, 40, 90, 51, 58, 82, 82), x3 = c(65, 33, 
        52, 47, 58, 33, 64, 83, 47, 42, 66, 46, 50, 64, 42, 44, 
        64, 68, 39, 57, 45, 64, 42, 33, 44, 50, 52), x4 = c(72, 
        63, 57, 54, 69, 58, 75, 42, 48, 48, 39, 72, 34, 57, 69, 
        47, 69, 45, 57, 54, 75, 63, 75, 54, 66, 69, 39), x5 = c(62, 
        63, 64, 55, 80, 70, 71, 71, 66, 88, 43, 79, 66, 66, 50, 
        60, 77, 50, 88, 59, 55, 75, 66, 77, 71, 50, 63),