
expected <- structure(list(coefficients = structure(c(-0.484348667978824, 
0.547761350065269, -0.065914841798906, 0.290619697171502, 0.155023414197626, 
0.18924430186805, -0.199389902406253), .Names = c("x1", "x2", 
"x3", "x4", "x5", "x6", "x7")), residuals = structure(c(1.24240535013463, 
-0.438876818983682, -0.532767809317303, -7.7146616684499, -7.4336303728105, 
2.15653645191606, -7.085121203778, 5.7853672556494, 6.48331256187623, 
11.6499366552865, 11.2523497861648, -1.54280892283283, 0.73178778339896, 
1.77568507410731, -2.51368654911172, 3.58586788015316, -4.71775982001006, 
-6.5052886135162, 9.02040195327544, -0.680603075621055, -12.0825725000786, 
-2.57077246073498, 5.28509726812274, -3.57767085316559, 2.66954514499524, 
-8.67252703797337, 8.33687004148021), .Names = c("2", "3", "4", 
"6", "7", "8", "9", "10", "11", "12", "13", "14", "15", "16", 
"17", "18", "19", "20", "21", "22", "23", "24", "25", "26", "27", 
"28", "29")), effects = structure(c(244.844197130084, -230.372783671816, 
3.34457533023993, 14.5454637459771, -7.80167335379003, 9.89217523197733, 
-7.6754296865576, 7.27608883978074, 6.54398479351077, 13.9643239056173, 
14.0936161748962, 0.892232573380678, 0.288940023287556, -3.67728530858287, 
-4.82051987070323, -2.43209305950246, -2.97851185730928, -5.82510478838854, 
10.1322698943752, -0.349845675450822, -10.2834227561951, -6.08939936363368, 
8.86637402152183, -3.85949912662811, 2.04499405785373, -8.04367529540637, 
6.52289842218112), .Names = c("x1", "x2", "x3", "x4", "x5", "x6", 
"x7", "", "", "", "", "", "", "", "", "", "", "", "", "", "", 
"", "", "", "", "", "")), rank = 7L, fitted.values = structure(c(61.7575946498654, 
71.4388768189837, 61.5327678093173, 50.7146616684499, 65.4336303728105, 
68.8434635480839, 79.085121203778, 61.2146327443506, 57.5166874381238, 
55.3500633447135, 57.7476502138352, 69.5428089228328, 76.268212216601, 
79.2243149258927, 76.5136865491117, 61.4141321198468, 69.7177598200101, 
56.5052886135162, 40.9795980467246, 64.6806030756211, 65.0825725000786, 
42.570772460735, 57.7149027318773, 69.5776708531656, 75.3304548550048, 
56.6725270379734, 76.6631299585198), .Names = c("2", "3", "4", 
"6", "7", "8", "9", "10", "11", "12", "13", "14", "15", "16", 
"17", "18", "19", "20", "21", "22", "23", "24", "25", "26", "27", 
"28", "29")), assign = 1:7, qr = structure(list(qr = structure(c(7.05377843606325, 
-0.2812951835031, -0.280491023840107, 0.0484033609611522, -0.261722270884361, 
-0.0274421787990452, -0.318986348118158, 0.155780627259184, 0.0677334398363596, 
-0.212868308390199, -0.0369871108166485, -0.0784090909722556, 
-0.2696786528247, -0.0133597278716664, -0.150980517153715, -0.194936790047824, 
-0.204701692107865, -0.231349614148471, -0.244259949005501, -0.152142254975313, 
0.0873169873008646, -0.161542273784707, -0.260657560808864, -0.066491926924493, 
-0.242139467171161, -0.223667723863447, -0.241495384082612, 250.092469550884, 
-245.464369459073, 0.053470090179297, 0.259128260358737, 0.0833617256580809, 
0.285664348589684, 0.102988577922362, 0.361355284722647, 0.264983051418869, 
0.0902339162272038, 0.225789203984073, 0.281335458791539, 0.118337272319057, 
0.35697427139236, 0.236912900254733, 0.103223419027619, 0.136888882698915, 
0.0686983281121667, -0.0139842526953925, 0.138297478644684, 0.332130119180683, 
0.0337142872162435, 0.031172153074225, 0.265524727095313, 0.130138699545189, 
0.0701891402487233, 0.171344380344533, 207.652567055421, -194.609330884962, 
49.8660177656216, -0.0683338089245292, 0.284227382555108, 0.247786108763763, 
-0.065239435462009, 0.107579088591121, -0.182631331524975, 0.0654143564169105, 
-0.108772246580357, -0.278700697942522, 0.210482476757925, 0.497105547671502, 
0.138511628803737, -0.296263128233449, 0.251729440306119, -0.388299083050558, 
0.0142404031101816, -0.0206010479714993, 0.0532069991256833, 
-0.219494901718369, 0.0676249652062764, -0.0382100617970083, 
0.0958598128643602, 0.0760278621385572, 0.00172052820570522, 
221.768625523164, -195.088749049549, 14.4203354161056, 50.0410896597581, 
-0.0571468741553624, 0.0456208113360044, 0.125872279739364, -0.0189893258311946, 
-0.230525883160518, 0.241521852243453, 0.236484438379519, 0.602075995959315, 
-0.180318014724823, -0.150486522523622, 0.00807562351594769, 
-0.337904401284351, -0.0301592921105307, 0.0955407302398295, 
0.0407387986168676, -0.183675426899089, 0.043886525412092, -0.417204007467254, 
-0.0251409603886632, 0.0438903877168682, -0.214838341795051, 
0.070846077689421, 0.0475082097918848, 248.916085552893, -226.814839057205, 
10.801981268762, 22.2503233502765, -39.8127046048939, 0.0844580976092643, 
-0.207014643897828, 0.16508160876824, 0.00831674137539711, 0.15377341364354, 
-0.0328660979508426, -0.325576851560477, 0.0804432995366552, 
-0.520261628374014, -0.0190896434554131, -0.391566193053355, 
0.255429698390574, 0.0599083004107774, 0.0991914488671799, 0.0635321387234374, 
0.0661818108641368, 0.031058927317611, 0.326744321295285, 0.36105560909183, 
0.0937901694960581, -0.0611678993317504, -0.124573819498809, 
289.590602122504, -244.901413956451, 29.0913097995801, 14.6654134357034, 
-33.3665384952205, 55.5866535798704, 0.0313517239650857, -0.321281482913942, 
-0.116837307862946, -0.164107420860836, -0.048825788561539, -0.129843918598269, 
0.208317038205743, 0.376627862756689, 0.167631699158487, -0.228433437883825, 
-0.0769847794505203, -0.137470247250167, -0.276907410681094, 
-0.139882858534011, -0.256253573736396, -0.0411664709239134, 
-0.0884546214501484, 0.251363653390715, 0.190432619995482, -0.417902281362161, 
0.266858191851555, 164.925307089851, -147.750252871255, 23.768867339694, 
31.2058410280145, -23.4949476841544, 3.14600794902998, 38.4945756727392, 
-0.0459548964554687, 0.279029582686968, -0.236423786004415, 0.211088947673969, 
-0.0441054507789614, 0.102316967695367, 0.0257445012351355, -0.376021510128374, 
-0.303598688420927, -0.0565415332545525, -0.193728461540471, 
-0.172042581115555, 0.129530478513386, 0.0718049446704542, -0.167817956825519, 
0.179229638352527, -0.470292610657658, 0.0996478989882973, -0.168492273306746, 
-0.166677450303799), .Dim = c(27L, 7L), .Dimnames = list(c("2", 
"3", "4", "6", "7", "8", "9", "10", "11", "12", "13", "14", "15", 
"16", "17", "18", "19", "20", "21", "22", "23", "24", "25", "26", 
"27", "28", "29"), c("x1", "x2", "x3", "x4", "x5", "x6", "x7"
)), assign = 1:7), qraux = c(1.0465617919961, 1.08140493806156, 
1.15817563106123, 1.0416954148392, 1.08887687103997, 1.16995467511232, 
1.36484560980136), pivot = 1:7, tol = 1e-07, rank = 7L), .Names = c("qr", 
"qraux", "pivot", "tol", "rank"), class = "qr"), df.residual = 20L, 
    xlevels = structure(list(), .Names = character(0)), call = quote(lm(formula = y ~ 
        . + 0, data = structure(list(y = c(63, 71, 61, 43, 58, 
        71, 72, 67, 64, 67, 69, 68, 77, 81, 74, 65, 65, 50, 50, 
        64, 53, 40, 63, 66, 78, 48, 85), x1 = c(-0.328436564326539, 
        1.98419389956262, 1.97852153547265, -0.341426583780761, 
        1.84613091060161, 0.193571049051297, 2.25005902375443, 
        -1.09884202931724, -0.477776677318101, 1.50152588344405, 
        0.260898884690757, 0.553080355091418, 1.90225346596146, 
        0.0942365603728335, 1.06498311616455, 1.37504092603473, 
        1.44392038161612, 1.63188891947204, 1.72295556108891, 
        1.0731777573589, -0.615914682124847, 1.13948340733519, 
        1.83862068163041, 0.469019320312282, 1.70799815205178, 
        1.57770256743133, 1.70345493265074), x2 = c(64, 70, 63, 
        55, 67, 75, 82, 61, 53, 60, 62, 83, 77, 90, 85, 60, 70, 
        58, 40, 61, 66, 37, 54, 77, 75, 57, 85), x3 = c(51, 68, 
        45, 49, 42, 50, 72, 45, 53, 47, 57, 83, 54, 50, 64, 65, 
        46, 68, 33, 52, 52, 42, 42, 66, 58, 44, 71), x4 = c(54, 
        69, 47, 44, 56, 55, 67, 47, 58, 39, 42, 45, 72, 72, 69, 
        75, 57, 54, 34, 62, 50, 58, 48, 63, 74, 45, 71),