
expected <- structure(list(coefficients = structure(c(14.5921349846114, 0.601107601530887, 
-0.0503420110446265, 0.212353662735449, 0.0415116203129724, -0.0984918520884618
), .Names = c("x1", "x2", "x3", "x4", "x5", "x6")), residuals = structure(c(0.724909093665183, 
2.77232084469748, -0.703382454956887, -12.3387387396657, -8.14289692203215, 
0.275538056292684, -3.72766064038234, 5.55700104000395, 8.46822069099926, 
7.14492337370827, 8.17630112206187, -4.58372503736526, 3.39933936978998, 
3.38814084399724, -2.31476308713294, 8.52276969125629, -4.2783218194128, 
-7.74008361324886, 4.48712723989046, 2.05998046637454, -11.7024639614274, 
-2.8764965196572, 4.18393685150165, -6.30543968768057, 5.84453289024722, 
-9.17303069203149, 8.88196160050751), .Names = c("2", "3", "4", 
"6", "7", "8", "9", "10", "11", "12", "13", "14", "15", "16", 
"17", "18", "19", "20", "21", "22", "23", "24", "25", "26", "27", 
"28", "29")), effects = structure(c(-333.516005501874, -45.8271796854879, 
-2.82732660593055, 6.29152872570006, 1.87955190118005, -4.09905486468704, 
-5.00756654259267, 3.95244641485941, 8.55598450629639, 6.96905705450222, 
10.2506893668687, -2.54210089593033, 1.79091986867939, 10.1733425423675, 
-2.58427412213936, 8.72039215991467, -7.55223738144333, -9.20705613683953, 
5.82067631129456, -0.177275121361306, -12.9791483409388, -1.17385024338219, 
1.6147851837522, -8.15752686372415, 3.77198896234154, -10.1424595882748, 
9.52839197776819), .Names = c("x1", "x2", "x3", "x4", "x5", "x6", 
"", "", "", "", "", "", "", "", "", "", "", "", "", "", "", "", 
"", "", "", "", "")), rank = 6L, fitted.values = structure(c(62.2750909063348, 
68.2276791553025, 61.7033824549569, 55.3387387396657, 66.1428969220322, 
70.7244619437073, 75.7276606403823, 61.4429989599961, 55.5317793090007, 
59.8550766262917, 60.8236988779381, 72.5837250373653, 73.60066063021, 
77.6118591560028, 76.3147630871329, 56.4772303087437, 69.2783218194128, 
57.7400836132489, 45.5128727601095, 61.9400195336255, 64.7024639614274, 
42.8764965196572, 58.8160631484984, 72.3054396876806, 72.1554671097528, 
57.1730306920315, 76.1180383994925), .Names = c("2", "3", "4", 
"6", "7", "8", "9", "10", "11", "12", "13", "14", "15", "16", 
"17", "18", "19", "20", "21", "22", "23", "24", "25", "26", "27", 
"28", "29")), assign = 1:6, qr = structure(list(qr = structure(c(-5.19615242270663, 
0.192450089729875, 0.192450089729875, 0.192450089729875, 0.192450089729875, 
0.192450089729875, 0.192450089729875, 0.192450089729875, 0.192450089729875, 
0.192450089729875, 0.192450089729875, 0.192450089729875, 0.192450089729875, 
0.192450089729875, 0.192450089729875, 0.192450089729875, 0.192450089729875, 
0.192450089729875, 0.192450089729875, 0.192450089729875, 0.192450089729875, 
0.192450089729875, 0.192450089729875, 0.192450089729875, 0.192450089729875, 
0.192450089729875, 0.192450089729875, -343.908310347287, -67.2761032913922, 
-0.0421028710864252, -0.16101582247051, 0.0173536046056173, 0.136266555989702, 
0.240315388450777, -0.0718311089324464, -0.190744060316531, -0.0866952278554571, 
-0.0569669900094358, 0.255179507373787, 0.165994793835724, 0.359228339834862, 
0.284907745219808, -0.0866952278554571, 0.0619459613746492, -0.116423465701478, 
-0.38397760631567, -0.0718311089324464, 0.00248948568260667, 
-0.428569963084701, -0.175879941393521, 0.165994793835724, 0.136266555989702, 
-0.131287584624489, 0.284907745219808, -282.709181813187, -36.8030079304512, 
46.9047665572452, -0.0611248653510839, 0.270548232368535, 0.221612896213294, 
-0.141002445516607, 0.115371580928528, -0.176809800349899, 0.0575291134291201, 
-0.125263079326525, -0.360317310932056, 0.166739472495275, 0.44965606351628, 
0.0751645466608243, -0.326227193683757, 0.230877686470715, -0.420592333842968, 
0.0519486847795985, -0.0338669829487023, 0.0421474061522932, 
-0.185538102237438, 0.0729108207059471, -0.0890980655799771, 
0.0510545374964592, 0.0758798644873358, -0.0740740172164058, 
-335.440506399173, -38.1446322939837, 2.79399501774129, 40.222472396215, 
-0.0871989175932376, -0.0360843326439241, 0.147975702988343, 
-0.0543648539333537, -0.0231536103428169, 0.016836225344712, 
0.195086404942982, 0.516590216671953, -0.21190874838474, 0.417655216698485, 
-0.0510565395951325, 0.208899677724856, -0.249348512590028, -0.0267693852758007, 
0.0690922915830914, -0.117794199219982, 0.0251650759547533, -0.0996559588227406, 
-0.264971587265564, -0.373919891343681, -0.243538656556031, 0.15926946080704, 
0.0346844580274584, -382.975678562452, -12.3443755040988, 11.0852083455286, 
15.7275454582258, 43.7150831274412, 0.275497925359875, -0.202199683757471, 
-0.142259842195563, 0.0658336885321623, -0.0682493925487406, 
0.060517821616016, -0.342907162198692, 0.175109875573108, 0.320030117186075, 
0.0680405031639804, -0.35610702934055, -0.0340825179162836, -0.14486424364747, 
-0.0383880461173323, -0.0942086491357594, -0.164468990227536, 
0.226772723683947, 0.0789498030603395, 0.321483566488704, 0.160091648734804, 
-0.407742798030668, 0.11531920610371, -222.664753817466, -13.9386898893224, 
15.4279398067065, 29.4718440751979, -0.658612535638238, 41.6182128548605, 
0.369696340293568, 0.0357684220492707, 0.247146057064396, -0.0097978851528643, 
0.313378481175652, 0.0963623557431776, 0.0845688293465477, -0.271745640387058, 
-0.351218438049036, -0.406335261252112, 0.0648125058539323, -0.00877293553836232, 
0.0144681024198159, 0.155668626789535, 0.134967863397534, -0.162847061698951, 
0.35513893356601, -0.297625809153478, 0.0844023112864882, -0.0450169355450801, 
-0.162907904196972), .Dim = c(27L, 6L), .Dimnames = list(c("2", 
"3", "4", "6", "7", "8", "9", "10", "11", "12", "13", "14", "15", 
"16", "17", "18", "19", "20", "21", "22", "23", "24", "25", "26", 
"27", "28", "29"), c("x1", "x2", "x3", "x4", "x5", "x6")), assign = 1:6), 
    qraux = c(1.19245008972988, 1.06194596137465, 1.14577733656893, 
    1.08306146928308, 1.2060950494949, 1.00817101391282), pivot = 1:6, 
    tol = 1e-07, rank = 6L), .Names = c("qr", "qraux", "pivot", 
"tol", "rank"), class = "qr"), df.residual = 21L, xlevels = structure(list(), .Names = character(0)), 
    call = quote(lm(formula = y ~ . + 0, data = structure(list(y = c(63, 
        71, 61, 43, 58, 71, 72, 67, 64, 67, 69, 68, 77, 81, 74, 
        65, 65, 50, 50, 64, 53, 40, 63, 66, 78, 48, 85), x1 = c(1, 
        1, 1, 1, 1, 1, 1, 1, 1, 1, 1, 1, 1, 1, 1, 1, 1, 1, 1, 
        1, 1, 1, 1, 1, 1, 1, 1), x2 = c(64, 70, 63, 55, 67, 75, 
        82, 61, 53, 60, 62, 83, 77, 90, 85, 60, 70, 58, 40, 61, 
        66, 37, 54, 77, 75, 57, 85), x3 = c(51, 68, 45, 49, 42, 
        50, 72, 45, 53, 47, 57, 83, 54, 50, 64, 65, 46, 68, 33, 
        52, 52, 42, 42, 66, 58, 44, 71), x4 = c(63, 76, 54, 54, 
        66, 70, 71, 62, 58, 59, 55, 59, 79, 60, 79, 55, 75, 64, 
        43, 66, 63, 50, 66, 88, 80, 51, 77), x5 = c(73, 86, 84, 
        49, 68, 66, 83, 80, 67, 74, 63, 77, 77, 54, 79, 80, 85, 
        78, 64, 80, 80, 57, 75, 76, 78, 83, 74), x6 = c(47, 48, 
        35, 34, 35, 41, 31, 41, 34, 41, 25, 35, 46, 36, 63, 60, 
        46, 52, 33, 41, 37, 49, 33, 72, 49, 38, 55)), .Names = c("y", 
        "x1", "x2", "x3", "x4", "x5", "x6"), row.names = c("2", 
        "3", "4", "6", "7", "8", "9", "10", "11", "12", "13", 
        "14", "15", "16", "17", "18", "19", "20", "21", "22", 
        "23", "24", "25", "26", "27", "28", "29"), class = "data.frame"))), 
    terms = y ~ x1 + x2 + x3 + x4 + x5 + x6 + 0, model = structure(list(
        y = c(63, 71, 61, 43, 58, 71, 72, 67, 64, 67, 69, 68, 
        77, 81, 74, 65, 65, 50, 50, 64, 53, 40, 63, 66, 78, 48, 
        85), x1 = c(1, 1, 1, 1, 1, 1, 1, 1, 1, 1, 1, 1, 1, 1, 
        1, 1, 1, 1, 1, 1, 1, 1, 1, 1, 1, 1, 1), x2 = c(64, 70, 
        63, 55, 67, 75, 82, 61, 53, 60, 62, 83, 77, 90, 85, 60, 
        70, 58, 40, 61, 66, 37, 54, 77, 75, 57, 85), x3 = c(51, 
        68, 45, 49, 42, 50, 72, 45, 53, 47, 57, 83, 54, 50, 64, 
        65, 46, 68, 33, 52, 52, 42, 42, 66, 58, 44, 71),