
expected <- structure(list(coefficients = structure(c(8.31197967820559, 0.577329137310382, 
0.269575211355923, 0.144173373781346, 0.0246392692408694, -0.192266219708536
), .Names = c("x1", "x2", "x3", "x4", "x5", "x6")), residuals = structure(c(-7.67860760785403, 
1.33681724420306, -0.173083889578334, 0.520506626885028, 6.61952710292718, 
-11.3820264368423, -8.55083900208205, -8.03562417300684, 7.77393230646972, 
5.97837853733455, 11.0882188714167, 8.89630090416658, -4.0353176808314, 
0.38158737758794, -1.74035631014682, -3.20907289026397, 3.46542731674585, 
-7.50524655337765, 7.99771458964593, 0.153610641005486, -10.8346772667654, 
-4.50058228741184, 5.55403414969714, 2.40508124560025, -7.44241007683032, 
6.12519002312293, 6.7915172381826), .Names = c("1", "2", "3", 
"4", "5", "6", "7", "9", "10", "11", "12", "13", "14", "15", 
"16", "17", "18", "20", "21", "22", "23", "24", "25", "27", "28", 
"29", "30")), effects = structure(c(-334.285805860793, -54.1626149974308, 
-10.8417424231763, 3.22743105042796, 0.855767992149155, 6.629850214461, 
-6.99423188993291, -11.031560182148, 8.98534197822602, 7.21980060539393, 
14.0407600521928, 10.5849266016653, -3.77454838821415, 1.04577346249853, 
0.0108536173933711, 0.0451817423020859, 4.64995392951726, -4.61621281943171, 
11.4802395717, 0.0827065498696027, -10.6542855841141, 0.970425195219403, 
6.6265257533481, 3.29261453410726, -7.60751979630078, 8.63048289358295, 
6.43891030396371), .Names = c("x1", "x2", "x3", "x4", "x5", "x6", 
"", "", "", "", "", "", "", "", "", "", "", "", "", "", "", "", 
"", "", "", "", "")), rank = 6L, fitted.values = structure(c(50.678607607854, 
61.6631827557969, 71.1730838895783, 60.479493373115, 74.3804728970728, 
54.3820264368423, 66.5508390020821, 80.0356241730068, 59.2260676935303, 
58.0216214626655, 55.9117811285833, 60.1036990958334, 72.0353176808314, 
76.6184126224121, 82.7403563101468, 77.209072890264, 61.5345726832541, 
57.5052465533777, 42.0022854103541, 63.8463893589945, 63.8346772667655, 
44.5005822874118, 57.4459658503029, 75.5949187543997, 55.4424100768303, 
78.8748099768771, 75.2084827618174), .Names = c("1", "2", "3", 
"4", "5", "6", "7", "9", "10", "11", "12", "13", "14", "15", 
"16", "17", "18", "20", "21", "22", "23", "24", "25", "27", "28", 
"29", "30")), assign = 1:6, qr = structure(list(qr = structure(c(-5.19615242270663, 
0.192450089729875, 0.192450089729875, 0.192450089729875, 0.192450089729875, 
0.192450089729875, 0.192450089729875, 0.192450089729875, 0.192450089729875, 
0.192450089729875, 0.192450089729875, 0.192450089729875, 0.192450089729875, 
0.192450089729875, 0.192450089729875, 0.192450089729875, 0.192450089729875, 
0.192450089729875, 0.192450089729875, 0.192450089729875, 0.192450089729875, 
0.192450089729875, 0.192450089729875, 0.192450089729875, 0.192450089729875, 
0.192450089729875, 0.192450089729875, -341.791359360259, -70.2329457353646, 
0.0940757185871527, -0.00559260554061164, 0.207982374733169, 
-0.119499261686628, 0.0513607225323965, 0.264935702806177, -0.0340692695771157, 
-0.147975925723132, -0.0483076015953678, -0.0198309375588637, 
0.279174034824429, 0.193744042714917, 0.378842358952194, 0.307650698860933, 
-0.0483076015953678, -0.0767842656318719, -0.333074241960409, 
-0.0340692695771157, 0.0371223905141445, -0.375789238015165, 
-0.13373759370488, 0.165267378678413, -0.0910225976501239, 0.307650698860933, 
0.264935702806177, -291.754336030491, -37.5876144912945, -50.3445989581925, 
-0.12253062392823, 0.0941735086052048, -0.0964160201133673, 0.0133853534276857, 
0.0711846547468839, -0.101104645048179, 0.203093413391597, -0.249296486822391, 
-0.211133153997102, -0.376516620532291, 0.224065121455907, 0.0847962587355805, 
0.0787718942303676, 0.465775253641673, 0.0700760505843528, -0.134352217530786, 
0.196841913478514, -0.0950802805429665, 0.374501244431999, -0.00625061506622397, 
0.285217308139517, -0.097978895091638, 0.118498102033927, -0.0877201764673526, 
-328.319853079167, -33.1911339714365, -16.9965344588916, 31.7102588471293, 
0.0241716295458111, 0.0875418277636333, -0.0371077572748772, 
0.0677487873533215, -0.0788691594818745, 0.137850868773214, -0.101112577075181, 
0.0809974140722775, 0.15287400726149, -0.153558771936608, 0.542809119014494, 
-0.134762995191305, 0.517211045595628, -0.0686673639938676, 0.185570205122645, 
6.43143184331334e-05, -0.0320077593202965, 0.270513354256635, 
-0.243674132075517, -0.172703617107716, 0.210772867660993, -0.0443485082389959, 
0.179123875077251, -387.979380895428, -10.5506040255248, 0.660223819758547, 
21.8762538402238, -45.4497346210348, -0.57426466365962, -0.226807760876175, 
0.0956863782316441, 0.052138661615905, -0.199711955772566, -0.0647665643521439, 
-0.266350138392405, 0.0428467991878419, -0.10646621579086, -0.430993533687669, 
-0.0536610830328176, 0.14144396959798, -0.00564687327169418, 
-0.184482343468407, 0.0348005988579023, 0.0545586746345796, -0.375903127181211, 
-0.101446216366196, -0.0937857029611645, 0.203511520605316, -0.144412406063985, 
0.036362768289395, -217.276151305029, -8.12850554553101, -26.8590799388011, 
9.79557855898123, -10.2754204217351, -34.4826575594582, -0.192193610586567, 
-0.481184603864675, 0.00708582510482614, -0.234713272989761, 
0.1452033097665, -0.240402993178505, 0.00118779521286205, -0.152452862493701, 
-0.0830251069778274, 0.39719363884622, 0.326409686024582, 0.235492559809591, 
0.0639230747972034, -0.17976581035362, -0.124229650749003, 0.251559824991742, 
-0.272129461898243, -0.109778229855803, -0.0037822870841169, 
0.191544680138209, -0.0786096160780108), .Dim = c(27L, 6L), .Dimnames = list(
    c("1", "2", "3", "4", "5", "6", "7", "9", "10", "11", "12", 
    "13", "14", "15", "16", "17", "18", "20", "21", "22", "23", 
    "24", "25", "27", "28", "29", "30"), c("x1", "x2", "x3", 
    "x4", "x5", "x6")), assign = 1:6), qraux = c(1.19245008972988, 
1.00864572647764, 1.23946673583074, 1.1883678511526, 1.08849895921639, 
1.05915648527664), pivot = 1:6, tol = 1e-07, rank = 6L), .Names = c("qr", 
"qraux", "pivot", "tol", "rank"), class = "qr"), df.residual = 21L, 
    xlevels = structure(list(), .Names = character(0)), call = quote(lm(formula = y ~ 
        . + 0, data = structure(list(y = c(43, 63, 71, 61, 81, 
        43, 58, 72, 67, 64, 67, 69, 68, 77, 81, 74, 65, 50, 50, 
        64, 53, 40, 63, 78, 48, 85, 82), x1 = c(1, 1, 1, 1, 1, 
        1, 1, 1, 1, 1, 1, 1, 1, 1, 1, 1, 1, 1, 1, 1, 1, 1, 1, 
        1, 1, 1, 1), x2 = c(51, 64, 70, 63, 78, 55, 67, 82, 61, 
        53, 60, 62, 83, 77, 90, 85, 60, 58, 40, 61, 66, 37, 54, 
        75, 57, 85, 82), x3 = c(39, 54, 69, 47, 66, 44, 56, 67, 
        47, 58, 39, 42, 45, 72, 72, 69, 75, 54, 34, 62, 50, 58, 
        48, 74, 45, 71, 59), x4 = c(61, 63, 76, 54, 71, 54, 66, 
        71, 62, 58, 59, 55, 59, 79, 60, 79, 55, 64, 43, 66, 63, 
        50, 66, 80, 51, 77, 64), x5 = c(92, 73, 86, 84, 83, 49, 
        68, 83, 80, 67, 74, 63, 77, 77, 54, 79, 80, 78, 64, 80, 
        80, 57, 75, 78, 83, 74, 78), x6 = c(45, 47, 48, 35, 47, 
        34, 35, 31, 41, 34, 41, 25, 35, 46, 36, 63, 60, 52, 33, 
        41, 37, 49, 33, 49, 38, 55, 39)), .Names = c("y", "x1", 
        "x2", "x3", "x4", "x5", "x6"), row.names = c("1", "2", 
        "3", "4", "5", "6", "7", "9", "10", "11", "12", "13", 
        "14", "15", "16", "17", "18", "20", "21", "22", "23", 
        "24", "25", "27", "28", "29", "30"), class = "data.frame"))), 
    terms = y ~ x1 + x2 + x3 + x4 + x5 + x6 + 0, model = structure(list(
        y = c(43, 63, 71, 61, 81, 43, 58, 72, 67, 64, 67, 69, 
        68, 77, 81, 74, 65, 50, 50, 64, 53, 40, 63, 78, 48, 85, 
        82), x1 = c(1, 1, 1, 1, 1, 1, 1, 1, 1, 1, 1, 1, 1, 1, 
        1, 1, 1, 1, 1, 1, 1, 1, 1, 1, 1, 1, 1), x2 = c(51, 64, 
        70, 63, 78, 55, 67, 82, 61, 53, 60, 62, 83, 77, 90, 85, 
        60, 58, 40, 61, 66, 37, 54, 75, 57, 85, 82), x3 = c(39, 
        54, 69, 47, 66, 44, 56, 67, 47, 58, 39, 42, 45, 72, 72, 
        69, 75, 54, 34, 62, 50, 58, 48, 74, 45, 71, 59),