
expected <- structure(list(coefficients = structure(c(-0.679374920140107, 
-0.00156545909550598, 0.381496396799379, 0.307682496720291, 0.532392158232642, 
-0.00115925739799302, -0.163012095216275), .Names = c("x1", "x2", 
"x3", "x4", "x5", "x6", "x7")), residuals = structure(c(-13.6132730999364, 
0.181143389313406, 8.91496442786119, -11.0557366511071, 15.1281705683245, 
-8.82029419703379, -5.32326665072944, 0.42859472622029, 3.50123367750995, 
-8.87528785886741, 3.69980864989459, 5.35553564714888, 7.41166656928276, 
2.59252147539524, -10.6702798685362, -1.94309741449004, 3.21892959665253, 
-7.34211082989982, -9.84403328499336, 0.159960202248512, -20.630593558511, 
15.3377699306955, 2.49890755215479, 8.16762828493913, -1.79210672068311, 
14.324037014396, 10.5504201927543), .Names = c("1", "2", "3", 
"4", "5", "6", "7", "8", "9", "11", "12", "13", "14", "15", "18", 
"19", "20", "21", "22", "23", "24", "25", "26", "27", "28", "29", 
"30")), effects = structure(c(264.146242299264, -186.188892511773, 
-65.9643939505465, -26.3194874046896, 35.6418180896421, 6.60743026925465, 
-6.91360021955716, 4.9451284299122, -0.291084210057879, -16.262421523657, 
7.81016798558948, 8.83459888818993, 4.58731823754168, 1.47520759782506, 
-12.2855276303946, -1.48697026887407, -5.0218509122079, -16.6531773157688, 
-1.26914000024951, 0.309089571402286, -25.9575078249211, 15.9475270071555, 
0.601998151149856, 10.3351028256538, -1.30909276421763, 8.29581675728181, 
15.3345174773073), .Names = c("x1", "x2", "x3", "x4", "x5", "x6", 
"x7", "", "", "", "", "", "", "", "", "", "", "", "", "", "", 
"", "", "", "", "", "")), rank = 7L, fitted.values = structure(c(56.6132730999364, 
62.8188566106866, 62.0850355721388, 72.0557366511071, 65.8718294316755, 
51.8202941970338, 63.3232666507294, 70.5714052737797, 68.4987663224901, 
72.8752878588674, 63.3001913501054, 63.6444643528511, 60.5883334307172, 
74.4074785246048, 75.6702798685362, 66.94309741449, 46.7810704033475, 
57.3421108298998, 73.8440332849934, 52.8400397977515, 60.630593558511, 
47.6622300693045, 63.5010924478452, 69.8323717150609, 49.7921067206831, 
70.675962985604, 71.4495798072457), .Names = c("1", "2", "3", 
"4", "5", "6", "7", "8", "9", "11", "12", "13", "14", "15", "18", 
"19", "20", "21", "22", "23", "24", "25", "26", "27", "28", "29", 
"30")), assign = 1:7, qr = structure(list(qr = structure(c(7.68026164033785, 
-0.110237720417165, -0.335620609462943, -0.187646659618374, -0.172075241893195, 
-0.302896441396488, -0.184468896689821, -0.216958261972704, -0.236369516307415, 
-0.190682983060975, -0.0173465208351917, 0.0134687753639381, 
-0.2739169374878, -0.0876298721724762, -0.375024770097706, -0.183575626591471, 
-0.346006646157154, -0.105455514318257, 0.0203271653415728, -0.113590517354008, 
-0.17565817359295, -0.0431703904852981, 0.0107752741880886, -0.123066183286955, 
-0.151846007105242, -0.263794990448012, -0.0430779224312336, 
279.023317297808, -222.440977349333, -0.0308698625062641, 0.180072386003304, 
0.113307426510538, -0.0280950152976119, 0.106536401622252, -0.0308922322723708, 
0.063851099988362, 0.100887412420827, 0.262956561738886, 0.250509402554071, 
-0.010742001365777, 0.163100047882407, 0.0412031056791769, 0.147808610526138, 
0.0675823767409238, 0.27277152347719, 0.355646744051574, 0.278863025806324, 
0.10105917065989, 0.342879280567588, 0.37843250562789, 0.162355269309883, 
0.140688202376579, 0.128831137490873, 0.235069550191498, 201.902959605056, 
-135.857910709016, -88.3788605974317, -0.118584749288149, 0.0285384498187226, 
-0.100936771216655, -0.0156315390796319, 0.322789451183274, 0.0781073692305178, 
0.446835569822509, 0.0158795007722709, 0.202287091451248, 0.158101707909057, 
0.32984748376773, -0.270129959214212, 0.00900151038425166, -0.331272979999996, 
-0.0722763676158272, -0.0708307533411341, -0.311182574974192, 
0.166857153751649, -0.294810372993552, -0.0113087285293217, 0.0891635591917713, 
-0.151169793411586, -0.0751444532061733, 0.0964453644713682, 
249.341485803929, -161.534587373234, -32.5582893538442, -57.8563594914131, 
0.398321785317259, 0.0991446074987215, 0.302141273265779, 0.293738953385227, 
0.200073035820039, 0.163409877355765, -0.139342121628743, 0.161832885178042, 
0.19424368077957, 0.0233368771211439, 0.0178856372592277, -0.152456160997426, 
-0.0941286877465558, 0.0113574642390974, 0.116756989644493, -0.0477423698093044, 
-0.054012924727132, -0.110506120516844, 0.270527399570977, 0.413264857246829, 
0.151517921568156, -0.129337644908189, 0.327102342294084, 275.318842316861, 
-202.002454033417, -47.326696789701, -14.0404865623686, 70.3817599797559, 
-0.0985931542132558, 0.0124055149734836, -0.21101178074395, 0.0296043054759331, 
0.330846206473231, -0.503647001456801, -0.147196318472202, 0.0470310790347227, 
-0.240243034780771, -0.155681143076062, -0.204189342878302, 0.311408957598552, 
0.317434360708553, -0.34229583228795, 0.0228362624315543, -0.0237270657280485, 
0.0245497353983108, 0.285906103677096, 0.0213347091916481, 0.0305348035321174, 
-0.0123524125105184, -0.176671529946184, 306.438254522257, -217.444565532048, 
-39.7792535881309, -35.6964681158482, 12.3131648865741, -42.6288189425076, 
0.157386220922742, 0.259369398607287, -0.232411006610667, 0.076313821663019, 
-0.161841695194481, -0.0491976479862647, 0.231499584211817, -0.306777492128819, 
-0.123882783014565, 0.0938787400102462, 0.219772222648558, -0.441651528158995, 
-0.0267366517974272, 0.126778673118052, -0.173689722188537, 0.215152322252099, 
-0.112546906206716, -0.00893964941084875, 0.0994638497079971, 
-0.26776850891987, -0.0717650765999638, 185.046362740111, -136.713794269129, 
-17.9108582461269, 6.65248008103835, 11.1317192524699, -40.230220259589, 
42.4115781739053, 0.112394356198406, -0.171452375352393, -0.0637149783732313, 
-0.477936198368079, 0.013807941376686, -0.479368120141152, -0.317937698811738, 
0.130723308969333, 0.141516601204367, -0.139802046692551, -0.155468373925003, 
0.357102876094362, 0.0746117754624135, -0.372737766827612, -0.0476140172906269, 
0.0223236772162702, -0.00083500661180232, 0.001141362675287, 
0.00126734869823026, -0.117327494129734), .Dim = c(27L, 7L), .Dimnames = list(
    c("1", "2", "3", "4", "5", "6", "7", "8", "9", "11", "12", 
    "13", "14", "15", "18", "19", "20", "21", "22", "23", "24", 
    "25", "26", "27", "28", "29", "30"), c("x1", "x2", "x3", 
    "x4", "x5", "x6", "x7")), assign = 1:7), qraux = c(1.03368087741006, 
1.2684242020854, 1.19815501803567, 1.22153458924223, 1.05467475657703, 
1.45994393126548, 1.15821497297229), pivot = 1:7, tol = 1e-07, 
    rank = 7L), .Names = c("qr", "qraux", "pivot", "tol", "rank"
), class = "qr"), df.residual = 20L, xlevels = structure(list(), .Names = character(0)), 
    call = quote(lm(formula = y ~ . + 0, data = structure(list(y = c(43, 
        63, 71, 61, 81, 43, 58, 71, 72, 64, 67, 69, 68, 77, 65, 
        65, 50, 50, 64, 53, 40, 63, 66, 78, 48, 85, 82), x1 = c(-0.25867795078543, 
        0.846654535438241, 2.57765409256505, 1.44117544180453, 
        1.32158287956416, 2.32632391985229, 1.41676939108228, 
        1.66629621698333, 1.81537972904105, 1.4644952002684, 
        0.133225818563844, -0.103443718769981, 2.10375374762637, 
        0.673020345793978, 2.88028835595793, 1.40990884301146, 
        2.65742157178274, 0.809925941380608, -0.156117948229687, 
        0.872404893140121, 1.34910073245774, 0.331559894042641, 
        -0.0827569250108997, 0.945180486721588, 1.16621706360886, 
        2.02601454605116, 0.330849715194053), x2 = c(70, 82, 
        61, 78, 60, 55, 61, 37, 62, 61, 62, 53, 53, 54, 85, 70, 
        85, 82, 75, 85, 58, 85, 82, 61, 62, 82, 61), x3 = c(45, 
        64, 64, 44, 45, 33, 42, 57, 52, 83, 42, 52, 54, 66, 39, 
        50, 33, 49, 42, 30, 56, 30, 52, 50, 30, 52, 49), x4 = c(58, 
        45, 45, 72, 72, 56, 67, 58, 66, 67, 34, 47, 63, 47, 72, 
        47, 63, 59, 54, 54, 47, 47, 69, 72, 55, 59, 63),