
expected <- structure(list(coefficients = structure(c(26.069938258075, 0.683441549525419, 
-0.0951696395960484, 0.1231323893968, -0.138138578085107, 0.100745571582399, 
-0.170840348849414), .Names = c("x1", "x2", "x3", "x4", "x5", 
"x6", "x7")), residuals = structure(c(-10.4642496738894, 2.99302978908096, 
3.39089993395738, -3.63003489150353, 5.90807111086644, -8.64036513520277, 
-8.51295152372137, 0.487210692896277, -4.42611324309527, 6.44082156050365, 
8.73071221064252, 10.5398033858276, 8.03985776837746, -1.28175523237903, 
4.73868388978952, -1.17590034734581, -5.34269166701837, 0.733735114900344, 
-1.89591368010149, -4.65402632046059, 0.676470416503393, 0.420812625172629, 
-9.85809590465874, -5.30790159251477, 10.4351585019903, -2.66709615613834, 
4.32182836752108), .Names = c("1", "2", "3", "4", "5", "6", "7", 
"8", "9", "10", "11", "12", "13", "14", "15", "16", "17", "18", 
"19", "20", "21", "22", "23", "24", "25", "26", "30")), effects = structure(c(-332.553755053224, 
-47.3569455303206, 4.84740410534456, 8.393226700135, -3.79798831725931, 
4.49455483811566, -8.11344257599032, 5.02891407887769, -4.96072853341165, 
8.7687918178491, 9.9304595416397, 13.1164931521503, 12.1880409224391, 
-3.43227531547671, 6.18136991866045, -2.6853247961462, -2.9463232376414, 
-3.54364375067722, 0.786770325640859, -4.64053538330777, 5.84195569903519, 
2.0622539923707, -8.84780713631867, -3.55114623597171, 13.3220928677762, 
2.47051694883418, 4.41330476532211), .Names = c("x1", "x2", "x3", 
"x4", "x5", "x6", "x7", "", "", "", "", "", "", "", "", "", "", 
"", "", "", "", "", "", "", "", "", "")), rank = 7L, fitted.values = structure(c(53.4642496738894, 
60.006970210919, 67.6091000660426, 64.6300348915035, 75.0919288891336, 
51.6403651352028, 66.5129515237214, 70.5127893071037, 76.4261132430953, 
60.5591784394963, 55.2692877893575, 56.4601966141724, 60.9601422316225, 
69.281755232379, 72.2613161102105, 82.1759003473458, 79.3426916670184, 
64.2662648850997, 66.8959136801015, 54.6540263204606, 49.3235295834966, 
63.5791873748274, 62.8580959046587, 45.3079015925148, 52.5648414980097, 
68.6670961561383, 77.6781716324789), .Names = c("1", "2", "3", 
"4", "5", "6", "7", "8", "9", "10", "11", "12", "13", "14", "15", 
"16", "17", "18", "19", "20", "21", "22", "23", "24", "25", "26", 
"30")), assign = 1:7, qr = structure(list(qr = structure(c(-5.19615242270663, 
0.192450089729875, 0.192450089729875, 0.192450089729875, 0.192450089729875, 
0.192450089729875, 0.192450089729875, 0.192450089729875, 0.192450089729875, 
0.192450089729875, 0.192450089729875, 0.192450089729875, 0.192450089729875, 
0.192450089729875, 0.192450089729875, 0.192450089729875, 0.192450089729875, 
0.192450089729875, 0.192450089729875, 0.192450089729875, 0.192450089729875, 
0.192450089729875, 0.192450089729875, 0.192450089729875, 0.192450089729875, 
0.192450089729875, 0.192450089729875, -342.753609808908, -68.0364825881156, 
0.0948302518508885, -0.00805572540306698, 0.212414225855409, 
-0.125639699407587, 0.0507362615991933, 0.168320235603714, 0.271206212857669, 
-0.0374517189041971, -0.155035692908718, -0.0521497156547622, 
-0.022753722153632, 0.285904209608234, 0.197716229104844, 0.38879018686219, 
0.315300203109364, -0.0521497156547622, 0.0948302518508885, -0.0815457091558923, 
-0.346109650666063, -0.0374517189041971, 0.0360382648486282, 
-0.390203640917759, -0.140337696158153, 0.197716229104844, 0.271206212857669, 
-273.471577506153, -31.9186052397271, -53.7540597150277, -0.068940024584522, 
-0.00259405148006831, 0.0792274842913807, -0.161627025089866, 
-0.0865555811570526, 0.258180623295055, -0.0505013934329394, 
0.172079099712536, -0.00407558572236198, 0.163518243799986, 0.453597014460587, 
-0.0305812280390631, -0.224845314793922, 0.0816967080285368, 
0.330782843490713, -0.114871987547668, 0.405031212844475, -0.0801347191500383, 
0.0797213290388119, 0.0336247511598553, 0.114952442183873, -0.0417759226045793, 
0.192657724769653, -0.355726496928915, -288.867584684543, -31.8151748922231, 
-10.7420708495204, 46.8713246981527, -0.13207290309552, 0.133572442022195, 
-0.0936583501173797, 0.0390282479705255, -0.0104238354988438, 
0.0803242194515253, -0.149301402981008, 0.258912388977911, 0.280950787064172, 
0.545622146599228, -0.281277578713764, -0.22401796861094, -0.0913695887295397, 
-0.378185415255976, -0.0659608194573539, 0.0783902646598316, 
0.130862578649903, -0.188771043885741, 0.100465325642289, -0.335626137821619, 
-0.00934067039045085, -0.00195424574144852, -0.0798415502449372, 
-333.131105322414, -32.1902459944875, -3.50937878261533, 12.5105472128115, 
36.7100149615495, 0.105468531550408, -0.0163289196565963, -0.0743779624692305, 
0.10616874208099, -0.0442868132532681, 0.14586505507458, -0.0567084134011468, 
0.111337397184802, 0.205441270383676, -0.110224244778494, 0.487591828964769, 
-0.0793765462796747, 0.479426441905598, -0.225703681410317, -0.0115209159943874, 
0.174779033093848, 0.0241286688068917, 0.00353639775883807, 0.245564261049768, 
-0.191502340867816, -0.44201655452141, 0.166482574751288, -386.439780177589, 
-11.4110891809387, -4.10160002706479, 0.49003517891903, 21.8751870730368, 
46.1572992414201, 0.167140439851173, 0.28249030210818, -0.0687083740215471, 
-0.0499922219790094, 0.161344543207696, 0.116274958855946, 0.338358527299628, 
0.146306436300883, 0.0281235356132555, 0.317617595419311, 0.0416253999423019, 
-0.218987587468802, -0.108569026144374, 0.067996095216911, 0.174082770863011, 
-0.0843595405605703, -0.0351582254197375, 0.269595536034925, 
0.0826311430491609, 0.248837284183967, -0.11630252096676, -231.9023581245, 
19.171631465237, -5.75264518579756, -25.1736129882158, 5.44805299451384, 
0.910725468010897, 47.4913720946675, 0.33572677585741, 0.202362401600895, 
0.0247615108396947, -0.0421619783885542, -0.135743438142362, 
0.364805824926546, -0.239508837211797, 0.04116180229556, -0.0628979531995107, 
0.418571272822936, -0.117008566774794, 0.0490892473783947, -0.237153037542631, 
0.362332165227627, 0.189178236579522, -0.0788134336403549, -0.114075372532513, 
-0.244644678663763, 0.270026109812072, 0.0102761654072085), .Dim = c(27L, 
7L), .Dimnames = list(c("1", "2", "3", "4", "5", "6", "7", "8", 
"9", "10", "11", "12", "13", "14", "15", "16", "17", "18", "19", 
"20", "21", "22", "23", "24", "25", "26", "30"), c("x1", "x2", 
"x3", "x4", "x5", "x6", "x7")), assign = 1:7), qraux = c(1.19245008972988, 
1.0066422713475, 1.29439942593498, 1.09361073781378, 1.04916408911488, 
1.59009750251512, 1.25041769717738), pivot = 1:7, tol = 1e-07, 
    rank = 7L), .Names = c("qr", "qraux", "pivot", "tol", "rank"
), class = "qr"), df.residual = 20L, xlevels = structure(list(), .Names = character(0)), 
    call = quote(lm(formula = y ~ . + 0, data = structure(list(y = c(43, 
        63, 71, 61, 81, 43, 58, 71, 72, 67, 64, 67, 69, 68, 77, 
        81, 74, 65, 65, 50, 50, 64, 53, 40, 63, 66, 82), x1 = c(1, 
        1, 1, 1, 1, 1, 1, 1, 1, 1, 1, 1, 1, 1, 1, 1, 1, 1, 1, 
        1, 1, 1, 1, 1, 1, 1, 1), x2 = c(51, 64, 70, 63, 78, 55, 
        67, 75, 82, 61, 53, 60, 62, 83, 77, 90, 85, 60, 70, 58, 
        40, 61, 66, 37, 54, 77, 82), x3 = c(30, 51, 68, 45, 56, 
        49, 42, 50, 72, 45, 53, 47, 57, 83, 54, 50, 64, 65, 46, 
        68, 33, 52, 52, 42, 42, 66, 39), x4 = c(39, 54, 69, 47, 
        66, 44, 56, 55, 67, 47, 58, 39, 42, 45, 72, 72, 69, 75, 
        57, 54, 34, 62, 50, 58, 48, 63, 59), x5 = c(61, 63, 76, 
        54, 71, 54, 66, 70, 71, 62, 58, 59, 55, 59, 79, 60, 79, 
        55, 75, 64, 43, 66, 63, 50, 66, 88, 64), x6 = c(92, 73, 
        86, 84, 83, 49, 68, 66, 83, 80, 67, 74, 63, 77, 77, 54, 
        79, 80, 85, 78, 64, 80, 80, 57, 75, 76, 78), x7 = c(60, 
        60, 38, 41, 33, 60, 35, 34, 33, 48, 46, 60, 35, 63, 41, 
        39, 25, 37, 46, 60, 33, 34, 52, 47, 63, 41, 41)), .Names = c("y", 
        "x1", "x2", "x3", "x4", "x5", "x6", "x7"),