
expected <- structure(list(coefficients = structure(c(26.4041808501261, 0.611184742623172, 
0.0344137248301871, 0.0427753662084449, 0.215808224370796, -0.198793158989896, 
-0.114154844360261), .Names = c("x1", "x2", "x3", "x4", "x5", 
"x6", "x7")), residuals = structure(c(-7.82634877223971, 0.081264332105855, 
3.7220815486622, 8.4591402185351, -10.3948730292628, -2.75057262231504, 
-5.1060436617541, 6.14544948971766, 5.19668018594581, 7.5112842205237, 
4.23872836509586, -8.11389416293278, 3.17515697276376, -1.68994485863204, 
-3.01966710787838, 7.49130715192694, -1.81766186083019, 2.69914831055033, 
2.5546249129245, -11.31049350452, -6.33944876431116, 4.56927837321613, 
-8.35190700674455, 4.51593687117811, -7.27706337469892, 6.04997188617811, 
7.58786588679559), .Names = c("1", "2", "3", "5", "7", "8", "9", 
"10", "11", "12", "13", "14", "15", "16", "17", "18", "19", "21", 
"22", "23", "24", "25", "26", "27", "28", "29", "30")), effects = structure(c(-343.523410167827, 
49.3571362451374, -0.900494662017867, 0.0267837629895951, -2.26135605638658, 
-7.93642840188285, -4.76521393988473, 6.05000643121966, 4.09225597983771, 
11.1644125536946, 5.57496712599902, -12.6502571112653, 8.95250966854476, 
1.60310976316422, -1.60662226720684, 0.136776711828282, 3.79205737953046, 
0.962089645433382, 4.72514022278573, -9.74388531862705, -6.84999043721503, 
10.0323565981099, -7.45434913268208, 6.15065501050849, -8.44309694312029, 
6.3533301407204, 8.67788831264348), .Names = c("x1", "x2", "x3", 
"x4", "x5", "x6", "x7", "", "", "", "", "", "", "", "", "", "", 
"", "", "", "", "", "", "", "", "", "")), rank = 7L, fitted.values = structure(c(50.8263487722397, 
62.9187356678941, 67.2779184513378, 72.5408597814649, 68.3948730292628, 
73.750572622315, 77.1060436617541, 60.8545505102823, 58.8033198140542, 
59.4887157794763, 64.7612716349041, 76.1138941629328, 73.8248430272362, 
82.689944858632, 77.0196671078784, 57.5086928480731, 66.8176618608302, 
47.3008516894497, 61.4453750870755, 64.31049350452, 46.3394487643112, 
58.4307216267839, 74.3519070067446, 73.4840631288219, 55.2770633746989, 
78.9500281138219, 74.4121341132044), .Names = c("1", "2", "3", 
"5", "7", "8", "9", "10", "11", "12", "13", "14", "15", "16", 
"17", "18", "19", "21", "22", "23", "24", "25", "26", "27", "28", 
"29", "30")), assign = 1:7, qr = structure(list(qr = structure(c(-5.19615242270663, 
0.192450089729875, 0.192450089729875, 0.192450089729875, 0.192450089729875, 
0.192450089729875, 0.192450089729875, 0.192450089729875, 0.192450089729875, 
0.192450089729875, 0.192450089729875, 0.192450089729875, 0.192450089729875, 
0.192450089729875, 0.192450089729875, 0.192450089729875, 0.192450089729875, 
0.192450089729875, 0.192450089729875, 0.192450089729875, 0.192450089729875, 
0.192450089729875, 0.192450089729875, 0.192450089729875, 0.192450089729875, 
0.192450089729875, 0.192450089729875, -350.644063487833, 69.9910047130397, 
-0.0739876890014511, -0.188288091357435, -0.0311250381179571, 
-0.145425440473941, -0.245438292535427, 0.0546002636490308, 0.168900666005015, 
0.0688878139435288, 0.0403127133545328, -0.259725842829925, -0.174000541062937, 
-0.359738694891411, -0.288300943418921, 0.0688878139435288, -0.0739876890014511, 
0.354638819833489, 0.0546002636490308, -0.0168374878234591, 0.397501470716983, 
0.154613115710517, -0.174000541062937, -0.145425440473941, 0.111750464827023, 
-0.288300943418921, -0.245438292535427, -275.588528493181, 38.4409186516115, 
-50.5891167760729, -0.00316766421737167, -0.167031203886066, 
-0.0909859330561284, 0.272060140307717, -0.0461612801759294, 
0.194067007807626, 0.00363435324785844, 0.18078245036209, 0.479236773419893, 
-0.0324404204969572, -0.244907511637645, 0.0831390451846672, 
0.359442106913039, -0.118747129898996, -0.0678762392719259, 0.092208401804974, 
0.0409012089444684, 0.140811953276968, -0.0336325024487515, 0.204764748613163, 
0.0671508463506184, -0.0248826233133682, 0.221508727165571, -0.380254074745113, 
-292.71658647914, 5.4102190448499, -11.5774481509273, -54.4489873569687, 
0.1783919636129, -0.0208524951350863, 0.101616427432877, 0.188640557049232, 
0.24655905385972, -0.393771386155473, -0.160703553220396, 0.0457753141042255, 
-0.230664417224212, -0.530542802627819, -0.135355775186126, 0.310430186860616, 
-0.201306339403728, 0.152354504585308, -0.0292989743125524, -0.0522692276987926, 
-0.051102805514669, -0.129201667027886, 0.177583916545679, 0.239069184396674, 
0.00464276594843732, -0.0410764605196522, 0.034967841720082, 
-340.05930855269, 35.7220507474215, -2.99208838484361, -4.79522476469473, 
-39.7825964916652, 0.0190298429584545, -0.139182070413594, -0.0235659761554425, 
-0.0755539610731139, -0.0473137128294005, -0.23318549292629, 
-0.494993031263278, 0.223555417018242, -0.354683555797239, 0.0836910941792006, 
-0.285833863114426, 0.232576324770385, -0.21414447498459, 0.064979445580878, 
-0.0636575721009234, -0.027015240161593, 0.194198336723323, 0.362987862882343, 
0.213568348966913, -0.235994353570056, -0.00502831324816611, 
-0.165892994459446, -391.058582331106, 6.68128185253085, -3.59575616558608, 
-12.4867297038285, -15.8507578524555, 40.1055015228113, 0.0164133704414639, 
-0.0195144112459526, 0.333161316807705, -0.0489731113544536, 
0.321631157405592, 0.1546132861045, 0.0203469017707548, 0.444230511542773, 
0.0408863784725192, 0.067666820836642, -0.215235539629893, 0.255936739328971, 
-0.0494800758096622, -0.0612429952135657, 0.418290456711749, 
0.0041403405316484, 0.237433960597881, 0.15357506223897, -0.188088705632052, 
0.213301312647965, -0.0160837496205837, -224.589254714764, 11.8745418003161, 
-11.0954592247823, -7.95788948427455, -27.7958701205202, -0.317734555323859, 
41.743422862075, 0.0634859924232791, 0.245138662398461, -0.0483014158355617, 
0.332313325169277, 0.162251320458524, 0.0221276582988005, -0.100645709558795, 
-0.377089833717361, -0.383834798848219, -0.00049387139105261, 
0.083005586232785, 0.100608433689578, 0.134123522648088, -0.213729249911731, 
0.275076390809359, -0.403392099020426, 0.0521893601418757, 0.00515787105740906, 
-0.177848787718041, -0.0149188484131017), .Dim = c(27L, 7L), .Dimnames = list(
    c("1", "2", "3", "5", "7", "8", "9", "10", "11", "12", "13", 
    "14", "15", "16", "17", "18", "19", "21", "22", "23", "24", 
    "25", "26", "27", "28", "29", "30"), c("x1", "x2", "x3", 
    "x4", "x5", "x6", "x7")), assign = 1:7), qraux = c(1.19245008972988, 
1.01173761276554, 1.31612901346956, 1.22458696313487, 1.0246958296487, 
1.31700344755599, 1.37810576709822), pivot = 1:7, tol = 1e-07, 
    rank = 7L), .Names = c("qr", "qraux", "pivot", "tol", "rank"
), class = "qr"), df.residual = 20L, xlevels = structure(list(), .Names = character(0)), 
    call = quote(lm(formula = y ~ . + 0, data = structure(list(y = c(43, 
        63, 71, 81, 58, 71, 72, 67, 64, 67, 69, 68, 77, 81, 74, 
        65, 65, 50, 64, 53, 40, 63, 66, 78, 48, 85, 82), x1 = c(1, 
        1, 1, 1, 1, 1, 1, 1, 1, 1, 1, 1, 1, 1, 1, 1, 1, 1, 1, 
        1, 1, 1, 1, 1, 1, 1, 1), x2 = c(51, 64, 70, 78, 67, 75, 
        82, 61, 53, 60, 62, 83, 77, 90, 85, 60, 70, 40, 61, 66, 
        37, 54, 77, 75, 57, 85, 82), x3 = c(30, 51, 68, 56, 42, 
        50, 72, 45, 53, 47, 57, 83, 54, 50, 64, 65, 46, 33, 52, 
        52, 42, 42, 66, 58, 44, 71, 39), x4 = c(58, 45, 45, 72, 
        67, 58, 66, 66, 67, 34, 47, 63, 47, 34, 54, 72, 47, 59, 
        54, 54, 47, 47, 69, 72, 55, 59, 63), x5 = c(61, 63, 76, 
        71, 66, 70, 71, 62, 58, 59, 55, 59, 79, 60, 79, 55, 75, 
        43, 66, 63, 50, 66, 88, 80, 51, 77, 64), x6 = c(92, 73, 
        86, 83, 68, 66, 83, 80, 67, 74, 63, 77, 77, 54, 79, 80, 
        85, 64, 80, 80, 57, 75, 76, 78, 83, 74, 78), x7 = c(45, 
        47, 48, 47, 35, 41, 31, 41, 34, 41, 25, 35, 46, 36, 63, 
        60, 46, 33, 41, 37, 49, 33, 72, 49, 38, 55, 39)), .Names = c("y", 
        "x1", "x2", "x3", "x4", "x5", "x6", "x7"),