
expected <- structure(list(coefficients = structure(c(7.52960072234177, 0.48882923661328, 
0.175937892186392, 0.303849232434499, 0.0502942930894798, 0.0569184234215356, 
-0.196997563384621), .Names = c("x1", "x2", "x3", "x4", "x5", 
"x6", "x7")), residuals = structure(c(-8.66677348388378, -1.54725541231591, 
0.0498515146196801, 8.33422585849445, -9.39750282475114, -6.98106948170033, 
0.867722529824927, -7.30846657985186, 7.85887682493788, -1.69633700887273, 
11.798707017384, 7.82544074083089, -3.73145617613748, -0.952577402984756, 
-3.36449358978095, -4.59623132882398, 2.99056866243768, -2.4121982002064, 
-5.51010392813213, 4.6608850830874, -7.6960332192641, 8.12333506926501, 
-2.02859738684842, 3.71616885399792, -6.14755011737831, 7.94809035405814, 
7.86277363199431), .Names = c("1", "2", "4", "5", "6", "7", "8", 
"9", "10", "11", "12", "13", "14", "15", "16", "17", "18", "19", 
"20", "21", "23", "25", "26", "27", "28", "29", "30")), effects = structure(c(-339.4819582835, 
47.9679701362602, 12.7719515798864, -9.3117740762405, -1.89038588532544, 
0.919657517569025, 7.58276765246915, -4.75544585703286, 9.43142729196999, 
1.26184279356046, 14.5762534395949, 13.6991605270004, 1.79422033589314, 
-0.439898566741803, 2.20727653178703, -4.79275358055144, -0.703696061661441, 
-2.15320341528899, -6.64270752842362, 8.33233030730435, -6.071925917615, 
9.41155294719442, -4.28072207024871, 2.72166842739077, -4.89158681311362, 
8.16341570373838, 10.8786514200179), .Names = c("x1", "x2", "x3", 
"x4", "x5", "x6", "x7", "", "", "", "", "", "", "", "", "", "", 
"", "", "", "", "", "", "", "", "", "")), rank = 7L, fitted.values = structure(c(51.6667734838838, 
64.5472554123159, 60.9501484853803, 72.6657741415056, 52.3975028247511, 
64.9810694817003, 70.1322774701751, 79.3084665798519, 59.1411231750621, 
65.6963370088727, 55.201292982616, 61.1745592591691, 71.7314561761375, 
77.9525774029848, 84.3644935897809, 78.596231328824, 62.0094313375623, 
67.4121982002064, 55.5101039281321, 45.3391149169126, 60.6960332192641, 
54.876664930735, 68.0285973868484, 74.2838311460021, 54.1475501173783, 
77.0519096459419, 74.1372263680057), .Names = c("1", "2", "4", 
"5", "6", "7", "8", "9", "10", "11", "12", "13", "14", "15", 
"16", "17", "18", "19", "20", "21", "23", "25", "26", "27", "28", 
"29", "30")), assign = 1:7, qr = structure(list(qr = structure(c(-5.19615242270663, 
0.192450089729875, 0.192450089729875, 0.192450089729875, 0.192450089729875, 
0.192450089729875, 0.192450089729875, 0.192450089729875, 0.192450089729875, 
0.192450089729875, 0.192450089729875, 0.192450089729875, 0.192450089729875, 
0.192450089729875, 0.192450089729875, 0.192450089729875, 0.192450089729875, 
0.192450089729875, 0.192450089729875, 0.192450089729875, 0.192450089729875, 
0.192450089729875, 0.192450089729875, 0.192450089729875, 0.192450089729875, 
0.192450089729875, 0.192450089729875, -352.183664205672, 64.6889995800419, 
0.0319993232125807, -0.199879359366827, 0.155667953921598, -0.0298349921419281, 
-0.153503622850946, -0.261713674721336, 0.0629164808898351, 0.186585111598853, 
0.0783750597284623, 0.0474579020512079, -0.277172253559963, -0.1844207805282, 
-0.385382305430354, -0.308089411237218, 0.0783750597284623, -0.0762107286578097, 
0.109292217405717, 0.387546636501006, -0.0143764133033009, 0.171126532760225, 
-0.1844207805282, -0.153503622850946, 0.124750796244344, -0.308089411237218, 
-0.261713674721336, -255.381269071544, 26.6334137190837, 61.6284729737443, 
0.0918993001195998, 0.22354970149722, 0.110416676324065, -0.111041735093912, 
-0.0107167725540623, 0.0452861933807478, -0.593247496945865, 
0.0912230441374791, -0.0655557216585941, -0.0404273572401409, 
-0.251594234819332, -0.248401450042692, -0.310789985530783, 0.139901842349437, 
-0.0111676098754761, 0.2317755438629, -0.0771997674616212, 0.30238992171667, 
0.269486552253951, -0.0244265098301952, 0.00254212740065687, 
0.277712394619631, -0.00249093018838249, 0.0379620256578957, 
-289.060034774273, 42.7395352490623, 8.32702373220373, -43.4774550629838, 
0.00352196558758671, 0.0729573457877587, -0.128556120237371, 
0.0734165163329333, -0.0647615256308008, 0.126490225666743, -0.221350820527305, 
-0.225311053691385, -0.455473656827394, 0.194022934843327, 0.00537228765466538, 
-0.00815818043466347, 0.62026448652954, 0.0182487463775133, 0.192083765338622, 
-0.0918031072743941, 0.0031687864260918, 0.122937786046067, 0.0504855829559134, 
0.3401852213891, 0.0124940441625364, 0.123975758406477, -0.0969869329118321, 
-336.210306758092, 34.3214802614943, 1.12102407533082, -15.2680999051028, 
37.1119125430072, -0.0234443296040732, -0.035243434090222, 0.0906875054033801, 
-0.038551934543627, 0.188947966658265, -0.0435657836224272, 0.13177741717804, 
0.234823857624999, -0.0900436048699212, 0.538017756083932, -0.0357499727424904, 
0.372133235065515, -0.212179941334683, -0.0858510842940816, 0.189544971588345, 
-0.0327105718640615, -0.233758545243504, -0.445197880368872, 
-0.155284419308077, 0.169835578867389, -0.0102911878943279, 0.202014251736096, 
-388.749181254348, 2.79628514992061, -12.1978339274103, -5.3178796384649, 
15.2518687949641, 44.1878757729507, 0.25831577430272, -0.162049097396488, 
-0.0186375516003304, -0.195351630580005, 0.114062128212589, 0.131769831076083, 
-0.258404331797638, 0.0615071470783287, -0.0322722927317449, 
-0.0714575509064231, -0.284362264823985, 0.0525260874521528, 
0.179326915187467, 0.0118953382759992, 0.101396994102877, 0.387570152208908, 
0.503580024845294, 0.222005143030678, -0.197712242444587, 0.159899529076319, 
-0.165269361185424, -221.317603189357, 16.3019301952679, -0.187355310352759, 
-25.2256972319188, 23.4775270234491, 8.09881441355205, -38.4916824461654, 
-0.435856120301379, -0.0168899795923167, -0.298145360916764, 
0.138865876906533, -0.182019376931167, 0.0567157458455775, -0.187976535168064, 
0.0179732548322098, 0.321372071546225, 0.26308283641072, -0.0899080146476051, 
0.19400385731552, 0.0442448455469673, -0.0938486998582727, -0.259323038054992, 
0.527215923700037, -0.134337743242936, 0.000604172861569352, 
0.187771577106756, -0.0348348189116081), .Dim = c(27L, 7L), .Dimnames = list(
    c("1", "2", "4", "5", "6", "7", "8", "9", "10", "11", "12", 
    "13", "14", "15", "16", "17", "18", "19", "20", "21", "23", 
    "25", "26", "27", "28", "29", "30"), c("x1", "x2", "x3", 
    "x4", "x5", "x6", "x7")), assign = 1:7), qraux = c(1.19245008972988, 
1.01654074437395, 1.06699635436185, 1.13740594976081, 1.07038123299006, 
1.30027118709643, 1.02935005660949), pivot = 1:7, tol = 1e-07, 
    rank = 7L), .Names = c("qr", "qraux", "pivot", "tol", "rank"
), class = "qr"), df.residual = 20L, xlevels = structure(list(), .Names = character(0)), 
    call = quote(lm(formula = y ~ . + 0, data = structure(list(y = c(43, 
        63, 61, 81, 43, 58, 71, 72, 67, 64, 67, 69, 68, 77, 81, 
        74, 65, 65, 50, 50, 53, 63, 66, 78, 48, 85, 82), x1 = c(1, 
        1, 1, 1, 1, 1, 1, 1, 1, 1, 1, 1, 1, 1, 1, 1, 1, 1, 1, 
        1, 1, 1, 1, 1, 1, 1, 1), x2 = c(51, 64, 63, 78, 55, 67, 
        75, 82, 61, 53, 60, 62, 83, 77, 90, 85, 60, 70, 58, 40, 
        66, 54, 77, 75, 57, 85, 82), x3 = c(45, 64, 44, 45, 33, 
        42, 57, 52, 45, 83, 42, 52, 54, 66, 68, 71, 39, 50, 33, 
        49, 30, 30, 52, 50, 30, 52, 49), x4 = c(39, 54, 47, 66, 
        44, 56, 55, 67, 47, 58, 39, 42, 45, 72, 72, 69, 75, 57, 
        54, 34, 50, 48, 63, 74, 45, 71, 59), x5 = c(61, 63, 54, 
        71, 54, 66, 70, 71, 62, 58, 59, 55, 59, 79, 60, 79, 55, 
        75, 64, 43, 63, 66, 88, 80, 51, 77, 64), x6 = c(92, 73, 
        84, 83, 49, 68, 66, 83, 80, 67, 74, 63, 77, 77, 54, 79, 
        80, 85, 78, 64, 80, 75, 76, 78, 83, 74, 78), x7 = c(45, 
        47, 35, 47, 34, 35, 41, 31, 41, 34, 41, 25, 35, 46, 36, 
        63, 60, 46, 52, 33, 37, 33, 72, 49, 38, 55, 39)), .Names = c("y", 
        "x1", "x2", "x3", "x4", "x5", "x6", "x7"),