
expected <- structure(list(coefficients = structure(c(5.3820170510423, 0.677509295567339, 
-0.122562087691416, 0.358531664077572, -0.0732518037305048, 0.124841213168488, 
-0.112165368328949), .Names = c("x1", "x2", "x3", "x4", "x5", 
"x6", "x7")), residuals = structure(c(-7.19147677247579, 0.4624222416278, 
2.00259983172577, 0.900737711082802, 4.84965560802833, -7.65071338207514, 
-7.4341009170892, 2.02754272523999, -3.46327394199275, 9.67763168972232, 
8.10881027229948, 12.876156657823, 0.628625866010082, 1.92406224087871, 
-3.57672384520095, -5.56613236413958, -1.5546391408139, -5.4817709680497, 
8.23353051392722, 0.543787295728553, -8.75164630940826, -2.82052668483517, 
-3.93079638836996, 4.33717255017278, -9.89009220798039, 7.1740950632161, 
3.56506265494786), .Names = c("1", "2", "3", "4", "5", "6", "7", 
"8", "9", "10", "11", "12", "14", "15", "16", "17", "19", "20", 
"21", "22", "23", "24", "26", "27", "28", "29", "30")), effects = structure(c(-335.248056309443, 
55.507881731414, 5.01730832808559, 12.937982009321, -1.27807960301797, 
3.83656746731035, -4.48234810890609, 6.55774817002024, -4.53701432957532, 
10.3743211815956, 8.60431330514325, 15.2400550422596, -0.42328367494025, 
4.08676992628301, -3.54646253437172, -2.63922960816366, 0.961541865676707, 
-5.51973024679098, 9.39019040524399, 1.44011633722753, -7.79988851943151, 
-5.87672228489005, 1.94586211903338, 5.91204773846557, -9.87559387134974, 
8.23985148398209, 5.43116699689434), .Names = c("x1", "x2", "x3", 
"x4", "x5", "x6", "x7", "", "", "", "", "", "", "", "", "", "", 
"", "", "", "", "", "", "", "", "", "")), rank = 7L, fitted.values = structure(c(50.1914767724758, 
62.5375777583722, 68.9974001682742, 60.0992622889172, 76.1503443919717, 
50.6507133820751, 65.4341009170892, 68.97245727476, 75.4632739419928, 
57.3223683102777, 55.8911897277005, 54.123843342177, 67.3713741339899, 
75.0759377591213, 84.5767238452009, 79.5661323641396, 66.5546391408139, 
55.4817709680497, 41.7664694860728, 63.4562127042714, 61.7516463094083, 
42.8205266848352, 69.93079638837, 73.6628274498272, 57.8900922079804, 
77.8259049367839, 78.4349373450521), .Names = c("1", "2", "3", 
"4", "5", "6", "7", "8", "9", "10", "11", "12", "14", "15", "16", 
"17", "19", "20", "21", "22", "23", "24", "26", "27", "28", "29", 
"30")), assign = 1:7, qr = structure(list(qr = structure(c(-5.19615242270663, 
0.192450089729875, 0.192450089729875, 0.192450089729875, 0.192450089729875, 
0.192450089729875, 0.192450089729875, 0.192450089729875, 0.192450089729875, 
0.192450089729875, 0.192450089729875, 0.192450089729875, 0.192450089729875, 
0.192450089729875, 0.192450089729875, 0.192450089729875, 0.192450089729875, 
0.192450089729875, 0.192450089729875, 0.192450089729875, 0.192450089729875, 
0.192450089729875, 0.192450089729875, 0.192450089729875, 0.192450089729875, 
0.192450089729875, 0.192450089729875, -350.644063487833, 69.9767157041593, 
-0.0740027970375246, 0.0260304773103873, -0.188326539149424, 
0.140354219422287, -0.0311313937455624, -0.145455135857462, -0.245488410205373, 
0.0546114128383621, 0.168935154950261, 0.0689018806023495, -0.259778877969361, 
-0.174036071385436, -0.359812152317273, -0.288359813497336, -0.0740027970375246, 
0.0974828161303243, 0.354711235882098, 0.0546114128383621, -0.0168409259815749, 
0.39758263917406, -0.174036071385436, -0.145455135857462, 0.111773283894312, 
-0.288359813497336, -0.245488410205373, -275.203628313722, 37.1192253786653, 
-51.7989002803227, -0.0646111375218958, 0.00305168115368953, 
0.0897822602435688, -0.161113265566024, -0.0838415133947335, 
0.273352707176091, -0.045318217241926, 0.186296897169124, 0.00293910122085157, 
0.476065967811465, -0.0259127170291181, -0.228538415494507, 0.0899698934649654, 
-0.112830929340394, 0.427646033890144, -0.074407704238998, 0.0898197868878481, 
0.0415874861879235, 0.128280538633523, 0.205752432907637, 0.0706019198964369, 
-0.0260378058433825, 0.22510789759474, -0.363726455149987, -293.67883692779, 
37.9020254461815, -7.52187192325024, 43.33126643185, -0.121492937648673, 
0.135014367433991, -0.0835009050119497, 0.064907370321727, -6.93956314350381e-05, 
0.0915809510779477, -0.178492309224744, 0.280997970441483, 0.591510443853834, 
-0.282447065505078, -0.194720363674145, -0.0742433357923988, 
-0.0527603812070296, 0.0603482267727822, 0.123980681013588, -0.206851483211803, 
0.114317693405659, -0.395054295483173, 0.00709158923035469, -0.31901745600949, 
0.0955309830565158, -0.0726614600816332, -0.0404954151910349, 
-339.28950819377, 36.8715239374229, -8.58423415944909, 19.7034837366774, 
33.3796944967433, 0.0891282688594576, -0.00534326791010281, -0.0787541470762473, 
0.195243614382479, -0.0724219506765863, 0.215632463139881, -0.125555909291352, 
0.195615399430647, -0.0260201866444669, 0.607944339783501, -0.0104391317533713, 
-0.230835737455126, 0.0282513371371344, 0.118579321337855, 0.0901938159779225, 
-0.00439100325568319, 0.338586271621436, -0.427458024109425, 
-0.0225831698730062, 0.196518979383285, 0.101239274755126, 0.186282569069957, 
-389.711431702997, 9.93187509597131, -2.61272901832825, -6.25623984676714, 
23.716156902444, 44.3275858683189, 0.182279299001238, 0.347452835150716, 
-0.0700634810451851, -0.0226262379058824, 0.0839578858493574, 
0.188879609409066, 0.264852346800697, 0.00292032271933325, 0.319549858087797, 
0.0651426267113306, -0.0808066743243233, 0.0395020390664217, 
0.16788377950742, -0.145856573533361, -0.00554551552940012, 0.117042680194013, 
0.303292878343602, -0.0240498236872839, -0.211909929751971, 0.156608456154109, 
-0.0720024619440009, -228.630706599092, -4.63011155553189, -9.4763817706883, 
3.32809280449484, 15.9916612344481, 15.1324972637107, 39.9619613048534, 
0.237352696646441, -0.118567002086874, -0.158928991589274, 0.148042253729197, 
0.0601755894817132, -0.100075468128355, -0.0161665437497818, 
-0.159443904636637, 0.256718522525923, -0.0292442479295331, 0.0312851343868538, 
0.130985068335602, 0.219871148549294, 0.0237991954129205, -0.663210405529611, 
0.257759200438976, -0.0729565667090207, 0.334812195479837, -0.0741549046477422, 
0.192171011798074), .Dim = c(27L, 7L), .Dimnames = list(c("1", 
"2", "3", "4", "5", "6", "7", "8", "9", "10", "11", "12", "14", 
"15", "16", "17", "19", "20", "21", "22", "23", "24", "26", "27", 
"28", "29", "30"), c("x1", "x2", "x3", "x4", "x5", "x6", "x7"
)), assign = 1:7), qraux = c(1.19245008972988, 1.0117400095464, 
1.31188851221032, 1.1092741072632, 1.1175208252798, 1.61881679450509, 
1.2077670671408), pivot = 1:7, tol = 1e-07, rank = 7L), .Names = c("qr", 
"qraux", "pivot", "tol", "rank"), class = "qr"), df.residual = 20L, 
    xlevels = structure(list(), .Names = character(0)), call = quote(lm(formula = y ~ 
        . + 0, data = structure(list(y = c(43, 63, 71, 61, 81, 
        43, 58, 71, 72, 67, 64, 67, 68, 77, 81, 74, 65, 50, 50, 
        64, 53, 40, 66, 78, 48, 85, 82), x1 = c(1, 1, 1, 1, 1, 
        1, 1, 1, 1, 1, 1, 1, 1, 1, 1, 1, 1, 1, 1, 1, 1, 1, 1, 
        1, 1, 1, 1), x2 = c(51, 64, 70, 63, 78, 55, 67, 75, 82, 
        61, 53, 60, 83, 77, 90, 85, 70, 58, 40, 61, 66, 37, 77, 
        75, 57, 85, 82), x3 = c(30, 51, 68, 45, 56, 49, 42, 50, 
        72, 45, 53, 47, 83, 54, 50, 64, 46, 68, 33, 52, 52, 42, 
        66, 58, 44, 71, 39), x4 = c(39, 54, 69, 47, 66, 44, 56, 
        55, 67, 47, 58, 39, 45, 72, 72, 69, 57, 54, 34, 62, 50, 
        58, 63, 74, 45, 71, 59), x5 = c(61, 63, 76, 54, 71, 54, 
        66, 70, 71, 62, 58, 59, 59, 79, 60, 79, 75, 64, 43, 66, 
        63, 50, 88, 80, 51, 77, 64), x6 = c(92, 73, 86, 84, 83, 
        49, 68, 66, 83, 80, 67, 74, 77, 77, 54, 79, 85, 78, 64, 
        80, 80, 57, 76, 78, 83, 74, 78), x7 = c(63, 34, 48, 52, 
        36, 35, 35, 35, 52, 55, 34, 45, 49, 49, 34, 39, 55, 47, 
        33, 38, 47, 60, 46, 52, 31, 49, 35)), .Names = c("y", 
        "x1", "x2", "x3", "x4", "x5", "x6", "x7"),