
expected <- structure(list(coefficients = structure(c(-0.23020608555026, 
0.175637607381019, 0.260771507950587, -0.0664161086083608, 0.192279865985535, 
0.378329351021681, 0.09238637610561), .Names = c("x1", "x2", 
"x3", "x4", "x5", "x6", "x7")), residuals = structure(c(-26.8174832015874, 
9.13433917926441, 5.06613254799123, 5.38432546001775, 14.6843420220071, 
-21.785445000753, -15.6801424942525, 6.66871516032993, -0.752982408455706, 
-0.69312591333753, -11.2013141613855, 2.5132818390311, 1.19865862217485, 
6.6001245256876, 8.5001613638021, 12.0436742143119, 2.81560796487126, 
-8.07575950725658, -8.65691783862315, 6.62853250178468, -8.18085236078713, 
-21.0129529768676, -1.79946422509426, 14.5846136076449, -7.45682071057294, 
23.7840967451014, 17.8310097220727), .Names = c("1", "2", "3", 
"4", "5", "6", "7", "8", "9", "10", "11", "12", "14", "15", "16", 
"17", "19", "20", "21", "22", "23", "24", "26", "27", "28", "29", 
"30")), effects = structure(c(-226.601157325635, -236.604092825696, 
53.9755050307418, 18.286906822445, -33.3203897680459, -29.4155530527333, 
4.94705487017784, 5.04897295267116, 2.48261540520621, 2.58497970689114, 
-8.60237310661021, -6.26951439199808, 7.40710916905716, 18.1091520306559, 
17.1788741920408, 27.7135799462881, 3.80944477856688, -5.83351845984881, 
-20.5051515150518, 7.89579827749054, -7.72737183117282, -18.4133532487027, 
-4.86560468220171, 10.7651891950017, -6.19913551825486, 32.855234202812, 
17.4206310388117), .Names = c("x1", "x2", "x3", "x4", "x5", "x6", 
"x7", "", "", "", "", "", "", "", "", "", "", "", "", "", "", 
"", "", "", "", "", "")), rank = 7L, fitted.values = structure(c(69.8174832015874, 
53.8656608207356, 65.9338674520088, 55.6156745399823, 66.3156579779929, 
64.785445000753, 73.6801424942525, 64.3312848396701, 72.7529824084557, 
67.6931259133375, 75.2013141613855, 64.4867181609689, 66.8013413778252, 
70.3998754743124, 72.4998386361979, 61.9563257856881, 62.1843920351287, 
58.0757595072566, 58.6569178386231, 57.3714674982153, 61.1808523607871, 
61.0129529768676, 67.7994642250943, 63.4153863923551, 55.4568207105729, 
61.2159032548986, 64.1689902779273), .Names = c("1", "2", "3", 
"4", "5", "6", "7", "8", "9", "10", "11", "12", "14", "15", "16", 
"17", "19", "20", "21", "22", "23", "24", "26", "27", "28", "29", 
"30")), assign = 1:7, qr = structure(list(qr = structure(c(-7.35135852731282, 
-0.0446769890362828, 0.269908465515681, 0.269136857918406, -0.13328682447322, 
-0.0464440120165877, 0.251127856673375, 0.0263313302340124, 0.306073906665644, 
-0.149474688961865, -0.0649916169294419, 0.20425148329596, 0.0752351219215516, 
0.258762167413538, 0.0128189313611508, 0.14486888541863, 0.196415448416978, 
0.221984673092601, 0.23437240269095, 0.145983596551804, -0.0837824301231551, 
0.155003106310435, 0.0638003599701625, 0.232337757124208, 0.214613742693901, 
0.231719746264832, 0.227549068952056, -247.059990153908, -255.865904850863, 
0.03758755796588, 0.00314339947492812, 0.270795750610062, 0.266743618307943, 
0.0358265363129375, 0.295551291708354, -0.0474597886660895, 0.399462163745304, 
0.29602837875641, 0.0645733616468576, 0.128094614340835, -0.0456588628903614, 
0.234086453057378, 0.124701889717486, 0.0524506095043104, 0.051692834175532, 
0.0829560712316578, 0.111921649920465, 0.341176584454548, 0.185456707308009, 
0.291344019172282, -0.0206416608793618, 0.0234965574670427, 0.101100651625877, 
0.105049223257712, -188.309932462629, -182.592322987039, 83.6983447991469, 
0.0572402402072866, -0.468866758252608, 0.0196184792014975, 0.0440685767394049, 
-0.128977762341085, -0.387367934368053, -0.123650388972239, -0.431515307996815, 
0.0889402778169801, -0.128801248245219, -0.097286120645764, -0.27947038636847, 
0.0708931896299842, -0.215361267291376, -0.206422854843522, 0.22915934054153, 
-0.130680182771247, -0.123493070781244, 0.176469681548072, 0.210968855542964, 
0.0944056988058381, 0.00861589175076813, 0.127042127832995, 0.101344557540522, 
-201.937892626069, -222.578409848304, 15.9976900402209, 69.6779226478502, 
-0.407846340838146, -0.154701414891501, -0.00731733787381561, 
-0.0494661481325911, 0.274438660034719, 0.136362909341049, 0.362688279546927, 
0.0867233085890968, -0.377276132876894, 0.166375615136755, 0.0256424160002304, 
-0.199683706674355, -0.182295040073506, 0.232697826244146, 0.060423353697215, 
0.0410592519804758, 0.0220071262178625, -0.10104074804271, -0.0553465579927212, 
-0.180289299452359, -0.242888701364335, -0.0326337917208681, 
0.405580362820476, -239.03620908327, -242.336768447524, 44.8787144407091, 
39.7061686027873, -76.3734415261394, 0.17759281163781, 0.323309614500649, 
-0.144630969186188, 0.0788913626596115, 0.107013546495374, 0.0382261429492369, 
0.456844601033637, 0.133513583603858, 0.267613758869945, -0.0365008750477748, 
-0.218139921216924, 0.0315693064955255, -0.155808469040665, 0.38461950369342, 
-0.0546686182390421, -0.068669267913678, -0.244015317684541, 
-0.100565613221054, 0.338379296116797, 0.0910905200966678, -0.275565649941067, 
0.126399575413335, -235.605632917927, -259.809038214134, 60.3474700602999, 
34.7741751618109, -43.0172286420306, -74.1465241173594, 0.0928139238865424, 
-0.281946970004848, -0.101378566483599, 0.279694836926025, 0.271608031987438, 
-0.135355090075783, 0.110134357712932, 0.428282382185084, 0.213048600373609, 
0.33376432062283, -0.300019594626664, -0.142157163209802, -0.360319509288984, 
-0.129854296193079, 0.060779678155519, 0.00305307788381018, 0.0519792165749537, 
0.113641165963834, -0.16849329628592, 0.0831674401817835, 0.0256347021902237, 
-152.708086965948, -150.914759667873, 18.9570524956623, 22.9888376526046, 
-25.5517595901421, -14.7613399332861, 53.5474501621613, 0.109011666033942, 
-0.0659006676234472, 0.44221672531587, 0.020925020982909, -0.012448486814038, 
0.0376181469536584, 0.224926971011061, 0.211420146180161, 0.136130670776193, 
0.0148790707399486, -0.11688251722867, 0.0709873594290956, -0.00974694169221089, 
0.0702478411493408, -0.268058093384336, -0.352708818906513, -0.544948443094359, 
-0.0231150642308465, -0.0495662749256331, 0.210551797923167), .Dim = c(27L, 
7L), .Dimnames = list(c("1", "2", "3", "4", "5", "6", "7", "8", 
"9", "10", "11", "12", "14", "15", "16", "17", "19", "20", "21", 
"22", "23", "24", "26", "27", "28", "29", "30"), c("x1", "x2", 
"x3", "x4", "x5", "x6", "x7")), assign = 1:7), qraux = c(1.32950791011628, 
1.37450301820644, 1.06635547484318, 1.01307930679133, 1.10738639414302, 
1.25836551600692, 1.3284589532187), pivot = 1:7, tol = 1e-07, 
    rank = 7L), .Names = c("qr", "qraux", "pivot", "tol", "rank"
), class = "qr"), df.residual = 20L, xlevels = structure(list(), .Names = character(0)), 
    call = quote(lm(formula = y ~ . + 0, data = structure(list(y = c(43, 
        63, 71, 61, 81, 43, 58, 71, 72, 67, 64, 67, 68, 77, 81, 
        74, 65, 50, 50, 64, 53, 40, 66, 78, 48, 85, 82), x1 = c(2.42233078485034, 
        -0.328436564326539, 1.98419389956262, 1.97852153547265, 
        -0.979839233669655, -0.341426583780761, 1.84613091060161, 
        0.193571049051297, 2.25005902375443, -1.09884202931724, 
        -0.477776677318101, 1.50152588344405, 0.553080355091418, 
        1.90225346596146, 0.0942365603728335, 1.06498311616455, 
        1.44392038161612, 1.63188891947204, 1.72295556108891, 
        1.0731777573589, -0.615914682124847, 1.13948340733519, 
        0.469019320312282, 1.70799815205178, 1.57770256743133, 
        1.70345493265074, 1.67279478842279), x2 = c(75, 85, 75, 
        66, 37, 57, 70, 82, 62, 66, 60, 66, 51, 51, 63, 67, 61, 
        67, 78, 64, 67, 85, 90, 51, 58, 82, 82), x3 = c(65, 33, 
        52, 47, 58, 33, 50, 64, 83, 47, 72, 42, 46, 50, 64, 42, 
        64, 68, 39, 57, 50, 45, 42, 33, 44, 50, 52), x4 = c(72, 
        63, 57, 54, 69, 58, 59, 75, 42, 48, 34, 48, 72, 34, 57, 
        69, 69, 45, 57, 54, 57, 75, 75, 54, 66, 69, 39), x5 = c(62, 
        63, 64, 55, 80, 70, 88, 71, 71, 66, 61, 88, 79, 66, 66, 
        50, 77, 50, 88, 59, 59, 55, 66, 77, 71, 50, 63),