
expected <- structure(list(coefficients = structure(c(-1.0897103579182, 0.675811457584472, 
-0.0719625393740645, 0.396595109393086, -0.0453146532991642, 
0.122905319379842, -0.109379494781288), .Names = c("x1", "x2", 
"x3", "x4", "x5", "x6", "x7")), residuals = structure(c(-8.67761973079096, 
1.94819963012932, 2.15475639577069, 0.543912876641076, 5.73850897655786, 
-5.41509782867024, -6.46091113295724, 3.46015081815949, -6.42190770810635, 
9.12985820260182, 8.70186289436929, 12.5746503801887, -0.635620615107054, 
0.174649036119714, -3.17112350014213, -4.94895043229882, -2.08295057507192, 
-3.82267132941688, 10.4327694434061, -0.598566139425335, -9.67115206005715, 
-2.89525987508916, -3.84141876374316, 2.56805543284323, -7.66451584732998, 
7.12498955299244, 3.93074161702002), .Names = c("1", "2", "3", 
"4", "5", "6", "7", "8", "9", "10", "11", "12", "14", "15", "16", 
"17", "19", "20", "21", "22", "23", "24", "26", "27", "28", "29", 
"30")), effects = structure(c(279.37992753925, -193.137425045888, 
-0.360827397741291, 16.504637187297, -0.957907495243459, 7.46232200437478, 
-3.44211973976683, 2.69566020069553, -4.91655515355207, 5.81324850475176, 
6.82306410232878, 13.2331460130452, 0.306228307430415, 1.0373237557067, 
-5.74072520852415, -6.11974222081568, -4.96828829870773, -10.2843168301124, 
6.14403019993921, 0.463154548506322, -10.1190653956451, -10.8965334781244, 
-1.57446289478354, 2.53062839069084, -13.7830370574881, 4.41134327023901, 
1.86168840905338), .Names = c("x1", "x2", "x3", "x4", "x5", "x6", 
"x7", "", "", "", "", "", "", "", "", "", "", "", "", "", "", 
"", "", "", "", "", "")), rank = 7L, fitted.values = structure(c(51.677619730791, 
61.0518003698707, 68.8452436042293, 60.4560871233589, 75.2614910234421, 
48.4150978286702, 64.4609111329572, 67.5398491818405, 78.4219077081063, 
57.8701417973982, 55.2981371056307, 54.4253496198113, 68.6356206151071, 
76.8253509638803, 84.1711235001421, 78.9489504322988, 67.0829505750719, 
53.8226713294169, 39.5672305565939, 64.5985661394253, 62.6711520600572, 
42.8952598750892, 69.8414187637432, 75.4319445671568, 55.66451584733, 
77.8750104470076, 78.06925838298), .Names = c("1", "2", "3", 
"4", "5", "6", "7", "8", "9", "10", "11", "12", "14", "15", "16", 
"17", "19", "20", "21", "22", "23", "24", "26", "27", "28", "29", 
"30")), assign = 1:7, qr = structure(list(qr = structure(c(7.36964964236487, 
-0.114883960096447, -0.349766164967633, -0.195555489303026, -0.179327775904972, 
-0.31566275640558, -0.192243791745254, -0.226102501183303, -0.246331890542697, 
-0.161176146352692, -0.198719786060068, -0.0180776325916483, 
-0.285461840076198, -0.0913232485198592, -0.197860497260057, 
-0.0614184078895288, -0.191312872583049, -0.360589946706068, 
-0.109900196167359, 0.0211839036868502, -0.118378068901003, -0.183061719067668, 
0.0112294246031951, -0.128253110064848, -0.158245930295627, -0.274913278699776, 
-0.0448935473529357, 295.773495978466, -200.91301370662, -0.0632627927346324, 
0.0834011230913467, 0.177160201674169, -0.0977825000319824, 0.107208081010368, 
0.107174848748508, 0.1182059505506, 0.113910807579343, 0.0299039845642049, 
0.27735945846144, 0.0771275576407869, 0.275763623850509, 0.215074661521948, 
0.350779634877413, 0.123235601368639, -0.135729647177916, 0.0697393888972256, 
0.328547284797, 0.189170231164347, -0.0313030364815766, 0.396467388099386, 
0.222342883649815, 0.0974505374304491, 0.0994976958517639, 0.355297442625958, 
245.718525225205, -131.494582058513, -46.1473861709127, -0.150154414632556, 
-0.110731292668768, -0.0798199987733599, -0.269331027567354, 
-0.248784248400646, 0.104563701766174, -0.08348048169499, 0.164241520209461, 
0.131526027233939, 0.285488676877333, -0.042932762830329, -0.434528285241088, 
0.0910074392833902, -0.224983912086008, 0.239190456843935, 0.0162986886927497, 
0.268557855058213, 0.0429702568066918, 0.174301290702968, 0.32977344832854, 
0.0320758885078781, -0.0441249696369826, 0.00813853010697689, 
-0.38922552285857, 248.709331871987, -159.608234619285, -11.2225567097382, 
46.4858462588522, -0.0684184769810192, 0.0597556710548999, -0.100898336205473, 
0.0760768226895628, 0.0820638171345004, 0.0529764621732483, -0.214095929518938, 
0.250804001153448, 0.654285909935079, -0.213421017548564, -0.111803824566267, 
0.0325768924319238, -0.0537165306072756, 0.0335461872823694, 
-0.00476928301719288, -0.18452929860675, 0.111632110606584, -0.49019715933985, 
0.0962255886638843, -0.251083907617056, 0.0416231148682928, 0.0182460701783605, 
0.00403036603965019, 280.136204799846, -192.58650618178, -22.2821450841255, 
27.9021869121703, -34.8154904173723, 0.300782283304437, 0.315928646388231, 
0.330835522198507, -0.165796905859835, 0.280381157045494, -0.0226587723049991, 
0.0776937710249363, -0.28768203962503, 0.0560170895559257, -0.342675509789054, 
-0.139085772709717, 0.480393493868189, 0.198027973989977, 0.156035393419906, 
-0.212864688622525, 0.0652156839998377, -0.0196547438446695, 
0.117030356930058, 0.0601227271095782, 0.0281898349527318, -0.0135286812424946, 
-0.0466428277217114, 318.312716822084, -215.001179536363, -27.4593757517422, 
16.8553189288741, -46.605792564572, 61.5490707799469, 0.0271204991521957, 
0.244045263287506, -0.10197761219582, -0.113261743993993, -0.211199122748604, 
0.0846987988592155, 0.126480374732776, 0.0449594512021082, -0.0682365287487802, 
0.149884610056162, -0.00059135230501793, -0.104354803252768, 
-0.243281661763654, -0.213652890507678, -0.0817501881137355, 
-0.369101595175108, 0.536153951972643, 0.0211475745481249, -0.434610367878798, 
0.130868464869193, -0.166809115046083, 181.559012903099, -129.611594325475, 
-28.6552455526546, 25.0380798560794, -29.1877417566798, 0.936063908247656, 
31.469515805038, 0.0927333992784733, 0.467637294408528, 0.00948418818863971, 
0.189892004359811, 0.0401237254130385, 0.0455525891466591, 0.258993536394464, 
-0.143622686153244, -0.27595556391636, 0.116250156286212, -0.281527732495862, 
-0.110012021031879, 0.256959404909346, 0.182283939166594, -0.423664523353895, 
-0.188428058020038, 0.201946483122618, -0.168318637256091, -0.180465824928145, 
-0.00636813663550141), .Dim = c(27L, 7L), .Dimnames = list(c("1", 
"2", "3", "4", "5", "6", "7", "8", "9", "10", "11", "12", "14", 
"15", "16", "17", "19", "20", "21", "22", "23", "24", "26", "27", 
"28", "29", "30"), c("x1", "x2", "x3", "x4", "x5", "x6", "x7"
)), assign = 1:7), qraux = c(1.03510044077244, 1.18332821552035, 
1.07766427630688, 1.07124359873628, 1.01378025375502, 1.19791500786551, 
1.21949134219724), pivot = 1:7, tol = 1e-07, rank = 7L), .Names = c("qr", 
"qraux", "pivot", "tol", "rank"), class = "qr"), df.residual = 20L, 
    xlevels = structure(list(), .Names = character(0)), call = quote(lm(formula = y ~ 
        . + 0, data = structure(list(y = c(43, 63, 71, 61, 81, 
        43, 58, 71, 72, 67, 64, 67, 68, 77, 81, 74, 65, 50, 50, 
        64, 53, 40, 66, 78, 48, 85, 82), x1 = c(-0.25867795078543, 
        0.846654535438241, 2.57765409256505, 1.44117544180453, 
        1.32158287956416, 2.32632391985229, 1.41676939108228, 
        1.66629621698333, 1.81537972904105, 1.18781172932586, 
        1.4644952002684, 0.133225818563844, 2.10375374762637, 
        0.673020345793978, 1.45816254287071, 0.452632147737685, 
        1.40990884301146, 2.65742157178274, 0.809925941380608, 
        -0.156117948229687, 0.872404893140121, 1.34910073245774, 
        -0.0827569250108997, 0.945180486721588, 1.16621706360886, 
        2.02601454605116, 0.330849715194053), x2 = c(51, 64, 
        70, 63, 78, 55, 67, 75, 82, 61, 53, 60, 83, 77, 90, 85, 
        70, 58, 40, 61, 66, 37, 77, 75, 57, 85, 82), x3 = c(30, 
        51, 68, 45, 56, 49, 42, 50, 72, 45, 53, 47, 83, 54, 50, 
        64, 46, 68, 33, 52, 52, 42, 66, 58, 44, 71, 39), x4 = c(39, 
        54, 69, 47, 66, 44, 56, 55, 67, 47, 58, 39, 45, 72, 72, 
        69, 57, 54, 34, 62, 50, 58, 63, 74, 45, 71, 59),