
expected <- structure(list(coefficients = structure(c(25.0636844978854, 0.715745303276469, 
-0.105536930594187, 0.355168159552606, 0.0102310834462645, -0.217661645433077, 
-0.167062554404644), .Names = c("x1", "x2", "x3", "x4", "x5", 
"x6", "x7")), residuals = structure(c(-4.29250984077914, 3.60521730773243, 
0.54648470299276, 1.60826230617346, 5.80964632373374, -9.34518562098488, 
-8.10827778147668, 0.456027807528159, -9.56952948422285, 9.14815907672251, 
8.75291941784785, 8.20284861992125, -1.4723827857691, -3.76585038583088, 
3.65253784621731, -2.53123400821264, -3.13408630022985, 5.19334615272473, 
1.89526806780315, -9.05899750122771, -7.63223810501028, 8.70363132872897, 
-1.04512927426206, 3.43930275785588, -8.79018696273398, 4.35812477847624, 
3.37383155628162), .Names = c("1", "2", "3", "4", "5", "6", "7", 
"8", "9", "11", "12", "13", "14", "15", "18", "19", "20", "21", 
"22", "23", "24", "25", "26", "27", "28", "29", "30")), effects = structure(c(-330.436804066196, 
-51.0689079508119, 2.68611967430661, 13.3743426997647, -4.06745681732396, 
10.1701390964238, -6.22845410046016, 0.331384295298141, -10.6904110846343, 
13.8442273332063, 5.59229904643904, 7.67896862087962, -4.43986489771159, 
-5.56277016320622, 2.30890169064642, -1.46272745910654, -1.72596003973488, 
3.94139485891503, 4.77294952689245, -7.81403522335267, -8.08220393720392, 
13.7158919275372, -1.41520560916898, 5.59001175624563, -10.4222087265244, 
0.857577288110703, 0.889854140466054), .Names = c("x1", "x2", 
"x3", "x4", "x5", "x6", "x7", "", "", "", "", "", "", "", "", 
"", "", "", "", "", "", "", "", "", "", "", "")), rank = 7L, 
    fitted.values = structure(c(47.2925098407791, 59.3947826922676, 
    70.4535152970072, 59.3917376938265, 75.1903536762663, 52.3451856209849, 
    66.1082777814767, 70.5439721924718, 81.5695294842228, 54.8518409232775, 
    58.2470805821522, 60.7971513800787, 69.4723827857691, 80.7658503858309, 
    61.3474621537827, 67.5312340082126, 53.1340863002298, 44.8066538472753, 
    62.1047319321969, 62.0589975012277, 47.6322381050103, 54.296368671271, 
    67.0451292742621, 74.5606972421441, 56.790186962734, 80.6418752215238, 
    78.6261684437184), .Names = c("1", "2", "3", "4", "5", "6", 
    "7", "8", "9", "11", "12", "13", "14", "15", "18", "19", 
    "20", "21", "22", "23", "24", "25", "26", "27", "28", "29", 
    "30")), assign = 1:7, qr = structure(list(qr = structure(c(-5.19615242270663, 
    0.192450089729875, 0.192450089729875, 0.192450089729875, 
    0.192450089729875, 0.192450089729875, 0.192450089729875, 
    0.192450089729875, 0.192450089729875, 0.192450089729875, 
    0.192450089729875, 0.192450089729875, 0.192450089729875, 
    0.192450089729875, 0.192450089729875, 0.192450089729875, 
    0.192450089729875, 0.192450089729875, 0.192450089729875, 
    0.192450089729875, 0.192450089729875, 0.192450089729875, 
    0.192450089729875, 0.192450089729875, 0.192450089729875, 
    0.192450089729875, 0.192450089729875, -339.09705810404, -64.6156729066964, 
    0.108983611697181, 0.000650761707243416, 0.232792583114252, 
    -0.123158209709828, 0.062555247415779, 0.18636421883285, 
    0.294697068822788, -0.154110452564096, -0.0457776025741583, 
    -0.0148253597198905, 0.310173190249921, 0.217316461687118, 
    -0.0457776025741583, 0.108983611697181, -0.0767298454284261, 
    -0.355300031116836, -0.0303014811470244, 0.0470791259886451, 
    -0.401728395398238, -0.138634331136962, 0.217316461687118, 
    0.18636421883285, -0.09220596685556, 0.341125433104189, 0.294697068822788, 
    -276.165878762371, -38.1635422496297, -51.8743814456437, 
    -0.0855473432092191, -0.04856337822439, 0.0849309466482844, 
    -0.190063826433519, -0.12921405674444, 0.213189566166732, 
    0.185382533999306, -0.011979315364881, 0.157451833421777, 
    0.413569170333353, -0.0754469377310734, 0.335012773954993, 
    -0.147967824504566, 0.416187023010466, -0.0484397098142874, 
    0.0727362590284481, 0.0143806736063798, 0.160069686098891, 
    -0.0383393043361418, 0.155881121815509, 0.0250046496199481, 
    -0.0347979789982857, 0.158898876617943, -0.42296259758637, 
    -289.252484864003, -31.3907329613699, -13.3466992843226, 
    48.2336760195802, -0.136472883490647, 0.140388076539147, 
    -0.101260795485054, 0.0269506847315662, -0.00615291317959386, 
    -0.128078914877611, 0.254458693873492, 0.284006477751736, 
    0.544488861880237, -0.282411587864147, -0.345938555488481, 
    -0.0735791413930778, 0.103119148399489, 0.13807943157391, 
    -0.176514074493189, 0.0989021682106239, -0.302490055363458, 
    -0.0046328365620625, 0.00149287179026787, -0.302089745621851, 
    0.0897596230145777, -0.0812154818399324, -0.107903985368068, 
    -334.478255950523, -38.7894653829049, 0.555667010559441, 
    19.0140992758694, 32.1220941799484, 0.0644213454757995, 0.0522421677534954, 
    -0.0210833672358523, 0.163670913661582, 0.140162659569243, 
    -0.111606539492539, 0.0561403290095904, 0.14546592893897, 
    -0.00441921145649144, 0.56382389376036, -0.188644216175881, 
    -0.101678496626264, 0.114186051183665, 0.0536649202013496, 
    0.00290461537673168, 0.238031508303309, -0.23220855273184, 
    -0.472311567154308, -0.0370957764954307, 0.212842629828227, 
    0.0817780411828128, 0.347018395759617, -379.511576947314, 
    -4.56144349322713, 0.0622463252810412, -1.16149012306492, 
    6.21826753612212, -43.842176168152, 0.0760945887130246, -0.0719214542709184, 
    -0.266161517259646, 0.30418141358515, -0.443522811017307, 
    -0.24078320651176, 0.00542718142613929, -0.441900541524702, 
    0.286500665374697, -0.0936415206539911, 0.172761882023646, 
    -0.302457378461438, 0.127893915661225, 0.0531308639987164, 
    -0.180691557989344, 0.0913220210015137, -0.00645699558935559, 
    0.0569694434682179, -0.124261255343238, -0.224913430628529, 
    -0.0832214622421888, -220.932703009897, -10.2044959173061, 
    -11.7299946118344, 25.1646453224406, 18.2124732291761, -3.75535316416487, 
    37.2821672855196, 0.0677925078046184, 0.419277429170143, 
    0.279681097986563, -0.125189358799425, 0.269088045843155, 
    -0.0388031770031762, 0.1917149918503, -0.363080456121659, 
    0.0590201484490032, -0.167480295582031, -0.054126507106143, 
    0.179321580997568, 0.102602949306072, -0.143490000587212, 
    0.319894260893801, -0.419542974265577, 0.173118967155225, 
    -0.0909428420094316, -0.124410796535422, -0.00477118285990294
    ), .Dim = c(27L, 7L), .Dimnames = list(c("1", "2", "3", "4", 
    "5", "6", "7", "8", "9", "11", "12", "13", "14", "15", "18", 
    "19", "20", "21", "22", "23", "24", "25", "26", "27", "28", 
    "29", "30"), c("x1", "x2", "x3", "x4", "x5", "x6", "x7")), assign = 1:7), 
        qraux = c(1.19245008972988, 1.01612688313438, 1.2761336179975, 
        1.08835711112596, 1.14919751195942, 1.16458045984198, 
        1.23107290686721), pivot = 1:7, tol = 1e-07, rank = 7L), .Names = c("qr", 
    "qraux", "pivot", "tol", "rank"), class = "qr"), df.residual = 20L, 
    xlevels = structure(list(), .Names = character(0)), call = quote(lm(formula = y ~ 
        . + 0, data = structure(list(y = c(43, 63, 71, 61, 81, 
        43, 58, 71, 72, 64, 67, 69, 68, 77, 65, 65, 50, 50, 64, 
        53, 40, 63, 66, 78, 48, 85, 82), x1 = c(1, 1, 1, 1, 1, 
        1, 1, 1, 1, 1, 1, 1, 1, 1, 1, 1, 1, 1, 1, 1, 1, 1, 1, 
        1, 1, 1, 1), x2 = c(51, 64, 70, 63, 78, 55, 67, 75, 82, 
        53, 60, 62, 83, 77, 60, 70, 58, 40, 61, 66, 37, 54, 77, 
        75, 57, 85, 82), x3 = c(30, 51, 68, 45, 56, 49, 42, 50, 
        72, 53, 47, 57, 83, 54, 65, 46, 68, 33, 52, 52, 42, 42, 
        66, 58, 44, 71, 39), x4 = c(39, 54, 69, 47, 66, 44, 56, 
        55, 67, 58, 39, 42, 45, 72, 75, 57, 54, 34, 62, 50, 58, 
        48, 63, 74, 45, 71, 59), x5 = c(61, 63, 76, 54, 71, 54, 
        66, 70, 71, 58, 59, 55, 59, 79, 55, 75, 64, 43, 66, 63, 
        50, 66, 88, 80, 51, 77, 64),