
expected <- structure(list(coefficients = structure(c(37.2760283345821, 0.515156789008052, 
-0.0678217922173117, 0.357852231064437, 0.0816279862664097, -0.313263099509545, 
-0.125889963048234), .Names = c("x1", "x2", "x3", "x4", "x5", 
"x6", "x7")), residuals = structure(c(-5.78402938477471, 3.66393048228129, 
2.56130515672678, 7.0242258387647, -10.0984866321945, -7.21625639024376, 
1.73869130168035, -8.45597527672215, 8.12761912535328, 7.80646023325176, 
6.24738551493886, 7.32684739876328, 1.51643581260131, -4.84776088789027, 
-4.3914232101893, -1.18532302355829, 1.88244378921329, -2.76446959987795, 
-5.48412578552997, 0.68920543525641, -8.69236750728982, 7.09181978927995, 
-2.06969085012668, 3.61270238944495, -10.1497378849935, 4.97070413386642, 
6.87987003196825), .Names = c("1", "2", "4", "5", "6", "7", "8", 
"9", "10", "11", "12", "13", "14", "15", "16", "17", "18", "19", 
"20", "21", "23", "25", "26", "27", "28", "29", "30")), effects = structure(c(-339.4819582835, 
47.9679701362602, -3.77147328366682, -12.3774262568539, -2.46364215164805, 
13.4644535955775, -4.76930145368414, -7.2746680064018, 8.74414962942825, 
7.41220785405526, 5.7948991569674, 9.21907159256567, 14.1377061754239, 
-10.3518522129403, -0.187591409287679, 2.58927094826932, 4.49457671186757, 
-4.66733253959094, -2.78407091643456, -2.24093187761099, -6.40514756117013, 
4.04890713657099, -1.07772939608826, 1.3839623464898, -8.87160256356961, 
7.06627462245822, 9.84788505698034), .Names = c("x1", "x2", "x3", 
"x4", "x5", "x6", "x7", "", "", "", "", "", "", "", "", "", "", 
"", "", "", "", "", "", "", "", "", "")), rank = 7L, fitted.values = structure(c(48.7840293847747, 
59.3360695177187, 58.4386948432732, 73.9757741612353, 53.0984866321945, 
65.2162563902438, 69.2613086983197, 80.4559752767221, 58.8723808746467, 
56.1935397667482, 60.7526144850611, 61.6731526012367, 66.4835641873987, 
81.8477608878903, 85.3914232101893, 75.1853230235583, 63.1175562107867, 
67.7644695998779, 55.48412578553, 49.3107945647436, 61.6923675072898, 
55.9081802107201, 68.0696908501267, 74.3872976105551, 58.1497378849935, 
80.0292958661336, 75.1201299680318), .Names = c("1", "2", "4", 
"5", "6", "7", "8", "9", "10", "11", "12", "13", "14", "15", 
"16", "17", "18", "19", "20", "21", "23", "25", "26", "27", "28", 
"29", "30")), assign = 1:7, qr = structure(list(qr = structure(c(-5.19615242270663, 
0.192450089729875, 0.192450089729875, 0.192450089729875, 0.192450089729875, 
0.192450089729875, 0.192450089729875, 0.192450089729875, 0.192450089729875, 
0.192450089729875, 0.192450089729875, 0.192450089729875, 0.192450089729875, 
0.192450089729875, 0.192450089729875, 0.192450089729875, 0.192450089729875, 
0.192450089729875, 0.192450089729875, 0.192450089729875, 0.192450089729875, 
0.192450089729875, 0.192450089729875, 0.192450089729875, 0.192450089729875, 
0.192450089729875, 0.192450089729875, -352.183664205672, 64.6889995800419, 
0.0319993232125807, -0.199879359366827, 0.155667953921598, -0.0298349921419281, 
-0.153503622850946, -0.261713674721336, 0.0629164808898351, 0.186585111598853, 
0.0783750597284623, 0.0474579020512079, -0.277172253559963, -0.1844207805282, 
-0.385382305430354, -0.308089411237218, 0.0783750597284623, -0.0762107286578097, 
0.109292217405717, 0.387546636501006, -0.0143764133033009, 0.171126532760225, 
-0.1844207805282, -0.153503622850946, 0.124750796244344, -0.308089411237218, 
-0.261713674721336, -275.588528493181, 34.8470719420076, 52.7318171508579, 
-0.00302588873069625, -0.0902646576236263, 0.157257799394405, 
0.0820635886736593, -0.268189587627373, 0.0429785122827351, -0.185249401711592, 
-0.00451385976124781, -0.17502347479897, -0.467227691914387, 
0.0253372704040889, 0.225532685492643, -0.0877847059060403, -0.345863750065704, 
0.110096087579433, -0.421884611358978, 0.069688370272463, -0.0419456350071147, 
0.0329179154846191, -0.202229323132215, -0.0696474736838769, 
0.0236839692590316, -0.220531885468885, 0.357618544597464, -289.060034774273, 
42.7395352490623, 7.58598380241519, -43.6128567367463, -0.082562417843346, 
0.083462585487816, -0.0755820515145921, 0.00542536610869037, 
-0.065835650466478, 0.242456890713533, -0.247261274047552, -0.252524263626296, 
-0.566053919392197, 0.270177073640488, 0.134034117241475, 0.0552691144573855, 
0.488135826620449, 0.0503456045159889, 0.0156421294048419, -0.0516331758695666, 
-0.0921261415763596, 0.0561839639606067, 0.00378419612822483, 
0.320048159909756, -0.0586438059743317, 0.0661086535406638, -0.0129195773925251, 
-336.210306758092, 34.3214802614943, 2.22433458214142, -15.0478369131155, 
37.1521272902704, -0.0374601498146478, -0.0653487120640131, 0.138130185142434, 
-0.0383945646106891, 0.129786979720916, -0.0243578643669359, 
0.158865371339088, 0.325217087068073, -0.137242779638185, 0.456474543060338, 
-0.0669189733086741, 0.446674051791264, -0.234794352486996, 0.0259014783272711, 
0.166045712013644, 0.0218094808812521, -0.200514755944425, -0.411294858343322, 
-0.148102529415978, 0.207769606822958, 0.0285686891143607, 0.142034990875549, 
-382.975678562452, -3.07282194914487, 4.72912099937129, -5.03275869018643, 
7.98990985926684, -40.2325178167975, 0.0399149982557672, -0.197798698921754, 
-0.0165015908403263, 0.123389105427576, -0.442714156301941, -0.242886284496431, 
0.247696058911325, -0.452862798701288, -0.0730482986843768, 0.161701394396117, 
0.0251994240649239, -0.0387760694347943, 0.0879023825273463, 
-0.531791089646778, 0.0874891669784627, 0.0218653041347622, 0.125960412369709, 
0.0525489580685972, -0.208654201191464, -0.129476517723556, 0.0576212601605405, 
-221.317603189357, 16.3019301952679, 12.7879695700635, -22.8872802742183, 
23.7775235457291, -6.84002395714861, 37.884683879499, 0.445104649420418, 
0.000584842877458796, 0.314110704757455, -0.0818796385274767, 
0.294332672353035, -0.0367195885035675, 0.237448353264487, -0.0575963789761623, 
-0.310386093483958, -0.340050019110685, 0.0894897537967566, -0.0717720883539665, 
-0.0283613087608023, 0.111547645717837, 0.36941211720773, -0.30861237452744, 
0.216819261837839, -0.0980891794050595, -0.0853517901435428, 
-0.104900520097483), .Dim = c(27L, 7L), .Dimnames = list(c("1", 
"2", "4", "5", "6", "7", "8", "9", "10", "11", "12", "13", "14", 
"15", "16", "17", "18", "19", "20", "21", "23", "25", "26", "27", 
"28", "29", "30"), c("x1", "x2", "x3", "x4", "x5", "x6", "x7"
)), assign = 1:7), qraux = c(1.19245008972988, 1.01654074437395, 
1.06210772519193, 1.1105858676205, 1.1217415644853, 1.08846621252836, 
1.06183944085623), pivot = 1:7, tol = 1e-07, rank = 7L), .Names = c("qr", 
"qraux", "pivot", "tol", "rank"), class = "qr"), df.residual = 20L, 
    xlevels = structure(list(), .Names = character(0)), call = quote(lm(formula = y ~ 
        . + 0, data = structure(list(y = c(43, 63, 61, 81, 43, 
        58, 71, 72, 67, 64, 67, 69, 68, 77, 81, 74, 65, 65, 50, 
        50, 53, 63, 66, 78, 48, 85, 82), x1 = c(1, 1, 1, 1, 1, 
        1, 1, 1, 1, 1, 1, 1, 1, 1, 1, 1, 1, 1, 1, 1, 1, 1, 1, 
        1, 1, 1, 1), x2 = c(51, 64, 63, 78, 55, 67, 75, 82, 61, 
        53, 60, 62, 83, 77, 90, 85, 60, 70, 58, 40, 66, 54, 77, 
        75, 57, 85, 82), x3 = c(30, 51, 45, 56, 49, 42, 50, 72, 
        45, 53, 47, 57, 83, 54, 50, 64, 65, 46, 68, 33, 52, 42, 
        66, 58, 44, 71, 39), x4 = c(39, 54, 47, 66, 44, 56, 55, 
        67, 47, 58, 39, 42, 45, 72, 72, 69, 75, 57, 54, 34, 50, 
        48, 63, 74, 45, 71, 59), x5 = c(61, 63, 54, 71, 54, 66, 
        70, 71, 62, 58, 59, 55, 59, 79, 60, 79, 55, 75, 64, 43, 
        63, 66, 88, 80, 51, 77, 64), x6 = c(83, 83, 80, 74, 80, 
        79, 75, 64, 75, 83, 57, 64, 78, 57, 67, 79, 78, 74, 80, 
        57, 78, 79, 80, 78, 67, 67, 74), x7 = c(45, 47, 35, 47, 
        34, 35, 41, 31, 41, 34, 41, 25, 35, 46, 36, 63, 60, 46, 
        52, 33, 37, 33, 72, 49, 38, 55, 39)), .Names = c("y", 
        "x1", "x2", "x3", "x4", "x5", "x6", "x7"),