
expected <- structure(list(coefficients = structure(c(32.1014580929676, -0.0762102575520809, 
0.203601742995655, 0.378564991474791, 0.519293639118272, -0.145689467566597, 
-0.382224130670507), .Names = c("x1", "x2", "x3", "x4", "x5", 
"x6", "x7")), residuals = structure(c(-5.71222211162334, 2.20595060331017, 
-5.00879940783279, 10.2710818872084, -10.1921969245061, -0.346700765829728, 
-8.3282765678208, 7.41803469086702, -3.56251056569881, 11.1041465363897, 
3.60554613655243, -0.0390748595946321, -1.46107616997776, 6.58028268737981, 
0.132216152636501, 3.7773812376856, -1.6917329360515, 4.16561155160674, 
-3.39104230276005, -9.05717543486897, -17.120705768065, -0.0792527998326676, 
-4.24482977339211, -0.726073101585545, -5.23755625443808, 9.63168245360048, 
17.307291806641), .Names = c("1", "2", "3", "5", "7", "8", "9", 
"10", "11", "12", "13", "14", "15", "16", "17", "18", "19", "21", 
"22", "23", "24", "25", "26", "27", "28", "29", "30")), effects = structure(c(-343.523410167827, 
15.1794398429281, -29.0232625799397, -23.8241448734974, -12.308670964934, 
-7.31688870667656, -15.7139379988431, 9.58496764521662, -4.34571167498421, 
14.4285411594448, 7.57655534587273, 6.50869149160073, -1.26467977862698, 
1.38449658730365, 0.408472104420097, -3.52020798711756, 0.842456812787562, 
3.46183289465396, -3.53313006012269, -6.44942246027791, -23.4184455081889, 
2.95045685659407, -1.55149253810364, -0.737287531247515, -4.97246772920218, 
9.89475241306347, 16.3119145833321), .Names = c("x1", "x2", "x3", 
"x4", "x5", "x6", "x7", "", "", "", "", "", "", "", "", "", "", 
"", "", "", "", "", "", "", "", "", "")), rank = 7L, fitted.values = structure(c(48.7122221116233, 
60.7940493966898, 76.0087994078328, 70.7289181127915, 68.1921969245061, 
71.3467007658297, 80.3282765678208, 59.581965309133, 67.5625105656988, 
55.8958534636103, 65.3944538634476, 68.0390748595946, 78.4610761699778, 
74.4197173126202, 73.8677838473635, 61.2226187623144, 66.6917329360515, 
45.8343884483933, 67.3910423027601, 62.057175434869, 57.120705768065, 
63.0792527998327, 70.2448297733921, 78.7260731015855, 53.2375562544381, 
75.3683175463995, 64.692708193359), .Names = c("1", "2", "3", 
"5", "7", "8", "9", "10", "11", "12", "13", "14", "15", "16", 
"17", "18", "19", "21", "22", "23", "24", "25", "26", "27", "28", 
"29", "30")), assign = 1:7, qr = structure(list(qr = structure(c(-5.19615242270663, 
0.192450089729875, 0.192450089729875, 0.192450089729875, 0.192450089729875, 
0.192450089729875, 0.192450089729875, 0.192450089729875, 0.192450089729875, 
0.192450089729875, 0.192450089729875, 0.192450089729875, 0.192450089729875, 
0.192450089729875, 0.192450089729875, 0.192450089729875, 0.192450089729875, 
0.192450089729875, 0.192450089729875, 0.192450089729875, 0.192450089729875, 
0.192450089729875, 0.192450089729875, 0.192450089729875, 0.192450089729875, 
0.192450089729875, 0.192450089729875, -338.519707834851, -68.8723994602149, 
-0.0715989405823518, -0.0861185450659689, -0.0715989405823518, 
-0.420069448189161, -0.0570793360987348, -0.12967735851682, -0.0715989405823518, 
-0.0570793360987348, -0.187755776451288, -0.187755776451288, 
-0.173236171967671, -0.0715989405823518, -0.420069448189161, 
0.276871567024457, 0.0590774997702015, 0.233312753573606, 0.131675522188287, 
0.276871567024457, -0.115157754033203, 0.276871567024457, 0.233312753573606, 
-0.0715989405823518, -0.0570793360987348, 0.233312753573606, 
-0.0715989405823518, -275.588528493181, 7.32003171225911, -63.1140245800764, 
0.0996158808021891, -0.121152984751328, -0.0196433977447634, 
0.355229064927549, -0.0778274886126431, 0.0531347440567705, -0.0408794096363113, 
0.108097058369031, 0.520049871915445, 0.0616159216236126, 0.00560172710910732, 
0.202177348010998, 0.268511936701294, -0.0483087070009087, -0.24166255134718, 
0.0520167279056407, 0.0625355299280869, -0.124308625358062, -0.0959078598974571, 
0.281200635077115, 0.132356438969542, -0.0884124265839744, 0.360422329989887, 
-0.168686001698991, -297.527838722387, 4.6468111978865, -30.5910762030665, 
-52.6286840764099, 0.10683323149187, -0.00602019132573538, 0.0014553987656588, 
-0.0973072398653244, 0.0294079055194924, -0.268238827417307, 
-0.31988414404052, -0.535709446976331, 0.28204012879789, 0.326902741415952, 
0.113086819558815, 0.236410020605714, 0.087575107940638, -0.208082127397599, 
0.121683500880194, -0.102201887915019, 0.143597175960995, -0.0352699634139301, 
-0.00333406787904333, 0.280957619857441, -0.122752352368044, 
0.0962072856117088, 0.195316571223435, -340.05930855269, 5.86269363260715, 
-23.4756135756446, -24.1028594372439, -41.5240078055133, 0.0807306896133472, 
-0.0855986498087311, 0.0203661219795307, -0.223384752494671, 
0.0326247976439796, -0.149001478162769, -0.193378151846002, 0.11790572553207, 
-0.314306817250394, 0.0876225072332025, -0.499795643365952, 0.237172266599374, 
-0.215416754080001, -0.0524618219998845, 0.0176460454975927, 
-0.373986608758977, 0.153172390240731, 0.416953642385253, 0.112388369092995, 
-0.212507740903592, 0.0446198525412955, -0.0314411335439033, 
-391.058582331106, -6.93983318003993, -7.75644625665279, 0.966103555064644, 
-19.7903230266676, 39.651875119685, -0.0421089151886677, -0.0817005980466206, 
0.231330809506524, 0.0761802767584968, 0.341927587834073, 0.0907384863833857, 
0.0868498805079353, 0.539194597672753, 0.0508380494851937, -0.0769658256703289, 
-0.120024246582575, 0.214308414670916, -0.0362023690573017, -0.0226768991033478, 
0.393191380552448, 0.0953421421597202, 0.259288673250108, 0.0861641112245601, 
-0.22259941387892, 0.239784931553288, -0.052068634171205, -224.589254714764, 
-6.86938621013793, -16.9227348404099, -22.9091898324983, -16.668860030537, 
4.02912325229417, 41.111841817201, -0.0411642984536039, 0.196317044790901, 
-0.10997988939776, 0.234536330867034, 0.0523151519529205, 0.0995248658367174, 
0.251504678658416, -0.400855860703075, -0.200622708306973, 0.0328462179917572, 
0.0354822417554554, 0.16672880406204, 0.190723164143616, -0.22922463769747, 
0.278144767989366, -0.463192105867249, 0.0750304591304566, -0.00925067938714363, 
-0.0360469016684762, 0.127020653433794), .Dim = c(27L, 7L), .Dimnames = list(
    c("1", "2", "3", "5", "7", "8", "9", "10", "11", "12", "13", 
    "14", "15", "16", "17", "18", "19", "21", "22", "23", "24", 
    "25", "26", "27", "28", "29", "30"), c("x1", "x2", "x3", 
    "x4", "x5", "x6", "x7")), assign = 1:7), qraux = c(1.19245008972988, 
1.23331275357361, 1.29079982879509, 1.14952334670526, 1.03671640802397, 
1.30007146331047, 1.42628025468957), pivot = 1:7, tol = 1e-07, 
    rank = 7L), .Names = c("qr", "qraux", "pivot", "tol", "rank"
), class = "qr"), df.residual = 20L, xlevels = structure(list(), .Names = character(0)), 
    call = quote(lm(formula = y ~ . + 0, data = structure(list(y = c(43, 
        63, 71, 81, 58, 71, 72, 67, 64, 67, 69, 68, 77, 81, 74, 
        65, 65, 50, 64, 53, 40, 63, 66, 78, 48, 85, 82), x1 = c(1, 
        1, 1, 1, 1, 1, 1, 1, 1, 1, 1, 1, 1, 1, 1, 1, 1, 1, 1, 
        1, 1, 1, 1, 1, 1, 1, 1), x2 = c(70, 82, 61, 60, 61, 37, 
        62, 57, 61, 62, 53, 53, 54, 61, 37, 85, 70, 82, 75, 85, 
        58, 85, 82, 61, 62, 82, 61), x3 = c(30, 51, 68, 56, 42, 
        50, 72, 45, 53, 47, 57, 83, 54, 50, 64, 65, 46, 33, 52, 
        52, 42, 42, 66, 58, 44, 71, 39), x4 = c(39, 54, 69, 66, 
        56, 55, 67, 47, 58, 39, 42, 45, 72, 72, 69, 75, 57, 34, 
        62, 50, 58, 48, 63, 74, 45, 71, 59), x5 = c(61, 63, 76, 
        71, 66, 70, 71, 62, 58, 59, 55, 59, 79, 60, 79, 55, 75, 
        43, 66, 63, 50, 66, 88, 80, 51, 77, 64), x6 = c(92, 73, 
        86, 83, 68, 66, 83, 80, 67, 74, 63, 77, 77, 54, 79, 80, 
        85, 64, 80, 80, 57, 75, 76, 78, 83, 74, 78), x7 = c(45, 
        47, 48, 47, 35, 41, 31, 41, 34, 41, 25, 35, 46, 36, 63, 
        60, 46, 33, 41, 37, 49, 33, 72, 49, 38, 55, 39)), .Names = c("y", 
        "x1", "x2", "x3", "x4", "x5", "x6", "x7"),