
expected <- structure(list(coefficients = structure(c(-1.3245854995159, 0.110206127539344, 
0.260613003110269, -0.0397268305343178, 0.213308812575476, 0.366235821776388, 
0.192907251980185), .Names = c("x1", "x2", "x3", "x4", "x5", 
"x6", "x7")), residuals = structure(c(-25.4513120419686, 7.80679027907546, 
6.7632666972504, 8.93816412303628, -14.9750478460695, 6.13347218803076, 
-0.949917826136151, -1.73590987512704, -13.8867496402654, 1.39952778637762, 
1.16441587742505, -1.54017918455365, 6.92378687492689, 7.24771211377684, 
12.3933026724413, -7.76003399308395, 2.00705984700246, -8.26056012531649, 
6.35201581568568, -10.0335440893327, -21.808504880747, 3.41827396528762, 
-4.23028262282941, 10.4051094830014, -8.11218338089984, 24.8175323770169, 
19.9132617078149), .Names = c("1", "2", "3", "5", "7", "8", "9", 
"10", "11", "12", "13", "14", "15", "16", "17", "18", "19", "21", 
"22", "23", "24", "25", "26", "27", "28", "29", "30")), effects = structure(c(-234.402031345128, 
-238.013721393248, 62.8831450865856, -18.386129513491, -32.6177057782149, 
31.4017704880898, -9.79228963033557, 1.27750791324596, -9.10550169160813, 
5.75014439066038, 2.04130453726198, 0.58679092708756, 18.693885350205, 
12.1284054431652, 14.2116893214516, -3.4824161273827, 6.22232338728062, 
-5.47246518143227, 9.13791075095406, -11.3757476095454, -26.3484532886612, 
10.5367483757106, -11.1589814755208, 9.57976807622003, -5.76739921161391, 
25.2620905140698, 26.6570039176959), .Names = c("x1", "x2", "x3", 
"x4", "x5", "x6", "x7", "", "", "", "", "", "", "", "", "", "", 
"", "", "", "", "", "", "", "", "", "")), rank = 7L, fitted.values = structure(c(68.4513120419686, 
55.1932097209245, 64.2367333027496, 72.0618358769637, 72.9750478460695, 
64.8665278119692, 72.9499178261362, 68.735909875127, 77.8867496402654, 
65.6004722136224, 67.835584122575, 69.5401791845537, 70.0762131250731, 
73.7522878862232, 61.6066973275587, 72.760033993084, 62.9929401529975, 
58.2605601253165, 57.6479841843143, 63.0335440893327, 61.808504880747, 
59.5817260347124, 70.2302826228294, 67.5948905169986, 56.1121833808998, 
60.1824676229831, 62.0867382921851), .Names = c("1", "2", "3", 
"5", "7", "8", "9", "10", "11", "12", "13", "14", "15", "16", 
"17", "18", "19", "21", "22", "23", "24", "25", "26", "27", "28", 
"29", "30")), assign = 1:7, qr = structure(list(qr = structure(c(-7.25862404043497, 
-0.0452477718224483, 0.273356753085633, -0.134989665839056, 0.254336207567375, 
0.0266677331644383, 0.309984235472209, -0.15138434270683, -0.0658219346609761, 
0.206860952582698, 0.0359432976880179, 0.0761963082824544, 0.262068052480022, 
0.0129827030368123, 0.14671969649233, 0.18943547955851, 0.198924806350708, 
0.237366689814901, 0.147848648914814, -0.0848528148990533, 0.15698338982534, 
0.2533015446713, 0.0646154584807751, 0.2353060500912, 0.217355597788584, 
0.234680143669304, 0.230456182756443, -248.565496718589, -261.10571391879, 
0.0332528296075064, 0.267129580344759, 0.031776279056756, 0.289270942473306, 
-0.0505675537368706, 0.393428683333141, 0.290949886196658, 0.0605680511930508, 
0.292142228149636, 0.124526021116596, -0.0481751617993771, 0.229218812670537, 
0.120277664744948, 0.138036646673379, 0.0487925233721641, 0.0781822963121601, 
0.107739108811852, 0.335441334837833, 0.179678834734901, -0.0821583644642234, 
0.284651060760513, -0.0233094701919589, 0.0201781078323287, 0.0959979438769799, 
0.0999226019759889, -191.087841082985, -183.772906169527, 89.3585807197627, 
-0.446293214417458, 0.0455905719452606, -0.125225262066717, -0.356052976398522, 
-0.125407697998346, -0.410393156389754, 0.0862234638558337, -0.122378643124842, 
-0.121308922152036, -0.0853011322700658, -0.265423749041863, 
0.0671547311936196, 0.169323409689475, -0.198753664013306, 0.217842934898348, 
-0.121415306679598, -0.123002902220297, 0.165227988256617, -0.323507404212407, 
0.193991131224507, 0.0933140804815049, 0.0118752247301946, 0.121839444346578, 
0.0976221722349737, -208.673228017231, -209.784897480498, 30.6775584820404, 
-79.5592113054594, 0.00683462279076746, 0.0654315330754738, -0.320533260383011, 
-0.073302362594219, -0.337522482725468, -0.062328662823745, -0.417769884024157, 
0.325925992334159, -0.179110995793153, -0.0316849734381772, 0.197228742996024, 
-0.192536533155239, 0.125351443662104, -0.0165649167822934, -0.0463417707637577, 
0.0153719082606045, 0.135358805808555, 0.189918610580604, 0.120218842089237, 
0.158658905174268, 0.207608790927023, 0.0520869861868479, -0.334862929412409, 
-251.059326532877, -226.966744254984, 59.4937505798436, -47.8551968821248, 
-74.5901155413205, -0.13782041580463, 0.0608137909123693, 0.150123930065725, 
0.0697442914249486, 0.468609612637131, -0.194094949025172, 0.111283966605316, 
0.261661641887615, -0.0315976001186128, -0.233929144315268, 0.0852087895311635, 
0.00334161765523801, 0.397913504228891, -0.0599440335190196, 
-0.0452250040509455, -0.246323136799036, 0.038943479592897, -0.0821917220068456, 
0.32268788267522, 0.0661559115722676, -0.286721981716095, 0.152687565873369, 
-251.058950606773, -253.619142388344, 64.7208162940766, -22.7098272182693, 
-34.4406298171398, 77.2143551301862, 0.147576519904423, -0.256503471616207, 
-0.218001545688471, 0.159559994722887, -0.071691887898488, -0.176267992464527, 
-0.371792067739413, -0.209537095649464, -0.337285571972078, -0.351604466785102, 
0.2580242150656, 0.381865669781268, 0.13863748132134, -0.0605908408219596, 
0.00609971968262889, 0.189209593947547, -0.0379374527467079, 
-0.125630511910995, 0.132497882888295, -0.0561257829288256, 0.0715667312995218, 
-153.510354244214, -147.119042204445, 22.9137914714877, -15.6638868226844, 
-21.2204797726953, 16.1896852087912, -50.7616459714092, -0.389724374192934, 
0.102085878083901, 0.211960330558779, 0.155577543916416, -0.0830632031940663, 
-0.0667665882967692, -0.215591057195472, -0.256201416919327, 
0.0287512971233958, -0.040162853998206, 0.0871628369039655, 0.0151263334962934, 
-0.090747729254861, 0.181379594185892, -0.0130367310619754, 0.328643942162181, 
0.664700371392225, 0.0045358638614988, -0.0343165981825274, -0.0477580712629965
), .Dim = c(27L, 7L), .Dimnames = list(c("1", "2", "3", "5", 
"7", "8", "9", "10", "11", "12", "13", "14", "15", "16", "17", 
"18", "19", "21", "22", "23", "24", "25", "26", "27", "28", "29", 
"30"), c("x1", "x2", "x3", "x4", "x5", "x6", "x7")), assign = 1:7), 
    qraux = c(1.3337176262824, 1.36758023411017, 1.066803656669, 
    1.33106209836766, 1.31913331927618, 1.26369247032086, 1.20050911703071
    ), pivot = 1:7, tol = 1e-07, rank = 7L), .Names = c("qr", 
"qraux", "pivot", "tol", "rank"), class = "qr"), df.residual = 20L, 
    xlevels = structure(list(), .Names = character(0)), call = quote(lm(formula = y ~ 
        . + 0, data = structure(list(y = c(43, 63, 71, 81, 58, 
        71, 72, 67, 64, 67, 69, 68, 77, 81, 74, 65, 65, 50, 64, 
        53, 40, 63, 66, 78, 48, 85, 82), x1 = c(2.42233078485034, 
        -0.328436564326539, 1.98419389956262, -0.979839233669655, 
        1.84613091060161, 0.193571049051297, 2.25005902375443, 
        -1.09884202931724, -0.477776677318101, 1.50152588344405, 
        0.260898884690757, 0.553080355091418, 1.90225346596146, 
        0.0942365603728335, 1.06498311616455, 1.37504092603473, 
        1.44392038161612, 1.72295556108891, 1.0731777573589, 
        -0.615914682124847, 1.13948340733519, 1.83862068163041, 
        0.469019320312282, 1.70799815205178, 1.57770256743133, 
        1.70345493265074, 1.67279478842279), x2 = c(75, 85, 75, 
        37, 70, 82, 62, 66, 60, 66, 85, 51, 51, 63, 67, 82, 61, 
        78, 64, 67, 85, 40, 90, 51, 58, 82, 82), x3 = c(65, 33, 
        52, 58, 50, 64, 83, 47, 72, 42, 66, 46, 50, 64, 42, 44, 
        64, 39, 57, 50, 45, 64, 42, 33, 44, 50, 52), x4 = c(72, 
        63, 57, 69, 59, 75, 42, 48, 34, 48, 39, 72, 34, 57, 69, 
        47, 69, 57, 54, 57, 75, 63, 75, 54, 66, 69, 39),