
expected <- structure(list(coefficients = structure(c(-0.298419248645421, 
0.151510055990468, 0.319445703920917, -0.117425520564216, 0.303856310873333, 
0.198356061290187, 0.219699571254358), .Names = c("x1", "x2", 
"x3", "x4", "x5", "x6", "x7")), residuals = structure(c(-22.8288646744366, 
9.0096560045439, 8.71600766764656, 4.07009312792822, 15.0094767750181, 
-19.2859607599303, -12.5864240245589, 6.86615031023547, -3.93321727978409, 
-10.2032272027288, -0.091897175388052, 2.57472486771664, 4.52393193995677, 
10.9892812624119, -2.79551269977726, 1.23420009201521, -10.0222910956868, 
-11.8761351117604, 6.20825208724587, -5.74056808504228, -18.9377163368858, 
2.87625607565548, -0.481328149184759, 12.4899468864622, -7.41157117867458, 
27.7242408012318, 18.7149238305932), .Names = c("1", "2", "3", 
"4", "5", "6", "7", "8", "9", "11", "12", "13", "14", "15", "18", 
"19", "20", "21", "22", "23", "24", "25", "26", "27", "28", "29", 
"30")), effects = structure(c(-248.443200951157, -205.253105651848, 
56.423321440815, -19.22806836184, -37.2512999258726, -20.0692999617049, 
10.6776014726555, 7.40819575685618, 0.168999223803513, -3.51863823903369, 
-11.7440710582123, 8.29345355128738, 9.89870056873017, 21.1203008793598, 
4.19448369901852, 2.08577221593577, -6.10833007275281, -26.9819391930083, 
8.32970523954877, -2.78024548323534, -16.246871819368, 6.97982714196049, 
-3.51010635941174, 5.03079345005579, -7.96289737741635, 36.9582821108707, 
17.9529703013677), .Names = c("x1", "x2", "x3", "x4", "x5", "x6", 
"x7", "", "", "", "", "", "", "", "", "", "", "", "", "", "", 
"", "", "", "", "", "")), rank = 7L, fitted.values = structure(c(65.8288646744366, 
53.9903439954561, 62.2839923323534, 56.9299068720718, 65.9905232249819, 
62.2859607599303, 70.5864240245589, 64.1338496897645, 75.9332172797841, 
74.2032272027288, 67.0918971753881, 66.4252751322834, 63.4760680600432, 
66.0107187375881, 67.7955126997773, 63.7657999079848, 60.0222910956868, 
61.8761351117604, 57.7917479127541, 58.7405680850423, 58.9377163368858, 
60.1237439243445, 66.4813281491848, 65.5100531135378, 55.4115711786746, 
57.2757591987682, 63.2850761694068), .Names = c("1", "2", "3", 
"4", "5", "6", "7", "8", "9", "11", "12", "13", "14", "15", "18", 
"19", "20", "21", "22", "23", "24", "25", "26", "27", "28", "29", 
"30")), assign = 1:7, qr = structure(list(qr = structure(c(-7.55190576026322, 
-0.0434905538751176, 0.262740818351189, 0.261989701445068, -0.129747280325636, 
-0.0452106520684205, 0.244458944431698, 0.0256320795301543, 0.297945855679746, 
-0.0632657096745137, 0.198827412723396, 0.0345474232562011, 0.0732371897437635, 
0.251890519605101, 0.182078665926944, 0.19119947036598, 0.216089682694234, 
0.228148445675103, 0.142106878902776, -0.081557516960246, 0.150886867965295, 
0.243464463143185, 0.0621060875494736, 0.226167831839078, 0.208914493574975, 
0.225566232779812, 0.221506311324055, -267.473406017788, -240.206113729946, 
0.0286050677151815, -0.00805192946072123, 0.294095617807131, 
0.286100775440884, 0.0275247595830479, 0.313703850895592, -0.0635186995923751, 
0.318080351753196, 0.0601312977056127, 0.316569076888842, 0.133258651176873, 
-0.0595963073828875, 0.144820908944348, 0.04755014863479, 0.0456598953229313, 
0.0784365542884925, 0.113034514980717, 0.366967863102467, 0.190981500068124, 
-0.0962944463774861, 0.307635157889067, -0.0318288547022557, 
0.0159376369588443, 0.0978763996548533, 0.102259055073108, -209.299728222027, 
-162.738942014629, 88.5136176988868, 0.0704291415913923, -0.473998636687533, 
-0.00640749072955787, 0.0541578356753267, -0.144827907830629, 
-0.343525884647194, -0.43656670951973, 0.0913218188278864, -0.141772883718927, 
-0.127777110243627, -0.0722858381894665, 0.169293227525972, -0.195903112943924, 
-0.185814591453237, 0.224243408374663, -0.123859832192992, -0.150198421215085, 
0.161043125292831, -0.310831136724575, 0.179279619929558, 0.105278699463451, 
0.0194082398164523, 0.126014946705598, 0.101131539846836, -218.361044577795, 
-194.592164784472, 28.3387998303425, -80.4068158775298, 0.326054045889647, 
0.163796110205099, 0.0217228167819599, 0.0607814040074242, -0.278805344807311, 
-0.332943969768674, -0.0528156417978251, -0.416893688012742, 
0.32811040070262, -0.153368309580239, -0.189194638654642, 0.144357512205964, 
-0.213666246910044, -0.0113918070913524, -0.0345183041305512, 
0.00151311918597674, 0.13153688538656, 0.222121956353553, 0.1048734465623, 
0.170741616096067, 0.219570678060335, 0.0595760916592206, -0.322757700911817, 
-265.087171556445, -207.610166776363, 51.9814720609032, -59.4338172294033, 
-74.4537309959558, 0.193250680388707, 0.318279070332247, -0.129062197919268, 
0.0873873772668019, 0.0966683221592103, 0.464302592663627, -0.188181256106882, 
0.122328414119928, 0.269402256724759, 0.0731920639147337, 0.0197869938781122, 
-0.149242053073168, 0.384384986205577, -0.0506394694328804, -0.0376529934855222, 
-0.257215839092514, 0.0655104193148263, -0.095853639215464, 0.319175436245318, 
0.0681078499031299, -0.29424285667483, 0.145604346126786, -261.736798410018, 
-223.447131364126, 55.268438912078, -30.6015980560415, -46.9463593474495, 
-73.7645514042831, 0.00986226736272641, -0.190967753958857, -0.179298250209986, 
0.208130423612255, -0.289266593299198, 0.100598971911888, 0.230745178305658, 
0.31019624284029, 0.329144609562013, -0.21922278148165, -0.156429539542663, 
-0.501221401973671, -0.107396580850925, 0.112156934983376, 0.0972555657852965, 
-0.146478360419961, 0.0981399738712627, 0.0767302618511086, -0.108093176895655, 
0.160871015119717, -0.149941275057098, -166.079951571071, -147.098794170331, 
21.4747649859524, -20.6669846609986, -24.196537718581, -24.7504082564562, 
48.600920847012, 0.266814699887824, -0.297836878689016, -0.107614609573439, 
-0.232423857842384, -0.224427848089349, 0.275681648748609, 0.0618671417700898, 
-0.0272461782502104, 0.109469602635091, -0.217474275683173, -0.112315680556866, 
0.00336186316089565, 0.193583122521866, -0.0949505943358048, 
0.095218211764544, -0.233799833594564, -0.612896479132078, 0.0833079974941826, 
0.095416204841343, -0.0437680746276324), .Dim = c(27L, 7L), .Dimnames = list(
    c("1", "2", "3", "4", "5", "6", "7", "8", "9", "11", "12", 
    "13", "14", "15", "18", "19", "20", "21", "22", "23", "24", 
    "25", "26", "27", "28", "29", "30"), c("x1", "x2", "x3", 
    "x4", "x5", "x6", "x7")), assign = 1:7), qraux = c(1.32075754938524, 
1.40081050052997, 1.076242189313, 1.00248758905803, 1.12448686025667, 
1.28640340093247, 1.26045601412417), pivot = 1:7, tol = 1e-07, 
    rank = 7L), .Names = c("qr", "qraux", "pivot", "tol", "rank"
), class = "qr"), df.residual = 20L, xlevels = structure(list(), .Names = character(0)), 
    call = quote(lm(formula = y ~ . + 0, data = structure(list(y = c(43, 
        63, 71, 61, 81, 43, 58, 71, 72, 64, 67, 69, 68, 77, 65, 
        65, 50, 50, 64, 53, 40, 63, 66, 78, 48, 85, 82), x1 = c(2.42233078485034, 
        -0.328436564326539, 1.98419389956262, 1.97852153547265, 
        -0.979839233669655, -0.341426583780761, 1.84613091060161, 
        0.193571049051297, 2.25005902375443, -0.477776677318101, 
        1.50152588344405, 0.260898884690757, 0.553080355091418, 
        1.90225346596146, 1.37504092603473, 1.44392038161612, 
        1.63188891947204, 1.72295556108891, 1.0731777573589, 
        -0.615914682124847, 1.13948340733519, 1.83862068163041, 
        0.469019320312282, 1.70799815205178, 1.57770256743133, 
        1.70345493265074, 1.67279478842279), x2 = c(75, 85, 75, 
        66, 37, 57, 70, 82, 62, 60, 66, 85, 51, 51, 82, 61, 67, 
        78, 64, 67, 85, 40, 90, 51, 58, 82, 82), x3 = c(65, 33, 
        52, 47, 58, 33, 50, 64, 83, 72, 42, 66, 46, 50, 44, 64, 
        68, 39, 57, 50, 45, 64, 42, 33, 44, 50, 52), x4 = c(72, 
        63, 57, 54, 69, 58, 59, 75, 42, 34, 48, 39, 72, 34, 47, 
        69, 45, 57, 54, 57, 75, 63, 75, 54, 66, 69, 39),