
expected <- structure(list(coefficients = structure(c(2.46563641182671, 0.705444535131652, 
-0.0984609711842196, 0.224609026670702, 0.170534422745237, 0.0458758485577477, 
-0.152985801817913), .Names = c("x1", "x2", "x3", "x4", "x5", 
"x6", "x7")), residuals = structure(c(-8.64697853564738, 0.864659269465561, 
3.51649947578548, -3.66474144196098, 7.0088115188986, -11.1133633800222, 
-0.667756599566951, -6.59211062941876, 8.59932313383601, 5.94618096545537, 
8.654693332466, -3.53321548242424, -0.607135945502861, -3.91792152437835, 
-0.990422355027055, 0.264028629819935, -5.45458335745651, -2.96473647938816, 
8.51484334021603, -2.7082214185278, -3.32133468052512, 6.99972923130823, 
-0.287790209546734, 4.37840800873999, -7.65419217186194, 5.67385634051653, 
1.70347096474728), .Names = c("1", "2", "3", "4", "5", "6", "8", 
"9", "10", "12", "13", "14", "15", "16", "17", "18", "19", "20", 
"21", "22", "24", "25", "26", "27", "28", "29", "30")), effects = structure(c(-339.4819582835, 
54.8283956586102, 5.80475161533608, 9.31821960428338, 10.7249913804848, 
0.521584015380578, 6.2750255637965, -3.87173020203015, 8.4783870070838, 
10.9385408119409, 13.1932887750975, -1.27163938455122, 3.18346372599107, 
1.78100846798017, -1.90372629524491, 2.68351364140439, -2.79030799816995, 
-4.98080682314855, 9.1675391435664, 1.60913095522755, -1.82609451615081, 
8.60696876802972, -2.11896085430553, 5.85006636708396, -8.17339893359073, 
8.80145350362661, 6.05700113468963), .Names = c("x1", "x2", "x3", 
"x4", "x5", "x6", "x7", "", "", "", "", "", "", "", "", "", "", 
"", "", "", "", "", "", "", "", "", "")), rank = 7L, fitted.values = structure(c(51.6469785356474, 
62.1353407305344, 67.4835005242145, 64.664741441961, 73.9911884811014, 
54.1133633800222, 71.667756599567, 78.5921106294188, 58.400676866164, 
61.0538190345446, 60.345306667534, 71.5332154824242, 77.6071359455029, 
84.9179215243783, 74.9904223550271, 64.7359713701801, 70.4545833574565, 
52.9647364793882, 41.485156659784, 66.7082214185278, 43.3213346805251, 
56.0002707686918, 66.2877902095467, 73.62159199126, 55.6541921718619, 
79.3261436594835, 80.2965290352527), .Names = c("1", "2", "3", 
"4", "5", "6", "8", "9", "10", "12", "13", "14", "15", "16", 
"17", "18", "19", "20", "21", "22", "24", "25", "26", "27", "28", 
"29", "30")), assign = 1:7, qr = structure(list(qr = structure(c(-5.19615242270663, 
0.192450089729875, 0.192450089729875, 0.192450089729875, 0.192450089729875, 
0.192450089729875, 0.192450089729875, 0.192450089729875, 0.192450089729875, 
0.192450089729875, 0.192450089729875, 0.192450089729875, 0.192450089729875, 
0.192450089729875, 0.192450089729875, 0.192450089729875, 0.192450089729875, 
0.192450089729875, 0.192450089729875, 0.192450089729875, 0.192450089729875, 
0.192450089729875, 0.192450089729875, 0.192450089729875, 0.192450089729875, 
0.192450089729875, 0.192450089729875, -348.719562590534, 70.3467601717852, 
-0.0780287364412797, 0.0214783337195374, -0.191751102339356, 
0.135200699617614, -0.149105215127578, -0.248612285288395, 0.0499089251940565, 
0.0641242209313161, 0.035693629456797, -0.262827581025654, -0.177535806602097, 
-0.362334651186471, -0.291258172500173, 0.0641242209313161, -0.0780287364412797, 
0.0925548124058353, 0.348430135676508, 0.0499089251940565, 0.391076022888286, 
0.149415995354874, -0.177535806602097, -0.149105215127578, 0.106770108143095, 
-0.291258172500173, -0.248612285288395, -278.475279839129, 37.4320326308127, 
-53.0034098114856, -0.075706467318834, -0.012820834695724, 0.0769060743699957, 
-0.0970914619501152, 0.250473687390347, -0.0564200426149869, 
-0.0090434088263427, 0.160337273653413, 0.448364292940387, -0.040911043780521, 
-0.241739647228969, 0.0706103645876936, 0.330557384104143, -0.124342243063939, 
0.406443940963071, -0.0803131118449159, 0.0756469324135353, 0.118416921676098, 
-0.0455176883066029, 0.185489484839803, 0.0538422237967673, -0.0367139039256529, 
0.202677339616216, -0.372127766315544, -293.87128701752, 38.6703428372584, 
-11.1993092197911, 48.2684858320112, -0.107781713378168, 0.123670080364893, 
0.0546436939298392, 0.0157286801850715, 0.0785726316673404, 0.250959607742599, 
0.275155952383693, 0.557391283462209, -0.253908605931057, -0.183741834899432, 
-0.0598830973881054, -0.366755652799726, -0.0531978074521516, 
0.0744881674426076, 0.103155243763194, -0.182367420860423, -0.35276932207614, 
-0.0166088494611066, 0.0179571101637227, -0.282048775483992, 
0.0825405083636648, -0.0514962842411523, -0.0534055120873466, 
-345.832811244586, 8.5197005785309, 6.20334805097694, 14.0398051806203, 
54.9225246339561, 0.00414400712259289, -0.0679695825420893, -0.0204702244110292, 
0.186955856350331, -0.432410228290803, -0.0580112534192922, 0.012335645151195, 
-0.204215988800946, 0.14434881731926, 0.220366770637392, -0.460569457731685, 
-0.213808788372469, 0.192817063131734, 0.23850110312678, -0.423833941266104, 
-0.0161378202312373, 0.0663406039229655, 0.180746443284551, 0.0135747100477229, 
0.193518921390439, -0.185029529512129, -0.09249090090698, -390.288781972187, 
8.70923785502774, -2.19264660625914, 1.47069026615051, 4.28033455019981, 
51.0051365039904, 0.264362034650157, 0.00167630632019187, -0.0593042510603688, 
0.0900969880341943, 0.332504344480418, 0.204078970097492, 0.0361468986997754, 
0.507763973900195, 0.0538626514008369, -0.0401990749477557, -0.138663227688904, 
0.0335794759191851, 0.173760587660481, -0.0549134354419927, 0.287504170088791, 
0.00688489890105873, 0.107398137978978, 0.0155242202728732, -0.130059799189682, 
0.179074753351811, 0.0062077221754652, -227.476006060713, 10.7846710326676, 
-14.0153888247995, 26.0485431054199, -7.5983937914977, 11.8855467692874, 
-41.0170453024469, -0.430469146889567, -0.0270290752968169, 0.214907068164623, 
-0.199215229220935, 0.060725991667579, -0.124547248815109, -0.196719835720687, 
0.326618152574621, 0.0671954341209958, 0.0247232852517217, 0.119162018374225, 
-0.0803878966183196, -0.184726683960071, -0.0254537474058489, 
-0.243927538512067, 0.608717981951422, -0.133360478514246, -0.113920769707109, 
0.183897044628343, -0.0716034058807246), .Dim = c(27L, 7L), .Dimnames = list(
    c("1", "2", "3", "4", "5", "6", "8", "9", "10", "12", "13", 
    "14", "15", "16", "17", "18", "19", "20", "21", "22", "24", 
    "25", "26", "27", "28", "29", "30"), c("x1", "x2", "x3", 
    "x4", "x5", "x6", "x7")), assign = 1:7), qraux = c(1.19245008972988, 
1.00726303798228, 1.29072539273999, 1.09374745055647, 1.0954104117187, 
1.5527689490417, 1.05665464175991), pivot = 1:7, tol = 1e-07, 
    rank = 7L), .Names = c("qr", "qraux", "pivot", "tol", "rank"
), class = "qr"), df.residual = 20L, xlevels = structure(list(), .Names = character(0)), 
    call = quote(lm(formula = y ~ . + 0, data = structure(list(y = c(43, 
        63, 71, 61, 81, 43, 71, 72, 67, 67, 69, 68, 77, 81, 74, 
        65, 65, 50, 50, 64, 40, 63, 66, 78, 48, 85, 82), x1 = c(1, 
        1, 1, 1, 1, 1, 1, 1, 1, 1, 1, 1, 1, 1, 1, 1, 1, 1, 1, 
        1, 1, 1, 1, 1, 1, 1, 1), x2 = c(51, 64, 70, 63, 78, 55, 
        75, 82, 61, 60, 62, 83, 77, 90, 85, 60, 70, 58, 40, 61, 
        37, 54, 77, 75, 57, 85, 82), x3 = c(30, 51, 68, 45, 56, 
        49, 50, 72, 45, 47, 57, 83, 54, 50, 64, 65, 46, 68, 33, 
        52, 42, 42, 66, 58, 44, 71, 39), x4 = c(39, 54, 69, 47, 
        66, 44, 55, 67, 47, 39, 42, 45, 72, 72, 69, 75, 57, 54, 
        34, 62, 58, 48, 63, 74, 45, 71, 59), x5 = c(59, 66, 60, 
        77, 62, 63, 71, 66, 55, 88, 66, 61, 79, 63, 55, 88, 79, 
        50, 50, 88, 63, 61, 55, 66, 54, 76, 76), x6 = c(92, 73, 
        86, 84, 83, 49, 66, 83, 80, 74, 63, 77, 77, 54, 79, 80, 
        85, 78, 64, 80, 57, 75, 76, 78, 83, 74, 78), x7 = c(45, 
        47, 48, 35, 47, 34, 41, 31, 41, 41, 25, 35, 46, 36, 63, 
        60, 46, 52, 33, 41, 49, 33, 72, 49, 38, 55, 39)), .Names = c("y", 
        "x1", "x2", "x3", "x4", "x5", "x6", "x7"),