
expected <- structure(list(coefficients = structure(c(0.29761431433136, 0.138203782074689, 
0.299765091225458, -0.0682603208651216, 0.259995122915141, 0.32802302265384, 
0.0685538125597303), .Names = c("x1", "x2", "x3", "x4", "x5", 
"x6", "x7")), residuals = structure(c(-27.0352838761523, 5.10302421308363, 
5.30903885527497, 14.0313339281383, -19.9051807150077, -16.6735295649368, 
6.12499674857755, -3.04818641777742, 0.965660284798468, -10.1850426212496, 
1.02296290018967, 3.53621815524879, 6.70667071499348, 9.1333927180971, 
14.0552778488314, -5.86033320025182, 0.479960212499298, -8.94122923598257, 
5.91411928422239, -6.95895666710881, -19.3143565528605, 1.51230712267165, 
0.527214025877354, 14.6798660637608, -8.79475233537315, 25.0940198980075, 
17.7992833554816), .Names = c("1", "3", "4", "5", "6", "7", "8", 
"9", "10", "11", "12", "13", "15", "16", "17", "18", "19", "20", 
"22", "23", "24", "25", "26", "27", "28", "29", "30")), effects = structure(c(-238.661885563081, 
-229.213772285446, 52.7505665608406, -17.1087090104736, -38.0788157141149, 
23.028249386111, -3.71639750648391, 11.2224329893802, -2.13234552460213, 
-8.83917427986556, 16.7957650846574, 0.225747673153772, 19.8216956134001, 
7.40136356867811, 6.86308236085972, -2.22151219049828, 5.83134172339591, 
-4.56830489343748, 8.32511432288399, -13.1333972016131, -26.3973902213329, 
10.1660540444011, -6.25015635937711, 24.1699698796791, -3.91454846278109, 
20.7523654280869, 28.3469849631783), .Names = c("x1", "x2", "x3", 
"x4", "x5", "x6", "x7", "", "", "", "", "", "", "", "", "", "", 
"", "", "", "", "", "", "", "", "", "")), rank = 7L, fitted.values = structure(c(70.0352838761523, 
65.8969757869164, 55.690961144725, 66.9686660718617, 62.9051807150077, 
74.6735295649368, 64.8750032514225, 75.0481864177774, 66.0343397152015, 
74.1850426212496, 65.9770370998103, 65.4637818447512, 70.2933292850065, 
71.8666072819029, 59.9447221511686, 70.8603332002518, 64.5200397875007, 
58.9412292359826, 58.0858807157776, 59.9589566671088, 59.3143565528605, 
61.4876928773283, 65.4727859741226, 63.3201339362392, 56.7947523353731, 
59.9059801019925, 64.2007166445184), .Names = c("1", "3", "4", 
"5", "6", "7", "8", "9", "10", "11", "12", "13", "15", "16", 
"17", "18", "19", "20", "22", "23", "24", "25", "26", "27", "28", 
"29", "30")), assign = 1:7, qr = structure(list(qr = structure(c(-7.48327867066672, 
0.265150342100762, 0.264392336908172, -0.130937156932358, -0.0456252665184179, 
0.24670081014598, 0.0258671442786255, 0.300678235139673, -0.146839651131065, 
-0.0638459020898033, 0.200650804216312, 0.0348642481688461, 0.254200538250432, 
0.0125929508334664, 0.142315041712815, 0.183748459271559, 0.192952908098433, 
0.218071381715182, 0.143410101987193, -0.0823054585069959, 0.152270609913511, 
0.24569720874321, 0.0626756453893351, 0.228241954792739, 0.210830390910829, 
0.227634838634036, 0.223537684755732, -252.565848880688, -249.710816704398, 
0.00229393612103178, 0.277929616708535, 0.273478505281779, 0.0358447006708352, 
0.302745606777956, -0.0496837794674831, 0.409823264103862, 0.303548982347625, 
0.0654615513310401, 0.305843408092368, -0.0476755147388099, 0.239812268204054, 
0.127276701242013, 0.146285827209503, 0.0530669754990767, 0.0522024579206058, 
0.11417760382342, 0.349874758222474, 0.189494152454824, -0.0832997029074791, 
0.298305581226741, -0.0219506577734254, 0.0233365615054968, 0.102794593041495, 
0.106854856871234, -200.170030794665, -185.301889852243, 84.0426581495975, 
-0.415189390212988, 0.0762273671195367, 0.068813535356889, -0.0604052191336615, 
-0.375835240693744, -0.0436246709201176, -0.367739095248624, 
0.116794344139474, -0.0562139237498742, -0.0897204190586918, 
-0.224972768698289, 0.108309792369027, 0.223424348381786, -0.18950594362685, 
-0.17905417513143, -0.0952285548079814, -0.0521189281134027, 
0.227758783810376, -0.351816098313573, 0.279725584733086, 0.105018376645233, 
0.0282851861387148, 0.164778429204336, 0.139791009770729, -208.172680916432, 
-202.152597139312, 23.0574544470843, -77.4261983072723, 0.20597812036987, 
0.0180636766189275, 0.114363855081022, -0.268852869647991, -0.0277126429109992, 
-0.265921256012632, -0.0583007374702694, -0.38173780954299, -0.162719176835769, 
0.0269057522173871, 0.21357935867993, -0.196673697493945, 0.171643841470062, 
-0.201614334697684, -0.0122727736666524, 0.06101977178337, 0.143137748171851, 
0.244974160383162, 0.128955090838068, 0.161080545081626, 0.225750921225111, 
0.0594796605306064, -0.334686889417064, -242.438732896978, -220.884526959079, 
55.8253533247948, -49.5220967157837, -72.619407904539, 0.365427282931801, 
-0.135833147998002, 0.0715445482535956, 0.141741614841446, 0.0429532787788578, 
0.517476041309049, -0.191599691193351, 0.293544018524148, -0.0423063732038732, 
-0.21105861397834, 0.131633658157624, 0.0148348484571659, -0.151641382316421, 
-0.0477397992832629, -0.0527865436113037, -0.211918907977497, 
0.0425638263738917, -0.0482916088144572, 0.367962328792803, 0.0974165892224021, 
-0.250497100513707, 0.198902832186936, -249.358168980397, -260.115453681058, 
41.2776388300814, -25.1810072412, -52.7970083525486, 67.7421850473844, 
0.382211649574773, 0.137744806938204, -0.0626600835205815, -0.124870868003401, 
0.394316688564208, 0.00358908876644474, -0.354112283715302, -0.169123735073063, 
-0.393752300738526, -0.260714830843342, 0.294508347869662, 0.175651463706622, 
0.183556227641846, 0.0648963741149027, 0.0411573773193863, 0.14258909604189, 
0.100571146883385, -0.0296361272600541, 0.185937922010168, -0.0855689300179068, 
0.222117675636729, -159.101831812301, -148.817385166957, 15.7115296137763, 
-18.356271838795, -27.4162660381422, 11.7754659522225, -54.2113905517049, 
0.357014095712919, -0.298028412489524, 0.333001181711117, 0.0515966180748515, 
0.375747932006877, -0.182188160661965, -0.0772099148777465, -0.299551035426446, 
-0.0922359101111053, 0.0464214837139907, 0.329717087618795, 0.116890283405714, 
0.0373673979236416, 0.161436182800044, 0.0535241957351406, 0.265994481032661, 
0.39669902535667, -0.0638538656058191, -0.0314329890442132, -0.058283313444459
), .Dim = c(27L, 7L), .Dimnames = list(c("1", "3", "4", "5", 
"6", "7", "8", "9", "10", "11", "12", "13", "15", "16", "17", 
"18", "19", "20", "22", "23", "24", "25", "26", "27", "28", "29", 
"30"), c("x1", "x2", "x3", "x4", "x5", "x6", "x7")), assign = 1:7), 
    qraux = c(1.3236991286113, 1.03758444649256, 1.07581389161806, 
    1.41976787971573, 1.20519141926083, 1.05629337850134, 1.01222227154997
    ), pivot = 1:7, tol = 1e-07, rank = 7L), .Names = c("qr", 
"qraux", "pivot", "tol", "rank"), class = "qr"), df.residual = 20L, 
    xlevels = structure(list(), .Names = character(0)), call = quote(lm(formula = y ~ 
        . + 0, data = structure(list(y = c(43, 71, 61, 81, 43, 
        58, 71, 72, 67, 64, 67, 69, 77, 81, 74, 65, 65, 50, 64, 
        53, 40, 63, 66, 78, 48, 85, 82), x1 = c(2.42233078485034, 
        1.98419389956262, 1.97852153547265, -0.979839233669655, 
        -0.341426583780761, 1.84613091060161, 0.193571049051297, 
        2.25005902375443, -1.09884202931724, -0.477776677318101, 
        1.50152588344405, 0.260898884690757, 1.90225346596146, 
        0.0942365603728335, 1.06498311616455, 1.37504092603473, 
        1.44392038161612, 1.63188891947204, 1.0731777573589, 
        -0.615914682124847, 1.13948340733519, 1.83862068163041, 
        0.469019320312282, 1.70799815205178, 1.57770256743133, 
        1.70345493265074, 1.67279478842279), x2 = c(75, 75, 66, 
        37, 57, 70, 82, 62, 66, 60, 66, 85, 51, 63, 67, 82, 61, 
        67, 64, 67, 85, 40, 90, 51, 58, 82, 82), x3 = c(65, 52, 
        47, 58, 33, 50, 64, 83, 47, 72, 42, 66, 50, 64, 42, 44, 
        64, 68, 57, 50, 45, 64, 42, 33, 44, 50, 52), x4 = c(72, 
        57, 54, 69, 58, 59, 75, 42, 48, 34, 48, 39, 34, 57, 69, 
        47, 69, 45, 54, 57, 75, 63, 75, 54, 66, 69, 39),