
expected <- structure(list(coefficients = structure(c(-0.667592632084061, 
0.0350351645185592, 0.472120018989226, 0.0385293147585405, 0.428127131400511, 
0.208513705550849, -0.150038618462187), .Names = c("x1", "x2", 
"x3", "x4", "x5", "x6", "x7")), residuals = structure(c(-7.81787466561046, 
4.46908510525559, -7.81331842905683, -9.76228820747805, -3.79506548572573, 
0.73632343372415, 7.29658475145262, 10.0239678955075, -12.8787378336263, 
3.21957120347598, 4.36304305342754, 6.69836784166512, 3.03086425306317, 
11.3312341111979, 1.1361589505007, -5.62974881566747, -4.27837664604977, 
1.70364271479113, -6.0796567779201, -9.47942789387157, -1.50195875442622, 
-21.1864641171043, 11.1329748041213, 1.7865995761616, 10.8446308219933, 
-0.914112409980341, 15.8495855779408), .Names = c("2", "3", "4", 
"6", "7", "8", "9", "10", "11", "12", "13", "14", "15", "16", 
"17", "18", "19", "20", "21", "22", "23", "24", "25", "26", "27", 
"28", "29")), effects = structure(c(-274.032493701007, 173.214687430473, 
78.9143946390183, -15.9640811769386, 30.4277043760803, 4.38404784460499, 
7.05140601566961, 11.6447572077891, -13.5493255812714, 0.368318639101391, 
5.67695019805725, 5.55000833491479, 0.336355296984203, 11.3485693270304, 
5.15375423814029, -0.0690307527514267, -2.05173983166794, 3.88203556053522, 
-6.22354518833185, -3.56432395953929, 2.29122056057623, -23.9574206572677, 
13.2478586156198, 4.64202763169497, 14.8593607092757, 2.6568228477964, 
17.3229856702121), .Names = c("x1", "x2", "x3", "x4", "x5", "x6", 
"x7", "", "", "", "", "", "", "", "", "", "", "", "", "", "", 
"", "", "", "", "", "")), rank = 7L, fitted.values = structure(c(70.8178746656105, 
66.5309148947444, 68.8133184290568, 52.7622882074781, 61.7950654857257, 
70.2636765662758, 64.7034152485474, 56.9760321044925, 76.8787378336263, 
63.780428796524, 64.6369569465725, 61.3016321583349, 73.9691357469368, 
69.6687658888021, 72.8638410494993, 70.6297488156675, 69.2783766460498, 
48.2963572852089, 56.0796567779201, 73.4794278938716, 54.5019587544262, 
61.1864641171043, 51.8670251958787, 64.2134004238384, 67.1553691780067, 
48.9141124099803, 69.1504144220592), .Names = c("2", "3", "4", 
"6", "7", "8", "9", "10", "11", "12", "13", "14", "15", "16", 
"17", "18", "19", "20", "21", "22", "23", "24", "25", "26", "27", 
"28", "29")), assign = 1:7, qr = structure(list(qr = structure(c(-7.79778637224324, 
0.330562286463808, 0.184818533492338, 0.298331322352328, 0.181688664378569, 
0.213688364548512, 0.232807061181237, 0.152326785144302, 0.187809094832525, 
0.0170850818686276, -0.0132657800344718, 0.269788584503267, 0.086309154119641, 
0.186996985203537, 0.0580462359611262, 0.369372565297572, 0.180808857245709, 
0.340791789480412, 0.10386613619778, -0.0200208034404994, 0.111878532123617, 
0.173010732540706, 0.0425197457605214, -0.0106128740978951, 0.121211385077953, 
0.1495574523252, 0.259819190900497, -286.620227615506, 203.22609360423, 
-0.0814104785715422, 0.217492618444153, -0.00288086817718381, 
0.167571838635348, 0.0758379872606784, -0.0312400118460187, 0.00713332775634682, 
-0.277124469262167, -0.282498638070985, 0.180632490964197, -0.124495610882725, 
0.00580456093097819, -0.0870884802607567, 0.186110853182219, 
-0.0486060527903462, 0.139347232368529, -0.233546610151085, -0.401804964856432, 
-0.235198680406606, -0.00231774208563271, -0.348682933120074, 
-0.420856187149314, -0.101833275038008, -0.0603743103458245, 
0.0216224433941927, -214.338862508396, 126.081971003655, 102.147876171951, 
0.161260259576445, 0.0387169373164873, -0.224597985692926, -0.0236446629356184, 
-0.0303594636806626, -0.35908165786376, -0.0519388017329408, 
-0.218285985076258, -0.0722864223397165, -0.291460758361284, 
-0.212710788432944, -0.45270055377867, 0.313063981433616, 0.0105799205293462, 
0.355083385946907, 0.0429542413719221, -0.000417925420621982, 
0.250544610966128, -0.120314108741789, 0.209971628071481, -0.0533820181192241, 
-0.0749784381486966, 0.143030637437026, 0.104813303954375, -252.17783781498, 
141.889903085182, 33.3215978047686, -61.2067368610418, 0.304908105345062, 
0.345341890164247, 0.235957243574818, 0.324610213616106, 0.168483422899144, 
-0.213797742370504, 0.0623304642793897, 0.264568262163431, -0.0124810222840667, 
-0.321026495486678, 0.262701271110886, 0.118723551299905, -0.139180799499011, 
-0.00321252085952121, -0.0469912770254986, -0.0117237603041448, 
-0.0978397906453603, -0.0360730123602645, -0.199324220869232, 
0.127752596353303, 0.371433310104105, 0.144294007535622, -0.0858556849976821, 
-282.745457993627, 183.246313562171, 48.9643441312326, -12.5066281336037, 
69.5404328888906, -0.249027897082208, -0.002397680494835, 0.107499996789643, 
0.304871545082812, -0.500251373167861, -0.117521748916734, -0.00135955392821164, 
-0.252945866477644, -0.0602121400817124, 0.052034850916313, -0.2260975141639, 
-0.243119087974178, 0.248752272850814, 0.325227351148528, -0.301478873582354, 
0.027025612048083, -0.0595904337222751, 0.0445955523203512, 0.343522641835224, 
0.0361322854212615, 0.0247867009835018, -0.0641627140553816, 
-317.430719543223, 193.92654857165, 51.7741471700441, -37.4565140367042, 
11.9792012780852, 43.9224091681115, 0.415695402202072, 0.0635640839626603, 
0.129112558016092, 0.0458953963510672, 0.0547061368803528, 0.0162418466556005, 
0.355897376645756, -0.130291021229342, -0.13651809040476, 0.277853592542831, 
-0.0812825883982017, -0.117257527209094, 0.411617161668604, -0.0574877968258627, 
-0.196861051000299, 0.245071790754704, -0.356279300353467, 0.0936581017473146, 
0.18161791517861, -0.0234386717510139, 0.316582583998808, -192.971071426727, 
118.55066028766, 15.6899898517508, 2.94060413548976, 12.2786342603349, 
31.8209838019919, -46.9972736882187, 0.175232305004697, 0.105672693890094, 
0.296242414446432, -0.0910889992089802, 0.394817821264748, 0.166599033493278, 
-0.202609906364384, -0.40738370639665, -0.253525406623371, -0.166201774037037, 
0.197664476057452, 0.140116361326433, -0.450532827241541, -0.063490872902228, 
0.293780677618689, 0.0859297858225643, -0.0221545903039592, -0.109079032004655, 
-0.0446806445614325, -0.0594631520330565), .Dim = c(27L, 7L), .Dimnames = list(
    c("2", "3", "4", "6", "7", "8", "9", "10", "11", "12", "13", 
    "14", "15", "16", "17", "18", "19", "20", "21", "22", "23", 
    "24", "25", "26", "27", "28", "29"), c("x1", "x2", "x3", 
    "x4", "x5", "x6", "x7")), assign = 1:7), qraux = c(1.10857626703547, 
1.24070487830122, 1.11672648887267, 1.19395137298065, 1.00391206241634, 
1.0165985448668, 1.04686486922729), pivot = 1:7, tol = 1e-07, 
    rank = 7L), .Names = c("qr", "qraux", "pivot", "tol", "rank"
), class = "qr"), df.residual = 20L, xlevels = structure(list(), .Names = character(0)), 
    call = quote(lm(formula = y ~ . + 0, data = structure(list(y = c(63, 
        71, 61, 43, 58, 71, 72, 67, 64, 67, 69, 68, 77, 81, 74, 
        65, 65, 50, 50, 64, 53, 40, 63, 66, 78, 48, 85), x1 = c(0.846654535438241, 
        2.57765409256505, 1.44117544180453, 2.32632391985229, 
        1.41676939108228, 1.66629621698333, 1.81537972904105, 
        1.18781172932586, 1.4644952002684, 0.133225818563844, 
        -0.103443718769981, 2.10375374762637, 0.673020345793978, 
        1.45816254287071, 0.452632147737685, 2.88028835595793, 
        1.40990884301146, 2.65742157178274, 0.809925941380608, 
        -0.156117948229687, 0.872404893140121, 1.34910073245774, 
        0.331559894042641, -0.0827569250108997, 0.945180486721588, 
        1.16621706360886, 2.02601454605116), x2 = c(82, 61, 78, 
        55, 61, 37, 62, 57, 61, 62, 53, 53, 54, 61, 37, 85, 70, 
        85, 82, 75, 85, 58, 85, 82, 61, 62, 82), x3 = c(64, 64, 
        44, 33, 42, 57, 52, 45, 83, 42, 52, 54, 66, 68, 71, 39, 
        50, 33, 49, 42, 30, 56, 30, 52, 50, 30, 52), x4 = c(45, 
        45, 72, 56, 67, 58, 66, 66, 67, 34, 47, 63, 47, 34, 54, 
        72, 47, 63, 59, 54, 54, 47, 47, 69, 72, 55, 59),