
expected <- structure(list(coefficients = structure(c(2.86309422891466, 0.601291905889558, 
-0.0143301661634074, 0.491343775050797, 0.0186193702811861, 0.115929358831749, 
-0.352524198885307), .Names = c("x1", "x2", "x3", "x4", "x5", 
"x6", "x7")), residuals = structure(c(-5.16193858063325, 2.72941413007779, 
-1.04772235048389, -1.02619494252348, 5.40203687063872, -8.71883316143846, 
-8.78090611478451, 2.21279269118293, 9.16487764408057, 4.72448496756113, 
9.31786545228767, -3.41538375968235, -5.38194379922004, -0.931956256973114, 
0.378667731357661, -2.40974777975069, -4.93833748504016, 10.1352877510922, 
-1.71940703781667, -10.7929731754477, -3.51427475665582, 6.48732369315563, 
2.37560783923796, 1.51404043103245, -7.848338651293, 6.55411378324053, 
4.69144486679782), .Names = c("1", "2", "3", "4", "5", "6", "7", 
"8", "10", "11", "13", "14", "16", "17", "18", "19", "20", "21", 
"22", "23", "24", "25", "26", "27", "28", "29", "30")), effects = structure(c(-331.591504604575, 
-52.8406667457116, 1.16535851229253, 13.6513149923323, 4.77097988152297, 
0.097732216504939, -12.8033515097917, 3.83055592171541, 8.99646388953213, 
8.5014136473321, 13.6438863715334, -2.31302805957476, -2.71314347474185, 
-4.07134643598345, 3.46462596325289, -1.34037644872537, -5.43805871625196, 
11.683207592641, 2.79468684040938, -9.29715183057763, -0.337747736951206, 
9.06384213985535, -2.0246198457689, 2.97339855790106, -7.59088213299731, 
7.40214324045694, 5.87022672555617), .Names = c("x1", "x2", "x3", 
"x4", "x5", "x6", "x7", "", "", "", "", "", "", "", "", "", "", 
"", "", "", "", "", "", "", "", "", "")), rank = 7L, fitted.values = structure(c(48.1619385806332, 
60.2705858699222, 72.0477223504839, 62.0261949425235, 75.5979631293613, 
51.7188331614385, 66.7809061147845, 68.7872073088171, 57.8351223559194, 
59.2755150324389, 59.6821345477123, 71.4153837596823, 86.38194379922, 
74.9319562569731, 64.6213322686423, 67.4097477797507, 54.9383374850402, 
39.8647122489078, 65.7194070378167, 63.7929731754477, 43.5142747566558, 
56.5126763068444, 63.624392160762, 76.4859595689676, 55.848338651293, 
78.4458862167595, 77.3085551332022), .Names = c("1", "2", "3", 
"4", "5", "6", "7", "8", "10", "11", "13", "14", "16", "17", 
"18", "19", "20", "21", "22", "23", "24", "25", "26", "27", "28", 
"29", "30")), assign = 1:7, qr = structure(list(qr = structure(c(-5.19615242270663, 
0.192450089729875, 0.192450089729875, 0.192450089729875, 0.192450089729875, 
0.192450089729875, 0.192450089729875, 0.192450089729875, 0.192450089729875, 
0.192450089729875, 0.192450089729875, 0.192450089729875, 0.192450089729875, 
0.192450089729875, 0.192450089729875, 0.192450089729875, 0.192450089729875, 
0.192450089729875, 0.192450089729875, 0.192450089729875, 0.192450089729875, 
0.192450089729875, 0.192450089729875, 0.192450089729875, 0.192450089729875, 
0.192450089729875, 0.192450089729875, -342.368709629448, -68.8379740162845, 
0.0946285258367066, -0.00705953369775985, 0.210843451018954, 
-0.123274458880007, 0.0510479288933639, 0.167262854075611, -0.0361132649933217, 
-0.152328190175569, -0.0215863993455408, 0.283477779257859, 0.385165838792325, 
0.312531510553421, -0.0506401306411026, 0.0946285258367066, -0.0796938619366645, 
-0.341177443596721, -0.0361132649933217, 0.0365210632455829, 
-0.384758040540064, -0.137801324527788, 0.196316585371173, 0.167262854075611, 
-0.0942207275844454, 0.312531510553421, 0.268950913610078, -273.471577506153, 
-33.2358545059397, -53.2510494878393, -0.070052322797673, -0.00669154004805236, 
0.0814411228608679, -0.164578018240964, -0.0907237925312555, 
-0.0509579339970586, 0.175651402117566, 0.164842542970884, 0.452604748528973, 
-0.233931708535864, 0.0767098800619636, 0.334168712683665, -0.118103710985803, 
0.409600019326341, -0.0758145229588567, 0.080494874301087, 0.032758902299551, 
0.121837813768252, -0.0404644910369705, 0.190645380492463, 0.0595079883809109, 
-0.0315481290098505, 0.208162688360109, -0.364122852087635, -291.176985761301, 
-32.7887498632246, -12.0111858195518, 45.9738214702459, -0.126776264009074, 
0.146469422888452, -0.0900171792328606, 0.0462799188113019, 0.0896046789845458, 
-0.14017645812747, 0.29795177230988, 0.572139119503493, -0.225001870218563, 
-0.0840514605148644, -0.370965020032825, -0.0610621517971232, 
0.0959399796426184, 0.141459594833629, -0.182404373202978, 0.111445026063237, 
-0.3305079318491, -0.00136645725563106, 0.00943141373069283, 
-0.304983229318835, 0.099090725323558, -0.0732908932916216, -0.0800336620639995, 
-336.017856668362, -10.7644074450057, 4.095649102052, 17.3919732369239, 
48.2791099515814, -0.0417146680436654, 0.0607920916729425, -0.0961663256803514, 
0.171365777068734, 0.127012102541928, -0.101675828970539, 0.0183565172232478, 
0.171757514806304, 0.260936654179309, -0.532608831020257, -0.268168235276008, 
0.195919365307457, 0.192498572480797, -0.508015213994421, -0.00962716877927522, 
-0.0768218988727661, 0.0261258019823551, 0.20534013607325, 0.0155820974382841, 
0.17290824295118, -0.194021752626926, -0.122085969846558, -386.632230267319, 
-8.06563862688463, -1.53998245972937, -0.682271547394574, 6.69063954943711, 
51.4768131690169, 0.145356734655909, 0.225094320397989, -0.0534195090629452, 
0.192548855721172, 0.343093512136981, 0.173498347032922, 0.411075216199873, 
-0.0149729273730861, -0.0525236653303497, -0.166244215703499, 
0.0514203366727301, 0.23825467602502, -0.0630155114563619, -0.0300801419893402, 
0.337597687948956, 0.0269226388158697, 0.0656498607404338, -0.0366390145602566, 
-0.111768490761648, 0.109390119847961, -0.0587272915529637, -225.166604983954, 
-15.0934134080444, -18.1722398077161, 26.0474835996643, -8.78354369186213, 
16.6511738696007, 36.3190712872372, -0.0151034848226753, -0.00496581114329319, 
0.326845471161531, 0.189990636801277, 0.0427989562503743, 0.358668655066371, 
-0.236877826317422, -0.0615482042419863, 0.0100011240865758, 
-0.166316787307086, -0.0963405865379752, 0.205963244696396, 0.131627797119384, 
-0.144571370473786, 0.198730451387813, -0.606439667227959, 0.231606394878003, 
0.0702689186542114, -0.0643446206747049, 0.175415696203451), .Dim = c(27L, 
7L), .Dimnames = list(c("1", "2", "3", "4", "5", "6", "7", "8", 
"10", "11", "13", "14", "16", "17", "18", "19", "20", "21", "22", 
"23", "24", "25", "26", "27", "28", "29", "30"), c("x1", "x2", 
"x3", "x4", "x5", "x6", "x7")), assign = 1:7), qraux = c(1.19245008972988, 
1.00746733195002, 1.29503368652266, 1.1027371946009, 1.10448730764809, 
1.57298846482272, 1.21910079267055), pivot = 1:7, tol = 1e-07, 
    rank = 7L), .Names = c("qr", "qraux", "pivot", "tol", "rank"
), class = "qr"), df.residual = 20L, xlevels = structure(list(), .Names = character(0)), 
    call = quote(lm(formula = y ~ . + 0, data = structure(list(y = c(43, 
        63, 71, 61, 81, 43, 58, 71, 67, 64, 69, 68, 81, 74, 65, 
        65, 50, 50, 64, 53, 40, 63, 66, 78, 48, 85, 82), x1 = c(1, 
        1, 1, 1, 1, 1, 1, 1, 1, 1, 1, 1, 1, 1, 1, 1, 1, 1, 1, 
        1, 1, 1, 1, 1, 1, 1, 1), x2 = c(51, 64, 70, 63, 78, 55, 
        67, 75, 61, 53, 62, 83, 90, 85, 60, 70, 58, 40, 61, 66, 
        37, 54, 77, 75, 57, 85, 82), x3 = c(30, 51, 68, 45, 56, 
        49, 42, 50, 45, 53, 57, 83, 50, 64, 65, 46, 68, 33, 52, 
        52, 42, 42, 66, 58, 44, 71, 39), x4 = c(39, 54, 69, 47, 
        66, 44, 56, 55, 47, 58, 42, 45, 72, 69, 75, 57, 54, 34, 
        62, 50, 58, 48, 63, 74, 45, 71, 59), x5 = c(59, 66, 60, 
        77, 62, 63, 63, 71, 55, 55, 66, 61, 63, 55, 88, 79, 50, 
        50, 88, 64, 63, 61, 55, 66, 54, 76, 76), x6 = c(92, 73, 
        86, 84, 83, 49, 68, 66, 80, 67, 63, 77, 54, 79, 80, 85, 
        78, 64, 80, 80, 57, 75, 76, 78, 83, 74, 78), x7 = c(45, 
        47, 48, 35, 47, 34, 35, 41, 41, 34, 25, 35, 36, 63, 60, 
        46, 52, 33, 41, 37, 49, 33, 72, 49, 38, 55, 39)), .Names = c("y", 
        "x1", "x2", "x3", "x4", "x5", "x6", "x7"),