
expected <- structure(list(coefficients = structure(c(-1.2947088587659, 0.57937533844702, 
0.0543754698222726, 0.359604817992098, 0.0801621870507995, 0.112051852065865, 
-0.208253035149109), .Names = c("x1", "x2", "x3", "x4", "x5", 
"x6", "x7")), residuals = structure(c(-8.36618411005573, 1.38223000122737, 
-0.46186629855041, 5.53691801530637, -7.0268573901934, 2.73877872046137, 
-9.70292108056747, 8.45182281429988, 6.37394488530387, 11.3467017095934, 
8.48013429245621, -4.12849069713177, -0.949523691650875, -1.22962685423787, 
-5.01860730246127, 2.58396131146617, -2.68653029711564, 10.1067080220235, 
-2.38352415163027, -11.2260309732397, -3.02171022692417, 5.77596116936124, 
-5.53892641286877, 1.05742868176249, -7.56418013519759, 5.97318625535948, 
5.83369265835051), .Names = c("1", "2", "3", "5", "7", "8", "9", 
"10", "11", "12", "13", "14", "15", "16", "17", "18", "19", "21", 
"22", "23", "24", "25", "26", "27", "28", "29", "30")), effects = structure(c(279.366236873328, 
-205.058546213712, -6.28535837694459, -15.7933711543139, -3.60128738819387, 
5.2864919651123, -8.15591534900698, 8.96845906889696, 6.54391696166014, 
11.7931293770851, 10.4781889850589, -4.75343701644123, -1.36656986997984, 
-6.51634415513037, -9.27433601128338, -4.87185998229565, -1.75361683487945, 
10.1179971336257, -2.01230631964497, -10.2368328836153, -7.05732652957115, 
9.24227906221028, -8.50964613572149, 0.304681005798496, -8.1538873675829, 
2.35923469182805, 4.15344176663941), .Names = c("x1", "x2", "x3", 
"x4", "x5", "x6", "x7", "", "", "", "", "", "", "", "", "", "", 
"", "", "", "", "", "", "", "", "", "")), rank = 7L, fitted.values = structure(c(51.3661841100557, 
61.6177699987726, 71.4618662985504, 75.4630819846936, 65.0268573901934, 
68.2612212795386, 81.7029210805675, 58.5481771857001, 57.6260551146961, 
55.6532982904066, 60.5198657075438, 72.1284906971318, 77.9495236916509, 
82.2296268542379, 79.0186073024613, 62.4160386885338, 67.6865302971156, 
39.8932919779765, 66.3835241516303, 64.2260309732397, 43.0217102269242, 
57.2240388306388, 71.5389264128688, 76.9425713182375, 55.5641801351976, 
79.0268137446405, 76.1663073416495), .Names = c("1", "2", "3", 
"5", "7", "8", "9", "10", "11", "12", "13", "14", "15", "16", 
"17", "18", "19", "21", "22", "23", "24", "25", "26", "27", "28", 
"29", "30")), assign = 1:7, qr = structure(list(qr = structure(c(6.94102084614737, 
-0.121978388223424, -0.371365271723076, -0.190401802394486, -0.204115420841685, 
-0.240065006851004, -0.261543621504707, -0.17112925543008, -0.210991327173621, 
-0.0191939804701482, 0.0149032427740651, -0.303089962450417, 
-0.0969627322424107, -0.210078974720277, -0.0652111782647821, 
-0.414966100779922, -0.203127014637052, -0.116686861966444, 0.0224920730956082, 
-0.125688268696722, -0.194366327714829, -0.0477681743639589, 
0.0119228751570216, -0.13617312318637, -0.168018089767901, -0.291889995860725, 
-0.0476658581680664, 286.871742424891, -213.43524403928, -0.0676897982588087, 
0.162593488398336, 0.0964449137728047, 0.0956257806694512, 0.105538975486358, 
0.103477297802858, 0.023525554642229, 0.260666154788003, 0.306364371045208, 
0.065960143060257, 0.257459612172048, 0.197852275968768, 0.328770288162732, 
-0.160995393129659, 0.111553762016072, 0.0630905414328393, 0.309764362773764, 
0.17531711513698, -0.0337261109209171, 0.202111209486288, 0.373467970027227, 
0.206313750422912, 0.0880509330413436, 0.087263278945312, 0.333407549662597, 
237.221586122199, -146.516712312861, -47.3790258521478, -0.128792411337592, 
-0.27547089797152, -0.255644448106744, 0.0871633817359825, -0.0950315087687747, 
0.155492459407798, 0.096797758875768, 0.308882219800378, 0.267787646894787, 
-0.0733572389270651, -0.448542156582832, 0.0488282813060305, 
0.125105209934784, -0.234074759283606, 0.0074115657887613, 0.224728113270959, 
0.0199041821108822, 0.172265419223058, 0.0536952872343444, 0.276654339224195, 
0.00550511785396144, -0.0548305557674468, -0.0048105082410227, 
-0.419336431536105, 251.677423207969, -162.170307116444, -10.4692368208926, 
-49.99661206065, 0.04113704034853, -0.128894991622826, -0.100628281736134, 
-0.0746213902261078, 0.176519271806693, -0.176342023273273, -0.18232048030087, 
-0.629776578260684, 0.220553835963255, 0.051360155817042, 0.0251752284425901, 
0.291183345983098, 0.00479199691957756, -0.00665260663233598, 
0.260121331119674, -0.0936506762786071, 0.427342811248038, 0.0893321068727539, 
0.0147576252803555, 0.245913753060621, -0.0621516456014336, -0.060858045070556, 
0.00660135301720185, 268.778207816611, -209.127257303367, -17.7371530218671, 
-28.9153041347026, -37.474842830073, 0.360540278402774, -0.0913459303225483, 
0.294044112628428, 0.0159314259018149, 0.0602318362016603, -0.293982618914705, 
-0.135271078011296, 0.019092278634765, -0.307932467636955, -0.158767063205409, 
-0.178748589043367, 0.476120097143932, 0.166450677495616, -0.264438964228401, 
0.0774583796701291, -0.000604656878524704, 0.247587653215837, 
0.0600892559506712, 0.0392037432840858, 0.0608558361424204, 0.0543445407042944, 
-0.0872414691845287, 310.083900028427, -227.870947555356, -26.6890953144134, 
-24.6130088520003, -46.4337529008713, 58.7248225325108, -0.113923950471625, 
-0.225265991565195, -0.0531192728586764, -0.12512342909406, 0.013250544749506, 
-0.217556080204141, 0.151185529715265, 0.0583714605144519, 0.13529364603387, 
-0.392706825113066, -0.0867940829210532, -0.287872515223166, 
-0.0782465297375743, -0.187999869327813, -0.0263203216066012, 
-0.00963890214849505, 0.434784368388761, 0.162717913815125, -0.491343064089877, 
0.137760256560317, -0.219798518448396, 180.301565384993, -130.524721451087, 
-21.4551396574442, -34.8686330849169, -22.1162009958865, 6.21231359710295, 
39.1634885089062, -0.095310776784823, 0.206588555899853, -0.119811549091273, 
0.309440530641488, -0.0889869680095183, 0.204397700498362, 0.059800505773498, 
-0.25796175505183, -0.39872604667468, -0.0443196647866231, -0.129424774546284, 
0.263381653541687, 0.0720056909398294, -0.197064899504551, 0.264390371354094, 
-0.36311466075932, 0.166273017678032, -0.122875120254017, -0.173424865368037, 
0.025991519061959), .Dim = c(27L, 7L), .Dimnames = list(c("1", 
"2", "3", "5", "7", "8", "9", "10", "11", "12", "13", "14", "15", 
"16", "17", "18", "19", "21", "22", "23", "24", "25", "26", "27", 
"28", "29", "30"), c("x1", "x2", "x3", "x4", "x5", "x6", "x7"
)), assign = 1:7), qraux = c(1.03726799796733, 1.16989915374799, 
1.08080135566775, 1.04215236795019, 1.32127022917372, 1.12094508250283, 
1.38983749483554), pivot = 1:7, tol = 1e-07, rank = 7L), .Names = c("qr", 
"qraux", "pivot", "tol", "rank"), class = "qr"), df.residual = 20L, 
    xlevels = structure(list(), .Names = character(0)), call = quote(lm(formula = y ~ 
        . + 0, data = structure(list(y = c(43, 63, 71, 81, 58, 
        71, 72, 67, 64, 67, 69, 68, 77, 81, 74, 65, 65, 50, 64, 
        53, 40, 63, 66, 78, 48, 85, 82), x1 = c(-0.25867795078543, 
        0.846654535438241, 2.57765409256505, 1.32158287956416, 
        1.41676939108228, 1.66629621698333, 1.81537972904105, 
        1.18781172932586, 1.4644952002684, 0.133225818563844, 
        -0.103443718769981, 2.10375374762637, 0.673020345793978, 
        1.45816254287071, 0.452632147737685, 2.88028835595793, 
        1.40990884301146, 0.809925941380608, -0.156117948229687, 
        0.872404893140121, 1.34910073245774, 0.331559894042641, 
        -0.0827569250108997, 0.945180486721588, 1.16621706360886, 
        2.02601454605116, 0.330849715194053), x2 = c(51, 64, 
        70, 78, 67, 75, 82, 61, 53, 60, 62, 83, 77, 90, 85, 60, 
        70, 40, 61, 66, 37, 54, 77, 75, 57, 85, 82), x3 = c(30, 
        51, 68, 56, 42, 50, 72, 45, 53, 47, 57, 83, 54, 50, 64, 
        65, 46, 33, 52, 52, 42, 42, 66, 58, 44, 71, 39), x4 = c(39, 
        54, 69, 66, 56, 55, 67, 47, 58, 39, 42, 45, 72, 72, 69, 
        75, 57, 34, 62, 50, 58, 48, 63, 74, 45, 71, 59),