
expected <- structure(list(coefficients = structure(c(23.1730037562337, 0.687138593818431, 
-0.119561566441449, 0.242929646494882, 0.134770678770716, -0.221765012122061, 
-0.115944720225194), .Names = c("x1", "x2", "x3", "x4", "x5", 
"x6", "x7")), residuals = structure(c(-5.70148424977952, 4.19491031133707, 
1.49813139488284, 3.02149146183892, 7.18357153288341, -8.39030930258838, 
-7.11112758858375, 0.860711396675329, -6.96769307064574, 8.90444648005091, 
11.1874114211692, 8.18668719682634, 0.190534985137404, -2.79010624161632, 
-4.58230841140944, -2.51291987775098, -2.98359599783774, -2.87005361025864, 
5.699018474019, 3.22364506900114, -8.35635898674106, -6.08210239022175, 
-3.26677873013898, 4.44668665526473, -7.62017820930125, 5.51895524462453, 
5.11881504316269), .Names = c("1", "2", "3", "4", "5", "6", "7", 
"8", "9", "10", "11", "12", "14", "15", "16", "17", "19", "20", 
"21", "22", "23", "24", "26", "27", "28", "29", "30")), effects = structure(c(-335.248056309443, 
55.507881731414, 5.01730832808559, 12.937982009321, -1.27807960301797, 
9.14593437877391, -3.71842269435585, 3.34770702578041, -7.11589224613812, 
9.77996119594916, 13.0013293581493, 4.36709160646232, -2.31226006444333, 
-1.95506231598588, -6.17264176089917, -0.219119166248122, 0.700601903708689, 
-3.29158472316176, -0.21443317722516, 5.50316325056766, -6.83630455787681, 
-11.9807946760916, 0.808693770345386, 9.179737019704, -10.9995281351831, 
5.17265214475758, 6.66554661454717), .Names = c("x1", "x2", "x3", 
"x4", "x5", "x6", "x7", "", "", "", "", "", "", "", "", "", "", 
"", "", "", "", "", "", "", "", "", "")), rank = 7L, fitted.values = structure(c(48.7014842497795, 
58.8050896886629, 69.5018686051172, 57.9785085381611, 73.8164284671166, 
51.3903093025884, 65.1111275885837, 70.1392886033247, 78.9676930706457, 
58.0955535199491, 52.8125885788308, 58.8133128031737, 67.8094650148626, 
79.7901062416163, 85.5823084114094, 76.512919877751, 67.9835959978377, 
52.8700536102586, 44.300981525981, 60.7763549309989, 61.3563589867411, 
46.0821023902217, 69.266778730139, 73.5533133447353, 55.6201782093012, 
79.4810447553755, 76.8811849568373), .Names = c("1", "2", "3", 
"4", "5", "6", "7", "8", "9", "10", "11", "12", "14", "15", "16", 
"17", "19", "20", "21", "22", "23", "24", "26", "27", "28", "29", 
"30")), assign = 1:7, qr = structure(list(qr = structure(c(-5.19615242270663, 
0.192450089729875, 0.192450089729875, 0.192450089729875, 0.192450089729875, 
0.192450089729875, 0.192450089729875, 0.192450089729875, 0.192450089729875, 
0.192450089729875, 0.192450089729875, 0.192450089729875, 0.192450089729875, 
0.192450089729875, 0.192450089729875, 0.192450089729875, 0.192450089729875, 
0.192450089729875, 0.192450089729875, 0.192450089729875, 0.192450089729875, 
0.192450089729875, 0.192450089729875, 0.192450089729875, 0.192450089729875, 
0.192450089729875, 0.192450089729875, -350.644063487833, 69.9767157041593, 
-0.0740027970375246, 0.0260304773103873, -0.188326539149424, 
0.140354219422287, -0.0311313937455624, -0.145455135857462, -0.245488410205373, 
0.0546114128383621, 0.168935154950261, 0.0689018806023495, -0.259778877969361, 
-0.174036071385436, -0.359812152317273, -0.288359813497336, -0.0740027970375246, 
0.0974828161303243, 0.354711235882098, 0.0546114128383621, -0.0168409259815749, 
0.39758263917406, -0.174036071385436, -0.145455135857462, 0.111773283894312, 
-0.288359813497336, -0.245488410205373, -275.203628313722, 37.1192253786653, 
-51.7989002803227, -0.0646111375218958, 0.00305168115368953, 
0.0897822602435688, -0.161113265566024, -0.0838415133947335, 
0.273352707176091, -0.045318217241926, 0.186296897169124, 0.00293910122085157, 
0.476065967811465, -0.0259127170291181, -0.228538415494507, 0.0899698934649654, 
-0.112830929340394, 0.427646033890144, -0.074407704238998, 0.0898197868878481, 
0.0415874861879235, 0.128280538633523, 0.205752432907637, 0.0706019198964369, 
-0.0260378058433825, 0.22510789759474, -0.363726455149987, -293.67883692779, 
37.9020254461815, -7.52187192325024, 43.33126643185, -0.121492937648673, 
0.135014367433991, -0.0835009050119497, 0.064907370321727, -6.93956314350381e-05, 
0.0915809510779477, -0.178492309224744, 0.280997970441483, 0.591510443853834, 
-0.282447065505078, -0.194720363674145, -0.0742433357923988, 
-0.0527603812070296, 0.0603482267727822, 0.123980681013588, -0.206851483211803, 
0.114317693405659, -0.395054295483173, 0.00709158923035469, -0.31901745600949, 
0.0955309830565158, -0.0726614600816332, -0.0404954151910349, 
-339.28950819377, 36.8715239374229, -8.58423415944909, 19.7034837366774, 
33.3796944967433, 0.0891282688594576, -0.00534326791010281, -0.0787541470762473, 
0.195243614382479, -0.0724219506765863, 0.215632463139881, -0.125555909291352, 
0.195615399430647, -0.0260201866444669, 0.607944339783501, -0.0104391317533713, 
-0.230835737455126, 0.0282513371371344, 0.118579321337855, 0.0901938159779225, 
-0.00439100325568319, 0.338586271621436, -0.427458024109425, 
-0.0225831698730062, 0.196518979383285, 0.101239274755126, 0.186282569069957, 
-379.511576947314, 4.55177862112194, -2.16372432463393, -7.20762236155696, 
11.1239497136584, -41.4230671734413, 0.116654167189812, -0.0185459377826017, 
-0.172594400240775, -0.0395099147459833, 0.293618690371715, -0.533288805978859, 
0.0246212200114965, -0.342289790316536, 0.00986794334537663, 
0.155878902447934, -0.0519198054767294, 0.143332198713025, -0.47211860997845, 
0.157082893045839, 0.0543221471319666, -0.275729102651605, 0.0694412760716469, 
0.18002183196845, -0.180983850433292, -0.100362294216019, 0.028447735111234, 
-225.166604983954, 11.2561251087674, -11.4580557756746, 15.8896201680194, 
28.5461971703421, 0.347170746534053, 32.0706513167114, 0.109656868025038, 
0.41544251218762, 0.0551658514197694, 0.229440905849391, 0.0527882328940761, 
-0.0500799230750733, 0.211506172717931, -0.127028604474425, -0.46538709937944, 
0.132210639399564, -0.212130538918949, 0.10161386265353, 0.142995822187545, 
0.145785623642311, -0.196120495366554, -0.433941188478345, 0.0981488336638956, 
-0.0612671997062856, -0.22495142991554, -0.0580290396492779), .Dim = c(27L, 
7L), .Dimnames = list(c("1", "2", "3", "4", "5", "6", "7", "8", 
"9", "10", "11", "12", "14", "15", "16", "17", "19", "20", "21", 
"22", "23", "24", "26", "27", "28", "29", "30"), c("x1", "x2", 
"x3", "x4", "x5", "x6", "x7")), assign = 1:7), qraux = c(1.19245008972988, 
1.0117400095464, 1.31188851221032, 1.1092741072632, 1.1175208252798, 
1.10615926096336, 1.2613702022421), pivot = 1:7, tol = 1e-07, 
    rank = 7L), .Names = c("qr", "qraux", "pivot", "tol", "rank"
), class = "qr"), df.residual = 20L, xlevels = structure(list(), .Names = character(0)), 
    call = quote(lm(formula = y ~ . + 0, data = structure(list(y = c(43, 
        63, 71, 61, 81, 43, 58, 71, 72, 67, 64, 67, 68, 77, 81, 
        74, 65, 50, 50, 64, 53, 40, 66, 78, 48, 85, 82), x1 = c(1, 
        1, 1, 1, 1, 1, 1, 1, 1, 1, 1, 1, 1, 1, 1, 1, 1, 1, 1, 
        1, 1, 1, 1, 1, 1, 1, 1), x2 = c(51, 64, 70, 63, 78, 55, 
        67, 75, 82, 61, 53, 60, 83, 77, 90, 85, 70, 58, 40, 61, 
        66, 37, 77, 75, 57, 85, 82), x3 = c(30, 51, 68, 45, 56, 
        49, 42, 50, 72, 45, 53, 47, 83, 54, 50, 64, 46, 68, 33, 
        52, 52, 42, 66, 58, 44, 71, 39), x4 = c(39, 54, 69, 47, 
        66, 44, 56, 55, 67, 47, 58, 39, 45, 72, 72, 69, 57, 54, 
        34, 62, 50, 58, 63, 74, 45, 71, 59), x5 = c(61, 63, 76, 
        54, 71, 54, 66, 70, 71, 62, 58, 59, 59, 79, 60, 79, 75, 
        64, 43, 66, 63, 50, 88, 80, 51, 77, 64), x6 = c(83, 83, 
        68, 80, 74, 80, 79, 75, 64, 75, 83, 57, 78, 57, 67, 79, 
        74, 80, 57, 78, 78, 57, 80, 78, 67, 67, 74), x7 = c(45, 
        47, 48, 35, 47, 34, 35, 41, 31, 41, 34, 41, 35, 46, 36, 
        63, 46, 52, 33, 41, 37, 49, 72, 49, 38, 55, 39)), .Names = c("y", 
        "x1", "x2", "x3", "x4", "x5", "x6", "x7"),