
expected <- structure(list(coefficients = structure(c(19.815103091283, 0.635867410707063, 
-0.0279899545076465, 0.278751927496199, 0.144774442017357, -0.169420604714896, 
-0.208986929274228), .Names = c("x1", "x2", "x3", "x4", "x5", 
"x6", "x7")), residuals = structure(c(-4.64088652884774, -0.107271799038418, 
2.33382842754717, 6.83757415280387, -9.84000361555137, -7.70909233519298, 
0.703781331424253, -9.57480506093484, 8.85418626489333, 8.57032808502183, 
9.16080144576923, 7.75396151962902, -2.50238265604786, -4.52556766053382, 
-2.19313551274972, 5.73723336033629, -2.63470345649396, -4.68929568022672, 
1.79800108007915, -9.43793723454663, -5.6756190905843, 7.36922556541997, 
-2.63037176307399, 3.36382717322259, -7.46263695514459, 5.02989650707354, 
6.11106443574669), .Names = c("1", "3", "4", "5", "6", "7", "8", 
"9", "10", "11", "12", "13", "15", "16", "17", "18", "19", "20", 
"22", "23", "24", "25", "26", "27", "28", "29", "30")), effects = structure(c(-338.327257745121, 
-53.1510040063286, 2.38481266822958, -8.69855043732628, -0.829499312810364, 
7.86870529027005, -8.17420765737868, -7.27806917779621, 10.0515743820132, 
11.1485742543097, 9.06134829456204, 11.4890148358566, -8.65108681528498, 
-4.19730767188906, 0.8166738297577, 10.0159832497129, -4.69339027192613, 
1.65661487880054, 1.90711424408986, -6.20518613821159, -10.6122961979799, 
6.39246437711261, -0.519889849945433, 1.82105422703935, -5.95419844100576, 
7.06959506686306, 5.62143570838169), .Names = c("x1", "x2", "x3", 
"x4", "x5", "x6", "x7", "", "", "", "", "", "", "", "", "", "", 
"", "", "", "", "", "", "", "", "", "")), rank = 7L, fitted.values = structure(c(47.6408865288477, 
71.1072717990384, 58.6661715724528, 74.1624258471961, 52.8400036155514, 
65.709092335193, 70.2962186685757, 81.5748050609348, 58.1458137351067, 
55.4296719149782, 57.8391985542308, 61.246038480371, 79.5023826560479, 
85.5255676605338, 76.1931355127497, 59.2627666396637, 67.634703456494, 
54.6892956802267, 62.2019989199209, 62.4379372345466, 45.6756190905843, 
55.63077443458, 68.630371763074, 74.6361728267774, 55.4626369551446, 
79.9701034929265, 75.8889355642533), .Names = c("1", "3", "4", 
"5", "6", "7", "8", "9", "10", "11", "12", "13", "15", "16", 
"17", "18", "19", "20", "22", "23", "24", "25", "26", "27", "28", 
"29", "30")), assign = 1:7, qr = structure(list(qr = structure(c(-5.19615242270663, 
0.192450089729875, 0.192450089729875, 0.192450089729875, 0.192450089729875, 
0.192450089729875, 0.192450089729875, 0.192450089729875, 0.192450089729875, 
0.192450089729875, 0.192450089729875, 0.192450089729875, 0.192450089729875, 
0.192450089729875, 0.192450089729875, 0.192450089729875, 0.192450089729875, 
0.192450089729875, 0.192450089729875, 0.192450089729875, 0.192450089729875, 
0.192450089729875, 0.192450089729875, 0.192450089729875, 0.192450089729875, 
0.192450089729875, 0.192450089729875, -348.527112500804, -64.4348651884355, 
-0.0229669383926948, 0.209826285526274, -0.147123324482811, 0.0391112546523634, 
0.16326764074248, 0.271904478571332, -0.0540060349152239, -0.17816242100534, 
-0.0695255831764885, -0.0384864866539594, 0.194306737265009, 
0.396060864661448, 0.318463123355125, -0.0695255831764885, 0.0856698994361571, 
-0.100564679699018, -0.0540060349152239, 0.0235917063910989, 
-0.426475193185573, -0.162642872744076, 0.194306737265009, 0.16326764074248, 
-0.116084227960282, 0.318463123355125, 0.271904478571332, -274.626278044532, 
-24.9910710853059, 49.1208079475144, 0.0332697122450195, -0.1175759361763, 
0.17798279240609, 0.117154307922394, -0.241440185980785, 0.0403824137808932, 
-0.224516643047355, -0.0130879396546342, -0.191158831431529, 
0.0612312441374779, 0.308470469495412, -0.0403131830102102, -0.37953142363057, 
0.134814139392708, -0.466114159169628, -0.102123385543082, -0.0383513316854092, 
-0.204649530739946, 0.0121754523761407, -0.183064411846479, -0.0457094627335769, 
0.00972274202675147, -0.182818982334185, 0.430372867975097, -299.837239799146, 
-35.2696104189331, 21.7298843053379, -39.9436645615164, -0.177617837000547, 
0.106779989075908, -0.100743421629851, -0.163450290946938, -0.103742940267717, 
0.137116691742865, -0.321904565512506, -0.400929011325126, 0.252106902281073, 
0.186143551267977, -0.0326140735118242, 0.335221351322635, 0.0498186683736243, 
-0.212714672469972, 0.17684128669816, -0.169819303439769, 0.434275378359838, 
0.0267153585700828, -0.135972710318455, 0.266418319331288, -0.103259952891661, 
-0.0774882175469095, 0.083863901372416, -341.406459180799, -33.9194097202031, 
10.8534948345161, -6.09508613613382, 36.0021506126074, -0.0695628717457221, 
-0.0269904980245857, 0.258323896605004, -0.0134030192056276, 
0.124544792448818, 0.0577472715425807, 0.292838251078639, -0.173085739565426, 
0.445432283286562, -0.00555906672223858, 0.438306537640187, -0.248625408909153, 
0.140950833621688, -0.0170379189003488, 0.0838027136617085, 0.0820694063042763, 
-0.220213486708983, -0.331927055773234, -0.176949199072772, 0.237411397649097, 
0.122601952847488, 0.114289035146602, -380.088927216504, 3.58961403302209, 
-2.45718897922659, 1.34729987024505, 8.71680623580769, -39.7578466837519, 
0.0217973284779826, -0.14106533830379, -0.0154417336949185, 0.216799222265024, 
-0.457906382365412, -0.22304167922924, -0.423637634234719, -0.114280186353247, 
0.189795879092797, 0.173285165203335, -0.0431846917912767, 0.201426434216065, 
0.0870642225874568, 0.100471610853378, -0.501516416712999, 0.0471655788606915, 
0.181316840239533, 0.115834250881376, -0.204256468213064, -0.0759984881608313, 
-0.019095010572416, -225.743955253144, -11.8276201693348, 20.5044038044349, 
-16.9699421678191, 21.8429162597646, -5.42094602222757, 39.113487555256, 
0.367510731304922, -0.0149810474118261, 0.302032615154672, -0.0968126680088066, 
0.248229086867697, 0.21846953791437, -0.0637195274581587, -0.366864418615523, 
-0.326420627759301, 0.0636492999287783, -0.122583201283327, 0.201279091302005, 
0.0733258259785583, 0.0103926736086465, 0.352845033431589, -0.380718791445736, 
0.179623421013226, -0.0893748109592298, -0.148863550684707, -0.110197297690356
), .Dim = c(27L, 7L), .Dimnames = list(c("1", "3", "4", "5", 
"6", "7", "8", "9", "10", "11", "12", "13", "15", "16", "17", 
"18", "19", "20", "22", "23", "24", "25", "26", "27", "28", "29", 
"30"), c("x1", "x2", "x3", "x4", "x5", "x6", "x7")), assign = 1:7), 
    qraux = c(1.19245008972988, 1.08566989943616, 1.06589123532396, 
    1.06552080427392, 1.17955741520268, 1.07981352447091, 1.02213219175038
    ), pivot = 1:7, tol = 1e-07, rank = 7L), .Names = c("qr", 
"qraux", "pivot", "tol", "rank"), class = "qr"), df.residual = 20L, 
    xlevels = structure(list(), .Names = character(0)), call = quote(lm(formula = y ~ 
        . + 0, data = structure(list(y = c(43, 71, 61, 81, 43, 
        58, 71, 72, 67, 64, 67, 69, 77, 81, 74, 65, 65, 50, 64, 
        53, 40, 63, 66, 78, 48, 85, 82), x1 = c(1, 1, 1, 1, 1, 
        1, 1, 1, 1, 1, 1, 1, 1, 1, 1, 1, 1, 1, 1, 1, 1, 1, 1, 
        1, 1, 1, 1), x2 = c(51, 70, 63, 78, 55, 67, 75, 82, 61, 
        53, 60, 62, 77, 90, 85, 60, 70, 58, 61, 66, 37, 54, 77, 
        75, 57, 85, 82), x3 = c(30, 68, 45, 56, 49, 42, 50, 72, 
        45, 53, 47, 57, 54, 50, 64, 65, 46, 68, 52, 52, 42, 42, 
        66, 58, 44, 71, 39), x4 = c(39, 69, 47, 66, 44, 56, 55, 
        67, 47, 58, 39, 42, 72, 72, 69, 75, 57, 54, 62, 50, 58, 
        48, 63, 74, 45, 71, 59), x5 = c(61, 76, 54, 71, 54, 66, 
        70, 71, 62, 58, 59, 55, 79, 60, 79, 55, 75, 64, 66, 63, 
        50, 66, 88, 80, 51, 77, 64), x6 = c(83, 68, 80, 74, 80, 
        79, 75, 64, 75, 83, 57, 64, 57, 67, 79, 78, 74, 80, 78, 
        78, 57, 79, 80, 78, 67, 67, 74), x7 = c(45, 48, 35, 47, 
        34, 35, 41, 31, 41, 34, 41, 25, 46, 36, 63, 60, 46, 52, 
        41, 37, 49, 33, 72, 49, 38, 55, 39)), .Names = c("y", 
        "x1", "x2", "x3", "x4", "x5", "x6", "x7"),