
expected <- structure(list(coefficients = structure(c(14.7702996732247, 0.523950424687241, 
0.353330589377855, 0.06882729062451, -0.00300494261274956, -0.207392353255236
), .Names = c("x1", "x2", "x3", "x4", "x5", "x6")), residuals = structure(c(-6.86101842924688, 
1.24770342477037, 0.408759720400605, 7.15186150774616, -12.6522104586694, 
-8.74102385204717, 1.38373841164063, -7.61554843246445, 8.13837659385942, 
4.22784194394659, 11.6774239497665, 8.49350847393251, -2.72875864600031, 
0.779788062238446, -2.86688614947559, -1.8201436765614, 1.19131626218777, 
-1.953251420883, -7.62543483839076, 6.33513378822341, -10.4397640013558, 
5.50322627568857, -2.27048600695806, 2.67738244461117, -7.91522256369375, 
6.93668618682627, 7.33700142990811), .Names = c("1", "2", "4", 
"5", "6", "7", "8", "9", "10", "11", "12", "13", "14", "15", 
"16", "17", "18", "19", "20", "21", "23", "25", "26", "27", "28", 
"29", "30")), effects = structure(c(-339.4819582835, 47.9679701362602, 
11.5480292057718, -2.40267161155772, -1.96707582718527, -7.98897746694497, 
5.79077948463249, -5.5616819237001, 9.08106409018021, 6.40151046572254, 
13.1442794091617, 11.929260847606, -2.91632339925725, 4.64067364880234, 
-1.67012305150644, -0.711586139433464, -4.64007123159313, 0.811839515705838, 
-7.36179345487389, 6.44692295122718, -9.19065340454131, 10.0073685084852, 
2.27029330470206, 6.34331110459849, -10.4914373630551, 8.98195427163927, 
7.29542997182082), .Names = c("x1", "x2", "x3", "x4", "x5", "x6", 
"", "", "", "", "", "", "", "", "", "", "", "", "", "", "", "", 
"", "", "", "", "")), rank = 6L, fitted.values = structure(c(49.8610184292469, 
61.7522965752296, 60.5912402795994, 73.8481384922538, 55.6522104586694, 
66.7410238520472, 69.6162615883594, 79.6155484324645, 58.8616234061406, 
59.7721580560534, 55.3225760502335, 60.5064915260675, 70.7287586460003, 
76.2202119377615, 83.8668861494756, 75.8201436765614, 63.8086837378122, 
66.953251420883, 57.6254348383908, 43.6648662117766, 63.4397640013558, 
57.4967737243114, 68.2704860069581, 75.3226175553888, 55.9152225636938, 
78.0633138131737, 74.6629985700919), .Names = c("1", "2", "4", 
"5", "6", "7", "8", "9", "10", "11", "12", "13", "14", "15", 
"16", "17", "18", "19", "20", "21", "23", "25", "26", "27", "28", 
"29", "30")), assign = 1:6, qr = structure(list(qr = structure(c(-5.19615242270663, 
0.192450089729875, 0.192450089729875, 0.192450089729875, 0.192450089729875, 
0.192450089729875, 0.192450089729875, 0.192450089729875, 0.192450089729875, 
0.192450089729875, 0.192450089729875, 0.192450089729875, 0.192450089729875, 
0.192450089729875, 0.192450089729875, 0.192450089729875, 0.192450089729875, 
0.192450089729875, 0.192450089729875, 0.192450089729875, 0.192450089729875, 
0.192450089729875, 0.192450089729875, 0.192450089729875, 0.192450089729875, 
0.192450089729875, 0.192450089729875, -352.183664205672, 64.6889995800419, 
0.0319993232125807, -0.199879359366827, 0.155667953921598, -0.0298349921419281, 
-0.153503622850946, -0.261713674721336, 0.0629164808898351, 0.186585111598853, 
0.0783750597284623, 0.0474579020512079, -0.277172253559963, -0.1844207805282, 
-0.385382305430354, -0.308089411237218, 0.0783750597284623, -0.0762107286578097, 
0.109292217405717, 0.387546636501006, -0.0143764133033009, 0.171126532760225, 
-0.1844207805282, -0.153503622850946, 0.124750796244344, -0.308089411237218, 
-0.261713674721336, -289.060034774273, 42.7395352490623, 44.2676905088854, 
-0.109736433175927, 0.0578816669837249, -0.0413572577775739, 
0.0957920097437625, -0.0750465578645149, 0.0760317215015874, 
-0.287015935681455, 0.242430504661557, 0.203300844901836, 0.436249827960634, 
-0.259595395542347, -0.0734363241402023, -0.0772664500886691, 
-0.570803698120586, -0.0209873110355574, -0.125056936969794, 
0.0689811281044954, 0.0798618474500541, -0.0467976174503533, 
-0.0562868448468111, -0.333414930613479, 0.0639316851563457, 
-0.12244612802101, 0.10567215386485, -336.210306758092, 34.3214802614943, 
15.2064160985718, 37.1541455523685, 0.0918583132160681, 0.00139004369293445, 
-0.0711240603086663, 0.104181893388735, -0.047159452925674, 0.158534109129168, 
-0.079016257138479, 0.0807130256389314, 0.140223778173337, -0.0748371970240364, 
0.515298918950601, -0.0663276047078797, 0.508089379781596, -0.209352297191106, 
-0.0259374124021563, 0.1638737912182, -0.00383086890922228, -0.183906596064369, 
-0.436932782110867, -0.0872320598285218, 0.198036807400729, 0.0141380808669715, 
0.186042605820852, -388.749181254348, 2.79628514992061, 2.92846134339601, 
15.8532638139541, 45.8514231408341, 0.210483060095602, 0.300844139951023, 
-0.106616472228887, -0.045875072024995, 0.14295307884277, 0.102246775033288, 
0.306540825573893, 0.0557049818218415, 0.0406415254258244, 0.448695758438487, 
0.0279859273291355, -0.226615684456131, -0.101777839384402, -0.0293558231059108, 
0.201399579512666, -0.043558297955609, 0.069241535636646, 0.162690869240014, 
0.0114390814662524, -0.179766995723339, 0.114758292243147, -0.0036013024221822, 
-221.317603189357, 16.3019301952679, 24.7401432766794, 23.6857943907158, 
8.82045506124745, 38.5210801726764, 0.0110774366820811, 0.407096771633637, 
0.0120251448806245, 0.266846209645782, -0.128947361684892, 0.187105789926299, 
-0.134699916768082, 0.214769400279644, -0.0480480621794974, -0.329036294566658, 
-0.300625624656758, 0.11049239319147, -0.151611314146756, -0.055586814909842, 
0.110067241905637, 0.340510547138027, -0.415900132403679, 0.196690656813016, 
-0.0447627458705438, -0.153724239301141, -0.00867146895917167
), .Dim = c(27L, 6L), .Dimnames = list(c("1", "2", "4", "5", 
"6", "7", "8", "9", "10", "11", "12", "13", "14", "15", "16", 
"17", "18", "19", "20", "21", "23", "25", "26", "27", "28", "29", 
"30"), c("x1", "x2", "x3", "x4", "x5", "x6")), assign = 1:6), 
    qraux = c(1.19245008972988, 1.01654074437395, 1.10467157864038, 
    1.06663223271735, 1.5814365879044, 1.20548946415509), pivot = 1:6, 
    tol = 1e-07, rank = 6L), .Names = c("qr", "qraux", "pivot", 
"tol", "rank"), class = "qr"), df.residual = 21L, xlevels = structure(list(), .Names = character(0)), 
    call = quote(lm(formula = y ~ . + 0, data = structure(list(y = c(43, 
        63, 61, 81, 43, 58, 71, 72, 67, 64, 67, 69, 68, 77, 81, 
        74, 65, 65, 50, 50, 53, 63, 66, 78, 48, 85, 82), x1 = c(1, 
        1, 1, 1, 1, 1, 1, 1, 1, 1, 1, 1, 1, 1, 1, 1, 1, 1, 1, 
        1, 1, 1, 1, 1, 1, 1, 1), x2 = c(51, 64, 63, 78, 55, 67, 
        75, 82, 61, 53, 60, 62, 83, 77, 90, 85, 60, 70, 58, 40, 
        66, 54, 77, 75, 57, 85, 82), x3 = c(39, 54, 47, 66, 44, 
        56, 55, 67, 47, 58, 39, 42, 45, 72, 72, 69, 75, 57, 54, 
        34, 50, 48, 63, 74, 45, 71, 59), x4 = c(61, 63, 54, 71, 
        54, 66, 70, 71, 62, 58, 59, 55, 59, 79, 60, 79, 55, 75, 
        64, 43, 63, 66, 88, 80, 51, 77, 64), x5 = c(92, 73, 84, 
        83, 49, 68, 66, 83, 80, 67, 74, 63, 77, 77, 54, 79, 80, 
        85, 78, 64, 80, 75, 76, 78, 83, 74, 78), x6 = c(45, 47, 
        35, 47, 34, 35, 41, 31, 41, 34, 41, 25, 35, 46, 36, 63, 
        60, 46, 52, 33, 37, 33, 72, 49, 38, 55, 39)), .Names = c("y", 
        "x1", "x2", "x3", "x4", "x5", "x6"), row.names = c("1", 
        "2", "4", "5", "6", "7", "8", "9", "10", "11", "12", 
        "13", "14", "15", "16", "17", "18", "19", "20", "21", 
        "23", "25", "26", "27", "28", "29", "30"), class = "data.frame"))), 
    terms = y ~ x1 + x2 + x3 + x4 + x5 + x6 + 0, model = structure(list(
        y = c(43, 63, 61, 81, 43, 58, 71, 72, 67, 64, 67, 69, 
        68, 77, 81, 74, 65, 65, 50, 50, 53, 63, 66, 78, 48, 85, 
        82), x1 = c(1, 1, 1, 1, 1, 1, 1, 1, 1, 1, 1, 1, 1, 1, 
        1, 1, 1, 1, 1, 1, 1, 1, 1, 1, 1, 1, 1), x2 = c(51, 64, 
        63, 78, 55, 67, 75, 82, 61, 53, 60, 62, 83, 77, 90, 85, 
        60, 70, 58, 40, 66, 54, 77, 75, 57, 85, 82), x3 = c(39, 
        54, 47, 66, 44, 56, 55, 67, 47, 58, 39, 42, 45, 72, 72, 
        69, 75, 57, 54, 34, 50, 48, 63, 74, 45, 71, 59),