
expected <- structure(list(coefficients = structure(c(-0.397499859106769, 
0.15374948702223, 0.269498765916417, 0.0570155698699632, 0.115925856169951, 
0.314602986624701, 0.187699786738523), .Names = c("x1", "x2", 
"x3", "x4", "x5", "x6", "x7")), residuals = structure(c(-28.2376039182497, 
6.90073339841895, 2.76884083958896, 13.0971884251106, -22.6501461992804, 
-12.6943089613762, 4.58819878195853, 0.0924530018358567, 2.24230290071408, 
-9.45274355784254, 4.23573819775215, 0.763973628253563, 0.596076492116868, 
10.5865810156801, 9.38927715630396, 10.7666588579011, -6.69487253552579, 
1.39739061493863, -9.45168715077342, -7.81753833191192, -8.94608534873348, 
3.73236786108726, -5.68834572234185, 12.8295055713293, -8.8316053590242, 
21.0902683744203, 20.1271250723961), .Names = c("1", "2", "4", 
"5", "6", "7", "8", "9", "10", "11", "12", "13", "14", "15", 
"16", "17", "18", "19", "20", "21", "23", "25", "26", "27", "28", 
"29", "30")), effects = structure(c(-224.444578588382, -244.643381398931, 
53.2321241707912, -25.7635013803173, -26.1000300398117, -28.5594507873727, 
9.95498627106629, 14.3516018243029, 2.09821628335284, -3.76854778450638, 
18.492161878497, 1.02963820616431, 1.41962223930458, 25.0866271230457, 
10.1661298119609, 5.31513099696538, -0.662385836467958, 5.16978489769205, 
-4.84266808049237, 3.56044247823451, -12.8863632778515, 10.5722677878015, 
-10.7231991613977, 22.7939258314574, -5.55677968625257, 17.3288544952144, 
30.4546296081696), .Names = c("x1", "x2", "x3", "x4", "x5", "x6", 
"x7", "", "", "", "", "", "", "", "", "", "", "", "", "", "", 
"", "", "", "", "", "")), rank = 7L, fitted.values = structure(c(71.2376039182497, 
56.099266601581, 58.231159160411, 67.9028115748894, 65.6501461992804, 
70.6943089613762, 66.4118012180415, 71.9075469981642, 64.7576970992859, 
73.4527435578425, 62.7642618022479, 68.2360263717464, 67.4039235078831, 
66.4134189843199, 71.610722843696, 63.2333411420989, 71.6948725355258, 
63.6026093850614, 59.4516871507734, 57.8175383319119, 61.9460853487335, 
59.2676321389127, 71.6883457223419, 65.1704944286707, 56.8316053590242, 
63.9097316255797, 61.8728749276039), .Names = c("1", "2", "4", 
"5", "6", "7", "8", "9", "10", "11", "12", "13", "14", "15", 
"16", "17", "18", "19", "20", "21", "23", "25", "26", "27", "28", 
"29", "30")), assign = 1:7, qr = structure(list(qr = structure(c(-7.27974213957979, 
-0.0451165107265046, 0.271784562905803, -0.13459806884399, -0.0469009172624992, 
0.253598393350259, 0.0265903716560035, 0.309084989634579, -0.150945185728882, 
-0.0656309891418324, 0.206260861257748, 0.0358390283183598, 0.0759752673222219, 
0.261307808640495, 0.0129450409871624, 0.146294071375724, 0.188885938494808, 
0.19834773731415, 0.224168505996867, 0.236678103159896, -0.0846066619277808, 
0.252566731949731, 0.0644280128773016, 0.234623441229523, 0.216725062121829, 
0.233999350524944, 0.229787643071565, -234.946116554562, -264.403710858849, 
0.0105648953413987, 0.258325865004774, 0.256832037087677, 0.0416892744005271, 
0.286743727240713, -0.0373717995373083, 0.382385049060499, 0.284652720811987, 
0.0681975386500633, 0.289955177333287, 0.126061333384405, -0.0369514998138156, 
0.226885934235479, 0.124724587558368, 0.143993511991298, 0.0562472044810729, 
0.0562286173903348, 0.0868286054126582, 0.327817808293479, -0.0708661631477697, 
0.2837196570714, -0.013480746632405, 0.028736786288891, 0.104313134989171, 
0.108017624010333, -187.383108373157, -187.679160094296, 88.7699474074031, 
-0.450447039838393, 0.0154275968645952, 0.056827414302137, -0.120268489174606, 
-0.3465362176058, -0.126055573053886, -0.411088899360687, 0.0962522048734574, 
-0.116976423739351, -0.116970971211036, -0.0759130661376749, 
-0.262931848067246, 0.0755624090341913, 0.180446627618991, -0.191130818113915, 
-0.181143707994133, 0.23027997361424, -0.121850485322929, -0.316609529352287, 
0.202544168447372, 0.103193800955288, 0.0211853673238213, 0.133818968346299, 
0.109331773024867, -194.875175245262, -214.213462357464, 28.6615154784567, 
-81.5768113401963, 0.169556970102576, 0.0136486112630062, 0.0717915155372159, 
-0.271754087875533, -0.0720223983478558, -0.303308554040572, 
-0.0591960767550194, -0.399311220437016, 0.329197995553991, -0.156599376540778, 
-0.0122072740832097, 0.192289592719019, -0.194012389621825, 0.145423724303145, 
-0.208530310603166, -0.0235100930046213, 0.0176404527729431, 
0.221480482071672, 0.102448322831239, 0.157780645890088, 0.210580374096324, 
0.0505079011138024, -0.325234653129508, -238.453645028075, -239.642030425962, 
50.3774073174741, -57.7353068401839, -74.841884010133, 0.314479153797215, 
-0.160245217685663, 0.102577285876802, 0.129231595108352, 0.0874642198081855, 
0.465254527298121, -0.178334657104857, 0.0799043357334859, 0.282310563607572, 
-0.0375805951670963, -0.259581419028804, 0.0848015137514092, 
-0.00309018420209615, -0.14019154172927, 0.385617996785097, -0.067945082328493, 
0.0414777743119892, -0.119148760008944, 0.308535500949342, 0.0483091192649598, 
-0.300357767332285, 0.168708338528091, -233.950314415998, -267.743149032559, 
57.2361896881842, -34.3507979783815, -41.0534588107497, -79.7716197571887, 
-0.243280979534977, -0.178411895618518, 0.181362195759333, 0.137505678875778, 
-0.242044206545752, 0.0912113072883658, 0.135775729151756, 0.30599851053157, 
0.175979451338064, 0.392848759777339, 0.344303169978977, -0.261073845617144, 
-0.155729119158039, -0.42567931179138, 0.0421075068977461, -0.208746968644717, 
0.0726690192952086, 0.0732875997080128, -0.128975226929242, 0.142891564766948, 
-0.0859661779933964, -151.095451059444, -155.488402227724, 20.3935232339986, 
-19.2460233585148, -24.019099242288, -18.4499994594848, 53.0367479049626, 
-0.229108071068176, 0.263175651976488, -0.352634449244452, 0.13378036164602, 
-0.348375785629501, 0.0475872713976986, -0.0226738095691333, 
2.7720110868728e-05, 0.039291748159145, -0.0948347660745539, 
0.125788190019855, -0.200054672579949, 0.384029086636609, -0.00307220444931643, 
0.0455271286186673, -0.271823137958486, -0.477154890175241, 0.137276784096681, 
-0.0500944515601142, 0.174220456784378), .Dim = c(27L, 7L), .Dimnames = list(
    c("1", "2", "4", "5", "6", "7", "8", "9", "10", "11", "12", 
    "13", "14", "15", "16", "17", "18", "19", "20", "21", "23", 
    "25", "26", "27", "28", "29", "30"), c("x1", "x2", "x3", 
    "x4", "x5", "x6", "x7")), assign = 1:7), qraux = c(1.33274953128905, 
1.36116119268776, 1.0703736386134, 1.34878293848246, 1.15847177034854, 
1.01754705506604, 1.20649753557749), pivot = 1:7, tol = 1e-07, 
    rank = 7L), .Names = c("qr", "qraux", "pivot", "tol", "rank"
), class = "qr"), df.residual = 20L, xlevels = structure(list(), .Names = character(0)), 
    call = quote(lm(formula = y ~ . + 0, data = structure(list(y = c(43, 
        63, 61, 81, 43, 58, 71, 72, 67, 64, 67, 69, 68, 77, 81, 
        74, 65, 65, 50, 50, 53, 63, 66, 78, 48, 85, 82), x1 = c(2.42233078485034, 
        -0.328436564326539, 1.97852153547265, -0.979839233669655, 
        -0.341426583780761, 1.84613091060161, 0.193571049051297, 
        2.25005902375443, -1.09884202931724, -0.477776677318101, 
        1.50152588344405, 0.260898884690757, 0.553080355091418, 
        1.90225346596146, 0.0942365603728335, 1.06498311616455, 
        1.37504092603473, 1.44392038161612, 1.63188891947204, 
        1.72295556108891, -0.615914682124847, 1.83862068163041, 
        0.469019320312282, 1.70799815205178, 1.57770256743133, 
        1.70345493265074, 1.67279478842279), x2 = c(75, 85, 66, 
        37, 57, 70, 82, 62, 66, 60, 66, 85, 51, 51, 63, 67, 82, 
        61, 67, 78, 67, 40, 90, 51, 58, 82, 82), x3 = c(65, 33, 
        47, 58, 33, 50, 64, 83, 47, 72, 42, 66, 46, 50, 64, 42, 
        44, 64, 68, 39, 50, 64, 42, 33, 44, 50, 52), x4 = c(72, 
        63, 54, 69, 58, 59, 75, 42, 48, 34, 48, 39, 72, 34, 57, 
        69, 47, 69, 45, 57, 57, 63, 75, 54, 66, 69, 39),