
expected <- structure(list(coefficients = structure(c(8.75317299994468, 0.616347642217438, 
-0.081338018964059, 0.25114638215581, 0.110393674421345, 0.0806508946868799, 
-0.197398895706998), .Names = c("x1", "x2", "x3", "x4", "x5", 
"x6", "x7")), residuals = structure(c(-9.59162988342628, 1.49116250317045, 
3.2199265512233, -3.09277030198024, 7.89029477189347, -10.9123040816845, 
-8.22656661025556, 1.2070485541182, -6.1247909047045, 8.07558277271373, 
7.56112721943225, 7.70469162232267, 8.68937572857424, -2.49573060783347, 
1.24690209049935, -1.44368892271382, 0.726867912625342, 1.39417985637825, 
-3.96737999084894, -4.07796652529381, 6.57092152117758, -1.76523808277939, 
-10.9733671047126, -4.58768572659037, 6.05655709043816, 1.34574612665145, 
4.07873442160497), .Names = c("1", "2", "3", "4", "5", "6", "7", 
"8", "9", "10", "11", "12", "13", "14", "15", "16", "17", "18", 
"19", "20", "21", "22", "23", "24", "25", "26", "30")), effects = structure(c(-332.553755053224, 
-47.3569455303206, 4.84740410534456, 8.393226700135, 7.78377776093224, 
1.11820049340655, -8.39966280460654, 4.36177046162676, -3.8383630982778, 
8.09213229185506, 10.2943188566309, 12.7557627313872, 13.4481601312498, 
-1.79935485797303, 4.53668332500785, 2.11609006817438, -2.22434274740395, 
4.87949859915209, -1.56390693764529, -5.62944839916283, 8.72327481814869, 
3.5652561548688, -9.29869836665332, -0.929387205827204, 8.71711614783099, 
-2.31490342929723, 7.03806237939273), .Names = c("x1", "x2", 
"x3", "x4", "x5", "x6", "x7", "", "", "", "", "", "", "", "", 
"", "", "", "", "", "", "", "", "", "", "", "")), rank = 7L, 
    fitted.values = structure(c(52.5916298834263, 61.5088374968295, 
    67.7800734487767, 64.0927703019802, 73.1097052281065, 53.9123040816845, 
    66.2265666102556, 69.7929514458818, 78.1247909047045, 58.9244172272863, 
    56.4388727805678, 59.2953083776773, 60.3106242714258, 70.4957306078335, 
    75.7530979095007, 82.4436889227138, 73.2731320873747, 63.6058201436217, 
    68.9673799908489, 54.0779665252938, 43.4290784788224, 65.7652380827794, 
    63.9733671047126, 44.5876857265904, 56.9434429095618, 64.6542538733486, 
    77.921265578395), .Names = c("1", "2", "3", "4", "5", "6", 
    "7", "8", "9", "10", "11", "12", "13", "14", "15", "16", 
    "17", "18", "19", "20", "21", "22", "23", "24", "25", "26", 
    "30")), assign = 1:7, qr = structure(list(qr = structure(c(-5.19615242270663, 
    0.192450089729875, 0.192450089729875, 0.192450089729875, 
    0.192450089729875, 0.192450089729875, 0.192450089729875, 
    0.192450089729875, 0.192450089729875, 0.192450089729875, 
    0.192450089729875, 0.192450089729875, 0.192450089729875, 
    0.192450089729875, 0.192450089729875, 0.192450089729875, 
    0.192450089729875, 0.192450089729875, 0.192450089729875, 
    0.192450089729875, 0.192450089729875, 0.192450089729875, 
    0.192450089729875, 0.192450089729875, 0.192450089729875, 
    0.192450089729875, 0.192450089729875, -342.753609808908, 
    -68.0364825881156, 0.0948302518508885, -0.00805572540306698, 
    0.212414225855409, -0.125639699407587, 0.0507362615991933, 
    0.168320235603714, 0.271206212857669, -0.0374517189041971, 
    -0.155035692908718, -0.0521497156547622, -0.022753722153632, 
    0.285904209608234, 0.197716229104844, 0.38879018686219, 0.315300203109364, 
    -0.0521497156547622, 0.0948302518508885, -0.0815457091558923, 
    -0.346109650666063, -0.0374517189041971, 0.0360382648486282, 
    -0.390203640917759, -0.140337696158153, 0.197716229104844, 
    0.271206212857669, -273.471577506153, -31.9186052397271, 
    -53.7540597150277, -0.068940024584522, -0.00259405148006831, 
    0.0792274842913807, -0.161627025089866, -0.0865555811570526, 
    0.258180623295055, -0.0505013934329394, 0.172079099712536, 
    -0.00407558572236198, 0.163518243799986, 0.453597014460587, 
    -0.0305812280390631, -0.224845314793922, 0.0816967080285368, 
    0.330782843490713, -0.114871987547668, 0.405031212844475, 
    -0.0801347191500383, 0.0797213290388119, 0.0336247511598553, 
    0.114952442183873, -0.0417759226045793, 0.192657724769653, 
    -0.355726496928915, -288.867584684543, -31.8151748922231, 
    -10.7420708495204, 46.8713246981527, -0.13207290309552, 0.133572442022195, 
    -0.0936583501173797, 0.0390282479705255, -0.0104238354988438, 
    0.0803242194515253, -0.149301402981008, 0.258912388977911, 
    0.280950787064172, 0.545622146599228, -0.281277578713764, 
    -0.22401796861094, -0.0913695887295397, -0.378185415255976, 
    -0.0659608194573539, 0.0783902646598316, 0.130862578649903, 
    -0.188771043885741, 0.100465325642289, -0.335626137821619, 
    -0.00934067039045085, -0.00195424574144852, -0.0798415502449372, 
    -343.138509988368, -6.73222688200879, 8.71586117112881, 11.3896253923896, 
    54.5155966824061, 0.000847263047816305, 0.0749848780980366, 
    -0.0702388814367761, -0.0339754292417675, 0.186562537583073, 
    0.124476880951938, -0.430289015236762, -0.0566306897301448, 
    0.0201525039281997, -0.224216426960886, 0.136068959435972, 
    0.20998583096634, -0.4984852484615, -0.221724974635367, 0.179318960133093, 
    0.240269082686191, -0.445292140670203, 0.0148477933353094, 
    -0.0442291909340057, 0.0600349492024836, 0.17064508228719, 
    -0.0925315759965162, -386.439780177589, -11.4110891809387, 
    -4.10160002706479, 0.49003517891903, 8.74933554098045, 50.3236446447761, 
    0.143159320956652, 0.240173907431377, -0.027109819697583, 
    -0.0722506035088921, 0.185987398688539, 0.117168795954658, 
    0.349394797565635, 0.197992102276687, 0.00570004887119106, 
    0.43689602699131, -0.000894366962300154, -0.0158435340408534, 
    -0.156452315146845, 0.0468372327955577, 0.199168687526939, 
    -0.0402326121965145, -0.0321096685896494, 0.32805878045116, 
    0.0110996748803957, 0.0767961777219591, -0.047763311581886, 
    -220.547802830437, -8.28150461356839, -12.875499479707, 23.6840296439762, 
    -5.36962978844062, 14.8959621104659, 42.5517213484024, -0.0344764725387267, 
    0.448638600637662, -0.0012744247516639, 0.268397949238931, 
    -0.206972192751565, 0.172977446192008, -0.0080288610137824, 
    0.14136284292945, 0.234536589612934, -0.28196895769861, -0.0989489347759313, 
    -0.00821251900388247, -0.167136409347774, -0.020279541750212, 
    0.161538135786125, 0.102827174142847, -0.100697921956416, 
    0.185270658368559, -0.577706769297963, 0.120311529792129), .Dim = c(27L, 
    7L), .Dimnames = list(c("1", "2", "3", "4", "5", "6", "7", 
    "8", "9", "10", "11", "12", "13", "14", "15", "16", "17", 
    "18", "19", "20", "21", "22", "23", "24", "25", "26", "30"
    ), c("x1", "x2", "x3", "x4", "x5", "x6", "x7")), assign = 1:7), 
        qraux = c(1.19245008972988, 1.0066422713475, 1.29439942593498, 
        1.09361073781378, 1.08404287006197, 1.57462445290033, 
        1.17497929004798), pivot = 1:7, tol = 1e-07, rank = 7L), .Names = c("qr", 
    "qraux", "pivot", "tol", "rank"), class = "qr"), df.residual = 20L, 
    xlevels = structure(list(), .Names = character(0)), call = quote(lm(formula = y ~ 
        . + 0, data = structure(list(y = c(43, 63, 71, 61, 81, 
        43, 58, 71, 72, 67, 64, 67, 69, 68, 77, 81, 74, 65, 65, 
        50, 50, 64, 53, 40, 63, 66, 82), x1 = c(1, 1, 1, 1, 1, 
        1, 1, 1, 1, 1, 1, 1, 1, 1, 1, 1, 1, 1, 1, 1, 1, 1, 1, 
        1, 1, 1, 1), x2 = c(51, 64, 70, 63, 78, 55, 67, 75, 82, 
        61, 53, 60, 62, 83, 77, 90, 85, 60, 70, 58, 40, 61, 66, 
        37, 54, 77, 82), x3 = c(30, 51, 68, 45, 56, 49, 42, 50, 
        72, 45, 53, 47, 57, 83, 54, 50, 64, 65, 46, 68, 33, 52, 
        52, 42, 42, 66, 39), x4 = c(39, 54, 69, 47, 66, 44, 56, 
        55, 67, 47, 58, 39, 42, 45, 72, 72, 69, 75, 57, 54, 34, 
        62, 50, 58, 48, 63, 59), x5 = c(59, 66, 60, 77, 62, 63, 
        63, 71, 66, 55, 55, 88, 66, 61, 79, 63, 55, 88, 79, 50, 
        50, 88, 64, 63, 61, 55, 76),