
expected <- structure(list(coefficients = structure(c(16.0770068484746, 0.776633317326307, 
-0.0407132506239488, -0.0574617463841825, 0.116616449559066, 
-0.0470605979516243, -0.0389412456600201), .Names = c("x1", "x2", 
"x3", "x4", "x5", "x6", "x7")), residuals = structure(c(-9.16279957996795, 
-0.200558913980273, 2.9664816174323, 0.983181727554502, 8.21928243198783, 
-13.246348847453, -7.68516698747827, -1.41662275873417, -4.20366923619963, 
10.4824749648143, 6.39092106483093, 7.31752892962026, -7.43204324617592, 
2.22370915861938, 8.79601899214734, -3.82261304323881, -6.50092954600085, 
6.87387281037501, 3.4331373691043, -11.2559448514901, -1.64202834065524, 
6.5133729044214, -7.10770967026392, 6.42364034074497, -7.95496881993707, 
5.83483115342969, 5.17295037649301), .Names = c("1", "2", "3", 
"4", "5", "6", "7", "8", "9", "11", "12", "13", "14", "15", "18", 
"19", "20", "21", "22", "23", "24", "25", "26", "27", "28", "29", 
"30")), effects = structure(c(-330.436804066196, -51.0689079508119, 
2.68611967430661, 3.9100668163306, -2.77301078625272, -2.27573965544897, 
-1.47246852831749, 2.55826798135387, -1.82477120016704, 13.3282079076217, 
10.110541208793, 13.990228369699, -3.31404344662012, 3.79701006887381, 
7.65433612132687, -3.46360815640975, -7.42562434562106, 11.4506324346565, 
4.46320548312996, -8.85923148839377, 1.3600458647335, 8.90869067324582, 
-10.7092316129506, 5.78745806410995, -5.55159205644368, 6.91603416458463, 
9.31569547069051), .Names = c("x1", "x2", "x3", "x4", "x5", "x6", 
"x7", "", "", "", "", "", "", "", "", "", "", "", "", "", "", 
"", "", "", "", "", "")), rank = 7L, fitted.values = structure(c(52.162799579968, 
63.2005589139803, 68.0335183825677, 60.0168182724455, 72.7807175680122, 
56.246348847453, 65.6851669874783, 72.4166227587342, 76.2036692361996, 
53.5175250351857, 60.6090789351691, 61.6824710703797, 75.4320432461759, 
74.7762908413806, 56.2039810078527, 68.8226130432388, 56.5009295460008, 
43.126127189625, 60.5668626308957, 64.2559448514901, 41.6420283406552, 
56.4866270955786, 73.1077096702639, 71.576359659255, 55.9549688199371, 
79.1651688465703, 76.827049623507), .Names = c("1", "2", "3", 
"4", "5", "6", "7", "8", "9", "11", "12", "13", "14", "15", "18", 
"19", "20", "21", "22", "23", "24", "25", "26", "27", "28", "29", 
"30")), assign = 1:7, qr = structure(list(qr = structure(c(-5.19615242270663, 
0.192450089729875, 0.192450089729875, 0.192450089729875, 0.192450089729875, 
0.192450089729875, 0.192450089729875, 0.192450089729875, 0.192450089729875, 
0.192450089729875, 0.192450089729875, 0.192450089729875, 0.192450089729875, 
0.192450089729875, 0.192450089729875, 0.192450089729875, 0.192450089729875, 
0.192450089729875, 0.192450089729875, 0.192450089729875, 0.192450089729875, 
0.192450089729875, 0.192450089729875, 0.192450089729875, 0.192450089729875, 
0.192450089729875, 0.192450089729875, -339.09705810404, -64.6156729066964, 
0.108983611697181, 0.000650761707243416, 0.232792583114252, -0.123158209709828, 
0.062555247415779, 0.18636421883285, 0.294697068822788, -0.154110452564096, 
-0.0457776025741583, -0.0148253597198905, 0.310173190249921, 
0.217316461687118, -0.0457776025741583, 0.108983611697181, -0.0767298454284261, 
-0.355300031116836, -0.0303014811470244, 0.0470791259886451, 
-0.401728395398238, -0.138634331136962, 0.217316461687118, 0.18636421883285, 
-0.09220596685556, 0.341125433104189, 0.294697068822788, -276.165878762371, 
-38.1635422496297, -51.8743814456437, -0.0855473432092191, -0.04856337822439, 
0.0849309466482844, -0.190063826433519, -0.12921405674444, 0.213189566166732, 
0.185382533999306, -0.011979315364881, 0.157451833421777, 0.413569170333353, 
-0.0754469377310734, 0.335012773954993, -0.147967824504566, 0.416187023010466, 
-0.0484397098142874, 0.0727362590284481, 0.0143806736063798, 
0.160069686098891, -0.0383393043361418, 0.155881121815509, 0.0250046496199481, 
-0.0347979789982857, 0.158898876617943, -0.42296259758637, -299.837239799146, 
-14.5177482780166, -4.74485629607986, -50.3621976614934, 0.26869230483196, 
-0.0196967661046013, 0.157241728218721, -0.0179767960500468, 
0.180799667812331, 0.212599724924982, -0.471561851517924, -0.192892752298282, 
0.14625110473807, -0.230606040785055, 0.327223642264926, -0.23611552055402, 
0.159938469812921, 0.0308753010867713, -0.0641691029641355, -0.0742817933395715, 
-0.17920538722343, -0.213588534499912, 0.235730412121051, 0.279676730630865, 
-0.0558900340736236, 0.0332805076070794, 0.0401037881929936, 
-334.478255950523, -38.7894653829049, 0.555667010559441, 5.43137877004234, 
-36.9305433270948, -0.161281279844255, 0.0754663839361575, -0.0063317107212863, 
-0.081148024938268, 0.035328209627269, -0.23079223649074, -0.309889226318171, 
-0.464690967881975, 0.130563741186853, -0.143403038086939, 0.141725570533152, 
0.0659923775504276, -0.187029958373633, 0.05767880430316, -0.0956733766792399, 
-0.049984458699523, 0.138057999832356, 0.483912086911549, 0.333381392088569, 
-0.26604112833047, -0.00335950899786099, -0.213088303667244, 
-390.673682151647, -18.1024765522868, 4.6765930061464, -3.41256048060643, 
-8.06646785644053, 43.9521378534657, 0.277389484661983, 0.316973541448769, 
-0.00450122377649858, 0.251965326171802, -0.0474450518691081, 
0.25208389201961, 0.0698654952497456, 0.0653630662168728, -0.0183209190106055, 
-0.150250132577107, 0.0291855846981115, 0.181648072033141, -0.0550049355932773, 
-0.0631252789088484, 0.322704011191198, 0.0112244534662545, 0.239397115069403, 
0.160969554887415, -0.201327136720394, 0.200391803017965, 0.0388496751318676, 
-220.932703009897, -10.2044959173061, -11.7299946118344, -5.70556329294994, 
-29.6365777878436, 5.32406612317256, 37.8125687394031, 0.0285380613958067, 
0.424566113619359, 0.223173541261946, -0.133066001930012, 0.242513480481184, 
0.0761693427045682, 0.0744383053170685, -0.481028563962862, 0.0514466269798703, 
-0.0931933099864247, -0.0594822458967482, 0.117501990300661, 
0.114315245214271, -0.341261007460161, 0.31098617803848, -0.298718265888785, 
0.148421413194579, -0.0939560436637375, -0.174941831737508, -0.0950681345388196
), .Dim = c(27L, 7L), .Dimnames = list(c("1", "2", "3", "4", 
"5", "6", "7", "8", "9", "11", "12", "13", "14", "15", "18", 
"19", "20", "21", "22", "23", "24", "25", "26", "27", "28", "29", 
"30"), c("x1", "x2", "x3", "x4", "x5", "x6", "x7")), assign = 1:7), 
    qraux = c(1.19245008972988, 1.01612688313438, 1.2761336179975, 
    1.27198791230323, 1.05103630991778, 1.59217520019583, 1.18768110694482
    ), pivot = 1:7, tol = 1e-07, rank = 7L), .Names = c("qr", 
"qraux", "pivot", "tol", "rank"), class = "qr"), df.residual = 20L, 
    xlevels = structure(list(), .Names = character(0)), call = quote(lm(formula = y ~ 
        . + 0, data = structure(list(y = c(43, 63, 71, 61, 81, 
        43, 58, 71, 72, 64, 67, 69, 68, 77, 65, 65, 50, 50, 64, 
        53, 40, 63, 66, 78, 48, 85, 82), x1 = c(1, 1, 1, 1, 1, 
        1, 1, 1, 1, 1, 1, 1, 1, 1, 1, 1, 1, 1, 1, 1, 1, 1, 1, 
        1, 1, 1, 1), x2 = c(51, 64, 70, 63, 78, 55, 67, 75, 82, 
        53, 60, 62, 83, 77, 60, 70, 58, 40, 61, 66, 37, 54, 77, 
        75, 57, 85, 82), x3 = c(30, 51, 68, 45, 56, 49, 42, 50, 
        72, 53, 47, 57, 83, 54, 65, 46, 68, 33, 52, 52, 42, 42, 
        66, 58, 44, 71, 39), x4 = c(58, 45, 45, 72, 72, 56, 67, 
        58, 66, 67, 34, 47, 63, 47, 72, 47, 63, 59, 54, 54, 47, 
        47, 69, 72, 55, 59, 63), x5 = c(61, 63, 76, 54, 71, 54, 
        66, 70, 71, 58, 59, 55, 59, 79, 55, 75, 64, 43, 66, 63, 
        50, 66, 88, 80, 51, 77, 64), x6 = c(92, 73, 86, 84, 83, 
        49, 68, 66, 83, 67, 74, 63, 77, 77, 80, 85, 78, 64, 80, 
        80, 57, 75, 76, 78, 83, 74, 78), x7 = c(45, 47, 48, 35, 
        47, 34, 35, 41, 31, 34, 41, 25, 35, 46, 60, 46, 52, 33, 
        41, 37, 49, 33, 72, 49, 38, 55, 39)), .Names = c("y", 
        "x1", "x2", "x3", "x4", "x5", "x6", "x7"),