
expected <- structure(list(coefficients = structure(c(8.20789763018352, 0.583248324627976, 
0.0520144465607781, 0.260261591579735, 0.126786976000089, 0.0615135676979251, 
-0.277619475075067), .Names = c("x1", "x2", "x3", "x4", "x5", 
"x6", "x7")), residuals = structure(c(-8.34479173889147, 0.651204467004522, 
-0.922496947458471, -0.770427297670964, 6.72143182293087, -10.8761416193871, 
0.21668172187695, -9.6778357942873, 7.24153021826559, 10.8123569494016, 
7.08681660727512, -5.63835497879377, -0.272026656584144, -2.91071391956609, 
-2.82079677079234, 5.01181951645256, -3.43809400310288, -6.28311518095787, 
6.8373017663145, -0.0134982197484517, -4.03833484055474, 5.4236877313821, 
-2.06293294486676, 2.85073583601198, -7.74747899396936, 6.98714052059223, 
5.9763327491237), .Names = c("1", "2", "3", "4", "5", "6", "8", 
"9", "10", "12", "13", "14", "15", "16", "17", "18", "19", "20", 
"21", "22", "24", "25", "26", "27", "28", "29", "30")), effects = structure(c(-339.4819582835, 
54.8283956586102, -2.78841705127258, 7.35005514935131, -0.115455173352922, 
1.68689906093372, -10.5267986189752, -10.9556926494299, 8.56375503007142, 
13.816022103542, 8.52316654535097, -4.38475896975819, 1.42423407996488, 
-2.4299534541542, 1.0575619283693, 2.34395960136543, -1.14398651671713, 
-4.01973391801495, 7.26832208008237, -0.308556420179687, -3.56676576857281, 
7.4436662811082, 6.3639386939612, 4.89000321799976, -8.98140938727601, 
10.4172758924449, 6.29240735615105), .Names = c("x1", "x2", "x3", 
"x4", "x5", "x6", "x7", "", "", "", "", "", "", "", "", "", "", 
"", "", "", "", "", "", "", "", "", "")), rank = 7L, fitted.values = structure(c(51.3447917388915, 
62.3487955329955, 71.9224969474585, 61.770427297671, 74.2785681770691, 
53.8761416193871, 70.783318278123, 81.6778357942873, 59.7584697817344, 
56.1876430505984, 61.9131833927249, 73.6383549787938, 77.2720266565841, 
83.9107139195661, 76.8207967707923, 59.9881804835474, 68.4380940031029, 
56.2831151809579, 43.1626982336855, 64.0134982197485, 44.0383348405547, 
57.5763122686179, 68.0629329448668, 75.149264163988, 55.7474789939694, 
78.0128594794078, 76.0236672508763), .Names = c("1", "2", "3", 
"4", "5", "6", "8", "9", "10", "12", "13", "14", "15", "16", 
"17", "18", "19", "20", "21", "22", "24", "25", "26", "27", "28", 
"29", "30")), assign = 1:7, qr = structure(list(qr = structure(c(-5.19615242270663, 
0.192450089729875, 0.192450089729875, 0.192450089729875, 0.192450089729875, 
0.192450089729875, 0.192450089729875, 0.192450089729875, 0.192450089729875, 
0.192450089729875, 0.192450089729875, 0.192450089729875, 0.192450089729875, 
0.192450089729875, 0.192450089729875, 0.192450089729875, 0.192450089729875, 
0.192450089729875, 0.192450089729875, 0.192450089729875, 0.192450089729875, 
0.192450089729875, 0.192450089729875, 0.192450089729875, 0.192450089729875, 
0.192450089729875, 0.192450089729875, -348.719562590534, 70.3467601717852, 
-0.0780287364412797, 0.0214783337195374, -0.191751102339356, 
0.135200699617614, -0.149105215127578, -0.248612285288395, 0.0499089251940565, 
0.0641242209313161, 0.035693629456797, -0.262827581025654, -0.177535806602097, 
-0.362334651186471, -0.291258172500173, 0.0641242209313161, -0.0780287364412797, 
0.0925548124058353, 0.348430135676508, 0.0499089251940565, 0.391076022888286, 
0.149415995354874, -0.177535806602097, -0.149105215127578, 0.106770108143095, 
-0.291258172500173, -0.248612285288395, -256.728419699654, 29.2661349684092, 
-49.0307236590424, -0.0897064219365211, -0.129593470906097, -0.281904921769887, 
0.127207514995695, -0.00290115835319933, -0.0612733903043268, 
-0.118440687306063, 0.0774754070606479, 0.0338707635577275, 0.302728234271596, 
0.291274216934215, 0.372554483560105, -0.179626812578492, 0.00453403071348984, 
-0.293961406581965, 0.104703503743451, -0.122459515576756, 0.259527614191195, 
-0.339072218771624, 0.0171929830002625, -0.015560110639972, -0.351128703583701, 
-0.0149576431652764, -0.064087283625628, -293.87128701752, 38.6703428372584, 
-10.1397119813332, 48.5021390502642, -0.14893243416178, -0.00691352465325964, 
0.13645880170275, -0.079422652291168, 0.0773979541858909, 0.210662878311923, 
0.241424518235161, 0.398526326845771, -0.128742139727554, 0.0123750054500514, 
0.0475259983036857, -0.553518981482814, -0.00463362299654982, 
-0.183900896342509, 0.170365727750577, -0.253813310678238, -0.30243828493492, 
-0.121060369059004, -0.0456005662592939, -0.306485124937848, 
-0.0300183248388288, -0.132704139714529, 0.0635719725306078, 
-337.172557206741, 36.836569687152, -3.36846347880413, 16.6390318906322, 
37.9411369345299, 0.069882456055868, -0.054346675316744, 0.118006166428322, 
-0.0526335551928492, -0.083308286489476, 0.0803320252055176, 
0.165737383484693, -0.0576829602094058, 0.538301333688807, -0.034608181083247, 
0.47355750403991, -0.201295379221876, -0.0460903194106088, 0.135000672372495, 
0.0289930333861691, 0.235151578226661, -0.205063656386185, -0.416574217469638, 
-0.082892870416097, 0.174211293074982, 0.0319209233931853, 0.199989624009587, 
-390.288781972187, 8.70923785502774, 12.4841712925964, 4.57979844209632, 
19.3289924379871, 45.5672778136937, 0.315266175623446, -0.0833158877239153, 
-0.0358703049546636, 0.111575437693915, 0.28719941201851, 0.0469384193090781, 
0.0593808700822431, 0.41565589223678, 0.0399296370163141, -0.232224444655233, 
-0.0643648316998869, 0.00651663663143378, 0.149213712609461, 
-0.0688111715550415, 0.226822377338825, 0.117157398684755, 0.235368239124547, 
0.0615680012822285, -0.174542544996619, 0.156363529606169, 0.00766210440327107, 
-227.476006060713, 10.7846710326676, -7.4202210218736, 27.608009241112, 
22.0261653996018, 4.02027547731404, 37.9180841550429, 0.402914341642572, 
0.0248094507737615, -0.109999984426031, 0.210145208018057, -0.152495872966157, 
0.186267642601776, -0.0468768250311641, -0.386445767482659, -0.244787829934903, 
0.0974069072446405, -0.110348866159518, -0.0085518783629238, 
0.253480258953399, -0.0683268736544934, 0.392906833928295, -0.447190975243078, 
0.198960281737964, 0.00664765104960416, -0.163266992157488, -0.00788583488723963
), .Dim = c(27L, 7L), .Dimnames = list(c("1", "2", "3", "4", 
"5", "6", "8", "9", "10", "12", "13", "14", "15", "16", "17", 
"18", "19", "20", "21", "22", "24", "25", "26", "27", "28", "29", 
"30"), c("x1", "x2", "x3", "x4", "x5", "x6", "x7")), assign = 1:7), 
    qraux = c(1.19245008972988, 1.00726303798228, 1.29006928198482, 
    1.08954183751091, 1.07230280100493, 1.59405665327748, 1.00344927092147
    ), pivot = 1:7, tol = 1e-07, rank = 7L), .Names = c("qr", 
"qraux", "pivot", "tol", "rank"), class = "qr"), df.residual = 20L, 
    xlevels = structure(list(), .Names = character(0)), call = quote(lm(formula = y ~ 
        . + 0, data = structure(list(y = c(43, 63, 71, 61, 81, 
        43, 71, 72, 67, 67, 69, 68, 77, 81, 74, 65, 65, 50, 50, 
        64, 40, 63, 66, 78, 48, 85, 82), x1 = c(1, 1, 1, 1, 1, 
        1, 1, 1, 1, 1, 1, 1, 1, 1, 1, 1, 1, 1, 1, 1, 1, 1, 1, 
        1, 1, 1, 1), x2 = c(51, 64, 70, 63, 78, 55, 75, 82, 61, 
        60, 62, 83, 77, 90, 85, 60, 70, 58, 40, 61, 37, 54, 77, 
        75, 57, 85, 82), x3 = c(45, 64, 64, 44, 45, 33, 57, 52, 
        45, 42, 52, 54, 66, 68, 71, 39, 50, 33, 49, 42, 56, 30, 
        52, 50, 30, 52, 49), x4 = c(39, 54, 69, 47, 66, 44, 55, 
        67, 47, 39, 42, 45, 72, 72, 69, 75, 57, 54, 34, 62, 58, 
        48, 63, 74, 45, 71, 59), x5 = c(61, 63, 76, 54, 71, 54, 
        70, 71, 62, 59, 55, 59, 79, 60, 79, 55, 75, 64, 43, 66, 
        50, 66, 88, 80, 51, 77, 64), x6 = c(92, 73, 86, 84, 83, 
        49, 66, 83, 80, 74, 63, 77, 77, 54, 79, 80, 85, 78, 64, 
        80, 57, 75, 76, 78, 83, 74, 78), x7 = c(45, 47, 48, 35, 
        47, 34, 41, 31, 41, 41, 25, 35, 46, 36, 63, 60, 46, 52, 
        33, 41, 49, 33, 72, 49, 38, 55, 39)), .Names = c("y", 
        "x1", "x2", "x3", "x4", "x5", "x6", "x7"),