
expected <- structure(list(coefficients = structure(c(-0.904144174292216, 
0.148131150795769, 0.329059710679328, 0.0244552138887003, 0.176719167301871, 
0.284409249693171, 0.109716717229464), .Names = c("x1", "x2", 
"x3", "x4", "x5", "x6", "x7")), residuals = structure(c(-26.4888184572267, 
8.14450306730193, 7.09242932787592, 5.44290183460407, 12.6016513724269, 
-20.0402761932798, -12.4464225005109, 3.75525946641292, 1.29341581273216, 
-9.88998981216763, 1.94258507487055, 1.69827700166947, 9.22670992600321, 
13.4676158118321, -3.67646159935241, 0.753775825825306, -9.19626620133658, 
-7.88028064934641, 5.67859653315301, -8.76024792115659, -21.8297340333158, 
2.94099902178064, -1.89988483069383, 16.9723626361344, -7.9659974787946, 
23.8632556950417, 20.4096596267826), .Names = c("1", "2", "3", 
"4", "5", "6", "7", "8", "10", "11", "13", "14", "16", "17", 
"18", "19", "20", "21", "22", "23", "24", "25", "26", "27", "28", 
"29", "30")), effects = structure(c(-212.628391515137, -244.700942207892, 
55.6458205583788, 25.4208089003488, -24.2190140666337, -22.7897112734007, 
5.91129722220213, 2.78250695715998, 3.48302109667379, -7.91498165667223, 
2.53846555893422, 8.96743234467519, 17.9303313025871, 29.4231809779954, 
1.636346091607, 2.57115976544246, -7.20869799555048, -21.4866036520359, 
6.98366720933836, -8.03756088969406, -18.6447882569983, 9.20213702904718, 
-4.63929184279611, 13.2862275709263, -6.29389655788988, 32.9140864278029, 
17.3164632008543), .Names = c("x1", "x2", "x3", "x4", "x5", "x6", 
"x7", "", "", "", "", "", "", "", "", "", "", "", "", "", "", 
"", "", "", "", "", "")), rank = 7L, fitted.values = structure(c(69.4888184572267, 
54.8554969326981, 63.9075706721241, 55.5570981653959, 68.3983486275731, 
63.0402761932798, 70.4464225005109, 67.2447405335871, 65.7065841872678, 
73.8899898121676, 67.0574149251295, 66.3017229983305, 71.7732900739968, 
60.5323841881679, 68.6764615993524, 64.2462241741747, 59.1962662013366, 
57.8802806493464, 58.321403466847, 61.7602479211566, 61.8297340333158, 
60.0590009782194, 67.8998848306938, 61.0276373638656, 55.9659974787946, 
61.1367443049583, 61.5903403732174), .Names = c("1", "2", "3", 
"4", "5", "6", "7", "8", "10", "11", "13", "14", "16", "17", 
"18", "19", "20", "21", "22", "23", "24", "25", "26", "27", "28", 
"29", "30")), assign = 1:7, qr = structure(list(qr = structure(c(-6.9603081933578, 
-0.0471870720667175, 0.285072707190772, 0.284257748437166, -0.140775265469525, 
-0.0490533715312467, 0.265236949186153, 0.0278107008589104, -0.157872611210788, 
-0.0686430347687824, 0.0374838121305795, 0.0794620496286674, 
0.0135391361639364, 0.153008040244663, 0.197554603594554, 0.207450638894704, 
0.234456416891043, 0.247540125124505, 0.154185379087528, -0.0884895704349144, 
0.163711631106018, 0.264157941078672, 0.0673848495329367, 0.245391167259191, 
0.226671366210037, 0.244738434754418, 0.240333436674418, -242.673429438412, 
-269.00484502068, 0.0290701106842683, -0.00367259880364787, 0.260868844602711, 
0.254864841291972, 0.027860014984928, 0.280463919286148, 0.383651564047299, 
0.283178397886965, 0.283142096196972, 0.119975678615651, 0.222335691828594, 
0.115024884612694, 0.131761362242823, 0.04502652471112, 0.043672796678161, 
0.073102393358091, 0.102841272448535, 0.326586605824173, 0.172561396983979, 
-0.0827168849806223, 0.275534598099555, -0.0253849716459879, 
0.0170361709772166, 0.090426408636275, 0.0942853659697063, -177.405221847839, 
-191.451817196613, 83.1540074394099, 0.0419201451743001, -0.463542483775206, 
0.0230646292482745, 0.0297874453614386, -0.13068452473235, -0.114828531321401, 
-0.429873477541638, -0.128290577996046, -0.133741745258604, -0.281514074897144, 
0.0631896169679809, 0.170012430267489, -0.228110736380376, -0.220607297246621, 
0.217174824317638, -0.139797451271139, -0.118635669175561, 0.169004478751926, 
-0.36912031105112, 0.209291822895464, 0.0814216019311109, -0.00379512233670602, 
0.114585263578831, 0.0889718003816124, -207.447795780902, -218.144516928303, 
35.025534907203, 77.8305445453578, -0.297444657990398, -0.186206917309176, 
0.00934313298839128, -0.0479295326188352, 0.0801773737688741, 
0.387972013973423, 0.446485116819469, -0.312162694334965, 0.0651764821544595, 
-0.195718852356129, 0.195080195311961, -0.089115019307298, 0.283473046387558, 
0.0131982309622451, 0.0741573889864543, -0.00579119369667617, 
-0.141922475524145, -0.138055978002876, -0.136258399169618, -0.153268688580126, 
-0.195327599019118, -0.0463720250015645, 0.351548345694658, -225.768930321706, 
-238.928333849335, 55.4531197798726, 58.6858530287869, -68.1510348148579, 
0.1780318756254, 0.399120846977645, -0.140631438674399, 0.144180446712878, 
0.138729781031384, -0.158403693424543, 0.123712036076288, 0.00103064643733382, 
-0.251940612045462, 0.12700577034466, 0.062726898515185, -0.0829210590875506, 
0.459624634945289, -0.0146765976866989, -0.0613728026960796, 
-0.272193258196124, 0.127887833373135, -0.118265060344234, 0.380418170695574, 
0.101141703451809, -0.283960704168552, 0.232914739544207, -223.976851979604, 
-270.555607315158, 55.2345503721404, 37.127503547789, -35.46237991245, 
-72.8707462845982, 0.0678058961788595, -0.275403329874765, 0.243122582453022, 
0.27231999291396, 0.12346564472743, 0.163588860847647, 0.24217313764464, 
0.358585425943784, 0.371915027655159, -0.249262008722507, -0.131221666769567, 
-0.441503490205006, -0.119696091653123, 0.0525745041326915, -0.0119849125845555, 
-0.159315561253131, 0.00609023144487243, 0.106635973089938, -0.146236999240724, 
0.0796951318332858, -0.0573421045074315, -145.147819505104, -158.11046400268, 
17.479412882333, 23.5800509265407, -19.0453299453617, -18.8175243495366, 
53.8778170863345, 0.0971749483066218, 0.458834628184267, 0.0707761350578015, 
-0.0408224000520884, 0.0403761819171483, 0.245258132756722, 0.167525126989864, 
0.114332941699646, 0.00337041432486561, -0.0962316520213882, 
0.0139969978007285, -0.00555721577317257, 0.0803009323563592, 
-0.264839475583695, -0.0192581754187219, -0.357252928410424, 
-0.552604268302317, -0.0413016233748829, -0.0318641119400251, 
0.212265693333079), .Dim = c(27L, 7L), .Dimnames = list(c("1", 
"2", "3", "4", "5", "6", "7", "8", "10", "11", "13", "14", "16", 
"17", "18", "19", "20", "21", "22", "23", "24", "25", "26", "27", 
"28", "29", "30"), c("x1", "x2", "x3", "x4", "x5", "x6", "x7"
)), assign = 1:7), qraux = c(1.34802062172505, 1.35731723170606, 
1.05112855414577, 1.03097957000191, 1.09426014664913, 1.24373357269892, 
1.32124266491915), pivot = 1:7, tol = 1e-07, rank = 7L), .Names = c("qr", 
"qraux", "pivot", "tol", "rank"), class = "qr"), df.residual = 20L, 
    xlevels = structure(list(), .Names = character(0)), call = quote(lm(formula = y ~ 
        . + 0, data = structure(list(y = c(43, 63, 71, 61, 81, 
        43, 58, 71, 67, 64, 69, 68, 81, 74, 65, 65, 50, 50, 64, 
        53, 40, 63, 66, 78, 48, 85, 82), x1 = c(2.42233078485034, 
        -0.328436564326539, 1.98419389956262, 1.97852153547265, 
        -0.979839233669655, -0.341426583780761, 1.84613091060161, 
        0.193571049051297, -1.09884202931724, -0.477776677318101, 
        0.260898884690757, 0.553080355091418, 0.0942365603728335, 
        1.06498311616455, 1.37504092603473, 1.44392038161612, 
        1.63188891947204, 1.72295556108891, 1.0731777573589, 
        -0.615914682124847, 1.13948340733519, 1.83862068163041, 
        0.469019320312282, 1.70799815205178, 1.57770256743133, 
        1.70345493265074, 1.67279478842279), x2 = c(75, 85, 75, 
        66, 37, 57, 70, 82, 66, 60, 85, 51, 63, 67, 82, 61, 67, 
        78, 64, 67, 85, 40, 90, 51, 58, 82, 82), x3 = c(65, 33, 
        52, 47, 58, 33, 50, 64, 47, 72, 66, 46, 64, 42, 44, 64, 
        68, 39, 57, 50, 45, 64, 42, 33, 44, 50, 52), x4 = c(72, 
        63, 57, 54, 69, 58, 59, 75, 48, 34, 39, 72, 57, 69, 47, 
        69, 45, 57, 54, 57, 75, 63, 75, 54, 66, 69, 39),