
expected <- structure(list(coefficients = structure(c(21.4619166981137, 0.556660154517935, 
-0.00611166335957869, 0.425764854617137, 0.229675210130738, -0.217770632568612, 
-0.376750432511682), .Names = c("x1", "x2", "x3", "x4", "x5", 
"x6", "x7")), residuals = structure(c(-2.25451985956411, 4.54492068775889, 
-2.95320156921002, 2.93802464776993, 5.87572121173664, -9.68370333130853, 
-9.11270780607224, 0.379388343550737, 9.38559270798694, 6.22796672370862, 
6.21533937934316, -1.69532284148141, -6.53768162450954, -0.96984272487962, 
5.56236678675957, -3.19568176719607, -4.01045505329882, 6.96701324872696, 
-0.223487410570184, -9.71558602740873, -7.10607737902256, 5.77649217457465, 
-0.408301400317054, 0.709312669193674, -6.88833767471245, 4.05350857874783, 
6.11925930969373), .Names = c("1", "2", "3", "4", "5", "6", "7", 
"8", "10", "11", "13", "14", "16", "17", "18", "19", "20", "21", 
"22", "23", "24", "25", "26", "27", "28", "29", "30")), effects = structure(c(-331.591504604575, 
-52.8406667457116, 1.16535851229253, 13.6513149923323, -2.20715077266605, 
7.50803109218811, -13.1248856156746, -0.297665491396988, 9.31993225582648, 
12.3082830729974, 5.13086446872687, -4.48003922540237, -10.8870028159775, 
-3.32889174102192, 6.19300285348379, -2.89142512849632, -2.19816468848704, 
3.88592263840679, 3.42115995155136, -8.67013824827724, -7.6671448927762, 
10.4969585873835, -1.6138474200477, 3.82904859371931, -9.40474860151075, 
0.797551751395339, 3.06987053858452), .Names = c("x1", "x2", 
"x3", "x4", "x5", "x6", "x7", "", "", "", "", "", "", "", "", 
"", "", "", "", "", "", "", "", "", "", "", "")), rank = 7L, 
    fitted.values = structure(c(45.2545198595641, 58.4550793122411, 
    73.95320156921, 58.0619753522301, 75.1242787882634, 52.6837033313085, 
    67.1127078060722, 70.6206116564493, 57.6144072920131, 57.7720332762914, 
    62.7846606206568, 69.6953228414814, 87.5376816245095, 74.9698427248796, 
    59.4376332132404, 68.1956817671961, 54.0104550532988, 43.032986751273, 
    64.2234874105702, 62.7155860274087, 47.1060773790226, 57.2235078254254, 
    66.4083014003171, 77.2906873308063, 54.8883376747124, 80.9464914212522, 
    75.8807406903063), .Names = c("1", "2", "3", "4", "5", "6", 
    "7", "8", "10", "11", "13", "14", "16", "17", "18", "19", 
    "20", "21", "22", "23", "24", "25", "26", "27", "28", "29", 
    "30")), assign = 1:7, qr = structure(list(qr = structure(c(-5.19615242270663, 
    0.192450089729875, 0.192450089729875, 0.192450089729875, 
    0.192450089729875, 0.192450089729875, 0.192450089729875, 
    0.192450089729875, 0.192450089729875, 0.192450089729875, 
    0.192450089729875, 0.192450089729875, 0.192450089729875, 
    0.192450089729875, 0.192450089729875, 0.192450089729875, 
    0.192450089729875, 0.192450089729875, 0.192450089729875, 
    0.192450089729875, 0.192450089729875, 0.192450089729875, 
    0.192450089729875, 0.192450089729875, 0.192450089729875, 
    0.192450089729875, 0.192450089729875, -342.368709629448, 
    -68.8379740162845, 0.0946285258367066, -0.00705953369775985, 
    0.210843451018954, -0.123274458880007, 0.0510479288933639, 
    0.167262854075611, -0.0361132649933217, -0.152328190175569, 
    -0.0215863993455408, 0.283477779257859, 0.385165838792325, 
    0.312531510553421, -0.0506401306411026, 0.0946285258367066, 
    -0.0796938619366645, -0.341177443596721, -0.0361132649933217, 
    0.0365210632455829, -0.384758040540064, -0.137801324527788, 
    0.196316585371173, 0.167262854075611, -0.0942207275844454, 
    0.312531510553421, 0.268950913610078, -273.471577506153, 
    -33.2358545059397, -53.2510494878393, -0.070052322797673, 
    -0.00669154004805236, 0.0814411228608679, -0.164578018240964, 
    -0.0907237925312555, -0.0509579339970586, 0.175651402117566, 
    0.164842542970884, 0.452604748528973, -0.233931708535864, 
    0.0767098800619636, 0.334168712683665, -0.118103710985803, 
    0.409600019326341, -0.0758145229588567, 0.080494874301087, 
    0.032758902299551, 0.121837813768252, -0.0404644910369705, 
    0.190645380492463, 0.0595079883809109, -0.0315481290098505, 
    0.208162688360109, -0.364122852087635, -291.176985761301, 
    -32.7887498632246, -12.0111858195518, 45.9738214702459, -0.126776264009074, 
    0.146469422888452, -0.0900171792328606, 0.0462799188113019, 
    0.0896046789845458, -0.14017645812747, 0.29795177230988, 
    0.572139119503493, -0.225001870218563, -0.0840514605148644, 
    -0.370965020032825, -0.0610621517971232, 0.0959399796426184, 
    0.141459594833629, -0.182404373202978, 0.111445026063237, 
    -0.3305079318491, -0.00136645725563106, 0.00943141373069283, 
    -0.304983229318835, 0.099090725323558, -0.0732908932916216, 
    -0.0800336620639995, -332.938655232684, -34.7369639562104, 
    -5.90088014670624, 14.3792209278217, 37.4113994119425, 0.0883967215325639, 
    -0.0198516122366531, -0.0740628466497124, -0.0561869391807157, 
    0.143650962410509, 0.0957585162115162, 0.202891328143994, 
    0.496629964955771, -0.0583953227028631, 0.493560590913973, 
    -0.222497273825623, -0.00898153041147046, 0.138662389187789, 
    0.0288922640220551, -0.00309501892698088, 0.235702240135178, 
    -0.201494975093204, -0.420636300880987, -0.0995109703715286, 
    0.185968080392418, 0.0301001084210261, 0.163299733683782, 
    -387.786930805699, -7.01486201169512, -2.12486634882557, 
    -2.70067499378856, 12.4924691395331, -34.3106036033839, 0.0468945617659011, 
    -0.152993616423314, -0.0631602254098042, 0.384547286461077, 
    -0.320488813788364, 0.0127210280393135, -0.18971069111713, 
    -0.0390172866205122, 0.422949542787717, -0.206953325584197, 
    0.195208593530562, -0.387317437275889, 0.130778505969418, 
    0.0289583503138674, -0.212959191281295, 0.0451709009492065, 
    -0.126439126483481, 0.0067179205970079, -0.160068490512292, 
    -0.328751994368808, -0.137155345490326, -225.166604983954, 
    -15.0934134080444, -18.1722398077161, 26.0474835996643, 21.444245818559, 
    -0.0960562710626347, 34.8370817471261, 0.139368338678849, 
    -0.00375473941592088, 0.280372203995037, 0.288526826168081, 
    -0.0334423644445549, 0.173117640796445, -0.24129193023702, 
    -0.383202180385637, 0.143805108095891, -0.180346707899273, 
    -0.111182797368455, 0.225131164634865, 0.127785024575323, 
    -0.167522972882583, 0.351911560238107, -0.333994274333847, 
    0.294500672544338, -0.110960685840629, -0.00793201604352791, 
    0.0684417827132506), .Dim = c(27L, 7L), .Dimnames = list(
        c("1", "2", "3", "4", "5", "6", "7", "8", "10", "11", 
        "13", "14", "16", "17", "18", "19", "20", "21", "22", 
        "23", "24", "25", "26", "27", "28", "29", "30"), c("x1", 
        "x2", "x3", "x4", "x5", "x6", "x7")), assign = 1:7), 
        qraux = c(1.19245008972988, 1.00746733195002, 1.29503368652266, 
        1.1027371946009, 1.06098135991712, 1.19602662844071, 
        1.2876191147816), pivot = 1:7, tol = 1e-07, rank = 7L), .Names = c("qr", 
    "qraux", "pivot", "tol", "rank"), class = "qr"), df.residual = 20L, 
    xlevels = structure(list(), .Names = character(0)), call = quote(lm(formula = y ~ 
        . + 0, data = structure(list(y = c(43, 63, 71, 61, 81, 
        43, 58, 71, 67, 64, 69, 68, 81, 74, 65, 65, 50, 50, 64, 
        53, 40, 63, 66, 78, 48, 85, 82), x1 = c(1, 1, 1, 1, 1, 
        1, 1, 1, 1, 1, 1, 1, 1, 1, 1, 1, 1, 1, 1, 1, 1, 1, 1, 
        1, 1, 1, 1), x2 = c(51, 64, 70, 63, 78, 55, 67, 75, 61, 
        53, 62, 83, 90, 85, 60, 70, 58, 40, 61, 66, 37, 54, 77, 
        75, 57, 85, 82), x3 = c(30, 51, 68, 45, 56, 49, 42, 50, 
        45, 53, 57, 83, 50, 64, 65, 46, 68, 33, 52, 52, 42, 42, 
        66, 58, 44, 71, 39), x4 = c(39, 54, 69, 47, 66, 44, 56, 
        55, 47, 58, 42, 45, 72, 69, 75, 57, 54, 34, 62, 50, 58, 
        48, 63, 74, 45, 71, 59), x5 = c(61, 63, 76, 54, 71, 54, 
        66, 70, 62, 58, 55, 59, 60, 79, 55, 75, 64, 43, 66, 63, 
        50, 66, 88, 80, 51, 77, 64),