
expected <- structure(list(coefficients = structure(c(33.239578614683, 0.64438550855799, 
-0.0914343421482021, 0.228759355258783, 0.0390517952080548, -0.214469167682409, 
-0.151216441287391), .Names = c("x1", "x2", "x3", "x4", "x5", 
"x6", "x7")), residuals = structure(c(-7.05830287390583, 3.27774566322953, 
1.96093168786583, 0.868301964086363, 7.72577112024717, -11.0758149743679, 
-7.72546800409832, 0.97289681604465, -7.18173553229468, 7.6796114288502, 
8.86326275993289, 6.59365083111567, 6.77097346371619, -1.71158180632929, 
-1.29487484059672, -4.66311244754018, -0.560336230903636, 5.53730428709036, 
-2.2820776575615, -4.22793456072142, 1.76017418152431, 2.37546181722089, 
-9.58906384198908, -8.82788424553681, 7.17918556665104, -0.625876364194183, 
5.25879179246451), .Names = c("1", "2", "3", "4", "5", "6", "7", 
"8", "9", "10", "11", "12", "13", "14", "15", "16", "17", "18", 
"19", "20", "21", "22", "23", "24", "25", "26", "30")), effects = structure(c(-332.553755053224, 
-47.3569455303206, 4.84740410534456, 8.393226700135, -3.79798831725931, 
10.3040461842604, -5.7941004759875, 1.70963831883247, -9.41066591095477, 
9.05789542391344, 13.5591347978937, 2.91437935241498, 4.80470666356879, 
-5.94130388174159, -2.79459718617031, -9.32447924903605, -1.25842356844228, 
4.42882087878877, 0.058661354545165, -2.838474804585, -0.422715086651959, 
5.75130746135097, -8.01299327518524, -9.88603689569612, 12.7924834576986, 
0.994490276006534, 4.13529093936115), .Names = c("x1", "x2", 
"x3", "x4", "x5", "x6", "x7", "", "", "", "", "", "", "", "", 
"", "", "", "", "", "", "", "", "", "", "", "")), rank = 7L, 
    fitted.values = structure(c(50.0583028739058, 59.7222543367705, 
    69.0390683121342, 60.1316980359136, 73.2742288797528, 54.0758149743679, 
    65.7254680040983, 70.0271031839553, 79.1817355322947, 59.3203885711498, 
    55.1367372400671, 60.4063491688843, 62.2290265362838, 69.7115818063293, 
    78.2948748405967, 85.6631124475402, 74.5603362309036, 59.4626957129096, 
    67.2820776575615, 54.2279345607214, 48.2398258184757, 61.6245381827791, 
    62.5890638419891, 48.8278842455368, 55.820814433349, 66.6258763641942, 
    76.7412082075355), .Names = c("1", "2", "3", "4", "5", "6", 
    "7", "8", "9", "10", "11", "12", "13", "14", "15", "16", 
    "17", "18", "19", "20", "21", "22", "23", "24", "25", "26", 
    "30")), assign = 1:7, qr = structure(list(qr = structure(c(-5.19615242270663, 
    0.192450089729875, 0.192450089729875, 0.192450089729875, 
    0.192450089729875, 0.192450089729875, 0.192450089729875, 
    0.192450089729875, 0.192450089729875, 0.192450089729875, 
    0.192450089729875, 0.192450089729875, 0.192450089729875, 
    0.192450089729875, 0.192450089729875, 0.192450089729875, 
    0.192450089729875, 0.192450089729875, 0.192450089729875, 
    0.192450089729875, 0.192450089729875, 0.192450089729875, 
    0.192450089729875, 0.192450089729875, 0.192450089729875, 
    0.192450089729875, 0.192450089729875, -342.753609808908, 
    -68.0364825881156, 0.0948302518508885, -0.00805572540306698, 
    0.212414225855409, -0.125639699407587, 0.0507362615991933, 
    0.168320235603714, 0.271206212857669, -0.0374517189041971, 
    -0.155035692908718, -0.0521497156547622, -0.022753722153632, 
    0.285904209608234, 0.197716229104844, 0.38879018686219, 0.315300203109364, 
    -0.0521497156547622, 0.0948302518508885, -0.0815457091558923, 
    -0.346109650666063, -0.0374517189041971, 0.0360382648486282, 
    -0.390203640917759, -0.140337696158153, 0.197716229104844, 
    0.271206212857669, -273.471577506153, -31.9186052397271, 
    -53.7540597150277, -0.068940024584522, -0.00259405148006831, 
    0.0792274842913807, -0.161627025089866, -0.0865555811570526, 
    0.258180623295055, -0.0505013934329394, 0.172079099712536, 
    -0.00407558572236198, 0.163518243799986, 0.453597014460587, 
    -0.0305812280390631, -0.224845314793922, 0.0816967080285368, 
    0.330782843490713, -0.114871987547668, 0.405031212844475, 
    -0.0801347191500383, 0.0797213290388119, 0.0336247511598553, 
    0.114952442183873, -0.0417759226045793, 0.192657724769653, 
    -0.355726496928915, -288.867584684543, -31.8151748922231, 
    -10.7420708495204, 46.8713246981527, -0.13207290309552, 0.133572442022195, 
    -0.0936583501173797, 0.0390282479705255, -0.0104238354988438, 
    0.0803242194515253, -0.149301402981008, 0.258912388977911, 
    0.280950787064172, 0.545622146599228, -0.281277578713764, 
    -0.22401796861094, -0.0913695887295397, -0.378185415255976, 
    -0.0659608194573539, 0.0783902646598316, 0.130862578649903, 
    -0.188771043885741, 0.100465325642289, -0.335626137821619, 
    -0.00934067039045085, -0.00195424574144852, -0.0798415502449372, 
    -333.131105322414, -32.1902459944875, -3.50937878261533, 
    12.5105472128115, 36.7100149615495, 0.105468531550408, -0.0163289196565963, 
    -0.0743779624692305, 0.10616874208099, -0.0442868132532681, 
    0.14586505507458, -0.0567084134011468, 0.111337397184802, 
    0.205441270383676, -0.110224244778494, 0.487591828964769, 
    -0.0793765462796747, 0.479426441905598, -0.225703681410317, 
    -0.0115209159943874, 0.174779033093848, 0.0241286688068917, 
    0.00353639775883807, 0.245564261049768, -0.191502340867816, 
    -0.44201655452141, 0.166482574751288, -381.243627754883, 
    -3.95920482840223, -2.70363593918624, -3.56148177720061, 
    7.94086069280355, -43.1227309564173, 0.0779644801719011, 
    -0.0772984084569718, -0.277495477598551, -0.017275551713366, 
    0.307017834056977, -0.461006547629149, -0.25608825729332, 
    -0.0149693725146059, -0.448348826837764, -0.160960313804746, 
    0.0130627105152296, 0.295413533433045, -0.0987921588357471, 
    0.162471061613392, -0.310678856064829, 0.128710588848326, 
    0.0473693584355644, -0.179909268126491, 0.0870811690594273, 
    -0.0198449003468515, -0.0781973821807754, -220.547802830437, 
    -8.28150461356839, -12.875499479707, 23.6840296439762, 23.3341724624296, 
    -6.98039154247186, 38.316603847168, 0.0833728068860298, 0.394057619525871, 
    -0.0131677681922893, 0.290152173511423, -0.173675246367877, 
    0.210512624553605, -0.0782904476451715, 0.196378177471294, 
    0.0643417555420152, -0.278047197792638, -0.347119302751987, 
    0.0896005537581681, -0.159111451456581, -0.122050695125222, 
    0.200073491337569, 0.105671046236783, -0.17785833836083, 
    0.335643180911444, -0.352203028773416, 0.0112300235095315
    ), .Dim = c(27L, 7L), .Dimnames = list(c("1", "2", "3", "4", 
    "5", "6", "7", "8", "9", "10", "11", "12", "13", "14", "15", 
    "16", "17", "18", "19", "20", "21", "22", "23", "24", "25", 
    "26", "30"), c("x1", "x2", "x3", "x4", "x5", "x6", "x7")), assign = 1:7), 
        qraux = c(1.19245008972988, 1.0066422713475, 1.29439942593498, 
        1.09361073781378, 1.04916408911488, 1.16043652161546, 
        1.25375511986328), pivot = 1:7, tol = 1e-07, rank = 7L), .Names = c("qr", 
    "qraux", "pivot", "tol", "rank"), class = "qr"), df.residual = 20L, 
    xlevels = structure(list(), .Names = character(0)), call = quote(lm(formula = y ~ 
        . + 0, data = structure(list(y = c(43, 63, 71, 61, 81, 
        43, 58, 71, 72, 67, 64, 67, 69, 68, 77, 81, 74, 65, 65, 
        50, 50, 64, 53, 40, 63, 66, 82), x1 = c(1, 1, 1, 1, 1, 
        1, 1, 1, 1, 1, 1, 1, 1, 1, 1, 1, 1, 1, 1, 1, 1, 1, 1, 
        1, 1, 1, 1), x2 = c(51, 64, 70, 63, 78, 55, 67, 75, 82, 
        61, 53, 60, 62, 83, 77, 90, 85, 60, 70, 58, 40, 61, 66, 
        37, 54, 77, 82), x3 = c(30, 51, 68, 45, 56, 49, 42, 50, 
        72, 45, 53, 47, 57, 83, 54, 50, 64, 65, 46, 68, 33, 52, 
        52, 42, 42, 66, 39), x4 = c(39, 54, 69, 47, 66, 44, 56, 
        55, 67, 47, 58, 39, 42, 45, 72, 72, 69, 75, 57, 54, 34, 
        62, 50, 58, 48, 63, 59), x5 = c(61, 63, 76, 54, 71, 54, 
        66, 70, 71, 62, 58, 59, 55, 59, 79, 60, 79, 55, 75, 64, 
        43, 66, 63, 50, 66, 88, 64),