
expected <- structure(list(coefficients = structure(c(13.1499978329928, 0.75415909346961, 
-0.0918606418661492, -0.0134353097393673, 0.175597910386894, 
0.0159354094298122, -0.121956859015333), .Names = c("x1", "x2", 
"x3", "x4", "x5", "x6", "x7")), residuals = structure(c(-11.7665159245284, 
0.379320989367294, 3.04802104167232, -1.11332102382695, 7.07901287569314, 
-12.4917881934073, -1.68300931484436, -5.49977483100844, 5.70508481339216, 
6.83544146667387, 7.3467601260381, -6.59315797588557, 1.88244025641466, 
-1.9804234286833, -4.09678312010412, 9.92343429662055, -4.99842285811818, 
-5.93774862524118, 5.96172288178994, 2.48449394803522, -0.276605540332538, 
4.85497619051183, -6.11322267657905, 5.26842101153195, -9.00002765280818, 
7.06863591745595, 3.71303535017052), .Names = c("1", "2", "3", 
"4", "5", "6", "8", "9", "10", "12", "13", "14", "15", "16", 
"17", "18", "19", "20", "21", "22", "24", "25", "26", "27", "28", 
"29", "30")), effects = structure(c(-339.4819582835, 54.8283956586102, 
5.80475161533608, 1.22399498983588, -3.86932995973371, 0.927054558673385, 
-4.85151494029957, -3.91991238998872, 7.2509423980374, 9.13137058118991, 
11.4056667182448, -1.53626367226664, 2.84231898022656, 7.92158627467917, 
-1.14210170235769, 13.4737638112942, -5.36944301761296, -5.06905565584583, 
9.85836693159683, 2.79691041275501, 3.14664752535113, 4.32787344821075, 
-5.31067902432376, 5.99750441095048, -6.60134034015237, 10.5764007402878, 
8.83491228494771), .Names = c("x1", "x2", "x3", "x4", "x5", "x6", 
"x7", "", "", "", "", "", "", "", "", "", "", "", "", "", "", 
"", "", "", "", "", "")), rank = 7L, fitted.values = structure(c(54.7665159245284, 
62.6206790106327, 67.9519789583277, 62.1133210238269, 73.9209871243069, 
55.4917881934073, 72.6830093148444, 77.4997748310084, 61.2949151866078, 
60.1645585333261, 61.6532398739619, 74.5931579758856, 75.1175597435853, 
82.9804234286833, 78.0967831201041, 55.0765657033794, 69.9984228581182, 
55.9377486252412, 44.0382771182101, 61.5155060519648, 40.2766055403325, 
58.1450238094882, 72.113222676579, 72.731578988468, 57.0000276528082, 
77.9313640825441, 78.2869646498295), .Names = c("1", "2", "3", 
"4", "5", "6", "8", "9", "10", "12", "13", "14", "15", "16", 
"17", "18", "19", "20", "21", "22", "24", "25", "26", "27", "28", 
"29", "30")), assign = 1:7, qr = structure(list(qr = structure(c(-5.19615242270663, 
0.192450089729875, 0.192450089729875, 0.192450089729875, 0.192450089729875, 
0.192450089729875, 0.192450089729875, 0.192450089729875, 0.192450089729875, 
0.192450089729875, 0.192450089729875, 0.192450089729875, 0.192450089729875, 
0.192450089729875, 0.192450089729875, 0.192450089729875, 0.192450089729875, 
0.192450089729875, 0.192450089729875, 0.192450089729875, 0.192450089729875, 
0.192450089729875, 0.192450089729875, 0.192450089729875, 0.192450089729875, 
0.192450089729875, 0.192450089729875, -348.719562590534, 70.3467601717852, 
-0.0780287364412797, 0.0214783337195374, -0.191751102339356, 
0.135200699617614, -0.149105215127578, -0.248612285288395, 0.0499089251940565, 
0.0641242209313161, 0.035693629456797, -0.262827581025654, -0.177535806602097, 
-0.362334651186471, -0.291258172500173, 0.0641242209313161, -0.0780287364412797, 
0.0925548124058353, 0.348430135676508, 0.0499089251940565, 0.391076022888286, 
0.149415995354874, -0.177535806602097, -0.149105215127578, 0.106770108143095, 
-0.291258172500173, -0.248612285288395, -278.475279839129, 37.4320326308127, 
-53.0034098114856, -0.075706467318834, -0.012820834695724, 0.0769060743699957, 
-0.0970914619501152, 0.250473687390347, -0.0564200426149869, 
-0.0090434088263427, 0.160337273653413, 0.448364292940387, -0.040911043780521, 
-0.241739647228969, 0.0706103645876936, 0.330557384104143, -0.124342243063939, 
0.406443940963071, -0.0803131118449159, 0.0756469324135353, 0.118416921676098, 
-0.0455176883066029, 0.185489484839803, 0.0538422237967673, -0.0367139039256529, 
0.202677339616216, -0.372127766315544, -293.29393674833, 5.78088693315222, 
-12.5746351591831, -54.7094741662375, 0.218843935377389, 0.0306815064163104, 
-0.0240951626437969, 0.0929108859966595, 0.185519829870316, -0.394561339738684, 
-0.164820295699508, 0.0348978510979824, -0.233795949757325, -0.531371213679138, 
-0.141163194876898, 0.302299580751877, -0.202799475779975, 0.14732075413839, 
0.152082575483795, -0.0329328255113925, -0.0523973926591005, 
-0.130138592125114, 0.169850097925838, 0.232816622616203, 0.00262298305923582, 
-0.0488835637748321, 0.0338905179748474, -337.172557206741, 36.836569687152, 
-5.16778260521913, -1.743798667014, -41.2066376874452, -0.14111212050422, 
0.0247493417029755, -0.118309410118944, 0.0298468676955916, -0.117721673028644, 
-0.255477174656262, -0.482034702745174, 0.175073061871828, -0.441618584764121, 
0.0534649029841782, -0.21334138594317, 0.1952567256575, -0.00888481525559877, 
-0.155310623502028, 0.0638783686646263, -0.025006635961184, 0.174374415392418, 
0.38653486917868, 0.2612120945566, -0.213846300400112, -0.0177313211705575, 
-0.132494516173532, -390.288781972187, 8.70923785502774, -2.19264660625914, 
-18.6576060509099, -17.5614584742651, 44.3339266952183, 0.294282367207753, 
-5.72311580593284e-05, 0.0208541644849812, -0.153269381474871, 
0.186012502337417, 0.0179184982603873, 0.0223651164038945, 0.214046537301571, 
0.0288567003192253, 0.0466103843677366, -0.180800394086166, 0.0975155622411702, 
0.207232023873826, -0.0440123294629063, 0.338265079406982, 0.0139474476990737, 
0.337645063004658, 0.246813986412542, -0.2287498431205, 0.179632940834452, 
-0.0200737620477362, -227.476006060713, 10.7846710326676, -14.0153888247995, 
-8.95792381846853, -29.898429433683, -1.80863369993865, 39.7805829001352, 
0.369839709477838, 0.072062658721267, -0.0316210729216901, 0.3114795346927, 
0.0549957909041089, 0.0985243824966717, -0.178850833474262, -0.361422650895329, 
-0.46420664888976, 0.0796375241075177, -0.0910583195647731, 0.0516555433678361, 
0.142236379335872, -0.203005433729017, 0.362780495034241, -0.324269905030657, 
0.113548093029702, -0.0346576549097533, -0.177699060785677, -0.0538494029959786
), .Dim = c(27L, 7L), .Dimnames = list(c("1", "2", "3", "4", 
"5", "6", "8", "9", "10", "12", "13", "14", "15", "16", "17", 
"18", "19", "20", "21", "22", "24", "25", "26", "27", "28", "29", 
"30"), c("x1", "x2", "x3", "x4", "x5", "x6", "x7")), assign = 1:7), 
    qraux = c(1.19245008972988, 1.00726303798228, 1.29072539273999, 
    1.28604402516271, 1.01933199870809, 1.58618390827203, 1.07139100229341
    ), pivot = 1:7, tol = 1e-07, rank = 7L), .Names = c("qr", 
"qraux", "pivot", "tol", "rank"), class = "qr"), df.residual = 20L, 
    xlevels = structure(list(), .Names = character(0)), call = quote(lm(formula = y ~ 
        . + 0, data = structure(list(y = c(43, 63, 71, 61, 81, 
        43, 71, 72, 67, 67, 69, 68, 77, 81, 74, 65, 65, 50, 50, 
        64, 40, 63, 66, 78, 48, 85, 82), x1 = c(1, 1, 1, 1, 1, 
        1, 1, 1, 1, 1, 1, 1, 1, 1, 1, 1, 1, 1, 1, 1, 1, 1, 1, 
        1, 1, 1, 1), x2 = c(51, 64, 70, 63, 78, 55, 75, 82, 61, 
        60, 62, 83, 77, 90, 85, 60, 70, 58, 40, 61, 37, 54, 77, 
        75, 57, 85, 82), x3 = c(30, 51, 68, 45, 56, 49, 50, 72, 
        45, 47, 57, 83, 54, 50, 64, 65, 46, 68, 33, 52, 42, 42, 
        66, 58, 44, 71, 39), x4 = c(58, 45, 45, 72, 72, 56, 58, 
        66, 66, 34, 47, 63, 47, 34, 54, 72, 47, 63, 59, 54, 47, 
        47, 69, 72, 55, 59, 63), x5 = c(61, 63, 76, 54, 71, 54, 
        70, 71, 62, 59, 55, 59, 79, 60, 79, 55, 75, 64, 43, 66, 
        50, 66, 88, 80, 51, 77, 64), x6 = c(92, 73, 86, 84, 83, 
        49, 66, 83, 80, 74, 63, 77, 77, 54, 79, 80, 85, 78, 64, 
        80, 57, 75, 76, 78, 83, 74, 78), x7 = c(45, 47, 48, 35, 
        47, 34, 41, 31, 41, 41, 25, 35, 46, 36, 63, 60, 46, 52, 
        33, 41, 49, 33, 72, 49, 38, 55, 39)), .Names = c("y", 
        "x1", "x2", "x3", "x4", "x5", "x6", "x7"),