
expected <- structure(list(coefficients = structure(c(11.5315000510279, 0.703399876016944, 
0.0112875155169605, 0.183529616165777, 0.00534698746146346, -0.157253653109721
), .Names = c("x1", "x2", "x3", "x4", "x5", "x6")), residuals = structure(c(-9.35433423603063, 
1.31347038554873, 2.60304117161434, -0.209498799233302, 7.88772773978587, 
-12.5975589451241, -8.10603935135611, -0.60344105470921, 6.69397389197855, 
8.93372650587251, 6.71467148000786, -8.58664107781534, -0.0412474493166497, 
-3.05716204619326, 9.44415017990143, -3.27426418960473, -7.0820144100624, 
6.91540675619333, 2.88084281869672, -11.7145823253296, 0.192798793416859, 
5.68622281841448, -5.67298077421174, 5.66482803483754, -7.95011523232671, 
6.99959028994912, 6.3194290250964), .Names = c("1", "2", "3", 
"4", "5", "6", "7", "8", "10", "11", "13", "14", "16", "17", 
"18", "19", "20", "21", "22", "23", "24", "25", "26", "27", "28", 
"29", "30")), effects = structure(c(-331.591504604575, -52.8406667457116, 
1.16535851229253, 2.83742000111763, 0.511536979882647, -6.02061891274704, 
-3.34319269858728, 3.46527534087342, 8.19281927357104, 13.1663651659975, 
11.758831027173, -8.70652565511563, 3.71047006982542, -3.97883007338527, 
5.95256580935784, -1.51541473766584, -7.11964261646346, 10.287528482161, 
4.97511133098444, -9.87665025003211, 3.27065789653695, 10.6295224199605, 
-5.40468512558935, 8.29491629224154, -8.22539455182726, 7.61839684927269, 
7.53241347402266), .Names = c("x1", "x2", "x3", "x4", "x5", "x6", 
"", "", "", "", "", "", "", "", "", "", "", "", "", "", "", "", 
"", "", "", "", "")), rank = 6L, fitted.values = structure(c(52.3543342360306, 
61.6865296144513, 68.3969588283857, 61.2094987992333, 73.1122722602141, 
55.5975589451241, 66.1060393513561, 71.6034410547092, 60.3060261080214, 
55.0662734941275, 62.2853285199921, 76.5866410778153, 81.0412474493166, 
77.0571620461933, 55.5558498200986, 68.2742641896047, 57.0820144100624, 
43.0845932438067, 61.1191571813033, 64.7145823253296, 39.8072012065831, 
57.3137771815855, 71.6729807742117, 72.3351719651625, 55.9501152323267, 
78.0004097100509, 75.6805709749036), .Names = c("1", "2", "3", 
"4", "5", "6", "7", "8", "10", "11", "13", "14", "16", "17", 
"18", "19", "20", "21", "22", "23", "24", "25", "26", "27", "28", 
"29", "30")), assign = 1:6, qr = structure(list(qr = structure(c(-5.19615242270663, 
0.192450089729875, 0.192450089729875, 0.192450089729875, 0.192450089729875, 
0.192450089729875, 0.192450089729875, 0.192450089729875, 0.192450089729875, 
0.192450089729875, 0.192450089729875, 0.192450089729875, 0.192450089729875, 
0.192450089729875, 0.192450089729875, 0.192450089729875, 0.192450089729875, 
0.192450089729875, 0.192450089729875, 0.192450089729875, 0.192450089729875, 
0.192450089729875, 0.192450089729875, 0.192450089729875, 0.192450089729875, 
0.192450089729875, 0.192450089729875, -342.368709629448, -68.8379740162845, 
0.0946285258367066, -0.00705953369775985, 0.210843451018954, 
-0.123274458880007, 0.0510479288933639, 0.167262854075611, -0.0361132649933217, 
-0.152328190175569, -0.0215863993455408, 0.283477779257859, 0.385165838792325, 
0.312531510553421, -0.0506401306411026, 0.0946285258367066, -0.0796938619366645, 
-0.341177443596721, -0.0361132649933217, 0.0365210632455829, 
-0.384758040540064, -0.137801324527788, 0.196316585371173, 0.167262854075611, 
-0.0942207275844454, 0.312531510553421, 0.268950913610078, -273.471577506153, 
-33.2358545059397, -53.2510494878393, -0.070052322797673, -0.00669154004805236, 
0.0814411228608679, -0.164578018240964, -0.0907237925312555, 
-0.0509579339970586, 0.175651402117566, 0.164842542970884, 0.452604748528973, 
-0.233931708535864, 0.0767098800619636, 0.334168712683665, -0.118103710985803, 
0.409600019326341, -0.0758145229588567, 0.080494874301087, 0.032758902299551, 
0.121837813768252, -0.0404644910369705, 0.190645380492463, 0.0595079883809109, 
-0.0315481290098505, 0.208162688360109, -0.364122852087635, -332.938655232684, 
-34.7369639562104, -5.90088014670624, 40.0796057921108, -0.00876574615267722, 
0.15840307494067, -0.0651712267044672, -0.045152968426914, -0.00601896675225534, 
0.0614571900105546, 0.243763314873983, 0.485830491353795, 0.346986292746178, 
-0.098057922620572, 0.268492414504649, -0.239323567911656, 0.0413264026336483, 
0.202726647930839, -0.0675415409727867, 0.0548547643515196, 0.0487626781555617, 
-0.188788927986318, -0.387746659100142, -0.250909212908458, 0.224930213730589, 
-0.009878425640068, 0.110960070047176, -386.632230267319, -8.06563862688463, 
-1.53998245972937, 18.4862630346086, -48.5113442928353, -0.5554405107718, 
-0.180945875498449, -0.23913242539294, 0.0664933902647947, -0.215427527200064, 
-0.271775765591265, -0.00656598814432604, -0.406424498532715, 
-0.0190268611988312, 0.05884690466765, 0.125667659714997, -0.0351694509939168, 
-0.19592468563652, 0.0340252277721321, 0.0591370785732914, -0.397303418964948, 
-0.0649904169976973, -0.144805929011926, -0.0545902799524564, 
0.173654874772381, -0.126140526076097, 0.0731606794148512, -225.166604983954, 
-15.0934134080444, -18.1722398077161, 29.3616103113224, -4.90243955742811, 
38.2860352919512, 0.213202573989415, 0.12150909071555, 0.0407421873087559, 
0.18116673215441, 0.324521644673596, 0.165960005208228, -0.0306080882981423, 
-0.248990781661776, -0.518487543497334, 0.135071808094757, -0.121679263385985, 
-0.0986289583080296, 0.141330330438541, 0.166338870013343, -0.353046398573663, 
0.336546172540161, -0.27559755100209, 0.15706120045552, -0.0723488982644471, 
-0.0653765886503215, 0.0158249061258858), .Dim = c(27L, 6L), .Dimnames = list(
    c("1", "2", "3", "4", "5", "6", "7", "8", "10", "11", "13", 
    "14", "16", "17", "18", "19", "20", "21", "22", "23", "24", 
    "25", "26", "27", "28", "29", "30"), c("x1", "x2", "x3", 
    "x4", "x5", "x6")), assign = 1:6), qraux = c(1.19245008972988, 
1.00746733195002, 1.29503368652266, 1.21260190273864, 1.10151599376176, 
1.04441034473585), pivot = 1:6, tol = 1e-07, rank = 6L), .Names = c("qr", 
"qraux", "pivot", "tol", "rank"), class = "qr"), df.residual = 21L, 
    xlevels = structure(list(), .Names = character(0)), call = quote(lm(formula = y ~ 
        . + 0, data = structure(list(y = c(43, 63, 71, 61, 81, 
        43, 58, 71, 67, 64, 69, 68, 81, 74, 65, 65, 50, 50, 64, 
        53, 40, 63, 66, 78, 48, 85, 82), x1 = c(1, 1, 1, 1, 1, 
        1, 1, 1, 1, 1, 1, 1, 1, 1, 1, 1, 1, 1, 1, 1, 1, 1, 1, 
        1, 1, 1, 1), x2 = c(51, 64, 70, 63, 78, 55, 67, 75, 61, 
        53, 62, 83, 90, 85, 60, 70, 58, 40, 61, 66, 37, 54, 77, 
        75, 57, 85, 82), x3 = c(30, 51, 68, 45, 56, 49, 42, 50, 
        45, 53, 57, 83, 50, 64, 65, 46, 68, 33, 52, 52, 42, 42, 
        66, 58, 44, 71, 39), x4 = c(61, 63, 76, 54, 71, 54, 66, 
        70, 62, 58, 55, 59, 60, 79, 55, 75, 64, 43, 66, 63, 50, 
        66, 88, 80, 51, 77, 64), x5 = c(92, 73, 86, 84, 83, 49, 
        68, 66, 80, 67, 63, 77, 54, 79, 80, 85, 78, 64, 80, 80, 
        57, 75, 76, 78, 83, 74, 78), x6 = c(45, 47, 48, 35, 47, 
        34, 35, 41, 41, 34, 25, 35, 36, 63, 60, 46, 52, 33, 41, 
        37, 49, 33, 72, 49, 38, 55, 39)), .Names = c("y", "x1", 
        "x2", "x3", "x4", "x5", "x6"), row.names = c("1", "2", 
        "3", "4", "5", "6", "7", "8", "10", "11", "13", "14", 
        "16", "17", "18", "19", "20", "21", "22", "23", "24", 
        "25", "26", "27", "28", "29", "30"), class = "data.frame"))), 
    terms = y ~ x1 + x2 + x3 + x4 + x5 + x6 + 0, model = structure(list(
        y = c(43, 63, 71, 61, 81, 43, 58, 71, 67, 64, 69, 68, 
        81, 74, 65, 65, 50, 50, 64, 53, 40, 63, 66, 78, 48, 85, 
        82), x1 = c(1, 1, 1, 1, 1, 1, 1, 1, 1, 1, 1, 1, 1, 1, 
        1, 1, 1, 1, 1, 1, 1, 1, 1, 1, 1, 1, 1), x2 = c(51, 64, 
        70, 63, 78, 55, 67, 75, 61, 53, 62, 83, 90, 85, 60, 70, 
        58, 40, 61, 66, 37, 54, 77, 75, 57, 85, 82), x3 = c(30, 
        51, 68, 45, 56, 49, 42, 50, 45, 53, 57, 83, 50, 64, 65, 
        46, 68, 33, 52, 52, 42, 42, 66, 58, 44, 71, 39),