
expected <- structure(list(coefficients = structure(c(29.6184935758413, -0.141027695386018, 
0.0710018576007913, 0.611542185282014, 0.291059954502133, 0.0244568664465115, 
-0.315080503295255), .Names = c("x1", "x2", "x3", "x4", "x5", 
"x6", "x7")), residuals = structure(c(-8.552822142265, 2.9880599735903, 
3.70030365468959, 7.6188868632276, -15.4518043914133, -10.0894508524899, 
0.344568717377408, -7.88791770561911, 6.39855290112373, -4.05569965749428, 
12.8739462072938, 7.45202911316179, 4.41552334438804, -3.25134764621225, 
4.96169568275079, -2.21675566481011, -2.17194072385521, -2.28517199356299, 
-9.63383028972351, 5.12712095797253, -7.53569315480251, 2.38619224731457, 
-0.0537044374711861, -2.14152089054021, -8.41917500348319, 11.5931534686659, 
13.8868014221866), .Names = c("1", "2", "4", "5", "6", "7", "8", 
"9", "10", "11", "12", "13", "14", "15", "16", "17", "18", "19", 
"20", "21", "23", "25", "26", "27", "28", "29", "30")), effects = structure(c(-339.4819582835, 
18.3179616148888, 22.2328640149014, -33.824422637167, 5.15311497452503, 
-0.989417976750886, 12.054826401052, -3.38450007064777, 7.59990047741511, 
0.806781907875626, 15.8632919944184, 15.8711630972227, 13.458396698138, 
-2.99206133436265, 10.2451719603924, -1.85703605558344, -1.55463399018604, 
-3.92692825655439, -6.69704852586698, 8.98641472418469, -5.66480596757131, 
3.74493112846127, -1.19460183544316, -2.04763080591808, -6.87473555202027, 
13.658771512231, 13.7226390080315), .Names = c("x1", "x2", "x3", 
"x4", "x5", "x6", "x7", "", "", "", "", "", "", "", "", "", "", 
"", "", "", "", "", "", "", "", "", "")), rank = 7L, fitted.values = structure(c(51.552822142265, 
60.0119400264097, 57.2996963453104, 73.3811131367724, 58.4518043914133, 
68.0894508524899, 70.6554312826226, 79.8879177056191, 60.6014470988763, 
68.0556996574943, 54.1260537927062, 61.5479708868382, 63.584476655612, 
80.2513476462123, 76.0383043172492, 76.2167556648101, 67.1719407238552, 
67.285171993563, 59.6338302897235, 44.8728790420275, 60.5356931548025, 
60.6138077526854, 66.0537044374712, 80.1415208905402, 56.4191750034832, 
73.4068465313341, 68.1131985778134), .Names = c("1", "2", "4", 
"5", "6", "7", "8", "9", "10", "11", "12", "13", "14", "15", 
"16", "17", "18", "19", "20", "21", "23", "25", "26", "27", "28", 
"29", "30")), assign = 1:7, qr = structure(list(qr = structure(c(-5.19615242270663, 
0.192450089729875, 0.192450089729875, 0.192450089729875, 0.192450089729875, 
0.192450089729875, 0.192450089729875, 0.192450089729875, 0.192450089729875, 
0.192450089729875, 0.192450089729875, 0.192450089729875, 0.192450089729875, 
0.192450089729875, 0.192450089729875, 0.192450089729875, 0.192450089729875, 
0.192450089729875, 0.192450089729875, 0.192450089729875, 0.192450089729875, 
0.192450089729875, 0.192450089729875, 0.192450089729875, 0.192450089729875, 
0.192450089729875, 0.192450089729875, -343.138509988368, -72.2423903464092, 
0.156741470244606, -0.0924197204868785, -0.161631162356735, -0.0785774321129071, 
-0.410792353088219, -0.0647351437389358, -0.133946585608792, 
-0.0785774321129071, -0.0647351437389358, -0.189315739104678, 
-0.189315739104678, -0.175473450730707, -0.0785774321129071, 
-0.410792353088219, 0.253637488862405, 0.0460031632528349, 0.253637488862405, 
0.212110623740491, 0.253637488862405, 0.253637488862405, 0.212110623740491, 
-0.0785774321129071, -0.0647351437389358, 0.212110623740491, 
-0.0785774321129071, -275.588528493181, 3.82098426856329, 63.0901184194669, 
-0.103308541869049, 0.00958072886847619, 0.118208882068202, 0.000703123924825496, 
-0.357688774236708, 0.0722073511563456, -0.056144887992338, 0.0385697940827023, 
-0.116447264350499, -0.528556175402685, -0.0692836104737877, 
-0.00859385979400879, -0.221201674334044, -0.255645984504489, 
0.051321142242534, -0.303197012702818, 0.25272710590921, -0.0495915289783959, 
0.108911898349368, -0.270334204272411, -0.13539660165622, 0.0861208222810316, 
-0.349585917936293, 0.165759910266532, -289.060034774273, 4.64588212018254, 
29.665795131842, -53.7089627047223, -0.169585142500292, 0.125229135296511, 
0.0160164254493602, 0.038125592031206, -0.0736861094906545, 0.055240143238523, 
-0.2395055647464, -0.285856845427418, -0.483445232220598, 0.30247824697769, 
0.345147924779545, 0.140210177726658, 0.267397033676667, 0.109585504456246, 
-0.152842812523361, -0.185620543877811, -0.0713521328534053, 
-0.0111110248697544, 0.0326464066849599, 0.304402584944567, -0.0985487142442424, 
0.13285791735214, 0.210329386659095, -336.210306758092, 7.16620395893969, 
20.3821830726996, -27.9672135743583, 39.251455113482, -0.0326215559628012, 
-0.0683315312349271, 0.113506621740962, -0.0240686631626711, 
0.246365000514624, -0.0488366945526704, 0.152371453211986, 0.206256609303249, 
-0.0942741213487413, 0.359231120988855, -0.0567953940587494, 
0.549948447600809, -0.247107358373391, 0.0681333502475926, 0.196487926824044, 
-0.0295557338722947, -0.176628633444308, -0.432991080501361, 
-0.0887212058474634, 0.217420377514875, -0.0287207975976191, 
0.0427586885041071, -388.749181254348, -10.9241289137993, 3.16889736334499, 
-3.83348500890728, 16.2032748180487, 44.3108773204348, 0.272541225150515, 
-0.234494097697375, -0.0607666416282625, 0.0341257851355047, 
0.0697616149590309, 0.120472751072203, -0.298944315636545, 0.124705644734175, 
0.292342730056309, -0.0179853278558305, -0.440157656482867, 0.0656444277579333, 
-0.0804276357611455, 0.147028986397691, -0.0163324678518051, 
0.237522519924749, 0.410440053329178, 0.105957160618827, -0.323579265546366, 
0.137165631613827, -0.00504589968990975, -221.317603189357, -10.15203682894, 
20.3074302683404, -23.025114692998, 21.1618714056723, 6.57966190806112, 
-38.2595123309033, -0.583582791081766, 0.0535663240916265, -0.138871811599031, 
0.123864240164799, -0.220591327182671, -0.242354363024455, -0.104699393065437, 
-0.0793178144797, 0.370325661665575, 0.204605424344518, -0.0752357905741069, 
0.0341523878603145, 0.114399842145153, -0.251288960729002, -0.28105544505565, 
0.354506865487808, -0.108151813154373, 0.0360535028786063, -0.060786626978958, 
-0.0534046870371568), .Dim = c(27L, 7L), .Dimnames = list(c("1", 
"2", "4", "5", "6", "7", "8", "9", "10", "11", "12", "13", "14", 
"15", "16", "17", "18", "19", "20", "21", "23", "25", "26", "27", 
"28", "29", "30"), c("x1", "x2", "x3", "x4", "x5", "x6", "x7"
)), assign = 1:7), qraux = c(1.19245008972988, 1.21211062374049, 
1.06407249040237, 1.17442197326802, 1.16340109547999, 1.26408367004, 
1.10492292059303), pivot = 1:7, tol = 1e-07, rank = 7L), .Names = c("qr", 
"qraux", "pivot", "tol", "rank"), class = "qr"), df.residual = 20L, 
    xlevels = structure(list(), .Names = character(0)), call = quote(lm(formula = y ~ 
        . + 0, data = structure(list(y = c(43, 63, 61, 81, 43, 
        58, 71, 72, 67, 64, 67, 69, 68, 77, 81, 74, 65, 65, 50, 
        50, 53, 63, 66, 78, 48, 85, 82), x1 = c(1, 1, 1, 1, 1, 
        1, 1, 1, 1, 1, 1, 1, 1, 1, 1, 1, 1, 1, 1, 1, 1, 1, 1, 
        1, 1, 1, 1), x2 = c(70, 82, 78, 60, 55, 61, 37, 62, 57, 
        61, 62, 53, 53, 54, 61, 37, 85, 70, 85, 82, 85, 85, 82, 
        61, 62, 82, 61), x3 = c(30, 51, 45, 56, 49, 42, 50, 72, 
        45, 53, 47, 57, 83, 54, 50, 64, 65, 46, 68, 33, 52, 42, 
        66, 58, 44, 71, 39), x4 = c(39, 54, 47, 66, 44, 56, 55, 
        67, 47, 58, 39, 42, 45, 72, 72, 69, 75, 57, 54, 34, 50, 
        48, 63, 74, 45, 71, 59), x5 = c(61, 63, 54, 71, 54, 66, 
        70, 71, 62, 58, 59, 55, 59, 79, 60, 79, 55, 75, 64, 43, 
        63, 66, 88, 80, 51, 77, 64), x6 = c(92, 73, 84, 83, 49, 
        68, 66, 83, 80, 67, 74, 63, 77, 77, 54, 79, 80, 85, 78, 
        64, 80, 75, 76, 78, 83, 74, 78), x7 = c(45, 47, 35, 47, 
        34, 35, 41, 31, 41, 34, 41, 25, 35, 46, 36, 63, 60, 46, 
        52, 33, 37, 33, 72, 49, 38, 55, 39)), .Names = c("y", 
        "x1", "x2", "x3", "x4", "x5", "x6", "x7"),