
expected <- structure(list(coefficients = structure(c(-0.0779688575388248, 
-0.0117032578485174, 0.54733751508996, 0.198421225918667, 0.412603349969559, 
0.145127019272248, -0.229127029283351), .Names = c("x1", "x2", 
"x3", "x4", "x5", "x6", "x7")), residuals = structure(c(-14.9810785480274, 
-5.4626182422473, 2.03830814547061, -10.3303693040259, 14.1291061750729, 
-9.20521748231043, -3.53277500827917, 2.35103500970641, 7.45409564304851, 
7.16777899762488, 3.32435456804657, 4.67382788795568, 0.760680391671242, 
11.080750091709, -3.53744105790517, -8.56444386210462, -3.55873706826302, 
2.14659052697348, -8.84479005533599, -8.67603313773494, -22.6900024354694, 
16.0758691665924, -0.108538281872258, 6.60210677452624, -1.58489932707166, 
13.574692293052, 10.7165734075708), .Names = c("1", "2", "3", 
"4", "5", "6", "8", "9", "10", "12", "13", "14", "15", "16", 
"17", "18", "19", "20", "21", "22", "24", "25", "26", "27", "28", 
"29", "30")), effects = structure(c(267.99842192436, -192.67386599017, 
-81.8163929697753, -24.6761655744053, 25.9783341286181, 1.92848891027348, 
-10.8785592206627, -0.935238310299689, 8.36575926576101, 14.5173997518145, 
8.43604052766308, 4.0471997542639, 2.66040203868896, 6.32213776342057, 
0.59408708896118, -12.3808918392574, -3.00950154047877, -6.84283430610732, 
-17.2490491462158, -0.533846145348079, -25.6493783848665, 17.3445031882803, 
-1.01613118857648, 9.10525616524701, -1.49320081664127, 7.30689958161435, 
16.8531907671078), .Names = c("x1", "x2", "x3", "x4", "x5", "x6", 
"x7", "", "", "", "", "", "", "", "", "", "", "", "", "", "", 
"", "", "", "", "", "")), rank = 7L, fitted.values = structure(c(57.9810785480274, 
68.4626182422473, 68.9616918545294, 71.3303693040259, 66.8708938249271, 
52.2052174823104, 74.5327750082792, 69.6489649902936, 59.5459043569515, 
59.8322210023751, 65.6756454319534, 63.3261721120443, 76.2393196083288, 
69.919249908291, 77.5374410579052, 73.5644438621046, 68.558737068263, 
47.8534094730265, 58.844790055336, 72.6760331377349, 62.6900024354695, 
46.9241308334076, 66.1085382818723, 71.3978932254738, 49.5848993270717, 
71.425307706948, 71.2834265924292), .Names = c("1", "2", "3", 
"4", "5", "6", "8", "9", "10", "12", "13", "14", "15", "16", 
"17", "18", "19", "20", "21", "22", "24", "25", "26", "27", "28", 
"29", "30")), assign = 1:7, qr = structure(list(qr = structure(c(7.6036410642714, 
-0.111348566861812, -0.339002600303838, -0.18953754255661, -0.173809214347863, 
-0.305948676454943, -0.219144512858853, -0.238751371046603, -0.156216175814406, 
-0.0175213187258215, 0.0136044978840533, -0.276677151096947, 
-0.0885129032400569, -0.191771617116758, -0.059528342265464, 
-0.378803829850946, -0.185425486433921, -0.349493295293704, -0.106518171299057, 
0.0205319986714347, -0.177428250630741, -0.0436054110445325, 
0.0108838547626564, -0.124306299933446, -0.153376133059302, -0.266453206947282, 
-0.0435120112058782, 271.772573205212, -217.130533213129, -0.0237228424904419, 
0.188894529774707, 0.120130053157892, -0.0216506036264678, -0.0265396037863813, 
0.0709779303093083, 0.122124249986633, 0.269796205487706, 0.256319090965271, 
-0.00455548805738323, 0.169152248490519, 0.108592861560609, 0.116906602527143, 
0.0510405925800843, 0.155745816458972, 0.077381814598049, 0.281925696776635, 
0.363866339168581, 0.107666595348322, 0.352281634520375, 0.387434275196144, 
0.169223584448566, 0.147704204075081, 0.138192928128781, 0.241832983400336, 
200.980220290572, -143.232220305718, -90.8926956264772, -0.140251615739701, 
0.00962352184860342, -0.109190583818601, 0.306937591694055, 0.0594641668487876, 
0.0355510984460275, -0.00944642690620193, 0.174332501352791, 
0.1423959665894, 0.301831890035994, 0.251778556441705, 0.490625449001399, 
-0.283300874710887, -0.0130531606763131, -0.343866259232205, 
-0.100026151477421, -0.100561780357553, 0.145078464624874, -0.320031738280869, 
-0.0452044059532997, 0.066279331638437, -0.166714950567883, -0.0967395295128377, 
0.0702906443645762, 240.31493307486, -162.404576347601, -30.0011319350704, 
-64.6484230681318, 0.364215345841483, 0.1078064980069, 0.284541838413291, 
0.193808508675222, 0.308494807945534, -0.132912786584333, 0.138631093833038, 
0.195349086199606, 0.0270231235324834, -0.30572958872968, 0.286825425734612, 
0.0340428873904244, -0.12958154201221, -0.0702636521892585, 0.00571148369873509, 
0.0887202505608133, -0.0372483066920978, -0.114316973208842, 
0.227273918648024, 0.373719029290526, 0.137542114751633, -0.104520186051857, 
0.288799162309887, 272.365799309636, -203.137924527783, -54.0303669384334, 
-14.6473863088707, 65.9016578530825, -0.0997539981683071, -0.198074176138113, 
0.0444195251500654, 0.119234757091542, -0.534353730474041, -0.147288727321233, 
0.0704932108280749, -0.230818102657147, 0.0348164509086338, 0.0798377399329852, 
-0.167764909487927, -0.206842647302837, 0.327342438085719, 0.338109702239042, 
-0.37410358081848, -0.00521555714594645, 0.00909522242155652, 
0.29872918519022, 0.0273816511454928, 0.026490770167212, -0.00433175652696327, 
-0.186044406283795, 299.138425482434, -218.059522359339, -50.2454435018739, 
-38.8607278240605, 9.78392687812415, -44.5955280654385, 0.191107347633618, 
-0.238600763929377, 0.0935345135681506, -0.136661972907369, -0.077435822832683, 
0.188461353739754, -0.344215616726423, 0.0850476198438336, 0.215506347006238, 
-0.0637279032338571, 0.0983264824561078, 0.263771122760359, -0.413969645845519, 
0.00226466700411623, -0.193695441519229, 0.266011904993267, -0.110776319775757, 
-0.0275127565041748, 0.122548221635162, -0.238224771057133, -0.0808127524793329, 
182.029216432913, -134.718277612234, -15.1467612918883, 0.721189293294868, 
11.4906688353006, -36.6630903283519, 47.4782885925242, -0.129685172667106, 
-0.23068940102661, -0.37674899736662, -0.000127127248082976, 
-0.47916625197352, -0.307206989064218, 0.161244274852265, 0.258994945661934, 
0.215078286276409, 0.119581489876809, -0.102286586469806, -0.0961843554999277, 
0.388356598598519, -0.358034383949745, 0.000617254303899253, 
0.0414651652580488, 0.0189638696649518, 0.0426233938768689, 0.0395007777026298, 
-0.0692014227699636), .Dim = c(27L, 7L), .Dimnames = list(c("1", 
"2", "3", "4", "5", "6", "8", "9", "10", "12", "13", "14", "15", 
"16", "17", "18", "19", "20", "21", "22", "24", "25", "26", "27", 
"28", "29", "30"), c("x1", "x2", "x3", "x4", "x5", "x6", "x7"
)), assign = 1:7), qraux = c(1.03402027378711, 1.27758464589254, 
1.18041197219235, 1.20174537694891, 1.06148001234644, 1.45952044407207, 
1.03798271689539), pivot = 1:7, tol = 1e-07, rank = 7L), .Names = c("qr", 
"qraux", "pivot", "tol", "rank"), class = "qr"), df.residual = 20L, 
    xlevels = structure(list(), .Names = character(0)), call = quote(lm(formula = y ~ 
        . + 0, data = structure(list(y = c(43, 63, 71, 61, 81, 
        43, 71, 72, 67, 67, 69, 68, 77, 81, 74, 65, 65, 50, 50, 
        64, 40, 63, 66, 78, 48, 85, 82), x1 = c(-0.25867795078543, 
        0.846654535438241, 2.57765409256505, 1.44117544180453, 
        1.32158287956416, 2.32632391985229, 1.66629621698333, 
        1.81537972904105, 1.18781172932586, 0.133225818563844, 
        -0.103443718769981, 2.10375374762637, 0.673020345793978, 
        1.45816254287071, 0.452632147737685, 2.88028835595793, 
        1.40990884301146, 2.65742157178274, 0.809925941380608, 
        -0.156117948229687, 1.34910073245774, 0.331559894042641, 
        -0.0827569250108997, 0.945180486721588, 1.16621706360886, 
        2.02601454605116, 0.330849715194053), x2 = c(70, 82, 
        61, 78, 60, 55, 37, 62, 57, 62, 53, 53, 54, 61, 37, 85, 
        70, 85, 82, 75, 58, 85, 82, 61, 62, 82, 61), x3 = c(45, 
        64, 64, 44, 45, 33, 57, 52, 45, 42, 52, 54, 66, 68, 71, 
        39, 50, 33, 49, 42, 56, 30, 52, 50, 30, 52, 49), x4 = c(58, 
        45, 45, 72, 72, 56, 58, 66, 66, 34, 47, 63, 47, 34, 54, 
        72, 47, 63, 59, 54, 47, 47, 69, 72, 55, 59, 63),