
expected <- structure(list(coefficients = structure(c(-3.35648255153692, 
0.583200846587565, 0.0919343280143504, 0.389430322470611, 0.0214838328824615, 
0.099539504350608, -0.136727538939894), .Names = c("x1", "x2", 
"x3", "x4", "x5", "x6", "x7")), residuals = structure(c(-9.87271257481967, 
0.605367892614549, 2.07531836491025, 1.91937549413157, 5.73454352439273, 
-4.29632354239532, -5.3895902187921, -7.98885954642297, 9.28201889516155, 
7.27995685459633, 9.91878298166696, 6.86359912474343, -2.64599536866399, 
-1.72321891189079, -0.971450485076517, -7.75431798538662, 3.55146248849478, 
-4.21604630165156, 10.3336803309359, -4.79978808273573, -11.0728681322235, 
-3.54669271893096, 5.69474501670141, 0.499244868119672, -7.05934383238244, 
6.55115651640499, 4.91952143255462), .Names = c("1", "2", "3", 
"4", "5", "6", "7", "9", "10", "11", "12", "13", "14", "15", 
"16", "17", "18", "20", "21", "22", "23", "24", "25", "27", "28", 
"29", "30")), effects = structure(c(269.988521929591, -204.006025851829, 
-8.25026927894868, 17.9748301643476, -2.96144292935392, 3.78600942657104, 
-4.65971969427184, -6.89919159583484, 5.5779927063471, 6.32240708809532, 
8.69632548770129, 10.9546730131823, -4.00819036907311, -0.987690299246369, 
-1.51118974138267, -9.36711589006585, -5.71115667897281, -10.4512097118465, 
6.47904973236182, -3.37692603135116, -12.3084252200702, -8.41230651234114, 
6.48862778241831, 0.577997611845688, -11.9469809835839, 3.77256790877722, 
3.53364545757591), .Names = c("x1", "x2", "x3", "x4", "x5", "x6", 
"x7", "", "", "", "", "", "", "", "", "", "", "", "", "", "", 
"", "", "", "", "", "")), rank = 7L, fitted.values = structure(c(52.8727125748197, 
62.3946321073854, 68.9246816350898, 59.0806245058684, 75.2654564756073, 
47.2963235423953, 63.3895902187921, 79.988859546423, 57.7179811048385, 
56.7200431454037, 57.081217018333, 62.1364008752566, 70.645995368664, 
78.7232189118908, 81.9714504850765, 81.7543179853866, 61.4485375115052, 
54.2160463016516, 39.6663196690641, 68.7997880827357, 64.0728681322235, 
43.546692718931, 57.3052549832986, 77.5007551318803, 55.0593438323824, 
78.448843483595, 77.0804785674454), .Names = c("1", "2", "3", 
"4", "5", "6", "7", "9", "10", "11", "12", "13", "14", "15", 
"16", "17", "18", "20", "21", "22", "23", "24", "25", "27", "28", 
"29", "30")), assign = 1:7, qr = structure(list(qr = structure(c(7.61296228113563, 
-0.111212233053642, -0.338587529712618, -0.189305475133597, -0.173596404495389, 
-0.305574076679291, -0.186099620458246, -0.238459046820635, -0.156024906660732, 
-0.192368639983586, -0.0174998658398673, 0.0135878407050968, 
-0.27633839101493, -0.0884045291360071, -0.191536814320482, -0.0594554564994069, 
-0.378340027126507, -0.349065380025281, -0.106387751767475, 0.0205068595461895, 
-0.114594669055681, -0.177211009675, -0.0435520211185365, -0.124154100837157, 
-0.153188341218853, -0.266126964936038, -0.0434587356374896, 
281.987672156416, -205.516307751491, -0.0274402659597035, 0.100769296963451, 
0.190832020952597, -0.0645414347124844, 0.123717247979229, 0.139789275426117, 
0.127213804551026, 0.0487816867925427, 0.272925219042552, 0.316449253639051, 
0.103480088477757, 0.278570096305109, 0.229720259135661, 0.348964191792221, 
-0.119309310152134, -0.097219253237657, 0.078987894907703, 0.319104457629065, 
0.196577588671654, -0.0125946182150524, 0.215411670783528, 0.229978597826027, 
0.110833985534268, 0.124311532507981, 0.351755302092923, 244.766580849338, 
-134.903365810438, -44.2086280305057, -0.183235814049655, -0.139197668697086, 
-0.127677358944715, -0.307017990551793, 0.0758628277121576, -0.108671339724022, 
0.144144670150414, 0.13668569941752, 0.37431570195491, 0.259025983859084, 
-0.0555723829737157, -0.479500855210839, 0.088892878448041, 0.0617732659504697, 
0.198845993406778, 0.0022788835278404, 0.285510495081431, 0.0297621583954504, 
0.156394872946824, 0.0790882083057562, 0.0172497518280233, -0.0672967275379899, 
-0.0288745791380578, -0.410082611521043, 248.746154842792, -156.75471786393, 
-7.72507875531336, 50.6125679703132, -0.0452150145123888, 0.123546908804936, 
-0.0469067192140475, 0.0865316055902117, 0.0682950961249823, 
-0.188439225424264, 0.184390553143967, 0.192762514044894, 0.603021736984813, 
-0.211362716345138, -0.0510335063669656, -0.0140239505918086, 
-0.32347131467918, 0.0755864327874973, 0.00187045780306503, -0.24287680142857, 
0.0924149623528197, -0.437983624158205, -0.0822937062884675, 
-0.242105551928595, 0.0550869201670425, 0.0452330734516062, 0.00992674719048281, 
265.864157184965, -192.576373323333, -19.3884853872546, 28.1013314011991, 
-35.4258686531264, 0.370700743605297, 0.389440679027768, -0.117116126664491, 
0.317634829518701, 0.0357681428455505, 0.0503785770140294, -0.343131775928735, 
-0.299204389510505, 0.10664121777045, -0.241111472046485, -0.125889649838273, 
-0.170248517997844, 0.258677329609986, 0.180520759743032, -0.21037153586357, 
0.0816541120128997, 0.06087554372106, 0.300223432157709, 0.116903316706787, 
0.0669818723421303, 0.0528198653487662, -4.78114327231676e-05, 
311.455376067572, -221.502731438469, -30.6200071308844, 22.2579628726813, 
-48.9425482998691, 57.3385899886175, 0.0954310035265791, -0.046026237826988, 
-0.0949174824757824, -0.127419456533055, 0.0456132686027898, 
0.125200435894046, 0.101592156891684, 0.118030031699529, 0.0292630510602072, 
0.181852861268265, -0.616918386166902, -0.0265484373112746, -0.234376192549761, 
-0.189158303640782, -0.07607784967065, -0.248541080301453, 0.0528054833964356, 
0.108892407077816, -0.427997662612845, 0.218889879336173, -0.15575136303939, 
182.843877970636, -113.24785238528, -16.7255292746419, 33.3108416673716, 
-19.5378161023207, 14.0530972469516, 34.0803303445715, 0.445328508191803, 
-0.0452935861044635, 0.245645601143271, -0.208008531291286, 0.183224042138838, 
-0.128142750752213, 0.16287159508767, 0.0934894905747234, -0.429127618633799, 
-0.296902772432698, -0.28020000131615, -0.0858921844808448, 0.187669237901549, 
0.081555697447791, -0.200473081157807, 0.257564283017838, 0.123113189641148, 
-0.0312158729430242, -0.223369430880686, 0.0607276030996879), .Dim = c(27L, 
7L), .Dimnames = list(c("1", "2", "3", "4", "5", "6", "7", "9", 
"10", "11", "12", "13", "14", "15", "16", "17", "18", "20", "21", 
"22", "23", "24", "25", "27", "28", "29", "30"), c("x1", "x2", 
"x3", "x4", "x5", "x6", "x7")), assign = 1:7), qraux = c(1.03397861978463, 
1.19052272071389, 1.0322289530708, 1.10142073092564, 1.07537125978418, 
1.27933666462732, 1.18562985755948), pivot = 1:7, tol = 1e-07, 
    rank = 7L), .Names = c("qr", "qraux", "pivot", "tol", "rank"
), class = "qr"), df.residual = 20L, xlevels = structure(list(), .Names = character(0)), 
    call = quote(lm(formula = y ~ . + 0, data = structure(list(y = c(43, 
        63, 71, 61, 81, 43, 58, 72, 67, 64, 67, 69, 68, 77, 81, 
        74, 65, 50, 50, 64, 53, 40, 63, 78, 48, 85, 82), x1 = c(-0.25867795078543, 
        0.846654535438241, 2.57765409256505, 1.44117544180453, 
        1.32158287956416, 2.32632391985229, 1.41676939108228, 
        1.81537972904105, 1.18781172932586, 1.4644952002684, 
        0.133225818563844, -0.103443718769981, 2.10375374762637, 
        0.673020345793978, 1.45816254287071, 0.452632147737685, 
        2.88028835595793, 2.65742157178274, 0.809925941380608, 
        -0.156117948229687, 0.872404893140121, 1.34910073245774, 
        0.331559894042641, 0.945180486721588, 1.16621706360886, 
        2.02601454605116, 0.330849715194053), x2 = c(51, 64, 
        70, 63, 78, 55, 67, 82, 61, 53, 60, 62, 83, 77, 90, 85, 
        60, 58, 40, 61, 66, 37, 54, 75, 57, 85, 82), x3 = c(30, 
        51, 68, 45, 56, 49, 42, 72, 45, 53, 47, 57, 83, 54, 50, 
        64, 65, 68, 33, 52, 52, 42, 42, 58, 44, 71, 39), x4 = c(39, 
        54, 69, 47, 66, 44, 56, 67, 47, 58, 39, 42, 45, 72, 72, 
        69, 75, 54, 34, 62, 50, 58, 48, 74, 45, 71, 59),