
expected <- structure(list(coefficients = structure(c(0.45528956746231, 0.0347313118428376, 
0.42376756600847, 0.0894760754049878, 0.385940836016849, 0.344364392424865, 
-0.361823295207862), .Names = c("x1", "x2", "x3", "x4", "x5", 
"x6", "x7")), residuals = structure(c(-13.2159274843302, -3.72593020201307, 
3.73631971494595, -9.8850854645739, 15.3314723616619, -9.11838941414071, 
-7.4120295085134, -1.31520621004538, 9.81799824656225, -13.11810341216, 
6.11744738180197, 9.07303601548197, 13.0835442833872, -1.79629309371323, 
-9.66849350581281, -2.795281965962, 1.0798242642231, -6.24606101315001, 
-9.68493950087022, -0.639918168623439, -17.5023549788464, 15.0261698078269, 
1.03880588670186, 8.15170097905463, -2.12062984851122, 15.2599746493609, 
13.3494405957337), .Names = c("1", "2", "3", "4", "5", "6", "7", 
"8", "10", "11", "13", "14", "16", "17", "18", "19", "20", "21", 
"22", "23", "24", "25", "26", "27", "28", "29", "30")), effects = structure(c(269.375160095286, 
-177.617360728607, -75.329505545998, -27.0543946553657, 28.4554421321333, 
0.650907656463573, -14.2434030487763, 3.54023166108799, 8.889815542403, 
-19.45359095787, 10.3914496482381, 5.28170436854149, 10.1638506087234, 
3.98543333748086, -11.843062928437, -1.31044315488188, -7.4232117630078, 
-15.5409899024666, 0.212322014012674, 0.142927953132868, -23.1698837877283, 
16.4881088553601, -0.0768392410718595, 10.171210779568, -1.7158521646683, 
9.33503517218889, 17.9617852442849), .Names = c("x1", "x2", "x3", 
"x4", "x5", "x6", "x7", "", "", "", "", "", "", "", "", "", "", 
"", "", "", "", "", "", "", "", "", "")), rank = 7L, fitted.values = structure(c(56.2159274843302, 
66.7259302020131, 67.2636802850541, 70.8850854645739, 65.6685276383381, 
52.1183894141407, 65.4120295085134, 72.3152062100454, 57.1820017534378, 
77.11810341216, 62.882552618198, 58.926963984518, 67.9164557166128, 
75.7962930937132, 74.6684935058128, 67.795281965962, 48.9201757357769, 
56.24606101315, 73.6849395008702, 53.6399181686234, 57.5023549788464, 
47.9738301921731, 64.9611941132981, 69.8482990209454, 50.1206298485112, 
69.7400253506391, 68.6505594042663), .Names = c("1", "2", "3", 
"4", "5", "6", "7", "8", "10", "11", "13", "14", "16", "17", 
"18", "19", "20", "21", "22", "23", "24", "25", "26", "27", "28", 
"29", "30")), assign = 1:7, qr = structure(list(qr = structure(c(7.6786795978064, 
-0.110260432754625, -0.335689757559545, -0.187685320561655, -0.172110694648817, 
-0.302958847314955, -0.184506902916878, -0.217002962001351, -0.154689580961965, 
-0.190722269579625, 0.0134715503430476, -0.273973372743324, -0.189897563024673, 
-0.0589466121059395, -0.375102036654942, -0.183613448777604, 
-0.346077934094541, -0.105477241375195, 0.0203313533584975, -0.113613920470043, 
-0.175694364541938, -0.043179284904316, 0.0107774942236867, -0.123091538679593, 
-0.151877292020625, -0.263849340273286, -0.0430867977990081, 
281.196263449723, -214.470653987706, -0.0353703999813611, 0.184889517087941, 
0.115798967472474, -0.0321654707195635, 0.108652482287195, -0.0342079952097744, 
0.11840709501084, 0.10273147343179, 0.259953597851302, -0.0138780242212681, 
0.103517122144078, 0.116362855741471, 0.0389872955812065, 0.151467405795363, 
0.0666368257867793, 0.281854817794999, 0.36906665916351, 0.288091416950906, 
0.103059733928767, 0.355190290362763, 0.392603765735519, 0.167159234219705, 
0.144399407653494, 0.130983171614382, 0.243374975773238, 207.196618321193, 
-131.678085572869, -98.1297260575316, -0.114847840224948, 0.0185719513599676, 
-0.102369587347646, -0.0216511010535191, 0.282555928468631, 0.042716809216781, 
0.394651117560847, 0.181502889274857, 0.131955469884567, 0.241992869511939, 
0.463675616576566, -0.257843877930181, 0.000370861933353898, 
-0.311926546901179, -0.0704378637772303, -0.0647167398747005, 
-0.285945284350068, 0.143067780286999, -0.268810190640187, -0.0115840391820577, 
0.0748145515193693, -0.142635756313162, -0.07839430243617, 0.0840872352524383, 
248.92904630134, -161.337141807492, -35.6484989816714, -64.1314361389797, 
0.35818480398113, 0.106252653424817, 0.273543530233456, 0.26713099666008, 
0.301196256922789, 0.136590188468922, 0.123731647851759, 0.182789759756664, 
-0.328800549853151, 0.260496697582311, 0.0359029645547322, -0.139954176829804, 
-0.0664007099600087, -0.00127841536976054, 0.0832838087857443, 
-0.048248266873212, -0.0526619584330023, -0.112326296144619, 
0.219315590779111, 0.36486304311949, 0.137754366820615, -0.112354461004296, 
0.278966516103153, 275.034506724702, -184.707435039327, -43.0843844960093, 
-23.5899795088291, 59.1644507391527, -0.101433975372846, 0.0264022147104053, 
-0.254287380307146, 0.1348728624806, 0.340217634725461, -0.220448635442422, 
0.0531843374699764, -0.0941332119476451, 0.0114355896539052, 
-0.175234614894516, -0.293819690499135, 0.370503037601003, 0.335955198299429, 
-0.446267438127798, 0.00290343788999788, -0.0763078173549087, 
-0.0124630451169531, 0.308273345251932, 0.0314292349462958, 0.0403482399198257, 
-0.0536412253798701, -0.224403756598051, 314.367374795141, -215.311829373891, 
-56.0104848918788, -39.8610181797964, 15.3120755002715, -40.3290832005895, 
0.147151111713415, 0.14724476493795, 0.105584995494837, 0.00141605804135562, 
-0.14326475006146, 0.185903356724765, 0.0246573491527074, 0.225741889989768, 
-0.152539566157353, 0.0122170216870252, 0.301770913887809, -0.440138469832201, 
-0.101733599619441, 0.161483868099831, -0.265826494256232, 0.251684979053024, 
-0.0952416400688574, -0.0439916548133369, 0.115047653191807, 
-0.325789076795653, -0.14649358494866, 188.952886297627, -125.752189885209, 
-14.8150145203735, -4.18681245978228, -0.963262950695739, -40.1820669991248, 
39.3656329966089, -0.0135464863146086, -0.20349119692931, -0.103576768927949, 
-0.139545375851589, -0.523806203932658, 0.0945440318964247, 0.366532555558429, 
0.123763204122783, -0.0293946146701307, 0.02868872671476, -0.108419691771569, 
0.218966457790732, 0.119577887231987, -0.543879850071217, -0.0375691227831039, 
0.12227017155641, 0.0319080690827523, 0.0647862362317357, -0.0867597899871673, 
-0.211513578355495), .Dim = c(27L, 7L), .Dimnames = list(c("1", 
"2", "3", "4", "5", "6", "7", "8", "10", "11", "13", "14", "16", 
"17", "18", "19", "20", "21", "22", "23", "24", "25", "26", "27", 
"28", "29", "30"), c("x1", "x2", "x3", "x4", "x5", "x6", "x7"
)), assign = 1:7), qraux = c(1.03368781669954, 1.27729815685262, 
1.16576268242467, 1.19893478515926, 1.08243639725201, 1.456487742206, 
1.22337714772844), pivot = 1:7, tol = 1e-07, rank = 7L), .Names = c("qr", 
"qraux", "pivot", "tol", "rank"), class = "qr"), df.residual = 20L, 
    xlevels = structure(list(), .Names = character(0)), call = quote(lm(formula = y ~ 
        . + 0, data = structure(list(y = c(43, 63, 71, 61, 81, 
        43, 58, 71, 67, 64, 69, 68, 81, 74, 65, 65, 50, 50, 64, 
        53, 40, 63, 66, 78, 48, 85, 82), x1 = c(-0.25867795078543, 
        0.846654535438241, 2.57765409256505, 1.44117544180453, 
        1.32158287956416, 2.32632391985229, 1.41676939108228, 
        1.66629621698333, 1.18781172932586, 1.4644952002684, 
        -0.103443718769981, 2.10375374762637, 1.45816254287071, 
        0.452632147737685, 2.88028835595793, 1.40990884301146, 
        2.65742157178274, 0.809925941380608, -0.156117948229687, 
        0.872404893140121, 1.34910073245774, 0.331559894042641, 
        -0.0827569250108997, 0.945180486721588, 1.16621706360886, 
        2.02601454605116, 0.330849715194053), x2 = c(70, 82, 
        61, 78, 60, 55, 61, 37, 57, 61, 53, 53, 61, 37, 85, 70, 
        85, 82, 75, 85, 58, 85, 82, 61, 62, 82, 61), x3 = c(45, 
        64, 64, 44, 45, 33, 42, 57, 45, 83, 52, 54, 68, 71, 39, 
        50, 33, 49, 42, 30, 56, 30, 52, 50, 30, 52, 49), x4 = c(58, 
        45, 45, 72, 72, 56, 67, 58, 66, 67, 47, 63, 34, 54, 72, 
        47, 63, 59, 54, 54, 47, 47, 69, 72, 55, 59, 63), x5 = c(59, 
        66, 60, 77, 62, 63, 63, 71, 55, 55, 66, 61, 63, 55, 88, 
        79, 50, 50, 88, 64, 63, 61, 55, 66, 54, 76, 76),