
expected <- structure(list(coefficients = structure(c(27.4555601358397, -0.191421843151272, 
0.0600912173270226, 0.502162846921646, 0.33179294831883, 0.20545540785243, 
-0.43640900799501), .Names = c("x1", "x2", "x3", "x4", "x5", 
"x6", "x7")), residuals = structure(c(-11.9459806751023, 5.66960804356937, 
-5.45206368322277, 2.26882685593058, 8.42301957947158, -12.1132215982518, 
-9.01876530214188, 1.11073664093264, -8.64030318630003, 5.03490024258298, 
-2.26070440017437, 12.1172410911295, 6.89168094046482, 2.98336332593805, 
-1.47632627374295, 10.7694418163376, 0.183121080390438, 3.74664958060907, 
-2.71687581042585, -6.95470206914212, 6.16973841900703, -3.79975959908328, 
-7.60984419153435, -14.9189337540308, 2.28165583790478, 5.24780942971643, 
14.0096876591676), .Names = c("1", "2", "3", "4", "5", "6", "7", 
"8", "9", "10", "11", "12", "13", "14", "15", "16", "17", "18", 
"19", "20", "21", "22", "23", "24", "25", "26", "30")), effects = structure(c(-332.553755053224, 
20.9582490232273, -17.4553534985441, 24.3124428422031, 10.7159514945481, 
8.34957099805638, -18.1141704138452, 8.11465652171552, -4.74354419493876, 
6.81954651908336, -0.43736495942999, 14.4662619336396, 10.9789051883501, 
5.26013587814843, 4.69882938630474, 13.8635143046573, 5.11709391925595, 
-2.63387850366873, 1.69840532055817, -6.24103121160598, 4.46086873662266, 
-2.32028754428876, -5.87296420285961, -16.179896723125, 6.60979243601105, 
13.2073234995163, 15.7115658277933), .Names = c("x1", "x2", "x3", 
"x4", "x5", "x6", "x7", "", "", "", "", "", "", "", "", "", "", 
"", "", "", "", "", "", "", "", "", "")), rank = 7L, fitted.values = structure(c(54.9459806751023, 
57.3303919564306, 76.4520636832228, 58.7311731440694, 72.5769804205284, 
55.1132215982518, 67.0187653021419, 69.8892633590674, 80.6403031863, 
61.965099757417, 66.2607044001744, 54.8827589088705, 62.1083190595352, 
65.016636674062, 78.4763262737429, 70.2305581836624, 73.8168789196096, 
61.2533504193909, 67.7168758104258, 56.9547020691421, 43.830261580993, 
67.7997595990833, 60.6098441915343, 54.9189337540308, 60.7183441620952, 
60.7521905702836, 67.9903123408324), .Names = c("1", "2", "3", 
"4", "5", "6", "7", "8", "9", "10", "11", "12", "13", "14", "15", 
"16", "17", "18", "19", "20", "21", "22", "23", "24", "25", "26", 
"30")), assign = 1:7, qr = structure(list(qr = structure(c(-5.19615242270663, 
0.192450089729875, 0.192450089729875, 0.192450089729875, 0.192450089729875, 
0.192450089729875, 0.192450089729875, 0.192450089729875, 0.192450089729875, 
0.192450089729875, 0.192450089729875, 0.192450089729875, 0.192450089729875, 
0.192450089729875, 0.192450089729875, 0.192450089729875, 0.192450089729875, 
0.192450089729875, 0.192450089729875, 0.192450089729875, 0.192450089729875, 
0.192450089729875, 0.192450089729875, 0.192450089729875, 0.192450089729875, 
0.192450089729875, 0.192450089729875, -341.021559001339, -71.3322949041758, 
-0.0747903288267636, 0.163530897524316, -0.0888092244944741, 
-0.158903702833027, -0.0747903288267636, -0.411243824851816, 
-0.060771433159053, -0.130865911497606, -0.0747903288267636, 
-0.060771433159053, -0.186941494168448, -0.186941494168448, -0.172922598500737, 
-0.0747903288267636, -0.411243824851816, 0.261663167198289, 0.0513797321826313, 
0.261663167198289, 0.219606480195158, 0.121474210521184, 0.261663167198289, 
-0.116847015829895, 0.261663167198289, 0.219606480195158, -0.0747903288267636, 
-273.471577506153, 8.05671126206906, -61.9950457692867, -0.0511062804934949, 
0.106188871108649, -0.0123173720065295, -0.118516826483191, -0.0163254322322272, 
0.366511607967472, -0.0746010588033904, 0.0589167065274346, -0.0367464216021327, 
0.114487599521468, 0.533875950273857, 0.0672154349402536, 0.010525742979082, 
0.209499064326751, 0.279331735932154, -0.0439263510478138, 0.327722699480507, 
-0.240194938818354, 0.0584495708845808, 0.0696375605559596, -0.121873223384605, 
-0.0916656512718823, 0.292105660213525, -0.166907790031544, -288.867584684543, 
7.86563890630174, -24.6722092932774, 51.5163307282545, -0.180496333061259, 
0.182779830204081, -0.123162124222254, -0.00592580778205048, 
-0.046226866499905, 0.0840272121039805, -0.0551750708022634, 
0.254540798926884, 0.300961016719914, 0.495186332713569, -0.311347895041978, 
-0.356063472556381, -0.141744682201181, -0.288793069222485, -0.111288012744708, 
0.147974575114427, 0.198870107940421, -0.154281701933722, 0.070260301451499, 
-0.159466612647467, 0.0119832202276838, -0.0436291002859326, 
-0.210526001917694, -333.131105322414, 8.77427103291261, -18.4759818893667, 
21.8059723326128, 40.7285710326397, 0.137001399561316, -0.0301960538261289, 
-0.0846136337686229, 0.0703847493066163, -0.0344653264748266, 
0.22232697637223, -0.0661262309499119, 0.111424019254022, 0.123453274849895, 
-0.0991500447388029, 0.346226819789624, -0.085897141940913, 0.51425285200316, 
-0.240278769186468, 0.0296502541684033, 0.194566212383701, 0.0546601853081209, 
-0.0415209261460378, 0.392886791306656, -0.16853376740713, -0.444248862247854, 
0.0495088214151594, -386.439780177589, -13.7343640074918, -11.2163399550986, 
5.07357048518633, 24.3939540342865, 42.6737758901486, 0.168462086848376, 
0.219212247860142, -0.0434819088058281, -0.0991446157913967, 
0.146677540163126, 0.0871227417517992, 0.299804444715315, 0.127173878221056, 
0.034161071492611, 0.369772497316274, -0.00482466276003668, -0.151555298724377, 
-0.0849514610731526, 0.14178624694962, 0.179258101876179, -0.0500034957207908, 
0.0289081101045484, 0.227201220102718, 0.141442307491338, 0.374335551873457, 
-0.121829092891141, -220.547802830437, -6.37080925343734, -16.2556895087313, 
22.5352928642233, 17.8946144588322, 0.957787360938458, 41.5073247389346, 
-0.00383305955170216, 0.421724822438574, -0.0549124622166102, 
0.15442270762341, -0.129718724622092, 0.173820622841098, -0.036718837667305, 
0.18033545980544, 0.237171574933181, -0.345327129578092, -0.286300524024664, 
0.109130888489831, -0.150142445192852, -0.0469487222625373, 0.175895374834934, 
0.194375064467759, -0.297845097374068, 0.325494311798023, -0.297283552894852, 
0.133328607253413), .Dim = c(27L, 7L), .Dimnames = list(c("1", 
"2", "3", "4", "5", "6", "7", "8", "9", "10", "11", "12", "13", 
"14", "15", "16", "17", "18", "19", "20", "21", "22", "23", "24", 
"25", "26", "30"), c("x1", "x2", "x3", "x4", "x5", "x6", "x7"
)), assign = 1:7), qraux = c(1.19245008972988, 1.21960648019516, 
1.3008715242692, 1.06640014591488, 1.01639628250462, 1.57132241907494, 
1.22517379405974), pivot = 1:7, tol = 1e-07, rank = 7L), .Names = c("qr", 
"qraux", "pivot", "tol", "rank"), class = "qr"), df.residual = 20L, 
    xlevels = structure(list(), .Names = character(0)), call = quote(lm(formula = y ~ 
        . + 0, data = structure(list(y = c(43, 63, 71, 61, 81, 
        43, 58, 71, 72, 67, 64, 67, 69, 68, 77, 81, 74, 65, 65, 
        50, 50, 64, 53, 40, 63, 66, 82), x1 = c(1, 1, 1, 1, 1, 
        1, 1, 1, 1, 1, 1, 1, 1, 1, 1, 1, 1, 1, 1, 1, 1, 1, 1, 
        1, 1, 1, 1), x2 = c(70, 82, 61, 78, 60, 55, 61, 37, 62, 
        57, 61, 62, 53, 53, 54, 61, 37, 85, 70, 85, 82, 75, 85, 
        58, 85, 82, 61), x3 = c(30, 51, 68, 45, 56, 49, 42, 50, 
        72, 45, 53, 47, 57, 83, 54, 50, 64, 65, 46, 68, 33, 52, 
        52, 42, 42, 66, 39), x4 = c(39, 54, 69, 47, 66, 44, 56, 
        55, 67, 47, 58, 39, 42, 45, 72, 72, 69, 75, 57, 54, 34, 
        62, 50, 58, 48, 63, 59), x5 = c(61, 63, 76, 54, 71, 54, 
        66, 70, 71, 62, 58, 59, 55, 59, 79, 60, 79, 55, 75, 64, 
        43, 66, 63, 50, 66, 88, 64), x6 = c(92, 73, 86, 84, 83, 
        49, 68, 66, 83, 80, 67, 74, 63, 77, 77, 54, 79, 80, 85, 
        78, 64, 80, 80, 57, 75, 76, 78), x7 = c(45, 47, 48, 35, 
        47, 34, 35, 41, 31, 41, 34, 41, 25, 35, 46, 36, 63, 60, 
        46, 52, 33, 41, 37, 49, 33, 72, 39)), .Names = c("y", 
        "x1", "x2", "x3", "x4", "x5", "x6", "x7"),