
expected <- structure(list(coefficients = structure(c(15.9946932790623, 0.609648542537384, 
0.00585324037415125, 0.206107372874249, 0.165720743720065, -0.111353069770384, 
-0.132703662775444), .Names = c("x1", "x2", "x3", "x4", "x5", 
"x6", "x7")), residuals = structure(c(-5.8619303375026, -0.0122362375863526, 
3.71337485982587, 8.72654316311263, -8.85276451857668, -1.32292152164334, 
-5.79795180518493, 9.1007581350512, 6.28742390429721, 5.21065621844983, 
5.6122186009709, -5.24632383752469, 0.493179224513977, -4.64546419992765, 
-0.368253144898989, -1.12507952040213, -3.21001990345432, 5.63833756026193, 
-2.50060968344374, -10.6290807234599, -8.34255547682169, 6.56703116768523, 
-1.40585329243488, 4.9406823288012, -6.94091074397173, 5.08002915755662, 
4.89172062630704), .Names = c("1", "2", "3", "5", "7", "8", "9", 
"10", "11", "12", "13", "14", "15", "16", "17", "18", "19", "21", 
"22", "23", "24", "25", "26", "27", "28", "29", "30")), effects = structure(c(-343.523410167827, 
49.3571362451374, -0.900494662017867, -9.30463239602708, 8.55383498835512, 
-6.74698047679483, -5.68510243792075, 12.2443490196022, 7.42624094347243, 
4.55556543585381, 8.77533436637429, -0.689172024480246, -1.59753526999275, 
-2.69365725195251, 0.277168672488924, -8.06983838618335, -3.90452480907813, 
9.3912967336504, -5.7668324876337, -8.31702622634801, -11.3474207097196, 
8.71142862222784, -1.835877654784, 3.81536437187315, -3.48984995629439, 
3.10443965068589, 6.28964478733856), .Names = c("x1", "x2", "x3", 
"x4", "x5", "x6", "x7", "", "", "", "", "", "", "", "", "", "", 
"", "", "", "", "", "", "", "", "", "")), rank = 7L, fitted.values = structure(c(48.8619303375026, 
63.0122362375864, 67.2866251401741, 72.2734568368874, 66.8527645185767, 
72.3229215216433, 77.7979518051849, 57.8992418649488, 57.7125760957028, 
61.7893437815502, 63.3877813990291, 73.2463238375247, 76.506820775486, 
85.6454641999276, 74.368253144899, 66.1250795204021, 68.2100199034543, 
44.3616624397381, 66.5006096834437, 63.6290807234599, 48.3425554768217, 
56.4329688323148, 67.4058532924349, 73.0593176711988, 54.9409107439717, 
79.9199708424434, 77.108279373693), .Names = c("1", "2", "3", 
"5", "7", "8", "9", "10", "11", "12", "13", "14", "15", "16", 
"17", "18", "19", "21", "22", "23", "24", "25", "26", "27", "28", 
"29", "30")), assign = 1:7, qr = structure(list(qr = structure(c(-5.19615242270663, 
0.192450089729875, 0.192450089729875, 0.192450089729875, 0.192450089729875, 
0.192450089729875, 0.192450089729875, 0.192450089729875, 0.192450089729875, 
0.192450089729875, 0.192450089729875, 0.192450089729875, 0.192450089729875, 
0.192450089729875, 0.192450089729875, 0.192450089729875, 0.192450089729875, 
0.192450089729875, 0.192450089729875, 0.192450089729875, 0.192450089729875, 
0.192450089729875, 0.192450089729875, 0.192450089729875, 0.192450089729875, 
0.192450089729875, 0.192450089729875, -350.644063487833, 69.9910047130397, 
-0.0739876890014511, -0.188288091357435, -0.0311250381179571, 
-0.145425440473941, -0.245438292535427, 0.0546002636490308, 0.168900666005015, 
0.0688878139435288, 0.0403127133545328, -0.259725842829925, -0.174000541062937, 
-0.359738694891411, -0.288300943418921, 0.0688878139435288, -0.0739876890014511, 
0.354638819833489, 0.0546002636490308, -0.0168374878234591, 0.397501470716983, 
0.154613115710517, -0.174000541062937, -0.145425440473941, 0.111750464827023, 
-0.288300943418921, -0.245438292535427, -275.588528493181, 38.4409186516115, 
-50.5891167760729, -0.00316766421737167, -0.167031203886066, 
-0.0909859330561284, 0.272060140307717, -0.0461612801759294, 
0.194067007807626, 0.00363435324785844, 0.18078245036209, 0.479236773419893, 
-0.0324404204969572, -0.244907511637645, 0.0831390451846672, 
0.359442106913039, -0.118747129898996, -0.0678762392719259, 0.092208401804974, 
0.0409012089444684, 0.140811953276968, -0.0336325024487515, 0.204764748613163, 
0.0671508463506184, -0.0248826233133682, 0.221508727165571, -0.380254074745113, 
-297.527838722387, 35.5135583468277, -11.8516979838765, -48.2235379626031, 
0.0750897993545926, -0.058236441180571, -0.0196557085553235, 
-0.0941457096375501, 0.127353894350043, -0.268315037800077, -0.293849248636085, 
-0.564434550492817, 0.251241851319996, 0.194927838781171, 0.0615428067064411, 
0.344114840428868, 0.0461558654104395, -0.135222990778853, 0.164758226616937, 
-0.117203131244745, 0.315284649387418, -0.00469171660190341, 
-0.0247846889873241, 0.276164899973097, -0.101673414793717, 0.0508688449211501, 
0.0602883418434414, -344.293210526747, 8.82441439670548, -0.207992260775152, 
-13.3199220818603, 53.1399220049581, -0.0914293927898871, -0.00520802303760135, 
0.171380099952964, 0.168795609855176, -0.481547343700959, -0.0809684834707679, 
-0.00630914222962317, -0.196253034294154, 0.140368592629455, 
0.234936351093725, -0.418115472217162, -0.234776197879286, 0.216893977177372, 
-0.421865961156399, 0.00230071209510089, 0.0167498147741047, 
0.0560956152933879, 0.195767756715047, 0.0401178566294485, 0.179006207816002, 
-0.172635168688565, -0.130576517368663, -391.058582331106, 6.68128185253085, 
-3.59575616558608, 2.60675033656675, 4.91533667115192, 44.5495287705932, 
0.00172722411494273, -0.118931411884734, 0.189600730162888, 0.210727576686967, 
0.380554209778444, 0.175298251131555, 0.119310182867285, 0.545922809058603, 
-0.00175801767441917, 0.126597441676965, -0.0919435895470839, 
0.145199705452046, 0.0811732814551348, -0.0352618002478841, 0.390710756034876, 
0.00394626188640047, 0.0693464845912454, 0.038966739052578, -0.199390898789896, 
0.254801050922081, 0.031052312759025, -224.589254714764, 11.8745418003161, 
-11.0954592247823, -23.6033527970351, -2.22138118564044, 13.4604701483474, 
42.8405841935265, -0.00662880399560881, 0.234461643597111, -0.0888588751729565, 
0.221309006219361, 0.0245047163046303, 0.0974757286622336, 0.116941440701405, 
-0.376178457921104, -0.0931143075004516, 0.0073278409024304, 
0.0158980124697311, 0.198219193655315, 0.112042190696399, -0.10607118460564, 
0.195038575885931, -0.636573157249148, 0.0507214307957033, 0.0747621236534696, 
-0.171427037226529, 0.0940666907799882), .Dim = c(27L, 7L), .Dimnames = list(
    c("1", "2", "3", "5", "7", "8", "9", "10", "11", "12", "13", 
    "14", "15", "16", "17", "18", "19", "21", "22", "23", "24", 
    "25", "26", "27", "28", "29", "30"), c("x1", "x2", "x3", 
    "x4", "x5", "x6", "x7")), assign = 1:7), qraux = c(1.19245008972988, 
1.01173761276554, 1.31612901346956, 1.10529795744899, 1.0680848279007, 
1.31565603429379, 1.40135686453493), pivot = 1:7, tol = 1e-07, 
    rank = 7L), .Names = c("qr", "qraux", "pivot", "tol", "rank"
), class = "qr"), df.residual = 20L, xlevels = structure(list(), .Names = character(0)), 
    call = quote(lm(formula = y ~ . + 0, data = structure(list(y = c(43, 
        63, 71, 81, 58, 71, 72, 67, 64, 67, 69, 68, 77, 81, 74, 
        65, 65, 50, 64, 53, 40, 63, 66, 78, 48, 85, 82), x1 = c(1, 
        1, 1, 1, 1, 1, 1, 1, 1, 1, 1, 1, 1, 1, 1, 1, 1, 1, 1, 
        1, 1, 1, 1, 1, 1, 1, 1), x2 = c(51, 64, 70, 78, 67, 75, 
        82, 61, 53, 60, 62, 83, 77, 90, 85, 60, 70, 40, 61, 66, 
        37, 54, 77, 75, 57, 85, 82), x3 = c(30, 51, 68, 56, 42, 
        50, 72, 45, 53, 47, 57, 83, 54, 50, 64, 65, 46, 33, 52, 
        52, 42, 42, 66, 58, 44, 71, 39), x4 = c(39, 54, 69, 66, 
        56, 55, 67, 47, 58, 39, 42, 45, 72, 72, 69, 75, 57, 34, 
        62, 50, 58, 48, 63, 74, 45, 71, 59), x5 = c(59, 66, 60, 
        62, 63, 71, 66, 55, 55, 88, 66, 61, 79, 63, 55, 88, 79, 
        50, 88, 64, 63, 61, 55, 66, 54, 76, 76), x6 = c(92, 73, 
        86, 83, 68, 66, 83, 80, 67, 74, 63, 77, 77, 54, 79, 80, 
        85, 64, 80, 80, 57, 75, 76, 78, 83, 74, 78), x7 = c(45, 
        47, 48, 47, 35, 41, 31, 41, 34, 41, 25, 35, 46, 36, 63, 
        60, 46, 33, 41, 37, 49, 33, 72, 49, 38, 55, 39)), .Names = c("y", 
        "x1", "x2", "x3", "x4", "x5", "x6", "x7"),