
expected <- structure(list(coefficients = structure(c(18.0363760408229, 0.724957360468874, 
-0.0737481377589492, 0.0109015260268019, 0.0717039467501766, 
-0.0944041666392376), .Names = c("x1", "x2", "x3", "x4", "x5", 
"x6")), residuals = structure(c(-12.8103259818525, 0.843319494468278, 
4.76782669409568, -2.69769165129812, 8.2584054609826, -12.1878062468944, 
-7.80232067076927, 0.654232336779902, -3.97192044297752, 5.51825164826134, 
9.22282387946877, 6.85363354282958, 7.46308305161267, -6.94698962871831, 
5.08447385158098, 0.277313717820741, -1.51624071521384, 7.58816161224233, 
-2.9608351971027, -6.45061842739784, 3.45653737439848, 2.99088250846678, 
-11.9788163823541, -1.76877369307293, 5.93138905479639, -2.60244995018249, 
4.78445476002956), .Names = c("1", "2", "3", "4", "5", "6", "7", 
"8", "9", "10", "11", "12", "13", "14", "15", "16", "17", "18", 
"19", "20", "21", "22", "23", "24", "25", "26", "30")), effects = structure(c(-332.553755053224, 
-47.3569455303206, 4.84740410534456, -0.887505974998707, -3.15286481666794, 
-3.93174975210484, -2.4958365423393, 5.4173868054617, -2.58902545561572, 
7.39395639937077, 13.5878949282973, 9.34505014967796, 12.6530645181164, 
-7.25215685711233, 8.15454392078025, 5.9371910559216, -1.68350615799694, 
5.13540901141875, -1.19507819844783, -6.4686725148386, 8.08242046639295, 
5.00193950003972, -10.0889881235584, 2.81174703000926, 10.6438348628607, 
-1.86850435236517, 7.14027158662761), .Names = c("x1", "x2", 
"x3", "x4", "x5", "x6", "", "", "", "", "", "", "", "", "", "", 
"", "", "", "", "", "", "", "", "", "", "")), rank = 6L, fitted.values = structure(c(55.8103259818525, 
62.1566805055317, 66.2321733059043, 63.6976916512981, 72.7415945390174, 
55.1878062468944, 65.8023206707693, 70.3457676632201, 75.9719204429775, 
61.4817483517387, 54.7771761205312, 60.1463664571704, 61.5369169483873, 
74.9469896287183, 71.915526148419, 80.7226862821793, 75.5162407152138, 
57.4118383877577, 67.9608351971027, 56.4506184273978, 46.5434626256015, 
61.0091174915332, 64.9788163823541, 41.7687736930729, 57.0686109452036, 
68.6024499501825, 77.2155452399704), .Names = c("1", "2", "3", 
"4", "5", "6", "7", "8", "9", "10", "11", "12", "13", "14", "15", 
"16", "17", "18", "19", "20", "21", "22", "23", "24", "25", "26", 
"30")), assign = 1:6, qr = structure(list(qr = structure(c(-5.19615242270663, 
0.192450089729875, 0.192450089729875, 0.192450089729875, 0.192450089729875, 
0.192450089729875, 0.192450089729875, 0.192450089729875, 0.192450089729875, 
0.192450089729875, 0.192450089729875, 0.192450089729875, 0.192450089729875, 
0.192450089729875, 0.192450089729875, 0.192450089729875, 0.192450089729875, 
0.192450089729875, 0.192450089729875, 0.192450089729875, 0.192450089729875, 
0.192450089729875, 0.192450089729875, 0.192450089729875, 0.192450089729875, 
0.192450089729875, 0.192450089729875, -342.753609808908, -68.0364825881156, 
0.0948302518508885, -0.00805572540306698, 0.212414225855409, 
-0.125639699407587, 0.0507362615991933, 0.168320235603714, 0.271206212857669, 
-0.0374517189041971, -0.155035692908718, -0.0521497156547622, 
-0.022753722153632, 0.285904209608234, 0.197716229104844, 0.38879018686219, 
0.315300203109364, -0.0521497156547622, 0.0948302518508885, -0.0815457091558923, 
-0.346109650666063, -0.0374517189041971, 0.0360382648486282, 
-0.390203640917759, -0.140337696158153, 0.197716229104844, 0.271206212857669, 
-273.471577506153, -31.9186052397271, -53.7540597150277, -0.068940024584522, 
-0.00259405148006831, 0.0792274842913807, -0.161627025089866, 
-0.0865555811570526, 0.258180623295055, -0.0505013934329394, 
0.172079099712536, -0.00407558572236198, 0.163518243799986, 0.453597014460587, 
-0.0305812280390631, -0.224845314793922, 0.0816967080285368, 
0.330782843490713, -0.114871987547668, 0.405031212844475, -0.0801347191500383, 
0.0797213290388119, 0.0336247511598553, 0.114952442183873, -0.0417759226045793, 
0.192657724769653, -0.355726496928915, -333.131105322414, -32.1902459944875, 
-3.50937878261533, 38.7832307839506, -0.0194118849662578, 0.166527150071321, 
-0.0622223653634915, -0.050914039835088, 0.0952884089806599, 
-0.00181118100889541, 0.0635170956469182, 0.0756054906402863, 
0.245672571975879, 0.466904073190303, -0.244782101358173, 0.349668201997805, 
-0.120756841467636, 0.264959027186637, -0.246574503945901, 0.0282374862643379, 
0.230779441272019, -0.0714200266424068, 0.0535126073777988, 0.0648493827726791, 
-0.185929363592269, -0.4193637076705, 0.117715795381648, -386.439780177589, 
-11.4110891809387, -4.10160002706479, 20.8638897952394, -46.6257259442794, 
-0.562882246363436, -0.187320124510582, -0.260776031093067, 0.0525929493497734, 
0.0752500666005879, -0.215250489110023, -0.0424254873584384, 
-0.2768904807722, -0.0307666088371985, -0.086126762887652, -0.430073684066349, 
-0.0548983262850265, 0.0629079767327753, 0.117855616627035, -0.0459870337242428, 
-0.16007539835954, 0.0325920922603187, 0.059934465182642, -0.381803864149441, 
-0.0611363566332104, -0.193653267340601, 0.0747948002070205, 
-220.547802830437, -8.28150461356839, -12.875499479707, 29.7267135294684, 
-2.01668803832082, 41.6480531747067, 0.18547659744556, 0.0867498901421209, 
0.380810703468261, 0.0239735278349472, 0.160671923721972, -0.0292306307624179, 
0.278435683042138, 0.0778690454695453, 0.143634884167477, -0.0698802844682692, 
-0.281599034790287, -0.50978162006819, 0.101560154887966, -0.140427559470231, 
-0.0672183037274421, 0.111833928267997, 0.127353071580453, -0.298992935387683, 
0.311485430795701, -0.292626729678264, -0.0177751000894437), .Dim = c(27L, 
6L), .Dimnames = list(c("1", "2", "3", "4", "5", "6", "7", "8", 
"9", "10", "11", "12", "13", "14", "15", "16", "17", "18", "19", 
"20", "21", "22", "23", "24", "25", "26", "30"), c("x1", "x2", 
"x3", "x4", "x5", "x6")), assign = 1:6), qraux = c(1.19245008972988, 
1.0066422713475, 1.29439942593498, 1.22349538305067, 1.08747000513717, 
1.04344304043028), pivot = 1:6, tol = 1e-07, rank = 6L), .Names = c("qr", 
"qraux", "pivot", "tol", "rank"), class = "qr"), df.residual = 21L, 
    xlevels = structure(list(), .Names = character(0)), call = quote(lm(formula = y ~ 
        . + 0, data = structure(list(y = c(43, 63, 71, 61, 81, 
        43, 58, 71, 72, 67, 64, 67, 69, 68, 77, 81, 74, 65, 65, 
        50, 50, 64, 53, 40, 63, 66, 82), x1 = c(1, 1, 1, 1, 1, 
        1, 1, 1, 1, 1, 1, 1, 1, 1, 1, 1, 1, 1, 1, 1, 1, 1, 1, 
        1, 1, 1, 1), x2 = c(51, 64, 70, 63, 78, 55, 67, 75, 82, 
        61, 53, 60, 62, 83, 77, 90, 85, 60, 70, 58, 40, 61, 66, 
        37, 54, 77, 82), x3 = c(30, 51, 68, 45, 56, 49, 42, 50, 
        72, 45, 53, 47, 57, 83, 54, 50, 64, 65, 46, 68, 33, 52, 
        52, 42, 42, 66, 39), x4 = c(61, 63, 76, 54, 71, 54, 66, 
        70, 71, 62, 58, 59, 55, 59, 79, 60, 79, 55, 75, 64, 43, 
        66, 63, 50, 66, 88, 64), x5 = c(92, 73, 86, 84, 83, 49, 
        68, 66, 83, 80, 67, 74, 63, 77, 77, 54, 79, 80, 85, 78, 
        64, 80, 80, 57, 75, 76, 78), x6 = c(45, 47, 48, 35, 47, 
        34, 35, 41, 31, 41, 34, 41, 25, 35, 46, 36, 63, 60, 46, 
        52, 33, 41, 37, 49, 33, 72, 39)), .Names = c("y", "x1", 
        "x2", "x3", "x4", "x5", "x6"), row.names = c("1", "2", 
        "3", "4", "5", "6", "7", "8", "9", "10", "11", "12", 
        "13", "14", "15", "16", "17", "18", "19", "20", "21", 
        "22", "23", "24", "25", "26", "30"), class = "data.frame"))), 
    terms = y ~ x1 + x2 + x3 + x4 + x5 + x6 + 0, model = structure(list(
        y = c(43, 63, 71, 61, 81, 43, 58, 71, 72, 67, 64, 67, 
        69, 68, 77, 81, 74, 65, 65, 50, 50, 64, 53, 40, 63, 66, 
        82), x1 = c(1, 1, 1, 1, 1, 1, 1, 1, 1, 1, 1, 1, 1, 1, 
        1, 1, 1, 1, 1, 1, 1, 1, 1, 1, 1, 1, 1), x2 = c(51, 64, 
        70, 63, 78, 55, 67, 75, 82, 61, 53, 60, 62, 83, 77, 90, 
        85, 60, 70, 58, 40, 61, 66, 37, 54, 77, 82), x3 = c(30, 
        51, 68, 45, 56, 49, 42, 50, 72, 45, 53, 47, 57, 83, 54, 
        50, 64, 65, 46, 68, 33, 52, 52, 42, 42, 66, 39),