
expected <- structure(list(coefficients = structure(c(1.99080912235818, 0.559722593708728, 
0.153643061051769, 0.2160279440704, 0.124399352193328, 0.0795585286844069, 
-0.190680332869382), .Names = c("x1", "x2", "x3", "x4", "x5", 
"x6", "x7")), residuals = structure(c(-9.20281911121477, -0.994676144111982, 
-2.05420298596151, 0.106389638903821, 7.70531027071395, -8.48380393656084, 
-6.98932187783058, -7.87599480146385, 7.5393130596768, 0.999446056189948, 
11.1387376177905, 8.1566338860358, -5.25752401782341, -0.966163060396431, 
-2.26321237799265, -5.48162668170322, 5.46583337559649, -5.44219602052324, 
6.5983600439369, 1.26222567300279, -8.48985850897237, -5.24564469864124, 
7.92074175903769, 3.54759833343893, -5.92741847210572, 7.12668427499322, 
7.10718870598504), .Names = c("1", "2", "3", "4", "5", "6", "7", 
"9", "10", "11", "12", "13", "14", "15", "16", "17", "18", "20", 
"21", "22", "23", "24", "25", "27", "28", "29", "30")), effects = structure(c(-334.285805860793, 
-54.1626149974308, -11.8118012779796, 7.64420778004434, 3.78574054238276, 
1.60881002965973, -6.57504957779553, -5.90819726697522, 9.47330315712254, 
2.41492283797555, 13.3745630727225, 10.789869487507, -5.72626158175437, 
2.8549023327377, -3.67628223495061, -4.05641681104882, 0.800561997722474, 
-3.72443031264837, 6.89315370399749, 3.40445002057093, -6.28193745746758, 
-5.19599916750313, 13.4075803404488, 7.68182630260492, -7.16906207448187, 
9.20933977993437, 6.96810001713026), .Names = c("x1", "x2", "x3", 
"x4", "x5", "x6", "x7", "", "", "", "", "", "", "", "", "", "", 
"", "", "", "", "", "", "", "", "", "")), rank = 7L, fitted.values = structure(c(52.2028191112148, 
63.994676144112, 73.0542029859615, 60.8936103610962, 73.294689729286, 
51.4838039365608, 64.9893218778306, 79.8759948014639, 59.4606869403232, 
63.0005539438101, 55.8612623822095, 60.8433661139642, 73.2575240178234, 
77.9661630603964, 83.2632123779927, 79.4816266817032, 59.5341666244035, 
55.4421960205232, 43.4016399560631, 62.7377743269972, 61.4898585089724, 
45.2456446986412, 55.0792582409623, 74.4524016665611, 53.9274184721057, 
77.8733157250068, 74.892811294015), .Names = c("1", "2", "3", 
"4", "5", "6", "7", "9", "10", "11", "12", "13", "14", "15", 
"16", "17", "18", "20", "21", "22", "23", "24", "25", "27", "28", 
"29", "30")), assign = 1:7, qr = structure(list(qr = structure(c(-5.19615242270663, 
0.192450089729875, 0.192450089729875, 0.192450089729875, 0.192450089729875, 
0.192450089729875, 0.192450089729875, 0.192450089729875, 0.192450089729875, 
0.192450089729875, 0.192450089729875, 0.192450089729875, 0.192450089729875, 
0.192450089729875, 0.192450089729875, 0.192450089729875, 0.192450089729875, 
0.192450089729875, 0.192450089729875, 0.192450089729875, 0.192450089729875, 
0.192450089729875, 0.192450089729875, 0.192450089729875, 0.192450089729875, 
0.192450089729875, 0.192450089729875, -341.791359360259, -70.2329457353646, 
0.0940757185871527, -0.00559260554061164, 0.207982374733169, 
-0.119499261686628, 0.0513607225323965, 0.264935702806177, -0.0340692695771157, 
-0.147975925723132, -0.0483076015953678, -0.0198309375588637, 
0.279174034824429, 0.193744042714917, 0.378842358952194, 0.307650698860933, 
-0.0483076015953678, -0.0767842656318719, -0.333074241960409, 
-0.0340692695771157, 0.0371223905141445, -0.375789238015165, 
-0.13373759370488, 0.165267378678413, -0.0910225976501239, 0.307650698860933, 
0.264935702806177, -255.958619340734, -21.5647448600882, -65.4992134632507, 
-0.0666686186918621, -0.170990991698171, -0.170828376303966, 
-0.129093931680334, -0.0960100745332139, -0.0354559621976261, 
0.60848486658116, -0.073285390121286, 0.06344290134978, -0.0734480055154905, 
0.157596194120646, 0.0844864776085733, 0.170151798297131, -0.119087466839096, 
-0.194746322686416, 0.193039098103264, -0.0812580389154357, -0.304329589757423, 
0.323828556827269, -0.208657804227626, -0.0707362507860391, -0.232575750610076, 
-0.119928020915663, -0.141812151251024, -291.754336030491, -37.5876144912945, 
-15.1359931537969, 48.0154178937292, -0.180606016363694, 0.0193066787119432, 
-0.0758401242340812, -0.120603870573687, 0.0890341127556296, 
0.0783750574391872, 0.226303247480809, 0.251749161681816, 0.359616851412133, 
-0.159482999020346, -0.0484606022033734, -0.00113057434412939, 
-0.545384287066011, -0.166712799175976, 0.233289583466978, -0.245293904344554, 
-0.0460093622282438, -0.237630646545528, -0.0933439108180981, 
-0.332918855223343, -0.00861702076286181, -0.181663486333996, 
0.0240809171486363, -328.319853079167, -33.1911339714365, -3.25111336050085, 
16.7961649991297, 31.6503049432926, 0.0797391276322291, -0.0383339612324221, 
0.0704719040281748, -0.085247574454067, 0.158578061171596, -0.116453849424355, 
0.0701783141389292, 0.13083392689457, -0.138875293589228, 0.549872109628354, 
-0.128055208117892, 0.542705975108543, -0.0677268777692135, 0.181199551011649, 
0.00996694892281829, -0.0419378906699827, 0.296948334969202, 
-0.247577302655868, -0.157986515602965, 0.202201325315641, -0.0395224764258268, 
0.172414810156057, -387.979380895428, -10.5506040255248, 12.8274479367348, 
3.35137061763925, 21.1022759393217, 43.8589055870171, 0.24480098690127, 
-0.114818469339971, -0.0214876224119709, 0.106044485871673, 0.137107590380185, 
0.309981903821609, 0.0283959523612352, 0.0652467585489902, 0.368227775264397, 
0.0397434804081484, -0.291996086966164, 0.0108708896314203, 0.188818149209839, 
-0.0736836377046532, -0.0111597540490128, 0.257677448596913, 
0.14526475678915, 0.0565262362600127, -0.193976271036354, 0.136372691527294, 
-0.0262315905312506, -217.276151305029, -8.12850554553101, -4.74825775255459, 
26.6651852099585, 9.59932724767571, 9.86226497642975, 34.4820542257996, 
0.51597876728646, -0.0270968944124718, 0.176640304083632, -0.191129409327077, 
0.187106969419213, -0.0694161259135037, 0.171219195705895, 0.111384049089281, 
-0.414185907036439, -0.182854672675836, -0.185749563409976, -0.121313163840132, 
0.239277954631426, 0.15667659797893, -0.210869984527561, 0.302627408073846, 
0.183802394212115, 0.0281250119874234, -0.141598932338047, 0.0900566009921609
), .Dim = c(27L, 7L), .Dimnames = list(c("1", "2", "3", "4", 
"5", "6", "7", "9", "10", "11", "12", "13", "14", "15", "16", 
"17", "18", "20", "21", "22", "23", "24", "25", "27", "28", "29", 
"30"), c("x1", "x2", "x3", "x4", "x5", "x6", "x7")), assign = 1:7), 
    qraux = c(1.19245008972988, 1.00864572647764, 1.18287001786782, 
    1.09655596482286, 1.02699918013724, 1.61956995410614, 1.22126460444832
    ), pivot = 1:7, tol = 1e-07, rank = 7L), .Names = c("qr", 
"qraux", "pivot", "tol", "rank"), class = "qr"), df.residual = 20L, 
    xlevels = structure(list(), .Names = character(0)), call = quote(lm(formula = y ~ 
        . + 0, data = structure(list(y = c(43, 63, 71, 61, 81, 
        43, 58, 72, 67, 64, 67, 69, 68, 77, 81, 74, 65, 50, 50, 
        64, 53, 40, 63, 78, 48, 85, 82), x1 = c(1, 1, 1, 1, 1, 
        1, 1, 1, 1, 1, 1, 1, 1, 1, 1, 1, 1, 1, 1, 1, 1, 1, 1, 
        1, 1, 1, 1), x2 = c(51, 64, 70, 63, 78, 55, 67, 82, 61, 
        53, 60, 62, 83, 77, 90, 85, 60, 58, 40, 61, 66, 37, 54, 
        75, 57, 85, 82), x3 = c(45, 64, 64, 44, 45, 33, 42, 52, 
        45, 83, 42, 52, 54, 66, 68, 71, 39, 33, 49, 42, 30, 56, 
        30, 50, 30, 52, 49), x4 = c(39, 54, 69, 47, 66, 44, 56, 
        67, 47, 58, 39, 42, 45, 72, 72, 69, 75, 54, 34, 62, 50, 
        58, 48, 74, 45, 71, 59), x5 = c(61, 63, 76, 54, 71, 54, 
        66, 71, 62, 58, 59, 55, 59, 79, 60, 79, 55, 64, 43, 66, 
        63, 50, 66, 80, 51, 77, 64), x6 = c(92, 73, 86, 84, 83, 
        49, 68, 83, 80, 67, 74, 63, 77, 77, 54, 79, 80, 78, 64, 
        80, 80, 57, 75, 78, 83, 74, 78), x7 = c(45, 47, 48, 35, 
        47, 34, 35, 31, 41, 34, 41, 25, 35, 46, 36, 63, 60, 52, 
        33, 41, 37, 49, 33, 49, 38, 55, 39)), .Names = c("y", 
        "x1", "x2", "x3", "x4", "x5", "x6", "x7"),