
expected <- structure(list(coefficients = structure(c(-6.50741422583265, 
0.68368339821657, 0.0367696603869698, 0.248563662545161, 0.198376049766732, 
0.0555608484011229, -0.182770285401383), .Names = c("x1", "x2", 
"x3", "x4", "x5", "x6", "x7")), residuals = structure(c(-4.74863388016107, 
2.09052447950859, -2.44687382753172, 7.3951443663237, -9.83967019033939, 
-6.64213313099133, 0.463541073802197, -8.89429622076832, 10.6036311697823, 
9.48763981582726, 6.98923999569081, 8.55960346861081, -0.560812930985844, 
-2.67740501077368, -0.895287383529798, -1.48163541068089, -4.19690370940566, 
-3.8174913772333, -2.92862103340604, -10.3343300211509, -1.45880518155283, 
8.8765459361082, -0.196362429484393, 4.23398655357963, -5.64435560351491, 
3.99994258236428, 4.06381789991234), .Names = c("1", "3", "4", 
"5", "6", "7", "8", "9", "10", "11", "12", "13", "15", "16", 
"17", "18", "19", "20", "22", "23", "24", "25", "26", "27", "28", 
"29", "30")), effects = structure(c(-338.327257745121, -53.1510040063286, 
2.38481266822958, -8.69855043732628, -11.8829425392924, 0.369003699946136, 
7.82426654055837, -6.22929458599605, 11.1082800514522, 10.6143443202897, 
12.3275787370541, 14.9830408091089, -0.514517624983428, -1.28829207076562, 
-2.48841648366402, -1.72474042816451, -3.63647884739193, -2.90125107006723, 
-1.14022763255164, -8.23124868572048, -1.75816818669282, 10.2154628490782, 
-1.29326079341783, 2.93632046151354, -5.18176667595932, 5.7816221834313, 
4.7536620691976), .Names = c("x1", "x2", "x3", "x4", "x5", "x6", 
"x7", "", "", "", "", "", "", "", "", "", "", "", "", "", "", 
"", "", "", "", "", "")), rank = 7L, fitted.values = structure(c(47.7486338801611, 
68.9094755204914, 63.4468738275317, 73.6048556336763, 52.8396701903394, 
64.6421331309913, 70.5364589261978, 80.8942962207683, 56.3963688302177, 
54.5123601841727, 60.0107600043092, 60.4403965313892, 77.5608129309858, 
83.6774050107737, 74.8952873835298, 66.4816354106809, 69.1969037094057, 
53.8174913772333, 66.928621033406, 63.3343300211509, 41.4588051815528, 
54.1234540638918, 66.1963624294844, 73.7660134464204, 53.6443556035149, 
81.0000574176357, 77.9361821000877), .Names = c("1", "3", "4", 
"5", "6", "7", "8", "9", "10", "11", "12", "13", "15", "16", 
"17", "18", "19", "20", "22", "23", "24", "25", "26", "27", "28", 
"29", "30")), assign = 1:7, qr = structure(list(qr = structure(c(-5.19615242270663, 
0.192450089729875, 0.192450089729875, 0.192450089729875, 0.192450089729875, 
0.192450089729875, 0.192450089729875, 0.192450089729875, 0.192450089729875, 
0.192450089729875, 0.192450089729875, 0.192450089729875, 0.192450089729875, 
0.192450089729875, 0.192450089729875, 0.192450089729875, 0.192450089729875, 
0.192450089729875, 0.192450089729875, 0.192450089729875, 0.192450089729875, 
0.192450089729875, 0.192450089729875, 0.192450089729875, 0.192450089729875, 
0.192450089729875, 0.192450089729875, -348.527112500804, -64.4348651884355, 
-0.0229669383926948, 0.209826285526274, -0.147123324482811, 0.0391112546523634, 
0.16326764074248, 0.271904478571332, -0.0540060349152239, -0.17816242100534, 
-0.0695255831764885, -0.0384864866539594, 0.194306737265009, 
0.396060864661448, 0.318463123355125, -0.0695255831764885, 0.0856698994361571, 
-0.100564679699018, -0.0540060349152239, 0.0235917063910989, 
-0.426475193185573, -0.162642872744076, 0.194306737265009, 0.16326764074248, 
-0.116084227960282, 0.318463123355125, 0.271904478571332, -274.626278044532, 
-24.9910710853059, 49.1208079475144, 0.0332697122450195, -0.1175759361763, 
0.17798279240609, 0.117154307922394, -0.241440185980785, 0.0403824137808932, 
-0.224516643047355, -0.0130879396546342, -0.191158831431529, 
0.0612312441374779, 0.308470469495412, -0.0403131830102102, -0.37953142363057, 
0.134814139392708, -0.466114159169628, -0.102123385543082, -0.0383513316854092, 
-0.204649530739946, 0.0121754523761407, -0.183064411846479, -0.0457094627335769, 
0.00972274202675147, -0.182818982334185, 0.430372867975097, -299.837239799146, 
-35.2696104189331, 21.7298843053379, -39.9436645615164, -0.177617837000547, 
0.106779989075908, -0.100743421629851, -0.163450290946938, -0.103742940267717, 
0.137116691742865, -0.321904565512506, -0.400929011325126, 0.252106902281073, 
0.186143551267977, -0.0326140735118242, 0.335221351322635, 0.0498186683736243, 
-0.212714672469972, 0.17684128669816, -0.169819303439769, 0.434275378359838, 
0.0267153585700828, -0.135972710318455, 0.266418319331288, -0.103259952891661, 
-0.0774882175469095, 0.083863901372416, -346.795061693235, -6.26242512246211, 
-5.89448261413514, -10.0676555653676, -54.7344918940472, -0.109940261807386, 
0.073706350072111, 0.094341135708143, -0.192569987307873, -0.136164464960559, 
0.448515395455293, 0.10731247875628, 0.200565092869728, -0.16153839324155, 
-0.180484100446767, 0.491635459437797, 0.200411470839348, -0.121094135273296, 
0.424583834804409, 0.00102742194760667, -0.022692400582249, -0.0862792861087631, 
-0.125823963055923, -0.00605603497275611, -0.200929021757767, 
0.250262260248799, 0.0515033887096357, -390.481232061917, -5.97042769591686, 
1.69755370724668, 2.26011109235466, -4.4470660647528, 51.4586748101055, 
0.250754092500155, -0.0918610404479514, 0.029936743237405, 0.204485357295288, 
-0.133366937804173, 0.217301813490129, -0.0137085547339572, 0.658797347494886, 
0.131311391702773, -0.299854060909519, -0.190177091543035, -0.0169087080095066, 
-0.243611991019403, -0.0392186318790612, 0.289808186526668, 0.0522482522710231, 
0.122816346599292, 0.0372591238508428, -0.0431400477862425, 0.0338432630229155, 
0.081402122048445, -225.743955253144, -11.8276201693348, 20.5044038044349, 
-16.9699421678191, 4.25587499740666, 13.624117972089, -42.8092921306953, 
-0.4888560497466, -0.0190846183399334, -0.318421612747002, 0.151985550189299, 
-0.270755862998107, -0.0246482297430427, 0.0176433231589451, 
0.329400287253406, 0.0506066434209098, 0.0704975644911787, -0.0217706102755432, 
-0.156954780843134, -0.136701438295078, 0.0778648515187471, -0.199629449098455, 
0.545136889650834, -0.0542122638461571, -0.118136909443628, 0.150980126864854, 
0.0810477855591605), .Dim = c(27L, 7L), .Dimnames = list(c("1", 
"3", "4", "5", "6", "7", "8", "9", "10", "11", "12", "13", "15", 
"16", "17", "18", "19", "20", "22", "23", "24", "25", "26", "27", 
"28", "29", "30"), c("x1", "x2", "x3", "x4", "x5", "x6", "x7"
)), assign = 1:7), qraux = c(1.19245008972988, 1.08566989943616, 
1.06589123532396, 1.06552080427392, 1.00941371406904, 1.2635298950316, 
1.11294420654234), pivot = 1:7, tol = 1e-07, rank = 7L), .Names = c("qr", 
"qraux", "pivot", "tol", "rank"), class = "qr"), df.residual = 20L, 
    xlevels = structure(list(), .Names = character(0)), call = quote(lm(formula = y ~ 
        . + 0, data = structure(list(y = c(43, 71, 61, 81, 43, 
        58, 71, 72, 67, 64, 67, 69, 77, 81, 74, 65, 65, 50, 64, 
        53, 40, 63, 66, 78, 48, 85, 82), x1 = c(1, 1, 1, 1, 1, 
        1, 1, 1, 1, 1, 1, 1, 1, 1, 1, 1, 1, 1, 1, 1, 1, 1, 1, 
        1, 1, 1, 1), x2 = c(51, 70, 63, 78, 55, 67, 75, 82, 61, 
        53, 60, 62, 77, 90, 85, 60, 70, 58, 61, 66, 37, 54, 77, 
        75, 57, 85, 82), x3 = c(30, 68, 45, 56, 49, 42, 50, 72, 
        45, 53, 47, 57, 54, 50, 64, 65, 46, 68, 52, 52, 42, 42, 
        66, 58, 44, 71, 39), x4 = c(39, 69, 47, 66, 44, 56, 55, 
        67, 47, 58, 39, 42, 72, 72, 69, 75, 57, 54, 62, 50, 58, 
        48, 63, 74, 45, 71, 59), x5 = c(59, 60, 77, 62, 63, 63, 
        71, 66, 55, 55, 88, 66, 79, 63, 55, 88, 79, 50, 88, 64, 
        63, 61, 55, 66, 54, 76, 76), x6 = c(92, 86, 84, 83, 49, 
        68, 66, 83, 80, 67, 74, 63, 77, 54, 79, 80, 85, 78, 80, 
        80, 57, 75, 76, 78, 83, 74, 78), x7 = c(45, 48, 35, 47, 
        34, 35, 41, 31, 41, 34, 41, 25, 46, 36, 63, 60, 46, 52, 
        41, 37, 49, 33, 72, 49, 38, 55, 39)), .Names = c("y", 
        "x1", "x2", "x3", "x4", "x5", "x6", "x7"),