
expected <- structure(list(coefficients = structure(c(-2.62547865782615, 
0.614325461623313, 0.0224243813688194, 0.42872428410363, -0.106951061507328, 
0.241553515122826, -0.232119537516851), .Names = c("x1", "x2", 
"x3", "x4", "x5", "x6", "x7")), residuals = structure(c(-11.6562599540271, 
1.62541761233435, 2.1543761322284, -1.46882136792712, 5.45503540584997, 
-2.81155041820127, -5.63317721248653, 5.66030418501442, -9.20724033731427, 
8.30916831319019, 7.14239106596856, 10.6681143895701, 7.82304780114896, 
-2.78479340973098, -0.0881131198113891, -0.720807209638223, -4.05648717706793, 
2.57590123689644, -1.60312292031303, -3.25593271950068, 9.03620997889788, 
-4.37932105795794, -11.8552235223172, -2.0429793435471, 5.77854000680427, 
-2.24374318974593, 3.38102309762582), .Names = c("1", "2", "3", 
"4", "5", "6", "7", "8", "9", "10", "11", "12", "13", "14", "15", 
"16", "17", "18", "19", "20", "21", "22", "23", "24", "25", "26", 
"30")), effects = structure(c(260.786406449687, -210.948591467796, 
-4.70482639029852, 16.372476547871, -0.78071557881923, 12.7039788042073, 
-8.9673924420996, 3.56505060188155, -8.50510415636124, 4.56775736600882, 
5.35376527695578, 10.0875090730589, 12.5299055669703, -2.88850008908354, 
-0.248499400333321, -2.80973036509018, -5.91993105945009, -8.6711969096026, 
-5.41080735744765, -9.40006631363947, 5.03385407894607, -3.72668289666416, 
-13.067599271165, -8.3835860232875, 6.53149932225298, -2.1862523724181, 
1.14721832661713), .Names = c("x1", "x2", "x3", "x4", "x5", "x6", 
"x7", "", "", "", "", "", "", "", "", "", "", "", "", "", "", 
"", "", "", "", "", "")), rank = 7L, fitted.values = structure(c(54.6562599540271, 
61.3745823876656, 68.8456238677716, 62.4688213679271, 75.54496459415, 
45.8115504182013, 63.6331772124865, 65.3396958149856, 81.2072403373143, 
58.6908316868098, 56.8576089340314, 56.3318856104299, 61.176952198851, 
70.784793409731, 77.0881131198114, 81.7208072096382, 78.0564871770679, 
62.4240987631036, 66.603122920313, 53.2559327195007, 40.9637900211021, 
68.3793210579579, 64.8552235223172, 42.0429793435471, 57.2214599931957, 
68.2437431897459, 78.6189769023742), .Names = c("1", "2", "3", 
"4", "5", "6", "7", "8", "9", "10", "11", "12", "13", "14", "15", 
"16", "17", "18", "19", "20", "21", "22", "23", "24", "25", "26", 
"30")), assign = 1:7, qr = structure(list(qr = structure(c(7.50801345884671, 
-0.112766784460226, -0.343320387835452, -0.191951632706037, -0.176022976891036, 
-0.309845464796174, -0.188700965821112, -0.221935699252101, -0.241792284868907, 
-0.158205860423207, -0.195057615212821, -0.017744483183746, 0.0137777748184632, 
-0.280201115668954, -0.0896402689583563, -0.194214162090047, 
-0.0602865392049008, -0.38362855524241, -0.187787202399079, -0.353944700065967, 
-0.107874865411472, 0.020793509373073, -0.116196500968197, -0.179688107893319, 
-0.0441608017700026, 0.0110224795765899, -0.0440662123220107, 
273.63841709231, -217.326981047487, -0.0179016652077877, 0.0997922758586437, 
0.184587160952444, -0.0537712092286804, 0.121416921490782, 0.125314799643239, 
0.137859960639047, 0.124008658490013, 0.0507027451239636, 0.258508976446824, 
0.298928814852623, 0.104424297464317, 0.265532303313428, 0.221788408333941, 
0.331412774216102, -0.103833255305556, 0.136125923928523, -0.0836394695072233, 
0.0772238469613882, 0.301275274031163, 0.18861816529387, -0.00769831159454397, 
0.20474020487677, 0.365220613748086, 0.333672000226243, 233.90026750658, 
-146.787577355897, -49.3869617848375, -0.154842601359935, -0.123378701350732, 
-0.0828624296320078, -0.267603667569297, -0.249975879557308, 
0.0785329993794559, -0.092938482305493, 0.14227937996208, 0.103932506022286, 
0.310747515504636, 0.248456275545718, -0.0623818877791517, -0.429274955066918, 
0.0592596267313727, 0.097087774753513, -0.227169702411544, 0.215614479646621, 
0.00556501898980617, 0.230454858320895, 0.0222880744102226, 0.156406871969989, 
0.0588556903081304, 0.282753696581045, -0.388999438555439, 238.974311552703, 
-164.647976466278, -10.6418171839804, 49.3768568308534, -0.0636619234502972, 
0.115006707323515, -0.0691831018891868, 0.0997948989814564, 0.0787546783739257, 
0.0566474382317857, -0.19591976063711, 0.183188774722182, 0.199447299302371, 
0.614728479443538, -0.231613315888811, -0.0835166848510308, -0.0259724548889208, 
-0.336830900503343, -0.0308861687369506, 0.0771073960121707, 
-0.00423424324766189, -0.250081045224969, 0.0849512787223934, 
-0.448547706579917, -0.0908795250890892, -0.000319037012564418, 
-0.0184718273417089, 259.458839680916, -208.782607619218, -19.9205375196254, 
26.0724944694761, -39.2852451210488, 0.285652457932544, 0.28168094487572, 
0.284981383357156, -0.133256260462344, 0.246734178931276, 0.0204113617309356, 
0.0465298657539352, -0.277409081896206, -0.270033628974105, 0.0585828788439964, 
-0.315384520315919, -0.130953036995319, -0.19083335453142, 0.425664920724464, 
0.220955487745025, 0.14502674531886, -0.174148134410754, 0.0525228671962798, 
0.0466108972872223, 0.261074406550435, 0.0978742903231063, -0.0772033317018837, 
302.900513930766, -231.654544635382, -28.6002483683004, 24.885091221178, 
-44.5916906367053, 57.0420000052349, 0.0297260876242392, 0.226266944252341, 
-0.0708576776632312, -0.163226241485427, -0.142511128773797, 
-0.017800472705998, 0.0995625113615906, 0.0717918844641781, 0.0702676851782424, 
0.0304584475913836, 0.139457258474363, -0.581004271492926, -0.0423008558646214, 
-0.068884271656877, -0.27568006640525, -0.20741975473266, -0.128598945784469, 
-0.243949452528025, -0.0182388998012274, 0.47182856047466, -0.203588166154555, 
175.43097309579, -129.539121545856, -24.7416442572702, 34.5476362437401, 
-24.9395868801201, 4.63001442356142, 38.6326482381888, 0.00801960152929124, 
0.39282794281923, -0.0435910433108802, 0.225093759462035, -0.114582568598028, 
0.263362619651779, -0.0923082302786143, 0.210747715737639, 0.00784954927137462, 
-0.288613556350075, -0.413211825500135, 0.0401818658176547, -0.22733111797161, 
-0.101781272484174, 0.215742270745143, 0.087740215414513, -0.187287803367633, 
0.309554405072883, -0.353575276115342, -0.00451221648123947), .Dim = c(27L, 
7L), .Dimnames = list(c("1", "2", "3", "4", "5", "6", "7", "8", 
"9", "10", "11", "12", "13", "14", "15", "16", "17", "18", "19", 
"20", "21", "22", "23", "24", "25", "26", "30"), c("x1", "x2", 
"x3", "x4", "x5", "x6", "x7")), assign = 1:7), qraux = c(1.03445358112413, 
1.18281195840505, 1.06045086894888, 1.0879291620343, 1.01688281901904, 
1.22732034373288, 1.17231845639813), pivot = 1:7, tol = 1e-07, 
    rank = 7L), .Names = c("qr", "qraux", "pivot", "tol", "rank"
), class = "qr"), df.residual = 20L, xlevels = structure(list(), .Names = character(0)), 
    call = quote(lm(formula = y ~ . + 0, data = structure(list(y = c(43, 
        63, 71, 61, 81, 43, 58, 71, 72, 67, 64, 67, 69, 68, 77, 
        81, 74, 65, 65, 50, 50, 64, 53, 40, 63, 66, 82), x1 = c(-0.25867795078543, 
        0.846654535438241, 2.57765409256505, 1.44117544180453, 
        1.32158287956416, 2.32632391985229, 1.41676939108228, 
        1.66629621698333, 1.81537972904105, 1.18781172932586, 
        1.4644952002684, 0.133225818563844, -0.103443718769981, 
        2.10375374762637, 0.673020345793978, 1.45816254287071, 
        0.452632147737685, 2.88028835595793, 1.40990884301146, 
        2.65742157178274, 0.809925941380608, -0.156117948229687, 
        0.872404893140121, 1.34910073245774, 0.331559894042641, 
        -0.0827569250108997, 0.330849715194053), x2 = c(51, 64, 
        70, 63, 78, 55, 67, 75, 82, 61, 53, 60, 62, 83, 77, 90, 
        85, 60, 70, 58, 40, 61, 66, 37, 54, 77, 82), x3 = c(30, 
        51, 68, 45, 56, 49, 42, 50, 72, 45, 53, 47, 57, 83, 54, 
        50, 64, 65, 46, 68, 33, 52, 52, 42, 42, 66, 39), x4 = c(39, 
        54, 69, 47, 66, 44, 56, 55, 67, 47, 58, 39, 42, 45, 72, 
        72, 69, 75, 57, 54, 34, 62, 50, 58, 48, 63, 59),