
expected <- structure(list(coefficients = structure(c(9.6832013526101, 0.682115939321841, 
-0.0603351387931862, 0.0185562697601155, 0.279335326191142, -0.0617950970824779, 
-0.0265643221072548), .Names = c("x1", "x2", "x3", "x4", "x5", 
"x6", "x7")), residuals = structure(c(-10.8962352115604, 0.0648781460592578, 
2.19642121330701, 0.75895610743935, 6.69917976729195, -13.4352682266453, 
-9.39847718504034, -4.37761330445982, 5.91204853942821, 8.96115568252989, 
7.77587078473868, 8.78632487028659, -5.25286328754842, 1.09251465889905, 
-0.154660856913982, -6.31577168607634, 8.14959903942892, -7.98827994445007, 
6.74849055544347, 2.43972844333733, -11.2391025631275, -2.4023539495302, 
5.21959245670874, 3.09633308592568, -7.03732296168811, 5.05097352678724, 
5.54588229942902), .Names = c("1", "2", "3", "4", "5", "6", "7", 
"9", "10", "11", "12", "13", "14", "15", "16", "17", "18", "20", 
"21", "22", "23", "24", "25", "27", "28", "29", "30")), effects = structure(c(-334.285805860793, 
-54.1626149974308, 2.33757936933778, 0.011354712260214, -8.29949894156212, 
-2.81155756317913, -1.04589649567989, -1.48455798464386, 7.40707567147748, 
13.2087368530265, 10.3697622869589, 15.3727094700989, -1.38202591285972, 
2.08477103439863, 6.6641080781933, -7.6862384736693, 7.44808684616093, 
-7.73446520888671, 11.7674992390121, 3.85757232510875, -8.96801433325698, 
1.01951421458862, 8.1711014437043, 3.33877419999262, -5.05020249202057, 
5.60576837557255, 8.06044733106035), .Names = c("x1", "x2", "x3", 
"x4", "x5", "x6", "x7", "", "", "", "", "", "", "", "", "", "", 
"", "", "", "", "", "", "", "", "", "")), rank = 7L, fitted.values = structure(c(53.8962352115604, 
62.9351218539407, 68.803578786693, 60.2410438925606, 74.300820232708, 
56.4352682266453, 67.3984771850403, 76.3776133044598, 61.0879514605718, 
55.0388443174701, 59.2241292152613, 60.2136751297134, 73.2528632875484, 
75.907485341101, 81.154660856914, 80.3157716860763, 56.8504009605711, 
57.9882799444501, 43.2515094445565, 61.5602715566627, 64.2391025631275, 
42.4023539495302, 57.7804075432913, 74.9036669140743, 55.0373229616881, 
79.9490264732128, 76.454117700571), .Names = c("1", "2", "3", 
"4", "5", "6", "7", "9", "10", "11", "12", "13", "14", "15", 
"16", "17", "18", "20", "21", "22", "23", "24", "25", "27", "28", 
"29", "30")), assign = 1:7, qr = structure(list(qr = structure(c(-5.19615242270663, 
0.192450089729875, 0.192450089729875, 0.192450089729875, 0.192450089729875, 
0.192450089729875, 0.192450089729875, 0.192450089729875, 0.192450089729875, 
0.192450089729875, 0.192450089729875, 0.192450089729875, 0.192450089729875, 
0.192450089729875, 0.192450089729875, 0.192450089729875, 0.192450089729875, 
0.192450089729875, 0.192450089729875, 0.192450089729875, 0.192450089729875, 
0.192450089729875, 0.192450089729875, 0.192450089729875, 0.192450089729875, 
0.192450089729875, 0.192450089729875, -341.791359360259, -70.2329457353646, 
0.0940757185871527, -0.00559260554061164, 0.207982374733169, 
-0.119499261686628, 0.0513607225323965, 0.264935702806177, -0.0340692695771157, 
-0.147975925723132, -0.0483076015953678, -0.0198309375588637, 
0.279174034824429, 0.193744042714917, 0.378842358952194, 0.307650698860933, 
-0.0483076015953678, -0.0767842656318719, -0.333074241960409, 
-0.0340692695771157, 0.0371223905141445, -0.375789238015165, 
-0.13373759370488, 0.165267378678413, -0.0910225976501239, 0.307650698860933, 
0.264935702806177, -275.588528493181, -36.3393873843611, -52.8621971496863, 
-0.0777165698770799, -0.0219221343711548, 0.0791752168329003, 
-0.175079573263807, 0.240139952845125, -0.057410733231322, 0.175149493605607, 
-0.00942359484496873, 0.159441668826645, 0.438075244871355, -0.0496034361117502, 
-0.257259814436125, 0.0583443176225902, 0.331084385726301, 0.40814155246727, 
-0.0712047688317108, 0.0750090369908383, 0.0242444453764436, 
0.129507976422561, -0.0430916350663811, 0.0463708406609564, -0.0357161699715435, 
0.190764087844751, -0.384124678202203, -295.988238004548, -2.40311403730277, 
-8.63962093390601, -55.4666111819092, 0.303450817846706, -0.0382887005901709, 
0.180529296452776, 0.214669164074351, 0.151907694933513, 0.158552844119447, 
-0.425753939783824, -0.180312972266767, 0.170225340198627, -0.150748702322069, 
-0.360460546658392, -0.000833231527204426, 0.271672605854691, 
0.107251883099605, -0.0267810681340633, -0.0596437894793225, 
-0.049104049138197, -0.243286429365789, -0.207451312205962, 0.298496941027817, 
-0.0555265871067762, 0.0941059752659992, 0.137978109643111, -328.319853079167, 
-33.1911339714365, -4.23117750984152, -0.39424322072993, -35.7262425805926, 
-0.167484193581978, 0.125082616614775, -0.0561815507898189, 0.0509388636191346, 
-0.026792881135502, -0.12928342576571, -0.279950572306378, -0.474059246941096, 
0.263941732639908, -0.408981502409808, 0.149462534375019, -0.233002528115445, 
-0.00558339515679249, -0.229033650487769, 0.087119989852882, 
-0.0452487298487399, -0.091381010063764, 0.191919821549948, 0.361957350536446, 
-0.244918360663162, 0.0678452632633003, -0.0705803433366363, 
-387.979380895428, -10.5506040255248, -3.0821807510087, -17.6084939728742, 
-18.5437041197491, 43.3734584053559, 0.317467284322195, 0.0338391170631923, 
0.0125768516044965, 0.317557917737718, -0.168138134006242, 0.179878388892739, 
0.0428723009722065, 0.0544918465099036, 0.232263400270889, 0.0723445978653028, 
0.039647697407213, 0.10438615379375, 0.155442138881356, -0.0440285012235216, 
-0.0870283319029688, 0.302073566567931, 0.0047279664588095, 0.28529524148528, 
-0.260648608314114, 0.227500674741719, -0.0144565414618377, -217.276151305029, 
-8.12850554553101, -11.28973643718, -2.35713058701802, -20.1094040633193, 
4.94236177709514, 39.3722260804182, 0.395310273198193, 0.0186328669996794, 
0.14389241884468, 0.0038916496033761, 0.318837585635845, 0.135197715581279, 
0.100910627195672, -0.0253704791070268, -0.337261272121432, -0.515297740167966, 
-0.170422561664756, -0.0380030563909633, 0.104726267043673, 0.147162695578707, 
-0.325612053990929, 0.300381726680513, 0.0285846206542156, -0.0202227646130346, 
-0.1678347193686, 0.00323826013419729), .Dim = c(27L, 7L), .Dimnames = list(
    c("1", "2", "3", "4", "5", "6", "7", "9", "10", "11", "12", 
    "13", "14", "15", "16", "17", "18", "20", "21", "22", "23", 
    "24", "25", "27", "28", "29", "30"), c("x1", "x2", "x3", 
    "x4", "x5", "x6", "x7")), assign = 1:7), qraux = c(1.19245008972988, 
1.00864572647764, 1.28630653259272, 1.26429677620151, 1.09254206262117, 
1.5777054769644, 1.15444454282383), pivot = 1:7, tol = 1e-07, 
    rank = 7L), .Names = c("qr", "qraux", "pivot", "tol", "rank"
), class = "qr"), df.residual = 20L, xlevels = structure(list(), .Names = character(0)), 
    call = quote(lm(formula = y ~ . + 0, data = structure(list(y = c(43, 
        63, 71, 61, 81, 43, 58, 72, 67, 64, 67, 69, 68, 77, 81, 
        74, 65, 50, 50, 64, 53, 40, 63, 78, 48, 85, 82), x1 = c(1, 
        1, 1, 1, 1, 1, 1, 1, 1, 1, 1, 1, 1, 1, 1, 1, 1, 1, 1, 
        1, 1, 1, 1, 1, 1, 1, 1), x2 = c(51, 64, 70, 63, 78, 55, 
        67, 82, 61, 53, 60, 62, 83, 77, 90, 85, 60, 58, 40, 61, 
        66, 37, 54, 75, 57, 85, 82), x3 = c(30, 51, 68, 45, 56, 
        49, 42, 72, 45, 53, 47, 57, 83, 54, 50, 64, 65, 68, 33, 
        52, 52, 42, 42, 58, 44, 71, 39), x4 = c(58, 45, 45, 72, 
        72, 56, 67, 66, 66, 67, 34, 47, 63, 47, 34, 54, 72, 63, 
        59, 54, 54, 47, 47, 72, 55, 59, 63), x5 = c(61, 63, 76, 
        54, 71, 54, 66, 71, 62, 58, 59, 55, 59, 79, 60, 79, 55, 
        64, 43, 66, 63, 50, 66, 80, 51, 77, 64), x6 = c(92, 73, 
        86, 84, 83, 49, 68, 83, 80, 67, 74, 63, 77, 77, 54, 79, 
        80, 78, 64, 80, 80, 57, 75, 78, 83, 74, 78), x7 = c(45, 
        47, 48, 35, 47, 34, 35, 31, 41, 34, 41, 25, 35, 46, 36, 
        63, 60, 52, 33, 41, 37, 49, 33, 49, 38, 55, 39)), .Names = c("y", 
        "x1", "x2", "x3", "x4", "x5", "x6", "x7"),