
expected <- structure(list(coefficients = structure(c(13.807459740937, 0.591718692233095, 
-0.127243096120254, 0.299220639097228, 0.17525490813085, 0.0862524113313847, 
-0.374361431867002), .Names = c("x1", "x2", "x3", "x4", "x5", 
"x6", "x7")), residuals = structure(c(-6.1634235262543, -0.378846324822518, 
-1.02508295953671, -1.77499934709687, 6.66295833939314, -13.2805182728925, 
1.88837733244583, -7.81184257550215, 6.59757700885008, 9.99012452564058, 
8.62287277806541, -6.41068267101912, -0.817477800844667, -1.15838305775336, 
-2.47987067130351, 4.76904008038901, -2.3947336811987, -4.1097356126678, 
6.61058346589929, -0.319321248929201, -2.6653317867376, 5.33887081862634, 
-1.90008135123586, -0.534037352478484, -9.27287377253966, 6.72651323744667, 
5.29032442605668), .Names = c("1", "2", "3", "4", "5", "6", "8", 
"9", "10", "12", "13", "14", "15", "16", "17", "18", "19", "20", 
"21", "22", "24", "25", "26", "27", "28", "29", "30")), effects = structure(c(-339.4819582835, 
54.8283956586102, -0.933590948628904, 7.72267541739733, -0.107592611151073, 
1.39822999642216, 12.3630140347803, -5.9901556985473, 7.96665125470598, 
11.9539528324103, 12.6562127041306, -6.25308711672514, 2.86334126283568, 
-0.515987860113311, -2.39262674517097, -1.64774253892586, 0.0560914680712907, 
-4.50062596817872, 7.89644878116375, 1.12088390024579, -2.42560058650881, 
10.3735733934029, 1.29163538959475, 3.25477169670371, -11.1357121272562, 
7.92133581956544, 5.26458537897621), .Names = c("x1", "x2", "x3", 
"x4", "x5", "x6", "x7", "", "", "", "", "", "", "", "", "", "", 
"", "", "", "", "", "", "", "", "", "")), rank = 7L, fitted.values = structure(c(49.1634235262543, 
63.3788463248225, 72.0250829595367, 62.7749993470969, 74.3370416606069, 
56.2805182728925, 69.1116226675542, 79.8118425755021, 60.4024229911499, 
57.0098754743594, 60.3771272219346, 74.4106826710191, 77.8174778008447, 
82.1583830577534, 76.4798706713035, 60.230959919611, 67.3947336811987, 
54.1097356126678, 43.3894165341007, 64.3193212489292, 42.6653317867376, 
57.6611291813737, 67.9000813512359, 78.5340373524785, 57.2728737725397, 
78.2734867625533, 76.7096755739433), .Names = c("1", "2", "3", 
"4", "5", "6", "8", "9", "10", "12", "13", "14", "15", "16", 
"17", "18", "19", "20", "21", "22", "24", "25", "26", "27", "28", 
"29", "30")), assign = 1:7, qr = structure(list(qr = structure(c(-5.19615242270663, 
0.192450089729875, 0.192450089729875, 0.192450089729875, 0.192450089729875, 
0.192450089729875, 0.192450089729875, 0.192450089729875, 0.192450089729875, 
0.192450089729875, 0.192450089729875, 0.192450089729875, 0.192450089729875, 
0.192450089729875, 0.192450089729875, 0.192450089729875, 0.192450089729875, 
0.192450089729875, 0.192450089729875, 0.192450089729875, 0.192450089729875, 
0.192450089729875, 0.192450089729875, 0.192450089729875, 0.192450089729875, 
0.192450089729875, 0.192450089729875, -348.719562590534, 70.3467601717852, 
-0.0780287364412797, 0.0214783337195374, -0.191751102339356, 
0.135200699617614, -0.149105215127578, -0.248612285288395, 0.0499089251940565, 
0.0641242209313161, 0.035693629456797, -0.262827581025654, -0.177535806602097, 
-0.362334651186471, -0.291258172500173, 0.0641242209313161, -0.0780287364412797, 
0.0925548124058353, 0.348430135676508, 0.0499089251940565, 0.391076022888286, 
0.149415995354874, -0.177535806602097, -0.149105215127578, 0.106770108143095, 
-0.291258172500173, -0.248612285288395, -268.275425083446, 12.0845808539748, 
62.3879732150359, 0.0975594121982185, 0.0327832953439322, 0.262473681400176, 
-0.0856970701884856, -0.338190985630089, 0.082687423259505, 0.155395080560438, 
-0.214422458998239, 0.262308031939411, 0.153577143707039, 0.0258428468518654, 
0.341294942294356, 0.123337619852322, -0.122877042535269, -0.276223897583782, 
0.0547613822354771, -0.0775998802810743, -0.0637189832969407, 
-0.241852954044977, 0.281806986539502, 0.41119357078731, 0.101029636444252, 
0.213065099461893, 0.158699655345707, -293.87128701752, 38.6703428372584, 
-3.00954365779856, 49.4592144952522, -0.0909759121398317, 0.168365088826613, 
0.064264312402274, -0.17477190838131, 0.121390895660159, 0.29323424390267, 
0.147425720410769, 0.454839101245509, -0.188273076811214, -0.0828369773804335, 
0.0143676286404595, -0.443918879137451, -0.0417117995422339, 
-0.156910100194719, 0.146093626325451, -0.228292622728353, -0.406319927244099, 
-0.0694676953955305, 0.0308176997757393, -0.176040279630868, 
0.123318250183949, -0.0631923923241624, 0.130827842700254, -337.172557206741, 
36.836569687152, -0.100429867419775, 17.0015162680376, 37.9298320425974, 
0.087777108970698, -0.0616373444808475, 0.10560728425281, -0.0480595432553945, 
-0.0748334872245804, 0.069264036002918, 0.173413089767702, -0.0599812581692765, 
0.531202744631358, -0.0323596242922639, 0.485266980853363, -0.206111441222823, 
-0.0476579827456953, 0.133594494354857, 0.0303638863892453, 0.226525034418244, 
-0.204321028156052, -0.406378715041128, -0.0659128282412078, 
0.188060220000647, 0.0408482181966686, 0.207637204701908, -390.288781972187, 
8.70923785502774, 9.51887986533282, 2.51099022545465, 19.1348125144725, 
46.516240678759, 0.326578907629182, -0.0704073818119601, -0.0399901581302718, 
0.103388769987003, 0.308187162190043, 0.0608883437489159, 0.0665389041398573, 
0.438393627280703, 0.0542427425601738, -0.261904381528078, -0.0623574228468006, 
-0.0137913778386315, 0.162435621253103, -0.0847538357888489, 
0.233333713076465, 0.0898764065445368, 0.21048494371989, 0.0272308182684604, 
-0.197712107415755, 0.138306861466918, 0.0040139495364709, -227.476006060713, 
10.7846710326676, -18.9708110443115, 27.4406485606764, 22.4526482843682, 
6.98231095857248, -33.024272754605, -0.358892231684981, -0.0522266301779324, 
0.0986383522601968, -0.150549535994006, 0.0965280536040562, -0.291324561982871, 
0.0593294061091128, 0.298447557492323, 0.23883527165241, -0.0805008665957681, 
0.244513431717958, -0.00205041851759781, -0.261681911378068, 
0.0927201625733866, -0.33153170122822, 0.435044908309814, -0.359511504694508, 
-0.0185061569281471, 0.132399299495326, -0.0323275762378325), .Dim = c(27L, 
7L), .Dimnames = list(c("1", "2", "3", "4", "5", "6", "8", "9", 
"10", "12", "13", "14", "15", "16", "17", "18", "19", "20", "21", 
"22", "24", "25", "26", "27", "28", "29", "30"), c("x1", "x2", 
"x3", "x4", "x5", "x6", "x7")), assign = 1:7), qraux = c(1.19245008972988, 
1.00726303798228, 1.06946772171343, 1.14760639693827, 1.07770788553394, 
1.5530020625403, 1.03955162762606), pivot = 1:7, tol = 1e-07, 
    rank = 7L), .Names = c("qr", "qraux", "pivot", "tol", "rank"
), class = "qr"), df.residual = 20L, xlevels = structure(list(), .Names = character(0)), 
    call = quote(lm(formula = y ~ . + 0, data = structure(list(y = c(43, 
        63, 71, 61, 81, 43, 71, 72, 67, 67, 69, 68, 77, 81, 74, 
        65, 65, 50, 50, 64, 40, 63, 66, 78, 48, 85, 82), x1 = c(1, 
        1, 1, 1, 1, 1, 1, 1, 1, 1, 1, 1, 1, 1, 1, 1, 1, 1, 1, 
        1, 1, 1, 1, 1, 1, 1, 1), x2 = c(51, 64, 70, 63, 78, 55, 
        75, 82, 61, 60, 62, 83, 77, 90, 85, 60, 70, 58, 40, 61, 
        37, 54, 77, 75, 57, 85, 82), x3 = c(65, 33, 52, 47, 58, 
        33, 64, 83, 47, 42, 66, 46, 50, 64, 42, 44, 64, 68, 39, 
        57, 45, 64, 42, 33, 44, 50, 52), x4 = c(39, 54, 69, 47, 
        66, 44, 55, 67, 47, 39, 42, 45, 72, 72, 69, 75, 57, 54, 
        34, 62, 58, 48, 63, 74, 45, 71, 59), x5 = c(61, 63, 76, 
        54, 71, 54, 70, 71, 62, 59, 55, 59, 79, 60, 79, 55, 75, 
        64, 43, 66, 50, 66, 88, 80, 51, 77, 64), x6 = c(92, 73, 
        86, 84, 83, 49, 66, 83, 80, 74, 63, 77, 77, 54, 79, 80, 
        85, 78, 64, 80, 57, 75, 76, 78, 83, 74, 78), x7 = c(45, 
        47, 48, 35, 47, 34, 41, 31, 41, 41, 25, 35, 46, 36, 63, 
        60, 46, 52, 33, 41, 49, 33, 72, 49, 38, 55, 39)), .Names = c("y", 
        "x1", "x2", "x3", "x4", "x5", "x6", "x7"),