
expected <- structure(list(coefficients = structure(c(0.533932724218663, 
0.682826981491153, -0.129827152036223, 0.36929557858046, -0.0311405811803112, 
0.126652264181203, -0.0881883966752582), .Names = c("x1", "x2", 
"x3", "x4", "x5", "x6", "x7")), residuals = structure(c(-8.81218886654593, 
2.76126557919409, 1.40104775298138, 0.401727514613083, 4.58909576800536, 
-6.95668994732117, -6.54258666054822, 2.88773091383337, -5.5853461718665, 
8.91965547666455, 8.77044905218499, 12.99261554192, -0.333498676420374, 
0.767830110145449, -3.31801590361565, -4.63728045237569, -3.11236284897918, 
-3.94648428323824, 10.1267430079945, 1.35586876970346, -10.0469610600907, 
-3.22145656814094, -2.66630979951741, 2.58478137292313, -7.85445891288881, 
6.34508181728714, 4.72821202218114), .Names = c("1", "2", "3", 
"4", "5", "6", "7", "8", "9", "10", "11", "12", "14", "15", "16", 
"17", "19", "20", "21", "22", "23", "24", "26", "27", "28", "29", 
"30")), effects = structure(c(-295.426656161738, -167.553992534808, 
1.47341002284638, 16.3414389620639, 1.90064473246291, 7.55106720908541, 
-2.8520064082615, 6.033256347874, -4.90986468266985, 9.88260646791142, 
9.18736433045297, 15.4825693766258, -0.638178113623706, 3.52483200698298, 
-5.30252602137189, -3.52789079097881, 0.831446026967352, -6.4838363361643, 
9.80358608859619, 1.15886217652546, -7.10606266710961, -6.4372775638745, 
1.06300515005552, 5.8426731133026, -10.1510495618835, 7.5762517308254, 
3.64105485143174), .Names = c("x1", "x2", "x3", "x4", "x5", "x6", 
"x7", "", "", "", "", "", "", "", "", "", "", "", "", "", "", 
"", "", "", "", "", "")), rank = 7L, fitted.values = structure(c(51.8121888665459, 
60.2387344208059, 69.5989522470186, 60.5982724853869, 76.4109042319946, 
49.9566899473212, 64.5425866605482, 68.1122690861666, 77.5853461718665, 
58.0803445233354, 55.229550947815, 54.00738445808, 68.3334986764204, 
76.2321698898545, 84.3180159036157, 78.6372804523757, 68.1123628489792, 
53.9464842832382, 39.8732569920055, 62.6441312302965, 63.0469610600907, 
43.2214565681409, 68.6663097995174, 75.4152186270769, 55.8544589128888, 
78.6549181827129, 77.2717879778189), .Names = c("1", "2", "3", 
"4", "5", "6", "7", "8", "9", "10", "11", "12", "14", "15", "16", 
"17", "19", "20", "21", "22", "23", "24", "26", "27", "28", "29", 
"30")), assign = 1:7, qr = structure(list(qr = structure(c(-8.56853084323853, 
0.0170768883092739, 0.187004129742277, 0.0426003422662189, 0.413311939780087, 
0.21590443230363, 0.0207398401064847, 0.112974779512904, 0.137916039876928, 
0.071581661621441, 0.17929410162048, 0.178767596547011, 0.215928201276137, 
0.183698621289181, 0.211946310047943, 0.313654623608421, 0.188729825253593, 
-0.0155798984368047, 0.094412995832037, 0.084194815147404, 0.297104648248246, 
0.141974605213923, 0.187095710925122, 0.292654159289104, 0.0993668893230406, 
0.32530695169502, 0.0236640215220818, -310.004879005987, -178.17119574298, 
0.0640314429899528, 0.278679268849533, -0.289033060495161, -0.0709787961613419, 
0.339571555712252, 0.222275886933977, 0.217704422352398, 0.216490094091614, 
-0.017824226705992, 0.0223896955808359, 0.0861316316878302, 0.109132277784699, 
0.132421894127033, -0.0744963560817183, 0.060996785658863, 0.352927058751221, 
0.0584767353861768, 0.194309704466254, -0.152032026010439, -0.0419986933215531, 
0.103158452796178, -0.0936925695567577, 0.145179102606662, -0.0949871220484766, 
0.418618038235848, -244.126128742596, -131.422528199955, -54.1161006234324, 
-0.0467644621893898, -0.0655615155971651, 0.132267339488254, 
-0.157084790390629, -0.123902427402531, 0.184315587355932, -0.019970409509792, 
0.235330905437985, 0.027056974967032, 0.370864927316529, -0.0803601581409385, 
-0.336212275490759, -0.0115741834628034, -0.130950964810191, 
0.44992179647268, 0.0497248982944363, 0.108928374215532, 0.031700370646431, 
0.256078283620737, 0.141263373064987, 0.017478442222657, 0.0162220999678808, 
0.117359088291208, -0.421383465625889, -259.5822733147, -141.196946364258, 
-12.7637588853993, 46.2120349832864, -0.0350045692899015, 0.0922338918537462, 
-0.105110684612113, 0.0830212177444738, 0.0750872888516542, 0.0485627149283531, 
-0.208767986051335, 0.239131331203065, 0.656282388714531, -0.221848692612774, 
-0.0957684306544374, 0.0296326821747854, -0.039239097352502, 
0.0242746861225752, -0.00434842189564579, -0.221460917790268, 
0.124864321816454, -0.484636597516269, 0.0640561675464504, -0.24406306350633, 
0.0409757899273889, 0.040794879582234, -0.0162374237682124, -297.1762453928, 
-165.144056427599, -17.2751590435194, 27.6547484600027, 37.4633630165707, 
0.0246151026625259, -0.0643182433876581, -0.0675323847316775, 
0.25617860861009, -0.142093772219997, 0.150689728875737, -0.17302356175757, 
0.255071751555099, 0.0442845746182237, 0.656294807432524, 0.130383955553389, 
-0.197758610135023, -0.0483146347988686, -0.0737366885801961, 
0.0431635532206278, 0.0173994378202543, 0.182550843857085, -0.315082215711506, 
0.082164362197363, 0.087651064901987, 0.245484382527671, 0.159410125973452, 
-328.749345943905, -198.859858573736, -25.1871339787188, 18.1253679762203, 
48.2769193279874, 60.2664298540431, 0.118059169212149, 0.324147315018938, 
0.0513922767809146, -0.0780800242533119, -0.093833684345408, 
0.0567706808423303, 0.222701955043363, 0.146631870204862, 0.199517741031746, 
0.236306796465715, 0.0381612480737156, -0.00680577956314418, 
-0.219757232685419, -0.148667602551903, -0.0405344853511721, 
-0.232168001598433, 0.506972768384756, 0.128447132667154, -0.357198936795021, 
0.283546490289897, -0.0487228087615472, -197.067336366284, -104.669916795307, 
-20.5618839263554, 24.4804902881395, 34.5522271148157, 0.927702386381479, 
32.3399281060027, 0.141202149575991, 0.450749851883419, 0.0475696575043358, 
0.200861308712623, -0.036088941557828, -0.0142393774565137, 0.229519167896205, 
-0.0865314491268693, -0.353940119909803, 0.180690671754939, -0.220701037810486, 
-0.0801179844242994, 0.15746701911596, 0.160652764806999, -0.370915115395065, 
-0.342935954555567, 0.178470791459022, -0.117843422215451, -0.166235716432741, 
0.0137375873869397), .Dim = c(27L, 7L), .Dimnames = list(c("1", 
"2", "3", "4", "5", "6", "7", "8", "9", "10", "11", "12", "14", 
"15", "16", "17", "19", "20", "21", "22", "23", "24", "26", "27", 
"28", "29", "30"), c("x1", "x2", "x3", "x4", "x5", "x6", "x7"
)), assign = 1:7), qraux = c(1.15220588204642, 1.32917516417804, 
1.27564433359108, 1.06823485178812, 1.23607884119579, 1.28662404981361, 
1.28320613125988), pivot = 1:7, tol = 1e-07, rank = 7L), .Names = c("qr", 
"qraux", "pivot", "tol", "rank"), class = "qr"), df.residual = 20L, 
    xlevels = structure(list(), .Names = character(0)), call = quote(lm(formula = y ~ 
        . + 0, data = structure(list(y = c(43, 63, 71, 61, 81, 
        43, 58, 71, 72, 67, 64, 67, 68, 77, 81, 74, 65, 50, 50, 
        64, 53, 40, 66, 78, 48, 85, 82), x1 = c(1.30418079483706, 
        0.146323844184553, 1.60235065350968, 0.365022346640615, 
        3.54147610388442, 1.84998378738556, 0.17770995963625, 
        0.968027882764394, 1.18173784146277, 0.613349675413581, 
        1.53628703974583, 1.53177566478469, 1.8501874525596, 
        1.57402730237674, 1.8160684947564, 2.68755931651313, 
        1.61713732872443, -0.133496840290285, 0.80898066678936, 
        0.721425870431298, 2.54575034218463, 1.21651378373211, 
        1.60313536969955, 2.50761619027073, 0.851428255961143, 
        2.78740264911869, 0.202765898287018), x2 = c(51, 64, 
        70, 63, 78, 55, 67, 75, 82, 61, 53, 60, 83, 77, 90, 85, 
        70, 58, 40, 61, 66, 37, 77, 75, 57, 85, 82), x3 = c(30, 
        51, 68, 45, 56, 49, 42, 50, 72, 45, 53, 47, 83, 54, 50, 
        64, 46, 68, 33, 52, 52, 42, 66, 58, 44, 71, 39), x4 = c(39, 
        54, 69, 47, 66, 44, 56, 55, 67, 47, 58, 39, 45, 72, 72, 
        69, 57, 54, 34, 62, 50, 58, 63, 74, 45, 71, 59), x5 = c(61, 
        63, 76, 54, 71, 54, 66, 70, 71, 62, 58, 59, 59, 79, 60, 
        79, 75, 64, 43, 66, 63, 50, 88, 80, 51, 77, 64),