
expected <- structure(list(coefficients = structure(c(-10.6069775938586, 
0.141336807009459, 0.191890513486067, 0.748466934130525, 0.566823202419837, 
0.170359079244079, -0.837163907774477), .Names = c("x1", "x2", 
"x3", "x4", "x5", "x6", "x7")), residuals = structure(c(-4.51708355573733, 
2.59034749534972, -11.2316329296331, 2.84785050515947, 11.1952820430076, 
-7.27687561753981, -10.9541607507277, 2.65954918685646, 10.0176846494239, 
-3.28074140641259, 4.2411780647606, 4.53139450870122, 6.14773207607219, 
5.716126144453, 0.835287976550471, -2.98686865912597, -8.360527767511, 
10.1524741225264, -7.53717215259684, -11.6277653878973, -9.90773090488568, 
1.40683756234279, 1.51654374697045, -2.73023536515032, -2.95031024719072, 
7.04403711551183, 12.4587795467222), .Names = c("1", "2", "3", 
"4", "5", "6", "7", "8", "10", "11", "13", "14", "16", "17", 
"18", "19", "20", "21", "22", "23", "24", "25", "26", "27", "28", 
"29", "30")), effects = structure(c(-331.591504604575, 5.31126289517748, 
-26.8452243528219, 31.8376474597453, 12.9344103450989, -1.43783302983909, 
-27.3736525208019, 7.72813555614289, 10.6166100979695, -2.37027506390457, 
8.08805420194763, 7.87815028243438, 7.14906311788258, 8.47511015715045, 
-6.50384690779956, 1.01092105461498, -8.16946577708454, 5.79795711616643, 
-5.95447942452172, -9.45294446139593, -15.458609866351, 5.20512420604108, 
7.41964321319682, 2.58560410925332, -6.75340986374527, 11.6195512556114, 
13.3974994155645), .Names = c("x1", "x2", "x3", "x4", "x5", "x6", 
"x7", "", "", "", "", "", "", "", "", "", "", "", "", "", "", 
"", "", "", "", "", "")), rank = 7L, fitted.values = structure(c(47.5170835557373, 
60.4096525046503, 82.2316329296332, 58.1521494948405, 69.8047179569924, 
50.2768756175398, 68.9541607507277, 68.3404508131435, 56.9823153505761, 
67.2807414064126, 64.7588219352394, 63.4686054912988, 74.8522679239278, 
68.283873855547, 64.1647120234495, 67.986868659126, 58.360527767511, 
39.8475258774736, 71.5371721525968, 64.6277653878973, 49.9077309048857, 
61.5931624376572, 64.4834562530296, 80.7302353651503, 50.9503102471907, 
77.9559628844882, 69.5412204532778), .Names = c("1", "2", "3", 
"4", "5", "6", "7", "8", "10", "11", "13", "14", "16", "17", 
"18", "19", "20", "21", "22", "23", "24", "25", "26", "27", "28", 
"29", "30")), assign = 1:7, qr = structure(list(qr = structure(c(-5.19615242270663, 
0.192450089729875, 0.192450089729875, 0.192450089729875, 0.192450089729875, 
0.192450089729875, 0.192450089729875, 0.192450089729875, 0.192450089729875, 
0.192450089729875, 0.192450089729875, 0.192450089729875, 0.192450089729875, 
0.192450089729875, 0.192450089729875, 0.192450089729875, 0.192450089729875, 
0.192450089729875, 0.192450089729875, 0.192450089729875, 0.192450089729875, 
0.192450089729875, 0.192450089729875, 0.192450089729875, 0.192450089729875, 
0.192450089729875, 0.192450089729875, -355.26286564135, -71.0091282603603, 
0.0782951526415804, -0.0484491156023675, -0.456847313277311, 
-0.175193383846315, 0.00788167028383156, 0.176874027942429, -0.0484491156023675, 
-0.132945294431666, 0.219122117357078, -0.259689562675614, -0.0906972050170168, 
-0.0343664191308177, 0.176874027942429, -0.118862597960116, -0.0343664191308177, 
0.12054324205623, -0.076614508545467, -0.0343664191308177, 0.219122117357078, 
-0.414599223862661, 0.289535599714827, -0.259689562675614, -0.161110687374766, 
0.176874027942429, 0.176874027942429, -273.471577506153, 1.83492319210787, 
-62.7449548025605, -0.0632714670378996, 0.113043312530214, 0.000789606569680603, 
-0.111222266442411, 0.0158634538508552, -0.0632714670378996, 
0.0644361094085032, 0.127322565837937, 0.542873128967661, 0.0165198575680548, 
0.239507176670344, 0.25492649959215, -0.0471611928348309, 0.303257322201356, 
-0.254936474399693, 0.0483603827694976, 0.0482567400773082, -0.111740479903358, 
-0.110185839520517, 0.270587655462398, 0.144434719398836, -0.0789326229081475, 
0.350551717888668, -0.159449446359428, -291.176985761301, -1.58612888777713, 
-27.6082881962891, 50.6777029963372, -0.193939009858667, 0.177262370896662, 
-0.125952406995124, -0.0168407782569917, 0.0808959084366433, 
-0.0558078438746611, 0.314128636034321, 0.508812233000073, -0.361820259672765, 
-0.154732702746915, -0.255186940115805, -0.108516120204061, 0.182936713741254, 
0.218391775533694, -0.143152810855441, 0.0951418584918515, -0.157896783127457, 
0.0168665209384954, -0.00396505243540011, -0.32393940140978, 
0.105929635597579, -0.113734877852467, -0.210394412682317, -332.938655232684, 
1.55952823888644, -23.3625019066336, 24.2394737816159, 41.3770605405563, 
0.111972640605215, -0.0424125746175433, -0.140024210447671, -0.0601345819816174, 
0.223501399578331, 0.0569925463555335, 0.117502071064714, 0.361480924307852, 
-0.100426131066777, 0.553157536306466, -0.224407985955665, 0.0617755137611113, 
0.16532909441476, 0.0798631000527406, -0.0208328475603065, 0.357947753006574, 
-0.126510885646335, -0.419360553572667, -0.0567274126320854, 
0.182052300701469, -0.0165323374346556, 0.027345689729668, -386.632230267319, 
7.88735318676947, -5.3486593120254, 2.29757105582478, 20.234271054502, 
47.5078463406407, 0.171212178236828, 0.256375831021777, -0.0322438291065145, 
0.167052235205167, 0.291157714047605, 0.190966503071584, 0.338705306336916, 
0.0527551809948622, -0.272066457250098, -0.0723365588040232, 
0.0569653957481703, 0.148001949682171, -0.0744110303390035, -0.0223558255169171, 
0.199837936833485, 0.158377412341537, 0.19326791997067, 0.0656957754154015, 
-0.167397702204861, 0.111581637318016, -0.121114058647386, -225.166604983954, 
-16.6692183901577, -23.9050306669523, 24.1575700843329, 16.6827060669236, 
11.3851372482573, 32.6980801090342, 0.191601238549146, -0.0241870631556658, 
0.190707275046815, 0.40037613394327, -0.0534622926373189, 0.293244838277145, 
-0.296576302970033, -0.18735021553695, 0.0356540710951239, -0.27751695105947, 
-0.064213986451066, 0.180841136450651, 0.145890520291649, -0.174308057982012, 
0.0457953412924522, -0.425173911942692, 0.0844992939837124, -0.0863388376998569, 
0.0431110694443209, 0.327257169722215), .Dim = c(27L, 7L), .Dimnames = list(
    c("1", "2", "3", "4", "5", "6", "7", "8", "10", "11", "13", 
    "14", "16", "17", "18", "19", "20", "21", "22", "23", "24", 
    "25", "26", "27", "28", "29", "30"), c("x1", "x2", "x3", 
    "x4", "x5", "x6", "x7")), assign = 1:7), qraux = c(1.19245008972988, 
1.21912211735708, 1.30298094168885, 1.08089590843664, 1.0547490484397, 
1.60415150927634, 1.28447091068973), pivot = 1:7, tol = 1e-07, 
    rank = 7L), .Names = c("qr", "qraux", "pivot", "tol", "rank"
), class = "qr"), df.residual = 20L, xlevels = structure(list(), .Names = character(0)), 
    call = quote(lm(formula = y ~ . + 0, data = structure(list(y = c(43, 
        63, 71, 61, 81, 43, 58, 71, 67, 64, 69, 68, 81, 74, 65, 
        65, 50, 50, 64, 53, 40, 63, 66, 78, 48, 85, 82), x1 = c(1, 
        1, 1, 1, 1, 1, 1, 1, 1, 1, 1, 1, 1, 1, 1, 1, 1, 1, 1, 
        1, 1, 1, 1, 1, 1, 1, 1), x2 = c(75, 85, 75, 66, 37, 57, 
        70, 82, 66, 60, 85, 51, 63, 67, 82, 61, 67, 78, 64, 67, 
        85, 40, 90, 51, 58, 82, 82), x3 = c(30, 51, 68, 45, 56, 
        49, 42, 50, 45, 53, 57, 83, 50, 64, 65, 46, 68, 33, 52, 
        52, 42, 42, 66, 58, 44, 71, 39), x4 = c(39, 54, 69, 47, 
        66, 44, 56, 55, 47, 58, 42, 45, 72, 69, 75, 57, 54, 34, 
        62, 50, 58, 48, 63, 74, 45, 71, 59), x5 = c(61, 63, 76, 
        54, 71, 54, 66, 70, 62, 58, 55, 59, 60, 79, 55, 75, 64, 
        43, 66, 63, 50, 66, 88, 80, 51, 77, 64), x6 = c(92, 73, 
        86, 84, 83, 49, 68, 66, 80, 67, 63, 77, 54, 79, 80, 85, 
        78, 64, 80, 80, 57, 75, 76, 78, 83, 74, 78), x7 = c(45, 
        47, 48, 35, 47, 34, 35, 41, 41, 34, 25, 35, 36, 63, 60, 
        46, 52, 33, 41, 37, 49, 33, 72, 49, 38, 55, 39)), .Names = c("y", 
        "x1", "x2", "x3", "x4", "x5", "x6", "x7"),