
expected <- structure(list(coefficients = structure(c(6.34775282403731, 0.11188267445338, 
0.0564733859986098, 0.0634283421638116, 0.430079668423238, 0.0982669826976137, 
0.211754760414302), .Names = c("x1", "x2", "x3", "x4", "x5", 
"x6", "x7")), residuals = structure(c(-16.2149930423638, 4.63529881128205, 
2.77588101388009, 2.21307654634612, 3.15838006719194, -22.9720171504235, 
-4.0207995598711, 11.269867810143, 15.9849991491396, 1.45901930023102, 
9.4801466638249, -7.92779285766629, 6.48500253309048, 5.1229863121205, 
0.331349587452221, 0.352692549135989, 3.67828106244159, -3.68761482662454, 
-14.2070739108614, 5.6502781530535, -18.0478949710366, -5.28273527233476, 
2.03148915488364, 4.05200281891323, -15.4348147431742, 13.6165373944349, 
15.5088479260533), .Names = c("1", "2", "3", "4", "5", "6", "8", 
"9", "10", "12", "13", "14", "15", "16", "17", "18", "19", "20", 
"21", "22", "24", "25", "26", "27", "28", "29", "30")), effects = structure(c(-290.65898414364, 
-174.491902741588, 25.4802681459948, -18.6622747821582, -23.1606456042464, 
-8.58724162469823, -7.63022855055153, 19.7208974269284, 23.0744951566393, 
7.49946140848965, 11.8179293752019, -6.93097501726478, 7.58998421340991, 
4.67478003369158, 0.518757465850726, -0.362960087244581, 12.0084947202561, 
-0.200280917230337, -11.1227769803034, 10.8719050627001, -11.5904416511719, 
-4.52127804591178, 5.51050901379452, 11.255823977303, -15.0541203517828, 
19.6090831417203, 14.2034025772916), .Names = c("x1", "x2", "x3", 
"x4", "x5", "x6", "x7", "", "", "", "", "", "", "", "", "", "", 
"", "", "", "", "", "", "", "", "", "")), rank = 7L, fitted.values = structure(c(59.2149930423638, 
58.364701188718, 68.2241189861199, 58.7869234536539, 77.8416199328081, 
65.9720171504235, 75.0207995598711, 60.730132189857, 51.0150008508604, 
65.540980699769, 59.5198533361751, 75.9277928576663, 70.5149974669095, 
75.8770136878795, 73.6686504125478, 64.647307450864, 61.3217189375584, 
53.6876148266245, 64.2070739108614, 58.3497218469465, 58.0478949710366, 
68.2827352723348, 63.9685108451164, 73.9479971810868, 63.4348147431742, 
71.3834626055651, 66.4911520739467), .Names = c("1", "2", "3", 
"4", "5", "6", "8", "9", "10", "12", "13", "14", "15", "16", 
"17", "18", "19", "20", "21", "22", "24", "25", "26", "27", "28", 
"29", "30")), assign = 1:7, qr = structure(list(qr = structure(c(-8.18872878268856, 
0.0178689327815924, 0.195677582691118, 0.0445761920229051, 0.43248179270161, 
0.225918312412121, 0.118214671465351, 0.144312734347855, 0.0749016961839348, 
0.18705903021516, 0.097415157090832, 0.225943183815173, 0.192218761195794, 
0.22177660818315, 0.328202262870738, -0.0747890566426463, 0.197483317818896, 
-0.0163025109065164, 0.0987919722655354, 0.0880998613553343, 
0.148559540316427, 0.149403057349375, 0.195773411507861, 0.306227774397898, 
0.103975632672206, 0.340395038484046, 0.0247615843274327, -262.828327518332, 
-210.637770245311, 0.111666250203802, 0.198526997989512, -0.309525145942212, 
-0.0510055263038849, 0.212173806472989, 0.0738670562068069, 0.159179879896147, 
0.146586191703714, 0.115726370417372, 0.0201745028255289, 0.00696185288900873, 
0.1015403902236, -0.155233278163695, 0.500574614010865, 0.0618484557927981, 
0.315496559366242, 0.161414829272243, 0.251247550588374, 0.106336749884952, 
0.138474699229042, 0.0165921802318156, -0.0982366215265727, 0.168931528026146, 
-0.156810854720143, 0.224236305403744, -237.203840805052, -141.546842266515, 
86.0977894705189, -0.139692939987905, -0.105599051307636, -0.221289092270075, 
0.0967129642167615, -0.42118206791777, 0.137282499680915, 0.220325445349666, 
-0.0682825775836519, 0.16607176742804, 0.0808953275105591, 0.326187304901293, 
-0.100852112558584, 0.0939811686796125, 0.00296204459358674, 
0.0323424353808611, 0.0128281477471937, 0.191556969692519, 0.0292166142765609, 
0.213670756096374, -0.194531307494494, 0.175594062977453, -0.24983143745065, 
0.117649200970069, -0.513765349329327, -226.107402835205, -163.900184820143, 
29.3840529519172, -68.6348980560193, -0.0981684253588437, -0.22187624703063, 
0.189892684280779, -0.348525620791773, 0.0186526158527073, -0.0884667172942532, 
0.332836127931522, 0.140941910781449, -0.0107161281452349, 0.22323084526678, 
-0.302562644350195, -0.252206096011074, -0.0794617805969964, 
0.152615510581769, -0.0721198173403096, -0.118424597453402, -0.15973472427644, 
0.369970988623585, -0.103735186002467, 0.0104260864354146, -0.157472633046302, 
-0.237608590710075, 0.0865896414074996, -267.756041237254, -196.650996876972, 
15.5162053693275, -26.2302886725756, -45.7854467635433, 0.0637412502518131, 
0.045342862352272, -0.26449736287664, 0.0415042126261609, -0.305805073747047, 
0.022148409464103, 0.229805912812192, 0.599946104861592, -0.0132960947683198, 
0.235843563583349, 0.240956238881385, -0.321091174361196, 0.0381475198946888, 
0.312709464161615, -0.148975145966537, -0.132376643750319, -0.0487154040972494, 
-0.0302758988358066, -0.000174585790840269, 0.0550147136214791, 
0.177374862203941, 0.111389728639124, -313.006841124916, -222.167825793265, 
39.5064834251514, -37.6139230508108, -15.4937475584216, -63.3288949690165, 
0.166733090768334, 0.0527108670426735, 0.470396043434607, 0.136236242888002, 
0.115453464930514, 0.0524899937052265, 0.301979678901858, -0.0676645349907732, 
-0.240431311924163, 0.232776707956969, 0.1824802262937, 0.361853026333906, 
0.333799935222593, 0.276510561674293, 0.201170125731644, 0.0227747189192379, 
-0.0192773778918329, 0.184046300935246, -0.0573068778884964, 
0.174657324921531, -0.145387071244815, -168.218332205932, -123.389347779949, 
38.7186823245624, 3.15668745949307, -9.19333295987508, -11.164340267456, 
-36.0333271168159, 0.311900401482918, 0.0345250671723787, -0.300089015077032, 
0.0599120840687604, 0.263585252638243, -0.054272060167836, -0.144384317331994, 
0.142982439886092, 0.436533257600133, -0.34200415737462, -0.113715922081011, 
-0.0549946472626917, -0.27351208114345, -0.0183582553673518, 
0.0405745082606491, -0.190233919674186, 0.24923802051707, -0.282910356506327, 
-0.206053632897246, 0.264171744296795), .Dim = c(27L, 7L), .Dimnames = list(
    c("1", "2", "3", "4", "5", "6", "8", "9", "10", "12", "13", 
    "14", "15", "16", "17", "18", "19", "20", "21", "22", "24", 
    "25", "26", "27", "28", "29", "30"), c("x1", "x2", "x3", 
    "x4", "x5", "x6", "x7")), assign = 1:7), qraux = c(1.15926535478793, 
1.34237166267977, 1.09343615731408, 1.3589413315295, 1.09665517268859, 
1.15318355520115, 1.05746470888665), pivot = 1:7, tol = 1e-07, 
    rank = 7L), .Names = c("qr", "qraux", "pivot", "tol", "rank"
), class = "qr"), df.residual = 20L, xlevels = structure(list(), .Names = character(0)), 
    call = quote(lm(formula = y ~ . + 0, data = structure(list(y = c(43, 
        63, 71, 61, 81, 43, 71, 72, 67, 67, 69, 68, 77, 81, 74, 
        65, 65, 50, 50, 64, 40, 63, 66, 78, 48, 85, 82), x1 = c(1.30418079483706, 
        0.146323844184553, 1.60235065350968, 0.365022346640615, 
        3.54147610388442, 1.84998378738556, 0.968027882764394, 
        1.18173784146277, 0.613349675413581, 1.53177566478469, 
        0.797706300739824, 1.8501874525596, 1.57402730237674, 
        1.8160684947564, 2.68755931651313, -0.612427300759763, 
        1.61713732872443, -0.133496840290285, 0.80898066678936, 
        0.721425870431298, 1.21651378373211, 1.2234211159385, 
        1.60313536969955, 2.50761619027073, 0.851428255961143, 
        2.78740264911869, 0.202765898287018), x2 = c(54, 77, 
        77, 54, 53, 51, 77, 55, 54, 82, 51, 66, 54, 82, 57, 85, 
        67, 62, 61, 77, 63, 70, 57, 63, 64, 60, 54), x3 = c(52, 
        58, 57, 52, 72, 68, 52, 83, 30, 49, 47, 45, 42, 42, 68, 
        46, 58, 39, 47, 42, 50, 39, 68, 47, 72, 52, 83), x4 = c(66, 
        54, 45, 74, 58, 44, 72, 44, 39, 54, 69, 62, 45, 72, 42, 
        39, 54, 55, 45, 45, 42, 75, 54, 54, 54, 39, 72), x5 = c(54, 
        70, 66, 64, 64, 55, 79, 43, 51, 59, 61, 77, 80, 79, 66, 
        79, 50, 62, 71, 59, 51, 71, 58, 62, 66, 63, 70),