
expected <- structure(list(coefficients = structure(c(10.3929791481212, 0.112557347209878, 
0.0864122216476274, 0.638677624986058, 0.406123420339279, 0.0197933077306954, 
-0.479862965566477), .Names = c("x1", "x2", "x3", "x4", "x5", 
"x6", "x7")), residuals = structure(c(-8.3362537141756, -0.33309627832785, 
2.47373883466615, 11.5265433396543, -12.7299582470694, -11.0221406344852, 
1.8688217783044, -9.98647096100441, 8.18310249627355, -3.33553914560402, 
14.4568291602688, 5.70249708917778, 7.26372592259504, -1.31859130980165, 
5.04933081885785, 3.05048559249091, -3.26877270350866, -2.70655541441699, 
-10.8818469277201, 3.36630429995092, -10.7759485600331, 1.36572169645174, 
-3.15605625647832, -0.927923277734827, -5.58428245058713, 7.55219423763746, 
12.5041406146185), .Names = c("1", "2", "4", "5", "6", "7", "8", 
"9", "10", "11", "12", "13", "14", "15", "16", "17", "18", "19", 
"20", "21", "23", "25", "26", "27", "28", "29", "30")), effects = structure(c(-339.4819582835, 
3.52055388019409, 23.180015108069, -34.5789703005129, 6.81164816166362, 
-5.11583567381314, -17.106245712629, -11.6323318212211, 9.7863700749193, 
-0.452735630265698, 19.9095369123209, 11.1932627445211, 15.6596054342357, 
-2.56013103034613, 7.29669000197246, 4.21952538623882, -4.8475196304254, 
-3.9768121002053, -6.24490178627105, 9.12512586280523, -9.57348964027371, 
4.54708343604608, -0.272721492858986, -2.04639170784382, -3.94238051230747, 
8.33176176742538, 9.29899574390304), .Names = c("x1", "x2", "x3", 
"x4", "x5", "x6", "x7", "", "", "", "", "", "", "", "", "", "", 
"", "", "", "", "", "", "", "", "", "")), rank = 7L, fitted.values = structure(c(51.3362537141756, 
63.3330962783279, 58.5262611653338, 69.4734566603457, 55.7299582470694, 
69.0221406344852, 69.1311782216956, 81.9864709610044, 58.8168975037265, 
67.335539145604, 52.5431708397312, 63.2975029108222, 60.736274077405, 
78.3185913098017, 75.9506691811421, 70.9495144075091, 68.2687727035087, 
67.706555414417, 60.8818469277201, 46.6336957000491, 63.7759485600331, 
61.6342783035483, 69.1560562564783, 78.9279232777348, 53.5842824505871, 
77.4478057623625, 69.4958593853816), .Names = c("1", "2", "4", 
"5", "6", "7", "8", "9", "10", "11", "12", "13", "14", "15", 
"16", "17", "18", "19", "20", "21", "23", "25", "26", "27", "28", 
"29", "30")), assign = 1:7, qr = structure(list(qr = structure(c(-5.19615242270663, 
0.192450089729875, 0.192450089729875, 0.192450089729875, 0.192450089729875, 
0.192450089729875, 0.192450089729875, 0.192450089729875, 0.192450089729875, 
0.192450089729875, 0.192450089729875, 0.192450089729875, 0.192450089729875, 
0.192450089729875, 0.192450089729875, 0.192450089729875, 0.192450089729875, 
0.192450089729875, 0.192450089729875, 0.192450089729875, 0.192450089729875, 
0.192450089729875, 0.192450089729875, 0.192450089729875, 0.192450089729875, 
0.192450089729875, 0.192450089729875, -346.602611603505, -70.5381430832258, 
-0.0289580479102422, -0.440083131906057, -0.156548591219288, 
0.0277488602271116, 0.197869584639173, -0.085664956047596, -0.0289580479102422, 
-0.114018410116273, -0.0289580479102422, 0.240399765742188, -0.241608953425319, 
-0.241608953425319, -0.0714882290132575, -0.0147813208759038, 
0.197869584639173, -0.0998416830819344, -0.0147813208759038, 
0.141162676501819, -0.0147813208759038, -0.397552950803042, 0.31128340091388, 
-0.241608953425319, -0.14237186418495, 0.197869584639173, 0.197869584639173, 
-275.588528493181, 2.46254999226107, 63.1577296179856, -0.101390698006732, 
0.00661402090414518, 0.115608856279378, -0.0127554840535189, 
-0.358260823881719, 0.0686745129326881, -0.0571438136347221, 
0.037007763477045, -0.124013442775851, -0.530872048586625, -0.0717041814798004, 
-0.0100680250788386, -0.232301052105115, -0.250256104970842, 
0.053548364250835, -0.295634551016401, 0.256977667156222, -0.0423005553712565, 
0.119852212555189, -0.267221041372213, -0.135037680391087, 0.0856394493340592, 
-0.345256353337771, 0.161411637952518, -289.060034774273, 4.32337668150902, 
29.7465385554608, -53.691229771114, -0.170176516158018, 0.130315620837665, 
0.0400214972354609, 0.0342223473318914, -0.0693510775510855, 
0.0529159828951083, -0.238091647983577, -0.269372095575544, -0.490785391051069, 
0.298326478675377, 0.34510003752655, 0.153472769109933, 0.264468478807215, 
0.103990245221504, -0.165383356007356, -0.185740945616131, -0.0819598633905492, 
-0.0369161800170747, 0.0359598475756112, 0.296095621268868, -0.101592666787183, 
0.130747082463601, 0.223094004706443, -336.210306758092, 2.98236331685344, 
20.6776286201644, -28.1620534019773, 39.4977159023994, -0.0474670557453051, 
-0.129570998616459, 0.117638702727405, -0.0410035009332575, 0.241388330314872, 
-0.055023207412195, 0.120593672177486, 0.208727134123827, -0.104443161741076, 
0.348672402065554, -0.103009455909264, 0.574432448126484, -0.236931655223909, 
0.109300354074946, 0.210048376042406, 0.00522570199624366, -0.127208836807909, 
-0.41132567500728, -0.0849249929653087, 0.212929150995249, -0.00272327157064162, 
0.0176727589386592, -388.749181254348, 5.72004682637342, 2.28157796027128, 
-2.91573102323672, 14.7646174685457, 45.8874070306551, 0.327370136499497, 
-0.225538843850605, -0.0142987309177505, 0.0508929405204755, 
0.109620475219814, 0.138594588983097, -0.205847480621894, 0.166136336146232, 
0.268598553383143, 0.0538073868478563, -0.561457120020031, 0.0679457346640439, 
-0.136427540382484, 0.0984382687036508, -0.0653552081004051, 
0.240329927792973, 0.302935075791541, 0.12285777235463, -0.272279017011837, 
0.0296425573779547, -0.025569278025862, -221.317603189357, -14.9244181194087, 
20.253412224742, -23.3554140020869, 19.8422062474622, 12.5537907161123, 
35.6481890458772, 0.63668910223805, -0.0310251249270316, 0.132415569832289, 
-0.190590605199702, 0.360192698996783, 0.125768025210136, 0.0640572687278596, 
0.118091400802948, -0.253844598388803, -0.0330947895458362, 0.00403599854040968, 
-0.15962378329563, -0.148250167298413, 0.159551809999742, -0.0580371749865957, 
-0.391599041385946, 0.0355862340471078, -0.0383721265766425, 
0.085822380735239, 0.252020245190936), .Dim = c(27L, 7L), .Dimnames = list(
    c("1", "2", "4", "5", "6", "7", "8", "9", "10", "11", "12", 
    "13", "14", "15", "16", "17", "18", "19", "20", "21", "23", 
    "25", "26", "27", "28", "29", "30"), c("x1", "x2", "x3", 
    "x4", "x5", "x6", "x7")), assign = 1:7), qraux = c(1.19245008972988, 
1.24039976574219, 1.06867451293269, 1.15832782479745, 1.14998475252315, 
1.26497432998378, 1.08602668564994), pivot = 1:7, tol = 1e-07, 
    rank = 7L), .Names = c("qr", "qraux", "pivot", "tol", "rank"
), class = "qr"), df.residual = 20L, xlevels = structure(list(), .Names = character(0)), 
    call = quote(lm(formula = y ~ . + 0, data = structure(list(y = c(43, 
        63, 61, 81, 43, 58, 71, 72, 67, 64, 67, 69, 68, 77, 81, 
        74, 65, 65, 50, 50, 53, 63, 66, 78, 48, 85, 82), x1 = c(1, 
        1, 1, 1, 1, 1, 1, 1, 1, 1, 1, 1, 1, 1, 1, 1, 1, 1, 1, 
        1, 1, 1, 1, 1, 1, 1, 1), x2 = c(75, 85, 66, 37, 57, 70, 
        82, 62, 66, 60, 66, 85, 51, 51, 63, 67, 82, 61, 67, 78, 
        67, 40, 90, 51, 58, 82, 82), x3 = c(30, 51, 45, 56, 49, 
        42, 50, 72, 45, 53, 47, 57, 83, 54, 50, 64, 65, 46, 68, 
        33, 52, 42, 66, 58, 44, 71, 39), x4 = c(39, 54, 47, 66, 
        44, 56, 55, 67, 47, 58, 39, 42, 45, 72, 72, 69, 75, 57, 
        54, 34, 50, 48, 63, 74, 45, 71, 59), x5 = c(61, 63, 54, 
        71, 54, 66, 70, 71, 62, 58, 59, 55, 59, 79, 60, 79, 55, 
        75, 64, 43, 63, 66, 88, 80, 51, 77, 64), x6 = c(92, 73, 
        84, 83, 49, 68, 66, 83, 80, 67, 74, 63, 77, 77, 54, 79, 
        80, 85, 78, 64, 80, 75, 76, 78, 83, 74, 78), x7 = c(45, 
        47, 35, 47, 34, 35, 41, 31, 41, 34, 41, 25, 35, 46, 36, 
        63, 60, 46, 52, 33, 37, 33, 72, 49, 38, 55, 39)), .Names = c("y", 
        "x1", "x2", "x3", "x4", "x5", "x6", "x7"),