
expected <- structure(list(coefficients = structure(c(11.9569930197144, 0.6152672119248, 
-0.111273288996801, 0.186020086065341, 0.0369005865078414, 0.0645388247267891, 
-0.00231207692435758), .Names = c("x1", "x2", "x3", "x4", "x5", 
"x6", "x7")), residuals = structure(c(0.354482507255869, 2.42932697315186, 
-0.748138359598925, -10.5570521538066, -7.66669899905615, 1.4642208531587, 
-2.72394568124292, 6.38292059413745, 8.1911205684557, 9.25769547279871, 
11.4439872525958, -1.21122144970543, 2.48827823316639, 0.223279203748854, 
-3.9060164250677, 2.32888512790817, -3.68038078691032, -7.42186301839152, 
5.15030303474033, 1.24936282627149, -10.4840304410449, -6.24108104960862, 
6.3658515944771, -5.71433813194313, 4.76672476814168, -9.65752085145565, 
7.91584833782371), .Names = c("2", "3", "4", "6", "7", "8", "9", 
"10", "11", "12", "13", "14", "15", "16", "17", "18", "19", "20", 
"21", "22", "23", "24", "25", "26", "27", "28", "29")), effects = structure(c(-333.516005501874, 
-45.8271796854879, -2.82732660593055, 9.77007444774788, -2.39921901489119, 
2.83596409687574, 0.107799119221387, 7.49717038622212, 6.52532130601513, 
13.3068434044176, 13.5280990702571, 1.47936540842112, 0.660658297040508, 
-7.17681362572652, -5.0245582196128, -3.8047278429906, -1.84746971996369, 
-6.36020108610811, 6.10438479182878, -0.207216919513044, -9.14673468074763, 
-9.97878479768315, 8.31363748078326, -1.28770547648329, 5.0530317909662, 
-9.17589992006919, 6.24872700955779), .Names = c("x1", "x2", 
"x3", "x4", "x5", "x6", "x7", "", "", "", "", "", "", "", "", 
"", "", "", "", "", "", "", "", "", "", "", "")), rank = 7L, 
    fitted.values = structure(c(62.6455174927441, 68.5706730268481, 
    61.7481383595989, 53.5570521538066, 65.6666989990562, 69.5357791468413, 
    74.7239456812429, 60.6170794058626, 55.8088794315443, 57.7423045272013, 
    57.5560127474042, 69.2112214497054, 74.5117217668336, 80.7767207962511, 
    77.9060164250677, 62.6711148720918, 68.6803807869103, 57.4218630183915, 
    44.8496969652597, 62.7506371737285, 63.4840304410449, 46.2410810496086, 
    56.6341484055229, 71.7143381319431, 73.2332752318583, 57.6575208514557, 
    77.0841516621763), .Names = c("2", "3", "4", "6", "7", "8", 
    "9", "10", "11", "12", "13", "14", "15", "16", "17", "18", 
    "19", "20", "21", "22", "23", "24", "25", "26", "27", "28", 
    "29")), assign = 1:7, qr = structure(list(qr = structure(c(-5.19615242270663, 
    0.192450089729875, 0.192450089729875, 0.192450089729875, 
    0.192450089729875, 0.192450089729875, 0.192450089729875, 
    0.192450089729875, 0.192450089729875, 0.192450089729875, 
    0.192450089729875, 0.192450089729875, 0.192450089729875, 
    0.192450089729875, 0.192450089729875, 0.192450089729875, 
    0.192450089729875, 0.192450089729875, 0.192450089729875, 
    0.192450089729875, 0.192450089729875, 0.192450089729875, 
    0.192450089729875, 0.192450089729875, 0.192450089729875, 
    0.192450089729875, 0.192450089729875, -343.908310347287, 
    -67.2761032913922, -0.0421028710864252, -0.16101582247051, 
    0.0173536046056173, 0.136266555989702, 0.240315388450777, 
    -0.0718311089324464, -0.190744060316531, -0.0866952278554571, 
    -0.0569669900094358, 0.255179507373787, 0.165994793835724, 
    0.359228339834862, 0.284907745219808, -0.0866952278554571, 
    0.0619459613746492, -0.116423465701478, -0.38397760631567, 
    -0.0718311089324464, 0.00248948568260667, -0.428569963084701, 
    -0.175879941393521, 0.165994793835724, 0.136266555989702, 
    -0.131287584624489, 0.284907745219808, -282.709181813187, 
    -36.8030079304512, 46.9047665572452, -0.0611248653510839, 
    0.270548232368535, 0.221612896213294, -0.141002445516607, 
    0.115371580928528, -0.176809800349899, 0.0575291134291201, 
    -0.125263079326525, -0.360317310932056, 0.166739472495275, 
    0.44965606351628, 0.0751645466608243, -0.326227193683757, 
    0.230877686470715, -0.420592333842968, 0.0519486847795985, 
    -0.0338669829487023, 0.0421474061522932, -0.185538102237438, 
    0.0729108207059471, -0.0890980655799771, 0.0510545374964592, 
    0.0758798644873358, -0.0740740172164058, -293.87128701752, 
    -33.9678148766177, 8.65095721368538, 48.6211390082697, -0.0587193222030677, 
    0.083686816614506, 0.0349793870888135, 0.0898999650193316, 
    -0.160589001185979, 0.257505525574979, 0.275058221743037, 
    0.563680488069739, -0.22329697497344, -0.128997021398142, 
    -0.0275578357153437, -0.373125503892762, -0.0274975862114396, 
    0.0588222318240993, 0.0923399585590692, -0.175912621133539, 
    0.116546382071625, -0.373770335132734, -0.0128790470077565, 
    0.0349994702567816, -0.258295198339626, 0.0884128033691762, 
    -0.0259970064122555, -335.440506399173, -38.1446322939837, 
    2.79399501774129, 16.9433736810265, -36.479711813135, 0.0812892749230983, 
    -0.14581047142189, 0.10452663123928, -0.0541116618666219, 
    0.109140947644488, -0.0786925208474974, -0.290045866391337, 
    0.12291073052868, -0.524479386135571, 0.0426281205645648, 
    -0.415376334890659, 0.261294415036636, 0.0586875518273713, 
    -0.0303869572671198, 0.0426394687616735, 0.0300517964425614, 
    -0.0754831700613124, 0.285770154765615, 0.429640743106909, 
    0.140429171622168, -0.131763752497732, -0.0511357064154046, 
    -382.975678562452, -12.3443755040988, 11.0852083455286, 1.89702095288471, 
    -16.4600759798777, 43.4031264913097, -0.133910022797576, 
    -0.206745081534838, 0.112518349655594, -0.154170031355739, 
    0.0685875885620879, -0.264510090780803, 0.140278646123688, 
    0.603040525168371, 0.0501699136585359, -0.104613910644536, 
    -0.163428956433101, -0.18251489154994, -0.0340909104170918, 
    -0.095875255572869, -0.194519988351356, 0.31040548450386, 
    -0.0636911624394215, 0.102120577723544, 0.120380090322688, 
    -0.354302188161949, 0.145088554846545, -221.702503368816, 
    2.87372965844871, 15.5086277039399, 9.55242620406068, -3.9867641116845, 
    -15.0415945473375, -46.624365342576, -0.343715811508654, 
    0.0619414152426618, 0.107123669106688, 0.0957800371792443, 
    0.00342184466285732, -0.0273761158124835, -0.105424631769038, 
    -0.133146127289701, 0.0915626887949005, -0.0624128444207064, 
    -0.0789333402587271, -0.173356590297056, -0.138755008452718, 
    -0.104383635927971, 0.0455034862452363, -0.192293755615453, 
    0.467907622018803, 0.664056168536352, -0.112340185341092, 
    0.00360854475361938), .Dim = c(27L, 7L), .Dimnames = list(
        c("2", "3", "4", "6", "7", "8", "9", "10", "11", "12", 
        "13", "14", "15", "16", "17", "18", "19", "20", "21", 
        "22", "23", "24", "25", "26", "27", "28", "29"), c("x1", 
        "x2", "x3", "x4", "x5", "x6", "x7")), assign = 1:7), 
        qraux = c(1.19245008972988, 1.06194596137465, 1.14577733656893, 
        1.12121545183186, 1.06702475408641, 1.22651062456262, 
        1.19357196141107), pivot = 1:7, tol = 1e-07, rank = 7L), .Names = c("qr", 
    "qraux", "pivot", "tol", "rank"), class = "qr"), df.residual = 20L, 
    xlevels = structure(list(), .Names = character(0)), call = quote(lm(formula = y ~ 
        . + 0, data = structure(list(y = c(63, 71, 61, 43, 58, 
        71, 72, 67, 64, 67, 69, 68, 77, 81, 74, 65, 65, 50, 50, 
        64, 53, 40, 63, 66, 78, 48, 85), x1 = c(1, 1, 1, 1, 1, 
        1, 1, 1, 1, 1, 1, 1, 1, 1, 1, 1, 1, 1, 1, 1, 1, 1, 1, 
        1, 1, 1, 1), x2 = c(64, 70, 63, 55, 67, 75, 82, 61, 53, 
        60, 62, 83, 77, 90, 85, 60, 70, 58, 40, 61, 66, 37, 54, 
        77, 75, 57, 85), x3 = c(51, 68, 45, 49, 42, 50, 72, 45, 
        53, 47, 57, 83, 54, 50, 64, 65, 46, 68, 33, 52, 52, 42, 
        42, 66, 58, 44, 71), x4 = c(54, 69, 47, 44, 56, 55, 67, 
        47, 58, 39, 42, 45, 72, 72, 69, 75, 57, 54, 34, 62, 50, 
        58, 48, 63, 74, 45, 71), x5 = c(63, 76, 54, 54, 66, 70, 
        71, 62, 58, 59, 55, 59, 79, 60, 79, 55, 75, 64, 43, 66, 
        63, 50, 66, 88, 80, 51, 77),