
expected <- structure(list(coefficients = structure(c(11.3892580820003, 0.638650823587552, 
-0.0113466476905988, 0.355501833852394, 0.0345047693676061, -0.0169214646172922, 
-0.226235085763418), .Names = c("x1", "x2", "x3", "x4", "x5", 
"x6", "x7")), residuals = structure(c(-4.45492683259927, 1.60894503194061, 
0.657751012760118, 0.676819766100963, 6.57865417898321, -12.1248075586785, 
-8.72806075613694, 0.862636064558915, -8.66754612916912, 5.78455496013732, 
12.3957256907993, 8.65635968110694, -4.68751378479497, 0.389718789523587, 
2.15836746217348, -1.3749540755005, -5.98073937482716, 8.48519236634199, 
0.61072780609622, -10.1973568743979, -4.80304155488881, 7.24324776978299, 
-1.94689004640654, 2.42424571079367, -7.04901346696495, 5.69037495142966, 
5.79152921183559), .Names = c("1", "2", "3", "4", "5", "6", "7", 
"8", "9", "11", "12", "13", "14", "15", "18", "19", "20", "21", 
"22", "23", "24", "25", "26", "27", "28", "29", "30")), effects = structure(c(-330.436804066196, 
-51.0689079508119, 2.73304793983861, 12.1751375712465, -3.24949790337257, 
-2.94906556000998, -7.36208385158514, 3.67150253967579, -7.59521649655639, 
8.81247046242498, 13.3614445162964, 12.0976311608407, -6.34957037612238, 
2.88078327701085, -2.96746130947705, 0.094240023478419, -6.14950660333078, 
10.1655855864458, 1.99652437911588, -9.34166556291535, -2.99137347885285, 
11.8827569866985, -0.616281303293234, 4.87414047338767, -8.97202672418652, 
5.51186036382129, 4.54039369442709), .Names = c("x1", "x2", "x3", 
"x4", "x5", "x6", "x7", "", "", "", "", "", "", "", "", "", "", 
"", "", "", "", "", "", "", "", "", "")), rank = 7L, fitted.values = structure(c(47.4549268325993, 
61.3910549680594, 70.3422489872399, 60.323180233899, 74.4213458210168, 
55.1248075586785, 66.7280607561369, 70.1373639354411, 80.6675461291691, 
58.2154450398627, 54.6042743092007, 60.3436403188931, 72.687513784795, 
76.6102812104764, 62.8416325378265, 66.3749540755005, 55.9807393748272, 
41.514807633658, 63.3892721939038, 63.1973568743979, 44.8030415548888, 
55.756752230217, 67.9468900464065, 75.5757542892063, 55.049013466965, 
79.3096250485703, 76.2084707881644), .Names = c("1", "2", "3", 
"4", "5", "6", "7", "8", "9", "11", "12", "13", "14", "15", "18", 
"19", "20", "21", "22", "23", "24", "25", "26", "27", "28", "29", 
"30")), assign = 1:7, qr = structure(list(qr = structure(c(-5.19615242270663, 
0.192450089729875, 0.192450089729875, 0.192450089729875, 0.192450089729875, 
0.192450089729875, 0.192450089729875, 0.192450089729875, 0.192450089729875, 
0.192450089729875, 0.192450089729875, 0.192450089729875, 0.192450089729875, 
0.192450089729875, 0.192450089729875, 0.192450089729875, 0.192450089729875, 
0.192450089729875, 0.192450089729875, 0.192450089729875, 0.192450089729875, 
0.192450089729875, 0.192450089729875, 0.192450089729875, 0.192450089729875, 
0.192450089729875, 0.192450089729875, -339.09705810404, -64.6156729066964, 
0.108983611697181, 0.000650761707243416, 0.232792583114252, -0.123158209709828, 
0.062555247415779, 0.18636421883285, 0.294697068822788, -0.154110452564096, 
-0.0457776025741583, -0.0148253597198905, 0.310173190249921, 
0.217316461687118, -0.0457776025741583, 0.108983611697181, -0.0767298454284261, 
-0.355300031116836, -0.0303014811470244, 0.0470791259886451, 
-0.401728395398238, -0.138634331136962, 0.217316461687118, 0.18636421883285, 
-0.09220596685556, 0.341125433104189, 0.294697068822788, -271.931976788314, 
-7.12933327076635, 64.2430743902745, 0.114696995949488, -0.107196595439775, 
0.359642737029503, 0.054487646231976, -0.190458094848039, -0.509855309681013, 
-0.240670736439511, 0.202660178803087, -0.177676800682207, 0.0627043306519123, 
0.0207083734803764, 0.171528418391839, -0.173568458472239, -0.195296851992815, 
0.316916364923158, -0.0342059515564317, 0.057865573507136, 0.233654865514895, 
-0.11952162206968, 0.145235415125368, 0.292084191526303, 0.181662200217319, 
-0.00631504472090336, -0.0273130233066713, -289.252484864003, 
-31.3907329613699, -0.0279407066407238, 50.0461896997651, -0.138423697310066, 
0.190054253464625, -0.00702303973260693, 0.0311325228202611, 
-0.218798987386677, -0.258282621779426, 0.300355712138828, 0.165823728873305, 
0.372643306313893, -0.236459433267982, -0.426699854461515, -0.0539646921345331, 
-0.11778215568132, 0.231307014157989, -0.208093541296382, 0.103839380778823, 
-0.29849070674037, -0.0185600459372525, -0.0257452251201161, 
-0.228855451261629, 0.145665901139752, -0.144263279919257, 0.060714650182134, 
-334.478255950523, -38.7894653829049, 3.36415469851488, 18.1791578160457, 
32.4326125353553, 0.0671788884466469, 0.0182845472198134, -0.0270088398378442, 
0.212611819179811, 0.165537031903889, -0.105087812638024, 0.102257949121542, 
0.229321545529313, -0.0331521764957936, 0.571441628908674, -0.202604205041651, 
-0.031552511780682, 0.101126685508619, 0.0527619779255795, 0.00840683480405758, 
0.226186928129874, -0.229712482226583, -0.454324705433833, -0.0663480864285477, 
0.203721516440342, 0.0965203153500596, 0.283613707989779, -390.673682151647, 
-18.1024765522868, 11.3362374369197, 3.01188567328064, 5.82969870086512, 
43.1138874989252, 0.240719177791214, 0.356802364343496, -0.00767090917562129, 
0.200292799333415, 0.0851074220532747, 0.364159823950676, 0.116992018898048, 
0.0694881433542021, -0.156279927817351, -0.101569155613929, -0.0108057252604007, 
0.190547395108045, -0.0734847801551899, -0.0337921621630678, 
0.299461589960393, 0.0546767700864332, 0.12749790371524, 0.0112031098062462, 
-0.170662013652267, 0.175906513190574, 0.0717718344618905, -220.932703009897, 
-10.2044959173061, -15.6813466429282, 27.3727514648587, 18.8738659354676, 
9.81065969804536, 32.5417422622233, -0.100021327908047, 0.300073967328364, 
0.171322952305264, -0.112287531713128, 0.103039643496044, -0.123892931163345, 
0.244995607380604, -0.284699973977184, 0.049689547340479, -0.287066864133592, 
-0.0118904266299698, 0.228460789937128, 0.13779024064938, -0.14447856361436, 
0.304128839200595, -0.477162768047032, 0.326833291160218, 0.0117673114051099, 
-0.191748576189693, -0.00906182663824064), .Dim = c(27L, 7L), .Dimnames = list(
    c("1", "2", "3", "4", "5", "6", "7", "8", "9", "11", "12", 
    "13", "14", "15", "18", "19", "20", "21", "22", "23", "24", 
    "25", "26", "27", "28", "29", "30"), c("x1", "x2", "x3", 
    "x4", "x5", "x6", "x7")), assign = 1:7), qraux = c(1.19245008972988, 
1.01612688313438, 1.01322210399525, 1.1482836513285, 1.13770235091908, 
1.6035100431648, 1.22335764548886), pivot = 1:7, tol = 1e-07, 
    rank = 7L), .Names = c("qr", "qraux", "pivot", "tol", "rank"
), class = "qr"), df.residual = 20L, xlevels = structure(list(), .Names = character(0)), 
    call = quote(lm(formula = y ~ . + 0, data = structure(list(y = c(43, 
        63, 71, 61, 81, 43, 58, 71, 72, 64, 67, 69, 68, 77, 65, 
        65, 50, 50, 64, 53, 40, 63, 66, 78, 48, 85, 82), x1 = c(1, 
        1, 1, 1, 1, 1, 1, 1, 1, 1, 1, 1, 1, 1, 1, 1, 1, 1, 1, 
        1, 1, 1, 1, 1, 1, 1, 1), x2 = c(51, 64, 70, 63, 78, 55, 
        67, 75, 82, 53, 60, 62, 83, 77, 60, 70, 58, 40, 61, 66, 
        37, 54, 77, 75, 57, 85, 82), x3 = c(65, 33, 52, 47, 58, 
        33, 50, 64, 83, 72, 42, 66, 46, 50, 44, 64, 68, 39, 57, 
        50, 45, 64, 42, 33, 44, 50, 52), x4 = c(39, 54, 69, 47, 
        66, 44, 56, 55, 67, 58, 39, 42, 45, 72, 75, 57, 54, 34, 
        62, 50, 58, 48, 63, 74, 45, 71, 59), x5 = c(61, 63, 76, 
        54, 71, 54, 66, 70, 71, 58, 59, 55, 59, 79, 55, 75, 64, 
        43, 66, 63, 50, 66, 88, 80, 51, 77, 64), x6 = c(92, 73, 
        86, 84, 83, 49, 68, 66, 83, 67, 74, 63, 77, 77, 80, 85, 
        78, 64, 80, 80, 57, 75, 76, 78, 83, 74, 78), x7 = c(45, 
        47, 48, 35, 47, 34, 35, 41, 31, 34, 41, 25, 35, 46, 60, 
        46, 52, 33, 41, 37, 49, 33, 72, 49, 38, 55, 39)), .Names = c("y", 
        "x1", "x2", "x3", "x4", "x5", "x6", "x7"),