
expected <- structure(list(coefficients = structure(c(5.04603565216237, 0.0720344026334194, 
0.118919285766082, 0.492706707014637, 0.586952431811409, 0.0588500489259636, 
-0.500927320180423), .Names = c("x1", "x2", "x3", "x4", "x5", 
"x6", "x7")), residuals = structure(c(-8.90832942978769, 1.42952164390215, 
-7.15686772241202, 3.58473146358808, 11.0959761135493, -11.2056915425033, 
-9.88283705170058, -10.1151363544449, 8.1300761258832, -1.20247639958575, 
13.9478487994581, 6.89220531326292, 5.60891624143223, -1.47435367499013, 
9.63328476438287, 3.06008749147351, 2.4296382781249, -10.6720530422588, 
6.18416034045424, -5.29670040167773, -10.8431751106898, -12.8971945755371, 
-0.193956299423489, -1.07846475227983, -4.41217131064775, 8.62245958438963, 
14.7205015080376), .Names = c("1", "2", "3", "4", "5", "6", "7", 
"9", "10", "11", "12", "13", "14", "15", "16", "17", "18", "20", 
"21", "22", "23", "24", "25", "27", "28", "29", "30")), effects = structure(c(-334.285805860793, 
11.4489539605699, -27.5375233231768, 30.873913764287, 16.7936213762869, 
-2.62089191416936, -17.2992357198575, -5.91221011354457, 9.76880375241167, 
-0.428065056657001, 16.1033137822359, 11.3617870954693, 6.87927534659924, 
4.1487491423763, 11.1426418057136, 7.19158993349102, -5.10843079737843, 
-10.1055533145648, 4.19041515644203, -3.83441244337768, -8.49243369594586, 
-15.6734711750178, 3.95561305283234, 4.2159756264372, -8.25329738180898, 
14.0192833018782, 16.897432292795), .Names = c("x1", "x2", "x3", 
"x4", "x5", "x6", "x7", "", "", "", "", "", "", "", "", "", "", 
"", "", "", "", "", "", "", "", "", "")), rank = 7L, fitted.values = structure(c(51.9083294297877, 
61.5704783560979, 78.156867722412, 57.4152685364119, 69.9040238864507, 
54.2056915425033, 67.8828370517006, 82.1151363544449, 58.8699238741168, 
65.2024763995857, 53.0521512005419, 62.1077946867371, 62.3910837585678, 
78.4743536749901, 71.3667152356171, 70.9399125085265, 62.5703617218751, 
60.6720530422588, 43.8158396595458, 69.2967004016777, 63.8431751106898, 
52.8971945755371, 63.1939562994235, 79.0784647522798, 52.4121713106478, 
76.3775404156104, 67.2794984919624), .Names = c("1", "2", "3", 
"4", "5", "6", "7", "9", "10", "11", "12", "13", "14", "15", 
"16", "17", "18", "20", "21", "22", "23", "24", "25", "27", "28", 
"29", "30")), assign = 1:7, qr = structure(list(qr = structure(c(-5.19615242270663, 
0.192450089729875, 0.192450089729875, 0.192450089729875, 0.192450089729875, 
0.192450089729875, 0.192450089729875, 0.192450089729875, 0.192450089729875, 
0.192450089729875, 0.192450089729875, 0.192450089729875, 0.192450089729875, 
0.192450089729875, 0.192450089729875, 0.192450089729875, 0.192450089729875, 
0.192450089729875, 0.192450089729875, 0.192450089729875, 0.192450089729875, 
0.192450089729875, 0.192450089729875, 0.192450089729875, 0.192450089729875, 
0.192450089729875, 0.192450089729875, -344.870560795937, -67.6335441648321, 
0.107001483803072, -0.0260685794493545, -0.45484989437384, -0.159138642701781, 
0.0330736708850573, -0.0852108297837664, -0.0260685794493545, 
-0.114781954950972, -0.0260685794493545, 0.254857109639102, -0.247852018203399, 
-0.247852018203399, -0.0704252672001634, -0.0112830168657516, 
0.210500421888293, -0.0112830168657516, 0.151358171553881, -0.0556397046165604, 
-0.0112830168657516, 0.254857109639102, -0.410493206623031, -0.247852018203399, 
-0.144353080118178, 0.210500421888293, 0.210500421888293, -275.588528493181, 
8.04882217977026, -63.6410199830377, -0.0699449238495567, 0.0687094431922418, 
-0.0177031095462483, -0.112368451942644, 0.349593867424365, -0.0699449238495567, 
0.0486863441706121, -0.0385186519178205, 0.141013136812318, 0.509469693586491, 
0.0537887505763162, 0.00508384612639582, 0.229783629453067, 0.263181314685875, 
0.292636173316539, -0.244354916026422, 0.0376890880092614, 0.0412259978626494, 
-0.0946839026757037, -0.147737550476524, 0.116641294439789, -0.0950898194244594, 
0.357460130481083, -0.145360220426696, -291.754336030491, 4.69414231357944, 
-30.3431581643099, 54.8148263516628, -0.158691859628802, 0.16907312158701, 
-0.122655670074075, -0.0165807642198651, 0.0725634490455811, 
-0.0458831903248493, 0.238900248467628, 0.284017669785632, 0.498140370765041, 
-0.290094913934477, -0.332207596913148, -0.135185327546856, -0.236112965111973, 
0.179245031893641, 0.186049341540602, -0.129495228233251, 0.0890909159618837, 
-0.160805792121438, 0.0266175316350382, -0.285799624355135, 0.0997417621508975, 
-0.101967354917779, -0.209302629166904, -328.319853079167, 14.3102341272116, 
-20.6570272651884, 25.7099334616548, 33.2201417706338, 0.149157374842611, 
-0.0841288930977966, 0.0815075992679095, -0.089854131718148, 
0.266276991049808, -0.127939737370381, 0.000828322657430464, 
0.151329578616134, -0.0907225523503582, 0.420530420400274, -0.17172477827387, 
0.595879718440989, 0.0398969700345531, 0.175683620083722, 0.0738200392432628, 
-0.050225605433119, 0.371870107971628, -0.100347806461541, -0.0738955891714326, 
0.23589916691105, -0.114086224564185, -0.0306988966032463, -387.979380895428, 
7.19564045735344, -7.6745612020787, 1.76385760984694, 21.8485848210202, 
45.4406427817094, 0.189509371576394, -0.0379298780016186, -0.0259550142584675, 
0.153897540442737, 0.149410100327597, 0.338643002629992, 0.202907303894991, 
0.081166774462866, 0.323123295348718, 0.0904116742611146, -0.292389000951037, 
0.0793525313755156, 0.14328271688545, -0.0781452846808714, -0.0110057256340117, 
0.200655858026941, 0.139214031839572, 0.0710368726185422, -0.205253917998965, 
0.172371038591721, -0.10797442704273, -217.276151305029, -8.4403657815212, 
-15.0864990653633, 22.6141187360385, 7.96684817539802, 10.5705473664184, 
34.534422505897, 0.467803570494893, -0.0415133819113243, 0.203658836607933, 
-0.190145651178318, 0.348296975918506, -0.0836851276934667, 0.0579104125104557, 
0.309667025810663, -0.399516683095056, -0.147123868574359, -0.315117891920916, 
0.0172513544781022, 0.14758372103987, 0.107425843869543, -0.113221512000035, 
0.0409396423372633, -0.00432439590023966, -0.0163063575442317, 
-0.0939809700739694, 0.284517080322235), .Dim = c(27L, 7L), .Dimnames = list(
    c("1", "2", "3", "4", "5", "6", "7", "9", "10", "11", "12", 
    "13", "14", "15", "16", "17", "18", "20", "21", "22", "23", 
    "24", "25", "27", "28", "29", "30"), c("x1", "x2", "x3", 
    "x4", "x5", "x6", "x7")), assign = 1:7), qraux = c(1.19245008972988, 
1.2548571096391, 1.30206793292557, 1.07256344904558, 1.1108725546676, 
1.611726826898, 1.23559196165635), pivot = 1:7, tol = 1e-07, 
    rank = 7L), .Names = c("qr", "qraux", "pivot", "tol", "rank"
), class = "qr"), df.residual = 20L, xlevels = structure(list(), .Names = character(0)), 
    call = quote(lm(formula = y ~ . + 0, data = structure(list(y = c(43, 
        63, 71, 61, 81, 43, 58, 72, 67, 64, 67, 69, 68, 77, 81, 
        74, 65, 50, 50, 64, 53, 40, 63, 78, 48, 85, 82), x1 = c(1, 
        1, 1, 1, 1, 1, 1, 1, 1, 1, 1, 1, 1, 1, 1, 1, 1, 1, 1, 
        1, 1, 1, 1, 1, 1, 1, 1), x2 = c(75, 85, 75, 66, 37, 57, 
        70, 62, 66, 60, 66, 85, 51, 51, 63, 67, 82, 67, 78, 64, 
        67, 85, 40, 51, 58, 82, 82), x3 = c(30, 51, 68, 45, 56, 
        49, 42, 72, 45, 53, 47, 57, 83, 54, 50, 64, 65, 68, 33, 
        52, 52, 42, 42, 58, 44, 71, 39), x4 = c(39, 54, 69, 47, 
        66, 44, 56, 67, 47, 58, 39, 42, 45, 72, 72, 69, 75, 54, 
        34, 62, 50, 58, 48, 74, 45, 71, 59), x5 = c(61, 63, 76, 
        54, 71, 54, 66, 71, 62, 58, 59, 55, 59, 79, 60, 79, 55, 
        64, 43, 66, 63, 50, 66, 80, 51, 77, 64), x6 = c(92, 73, 
        86, 84, 83, 49, 68, 83, 80, 67, 74, 63, 77, 77, 54, 79, 
        80, 78, 64, 80, 80, 57, 75, 78, 83, 74, 78), x7 = c(45, 
        47, 48, 35, 47, 34, 35, 31, 41, 34, 41, 25, 35, 46, 36, 
        63, 60, 52, 33, 41, 37, 49, 33, 49, 38, 55, 39)), .Names = c("y", 
        "x1", "x2", "x3", "x4", "x5", "x6", "x7"),