
expected <- structure(list(coefficients = structure(c(12.6798443213458, 0.0513228176635402, 
0.183584212171022, 0.356121497852695, 0.543664188299666, 0.00730297234679576, 
-0.412361784320769), .Names = c("x1", "x2", "x3", "x4", "x5", 
"x6", "x7")), residuals = structure(c(2.37198603267504, -4.84097934610601, 
5.01107018396446, -12.6576914703538, -8.64140070981373, 3.97074952939865, 
-7.00389168540117, 9.16513927287893, -0.248390538715578, 11.8847143357591, 
8.22871596794166, 2.46403917013778, 1.45127055457226, 11.1225386071395, 
4.52536886218898, 3.57156896220555, -2.28919693547086, -11.497473437709, 
5.7860424280477, -3.81685423956874, -10.8184649260382, -11.6725170278211, 
-0.898430837108174, -2.86488329380659, 1.22890354352676, -4.73094989458642, 
11.199016892063), .Names = c("2", "3", "4", "6", "7", "8", "9", 
"10", "11", "12", "13", "14", "15", "16", "17", "18", "19", "20", 
"21", "22", "23", "24", "25", "26", "27", "28", "29")), effects = structure(c(-333.516005501874, 
-2.39057734134974, 26.509822150963, 23.5502775461551, -16.5414415297994, 
-1.11333502499788, -17.5212935178504, 9.21865630645277, -3.05558541160062, 
17.4612461674421, 10.4136360228632, 11.4563267966125, -3.37988251895427, 
3.99350231963038, 0.965817111170092, -2.39846570204371, -1.35797701512337, 
-10.016916725173, 4.52235784209704, -3.97356368329921, -6.15990274035056, 
-21.0941635146362, 1.57302861675333, -3.75133369972405, -2.47554357257541, 
-4.21773026332548, 8.62313611821749), .Names = c("x1", "x2", 
"x3", "x4", "x5", "x6", "x7", "", "", "", "", "", "", "", "", 
"", "", "", "", "", "", "", "", "", "", "", "")), rank = 7L, 
    fitted.values = structure(c(60.628013967325, 75.840979346106, 
    55.9889298160355, 55.6576914703538, 66.6414007098137, 67.0292504706014, 
    79.0038916854012, 57.8348607271211, 64.2483905387156, 55.1152856642409, 
    60.7712840320583, 65.5359608298622, 75.5487294454277, 69.8774613928605, 
    69.474631137811, 61.4284310377944, 67.2891969354709, 61.497473437709, 
    44.2139575719523, 67.8168542395687, 63.8184649260382, 51.6725170278211, 
    63.8984308371082, 68.8648832938066, 76.7710964564732, 52.7309498945864, 
    73.800983107937), .Names = c("2", "3", "4", "6", "7", "8", 
    "9", "10", "11", "12", "13", "14", "15", "16", "17", "18", 
    "19", "20", "21", "22", "23", "24", "25", "26", "27", "28", 
    "29")), assign = 1:7, qr = structure(list(qr = structure(c(-5.19615242270663, 
    0.192450089729875, 0.192450089729875, 0.192450089729875, 
    0.192450089729875, 0.192450089729875, 0.192450089729875, 
    0.192450089729875, 0.192450089729875, 0.192450089729875, 
    0.192450089729875, 0.192450089729875, 0.192450089729875, 
    0.192450089729875, 0.192450089729875, 0.192450089729875, 
    0.192450089729875, 0.192450089729875, 0.192450089729875, 
    0.192450089729875, 0.192450089729875, 0.192450089729875, 
    0.192450089729875, 0.192450089729875, 0.192450089729875, 
    0.192450089729875, 0.192450089729875, -345.447911065126, 
    -57.1379098387467, -0.248155213428553, -0.300659759157763, 
    0.294391759106626, 0.154379637162064, -0.230653698185482, 
    -0.248155213428553, -0.10814309148399, 0.241887213377415, 
    -0.300659759157763, -0.0381370305117093, -0.248155213428553, 
    0.241887213377415, -0.195650667699342, 0.294391759106626, 
    -0.020635515268639, -0.10814309148399, -0.125644606727061, 
    0.154379637162064, 0.241887213377415, -0.0906415762409201, 
    0.0318690304605719, -0.195650667699342, -0.0906415762409201, 
    -0.0731400609978498, -0.143146121970131, -282.709181813187, 
    6.79577354845736, 59.2312078249009, 0.0497037852114826, 0.231821413901759, 
    0.0817135529351199, -0.331083064723137, 0.122877224941303, 
    0.00285721603064487, 0.141764982304607, -0.0853601497271661, 
    -0.496110576975293, -0.0290697018646765, 0.0911160067026138, 
    -0.192258148277491, -0.156487399046856, 0.130440612869456, 
    -0.250387661979321, 0.338636562623768, 0.0479475692004577, 
    0.0573500229679517, 0.190450617324786, 0.203614052599277, 
    -0.226024132012153, -0.0796772525525118, 0.158565124343622, 
    -0.304797619088312, -293.87128701752, -8.43184112155031, 
    28.9237689836081, 51.8168535300096, -0.0258991362193626, 
    0.0299705926399356, -0.101044072581745, 0.0174040338941218, 
    -0.0759684847538805, 0.335329146435383, 0.215071951146226, 
    0.487034448316837, -0.377604378884367, -0.272375918824601, 
    -0.207091030335374, -0.169066070478216, -0.0989621889507924, 
    0.146993301476568, 0.187699101292634, -0.0856850128709282, 
    0.171631944678622, -0.17771774164719, 0.0512945648085322, 
    -0.0718630118054401, -0.331012973300877, 0.0977478738224743, 
    -0.162224748337959, -335.440506399173, 3.15416196936221, 
    25.5516301960955, 27.6206004961037, -40.6808868081107, 0.19571015241832, 
    -0.117338822081285, 0.0933139412609559, -0.191295300492172, 
    0.187727255974431, -0.0730718765591136, -0.120342689287541, 
    0.095846564400528, -0.290321543817837, 0.0952089701950953, 
    -0.528147554551467, 0.288102691826619, -0.0618392977613794, 
    -0.105050973389494, -0.0162428171447469, 0.0979528826899424, 
    -0.329261126593925, 0.226765236127967, 0.394748576485389, 
    0.0897329311293009, -0.120871519964516, -0.012993939717477, 
    -382.975678562452, -2.22009961879687, 16.7031298171113, 2.03809073413207, 
    -16.1835585145728, 43.4009776570738, -0.231256786478885, 
    -0.223218787514926, 0.129252821396389, -0.080991197255664, 
    0.0491456441256569, -0.306234501605947, 0.0439345325384887, 
    0.60474853288165, -0.0574557851891866, -0.0456336175278272, 
    -0.189685095687227, -0.19563165903099, 0.0583314924577836, 
    -0.0672456591019235, -0.148583020019005, 0.381602869742347, 
    -0.028773000477248, -0.00825433183704076, 0.0471388136250352, 
    -0.311932461397779, 0.0437663847582518, -222.664753817466, 
    -1.45132935663833, 21.0445233358477, 24.0905772407205, -13.8070210985375, 
    3.46853471644404, 42.4901001597687, -0.0147690167924607, 
    0.210991944565616, -0.1740063842733, 0.28971314809337, 0.178319252244272, 
    0.191160509031647, 0.216108775782612, -0.207977305468351, 
    -0.239942500496811, -0.00037780843091294, -0.152232864482703, 
    -0.117569575267948, 0.110121329777168, 0.068785872310972, 
    -0.235439680203539, 0.141432532173315, -0.439213007508166, 
    0.137401316898909, -0.0272707423905889, -0.00656107881137652
    ), .Dim = c(27L, 7L), .Dimnames = list(c("2", "3", "4", "6", 
    "7", "8", "9", "10", "11", "12", "13", "14", "15", "16", 
    "17", "18", "19", "20", "21", "22", "23", "24", "25", "26", 
    "27", "28", "29"), c("x1", "x2", "x3", "x4", "x5", "x6", 
    "x7")), assign = 1:7), qraux = c(1.19245008972988, 1.15437963716206, 
    1.1228772249413, 1.09873216386476, 1.14096981733745, 1.22800983419428, 
    1.53227582513343), pivot = 1:7, tol = 1e-07, rank = 7L), .Names = c("qr", 
    "qraux", "pivot", "tol", "rank"), class = "qr"), df.residual = 20L, 
    xlevels = structure(list(), .Names = character(0)), call = quote(lm(formula = y ~ 
        . + 0, data = structure(list(y = c(63, 71, 61, 43, 58, 
        71, 72, 67, 64, 67, 69, 68, 77, 81, 74, 65, 65, 50, 50, 
        64, 53, 40, 63, 66, 78, 48, 85), x1 = c(1, 1, 1, 1, 1, 
        1, 1, 1, 1, 1, 1, 1, 1, 1, 1, 1, 1, 1, 1, 1, 1, 1, 1, 
        1, 1, 1, 1), x2 = c(77, 77, 54, 51, 85, 77, 55, 54, 62, 
        82, 51, 66, 54, 82, 57, 85, 67, 62, 61, 77, 82, 63, 70, 
        57, 63, 64, 60), x3 = c(51, 68, 45, 49, 42, 50, 72, 45, 
        53, 47, 57, 83, 54, 50, 64, 65, 46, 68, 33, 52, 52, 42, 
        42, 66, 58, 44, 71), x4 = c(54, 69, 47, 44, 56, 55, 67, 
        47, 58, 39, 42, 45, 72, 72, 69, 75, 57, 54, 34, 62, 50, 
        58, 48, 63, 74, 45, 71), x5 = c(63, 76, 54, 54, 66, 70, 
        71, 62, 58, 59, 55, 59, 79, 60, 79, 55, 75, 64, 43, 66, 
        63, 50, 66, 88, 80, 51, 77), x6 = c(73, 86, 84, 49, 68, 
        66, 83, 80, 67, 74, 63, 77, 77, 54, 79, 80, 85, 78, 64, 
        80, 80, 57, 75, 76, 78, 83, 74),