
expected <- structure(list(coefficients = structure(c(6.40779441616954, 0.6912916388771, 
-0.112237088271858, 0.311948297239662, 0.0648169894844621, 0.0657985775394158, 
-0.190107211097434), .Names = c("x1", "x2", "x3", "x4", "x5", 
"x6", "x7")), residuals = structure(c(-8.97983692537103, 1.27669657030004, 
1.62766149266468, -1.00833121000346, 4.65654490387399, -10.9526166936651, 
0.0497140174560327, -8.08313900872313, 7.06510276016393, 9.44527265008036, 
10.8480488655012, -4.0402757435867, 0.363794689690929, -5.45964979636658, 
-1.97102538155936, 3.26752278952569, -4.25521159039372, -4.20335906472766, 
5.39665576462934, 0.625256845863245, -3.36482858472241, 5.48026696380583, 
-1.47323950981711, 2.36296589747704, -9.74987349145307, 7.99887284078193, 
3.07700994857509), .Names = c("1", "2", "3", "4", "5", "6", "8", 
"9", "10", "12", "13", "14", "15", "16", "17", "18", "19", "20", 
"21", "22", "24", "25", "26", "27", "28", "29", "30")), effects = structure(c(-339.4819582835, 
54.8283956586102, 5.80475161533608, 9.31821960428338, -4.42647845443172, 
1.19609419204607, 7.92704945349548, -5.94202726925614, 8.12763948624645, 
8.63953634703457, 16.5654323906118, -3.73049120917313, 3.19021461425292, 
1.90376178702467, 0.667553958931864, 3.64518138676782, -4.16447853304399, 
-3.27428681869517, 5.46271007357477, 2.7001335400438, -0.243200313865594, 
6.64729324631572, -1.60249144009883, 3.58586390140197, -9.57172524419483, 
11.6249808581787, 7.06835356410083), .Names = c("x1", "x2", "x3", 
"x4", "x5", "x6", "x7", "", "", "", "", "", "", "", "", "", "", 
"", "", "", "", "", "", "", "", "", "")), rank = 7L, fitted.values = structure(c(51.979836925371, 
61.7233034297, 69.3723385073353, 62.0083312100035, 76.343455096126, 
53.9526166936651, 70.950285982544, 80.0831390087231, 59.9348972398361, 
57.5547273499196, 58.1519511344988, 72.0402757435867, 76.6362053103091, 
86.4596497963666, 75.9710253815594, 61.7324772104743, 69.2552115903937, 
54.2033590647277, 44.6033442353707, 63.3747431541368, 43.3648285847224, 
57.5197330361942, 67.4732395098171, 75.637034102523, 57.7498734914531, 
77.0011271592181, 78.9229900514249), .Names = c("1", "2", "3", 
"4", "5", "6", "8", "9", "10", "12", "13", "14", "15", "16", 
"17", "18", "19", "20", "21", "22", "24", "25", "26", "27", "28", 
"29", "30")), assign = 1:7, qr = structure(list(qr = structure(c(-5.19615242270663, 
0.192450089729875, 0.192450089729875, 0.192450089729875, 0.192450089729875, 
0.192450089729875, 0.192450089729875, 0.192450089729875, 0.192450089729875, 
0.192450089729875, 0.192450089729875, 0.192450089729875, 0.192450089729875, 
0.192450089729875, 0.192450089729875, 0.192450089729875, 0.192450089729875, 
0.192450089729875, 0.192450089729875, 0.192450089729875, 0.192450089729875, 
0.192450089729875, 0.192450089729875, 0.192450089729875, 0.192450089729875, 
0.192450089729875, 0.192450089729875, -348.719562590534, 70.3467601717852, 
-0.0780287364412797, 0.0214783337195374, -0.191751102339356, 
0.135200699617614, -0.149105215127578, -0.248612285288395, 0.0499089251940565, 
0.0641242209313161, 0.035693629456797, -0.262827581025654, -0.177535806602097, 
-0.362334651186471, -0.291258172500173, 0.0641242209313161, -0.0780287364412797, 
0.0925548124058353, 0.348430135676508, 0.0499089251940565, 0.391076022888286, 
0.149415995354874, -0.177535806602097, -0.149105215127578, 0.106770108143095, 
-0.291258172500173, -0.248612285288395, -278.475279839129, 37.4320326308127, 
-53.0034098114856, -0.075706467318834, -0.012820834695724, 0.0769060743699957, 
-0.0970914619501152, 0.250473687390347, -0.0564200426149869, 
-0.0090434088263427, 0.160337273653413, 0.448364292940387, -0.040911043780521, 
-0.241739647228969, 0.0706103645876936, 0.330557384104143, -0.124342243063939, 
0.406443940963071, -0.0803131118449159, 0.0756469324135353, 0.118416921676098, 
-0.0455176883066029, 0.185489484839803, 0.0538422237967673, -0.0367139039256529, 
0.202677339616216, -0.372127766315544, -293.87128701752, 38.6703428372584, 
-11.1993092197911, 48.2684858320112, -0.107781713378168, 0.123670080364893, 
0.0546436939298392, 0.0157286801850715, 0.0785726316673404, 0.250959607742599, 
0.275155952383693, 0.557391283462209, -0.253908605931057, -0.183741834899432, 
-0.0598830973881054, -0.366755652799726, -0.0531978074521516, 
0.0744881674426076, 0.103155243763194, -0.182367420860423, -0.35276932207614, 
-0.0166088494611066, 0.0179571101637227, -0.282048775483992, 
0.0825405083636648, -0.0514962842411523, -0.0534055120873466, 
-343.523410167827, -2.87622817083889, 12.7937940869293, -13.6354035102507, 
-55.2339441118397, 0.0919045032166566, 0.0802022168777344, 0.151748025164173, 
-0.00467831406900257, 0.396267659285568, -0.385412089458974, 
0.315106806668233, 0.013072177614961, -0.0282525205163069, -0.261035173601874, 
-0.0190052288692058, 0.187039071709201, -0.202278119339211, 0.385611549206241, 
-0.0949614563439517, -0.154869893969301, 0.16336624116088, 0.0476387830792533, 
0.231982469237462, 0.0891809969077082, -0.235040291679921, -0.114488774920277, 
-390.288781972187, 8.70923785502774, -2.19264660625914, 1.47069026615051, 
-2.56766284964395, 51.1199796668864, 0.269654068953415, 0.0148536702268099, 
-0.0560544164859593, 0.117149992505014, 0.296199830872102, 0.232028233204333, 
0.0333732552624105, 0.506826435633075, 0.0345684602926433, -0.0505163801416378, 
-0.125670710776091, 0.0190635670336097, 0.212358237909001, -0.0712945384948344, 
0.272705842140334, 0.0227307685400475, 0.114833866926733, 0.0364881501478464, 
-0.118134718551179, 0.154158425082352, -0.00579174467129524, 
-227.476006060713, 10.7846710326676, -14.0153888247995, 26.0485431054199, 
3.56342041278307, 11.401607237129, -41.6977841489279, -0.407795359180243, 
-0.000811533867920432, 0.199386673517181, -0.255856637360035, 
0.096591208968978, -0.149260105538821, -0.185138008767117, 0.318682542559307, 
0.00175711121516095, 0.0201227373036131, 0.118324859132577, -0.0024118055498334, 
-0.250066617136149, -0.0505023098824441, -0.211157813544282, 
0.627504848411501, -0.101361067756797, -0.0728852929123956, 0.124377972611263, 
-0.0970361471533755), .Dim = c(27L, 7L), .Dimnames = list(c("1", 
"2", "3", "4", "5", "6", "8", "9", "10", "12", "13", "14", "15", 
"16", "17", "18", "19", "20", "21", "22", "24", "25", "26", "27", 
"28", "29", "30"), c("x1", "x2", "x3", "x4", "x5", "x6", "x7"
)), assign = 1:7), qraux = c(1.19245008972988, 1.00726303798228, 
1.29072539273999, 1.09374745055647, 1.26657444648697, 1.55982289823726, 
1.05216278081417), pivot = 1:7, tol = 1e-07, rank = 7L), .Names = c("qr", 
"qraux", "pivot", "tol", "rank"), class = "qr"), df.residual = 20L, 
    xlevels = structure(list(), .Names = character(0)), call = quote(lm(formula = y ~ 
        . + 0, data = structure(list(y = c(43, 63, 71, 61, 81, 
        43, 71, 72, 67, 67, 69, 68, 77, 81, 74, 65, 65, 50, 50, 
        64, 40, 63, 66, 78, 48, 85, 82), x1 = c(1, 1, 1, 1, 1, 
        1, 1, 1, 1, 1, 1, 1, 1, 1, 1, 1, 1, 1, 1, 1, 1, 1, 1, 
        1, 1, 1, 1), x2 = c(51, 64, 70, 63, 78, 55, 75, 82, 61, 
        60, 62, 83, 77, 90, 85, 60, 70, 58, 40, 61, 37, 54, 77, 
        75, 57, 85, 82), x3 = c(30, 51, 68, 45, 56, 49, 50, 72, 
        45, 47, 57, 83, 54, 50, 64, 65, 46, 68, 33, 52, 42, 42, 
        66, 58, 44, 71, 39), x4 = c(39, 54, 69, 47, 66, 44, 55, 
        67, 47, 39, 42, 45, 72, 72, 69, 75, 57, 54, 34, 62, 58, 
        48, 63, 74, 45, 71, 59), x5 = c(62, 63, 64, 55, 80, 70, 
        71, 71, 66, 88, 43, 79, 66, 66, 50, 60, 77, 50, 88, 59, 
        55, 75, 66, 77, 71, 50, 63), x6 = c(92, 73, 86, 84, 83, 
        49, 66, 83, 80, 74, 63, 77, 77, 54, 79, 80, 85, 78, 64, 
        80, 57, 75, 76, 78, 83, 74, 78), x7 = c(45, 47, 48, 35, 
        47, 34, 41, 31, 41, 41, 25, 35, 46, 36, 63, 60, 46, 52, 
        33, 41, 49, 33, 72, 49, 38, 55, 39)), .Names = c("y", 
        "x1", "x2", "x3", "x4", "x5", "x6", "x7"),