
expected <- structure(list(coefficients = structure(c(9.67471993426993, 0.0126222171097561, 
0.0741542347147839, 0.517988362013308, 0.573488035012107, 0.0580096318767743, 
-0.484772936138536), .Names = c("x1", "x2", "x3", "x4", "x5", 
"x6", "x7")), residuals = structure(c(-8.55243351963176, 2.91903275797208, 
-5.70988922469824, 3.93570995624132, 9.77026706264216, -11.1477777630415, 
-9.50791377629002, 3.99607884322428, -9.00611146076818, 8.48848182048279, 
-1.0722239352466, 14.5526021434567, 6.88178626582937, -2.09068510451946, 
9.43723006603309, 3.6449028112181, -4.02397288266488, -9.55406083790693, 
6.90695802406626, -5.06913095854925, -10.1097649052366, -12.1324881401852, 
-2.31019347388782, -1.60045762587848, -4.62038880281051, 10.4593539278414, 
15.5150887323079), .Names = c("1", "2", "3", "4", "5", "6", "7", 
"8", "9", "10", "11", "12", "14", "15", "16", "17", "19", "20", 
"21", "22", "23", "24", "26", "27", "28", "29", "30")), effects = structure(c(-335.248056309443, 
12.0602364198347, -26.405072220317, 35.9029492677741, 10.665825727766, 
2.78322543812468, -15.3579762898109, 9.66602002750906, -6.21032174132769, 
10.351476426827, -0.904795717900779, 17.7017895697556, 9.30072933044416, 
3.16426124784058, 8.75656705088528, 5.78854597009718, 1.18929686464759, 
-10.0921013892939, 4.82531212333303, -4.78429921269133, -7.94192437488956, 
-18.3071062063294, 4.32172571409019, 3.02550225327201, -7.99135816376418, 
12.2469910548478, 15.3719969388015), .Names = c("x1", "x2", "x3", 
"x4", "x5", "x6", "x7", "", "", "", "", "", "", "", "", "", "", 
"", "", "", "", "", "", "", "", "", "")), rank = 7L, fitted.values = structure(c(51.5524335196318, 
60.0809672420279, 76.7098892246982, 57.0642900437587, 71.2297329373579, 
54.1477777630415, 67.50791377629, 67.0039211567757, 81.0061114607682, 
58.5115181795172, 65.0722239352466, 52.4473978565433, 61.1182137341706, 
79.0906851045195, 71.5627699339669, 70.3550971887819, 69.0239728826649, 
59.5540608379069, 43.0930419759337, 69.0691309585493, 63.1097649052366, 
52.1324881401852, 68.3101934738878, 79.6004576258785, 52.6203888028105, 
74.5406460721586, 66.4849112676921), .Names = c("1", "2", "3", 
"4", "5", "6", "7", "8", "9", "10", "11", "12", "14", "15", "16", 
"17", "19", "20", "21", "22", "23", "24", "26", "27", "28", "29", 
"30")), assign = 1:7, qr = structure(list(qr = structure(c(-5.19615242270663, 
0.192450089729875, 0.192450089729875, 0.192450089729875, 0.192450089729875, 
0.192450089729875, 0.192450089729875, 0.192450089729875, 0.192450089729875, 
0.192450089729875, 0.192450089729875, 0.192450089729875, 0.192450089729875, 
0.192450089729875, 0.192450089729875, 0.192450089729875, 0.192450089729875, 
0.192450089729875, 0.192450089729875, 0.192450089729875, 0.192450089729875, 
0.192450089729875, 0.192450089729875, 0.192450089729875, 0.192450089729875, 
0.192450089729875, 0.192450089729875, -349.874263128913, -63.9843730921856, 
0.100482967317105, -0.0401763775362587, -0.493412044285985, -0.180835722389622, 
0.022338886843014, 0.209884679980832, -0.102691641915531, -0.0401763775362587, 
-0.133949274105168, -0.0401763775362587, -0.274608618958531, 
-0.274608618958531, -0.0870628258207132, -0.0245475614414405, 
-0.11832045801035, -0.0245475614414405, 0.147369415601559, -0.071434009725895, 
-0.0245475614414405, 0.256771128265286, 0.334915208739377, -0.274608618958531, 
-0.165206906294804, 0.209884679980832, 0.209884679980832, -275.203628313722, 
12.4665856383, -62.4943773909773, -0.0736029252513774, 0.0405307702948356, 
-0.0288019689854495, -0.113071776335292, 0.0405461422089544, 
0.349900474250409, -0.0736029252513774, 0.0416053896854348, -0.0416000462165548, 
0.502443773404057, 0.0384020273991288, 2.67173444003634e-06, 
0.232558292446517, -0.0682708200693646, 0.296564050516162, -0.240013797055357, 
0.0341394176363423, 0.0405410182375815, -0.081063773329097, 0.313640109424173, 
0.102407785468774, -0.106675299705426, 0.376576372074592, -0.13546969248257, 
-293.67883692779, 6.77769657978616, -27.3948450268644, 50.7378166239658, 
-0.166257939216906, 0.190673664971784, -0.121093968128365, -0.0207949572906883, 
-0.0249891801365282, 0.0882247334788668, -0.0443544195182908, 
0.266650817712904, 0.524972096241743, -0.308090439417673, -0.352017178596535, 
-0.148427404676372, -0.0974816966684425, 0.188715598783454, 0.217506082735042, 
-0.134374531916231, 0.10153014547206, -0.16353881169832, -0.0140603045741328, 
-0.306003241098073, 0.118880821973184, -0.118237573658156, -0.213771820247949, 
-339.28950819377, 0.604314222332984, -28.8948004073059, 29.9616245894123, 
34.6793309528225, 0.095463895529978, -0.0187497496979164, -0.109098082266646, 
0.156966359936602, -0.0779863521879436, 0.279235111559407, -0.144449419312153, 
0.0880837377032805, -0.0539050640461828, 0.495021416095298, -0.0564188649975625, 
-0.255354909878339, 0.0902131102606164, 0.181130897910365, 0.130271904474433, 
-0.01974402836309, 0.502333183446581, -0.398722776287865, -0.0280049622943411, 
0.184991661420683, 0.0866215428273245, 0.103748955071683, -389.711431702997, 
8.0019538405469, -6.46846922954487, -2.09779478825319, 26.7626996418435, 
42.9591061995828, 0.177829770162484, 0.293499190835781, -0.0948446285631301, 
-0.00238099308951867, 0.125498942111158, 0.217862314006702, 0.271160925496772, 
0.0654473056133865, 0.224118979192142, 0.0456138720231139, -0.0326293430107839, 
0.066692749765953, 0.155824424712282, -0.125898158286127, -0.0049696792134874, 
0.0819185552794422, 0.274040487541887, 0.0456312270869192, -0.196296335928524, 
0.0708644377239935, -0.192922831031204, -225.166604983954, -15.7225889913871, 
-19.3191833546383, 15.3465460031631, 22.2265914347073, -0.600659566623192, 
31.6807625692659, 0.265857197286085, 0.479014743841424, 0.00330407514828376, 
0.158557067456761, -0.0651304268653918, 0.0277143327311354, 0.034797998579346, 
0.191823500489345, -0.37917987476254, 0.01245357127544, -0.282192236220141, 
0.0525348936877751, 0.0928100532034781, 0.162374601055708, -0.219509058594785, 
-0.37665166556981, -0.0389560408313848, -0.119673317692366, -0.0233025096020778, 
0.26442100020779), .Dim = c(27L, 7L), .Dimnames = list(c("1", 
"2", "3", "4", "5", "6", "7", "8", "9", "10", "11", "12", "14", 
"15", "16", "17", "19", "20", "21", "22", "23", "24", "26", "27", 
"28", "29", "30"), c("x1", "x2", "x3", "x4", "x5", "x6", "x7"
)), assign = 1:7), qraux = c(1.19245008972988, 1.25677112826529, 
1.3136349854528, 1.08822473347887, 1.04555627460174, 1.68524808277072, 
1.30666079139379), pivot = 1:7, tol = 1e-07, rank = 7L), .Names = c("qr", 
"qraux", "pivot", "tol", "rank"), class = "qr"), df.residual = 20L, 
    xlevels = structure(list(), .Names = character(0)), call = quote(lm(formula = y ~ 
        . + 0, data = structure(list(y = c(43, 63, 71, 61, 81, 
        43, 58, 71, 72, 67, 64, 67, 68, 77, 81, 74, 65, 50, 50, 
        64, 53, 40, 66, 78, 48, 85, 82), x1 = c(1, 1, 1, 1, 1, 
        1, 1, 1, 1, 1, 1, 1, 1, 1, 1, 1, 1, 1, 1, 1, 1, 1, 1, 
        1, 1, 1, 1), x2 = c(75, 85, 75, 66, 37, 57, 70, 82, 62, 
        66, 60, 66, 51, 51, 63, 67, 61, 67, 78, 64, 67, 85, 90, 
        51, 58, 82, 82), x3 = c(30, 51, 68, 45, 56, 49, 42, 50, 
        72, 45, 53, 47, 83, 54, 50, 64, 46, 68, 33, 52, 52, 42, 
        66, 58, 44, 71, 39), x4 = c(39, 54, 69, 47, 66, 44, 56, 
        55, 67, 47, 58, 39, 45, 72, 72, 69, 57, 54, 34, 62, 50, 
        58, 63, 74, 45, 71, 59), x5 = c(61, 63, 76, 54, 71, 54, 
        66, 70, 71, 62, 58, 59, 59, 79, 60, 79, 75, 64, 43, 66, 
        63, 50, 88, 80, 51, 77, 64), x6 = c(92, 73, 86, 84, 83, 
        49, 68, 66, 83, 80, 67, 74, 77, 77, 54, 79, 85, 78, 64, 
        80, 80, 57, 76, 78, 83, 74, 78), x7 = c(45, 47, 48, 35, 
        47, 34, 35, 41, 31, 41, 34, 41, 35, 46, 36, 63, 46, 52, 
        33, 41, 37, 49, 72, 49, 38, 55, 39)), .Names = c("y", 
        "x1", "x2", "x3", "x4", "x5", "x6", "x7"),