
expected <- structure(list(coefficients = structure(c(27.5874458221726, 0.777005536518087, 
-0.11602216105737, -0.269939391519806, 0.110952666861745, -0.0422644856442996, 
0.0599909079937342), .Names = c("x1", "x2", "x3", "x4", "x5", 
"x6", "x7")), residuals = structure(c(-6.87779802245679, 1.88322848438193, 
-0.28197922935464, 10.7399216490834, -11.941354816458, -7.39603467364979, 
3.74684350028338, -5.840254963206, 4.23577076912914, 4.91514957848272, 
5.3240917144814, 5.4396035816001, -0.404953525998642, -3.24421318047243, 
-1.8648412139899, -2.7874736234551, 4.70012155142607, -0.503546457510199, 
-9.54085538449968, 6.501871791013, -10.2786362972683, 9.20062808266212, 
-4.38503429070904, 4.92401346199069, -5.38607468210609, 9.51519167339835, 
-0.393385476797775), .Names = c("1", "2", "4", "5", "6", "7", 
"8", "9", "10", "11", "12", "13", "14", "15", "16", "17", "18", 
"19", "20", "21", "23", "25", "26", "27", "28", "29", "30")), 
    effects = structure(c(-339.4819582835, 47.9679701362602, 
    -3.77147328366682, 15.532571847366, 5.40843079868878, -1.52749091353552, 
    2.27704396305355, -2.63968971058555, 6.33275376582332, 9.80871273573046, 
    8.73164309032538, 11.243403132784, 1.93255077614581, 1.28656183040063, 
    7.29110177129231, -0.909058188048721, 10.3465963781887, -3.09474854666514, 
    -6.37951137727159, 8.9271580719634, -9.4349047684655, 6.70310013408786, 
    -5.24937156179149, 5.88941581429592, -5.34948439268156, 11.6272628494018, 
    6.36260686245995), .Names = c("x1", "x2", "x3", "x4", "x5", 
    "x6", "x7", "", "", "", "", "", "", "", "", "", "", "", "", 
    "", "", "", "", "", "", "", "")), rank = 7L, fitted.values = structure(c(49.8777980224568, 
    61.1167715156181, 61.2819792293546, 70.2600783509166, 54.941354816458, 
    65.3960346736498, 67.2531564997166, 77.840254963206, 62.7642292308709, 
    59.0848504215173, 61.6759082855186, 63.5603964183999, 68.4049535259986, 
    80.2442131804724, 82.8648412139899, 76.7874736234551, 60.2998784485739, 
    65.5035464575102, 59.5408553844997, 43.498128208987, 63.2786362972683, 
    53.7993719173379, 70.385034290709, 73.0759865380093, 53.3860746821061, 
    75.4848083266017, 82.3933854767978), .Names = c("1", "2", 
    "4", "5", "6", "7", "8", "9", "10", "11", "12", "13", "14", 
    "15", "16", "17", "18", "19", "20", "21", "23", "25", "26", 
    "27", "28", "29", "30")), assign = 1:7, qr = structure(list(
        qr = structure(c(-5.19615242270663, 0.192450089729875, 
        0.192450089729875, 0.192450089729875, 0.192450089729875, 
        0.192450089729875, 0.192450089729875, 0.192450089729875, 
        0.192450089729875, 0.192450089729875, 0.192450089729875, 
        0.192450089729875, 0.192450089729875, 0.192450089729875, 
        0.192450089729875, 0.192450089729875, 0.192450089729875, 
        0.192450089729875, 0.192450089729875, 0.192450089729875, 
        0.192450089729875, 0.192450089729875, 0.192450089729875, 
        0.192450089729875, 0.192450089729875, 0.192450089729875, 
        0.192450089729875, -352.183664205672, 64.6889995800419, 
        0.0319993232125807, -0.199879359366827, 0.155667953921598, 
        -0.0298349921419281, -0.153503622850946, -0.261713674721336, 
        0.0629164808898351, 0.186585111598853, 0.0783750597284623, 
        0.0474579020512079, -0.277172253559963, -0.1844207805282, 
        -0.385382305430354, -0.308089411237218, 0.0783750597284623, 
        -0.0762107286578097, 0.109292217405717, 0.387546636501006, 
        -0.0143764133033009, 0.171126532760225, -0.1844207805282, 
        -0.153503622850946, 0.124750796244344, -0.308089411237218, 
        -0.261713674721336, -275.588528493181, 34.8470719420076, 
        52.7318171508579, -0.00302588873069625, -0.0902646576236263, 
        0.157257799394405, 0.0820635886736593, -0.268189587627373, 
        0.0429785122827351, -0.185249401711592, -0.00451385976124781, 
        -0.17502347479897, -0.467227691914387, 0.0253372704040889, 
        0.225532685492643, -0.0877847059060403, -0.345863750065704, 
        0.110096087579433, -0.421884611358978, 0.069688370272463, 
        -0.0419456350071147, 0.0329179154846191, -0.202229323132215, 
        -0.0696474736838769, 0.0236839692590316, -0.220531885468885, 
        0.357618544597464, -295.218437645629, 10.8192875671681, 
        -5.11712513637133, -63.583269190501, -0.00274100867375868, 
        -0.00762055152652894, 0.230545309120824, -0.299933550956943, 
        -0.170329033891111, -0.376704958381255, -0.168582115865084, 
        -0.313329390984379, 0.170414048766731, -0.41760468393184, 
        -0.078123449319409, 0.119423813859814, -0.183932512843163, 
        0.144622222218482, -0.211914437313399, 0.00677188202958336, 
        -0.037160888641841, 0.0774544426712237, 0.227470373915329, 
        -0.0995626930801594, 0.119563472151709, 0.11957042915611, 
        -0.347806960573709, -336.210306758092, 34.3214802614943, 
        2.22433458214142, -7.6052514819849, 39.3557887464086, 
        -0.0651828680492279, 0.00299858869876514, 0.0780026825524963, 
        -0.042435343178334, -0.0238512013622449, 0.0331398888824445, 
        0.183513668438167, 0.529257597469666, -0.292298236118629, 
        0.371924579877538, -0.0619460227867365, 0.223775462538976, 
        -0.214492254308549, -0.0166040800523792, 0.175542896506142, 
        0.0458250567265758, -0.195445875904292, -0.351230638182153, 
        -0.266011620309492, 0.236332642557326, 0.0245135908627727, 
        0.0798944842359012, -388.749181254348, 2.79628514992061, 
        1.15192001105823, -6.44375139839719, 14.7875899858431, 
        45.8337560543403, 0.33036193631669, -0.229307383921491, 
        -0.0581397243512583, 0.123855521823654, 0.00506141412898855, 
        0.0817542482180466, -0.383630898098979, 0.194027549537365, 
        0.28897396796951, 0.0815107135205255, -0.31941994716185, 
        0.0628518046786954, -0.103250662313812, 0.10432379537912, 
        -0.0990714182629056, 0.204440347852673, 0.3667860183274, 
        0.199550194333429, -0.299551966544987, 0.106726653218248, 
        -0.0607415539395236, -221.317603189357, 16.3019301952679, 
        12.7879695700635, -17.6622773114402, 27.7840596390348, 
        6.82852160347799, 37.9564843941248, 0.401098929510993, 
        -0.0131267072360979, 0.0865576482103538, -0.0752999565791857, 
        0.228507972110528, 0.275946847618513, -0.0302562882488446, 
        -0.23974097262892, -0.302931105150059, -0.47681652336211, 
        0.116388936589434, -0.10996850945865, -0.070871542386841, 
        0.156823798065095, 0.332011625580618, -0.312011483999179, 
        0.0474018300063402, 0.0206144603926389, -0.105191545673667, 
        -0.19795666060552), .Dim = c(27L, 7L), .Dimnames = list(
            c("1", "2", "4", "5", "6", "7", "8", "9", "10", "11", 
            "12", "13", "14", "15", "16", "17", "18", "19", "20", 
            "21", "23", "25", "26", "27", "28", "29", "30"), 
            c("x1", "x2", "x3", "x4", "x5", "x6", "x7")), assign = 1:7), 
        qraux = c(1.19245008972988, 1.01654074437395, 1.06210772519193, 
        1.13119144911079, 1.14269141385117, 1.28210219635732, 
        1.06439900084192), pivot = 1:7, tol = 1e-07, rank = 7L), .Names = c("qr", 
    "qraux", "pivot", "tol", "rank"), class = "qr"), df.residual = 20L, 
    xlevels = structure(list(), .Names = character(0)), call = quote(lm(formula = y ~ 
        . + 0, data = structure(list(y = c(43, 63, 61, 81, 43, 
        58, 71, 72, 67, 64, 67, 69, 68, 77, 81, 74, 65, 65, 50, 
        50, 53, 63, 66, 78, 48, 85, 82), x1 = c(1, 1, 1, 1, 1, 
        1, 1, 1, 1, 1, 1, 1, 1, 1, 1, 1, 1, 1, 1, 1, 1, 1, 1, 
        1, 1, 1, 1), x2 = c(51, 64, 63, 78, 55, 67, 75, 82, 61, 
        53, 60, 62, 83, 77, 90, 85, 60, 70, 58, 40, 66, 54, 77, 
        75, 57, 85, 82), x3 = c(30, 51, 45, 56, 49, 42, 50, 72, 
        45, 53, 47, 57, 83, 54, 50, 64, 65, 46, 68, 33, 52, 42, 
        66, 58, 44, 71, 39),