
expected <- structure(list(coefficients = structure(c(15.1257001861997, 0.582700732244405, 
-0.0809240086025982, 0.370464516964817, 0.0170130792579479, 0.0008371637466016, 
-0.159878764189737), .Names = c("x1", "x2", "x3", "x4", "x5", 
"x6", "x7")), residuals = structure(c(-7.80111902435622, 1.08485844295579, 
-0.0163825950875454, 6.5885000461182, -12.3054613737554, -9.47217519812297, 
1.13424478972414, -6.22292577589694, 7.92449623768866, 5.1351816535191, 
11.2634963616616, 10.0126785730888, -1.25680963511182, 0.869892987269646, 
-4.60844544204354, -1.88260530190566, 0.892445662122862, -2.3354673831783, 
-6.0268509847646, 5.36623899488547, -10.0543564161629, 5.96220281252046, 
-1.66715322413605, 2.9097167092244, -8.65190898810544, 7.66808942959801, 
5.48961864225035), .Names = c("1", "2", "4", "5", "6", "7", "8", 
"9", "10", "11", "12", "13", "14", "15", "16", "17", "18", "19", 
"20", "21", "23", "25", "26", "27", "28", "29", "30")), effects = structure(c(-339.4819582835, 
47.9679701362602, -3.77147328366682, -12.3774262568539, -1.74207719996582, 
-2.47355341401836, 6.74120529844229, -1.28329923810564, 9.11726707917323, 
5.90648460396383, 16.5636822370863, 13.1832621009181, 8.42104271414651, 
1.10132118253129, -0.758488007382966, -3.50429062871413, -2.51162404911167, 
-0.914445772485737, -6.93494363326947, 9.46269838384765, -8.45505484123352, 
8.33840669783427, -2.0962021191132, 3.97278050045831, -6.97555650798302, 
7.67526820445541, 6.83484473945253), .Names = c("x1", "x2", "x3", 
"x4", "x5", "x6", "x7", "", "", "", "", "", "", "", "", "", "", 
"", "", "", "", "", "", "", "", "", "")), rank = 7L, fitted.values = structure(c(50.8011190243562, 
61.9151415570442, 61.0163825950875, 74.4114999538818, 55.3054613737554, 
67.472175198123, 69.8657552102759, 78.2229257758969, 59.0755037623113, 
58.8648183464809, 55.7365036383384, 58.9873214269113, 69.2568096351118, 
76.1301070127303, 85.6084454420435, 75.8826053019057, 64.1075543378771, 
67.3354673831783, 56.0268509847646, 44.6337610051145, 63.0543564161629, 
57.0377971874795, 67.667153224136, 75.0902832907756, 56.6519089881054, 
77.331910570402, 76.5103813577497), .Names = c("1", "2", "4", 
"5", "6", "7", "8", "9", "10", "11", "12", "13", "14", "15", 
"16", "17", "18", "19", "20", "21", "23", "25", "26", "27", "28", 
"29", "30")), assign = 1:7, qr = structure(list(qr = structure(c(-5.19615242270663, 
0.192450089729875, 0.192450089729875, 0.192450089729875, 0.192450089729875, 
0.192450089729875, 0.192450089729875, 0.192450089729875, 0.192450089729875, 
0.192450089729875, 0.192450089729875, 0.192450089729875, 0.192450089729875, 
0.192450089729875, 0.192450089729875, 0.192450089729875, 0.192450089729875, 
0.192450089729875, 0.192450089729875, 0.192450089729875, 0.192450089729875, 
0.192450089729875, 0.192450089729875, 0.192450089729875, 0.192450089729875, 
0.192450089729875, 0.192450089729875, -352.183664205672, 64.6889995800419, 
0.0319993232125807, -0.199879359366827, 0.155667953921598, -0.0298349921419281, 
-0.153503622850946, -0.261713674721336, 0.0629164808898351, 0.186585111598853, 
0.0783750597284623, 0.0474579020512079, -0.277172253559963, -0.1844207805282, 
-0.385382305430354, -0.308089411237218, 0.0783750597284623, -0.0762107286578097, 
0.109292217405717, 0.387546636501006, -0.0143764133033009, 0.171126532760225, 
-0.1844207805282, -0.153503622850946, 0.124750796244344, -0.308089411237218, 
-0.261713674721336, -275.588528493181, 34.8470719420076, 52.7318171508579, 
-0.00302588873069625, -0.0902646576236263, 0.157257799394405, 
0.0820635886736593, -0.268189587627373, 0.0429785122827351, -0.185249401711592, 
-0.00451385976124781, -0.17502347479897, -0.467227691914387, 
0.0253372704040889, 0.225532685492643, -0.0877847059060403, -0.345863750065704, 
0.110096087579433, -0.421884611358978, 0.069688370272463, -0.0419456350071147, 
0.0329179154846191, -0.202229323132215, -0.0696474736838769, 
0.0236839692590316, -0.220531885468885, 0.357618544597464, -289.060034774273, 
42.7395352490623, 7.58598380241519, -43.6128567367463, -0.082562417843346, 
0.083462585487816, -0.0755820515145921, 0.00542536610869037, 
-0.065835650466478, 0.242456890713533, -0.247261274047552, -0.252524263626296, 
-0.566053919392197, 0.270177073640488, 0.134034117241475, 0.0552691144573855, 
0.488135826620449, 0.0503456045159889, 0.0156421294048419, -0.0516331758695666, 
-0.0921261415763596, 0.0561839639606067, 0.00378419612822483, 
0.320048159909756, -0.0586438059743317, 0.0661086535406638, -0.0129195773925251, 
-349.296912859724, -7.98693239995742, -15.9277843940429, 7.213287733369, 
-58.1648497107806, 0.353363027798213, 0.0941238713454216, 0.118334576640001, 
-0.00702288494688068, -0.121317727086721, 0.393968039278501, 
-0.364535464019017, 0.336076532446996, -0.0245979441502119, -0.00776757635477669, 
-0.257605844935648, -0.146491585894682, 0.17497654966052, -0.261822881452379, 
0.342400802230861, -0.112312617463719, 0.12615647193708, 0.0218335104776811, 
0.163224970406203, 0.0746808404004005, -0.24937323347373, -0.0617311782915792, 
-388.749181254348, 2.79628514992061, 1.15192001105823, -2.77206729659743, 
2.65129019657632, 48.437735774076, 0.208420507819135, -0.1672123821477, 
-0.0589305093959117, 0.269720500751879, -0.191525477412253, 0.449446124537242, 
-0.256846617730906, 0.09028099507795, 0.590053410268, 0.160016488142532, 
0.0454404138584366, -0.222273611866089, 0.0798070495745443, 0.0301207485493479, 
-0.000276341064315396, -0.0328702177310207, 0.0270124097119664, 
-0.0448937871961174, -0.177410954627061, 0.245783260708197, 0.102150727977337, 
-221.317603189357, 16.3019301952679, 12.7879695700635, -22.8872802742183, 
4.72066174434704, 15.7250635699951, -42.1644821474984, -0.526257578537414, 
-0.00264513694735637, -0.284096356671412, 0.121569093095671, 
-0.25942609968963, -0.210562941373471, -0.0776377236775205, 0.012678960649178, 
0.320395085317152, -0.00440320921081842, 0.0221014551197979, 
0.011564356670417, 0.0355851796493916, -0.146445067302686, -0.183439279801561, 
0.558877017348194, -0.0769370115818169, -0.0990788614718613, 
0.104239945965861, 0.0286321874777036), .Dim = c(27L, 7L), .Dimnames = list(
    c("1", "2", "4", "5", "6", "7", "8", "9", "10", "11", "12", 
    "13", "14", "15", "16", "17", "18", "19", "20", "21", "23", 
    "25", "26", "27", "28", "29", "30"), c("x1", "x2", "x3", 
    "x4", "x5", "x6", "x7")), assign = 1:7), qraux = c(1.19245008972988, 
1.01654074437395, 1.06210772519193, 1.1105858676205, 1.06591361937771, 
1.03024384431867, 1.10152290905272), pivot = 1:7, tol = 1e-07, 
    rank = 7L), .Names = c("qr", "qraux", "pivot", "tol", "rank"
), class = "qr"), df.residual = 20L, xlevels = structure(list(), .Names = character(0)), 
    call = quote(lm(formula = y ~ . + 0, data = structure(list(y = c(43, 
        63, 61, 81, 43, 58, 71, 72, 67, 64, 67, 69, 68, 77, 81, 
        74, 65, 65, 50, 50, 53, 63, 66, 78, 48, 85, 82), x1 = c(1, 
        1, 1, 1, 1, 1, 1, 1, 1, 1, 1, 1, 1, 1, 1, 1, 1, 1, 1, 
        1, 1, 1, 1, 1, 1, 1, 1), x2 = c(51, 64, 63, 78, 55, 67, 
        75, 82, 61, 53, 60, 62, 83, 77, 90, 85, 60, 70, 58, 40, 
        66, 54, 77, 75, 57, 85, 82), x3 = c(30, 51, 45, 56, 49, 
        42, 50, 72, 45, 53, 47, 57, 83, 54, 50, 64, 65, 46, 68, 
        33, 52, 42, 66, 58, 44, 71, 39), x4 = c(39, 54, 47, 66, 
        44, 56, 55, 67, 47, 58, 39, 42, 45, 72, 72, 69, 75, 57, 
        54, 34, 50, 48, 63, 74, 45, 71, 59), x5 = c(62, 63, 55, 
        80, 70, 88, 71, 71, 66, 61, 88, 43, 79, 66, 66, 50, 60, 
        77, 50, 88, 59, 75, 66, 77, 71, 50, 63), x6 = c(92, 73, 
        84, 83, 49, 68, 66, 83, 80, 67, 74, 63, 77, 77, 54, 79, 
        80, 85, 78, 64, 80, 75, 76, 78, 83, 74, 78), x7 = c(45, 
        47, 35, 47, 34, 35, 41, 31, 41, 34, 41, 25, 35, 46, 36, 
        63, 60, 46, 52, 33, 37, 33, 72, 49, 38, 55, 39)), .Names = c("y", 
        "x1", "x2", "x3", "x4", "x5", "x6", "x7"),