
expected <- structure(list(coefficients = structure(c(10.7870763857098, 0.613187607809699, 
-0.0730501430995276, 0.32033211637611, 0.0817321335319663, 0.0383814473020531, 
-0.217056681586501), .Names = c("(Intercept)", "complaints", 
"privileges", "learning", "raises", "critical", "advance")), 
    residuals = structure(c(-8.11029525553301, 1.64723369723728, 
    1.06055886817366, -0.226841636490305, 6.54620096560956, -10.9418498785009, 
    -9.14841398996342, 0.902992858726568, -7.53098619779692, 
    7.80154238960058, 6.07428169468623, 11.5989722990264, 9.41831971434041, 
    -2.21401465869547, 0.450670522933627, -3.54785194180099, 
    -2.15013186705394, 3.60263548573703, -3.0165586658416, -5.62014418532227, 
    7.39675819054756, 0.180983111527753, -10.6639998567575, -4.62474638937962, 
    5.68289834828417, -1.84347274572366, 2.8596385421244, -8.04535400732196, 
    7.33947295277272, 5.12150163485359), .Names = c("1", "2", 
    "3", "4", "5", "6", "7", "8", "9", "10", "11", "12", "13", 
    "14", "15", "16", "17", "18", "19", "20", "21", "22", "23", 
    "24", "25", "26", "27", "28", "29", "30")), effects = structure(c(-354.011346334172, 
    54.1071552819371, 2.74199956470326, 11.7152666077798, -0.970657024342076, 
    0.750890632923024, -8.60871907025493, 5.2920510973285, -5.43463629093358, 
    9.06647763266376, 7.98310360901326, 13.2504599805232, 12.7037962369681, 
    -2.47164250882067, 4.29770880092515, -2.21940167239062, -1.11419655696486, 
    -2.37189498492244, 0.077587177568127, -5.73355187147627, 
    7.68030208925561, 1.50029222066931, -9.15934917119515, -5.01670906217865, 
    10.2662456872383, 2.17641942938535, 6.37711998392392, -10.0728746860443, 
    9.09234787148552, 5.83800671184267), .Names = c("(Intercept)", 
    "complaints", "privileges", "learning", "raises", "critical", 
    "advance", "", "", "", "", "", "", "", "", "", "", "", "", 
    "", "", "", "", "", "", "", "", "", "", "")), rank = 7L, 
    fitted.values = structure(c(51.110295255533, 61.3527663027627, 
    69.9394411318263, 61.2268416364903, 74.4537990343904, 53.9418498785009, 
    67.1484139899634, 70.0970071412734, 79.5309861977969, 59.1984576103994, 
    57.9257183053138, 55.4010277009736, 59.5816802856596, 70.2140146586955, 
    76.5493294770664, 84.547851941801, 76.1501318670539, 61.397364514263, 
    68.0165586658416, 55.6201441853223, 42.6032418094524, 63.8190168884722, 
    63.6639998567575, 44.6247463893796, 57.3171016517158, 67.8434727457237, 
    75.1403614578756, 56.045354007322, 77.6605270472273, 76.8784983651464
    ), .Names = c("1", "2", "3", "4", "5", "6", "7", "8", "9", 
    "10", "11", "12", "13", "14", "15", "16", "17", "18", "19", 
    "20", "21", "22", "23", "24", "25", "26", "27", "28", "29", 
    "30")), assign = 0:6, qr = structure(list(qr = structure(c(-5.47722557505166, 
    0.182574185835055, 0.182574185835055, 0.182574185835055, 
    0.182574185835055, 0.182574185835055, 0.182574185835055, 
    0.182574185835055, 0.182574185835055, 0.182574185835055, 
    0.182574185835055, 0.182574185835055, 0.182574185835055, 
    0.182574185835055, 0.182574185835055, 0.182574185835055, 
    0.182574185835055, 0.182574185835055, 0.182574185835055, 
    0.182574185835055, 0.182574185835055, 0.182574185835055, 
    0.182574185835055, 0.182574185835055, 0.182574185835055, 
    0.182574185835055, 0.182574185835055, 0.182574185835055, 
    0.182574185835055, 0.182574185835055, -364.783223298441, 
    71.7021617526278, -0.081007858664559, 0.0166182076756718, 
    -0.192580505910537, 0.12819085492165, -0.0391681159473172, 
    -0.150740763193295, -0.248366829533526, 0.0445113694871663, 
    0.156084016733144, 0.0584579503929135, 0.030564788581419, 
    -0.262313410439273, -0.17863392500479, -0.359939476779504, 
    -0.290206572250768, 0.0584579503929135, -0.081007858664559, 
    0.0863511122044081, 0.337389568507859, 0.0445113694871663, 
    -0.02522153504157, 0.3792293112251, 0.142137435827397, -0.17863392500479, 
    -0.150740763193295, 0.100297693110155, -0.290206572250768, 
    -0.248366829533526, -291.023252221078, 36.785501796999, -54.6652862812375, 
    -0.0727335612475399, -0.0064193841883879, 0.0723912401364513, 
    -0.163589106785705, -0.0891961700156624, 0.250294822350667, 
    -0.0547455057477116, 0.163551875020958, -0.00916518830545845, 
    0.155778204656408, 0.442525387908618, -0.0340116461308127, 
    -0.224106586264375, 0.0769675803315689, 0.320111418925592, 
    -0.11739861065077, 0.392978908963929, -0.0853886611535482, 
    0.0733065081754749, 0.0283363694259041, 0.10623172571172, 
    -0.046666746036821, 0.185506092023221, 0.0571489887536936, 
    -0.0370625395942245, 0.205019594254755, -0.353378957572926, 
    -308.732948247079, 37.7171334015029, -12.2031676809065, 49.2287234568558, 
    -0.106707390339371, 0.127639197499169, -0.0806805434945135, 
    0.0529828890243067, 0.0146552008174519, 0.0808776555574453, 
    -0.142584696697616, 0.250465870208037, 0.27453062067367, 
    0.5465516083265, -0.249839623678602, -0.186063659044101, 
    -0.0613826877478655, -0.353313181381059, -0.0514041968709203, 
    0.0803465609137611, 0.111157815321635, -0.174238653066025, 
    0.104948243637755, -0.333867835555262, -0.0102833855536601, 
    0.0179813644431003, -0.2763033884762, 0.0860795223576105, 
    -0.0524255228555484, -0.0565904966986131, -354.011346334173, 
    37.4688842613806, -4.85051804126581, 16.1211318619723, 38.0477458083155, 
    0.0795356556555536, -0.00882304727715252, -0.0599461194053615, 
    0.130075094491641, -0.0539053153232621, 0.132427858346808, 
    -0.0772775988552232, 0.0878167554920146, 0.196915196051403, 
    -0.0727733902150744, 0.518707726577026, -0.0411311155335991, 
    0.478997983957193, -0.207602702252623, -0.0232981004990985, 
    0.12300630439078, 0.0284908589718121, -0.000836723016133464, 
    0.215006152581059, -0.201185947534737, -0.407266144459301, 
    -0.0860186614283234, 0.180693612792325, 0.0418937352049533, 
    0.187720736277457, -409.513898828029, 10.0024878256019, -2.72543710250957, 
    -0.405402894138595, 19.5272290266717, 48.4810465192218, 0.170330765914389, 
    0.292042566621809, -0.0381177945748575, -0.0468393073518061, 
    0.133947774904962, 0.112223724442185, 0.327295525365229, 
    0.178672423056785, 0.0418862036913952, 0.367784617117557, 
    0.0697869124992216, -0.216603592707091, -0.095339756252652, 
    0.0453779220533521, 0.141637342668484, -0.0886344254512581, 
    -0.025314511616463, 0.211342980984117, 0.0602639282309012, 
    0.239748845980492, 0.0279703746830219, -0.19334082189772, 
    0.169685295176357, -0.0612377918400954, -235.155551355551, 
    12.4431394841077, -14.5529199777879, 24.677098519661, 22.2516245152083, 
    5.11332842228385, 39.6611567417896, 0.00900322448363367, 
    0.378601699545774, 0.00406143085435745, 0.271675052721948, 
    -0.116480008537649, 0.214837921152169, -0.105293619361712, 
    0.173464868126633, -0.0194314016335316, -0.349201947881368, 
    -0.289419087010863, 0.0698234938556599, -0.148613064319322, 
    -0.0149760008214327, 0.198394104856813, 0.100924268734611, 
    -0.0925521418711385, 0.318652434467954, -0.444242419240934, 
    0.15353634151024, -0.0363365142110449, -0.166872072358639, 
    -0.0193588968130522), .Dim = c(30L, 7L), .Dimnames = list(
        c("1", "2", "3", "4", "5", "6", "7", "8", "9", "10", 
        "11", "12", "13", "14", "15", "16", "17", "18", "19", 
        "20", "21", "22", "23", "24", "25", "26", "27", "28", 
        "29", "30"), c("(Intercept)", "complaints", "privileges", 
        "learning", "raises", "critical", "advance")), assign = 0:6), 
        qraux = c(1.18257418583506, 1.00267162676992, 1.28505057596496, 
        1.09504836247928, 1.07415640835039, 1.55450146314015, 
        1.19613864445895), pivot = 1:7, tol = 1e-07, rank = 7L), .Names = c("qr", 
    "qraux", "pivot", "tol", "rank"), class = "qr"), df.residual = 23L, 
    xlevels = structure(list(), .Names = character(0)),