
expected <- structure(list(coefficients = structure(c(18.8676382847692, 0.568338518687587, 
-0.0781692456038789, 0.399698405944005, 0.0368747220383527, -0.0649498295972259, 
-0.186765158623714), .Names = c("x1", "x2", "x3", "x4", "x5", 
"x6", "x7")), residuals = structure(c(-6.87490239922471, -0.20098925879078, 
-0.888337629271692, 7.02528411828709, -11.1330773798276, -8.35758721167872, 
0.210304014864943, -7.09975109629412, 9.02242747145572, 5.6379498981908, 
11.7563193030736, 9.5563453428709, 0.278841419536999, 1.46662838953351, 
-3.79118018091243, -1.50883285586827, 2.2888552406856, -3.31062500307384, 
-7.56512990031909, 5.14883910775664, -10.3592580802731, 4.97132540324496, 
-1.70808014619979, 2.53585924811614, -8.89130982008416, 6.77938595300225, 
5.01069605119919), .Names = c("1", "2", "4", "5", "6", "7", "8", 
"9", "10", "11", "12", "13", "14", "15", "16", "17", "18", "19", 
"20", "21", "23", "25", "26", "27", "28", "29", "30")), effects = structure(c(-339.4819582835, 
47.9679701362602, -3.77147328366682, -12.3774262568539, -2.46364215164805, 
3.89624266874962, -7.18759171286014, -7.03693450039004, 12.0891298699996, 
6.9619892255451, 14.4425754971416, 13.3579095000355, 7.90246786591247, 
0.822036951658917, -0.63034820893946, -1.48851190297797, 3.21833184979498, 
-5.62407642052061, -9.24301345221176, 6.89632641949663, -8.85867094088981, 
3.61443563562812, -4.10464535832126, -0.466369995324995, -7.04461998468437, 
5.41643907832421, 5.94073612770319), .Names = c("x1", "x2", "x3", 
"x4", "x5", "x6", "x7", "", "", "", "", "", "", "", "", "", "", 
"", "", "", "", "", "", "", "", "", "")), rank = 7L, fitted.values = structure(c(49.8749023992247, 
63.2009892587908, 61.8883376292717, 73.9747158817129, 54.1330773798276, 
66.3575872116787, 70.7896959851351, 79.0997510962941, 57.9775725285443, 
58.3620501018092, 55.2436806969264, 59.4436546571291, 67.721158580463, 
75.5333716104665, 84.7911801809124, 75.5088328558683, 62.7111447593144, 
68.3106250030738, 57.5651299003191, 44.8511608922434, 63.3592580802731, 
58.028674596755, 67.7080801461998, 75.4641407518839, 56.8913098200842, 
78.2206140469978, 76.9893039488008), .Names = c("1", "2", "4", 
"5", "6", "7", "8", "9", "10", "11", "12", "13", "14", "15", 
"16", "17", "18", "19", "20", "21", "23", "25", "26", "27", "28", 
"29", "30")), assign = 1:7, qr = structure(list(qr = structure(c(-5.19615242270663, 
0.192450089729875, 0.192450089729875, 0.192450089729875, 0.192450089729875, 
0.192450089729875, 0.192450089729875, 0.192450089729875, 0.192450089729875, 
0.192450089729875, 0.192450089729875, 0.192450089729875, 0.192450089729875, 
0.192450089729875, 0.192450089729875, 0.192450089729875, 0.192450089729875, 
0.192450089729875, 0.192450089729875, 0.192450089729875, 0.192450089729875, 
0.192450089729875, 0.192450089729875, 0.192450089729875, 0.192450089729875, 
0.192450089729875, 0.192450089729875, -352.183664205672, 64.6889995800419, 
0.0319993232125807, -0.199879359366827, 0.155667953921598, -0.0298349921419281, 
-0.153503622850946, -0.261713674721336, 0.0629164808898351, 0.186585111598853, 
0.0783750597284623, 0.0474579020512079, -0.277172253559963, -0.1844207805282, 
-0.385382305430354, -0.308089411237218, 0.0783750597284623, -0.0762107286578097, 
0.109292217405717, 0.387546636501006, -0.0143764133033009, 0.171126532760225, 
-0.1844207805282, -0.153503622850946, 0.124750796244344, -0.308089411237218, 
-0.261713674721336, -275.588528493181, 34.8470719420076, 52.7318171508579, 
-0.00302588873069625, -0.0902646576236263, 0.157257799394405, 
0.0820635886736593, -0.268189587627373, 0.0429785122827351, -0.185249401711592, 
-0.00451385976124781, -0.17502347479897, -0.467227691914387, 
0.0253372704040889, 0.225532685492643, -0.0877847059060403, -0.345863750065704, 
0.110096087579433, -0.421884611358978, 0.069688370272463, -0.0419456350071147, 
0.0329179154846191, -0.202229323132215, -0.0696474736838769, 
0.0236839692590316, -0.220531885468885, 0.357618544597464, -289.060034774273, 
42.7395352490623, 7.58598380241519, -43.6128567367463, -0.082562417843346, 
0.083462585487816, -0.0755820515145921, 0.00542536610869037, 
-0.065835650466478, 0.242456890713533, -0.247261274047552, -0.252524263626296, 
-0.566053919392197, 0.270177073640488, 0.134034117241475, 0.0552691144573855, 
0.488135826620449, 0.0503456045159889, 0.0156421294048419, -0.0516331758695666, 
-0.0921261415763596, 0.0561839639606067, 0.00378419612822483, 
0.320048159909756, -0.0586438059743317, 0.0661086535406638, -0.0129195773925251, 
-336.210306758092, 34.3214802614943, 2.22433458214142, -15.0478369131155, 
37.1521272902704, -0.0374601498146478, -0.0653487120640131, 0.138130185142434, 
-0.0383945646106891, 0.129786979720916, -0.0243578643669359, 
0.158865371339088, 0.325217087068073, -0.137242779638185, 0.456474543060338, 
-0.0669189733086741, 0.446674051791264, -0.234794352486996, 0.0259014783272711, 
0.166045712013644, 0.0218094808812521, -0.200514755944425, -0.411294858343322, 
-0.148102529415978, 0.207769606822958, 0.0285686891143607, 0.142034990875549, 
-366.040070666223, 21.2040173069836, 5.77749175849448, -20.5528073027403, 
-9.34869947854126, -62.8160873958947, -0.26711331644703, -0.396828971607317, 
0.285642404284083, 0.150547107127129, 0.00414663557314557, -0.0942384305660857, 
-0.124907049354875, 0.187292970893486, -0.171063107609682, -0.0491056727261263, 
-0.0345276348681751, -0.172957193115535, -0.439174038252011, 
-0.121386462186115, -0.0822769478937755, -0.0431585090759347, 
-0.0163765791070469, -0.102373809696304, -0.203868415357464, 
-0.386966071782089, -0.250284187314959, -221.317603189357, 16.3019301952679, 
12.7879695700635, -22.8872802742183, 23.7775235457291, 0.983328501587378, 
38.4846497378098, 0.507321128972271, -0.0543170210823654, 0.284534068741464, 
-0.0956416003590327, 0.299861367493749, -0.00440324091336024, 
0.183526272264219, -0.026493983723723, -0.290997225785898, -0.32736657551098, 
0.119762676572095, 0.0157568381975175, -0.0219340042891316, 0.128283008581517, 
0.372570487110189, -0.296630315159454, 0.234613580099727, -0.0644768546321397, 
-0.0145436428458464, -0.0537780639117197), .Dim = c(27L, 7L), .Dimnames = list(
    c("1", "2", "4", "5", "6", "7", "8", "9", "10", "11", "12", 
    "13", "14", "15", "16", "17", "18", "19", "20", "21", "23", 
    "25", "26", "27", "28", "29", "30"), c("x1", "x2", "x3", 
    "x4", "x5", "x6", "x7")), assign = 1:7), qraux = c(1.19245008972988, 
1.01654074437395, 1.06210772519193, 1.1105858676205, 1.1217415644853, 
1.25224179901779, 1.11299537796015), pivot = 1:7, tol = 1e-07, 
    rank = 7L), .Names = c("qr", "qraux", "pivot", "tol", "rank"
), class = "qr"), df.residual = 20L, xlevels = structure(list(), .Names = character(0)), 
    call = quote(lm(formula = y ~ . + 0, data = structure(list(y = c(43, 
        63, 61, 81, 43, 58, 71, 72, 67, 64, 67, 69, 68, 77, 81, 
        74, 65, 65, 50, 50, 53, 63, 66, 78, 48, 85, 82), x1 = c(1, 
        1, 1, 1, 1, 1, 1, 1, 1, 1, 1, 1, 1, 1, 1, 1, 1, 1, 1, 
        1, 1, 1, 1, 1, 1, 1, 1), x2 = c(51, 64, 63, 78, 55, 67, 
        75, 82, 61, 53, 60, 62, 83, 77, 90, 85, 60, 70, 58, 40, 
        66, 54, 77, 75, 57, 85, 82), x3 = c(30, 51, 45, 56, 49, 
        42, 50, 72, 45, 53, 47, 57, 83, 54, 50, 64, 65, 46, 68, 
        33, 52, 42, 66, 58, 44, 71, 39), x4 = c(39, 54, 47, 66, 
        44, 56, 55, 67, 47, 58, 39, 42, 45, 72, 72, 69, 75, 57, 
        54, 34, 50, 48, 63, 74, 45, 71, 59), x5 = c(61, 63, 54, 
        71, 54, 66, 70, 71, 62, 58, 59, 55, 59, 79, 60, 79, 55, 
        75, 64, 43, 63, 66, 88, 80, 51, 77, 64), x6 = c(78, 49, 
        54, 78, 83, 86, 57, 67, 84, 84, 64, 67, 84, 92, 86, 83, 
        92, 57, 49, 49, 67, 57, 73, 75, 57, 67, 63), x7 = c(45, 
        47, 35, 47, 34, 35, 41, 31, 41, 34, 41, 25, 35, 46, 36, 
        63, 60, 46, 52, 33, 37, 33, 72, 49, 38, 55, 39)), .Names = c("y", 
        "x1", "x2", "x3", "x4", "x5", "x6", "x7"),