
expected <- structure(list(coefficients = structure(c(18.350400313964, -0.0307727627790306, 
0.0794218327096342, 0.521018998395958, 0.446212814698099, 0.101190667353411, 
-0.509177115429061), .Names = c("x1", "x2", "x3", "x4", "x5", 
"x6", "x7")), residuals = structure(c(-10.0066199414178, 3.26656142083493, 
-4.50596286240878, 1.47514446819337, 9.29706877871964, -12.339307913854, 
-8.757308471814, 5.35474653116144, -9.57998786433738, 7.3652673125966, 
-2.21904410282046, 14.1819954403726, 7.6218792247534, 5.34569657335095, 
-1.1111644123512, 9.78181795040191, 5.20362217166464, 2.94010924550588, 
-3.28513293864225, -9.95148175123416, 4.33066285719885, -5.0830482071849, 
-10.3750264301602, -13.0953652576806, -1.77743682866379, 1.04114320526001, 
14.8811718025554), .Names = c("1", "2", "3", "4", "5", "6", "7", 
"8", "9", "10", "11", "12", "13", "14", "15", "16", "17", "18", 
"19", "20", "21", "22", "23", "24", "25", "26", "30")), effects = structure(c(-332.553755053224, 
-1.48507153266824, -19.9704869081781, 26.1924387766102, 11.8416365866976, 
1.8150424347071, -21.8505437792944, 10.8012696290467, -5.68132593369936, 
9.1838272726431, -0.873068677925793, 15.6175905507464, 11.8244622778079, 
7.09146878211233, 4.58003432239533, 11.1976219250239, 8.90490263855283, 
-4.93094036250986, 0.845870426914849, -9.33412422538495, 2.93540728923797, 
-4.30345081052138, -9.06786616862554, -15.4030919927979, 2.66059081959212, 
8.63956799855353, 16.5452307893746), .Names = c("x1", "x2", "x3", 
"x4", "x5", "x6", "x7", "", "", "", "", "", "", "", "", "", "", 
"", "", "", "", "", "", "", "", "", "")), rank = 7L, fitted.values = structure(c(53.0066199414179, 
59.7334385791651, 75.5059628624088, 59.5248555318066, 71.7029312212804, 
55.3393079138541, 66.757308471814, 65.6452534688386, 81.5799878643374, 
59.6347326874034, 66.2190441028205, 52.8180045596274, 61.3781207752466, 
62.6543034266491, 78.1111644123512, 71.2181820495981, 68.7963778283354, 
62.0598907544941, 68.2851329386422, 59.9514817512342, 45.6693371428012, 
69.0830482071849, 63.3750264301602, 53.0953652576806, 64.7774368286638, 
64.95885679474, 67.1188281974446), .Names = c("1", "2", "3", 
"4", "5", "6", "7", "8", "9", "10", "11", "12", "13", "14", "15", 
"16", "17", "18", "19", "20", "21", "22", "23", "24", "25", "26", 
"30")), assign = 1:7, qr = structure(list(qr = structure(c(-5.19615242270663, 
0.192450089729875, 0.192450089729875, 0.192450089729875, 0.192450089729875, 
0.192450089729875, 0.192450089729875, 0.192450089729875, 0.192450089729875, 
0.192450089729875, 0.192450089729875, 0.192450089729875, 0.192450089729875, 
0.192450089729875, 0.192450089729875, 0.192450089729875, 0.192450089729875, 
0.192450089729875, 0.192450089729875, 0.192450089729875, 0.192450089729875, 
0.192450089729875, 0.192450089729875, 0.192450089729875, 0.192450089729875, 
0.192450089729875, 0.192450089729875, -340.444208732149, -60.6031413438341, 
0.220128204460629, -0.159390076110152, -0.175890870917578, -0.208892460532428, 
0.352134562920032, 0.220128204460629, -0.142889281302727, -0.159390076110152, 
-0.0273837176507501, 0.302632178497756, -0.208892460532428, 0.0386194615789511, 
-0.159390076110152, 0.302632178497756, -0.109887691687877, 0.352134562920032, 
0.0551202563863765, -0.0273837176507501, -0.0438845124581754, 
0.220128204460629, 0.302632178497756, -0.0108829228433248, 0.104622640808652, 
-0.109887691687877, -0.159390076110152, -273.471577506153, -2.2306630017445, 
-62.4765591151509, -0.0547694319312477, 0.12221726855842, 0.012016579115299, 
-0.131328093221627, 0.00408526125445542, 0.376471986063683, -0.0547694319312477, 
0.0659132634809215, -0.0485360790570647, 0.140064604059425, 0.542410692255415, 
0.0892845961308939, -0.00051806970301752, 0.246582628736567, 
0.236809978492735, -0.0507320893026617, 0.306003310251158, -0.253286132687899, 
0.0360972674904869, 0.031493936533014, -0.111073437008746, -0.117518100349208, 
0.278594634972599, -0.150805450639342, -288.867584684543, -10.6216227315945, 
-25.1171429301637, 50.8018580377915, -0.218018049167681, 0.143182459646693, 
-0.072427495556677, 0.00296016003377665, -0.0800674983210587, 
0.0537096001224969, -0.0660228457005829, 0.302156985880897, 0.258800300367673, 
0.486080746594996, -0.352618032861579, -0.318832103778544, -0.19054887261074, 
-0.227213108765718, -0.10021541188854, 0.155681685502588, 0.213209582035818, 
-0.115767775325936, 0.133285223616246, -0.16829726511163, 0.0465235614511957, 
-0.0533806557011922, -0.239689134174179, -333.131105322414, 2.08826725396195, 
-19.5396377281641, 23.2200785777778, 40.3402567522398, 0.149977412944323, 
-0.106041936665312, -0.170164697453584, 0.118649932403921, -0.0256300868472882, 
0.230937676474858, -0.158615453005036, 0.118303918138458, 0.085725361348857, 
-0.0534099714447601, 0.311136152481759, -0.0795759175313141, 
0.511402397456907, -0.24195290367537, 0.0656123110966609, 0.196227148745917, 
0.0377423838984929, -0.0816377020412962, 0.394811899339521, -0.172899760185237, 
-0.385411742251167, 0.0846152120507062, -386.439780177589, 3.68273294479791, 
-9.49025759783214, 4.54358416053213, 22.118346621201, 46.2904241803956, 
0.144212778795299, 0.278220502881323, -0.0298396922900634, -0.0438201052878963, 
0.154907530682587, 0.0846402854563609, 0.347920537416241, 0.165392032757402, 
0.0620549187849944, 0.326370271464722, 0.0805549822831179, -0.237011634128415, 
-0.104007506115273, 0.0690286734482665, 0.141909629289367, -0.0983680985105561, 
-0.0552114370136374, 0.243219393215744, 0.0627743358058582, 0.278920338494833, 
-0.086808754146862, -220.547802830437, -2.07543330244506, -15.2347514915121, 
21.794301062852, 16.4910655354985, 5.63481035034717, 42.9134442950798, 
0.110980297162623, 0.393302455281718, -0.0127086446633277, 0.154488654196093, 
-0.0675607720511975, 0.193971726468709, 0.0218091491945128, 0.173165215748711, 
0.229369246971194, -0.253932080548952, -0.323209203137082, 0.0895357473839099, 
-0.241086228309405, -0.0922262391034236, 0.148200242719126, 0.140560112120759, 
-0.268715245992588, 0.238046688054373, -0.43066210231757, 0.140873399508545
), .Dim = c(27L, 7L), .Dimnames = list(c("1", "2", "3", "4", 
"5", "6", "7", "8", "9", "10", "11", "12", "13", "14", "15", 
"16", "17", "18", "19", "20", "21", "22", "23", "24", "25", "26", 
"30"), c("x1", "x2", "x3", "x4", "x5", "x6", "x7")), assign = 1:7), 
    qraux = c(1.19245008972988, 1.22012820446063, 1.29219331737874, 
    1.0537096001225, 1.06556804184008, 1.5911986396578, 1.25338983980796
    ), pivot = 1:7, tol = 1e-07, rank = 7L), .Names = c("qr", 
"qraux", "pivot", "tol", "rank"), class = "qr"), df.residual = 20L, 
    xlevels = structure(list(), .Names = character(0)), call = quote(lm(formula = y ~ 
        . + 0, data = structure(list(y = c(43, 63, 71, 61, 81, 
        43, 58, 71, 72, 67, 64, 67, 69, 68, 77, 81, 74, 65, 65, 
        50, 50, 64, 53, 40, 63, 66, 82), x1 = c(1, 1, 1, 1, 1, 
        1, 1, 1, 1, 1, 1, 1, 1, 1, 1, 1, 1, 1, 1, 1, 1, 1, 1, 
        1, 1, 1, 1), x2 = c(54, 77, 77, 54, 53, 51, 85, 77, 55, 
        54, 62, 82, 51, 66, 54, 82, 57, 85, 67, 62, 61, 77, 82, 
        63, 70, 57, 54), x3 = c(30, 51, 68, 45, 56, 49, 42, 50, 
        72, 45, 53, 47, 57, 83, 54, 50, 64, 65, 46, 68, 33, 52, 
        52, 42, 42, 66, 39), x4 = c(39, 54, 69, 47, 66, 44, 56, 
        55, 67, 47, 58, 39, 42, 45, 72, 72, 69, 75, 57, 54, 34, 
        62, 50, 58, 48, 63, 59), x5 = c(61, 63, 76, 54, 71, 54, 
        66, 70, 71, 62, 58, 59, 55, 59, 79, 60, 79, 55, 75, 64, 
        43, 66, 63, 50, 66, 88, 64), x6 = c(92, 73, 86, 84, 83, 
        49, 68, 66, 83, 80, 67, 74, 63, 77, 77, 54, 79, 80, 85, 
        78, 64, 80, 80, 57, 75, 76, 78), x7 = c(45, 47, 48, 35, 
        47, 34, 35, 41, 31, 41, 34, 41, 25, 35, 46, 36, 63, 60, 
        46, 52, 33, 41, 37, 49, 33, 72, 39)), .Names = c("y", 
        "x1", "x2", "x3", "x4", "x5", "x6", "x7"),