
expected <- structure(list(coefficients = structure(c(6.37590654582356, 0.617026769159408, 
-0.0968592094204419, 0.379406608393688, 0.00115402286565952, 
0.110312322303831, -0.191398042750945), .Names = c("x1", "x2", 
"x3", "x4", "x5", "x6", "x7")), residuals = structure(c(-4.95149801094367, 
0.712982326167967, -0.0976168801578343, -0.157941566593166, 6.83085308675947, 
-9.77000328213989, -6.99898160803928, 4.16463658861602, -5.65754904677593, 
8.65651733452136, 8.93962901313293, 12.489836926148, -4.07010680061587, 
0.857810238339971, -1.16237940891995, -3.68191568295936, -0.653756806720677, 
-4.79051014979021, 9.02723096992461, 0.929394211357828, -10.0430049020649, 
-3.81981528744071, -2.42612873344291, 1.14917178280724, -8.29957684395703, 
6.35683009085971, 6.46589244192621), .Names = c("1", "2", "3", 
"4", "5", "6", "7", "8", "9", "10", "11", "12", "14", "15", "16", 
"17", "19", "20", "21", "22", "23", "24", "26", "27", "28", "29", 
"30")), effects = structure(c(-335.248056309443, 55.507881731414, 
-0.17788515556548, 12.0231002234516, -2.54099063432071, 4.69580215180072, 
-5.69757128462768, 8.47032450983236, -4.40282308328131, 9.85188150475973, 
10.0040459008807, 14.8964285282724, -3.57328247880284, 2.72523753920679, 
-2.5610814681562, -4.24549813840255, 2.15639879365732, -4.77818296631057, 
9.57076148759786, 0.896178276009736, -8.73065403215344, -6.14281420309611, 
1.36329583719085, 2.2426298972965, -10.875877529521, 6.50444042567657, 
5.63765133580814), .Names = c("x1", "x2", "x3", "x4", "x5", "x6", 
"x7", "", "", "", "", "", "", "", "", "", "", "", "", "", "", 
"", "", "", "", "", "")), rank = 7L, fitted.values = structure(c(47.9514980109437, 
62.287017673832, 71.0976168801578, 61.1579415665932, 74.1691469132405, 
52.7700032821399, 64.9989816080393, 66.835363411384, 77.6575490467759, 
58.3434826654786, 55.0603709868671, 54.510163073852, 72.0701068006159, 
76.14218976166, 82.1623794089199, 77.6819156829594, 65.6537568067207, 
54.7905101497902, 40.9727690300754, 63.0706057886422, 63.0430049020649, 
43.8198152874407, 68.4261287334429, 76.8508282171928, 56.299576843957, 
78.6431699091403, 75.5341075580738), .Names = c("1", "2", "3", 
"4", "5", "6", "7", "8", "9", "10", "11", "12", "14", "15", "16", 
"17", "19", "20", "21", "22", "23", "24", "26", "27", "28", "29", 
"30")), assign = 1:7, qr = structure(list(qr = structure(c(-5.19615242270663, 
0.192450089729875, 0.192450089729875, 0.192450089729875, 0.192450089729875, 
0.192450089729875, 0.192450089729875, 0.192450089729875, 0.192450089729875, 
0.192450089729875, 0.192450089729875, 0.192450089729875, 0.192450089729875, 
0.192450089729875, 0.192450089729875, 0.192450089729875, 0.192450089729875, 
0.192450089729875, 0.192450089729875, 0.192450089729875, 0.192450089729875, 
0.192450089729875, 0.192450089729875, 0.192450089729875, 0.192450089729875, 
0.192450089729875, 0.192450089729875, -350.644063487833, 69.9767157041593, 
-0.0740027970375246, 0.0260304773103873, -0.188326539149424, 
0.140354219422287, -0.0311313937455624, -0.145455135857462, -0.245488410205373, 
0.0546114128383621, 0.168935154950261, 0.0689018806023495, -0.259778877969361, 
-0.174036071385436, -0.359812152317273, -0.288359813497336, -0.0740027970375246, 
0.0974828161303243, 0.354711235882098, 0.0546114128383621, -0.0168409259815749, 
0.39758263917406, -0.174036071385436, -0.145455135857462, 0.111773283894312, 
-0.288359813497336, -0.245488410205373, -267.890524903986, 10.6718037601955, 
62.6640189516324, 0.0944331589447048, 0.02504895195762, 0.261230787222878, 
0.0748668290113861, -0.0919307992667867, -0.345596041107421, 
0.0802791423342013, -0.37528995039386, 0.152992739286159, 0.251931446101182, 
0.145636912063904, 0.0142243253119895, 0.329917946917453, -0.127315840793045, 
-0.276072424661834, 0.0593269363354499, -0.0793020681802178, 
0.0677898207061343, -0.0576528148889568, 0.273301880475439, 0.402770953327913, 
0.0998454722675201, 0.202252978505918, 0.149105711487278, -293.67883692779, 
37.9020254461815, 5.93225986404679, 43.5773507767873, -0.118299320500048, 
0.140044746954963, -0.0157386161825583, 0.0808540551841356, -0.145471683369855, 
0.118453983294805, -0.296551180875705, 0.30024125755575, 0.45694873909805, 
-0.25093866383221, -0.111312111860137, -0.0582818552395144, -0.0310229273199035, 
-0.129657208749488, 0.157894627034422, -0.248565497089506, 0.108751271367108, 
-0.446121519432421, -0.0261661814234211, -0.284459947078567, 
0.118405310837269, -0.122420433218098, 0.108802231455378, -339.28950819377, 
36.8715239374229, -0.637209564786998, 21.160683006768, 33.5848151821519, 
0.109106625930094, 0.0258966379925199, -0.0861510654314823, 0.117861517756982, 
-0.0609509540059286, 0.152164322426739, -0.1184125970509, 0.150517173154952, 
0.0121358255608064, 0.639596506220599, 0.0308282964146536, -0.23313822264633, 
-0.0571148472724853, 0.127167305415451, 0.0803400775658799, -0.00507076619828669, 
0.336306795593937, -0.407591678474518, 0.0438751831903015, 0.206941412170055, 
0.110143910083765, 0.244986363988095, -389.711431702997, 9.93187509597131, 
10.2771732292195, -7.16897744609488, 25.2806453556643, 42.1572330718365, 
0.220506611949125, 0.397051724953142, -0.111501986428545, -0.0160518848385128, 
0.068083636424028, 0.195051469299904, 0.155642710222289, -0.011142566132242, 
0.367646252190064, 0.0158796350214715, -0.042709829183126, -0.0328673352206439, 
0.189076234703168, -0.175259867171142, -0.0184161875155625, 0.0787662225264592, 
0.256968422397289, -0.0863981738545607, -0.228003603813521, 0.0891234549141916, 
-0.00968147845212115, -225.166604983954, 11.2561251087674, -13.1035827576709, 
19.5614748466547, 28.0489544215898, -0.236887844258479, 29.7681794585621, 
0.0328126286041975, 0.338515225374767, 0.0693821538363529, 0.191736952640716, 
-0.0283127660851764, -0.055751301681705, 0.250319768547619, -0.15649158512666, 
-0.378869691062859, 0.108382810252646, -0.288513757338457, 0.0231481932626986, 
0.196715476427818, 0.175150914202063, -0.236434098842801, -0.412642844982217, 
0.289855533122524, -0.0439834403549613, -0.201930053131373, -0.0104756037219907
), .Dim = c(27L, 7L), .Dimnames = list(c("1", "2", "3", "4", 
"5", "6", "7", "8", "9", "10", "11", "12", "14", "15", "16", 
"17", "19", "20", "21", "22", "23", "24", "26", "27", "28", "29", 
"30"), c("x1", "x2", "x3", "x4", "x5", "x6", "x7")), assign = 1:7), 
    qraux = c(1.19245008972988, 1.0117400095464, 1.06418161182426, 
    1.14484661579011, 1.12642836831336, 1.60758367430432, 1.30040476870514
    ), pivot = 1:7, tol = 1e-07, rank = 7L), .Names = c("qr", 
"qraux", "pivot", "tol", "rank"), class = "qr"), df.residual = 20L, 
    xlevels = structure(list(), .Names = character(0)), call = quote(lm(formula = y ~ 
        . + 0, data = structure(list(y = c(43, 63, 71, 61, 81, 
        43, 58, 71, 72, 67, 64, 67, 68, 77, 81, 74, 65, 50, 50, 
        64, 53, 40, 66, 78, 48, 85, 82), x1 = c(1, 1, 1, 1, 1, 
        1, 1, 1, 1, 1, 1, 1, 1, 1, 1, 1, 1, 1, 1, 1, 1, 1, 1, 
        1, 1, 1, 1), x2 = c(51, 64, 70, 63, 78, 55, 67, 75, 82, 
        61, 53, 60, 83, 77, 90, 85, 70, 58, 40, 61, 66, 37, 77, 
        75, 57, 85, 82), x3 = c(65, 33, 52, 47, 58, 33, 50, 64, 
        83, 47, 72, 42, 46, 50, 64, 42, 64, 68, 39, 57, 50, 45, 
        42, 33, 44, 50, 52), x4 = c(39, 54, 69, 47, 66, 44, 56, 
        55, 67, 47, 58, 39, 45, 72, 72, 69, 57, 54, 34, 62, 50, 
        58, 63, 74, 45, 71, 59), x5 = c(61, 63, 76, 54, 71, 54, 
        66, 70, 71, 62, 58, 59, 59, 79, 60, 79, 75, 64, 43, 66, 
        63, 50, 88, 80, 51, 77, 64), x6 = c(92, 73, 86, 84, 83, 
        49, 68, 66, 83, 80, 67, 74, 77, 77, 54, 79, 85, 78, 64, 
        80, 80, 57, 76, 78, 83, 74, 78), x7 = c(45, 47, 48, 35, 
        47, 34, 35, 41, 31, 41, 34, 41, 35, 46, 36, 63, 46, 52, 
        33, 41, 37, 49, 72, 49, 38, 55, 39)), .Names = c("y", 
        "x1", "x2", "x3", "x4", "x5", "x6", "x7"),