
expected <- structure(list(coefficients = structure(c(6.40950693166296, 0.644604961130153, 
-0.0734617549686466, 0.326381924295423, 0.0437099241751225, 0.0594037881839548, 
-0.14879615086378), .Names = c("x1", "x2", "x3", "x4", "x5", 
"x6", "x7")), residuals = structure(c(-8.28873937067426, 1.36091847759158, 
1.17924666114358, -0.239889708010058, 5.45006811225098, -10.5353696532602, 
-9.46809902293117, -7.26669467331108, 7.6989031062424, 6.80246147900372, 
10.4962913689243, 11.2022030675477, -3.32089005612896, 0.809023534362968, 
-3.98636236061044, -2.52396705698722, 1.7634356979362, -5.50741109348478, 
6.3955043183727, 0.623375995817448, -10.2782503217434, -4.60369875772196, 
6.37763106138555, 2.64549212638805, -8.9865243936336, 7.444151113212, 
4.75719034831795), .Names = c("1", "2", "3", "4", "5", "6", "7", 
"9", "10", "11", "12", "13", "14", "15", "16", "17", "18", "20", 
"21", "22", "23", "24", "25", "27", "28", "29", "30")), effects = structure(c(-334.285805860793, 
-54.1626149974308, 2.33757936933778, 11.6749073260769, -3.41602342708801, 
1.05330945649493, -5.05137043237787, -4.38684222956476, 8.48429778662821, 
12.2538166393622, 8.27542427019656, 17.9580021823556, -5.3521983420771, 
2.99430185736466, 1.63320414493674, -3.91729128324738, 2.02613406908841, 
-5.2360492132572, 7.63440497796275, 3.94765218776272, -7.99858451371852, 
0.11428254604478, 9.02691825128265, 3.15273431705612, -8.29554944138164, 
8.20226630252589, 7.31228645399167), .Names = c("x1", "x2", "x3", 
"x4", "x5", "x6", "x7", "", "", "", "", "", "", "", "", "", "", 
"", "", "", "", "", "", "", "", "", "")), rank = 7L, fitted.values = structure(c(51.2887393706743, 
61.6390815224084, 69.8207533388564, 61.2398897080101, 75.549931887749, 
53.5353696532602, 67.4680990229312, 79.2666946733111, 59.3010968937576, 
57.1975385209963, 56.5037086310757, 57.7977969324523, 71.320890056129, 
76.190976465637, 84.9863623606104, 76.5239670569872, 63.2365643020638, 
55.5074110934848, 43.6044956816273, 63.3766240041826, 63.2782503217434, 
44.603698757722, 56.6223689386144, 75.354507873612, 56.9865243936336, 
77.555848886788, 77.2428096516821), .Names = c("1", "2", "3", 
"4", "5", "6", "7", "9", "10", "11", "12", "13", "14", "15", 
"16", "17", "18", "20", "21", "22", "23", "24", "25", "27", "28", 
"29", "30")), assign = 1:7, qr = structure(list(qr = structure(c(-5.19615242270663, 
0.192450089729875, 0.192450089729875, 0.192450089729875, 0.192450089729875, 
0.192450089729875, 0.192450089729875, 0.192450089729875, 0.192450089729875, 
0.192450089729875, 0.192450089729875, 0.192450089729875, 0.192450089729875, 
0.192450089729875, 0.192450089729875, 0.192450089729875, 0.192450089729875, 
0.192450089729875, 0.192450089729875, 0.192450089729875, 0.192450089729875, 
0.192450089729875, 0.192450089729875, 0.192450089729875, 0.192450089729875, 
0.192450089729875, 0.192450089729875, -341.791359360259, -70.2329457353646, 
0.0940757185871527, -0.00559260554061164, 0.207982374733169, 
-0.119499261686628, 0.0513607225323965, 0.264935702806177, -0.0340692695771157, 
-0.147975925723132, -0.0483076015953678, -0.0198309375588637, 
0.279174034824429, 0.193744042714917, 0.378842358952194, 0.307650698860933, 
-0.0483076015953678, -0.0767842656318719, -0.333074241960409, 
-0.0340692695771157, 0.0371223905141445, -0.375789238015165, 
-0.13373759370488, 0.165267378678413, -0.0910225976501239, 0.307650698860933, 
0.264935702806177, -275.588528493181, -36.3393873843611, -52.8621971496863, 
-0.0777165698770799, -0.0219221343711548, 0.0791752168329003, 
-0.175079573263807, 0.240139952845125, -0.057410733231322, 0.175149493605607, 
-0.00942359484496873, 0.159441668826645, 0.438075244871355, -0.0496034361117502, 
-0.257259814436125, 0.0583443176225902, 0.331084385726301, 0.40814155246727, 
-0.0712047688317108, 0.0750090369908383, 0.0242444453764436, 
0.129507976422561, -0.0430916350663811, 0.0463708406609564, -0.0357161699715435, 
0.190764087844751, -0.384124678202203, -291.754336030491, -37.5876144912945, 
-11.4059006342731, 49.0355388976436, -0.104841902340487, 0.128440571929882, 
-0.0788666194452232, 0.0162392709473075, 0.0824488170952767, 
-0.143365288721313, 0.252446471064487, 0.276076731016642, 0.549517961724093, 
-0.248497668427881, -0.18275230798564, -0.0591726046853306, -0.355056995026528, 
0.0798686223314672, 0.111453037419439, -0.174195903115328, 0.10663670604758, 
-0.336326214380228, -0.00961120964501627, -0.27558306164323, 
0.0873092962742401, -0.0507034851737676, -0.0528199671590905, 
-342.368709629448, 2.87139695701419, 15.5601569152439, -12.2186684091618, 
-58.4893785679234, 0.085935782390818, 0.356361900581031, 0.173090906126483, 
-0.00401456873748362, -0.0455791987904948, 0.378812314518415, 
-0.351746308213511, 0.346276077106193, 0.0223583410399373, -0.00761007376629668, 
-0.220615512356848, -0.0170259156713823, -0.180119076571209, 
0.342686214392315, -0.0911635638399059, -0.10011837967307, -0.175064463101345, 
0.145649701596822, 0.229194313378688, 0.0811572032406942, -0.19197542017808, 
-0.0982760854268986, -387.979380895428, -10.5506040255248, -3.0821807510087, 
-1.39477922235196, 1.44963339460082, 50.310417116705, 0.173538279211439, 
-0.024271525146843, -0.0516400937533269, 0.194975432509112, 0.123789241174939, 
0.334310555383134, 0.224356604658181, -0.0135286320575034, 0.438851865674404, 
-0.00622903600598615, -0.0562296464478741, 0.0514591888412761, 
0.253616904506443, -0.0744299377996137, -0.0311717058475427, 
0.320629880918139, 0.0328613648389693, -0.0121928303618467, -0.108498618655078, 
0.118817732000993, -0.0586566186706979, -217.276151305029, -8.12850554553101, 
-11.28973643718, 24.9500673066765, 6.35480712681172, 13.0065186103099, 
33.9482601065556, 0.484966177505192, -0.046937722580849, 0.320922912580365, 
-0.294412478710009, 0.283353953498186, -0.108721990842427, 0.155461149353216, 
0.254424935821917, -0.385125143197223, -0.100896420179989, -0.219633254678698, 
-0.103301242655618, 0.23758759938197, 0.116102729622964, -0.0781589097452457, 
0.183330249036159, 0.0795567549353178, 0.0274893176979153, -0.152028648179087, 
0.136913587100388), .Dim = c(27L, 7L), .Dimnames = list(c("1", 
"2", "3", "4", "5", "6", "7", "9", "10", "11", "12", "13", "14", 
"15", "16", "17", "18", "20", "21", "22", "23", "24", "25", "27", 
"28", "29", "30"), c("x1", "x2", "x3", "x4", "x5", "x6", "x7"
)), assign = 1:7), qraux = c(1.19245008972988, 1.00864572647764, 
1.28630653259272, 1.0968936737861, 1.26686149529337, 1.59023058350133, 
1.12618802953335), pivot = 1:7, tol = 1e-07, rank = 7L), .Names = c("qr", 
"qraux", "pivot", "tol", "rank"), class = "qr"), df.residual = 20L, 
    xlevels = structure(list(), .Names = character(0)), call = quote(lm(formula = y ~ 
        . + 0, data = structure(list(y = c(43, 63, 71, 61, 81, 
        43, 58, 72, 67, 64, 67, 69, 68, 77, 81, 74, 65, 50, 50, 
        64, 53, 40, 63, 78, 48, 85, 82), x1 = c(1, 1, 1, 1, 1, 
        1, 1, 1, 1, 1, 1, 1, 1, 1, 1, 1, 1, 1, 1, 1, 1, 1, 1, 
        1, 1, 1, 1), x2 = c(51, 64, 70, 63, 78, 55, 67, 82, 61, 
        53, 60, 62, 83, 77, 90, 85, 60, 58, 40, 61, 66, 37, 54, 
        75, 57, 85, 82), x3 = c(30, 51, 68, 45, 56, 49, 42, 72, 
        45, 53, 47, 57, 83, 54, 50, 64, 65, 68, 33, 52, 52, 42, 
        42, 58, 44, 71, 39), x4 = c(39, 54, 69, 47, 66, 44, 56, 
        67, 47, 58, 39, 42, 45, 72, 72, 69, 75, 54, 34, 62, 50, 
        58, 48, 74, 45, 71, 59), x5 = c(62, 63, 64, 55, 80, 70, 
        88, 71, 66, 61, 88, 43, 79, 66, 66, 50, 60, 50, 88, 59, 
        59, 55, 75, 77, 71, 50, 63), x6 = c(92, 73, 86, 84, 83, 
        49, 68, 83, 80, 67, 74, 63, 77, 77, 54, 79, 80, 78, 64, 
        80, 80, 57, 75, 78, 83, 74, 78), x7 = c(45, 47, 48, 35, 
        47, 34, 35, 31, 41, 34, 41, 25, 35, 46, 36, 63, 60, 52, 
        33, 41, 37, 49, 33, 49, 38, 55, 39)), .Names = c("y", 
        "x1", "x2", "x3", "x4", "x5", "x6", "x7"),