
expected <- structure(list(coefficients = structure(c(10.2397789250719, 0.681933987983216, 
-0.0574762075199258, 0.275308911743669, -0.0536046233763524, 
-0.0264773668508187), .Names = c("x1", "x2", "x3", "x4", "x5", 
"x6")), residuals = structure(c(-10.9648628440708, -0.139155263870543, 
1.89065795414461, 0.947624139616201, 6.93472488177823, -13.2696383114615, 
-9.11392134982211, -4.29702961944892, 6.05346652923279, 9.18778206838429, 
7.35465192722875, 8.65349294668327, -5.25873665664376, 0.951130053663313, 
-0.410727303232784, -6.37225529178654, 8.31515701998576, -7.94535476874031, 
6.84574220094275, 2.35456433489759, -11.3350883371908, -2.46992684365532, 
5.07349812389254, 3.40263067189459, -7.16649392759731, 5.10085393265197, 
5.677213732524), .Names = c("1", "2", "3", "4", "5", "6", "7", 
"9", "10", "11", "12", "13", "14", "15", "16", "17", "18", "20", 
"21", "22", "23", "24", "25", "27", "28", "29", "30")), effects = structure(c(-334.285805860793, 
-54.1626149974308, 2.33757936933778, 8.29886836410051, 2.64768629316843, 
-1.04247957022358, -3.94482690151908, -1.33587018990715, 7.80908251956247, 
13.4838014358684, 9.31887843265984, 13.8387095782022, -5.19158206623882, 
4.62297674914567, 3.57710695045064, -6.93980044261205, 4.4818458040913, 
-8.02586595643609, 9.93748140512692, 4.76177312153546, -9.15775060774825, 
0.105065453132771, 10.4270691369481, 6.59637157140805, -7.39711620072762, 
6.07270163796427, 7.38712215317502), .Names = c("x1", "x2", "x3", 
"x4", "x5", "x6", "", "", "", "", "", "", "", "", "", "", "", 
"", "", "", "", "", "", "", "", "", "")), rank = 6L, fitted.values = structure(c(53.9648628440708, 
63.1391552638705, 69.1093420458554, 60.0523758603838, 74.0652751182218, 
56.2696383114615, 67.1139213498221, 76.2970296194489, 60.9465334707672, 
54.8122179316157, 59.6453480727712, 60.3465070533167, 73.2587366566438, 
76.0488699463367, 81.4107273032328, 80.3722552917865, 56.6848429800142, 
57.9453547687403, 43.1542577990572, 61.6454356651024, 64.3350883371908, 
42.4699268436553, 57.9265018761075, 74.5973693281054, 55.1664939275973, 
79.899146067348, 76.322786267476), .Names = c("1", "2", "3", 
"4", "5", "6", "7", "9", "10", "11", "12", "13", "14", "15", 
"16", "17", "18", "20", "21", "22", "23", "24", "25", "27", "28", 
"29", "30")), assign = 1:6, qr = structure(list(qr = structure(c(-5.19615242270663, 
0.192450089729875, 0.192450089729875, 0.192450089729875, 0.192450089729875, 
0.192450089729875, 0.192450089729875, 0.192450089729875, 0.192450089729875, 
0.192450089729875, 0.192450089729875, 0.192450089729875, 0.192450089729875, 
0.192450089729875, 0.192450089729875, 0.192450089729875, 0.192450089729875, 
0.192450089729875, 0.192450089729875, 0.192450089729875, 0.192450089729875, 
0.192450089729875, 0.192450089729875, 0.192450089729875, 0.192450089729875, 
0.192450089729875, 0.192450089729875, -341.791359360259, -70.2329457353646, 
0.0940757185871527, -0.00559260554061164, 0.207982374733169, 
-0.119499261686628, 0.0513607225323965, 0.264935702806177, -0.0340692695771157, 
-0.147975925723132, -0.0483076015953678, -0.0198309375588637, 
0.279174034824429, 0.193744042714917, 0.378842358952194, 0.307650698860933, 
-0.0483076015953678, -0.0767842656318719, -0.333074241960409, 
-0.0340692695771157, 0.0371223905141445, -0.375789238015165, 
-0.13373759370488, 0.165267378678413, -0.0910225976501239, 0.307650698860933, 
0.264935702806177, -275.588528493181, -36.3393873843611, -52.8621971496863, 
-0.0777165698770799, -0.0219221343711548, 0.0791752168329003, 
-0.175079573263807, 0.240139952845125, -0.057410733231322, 0.175149493605607, 
-0.00942359484496873, 0.159441668826645, 0.438075244871355, -0.0496034361117502, 
-0.257259814436125, 0.0583443176225902, 0.331084385726301, 0.40814155246727, 
-0.0712047688317108, 0.0750090369908383, 0.0242444453764436, 
0.129507976422561, -0.0430916350663811, 0.0463708406609564, -0.0357161699715435, 
0.190764087844751, -0.384124678202203, -328.319853079167, -33.1911339714365, 
-4.23117750984152, 35.7284177741534, -0.0428914327839564, 0.16120990974045, 
-0.0955401455915543, 0.0912983182746978, -0.0260834422599426, 
0.0527307261677482, 0.0596215901910857, 0.250434063668071, 0.501879499161213, 
-0.288588370770672, 0.349984732654861, -0.149589752788666, 0.277434376600782, 
0.023129619511824, 0.224638284863336, -0.0968724966977041, 0.0372124810904931, 
0.0515734324934401, -0.225847474030556, -0.313100779800946, 0.235819219186798, 
-0.0524452581415727, 0.0931494660040745, -387.979380895428, -10.5506040255248, 
-3.0821807510087, 18.7368750928916, -46.734510035605, -0.575612840281399, 
-0.196259216845954, 0.0585491239063708, 0.0639441589786328, -0.226341051935594, 
-0.0541072227973393, -0.28564511037517, -0.0251041874939765, 
-0.0841355037683842, -0.432986752947622, -0.0478076681601063, 
0.0556922913355529, -0.048970719630339, -0.186615983934252, 0.0253002368098345, 
0.052530413287559, -0.402744520462614, -0.0731669179952947, -0.0816557936690058, 
0.184417734411569, -0.159509288367263, 0.066688897089877, -217.276151305029, 
-8.12850554553101, -11.28973643718, 20.1341894012448, -5.38197339767, 
39.3724789967679, 0.169907946921513, 0.406782854335856, 0.0293669379785365, 
0.153593862954594, -0.0261625606167164, 0.300224595122779, 0.13181393404649, 
0.0996121282743838, -0.058528626611243, -0.332753407521771, -0.505502528638707, 
-0.163793901893735, -0.0458826618458385, 0.103528379285574, 0.14262618347835, 
-0.342207963056464, 0.293406331706268, 0.0580247944047743, -0.0314445344141118, 
-0.159526147496949, 0.00950980458123645), .Dim = c(27L, 6L), .Dimnames = list(
    c("1", "2", "3", "4", "5", "6", "7", "9", "10", "11", "12", 
    "13", "14", "15", "16", "17", "18", "20", "21", "22", "23", 
    "24", "25", "27", "28", "29", "30"), c("x1", "x2", "x3", 
    "x4", "x5", "x6")), assign = 1:6), qraux = c(1.19245008972988, 
1.00864572647764, 1.28630653259272, 1.21787523781817, 1.08696351490611, 
1.01797916612354), pivot = 1:6, tol = 1e-07, rank = 6L), .Names = c("qr", 
"qraux", "pivot", "tol", "rank"), class = "qr"), df.residual = 21L, 
    xlevels = structure(list(), .Names = character(0)), call = quote(lm(formula = y ~ 
        . + 0, data = structure(list(y = c(43, 63, 71, 61, 81, 
        43, 58, 72, 67, 64, 67, 69, 68, 77, 81, 74, 65, 50, 50, 
        64, 53, 40, 63, 78, 48, 85, 82), x1 = c(1, 1, 1, 1, 1, 
        1, 1, 1, 1, 1, 1, 1, 1, 1, 1, 1, 1, 1, 1, 1, 1, 1, 1, 
        1, 1, 1, 1), x2 = c(51, 64, 70, 63, 78, 55, 67, 82, 61, 
        53, 60, 62, 83, 77, 90, 85, 60, 58, 40, 61, 66, 37, 54, 
        75, 57, 85, 82), x3 = c(30, 51, 68, 45, 56, 49, 42, 72, 
        45, 53, 47, 57, 83, 54, 50, 64, 65, 68, 33, 52, 52, 42, 
        42, 58, 44, 71, 39), x4 = c(61, 63, 76, 54, 71, 54, 66, 
        71, 62, 58, 59, 55, 59, 79, 60, 79, 55, 64, 43, 66, 63, 
        50, 66, 80, 51, 77, 64), x5 = c(92, 73, 86, 84, 83, 49, 
        68, 83, 80, 67, 74, 63, 77, 77, 54, 79, 80, 78, 64, 80, 
        80, 57, 75, 78, 83, 74, 78), x6 = c(45, 47, 48, 35, 47, 
        34, 35, 31, 41, 34, 41, 25, 35, 46, 36, 63, 60, 52, 33, 
        41, 37, 49, 33, 49, 38, 55, 39)), .Names = c("y", "x1", 
        "x2", "x3", "x4", "x5", "x6"), row.names = c("1", "2", 
        "3", "4", "5", "6", "7", "9", "10", "11", "12", "13", 
        "14", "15", "16", "17", "18", "20", "21", "22", "23", 
        "24", "25", "27", "28", "29", "30"), class = "data.frame"))), 
    terms = y ~ x1 + x2 + x3 + x4 + x5 + x6 + 0, model = structure(list(
        y = c(43, 63, 71, 61, 81, 43, 58, 72, 67, 64, 67, 69, 
        68, 77, 81, 74, 65, 50, 50, 64, 53, 40, 63, 78, 48, 85, 
        82), x1 = c(1, 1, 1, 1, 1, 1, 1, 1, 1, 1, 1, 1, 1, 1, 
        1, 1, 1, 1, 1, 1, 1, 1, 1, 1, 1, 1, 1), x2 = c(51, 64, 
        70, 63, 78, 55, 67, 82, 61, 53, 60, 62, 83, 77, 90, 85, 
        60, 58, 40, 61, 66, 37, 54, 75, 57, 85, 82), x3 = c(30, 
        51, 68, 45, 56, 49, 42, 72, 45, 53, 47, 57, 83, 54, 50, 
        64, 65, 68, 33, 52, 52, 42, 42, 58, 44, 71, 39),