
expected <- structure(list(coefficients = structure(c(17.6130853553227, 0.72497274024735, 
-0.0605086273265084, 0.12656522785194, -0.0496617955134691, -0.0629545139434215
), .Names = c("x1", "x2", "x3", "x4", "x5", "x6")), residuals = structure(c(-10.0900768724175, 
0.685163135650665, -0.0230032540664677, 8.32218404113949, -13.7823041796965, 
-8.41779155947417, -0.961361881615074, -3.61684110572052, 6.59350030521936, 
9.29732721793894, 7.52121521059473, 7.62906494102997, -6.20358892846013, 
3.55269241689407, -1.48101482268466, -3.47245290375454, 8.61073795188547, 
-2.95301214447104, -6.49983743888207, 5.19833881191958, -10.9861862883575, 
6.22857760444881, -6.2731355388398, 6.3566325161866, -8.21477801003627, 
7.45229285412018, 5.52765792144831), .Names = c("1", "2", "4", 
"5", "6", "7", "8", "9", "10", "11", "12", "13", "14", "15", 
"16", "17", "18", "19", "20", "21", "23", "25", "26", "27", "28", 
"29", "30")), effects = structure(c(-339.4819582835, 47.9679701362602, 
-3.77147328366682, 2.36314272748322, -2.76971799183068, -2.49700726730068, 
3.97419507523091, -1.93295932862428, 7.78564449499101, 12.592568682019, 
8.69972608650813, 10.165115792084, -8.81501642099885, 9.10946710866829, 
0.555114545007983, -1.06588398643103, 4.89327435529673, 0.73220872241801, 
-5.6029784937405, 5.59880968704304, -9.85157771969518, 11.4506184361287, 
0.0934800764275631, 11.9383490585248, -10.9415958284696, 10.4984773098396, 
5.79943190097529), .Names = c("x1", "x2", "x3", "x4", "x5", "x6", 
"", "", "", "", "", "", "", "", "", "", "", "", "", "", "", "", 
"", "", "", "", "")), rank = 6L, fitted.values = structure(c(53.0900768724175, 
62.3148368643493, 61.0230032540665, 72.6778159588605, 56.7823041796965, 
66.4177915594742, 71.9613618816151, 75.6168411057205, 60.4064996947806, 
54.7026727820611, 59.4787847894053, 61.37093505897, 74.2035889284601, 
73.4473075831059, 82.4810148226847, 77.4724529037545, 56.3892620481145, 
67.953012144471, 56.4998374388821, 44.8016611880804, 63.9861862883575, 
56.7714223955512, 72.2731355388398, 71.6433674838134, 56.2147780100363, 
77.5477071458798, 76.4723420785517), .Names = c("1", "2", "4", 
"5", "6", "7", "8", "9", "10", "11", "12", "13", "14", "15", 
"16", "17", "18", "19", "20", "21", "23", "25", "26", "27", "28", 
"29", "30")), assign = 1:6, qr = structure(list(qr = structure(c(-5.19615242270663, 
0.192450089729875, 0.192450089729875, 0.192450089729875, 0.192450089729875, 
0.192450089729875, 0.192450089729875, 0.192450089729875, 0.192450089729875, 
0.192450089729875, 0.192450089729875, 0.192450089729875, 0.192450089729875, 
0.192450089729875, 0.192450089729875, 0.192450089729875, 0.192450089729875, 
0.192450089729875, 0.192450089729875, 0.192450089729875, 0.192450089729875, 
0.192450089729875, 0.192450089729875, 0.192450089729875, 0.192450089729875, 
0.192450089729875, 0.192450089729875, -352.183664205672, 64.6889995800419, 
0.0319993232125807, -0.199879359366827, 0.155667953921598, -0.0298349921419281, 
-0.153503622850946, -0.261713674721336, 0.0629164808898351, 0.186585111598853, 
0.0783750597284623, 0.0474579020512079, -0.277172253559963, -0.1844207805282, 
-0.385382305430354, -0.308089411237218, 0.0783750597284623, -0.0762107286578097, 
0.109292217405717, 0.387546636501006, -0.0143764133033009, 0.171126532760225, 
-0.1844207805282, -0.153503622850946, 0.124750796244344, -0.308089411237218, 
-0.261713674721336, -275.588528493181, 34.8470719420076, 52.7318171508579, 
-0.00302588873069625, -0.0902646576236263, 0.157257799394405, 
0.0820635886736593, -0.268189587627373, 0.0429785122827351, -0.185249401711592, 
-0.00451385976124781, -0.17502347479897, -0.467227691914387, 
0.0253372704040889, 0.225532685492643, -0.0877847059060403, -0.345863750065704, 
0.110096087579433, -0.421884611358978, 0.069688370272463, -0.0419456350071147, 
0.0329179154846191, -0.202229323132215, -0.0696474736838769, 
0.0236839692590316, -0.220531885468885, 0.357618544597464, -336.210306758092, 
34.3214802614943, 2.22433458214142, 40.0838865126147, 0.140552981971723, 
-0.0627381403688468, -0.0351966644994531, 0.126206001331956, 
-0.0134857629293823, 0.0389030788718062, 0.0604276887796961, 
0.232016619841372, 0.491451142507336, -0.217901451037741, 0.378093341346118, 
-0.0805779628522949, 0.25014001876633, -0.234522046951968, 0.0187560675529654, 
0.171233952143524, 0.0511404701755226, -0.204709579786011, -0.38248283865107, 
-0.244708312182236, 0.212259559565421, 0.00428691243219952, 0.135983485699031, 
-388.749181254348, 2.79628514992061, 1.15192001105823, 15.7415777840049, 
45.9688010784777, 0.247005519621342, 0.294566721181553, -0.138755084802718, 
-0.0541281024576875, 0.170080706886543, 0.0497397034101413, 0.230930863946512, 
-0.121426008717749, 0.100423343834044, 0.502882843728255, 0.0286750843425858, 
-0.16761578720718, -0.0769304258102237, -0.0784729830311866, 
0.19847816356786, -0.0679657297637495, 0.085228702363605, 0.138595972605356, 
0.0699425733428582, -0.188964835585061, 0.100845699414527, 0.0379153810091724, 
-221.317603189357, 16.3019301952679, 12.7879695700635, 30.6305039054318, 
7.7329608661502, 39.6636731965684, 0.0229638591517345, 0.44741122621496, 
0.0308359895613905, 0.196247095910977, -0.0260357110369748, 0.306999433333801, 
0.176919260717443, 0.106800721623902, -0.194308107457539, -0.315271655275226, 
-0.434546919159852, 0.080978364078359, -0.0543484810100899, -0.065658418644356, 
0.151860968261106, 0.316009898524184, -0.325980974505376, 0.0934954887485615, 
-0.0407717692791355, -0.126065639391381, -0.10007898582856), .Dim = c(27L, 
6L), .Dimnames = list(c("1", "2", "4", "5", "6", "7", "8", "9", 
"10", "11", "12", "13", "14", "15", "16", "17", "18", "19", "20", 
"21", "23", "25", "26", "27", "28", "29", "30"), c("x1", "x2", 
"x3", "x4", "x5", "x6")), assign = 1:6), qraux = c(1.19245008972988, 
1.01654074437395, 1.06210772519193, 1.00259216384071, 1.55127003814392, 
1.12997647815055), pivot = 1:6, tol = 1e-07, rank = 6L), .Names = c("qr", 
"qraux", "pivot", "tol", "rank"), class = "qr"), df.residual = 21L, 
    xlevels = structure(list(), .Names = character(0)), call = quote(lm(formula = y ~ 
        . + 0, data = structure(list(y = c(43, 63, 61, 81, 43, 
        58, 71, 72, 67, 64, 67, 69, 68, 77, 81, 74, 65, 65, 50, 
        50, 53, 63, 66, 78, 48, 85, 82), x1 = c(1, 1, 1, 1, 1, 
        1, 1, 1, 1, 1, 1, 1, 1, 1, 1, 1, 1, 1, 1, 1, 1, 1, 1, 
        1, 1, 1, 1), x2 = c(51, 64, 63, 78, 55, 67, 75, 82, 61, 
        53, 60, 62, 83, 77, 90, 85, 60, 70, 58, 40, 66, 54, 77, 
        75, 57, 85, 82), x3 = c(30, 51, 45, 56, 49, 42, 50, 72, 
        45, 53, 47, 57, 83, 54, 50, 64, 65, 46, 68, 33, 52, 42, 
        66, 58, 44, 71, 39), x4 = c(61, 63, 54, 71, 54, 66, 70, 
        71, 62, 58, 59, 55, 59, 79, 60, 79, 55, 75, 64, 43, 63, 
        66, 88, 80, 51, 77, 64), x5 = c(92, 73, 84, 83, 49, 68, 
        66, 83, 80, 67, 74, 63, 77, 77, 54, 79, 80, 85, 78, 64, 
        80, 75, 76, 78, 83, 74, 78), x6 = c(45, 47, 35, 47, 34, 
        35, 41, 31, 41, 34, 41, 25, 35, 46, 36, 63, 60, 46, 52, 
        33, 37, 33, 72, 49, 38, 55, 39)), .Names = c("y", "x1", 
        "x2", "x3", "x4", "x5", "x6"), row.names = c("1", "2", 
        "4", "5", "6", "7", "8", "9", "10", "11", "12", "13", 
        "14", "15", "16", "17", "18", "19", "20", "21", "23", 
        "25", "26", "27", "28", "29", "30"), class = "data.frame"))), 
    terms = y ~ x1 + x2 + x3 + x4 + x5 + x6 + 0, model = structure(list(
        y = c(43, 63, 61, 81, 43, 58, 71, 72, 67, 64, 67, 69, 
        68, 77, 81, 74, 65, 65, 50, 50, 53, 63, 66, 78, 48, 85, 
        82), x1 = c(1, 1, 1, 1, 1, 1, 1, 1, 1, 1, 1, 1, 1, 1, 
        1, 1, 1, 1, 1, 1, 1, 1, 1, 1, 1, 1, 1), x2 = c(51, 64, 
        63, 78, 55, 67, 75, 82, 61, 53, 60, 62, 83, 77, 90, 85, 
        60, 70, 58, 40, 66, 54, 77, 75, 57, 85, 82), x3 = c(30, 
        51, 45, 56, 49, 42, 50, 72, 45, 53, 47, 57, 83, 54, 50, 
        64, 65, 46, 68, 33, 52, 42, 66, 58, 44, 71, 39),