
expected <- structure(list(coefficients = structure(c(14.6286643158423, 0.634724358574452, 
-0.09808383267465, 0.260205711967502, -0.0220078598976357, 0.11374512166181, 
-0.208819023321282), .Names = c("x1", "x2", "x3", "x4", "x5", 
"x6", "x7")), residuals = structure(c(-8.77248576046319, 2.28432597261656, 
1.49104492936967, -1.80310803829839, 8.68750172897229, -8.6030944761638, 
-8.58067894168962, 2.15100605127061, -5.37378363101238, 5.19245386576423, 
4.33690788148133, 10.388863891175, 7.96469089832316, -6.75751546345412, 
1.46819142133289, -2.67342701318125, 0.0436264913188473, 1.92426603586392, 
-1.61430347922404, -8.27354332856009, 6.30298522883793, -0.445594382061961, 
-11.0248736468571, -3.4521520405782, 5.24427801921909, 1.10133294567516, 
8.79308484032349), .Names = c("1", "2", "3", "4", "5", "6", "7", 
"8", "9", "10", "11", "12", "13", "14", "15", "16", "17", "18", 
"19", "20", "21", "22", "23", "24", "25", "26", "30")), effects = structure(c(-332.553755053224, 
-47.3569455303206, 7.77619425847201, 6.93432344251546, -3.08299710377491, 
4.34176371944075, -8.11499993003332, 5.76751546350718, -5.51535874575829, 
7.92290006681501, 7.81312811594644, 12.5748066704628, 11.4204239345974, 
-7.12343105601739, 5.22572440686393, -3.37460793494685, -0.368811381107163, 
-3.21950672554901, 1.19560550005346, -6.66157880785807, 7.72078395279604, 
1.73124584059369, -9.63704649437133, -2.66258753257591, 11.0909137090837, 
4.54394007884191, 6.52163921343543), .Names = c("x1", "x2", "x3", 
"x4", "x5", "x6", "x7", "", "", "", "", "", "", "", "", "", "", 
"", "", "", "", "", "", "", "", "", "")), rank = 7L, fitted.values = structure(c(51.7724857604632, 
60.7156740273834, 69.5089550706303, 62.8031080382984, 72.3124982710277, 
51.6030944761638, 66.5806789416896, 68.8489939487294, 77.3737836310124, 
61.8075461342358, 59.6630921185187, 56.611136108825, 61.0353091016768, 
74.7575154634541, 75.5318085786671, 83.6734270131813, 73.9563735086812, 
63.0757339641361, 66.614303479224, 58.2735433285601, 43.6970147711621, 
64.445594382062, 64.0248736468571, 43.4521520405782, 57.7557219807809, 
64.8986670543248, 73.2069151596765), .Names = c("1", "2", "3", 
"4", "5", "6", "7", "8", "9", "10", "11", "12", "13", "14", "15", 
"16", "17", "18", "19", "20", "21", "22", "23", "24", "25", "26", 
"30")), assign = 1:7, qr = structure(list(qr = structure(c(-5.19615242270663, 
0.192450089729875, 0.192450089729875, 0.192450089729875, 0.192450089729875, 
0.192450089729875, 0.192450089729875, 0.192450089729875, 0.192450089729875, 
0.192450089729875, 0.192450089729875, 0.192450089729875, 0.192450089729875, 
0.192450089729875, 0.192450089729875, 0.192450089729875, 0.192450089729875, 
0.192450089729875, 0.192450089729875, 0.192450089729875, 0.192450089729875, 
0.192450089729875, 0.192450089729875, 0.192450089729875, 0.192450089729875, 
0.192450089729875, 0.192450089729875, -342.753609808908, -68.0364825881156, 
0.0948302518508885, -0.00805572540306698, 0.212414225855409, 
-0.125639699407587, 0.0507362615991933, 0.168320235603714, 0.271206212857669, 
-0.0374517189041971, -0.155035692908718, -0.0521497156547622, 
-0.022753722153632, 0.285904209608234, 0.197716229104844, 0.38879018686219, 
0.315300203109364, -0.0521497156547622, 0.0948302518508885, -0.0815457091558923, 
-0.346109650666063, -0.0374517189041971, 0.0360382648486282, 
-0.390203640917759, -0.140337696158153, 0.197716229104844, 0.271206212857669, 
-272.701777147233, -30.2408561291626, -64.3135394867677, -0.00181899798429643, 
0.187116875395154, 0.312050548399321, -0.189851422090055, -0.0994515065923307, 
0.325609785885864, -0.327621073269734, -0.262532734197711, -0.0240573472032119, 
-0.071427082885167, -0.273381623863176, -0.271211845930083, -0.37698039692212, 
0.0679692768792356, -0.0707038235741359, 0.0345216580695316, 
-0.163273517004953, 0.107565849562896, -0.141035167786038, 0.0359681766915937, 
0.178620453085828, -0.130729347468942, 0.133057615951258, 0.325609785885864, 
-288.867584684543, -31.8151748922231, 1.02345215127075, 48.0756249131494, 
-0.0820827088816507, 0.176217502922897, -0.0760440759336313, 
0.0467689339249388, -0.0290955569682009, 0.0175655256892059, 
-0.275283951591312, 0.248105989823958, 0.194121299819737, 0.292239445178894, 
-0.32879893850202, -0.224728577463919, -0.103634166769233, -0.512104974406344, 
-0.0120777618549979, -0.117882408847704, 0.184406720515645, -0.248879920175353, 
0.09391069034291, -0.327432251581132, -0.0251006884814448, -0.0428740959531588, 
0.137308936253725, -333.131105322414, -32.1902459944875, -3.79538989179918, 
13.0620936736244, 36.4887853170222, 0.169381091427848, -0.0475836209013833, 
-0.0914611655479103, 0.162308207594551, -0.114166659572999, 0.0783782027079187, 
-0.0633837031670466, 0.0843414085837978, 0.114435428039038, -0.167529496496774, 
0.422704047274667, -0.0696191869930228, 0.447327741046367, -0.211741481608782, 
-0.0740776485981282, 0.204127484621957, -0.0111048384439517, 
0.00886112326595832, 0.280829883067025, -0.21884903111696, -0.427622829956417, 
0.262724605066495, -386.439780177589, -11.4110891809387, -4.63516829218687, 
1.49290101088765, 21.5537576963388, 46.2364069824124, 0.166036965595225, 
0.28141116165467, -0.0599888708900356, -0.109285208610298, 0.0674791465818722, 
0.104934273204042, 0.272671891952655, -0.038282752942598, -0.00847860658334422, 
0.275820384137374, 0.0442834655808816, -0.311113774381491, -0.0649377317290138, 
-0.0577612239676179, 0.202808519620135, -0.125805268445484, -0.0385311370694268, 
0.284145194120959, 0.0716482876061863, 0.251325130845916, 0.0271946961940397, 
-220.547802830437, -8.28150461356839, -7.87987159025158, 26.1354073927924, 
22.6588159683246, 4.39328756253789, 38.8614016144873, 0.0640180528619899, 
0.418355498383855, 0.00388619219706946, 0.260825944160998, -0.140927000032811, 
0.202369872495533, -0.0828436629827187, 0.259972980842061, 0.0792680642429566, 
-0.278829017137188, -0.321972543844506, 0.103917115919993, -0.167555117929604, 
-0.111288713395559, 0.206500359178305, 0.0979037955109892, -0.170730844071837, 
0.315862127514253, -0.377512937570002, 0.0133473773357316), .Dim = c(27L, 
7L), .Dimnames = list(c("1", "2", "3", "4", "5", "6", "7", "8", 
"9", "10", "11", "12", "13", "14", "15", "16", "17", "18", "19", 
"20", "21", "22", "23", "24", "25", "26", "30"), c("x1", "x2", 
"x3", "x4", "x5", "x6", "x7")), assign = 1:7), qraux = c(1.19245008972988, 
1.0066422713475, 1.01897283261256, 1.11710847849631, 1.09166087214046, 
1.6290022256456, 1.2340479172073), pivot = 1:7, tol = 1e-07, 
    rank = 7L), .Names = c("qr", "qraux", "pivot", "tol", "rank"
), class = "qr"), df.residual = 20L, xlevels = structure(list(), .Names = character(0)), 
    call = quote(lm(formula = y ~ . + 0, data = structure(list(y = c(43, 
        63, 71, 61, 81, 43, 58, 71, 72, 67, 64, 67, 69, 68, 77, 
        81, 74, 65, 65, 50, 50, 64, 53, 40, 63, 66, 82), x1 = c(1, 
        1, 1, 1, 1, 1, 1, 1, 1, 1, 1, 1, 1, 1, 1, 1, 1, 1, 1, 
        1, 1, 1, 1, 1, 1, 1, 1), x2 = c(51, 64, 70, 63, 78, 55, 
        67, 75, 82, 61, 53, 60, 62, 83, 77, 90, 85, 60, 70, 58, 
        40, 61, 66, 37, 54, 77, 82), x3 = c(52, 58, 57, 52, 72, 
        68, 42, 52, 83, 30, 30, 49, 47, 45, 42, 42, 68, 46, 58, 
        39, 47, 42, 56, 50, 39, 68, 83), x4 = c(39, 54, 69, 47, 
        66, 44, 56, 55, 67, 47, 58, 39, 42, 45, 72, 72, 69, 75, 
        57, 54, 34, 62, 50, 58, 48, 63, 59), x5 = c(61, 63, 76, 
        54, 71, 54, 66, 70, 71, 62, 58, 59, 55, 59, 79, 60, 79, 
        55, 75, 64, 43, 66, 63, 50, 66, 88, 64), x6 = c(92, 73, 
        86, 84, 83, 49, 68, 66, 83, 80, 67, 74, 63, 77, 77, 54, 
        79, 80, 85, 78, 64, 80, 80, 57, 75, 76, 78), x7 = c(45, 
        47, 48, 35, 47, 34, 35, 41, 31, 41, 34, 41, 25, 35, 46, 
        36, 63, 60, 46, 52, 33, 41, 37, 49, 33, 72, 39)), .Names = c("y", 
        "x1", "x2", "x3", "x4", "x5", "x6", "x7"),