
expected <- structure(list(coefficients = structure(c(20.928659440444, 0.751609815085111, 
-0.0487810816934567, -0.249543746915251, 0.165565316473627, -0.0174557327749565, 
0.0207835287537225), .Names = c("x1", "x2", "x3", "x4", "x5", 
"x6", "x7")), residuals = structure(c(-6.25899346459556, 2.92038021939457, 
0.188764175963376, 10.1128965941722, -11.1952251072907, -6.982375116964, 
3.56582106258002, -7.51819006572515, 4.67567468923092, 5.16601084774207, 
5.91680822047408, 5.45829035043071, -3.37556029584841, -0.650011592965779, 
-3.48500538082431, 4.91743256026457, -0.968601973672322, -10.2908231420981, 
2.85214347668212, -10.5774442935619, 3.72468188673476, 8.95048465373559, 
-5.606809020636, 4.10319842944083, -4.93894342185164, 8.26658239013214, 
1.02881331905585), .Names = c("1", "3", "4", "5", "6", "7", "8", 
"9", "10", "11", "12", "13", "15", "16", "17", "18", "19", "20", 
"22", "23", "24", "25", "26", "27", "28", "29", "30")), effects = structure(c(-338.327257745121, 
-53.1510040063286, 2.38481266822958, 13.4506356546544, 5.67547520893138, 
-0.712494544773625, 0.76241752370803, -5.97313289533242, 7.04016117556428, 
10.9632837118631, 9.46225146788237, 11.014190948056, -0.0744789383386339, 
4.54031887004978, -3.61675971802853, 10.2155747883026, -3.3808243037326, 
-6.48232490024794, 3.84262995789164, -9.77482587982584, 6.82199489226297, 
8.30026825349522, -6.95695897532136, 4.51417238754858, -4.33191218218373, 
8.42019063505506, 5.07439770643829), .Names = c("x1", "x2", "x3", 
"x4", "x5", "x6", "x7", "", "", "", "", "", "", "", "", "", "", 
"", "", "", "", "", "", "", "", "", "")), rank = 7L, fitted.values = structure(c(49.2589934645956, 
68.0796197806054, 60.8112358240366, 70.8871034058278, 54.1952251072907, 
64.982375116964, 67.43417893742, 79.5181900657252, 62.3243253107691, 
58.8339891522579, 61.0831917795259, 63.5417096495693, 80.3755602958484, 
81.6500115929658, 77.4850053808243, 60.0825674397354, 65.9686019736723, 
60.2908231420981, 61.1478565233179, 63.5774442935619, 36.2753181132652, 
54.0495153462644, 71.606809020636, 73.8968015705592, 52.9389434218516, 
76.7334176098679, 80.9711866809442), .Names = c("1", "3", "4", 
"5", "6", "7", "8", "9", "10", "11", "12", "13", "15", "16", 
"17", "18", "19", "20", "22", "23", "24", "25", "26", "27", "28", 
"29", "30")), assign = 1:7, qr = structure(list(qr = structure(c(-5.19615242270663, 
0.192450089729875, 0.192450089729875, 0.192450089729875, 0.192450089729875, 
0.192450089729875, 0.192450089729875, 0.192450089729875, 0.192450089729875, 
0.192450089729875, 0.192450089729875, 0.192450089729875, 0.192450089729875, 
0.192450089729875, 0.192450089729875, 0.192450089729875, 0.192450089729875, 
0.192450089729875, 0.192450089729875, 0.192450089729875, 0.192450089729875, 
0.192450089729875, 0.192450089729875, 0.192450089729875, 0.192450089729875, 
0.192450089729875, 0.192450089729875, -348.527112500804, -64.4348651884355, 
-0.0229669383926948, 0.209826285526274, -0.147123324482811, 0.0391112546523634, 
0.16326764074248, 0.271904478571332, -0.0540060349152239, -0.17816242100534, 
-0.0695255831764885, -0.0384864866539594, 0.194306737265009, 
0.396060864661448, 0.318463123355125, -0.0695255831764885, 0.0856698994361571, 
-0.100564679699018, -0.0540060349152239, 0.0235917063910989, 
-0.426475193185573, -0.162642872744076, 0.194306737265009, 0.16326764074248, 
-0.116084227960282, 0.318463123355125, 0.271904478571332, -274.626278044532, 
-24.9910710853059, 49.1208079475144, 0.0332697122450195, -0.1175759361763, 
0.17798279240609, 0.117154307922394, -0.241440185980785, 0.0403824137808932, 
-0.224516643047355, -0.0130879396546342, -0.191158831431529, 
0.0612312441374779, 0.308470469495412, -0.0403131830102102, -0.37953142363057, 
0.134814139392708, -0.466114159169628, -0.102123385543082, -0.0383513316854092, 
-0.204649530739946, 0.0121754523761407, -0.183064411846479, -0.0457094627335769, 
0.00972274202675147, -0.182818982334185, 0.430372867975097, -294.063737107249, 
0.7322927586982, -10.3689021114223, -64.3930752087352, -0.0137167575920738, 
-0.0132197694705865, 0.244882514722098, -0.235900260620663, -0.177304937862881, 
-0.379526782456804, -0.173854508175095, -0.298803399801053, -0.386322172274623, 
-0.0398673451897887, 0.169945545180644, -0.161460279200696, 0.147238392761225, 
-0.18716998513132, -0.0732679421329417, -0.0284179805134572, 
0.245687546819602, 0.0534198484035693, 0.269008154403281, -0.0688289093654647, 
0.102068019492951, 0.180804819850508, -0.333682844594345, -341.406459180799, 
-33.9194097202031, 10.8534948345161, -12.7205992524639, 34.2270547724745, 
-0.0887755384023488, 0.0491701151775043, 0.226355532355298, -0.0503482463053019, 
0.0129411743741971, 0.0500048137024766, 0.272408775754734, -0.314918196329093, 
0.436781935374191, 0.0437760306171618, 0.37961477328277, -0.227323261995508, 
0.1216211409836, -0.0576556448514831, 0.0995986467289066, 0.103824267570092, 
-0.220200911898765, -0.261089014154742, -0.234752570851375, 0.288954737483136, 
0.186575729126439, 0.0205484207768755, -390.481232061917, -5.97042769591686, 
1.69755370724668, -1.57786374524976, 18.9667514048966, 48.0692458760539, 
0.28018647736374, -0.249042136258559, -0.0280002660176293, 0.120957277206915, 
0.00935529763271564, 0.0474078123617407, 0.296192721537134, 0.287343145301802, 
0.0362027100101881, -0.406520651553424, 0.0753397247264283, -0.181079567057295, 
-0.0282842870856837, -0.121456175548935, 0.235589785768089, 0.192911221538683, 
0.297377681282082, 0.216205914495943, -0.35644259952712, 0.0160016192680681, 
0.0714350437820139, -225.743955253144, -11.8276201693348, 20.5044038044349, 
-25.9679836686221, 16.346627260712, 6.0908504726263, 36.6837380091904, 
0.411333333888765, -0.0533425690870463, 0.077762466099483, -0.0881780928625497, 
0.268387029643637, -0.160385525380318, -0.220297794011487, -0.295155086477867, 
-0.420595981530223, 0.0841108686467229, -0.0692828053661371, 
0.12247250236582, 0.173189755843879, -0.133112643410022, 0.334389318681753, 
-0.305006522149211, -0.00192843539683316, 0.0825117769201722, 
-0.0461289839560633, -0.322358215796956), .Dim = c(27L, 7L), .Dimnames = list(
    c("1", "3", "4", "5", "6", "7", "8", "9", "10", "11", "12", 
    "13", "15", "16", "17", "18", "19", "20", "22", "23", "24", 
    "25", "26", "27", "28", "29", "30"), c("x1", "x2", "x3", 
    "x4", "x5", "x6", "x7")), assign = 1:7), qraux = c(1.19245008972988, 
1.08566989943616, 1.06589123532396, 1.15996940403272, 1.20517288552133, 
1.30088928827929, 1.10745049155654), pivot = 1:7, tol = 1e-07, 
    rank = 7L), .Names = c("qr", "qraux", "pivot", "tol", "rank"
), class = "qr"), df.residual = 20L, xlevels = structure(list(), .Names = character(0)), 
    call = quote(lm(formula = y ~ . + 0, data = structure(list(y = c(43, 
        71, 61, 81, 43, 58, 71, 72, 67, 64, 67, 69, 77, 81, 74, 
        65, 65, 50, 64, 53, 40, 63, 66, 78, 48, 85, 82), x1 = c(1, 
        1, 1, 1, 1, 1, 1, 1, 1, 1, 1, 1, 1, 1, 1, 1, 1, 1, 1, 
        1, 1, 1, 1, 1, 1, 1, 1), x2 = c(51, 70, 63, 78, 55, 67, 
        75, 82, 61, 53, 60, 62, 77, 90, 85, 60, 70, 58, 61, 66, 
        37, 54, 77, 75, 57, 85, 82), x3 = c(30, 68, 45, 56, 49, 
        42, 50, 72, 45, 53, 47, 57, 54, 50, 64, 65, 46, 68, 52, 
        52, 42, 42, 66, 58, 44, 71, 39), x4 = c(72, 57, 54, 69, 
        58, 59, 75, 42, 48, 34, 48, 39, 34, 57, 69, 47, 69, 45, 
        54, 57, 75, 63, 75, 54, 66, 69, 39), x5 = c(61, 76, 54, 
        71, 54, 66, 70, 71, 62, 58, 59, 55, 79, 60, 79, 55, 75, 
        64, 66, 63, 50, 66, 88, 80, 51, 77, 64), x6 = c(92, 86, 
        84, 83, 49, 68, 66, 83, 80, 67, 74, 63, 77, 54, 79, 80, 
        85, 78, 80, 80, 57, 75, 76, 78, 83, 74, 78), x7 = c(45, 
        48, 35, 47, 34, 35, 41, 31, 41, 34, 41, 25, 46, 36, 63, 
        60, 46, 52, 41, 37, 49, 33, 72, 49, 38, 55, 39)), .Names = c("y", 
        "x1", "x2", "x3", "x4", "x5", "x6", "x7"),