
expected <- structure(list(coefficients = structure(c(25.6376733830867, -0.0546698407850459, 
0.0736422341242884, 0.626427452742088, 0.353892251324944, -0.0294787684820321, 
-0.381042341072794), .Names = c("x1", "x2", "x3", "x4", "x5", 
"x6", "x7")), residuals = structure(c(-8.05391494356308, 1.75479626508865, 
2.26102412332626, 8.02102915694181, -15.7310712152437, -9.17949849625508, 
4.23215986138527, -8.77101181738348, 7.59822508523535, -4.07920741411775, 
14.8779199239874, 7.56207525501455, 6.39569958550909, -2.92463421304162, 
5.13620795479608, 1.91891266149846, -2.00277297003476, -2.57697746555437, 
-11.6184560303507, 3.21213141674834, -9.14385898549577, -0.543859788865429, 
-2.31389258801304, -2.16131594758206, -6.69045532050363, 8.82662357115678, 
13.9941223353165), .Names = c("1", "2", "4", "5", "6", "7", "8", 
"9", "10", "11", "12", "13", "14", "15", "16", "17", "18", "19", 
"20", "21", "23", "25", "26", "27", "28", "29", "30")), effects = structure(c(-339.4819582835, 
2.35801176707062, 23.2227661326728, -35.1005576313983, 5.6397962289347, 
-5.51412063956173, -15.2344046365142, -9.99063960316194, 9.34158040273395, 
-0.819257188424022, 17.0061729833537, 14.319303469762, 11.5589207081677, 
-3.78820516652802, 7.81982834077555, 4.22645389231941, -0.858021682597254, 
-5.29955489935359, -7.11336024703679, 9.76120510779424, -10.4335409311109, 
-1.17937394525937, 1.97386689733949, -3.63786839567712, -5.67632877024043, 
11.6866287085547, 13.5992678287081), .Names = c("x1", "x2", "x3", 
"x4", "x5", "x6", "x7", "", "", "", "", "", "", "", "", "", "", 
"", "", "", "", "", "", "", "", "", "")), rank = 7L, fitted.values = structure(c(51.0539149435631, 
61.2452037349113, 58.7389758766737, 72.9789708430582, 58.7310712152437, 
67.1794984962551, 66.7678401386147, 80.7710118173835, 59.4017749147647, 
68.0792074141177, 52.1220800760126, 61.4379247449855, 61.6043004144909, 
79.9246342130416, 75.8637920452039, 72.0810873385015, 67.0027729700348, 
67.5769774655544, 61.6184560303507, 46.7878685832517, 62.1438589854958, 
63.5438597888654, 68.313892588013, 80.1613159475821, 54.6904553205036, 
76.1733764288432, 68.0058776646835), .Names = c("1", "2", "4", 
"5", "6", "7", "8", "9", "10", "11", "12", "13", "14", "15", 
"16", "17", "18", "19", "20", "21", "23", "25", "26", "27", "28", 
"29", "30")), assign = 1:7, qr = structure(list(qr = structure(c(-5.19615242270663, 
0.192450089729875, 0.192450089729875, 0.192450089729875, 0.192450089729875, 
0.192450089729875, 0.192450089729875, 0.192450089729875, 0.192450089729875, 
0.192450089729875, 0.192450089729875, 0.192450089729875, 0.192450089729875, 
0.192450089729875, 0.192450089729875, 0.192450089729875, 0.192450089729875, 
0.192450089729875, 0.192450089729875, 0.192450089729875, 0.192450089729875, 
0.192450089729875, 0.192450089729875, 0.192450089729875, 0.192450089729875, 
0.192450089729875, 0.192450089729875, -334.670706040253, -58.3825189463294, 
-0.149492538362851, -0.166620953135761, -0.200877782681581, 0.381488319597355, 
0.244461001414076, -0.132364123589942, -0.149492538362851, -0.0124652201795724, 
0.330103075278625, -0.200877782681581, 0.0560484389120671, -0.149492538362851, 
0.330103075278625, -0.0981072940441218, 0.381488319597355, 0.073176853684977, 
-0.0124652201795724, -0.0295936349524823, 0.330103075278625, 
0.124562098003707, -0.0981072940441218, 0.00466319459333749, 
0.0217916093662474, -0.0467220497253921, -0.149492538362851, 
-275.588528493181, 2.57624045899213, 63.1531942823197, -0.103890977012233, 
0.00734086050611204, 0.111548109352419, -0.0135669653336788, 
-0.357633420720448, 0.0700935253122732, -0.0581435887836195, 
0.0329609327473837, -0.119335233884883, -0.533959452602301, -0.0724170808775966, 
-0.0145426026492396, -0.231347581255677, -0.252645662021692, 
0.0517223564929406, -0.295661265766736, 0.258741774656981, -0.0462116262469884, 
0.114475021299102, -0.263016604853426, -0.137511275241104, 0.083976762480026, 
-0.342774546237135, 0.16510059610552, -289.060034774273, -5.27682052152088, 
30.1325174524942, -53.3899134055777, -0.143876283080426, 0.0898115331298347, 
0.00679524314706596, 0.0547698580074349, -0.0537900684177374, 
0.0599112685721878, -0.272285012201848, -0.259644667115213, -0.48424686682596, 
0.326366532460333, 0.316443719416509, 0.167032750941301, 0.220548137826185, 
0.100937020317397, -0.161836983905121, -0.192088785592183, -0.115196164031451, 
-0.0337383207999679, 0.0350749418667468, 0.308898019433814, -0.0989892676267491, 
0.13071516444075, 0.2297025809159, -336.210306758092, 6.74415472040017, 
20.5202879564669, -29.1683708916602, 38.3701697734993, -0.135330961530252, 
-0.178638294760746, 0.155182251908469, -0.0118708347846532, 0.247587828017356, 
-0.136063433546243, 0.181370459094097, 0.197339604192747, -0.0807452428764507, 
0.284181425856858, -0.0779010609747309, 0.522363998522782, -0.265460191331455, 
0.119487588981745, 0.222287069962426, -0.0700969688561477, -0.181339305405348, 
-0.379958018431187, -0.0942607182792387, 0.204516048115492, 0.0261683377528824, 
0.0602822388907853, -388.749181254348, 8.08397738708109, 2.17501136928978, 
-4.23801544978109, 13.2069016416915, 45.9087103205568, 0.338575834179341, 
-0.221798183940163, -0.0142376427360004, 0.0449654273213934, 
0.0727416848671779, 0.174628321251699, -0.25635335487298, 0.154136176319625, 
0.264242446826561, 0.0643214417863631, -0.52781400562676, 0.048493582800239, 
-0.140470283769881, 0.113759218053683, -0.0905619920314624, 0.172257605719471, 
0.345086395779499, 0.102550883832605, -0.293291264526413, 0.0686203396420758, 
0.0204021682142543, -221.317603189357, -0.350815309978492, 19.6872257394379, 
-22.4171381253659, 19.8135102750342, 10.9194909547296, 39.9808708754596, 
0.559462910763279, -0.0229583824649765, 0.141238540319191, -0.0419753000030433, 
0.203123883475786, 0.306132486443304, 0.0979815634138971, 0.108372420468167, 
-0.264933770658204, -0.160237137541142, 0.0673970549389389, -0.122234155941238, 
-0.181918905020085, 0.225950897417044, 0.189773166068289, -0.502835698825219, 
0.098756073874663, 0.0450470625319059, -0.0646398912025972, 0.0581928078728294
), .Dim = c(27L, 7L), .Dimnames = list(c("1", "2", "4", "5", 
"6", "7", "8", "9", "10", "11", "12", "13", "14", "15", "16", 
"17", "18", "19", "20", "21", "23", "25", "26", "27", "28", "29", 
"30"), c("x1", "x2", "x3", "x4", "x5", "x6", "x7")), assign = 1:7), 
    qraux = c(1.19245008972988, 1.24446100141408, 1.07009352531227, 
    1.19616146893624, 1.19061610523592, 1.24998421049113, 1.02721267174243
    ), pivot = 1:7, tol = 1e-07, rank = 7L), .Names = c("qr", 
"qraux", "pivot", "tol", "rank"), class = "qr"), df.residual = 20L, 
    xlevels = structure(list(), .Names = character(0)), call = quote(lm(formula = y ~ 
        . + 0, data = structure(list(y = c(43, 63, 61, 81, 43, 
        58, 71, 72, 67, 64, 67, 69, 68, 77, 81, 74, 65, 65, 50, 
        50, 53, 63, 66, 78, 48, 85, 82), x1 = c(1, 1, 1, 1, 1, 
        1, 1, 1, 1, 1, 1, 1, 1, 1, 1, 1, 1, 1, 1, 1, 1, 1, 1, 
        1, 1, 1, 1), x2 = c(54, 77, 54, 53, 51, 85, 77, 55, 54, 
        62, 82, 51, 66, 54, 82, 57, 85, 67, 62, 61, 82, 70, 57, 
        63, 64, 60, 54), x3 = c(30, 51, 45, 56, 49, 42, 50, 72, 
        45, 53, 47, 57, 83, 54, 50, 64, 65, 46, 68, 33, 52, 42, 
        66, 58, 44, 71, 39), x4 = c(39, 54, 47, 66, 44, 56, 55, 
        67, 47, 58, 39, 42, 45, 72, 72, 69, 75, 57, 54, 34, 50, 
        48, 63, 74, 45, 71, 59), x5 = c(61, 63, 54, 71, 54, 66, 
        70, 71, 62, 58, 59, 55, 59, 79, 60, 79, 55, 75, 64, 43, 
        63, 66, 88, 80, 51, 77, 64), x6 = c(92, 73, 84, 83, 49, 
        68, 66, 83, 80, 67, 74, 63, 77, 77, 54, 79, 80, 85, 78, 
        64, 80, 75, 76, 78, 83, 74, 78), x7 = c(45, 47, 35, 47, 
        34, 35, 41, 31, 41, 34, 41, 25, 35, 46, 36, 63, 60, 46, 
        52, 33, 37, 33, 72, 49, 38, 55, 39)), .Names = c("y", 
        "x1", "x2", "x3", "x4", "x5", "x6", "x7"),