
expected <- structure(list(coefficients = structure(c(26.7918816410216, 0.548085027094068, 
-0.0750916195120706, 0.263132035195914, 0.169185055784534, -0.11133753627427, 
-0.265660714207111), .Names = c("x1", "x2", "x3", "x4", "x5", 
"x6", "x7")), residuals = structure(c(-5.24791505347894, -0.645394630392754, 
1.05949841040714, 8.16101597220752, -10.7915276695719, -0.167244188403518, 
-5.66773711087668, 7.2466508948916, 4.98389646441371, 9.36386405570062, 
6.48195266102183, -4.78046897701001, 0.242409453900527, -3.83426764162652, 
-2.21470039929142, 4.43361303839071, -1.355291642001, 3.88424973117831, 
0.373846338935457, -11.2897234002432, -8.04920103226686, 4.73795796289299, 
-3.71695965438302, 1.2748925291027, -7.86195370504515, 6.51616520295415, 
6.86237238859372), .Names = c("1", "2", "3", "5", "7", "8", "9", 
"10", "11", "12", "13", "14", "15", "16", "17", "18", "19", "21", 
"22", "23", "24", "25", "26", "27", "28", "29", "30")), effects = structure(c(-343.523410167827, 
49.3571362451374, 1.31933295720884, -9.33660635631336, -1.13467712127377, 
-5.95893787463788, -8.29160350311896, 9.33032203120338, 4.44833706107377, 
12.4677998423799, 10.4468698220957, 2.45047975094617, -0.528046796184222, 
0.595241141290591, -3.03667450251525, 3.72036109105918, -2.47066994039202, 
7.78060689721717, 0.107829659423752, -8.41595588278944, -10.1249369614682, 
4.47585488985654, -8.47381496960035, 0.763255412515967, -3.60363985814213, 
6.23920063832768, 11.2526448770156), .Names = c("x1", "x2", "x3", 
"x4", "x5", "x6", "x7", "", "", "", "", "", "", "", "", "", "", 
"", "", "", "", "", "", "", "", "", "")), rank = 7L, fitted.values = structure(c(48.2479150534789, 
63.6453946303928, 69.9405015895929, 72.8389840277925, 68.7915276695719, 
71.1672441884035, 77.6677371108767, 59.7533491051084, 59.0161035355863, 
57.6361359442994, 62.5180473389782, 72.78046897701, 76.7575905460995, 
84.8342676416265, 76.2147003992914, 60.5663869616093, 66.355291642001, 
46.1157502688217, 63.6261536610645, 64.2897234002432, 48.0492010322669, 
58.262042037107, 69.716959654383, 76.7251074708973, 55.8619537050452, 
78.4838347970458, 75.1376276114063), .Names = c("1", "2", "3", 
"5", "7", "8", "9", "10", "11", "12", "13", "14", "15", "16", 
"17", "18", "19", "21", "22", "23", "24", "25", "26", "27", "28", 
"29", "30")), assign = 1:7, qr = structure(list(qr = structure(c(-5.19615242270663, 
0.192450089729875, 0.192450089729875, 0.192450089729875, 0.192450089729875, 
0.192450089729875, 0.192450089729875, 0.192450089729875, 0.192450089729875, 
0.192450089729875, 0.192450089729875, 0.192450089729875, 0.192450089729875, 
0.192450089729875, 0.192450089729875, 0.192450089729875, 0.192450089729875, 
0.192450089729875, 0.192450089729875, 0.192450089729875, 0.192450089729875, 
0.192450089729875, 0.192450089729875, 0.192450089729875, 0.192450089729875, 
0.192450089729875, 0.192450089729875, -350.644063487833, 69.9910047130397, 
-0.0739876890014511, -0.188288091357435, -0.0311250381179571, 
-0.145425440473941, -0.245438292535427, 0.0546002636490308, 0.168900666005015, 
0.0688878139435288, 0.0403127133545328, -0.259725842829925, -0.174000541062937, 
-0.359738694891411, -0.288300943418921, 0.0688878139435288, -0.0739876890014511, 
0.354638819833489, 0.0546002636490308, -0.0168374878234591, 0.397501470716983, 
0.154613115710517, -0.174000541062937, -0.145425440473941, 0.111750464827023, 
-0.288300943418921, -0.245438292535427, -272.894227236963, 6.57597731517506, 
61.2984279006489, 0.0287785235294305, 0.0880552926186693, -0.0885302564839553, 
-0.353159628504874, 0.0981422138277245, -0.3615038882828, 0.173234711733315, 
-0.205341133231304, 0.25692042104985, 0.152811917682186, 0.00860468111132028, 
0.335126274392108, 0.140607447568538, -0.120908569015714, 0.0926623578534463, 
-0.06499410699616, 0.0815796301123177, -0.0246464221599395, -0.224519169117341, 
0.283320974341294, 0.417192338070087, 0.121180460049483, 0.204617217733, 
0.152562966049168, -297.527838722387, 35.5135583468277, -2.71077072268204, 
-49.5845145264194, -0.0126093936267479, -0.065438258375519, 0.17852843250956, 
-0.135694752173017, 0.295230193582386, -0.307654471151433, -0.162583328503814, 
-0.444530450883456, 0.190082481360747, 0.0974264465971218, -0.00260065155212695, 
0.427425843595808, 0.0348916720001639, -0.1820841635049, 0.21205500171759, 
-0.121615962988047, 0.365076344714688, 0.0453666126834267, -0.0276145613909101, 
0.177514439108366, -0.141604905931405, 0.0739232836909287, -0.123043713254017, 
-340.05930855269, 35.7220507474215, -3.05276373306169, -14.8634391178411, 
37.2069962271297, -0.0449839795609334, 0.0340708623516637, 0.00118932846041709, 
0.00860622341679752, 0.0307844386299216, 0.106451500377994, 0.335319858965495, 
-0.101479360736139, 0.520611187141092, -0.000584596503108175, 
0.379241959183998, -0.225639699736979, 0.195967616656874, -0.0351226215336358, 
0.0453784972043493, 0.117591150265572, -0.237620255042857, -0.379714948410961, 
-0.0844654454942895, 0.244639376468331, 0.0414239249057717, 0.266001146737307, 
-391.058582331106, 6.68128185253085, -0.0418540510096408, 1.67803124114561, 
19.5133554916525, 40.5580704033213, -0.134238490250671, -0.0534266320211802, 
0.162707967772507, 0.077227189687605, 0.24130483289844, -0.117046971766482, 
0.177447959731994, 0.31297698697206, 0.112128953615962, -0.316215438829787, 
-0.00561022424988737, 0.110505970689288, -0.0458838340482417, 
-0.0681381538654842, 0.321565771640961, 0.167969884488166, 0.423791180225593, 
0.17571133721375, -0.319255405418711, 0.184548210042481, -0.104745179701375, 
-224.589254714764, 11.8745418003161, -26.9044066071494, -24.1366794666831, 
19.7883075950504, 5.43287796316204, 31.2112520207063, 0.0625843226252079, 
0.113299397192085, -0.048184675210896, 0.133569814672626, -0.0585342280722975, 
0.31840758855403, -0.136263834059777, -0.258950182304861, -0.420525371302336, 
0.0742016872023904, -0.0139149485908165, 0.20418688171429, 0.164360653132844, 
-0.197133313948427, 0.327758492823785, -0.324011481666684, 0.431771071914041, 
-0.0349278662586189, -0.117555800696269, 0.016874950760745), .Dim = c(27L, 
7L), .Dimnames = list(c("1", "2", "3", "5", "7", "8", "9", "10", 
"11", "12", "13", "14", "15", "16", "17", "18", "19", "21", "22", 
"23", "24", "25", "26", "27", "28", "29", "30"), c("x1", "x2", 
"x3", "x4", "x5", "x6", "x7")), assign = 1:7), qraux = c(1.19245008972988, 
1.01173761276554, 1.07485501597295, 1.0932667709479, 1.01797134977784, 
1.3531508934021, 1.26150017999239), pivot = 1:7, tol = 1e-07, 
    rank = 7L), .Names = c("qr", "qraux", "pivot", "tol", "rank"
), class = "qr"), df.residual = 20L, xlevels = structure(list(), .Names = character(0)), 
    call = quote(lm(formula = y ~ . + 0, data = structure(list(y = c(43, 
        63, 71, 81, 58, 71, 72, 67, 64, 67, 69, 68, 77, 81, 74, 
        65, 65, 50, 64, 53, 40, 63, 66, 78, 48, 85, 82), x1 = c(1, 
        1, 1, 1, 1, 1, 1, 1, 1, 1, 1, 1, 1, 1, 1, 1, 1, 1, 1, 
        1, 1, 1, 1, 1, 1, 1, 1), x2 = c(51, 64, 70, 78, 67, 75, 
        82, 61, 53, 60, 62, 83, 77, 90, 85, 60, 70, 40, 61, 66, 
        37, 54, 77, 75, 57, 85, 82), x3 = c(65, 33, 52, 58, 50, 
        64, 83, 47, 72, 42, 66, 46, 50, 64, 42, 44, 64, 39, 57, 
        50, 45, 64, 42, 33, 44, 50, 52), x4 = c(39, 54, 69, 66, 
        56, 55, 67, 47, 58, 39, 42, 45, 72, 72, 69, 75, 57, 34, 
        62, 50, 58, 48, 63, 74, 45, 71, 59), x5 = c(61, 63, 76, 
        71, 66, 70, 71, 62, 58, 59, 55, 59, 79, 60, 79, 55, 75, 
        43, 66, 63, 50, 66, 88, 80, 51, 77, 64), x6 = c(92, 73, 
        86, 83, 68, 66, 83, 80, 67, 74, 63, 77, 77, 54, 79, 80, 
        85, 64, 80, 80, 57, 75, 76, 78, 83, 74, 78), x7 = c(45, 
        47, 48, 47, 35, 41, 31, 41, 34, 41, 25, 35, 46, 36, 63, 
        60, 46, 33, 41, 37, 49, 33, 72, 49, 38, 55, 39)), .Names = c("y", 
        "x1", "x2", "x3", "x4", "x5", "x6", "x7"),