
expected <- structure(list(coefficients = structure(c(38.6065856388518, -0.131380481379883, 
0.211697984413725, 0.406224180762711, 0.510219373645107, -0.187466998049936, 
-0.406286993481943), .Names = c("x1", "x2", "x3", "x4", "x5", 
"x6", "x7")), residuals = structure(c(-6.29922549156559, 2.41376747276773, 
-3.06795486296155, 9.12037081976788, -7.78579221096344, 2.89771471366177, 
-9.91085204456575, 6.89053997195476, -4.46066847514815, 13.8014470605014, 
1.87114837161971, 0.765565868211088, -2.37504178554347, 7.46996084003722, 
1.40260524203998, 4.64608663677339, -1.3395354618746, 2.07589368709639, 
-2.70383505322512, -8.26673233016562, -17.6992202543267, -1.00701098617432, 
-6.08123805782949, -0.955749147454186, -4.81555574450711, 7.33522024294312, 
16.0780909789306), .Names = c("1", "2", "3", "5", "7", "8", "9", 
"10", "11", "12", "13", "14", "15", "16", "17", "18", "19", "21", 
"22", "23", "24", "25", "26", "27", "28", "29", "30")), effects = structure(c(-343.523410167827, 
8.09262307229181, -30.448061695025, -24.7756437879991, -10.9318663823804, 
-10.1158681286852, -17.1090245626046, 9.0390201543583, -5.03568839687797, 
16.7792951697712, 4.93568117073651, 6.18562433597306, -2.56794739815631, 
2.67939256785005, 0.254673837726215, -1.01738871566337, 1.26039462111656, 
1.89105453671173, -2.00549501389007, -5.07292834985744, -23.9259805389116, 
2.25537939347087, -5.97933561139956, -1.29151378457543, -3.3920194513775, 
6.57169485719287, 15.8438249917145), .Names = c("x1", "x2", "x3", 
"x4", "x5", "x6", "x7", "", "", "", "", "", "", "", "", "", "", 
"", "", "", "", "", "", "", "", "", "")), rank = 7L, fitted.values = structure(c(49.2992254915656, 
60.5862325272323, 74.0679548629615, 71.8796291802321, 65.7857922109634, 
68.1022852863382, 81.9108520445658, 60.1094600280452, 68.4606684751482, 
53.1985529394986, 67.1288516283803, 67.2344341317889, 79.3750417855435, 
73.5300391599628, 72.59739475796, 60.3539133632266, 66.3395354618746, 
47.9241063129036, 66.7038350532251, 61.2667323301656, 57.6992202543266, 
64.0070109861743, 72.0812380578295, 78.9557491474542, 52.8155557445071, 
77.6647797570569, 65.9219090210694), .Names = c("1", "2", "3", 
"5", "7", "8", "9", "10", "11", "12", "13", "14", "15", "16", 
"17", "18", "19", "21", "22", "23", "24", "25", "26", "27", "28", 
"29", "30")), assign = 1:7, qr = structure(list(qr = structure(c(-5.19615242270663, 
0.192450089729875, 0.192450089729875, 0.192450089729875, 0.192450089729875, 
0.192450089729875, 0.192450089729875, 0.192450089729875, 0.192450089729875, 
0.192450089729875, 0.192450089729875, 0.192450089729875, 0.192450089729875, 
0.192450089729875, 0.192450089729875, 0.192450089729875, 0.192450089729875, 
0.192450089729875, 0.192450089729875, 0.192450089729875, 0.192450089729875, 
0.192450089729875, 0.192450089729875, 0.192450089729875, 0.192450089729875, 
0.192450089729875, 0.192450089729875, -344.293210526747, -57.8029859538864, 
0.220045180021837, -0.195158284019736, 0.358446334702361, 0.220045180021837, 
-0.160557995349605, -0.177858139684671, -0.0394569850041463, 
0.306545901697165, -0.229758572689867, 0.0297435923361158, -0.177858139684671, 
0.306545901697165, -0.125957706679474, 0.358446334702361, 0.0470437366711814, 
-0.0567571293392119, 0.220045180021837, 0.306545901697165, -0.0221568406690808, 
0.098944169676378, -0.125957706679474, -0.0221568406690808, -0.00485669633401525, 
-0.0740572736742774, -0.177858139684671, -275.588528493181, 1.05979402704443, 
-63.5282598501108, 0.106728515019175, -0.118082320521588, 0.00895500606944486, 
0.358307654194785, -0.0665614123732423, 0.0582576795453858, -0.0389612707362431, 
0.122746820510079, 0.529933905582899, 0.075107823038442, 0.00826180773431836, 
0.232102165605904, 0.24396128108605, -0.0526227018877174, -0.256424203924665, 
0.0404370583831525, 0.039743860048026, -0.115032247847031, -0.116002725516209, 
0.263584217919612, 0.13682417066263, -0.0836888352003491, 0.341873429702805, 
-0.161007569314365, -297.527838722387, -3.84383577281694, -30.9911592034624, 
-52.4591094373746, 0.0908468442396139, -0.00498357114806052, 
0.0126541628362362, -0.0853546745461187, 0.0337652712746892, 
-0.282919953370329, -0.303580997893901, -0.531249968958621, 0.297080968751012, 
0.314766093745205, 0.132721756814947, 0.212489450365335, 0.0835996647666474, 
-0.213702550883228, 0.107536800747763, -0.125525053864845, 0.147945722090319, 
-0.0487161042763007, -0.00256993175737957, 0.285610049662598, 
-0.121645681877875, 0.0950502129779416, 0.206145594031715, -340.05930855269, 
8.79039556047276, -23.8514253407897, -24.9431303708578, -40.2783486388433, 
0.174454012077251, -0.140624073567779, -0.0101757723918018, -0.235986624035762, 
0.111084629718974, -0.206340063224811, -0.212382560656162, 0.0949086863304773, 
-0.235588504591941, 0.0872793443161534, -0.458432022660712, 0.255277781225283, 
-0.248372016019024, -0.0108618550125128, 0.0654289017335332, 
-0.372204778955241, 0.162826555113668, 0.364822841784867, 0.115650099721788, 
-0.213548936152197, -0.00804272042351629, -0.0581524762277764, 
-391.058582331106, 8.75066930311068, -6.76024866246856, 0.413400492260933, 
-17.6779089628513, 40.4750620096932, -0.00165617757307464, -0.0277119575826869, 
0.234041151662686, 0.0256939413473343, 0.40829712786428, 0.118210481462737, 
0.131502450999475, 0.448762278559944, 0.113819431217857, -0.19628828491838, 
-0.129343790013955, 0.200210109174298, -0.0989392826312426, -0.10628657195607, 
0.382450857752171, 0.0530374218329855, 0.27504695146566, 0.0896458864621248, 
-0.214630591020514, 0.231044619881944, -0.0170169800686391, -224.589254714764, 
2.48353183121163, -15.9794357341478, -22.984940252582, -15.5183478862803, 
6.22252200636919, 42.1106873640663, -0.00854512353621633, 0.188479116844855, 
-0.0825940252863997, 0.222594497921302, 0.078406915111512, 0.105737510691018, 
0.233001393335366, -0.320009790544153, -0.212366315910012, 0.0236922823590431, 
-0.0270900382474935, 0.150480037708662, 0.139939574473097, -0.219802530304314, 
0.196095289323027, -0.582367404175808, 0.065256128754818, 0.0475305653583085, 
-0.141960452831498, 0.143781130732159), .Dim = c(27L, 7L), .Dimnames = list(
    c("1", "2", "3", "5", "7", "8", "9", "10", "11", "12", "13", 
    "14", "15", "16", "17", "18", "19", "21", "22", "23", "24", 
    "25", "26", "27", "28", "29", "30"), c("x1", "x2", "x3", 
    "x4", "x5", "x6", "x7")), assign = 1:7), qraux = c(1.19245008972988, 
1.22004518002184, 1.29229347689281, 1.16265173224555, 1.14094131853598, 
1.28730320050017, 1.41487944904245), pivot = 1:7, tol = 1e-07, 
    rank = 7L), .Names = c("qr", "qraux", "pivot", "tol", "rank"
), class = "qr"), df.residual = 20L, xlevels = structure(list(), .Names = character(0)), 
    call = quote(lm(formula = y ~ . + 0, data = structure(list(y = c(43, 
        63, 71, 81, 58, 71, 72, 67, 64, 67, 69, 68, 77, 81, 74, 
        65, 65, 50, 64, 53, 40, 63, 66, 78, 48, 85, 82), x1 = c(1, 
        1, 1, 1, 1, 1, 1, 1, 1, 1, 1, 1, 1, 1, 1, 1, 1, 1, 1, 
        1, 1, 1, 1, 1, 1, 1, 1), x2 = c(54, 77, 77, 53, 85, 77, 
        55, 54, 62, 82, 51, 66, 54, 82, 57, 85, 67, 61, 77, 82, 
        63, 70, 57, 63, 64, 60, 54), x3 = c(30, 51, 68, 56, 42, 
        50, 72, 45, 53, 47, 57, 83, 54, 50, 64, 65, 46, 33, 52, 
        52, 42, 42, 66, 58, 44, 71, 39), x4 = c(39, 54, 69, 66, 
        56, 55, 67, 47, 58, 39, 42, 45, 72, 72, 69, 75, 57, 34, 
        62, 50, 58, 48, 63, 74, 45, 71, 59), x5 = c(61, 63, 76, 
        71, 66, 70, 71, 62, 58, 59, 55, 59, 79, 60, 79, 55, 75, 
        43, 66, 63, 50, 66, 88, 80, 51, 77, 64), x6 = c(92, 73, 
        86, 83, 68, 66, 83, 80, 67, 74, 63, 77, 77, 54, 79, 80, 
        85, 64, 80, 80, 57, 75, 76, 78, 83, 74, 78), x7 = c(45, 
        47, 48, 47, 35, 41, 31, 41, 34, 41, 25, 35, 46, 36, 63, 
        60, 46, 33, 41, 37, 49, 33, 72, 49, 38, 55, 39)), .Names = c("y", 
        "x1", "x2", "x3", "x4", "x5", "x6", "x7"),