
expected <- structure(list(coefficients = structure(c(15.7507036921416, -0.0653991735167664, 
0.115775947989287, 0.516045294346068, 0.518865271142217, 0.0530733277544849, 
-0.455083485595093), .Names = c("x1", "x2", "x3", "x4", "x5", 
"x6", "x7")), residuals = structure(c(-8.87296408272012, 3.34007224144041, 
-5.34891658963053, 2.76784300675249, 8.31741335825618, -12.9408394369049, 
-7.87907242900936, -10.2015845264064, 7.55971506220324, -1.93996742517215, 
15.1627381594162, 7.80740033781212, 4.96242459262323, -2.76947302653081, 
10.0530994580001, 2.44737349677243, 3.10094536404963, -11.1179209590681, 
6.18235499020407, -4.56267608259603, -9.3068748118131, -13.0931250931643, 
-1.01337794246389, -1.88276298764063, -5.45537912343202, 9.4634780890017, 
15.2200763600205), .Names = c("1", "2", "3", "4", "5", "6", "7", 
"9", "10", "11", "12", "13", "14", "15", "16", "17", "18", "20", 
"21", "22", "23", "24", "25", "27", "28", "29", "30")), effects = structure(c(-334.285805860793, 
1.64006791196601, -28.8772468181744, 31.8841779229692, 16.983412378607, 
-2.52091329205266, -16.6760020128236, -6.39142382606882, 9.55687373358936, 
-0.580436817197023, 16.8665307107806, 12.0141547982017, 6.71230323711157, 
3.07140428133113, 11.4853187404862, 6.43512768720507, -4.71152343836029, 
-10.3268402336206, 4.92532234613081, -3.6693589137418, -7.84732712436936, 
-15.2580887873372, 3.60807551225199, 3.3179848699037, -8.35852202940401, 
13.892726386528, 16.9978238819769), .Names = c("x1", "x2", "x3", 
"x4", "x5", "x6", "x7", "", "", "", "", "", "", "", "", "", "", 
"", "", "", "", "", "", "", "", "", "")), rank = 7L, fitted.values = structure(c(51.8729640827201, 
59.6599277585596, 76.3489165896305, 58.2321569932475, 72.6825866417438, 
55.9408394369049, 65.8790724290094, 82.2015845264064, 59.4402849377968, 
65.9399674251722, 51.8372618405838, 61.1925996621879, 63.0375754073768, 
79.7694730265308, 70.9469005419999, 71.5526265032276, 61.8990546359504, 
61.1179209590681, 43.8176450097959, 68.562676082596, 62.3068748118131, 
53.0931250931643, 64.0133779424639, 79.8827629876406, 53.455379123432, 
75.5365219109983, 66.7799236399795), .Names = c("1", "2", "3", 
"4", "5", "6", "7", "9", "10", "11", "12", "13", "14", "15", 
"16", "17", "18", "20", "21", "22", "23", "24", "25", "27", "28", 
"29", "30")), assign = 1:7, qr = structure(list(qr = structure(c(-5.19615242270663, 
0.192450089729875, 0.192450089729875, 0.192450089729875, 0.192450089729875, 
0.192450089729875, 0.192450089729875, 0.192450089729875, 0.192450089729875, 
0.192450089729875, 0.192450089729875, 0.192450089729875, 0.192450089729875, 
0.192450089729875, 0.192450089729875, 0.192450089729875, 0.192450089729875, 
0.192450089729875, 0.192450089729875, 0.192450089729875, 0.192450089729875, 
0.192450089729875, 0.192450089729875, 0.192450089729875, 0.192450089729875, 
0.192450089729875, 0.192450089729875, -337.749907475931, -59.143892330485, 
0.232911543575569, -0.155970538643172, -0.172878455261378, -0.20669428849779, 
0.368174876521218, -0.139062622024966, -0.155970538643172, -0.0207072056975231, 
0.317451126666599, -0.20669428849779, 0.0469244607753014, -0.155970538643172, 
0.317451126666599, -0.105246788788554, 0.368174876521218, -0.0207072056975231, 
-0.0376151223157292, 0.232911543575569, 0.317451126666599, -0.00379928907931697, 
0.114556127248126, -0.00379928907931697, 0.0131086275388891, 
-0.0545230389339353, -0.155970538643172, -275.588528493181, -3.26322790731377, 
-64.0649225909771, -0.057654245129684, 0.115104929222801, 0.00795746913329881, 
-0.137290602728042, 0.362734881696796, -0.057654245129684, 0.0587522788183447, 
-0.0560697226445597, 0.132830795697291, 0.522793852125335, 0.0828282472548077, 
-0.0092422251830624, 0.235744854478812, 0.221720211143437, 0.292889766125831, 
-0.252372687264641, 0.0272678580929132, 0.0219761064579358, -0.114006895534141, 
-0.121415347823109, 0.135739757593845, -0.083846914220138, 0.341833964241319, 
-0.151309240052679, -291.754336030491, -10.2123816373965, -30.2119544489258, 
54.1327301830935, -0.188270870618065, 0.14478338408775, -0.0755935007706785, 
-0.0444096840468954, 0.056038566222335, -0.0514823318581694, 
0.28166156436686, 0.260823016941558, 0.493563372638983, -0.316809155090372, 
-0.298291111082573, -0.156301834886097, -0.199189084013695, 0.170710257800273, 
0.192065099676117, -0.104155341718636, 0.127890710080409, -0.158162027391773, 
0.0410852819614573, -0.29554500628837, 0.103835524706616, -0.117820103980395, 
-0.224958836835233, -328.319853079167, 1.87677874462087, -22.4138126375002, 
26.6984604088701, 34.312752592365, 0.135928615252027, -0.14849041741906, 
0.106636241909046, -0.0694535510565969, 0.238300811491581, -0.212341411657921, 
0.0998209829058801, 0.0733411774657597, -0.0986420813841537, 
0.343077292599143, -0.126556051251453, 0.582662917782109, 0.0460318705299761, 
0.19183473940213, 0.0187125702877677, -0.120146246430935, 0.429678524947749, 
-0.23512156331488, -0.110604991402699, 0.177818663896647, -0.0196307602994513, 
0.0601583583622049, -387.979380895428, 2.45164790963986, -8.65268538214157, 
2.34527171217028, 22.4846622544136, 45.4319284436163, 0.171743736803203, 
-0.0353969338619893, -0.0224053891034455, 0.152162722726035, 
0.128193240036247, 0.369005861016652, 0.184544839616021, 0.0677901983660932, 
0.311758917155421, 0.0912667438885588, -0.280093654441059, 0.0805490585522346, 
0.160694079911427, -0.0923518195826716, -0.0290477980716104, 
0.229593144192219, 0.0986693072624402, 0.0504671796303202, -0.212098920096901, 
0.189583958473372, -0.0842168913305785, -217.276151305029, -5.08928290208005, 
-13.6670374329652, 22.0358205668345, 4.42472471948858, 10.8378727793417, 
36.6438302875726, 0.440520468754158, -0.0447423646252523, 0.216796972984064, 
-0.116940519336208, 0.198186736122603, 0.00617677785775461, 0.118217514064342, 
0.33513429816815, -0.392708069349514, -0.190140573116841, -0.30341599839738, 
-0.0439708843932185, 0.188709195978152, 0.153619790617906, -0.219754905881946, 
0.212596827692095, 0.0793847173478433, 0.0412885722514033, -0.186575825816437, 
0.170780555144132), .Dim = c(27L, 7L), .Dimnames = list(c("1", 
"2", "3", "4", "5", "6", "7", "9", "10", "11", "12", "13", "14", 
"15", "16", "17", "18", "20", "21", "22", "23", "24", "25", "27", 
"28", "29", "30"), c("x1", "x2", "x3", "x4", "x5", "x6", "x7"
)), assign = 1:7), qraux = c(1.19245008972988, 1.23291154357557, 
1.2770145112209, 1.05603856622234, 1.04058219284386, 1.61291871190861, 
1.26192841113957), pivot = 1:7, tol = 1e-07, rank = 7L), .Names = c("qr", 
"qraux", "pivot", "tol", "rank"), class = "qr"), df.residual = 20L, 
    xlevels = structure(list(), .Names = character(0)), call = quote(lm(formula = y ~ 
        . + 0, data = structure(list(y = c(43, 63, 71, 61, 81, 
        43, 58, 72, 67, 64, 67, 69, 68, 77, 81, 74, 65, 50, 50, 
        64, 53, 40, 63, 78, 48, 85, 82), x1 = c(1, 1, 1, 1, 1, 
        1, 1, 1, 1, 1, 1, 1, 1, 1, 1, 1, 1, 1, 1, 1, 1, 1, 1, 
        1, 1, 1, 1), x2 = c(54, 77, 77, 54, 53, 51, 85, 55, 54, 
        62, 82, 51, 66, 54, 82, 57, 85, 62, 61, 77, 82, 63, 70, 
        63, 64, 60, 54), x3 = c(30, 51, 68, 45, 56, 49, 42, 72, 
        45, 53, 47, 57, 83, 54, 50, 64, 65, 68, 33, 52, 52, 42, 
        42, 58, 44, 71, 39), x4 = c(39, 54, 69, 47, 66, 44, 56, 
        67, 47, 58, 39, 42, 45, 72, 72, 69, 75, 54, 34, 62, 50, 
        58, 48, 74, 45, 71, 59), x5 = c(61, 63, 76, 54, 71, 54, 
        66, 71, 62, 58, 59, 55, 59, 79, 60, 79, 55, 64, 43, 66, 
        63, 50, 66, 80, 51, 77, 64), x6 = c(92, 73, 86, 84, 83, 
        49, 68, 83, 80, 67, 74, 63, 77, 77, 54, 79, 80, 78, 64, 
        80, 80, 57, 75, 78, 83, 74, 78), x7 = c(45, 47, 48, 35, 
        47, 34, 35, 31, 41, 34, 41, 25, 35, 46, 36, 63, 60, 52, 
        33, 41, 37, 49, 33, 49, 38, 55, 39)), .Names = c("y", 
        "x1", "x2", "x3", "x4", "x5", "x6", "x7"),