
expected <- structure(list(coefficients = structure(c(-1.45620894187256, 
0.628843023506221, -0.106239757098362, 0.33413149210905, 0.137839395811515, 
0.189789276424939, -0.27037914218326), .Names = c("x1", "x2", 
"x3", "x4", "x5", "x6", "x7")), residuals = structure(c(-9.08926510639735, 
-0.179778160613372, 0.220146751257267, -0.581717406050942, 1.5888540678841, 
-9.12970337652819, -0.0358962028684937, -8.1834729558087, 3.47340109282889, 
12.3267084201098, 9.63538668762906, -2.88961635928702, -0.0370008650780396, 
-2.98945912766747, -3.00532671169052, 4.57592743214109, -5.10743073961879, 
-4.48089071743573, 10.3496075877524, -1.1833359370825, -0.986803266864558, 
5.73456662147999, -2.86293631872158, 2.17801365530154, -8.41586731281851, 
8.06142900836236, 4.21990494577599), .Names = c("1", "2", "3", 
"4", "5", "6", "8", "9", "10", "12", "13", "14", "15", "16", 
"17", "18", "19", "20", "21", "22", "24", "25", "26", "27", "28", 
"29", "30")), effects = structure(c(-247.98096368937, -237.894272216866, 
1.58035952917913, 12.7569118907541, 5.4977296389725, 8.67449904571206, 
-9.89731932910565, -5.3771186463605, -0.817647432506851, 14.025027459059, 
9.33668752968216, -2.52008901999851, 4.10222328950386, 0.408281649914519, 
0.77174643207934, 4.19296561003127, -3.40847606880546, -3.24259282407273, 
10.8995724625565, -1.53472056795986, -0.388146912907997, 7.26176748406028, 
0.834217679250387, 5.69272536392851, -9.20516626112606, 13.1004930570737, 
7.38099681888271), .Names = c("x1", "x2", "x3", "x4", "x5", "x6", 
"x7", "", "", "", "", "", "", "", "", "", "", "", "", "", "", 
"", "", "", "", "", "")), rank = 7L, fitted.values = structure(c(52.0892651063973, 
63.1797781606134, 70.7798532487427, 61.5817174060509, 79.4111459321159, 
52.1297033765282, 71.0358962028685, 80.1834729558087, 63.5265989071711, 
54.6732915798901, 59.3646133123709, 70.889616359287, 77.037000865078, 
83.9894591276675, 77.0053267116905, 60.4240725678589, 70.1074307396188, 
54.4808907174357, 39.6503924122476, 65.1833359370825, 40.9868032668646, 
57.26543337852, 68.8629363187216, 75.8219863446985, 56.4158673128185, 
76.9385709916376, 77.780095054224), .Names = c("1", "2", "3", 
"4", "5", "6", "8", "9", "10", "12", "13", "14", "15", "16", 
"17", "18", "19", "20", "21", "22", "24", "25", "26", "27", "28", 
"29", "30")), assign = 1:7, qr = structure(list(qr = structure(c(-7.44083215750715, 
-0.0441397625123388, 0.266662902422915, 0.265900573160556, -0.131684092978913, 
-0.0458855376056684, 0.026014704397814, 0.302393465693796, -0.147677303567264, 
0.201795424444448, 0.0350631326131356, 0.0743304436095105, 0.255650634995476, 
0.0126647878057237, 0.143126883340605, 0.184796659423023, 0.194053615382163, 
0.219315378297521, 0.231554149403921, 0.144228190428426, 0.153139243462917, 
0.247098797918107, 0.0630331810184809, 0.229543969800281, 0.212033080982692, 
0.228933390324105, 0.224812864073958, -254.092441957841, -248.979981002291, 
0.0346368858154371, 0.00722689292521384, 0.43501044534796, 0.263319094483889, 
0.277180358919934, 0.0498032573166717, 0.381516408963951, 0.054438220592881, 
0.216602720235507, 0.264647113400965, 0.0729316262415418, 0.349767181168529, 
0.209082645500751, 0.0701523270335949, 0.101758824597738, 0.0302095391289681, 
-0.0533992724395099, 0.111671276244234, 0.00704037198466117, 
-0.0115397349454286, 0.250992277725284, 0.0890325413400228, 0.0329250995493737, 
0.129760848749918, 0.121520810330215, -205.297649467753, -191.093351067835, 
-55.634578282581, -0.0645588918349865, -0.0789991281953247, 0.115711524603115, 
-0.143700692698859, 0.156943265445676, -0.0405276017695477, 0.012511545637524, 
0.162930560751652, 0.338679337529396, -0.0975123072236933, -0.352354414359228, 
-0.0300115346063038, 0.335896264203354, -0.144554803092935, 0.417938726698098, 
0.0391835432850042, 0.0879564102297651, 0.241944467435539, 0.00646544547356861, 
0.116423687849165, 0.00195151802433665, 0.000388028954362621, 
0.0965922877662167, -0.436920772127456, -221.470739794739, -196.501576979778, 
-15.4478183461843, 49.0938546823835, -0.134290207451433, 0.0385093587652249, 
0.0525106957061588, 0.11238691761488, -0.0131479827469957, 0.239851772594675, 
0.232537984497499, 0.595911404419165, -0.186549608183046, -0.137286451363166, 
0.00559575065506767, -0.365285913062293, -0.0295409167865999, 
0.0717140759350894, 0.033075539254375, -0.195393551845908, -0.440864748743041, 
-0.0329878204614105, 0.0375989552694308, -0.225606004411287, 
0.0661476156291207, 0.0374349938438664, 0.0136368815488094, -253.428698248856, 
-224.016738113729, -12.7721784245431, 20.5120196554603, 42.1488369557345, 
-0.0938346016410986, -0.0889424366876789, 0.267580061082204, 
-0.232290667977722, -0.119441592529064, -0.0261285499558996, 
0.184176061845017, 0.049540986109763, 0.521465174311907, 0.0545936694938949, 
0.465409348769549, -0.1629337045746, -0.0271001771711228, -0.0158313484116219, 
0.00911835980382912, 0.0803569908469465, -0.214457072625442, 
-0.353730794193962, 0.0249223599635611, 0.119581428020434, 0.175123552260567, 
0.253199412624732, -305.135363332395, -237.695457140525, -19.0961400730033, 
11.1199146362968, 38.7481603301072, 58.5793880353017, 0.186174639663623, 
0.250976741990407, -0.404983264699786, 0.0254995844289284, 0.0468883406164237, 
0.121093125223907, 0.283032996730021, 0.349706184180515, 0.243731775701531, 
-0.198855668146982, 0.0146706767025324, 0.0161698809916671, -0.124172419259687, 
-0.112980675446228, -0.0866667477097165, 0.0302359044221531, 
0.26555424014553, 0.238545788073859, -0.250443086724285, 0.403896050339643, 
0.128794472615225, -170.136438290027, -148.018394011117, -22.9903459046975, 
31.7505851496097, 28.3528745268991, 9.03635022729523, 36.6053359337806, 
0.369043844279516, 0.161061976526755, -0.129052840592132, 0.253566979447457, 
-0.113285341717586, 0.195794973684569, -0.0241615818014516, -0.336340202951333, 
-0.335275307180671, 0.129585849667325, -0.168216036978688, -0.0647600672808559, 
0.255440932316209, -0.121412107441625, 0.353851155666718, -0.378264030869324, 
0.187682390018286, -0.049198111211975, -0.195080541557702, -0.0317133284682442
), .Dim = c(27L, 7L), .Dimnames = list(c("1", "2", "3", "4", 
"5", "6", "8", "9", "10", "12", "13", "14", "15", "16", "17", 
"18", "19", "20", "21", "22", "24", "25", "26", "27", "28", "29", 
"30"), c("x1", "x2", "x3", "x4", "x5", "x6", "x7")), assign = 1:7), 
    qraux = c(1.32554568273744, 1.2978527384559, 1.25154511938298, 
    1.10992157219931, 1.00083336828845, 1.11191390180224, 1.07315721626673
    ), pivot = 1:7, tol = 1e-07, rank = 7L), .Names = c("qr", 
"qraux", "pivot", "tol", "rank"), class = "qr"), df.residual = 20L, 
    xlevels = structure(list(), .Names = character(0)), call = quote(lm(formula = y ~ 
        . + 0, data = structure(list(y = c(43, 63, 71, 61, 81, 
        43, 71, 72, 67, 67, 69, 68, 77, 81, 74, 65, 65, 50, 50, 
        64, 40, 63, 66, 78, 48, 85, 82), x1 = c(2.42233078485034, 
        -0.328436564326539, 1.98419389956262, 1.97852153547265, 
        -0.979839233669655, -0.341426583780761, 0.193571049051297, 
        2.25005902375443, -1.09884202931724, 1.50152588344405, 
        0.260898884690757, 0.553080355091418, 1.90225346596146, 
        0.0942365603728335, 1.06498311616455, 1.37504092603473, 
        1.44392038161612, 1.63188891947204, 1.72295556108891, 
        1.0731777573589, 1.13948340733519, 1.83862068163041, 
        0.469019320312282, 1.70799815205178, 1.57770256743133, 
        1.70345493265074, 1.67279478842279), x2 = c(51, 64, 70, 
        63, 78, 55, 75, 82, 61, 60, 62, 83, 77, 90, 85, 60, 70, 
        58, 40, 61, 37, 54, 77, 75, 57, 85, 82), x3 = c(30, 51, 
        68, 45, 56, 49, 50, 72, 45, 47, 57, 83, 54, 50, 64, 65, 
        46, 68, 33, 52, 42, 42, 66, 58, 44, 71, 39), x4 = c(39, 
        54, 69, 47, 66, 44, 55, 67, 47, 39, 42, 45, 72, 72, 69, 
        75, 57, 54, 34, 62, 58, 48, 63, 74, 45, 71, 59),