
expected <- structure(list(coefficients = structure(c(5.17941859175441, 0.044562145904433, 
0.166355164933177, -0.0065167332557514, 0.59979688665566, 0.0769178021039047, 
0.0462799967124566), .Names = c("x1", "x2", "x3", "x4", "x5", 
"x6", "x7")), residuals = structure(c(-13.4983094021145, 2.18587209884742, 
4.50347193081569, 2.37458547775419, 3.16657755493856, -21.2898975894422, 
-0.679600523984045, -2.21564231820841, 15.1242123171169, 18.5482351916807, 
-1.89282288238911, 4.60529243161408, -5.76493496100248, 4.0830189243406, 
6.81890168441923, 0.401725486372783, 6.39426731264328, -3.37659037375246, 
-15.1621765637089, 7.30055730259386, -16.536380690795, -15.2544253887186, 
1.92698646269887, 9.12925075522569, -17.9090585144469, 14.4401890594132, 
14.289801303054), .Names = c("1", "2", "3", "4", "5", "6", "7", 
"8", "9", "10", "11", "12", "14", "15", "16", "17", "19", "20", 
"21", "22", "23", "24", "26", "27", "28", "29", "30")), effects = structure(c(-295.426656161738, 
-154.879007575897, 30.7381503658303, -21.5561751507204, -30.3525231131071, 
-5.47388635491051, -1.73546902316025, -0.128512653372634, 22.805830283637, 
24.9166042378383, -0.378758070141969, 9.3452697484961, -5.75998688459613, 
5.27624233428176, 5.42999317811029, -0.329110188764756, 13.5985218893447, 
0.600834514352849, -11.8607447834852, 11.9793849672562, -9.19506544246689, 
-9.76573341648136, 5.20334660476959, 14.118387585785, -16.6646379131262, 
18.9235707864857, 14.3939577283204), .Names = c("x1", "x2", "x3", 
"x4", "x5", "x6", "x7", "", "", "", "", "", "", "", "", "", "", 
"", "", "", "", "", "", "", "", "", "")), rank = 7L, fitted.values = structure(c(56.4983094021145, 
60.8141279011526, 66.4965280691843, 58.6254145222458, 77.8334224450614, 
64.2898975894421, 58.679600523984, 73.2156423182084, 56.8757876828831, 
48.4517648083193, 65.8928228823891, 62.3947075683859, 73.7649349610025, 
72.9169810756594, 74.1810983155808, 73.5982745136272, 58.6057326873567, 
53.3765903737525, 65.1621765637089, 56.6994426974061, 69.536380690795, 
55.2544253887186, 64.0730135373011, 68.8707492447743, 65.9090585144469, 
70.5598109405868, 67.710198696946), .Names = c("1", "2", "3", 
"4", "5", "6", "7", "8", "9", "10", "11", "12", "14", "15", "16", 
"17", "19", "20", "21", "22", "23", "24", "26", "27", "28", "29", 
"30")), assign = 1:7, qr = structure(list(qr = structure(c(-8.56853084323853, 
0.0170768883092739, 0.187004129742277, 0.0426003422662189, 0.413311939780087, 
0.21590443230363, 0.0207398401064847, 0.112974779512904, 0.137916039876928, 
0.071581661621441, 0.17929410162048, 0.178767596547011, 0.215928201276137, 
0.183698621289181, 0.211946310047943, 0.313654623608421, 0.188729825253593, 
-0.0155798984368047, 0.094412995832037, 0.084194815147404, 0.297104648248246, 
0.141974605213923, 0.187095710925122, 0.292654159289104, 0.0993668893230406, 
0.32530695169502, 0.0236640215220818, -279.752786856152, -195.582152166848, 
0.116736621617915, 0.213006175560669, -0.341143957694649, -0.0590022299831265, 
0.403883534769977, 0.226376748521881, 0.0769531445324021, 0.170083800555273, 
0.0514613355779287, 0.15449992802558, 0.0176566819556923, 0.00403455592499199, 
0.105361061515453, -0.173096128741671, 0.0630513948162016, 0.340076729747455, 
0.172060361295606, 0.26900090955461, -0.0207614963387354, 0.111845791288744, 
0.0143421670752135, -0.111316040869025, 0.180062290014403, -0.175014822273961, 
0.241051546795843, -242.921271042062, -128.775029624679, 89.8568184417411, 
-0.141368001350071, -0.129997019192855, -0.229269325446821, 0.190803505619216, 
0.0789320028816011, -0.416674953782797, 0.122348329224312, 0.253204624795446, 
0.193108441517265, 0.140479697775104, 0.0618507933442937, 0.292627286061214, 
-0.120073231202089, -0.0143309186743744, 0.0260778179351069, 
0.00112692273620462, 0.171468974802451, 0.192307600744707, 0.0138980200786446, 
-0.202530942469976, 0.145457650082324, -0.251111683018525, 0.0883338921264898, 
-0.498698995963336, -229.676342857397, -162.378840087726, 27.6594582934411, 
-56.8844811027521, -0.0197697611040572, -0.223107670750518, 0.22475350523847, 
0.202651071173875, -0.391389284558383, -0.00271542989931641, 
0.273067309736512, -0.123544779674507, 0.18006081946557, 0.000837619556293611, 
0.256604964076527, -0.301203544038489, -0.0852824922251265, 0.131821451834225, 
-0.102537525973109, -0.184262509883234, -0.180711026523276, -0.195633683900222, 
-0.0957230988783809, 0.0485298985981717, -0.19013319189009, -0.234656673332015, 
0.103755930955888, -277.048560043338, -175.184150771401, 18.9598015830318, 
-31.8871308135955, -48.2322040635184, 0.0877730763882767, -0.265560986460738, 
0.0557032505963868, -0.184837479408667, 0.0778424591893885, 0.179237371877995, 
-0.225344633005173, 0.207285889235717, 0.581683180248055, -0.0146045350618304, 
0.255138839318411, -0.271396786276594, 0.0715617507694263, 0.347903124156973, 
-0.0522668214677328, -0.277670039511431, -0.0659837736666633, 
-0.0109506287743504, -0.00643765113235328, 0.107637424040664, 
0.198565572759625, 0.105631690216618, -326.394921329386, -204.344367313819, 
38.6534817807982, -32.6709920829071, -17.1092335515686, -63.918100936409, 
0.000980781872153772, 0.170481958553421, 0.0616062665862189, 
0.473708845696435, 0.207045206429362, 0.124286723897828, 0.0363735945797068, 
0.302681150052955, -0.0880616117514921, -0.258003550565703, 0.165280794597035, 
0.386014038650242, 0.350792969811855, 0.286972612156729, 0.135950224407598, 
0.199340164820153, -0.0248322293501293, 0.146335020642009, -0.0354896819826024, 
0.143428823819833, -0.111692877445736, -181.23059458973, -108.180812336474, 
35.1141555178536, -6.22501017666806, -2.31185493516853, -12.0450854759105, 
-37.4993333284559, 0.017006299620022, 0.368283569242882, 0.013548050443433, 
0.317713364954291, -0.348053176445569, 0.228181781363174, 0.0357572262194348, 
-0.228779792518227, 0.240548541435749, -0.397075306446262, -0.11646845490761, 
0.0291066732353816, -0.260088160996989, -0.0397768767287604, 
-0.0131251661466353, -0.160114766187581, 0.163571548160937, -0.173243922737809, 
-0.173154397245693, 0.338009297855087), .Dim = c(27L, 7L), .Dimnames = list(
    c("1", "2", "3", "4", "5", "6", "7", "8", "9", "10", "11", 
    "12", "14", "15", "16", "17", "19", "20", "21", "22", "23", 
    "24", "26", "27", "28", "29", "30"), c("x1", "x2", "x3", 
    "x4", "x5", "x6", "x7")), assign = 1:7), qraux = c(1.15220588204642, 
1.36840497015035, 1.07152072331085, 1.41556330757239, 1.05073662832736, 
1.14448280176159, 1.10071026257668), pivot = 1:7, tol = 1e-07, 
    rank = 7L), .Names = c("qr", "qraux", "pivot", "tol", "rank"
), class = "qr"), df.residual = 20L, xlevels = structure(list(), .Names = character(0)), 
    call = quote(lm(formula = y ~ . + 0, data = structure(list(y = c(43, 
        63, 71, 61, 81, 43, 58, 71, 72, 67, 64, 67, 68, 77, 81, 
        74, 65, 50, 50, 64, 53, 40, 66, 78, 48, 85, 82), x1 = c(1.30418079483706, 
        0.146323844184553, 1.60235065350968, 0.365022346640615, 
        3.54147610388442, 1.84998378738556, 0.17770995963625, 
        0.968027882764394, 1.18173784146277, 0.613349675413581, 
        1.53628703974583, 1.53177566478469, 1.8501874525596, 
        1.57402730237674, 1.8160684947564, 2.68755931651313, 
        1.61713732872443, -0.133496840290285, 0.80898066678936, 
        0.721425870431298, 2.54575034218463, 1.21651378373211, 
        1.60313536969955, 2.50761619027073, 0.851428255961143, 
        2.78740264911869, 0.202765898287018), x2 = c(54, 77, 
        77, 54, 53, 51, 85, 77, 55, 54, 62, 82, 66, 54, 82, 57, 
        67, 62, 61, 77, 82, 63, 57, 63, 64, 60, 54), x3 = c(52, 
        58, 57, 52, 72, 68, 42, 52, 83, 30, 30, 49, 45, 42, 42, 
        68, 58, 39, 47, 42, 56, 50, 68, 47, 72, 52, 83), x4 = c(66, 
        54, 45, 74, 58, 44, 72, 72, 44, 39, 58, 54, 62, 45, 72, 
        42, 54, 55, 45, 45, 54, 42, 54, 54, 54, 39, 72),