
expected <- structure(list(coefficients = structure(c(15.3044040751759, 0.528503117541886, 
-0.0524456271967025, 0.242459370612381, 0.173381350194216, 0.000794358962392505, 
-0.191477899821309), .Names = c("x1", "x2", "x3", "x4", "x5", 
"x6", "x7")), residuals = structure(c(1.49083001631532, 1.4921577874589, 
0.660600524043923, -12.3887282247277, -8.89887885235231, 1.01349900355897, 
-5.53783540628658, 7.45559258763004, 5.78930957083025, 10.5646931542949, 
8.93226100608974, -1.32234677193718, 1.41362076052638, -0.282469467053559, 
-1.30029626838075, 5.08954054822454, -2.94820391060771, -6.66256746717711, 
5.86700736641355, 0.516126786916149, -10.4729705686584, -6.05643596954209, 
4.55141725085802, -3.34181131371021, 3.61004721480259, -7.6437129835173, 
8.40955362598765), .Names = c("2", "3", "4", "6", "7", "8", "9", 
"10", "11", "12", "13", "14", "15", "16", "17", "18", "19", "20", 
"21", "22", "23", "24", "25", "26", "27", "28", "29")), effects = structure(c(-333.516005501874, 
-45.8271796854879, -2.82732660593055, 9.77007444774788, -2.39921901489119, 
0.346929027263338, -7.4331158687762, 9.46673209462739, 5.94810512881541, 
13.4435816601546, 12.5269143346799, 1.83467243146085, 0.884996540715989, 
-6.81337687703652, -3.49850057459643, -2.97284170230192, -1.67680016840083, 
-6.29741080851687, 6.6428416704884, -0.415647334560635, -8.80007913341098, 
-10.143426533901, 8.25216637497044, -1.8700470306211, 2.49521444136362, 
-8.45646405866544, 6.21560863560124), .Names = c("x1", "x2", 
"x3", "x4", "x5", "x6", "x7", "", "", "", "", "", "", "", "", 
"", "", "", "", "", "", "", "", "", "", "", "")), rank = 7L, 
    fitted.values = structure(c(61.5091699836847, 69.5078422125411, 
    60.3393994759561, 55.3887282247277, 66.8988788523523, 69.986500996441, 
    77.5378354062866, 59.54440741237, 58.2106904291697, 56.4353068457051, 
    60.0677389939103, 69.3223467719372, 75.5863792394736, 81.2824694670536, 
    75.3002962683807, 59.9104594517755, 67.9482039106077, 56.6625674671771, 
    44.1329926335865, 63.4838732130839, 63.4729705686584, 46.0564359695421, 
    58.448582749142, 69.3418113137102, 74.3899527851974, 55.6437129835173, 
    76.5904463740123), .Names = c("2", "3", "4", "6", "7", "8", 
    "9", "10", "11", "12", "13", "14", "15", "16", "17", "18", 
    "19", "20", "21", "22", "23", "24", "25", "26", "27", "28", 
    "29")), assign = 1:7, qr = structure(list(qr = structure(c(-5.19615242270663, 
    0.192450089729875, 0.192450089729875, 0.192450089729875, 
    0.192450089729875, 0.192450089729875, 0.192450089729875, 
    0.192450089729875, 0.192450089729875, 0.192450089729875, 
    0.192450089729875, 0.192450089729875, 0.192450089729875, 
    0.192450089729875, 0.192450089729875, 0.192450089729875, 
    0.192450089729875, 0.192450089729875, 0.192450089729875, 
    0.192450089729875, 0.192450089729875, 0.192450089729875, 
    0.192450089729875, 0.192450089729875, 0.192450089729875, 
    0.192450089729875, 0.192450089729875, -343.908310347287, 
    -67.2761032913922, -0.0421028710864252, -0.16101582247051, 
    0.0173536046056173, 0.136266555989702, 0.240315388450777, 
    -0.0718311089324464, -0.190744060316531, -0.0866952278554571, 
    -0.0569669900094358, 0.255179507373787, 0.165994793835724, 
    0.359228339834862, 0.284907745219808, -0.0866952278554571, 
    0.0619459613746492, -0.116423465701478, -0.38397760631567, 
    -0.0718311089324464, 0.00248948568260667, -0.428569963084701, 
    -0.175879941393521, 0.165994793835724, 0.136266555989702, 
    -0.131287584624489, 0.284907745219808, -282.709181813187, 
    -36.8030079304512, 46.9047665572452, -0.0611248653510839, 
    0.270548232368535, 0.221612896213294, -0.141002445516607, 
    0.115371580928528, -0.176809800349899, 0.0575291134291201, 
    -0.125263079326525, -0.360317310932056, 0.166739472495275, 
    0.44965606351628, 0.0751645466608243, -0.326227193683757, 
    0.230877686470715, -0.420592333842968, 0.0519486847795985, 
    -0.0338669829487023, 0.0421474061522932, -0.185538102237438, 
    0.0729108207059471, -0.0890980655799771, 0.0510545374964592, 
    0.0758798644873358, -0.0740740172164058, -293.87128701752, 
    -33.9678148766177, 8.65095721368538, 48.6211390082697, -0.0587193222030677, 
    0.083686816614506, 0.0349793870888135, 0.0898999650193316, 
    -0.160589001185979, 0.257505525574979, 0.275058221743037, 
    0.563680488069739, -0.22329697497344, -0.128997021398142, 
    -0.0275578357153437, -0.373125503892762, -0.0274975862114396, 
    0.0588222318240993, 0.0923399585590692, -0.175912621133539, 
    0.116546382071625, -0.373770335132734, -0.0128790470077565, 
    0.0349994702567816, -0.258295198339626, 0.0884128033691762, 
    -0.0259970064122555, -335.440506399173, -38.1446322939837, 
    2.79399501774129, 16.9433736810265, -36.479711813135, 0.0812892749230983, 
    -0.14581047142189, 0.10452663123928, -0.0541116618666219, 
    0.109140947644488, -0.0786925208474974, -0.290045866391337, 
    0.12291073052868, -0.524479386135571, 0.0426281205645648, 
    -0.415376334890659, 0.261294415036636, 0.0586875518273713, 
    -0.0303869572671198, 0.0426394687616735, 0.0300517964425614, 
    -0.0754831700613124, 0.285770154765615, 0.429640743106909, 
    0.140429171622168, -0.131763752497732, -0.0511357064154046, 
    -360.843918243516, -26.7818391617267, 6.04328499757194, 18.7024121037906, 
    15.5707627774599, 60.9971277376914, 0.132170785879846, -0.343032680342317, 
    -0.364564944417074, -0.00248065286745723, -0.0137130202861435, 
    -0.0837630674199934, -0.36864844462472, -0.309352523000761, 
    -0.137952456030117, -0.455331036248393, 0.157886129189902, 
    0.329223326864835, 0.0629920421485408, 0.167518480929835, 
    -0.014944172335102, -0.172134940421151, 0.0721982222792009, 
    0.0507185784817277, -0.0771882347656656, 0.0488748865046032, 
    0.149052364705631, -222.664753817466, -13.9386898893224, 
    15.4279398067065, 25.9617311116737, -20.437418117989, -1.55879823438238, 
    38.8197064815989, -0.0776988815029316, 0.337422907282963, 
    -0.164315391623897, 0.272772853440097, -0.0296959957409118, 
    0.122469886002049, 0.00901528845171854, -0.384082271835032, 
    -0.180804289866345, -0.0299138258209286, -0.0568600344236602, 
    -0.00738160371597049, 0.212674173048034, 0.0665402902007193, 
    0.0182125789762598, 0.27411289368845, -0.478515829292262, 
    0.142129719989117, -0.070997280144322, -0.120169142886757
    ), .Dim = c(27L, 7L), .Dimnames = list(c("2", "3", "4", "6", 
    "7", "8", "9", "10", "11", "12", "13", "14", "15", "16", 
    "17", "18", "19", "20", "21", "22", "23", "24", "25", "26", 
    "27", "28", "29"), c("x1", "x2", "x3", "x4", "x5", "x6", 
    "x7")), assign = 1:7), qraux = c(1.19245008972988, 1.06194596137465, 
    1.14577733656893, 1.12121545183186, 1.06702475408641, 1.18230453732588, 
    1.4296083478653), pivot = 1:7, tol = 1e-07, rank = 7L), .Names = c("qr", 
    "qraux", "pivot", "tol", "rank"), class = "qr"), df.residual = 20L, 
    xlevels = structure(list(), .Names = character(0)), call = quote(lm(formula = y ~ 
        . + 0, data = structure(list(y = c(63, 71, 61, 43, 58, 
        71, 72, 67, 64, 67, 69, 68, 77, 81, 74, 65, 65, 50, 50, 
        64, 53, 40, 63, 66, 78, 48, 85), x1 = c(1, 1, 1, 1, 1, 
        1, 1, 1, 1, 1, 1, 1, 1, 1, 1, 1, 1, 1, 1, 1, 1, 1, 1, 
        1, 1, 1, 1), x2 = c(64, 70, 63, 55, 67, 75, 82, 61, 53, 
        60, 62, 83, 77, 90, 85, 60, 70, 58, 40, 61, 66, 37, 54, 
        77, 75, 57, 85), x3 = c(51, 68, 45, 49, 42, 50, 72, 45, 
        53, 47, 57, 83, 54, 50, 64, 65, 46, 68, 33, 52, 52, 42, 
        42, 66, 58, 44, 71), x4 = c(54, 69, 47, 44, 56, 55, 67, 
        47, 58, 39, 42, 45, 72, 72, 69, 75, 57, 54, 34, 62, 50, 
        58, 48, 63, 74, 45, 71), x5 = c(63, 76, 54, 54, 66, 70, 
        71, 62, 58, 59, 55, 59, 79, 60, 79, 55, 75, 64, 43, 66, 
        63, 50, 66, 88, 80, 51, 77),