
expected <- structure(list(coefficients = structure(c(4.73183637424377, 0.647068089139548, 
-0.0244503063976456, 0.313155917478889, 0.0941113511441049, 0.0730873640249756, 
-0.263717447434731), .Names = c("x1", "x2", "x3", "x4", "x5", 
"x6", "x7")), residuals = structure(c(-5.95366456171571, -0.142483503610724, 
-0.05753059051778, 6.19324277445618, -9.98948212109235, -8.35079367452268, 
1.48015582748878, -9.31640699859547, 8.35836891931677, 7.1820152049645, 
12.1092910538814, 9.42342172660455, 0.187688835103505, -3.04994146417847, 
-2.9079686984169, 3.83313135912311, -2.45144499679267, -5.52021785372247, 
0.529087816533472, -10.8920695005077, -1.68552748061559, 6.86959667064531, 
-2.10677152173662, 2.06381159679996, -7.47558738015416, 6.10524186074172, 
5.56483670052009), .Names = c("1", "3", "4", "5", "6", "7", "8", 
"9", "10", "11", "12", "13", "15", "16", "17", "18", "19", "20", 
"22", "23", "24", "25", "26", "27", "28", "29", "30")), effects = structure(c(-338.327257745121, 
-53.1510040063286, 3.0536792431118, -9.13007624451719, -0.91153676205006, 
1.31952000232229, 9.07870444675087, -6.69763940707486, 9.88895766320291, 
8.87002141660742, 14.763145367585, 14.8992581908261, 0.726253828157094, 
2.08597643586066, -3.73661486543685, 0.608219337454535, -2.24584458555045, 
-6.42151484192067, 0.7368468506963, -8.60721852281824, -2.35059936096904, 
8.90959580596592, -4.30058571058124, 1.9535106768881, -5.89301214827677, 
6.55625482214856, 8.58175254504349), .Names = c("x1", "x2", "x3", 
"x4", "x5", "x6", "x7", "", "", "", "", "", "", "", "", "", "", 
"", "", "", "", "", "", "", "", "", "")), rank = 7L, fitted.values = structure(c(48.9536645617157, 
71.1424835036107, 61.0575305905178, 74.8067572255438, 52.9894821210924, 
66.3507936745227, 69.5198441725112, 81.3164069985955, 58.6416310806832, 
56.8179847950355, 54.8907089461186, 59.5765782733954, 76.8123111648965, 
84.0499414641785, 76.9079686984169, 61.1668686408769, 67.4514449967927, 
55.5202178537225, 63.4709121834665, 63.8920695005077, 41.6855274806156, 
56.1304033293547, 68.1067715217366, 75.9361884032, 55.4755873801542, 
78.8947581392583, 76.4351632994799), .Names = c("1", "3", "4", 
"5", "6", "7", "8", "9", "10", "11", "12", "13", "15", "16", 
"17", "18", "19", "20", "22", "23", "24", "25", "26", "27", "28", 
"29", "30")), assign = 1:7, qr = structure(list(qr = structure(c(-5.19615242270663, 
0.192450089729875, 0.192450089729875, 0.192450089729875, 0.192450089729875, 
0.192450089729875, 0.192450089729875, 0.192450089729875, 0.192450089729875, 
0.192450089729875, 0.192450089729875, 0.192450089729875, 0.192450089729875, 
0.192450089729875, 0.192450089729875, 0.192450089729875, 0.192450089729875, 
0.192450089729875, 0.192450089729875, 0.192450089729875, 0.192450089729875, 
0.192450089729875, 0.192450089729875, 0.192450089729875, 0.192450089729875, 
0.192450089729875, 0.192450089729875, -348.527112500804, -64.4348651884355, 
-0.0229669383926948, 0.209826285526274, -0.147123324482811, 0.0391112546523634, 
0.16326764074248, 0.271904478571332, -0.0540060349152239, -0.17816242100534, 
-0.0695255831764885, -0.0384864866539594, 0.194306737265009, 
0.396060864661448, 0.318463123355125, -0.0695255831764885, 0.0856698994361571, 
-0.100564679699018, -0.0540060349152239, 0.0235917063910989, 
-0.426475193185573, -0.162642872744076, 0.194306737265009, 0.16326764074248, 
-0.116084227960282, 0.318463123355125, 0.271904478571332, -278.667729928859, 
-3.96898076829747, 61.6160976365526, -0.0395649671712839, 0.363482317809407, 
0.0889843091482539, -0.137293096755907, -0.444835121001257, 0.136970925710586, 
-0.269703145287355, 0.218001557857114, -0.171273057118748, 0.09015424012156, 
-0.135538200295947, 0.220926385290379, 0.185542507759571, -0.13787806224256, 
-0.204200079605614, -0.0253243247771324, 0.0888673160509233, 
0.166622141472195, -0.139749951799849, 0.219990440511735, 0.36582217975602, 
0.185191528467579, 0.0910901849002049, 0.0582801555106694, -299.837239799146, 
-35.2696104189331, -4.52718330307845, -45.2458707714488, -0.0727497882868604, 
-0.00677104342697928, -0.163472292765753, -0.0205197169211308, 
-0.109723477798529, 0.242049126646778, -0.267548278801281, -0.248530688725217, 
0.190243874164893, -0.0226601668527167, 0.00397437164301129, 
0.526774012878484, -0.0409651080263006, 0.0779998632955149, 0.215146362266386, 
-0.123718978341737, 0.510583484093431, 0.0106953320954488, -0.00334760482642229, 
0.277077118189806, -0.0892873641082563, 0.0428556001595545, -0.17670984351112, 
-341.406459180799, -33.9194097202031, -3.62873431442066, -10.2302665384977, 
36.5140686268904, 0.000510313357632215, 0.0359842194768852, 0.206826259752744, 
-0.022991834545544, 0.0765387530798476, -0.0015960820665978, 
0.206533384137152, -0.141253928673721, 0.601114693369756, -0.056717083043662, 
0.267625766022775, -0.165036559316277, -0.0417348803003415, -0.0443927897706222, 
0.0423046870539209, -0.000659942808315644, -0.189923511456598, 
-0.445337696995518, -0.229195488393717, 0.204422326183608, 0.0255288155424847, 
0.291001186056651, -390.481232061917, -5.97042769591686, 5.56323723712302, 
0.623342605023729, 19.5605775986395, 47.5584591842828, 0.252703261669095, 
-0.232466738614281, -0.0401967851047104, 0.113775314164166, 0.0574675647676974, 
0.0995611008004572, 0.210162422812313, 0.052111007289855, 0.119224925788124, 
-0.288531276189287, 0.0220707504220119, 0.007876915579162, -0.0110936500343396, 
-0.0805673912005118, 0.34436060798454, 0.189360860419369, 0.506867469966072, 
0.269455827874929, -0.328646559776831, 0.14778105738396, -0.202717105309278, 
-225.743955253144, -11.8276201693348, -22.4210751010435, -22.5853910145173, 
21.908130114204, 8.17694254787607, -34.4258771464023, -0.232336415789467, 
-0.0705817188558356, -0.148219704555867, 0.0715431825693199, 
-0.0770932458780841, -0.20584268254144, 0.222105684974432, 0.343534702571789, 
0.203259998888499, -0.0297138840148685, 0.273799965514338, -0.230145941891822, 
-0.15394699684183, 0.0958049833533605, -0.281808136333451, 0.490693122436614, 
-0.312549402741118, -0.0873538868241157, 0.217528578845564, 0.00836989130171824
), .Dim = c(27L, 7L), .Dimnames = list(c("1", "3", "4", "5", 
"6", "7", "8", "9", "10", "11", "12", "13", "15", "16", "17", 
"18", "19", "20", "22", "23", "24", "25", "26", "27", "28", "29", 
"30"), c("x1", "x2", "x3", "x4", "x5", "x6", "x7")), assign = 1:7), 
    qraux = c(1.19245008972988, 1.08566989943616, 1.13720491190525, 
    1.03665253664665, 1.06294183557993, 1.21887863023755, 1.14959068311585
    ), pivot = 1:7, tol = 1e-07, rank = 7L), .Names = c("qr", 
"qraux", "pivot", "tol", "rank"), class = "qr"), df.residual = 20L, 
    xlevels = structure(list(), .Names = character(0)), call = quote(lm(formula = y ~ 
        . + 0, data = structure(list(y = c(43, 71, 61, 81, 43, 
        58, 71, 72, 67, 64, 67, 69, 77, 81, 74, 65, 65, 50, 64, 
        53, 40, 63, 66, 78, 48, 85, 82), x1 = c(1, 1, 1, 1, 1, 
        1, 1, 1, 1, 1, 1, 1, 1, 1, 1, 1, 1, 1, 1, 1, 1, 1, 1, 
        1, 1, 1, 1), x2 = c(51, 70, 63, 78, 55, 67, 75, 82, 61, 
        53, 60, 62, 77, 90, 85, 60, 70, 58, 61, 66, 37, 54, 77, 
        75, 57, 85, 82), x3 = c(65, 52, 47, 58, 33, 50, 64, 83, 
        47, 72, 42, 66, 50, 64, 42, 44, 64, 68, 57, 50, 45, 64, 
        42, 33, 44, 50, 52), x4 = c(39, 69, 47, 66, 44, 56, 55, 
        67, 47, 58, 39, 42, 72, 72, 69, 75, 57, 54, 62, 50, 58, 
        48, 63, 74, 45, 71, 59), x5 = c(61, 76, 54, 71, 54, 66, 
        70, 71, 62, 58, 59, 55, 79, 60, 79, 55, 75, 64, 66, 63, 
        50, 66, 88, 80, 51, 77, 64), x6 = c(92, 86, 84, 83, 49, 
        68, 66, 83, 80, 67, 74, 63, 77, 54, 79, 80, 85, 78, 80, 
        80, 57, 75, 76, 78, 83, 74, 78), x7 = c(45, 48, 35, 47, 
        34, 35, 41, 31, 41, 34, 41, 25, 46, 36, 63, 60, 46, 52, 
        41, 37, 49, 33, 72, 49, 38, 55, 39)), .Names = c("y", 
        "x1", "x2", "x3", "x4", "x5", "x6", "x7"),