
expected <- structure(list(coefficients = structure(c(17.8502339904824, -0.297054382584424, 
0.172063949742907, 0.89586364734918, 0.47278385640777, 0.140531857764383, 
-0.799012373794517), .Names = c("x1", "x2", "x3", "x4", "x5", 
"x6", "x7")), residuals = structure(c(-4.72308740427282, 8.38042807262707, 
-7.15670569368352, -0.0273377101854283, 2.45284994479022, -12.7995630669039, 
-4.79012937964533, 8.53679014174999, 7.54659311237703, -6.18302058572539, 
3.9843114005914, 4.41041580760735, 7.21153903801374, 2.14101949564476, 
4.72053994880917, -2.57618789041051, -9.1808560880258, 11.1762726085438, 
-5.15469387225037, -5.69675611709284, -10.8204877201452, 0.339216308442045, 
2.5297257100279, -7.04201397890378, -4.1370820915287, 6.29213571178064, 
10.5660842977685), .Names = c("1", "2", "3", "4", "5", "6", "7", 
"8", "10", "11", "13", "14", "16", "17", "18", "19", "20", "21", 
"22", "23", "24", "25", "26", "27", "28", "29", "30")), effects = structure(c(-331.591504604575, 
-2.59750212615795, -26.8637417255327, 33.5578392153524, 11.0167258440234, 
-0.470405605485086, -29.2360676493977, 10.7757849470437, 9.17468054312286, 
-3.83997124140833, 9.90982150451963, 8.2748356646561, 7.76873617402473, 
5.29974340824459, -1.63074208480311, -1.29409963702403, -7.67284499226984, 
9.94234356985454, -5.80872923569295, -6.66952120426498, -12.1952868936989, 
2.11095005415675, 7.49448076014706, -3.25487664342401, -6.49600571156042, 
10.7731537040106, 12.1063146719318), .Names = c("x1", "x2", "x3", 
"x4", "x5", "x6", "x7", "", "", "", "", "", "", "", "", "", "", 
"", "", "", "", "", "", "", "", "", "")), rank = 7L, fitted.values = structure(c(47.7230874042728, 
54.6195719273729, 78.1567056936835, 61.0273377101854, 78.5471500552098, 
55.7995630669039, 62.7901293796453, 62.46320985825, 59.453406887623, 
70.1830205857254, 65.0156885994086, 63.5895841923926, 73.7884609619863, 
71.8589805043552, 60.2794600511908, 67.5761878904105, 59.1808560880258, 
38.8237273914562, 69.1546938722504, 58.6967561170928, 50.8204877201452, 
62.660783691558, 63.4702742899721, 85.0420139789038, 52.1370820915287, 
78.7078642882194, 71.4339157022315), .Names = c("1", "2", "3", 
"4", "5", "6", "7", "8", "10", "11", "13", "14", "16", "17", 
"18", "19", "20", "21", "22", "23", "24", "25", "26", "27", "28", 
"29", "30")), assign = 1:7, qr = structure(list(qr = structure(c(-5.19615242270663, 
0.192450089729875, 0.192450089729875, 0.192450089729875, 0.192450089729875, 
0.192450089729875, 0.192450089729875, 0.192450089729875, 0.192450089729875, 
0.192450089729875, 0.192450089729875, 0.192450089729875, 0.192450089729875, 
0.192450089729875, 0.192450089729875, 0.192450089729875, 0.192450089729875, 
0.192450089729875, 0.192450089729875, 0.192450089729875, 0.192450089729875, 
0.192450089729875, 0.192450089729875, 0.192450089729875, 0.192450089729875, 
0.192450089729875, 0.192450089729875, -339.67440837323, -56.535796592038, 
0.238162366997091, -0.168659529684898, -0.186347438236288, -0.22172325533907, 
0.379665635408217, 0.238162366997091, -0.168659529684898, -0.0271562612737713, 
-0.22172325533907, 0.0435953729317919, 0.326601909754045, -0.115595804030725, 
0.379665635408217, 0.0612832814831827, -0.0271562612737713, -0.0448441698251621, 
0.238162366997091, 0.326601909754045, -0.00946835272238047, 0.114347007137355, 
-0.115595804030725, -0.00946835272238047, 0.00821955582901033, 
-0.0625320783765529, -0.168659529684898, -273.471577506153, -6.1147754969882, 
-62.4732408069065, -0.0459232153897974, 0.132012920586916, 0.0236864471985777, 
-0.151627019443202, -0.00868619464126021, -0.0459232153897974, 
0.0672456124106147, 0.151741273499754, 0.540008211789645, -0.0179899437042381, 
0.252624747637711, 0.216530606172682, -0.0541061096658928, 0.307348411725321, 
-0.251030703529732, 0.023327511934034, 0.0140237628710561, -0.110690523566099, 
-0.123715772254268, 0.284638454213005, 0.145419129036255, -0.0805375668034003, 
0.359090471213453, -0.14196433511568, -291.176985761301, -19.6800911404567, 
-25.7555236530699, 47.7735279943029, -0.249254665946996, 0.13251486250432, 
-0.0190271306521758, 0.0409239660487144, 0.0452540866619809, 
-0.0667000879638555, 0.253037984664525, 0.520208105097055, -0.290146682651671, 
-0.213572050510667, -0.190592491982484, -0.0898196032440073, 
0.164513789698053, 0.234067854195789, -0.0859359617569609, 0.190024128479463, 
-0.169901129830719, 0.0741047542668156, -0.0683147505170828, 
-0.347496774432246, 0.126835822662196, -0.171744698663394, -0.26492524664219, 
-332.938655232684, -1.95025569472186, -23.3190298148378, 25.7873124273096, 
40.4386661605954, 0.140721956327209, -0.138196637962441, -0.191064546745654, 
-0.0333908998188372, 0.236803922877732, 0.107124917950138, 0.0674102683813791, 
0.317829309162025, -0.0400007216785805, 0.523882550754211, -0.245827589349318, 
0.0676055837976005, 0.147755287761859, 0.0315604346324893, -0.11956435504684, 
0.395889374851869, -0.201033607279106, -0.357123374817165, -0.0279064963555292, 
0.154299831914325, 0.050363604142221, 0.100100189148139, -386.632230267319, 
2.05310760740954, -5.80453905513505, 2.9828024113035, 20.3249679340811, 
47.9855099199958, 0.154825856739796, 0.26869860161689, -0.0378466772753956, 
0.155979048053206, 0.343867733829879, 0.154495258297637, 0.326988201881355, 
0.0381411520145863, -0.216919845522486, -0.112331463336493, 0.0566694599919817, 
0.18696290867075, -0.0923392375917712, -0.0383272295511715, 0.260540318970207, 
0.0701020210915187, 0.216829543464657, 0.00717094854953513, -0.180280348534743, 
0.139071091814041, -0.0835463720880283, -225.166604983954, 0.0943355122740779, 
-23.5286364982331, 27.3484270294437, 13.7148416639732, 9.02851907793924, 
36.590256431894, 0.0920549912035026, 0.0159999641970694, 0.206323605216126, 
0.228598016088852, 0.0179790263447706, 0.253575155046471, -0.185385637328911, 
-0.350322132563275, 0.138008899073908, -0.24704814231868, -0.184708065230135, 
0.181640960142709, 0.110406121584914, -0.316007094112961, 0.249232871499596, 
-0.415116096775026, 0.263239901388512, -0.0518125148119092, -0.00537315706617055, 
0.234614549312362), .Dim = c(27L, 7L), .Dimnames = list(c("1", 
"2", "3", "4", "5", "6", "7", "8", "10", "11", "13", "14", "16", 
"17", "18", "19", "20", "21", "22", "23", "24", "25", "26", "27", 
"28", "29", "30"), c("x1", "x2", "x3", "x4", "x5", "x6", "x7"
)), assign = 1:7), qraux = c(1.19245008972988, 1.23816236699709, 
1.27943716453639, 1.04525408666198, 1.10180942114728, 1.58400334545808, 
1.23236948847514), pivot = 1:7, tol = 1e-07, rank = 7L), .Names = c("qr", 
"qraux", "pivot", "tol", "rank"), class = "qr"), df.residual = 20L, 
    xlevels = structure(list(), .Names = character(0)), call = quote(lm(formula = y ~ 
        . + 0, data = structure(list(y = c(43, 63, 71, 61, 81, 
        43, 58, 71, 67, 64, 69, 68, 81, 74, 65, 65, 50, 50, 64, 
        53, 40, 63, 66, 78, 48, 85, 82), x1 = c(1, 1, 1, 1, 1, 
        1, 1, 1, 1, 1, 1, 1, 1, 1, 1, 1, 1, 1, 1, 1, 1, 1, 1, 
        1, 1, 1, 1), x2 = c(54, 77, 77, 54, 53, 51, 85, 77, 54, 
        62, 51, 66, 82, 57, 85, 67, 62, 61, 77, 82, 63, 70, 57, 
        63, 64, 60, 54), x3 = c(30, 51, 68, 45, 56, 49, 42, 50, 
        45, 53, 57, 83, 50, 64, 65, 46, 68, 33, 52, 52, 42, 42, 
        66, 58, 44, 71, 39), x4 = c(39, 54, 69, 47, 66, 44, 56, 
        55, 47, 58, 42, 45, 72, 69, 75, 57, 54, 34, 62, 50, 58, 
        48, 63, 74, 45, 71, 59), x5 = c(61, 63, 76, 54, 71, 54, 
        66, 70, 62, 58, 55, 59, 60, 79, 55, 75, 64, 43, 66, 63, 
        50, 66, 88, 80, 51, 77, 64), x6 = c(92, 73, 86, 84, 83, 
        49, 68, 66, 80, 67, 63, 77, 54, 79, 80, 85, 78, 64, 80, 
        80, 57, 75, 76, 78, 83, 74, 78), x7 = c(45, 47, 48, 35, 
        47, 34, 35, 41, 41, 34, 25, 35, 36, 63, 60, 46, 52, 33, 
        41, 37, 49, 33, 72, 49, 38, 55, 39)), .Names = c("y", 
        "x1", "x2", "x3", "x4", "x5", "x6", "x7"),