
expected <- structure(list(coefficients = structure(c(11.3536319981571, 0.704863161887063, 
-0.10408658172488, 0.383900363665782, 0.0194696140031538, -0.0378892866247227, 
-0.189459212649163), .Names = c("x1", "x2", "x3", "x4", "x5", 
"x6", "x7")), residuals = structure(c(-5.34680711512523, 1.55683690700422, 
2.0011746947855, 0.623511637309716, 5.65029061341399, -11.9771641042587, 
-10.2120298765049, -0.242382013437386, -7.74379796656019, 6.33153714036741, 
12.1328423432906, 10.0402838206513, -2.48315651000328, -0.300641906496748, 
2.55819767454103, -2.35183843313653, -4.05466475393999, 7.79782868777191, 
0.910658251554745, -9.76469004448784, -4.95579166090413, 7.16180570046895, 
-1.70844941055263, 2.14973118738285, -7.26462071848892, 6.11680392941426, 
3.37453192593994), .Names = c("1", "2", "3", "4", "5", "6", "7", 
"8", "9", "11", "12", "13", "14", "15", "18", "19", "20", "21", 
"22", "23", "24", "25", "26", "27", "28", "29", "30")), effects = structure(c(-330.436804066196, 
-51.0689079508119, 2.68611967430661, 13.3743426997647, -1.38487812291203, 
-3.30063136856607, -7.72418045531254, 2.38708474849897, -5.41511504068005, 
11.1876346805748, 9.82113479221842, 16.3179009154435, -5.02225322104581, 
2.63134147649379, 2.49108194725638, -3.15314043497737, -4.67696951917572, 
8.5496696313319, 3.68206659277852, -7.9557596826664, -0.2513231857767, 
9.20253169580487, -5.8268863191166, 3.24042314630371, -7.38249244824346, 
7.88211290017898, 7.14559148711749), .Names = c("x1", "x2", "x3", 
"x4", "x5", "x6", "x7", "", "", "", "", "", "", "", "", "", "", 
"", "", "", "", "", "", "", "", "", "")), rank = 7L, fitted.values = structure(c(48.3468071151252, 
61.4431630929958, 68.9988253052145, 60.3764883626903, 75.349709386586, 
54.9771641042587, 68.2120298765049, 71.2423820134374, 79.7437979665602, 
57.6684628596326, 54.8671576567094, 58.9597161793487, 70.4831565100033, 
77.3006419064968, 62.441802325459, 67.3518384331365, 54.05466475394, 
42.2021713122281, 63.0893417484453, 62.7646900444878, 44.9557916609041, 
55.8381942995311, 67.7084494105526, 75.8502688126171, 55.2646207184889, 
78.8831960705857, 78.6254680740601), .Names = c("1", "2", "3", 
"4", "5", "6", "7", "8", "9", "11", "12", "13", "14", "15", "18", 
"19", "20", "21", "22", "23", "24", "25", "26", "27", "28", "29", 
"30")), assign = 1:7, qr = structure(list(qr = structure(c(-5.19615242270663, 
0.192450089729875, 0.192450089729875, 0.192450089729875, 0.192450089729875, 
0.192450089729875, 0.192450089729875, 0.192450089729875, 0.192450089729875, 
0.192450089729875, 0.192450089729875, 0.192450089729875, 0.192450089729875, 
0.192450089729875, 0.192450089729875, 0.192450089729875, 0.192450089729875, 
0.192450089729875, 0.192450089729875, 0.192450089729875, 0.192450089729875, 
0.192450089729875, 0.192450089729875, 0.192450089729875, 0.192450089729875, 
0.192450089729875, 0.192450089729875, -339.09705810404, -64.6156729066964, 
0.108983611697181, 0.000650761707243416, 0.232792583114252, -0.123158209709828, 
0.062555247415779, 0.18636421883285, 0.294697068822788, -0.154110452564096, 
-0.0457776025741583, -0.0148253597198905, 0.310173190249921, 
0.217316461687118, -0.0457776025741583, 0.108983611697181, -0.0767298454284261, 
-0.355300031116836, -0.0303014811470244, 0.0470791259886451, 
-0.401728395398238, -0.138634331136962, 0.217316461687118, 0.18636421883285, 
-0.09220596685556, 0.341125433104189, 0.294697068822788, -276.165878762371, 
-38.1635422496297, -51.8743814456437, -0.0855473432092191, -0.04856337822439, 
0.0849309466482844, -0.190063826433519, -0.12921405674444, 0.213189566166732, 
0.185382533999306, -0.011979315364881, 0.157451833421777, 0.413569170333353, 
-0.0754469377310734, 0.335012773954993, -0.147967824504566, 0.416187023010466, 
-0.0484397098142874, 0.0727362590284481, 0.0143806736063798, 
0.160069686098891, -0.0383393043361418, 0.155881121815509, 0.0250046496199481, 
-0.0347979789982857, 0.158898876617943, -0.42296259758637, -289.252484864003, 
-31.3907329613699, -13.3466992843226, 48.2336760195802, -0.136472883490647, 
0.140388076539147, -0.101260795485054, 0.0269506847315662, -0.00615291317959386, 
-0.128078914877611, 0.254458693873492, 0.284006477751736, 0.544488861880237, 
-0.282411587864147, -0.345938555488481, -0.0735791413930778, 
0.103119148399489, 0.13807943157391, -0.176514074493189, 0.0989021682106239, 
-0.302490055363458, -0.0046328365620625, 0.00149287179026787, 
-0.302089745621851, 0.0897596230145777, -0.0812154818399324, 
-0.107903985368068, -348.527112500804, -3.3038653298518, 18.7642430285003, 
-10.6689645308146, -56.5951650332575, 0.0955455348183996, 0.325554471414859, 
0.0469383571122171, 0.145450250706585, -0.0429083541331782, 0.389012891061056, 
-0.355854296194011, 0.362964231211181, -0.0358056937607741, -0.0241694670936504, 
0.144303572707221, -0.162657312042577, 0.374890530035154, -0.112713303144875, 
-0.120843316739528, -0.161734311018647, 0.143322002292011, 0.0407338243406811, 
0.187188034949567, 0.0766944085459014, -0.243881869147485, -0.18438969911007, 
-390.673682151647, -18.1024765522868, 4.6765930061464, 4.41255482406476, 
2.15307883224321, 44.5465768165143, 0.231313176844827, 0.318112897439065, 
-0.020642267520846, 0.201287367591907, 0.0848927653862769, 0.344844069763702, 
0.147157674090452, 0.070184604040738, -0.061732074953173, -0.134998376149201, 
-0.00676466419601408, 0.213388009410794, -0.0605108378404294, 
-0.0297260955689044, 0.345625542149879, 0.0237065622985584, 0.11175065856686, 
0.042448393089892, -0.138957103830925, 0.188587623165425, 0.0639434957531089, 
-220.932703009897, -10.2044959173061, -11.7299946118344, 25.1646453224406, 
1.06309680829407, 8.51261508407868, 40.7696218479279, -0.00871568882088232, 
0.454096105534412, 0.278378209697982, -0.200721497967276, 0.237609751746369, 
-0.0250996347830442, 0.17091646647845, -0.0730813909786543, -0.0138465331276575, 
-0.188204376383396, -0.0606757193668715, 0.205147415227685, 0.108634195115048, 
-0.0743546989398652, 0.17255898098699, -0.617458928776919, 0.1190290100887, 
0.033928036425939, -0.0903437304994867, 0.153281990624923), .Dim = c(27L, 
7L), .Dimnames = list(c("1", "2", "3", "4", "5", "6", "7", "8", 
"9", "11", "12", "13", "14", "15", "18", "19", "20", "21", "22", 
"23", "24", "25", "26", "27", "28", "29", "30"), c("x1", "x2", 
"x3", "x4", "x5", "x6", "x7")), assign = 1:7), qraux = c(1.19245008972988, 
1.01612688313438, 1.2761336179975, 1.08835711112596, 1.22410643891109, 
1.6214637318746, 1.16606434961136), pivot = 1:7, tol = 1e-07, 
    rank = 7L), .Names = c("qr", "qraux", "pivot", "tol", "rank"
), class = "qr"), df.residual = 20L, xlevels = structure(list(), .Names = character(0)), 
    call = quote(lm(formula = y ~ . + 0, data = structure(list(y = c(43, 
        63, 71, 61, 81, 43, 58, 71, 72, 64, 67, 69, 68, 77, 65, 
        65, 50, 50, 64, 53, 40, 63, 66, 78, 48, 85, 82), x1 = c(1, 
        1, 1, 1, 1, 1, 1, 1, 1, 1, 1, 1, 1, 1, 1, 1, 1, 1, 1, 
        1, 1, 1, 1, 1, 1, 1, 1), x2 = c(51, 64, 70, 63, 78, 55, 
        67, 75, 82, 53, 60, 62, 83, 77, 60, 70, 58, 40, 61, 66, 
        37, 54, 77, 75, 57, 85, 82), x3 = c(30, 51, 68, 45, 56, 
        49, 42, 50, 72, 53, 47, 57, 83, 54, 65, 46, 68, 33, 52, 
        52, 42, 42, 66, 58, 44, 71, 39), x4 = c(39, 54, 69, 47, 
        66, 44, 56, 55, 67, 58, 39, 42, 45, 72, 75, 57, 54, 34, 
        62, 50, 58, 48, 63, 74, 45, 71, 59), x5 = c(62, 63, 64, 
        55, 80, 70, 88, 71, 71, 61, 88, 43, 79, 66, 60, 77, 50, 
        88, 59, 59, 55, 75, 66, 77, 71, 50, 63), x6 = c(92, 73, 
        86, 84, 83, 49, 68, 66, 83, 67, 74, 63, 77, 77, 80, 85, 
        78, 64, 80, 80, 57, 75, 76, 78, 83, 74, 78), x7 = c(45, 
        47, 48, 35, 47, 34, 35, 41, 31, 34, 41, 25, 35, 46, 60, 
        46, 52, 33, 41, 37, 49, 33, 72, 49, 38, 55, 39)), .Names = c("y", 
        "x1", "x2", "x3", "x4", "x5", "x6", "x7"),