
expected <- structure(list(coefficients = structure(c(12.8564614811594, 0.736298914500336, 
-0.136920393703394, 0.201810248082729, 0.00266690769710652, 0.0162238732818225, 
-0.0563970195484749), .Names = c("x1", "x2", "x3", "x4", "x5", 
"x6", "x7")), residuals = structure(c(-10.6264879338617, 0.0655145402215587, 
2.3078547353709, -0.141130392712225, 6.06222281253991, -10.3606001341386, 
-0.72878155836304, -3.66846871609597, 5.85230814003007, 9.82300821944773, 
11.4161078592182, -2.78064786637053, 1.05144531196032, -4.81349287827611, 
-6.23514118661475, 3.04852480532501, -4.15098612903513, -6.27283155392494, 
6.33848831805624, 1.39329675895769, -4.17932031632604, 6.97185402389647, 
-5.14346755768314, 5.51031508372985, -9.33476451965059, 5.85731041133468, 
2.73786972296408), .Names = c("1", "2", "3", "4", "5", "6", "8", 
"9", "10", "12", "13", "14", "15", "16", "17", "18", "19", "20", 
"21", "22", "24", "25", "26", "27", "28", "29", "30")), effects = structure(c(-339.4819582835, 
54.8283956586102, 5.80475161533608, 9.31821960428338, 0.160620560741982, 
1.46428018795245, -2.6498160377733, -3.20735897664846, 6.62099189707565, 
12.5450321517256, 13.5344409644828, -3.8711500746835, 4.33217321283307, 
-3.53293158659554, -3.99163983905386, -0.374644252658777, -1.00794702559751, 
-6.03299169254053, 7.08646785849047, 1.97731728474791, -2.8677379882143, 
9.98880771929053, 2.00737211939091, 10.5859902437961, -10.6629303247386, 
8.00545993776645, 4.20948695334606), .Names = c("x1", "x2", "x3", 
"x4", "x5", "x6", "x7", "", "", "", "", "", "", "", "", "", "", 
"", "", "", "", "", "", "", "", "", "")), rank = 7L, fitted.values = structure(c(53.6264879338617, 
62.9344854597784, 68.6921452646291, 61.1411303927122, 74.9377771874601, 
53.3606001341386, 71.728781558363, 75.668468716096, 61.1476918599699, 
57.1769917805523, 57.5838921407818, 70.7806478663705, 75.9485546880397, 
85.8134928782761, 80.2351411866148, 61.951475194675, 69.1509861290351, 
56.2728315539249, 43.6615116819438, 62.6067032410423, 44.179320316326, 
56.0281459761035, 71.1434675576831, 72.4896849162701, 57.3347645196506, 
79.1426895886653, 79.2621302770359), .Names = c("1", "2", "3", 
"4", "5", "6", "8", "9", "10", "12", "13", "14", "15", "16", 
"17", "18", "19", "20", "21", "22", "24", "25", "26", "27", "28", 
"29", "30")), assign = 1:7, qr = structure(list(qr = structure(c(-5.19615242270663, 
0.192450089729875, 0.192450089729875, 0.192450089729875, 0.192450089729875, 
0.192450089729875, 0.192450089729875, 0.192450089729875, 0.192450089729875, 
0.192450089729875, 0.192450089729875, 0.192450089729875, 0.192450089729875, 
0.192450089729875, 0.192450089729875, 0.192450089729875, 0.192450089729875, 
0.192450089729875, 0.192450089729875, 0.192450089729875, 0.192450089729875, 
0.192450089729875, 0.192450089729875, 0.192450089729875, 0.192450089729875, 
0.192450089729875, 0.192450089729875, -348.719562590534, 70.3467601717852, 
-0.0780287364412797, 0.0214783337195374, -0.191751102339356, 
0.135200699617614, -0.149105215127578, -0.248612285288395, 0.0499089251940565, 
0.0641242209313161, 0.035693629456797, -0.262827581025654, -0.177535806602097, 
-0.362334651186471, -0.291258172500173, 0.0641242209313161, -0.0780287364412797, 
0.0925548124058353, 0.348430135676508, 0.0499089251940565, 0.391076022888286, 
0.149415995354874, -0.177535806602097, -0.149105215127578, 0.106770108143095, 
-0.291258172500173, -0.248612285288395, -278.475279839129, 37.4320326308127, 
-53.0034098114856, -0.075706467318834, -0.012820834695724, 0.0769060743699957, 
-0.0970914619501152, 0.250473687390347, -0.0564200426149869, 
-0.0090434088263427, 0.160337273653413, 0.448364292940387, -0.040911043780521, 
-0.241739647228969, 0.0706103645876936, 0.330557384104143, -0.124342243063939, 
0.406443940963071, -0.0803131118449159, 0.0756469324135353, 0.118416921676098, 
-0.0455176883066029, 0.185489484839803, 0.0538422237967673, -0.0367139039256529, 
0.202677339616216, -0.372127766315544, -293.87128701752, 38.6703428372584, 
-11.1993092197911, 48.2684858320112, -0.107781713378168, 0.123670080364893, 
0.0546436939298392, 0.0157286801850715, 0.0785726316673404, 0.250959607742599, 
0.275155952383693, 0.557391283462209, -0.253908605931057, -0.183741834899432, 
-0.0598830973881054, -0.366755652799726, -0.0531978074521516, 
0.0744881674426076, 0.103155243763194, -0.182367420860423, -0.35276932207614, 
-0.0166088494611066, 0.0179571101637227, -0.282048775483992, 
0.0825405083636648, -0.0514962842411523, -0.0534055120873466, 
-337.172557206741, 36.836569687152, -5.16778260521913, 16.2281513297429, 
37.9166840284646, 0.0835594819560166, -0.0630539048863254, 0.132268331220139, 
-0.0533339485690291, -0.0782152081012886, 0.0894348825868988, 
0.194679742628102, -0.0710853329627902, 0.515030941716979, -0.042145077543721, 
0.494384023059033, -0.208951813517518, -0.0141880208886574, 0.128431879702814, 
0.0352417991869256, 0.231231700849824, -0.197927926993655, -0.406850176221955, 
-0.0819328808918057, 0.183295735263701, 0.0432338267840593, 0.180789086275012, 
-390.288781972187, 8.70923785502774, -2.19264660625914, 1.47069026615051, 
19.3138508743374, 47.400636895048, 0.303001241674094, -0.0404045713339937, 
-0.0431504995965444, 0.112843387880001, 0.328348675829138, 0.158339166419882, 
0.0571912122684996, 0.386592502734037, 0.0757680892764942, -0.208851015600529, 
-0.0875479561874719, 0.0445475483136631, 0.151258476009571, -0.0788666106869306, 
0.235978880442139, 0.0712976801649317, 0.247797338127966, 0.0428687006568403, 
-0.193917201934557, 0.175259214484552, -0.0523275775621523, -221.510053279086, 
-2.01699251738671, -15.1957403970323, 8.68830966922369, 4.50103936243233, 
-12.3279256076984, 46.9850367801034, -0.139242764737091, 0.346377957912535, 
-0.0576421965168875, -0.0115515972085466, 0.136938950748476, 
0.0686896401716266, 0.204099501734563, 0.219213498441689, -0.200038342986703, 
0.0858800113118558, 0.0901780409671527, 0.134691582228257, 0.105611874539866, 
-0.127522644143672, 0.196531403621806, -0.3351397836616, -0.627243647484772, 
0.0602728481716876, 0.096298187531757, 0.0772156353421106), .Dim = c(27L, 
7L), .Dimnames = list(c("1", "2", "3", "4", "5", "6", "8", "9", 
"10", "12", "13", "14", "15", "16", "17", "18", "19", "20", "21", 
"22", "24", "25", "26", "27", "28", "29", "30"), c("x1", "x2", 
"x3", "x4", "x5", "x6", "x7")), assign = 1:7), qraux = c(1.19245008972988, 
1.00726303798228, 1.29072539273999, 1.09374745055647, 1.07450307990198, 
1.56848671571265, 1.28225735047641), pivot = 1:7, tol = 1e-07, 
    rank = 7L), .Names = c("qr", "qraux", "pivot", "tol", "rank"
), class = "qr"), df.residual = 20L, xlevels = structure(list(), .Names = character(0)), 
    call = quote(lm(formula = y ~ . + 0, data = structure(list(y = c(43, 
        63, 71, 61, 81, 43, 71, 72, 67, 67, 69, 68, 77, 81, 74, 
        65, 65, 50, 50, 64, 40, 63, 66, 78, 48, 85, 82), x1 = c(1, 
        1, 1, 1, 1, 1, 1, 1, 1, 1, 1, 1, 1, 1, 1, 1, 1, 1, 1, 
        1, 1, 1, 1, 1, 1, 1, 1), x2 = c(51, 64, 70, 63, 78, 55, 
        75, 82, 61, 60, 62, 83, 77, 90, 85, 60, 70, 58, 40, 61, 
        37, 54, 77, 75, 57, 85, 82), x3 = c(30, 51, 68, 45, 56, 
        49, 50, 72, 45, 47, 57, 83, 54, 50, 64, 65, 46, 68, 33, 
        52, 42, 42, 66, 58, 44, 71, 39), x4 = c(39, 54, 69, 47, 
        66, 44, 55, 67, 47, 39, 42, 45, 72, 72, 69, 75, 57, 54, 
        34, 62, 58, 48, 63, 74, 45, 71, 59), x5 = c(61, 63, 76, 
        54, 71, 54, 70, 71, 62, 59, 55, 59, 79, 60, 79, 55, 75, 
        64, 43, 66, 50, 66, 88, 80, 51, 77, 64), x6 = c(92, 73, 
        86, 84, 83, 49, 66, 83, 80, 74, 63, 77, 77, 54, 79, 80, 
        85, 78, 64, 80, 57, 75, 76, 78, 83, 74, 78), x7 = c(39, 
        41, 34, 52, 45, 55, 33, 49, 25, 47, 49, 41, 39, 36, 33, 
        49, 36, 41, 38, 36, 52, 34, 63, 72, 36, 41, 35)), .Names = c("y", 
        "x1", "x2", "x3", "x4", "x5", "x6", "x7"),