
expected <- structure(list(coefficients = structure(c(12.3212035342751, 0.601777283940962, 
-0.0871874323495359, 0.274330325063264, 0.101364297581176, -0.144846605241663
), .Names = c("x1", "x2", "x3", "x4", "x5", "x6")), residuals = structure(c(1.2059685128457, 
1.78964701987944, -1.64823305816063, -10.2593702719455, -8.16404865524364, 
2.06537108370055, -5.69256940425219, 6.82985833149598, 6.62775211798771, 
10.4088388661292, 10.0516292360792, -2.11244557450274, 2.15617647195666, 
-1.13276515672358, -1.70351280693996, 2.24622066024788, -3.02484150395335, 
-6.483769895264, 5.4502822512497, 0.325215481993773, -10.9710934579185, 
-5.51653104036508, 5.85445534294342, -1.46122538041511, 4.49299563725401, 
-10.0401920234317, 8.70618721535283), .Names = c("2", "3", "4", 
"6", "7", "8", "9", "10", "11", "12", "13", "14", "15", "16", 
"17", "18", "19", "20", "21", "22", "23", "24", "25", "26", "27", 
"28", "29")), effects = structure(c(-333.516005501874, -45.8271796854879, 
-2.82732660593055, 9.77007444774788, 3.50243335407463, 6.24375742095697, 
-5.12198377738791, 6.06734943240913, 7.00067584698555, 11.0552762930426, 
13.819122599994, 0.992592232336143, 0.939351692179022, 2.58640662569774, 
-3.57010917463065, -1.89254052110094, -4.94672373377349, -8.09784135731053, 
6.59741528766694, -1.40034157235083, -11.0237041479555, -6.67592698193075, 
5.77418911511359, -3.832818599354, 2.6712205123773, -11.1328953523929, 
8.26950734773838), .Names = c("x1", "x2", "x3", "x4", "x5", "x6", 
"", "", "", "", "", "", "", "", "", "", "", "", "", "", "", "", 
"", "", "", "", "")), rank = 6L, fitted.values = structure(c(61.7940314871543, 
69.2103529801206, 62.6482330581606, 53.2593702719455, 66.1640486552436, 
68.9346289162995, 77.6925694042522, 60.170141668504, 57.3722478820123, 
56.5911611338708, 58.9483707639208, 70.1124455745027, 74.8438235280433, 
82.1327651567236, 75.70351280694, 62.7537793397521, 68.0248415039533, 
56.483769895264, 44.5497177487503, 63.6747845180062, 63.9710934579185, 
45.5165310403651, 57.1455446570566, 67.4612253804151, 73.507004362746, 
58.0401920234317, 76.2938127846472), .Names = c("2", "3", "4", 
"6", "7", "8", "9", "10", "11", "12", "13", "14", "15", "16", 
"17", "18", "19", "20", "21", "22", "23", "24", "25", "26", "27", 
"28", "29")), assign = 1:6, qr = structure(list(qr = structure(c(-5.19615242270663, 
0.192450089729875, 0.192450089729875, 0.192450089729875, 0.192450089729875, 
0.192450089729875, 0.192450089729875, 0.192450089729875, 0.192450089729875, 
0.192450089729875, 0.192450089729875, 0.192450089729875, 0.192450089729875, 
0.192450089729875, 0.192450089729875, 0.192450089729875, 0.192450089729875, 
0.192450089729875, 0.192450089729875, 0.192450089729875, 0.192450089729875, 
0.192450089729875, 0.192450089729875, 0.192450089729875, 0.192450089729875, 
0.192450089729875, 0.192450089729875, -343.908310347287, -67.2761032913922, 
-0.0421028710864252, -0.16101582247051, 0.0173536046056173, 0.136266555989702, 
0.240315388450777, -0.0718311089324464, -0.190744060316531, -0.0866952278554571, 
-0.0569669900094358, 0.255179507373787, 0.165994793835724, 0.359228339834862, 
0.284907745219808, -0.0866952278554571, 0.0619459613746492, -0.116423465701478, 
-0.38397760631567, -0.0718311089324464, 0.00248948568260667, 
-0.428569963084701, -0.175879941393521, 0.165994793835724, 0.136266555989702, 
-0.131287584624489, 0.284907745219808, -282.709181813187, -36.8030079304512, 
46.9047665572452, -0.0611248653510839, 0.270548232368535, 0.221612896213294, 
-0.141002445516607, 0.115371580928528, -0.176809800349899, 0.0575291134291201, 
-0.125263079326525, -0.360317310932056, 0.166739472495275, 0.44965606351628, 
0.0751645466608243, -0.326227193683757, 0.230877686470715, -0.420592333842968, 
0.0519486847795985, -0.0338669829487023, 0.0421474061522932, 
-0.185538102237438, 0.0729108207059471, -0.0890980655799771, 
0.0510545374964592, 0.0758798644873358, -0.0740740172164058, 
-293.87128701752, -33.9678148766177, 8.65095721368538, 48.6211390082697, 
-0.0587193222030677, 0.083686816614506, 0.0349793870888135, 0.0898999650193316, 
-0.160589001185979, 0.257505525574979, 0.275058221743037, 0.563680488069739, 
-0.22329697497344, -0.128997021398142, -0.0275578357153437, -0.373125503892762, 
-0.0274975862114396, 0.0588222318240993, 0.0923399585590692, 
-0.175912621133539, 0.116546382071625, -0.373770335132734, -0.0128790470077565, 
0.0349994702567816, -0.258295198339626, 0.0884128033691762, -0.0259970064122555, 
-382.975678562452, -12.3443755040988, 11.0852083455286, 1.89702095288471, 
46.4194516391994, 0.196687477425407, -0.0981152152832748, -0.21273315832819, 
0.115261540817232, -0.164431818968691, 0.0787528139882148, -0.193428224275785, 
0.108325058336783, 0.661309764473614, 0.0389890592160587, -0.0206341297452756, 
-0.201361072775714, -0.181559979945267, -0.0262294234215473, 
-0.0975682375930089, -0.187464115458052, 0.3042611028641, -0.112652108596503, 
0.0156523118493511, 0.0864643658573392, -0.306796400951389, 0.14516237281723, 
-222.664753817466, -13.9386898893224, 15.4279398067065, 25.9617311116737, 
8.30424540105279, -43.1059976209993, -0.455314190816963, 0.0304794628232752, 
-0.308961846981732, 0.139934170753282, -0.251338097230505, -0.1261102427838, 
-0.0584876956212386, -0.0201216052047696, 0.363738377470016, 
-0.00369819951450976, 0.0675978957798214, 0.0382154861159192, 
-0.00740892645960194, -0.195276665044889, -0.101130820516123, 
0.0318316332945931, -0.178414166837888, 0.580778793537726, -0.0617720705050871, 
-0.0601315787546069, 0.137672784295003), .Dim = c(27L, 6L), .Dimnames = list(
    c("2", "3", "4", "6", "7", "8", "9", "10", "11", "12", "13", 
    "14", "15", "16", "17", "18", "19", "20", "21", "22", "23", 
    "24", "25", "26", "27", "28", "29"), c("x1", "x2", "x3", 
    "x4", "x5", "x6")), assign = 1:6), qraux = c(1.19245008972988, 
1.06194596137465, 1.14577733656893, 1.12121545183186, 1.15632814095856, 
1.10257637818397), pivot = 1:6, tol = 1e-07, rank = 6L), .Names = c("qr", 
"qraux", "pivot", "tol", "rank"), class = "qr"), df.residual = 21L, 
    xlevels = structure(list(), .Names = character(0)), call = quote(lm(formula = y ~ 
        . + 0, data = structure(list(y = c(63, 71, 61, 43, 58, 
        71, 72, 67, 64, 67, 69, 68, 77, 81, 74, 65, 65, 50, 50, 
        64, 53, 40, 63, 66, 78, 48, 85), x1 = c(1, 1, 1, 1, 1, 
        1, 1, 1, 1, 1, 1, 1, 1, 1, 1, 1, 1, 1, 1, 1, 1, 1, 1, 
        1, 1, 1, 1), x2 = c(64, 70, 63, 55, 67, 75, 82, 61, 53, 
        60, 62, 83, 77, 90, 85, 60, 70, 58, 40, 61, 66, 37, 54, 
        77, 75, 57, 85), x3 = c(51, 68, 45, 49, 42, 50, 72, 45, 
        53, 47, 57, 83, 54, 50, 64, 65, 46, 68, 33, 52, 52, 42, 
        42, 66, 58, 44, 71), x4 = c(54, 69, 47, 44, 56, 55, 67, 
        47, 58, 39, 42, 45, 72, 72, 69, 75, 57, 54, 34, 62, 50, 
        58, 48, 63, 74, 45, 71), x5 = c(73, 86, 84, 49, 68, 66, 
        83, 80, 67, 74, 63, 77, 77, 54, 79, 80, 85, 78, 64, 80, 
        80, 57, 75, 76, 78, 83, 74), x6 = c(47, 48, 35, 34, 35, 
        41, 31, 41, 34, 41, 25, 35, 46, 36, 63, 60, 46, 52, 33, 
        41, 37, 49, 33, 72, 49, 38, 55)), .Names = c("y", "x1", 
        "x2", "x3", "x4", "x5", "x6"), row.names = c("2", "3", 
        "4", "6", "7", "8", "9", "10", "11", "12", "13", "14", 
        "15", "16", "17", "18", "19", "20", "21", "22", "23", 
        "24", "25", "26", "27", "28", "29"), class = "data.frame"))), 
    terms = y ~ x1 + x2 + x3 + x4 + x5 + x6 + 0, model = structure(list(
        y = c(63, 71, 61, 43, 58, 71, 72, 67, 64, 67, 69, 68, 
        77, 81, 74, 65, 65, 50, 50, 64, 53, 40, 63, 66, 78, 48, 
        85), x1 = c(1, 1, 1, 1, 1, 1, 1, 1, 1, 1, 1, 1, 1, 1, 
        1, 1, 1, 1, 1, 1, 1, 1, 1, 1, 1, 1, 1), x2 = c(64, 70, 
        63, 55, 67, 75, 82, 61, 53, 60, 62, 83, 77, 90, 85, 60, 
        70, 58, 40, 61, 66, 37, 54, 77, 75, 57, 85), x3 = c(51, 
        68, 45, 49, 42, 50, 72, 45, 53, 47, 57, 83, 54, 50, 64, 
        65, 46, 68, 33, 52, 52, 42, 42, 66, 58, 44, 71),