
expected <- structure(list(coefficients = structure(c(28.1077079697353, 0.680692502103844, 
-0.125558618012855, -0.256078587639933, 0.158361009069716, 0.000964292473852497, 
0.050612651298597), .Names = c("x1", "x2", "x3", "x4", "x5", 
"x6", "x7")), residuals = structure(c(1.43848090257268, 3.83050929896355, 
-0.916891912161799, -11.8604401848365, -7.62084826567103, 4.10014670471725, 
-5.02163207398387, 3.34131475575239, 4.20649188725605, 4.75399327593421, 
5.79734083736447, 1.064845109737, -2.94714547600908, 1.12858945251717, 
-2.03669240233748, 4.42398771928807, -1.59828664149931, -10.3685278840365, 
4.86305023483327, 2.12325257140311, -10.8344405437928, 0.732990443830699, 
7.34694386751891, -4.68143368953467, 4.72688249760933, -6.56114310008518, 
10.56866261465), .Names = c("2", "3", "4", "6", "7", "8", "9", 
"10", "11", "12", "13", "14", "15", "16", "17", "18", "19", "20", 
"21", "22", "23", "24", "25", "26", "27", "28", "29")), effects = structure(c(-333.516005501874, 
-45.8271796854879, -2.82732660593055, 13.9568374704579, -7.7501728181749, 
0.111102662683856, 1.92784233031836, 2.26850628926933, 0.0614212946115256, 
2.31095789259155, 1.12637131910908, 2.00455968127189, -9.45911057691964, 
-9.13592004325656, -3.66517396777123, -1.63535660785954, 3.87558152084411, 
-12.6787646336984, 6.16637801461608, 4.04993600321018, -9.40965935105841, 
5.70290116150484, 14.3334767492381, -2.29777087354094, 4.4509451461077, 
-3.06930011602112, 9.55590922401896), .Names = c("x1", "x2", 
"x3", "x4", "x5", "x6", "x7", "", "", "", "", "", "", "", "", 
"", "", "", "", "", "", "", "", "", "", "", "")), rank = 7L, 
    fitted.values = structure(c(61.5615190974273, 67.1694907010365, 
    61.9168919121618, 54.8604401848364, 65.620848265671, 66.8998532952828, 
    77.0216320739839, 63.6586852442476, 59.793508112744, 62.2460067240658, 
    63.2026591626355, 66.935154890263, 79.9471454760091, 79.8714105474828, 
    76.0366924023375, 60.5760122807119, 66.5982866414993, 60.3685278840365, 
    45.1369497651667, 61.8767474285969, 63.8344405437928, 39.2670095561693, 
    55.6530561324811, 70.6814336895347, 73.2731175023907, 54.5611431000852, 
    74.43133738535), .Names = c("2", "3", "4", "6", "7", "8", 
    "9", "10", "11", "12", "13", "14", "15", "16", "17", "18", 
    "19", "20", "21", "22", "23", "24", "25", "26", "27", "28", 
    "29")), assign = 1:7, qr = structure(list(qr = structure(c(-5.19615242270663, 
    0.192450089729875, 0.192450089729875, 0.192450089729875, 
    0.192450089729875, 0.192450089729875, 0.192450089729875, 
    0.192450089729875, 0.192450089729875, 0.192450089729875, 
    0.192450089729875, 0.192450089729875, 0.192450089729875, 
    0.192450089729875, 0.192450089729875, 0.192450089729875, 
    0.192450089729875, 0.192450089729875, 0.192450089729875, 
    0.192450089729875, 0.192450089729875, 0.192450089729875, 
    0.192450089729875, 0.192450089729875, 0.192450089729875, 
    0.192450089729875, 0.192450089729875, -343.908310347287, 
    -67.2761032913922, -0.0421028710864252, -0.16101582247051, 
    0.0173536046056173, 0.136266555989702, 0.240315388450777, 
    -0.0718311089324464, -0.190744060316531, -0.0866952278554571, 
    -0.0569669900094358, 0.255179507373787, 0.165994793835724, 
    0.359228339834862, 0.284907745219808, -0.0866952278554571, 
    0.0619459613746492, -0.116423465701478, -0.38397760631567, 
    -0.0718311089324464, 0.00248948568260667, -0.428569963084701, 
    -0.175879941393521, 0.165994793835724, 0.136266555989702, 
    -0.131287584624489, 0.284907745219808, -282.709181813187, 
    -36.8030079304512, 46.9047665572452, -0.0611248653510839, 
    0.270548232368535, 0.221612896213294, -0.141002445516607, 
    0.115371580928528, -0.176809800349899, 0.0575291134291201, 
    -0.125263079326525, -0.360317310932056, 0.166739472495275, 
    0.44965606351628, 0.0751645466608243, -0.326227193683757, 
    0.230877686470715, -0.420592333842968, 0.0519486847795985, 
    -0.0338669829487023, 0.0421474061522932, -0.185538102237438, 
    0.0729108207059471, -0.0890980655799771, 0.0510545374964592, 
    0.0758798644873358, -0.0740740172164058, -296.373138184008, 
    -8.2171051498095, -7.13832767918294, -60.8973433235355, 0.0012134829919202, 
    0.253081122748051, -0.282627241569333, -0.161847310535217, 
    -0.364128157421582, -0.157348990750981, -0.29948377069669, 
    0.219111784590212, -0.420807379344411, -0.0785768750598017, 
    0.145153814412795, -0.154932350953836, 0.162394698132583, 
    -0.179824406428961, 0.0238939511078464, -0.0559950659841174, 
    -0.0187580335717381, 0.336107926722447, 0.0981659143319891, 
    0.26501528028114, -0.0833891878907621, 0.142306506602683, 
    0.152479593398341, -335.440506399173, -38.1446322939837, 
    2.79399501774129, -4.08803452446159, -40.0141882260666, 0.0316440370745323, 
    -0.143577517560809, 0.0576075575481477, 0.0299329846791811, 
    -0.0140464030070115, -0.1906251855678, -0.523286124591516, 
    0.220707141399495, -0.41839227540027, 0.0486678574224883, 
    -0.207153788565763, 0.247676705241086, 0.030197196595256, 
    -0.0698888862345994, 0.119431336670653, -0.0249530363313886, 
    0.0940282491756086, 0.264555661264257, 0.371019875669477, 
    0.246331285821762, -0.162700875010944, -0.037653411576465, 
    -382.975678562452, -12.3443755040988, 11.0852083455286, 3.64562513815638, 
    -16.1818653129624, 43.3960923508655, 0.0365900208856943, 
    -0.0838268778295288, 0.255818054054067, 0.0282101786544497, 
    0.337068960624631, -0.177182079430648, 0.291419732977715, 
    0.600623266156396, -0.0408555204226068, -0.15525072677699, 
    -0.264671780187426, -0.0609560863050752, -0.0131583735071822, 
    -0.12991001178582, -0.141114139011179, -0.0144437794639426, 
    -0.12386242628099, -0.0335177497302415, 0.0708802356490966, 
    -0.400440371294203, 0.0508460063701203, -222.664753817466, 
    -13.9386898893224, 15.4279398067065, -19.6353747499171, -27.6192119319781, 
    1.36835624410825, 38.0901272874397, -0.0321433957283471, 
    0.133227786007195, -0.0628790883764717, 0.282962483058908, 
    0.313166085334684, -0.111912580119874, -0.222547936204654, 
    -0.344444432954152, -0.446788752705208, 0.0674523527572778, 
    -0.0804208039393952, 0.0416439073022841, 0.121034328363283, 
    0.147459964156507, -0.0825207775125209, 0.35737320632866, 
    -0.323628485074419, 0.0013787598898524, 0.0426749759505737, 
    -0.114938768857996), .Dim = c(27L, 7L), .Dimnames = list(
        c("2", "3", "4", "6", "7", "8", "9", "10", "11", "12", 
        "13", "14", "15", "16", "17", "18", "19", "20", "21", 
        "22", "23", "24", "25", "26", "27", "28", "29"), c("x1", 
        "x2", "x3", "x4", "x5", "x6", "x7")), assign = 1:7), 
        qraux = c(1.19245008972988, 1.06194596137465, 1.14577733656893, 
        1.02098106527216, 1.08763061934546, 1.11651309878545, 
        1.33965938826429), pivot = 1:7, tol = 1e-07, rank = 7L), .Names = c("qr", 
    "qraux", "pivot", "tol", "rank"), class = "qr"), df.residual = 20L, 
    xlevels = structure(list(), .Names = character(0)), call = quote(lm(formula = y ~ 
        . + 0, data = structure(list(y = c(63, 71, 61, 43, 58, 
        71, 72, 67, 64, 67, 69, 68, 77, 81, 74, 65, 65, 50, 50, 
        64, 53, 40, 63, 66, 78, 48, 85), x1 = c(1, 1, 1, 1, 1, 
        1, 1, 1, 1, 1, 1, 1, 1, 1, 1, 1, 1, 1, 1, 1, 1, 1, 1, 
        1, 1, 1, 1), x2 = c(64, 70, 63, 55, 67, 75, 82, 61, 53, 
        60, 62, 83, 77, 90, 85, 60, 70, 58, 40, 61, 66, 37, 54, 
        77, 75, 57, 85), x3 = c(51, 68, 45, 49, 42, 50, 72, 45, 
        53, 47, 57, 83, 54, 50, 64, 65, 46, 68, 33, 52, 52, 42, 
        42, 66, 58, 44, 71), x4 = c(63, 57, 54, 58, 59, 75, 42, 
        48, 34, 48, 39, 72, 34, 57, 69, 47, 69, 45, 57, 54, 57, 
        75, 63, 75, 54, 66, 69), x5 = c(63, 76, 54, 54, 66, 70, 
        71, 62, 58, 59, 55, 59, 79, 60, 79, 55, 75, 64, 43, 66, 
        63, 50, 66, 88, 80, 51, 77),