
expected <- structure(list(coefficients = structure(c(1.12888945102129, 0.556133228421478, 
0.0344390647342833, 0.483059905667149, 0.109389763295675, 0.0944040524268625, 
-0.388476441612184), .Names = c("x1", "x2", "x3", "x4", "x5", 
"x6", "x7")), residuals = structure(c(-5.44606814102335, 3.53220172873081, 
-1.96568161953749, 0.271953384161752, 5.26948241383322, -8.43198877185701, 
-9.20564819544966, 1.42830667790983, 9.21757659401986, 3.43748348414259, 
8.57737483251419, -2.73627275768957, -4.8413460907357, -0.803483697233049, 
2.49813039166524, -3.15539059584492, -5.9753939838093, 10.9327244909683, 
-1.81027169151291, -10.7788819890362, -3.08822485847133, 4.96863486287438, 
1.33893382627084, 1.19884474781515, -6.73380757262179, 6.53787222938658, 
5.76294030052962), .Names = c("1", "2", "3", "4", "5", "6", "7", 
"8", "10", "11", "13", "14", "16", "17", "18", "19", "20", "21", 
"22", "23", "24", "25", "26", "27", "28", "29", "30")), effects = structure(c(-331.591504604575, 
-52.8406667457116, -6.85939583436479, 13.3674051614792, -2.83822383665789, 
1.03798431220689, -12.4810828404015, 2.74895136176067, 10.5945280592451, 
6.15965842406575, 10.7601113038715, -4.64789270672927, -6.76548684214915, 
-2.12817450739705, -0.528927184159423, -1.61789972068221, -6.32863532339189, 
13.2519224363782, 0.505087118456268, -9.32955595344527, -0.617057848534587, 
9.56328305654245, 2.20316197940897, 5.04872318184281, -7.1788417259314, 
6.08238060191308, 4.61442043411362), .Names = c("x1", "x2", "x3", 
"x4", "x5", "x6", "x7", "", "", "", "", "", "", "", "", "", "", 
"", "", "", "", "", "", "", "", "", "")), rank = 7L, fitted.values = structure(c(48.4460681410233, 
59.4677982712692, 72.9656816195375, 60.7280466158382, 75.7305175861668, 
51.431988771857, 67.2056481954497, 69.5716933220902, 57.7824234059801, 
60.5625165158574, 60.4226251674858, 70.7362727576896, 85.8413460907357, 
74.803483697233, 62.5018696083348, 68.1553905958449, 55.9753939838093, 
39.0672755090317, 65.8102716915129, 63.7788819890362, 43.0882248584713, 
58.0313651371256, 64.6610661737292, 76.8011552521849, 54.7338075726218, 
78.4621277706134, 76.2370596994704), .Names = c("1", "2", "3", 
"4", "5", "6", "7", "8", "10", "11", "13", "14", "16", "17", 
"18", "19", "20", "21", "22", "23", "24", "25", "26", "27", "28", 
"29", "30")), assign = 1:7, qr = structure(list(qr = structure(c(-5.19615242270663, 
0.192450089729875, 0.192450089729875, 0.192450089729875, 0.192450089729875, 
0.192450089729875, 0.192450089729875, 0.192450089729875, 0.192450089729875, 
0.192450089729875, 0.192450089729875, 0.192450089729875, 0.192450089729875, 
0.192450089729875, 0.192450089729875, 0.192450089729875, 0.192450089729875, 
0.192450089729875, 0.192450089729875, 0.192450089729875, 0.192450089729875, 
0.192450089729875, 0.192450089729875, 0.192450089729875, 0.192450089729875, 
0.192450089729875, 0.192450089729875, -342.368709629448, -68.8379740162845, 
0.0946285258367066, -0.00705953369775985, 0.210843451018954, 
-0.123274458880007, 0.0510479288933639, 0.167262854075611, -0.0361132649933217, 
-0.152328190175569, -0.0215863993455408, 0.283477779257859, 0.385165838792325, 
0.312531510553421, -0.0506401306411026, 0.0946285258367066, -0.0796938619366645, 
-0.341177443596721, -0.0361132649933217, 0.0365210632455829, 
-0.384758040540064, -0.137801324527788, 0.196316585371173, 0.167262854075611, 
-0.0942207275844454, 0.312531510553421, 0.268950913610078, -267.698074814257, 
-0.603671972474455, -58.123801672726, -0.117595206932709, 0.146416426851864, 
-0.398332611905248, -0.0460451275386196, 0.23469227743392, -0.127563262970185, 
0.262680907206038, 0.204309224736412, -0.0351193023309868, 0.309452697714995, 
-0.0939698693856909, -0.184161258308059, 0.209772137340228, 0.218782424207549, 
-0.369865097548052, 0.0444832947602666, -0.051029155557358, -0.281589246965996, 
0.130027689040415, -0.133842093535598, -0.298652051530481, -0.199113342364274, 
0.0436673767986707, 0.063124604288546, -291.176985761301, -32.7887498632246, 
2.96457153290917, 47.4243836121896, -0.0906759872451641, 0.0290208295163279, 
-0.0306954700206417, 0.128527223561075, 0.0815154220025348, -0.153174419806633, 
0.264099660742026, 0.366432504799708, -0.0620633808368223, -0.131139622480416, 
-0.530504795849735, 0.0303965644587636, -0.0267580129432192, 
0.0928380154543396, -0.200060939445801, 0.0846300730680665, -0.425975745898948, 
0.0411059230815586, -0.0941556443621819, -0.379732103847626, 
0.0685062238710842, -0.145538719593506, 0.0808640397692781, -332.938655232684, 
-34.7369639562104, -0.877320993228698, 15.4887660872168, 37.4235703792024, 
0.0205850833810086, -0.0132766301889502, -0.0305525478880078, 
-0.0714916632731935, 0.169303398409772, 0.113406886375824, 0.159995145630761, 
0.563254727421798, -0.0791376414170223, 0.437471093202354, -0.18049768184752, 
-0.00936804832716844, 0.0882221032232431, 0.0290201430941103, 
-0.0136201062381739, 0.182354809390985, -0.178150166926448, -0.456801987976836, 
-0.150199927801903, 0.158011977480179, 0.0195357927140263, 0.203074900775077, 
-386.632230267319, -8.06563862688463, -4.73863182363687, 0.024847938719482, 
19.919724769097, 47.7306328074791, 0.184478175194486, 0.343074878305311, 
-0.0603169592569609, 0.197490329665481, 0.358860412505427, 0.0256343080298763, 
0.41634774991423, -0.0335471094156715, -0.332712565457037, -0.0360895910539619, 
0.0366091889306972, 0.13599050760076, -0.0889344659239495, -0.051190894154766, 
0.192245825371542, 0.13404183502654, 0.133223990310411, -0.0971476380194606, 
-0.221320508882398, 0.0757886031614441, -0.0279720898253005, 
-225.166604983954, -15.0934134080444, 14.7921868936098, 28.9285787010454, 
22.6847271535346, 8.92713296931343, 32.1282875960375, -0.173166944750719, 
0.0946053903420376, 0.0793011483496664, -0.0281525826813001, 
-0.0817402577983676, -0.161985694226967, -0.176543016936101, 
-0.0600372361582574, 0.00954935009586589, -0.368522820975025, 
0.0540175989467374, 0.279021619881383, 0.183764876971548, -0.0239404611761348, 
0.227480228127774, -0.35118360325159, 0.601893755725206, 0.100760174150527, 
-0.078547489663107, 0.0529118905100996), .Dim = c(27L, 7L), .Dimnames = list(
    c("1", "2", "3", "4", "5", "6", "7", "8", "10", "11", "13", 
    "14", "16", "17", "18", "19", "20", "21", "22", "23", "24", 
    "25", "26", "27", "28", "29", "30"), c("x1", "x2", "x3", 
    "x4", "x5", "x6", "x7")), assign = 1:7), qraux = c(1.19245008972988, 
1.00746733195002, 1.00331626806369, 1.10389872627981, 1.08394628601112, 
1.47088576385229, 1.28071317679836), pivot = 1:7, tol = 1e-07, 
    rank = 7L), .Names = c("qr", "qraux", "pivot", "tol", "rank"
), class = "qr"), df.residual = 20L, xlevels = structure(list(), .Names = character(0)), 
    call = quote(lm(formula = y ~ . + 0, data = structure(list(y = c(43, 
        63, 71, 61, 81, 43, 58, 71, 67, 64, 69, 68, 81, 74, 65, 
        65, 50, 50, 64, 53, 40, 63, 66, 78, 48, 85, 82), x1 = c(1, 
        1, 1, 1, 1, 1, 1, 1, 1, 1, 1, 1, 1, 1, 1, 1, 1, 1, 1, 
        1, 1, 1, 1, 1, 1, 1, 1), x2 = c(51, 64, 70, 63, 78, 55, 
        67, 75, 61, 53, 62, 83, 90, 85, 60, 70, 58, 40, 61, 66, 
        37, 54, 77, 75, 57, 85, 82), x3 = c(65, 33, 52, 47, 58, 
        33, 50, 64, 47, 72, 66, 46, 64, 42, 44, 64, 68, 39, 57, 
        50, 45, 64, 42, 33, 44, 50, 52), x4 = c(39, 54, 69, 47, 
        66, 44, 56, 55, 47, 58, 42, 45, 72, 69, 75, 57, 54, 34, 
        62, 50, 58, 48, 63, 74, 45, 71, 59), x5 = c(61, 63, 76, 
        54, 71, 54, 66, 70, 62, 58, 55, 59, 60, 79, 55, 75, 64, 
        43, 66, 63, 50, 66, 88, 80, 51, 77, 64), x6 = c(92, 73, 
        86, 84, 83, 49, 68, 66, 80, 67, 63, 77, 54, 79, 80, 85, 
        78, 64, 80, 80, 57, 75, 76, 78, 83, 74, 78), x7 = c(45, 
        47, 48, 35, 47, 34, 35, 41, 41, 34, 25, 35, 36, 63, 60, 
        46, 52, 33, 41, 37, 49, 33, 72, 49, 38, 55, 39)), .Names = c("y", 
        "x1", "x2", "x3", "x4", "x5", "x6", "x7"),