
expected <- structure(list(coefficients = structure(c(40.9481369333333, 0.616945873686229, 
0.0101165982056258, -0.29745110403033, 0.181389398961874, -0.19593906311213, 
0.07145427265712), .Names = c("x1", "x2", "x3", "x4", "x5", "x6", 
"x7")), residuals = structure(c(-4.5531967472447, 0.308468853874741, 
2.76779617937596, 11.9136256948477, -8.30753604001547, 2.88902049132049, 
-6.60393481749223, 3.73992798040174, 0.108776411811589, 3.70517447588956, 
1.40655307431585, -1.69340883228921, -4.41527917382704, -1.89939089096011, 
-2.86406801325835, 1.76918539819296, 0.688133469427669, 3.37725819429152, 
1.72826082129684, -10.6341299475292, -3.29340129298643, 7.41704672112599, 
-7.02743782990513, 3.52735510750842, -4.63058865821341, 8.01983346292232, 
2.55595590711794), .Names = c("1", "2", "3", "5", "7", "8", "9", 
"10", "11", "12", "13", "14", "15", "16", "17", "18", "19", "21", 
"22", "23", "24", "25", "26", "27", "28", "29", "30")), effects = structure(c(-343.523410167827, 
49.3571362451374, -0.900494662017867, 17.2036002222571, -5.58005446108136, 
-8.0423204589706, 2.75951313154326, 6.7756371997341, 4.52067171081234, 
5.82295091271782, 4.21866431541947, -7.00402894444572, 2.27313134071221, 
-3.09113428723768, -4.48891401696021, 0.508392135319736, 2.03687015670746, 
3.23808562562077, 3.98038909155837, -9.3884843413871, -7.1804593564171, 
9.7758339930226, -8.49771813301158, 6.64793881314713, -6.12396965472935, 
5.89669813461488, 7.04766852790343), .Names = c("x1", "x2", "x3", 
"x4", "x5", "x6", "x7", "", "", "", "", "", "", "", "", "", "", 
"", "", "", "", "", "", "", "", "", "")), rank = 7L, fitted.values = structure(c(47.5531967472447, 
62.6915311461253, 68.2322038206241, 69.0863743051523, 66.3075360400155, 
68.1109795086795, 78.6039348174922, 63.2600720195983, 63.8912235881884, 
63.2948255241104, 67.5934469256841, 69.6934088322892, 81.415279173827, 
82.8993908909601, 76.8640680132584, 63.230814601807, 64.3118665305723, 
46.6227418057085, 62.2717391787032, 63.6341299475292, 43.2934012929864, 
55.582953278874, 73.0274378299051, 74.4726448924916, 52.6305886582134, 
76.9801665370777, 79.4440440928821), .Names = c("1", "2", "3", 
"5", "7", "8", "9", "10", "11", "12", "13", "14", "15", "16", 
"17", "18", "19", "21", "22", "23", "24", "25", "26", "27", "28", 
"29", "30")), assign = 1:7, qr = structure(list(qr = structure(c(-5.19615242270663, 
0.192450089729875, 0.192450089729875, 0.192450089729875, 0.192450089729875, 
0.192450089729875, 0.192450089729875, 0.192450089729875, 0.192450089729875, 
0.192450089729875, 0.192450089729875, 0.192450089729875, 0.192450089729875, 
0.192450089729875, 0.192450089729875, 0.192450089729875, 0.192450089729875, 
0.192450089729875, 0.192450089729875, 0.192450089729875, 0.192450089729875, 
0.192450089729875, 0.192450089729875, 0.192450089729875, 0.192450089729875, 
0.192450089729875, 0.192450089729875, -350.644063487833, 69.9910047130397, 
-0.0739876890014511, -0.188288091357435, -0.0311250381179571, 
-0.145425440473941, -0.245438292535427, 0.0546002636490308, 0.168900666005015, 
0.0688878139435288, 0.0403127133545328, -0.259725842829925, -0.174000541062937, 
-0.359738694891411, -0.288300943418921, 0.0688878139435288, -0.0739876890014511, 
0.354638819833489, 0.0546002636490308, -0.0168374878234591, 0.397501470716983, 
0.154613115710517, -0.174000541062937, -0.145425440473941, 0.111750464827023, 
-0.288300943418921, -0.245438292535427, -275.588528493181, 38.4409186516115, 
-50.5891167760729, -0.00316766421737167, -0.167031203886066, 
-0.0909859330561284, 0.272060140307717, -0.0461612801759294, 
0.194067007807626, 0.00363435324785844, 0.18078245036209, 0.479236773419893, 
-0.0324404204969572, -0.244907511637645, 0.0831390451846672, 
0.359442106913039, -0.118747129898996, -0.0678762392719259, 0.092208401804974, 
0.0409012089444684, 0.140811953276968, -0.0336325024487515, 0.204764748613163, 
0.0671508463506184, -0.0248826233133682, 0.221508727165571, -0.380254074745113, 
-300.799490247795, 0.777877738255982, -0.81457789501085, -65.904461425187, 
-0.0209761222806311, 0.227253665991049, -0.261173687390702, -0.187459910472077, 
-0.397315942369628, -0.186636650360152, -0.317821039296124, 0.199729212777668, 
-0.392492118618609, -0.0431676234615761, 0.145037131419869, -0.192779983090729, 
0.133305641486772, -0.0607005724195039, -0.09290730918492, -0.0464864227368463, 
0.216396864923251, 0.0373766320581841, 0.235640642272189, -0.0873760066933908, 
0.0844406890796094, 0.148548855196616, -0.323249395379141, -340.05930855269, 
35.7220507474215, -2.99208838484361, -7.54286804692511, -39.3542158578883, 
-0.0173754448760916, -0.0919711588974991, 0.0210579189155752, 
0.0056239341943969, -0.0529420772454493, -0.200777039621661, 
-0.527070579360302, 0.266388846484982, -0.397355294381466, 0.0507854139017469, 
-0.232821572752429, 0.197442312465377, -0.194128051322227, 0.0774163047091051, 
-0.0617018064539068, -0.0648480268360304, 0.179521630447259, 
0.346031958669373, 0.249753320084867, -0.251106357627091, -0.0313654691481982, 
-0.115166257925837, -391.058582331106, 6.68128185253085, -3.59575616558608, 
-2.5893775653878, -17.0484821336697, 41.4519067878871, -0.0474210831607534, 
-0.0912516042339126, 0.210816347980105, 0.045439212116041, 0.310494078276402, 
0.113300666298079, 0.0699828173274365, 0.549168802613013, 0.0978756517056667, 
-0.0637897890072087, -0.119832139884669, 0.181087512464691, -0.0422367827873642, 
-0.0535248963431879, 0.435997968375297, 0.0602346911777854, 0.229046907622858, 
0.0898968497543349, -0.195292102244881, 0.230682812977431, -0.0673397202246154, 
-224.589254714764, 11.8745418003161, -11.0954592247823, -21.5371096043318, 
-24.9401533384818, 1.11578102042882, 38.6192879575591, -0.0362946139678522, 
0.02414002134388, -0.0799192884936879, 0.212710543396977, 0.263866665942627, 
-0.135066907230157, -0.093167018235436, -0.333099674260115, -0.535644368132694, 
0.0972598243974645, 0.0257423215015671, 0.0730616799883406, 0.139541159889679, 
-0.169385282319838, 0.321883825130615, -0.391681672117052, -0.0374164988088467, 
0.0720979956312379, -0.142107123607554, -0.157407772979117), .Dim = c(27L, 
7L), .Dimnames = list(c("1", "2", "3", "5", "7", "8", "9", "10", 
"11", "12", "13", "14", "15", "16", "17", "18", "19", "21", "22", 
"23", "24", "25", "26", "27", "28", "29", "30"), c("x1", "x2", 
"x3", "x4", "x5", "x6", "x7")), assign = 1:7), qraux = c(1.19245008972988, 
1.01173761276554, 1.31612901346956, 1.13976310604786, 1.0434536485213, 
1.33404176386329, 1.28254430680837), pivot = 1:7, tol = 1e-07, 
    rank = 7L), .Names = c("qr", "qraux", "pivot", "tol", "rank"
), class = "qr"), df.residual = 20L, xlevels = structure(list(), .Names = character(0)), 
    call = quote(lm(formula = y ~ . + 0, data = structure(list(y = c(43, 
        63, 71, 81, 58, 71, 72, 67, 64, 67, 69, 68, 77, 81, 74, 
        65, 65, 50, 64, 53, 40, 63, 66, 78, 48, 85, 82), x1 = c(1, 
        1, 1, 1, 1, 1, 1, 1, 1, 1, 1, 1, 1, 1, 1, 1, 1, 1, 1, 
        1, 1, 1, 1, 1, 1, 1, 1), x2 = c(51, 64, 70, 78, 67, 75, 
        82, 61, 53, 60, 62, 83, 77, 90, 85, 60, 70, 40, 61, 66, 
        37, 54, 77, 75, 57, 85, 82), x3 = c(30, 51, 68, 56, 42, 
        50, 72, 45, 53, 47, 57, 83, 54, 50, 64, 65, 46, 33, 52, 
        52, 42, 42, 66, 58, 44, 71, 39), x4 = c(72, 63, 57, 69, 
        59, 75, 42, 48, 34, 48, 39, 72, 34, 57, 69, 47, 69, 57, 
        54, 57, 75, 63, 75, 54, 66, 69, 39), x5 = c(61, 63, 76, 
        71, 66, 70, 71, 62, 58, 59, 55, 59, 79, 60, 79, 55, 75, 
        43, 66, 63, 50, 66, 88, 80, 51, 77, 64), x6 = c(92, 73, 
        86, 83, 68, 66, 83, 80, 67, 74, 63, 77, 77, 54, 79, 80, 
        85, 64, 80, 80, 57, 75, 76, 78, 83, 74, 78), x7 = c(45, 
        47, 48, 47, 35, 41, 31, 41, 34, 41, 25, 35, 46, 36, 63, 
        60, 46, 33, 41, 37, 49, 33, 72, 49, 38, 55, 39)), .Names = c("y", 
        "x1", "x2", "x3", "x4", "x5", "x6", "x7"),