
expected <- structure(list(coefficients = structure(c(6.68625243797646, 0.110824191667696, 
0.164063853476555, 0.39044384425429, 0.564421649326019, 0.0527228514157326, 
-0.49815978461092), .Names = c("x1", "x2", "x3", "x4", "x5", 
"x6", "x7")), residuals = structure(c(1.44864496905901, -5.61357501221167, 
3.79372070441464, -11.3466454367797, -8.60087326937557, 2.98388726024683, 
-8.5366677834376, 8.47819762313495, -0.00828516803634299, 13.2832227266886, 
5.2326744265764, 4.54949654910962, 1.95668914926361, 12.2380933368045, 
5.07746571613197, 3.90729330069021, -2.14648048980835, -10.682842073374, 
4.77514222310575, -3.56294522898397, -10.5094658634012, -12.4591890935574, 
1.48202370555763, -3.89514356184109, 2.39688089993982, -4.13426706703211, 
9.89294745711543), .Names = c("2", "3", "4", "6", "7", "8", "9", 
"10", "11", "12", "13", "14", "15", "16", "17", "18", "19", "20", 
"21", "22", "23", "24", "25", "26", "27", "28", "29")), effects = structure(c(-333.516005501874, 
3.57917972986571, 26.2912466116189, 24.3221924965256, -15.7949268330947, 
-1.48737193183632, -18.0343212818611, 10.1353035872531, -3.50368077223953, 
16.3330776067833, 11.5725472290394, 10.0800241115921, -2.76439025859522, 
2.28720644896632, 2.68206402211421, -3.50490992220395, -1.33250764995025, 
-9.47095333687248, 5.11401999518939, -5.25892128093571, -7.78616710264913, 
-19.8073377158905, 0.134251776611827, -0.265201144510104, -2.51437215443501, 
-4.92851220072253, 10.1461866856998), .Names = c("x1", "x2", 
"x3", "x4", "x5", "x6", "x7", "", "", "", "", "", "", "", "", 
"", "", "", "", "", "", "", "", "", "", "", "")), rank = 7L, 
    fitted.values = structure(c(61.551355030941, 76.6135750122117, 
    57.2062792955854, 54.3466454367797, 66.6008732693756, 68.0161127397532, 
    80.5366677834376, 58.5218023768651, 64.0082851680363, 53.7167772733114, 
    63.7673255734236, 63.4505034508904, 75.0433108507364, 68.7619066631955, 
    68.922534283868, 61.0927066993098, 67.1464804898083, 60.682842073374, 
    45.2248577768943, 67.562945228984, 63.5094658634012, 52.4591890935574, 
    61.5179762944424, 69.8951435618411, 75.6031191000602, 52.1342670670321, 
    75.1070525428846), .Names = c("2", "3", "4", "6", "7", "8", 
    "9", "10", "11", "12", "13", "14", "15", "16", "17", "18", 
    "19", "20", "21", "22", "23", "24", "25", "26", "27", "28", 
    "29")), assign = 1:7, qr = structure(list(qr = structure(c(-5.19615242270663, 
    0.192450089729875, 0.192450089729875, 0.192450089729875, 
    0.192450089729875, 0.192450089729875, 0.192450089729875, 
    0.192450089729875, 0.192450089729875, 0.192450089729875, 
    0.192450089729875, 0.192450089729875, 0.192450089729875, 
    0.192450089729875, 0.192450089729875, 0.192450089729875, 
    0.192450089729875, 0.192450089729875, 0.192450089729875, 
    0.192450089729875, 0.192450089729875, 0.192450089729875, 
    0.192450089729875, 0.192450089729875, 0.192450089729875, 
    0.192450089729875, 0.192450089729875, -352.376114295402, 
    -64.5606232472556, -0.0710702566376895, -0.21047411532616, 
    -0.0091129861094804, 0.176758825475147, -0.133027527165899, 
    -0.0710702566376895, -0.164006162430003, -0.0710702566376895, 
    0.223226778371304, -0.303410021118474, -0.303410021118474, 
    -0.117538209533846, -0.0555809390056372, 0.176758825475147, 
    -0.148516844797951, -0.0555809390056372, 0.114801554946938, 
    -0.102048891901794, -0.0555809390056372, 0.223226778371304, 
    -0.473792515071049, 0.300673366531565, -0.303410021118474, 
    -0.194984797694108, 0.176758825475147, -282.709181813187, 
    -3.16039447536949, 59.5359590943034, 0.0243316854512062, 
    0.196685986498701, 0.112877998100961, -0.340920884612912, 
    0.129441410202931, -0.030213454858235, 0.095848266992925, 
    0.00794314297651027, -0.572034041340039, -0.0849334647949508, 
    0.032817406067345, -0.185479734921936, -0.139070575974085, 
    0.0915762617469766, -0.252666021341949, 0.381564853905251, 
    0.00343797822752921, 0.0160791243381001, 0.259891717051556, 
    0.0702745253929925, -0.122157424617566, -0.152119751214963, 
    0.112528258846412, -0.239850005604103, -293.87128701752, 
    -3.07893213819349, 27.64981489862, 53.0911911679058, -0.117071999988804, 
    0.00392817616818756, -0.0387122298300991, 0.075111853109217, 
    -0.0630501375340073, 0.245814487225741, 0.324377311863479, 
    0.46552113810176, -0.333306100237673, -0.351252459696031, 
    -0.147252839158758, -0.222643377036683, -0.112438495154199, 
    0.175316912710806, 0.221953193541588, -0.141037905605959, 
    0.0905109524955936, -0.127129724017111, -0.0216144864782501, 
    0.0281191689020799, -0.330940126547355, 0.0880465362592447, 
    -0.0872458019568104, -335.440506399173, 2.41977562118505, 
    25.909321993963, 27.0238622029532, -40.9051250830349, 0.191577852980402, 
    -0.0992162021769886, 0.113698063357096, -0.188942713302474, 
    0.139962661203204, -0.0302679334591006, -0.163807997019831, 
    0.113195661003134, -0.313213073243422, 0.11989483937873, 
    -0.535808321333763, 0.280896833503938, -0.0614438164029166, 
    -0.0880373414350883, -0.0379218962078176, 0.0588325424802433, 
    -0.290292841394774, 0.180272155564166, 0.442008895343688, 
    0.0876151599906854, -0.132437927963114, 0.0239062764139727, 
    -382.975678562452, 8.75892228171017, 16.8291722194568, 3.18488003883361, 
    -14.4517249467193, 43.0661590776687, -0.17985341406742, -0.194328594666636, 
    0.149325298240006, -0.139146931182674, 0.0824634131765308, 
    -0.307395483338482, 0.105080743261618, 0.584009134567093, 
    -0.00860467992042593, -0.0778837066057069, -0.184914629439481, 
    -0.178922801570552, 0.0498720177250153, -0.0867897148276523, 
    -0.195356471652839, 0.394732348754761, -0.0402301497183262, 
    0.0352039176696722, 0.0852335037618003, -0.315988924338866, 
    0.0858081159096901, -222.664753817466, -21.3328061283517, 
    19.638711877396, 23.7427939334024, -16.1690038579026, 7.5436491543966, 
    36.2018810810804, -0.0244674935514076, 0.123678496906676, 
    -0.125935514181096, 0.408857343435191, 0.149676672597471, 
    -0.000707866884158371, 0.0865499257071939, -0.326456981516568, 
    -0.205677342626846, -0.02852399082513, -0.183930555598948, 
    -0.0624792577870197, 0.109747311917929, 0.146598134995473, 
    -0.276751941676405, -0.00104302828079395, -0.429767371229774, 
    -0.0418045571233631, -0.0441424713024888, -0.00677712359852171
    ), .Dim = c(27L, 7L), .Dimnames = list(c("2", "3", "4", "6", 
    "7", "8", "9", "10", "11", "12", "13", "14", "15", "16", 
    "17", "18", "19", "20", "21", "22", "23", "24", "25", "26", 
    "27", "28", "29"), c("x1", "x2", "x3", "x4", "x5", "x6", 
    "x7")), assign = 1:7), qraux = c(1.19245008972988, 1.06833360205078, 
    1.12944141020293, 1.15508742339776, 1.10886614818673, 1.20285385811873, 
    1.53403279462958), pivot = 1:7, tol = 1e-07, rank = 7L), .Names = c("qr", 
    "qraux", "pivot", "tol", "rank"), class = "qr"), df.residual = 20L, 
    xlevels = structure(list(), .Names = character(0)), call = quote(lm(formula = y ~ 
        . + 0, data = structure(list(y = c(63, 71, 61, 43, 58, 
        71, 72, 67, 64, 67, 69, 68, 77, 81, 74, 65, 65, 50, 50, 
        64, 53, 40, 63, 66, 78, 48, 85), x1 = c(1, 1, 1, 1, 1, 
        1, 1, 1, 1, 1, 1, 1, 1, 1, 1, 1, 1, 1, 1, 1, 1, 1, 1, 
        1, 1, 1, 1), x2 = c(85, 75, 66, 57, 70, 82, 62, 66, 60, 
        66, 85, 51, 51, 63, 67, 82, 61, 67, 78, 64, 67, 85, 40, 
        90, 51, 58, 82), x3 = c(51, 68, 45, 49, 42, 50, 72, 45, 
        53, 47, 57, 83, 54, 50, 64, 65, 46, 68, 33, 52, 52, 42, 
        42, 66, 58, 44, 71), x4 = c(54, 69, 47, 44, 56, 55, 67, 
        47, 58, 39, 42, 45, 72, 72, 69, 75, 57, 54, 34, 62, 50, 
        58, 48, 63, 74, 45, 71), x5 = c(63, 76, 54, 54, 66, 70, 
        71, 62, 58, 59, 55, 59, 79, 60, 79, 55, 75, 64, 43, 66, 
        63, 50, 66, 88, 80, 51, 77),