
expected <- structure(list(coefficients = structure(c(15.8488846408304, 0.517908390575199, 
-0.0387279285038476, 0.367800845260044, 0.0844228783308901, 0.0108226055228897, 
-0.242429309729124), .Names = c("x1", "x2", "x3", "x4", "x5", 
"x6", "x7")), residuals = structure(c(-6.32528652103682, 0.707240378193169, 
0.0735512121192945, 7.22750189774004, -13.0856082429808, -9.0320190236148, 
1.87323525219448, -7.12260325289059, 7.93185124708887, 4.77888750344344, 
11.5167310253552, 8.88485321092638, -2.93409899036267, 0.375905085485287, 
-2.38605147491629, -1.87412987701763, 1.23226921804088, -1.68842183339335, 
-6.75622113802068, 6.117276908338, -10.6990495733031, 5.62477095687853, 
-2.06953198170301, 1.64978783688378, -8.20820136971803, 6.9836161669363, 
7.20374537933415), .Names = c("1", "2", "4", "5", "6", "7", "8", 
"9", "10", "11", "12", "13", "14", "15", "16", "17", "18", "19", 
"20", "21", "23", "25", "26", "27", "28", "29", "30")), effects = structure(c(-339.4819582835, 
47.9679701362602, 2.44459505456795, -11.5011120440818, -2.37576159195561, 
-2.26373570177842, 7.89800721707719, -3.53589218404107, 8.92563831914708, 
6.75307318226939, 13.5640533441171, 14.9681118534878, 2.75191063454327, 
0.444132503050419, 4.82003691519705, -3.38004059767645, -1.74789158736167, 
-2.20963053791635, -8.20154214349716, 9.07198198978508, -8.59743458529353, 
6.99048696918611, -6.29265589895565, 0.643925338855613, -6.57411419262798, 
7.27217241981637, 10.9107119676514), .Names = c("x1", "x2", "x3", 
"x4", "x5", "x6", "x7", "", "", "", "", "", "", "", "", "", "", 
"", "", "", "", "", "", "", "", "", "")), rank = 7L, fitted.values = structure(c(49.3252865210368, 
62.2927596218068, 60.9264487878807, 73.77249810226, 56.0856082429808, 
67.0320190236148, 69.1267647478055, 79.1226032528906, 59.0681487529111, 
59.2211124965566, 55.4832689746448, 60.1151467890736, 70.9340989903627, 
76.6240949145147, 83.3860514749163, 75.8741298770176, 63.7677307819591, 
66.6884218333933, 56.7562211380207, 43.882723091662, 63.6990495733031, 
57.3752290431215, 68.069531981703, 76.3502121631162, 56.208201369718, 
78.0163838330637, 74.7962546206658), .Names = c("1", "2", "4", 
"5", "6", "7", "8", "9", "10", "11", "12", "13", "14", "15", 
"16", "17", "18", "19", "20", "21", "23", "25", "26", "27", "28", 
"29", "30")), assign = 1:7, qr = structure(list(qr = structure(c(-5.19615242270663, 
0.192450089729875, 0.192450089729875, 0.192450089729875, 0.192450089729875, 
0.192450089729875, 0.192450089729875, 0.192450089729875, 0.192450089729875, 
0.192450089729875, 0.192450089729875, 0.192450089729875, 0.192450089729875, 
0.192450089729875, 0.192450089729875, 0.192450089729875, 0.192450089729875, 
0.192450089729875, 0.192450089729875, 0.192450089729875, 0.192450089729875, 
0.192450089729875, 0.192450089729875, 0.192450089729875, 0.192450089729875, 
0.192450089729875, 0.192450089729875, -352.183664205672, 64.6889995800419, 
0.0319993232125807, -0.199879359366827, 0.155667953921598, -0.0298349921419281, 
-0.153503622850946, -0.261713674721336, 0.0629164808898351, 0.186585111598853, 
0.0783750597284623, 0.0474579020512079, -0.277172253559963, -0.1844207805282, 
-0.385382305430354, -0.308089411237218, 0.0783750597284623, -0.0762107286578097, 
0.109292217405717, 0.387546636501006, -0.0143764133033009, 0.171126532760225, 
-0.1844207805282, -0.153503622850946, 0.124750796244344, -0.308089411237218, 
-0.261713674721336, -271.739526698584, 5.94811761312955, 65.8653894430907, 
0.0260140022857828, 0.26063436653866, 0.0781539270089369, -0.0839863143815487, 
-0.328340769911482, 0.085890503259292, -0.34408600027127, 0.155501095509857, 
-0.19627481793729, 0.239712824676004, 0.141172036453351, 0.0105408497850726, 
0.313046369120892, 0.125136134231854, -0.115495369103756, -0.251847022993058, 
0.0750123185380319, 0.0718521160644954, -0.216324344214819, 0.262631881565361, 
0.386670585427489, 0.10623070139853, 0.191586524008882, 0.142316129897556, 
-289.060034774273, 42.7395352490623, 0.891867201693227, -44.2587053118932, 
-0.0282722751395008, 0.0502478618205311, -0.105356516753117, 
0.037745805815829, -0.0662856859398837, 0.247968768405346, -0.224806994258752, 
-0.225648786514502, -0.409094987666634, 0.275692324770789, 0.0746492023190445, 
0.112859912612286, 0.585141324238192, 0.00786550227636096, 0.0964598659142306, 
-0.0604699688173647, -0.0717120546965219, 0.0222218173935964, 
0.0861464325952121, 0.377427800660094, -0.051871525918496, 0.144244829434637, 
-0.0895193531333998, -336.210306758092, 34.3214802614943, -0.148451728052898, 
-15.212494719028, 37.1513605241782, -0.0212694066006203, -0.0355744095579231, 
0.145098721303806, -0.0455575902389277, 0.155949494932505, -0.0532526458139455, 
0.159323481448102, 0.193603819300775, -0.156117309946457, 0.497474435045457, 
-0.137808517269841, 0.36174384720796, -0.19379743015341, -0.00928839177206834, 
0.16585088615277, 0.00105921834068243, -0.156390451037899, -0.495068007270262, 
-0.227452080423893, 0.193468093516475, -0.0460045046945386, 0.184285224866436, 
-388.749181254348, 2.79628514992061, 5.70631786599618, -2.81406656141166, 
15.9236163800397, 45.4776018564732, 0.295782070147165, -0.209167613412, 
-0.0292275832225633, 0.0890109966678401, 0.0873324782074533, 
0.135732533364884, -0.167460441688576, 0.222614291390117, 0.141778148134399, 
0.163381780464596, -0.311349360595749, 0.0228465828881143, -0.00999185123738442, 
0.0806631841589983, -0.0599073218110072, 0.169515305996111, 0.527257956372966, 
0.278198145540238, -0.318318427331785, 0.192444955860417, -0.142705922662883, 
-221.317603189357, 16.3019301952679, -19.0495577339191, -25.1290378611302, 
23.4481606462762, 11.3679399981684, -32.5785987919611, -0.365779645118341, 
-0.0757699307918241, -0.0808330564460811, 0.0805295707726275, 
-0.0812787243724246, -0.035517375224504, -0.246650692333203, 
0.133219581466679, 0.277710839316722, 0.253992381647845, -0.0748332868278869, 
0.313275880228243, 0.0587478299724061, -0.191675082968618, -0.243959860993887, 
0.499017835442632, -0.33262086842122, -0.0958759003641914, 0.150905396795776, 
-0.10423064908932), .Dim = c(27L, 7L), .Dimnames = list(c("1", 
"2", "4", "5", "6", "7", "8", "9", "10", "11", "12", "13", "14", 
"15", "16", "17", "18", "19", "20", "21", "23", "25", "26", "27", 
"28", "29", "30"), c("x1", "x2", "x3", "x4", "x5", "x6", "x7"
)), assign = 1:7), qraux = c(1.19245008972988, 1.01654074437395, 
1.09849412514817, 1.11271520740374, 1.05902323548677, 1.24295408346767, 
1.11586649116169), pivot = 1:7, tol = 1e-07, rank = 7L), .Names = c("qr", 
"qraux", "pivot", "tol", "rank"), class = "qr"), df.residual = 20L, 
    xlevels = structure(list(), .Names = character(0)), call = quote(lm(formula = y ~ 
        . + 0, data = structure(list(y = c(43, 63, 61, 81, 43, 
        58, 71, 72, 67, 64, 67, 69, 68, 77, 81, 74, 65, 65, 50, 
        50, 53, 63, 66, 78, 48, 85, 82), x1 = c(1, 1, 1, 1, 1, 
        1, 1, 1, 1, 1, 1, 1, 1, 1, 1, 1, 1, 1, 1, 1, 1, 1, 1, 
        1, 1, 1, 1), x2 = c(51, 64, 63, 78, 55, 67, 75, 82, 61, 
        53, 60, 62, 83, 77, 90, 85, 60, 70, 58, 40, 66, 54, 77, 
        75, 57, 85, 82), x3 = c(65, 33, 47, 58, 33, 50, 64, 83, 
        47, 72, 42, 66, 46, 50, 64, 42, 44, 64, 68, 39, 50, 64, 
        42, 33, 44, 50, 52), x4 = c(39, 54, 47, 66, 44, 56, 55, 
        67, 47, 58, 39, 42, 45, 72, 72, 69, 75, 57, 54, 34, 50, 
        48, 63, 74, 45, 71, 59), x5 = c(61, 63, 54, 71, 54, 66, 
        70, 71, 62, 58, 59, 55, 59, 79, 60, 79, 55, 75, 64, 43, 
        63, 66, 88, 80, 51, 77, 64), x6 = c(92, 73, 84, 83, 49, 
        68, 66, 83, 80, 67, 74, 63, 77, 77, 54, 79, 80, 85, 78, 
        64, 80, 75, 76, 78, 83, 74, 78), x7 = c(45, 47, 35, 47, 
        34, 35, 41, 31, 41, 34, 41, 25, 35, 46, 36, 63, 60, 46, 
        52, 33, 37, 33, 72, 49, 38, 55, 39)), .Names = c("y", 
        "x1", "x2", "x3", "x4", "x5", "x6", "x7"),