
expected <- structure(list(coefficients = structure(c(-1.04527145281703, 
0.577445469446188, -0.0668283742239103, 0.390632443947905, 0.0996973899470985, 
0.160320885273679, -0.225476388817449), .Names = c("x1", "x2", 
"x3", "x4", "x5", "x6", "x7")), residuals = structure(c(-7.83216454548883, 
0.62730978569911, 0.377639667706284, 3.10794517033038, -8.60280669329572, 
-7.41793798406597, 1.43509459441758, -7.75471694091001, 5.51241307680715, 
4.9234551721435, 13.3276826737986, 10.9270832366304, -1.71674033915511, 
0.159378254185944, -2.17772792101752, -2.9827223828843, 2.05652994819147, 
-3.83650380561225, -5.49678264160118, 10.5201671455265, -12.5757257581122, 
6.63286346781934, -2.89567751224222, 2.01367915912192, -7.72637340541855, 
7.5683758077115, 5.86490570189745), .Names = c("1", "2", "4", 
"5", "6", "7", "8", "9", "10", "11", "12", "13", "14", "15", 
"16", "17", "18", "19", "20", "21", "23", "25", "26", "27", "28", 
"29", "30")), effects = structure(c(-224.444578588382, -258.794117549775, 
0.407086893760532, -14.7248288135725, -4.534888703726, 8.18952389554093, 
-8.53152740938222, -8.70184814235304, 4.4940165309758, 2.89886362144748, 
15.746149547463, 10.4591716514742, -3.07160893034589, 2.25324599232124, 
-4.82062948749177, -0.422794793179241, -0.850551086798208, -1.41865488819628, 
-3.68903805947074, 11.4636558129489, -13.9445757969113, 9.15192228252357, 
3.22166067525411, 4.02253848051506, -8.86538302096442, 9.71864900411168, 
5.62728517995246), .Names = c("x1", "x2", "x3", "x4", "x5", "x6", 
"x7", "", "", "", "", "", "", "", "", "", "", "", "", "", "", 
"", "", "", "", "", "")), rank = 7L, fitted.values = structure(c(50.8321645454888, 
62.3726902143009, 60.6223603322937, 77.8920548296696, 51.6028066932957, 
65.417937984066, 69.5649054055824, 79.75471694091, 61.4875869231928, 
59.0765448278565, 53.6723173262014, 58.0729167633696, 69.7167403391551, 
76.8406217458141, 83.1777279210175, 76.9827223828843, 62.9434700518085, 
68.8365038056123, 55.4967826416012, 39.4798328544735, 65.5757257581122, 
56.3671365321807, 68.8956775122422, 75.9863208408781, 55.7263734054185, 
77.4316241922885, 76.1350942981025), .Names = c("1", "2", "4", 
"5", "6", "7", "8", "9", "10", "11", "12", "13", "14", "15", 
"16", "17", "18", "19", "20", "21", "23", "25", "26", "27", "28", 
"29", "30")), assign = 1:7, qr = structure(list(qr = structure(c(-7.27974213957979, 
-0.0451165107265046, 0.271784562905803, -0.13459806884399, -0.0469009172624992, 
0.253598393350259, 0.0265903716560035, 0.309084989634579, -0.150945185728882, 
-0.0656309891418324, 0.206260861257748, 0.0358390283183598, 0.0759752673222219, 
0.261307808640495, 0.0129450409871624, 0.146294071375724, 0.188885938494808, 
0.19834773731415, 0.224168505996867, 0.236678103159896, -0.0846066619277808, 
0.252566731949731, 0.0644280128773016, 0.234623441229523, 0.216725062121829, 
0.233999350524944, 0.229787643071565, -233.780141702958, -271.228400698277, 
0.0181597399026741, 0.393619309394408, 0.239730519585909, 0.047234853078493, 
0.255571336492525, 0.0588254465694746, 0.343820063299809, 0.24711255172016, 
0.0587197148856729, 0.200354992711497, 0.246160453965158, 0.0780305308361085, 
0.321625319061135, 0.198135880587598, 0.0724079949660602, 0.101823113115904, 
0.0372378876853129, -0.038982131967412, 0.309992015669421, 0.000117530794145177, 
0.233136013798267, 0.0916791016229212, 0.0394150385836681, 0.129040066931162, 
0.12129733805329, -179.839390755093, -211.147216139835, 54.9422119070106, 
0.112107766452839, -0.102286058113644, 0.144351684331641, 0.151171127829436, 
-0.197995806399217, 0.0735367661695421, -0.200313112002099, -0.0380439712946648, 
-0.162545212389577, -0.344208363217169, 0.0667254184355601, 0.366651489517648, 
0.0180275317523551, -0.362695330785227, 0.123608497472111, -0.451740446621867, 
-0.0726242654155061, 0.00585780743841155, -0.0402033946991998, 
-0.118081978478304, -0.029943977671781, -0.0278574692048718, 
-0.124348803033873, 0.416169928964493, -195.510594643841, -217.014535823671, 
10.3468472110505, -43.763470795165, -0.0421921222462361, 0.071710076844097, 
-0.0805131560151592, -0.0732525950813976, -0.0179946585763165, 
0.283049408731638, -0.245316200126063, -0.243436450891142, -0.626970890449058, 
0.225832773909138, 0.104126905225589, 0.00125153307765311, 0.469363013102059, 
0.0360789085043019, -0.00598247222707437, -0.00371021376972983, 
-0.0693478078956206, 0.0672013100493352, -0.0279137226990356, 
0.277897018176208, -0.050088754758713, -0.00717958281269071, 
-0.04388247707084, -228.366431779053, -247.910849473668, 10.0839464499848, 
-17.648238011506, -42.4598312388381, 0.0105461761323457, 0.0977856910864778, 
-0.314763357007707, 0.230638850081667, 0.0194457890412003, 0.0764468458361691, 
-0.044505512187874, -0.341224019086869, -0.00814029230169548, 
-0.444333827680799, -0.0569282877012865, -0.469635986762829, 
0.187053318013333, -0.0608291941408203, 0.00297612411175975, 
0.107978473507695, 0.214650717005682, 0.317293974044939, 0.00446325189792631, 
-0.131808860033226, -0.202429198613974, -0.181772871969056, -273.810284136352, 
-269.442996333462, 21.0946500700581, -9.06871918978791, -40.7753878122247, 
61.1108979434727, 0.194035153012321, 0.159337260482719, -0.317973395508621, 
-0.111591011703701, -0.0407316663288138, -0.010793561247, -0.0801342519160494, 
0.317479573203481, 0.338402417987532, 0.23405285499702, -0.141571280632322, 
0.0438556481477803, -0.013760497304077, -0.142452634848023, -0.238351143413704, 
0.0546711616104872, 0.304026032043451, 0.292181758669163, -0.283788484687311, 
0.351248996664706, 0.0873620498452, -150.61821003854, -161.441255419468, 
19.2937484915933, -24.7653030270234, -27.6543009781045, 7.13081033033472, 
37.8377862716683, 0.472642268630769, 0.062260696594899, 0.329148567569554, 
-0.0930134813658561, 0.300777926881213, 0.0983240606586807, 0.138121095124391, 
-0.0559895575090538, -0.339251132932014, -0.225819003109676, 
0.0544709250479611, -0.0615541613500011, -0.0303545967587736, 
0.180244309115863, 0.30343678247178, -0.439968371828576, 0.135177134697475, 
0.00726541648202494, -0.137205271242084, -0.0658957783188084), .Dim = c(27L, 
7L), .Dimnames = list(c("1", "2", "4", "5", "6", "7", "8", "9", 
"10", "11", "12", "13", "14", "15", "16", "17", "18", "19", "20", 
"21", "23", "25", "26", "27", "28", "29", "30"), c("x1", "x2", 
"x3", "x4", "x5", "x6", "x7")), assign = 1:7), qraux = c(1.33274953128905, 
1.27150709744405, 1.02980444242212, 1.11375454049499, 1.06001548590148, 
1.23134633966781, 1.00227135825557), pivot = 1:7, tol = 1e-07, 
    rank = 7L), .Names = c("qr", "qraux", "pivot", "tol", "rank"
), class = "qr"), df.residual = 20L, xlevels = structure(list(), .Names = character(0)), 
    call = quote(lm(formula = y ~ . + 0, data = structure(list(y = c(43, 
        63, 61, 81, 43, 58, 71, 72, 67, 64, 67, 69, 68, 77, 81, 
        74, 65, 65, 50, 50, 53, 63, 66, 78, 48, 85, 82), x1 = c(2.42233078485034, 
        -0.328436564326539, 1.97852153547265, -0.979839233669655, 
        -0.341426583780761, 1.84613091060161, 0.193571049051297, 
        2.25005902375443, -1.09884202931724, -0.477776677318101, 
        1.50152588344405, 0.260898884690757, 0.553080355091418, 
        1.90225346596146, 0.0942365603728335, 1.06498311616455, 
        1.37504092603473, 1.44392038161612, 1.63188891947204, 
        1.72295556108891, -0.615914682124847, 1.83862068163041, 
        0.469019320312282, 1.70799815205178, 1.57770256743133, 
        1.70345493265074, 1.67279478842279), x2 = c(51, 64, 63, 
        78, 55, 67, 75, 82, 61, 53, 60, 62, 83, 77, 90, 85, 60, 
        70, 58, 40, 66, 54, 77, 75, 57, 85, 82), x3 = c(30, 51, 
        45, 56, 49, 42, 50, 72, 45, 53, 47, 57, 83, 54, 50, 64, 
        65, 46, 68, 33, 52, 42, 66, 58, 44, 71, 39), x4 = c(39, 
        54, 47, 66, 44, 56, 55, 67, 47, 58, 39, 42, 45, 72, 72, 
        69, 75, 57, 54, 34, 50, 48, 63, 74, 45, 71, 59),