
expected <- structure(list(coefficients = structure(c(4.84406487190572, -0.0264429533289586, 
0.129028114738199, 0.0247701348838892, 0.655104782620946, 0.0633456741436393, 
0.114794775467703), .Names = c("x1", "x2", "x3", "x4", "x5", 
"x6", "x7")), residuals = structure(c(-14.1406854138081, 2.64179209184123, 
4.95395537486552, 1.10509844454591, 4.18047656183839, -21.2000095689419, 
-1.13566805713841, 15.5248434447861, 18.3141571961823, -3.71719271393101, 
6.47837467843999, 9.54933126237537, -7.09710581993729, 3.00512809651965, 
6.93945273778779, 0.546100445461315, -0.015584173007133, -3.83408417344619, 
-15.617044127231, 8.69061012677994, -15.0764073598579, -14.4598809486045, 
-3.48784950130444, 8.80784743187926, -17.180089368069, 15.5465171587759, 
12.5241866916287), .Names = c("1", "2", "3", "4", "5", "6", "7", 
"9", "10", "11", "12", "13", "14", "15", "16", "17", "18", "20", 
"21", "22", "23", "24", "25", "27", "28", "29", "30")), effects = structure(c(-280.555083584022, 
-177.376170498014, 31.9927510139116, -22.4759898863249, -34.0607601548845, 
-5.60588483122934, -4.37617280124392, 24.3039166532714, 24.4710256085176, 
-2.62137150654191, 12.1385015257844, 12.1293230693053, -7.33334418048516, 
3.00821709502124, 5.89333947172045, -0.0307462207598451, -1.15498098595318, 
-0.0533850013454036, -12.9911955339283, 13.6664761011847, -6.5701736837635, 
-8.48475798242538, -3.09199981260837, 14.1886493640469, -15.6157136785077, 
20.1289434402422, 12.8752607696759), .Names = c("x1", "x2", "x3", 
"x4", "x5", "x6", "x7", "", "", "", "", "", "", "", "", "", "", 
"", "", "", "", "", "", "", "", "", "")), rank = 7L, fitted.values = structure(c(57.1406854138081, 
60.3582079081588, 66.0460446251345, 59.8949015554541, 76.8195234381616, 
64.2000095689419, 59.1356680571384, 56.4751565552139, 48.6858428038177, 
67.717192713931, 60.52162532156, 59.4506687376246, 75.0971058199373, 
73.9948719034803, 74.0605472622122, 73.4538995545387, 65.0155841730071, 
53.8340841734462, 65.6170441272311, 55.3093898732201, 68.0764073598579, 
54.4598809486045, 66.4878495013044, 69.1921525681207, 65.180089368069, 
69.4534828412241, 69.4758133083713), .Names = c("1", "2", "3", 
"4", "5", "6", "7", "9", "10", "11", "12", "13", "14", "15", 
"16", "17", "18", "20", "21", "22", "23", "24", "25", "27", "28", 
"29", "30")), assign = 1:7, qr = structure(list(qr = structure(c(-8.3549762683125, 
0.0175133763981483, 0.191783986219905, 0.0436892140585745, 0.42387626130262, 
0.221422985293435, 0.0212699538489704, 0.141441196660808, 0.073411300728621, 
0.183876888504451, 0.183336925874246, 0.0954767883381362, 0.22144736180481, 
0.188393988424177, 0.217363692778412, 0.321671687651119, -0.0733009024911878, 
-0.0159781232170092, 0.0968262076168355, 0.0863468485443117, 
0.304698692184174, 0.145603499598906, 0.146430232312988, 0.300134447991341, 
0.101906723444603, 0.333621851170342, 0.0242688778250679, -262.96561796473, 
-220.050184658926, 0.110969234046595, 0.190964517662023, -0.287269367132145, 
-0.0441139850650082, 0.35977447974208, 0.0737160316265869, 0.153932642190429, 
0.0526547184623732, 0.144215836566247, 0.112807160261909, 0.0240219119466815, 
0.0106713490180921, 0.101820596666554, -0.141751139428087, 0.477603897780896, 
0.301661660289977, 0.156570046672149, 0.242337364280161, -0.00699339268115057, 
0.104885403744002, 0.135666271449998, -0.0876505679360503, 0.163873292968268, 
-0.143007047832909, 0.21516105140474, -225.658061323914, -141.21637072652, 
89.2097304018064, -0.150960359250055, -0.138764416249005, -0.238747263415646, 
0.178629728459884, -0.428274359723136, 0.114714399041134, 0.245410050424387, 
0.181679393103577, -0.0841336634464522, 0.131285491952595, 0.0539542387824192, 
0.281972245656488, -0.129564809596559, 0.0731301891018736, 0.0163295105002757, 
-0.00846962074040981, 0.160533770682276, 0.181058716672541, 0.00414908469557345, 
0.180343249059999, 0.136899791569698, -0.263009729085685, 0.0798926590646128, 
-0.510913034789494, -221.102931816205, -171.381500813516, 28.1075560645588, 
-70.4403294516942, -0.0837051908433565, -0.209084500724231, 0.214834017908653, 
-0.330391689494736, 0.00674696731795926, 0.212440426915011, -0.100766318953441, 
0.320981000448484, 0.129217723676348, -0.015006154508013, 0.201062071834859, 
-0.288274170482415, -0.268148916428995, 0.135166325982293, -0.0780283658634858, 
-0.132357464654509, -0.171779744448809, -0.162153452779674, 0.346792722237805, 
0.00577927224638353, -0.153158179213817, -0.232003143083238, 
0.0915566706465448, -264.600085866221, -201.064475247982, 19.9447090885877, 
-28.2198665800144, -49.1092563822747, 0.0437459904948921, -0.267113557628948, 
-0.269194185544466, 0.0583308559514695, 0.214507732775059, -0.257177170709104, 
0.0155376955240239, 0.226611587805978, 0.566938650483577, 0.0156968909697786, 
0.209893592798455, 0.264406222144662, 0.0526461895776688, 0.303135931883817, 
-0.107188134319875, -0.301109059503974, -0.11175648295548, -0.0272734981847911, 
0.00911630469216622, 0.0439171212911619, 0.171578390134693, 0.0735627754265659, 
-307.111482018586, -224.29537799943, 40.0028011460862, -37.3548997956507, 
-21.1456773314315, -63.1535328573055, 0.0162663027678822, 0.066010735216442, 
0.470701663538784, 0.209694626737681, 0.146913364820749, 0.120498533261928, 
0.0336929979627367, 0.264864511307223, -0.0727909206743469, -0.271071954977319, 
0.235475718351876, 0.373276305831358, 0.319794622012876, 0.286177501941666, 
0.17422747864481, 0.204896052457071, 0.0266897546860442, 0.169183176952022, 
-0.0563701168369642, 0.145384793094119, -0.136390226742255, -171.163493712898, 
-128.947340565817, 36.4657798552481, 1.06335368119241, -4.78736283838393, 
-13.9847977513796, -38.1217070499446, 0.248711686297975, -0.0139002714080455, 
0.350859426298294, -0.378550252267904, 0.0192766018488209, 0.237948149042819, 
-0.00432803226380476, -0.19072581395103, 0.163328844969465, 0.426628767959571, 
-0.147021656907156, -0.0438414123941198, -0.326568807580389, 
-0.0606568672924953, -0.0728258311683205, -0.0220811502673741, 
0.180313504829132, -0.267921526610917, -0.21075654143771, 0.267833842341069
), .Dim = c(27L, 7L), .Dimnames = list(c("1", "2", "3", "4", 
"5", "6", "7", "9", "10", "11", "12", "13", "14", "15", "16", 
"17", "18", "20", "21", "22", "23", "24", "25", "27", "28", "29", 
"30"), c("x1", "x2", "x3", "x4", "x5", "x6", "x7")), assign = 1:7), 
    qraux = c(1.156096289559, 1.32809959884639, 1.06002210923581, 
    1.34584460830603, 1.0676325863062, 1.14190143636414, 1.0967936255271
    ), pivot = 1:7, tol = 1e-07, rank = 7L), .Names = c("qr", 
"qraux", "pivot", "tol", "rank"), class = "qr"), df.residual = 20L, 
    xlevels = structure(list(), .Names = character(0)), call = quote(lm(formula = y ~ 
        . + 0, data = structure(list(y = c(43, 63, 71, 61, 81, 
        43, 58, 72, 67, 64, 67, 69, 68, 77, 81, 74, 65, 50, 50, 
        64, 53, 40, 63, 78, 48, 85, 82), x1 = c(1.30418079483706, 
        0.146323844184553, 1.60235065350968, 0.365022346640615, 
        3.54147610388442, 1.84998378738556, 0.17770995963625, 
        1.18173784146277, 0.613349675413581, 1.53628703974583, 
        1.53177566478469, 0.797706300739824, 1.8501874525596, 
        1.57402730237674, 1.8160684947564, 2.68755931651313, 
        -0.612427300759763, -0.133496840290285, 0.80898066678936, 
        0.721425870431298, 2.54575034218463, 1.21651378373211, 
        1.2234211159385, 2.50761619027073, 0.851428255961143, 
        2.78740264911869, 0.202765898287018), x2 = c(54, 77, 
        77, 54, 53, 51, 85, 55, 54, 62, 82, 51, 66, 54, 82, 57, 
        85, 62, 61, 77, 82, 63, 70, 63, 64, 60, 54), x3 = c(52, 
        58, 57, 52, 72, 68, 42, 83, 30, 30, 49, 47, 45, 42, 42, 
        68, 46, 39, 47, 42, 56, 50, 39, 47, 72, 52, 83), x4 = c(66, 
        54, 45, 74, 58, 44, 72, 44, 39, 58, 54, 69, 62, 45, 72, 
        42, 39, 55, 45, 45, 54, 42, 75, 54, 54, 39, 72),