
expected <- structure(list(coefficients = structure(c(31.6141293556038, -0.0353106389226267, 
0.212723355374406, 0.366127298910714, 0.539754699987334, -0.190236396134805, 
-0.378427863857835), .Names = c("x1", "x2", "x3", "x4", "x5", 
"x6", "x7")), residuals = structure(c(-5.02053113637969, 1.43633010750309, 
-4.19029289297382, 9.86860143686578, -10.0226543227181, 1.79648939119693, 
-8.07317939669512, 8.20550148237858, -3.69859887897825, 11.1869188860687, 
4.64377819586349, 0.102596720543769, -1.24625054149825, 6.12399409715138, 
2.10361450210467, 3.2328525413627, -2.01853785658825, 3.12569835052206, 
-4.00511156669757, -10.4000994184704, -16.383784400376, -2.57815605388325, 
-5.33557443352935, -1.04363327309633, -4.75927837911501, 8.51286050893976, 
18.4364463304985), .Names = c("1", "2", "3", "5", "7", "8", "9", 
"10", "11", "12", "13", "14", "15", "16", "17", "18", "19", "21", 
"22", "23", "24", "25", "26", "27", "28", "29", "30")), effects = structure(c(-343.523410167827, 
12.4622814261005, -29.834707259398, -23.5508098880754, -12.0651145351176, 
-11.8148389438912, -13.6751233479021, 10.0900208328001, -5.48100602560811, 
13.4785262912113, 7.63652767242066, 4.13345290215049, -1.66899395249789, 
-0.11808726918684, 1.62113675519784, -3.14937985764955, 0.655498867961579, 
2.01850657076017, -3.98361452223986, -7.85276641327461, -23.0698665599933, 
-0.749806354905758, -2.82532643598819, -1.66465544105866, -4.74767099154659, 
8.70101841714332, 18.5027256051622), .Names = c("x1", "x2", "x3", 
"x4", "x5", "x6", "x7", "", "", "", "", "", "", "", "", "", "", 
"", "", "", "", "", "", "", "", "", "")), rank = 7L, fitted.values = structure(c(48.0205311363797, 
61.5636698924969, 75.1902928929738, 71.1313985631342, 68.0226543227181, 
69.2035106088031, 80.0731793966951, 58.7944985176214, 67.6985988789783, 
55.8130811139313, 64.3562218041365, 67.8974032794562, 78.2462505414983, 
74.8760059028486, 71.8963854978953, 61.7671474586373, 67.0185378565883, 
46.8743016494779, 68.0051115666976, 63.4000994184704, 56.383784400376, 
65.5781560538832, 71.3355744335293, 79.0436332730963, 52.759278379115, 
76.4871394910602, 63.5635536695015), .Names = c("1", "2", "3", 
"5", "7", "8", "9", "10", "11", "12", "13", "14", "15", "16", 
"17", "18", "19", "21", "22", "23", "24", "25", "26", "27", "28", 
"29", "30")), assign = 1:7, qr = structure(list(qr = structure(c(-5.19615242270663, 
0.192450089729875, 0.192450089729875, 0.192450089729875, 0.192450089729875, 
0.192450089729875, 0.192450089729875, 0.192450089729875, 0.192450089729875, 
0.192450089729875, 0.192450089729875, 0.192450089729875, 0.192450089729875, 
0.192450089729875, 0.192450089729875, 0.192450089729875, 0.192450089729875, 
0.192450089729875, 0.192450089729875, 0.192450089729875, 0.192450089729875, 
0.192450089729875, 0.192450089729875, 0.192450089729875, 0.192450089729875, 
0.192450089729875, 0.192450089729875, -353.145914654321, -72.4497271420877, 
0.0814540854761947, -0.443047544812554, 0.0124407130697805, 0.178072806845175, 
-0.0979806827804824, -0.042769984855351, -0.125586031743048, 
-0.042769984855351, 0.219480830289023, -0.249810102074594, -0.249810102074594, 
-0.0841780082991995, -0.0289673103740681, 0.178072806845175, 
-0.111783357261765, 0.122862108920043, -0.0703753338179167, -0.0289673103740681, 
0.219480830289023, -0.401639521368705, 0.288494202695438, -0.249810102074594, 
-0.153191380705614, 0.178072806845175, 0.178072806845175, -275.588528493181, 
4.11268578525632, -63.4038546036021, 0.0914367296100609, -0.1150445925711, 
0.0163399533014023, 0.354639925671653, -0.0694652745599043, 0.0541053936140253, 
-0.0379214510415409, 0.128045648565436, 0.523355807540191, 0.0659703665239206, 
0.0080919712862422, 0.230635153181136, 0.252918629689128, -0.0558638843836595, 
-0.253518963871037, 0.040069899121193, 0.0413722120709551, -0.108533027822289, 
-0.128067722068721, 0.272163375981009, 0.129058013560648, -0.088710020851785, 
0.347550100244219, -0.157151076049597, -297.527838722387, 4.71693620143693, 
-30.6817539160247, -52.5696269217622, 0.110185132608563, 0.0160984598299821, 
-0.00402956378139452, -0.0958965206990141, 0.0240315566529698, 
-0.269217376487292, -0.302813012813655, -0.547512410320816, 0.272647196273829, 
0.324433279463531, 0.122541556669416, 0.237983324415998, 0.0797970975095285, 
-0.206834611042631, 0.113859527284698, -0.112033508111826, 0.160108199949474, 
-0.0657505662231641, 0.00547885369722683, 0.268408523371845, 
-0.129705524504911, 0.0984685778006893, 0.208467525166461, -340.05930855269, 
7.25407225516309, -23.5746208972854, -23.8989935708768, -41.3656918016852, 
0.139944521581175, -0.0979645248422676, 0.0225903134875599, -0.233319031563212, 
0.0200388859526421, -0.122003726029375, -0.241791381151496, 0.114132608758176, 
-0.304594434228409, 0.123321078616712, -0.495213583915282, 0.223534660909704, 
-0.227527204314092, -0.0678851822853137, -0.0155419253302962, 
-0.329137510192052, 0.0783132394593437, 0.431314572598422, 0.0988523980341017, 
-0.232563027018559, 0.0472124254827291, 0.00871439327801576, 
-391.058582331106, 12.5706579812869, -6.10438555777962, 1.75772717870866, 
-18.0536026421554, 39.3557879716447, -0.00924903050528359, -0.0425251631767583, 
0.281753653274552, 0.135069794186922, 0.337257286514217, 0.265485931940007, 
0.137516813422279, 0.537607942518391, 0.071764048642516, -0.183505366325317, 
-0.108050206345179, 0.198057639121627, -0.0412553118811967, -0.0220526076891103, 
0.324967602358348, 0.208718348808217, 0.130210538810131, 0.127723740434708, 
-0.142912531744493, 0.142050478425255, -0.130666252544757, -224.589254714764, 
-15.2688252372947, -17.0427123878266, -23.5985355814123, -18.0424339253759, 
11.4366199914548, 36.1366713552558, -0.0335815524403351, 0.0905461548615482, 
-0.229871102603573, 0.258801357405114, -0.238300506904413, 0.0396845783843931, 
0.155236016715407, -0.357018312418149, -0.111565304818824, 0.0131078625279113, 
-0.0585951434917201, 0.149949778376328, 0.101871379614265, -0.176824009632795, 
-0.0551823989782097, -0.505206949007108, -0.0187036658808987, 
-0.0461659838174141, -0.0602219365160806, 0.353079093744307), .Dim = c(27L, 
7L), .Dimnames = list(c("1", "2", "3", "5", "7", "8", "9", "10", 
"11", "12", "13", "14", "15", "16", "17", "18", "19", "21", "22", 
"23", "24", "25", "26", "27", "28", "29", "30"), c("x1", "x2", 
"x3", "x4", "x5", "x6", "x7")), assign = 1:7), qraux = c(1.19245008972988, 
1.21948083028902, 1.29719563475056, 1.12628472297894, 1.0512531827022, 
1.27621177143034, 1.43783470950555), pivot = 1:7, tol = 1e-07, 
    rank = 7L), .Names = c("qr", "qraux", "pivot", "tol", "rank"
), class = "qr"), df.residual = 20L, xlevels = structure(list(), .Names = character(0)), 
    call = quote(lm(formula = y ~ . + 0, data = structure(list(y = c(43, 
        63, 71, 81, 58, 71, 72, 67, 64, 67, 69, 68, 77, 81, 74, 
        65, 65, 50, 64, 53, 40, 63, 66, 78, 48, 85, 82), x1 = c(1, 
        1, 1, 1, 1, 1, 1, 1, 1, 1, 1, 1, 1, 1, 1, 1, 1, 1, 1, 
        1, 1, 1, 1, 1, 1, 1, 1), x2 = c(75, 85, 75, 37, 70, 82, 
        62, 66, 60, 66, 85, 51, 51, 63, 67, 82, 61, 78, 64, 67, 
        85, 40, 90, 51, 58, 82, 82), x3 = c(30, 51, 68, 56, 42, 
        50, 72, 45, 53, 47, 57, 83, 54, 50, 64, 65, 46, 33, 52, 
        52, 42, 42, 66, 58, 44, 71, 39), x4 = c(39, 54, 69, 66, 
        56, 55, 67, 47, 58, 39, 42, 45, 72, 72, 69, 75, 57, 34, 
        62, 50, 58, 48, 63, 74, 45, 71, 59), x5 = c(61, 63, 76, 
        71, 66, 70, 71, 62, 58, 59, 55, 59, 79, 60, 79, 55, 75, 
        43, 66, 63, 50, 66, 88, 80, 51, 77, 64), x6 = c(92, 73, 
        86, 83, 68, 66, 83, 80, 67, 74, 63, 77, 77, 54, 79, 80, 
        85, 64, 80, 80, 57, 75, 76, 78, 83, 74, 78), x7 = c(45, 
        47, 48, 47, 35, 41, 31, 41, 34, 41, 25, 35, 46, 36, 63, 
        60, 46, 33, 41, 37, 49, 33, 72, 49, 38, 55, 39)), .Names = c("y", 
        "x1", "x2", "x3", "x4", "x5", "x6", "x7"),