
expected <- structure(list(coefficients = structure(c(15.0031808064375, 0.667067287797126, 
-0.116235659030616, 0.284488947579013, 0.127526749232303, -0.0363722251252144, 
-0.230048286121429), .Names = c("x1", "x2", "x3", "x4", "x5", 
"x6", "x7")), residuals = structure(c(-8.22153693669342, 0.430451493048681, 
1.61822593033306, -1.03945010502514, 6.29340092286664, -11.5597560812788, 
-1.2900124396823, -7.88045368573124, 7.7459269471957, 10.5765128788788, 
8.48971914521564, -1.94132991505131, 0.280012078901609, -4.95251327513531, 
-2.45723195249485, 6.32659936532776, -4.47598884753153, -5.56842389527324, 
6.36746246815495, -0.309031403960828, -4.07928076887948, 4.44965867282329, 
-2.62231706583254, 2.45440167746364, -8.40246236067813, 6.62015137305119, 
3.14726577998723), .Names = c("1", "2", "3", "4", "5", "6", "8", 
"9", "10", "12", "13", "14", "15", "16", "17", "18", "19", "20", 
"21", "22", "24", "25", "26", "27", "28", "29", "30")), effects = structure(c(-339.4819582835, 
54.8283956586102, 5.80475161533608, 9.31821960428338, 0.160620560741982, 
3.48949321155298, -8.53875689288448, -9.44062818952087, 12.0838825665313, 
12.6649044279708, 9.57372875604664, -1.38287204349972, 3.96289545579356, 
-7.11270132835742, -1.3411098603407, 4.29577680711364, -3.31101267613868, 
-7.86204955019845, 6.02064092323156, -1.76215229774828, -5.13301863039451, 
6.89751298595291, 0.395858051395834, 3.60010307709254, -9.57152464209171, 
4.74198319300562, 1.81082299229386), .Names = c("x1", "x2", "x3", 
"x4", "x5", "x6", "x7", "", "", "", "", "", "", "", "", "", "", 
"", "", "", "", "", "", "", "", "", "")), rank = 7L, fitted.values = structure(c(51.2215369366934, 
62.5695485069513, 69.3817740696669, 62.0394501050251, 74.7065990771334, 
54.5597560812788, 72.2900124396823, 79.8804536857312, 59.2540730528043, 
56.4234871211212, 60.5102808547844, 69.9413299150513, 76.7199879210984, 
85.9525132751353, 76.4572319524949, 58.6734006346722, 69.4759888475315, 
55.5684238952732, 43.6325375318451, 64.3090314039608, 44.0792807688795, 
58.5503413271767, 68.6223170658325, 75.5455983225364, 56.4024623606781, 
78.3798486269488, 78.8527342200128), .Names = c("1", "2", "3", 
"4", "5", "6", "8", "9", "10", "12", "13", "14", "15", "16", 
"17", "18", "19", "20", "21", "22", "24", "25", "26", "27", "28", 
"29", "30")), assign = 1:7, qr = structure(list(qr = structure(c(-5.19615242270663, 
0.192450089729875, 0.192450089729875, 0.192450089729875, 0.192450089729875, 
0.192450089729875, 0.192450089729875, 0.192450089729875, 0.192450089729875, 
0.192450089729875, 0.192450089729875, 0.192450089729875, 0.192450089729875, 
0.192450089729875, 0.192450089729875, 0.192450089729875, 0.192450089729875, 
0.192450089729875, 0.192450089729875, 0.192450089729875, 0.192450089729875, 
0.192450089729875, 0.192450089729875, 0.192450089729875, 0.192450089729875, 
0.192450089729875, 0.192450089729875, -348.719562590534, 70.3467601717852, 
-0.0780287364412797, 0.0214783337195374, -0.191751102339356, 
0.135200699617614, -0.149105215127578, -0.248612285288395, 0.0499089251940565, 
0.0641242209313161, 0.035693629456797, -0.262827581025654, -0.177535806602097, 
-0.362334651186471, -0.291258172500173, 0.0641242209313161, -0.0780287364412797, 
0.0925548124058353, 0.348430135676508, 0.0499089251940565, 0.391076022888286, 
0.149415995354874, -0.177535806602097, -0.149105215127578, 0.106770108143095, 
-0.291258172500173, -0.248612285288395, -278.475279839129, 37.4320326308127, 
-53.0034098114856, -0.075706467318834, -0.012820834695724, 0.0769060743699957, 
-0.0970914619501152, 0.250473687390347, -0.0564200426149869, 
-0.0090434088263427, 0.160337273653413, 0.448364292940387, -0.040911043780521, 
-0.241739647228969, 0.0706103645876936, 0.330557384104143, -0.124342243063939, 
0.406443940963071, -0.0803131118449159, 0.0756469324135353, 0.118416921676098, 
-0.0455176883066029, 0.185489484839803, 0.0538422237967673, -0.0367139039256529, 
0.202677339616216, -0.372127766315544, -293.87128701752, 38.6703428372584, 
-11.1993092197911, 48.2684858320112, -0.107781713378168, 0.123670080364893, 
0.0546436939298392, 0.0157286801850715, 0.0785726316673404, 0.250959607742599, 
0.275155952383693, 0.557391283462209, -0.253908605931057, -0.183741834899432, 
-0.0598830973881054, -0.366755652799726, -0.0531978074521516, 
0.0744881674426076, 0.103155243763194, -0.182367420860423, -0.35276932207614, 
-0.0166088494611066, 0.0179571101637227, -0.282048775483992, 
0.0825405083636648, -0.0514962842411523, -0.0534055120873466, 
-337.172557206741, 36.836569687152, -5.16778260521913, 16.2281513297429, 
37.9166840284646, 0.0835594819560166, -0.0630539048863254, 0.132268331220139, 
-0.0533339485690291, -0.0782152081012886, 0.0894348825868988, 
0.194679742628102, -0.0710853329627902, 0.515030941716979, -0.042145077543721, 
0.494384023059033, -0.208951813517518, -0.0141880208886574, 0.128431879702814, 
0.0352417991869256, 0.231231700849824, -0.197927926993655, -0.406850176221955, 
-0.0819328808918057, 0.183295735263701, 0.0432338267840593, 0.180789086275012, 
-357.379816628378, 26.521003413814, -7.27916358098472, 13.4919383507212, 
-9.0771600453211, -61.0728220013155, -0.296081549657369, -0.273242567694455, 
0.306241007081944, 0.0603669240568718, 0.0691831490543272, 0.200531150656554, 
0.119550344145871, -0.118512255656747, -0.04647196233547, 0.181941331779649, 
-0.272936662692636, -0.281358353605483, -0.0361535684755448, 
-0.314560092201923, 0.0230950253278084, -0.0888961839665394, 
-0.0717644270672006, -0.156608905660284, -0.109846773503727, 
-0.323649613079945, -0.313988187268947, -227.476006060713, 10.7846710326676, 
-14.0153888247995, 26.0485431054199, 21.7559864849447, -5.51248958238104, 
37.1172375888833, 0.395293832381668, 0.022238016606814, -0.0983565892776475, 
0.282074472361945, -0.114337936878835, 0.223488147102975, 0.0506300189738366, 
-0.352900870986967, -0.304447679664015, 0.0767175906007631, -0.147863289845987, 
0.0320522961080442, 0.221260310762887, -0.0143768108370703, 0.375828636593751, 
-0.42893368136095, 0.194555278006229, -0.0533312530579419, -0.152843118325363, 
-0.0186466231148056), .Dim = c(27L, 7L), .Dimnames = list(c("1", 
"2", "3", "4", "5", "6", "8", "9", "10", "12", "13", "14", "15", 
"16", "17", "18", "19", "20", "21", "22", "24", "25", "26", "27", 
"28", "29", "30"), c("x1", "x2", "x3", "x4", "x5", "x6", "x7"
)), assign = 1:7), qraux = c(1.19245008972988, 1.00726303798228, 
1.29072539273999, 1.09374745055647, 1.07450307990198, 1.35244754944397, 
1.06018331381152), pivot = 1:7, tol = 1e-07, rank = 7L), .Names = c("qr", 
"qraux", "pivot", "tol", "rank"), class = "qr"), df.residual = 20L, 
    xlevels = structure(list(), .Names = character(0)), call = quote(lm(formula = y ~ 
        . + 0, data = structure(list(y = c(43, 63, 71, 61, 81, 
        43, 71, 72, 67, 67, 69, 68, 77, 81, 74, 65, 65, 50, 50, 
        64, 40, 63, 66, 78, 48, 85, 82), x1 = c(1, 1, 1, 1, 1, 
        1, 1, 1, 1, 1, 1, 1, 1, 1, 1, 1, 1, 1, 1, 1, 1, 1, 1, 
        1, 1, 1, 1), x2 = c(51, 64, 70, 63, 78, 55, 75, 82, 61, 
        60, 62, 83, 77, 90, 85, 60, 70, 58, 40, 61, 37, 54, 77, 
        75, 57, 85, 82), x3 = c(30, 51, 68, 45, 56, 49, 50, 72, 
        45, 47, 57, 83, 54, 50, 64, 65, 46, 68, 33, 52, 42, 42, 
        66, 58, 44, 71, 39), x4 = c(39, 54, 69, 47, 66, 44, 55, 
        67, 47, 39, 42, 45, 72, 72, 69, 75, 57, 54, 34, 62, 58, 
        48, 63, 74, 45, 71, 59), x5 = c(61, 63, 76, 54, 71, 54, 
        70, 71, 62, 59, 55, 59, 79, 60, 79, 55, 75, 64, 43, 66, 
        50, 66, 88, 80, 51, 77, 64), x6 = c(78, 49, 74, 54, 78, 
        83, 57, 67, 84, 64, 67, 84, 92, 86, 83, 92, 57, 49, 49, 
        54, 64, 57, 73, 75, 57, 67, 63), x7 = c(45, 47, 48, 35, 
        47, 34, 41, 31, 41, 41, 25, 35, 46, 36, 63, 60, 46, 52, 
        33, 41, 49, 33, 72, 49, 38, 55, 39)), .Names = c("y", 
        "x1", "x2", "x3", "x4", "x5", "x6", "x7"),