
expected <- structure(list(coefficients = structure(c(13.0165979409565, -0.0278709369948628, 
0.0709942782990147, 0.513192439868841, 0.581251415468941, 0.0480711018685303, 
-0.484972403955364), .Names = c("x1", "x2", "x3", "x4", "x5", 
"x6", "x7")), residuals = structure(c(-8.71102038460792, 3.46203763643684, 
-5.13897201411079, 3.72213060563325, 9.14913213620213, -11.9083658374977, 
-9.02549882717935, 4.37774285593196, -9.20378534574704, 8.17423811308802, 
-1.26074229742334, 14.9503561689149, 6.81542478968174, -2.60672012591373, 
9.75733142047092, 3.45491588519136, -4.03812027362826, -9.55967405460412, 
6.82590302209864, -4.70458254403162, -9.60305395004584, -12.046625897372, 
-2.33021583021023, -1.84064899136509, -4.65503830623998, 10.5382629769828, 
15.4055890693445), .Names = c("1", "2", "3", "4", "5", "6", "7", 
"8", "9", "10", "11", "12", "14", "15", "16", "17", "19", "20", 
"21", "22", "23", "24", "26", "27", "28", "29", "30")), effects = structure(c(-335.248056309443, 
-0.550519147300101, -28.2773955036165, 36.0448253978332, 9.64584714418125, 
4.82359845485838, -16.5941317495185, 9.71255611882378, -5.54734360924883, 
10.54851967419, -0.847731918579543, 16.2695449526748, 8.41760590620897, 
2.7918571843553, 8.26447523417416, 5.93517276984414, 0.274674137356742, 
-10.0711235470955, 5.52233151281798, -5.53791578131907, -9.00035723326788, 
-16.916664281116, 5.3294983254606, 2.18807720941434, -8.56910645907832, 
13.4446163926212, 16.8143740680113), .Names = c("x1", "x2", "x3", 
"x4", "x5", "x6", "x7", "", "", "", "", "", "", "", "", "", "", 
"", "", "", "", "", "", "", "", "", "")), rank = 7L, fitted.values = structure(c(51.7110203846079, 
59.5379623635632, 76.1389720141108, 57.2778693943668, 71.8508678637979, 
54.9083658374977, 67.0254988271793, 66.622257144068, 81.203785345747, 
58.825761886912, 65.2607422974233, 52.0496438310851, 61.1845752103183, 
79.6067201259137, 71.2426685795291, 70.5450841148086, 69.0381202736283, 
59.5596740546041, 43.1740969779014, 68.7045825440316, 62.6030539500458, 
52.046625897372, 68.3302158302102, 79.8406489913651, 52.65503830624, 
74.4617370230172, 66.5944109306555), .Names = c("1", "2", "3", 
"4", "5", "6", "7", "8", "9", "10", "11", "12", "14", "15", "16", 
"17", "19", "20", "21", "22", "23", "24", "26", "27", "28", "29", 
"30")), assign = 1:7, qr = structure(list(qr = structure(c(-5.19615242270663, 
0.192450089729875, 0.192450089729875, 0.192450089729875, 0.192450089729875, 
0.192450089729875, 0.192450089729875, 0.192450089729875, 0.192450089729875, 
0.192450089729875, 0.192450089729875, 0.192450089729875, 0.192450089729875, 
0.192450089729875, 0.192450089729875, 0.192450089729875, 0.192450089729875, 
0.192450089729875, 0.192450089729875, 0.192450089729875, 0.192450089729875, 
0.192450089729875, 0.192450089729875, 0.192450089729875, 0.192450089729875, 
0.192450089729875, 0.192450089729875, -336.787657027282, -55.5704424498678, 
0.250683505498361, -0.16320558708443, -0.181200765022812, -0.217191120899576, 
0.394644929005419, 0.250683505498361, -0.145210409146047, -0.16320558708443, 
-0.0192441635773719, 0.340659395190272, 0.052736548176157, -0.16320558708443, 
0.340659395190272, -0.109220053269283, 0.0707317261145392, -0.0192441635773719, 
-0.0372393415157541, 0.250683505498361, 0.340659395190272, -0.00124898563898966, 
-0.109220053269283, -0.00124898563898966, 0.0167461922993926, 
-0.0552345194541363, -0.16320558708443, -275.203628313722, 1.62289845481339, 
-63.7050167849309, -0.0665768865595203, 0.106121107938424, -0.00370607799874517, 
-0.114510125396707, 0.0112857618059988, 0.357224451613439, -0.0665768865595203, 
0.0587848399939441, -0.0359419659761709, 0.529596825624453, 0.0746992711783253, 
0.011150086603111, 0.231591374654199, -0.051232291227268, 0.294245102890353, 
-0.255135042160691, 0.0426804635255201, 0.0425447883226323, -0.113913154504, 
0.26298607637372, 0.13724445925217, -0.0825455878250566, 0.34139142555079, 
-0.160760991718084, -293.67883692779, -0.0826445209021687, -28.2026868974749, 
50.7478311101756, -0.173467963605892, 0.187176640348658, -0.118808840337205, 
-0.016778835210636, -0.0268491367565972, 0.0868054129427873, 
-0.0461393175671907, 0.267819872921617, 0.521910216811468, -0.31237383554999, 
-0.351303342285758, -0.149142632022318, -0.098654251734539, 0.188436189029174, 
0.219021723235848, -0.13394851079564, 0.102979975598848, -0.16026617811929, 
-0.0101437243278416, -0.309412557323998, 0.116762694783746, -0.115588687488828, 
-0.211959656319343, -339.28950819377, 2.85256894726947, -28.3912783928087, 
29.8609267187098, 35.0678320794511, 0.129793233309108, -0.0611746596470606, 
-0.152102704981265, 0.180065726424507, -0.0576079043918214, 0.290108510485935, 
-0.180781893373113, 0.0958486300230456, -0.00773468254927565, 
0.465694455758298, -0.0393756269993518, -0.248777522870985, 0.0903836352771067, 
0.167207712892655, 0.109863125365004, -0.0560009185855156, 0.478207983972434, 
-0.409934560496668, 0.000349007955178259, 0.192853737436566, 
0.0763276053806995, 0.106262650964848, -389.711431702997, 9.15954557063649, 
-7.67812351887373, -1.7889774857661, 24.7035672469442, 43.7685100157576, 
0.0941093932564756, 0.274336797650895, -0.0502727179413965, 0.00696253173437055, 
0.132155880687103, 0.109051538986627, 0.214446694200325, 0.0393750578538969, 
0.196785098762438, 0.0707735436703758, -0.103573585279596, 0.0841006617447272, 
0.196942947846857, -0.170848411252658, -0.0832134022307328, 0.19699467994124, 
0.33760135122989, -0.00712242378386708, -0.220829907561719, 0.16056565483182, 
-0.0974659333705624, -225.166604983954, 8.80564040451504, -15.6509286622313, 
14.9890707427229, 24.5888374056194, -5.60773753120066, 34.2166515335288, 
0.181306295562093, 0.441749866925074, 0.0526400934161754, 0.135603666975465, 
-0.0162170961874189, 0.111228972954921, 0.188361163023004, 0.0751108829248646, 
-0.318137862092039, 0.133712411925839, -0.282060993200643, -0.0567828430805054, 
0.0620091564255019, 0.143040188220329, -0.449581622868026, -0.374273814225183, 
0.100495366419843, -0.0990181524488045, -0.139668019675656, 0.129922246472067
), .Dim = c(27L, 7L), .Dimnames = list(c("1", "2", "3", "4", 
"5", "6", "7", "8", "9", "10", "11", "12", "14", "15", "16", 
"17", "19", "20", "21", "22", "23", "24", "26", "27", "28", "29", 
"30"), c("x1", "x2", "x3", "x4", "x5", "x6", "x7")), assign = 1:7), 
    qraux = c(1.19245008972988, 1.25068350549836, 1.29383807728169, 
    1.08680541294279, 1.10842864127119, 1.68051361610184, 1.26906296675091
    ), pivot = 1:7, tol = 1e-07, rank = 7L), .Names = c("qr", 
"qraux", "pivot", "tol", "rank"), class = "qr"), df.residual = 20L, 
    xlevels = structure(list(), .Names = character(0)), call = quote(lm(formula = y ~ 
        . + 0, data = structure(list(y = c(43, 63, 71, 61, 81, 
        43, 58, 71, 72, 67, 64, 67, 68, 77, 81, 74, 65, 50, 50, 
        64, 53, 40, 66, 78, 48, 85, 82), x1 = c(1, 1, 1, 1, 1, 
        1, 1, 1, 1, 1, 1, 1, 1, 1, 1, 1, 1, 1, 1, 1, 1, 1, 1, 
        1, 1, 1, 1), x2 = c(54, 77, 77, 54, 53, 51, 85, 77, 55, 
        54, 62, 82, 66, 54, 82, 57, 67, 62, 61, 77, 82, 63, 57, 
        63, 64, 60, 54), x3 = c(30, 51, 68, 45, 56, 49, 42, 50, 
        72, 45, 53, 47, 83, 54, 50, 64, 46, 68, 33, 52, 52, 42, 
        66, 58, 44, 71, 39), x4 = c(39, 54, 69, 47, 66, 44, 56, 
        55, 67, 47, 58, 39, 45, 72, 72, 69, 57, 54, 34, 62, 50, 
        58, 63, 74, 45, 71, 59), x5 = c(61, 63, 76, 54, 71, 54, 
        66, 70, 71, 62, 58, 59, 59, 79, 60, 79, 75, 64, 43, 66, 
        63, 50, 88, 80, 51, 77, 64), x6 = c(92, 73, 86, 84, 83, 
        49, 68, 66, 83, 80, 67, 74, 77, 77, 54, 79, 85, 78, 64, 
        80, 80, 57, 76, 78, 83, 74, 78), x7 = c(45, 47, 48, 35, 
        47, 34, 35, 41, 31, 41, 34, 41, 35, 46, 36, 63, 46, 52, 
        33, 41, 37, 49, 72, 49, 38, 55, 39)), .Names = c("y", 
        "x1", "x2", "x3", "x4", "x5", "x6", "x7"),