
expected <- structure(list(coefficients = structure(c(-0.593368683827076, 
0.560392016487057, -0.0015672936649699, 0.499000859966159, 0.155227267618771, 
0.110167636468686, -0.424558189116581), .Names = c("x1", "x2", 
"x3", "x4", "x5", "x6", "x7")), residuals = structure(c(-4.71931489748389, 
2.48830003668837, -2.49403582197615, -0.247433708479645, 6.33372047669397, 
-7.94858711910867, -10.1959017275858, 1.44822659281695, 8.76690152435083, 
4.40238969581986, 8.9962224472326, -2.52142757766763, -4.18597416391499, 
-0.588391918724603, 1.81247413061377, -3.11545348714693, -5.87201520771861, 
11.4349535853508, -2.26392036037116, -10.2279240661448, -2.12645436436013, 
5.08140378543961, 1.00290195315378, 0.41547328956095, -6.75050514239599, 
6.94864852850326, 4.81839190057125), .Names = c("1", "2", "3", 
"4", "5", "6", "7", "8", "10", "11", "13", "14", "16", "17", 
"18", "19", "20", "21", "22", "23", "24", "25", "26", "27", "28", 
"29", "30")), effects = structure(c(-277.247555197198, -188.959003475274, 
-3.95227553610624, 17.4766988086264, 1.60573617923678, 5.35710485016878, 
-14.5913201465257, 4.16337916557673, 9.2377859307617, 6.86560568831229, 
12.2503079841474, -2.40198696070267, -5.59550579927499, -1.19707942365876, 
-4.95855139906871, -0.599283118454271, -6.03106441175421, 10.4951196566198, 
-0.688346850941433, -8.60096592016479, -3.66396980284664, 9.92701207410447, 
3.12308533481271, 3.95913629700024, -9.34915852557096, 7.91738080919514, 
3.20178302905435), .Names = c("x1", "x2", "x3", "x4", "x5", "x6", 
"x7", "", "", "", "", "", "", "", "", "", "", "", "", "", "", 
"", "", "", "", "", "")), rank = 7L, fitted.values = structure(c(47.7193148974839, 
60.5116999633116, 73.4940358219761, 61.2474337084796, 74.666279523306, 
50.9485871191087, 68.1959017275858, 69.551773407183, 58.2330984756492, 
59.5976103041801, 60.0037775527674, 70.5214275776676, 85.185974163915, 
74.5883919187246, 63.1875258693862, 68.1154534871469, 55.8720152077186, 
38.5650464146492, 66.2639203603712, 63.2279240661448, 42.1264543643601, 
57.9185962145604, 64.9970980468462, 77.5845267104391, 54.750505142396, 
78.0513514714967, 77.1816080994288), .Names = c("1", "2", "3", 
"4", "5", "6", "7", "8", "10", "11", "13", "14", "16", "17", 
"18", "19", "20", "21", "22", "23", "24", "25", "26", "27", "28", 
"29", "30")), assign = 1:7, qr = structure(list(qr = structure(c(-8.3491005274587, 
0.0175257015654944, 0.19191895560963, 0.0437199606640406, 0.424174567336582, 
0.221578813346575, 0.0212849227353047, 0.115943972596895, 0.073462964471009, 
0.184006293216048, 0.0955439808295889, 0.221603207013099, 0.217516664074612, 
0.321898066465271, -0.0733524885400049, 0.193690005696536, -0.0159893679386465, 
0.0968943497720224, 0.0864076157735384, 0.304913126128032, 0.14570596913179, 
0.146533283665095, 0.192012943720958, 0.300345669814806, 0.10197844105014, 
0.333856639999892, 0.0242859572261895, -290.456930903226, -193.880817231305, 
0.0687096138002432, 0.258346287361817, -0.243806910648002, -0.0538363236706362, 
0.313151267814047, 0.210226115292111, 0.202725201182992, -0.00692030555899729, 
0.174248516643444, 0.0905451387801847, 0.132874543272878, -0.0519115016452208, 
0.421201267611313, 0.0660118951041304, 0.323508358610595, 0.058719820001803, 
0.183007504833431, -0.124037860146098, -0.0311049836013524, 0.0553175584693735, 
0.104671103090458, -0.070660297722044, 0.138658307050846, -0.0701271736026018, 
0.385947116201549, -228.380455332163, -152.574732706266, -57.361298467569, 
-0.0757349192211433, -0.0251833817644669, 0.134759116624931, 
-0.186986355303988, -0.1414402064575, -0.0430751089653481, 0.225582281010609, 
0.156146605202329, 0.341830562372726, -0.330589331932519, 0.000287647217184482, 
0.294131467758635, -0.128941695730086, 0.383838646586833, 0.0410021175912357, 
0.0811832947252671, 0.0498705516677446, 0.247613439428019, 0.0136007402415585, 
0.123020473717651, 0.0297212908899849, -0.000512006150527046, 
0.124376565589258, -0.44537787572956, -241.737285014188, -163.671324286006, 
-20.5333605505301, 49.7007418952329, -0.0716894701323313, 0.0883355137738425, 
-0.0861265501258781, 0.080508333023104, 0.0592160083717976, -0.176184565560188, 
0.275130776303169, 0.649236551432047, -0.116279329872819, 0.0134237281361869, 
-0.330266451577517, -0.048666874439004, 0.096252590863644, 0.00356465966778542, 
-0.181156085456667, 0.100315606202174, -0.431776148577114, -0.0607494000789355, 
0.07783684269869, -0.239278722464523, 0.0493332069963113, 0.0346619688464751, 
-0.0233288082149078, -280.110851178696, -180.620560373269, -17.2245498361724, 
23.8563668499782, 41.7649717592752, 0.0423623087172552, -0.0894803991116547, 
-0.0520159481760231, -0.134802164888999, 0.0957933914704956, 
0.018770726158079, 0.29520658824201, 0.603887138439376, 0.146582617683447, 
0.3539457179438, -0.166742064909052, -0.113090900870984, -0.0713469462247046, 
-0.0163432199113396, 0.0615066085436834, 0.08274912566171, -0.258164022556681, 
-0.284995206371177, 0.0617316483820122, 0.0751578592885878, 0.242640048429825, 
0.140178828997442, -308.689667372115, -223.152281032227, -26.7935632385664, 
22.8247427679313, 47.3066756295874, 60.6956609259929, 0.152563098088028, 
0.314836302719982, -0.0810618408661396, -0.0323418136223068, 
0.155794672115829, 0.152914144106227, 0.272157057420239, 0.235004846922206, 
-0.287977961980133, 0.0263594605787823, 0.0362184098040535, -0.216582096332076, 
-0.0819076201798248, -0.0720888031819727, -0.118848110954179, 
0.0105379252709579, 0.478944212365391, 0.171848239207358, -0.340194989939693, 
0.29473290415431, -0.0135671892548076, -184.487601967614, -126.589611562809, 
-27.8630601923262, 31.8960300151326, 23.7635056184552, 3.13170889653365, 
34.3682456741378, 0.0997523111863342, 0.0183729993315994, 0.311179742230667, 
0.280686809037068, -0.0518640547187646, 0.146216163306247, -0.316757205867333, 
-0.259338422676512, 0.110170403074714, -0.140973022358154, -0.0776319178936742, 
0.259654326010114, 0.109552425806392, -0.14575799867548, 0.350202434693318, 
-0.436664868429442, 0.238180823882157, -0.0547196173255321, -0.0983391663581607, 
0.0983681857536699), .Dim = c(27L, 7L), .Dimnames = list(c("1", 
"2", "3", "4", "5", "6", "7", "8", "10", "11", "13", "14", "16", 
"17", "18", "19", "20", "21", "22", "23", "24", "25", "26", "27", 
"28", "29", "30"), c("x1", "x2", "x3", "x4", "x5", "x6", "x7"
)), assign = 1:7), qraux = c(1.15620614346993, 1.30340400714176, 
1.25428775552144, 1.08055153112536, 1.26223442129497, 1.27081966382664, 
1.302223580883), pivot = 1:7, tol = 1e-07, rank = 7L), .Names = c("qr", 
"qraux", "pivot", "tol", "rank"), class = "qr"), df.residual = 20L, 
    xlevels = structure(list(), .Names = character(0)), call = quote(lm(formula = y ~ 
        . + 0, data = structure(list(y = c(43, 63, 71, 61, 81, 
        43, 58, 71, 67, 64, 69, 68, 81, 74, 65, 65, 50, 50, 64, 
        53, 40, 63, 66, 78, 48, 85, 82), x1 = c(1.30418079483706, 
        0.146323844184553, 1.60235065350968, 0.365022346640615, 
        3.54147610388442, 1.84998378738556, 0.17770995963625, 
        0.968027882764394, 0.613349675413581, 1.53628703974583, 
        0.797706300739824, 1.8501874525596, 1.8160684947564, 
        2.68755931651313, -0.612427300759763, 1.61713732872443, 
        -0.133496840290285, 0.80898066678936, 0.721425870431298, 
        2.54575034218463, 1.21651378373211, 1.2234211159385, 
        1.60313536969955, 2.50761619027073, 0.851428255961143, 
        2.78740264911869, 0.202765898287018), x2 = c(51, 64, 
        70, 63, 78, 55, 67, 75, 61, 53, 62, 83, 90, 85, 60, 70, 
        58, 40, 61, 66, 37, 54, 77, 75, 57, 85, 82), x3 = c(30, 
        51, 68, 45, 56, 49, 42, 50, 45, 53, 57, 83, 50, 64, 65, 
        46, 68, 33, 52, 52, 42, 42, 66, 58, 44, 71, 39), x4 = c(39, 
        54, 69, 47, 66, 44, 56, 55, 47, 58, 42, 45, 72, 69, 75, 
        57, 54, 34, 62, 50, 58, 48, 63, 74, 45, 71, 59),