
expected <- structure(list(coefficients = structure(c(-1.04483643006247, 
0.601072534160778, -0.0803723840733693, 0.305280588232866, 0.174916358464071, 
0.122157219955067, -0.174307527728326), .Names = c("x1", "x2", 
"x3", "x4", "x5", "x6", "x7")), residuals = structure(c(-8.68305456580678, 
0.0572813127792716, -0.0333606202078964, 0.862304999358797, 3.079248389268, 
-9.41455456651475, -7.81343491375199, -6.75856926933532, 4.98425168511863, 
5.79419286482243, 12.1629652152302, 10.806924348236, -2.00326803941144, 
-0.141487002433973, -1.77604981944473, -4.38639870209544, 3.76597600177556, 
-5.83589829235394, 10.4427369696324, -0.462610483781328, -12.7419124458276, 
-2.5474545768924, 6.2311901802317, 1.79447040177511, -7.25003238442154, 
6.7989040182622, 5.65790089011021), .Names = c("1", "2", "3", 
"4", "5", "6", "7", "9", "10", "11", "12", "13", "14", "15", 
"16", "17", "18", "20", "21", "22", "23", "24", "25", "27", "28", 
"29", "30")), effects = structure(c(-231.777276150578, -246.494706509729, 
-2.75928350191742, 15.601898521675, -9.14552666573109, 4.32083808740268, 
-5.96274421094272, -2.01324646390366, 1.8615166488984, 5.43389074800656, 
12.7901568523879, 11.9061370401671, -2.3705570341854, 5.05038633390949, 
1.85443146703731, -2.42527046889136, 2.17738750294757, -5.49717776148897, 
10.4243839843392, 0.791289793293556, -14.4752767147691, -2.16484015976735, 
9.45033983867995, 6.42932345563011, -8.43133469518209, 10.7688011176694, 
8.41107396659293), .Names = c("x1", "x2", "x3", "x4", "x5", "x6", 
"x7", "", "", "", "", "", "", "", "", "", "", "", "", "", "", 
"", "", "", "", "", "")), rank = 7L, fitted.values = structure(c(51.6830545658068, 
62.9427186872207, 71.0333606202079, 60.1376950006412, 77.920751610732, 
52.4145545665148, 65.813434913752, 78.7585692693353, 62.0157483148814, 
58.2058071351776, 54.8370347847698, 58.193075651764, 70.0032680394114, 
77.141487002434, 82.7760498194447, 78.3863987020954, 61.2340239982244, 
55.8358982923539, 39.5572630303676, 64.4626104837813, 65.7419124458276, 
42.5474545768924, 56.7688098197683, 76.2055295982249, 55.2500323844215, 
78.2010959817378, 76.3420991098898), .Names = c("1", "2", "3", 
"4", "5", "6", "7", "9", "10", "11", "12", "13", "14", "15", 
"16", "17", "18", "20", "21", "22", "23", "24", "25", "27", "28", 
"29", "30")), assign = 1:7, qr = structure(list(qr = structure(c(-7.5524465600237, 
-0.0434874396947084, 0.262722004557473, 0.261970941435756, -0.129737989654386, 
-0.0452074147188258, 0.244441439728084, 0.29792452099752, -0.145494843370834, 
-0.0632611794762042, 0.198813175506844, 0.0345449494567411, 0.0732319455286132, 
0.251872482756831, 0.0124776202815711, 0.141011671873545, 0.18206562801954, 
0.216074209397242, 0.22813210889949, 0.142096703211301, -0.0815516769605469, 
0.15087606357477, 0.243447029650302, 0.226151636887109, 0.208899534063883, 
0.225550080905888, 0.221490450164475, -237.892541689163, -255.266798876528, 
0.0490983221111334, 0.0223196133545567, 0.416734189484717, 0.254198748403433, 
0.0530103951700014, 0.0659431811318245, 0.363639134346054, 0.261833948029667, 
0.0646866329037118, 0.213281818166135, 0.262398081052733, 0.0858174875253348, 
0.341880308759605, 0.212153067419008, 0.0790374842645075, 0.0420608389955271, 
-0.0387859453166954, 0.117204034475437, 0.32843405064121, 0.0156617870774648, 
0.00293538927130901, 0.100022553067628, 0.0442912960931446, 0.139712720961056, 
0.131438979263289, -190.761887065265, -201.221506497084, -56.4252405076239, 
-0.0582258243467583, -0.111188756845564, 0.0946898210705737, 
-0.169048884065989, 0.158015435136446, -0.0698799191571174, 0.191799446795445, 
0.0130395629053801, 0.146313564789353, 0.317122866501178, -0.0955315708187382, 
-0.371543969097455, -0.0409889853461114, 0.330416901204726, 0.414867444901747, 
0.0475275482458409, 0.0821486344308546, -0.00954107312978639, 
0.241479720033723, 0.0126934579115741, 0.000832369424118648, 
0.00281570640067188, 0.0912910127577522, -0.434263044145567, 
-207.920049894407, -207.219940451667, -17.9471158724001, 50.7449520935562, 
-0.109452045116651, 0.0550387621844857, -0.0578782123415501, 
0.117631372222706, 0.00603364895114712, -0.213756431919025, 0.236166015761753, 
0.242058540044356, 0.602012320065956, -0.178696283294042, -0.125203065763961, 
0.0162984835025385, -0.338090662816703, 0.085303891564528, 0.0312606401005065, 
-0.179616316774869, 0.063597884892073, -0.417766850567373, -0.0313837896105414, 
-0.212510567249562, 0.0665998138769334, 0.047216875422552, 0.00656232634041778, 
-235.411619140115, -229.34957400361, -15.1238788278836, 22.6223354618643, 
-37.8105898610767, 0.119980534729035, -0.00434699209159176, -0.279435135184361, 
0.282557252361577, 0.0394410282077345, 0.152378533187372, 0.0461272318696465, 
-0.184065153293549, -0.0318153347656025, -0.540899300511634, 
-0.0334974888709202, -0.516805086875519, 0.0328587125761721, 
0.0267150746464394, 0.00303204345541638, 0.165172064171601, -0.092357071421781, 
0.252995270123214, -0.00849336373932733, -0.11662644793399, -0.173064009808675, 
-0.242998070816257, -283.823169987674, -257.885416321605, -25.4188464513689, 
12.8146093753958, -47.0368140083077, 55.6841663883548, 0.22787467665468, 
0.106226883146102, -0.18204621181743, -0.140552083631868, 0.121722541645859, 
0.129209600761492, 0.090464046191913, 0.274793454358235, 0.0811538936583083, 
0.267775250060794, -0.487226019427116, 0.0665003943599586, -0.130590825432289, 
-0.0948117628190766, -0.128268314140266, -0.132491147938204, 
0.172347215446849, 0.253779961106579, -0.335446366775653, 0.344117964518331, 
-0.030252602844985, -156.69251834655, -147.132407003819, -22.5756223259831, 
31.0483658903127, -18.4389653208483, 14.2356724718258, 34.2081853185147, 
0.504660173459766, -0.0221366936214665, 0.306205622193103, -0.211815091687718, 
0.206171880464556, -0.0724069466770438, 0.188996434686603, 0.17775838682766, 
-0.394904214816876, -0.163038043624172, -0.235582410356306, -0.0698423099546928, 
0.231029430140761, 0.112867440083063, -0.136299586868229, 0.247146591697053, 
0.156528114523281, 0.0130248784498142, -0.174834209420272, 0.092392943728121
), .Dim = c(27L, 7L), .Dimnames = list(c("1", "2", "3", "4", 
"5", "6", "7", "9", "10", "11", "12", "13", "14", "15", "16", 
"17", "18", "20", "21", "22", "23", "24", "25", "27", "28", "29", 
"30"), c("x1", "x2", "x3", "x4", "x5", "x6", "x7")), assign = 1:7), 
    qraux = c(1.32073458125108, 1.28798214340535, 1.25155288259202, 
    1.10567651291092, 1.02815861375769, 1.25014228210203, 1.19666891914918
    ), pivot = 1:7, tol = 1e-07, rank = 7L), .Names = c("qr", 
"qraux", "pivot", "tol", "rank"), class = "qr"), df.residual = 20L, 
    xlevels = structure(list(), .Names = character(0)), call = quote(lm(formula = y ~ 
        . + 0, data = structure(list(y = c(43, 63, 71, 61, 81, 
        43, 58, 72, 67, 64, 67, 69, 68, 77, 81, 74, 65, 50, 50, 
        64, 53, 40, 63, 78, 48, 85, 82), x1 = c(2.42233078485034, 
        -0.328436564326539, 1.98419389956262, 1.97852153547265, 
        -0.979839233669655, -0.341426583780761, 1.84613091060161, 
        2.25005902375443, -1.09884202931724, -0.477776677318101, 
        1.50152588344405, 0.260898884690757, 0.553080355091418, 
        1.90225346596146, 0.0942365603728335, 1.06498311616455, 
        1.37504092603473, 1.63188891947204, 1.72295556108891, 
        1.0731777573589, -0.615914682124847, 1.13948340733519, 
        1.83862068163041, 1.70799815205178, 1.57770256743133, 
        1.70345493265074, 1.67279478842279), x2 = c(51, 64, 70, 
        63, 78, 55, 67, 82, 61, 53, 60, 62, 83, 77, 90, 85, 60, 
        58, 40, 61, 66, 37, 54, 75, 57, 85, 82), x3 = c(30, 51, 
        68, 45, 56, 49, 42, 72, 45, 53, 47, 57, 83, 54, 50, 64, 
        65, 68, 33, 52, 52, 42, 42, 58, 44, 71, 39), x4 = c(39, 
        54, 69, 47, 66, 44, 56, 67, 47, 58, 39, 42, 45, 72, 72, 
        69, 75, 54, 34, 62, 50, 58, 48, 74, 45, 71, 59),