
expected <- structure(list(coefficients = structure(c(0.050738330001886, 
0.653926397245743, -0.00152052542131451, 0.320307073012356, 0.0951178122563445, 
0.0960841972994924, -0.247077315410361), .Names = c("x1", "x2", 
"x3", "x4", "x5", "x6", "x7")), residuals = structure(c(-6.38623180564996, 
-0.486424272182784, 0.238379165977403, 5.64321581458615, -8.52268120888305, 
-7.85921432895969, 1.49590739590292, -10.1019763085571, 8.6394904301225, 
7.21288431380674, 12.6741736819447, 9.94201074902048, 0.0405691598036955, 
-2.93243505531397, -3.26306833233581, 3.77771684676564, -2.97989382777507, 
-5.84823081996172, 0.459573158212829, -10.7618929538184, -0.896850146705349, 
6.98448376968151, -2.3958636850931, 2.21655110555091, -7.10097867318711, 
5.79593340335772, 5.58283853372859), .Names = c("1", "3", "4", 
"5", "6", "7", "8", "9", "10", "11", "12", "13", "15", "16", 
"17", "18", "19", "20", "22", "23", "24", "25", "26", "27", "28", 
"29", "30")), effects = structure(c(-288.866917715762, -183.744610041628, 
6.3309100128419, -9.86678592922594, 1.96463112322007, 4.59114245739279, 
9.67650255542235, -4.63074448007003, 8.31891030441634, 8.3540735342075, 
15.034622463966, 15.6645735573776, 1.50492088469758, 1.12322933980199, 
-0.247302217287554, -2.4092854150277, -2.45175621262856, -5.71328467240854, 
-0.554023472511256, -7.41362506584152, -5.18435272503647, 7.96571376237414, 
0.204780230361485, 4.3195599529127, -8.68959869194348, 11.0235917266903, 
4.95829971210402), .Names = c("x1", "x2", "x3", "x4", "x5", "x6", 
"x7", "", "", "", "", "", "", "", "", "", "", "", "", "", "", 
"", "", "", "", "", "")), rank = 7L, fitted.values = structure(c(49.38623180565, 
71.4864242721828, 60.7616208340226, 75.3567841854138, 51.5226812088831, 
65.8592143289597, 69.5040926040971, 82.1019763085571, 58.3605095698775, 
56.7871156861933, 54.3258263180553, 59.0579892509795, 76.9594308401963, 
83.932435055314, 77.2630683323358, 61.2222831532344, 67.9798938277751, 
55.8482308199617, 63.5404268417872, 63.7618929538184, 40.8968501467053, 
56.0155162303185, 68.3958636850931, 75.7834488944491, 55.1009786731871, 
79.2040665966423, 76.4171614662714), .Names = c("1", "3", "4", 
"5", "6", "7", "8", "9", "10", "11", "12", "13", "15", "16", 
"17", "18", "19", "20", "22", "23", "24", "25", "26", "27", "28", 
"29", "30")), assign = 1:7, qr = structure(list(qr = structure(c(-8.4751889998504, 
0.189063707433305, 0.0430695228917087, 0.417863967865133, 0.218282304668157, 
0.0209682591903717, 0.11421903190377, 0.139434983866865, 0.0723700292022287, 
0.18126876459899, 0.180736460840192, 0.0941225382412008, 0.185721793626611, 
0.214280589469858, 0.317109071734043, -0.0722611968618721, 0.190808408963266, 
-0.0157514882904253, 0.0851220982144507, 0.300376822538066, 0.143538248380488, 
0.144353254654273, 0.189156297249282, 0.295877317935328, 0.100461270654397, 
0.32888973321632, 0.023924646198521, -299.671635518829, -189.261488067356, 
0.263714068150549, -0.258855273004577, -0.0599027569503128, 0.320337869527744, 
0.212870353510765, 0.209365799460004, 0.206097500309056, -0.0110357946725375, 
0.0268048158890747, 0.176452185993013, 0.108622453509455, 0.131452311184444, 
-0.0600826123550789, 0.433054851511605, 0.0634687742912165, 0.331747209657169, 
0.185620913539321, -0.133605073440717, -0.034989282257382, 0.0535248414479019, 
0.10310751225771, -0.0788267548409462, 0.139855314727218, -0.0789993651436293, 
0.394846088956582, -231.39578346256, -147.849662408103, 55.2582004914931, 
-0.0604857102664602, -0.167783679128653, 0.266569751487707, 0.188504861070512, 
-0.116542214253846, 0.0875368608507813, -0.248412916904229, -0.0308944872654663, 
-0.127503005502166, 0.103123948850587, 0.359630931567197, -0.0346155811160871, 
-0.200865543469441, 0.136157458041897, -0.320980846609699, -0.0469927087637306, 
-0.101948340889695, -0.274366820275333, -0.011102654207606, -0.116153037140531, 
-0.0681183246272362, 0.0262751644697407, -0.168547048231515, 
0.551774747978407, -253.902217438469, -162.139205137369, 28.373539426199, 
-40.6630593743364, -0.164046706614843, 0.110022737658557, -0.10625260288116, 
-0.20193898395838, -0.0952859440914142, 0.139286241975828, -0.307514230572304, 
-0.403770757402039, 0.236344781246644, 0.170324437690978, -0.0570624344376104, 
0.302833631958954, 0.0533153474492698, -0.236163250652795, 0.171035476596966, 
-0.164082071250698, 0.454885873200634, 0.0441753474606986, -0.161534689521621, 
0.250358320925236, -0.0898611034482581, -0.110479712841902, 0.0826582801764285, 
-293.106659056705, -176.154422325752, 23.0189022735054, -10.0067131506407, 
39.8509942377933, -0.213646431122518, -0.0260127830993063, 0.334665166738396, 
-0.111490224558319, 0.0503260014621644, 0.0668449819067854, 0.252342595038085, 
-0.134364054259165, 0.498006175435435, 0.210523664748805, 0.163783454653062, 
-0.215761994860257, 0.0123134575137354, -0.128157385806234, 0.196567129993201, 
-0.144366644489001, -0.294374102030057, -0.196393665987624, -0.0537844688290562, 
0.118913216825078, 0.356614687418036, 0.0103493880661783, -319.166448075284, 
-215.748427847149, 31.0704556989956, -8.31402522063293, 46.4165382343596, 
59.8615323067826, 0.329748518279246, -0.0590295499133204, -0.068511447950759, 
-0.0571073288589615, -0.106345941561869, -0.0298810347295595, 
0.305798166512657, 0.279584131458496, 0.163088587963774, -0.27727642881606, 
0.107693862614637, -0.0873028710391177, -0.0193944026216125, 
-0.187024836725685, -0.0222269920909664, 0.0793299646564641, 
0.457306635006677, 0.232321081648388, -0.391144586655424, 0.152765717637214, 
0.112015659599646, -190.416676566909, -118.236009510665, 31.7641514783025, 
-19.8664239691975, 25.4406361512744, 4.69733460352054, -39.1638647172082, 
-0.394704276095536, 0.0433169078779769, -0.26164809771255, 0.101405950310264, 
-0.221018661605995, -0.130138301189576, 0.0712820280502927, 0.310648369444658, 
0.396949294873137, -0.0442243301490697, 0.178639198208329, -0.142393731219088, 
-0.154476094178346, 0.157454106381272, -0.286217357798706, 0.439928649478914, 
-0.159034211373801, 0.0657025880437694, 0.106605487194438, 0.134299493113915
), .Dim = c(27L, 7L), .Dimnames = list(c("1", "3", "4", "5", 
"6", "7", "8", "9", "10", "11", "12", "13", "15", "16", "17", 
"18", "19", "20", "22", "23", "24", "25", "26", "27", "28", "29", 
"30"), c("x1", "x2", "x3", "x4", "x5", "x6", "x7")), assign = 1:7), 
    qraux = c(1.1538822078021, 1.06627032219935, 1.13660868092461, 
    1.05877928430026, 1.17091072476553, 1.28128497547539, 1.03722908819931
    ), pivot = 1:7, tol = 1e-07, rank = 7L), .Names = c("qr", 
"qraux", "pivot", "tol", "rank"), class = "qr"), df.residual = 20L, 
    xlevels = structure(list(), .Names = character(0)), call = quote(lm(formula = y ~ 
        . + 0, data = structure(list(y = c(43, 71, 61, 81, 43, 
        58, 71, 72, 67, 64, 67, 69, 77, 81, 74, 65, 65, 50, 64, 
        53, 40, 63, 66, 78, 48, 85, 82), x1 = c(1.30418079483706, 
        1.60235065350968, 0.365022346640615, 3.54147610388442, 
        1.84998378738556, 0.17770995963625, 0.968027882764394, 
        1.18173784146277, 0.613349675413581, 1.53628703974583, 
        1.53177566478469, 0.797706300739824, 1.57402730237674, 
        1.8160684947564, 2.68755931651313, -0.612427300759763, 
        1.61713732872443, -0.133496840290285, 0.721425870431298, 
        2.54575034218463, 1.21651378373211, 1.2234211159385, 
        1.60313536969955, 2.50761619027073, 0.851428255961143, 
        2.78740264911869, 0.202765898287018), x2 = c(51, 70, 
        63, 78, 55, 67, 75, 82, 61, 53, 60, 62, 77, 90, 85, 60, 
        70, 58, 61, 66, 37, 54, 77, 75, 57, 85, 82), x3 = c(30, 
        68, 45, 56, 49, 42, 50, 72, 45, 53, 47, 57, 54, 50, 64, 
        65, 46, 68, 52, 52, 42, 42, 66, 58, 44, 71, 39), x4 = c(39, 
        69, 47, 66, 44, 56, 55, 67, 47, 58, 39, 42, 72, 72, 69, 
        75, 57, 54, 62, 50, 58, 48, 63, 74, 45, 71, 59),