
expected <- structure(list(coefficients = structure(c(0.0624474551893072, 
0.553528747585731, -0.00402614587259407, 0.505186499680724, 0.127962282127441, 
0.122928338059356, -0.419904492784081), .Names = c("x1", "x2", 
"x3", "x4", "x5", "x6", "x7")), residuals = structure(c(-5.13216002947906, 
3.15054057255553, -2.54098480837206, -0.110465797938541, 5.05511498702542, 
-8.20352075996706, -9.38294247574635, 1.91715122878848, 9.08545445545805, 
4.23069050555604, 9.35759004659138, -2.70889646450006, -4.26971073987221, 
-1.08584795733386, 2.39575440900964, -3.17420445144158, -5.20090047375664, 
11.1309612452685, -1.88069278190378, -10.9730949817701, -2.49467372431086, 
5.22207783454586, 1.29204723694986, -0.0181127729047658, -6.8893669540941, 
6.52209864243242, 5.53421099689286), .Names = c("1", "2", "3", 
"4", "5", "6", "7", "8", "10", "11", "13", "14", "16", "17", 
"18", "19", "20", "21", "22", "23", "24", "25", "26", "27", "28", 
"29", "30")), effects = structure(c(-246.768498147568, -227.365147535219, 
-4.26225467328184, 17.4826172325017, 2.43348888909196, 6.32249718732562, 
-13.0818873481516, 5.63896747320262, 8.49223580214484, 4.63056369348716, 
11.7034062674965, -4.47836351834738, -4.83199325254478, -2.35881577708006, 
-1.71725788505706, -0.828270725080708, -3.16050539693417, 13.2853488702809, 
-3.11592073912707, -10.9643536492647, -2.75352082314237, 7.97802762217598, 
4.50698669464016, 4.240724313821, -10.7202116102141, 4.91396681692342, 
2.93498065082923), .Names = c("x1", "x2", "x3", "x4", "x5", "x6", 
"x7", "", "", "", "", "", "", "", "", "", "", "", "", "", "", 
"", "", "", "", "", "")), rank = 7L, fitted.values = structure(c(48.1321600294791, 
59.8494594274445, 73.5409848083721, 61.1104657979385, 75.9448850129746, 
51.2035207599671, 67.3829424757463, 69.0828487712115, 57.914545544542, 
59.769309494444, 59.6424099534086, 70.7088964645001, 85.2697107398722, 
75.0858479573339, 62.6042455909904, 68.1742044514416, 55.2009004737566, 
38.8690387547315, 65.8806927819038, 63.9730949817701, 42.4946737243109, 
57.7779221654541, 64.7079527630501, 78.0181127729048, 54.8893669540941, 
78.4779013575676, 76.4657890031071), .Names = c("1", "2", "3", 
"4", "5", "6", "7", "8", "10", "11", "13", "14", "16", "17", 
"18", "19", "20", "21", "22", "23", "24", "25", "26", "27", "28", 
"29", "30")), assign = 1:7, qr = structure(list(qr = structure(c(-7.16306052606025, 
0.109544187008422, 0.152749343687819, 0.304660977118688, 0.223410760136798, 
0.160548551433884, 0.150207763799279, 0.289944860828294, 0.0779287443532531, 
-0.0813825706336771, 0.112865536015988, 0.107728599917237, 0.180403851803742, 
0.154998907646206, 0.195186314070658, 0.192909116167575, 0.328576691603734, 
0.383325415902065, -0.135156858184886, 0.0688724131483822, 0.117773808399315, 
-0.00172535094894631, 0.346745227935679, 0.230485046497774, 0.0206309980124838, 
-0.0211773510157023, 0.0575136278014662, -260.551867530901, -232.524674660905, 
0.134170381160846, -0.0618917223906426, 0.0913803802681219, 0.0611407559016442, 
0.124045105462214, 0.00579250990306366, 0.177203514771232, 0.316840210541439, 
0.143336996855643, 0.239261903149737, 0.189971243590007, 0.196222099584229, 
0.0448033914188071, 0.0902973334096304, -0.109521839273899, -0.246743910022152, 
0.409991557083101, 0.208600311793591, 0.0304594216906142, 0.234118299457153, 
-0.0476585267039642, 0.0707501307341166, 0.222596681858458, 0.388688065690008, 
0.289819261156755, -207.05131720356, -180.490060631555, -57.2720704836855, 
-0.0457544344280252, -0.0665675631723237, 0.119452403560263, 
-0.167775714125361, -0.123880474869969, -0.0403996958659082, 
0.19317586482513, 0.158846374896472, 0.325318231533815, -0.339501747572141, 
-0.029183001305373, 0.333844197912937, -0.134794784844475, 0.426490011043144, 
0.0666822366587964, 0.0611678619458438, 0.0126118265318886, 0.239085406650777, 
-0.00483486797926359, 0.133660235277587, 0.0100397584758537, 
-0.00874717553291961, 0.0759624699623491, -0.434145439792749, 
-217.930606829073, -194.236476040261, -20.5584929924656, 49.7271590627464, 
-0.0615530597696169, 0.0917979531974886, -0.0920937745933706, 
0.0753337732608931, 0.057393941206343, -0.16906906331078, 0.27337036092204, 
0.65188715731425, -0.115242055943847, 0.0199093759170695, -0.341032164833051, 
-0.0479010618317452, 0.0851452915790471, -0.0024385082577556, 
-0.177771518551471, 0.108884356883079, -0.429569513719094, -0.0571088927688913, 
0.0747642464343848, -0.234668977439265, 0.0502473876957367, 0.0453893263630175, 
-0.0280487876558157, -255.225529360595, -214.512768403071, -16.688682258696, 
23.8148965871492, 41.1647900476393, -5.189656505189e-06, -0.0210156990438936, 
0.0288450524670789, -0.153014460351579, -0.0359404532819118, 
-0.0138534695261794, 0.146017110719403, 0.595625588198594, 0.0507019732768908, 
0.543455592242616, -0.167518214427078, 0.0662526145118714, 0.0969610845559723, 
-0.134969386570232, -0.0841123291904241, 0.128282606046742, -0.345454459726315, 
-0.20992429116948, 0.0571212451510359, 0.0137535496721797, 0.034637127617786, 
0.139589831515059, -293.910567948899, -242.327196956704, -26.029778252358, 
23.6083821429776, 42.8183394631138, 63.818433116212, 0.121808374088507, 
0.327338004489934, -0.120446950600397, -0.0956861153378492, 0.110473969114808, 
0.0792926166712977, 0.25224724369279, 0.221341982513745, -0.269719973922824, 
0.0396069916195574, 0.079030900301016, -0.0928422486700532, -0.190707116421177, 
-0.0868997703321738, -0.0701406582792711, -0.0383303675069438, 
0.514487211015638, 0.214060766454672, -0.378240252700345, 0.209503824780487, 
-0.0950777566806154, -180.881432458303, -133.319205871516, -26.7402520601558, 
32.3607394634098, 19.2844778670343, 3.62605487525806, 31.1544352893563, 
0.1597046213575, -0.0377432937036186, 0.241013816194952, 0.250160215157651, 
-0.16504924460123, 0.177035791232232, -0.35467201878486, -0.243744226307342, 
0.149243013007851, -0.0801499913879038, 0.103805183014586, 0.118377561811548, 
0.0906044607306881, -0.0883590699311502, 0.306953492382555, -0.403946669064044, 
0.341777434281103, -0.127398383710266, -0.226839764427727, 0.0126213152159091
), .Dim = c(27L, 7L), .Dimnames = list(c("1", "2", "3", "4", 
"5", "6", "7", "8", "10", "11", "13", "14", "16", "17", "18", 
"19", "20", "21", "22", "23", "24", "25", "26", "27", "28", "29", 
"30"), c("x1", "x2", "x3", "x4", "x5", "x6", "x7")), assign = 1:7), 
    qraux = c(1.22646385132524, 1.15556668399589, 1.24544360129757, 
    1.0724582404666, 1.1693470849723, 1.2778978537772, 1.3115474599423
    ), pivot = 1:7, tol = 1e-07, rank = 7L), .Names = c("qr", 
"qraux", "pivot", "tol", "rank"), class = "qr"), df.residual = 20L, 
    xlevels = structure(list(), .Names = character(0)), call = quote(lm(formula = y ~ 
        . + 0, data = structure(list(y = c(43, 63, 71, 61, 81, 
        43, 58, 71, 67, 64, 69, 68, 81, 74, 65, 65, 50, 50, 64, 
        53, 40, 63, 66, 78, 48, 85, 82), x1 = c(1.62217427400739, 
        0.784671641819387, 1.09415279415183, 2.18230501902982, 
        1.60030479703301, 1.15001899129221, 1.0759473035784, 
        2.07689258733319, 0.558208312522228, -0.582948279215403, 
        0.808462665788754, 0.771666481594897, 1.29224370960461, 
        1.110266556943, 1.39813138154673, 1.38181967513713, 2.35361472941018, 
        2.74578315528371, -0.968136755690484, 0.49333726395769, 
        0.843620917948916, -0.0123587932759979, 2.48375705482583, 
        1.65097833841537, 0.14778108747645, -0.151694647107099, 
        0.411973597015204), x2 = c(51, 64, 70, 63, 78, 55, 67, 
        75, 61, 53, 62, 83, 90, 85, 60, 70, 58, 40, 61, 66, 37, 
        54, 77, 75, 57, 85, 82), x3 = c(30, 51, 68, 45, 56, 49, 
        42, 50, 45, 53, 57, 83, 50, 64, 65, 46, 68, 33, 52, 52, 
        42, 42, 66, 58, 44, 71, 39), x4 = c(39, 54, 69, 47, 66, 
        44, 56, 55, 47, 58, 42, 45, 72, 69, 75, 57, 54, 34, 62, 
        50, 58, 48, 63, 74, 45, 71, 59),