
expected <- structure(list(coefficients = structure(c(39.7786032320379, 0.795963250369476, 
-0.131547783186683, 0.134341046649362, -0.268614856187234, -0.0908410759007904, 
-0.100829392460969), .Names = c("x1", "x2", "x3", "x4", "x5", 
"x6", "x7")), residuals = structure(c(-5.08755075457257, -2.39014861169523, 
-0.61773153836722, 5.47911950184272, 3.34596357353216, -10.9217609771804, 
-6.17943718913725, 0.988414898265067, -4.7201282363624, 7.38426881424547, 
14.9013987882773, 6.08818889193036, -4.7180620185788, 0.84444283545149, 
2.68642158330884, -6.311886076194, -0.435718192627867, 4.22028276092358, 
0.354086582131951, -4.55266442558824, -4.18608495461533, 5.30474506149975, 
-0.270738663196676, -0.210630070073598, -9.11169098902712, 5.21371664157777, 
2.90318276423021), .Names = c("1", "2", "3", "4", "5", "6", "7", 
"8", "9", "11", "12", "13", "14", "15", "18", "19", "20", "21", 
"22", "23", "24", "25", "26", "27", "28", "29", "30")), effects = structure(c(-330.436804066196, 
-51.0689079508119, 2.68611967430661, 13.3743426997647, -15.1898488524057, 
-4.99427238098361, -3.98227754870399, 4.70296234188328, -2.02025177412785, 
10.6712569381466, 14.9601087271777, 6.43521602520168, -6.57287972910805, 
5.19051072744409, 5.45617532263382, -6.91662565550533, 0.485420954698834, 
3.38371696079037, 1.91737807477575, -2.8696415373324, 0.416875404886732, 
5.44634847756275, 1.96721223982776, 2.87102309675274, -10.7419826363305, 
8.65663502321595, 5.65203004564567), .Names = c("x1", "x2", "x3", 
"x4", "x5", "x6", "x7", "", "", "", "", "", "", "", "", "", "", 
"", "", "", "", "", "", "", "", "", "")), rank = 7L, fitted.values = structure(c(48.0875507545726, 
65.3901486116952, 71.6177315383672, 55.5208804981573, 77.6540364264678, 
53.9217609771804, 64.1794371891372, 70.0115851017349, 76.7201282363624, 
56.6157311857545, 52.0986012117227, 62.9118111080696, 72.7180620185788, 
76.1555571645485, 62.3135784166912, 71.311886076194, 50.4357181926279, 
45.7797172390764, 63.6459134178681, 57.5526644255882, 44.1860849546153, 
57.6952549385002, 66.2707386631967, 78.2106300700736, 57.1116909890271, 
79.7862833584222, 79.0968172357698), .Names = c("1", "2", "3", 
"4", "5", "6", "7", "8", "9", "11", "12", "13", "14", "15", "18", 
"19", "20", "21", "22", "23", "24", "25", "26", "27", "28", "29", 
"30")), assign = 1:7, qr = structure(list(qr = structure(c(-5.19615242270663, 
0.192450089729875, 0.192450089729875, 0.192450089729875, 0.192450089729875, 
0.192450089729875, 0.192450089729875, 0.192450089729875, 0.192450089729875, 
0.192450089729875, 0.192450089729875, 0.192450089729875, 0.192450089729875, 
0.192450089729875, 0.192450089729875, 0.192450089729875, 0.192450089729875, 
0.192450089729875, 0.192450089729875, 0.192450089729875, 0.192450089729875, 
0.192450089729875, 0.192450089729875, 0.192450089729875, 0.192450089729875, 
0.192450089729875, 0.192450089729875, -339.09705810404, -64.6156729066964, 
0.108983611697181, 0.000650761707243416, 0.232792583114252, -0.123158209709828, 
0.062555247415779, 0.18636421883285, 0.294697068822788, -0.154110452564096, 
-0.0457776025741583, -0.0148253597198905, 0.310173190249921, 
0.217316461687118, -0.0457776025741583, 0.108983611697181, -0.0767298454284261, 
-0.355300031116836, -0.0303014811470244, 0.0470791259886451, 
-0.401728395398238, -0.138634331136962, 0.217316461687118, 0.18636421883285, 
-0.09220596685556, 0.341125433104189, 0.294697068822788, -276.165878762371, 
-38.1635422496297, -51.8743814456437, -0.0855473432092191, -0.04856337822439, 
0.0849309466482844, -0.190063826433519, -0.12921405674444, 0.213189566166732, 
0.185382533999306, -0.011979315364881, 0.157451833421777, 0.413569170333353, 
-0.0754469377310734, 0.335012773954993, -0.147967824504566, 0.416187023010466, 
-0.0484397098142874, 0.0727362590284481, 0.0143806736063798, 
0.160069686098891, -0.0383393043361418, 0.155881121815509, 0.0250046496199481, 
-0.0347979789982857, 0.158898876617943, -0.42296259758637, -289.252484864003, 
-31.3907329613699, -13.3466992843226, 48.2336760195802, -0.136472883490647, 
0.140388076539147, -0.101260795485054, 0.0269506847315662, -0.00615291317959386, 
-0.128078914877611, 0.254458693873492, 0.284006477751736, 0.544488861880237, 
-0.282411587864147, -0.345938555488481, -0.0735791413930778, 
0.103119148399489, 0.13807943157391, -0.176514074493189, 0.0989021682106239, 
-0.302490055363458, -0.0046328365620625, 0.00149287179026787, 
-0.302089745621851, 0.0897596230145777, -0.0812154818399324, 
-0.107903985368068, -338.519707834851, 11.5921881386058, 11.5508583254553, 
-36.605411354244, 54.6959789481679, -0.0732314017274173, -0.250410757382012, 
-0.141726624672259, -0.181172858580217, -0.045760496390688, -0.120265237877451, 
0.325373726414198, 0.192743738534399, -0.17597267241732, -0.147660565262905, 
0.265054035658324, -0.303220567389246, 0.383114330581437, 0.035470667209411, 
-0.318542158747384, -0.122701691545949, 0.222672597020391, -0.332066179463053, 
0.0645409106282503, 0.215040667856084, -0.136221219494015, -0.0118800964729304, 
-390.673682151647, -18.1024765522868, 4.6765930061464, 4.41255482406476, 
-4.70580672516371, 44.3496182350296, 0.194761693713643, 0.298831276720884, 
-0.0475454797994422, 0.195742369911072, 0.0662486843219683, 0.394922985159021, 
0.174169849561026, 0.0451949548950614, -0.0832614321843715, -0.0978664287554988, 
-0.0499694864351287, 0.268177917385956, -0.0551779976653064, 
-0.0754237508327272, 0.330090458112387, 0.055417762393373, 0.0640495315710266, 
0.0511886224842748, -0.108793448571314, 0.170743360478866, 0.0632804376554212, 
-220.932703009897, -10.2044959173061, -11.7299946118344, 25.1646453224406, 
9.17566650495111, 9.57563386190145, 39.4952052323982, 0.0263429491008217, 
0.535695580976077, 0.290781681549399, -0.1436292435056, 0.106803712278445, 
-0.0615207598806019, 0.224555130007634, -0.030324266061272, -0.078747340107429, 
-0.114635204913043, -0.157423613300739, 0.194433080618301, 0.200479356227225, 
-0.0643060926083595, 0.12082336987141, -0.537459122158509, 0.116266510825517, 
-0.0193491814829432, -0.0774936103417385, 0.145297670661754), .Dim = c(27L, 
7L), .Dimnames = list(c("1", "2", "3", "4", "5", "6", "7", "8", 
"9", "11", "12", "13", "14", "15", "18", "19", "20", "21", "22", 
"23", "24", "25", "26", "27", "28", "29", "30"), c("x1", "x2", 
"x3", "x4", "x5", "x6", "x7")), assign = 1:7), qraux = c(1.19245008972988, 
1.01612688313438, 1.2761336179975, 1.08835711112596, 1.10470556515065, 
1.61323253945777, 1.26436895996838), pivot = 1:7, tol = 1e-07, 
    rank = 7L), .Names = c("qr", "qraux", "pivot", "tol", "rank"
), class = "qr"), df.residual = 20L, xlevels = structure(list(), .Names = character(0)), 
    call = quote(lm(formula = y ~ . + 0, data = structure(list(y = c(43, 
        63, 71, 61, 81, 43, 58, 71, 72, 64, 67, 69, 68, 77, 65, 
        65, 50, 50, 64, 53, 40, 63, 66, 78, 48, 85, 82), x1 = c(1, 
        1, 1, 1, 1, 1, 1, 1, 1, 1, 1, 1, 1, 1, 1, 1, 1, 1, 1, 
        1, 1, 1, 1, 1, 1, 1, 1), x2 = c(51, 64, 70, 63, 78, 55, 
        67, 75, 82, 53, 60, 62, 83, 77, 60, 70, 58, 40, 61, 66, 
        37, 54, 77, 75, 57, 85, 82), x3 = c(30, 51, 68, 45, 56, 
        49, 42, 50, 72, 53, 47, 57, 83, 54, 65, 46, 68, 33, 52, 
        52, 42, 42, 66, 58, 44, 71, 39), x4 = c(39, 54, 69, 47, 
        66, 44, 56, 55, 67, 58, 39, 42, 45, 72, 75, 57, 54, 34, 
        62, 50, 58, 48, 63, 74, 45, 71, 59), x5 = c(77, 54, 43, 
        88, 50, 79, 79, 75, 64, 62, 88, 60, 66, 59, 50, 50, 80, 
        63, 55, 88, 64, 59, 76, 43, 63, 58, 66), x6 = c(92, 73, 
        86, 84, 83, 49, 68, 66, 83, 67, 74, 63, 77, 77, 80, 85, 
        78, 64, 80, 80, 57, 75, 76, 78, 83, 74, 78), x7 = c(45, 
        47, 48, 35, 47, 34, 35, 41, 31, 34, 41, 25, 35, 46, 60, 
        46, 52, 33, 41, 37, 49, 33, 72, 49, 38, 55, 39)), .Names = c("y", 
        "x1", "x2", "x3", "x4", "x5", "x6", "x7"),