
expected <- structure(list(coefficients = structure(c(-2.66824573161817, 
0.511411479687997, -0.00199565607985966, 0.235882891747595, -0.318667265352066, 
0.536173549909622, 0.0115006973350634), .Names = c("x1", "x2", 
"x3", "x4", "x5", "x6", "x7")), residuals = structure(c(-11.6613080045417, 
-4.20040777445881, -12.6475024480404, 5.6480868949393, 5.36042289959359, 
-14.4512979516796, -0.602843092088051, 15.600997309689, 12.5217717353904, 
4.00085254226627, 1.76317383602323, 17.0445059925103, -5.77248446651251, 
12.3107065603562, 13.1724976058515, 11.8667921995967, -6.1073369554491, 
-9.8807534213202, -7.67765590887366, 8.59126873546051, -23.1775146775298, 
-18.6919941625857, -0.576268691719649, 13.7031518118978, -12.7200932959551, 
7.84496879430264, 6.36333347212506), .Names = c("1", "2", "3", 
"4", "5", "6", "7", "8", "9", "10", "11", "12", "14", "15", "16", 
"17", "19", "20", "21", "22", "23", "24", "26", "27", "28", "29", 
"30")), effects = structure(c(-249.565110953864, -222.428046263467, 
-16.0849980584193, -12.0792198639289, -10.5750335465932, 31.5204724592653, 
0.58407250841987, 13.9358353491161, 20.4255235028652, 9.80591373073238, 
-0.890334972585545, 17.3891518335325, -1.94853523769426, 8.85986494616977, 
10.3409181347027, 22.5868356768455, -11.4133827560944, -3.04203272479844, 
-3.51559286413223, 5.61898570565862, -22.9905903838525, -20.7854576098124, 
2.73796570807271, 8.25795133950448, -16.6461918084954, 10.5910691953638, 
8.91778809402034), .Names = c("x1", "x2", "x3", "x4", "x5", "x6", 
"x7", "", "", "", "", "", "", "", "", "", "", "", "", "", "", 
"", "", "", "", "", "")), rank = 7L, fitted.values = structure(c(54.6613080045417, 
67.2004077744588, 83.6475024480404, 55.3519131050607, 75.6395771004064, 
57.4512979516796, 58.6028430920881, 55.399002690311, 59.4782282646096, 
62.9991474577337, 62.2368261639768, 49.9554940074897, 73.7724844665125, 
64.6892934396438, 67.8275023941485, 62.1332078004033, 71.1073369554491, 
59.8807534213202, 57.6776559088737, 55.4087312645395, 76.1775146775298, 
58.6919941625857, 66.5762686917196, 64.2968481881022, 60.7200932959551, 
77.1550312056974, 75.6366665278749), .Names = c("1", "2", "3", 
"4", "5", "6", "7", "8", "9", "10", "11", "12", "14", "15", "16", 
"17", "19", "20", "21", "22", "23", "24", "26", "27", "28", "29", 
"30")), assign = 1:7, qr = structure(list(qr = structure(c(-7.37952855930252, 
0.10633086321351, 0.148268657727811, 0.295724178244265, 0.2168573214634, 
0.155839086745252, 0.145801631490683, 0.281439738411892, -0.0201164197977267, 
0.0756428148541493, -0.0789953280254668, 0.11991180085172, 0.104568533801817, 
0.301535490554514, 0.17511195996059, 0.150452233909091, 0.187250400080806, 
0.318938359069462, 0.37208110697294, -0.131192222905631, 0.0668521383165862, 
0.114319080300253, 0.336573947084308, 0.223724093639311, 0.0200258168647046, 
-0.0205561433752939, 0.0558265468728184, -264.830400916562, -219.27347935939, 
0.165301855522934, -0.0697523498016587, 0.12914907248843, 0.0559465461249717, 
0.108955864163575, -0.061846276314607, 0.265686141619754, 0.197145940508327, 
0.395156707098468, 0.162619210420749, 0.253876680432022, -0.0812399699763497, 
0.0785783624385797, 0.0942912993092507, 0.0504277531239537, -0.0381370411953672, 
-0.142528022823215, 0.32512065709203, 0.294274244217795, 0.114559572943356, 
-0.0500376953468406, 0.016072009534003, 0.258881086743841, 0.366541624533534, 
0.311977303839355, -206.844955943657, -197.73557439114, -69.9271536734677, 
-0.0803427056707794, -0.0263439869905024, 0.273249951750039, 
-0.120812959392038, -0.216493406365061, 0.480679872946809, 0.16928262222987, 
-0.29858801117897, -0.282010708476706, -0.0838936137622064, -0.0936336853726995, 
-0.108991669943843, 0.450683056339181, -0.0649956221775062, -0.0430869150055136, 
-0.0336931474214587, 0.0933724340603897, -0.227491239161006, 
-0.0114029525447702, -0.0630185073286132, -0.263952886684812, 
-0.209664129947734, 0.0187941126550228, -0.101700408784406, -239.002989162062, 
-182.250688394721, -28.7297934768172, -59.7231673475988, -0.044872634302152, 
0.25542645139679, 0.0705396404098014, 0.129810145939202, 0.212686990450615, 
-0.0746275326803181, 0.0425500487734495, 0.397121104183868, -0.208226192329631, 
0.201055740057612, 0.0343922178044881, -0.156437979996395, 0.175911941363603, 
-0.191790252631508, -0.257043085931633, 0.277506292779549, -0.00659857107749979, 
0.401356681145986, -0.0153818552465953, -0.0386032335191471, 
0.341565660988559, -0.261410876059549, -0.13784619964034, -269.372465924823, 
-208.210231290294, -18.9925430291239, -40.8395222830288, 71.5429305843927, 
-0.192368110739605, -0.145700759582012, 0.0277508491889794, -0.158812726643959, 
-0.22161774892101, 0.0176304227379965, 0.0427596759162075, 0.0717764988433933, 
0.305968421595694, 0.150263841763704, -0.324557361940922, 0.325609834782697, 
-0.090996883796435, 0.0145292622039189, -0.189482403124047, -0.0995339603709785, 
0.174822361348291, 0.132870362315922, 0.351915941050091, 0.21352678809922, 
-0.0528145822546795, 0.096196830277992, -301.546332345558, -247.099485392859, 
-28.7199376722496, -19.9982026871294, 22.5724351888358, 58.244107054354, 
0.00273838640036585, -0.0968671914455377, 0.303478412250718, 
0.115605217329317, 0.0508464914687961, 0.463365986096468, 0.201511662828129, 
-0.230129012590398, -0.260509540705874, 0.166732444754304, -0.376107929870564, 
0.255509414062044, -0.0289436361539396, -0.284279519419962, 0.0577090076961366, 
0.0160259277466346, 0.148706781482331, -0.338930226455265, 0.0763654411676521, 
-0.029071182803255, 0.185764082354131, -175.058437878121, -135.247562995539, 
-8.7918718739903, -24.6296372338575, 10.4875199469212, 25.3482732501362, 
50.7858342327768, -0.141313124526421, 0.0293703280928718, 0.0341087909315672, 
0.079445102913426, -0.151944991967342, -0.0641310554652605, -0.343607813332741, 
0.218766045636462, 0.172146846906731, 0.0857829367154387, -0.621740095136556, 
0.0523068687011265, -0.369092477279434, 0.212781186993823, -0.336307326180429, 
-0.184336390146915, -0.019554974879597, 0.0614181863204315, 0.0139368846754216, 
0.129023693387095), .Dim = c(27L, 7L), .Dimnames = list(c("1", 
"2", "3", "4", "5", "6", "7", "8", "9", "10", "11", "12", "14", 
"15", "16", "17", "19", "20", "21", "22", "23", "24", "26", "27", 
"28", "29", "30"), c("x1", "x2", "x3", "x4", "x5", "x6", "x7"
)), assign = 1:7), qraux = c(1.21982085453989, 1.15144464661569, 
1.0375686895959, 1.11613815521544, 1.4978074998837, 1.09201305621317, 
1.05190865627886), pivot = 1:7, tol = 1e-07, rank = 7L), .Names = c("qr", 
"qraux", "pivot", "tol", "rank"), class = "qr"), df.residual = 20L, 
    xlevels = structure(list(), .Names = character(0)), call = quote(lm(formula = y ~ 
        . + 0, data = structure(list(y = c(43, 63, 71, 61, 81, 
        43, 58, 71, 72, 67, 64, 67, 68, 77, 81, 74, 65, 50, 50, 
        64, 53, 40, 66, 78, 48, 85, 82), x1 = c(1.62217427400739, 
        0.784671641819387, 1.09415279415183, 2.18230501902982, 
        1.60030479703301, 1.15001899129221, 1.0759473035784, 
        2.07689258733319, -0.148449694408243, 0.558208312522228, 
        -0.582948279215403, 0.884892558982667, 0.771666481594897, 
        2.22518976419033, 1.29224370960461, 1.110266556943, 1.38181967513713, 
        2.35361472941018, 2.74578315528371, -0.968136755690484, 
        0.49333726395769, 0.843620917948916, 2.48375705482583, 
        1.65097833841537, 0.14778108747645, -0.151694647107099, 
        0.411973597015204), x2 = c(54, 61, 75, 62, 85, 53, 62, 
        60, 53, 63, 66, 67, 83, 61, 63, 60, 60, 75, 66, 37, 82, 
        55, 77, 62, 62, 75, 83), x3 = c(56, 58, 68, 44, 71, 64, 
        45, 33, 83, 68, 42, 39, 68, 42, 46, 83, 46, 58, 49, 44, 
        58, 47, 58, 33, 42, 71, 68), x4 = c(54, 44, 72, 63, 71, 
        72, 54, 57, 71, 54, 42, 71, 54, 67, 54, 59, 62, 57, 48, 
        45, 59, 71, 69, 45, 63, 44, 56),