
expected <- structure(list(coefficients = structure(c(24.6892025594901, 0.89082112429579, 
-0.144995396452994, 0.43952278848449, -0.275338297122361, -0.0849371800495741, 
-0.284405329253777), .Names = c("x1", "x2", "x3", "x4", "x5", 
"x6", "x7")), residuals = structure(c(-4.21094222595874, -1.82471181652446, 
5.36769716292239, -1.98653391585734, 1.92216881200644, -9.9525416624078, 
-7.58258106303943, 0.537409401839208, -0.228552252800014, 9.03276957483335, 
11.019422242928, 9.61790875363191, -2.50349591253407, -2.42105429082926, 
2.32492211679268, -2.88987818395441, -6.59924446293235, 7.60195455423216, 
-0.387265532599672, -5.98941132781007, -6.78314662116045, 9.98037749923724, 
-4.19467562596615, 4.97228471183767, -9.53410373172949, 0.835738437850134, 
3.8754853579925), .Names = c("1", "2", "3", "4", "5", "6", "7", 
"8", "9", "11", "12", "13", "14", "15", "18", "19", "20", "21", 
"22", "23", "24", "25", "26", "27", "28", "29", "30")), effects = structure(c(-330.436804066196, 
-51.0689079508119, 2.68611967430661, 13.3743426997647, -4.06745681732396, 
-2.83519168264449, 10.9582742121191, 4.51295544495733, 1.13377775149385, 
9.25453824512924, 12.4490655493194, 11.0187936708949, -2.03460218862292, 
-2.23995991876029, -0.176695301305336, -2.21354840233626, -8.78731564761762, 
8.85372507173759, -2.00240602699619, -4.11428770507591, -7.18552872754161, 
11.1632696356123, -2.29925692970426, 6.24141357859657, -10.6937881138947, 
0.612640107208333, 7.62782876479548), .Names = c("x1", "x2", 
"x3", "x4", "x5", "x6", "x7", "", "", "", "", "", "", "", "", 
"", "", "", "", "", "", "", "", "", "", "", "")), rank = 7L, 
    fitted.values = structure(c(47.2109422259587, 64.8247118165245, 
    65.6323028370776, 62.9865339158573, 79.0778311879936, 52.9525416624078, 
    65.5825810630394, 70.4625905981608, 72.2285522528, 54.9672304251666, 
    55.980577757072, 59.3820912463681, 70.5034959125341, 79.4210542908293, 
    62.6750778832073, 67.8898781839544, 56.5992444629323, 42.3980454457678, 
    64.3872655325997, 58.9894113278101, 46.7831466211604, 53.0196225007628, 
    70.1946756259662, 73.0277152881623, 57.5341037317295, 84.1642615621499, 
    78.1245146420075), .Names = c("1", "2", "3", "4", "5", "6", 
    "7", "8", "9", "11", "12", "13", "14", "15", "18", "19", 
    "20", "21", "22", "23", "24", "25", "26", "27", "28", "29", 
    "30")), assign = 1:7, qr = structure(list(qr = structure(c(-5.19615242270663, 
    0.192450089729875, 0.192450089729875, 0.192450089729875, 
    0.192450089729875, 0.192450089729875, 0.192450089729875, 
    0.192450089729875, 0.192450089729875, 0.192450089729875, 
    0.192450089729875, 0.192450089729875, 0.192450089729875, 
    0.192450089729875, 0.192450089729875, 0.192450089729875, 
    0.192450089729875, 0.192450089729875, 0.192450089729875, 
    0.192450089729875, 0.192450089729875, 0.192450089729875, 
    0.192450089729875, 0.192450089729875, 0.192450089729875, 
    0.192450089729875, 0.192450089729875, -339.09705810404, -64.6156729066964, 
    0.108983611697181, 0.000650761707243416, 0.232792583114252, 
    -0.123158209709828, 0.062555247415779, 0.18636421883285, 
    0.294697068822788, -0.154110452564096, -0.0457776025741583, 
    -0.0148253597198905, 0.310173190249921, 0.217316461687118, 
    -0.0457776025741583, 0.108983611697181, -0.0767298454284261, 
    -0.355300031116836, -0.0303014811470244, 0.0470791259886451, 
    -0.401728395398238, -0.138634331136962, 0.217316461687118, 
    0.18636421883285, -0.09220596685556, 0.341125433104189, 0.294697068822788, 
    -276.165878762371, -38.1635422496297, -51.8743814456437, 
    -0.0855473432092191, -0.04856337822439, 0.0849309466482844, 
    -0.190063826433519, -0.12921405674444, 0.213189566166732, 
    0.185382533999306, -0.011979315364881, 0.157451833421777, 
    0.413569170333353, -0.0754469377310734, 0.335012773954993, 
    -0.147967824504566, 0.416187023010466, -0.0484397098142874, 
    0.0727362590284481, 0.0143806736063798, 0.160069686098891, 
    -0.0383393043361418, 0.155881121815509, 0.0250046496199481, 
    -0.0347979789982857, 0.158898876617943, -0.42296259758637, 
    -289.252484864003, -31.3907329613699, -13.3466992843226, 
    48.2336760195802, -0.136472883490647, 0.140388076539147, 
    -0.101260795485054, 0.0269506847315662, -0.00615291317959386, 
    -0.128078914877611, 0.254458693873492, 0.284006477751736, 
    0.544488861880237, -0.282411587864147, -0.345938555488481, 
    -0.0735791413930778, 0.103119148399489, 0.13807943157391, 
    -0.176514074493189, 0.0989021682106239, -0.302490055363458, 
    -0.0046328365620625, 0.00149287179026787, -0.302089745621851, 
    0.0897596230145777, -0.0812154818399324, -0.107903985368068, 
    -334.478255950523, -38.7894653829049, 0.555667010559441, 
    19.0140992758694, 32.1220941799484, 0.0644213454757995, 0.0522421677534954, 
    -0.0210833672358523, 0.163670913661582, 0.140162659569243, 
    -0.111606539492539, 0.0561403290095904, 0.14546592893897, 
    -0.00441921145649144, 0.56382389376036, -0.188644216175881, 
    -0.101678496626264, 0.114186051183665, 0.0536649202013496, 
    0.00290461537673168, 0.238031508303309, -0.23220855273184, 
    -0.472311567154308, -0.0370957764954307, 0.212842629828227, 
    0.0817780411828128, 0.347018395759617, -390.673682151647, 
    -18.1024765522868, 4.6765930061464, 4.41255482406476, 6.08501349703637, 
    44.1815104457549, 0.228045641893625, 0.322082794613773, -0.033366387115158, 
    0.192903192390164, 0.0921048360592925, 0.345090965494565, 
    0.136235267493024, 0.0712373206703007, -0.103282363785743, 
    -0.122954502947308, 0.00128171055295606, 0.205245247242783, 
    -0.0644534994841034, -0.0296763245446865, 0.331791493147698, 
    0.0402447626546307, 0.146967137411694, 0.0447201027819572, 
    -0.155958195944128, 0.185202534441576, 0.0399243915521937, 
    -217.083701215299, -8.92284378726644, -5.55884340189889, 
    7.78943703174517, -18.6136799724498, -3.22589322554527, -38.5304812707673, 
    0.0986553419891336, 0.470155582512911, -0.0217551586151951, 
    -0.0737231226563357, -0.160824708983434, 0.126287197686288, 
    -0.308428758208793, 0.202600513840822, -0.121963476062442, 
    -0.262626357008414, -0.0765305594453402, -0.287489686750364, 
    0.307788256471244, -0.235450587045998, -0.0864914794304809, 
    -0.0931579050996245, 0.0885198326254298, -0.110654794213676, 
    -0.319078168160583, 0.33666857435769), .Dim = c(27L, 7L), .Dimnames = list(
        c("1", "2", "3", "4", "5", "6", "7", "8", "9", "11", 
        "12", "13", "14", "15", "18", "19", "20", "21", "22", 
        "23", "24", "25", "26", "27", "28", "29", "30"), c("x1", 
        "x2", "x3", "x4", "x5", "x6", "x7")), assign = 1:7), 
        qraux = c(1.19245008972988, 1.01612688313438, 1.2761336179975, 
        1.08835711112596, 1.14919751195942, 1.62149691531514, 
        1.10678297850854), pivot = 1:7, tol = 1e-07, rank = 7L), .Names = c("qr", 
    "qraux", "pivot", "tol", "rank"), class = "qr"), df.residual = 20L, 
    xlevels = structure(list(), .Names = character(0)), call = quote(lm(formula = y ~ 
        . + 0, data = structure(list(y = c(43, 63, 71, 61, 81, 
        43, 58, 71, 72, 64, 67, 69, 68, 77, 65, 65, 50, 50, 64, 
        53, 40, 63, 66, 78, 48, 85, 82), x1 = c(1, 1, 1, 1, 1, 
        1, 1, 1, 1, 1, 1, 1, 1, 1, 1, 1, 1, 1, 1, 1, 1, 1, 1, 
        1, 1, 1, 1), x2 = c(51, 64, 70, 63, 78, 55, 67, 75, 82, 
        53, 60, 62, 83, 77, 60, 70, 58, 40, 61, 66, 37, 54, 77, 
        75, 57, 85, 82), x3 = c(30, 51, 68, 45, 56, 49, 42, 50, 
        72, 53, 47, 57, 83, 54, 65, 46, 68, 33, 52, 52, 42, 42, 
        66, 58, 44, 71, 39), x4 = c(39, 54, 69, 47, 66, 44, 56, 
        55, 67, 58, 39, 42, 45, 72, 75, 57, 54, 34, 62, 50, 58, 
        48, 63, 74, 45, 71, 59), x5 = c(61, 63, 76, 54, 71, 54, 
        66, 70, 71, 58, 59, 55, 59, 79, 55, 75, 64, 43, 66, 63, 
        50, 66, 88, 80, 51, 77, 64),