
expected <- structure(list(coefficients = structure(c(-3.52212997075938, 
0.457562655119877, 0.0493677287581162, 0.267442199420414, -0.368184577680338, 
0.595006026324029, -0.0299122919292199), .Names = c("x1", "x2", 
"x3", "x4", "x5", "x6", "x7")), residuals = structure(c(-11.4345980262967, 
-4.87604676740731, -14.1641557390483, 7.6783110565237, 5.37608768241002, 
-15.1779803689339, 0.659830617211715, 9.48074796672653, 3.29778956178279, 
1.85559241663234, 20.0425925129173, -0.651850938632493, -5.19799152825205, 
14.0411711733795, 12.9984319811544, 10.1377733907952, -3.12471407129069, 
-5.96198447917202, -5.51243712754414, 6.87263655214719, -22.5388654073702, 
-18.1596976590679, 7.54009982106346, 14.8099365078129, -12.6384229567302, 
6.43609975704227, 6.13602233017309), .Names = c("1", "2", "3", 
"4", "5", "6", "7", "9", "10", "11", "12", "13", "14", "15", 
"16", "17", "18", "20", "21", "22", "23", "24", "25", "27", "28", 
"29", "30")), effects = structure(c(-237.340469643751, -232.915129249556, 
-28.5208578775533, -15.5212323529299, -11.987392925244, 32.6634612742573, 
-1.53164365120478, 19.0010398044316, 9.40194591006629, -1.82219624332902, 
19.6192346265994, 4.54528363216771, -1.88682731151921, 10.0289480182641, 
9.28997397355023, 21.8902699206039, -4.5733851862721, 0.59260922197391, 
-2.14085895138332, 4.42639735901954, -23.4450542553246, -20.1805082507374, 
10.6321471704803, 8.03660572008805, -17.2528924976652, 8.98373154022486, 
8.08868327524158), .Names = c("x1", "x2", "x3", "x4", "x5", "x6", 
"x7", "", "", "", "", "", "", "", "", "", "", "", "", "", "", 
"", "", "", "", "", "")), rank = 7L, fitted.values = structure(c(54.4345980262967, 
67.8760467674073, 85.1641557390483, 53.3216889434763, 75.62391231759, 
58.1779803689339, 57.3401693827883, 62.5192520332735, 63.7022104382172, 
62.1444075833677, 46.9574074870827, 69.6518509386325, 73.197991528252, 
62.9588288266205, 68.0015680188456, 63.8622266092048, 68.1247140712907, 
55.961984479172, 55.5124371275441, 57.1273634478528, 75.5388654073702, 
58.1596976590679, 55.4599001789365, 63.1900634921872, 60.6384229567302, 
78.5639002429577, 75.8639776698269), .Names = c("1", "2", "3", 
"4", "5", "6", "7", "9", "10", "11", "12", "13", "14", "15", 
"16", "17", "18", "20", "21", "22", "23", "24", "25", "27", "28", 
"29", "30")), assign = 1:7, qr = structure(list(qr = structure(c(-6.68386267049676, 
0.117397929984858, 0.163700669521762, 0.326503569360085, 0.239428138477009, 
0.172059039508473, 0.16097687170141, -0.0222101652482351, 0.0835158261084889, 
-0.0872172735966876, 0.13239239083841, 0.120957402275392, 0.115452174833141, 
0.332919731282412, 0.193337860651851, 0.166111515403186, 0.209180147838498, 
0.352133914988899, 0.410807835326101, -0.144846895188906, 0.0738102035123088, 
0.126217572014569, -0.00184904955192315, 0.247009614021987, 0.0221101322336814, 
-0.0226956558782535, 0.0616370529026122, -253.482624851592, -226.178157429817, 
0.152514141915403, -0.0830634084921765, 0.113883846931893, 0.0461019192127962, 
0.0980170679217784, 0.258625703275984, 0.187178063386727, 0.387218043655498, 
0.151393967458889, 0.208116383283184, 0.240666672045805, -0.094503760919994, 
0.0670365598277719, 0.0835573586352645, 0.0143352987447794, -0.0536253047361421, 
-0.15760418300314, 0.322045345155216, 0.28180025352913, 0.105093484386252, 
0.165610652864615, 0.00390022642752283, 0.249932473089357, 0.356425268535263, 
0.299538552263881, -207.308541274879, -207.433323078722, -73.7332027718902, 
-0.10406059431501, -0.0506644837415658, 0.241763162851998, -0.132486385913806, 
0.450169823189182, 0.14716079366366, -0.286688302876458, -0.284307595747561, 
-0.0202900914365661, -0.0975216309064526, -0.116918688824372, 
-0.123354326214608, 0.4094660607549, 0.144526640912072, -0.0719946355032109, 
-0.065420269266018, 0.0923540696318885, -0.231069642827094, -0.0257045180970225, 
0.304938851226284, -0.273411888373366, -0.208399143681476, 0.00923585230926758, 
-0.111172602467005, -228.168097506403, -186.889628145457, -39.4078626194234, 
-67.0119880001353, -0.0209380464925553, 0.201596860773754, 0.0899952703734501, 
0.133668241784876, -0.0784929274880556, 0.0859366226349525, 0.402695453158861, 
-0.324866408696601, -0.160803218682626, 0.204769362348914, 0.0567790755474974, 
-0.187922117040452, 0.257551388038296, -0.149707320565978, -0.20968256426569, 
0.238616126863546, 0.0371614554705729, 0.368920816720474, 0.159539965016009, 
0.0127028532869534, 0.341497795043586, -0.224687740054348, -0.096413699560231, 
-253.13259488379, -216.772857160515, -26.2369844075118, -41.7190318941879, 
72.4193401853235, -0.199063560194636, -0.139044304145685, -0.15600757952267, 
-0.201454953546601, 0.0337449925540316, 0.0284283606282663, -0.0176303728762522, 
0.100378753028154, 0.292493284278094, 0.154740846869622, -0.301310595890931, 
0.294721313885402, -0.0718576792843127, 0.0322372761860893, -0.190436412766418, 
-0.0806082854791288, 0.156201846148649, -0.250588823450611, 0.356250072052295, 
0.203458446043469, -0.0162332687297219, 0.12193037392764, -288.512452268842, 
-257.456807316124, -41.0233541467675, -23.0706925405311, 25.3058163449195, 
56.1782918196513, -0.0116613915497355, 0.387362951014347, 0.134763440176245, 
0.0199176970045002, 0.464512846124036, 0.1006138300849, 0.178718074040849, 
-0.254320278941431, -0.291280369223072, 0.21573809583798, -0.152235436534038, 
0.236280836316717, -0.0648232023539007, -0.259790039278136, 0.0290309721582442, 
0.0318908345669248, -0.101082591375033, -0.400664532775084, 0.0692474613452096, 
-0.0448117139633803, 0.165881947024148, -161.322979996709, -139.546753498278, 
-13.6264464583098, -25.6582832591854, 12.7312868702692, 25.5066013941873, 
51.2044899410931, 0.0210262697552978, 0.0188661154080922, 0.0890256517622516, 
-0.156813409935511, 0.114868100297358, -0.0780025517917246, -0.365700781340207, 
0.20166734850593, 0.142425544417717, 0.129909851364386, -0.652374328376528, 
0.0120690327967543, -0.353964418772768, 0.204516017865134, -0.341263414391937, 
0.0729029380150627, -0.0360987852940834, 0.0645843587343287, 
0.00926802542596193, 0.119397949244079), .Dim = c(27L, 7L), .Dimnames = list(
    c("1", "2", "3", "4", "5", "6", "7", "9", "10", "11", "12", 
    "13", "14", "15", "16", "17", "18", "20", "21", "22", "23", 
    "24", "25", "27", "28", "29", "30"), c("x1", "x2", "x3", 
    "x4", "x5", "x6", "x7")), assign = 1:7), qraux = c(1.24270012027145, 
1.14126962795671, 1.01583070000498, 1.12740049035641, 1.50698941160051, 
1.14045540335792, 1.03730103157384), pivot = 1:7, tol = 1e-07, 
    rank = 7L), .Names = c("qr", "qraux", "pivot", "tol", "rank"
), class = "qr"), df.residual = 20L, xlevels = structure(list(), .Names = character(0)), 
    call = quote(lm(formula = y ~ . + 0, data = structure(list(y = c(43, 
        63, 71, 61, 81, 43, 58, 72, 67, 64, 67, 69, 68, 77, 81, 
        74, 65, 50, 50, 64, 53, 40, 63, 78, 48, 85, 82), x1 = c(1.62217427400739, 
        0.784671641819387, 1.09415279415183, 2.18230501902982, 
        1.60030479703301, 1.15001899129221, 1.0759473035784, 
        -0.148449694408243, 0.558208312522228, -0.582948279215403, 
        0.884892558982667, 0.808462665788754, 0.771666481594897, 
        2.22518976419033, 1.29224370960461, 1.110266556943, 1.39813138154673, 
        2.35361472941018, 2.74578315528371, -0.968136755690484, 
        0.49333726395769, 0.843620917948916, -0.0123587932759979, 
        1.65097833841537, 0.14778108747645, -0.151694647107099, 
        0.411973597015204), x2 = c(54, 61, 75, 62, 85, 53, 62, 
        53, 63, 66, 67, 77, 83, 61, 63, 60, 55, 75, 66, 37, 82, 
        55, 37, 62, 62, 75, 83), x3 = c(56, 58, 68, 44, 71, 64, 
        45, 83, 68, 42, 39, 68, 68, 42, 46, 83, 58, 58, 49, 44, 
        58, 47, 57, 33, 42, 71, 68), x4 = c(54, 44, 72, 63, 71, 
        72, 54, 71, 54, 42, 71, 42, 54, 67, 54, 59, 74, 57, 48, 
        45, 59, 71, 54, 45, 63, 44, 56),