
expected <- structure(list(coefficients = structure(c(18.361460878128, 0.789814980001521, 
-0.129253055789431, -0.0856708370418271, 0.173687391484707, 0.0169838660908567, 
-0.159774803114185), .Names = c("x1", "x2", "x3", "x4", "x5", 
"x6", "x7")), residuals = structure(c(-11.0777383605496, 0.635799305491926, 
3.00422229515855, -0.177420949413873, 7.00800041979889, -13.477353487433, 
-0.694916960003398, -6.83899917598884, 4.04081486529611, 6.99716388350316, 
8.32030228013312, -5.83970436873538, 0.978217668231093, -1.40033536765979, 
-4.62258020425281, 9.66722396064871, -5.19718574748529, -4.80207073540485, 
4.88352166885549, 1.76486171213426, -0.381296228090536, 6.37788203104621, 
-5.09176590522198, 5.1345505365353, -9.26383041614318, 6.17927436365794, 
3.8733629158918), .Names = c("1", "2", "3", "4", "5", "6", "8", 
"9", "10", "12", "13", "14", "15", "16", "17", "18", "19", "20", 
"21", "22", "24", "25", "26", "27", "28", "29", "30")), effects = structure(c(-339.4819582835, 
54.8283956586102, 5.80475161533608, 3.30288222935978, 3.07832351716125, 
0.492334922950601, 6.15062425707751, -5.19304975706938, 5.03231659417636, 
8.3882718744105, 11.9992900456128, -8.52141087002585, 6.42665426386687, 
2.25222233917902, -3.45817209223008, 3.99600025333544, -1.15141910831573, 
-4.99241519805808, 5.5225533217312, 4.01624609418209, 1.47527910549576, 
13.0713731199264, -0.164535021353357, 10.6018249916626, -11.6190381014777, 
7.96977986249991, 5.93962212334972), .Names = c("x1", "x2", "x3", 
"x4", "x5", "x6", "x7", "", "", "", "", "", "", "", "", "", "", 
"", "", "", "", "", "", "", "", "", "")), rank = 7L, fitted.values = structure(c(54.0777383605496, 
62.3642006945081, 67.9957777048414, 61.1774209494139, 73.9919995802011, 
56.477353487433, 71.6949169600034, 78.8389991759888, 62.9591851347039, 
60.0028361164968, 60.6796977198669, 73.8397043687354, 76.0217823317689, 
82.4003353676598, 78.6225802042528, 55.3327760393513, 70.1971857474853, 
54.8020707354048, 45.1164783311445, 62.2351382878657, 40.3812962280905, 
56.6221179689538, 71.091765905222, 72.8654494634647, 57.2638304161432, 
78.8207256363421, 78.1266370841082), .Names = c("1", "2", "3", 
"4", "5", "6", "8", "9", "10", "12", "13", "14", "15", "16", 
"17", "18", "19", "20", "21", "22", "24", "25", "26", "27", "28", 
"29", "30")), assign = 1:7, qr = structure(list(qr = structure(c(-5.19615242270663, 
0.192450089729875, 0.192450089729875, 0.192450089729875, 0.192450089729875, 
0.192450089729875, 0.192450089729875, 0.192450089729875, 0.192450089729875, 
0.192450089729875, 0.192450089729875, 0.192450089729875, 0.192450089729875, 
0.192450089729875, 0.192450089729875, 0.192450089729875, 0.192450089729875, 
0.192450089729875, 0.192450089729875, 0.192450089729875, 0.192450089729875, 
0.192450089729875, 0.192450089729875, 0.192450089729875, 0.192450089729875, 
0.192450089729875, 0.192450089729875, -348.719562590534, 70.3467601717852, 
-0.0780287364412797, 0.0214783337195374, -0.191751102339356, 
0.135200699617614, -0.149105215127578, -0.248612285288395, 0.0499089251940565, 
0.0641242209313161, 0.035693629456797, -0.262827581025654, -0.177535806602097, 
-0.362334651186471, -0.291258172500173, 0.0641242209313161, -0.0780287364412797, 
0.0925548124058353, 0.348430135676508, 0.0499089251940565, 0.391076022888286, 
0.149415995354874, -0.177535806602097, -0.149105215127578, 0.106770108143095, 
-0.291258172500173, -0.248612285288395, -278.475279839129, 37.4320326308127, 
-53.0034098114856, -0.075706467318834, -0.012820834695724, 0.0769060743699957, 
-0.0970914619501152, 0.250473687390347, -0.0564200426149869, 
-0.0090434088263427, 0.160337273653413, 0.448364292940387, -0.040911043780521, 
-0.241739647228969, 0.0706103645876936, 0.330557384104143, -0.124342243063939, 
0.406443940963071, -0.0803131118449159, 0.0756469324135353, 0.118416921676098, 
-0.0455176883066029, 0.185489484839803, 0.0538422237967673, -0.0367139039256529, 
0.202677339616216, -0.372127766315544, -282.516731723457, 8.37122971194176, 
27.437443644394, -54.0685259246717, -0.0122278025731238, -0.156616366474895, 
0.207311463295978, -0.133191894974378, -0.341198193123176, -0.0341805868307793, 
0.333589605991112, 0.308974736300661, -0.265793901077918, 0.0838508798088129, 
-0.280318811554719, -0.119355729490048, -0.127168230392255, 0.225068218599516, 
-0.185550141113593, -0.155463787831674, -0.120217878269838, 0.350196721935054, 
0.0288285887143848, -0.0401547033809201, -0.0415302338434438, 
-0.261039841215129, 0.0322100573982766, -337.172557206741, 36.836569687152, 
-5.16778260521913, 10.439817285369, 39.9003513561418, 0.207890885962908, 
-0.105621992306916, 0.184012143037888, 0.120520211810729, 0.0812907415649454, 
0.118094634005165, 0.387994726506512, -0.113679325192065, 0.353689104875589, 
0.0297247870016768, 0.305128762218021, -0.181737939106251, -0.0544623727171247, 
0.249569603634838, -0.0127752396475343, 0.0633455258101882, -0.327329805305191, 
-0.387078514112227, -0.223637504120733, 0.236590289369338, 0.10849158542207, 
0.129443596245861, -390.288781972187, 8.70923785502774, -2.19264660625914, 
1.75439449287627, 18.4927746784801, 47.7173713459323, 0.327495695909799, 
-0.0716005382992679, -0.136269913709793, 0.0315659941996135, 
0.315039611449159, 0.0592521617818231, 0.0757879187880017, 0.457021521032168, 
0.0348084473067573, -0.123058082119249, -0.098527490161412, 0.0688347018622051, 
0.0825032324065972, -0.0570520958240267, 0.313460835963482, 0.146966318649073, 
0.24514949601519, 0.116193348446325, -0.224477805242166, 0.135523127765116, 
-0.029018994365779, -227.476006060713, 10.7846710326676, -14.0153888247995, 
19.8546617827324, 26.0738436649535, 1.99086787150707, -38.4955833910926, 
-0.445594737319437, -0.185751727703472, -0.0234134811425244, 
-0.225670579725677, -0.015835878477728, -0.174728339401101, 0.156387619644192, 
0.280022641170148, 0.417124393078751, -0.12235084824027, 0.187569997930656, 
-0.11839255230686, -0.198630615859007, 0.196138551735783, -0.224465895806183, 
0.443029066725525, -0.0608757148808399, -0.0349057153355314, 
0.10421780757132, 0.0460114667535986), .Dim = c(27L, 7L), .Dimnames = list(
    c("1", "2", "3", "4", "5", "6", "8", "9", "10", "12", "13", 
    "14", "15", "16", "17", "18", "19", "20", "21", "22", "24", 
    "25", "26", "27", "28", "29", "30"), c("x1", "x2", "x3", 
    "x4", "x5", "x6", "x7")), assign = 1:7), qraux = c(1.19245008972988, 
1.00726303798228, 1.29072539273999, 1.28966708722486, 1.01393664580626, 
1.49675283541543, 1.03416263851425), pivot = 1:7, tol = 1e-07, 
    rank = 7L), .Names = c("qr", "qraux", "pivot", "tol", "rank"
), class = "qr"), df.residual = 20L, xlevels = structure(list(), .Names = character(0)), 
    call = quote(lm(formula = y ~ . + 0, data = structure(list(y = c(43, 
        63, 71, 61, 81, 43, 71, 72, 67, 67, 69, 68, 77, 81, 74, 
        65, 65, 50, 50, 64, 40, 63, 66, 78, 48, 85, 82), x1 = c(1, 
        1, 1, 1, 1, 1, 1, 1, 1, 1, 1, 1, 1, 1, 1, 1, 1, 1, 1, 
        1, 1, 1, 1, 1, 1, 1, 1), x2 = c(51, 64, 70, 63, 78, 55, 
        75, 82, 61, 60, 62, 83, 77, 90, 85, 60, 70, 58, 40, 61, 
        37, 54, 77, 75, 57, 85, 82), x3 = c(30, 51, 68, 45, 56, 
        49, 50, 72, 45, 47, 57, 83, 54, 50, 64, 65, 46, 68, 33, 
        52, 42, 42, 66, 58, 44, 71, 39), x4 = c(66, 54, 45, 74, 
        58, 44, 72, 44, 39, 54, 69, 62, 45, 72, 42, 39, 54, 55, 
        45, 45, 42, 75, 54, 54, 54, 39, 72), x5 = c(61, 63, 76, 
        54, 71, 54, 70, 71, 62, 59, 55, 59, 79, 60, 79, 55, 75, 
        64, 43, 66, 50, 66, 88, 80, 51, 77, 64), x6 = c(92, 73, 
        86, 84, 83, 49, 66, 83, 80, 74, 63, 77, 77, 54, 79, 80, 
        85, 78, 64, 80, 57, 75, 76, 78, 83, 74, 78), x7 = c(45, 
        47, 48, 35, 47, 34, 41, 31, 41, 41, 25, 35, 46, 36, 63, 
        60, 46, 52, 33, 41, 49, 33, 72, 49, 38, 55, 39)), .Names = c("y", 
        "x1", "x2", "x3", "x4", "x5", "x6", "x7"),