
expected <- structure(list(coefficients = structure(c(10.7393181138338, 0.61358811440936, 
-0.0298216393020585, 0.263063912451539, 0.124552421523885, 0.0515373534325128, 
-0.268043068485636), .Names = c("x1", "x2", "x3", "x4", "x5", 
"x6", "x7")), residuals = structure(c(-7.8989888803004, 1.50424123335016, 
0.153846247193974, -1.12068213117882, 6.63312908661122, -11.2905883908558, 
-0.373196807709212, -9.01511670762323, 7.64020189334209, 10.1763551527708, 
7.80124620444017, -5.41259788480536, -0.151732133529996, -3.13766661059817, 
-1.59490064267507, 4.55446931798205, -3.70545923004772, -6.85625392645194, 
7.42552112705848, -0.519685822775943, -3.32930808802393, 4.95934928261536, 
-2.40732535228913, 1.90896094716763, -8.74334507496262, 6.8835589231224, 
5.91596826817305), .Names = c("1", "2", "3", "4", "5", "6", "8", 
"9", "10", "12", "13", "14", "15", "16", "17", "18", "19", "20", 
"21", "22", "24", "25", "26", "27", "28", "29", "30")), effects = structure(c(-339.4819582835, 
54.8283956586102, 3.42260539801174, 7.50787036400391, -0.202267899666337, 
1.64207095826905, -10.1423952869355, -10.1333342467525, 8.85122597468394, 
13.1125771791917, 9.54921401399058, -3.67166611356477, 1.80675624649627, 
-1.98612129895381, 2.69869199727446, 1.13987208247044, -1.45963329735189, 
-5.16085416321695, 7.8046694332865, -1.18352680576777, -3.16382492694934, 
6.50598334883093, 5.93851077886646, 3.77921293870143, -10.4655694752735, 
10.3628176467633, 6.39142294885525), .Names = c("x1", "x2", "x3", 
"x4", "x5", "x6", "x7", "", "", "", "", "", "", "", "", "", "", 
"", "", "", "", "", "", "", "", "", "")), rank = 7L, fitted.values = structure(c(50.8989888803004, 
61.4957587666498, 70.846153752806, 62.1206821311788, 74.3668709133888, 
54.2905883908558, 71.3731968077092, 81.0151167076232, 59.3597981066579, 
56.8236448472292, 61.1987537955598, 73.4125978848054, 77.15173213353, 
84.1376666105982, 75.5949006426751, 60.445530682018, 68.7054592300477, 
56.8562539264519, 42.5744788729415, 64.5196858227759, 43.3293080880239, 
58.0406507173846, 68.4073253522891, 76.0910390528324, 56.7433450749626, 
78.1164410768776, 76.0840317318269), .Names = c("1", "2", "3", 
"4", "5", "6", "8", "9", "10", "12", "13", "14", "15", "16", 
"17", "18", "19", "20", "21", "22", "24", "25", "26", "27", "28", 
"29", "30")), assign = 1:7, qr = structure(list(qr = structure(c(-5.19615242270663, 
0.192450089729875, 0.192450089729875, 0.192450089729875, 0.192450089729875, 
0.192450089729875, 0.192450089729875, 0.192450089729875, 0.192450089729875, 
0.192450089729875, 0.192450089729875, 0.192450089729875, 0.192450089729875, 
0.192450089729875, 0.192450089729875, 0.192450089729875, 0.192450089729875, 
0.192450089729875, 0.192450089729875, 0.192450089729875, 0.192450089729875, 
0.192450089729875, 0.192450089729875, 0.192450089729875, 0.192450089729875, 
0.192450089729875, 0.192450089729875, -348.719562590534, 70.3467601717852, 
-0.0780287364412797, 0.0214783337195374, -0.191751102339356, 
0.135200699617614, -0.149105215127578, -0.248612285288395, 0.0499089251940565, 
0.0641242209313161, 0.035693629456797, -0.262827581025654, -0.177535806602097, 
-0.362334651186471, -0.291258172500173, 0.0641242209313161, -0.0780287364412797, 
0.0925548124058353, 0.348430135676508, 0.0499089251940565, 0.391076022888286, 
0.149415995354874, -0.177535806602097, -0.149105215127578, 0.106770108143095, 
-0.291258172500173, -0.248612285288395, -292.90903656887, 21.9468371410247, 
-67.6803711263586, -0.175510821547735, 0.160061588738405, 0.153788670848557, 
-0.388728739025049, 0.320469161728509, 0.187545372668463, -0.236715170528813, 
0.183321267844864, 0.0946150665492843, -0.264198954458872, -0.260010986404159, 
0.307796847257712, 0.044016150588312, -0.175528889932179, 0.05246436023551, 
-0.00447974715308248, -0.167062611900537, -0.0213580980630354, 
0.0545854468395312, -0.0277936314128717, -0.388728739025049, 
-0.179716857986891, 0.130492854973211, 0.0988391713728834, -293.87128701752, 
38.6703428372584, 4.09642068118743, 49.3810752122541, -0.077483634769936, 
0.114759981056346, 0.0330114073791642, -0.0306528037049928, 0.12472272730647, 
0.214415250898802, 0.236337719549309, 0.393179886890641, -0.271300531331457, 
-0.128054371161694, -0.0400692657347249, -0.474020234507053, 
-0.0315268361832594, -0.0694793600806278, 0.12979855079955, -0.230307350364247, 
-0.391574980462888, 0.00844191615909256, -0.0548644857524455, 
-0.351751377115351, 0.0682350780645659, -0.106205603795355, 0.0993088388346098, 
-337.172557206741, 36.836569687152, 2.53153287719031, 16.8245357297635, 
37.9244003132532, 0.0877811081561585, -0.078537700938457, 0.134949377224548, 
-0.0393354396768887, -0.0900143117758184, 0.090712942523163, 
0.174539223144413, -0.0839549981676707, 0.514548108117005, -0.0295377530590661, 
0.47578420977177, -0.21129415182061, -0.0354980513959502, 0.133284705449301, 
0.0209225153280413, 0.221862630286492, -0.192182215945852, -0.419400829196176, 
-0.107461859736428, 0.175768999554464, 0.0381078605183951, 0.208428648282212, 
-390.288781972187, 8.70923785502774, -5.12332687146131, 2.3598397013438, 
19.5331117457293, 47.047381080483, 0.238159759626154, -0.0179649238007583, 
0.0106956984722084, 0.0666709895673857, 0.341568350818685, 0.0974459524939151, 
0.00735802407352618, 0.352600593439227, 0.134097834964858, -0.27934355421501, 
-0.097772955793976, -0.0134071789270348, 0.160867865508913, -0.132193663364686, 
0.20160625528397, 0.0996267294802074, 0.227098043369454, -0.0511119952385248, 
-0.23587099635934, 0.16841193213333, 0.0269397219683334, -227.476006060713, 
10.7846710326676, -1.02737030384959, 28.7254771585239, 22.1327442291893, 
2.91977909733509, 37.8386777327876, 0.377220728384373, -0.00171010532087568, 
-0.104620963874213, 0.212147479178844, -0.161745167457616, 0.245039792684911, 
0.034136516471967, -0.373995510848159, -0.255511036821976, 0.105981121072678, 
-0.141613052105223, 0.00792480705848407, 0.258844162762974, -0.0171572929952395, 
0.358289160683163, -0.440054184234883, 0.238953449149237, -0.0189614991264427, 
-0.164918379423218, -0.0202070314624428), .Dim = c(27L, 7L), .Dimnames = list(
    c("1", "2", "3", "4", "5", "6", "8", "9", "10", "12", "13", 
    "14", "15", "16", "17", "18", "19", "20", "21", "22", "24", 
    "25", "26", "27", "28", "29", "30"), c("x1", "x2", "x3", 
    "x4", "x5", "x6", "x7")), assign = 1:7), qraux = c(1.19245008972988, 
1.00726303798228, 1.14952842925607, 1.09417599846209, 1.08379478700668, 
1.59098547589171, 1.05909688777705), pivot = 1:7, tol = 1e-07, 
    rank = 7L), .Names = c("qr", "qraux", "pivot", "tol", "rank"
), class = "qr"), df.residual = 20L, xlevels = structure(list(), .Names = character(0)), 
    call = quote(lm(formula = y ~ . + 0, data = structure(list(y = c(43, 
        63, 71, 61, 81, 43, 71, 72, 67, 67, 69, 68, 77, 81, 74, 
        65, 65, 50, 50, 64, 40, 63, 66, 78, 48, 85, 82), x1 = c(1, 
        1, 1, 1, 1, 1, 1, 1, 1, 1, 1, 1, 1, 1, 1, 1, 1, 1, 1, 
        1, 1, 1, 1, 1, 1, 1, 1), x2 = c(51, 64, 70, 63, 78, 55, 
        75, 82, 61, 60, 62, 83, 77, 90, 85, 60, 70, 58, 40, 61, 
        37, 54, 77, 75, 57, 85, 82), x3 = c(56, 58, 68, 44, 71, 
        64, 33, 83, 68, 39, 68, 68, 42, 46, 83, 58, 46, 58, 49, 
        44, 47, 57, 58, 33, 42, 71, 68), x4 = c(39, 54, 69, 47, 
        66, 44, 55, 67, 47, 39, 42, 45, 72, 72, 69, 75, 57, 54, 
        34, 62, 58, 48, 63, 74, 45, 71, 59), x5 = c(61, 63, 76, 
        54, 71, 54, 70, 71, 62, 59, 55, 59, 79, 60, 79, 55, 75, 
        64, 43, 66, 50, 66, 88, 80, 51, 77, 64), x6 = c(92, 73, 
        86, 84, 83, 49, 66, 83, 80, 74, 63, 77, 77, 54, 79, 80, 
        85, 78, 64, 80, 57, 75, 76, 78, 83, 74, 78), x7 = c(45, 
        47, 48, 35, 47, 34, 41, 31, 41, 41, 25, 35, 46, 36, 63, 
        60, 46, 52, 33, 41, 49, 33, 72, 49, 38, 55, 39)), .Names = c("y", 
        "x1", "x2", "x3", "x4", "x5", "x6", "x7"),