
expected <- structure(list(coefficients = structure(c(18.3769466420985, 0.618777213983122, 
-0.0658654852546998, -0.0530970467478808, 0.215767232630447, 
0.0369253877577026, -0.124831936847993), .Names = c("x1", "x2", 
"x3", "x4", "x5", "x6", "x7")), residuals = structure(c(0.825904005182156, 
2.59490842168444, 0.149171828758059, -13.062503286123, -7.62812816387641, 
0.90835147237779, -4.55258385183265, 4.69888493162367, 8.65414582717195, 
7.11470284177196, 8.60419617385956, -4.18100702104867, 2.77671404846878, 
3.6033105577879, -2.62584780019237, 8.51714927922578, -4.37323008649587, 
-7.06485690202034, 3.9131310120179, 1.61545667837207, -11.8525820203132, 
-3.0516210435254, 5.06712517014792, -5.6143760556124, 5.87740702834058, 
-9.2072484113625, 8.29342536561235), .Names = c("2", "3", "4", 
"6", "7", "8", "9", "10", "11", "12", "13", "14", "15", "16", 
"17", "18", "19", "20", "21", "22", "23", "24", "25", "26", "27", 
"28", "29")), effects = structure(c(-333.516005501874, -45.8271796854879, 
-2.82732660593055, -2.46521188725633, -5.87003945780346, 1.82081008867574, 
-4.79645011350337, 8.76260282035024, 8.39925696525179, 7.35500033547328, 
5.02102343743285, -12.6950026205776, 7.1359843146214, -1.43083199274986, 
-1.85211661336423, 5.46865270507777, -1.16066052462406, -10.089133155983, 
6.49163075777053, 4.51579341009675, -11.5325196857444, -0.66841096853121, 
5.37159531894005, -5.15533624090356, 7.96863774194914, -10.3509712347232, 
8.93291133698468), .Names = c("x1", "x2", "x3", "x4", "x5", "x6", 
"x7", "", "", "", "", "", "", "", "", "", "", "", "", "", "", 
"", "", "", "", "", "")), rank = 7L, fitted.values = structure(c(62.1740959948178, 
68.4050915783156, 60.8508281712419, 56.062503286123, 65.6281281638764, 
70.0916485276222, 76.5525838518327, 62.3011150683763, 55.3458541728281, 
59.885297158228, 60.3958038261404, 72.1810070210487, 74.2232859515312, 
77.3966894422121, 76.6258478001924, 56.4828507207742, 69.3732300864959, 
57.0648569020203, 46.0868689879821, 62.3845433216279, 64.8525820203132, 
43.0516210435254, 57.9328748298521, 71.6143760556124, 72.1225929716594, 
57.2072484113625, 76.7065746343876), .Names = c("2", "3", "4", 
"6", "7", "8", "9", "10", "11", "12", "13", "14", "15", "16", 
"17", "18", "19", "20", "21", "22", "23", "24", "25", "26", "27", 
"28", "29")), assign = 1:7, qr = structure(list(qr = structure(c(-5.19615242270663, 
0.192450089729875, 0.192450089729875, 0.192450089729875, 0.192450089729875, 
0.192450089729875, 0.192450089729875, 0.192450089729875, 0.192450089729875, 
0.192450089729875, 0.192450089729875, 0.192450089729875, 0.192450089729875, 
0.192450089729875, 0.192450089729875, 0.192450089729875, 0.192450089729875, 
0.192450089729875, 0.192450089729875, 0.192450089729875, 0.192450089729875, 
0.192450089729875, 0.192450089729875, 0.192450089729875, 0.192450089729875, 
0.192450089729875, 0.192450089729875, -343.908310347287, -67.2761032913922, 
-0.0421028710864252, -0.16101582247051, 0.0173536046056173, 0.136266555989702, 
0.240315388450777, -0.0718311089324464, -0.190744060316531, -0.0866952278554571, 
-0.0569669900094358, 0.255179507373787, 0.165994793835724, 0.359228339834862, 
0.284907745219808, -0.0866952278554571, 0.0619459613746492, -0.116423465701478, 
-0.38397760631567, -0.0718311089324464, 0.00248948568260667, 
-0.428569963084701, -0.175879941393521, 0.165994793835724, 0.136266555989702, 
-0.131287584624489, 0.284907745219808, -282.709181813187, -36.8030079304512, 
46.9047665572452, -0.0611248653510839, 0.270548232368535, 0.221612896213294, 
-0.141002445516607, 0.115371580928528, -0.176809800349899, 0.0575291134291201, 
-0.125263079326525, -0.360317310932056, 0.166739472495275, 0.44965606351628, 
0.0751645466608243, -0.326227193683757, 0.230877686470715, -0.420592333842968, 
0.0519486847795985, -0.0338669829487023, 0.0421474061522932, 
-0.185538102237438, 0.0729108207059471, -0.0890980655799771, 
0.0510545374964592, 0.0758798644873358, -0.0740740172164058, 
-280.207330646698, -6.0997939876651, -22.1443581948049, 55.4821752033937, 
-0.147236561157025, -0.185367760438503, 0.0741757882973794, 0.349092515369248, 
-0.181104067085279, 0.0411501673121217, -0.351677460111109, -0.396191291107083, 
0.263507788221671, -0.0451055201846217, 0.251213577123168, 0.0573973808101179, 
0.148775543408486, -0.292036805870109, 0.213989130064744, 0.142129163805084, 
0.0266689837781233, 0.112953158707172, -0.322868589414252, -0.0681130630152398, 
0.026123032367791, 0.055449367042676, 0.206464485670593, -335.440506399173, 
-38.1446322939837, 2.79399501774129, -9.70928156971598, -39.0330262350263, 
0.0635649944150794, -0.163041449603392, 0.00633954060614458, 
0.0496334385651607, -0.0232056601971924, -0.150981390517289, 
-0.47594723241994, 0.180864442701949, -0.423963043075255, 0.0168602954330503, 
-0.22343408881357, 0.235773504648343, 0.069147063010758, -0.101652119658747, 
0.101156257039536, -0.0297273889287649, 0.0866175486275962, 0.318995857890499, 
0.395007961538624, 0.247242200955752, -0.172014263120435, -0.0651248942302236, 
-382.975678562452, -12.3443755040988, 11.0852083455286, -6.51409059723459, 
-14.5864586528934, 43.6252911352819, -0.131854013116596, -0.283591950738725, 
0.106709821101615, -0.0703379057563727, 0.291327526612731, 0.103686156085838, 
-0.0388849655997119, 0.598196440660874, -0.0408498299501957, 
-0.242480095843998, -0.237076750702548, -0.0727945994081637, 
-0.0602530880415667, -0.21222774126451, -0.157069814008583, 0.129785922027811, 
0.0104970977691968, 0.106862426162254, -0.00134158667501227, 
-0.324964626970947, 0.0743445873204496, -222.664753817466, -13.9386898893224, 
15.4279398067065, -22.5599952273493, -24.7582414719161, -1.68169542797701, 
38.4232611831056, 0.0784152395572537, 0.22695467017686, -0.00611997855039047, 
0.336882535523466, 0.14076381797359, 0.1066870277206, -0.0980675337163706, 
-0.327449059797426, -0.410021238225973, 0.0087382185453969, -0.113747479261229, 
0.0857575330236222, 0.143589415374818, 0.134006072603604, -0.147516364054435, 
0.223597344095409, -0.421345185143315, 0.0355147556172009, -0.0460320086467365, 
-0.0948012783531261), .Dim = c(27L, 7L), .Dimnames = list(c("2", 
"3", "4", "6", "7", "8", "9", "10", "11", "12", "13", "14", "15", 
"16", "17", "18", "19", "20", "21", "22", "23", "24", "25", "26", 
"27", "28", "29"), c("x1", "x2", "x3", "x4", "x5", "x6", "x7"
)), assign = 1:7), qraux = c(1.19245008972988, 1.06194596137465, 
1.14577733656893, 1.14639972216393, 1.11081044882834, 1.30994410736169, 
1.438246875879), pivot = 1:7, tol = 1e-07, rank = 7L), .Names = c("qr", 
"qraux", "pivot", "tol", "rank"), class = "qr"), df.residual = 20L, 
    xlevels = structure(list(), .Names = character(0)), call = quote(lm(formula = y ~ 
        . + 0, data = structure(list(y = c(63, 71, 61, 43, 58, 
        71, 72, 67, 64, 67, 69, 68, 77, 81, 74, 65, 65, 50, 50, 
        64, 53, 40, 63, 66, 78, 48, 85), x1 = c(1, 1, 1, 1, 1, 
        1, 1, 1, 1, 1, 1, 1, 1, 1, 1, 1, 1, 1, 1, 1, 1, 1, 1, 
        1, 1, 1, 1), x2 = c(64, 70, 63, 55, 67, 75, 82, 61, 53, 
        60, 62, 83, 77, 90, 85, 60, 70, 58, 40, 61, 66, 37, 54, 
        77, 75, 57, 85), x3 = c(51, 68, 45, 49, 42, 50, 72, 45, 
        53, 47, 57, 83, 54, 50, 64, 65, 46, 68, 33, 52, 52, 42, 
        42, 66, 58, 44, 71), x4 = c(54, 45, 74, 44, 72, 72, 44, 
        39, 58, 54, 69, 62, 45, 72, 42, 39, 54, 55, 45, 45, 54, 
        42, 75, 54, 54, 54, 39), x5 = c(63, 76, 54, 54, 66, 70, 
        71, 62, 58, 59, 55, 59, 79, 60, 79, 55, 75, 64, 43, 66, 
        63, 50, 66, 88, 80, 51, 77), x6 = c(73, 86, 84, 49, 68, 
        66, 83, 80, 67, 74, 63, 77, 77, 54, 79, 80, 85, 78, 64, 
        80, 80, 57, 75, 76, 78, 83, 74), x7 = c(47, 48, 35, 34, 
        35, 41, 31, 41, 34, 41, 25, 35, 46, 36, 63, 60, 46, 52, 
        33, 41, 37, 49, 33, 72, 49, 38, 55)), .Names = c("y", 
        "x1", "x2", "x3", "x4", "x5", "x6", "x7"),