
expected <- structure(list(coefficients = structure(c(12.7511493454856, 0.569191678075593, 
-0.0840397689631281, 0.361638960157533, 0.0432155828301517, 0.0359656587299504, 
-0.169041203228951), .Names = c("x1", "x2", "x3", "x4", "x5", 
"x6", "x7")), residuals = structure(c(-7.69374987064407, 2.03814518198279, 
-0.11991864652216, 6.94109253968972, -12.3143504688213, -9.20634834871382, 
0.468078369457973, -6.27313003340305, 7.79488424255136, 5.06824682457617, 
11.518948229574, 9.53231744477896, -0.659178346351039, 0.405845441914038, 
-3.9833274550581, -1.5214628069058, 1.54116933282958, -2.79258120576809, 
-6.57483629942414, 5.69371123219077, -10.5548183111429, 5.64027576488138, 
-2.14496735697952, 2.62101798045937, -8.24893177488961, 7.46622299694057, 
5.35764534279685), .Names = c("1", "2", "4", "5", "6", "7", "8", 
"9", "10", "11", "12", "13", "14", "15", "16", "17", "18", "19", 
"20", "21", "23", "25", "26", "27", "28", "29", "30")), effects = structure(c(-339.4819582835, 
47.9679701362602, -3.77147328366682, -12.3774262568539, -2.46364215164805, 
3.97533016440389, -6.04009280196219, -2.19306967510892, 8.22741372911874, 
3.76498378166482, 13.5017482764203, 13.7221492250316, 11.5959761221257, 
-2.18428329625614, 4.3237443240972, 4.1579446411436, 2.17895655389446, 
-5.85642639885783, -8.25104743874842, 4.54395559730077, -10.1741656529259, 
2.40655516842148, -4.67938446364733, -0.870364344776452, -5.19448101516059, 
10.7139694931642, 8.67750197415721), .Names = c("x1", "x2", "x3", 
"x4", "x5", "x6", "x7", "", "", "", "", "", "", "", "", "", "", 
"", "", "", "", "", "", "", "", "", "")), rank = 7L, fitted.values = structure(c(50.6937498706441, 
60.9618548180172, 61.1199186465222, 74.0589074603103, 55.3143504688213, 
67.2063483487138, 70.531921630542, 78.273130033403, 59.2051157574486, 
58.9317531754238, 55.481051770426, 59.467682555221, 68.659178346351, 
76.594154558086, 84.9833274550581, 75.5214628069058, 63.4588306671704, 
67.7925812057681, 56.5748362994241, 44.3062887678092, 63.5548183111429, 
57.3597242351186, 68.1449673569795, 75.3789820195406, 56.2489317748896, 
77.5337770030594, 76.6423546572031), .Names = c("1", "2", "4", 
"5", "6", "7", "8", "9", "10", "11", "12", "13", "14", "15", 
"16", "17", "18", "19", "20", "21", "23", "25", "26", "27", "28", 
"29", "30")), assign = 1:7, qr = structure(list(qr = structure(c(-5.19615242270663, 
0.192450089729875, 0.192450089729875, 0.192450089729875, 0.192450089729875, 
0.192450089729875, 0.192450089729875, 0.192450089729875, 0.192450089729875, 
0.192450089729875, 0.192450089729875, 0.192450089729875, 0.192450089729875, 
0.192450089729875, 0.192450089729875, 0.192450089729875, 0.192450089729875, 
0.192450089729875, 0.192450089729875, 0.192450089729875, 0.192450089729875, 
0.192450089729875, 0.192450089729875, 0.192450089729875, 0.192450089729875, 
0.192450089729875, 0.192450089729875, -352.183664205672, 64.6889995800419, 
0.0319993232125807, -0.199879359366827, 0.155667953921598, -0.0298349921419281, 
-0.153503622850946, -0.261713674721336, 0.0629164808898351, 0.186585111598853, 
0.0783750597284623, 0.0474579020512079, -0.277172253559963, -0.1844207805282, 
-0.385382305430354, -0.308089411237218, 0.0783750597284623, -0.0762107286578097, 
0.109292217405717, 0.387546636501006, -0.0143764133033009, 0.171126532760225, 
-0.1844207805282, -0.153503622850946, 0.124750796244344, -0.308089411237218, 
-0.261713674721336, -275.588528493181, 34.8470719420076, 52.7318171508579, 
-0.00302588873069625, -0.0902646576236263, 0.157257799394405, 
0.0820635886736593, -0.268189587627373, 0.0429785122827351, -0.185249401711592, 
-0.00451385976124781, -0.17502347479897, -0.467227691914387, 
0.0253372704040889, 0.225532685492643, -0.0877847059060403, -0.345863750065704, 
0.110096087579433, -0.421884611358978, 0.069688370272463, -0.0419456350071147, 
0.0329179154846191, -0.202229323132215, -0.0696474736838769, 
0.0236839692590316, -0.220531885468885, 0.357618544597464, -289.060034774273, 
42.7395352490623, 7.58598380241519, -43.6128567367463, -0.082562417843346, 
0.083462585487816, -0.0755820515145921, 0.00542536610869037, 
-0.065835650466478, 0.242456890713533, -0.247261274047552, -0.252524263626296, 
-0.566053919392197, 0.270177073640488, 0.134034117241475, 0.0552691144573855, 
0.488135826620449, 0.0503456045159889, 0.0156421294048419, -0.0516331758695666, 
-0.0921261415763596, 0.0561839639606067, 0.00378419612822483, 
0.320048159909756, -0.0586438059743317, 0.0661086535406638, -0.0129195773925251, 
-336.210306758092, 34.3214802614943, 2.22433458214142, -15.0478369131155, 
37.1521272902704, -0.0374601498146478, -0.0653487120640131, 0.138130185142434, 
-0.0383945646106891, 0.129786979720916, -0.0243578643669359, 
0.158865371339088, 0.325217087068073, -0.137242779638185, 0.456474543060338, 
-0.0669189733086741, 0.446674051791264, -0.234794352486996, 0.0259014783272711, 
0.166045712013644, 0.0218094808812521, -0.200514755944425, -0.411294858343322, 
-0.148102529415978, 0.207769606822958, 0.0285686891143607, 0.142034990875549, 
-396.832085023003, -2.99552905495178, -0.49277561995925, 4.89604682583078, 
-1.38498216524633, 43.1878550526283, -0.314683642235351, 0.0143468174279777, 
-0.0799687993143279, -0.186759730177488, -0.0748180243194307, 
-0.0908874717851436, 0.22847519592845, -0.121460440497376, 0.305239346703896, 
0.519873480836361, -0.0968490958298874, -0.205250883870314, -0.339361106604903, 
-0.340397821293493, -0.219893965745369, -0.197939793076131, -0.038231784682151, 
-0.164715699914283, -0.0176842797330558, 0.12424671027128, 0.0197166629989347, 
-221.317603189357, 16.3019301952679, 12.7879695700635, -22.8872802742183, 
23.7775235457291, -14.3281665182071, 35.7314825414573, 0.467485003200846, 
-0.0134131020246678, 0.305879393091497, -0.114755080853492, 0.288350320100091, 
0.00811355369509119, 0.21561268574358, -0.0122185677554947, -0.235974325941934, 
-0.375970675857889, 0.0589883810186098, -0.130174501985186, -0.105804683932551, 
0.0842877613396247, 0.359111920616436, -0.32927853308406, 0.203980018904299, 
-0.114210133775741, -0.0740691624175198, -0.105905476965891), .Dim = c(27L, 
7L), .Dimnames = list(c("1", "2", "4", "5", "6", "7", "8", "9", 
"10", "11", "12", "13", "14", "15", "16", "17", "18", "19", "20", 
"21", "23", "25", "26", "27", "28", "29", "30"), c("x1", "x2", 
"x3", "x4", "x5", "x6", "x7")), assign = 1:7), qraux = c(1.19245008972988, 
1.01654074437395, 1.06210772519193, 1.1105858676205, 1.1217415644853, 
1.02081744148795, 1.01397895647902), pivot = 1:7, tol = 1e-07, 
    rank = 7L), .Names = c("qr", "qraux", "pivot", "tol", "rank"
), class = "qr"), df.residual = 20L, xlevels = structure(list(), .Names = character(0)), 
    call = quote(lm(formula = y ~ . + 0, data = structure(list(y = c(43, 
        63, 61, 81, 43, 58, 71, 72, 67, 64, 67, 69, 68, 77, 81, 
        74, 65, 65, 50, 50, 53, 63, 66, 78, 48, 85, 82), x1 = c(1, 
        1, 1, 1, 1, 1, 1, 1, 1, 1, 1, 1, 1, 1, 1, 1, 1, 1, 1, 
        1, 1, 1, 1, 1, 1, 1, 1), x2 = c(51, 64, 63, 78, 55, 67, 
        75, 82, 61, 53, 60, 62, 83, 77, 90, 85, 60, 70, 58, 40, 
        66, 54, 77, 75, 57, 85, 82), x3 = c(30, 51, 45, 56, 49, 
        42, 50, 72, 45, 53, 47, 57, 83, 54, 50, 64, 65, 46, 68, 
        33, 52, 42, 66, 58, 44, 71, 39), x4 = c(39, 54, 47, 66, 
        44, 56, 55, 67, 47, 58, 39, 42, 45, 72, 72, 69, 75, 57, 
        54, 34, 50, 48, 63, 74, 45, 71, 59), x5 = c(61, 63, 54, 
        71, 54, 66, 70, 71, 62, 58, 59, 55, 59, 79, 60, 79, 55, 
        75, 64, 43, 63, 66, 88, 80, 51, 77, 64), x6 = c(64, 49, 
        80, 73, 80, 74, 92, 79, 77, 76, 78, 80, 76, 80, 74, 57, 
        74, 83, 84, 83, 85, 77, 75, 80, 75, 74, 83), x7 = c(45, 
        47, 35, 47, 34, 35, 41, 31, 41, 34, 41, 25, 35, 46, 36, 
        63, 60, 46, 52, 33, 37, 33, 72, 49, 38, 55, 39)), .Names = c("y", 
        "x1", "x2", "x3", "x4", "x5", "x6", "x7"),