
expected <- structure(list(coefficients = structure(c(4.83335153205628, 0.682563638206852, 
-0.0915117529293895, 0.334901746260461, -0.0740261136696689, 
0.104566255093463, -0.0757493092216145), .Names = c("x1", "x2", 
"x3", "x4", "x5", "x6", "x7")), residuals = structure(c(-6.27639064049409, 
2.29608906732714, 1.7710260441853, -0.683655151368729, 7.45757632381047, 
-6.80413612929514, -6.77514022207945, 0.960844203568809, -4.72142788767055, 
10.3427239804112, 7.27301999802188, 11.4559799433012, -3.3667479986769, 
0.620745780198779, -3.64549988956294, -2.00447046998916, -2.34437004215517, 
-6.67858771912132, 9.95212922648148, 0.419020170877637, -9.21888810191511, 
-3.75870974612005, -3.16066713870439, 1.68917157396811, -8.99175749371618, 
6.99636957669231, 7.19575274202484), .Names = c("1", "2", "3", 
"4", "5", "6", "7", "8", "9", "10", "11", "12", "14", "15", "16", 
"17", "19", "20", "21", "22", "23", "24", "26", "27", "28", "29", 
"30")), effects = structure(c(-335.248056309443, 55.507881731414, 
7.09089988542965, 11.2138234208629, -2.23073161796908, 4.98239967843024, 
-2.34338031466811, 5.48496641121172, -3.72950202351997, 11.5435005966248, 
7.63092451692791, 14.1731540975446, -2.4002026324515, 3.46117352979658, 
-4.89578075518239, -1.63183299005074, 1.04941329833119, -6.84914509734362, 
9.68257457923892, 0.731884802080922, -7.67557128484947, -6.89485732132637, 
1.68405672328583, 4.28647920545026, -11.0575378402497, 7.86771299410773, 
6.88707445848182), .Names = c("x1", "x2", "x3", "x4", "x5", "x6", 
"x7", "", "", "", "", "", "", "", "", "", "", "", "", "", "", 
"", "", "", "", "", "")), rank = 7L, fitted.values = structure(c(49.2763906404941, 
60.7039109326729, 69.2289739558147, 61.6836551513687, 73.5424236761895, 
49.8041361292951, 64.7751402220795, 70.0391557964312, 76.7214278876706, 
56.6572760195888, 56.7269800019781, 55.5440200566988, 71.3667479986769, 
76.3792542198012, 84.6454998895629, 76.0044704699892, 67.3443700421552, 
56.6785877191213, 40.0478707735185, 63.5809798291224, 62.2188881019151, 
43.75870974612, 69.1606671387044, 76.3108284260319, 56.9917574937162, 
78.0036304233077, 74.8042472579752), .Names = c("1", "2", "3", 
"4", "5", "6", "7", "8", "9", "10", "11", "12", "14", "15", "16", 
"17", "19", "20", "21", "22", "23", "24", "26", "27", "28", "29", 
"30")), assign = 1:7, qr = structure(list(qr = structure(c(-5.19615242270663, 
0.192450089729875, 0.192450089729875, 0.192450089729875, 0.192450089729875, 
0.192450089729875, 0.192450089729875, 0.192450089729875, 0.192450089729875, 
0.192450089729875, 0.192450089729875, 0.192450089729875, 0.192450089729875, 
0.192450089729875, 0.192450089729875, 0.192450089729875, 0.192450089729875, 
0.192450089729875, 0.192450089729875, 0.192450089729875, 0.192450089729875, 
0.192450089729875, 0.192450089729875, 0.192450089729875, 0.192450089729875, 
0.192450089729875, 0.192450089729875, -350.644063487833, 69.9767157041593, 
-0.0740027970375246, 0.0260304773103873, -0.188326539149424, 
0.140354219422287, -0.0311313937455624, -0.145455135857462, -0.245488410205373, 
0.0546114128383621, 0.168935154950261, 0.0689018806023495, -0.259778877969361, 
-0.174036071385436, -0.359812152317273, -0.288359813497336, -0.0740027970375246, 
0.0974828161303243, 0.354711235882098, 0.0546114128383621, -0.0168409259815749, 
0.39758263917406, -0.174036071385436, -0.145455135857462, 0.111773283894312, 
-0.288359813497336, -0.245488410205373, -285.595933159135, 26.2870508135629, 
-67.2157267496835, -0.156627608128242, 0.171250527898258, 0.180289042026381, 
-0.161433756372521, -0.379330641557665, 0.330096556487012, 0.210273496212924, 
-0.137173502206952, -0.216252247085068, 0.102013592452874, -0.255275215399734, 
-0.259737094227752, 0.315333842337914, -0.161318999900434, 0.0762615041501744, 
0.030940553454098, -0.14678579869551, 0.0368942664192471, 0.0159483263608262, 
-0.017235685460778, -0.379330641557665, -0.156857121072416, 0.136804194883697, 
0.10693449716924, -293.67883692779, 37.9020254461815, 4.56461553208831, 
43.7417591422883, -0.0945776298442166, 0.130588926829657, -0.0516419423092219, 
0.034178522586707, -0.0439835046732193, 0.139539889323406, -0.263511206640427, 
0.243435492661047, 0.435356202638062, -0.310742313850281, -0.153631826529555, 
-0.0556027553484459, -0.0380677402014137, -0.0779139387357353, 
0.153705124899955, -0.259349935605615, 0.104474917692798, -0.433737308294384, 
-0.06767721299358, -0.400189010236894, 0.0791591616296086, -0.129309697785071, 
0.103928032788778, -339.28950819377, 36.8715239374229, 1.53159583327314, 
20.8349020495987, 33.7591679836575, 0.0851191285329287, 0.00555662749136712, 
-0.0909716650605203, 0.180912934784854, -0.0569675425602798, 
0.18886318853339, -0.142672583455305, 0.132987074365067, -0.0306995027750552, 
0.616479066301111, -0.00123391969475504, -0.223446690216014, 
-0.0167456824164362, 0.124481225149853, 0.0756615674188534, -0.00946294037454409, 
0.330165241381789, -0.446646081154738, -0.044086170544093, 0.186407240198724, 
0.0842481629461207, 0.231454034771239, -389.711431702997, 9.93187509597131, 
-9.08894873596108, -4.79977555000301, 23.8370827000878, 43.5833054158569, 
0.165098675639919, 0.247758385708799, -0.0285646871651576, 0.0629142258744787, 
-0.0146531603970016, 0.127887767005432, 0.198193910394668, -0.0804557951662872, 
0.255361429733049, 0.152974519903181, -0.101837444282785, -0.0282381295400348, 
0.193545875181291, -0.224891075508108, -0.000503974173623343, 
0.0748646229520669, 0.278049982324545, -0.171764176263633, -0.271125985651502, 
0.150524397062286, 0.0333114760668832, -225.166604983954, 11.2561251087674, 
-6.27000586045627, 18.3651406556194, 29.3629883173126, -5.61136003571846, 
30.9359958361104, 0.0743943999900418, 0.432392680399433, 0.0774631286501304, 
0.256762405598679, -0.0451550916935284, -0.0664453929643148, 
0.151435486433397, -0.167261560397292, -0.421395275271377, 0.121481940599881, 
-0.202312616535958, 0.0406374406975087, 0.150644332590581, 0.158824884554147, 
-0.240617821379831, -0.42624207253904, 0.089342290421815, -0.120303679873902, 
-0.23420951544734, -0.042420193232105), .Dim = c(27L, 7L), .Dimnames = list(
    c("1", "2", "3", "4", "5", "6", "7", "8", "9", "10", "11", 
    "12", "14", "15", "16", "17", "19", "20", "21", "22", "23", 
    "24", "26", "27", "28", "29", "30"), c("x1", "x2", "x3", 
    "x4", "x5", "x6", "x7")), assign = 1:7), qraux = c(1.19245008972988, 
1.0117400095464, 1.16598535376563, 1.10630756584523, 1.12803144922779, 
1.6683928109818, 1.27693129026334), pivot = 1:7, tol = 1e-07, 
    rank = 7L), .Names = c("qr", "qraux", "pivot", "tol", "rank"
), class = "qr"), df.residual = 20L, xlevels = structure(list(), .Names = character(0)), 
    call = quote(lm(formula = y ~ . + 0, data = structure(list(y = c(43, 
        63, 71, 61, 81, 43, 58, 71, 72, 67, 64, 67, 68, 77, 81, 
        74, 65, 50, 50, 64, 53, 40, 66, 78, 48, 85, 82), x1 = c(1, 
        1, 1, 1, 1, 1, 1, 1, 1, 1, 1, 1, 1, 1, 1, 1, 1, 1, 1, 
        1, 1, 1, 1, 1, 1, 1, 1), x2 = c(51, 64, 70, 63, 78, 55, 
        67, 75, 82, 61, 53, 60, 83, 77, 90, 85, 70, 58, 40, 61, 
        66, 37, 77, 75, 57, 85, 82), x3 = c(56, 58, 68, 44, 71, 
        64, 45, 33, 83, 68, 42, 39, 68, 42, 46, 83, 46, 58, 49, 
        44, 58, 47, 58, 33, 42, 71, 68), x4 = c(39, 54, 69, 47, 
        66, 44, 56, 55, 67, 47, 58, 39, 45, 72, 72, 69, 57, 54, 
        34, 62, 50, 58, 63, 74, 45, 71, 59), x5 = c(61, 63, 76, 
        54, 71, 54, 66, 70, 71, 62, 58, 59, 59, 79, 60, 79, 75, 
        64, 43, 66, 63, 50, 88, 80, 51, 77, 64), x6 = c(92, 73, 
        86, 84, 83, 49, 68, 66, 83, 80, 67, 74, 77, 77, 54, 79, 
        85, 78, 64, 80, 80, 57, 76, 78, 83, 74, 78), x7 = c(45, 
        47, 48, 35, 47, 34, 35, 41, 31, 41, 34, 41, 35, 46, 36, 
        63, 46, 52, 33, 41, 37, 49, 72, 49, 38, 55, 39)), .Names = c("y", 
        "x1", "x2", "x3", "x4", "x5", "x6", "x7"),