
expected <- structure(list(coefficients = structure(c(20.993773197506, 0.72553798768198, 
-0.0974439876113446, -0.191853712385967, 0.271872187464169, -0.0234382103152257, 
-0.116684034248673), .Names = c("x1", "x2", "x3", "x4", "x5", 
"x6", "x7")), residuals = structure(c(-10.8898970172277, -0.949806543535087, 
6.61245959788539, 2.14074964347313, 10.6193364048339, -8.87550848843352, 
-9.41789529617617, -1.30134712457844, -1.59065629209124, 6.29651607188117, 
7.54413110161419, 11.1534424458484, -4.9172504019365, 3.95028077189597, 
-0.905934897350423, -3.38390794967626, -3.43477934477228, -5.01719353167745, 
6.06945161033703, 1.1644518238302, -10.4284057157783, 3.33546861028531, 
-4.9331869590232, 2.67196915081112, -5.46123596322304, 4.91347532717647, 
5.03527296560732), .Names = c("1", "2", "3", "4", "5", "6", "7", 
"8", "9", "10", "11", "12", "14", "15", "16", "17", "19", "20", 
"21", "22", "23", "24", "26", "27", "28", "29", "30")), effects = structure(c(-335.248056309443, 
55.507881731414, 5.01730832808559, 9.1212512401117, -6.30914700414646, 
-0.702220672691091, -3.71871064502827, 2.84279871963196, 1.5869156065278, 
8.40049833892454, 12.1105793831922, 12.6212567017837, 0.967130642370061, 
4.54778634306791, 8.75557338894492, -3.98020777516115, -3.53609759761199, 
-5.83664924304048, 11.0212464194185, 3.35773989719814, -7.70973823057572, 
3.19545037463114, -9.68011696881202, 4.02534286180497, -3.16170366321159, 
7.31434371985647, 10.3682171284383), .Names = c("x1", "x2", "x3", 
"x4", "x5", "x6", "x7", "", "", "", "", "", "", "", "", "", "", 
"", "", "", "", "", "", "", "", "", "")), rank = 7L, fitted.values = structure(c(53.8898970172277, 
63.9498065435351, 64.3875404021146, 58.8592503565269, 70.3806635951661, 
51.8755084884335, 67.4178952961762, 72.3013471245784, 73.5906562920912, 
60.7034839281188, 56.4558688983858, 55.8465575541516, 72.9172504019365, 
73.049719228104, 81.9059348973504, 77.3839079496763, 68.4347793447723, 
55.0171935316774, 43.930548389663, 62.8355481761698, 63.4284057157783, 
36.6645313897147, 70.9331869590232, 75.3280308491889, 53.461235963223, 
80.0865246728235, 76.9647270343927), .Names = c("1", "2", "3", 
"4", "5", "6", "7", "8", "9", "10", "11", "12", "14", "15", "16", 
"17", "19", "20", "21", "22", "23", "24", "26", "27", "28", "29", 
"30")), assign = 1:7, qr = structure(list(qr = structure(c(-5.19615242270663, 
0.192450089729875, 0.192450089729875, 0.192450089729875, 0.192450089729875, 
0.192450089729875, 0.192450089729875, 0.192450089729875, 0.192450089729875, 
0.192450089729875, 0.192450089729875, 0.192450089729875, 0.192450089729875, 
0.192450089729875, 0.192450089729875, 0.192450089729875, 0.192450089729875, 
0.192450089729875, 0.192450089729875, 0.192450089729875, 0.192450089729875, 
0.192450089729875, 0.192450089729875, 0.192450089729875, 0.192450089729875, 
0.192450089729875, 0.192450089729875, -350.644063487833, 69.9767157041593, 
-0.0740027970375246, 0.0260304773103873, -0.188326539149424, 
0.140354219422287, -0.0311313937455624, -0.145455135857462, -0.245488410205373, 
0.0546114128383621, 0.168935154950261, 0.0689018806023495, -0.259778877969361, 
-0.174036071385436, -0.359812152317273, -0.288359813497336, -0.0740027970375246, 
0.0974828161303243, 0.354711235882098, 0.0546114128383621, -0.0168409259815749, 
0.39758263917406, -0.174036071385436, -0.145455135857462, 0.111773283894312, 
-0.288359813497336, -0.245488410205373, -275.203628313722, 37.1192253786653, 
-51.7989002803227, -0.0646111375218958, 0.00305168115368953, 
0.0897822602435688, -0.161113265566024, -0.0838415133947335, 
0.273352707176091, -0.045318217241926, 0.186296897169124, 0.00293910122085157, 
0.476065967811465, -0.0259127170291181, -0.228538415494507, 0.0899698934649654, 
-0.112830929340394, 0.427646033890144, -0.074407704238998, 0.0898197868878481, 
0.0415874861879235, 0.128280538633523, 0.205752432907637, 0.0706019198964369, 
-0.0260378058433825, 0.22510789759474, -0.363726455149987, -303.686241593743, 
0.646246708882519, -4.71933314962821, -49.8194432574346, 0.21187772927374, 
0.301869679729626, -0.0394646328840864, -0.0330593060177934, 
0.121378867821998, -0.0468001366849897, -0.318648221201468, 0.28526041519004, 
-0.279573882116762, 0.143613707141991, -0.114683498742885, -0.081377094623402, 
0.0956362954207007, -0.104187532038719, -0.073672810028246, -0.26454829567567, 
0.00933090680477816, 0.344581081495671, 0.120165877825603, -0.316324318203959, 
0.144860087034197, -0.41956016030294, -0.00482820381529487, -339.28950819377, 
36.8715239374229, -8.58423415944909, -3.43449206630805, -38.6087495304354, 
-0.129944149648387, 0.0553095113383138, 0.0209011630687634, -0.153930076641714, 
-0.00398369141956147, -0.106686578075631, -0.0434117690192974, 
-0.596491378322466, 0.227801227236721, -0.410166271461477, 0.0484421195945449, 
0.246326320061238, -0.077267982099752, -0.193937033021245, 0.0272229689430101, 
-0.0710603072544713, 0.0119795636808373, 0.379526061301696, 0.192968069639319, 
-0.215718205903945, -0.0904653074052375, -0.134722110699967, 
-389.711431702997, 9.93187509597131, -2.61272901832825, -1.7513487512927, 
-17.1555247613781, 47.6356195705262, 0.203065227973203, 0.28009532611926, 
-0.0306280757016349, -0.0803006314885575, 0.110747495655737, 
0.0887033614505363, -0.100896172569814, 0.173810924606708, 0.399128767152338, 
0.0803496374075956, -0.0391489110090665, -0.0142257952280012, 
0.0838159412760111, -0.0832279346309591, -0.0608954407051897, 
0.395726976652087, 0.28428983402954, 0.0704463966206258, -0.205705601689171, 
0.0986180106276253, -0.0390792200675531, -225.166604983954, 11.2561251087674, 
-11.4580557756746, -3.90713687295595, -32.441485357428, -3.55038287771315, 
31.8699183566372, 0.110088189549173, 0.374462560282749, 0.0530450534080259, 
0.243509011537879, -0.0120039412285749, -0.115363278808408, 0.190367692546354, 
-0.197920902935286, -0.444815940329618, 0.161495358399873, -0.204542204782438, 
0.0137083923529576, 0.15920034341372, 0.148340444377602, -0.245802581230009, 
-0.37340999093078, 0.135149937227492, -0.110039103031689, -0.261450392303947, 
-0.0752113447507507), .Dim = c(27L, 7L), .Dimnames = list(c("1", 
"2", "3", "4", "5", "6", "7", "8", "9", "10", "11", "12", "14", 
"15", "16", "17", "19", "20", "21", "22", "23", "24", "26", "27", 
"28", "29", "30"), c("x1", "x2", "x3", "x4", "x5", "x6", "x7"
)), assign = 1:7), qraux = c(1.19245008972988, 1.0117400095464, 
1.31188851221032, 1.13099799143088, 1.00503896672883, 1.57558269766673, 
1.28129078599398), pivot = 1:7, tol = 1e-07, rank = 7L), .Names = c("qr", 
"qraux", "pivot", "tol", "rank"), class = "qr"), df.residual = 20L, 
    xlevels = structure(list(), .Names = character(0)), call = quote(lm(formula = y ~ 
        . + 0, data = structure(list(y = c(43, 63, 71, 61, 81, 
        43, 58, 71, 72, 67, 64, 67, 68, 77, 81, 74, 65, 50, 50, 
        64, 53, 40, 66, 78, 48, 85, 82), x1 = c(1, 1, 1, 1, 1, 
        1, 1, 1, 1, 1, 1, 1, 1, 1, 1, 1, 1, 1, 1, 1, 1, 1, 1, 
        1, 1, 1, 1), x2 = c(51, 64, 70, 63, 78, 55, 67, 75, 82, 
        61, 53, 60, 83, 77, 90, 85, 70, 58, 40, 61, 66, 37, 77, 
        75, 57, 85, 82), x3 = c(30, 51, 68, 45, 56, 49, 42, 50, 
        72, 45, 53, 47, 83, 54, 50, 64, 46, 68, 33, 52, 52, 42, 
        66, 58, 44, 71, 39), x4 = c(54, 44, 72, 63, 71, 72, 54, 
        57, 71, 54, 42, 71, 54, 67, 54, 59, 62, 57, 48, 45, 59, 
        71, 69, 45, 63, 44, 56), x5 = c(61, 63, 76, 54, 71, 54, 
        66, 70, 71, 62, 58, 59, 59, 79, 60, 79, 75, 64, 43, 66, 
        63, 50, 88, 80, 51, 77, 64), x6 = c(92, 73, 86, 84, 83, 
        49, 68, 66, 83, 80, 67, 74, 77, 77, 54, 79, 85, 78, 64, 
        80, 80, 57, 76, 78, 83, 74, 78), x7 = c(45, 47, 48, 35, 
        47, 34, 35, 41, 31, 41, 34, 41, 35, 46, 36, 63, 46, 52, 
        33, 41, 37, 49, 72, 49, 38, 55, 39)), .Names = c("y", 
        "x1", "x2", "x3", "x4", "x5", "x6", "x7"),