
expected <- structure(list(coefficients = structure(c(-3.44573574591763, 
0.681715364096628, -0.104384707276926, 0.369268109414816, 0.251016784358359, 
-0.0066493652971781, -0.188915791384053), .Names = c("x1", "x2", 
"x3", "x4", "x5", "x6", "x7")), residuals = structure(c(-4.03361700760913, 
-0.00763443688402432, 1.41701643870252, -0.0550963227347528, 
6.11165104829196, -9.23852277016964, -10.026948299157, -3.41934762324846, 
-2.06562339169786, 4.47611328093936, 13.4750490765518, 10.4498318437529, 
-5.29401226305339, -3.87609219155502, -1.33071759048397, 1.18355779325639, 
-4.15684217032348, 5.90428960733701, 1.86198692408214, -8.62001896460105, 
-1.9770937686046, 5.20312636193808, 0.127467747073534, 3.2580400048161, 
-8.27258818646402, 6.76157238945156, 2.14445247039295), .Names = c("1", 
"2", "3", "4", "5", "6", "7", "8", "9", "11", "12", "13", "14", 
"15", "18", "19", "20", "21", "22", "23", "24", "25", "26", "27", 
"28", "29", "30")), effects = structure(c(-330.436804066196, 
-51.0689079508119, 2.68611967430661, 13.3743426997647, 12.0282160277171, 
-1.8947081027204, -7.70296230455369, 0.95909400205334, -2.22415290599981, 
9.21174340669637, 13.0704806976689, 13.7961538798195, -3.75335518649854, 
0.297058417072418, 0.37583889030325, -0.503004756690256, -5.45882232898981, 
9.5041490556513, 2.99834154042568, -8.2982663356279, -0.426198445005391, 
8.60404565601594, -3.68531560554123, 4.65411141919238, -7.52400264850975, 
6.91559771994568, 5.14396494741252), .Names = c("x1", "x2", "x3", 
"x4", "x5", "x6", "x7", "", "", "", "", "", "", "", "", "", "", 
"", "", "", "", "", "", "", "", "", "")), rank = 7L, fitted.values = structure(c(47.0336170076091, 
63.007634436884, 69.5829835612975, 61.0550963227348, 74.888348951708, 
52.2385227701696, 68.026948299157, 74.4193476232485, 74.0656233916979, 
59.5238867190606, 53.5249509234482, 58.5501681562471, 73.2940122630534, 
80.876092191555, 66.330717590484, 63.8164422067436, 54.1568421703235, 
44.095710392663, 62.1380130759179, 61.6200189646011, 41.9770937686046, 
57.7968736380619, 65.8725322529265, 74.7419599951839, 56.272588186464, 
78.2384276105484, 79.8555475296071), .Names = c("1", "2", "3", 
"4", "5", "6", "7", "8", "9", "11", "12", "13", "14", "15", "18", 
"19", "20", "21", "22", "23", "24", "25", "26", "27", "28", "29", 
"30")), assign = 1:7, qr = structure(list(qr = structure(c(-5.19615242270663, 
0.192450089729875, 0.192450089729875, 0.192450089729875, 0.192450089729875, 
0.192450089729875, 0.192450089729875, 0.192450089729875, 0.192450089729875, 
0.192450089729875, 0.192450089729875, 0.192450089729875, 0.192450089729875, 
0.192450089729875, 0.192450089729875, 0.192450089729875, 0.192450089729875, 
0.192450089729875, 0.192450089729875, 0.192450089729875, 0.192450089729875, 
0.192450089729875, 0.192450089729875, 0.192450089729875, 0.192450089729875, 
0.192450089729875, 0.192450089729875, -339.09705810404, -64.6156729066964, 
0.108983611697181, 0.000650761707243416, 0.232792583114252, -0.123158209709828, 
0.062555247415779, 0.18636421883285, 0.294697068822788, -0.154110452564096, 
-0.0457776025741583, -0.0148253597198905, 0.310173190249921, 
0.217316461687118, -0.0457776025741583, 0.108983611697181, -0.0767298454284261, 
-0.355300031116836, -0.0303014811470244, 0.0470791259886451, 
-0.401728395398238, -0.138634331136962, 0.217316461687118, 0.18636421883285, 
-0.09220596685556, 0.341125433104189, 0.294697068822788, -276.165878762371, 
-38.1635422496297, -51.8743814456437, -0.0855473432092191, -0.04856337822439, 
0.0849309466482844, -0.190063826433519, -0.12921405674444, 0.213189566166732, 
0.185382533999306, -0.011979315364881, 0.157451833421777, 0.413569170333353, 
-0.0754469377310734, 0.335012773954993, -0.147967824504566, 0.416187023010466, 
-0.0484397098142874, 0.0727362590284481, 0.0143806736063798, 
0.160069686098891, -0.0383393043361418, 0.155881121815509, 0.0250046496199481, 
-0.0347979789982857, 0.158898876617943, -0.42296259758637, -289.252484864003, 
-31.3907329613699, -13.3466992843226, 48.2336760195802, -0.136472883490647, 
0.140388076539147, -0.101260795485054, 0.0269506847315662, -0.00615291317959386, 
-0.128078914877611, 0.254458693873492, 0.284006477751736, 0.544488861880237, 
-0.282411587864147, -0.345938555488481, -0.0735791413930778, 
0.103119148399489, 0.13807943157391, -0.176514074493189, 0.0989021682106239, 
-0.302490055363458, -0.0046328365620625, 0.00149287179026787, 
-0.302089745621851, 0.0897596230145777, -0.0812154818399324, 
-0.107903985368068, -332.746205142954, -5.81500932882492, 0.0591718352143782, 
1.38048107691382, 46.8747202675263, 0.127471780222905, -0.0661310093923702, 
-0.305678992164418, 0.50452601106609, -0.22082177194955, 0.0612695032855423, 
0.033412702498468, -0.205866979305858, -0.31845375842314, -0.357222109232541, 
0.289913548153128, 0.00250897708048337, -0.28382950213563, 0.0657591971652101, 
0.108624428500389, 0.134172166616782, -0.223465457723761, 0.160808857682274, 
0.0602175325116079, -0.102997589517426, 0.0885316501286266, -0.0943344028949441, 
-390.673682151647, -18.1024765522868, 4.6765930061464, 4.41255482406476, 
-5.50018058276004, 44.2581209280793, 0.220014754734437, 0.267102699586685, 
0.0659037605404328, 0.164573806765936, 0.0944161738933698, 0.354363900806826, 
0.110977669438819, 0.0156950837649894, -0.12383761583107, -0.0863238683944436, 
-0.00569295661227878, 0.1641010598322, -0.0490555586990326, -0.0106198077445964, 
0.371769712858169, -0.0154022954391307, 0.140130498088433, 0.0523590232162245, 
-0.158004243927173, 0.206156115810853, 0.0488118527475592, -220.932703009897, 
-10.2044959173061, -11.7299946118344, 25.1646453224406, -1.19260421227468, 
8.47160355192, 40.7745813524614, 0.0152258135591114, 0.431539304410723, 
0.289874306585992, -0.175596322290633, 0.20898736979408, 0.0157646405617053, 
0.189325528530525, -0.0512971234316133, -0.0223158459488354, 
-0.20051769483459, -0.0137145791411911, 0.192302601743034, 0.0923788884742459, 
-0.0950833205118613, 0.198052224059984, -0.624897022225691, 0.129061109280586, 
0.0463783927203666, -0.114301716918991, 0.145753900526877), .Dim = c(27L, 
7L), .Dimnames = list(c("1", "2", "3", "4", "5", "6", "7", "8", 
"9", "11", "12", "13", "14", "15", "18", "19", "20", "21", "22", 
"23", "24", "25", "26", "27", "28", "29", "30"), c("x1", "x2", 
"x3", "x4", "x5", "x6", "x7")), assign = 1:7), qraux = c(1.19245008972988, 
1.01612688313438, 1.2761336179975, 1.08835711112596, 1.02912713638389, 
1.64716816054838, 1.19492261764988), pivot = 1:7, tol = 1e-07, 
    rank = 7L), .Names = c("qr", "qraux", "pivot", "tol", "rank"
), class = "qr"), df.residual = 20L, xlevels = structure(list(), .Names = character(0)), 
    call = quote(lm(formula = y ~ . + 0, data = structure(list(y = c(43, 
        63, 71, 61, 81, 43, 58, 71, 72, 64, 67, 69, 68, 77, 65, 
        65, 50, 50, 64, 53, 40, 63, 66, 78, 48, 85, 82), x1 = c(1, 
        1, 1, 1, 1, 1, 1, 1, 1, 1, 1, 1, 1, 1, 1, 1, 1, 1, 1, 
        1, 1, 1, 1, 1, 1, 1, 1), x2 = c(51, 64, 70, 63, 78, 55, 
        67, 75, 82, 53, 60, 62, 83, 77, 60, 70, 58, 40, 61, 66, 
        37, 54, 77, 75, 57, 85, 82), x3 = c(30, 51, 68, 45, 56, 
        49, 42, 50, 72, 53, 47, 57, 83, 54, 65, 46, 68, 33, 52, 
        52, 42, 42, 66, 58, 44, 71, 39), x4 = c(39, 54, 69, 47, 
        66, 44, 56, 55, 67, 58, 39, 42, 45, 72, 75, 57, 54, 34, 
        62, 50, 58, 48, 63, 74, 45, 71, 59), x5 = c(54, 70, 66, 
        64, 64, 55, 66, 79, 43, 71, 59, 61, 77, 80, 79, 50, 62, 
        71, 59, 58, 51, 71, 58, 62, 66, 63, 70), x6 = c(92, 73, 
        86, 84, 83, 49, 68, 66, 83, 67, 74, 63, 77, 77, 80, 85, 
        78, 64, 80, 80, 57, 75, 76, 78, 83, 74, 78), x7 = c(45, 
        47, 48, 35, 47, 34, 35, 41, 31, 34, 41, 25, 35, 46, 60, 
        46, 52, 33, 41, 37, 49, 33, 72, 49, 38, 55, 39)), .Names = c("y", 
        "x1", "x2", "x3", "x4", "x5", "x6", "x7"),