
expected <- structure(list(coefficients = structure(c(0.444179971201148, 
0.575007291626108, 0.0236009234715459, 0.316614497831285, 0.135441075229247, 
0.105512716258385, -0.220497321906316), .Names = c("x1", "x2", 
"x3", "x4", "x5", "x6", "x7")), residuals = structure(c(-8.14859831378103, 
1.6783260320173, -1.97151818098803, 5.20990168210744, -8.12162284960291, 
0.953771143172738, -9.53555218862787, 7.93571353761198, 6.74103226769009, 
11.8907278889987, 9.76325623455306, -4.67298937478492, -1.01608717921699, 
-1.18718264057674, -3.86965565547028, 1.93795605874545, -3.98074060987516, 
8.93599459880671, 0.157497213366569, -11.0429888206846, -2.98677878000546, 
6.19020803732424, -4.94514478334262, 1.08188610328186, -7.41330211072089, 
5.92691393233812, 6.7668951502857), .Names = c("1", "2", "3", 
"5", "7", "8", "9", "10", "11", "12", "13", "14", "15", "16", 
"17", "18", "19", "21", "22", "23", "24", "25", "26", "27", "28", 
"29", "30")), effects = structure(c(-250.30369680753, -239.661319564852, 
-6.66810595047612, -15.0431921568078, -5.92492709786224, 4.6831551547352, 
-7.81806273133655, 9.39209966895616, 6.32024863408741, 13.8038001844775, 
13.4529780018843, -2.19727824237734, 1.06794265081671, -4.75767681519933, 
-6.76292062122964, -2.44226162335105, -1.46742989307932, 13.1597566163833, 
-1.02718688548213, -9.03029878628209, -5.94284736479388, 9.20878252651098, 
-5.0667563164606, 2.12400130036905, -7.10370648135732, 2.34390439609785, 
5.32990055841483), .Names = c("x1", "x2", "x3", "x4", "x5", "x6", 
"x7", "", "", "", "", "", "", "", "", "", "", "", "", "", "", 
"", "", "", "", "", "")), rank = 7L, fitted.values = structure(c(51.148598313781, 
61.3216739679827, 72.971518180988, 75.7900983178926, 66.1216228496029, 
70.0462288568273, 81.5355521886279, 59.064286462388, 57.2589677323099, 
55.1092721110013, 59.2367437654469, 72.6729893747849, 78.016087179217, 
82.1871826405767, 77.8696556554703, 63.0620439412546, 68.9807406098752, 
41.0640054011933, 63.8425027866334, 64.0429888206846, 42.9867787800055, 
56.8097919626758, 70.9451447833426, 76.9181138967181, 55.4133021107209, 
79.0730860676619, 75.2331048497143), .Names = c("1", "2", "3", 
"5", "7", "8", "9", "10", "11", "12", "13", "14", "15", "16", 
"17", "18", "19", "21", "22", "23", "24", "25", "26", "27", "28", 
"29", "30")), assign = 1:7, qr = structure(list(qr = structure(c(-6.74102934042426, 
0.116402347800789, 0.162312421278227, 0.237397690503494, 0.159611722370976, 
0.308097247831067, -0.022021814015558, 0.0828075779428511, -0.0864776356512214, 
0.131269649529069, 0.119931634318902, 0.114473093443965, 0.3300964365852, 
0.191698276976092, 0.164702822206248, 0.207406215125409, 0.20498645019251, 
0.407324017834774, -0.143618534618268, 0.0731842629729068, 0.125147195679736, 
-0.00183336885983945, 0.368453678124698, 0.244914872052977, 0.0219226293216444, 
-0.0225031874876177, 0.0611143456303775, -258.323037147125, -247.222993427159, 
0.119452711718052, 0.07608848433069, 0.110041579541486, -0.00734698514294274, 
0.353893411679689, 0.163229159164292, 0.301594260022897, 0.110310110660219, 
0.129834389035904, 0.220282896056266, -0.0214433582115724, 0.170715628673097, 
0.177715954588583, 0.033526198703387, 0.0764158495568417, -0.248990016592798, 
0.391580445506744, 0.193158951775226, 0.0234512026391208, 0.220275241878831, 
-0.0601267297848413, 0.0563725948114437, 0.208452053423326, 0.36651367160584, 
0.270050392065083, -195.753854790086, -197.215756598842, -52.6533349747974, 
-0.0442844027640464, -0.16960837540161, -0.0873971857616515, 
0.106732608993294, -0.0481158273794929, 0.16619189189183, 0.0222857599669113, 
0.17763885403211, 0.34863606832608, -0.0342078135622934, -0.357751510299222, 
-0.0250107105760466, 0.391068937972496, -0.123432058962649, 0.159606820229648, 
0.00475721021851693, 0.00502886080300348, 0.276587135728214, 
-0.0280680914478734, 0.207262409079523, 0.0421965625416919, -0.0275211948981356, 
0.0417318950712933, -0.490608532737751, -217.409542309264, -204.876197087339, 
-18.9243436833995, -51.4849880650537, 0.084039345307118, -0.0996096479394113, 
-0.07256524781316, -0.0499506065810418, 0.193429965346735, -0.220290502499367, 
-0.264819268128072, -0.623414354617205, 0.174527035298559, 0.108714808329611, 
-0.0197307042759955, 0.313224757200707, 0.0347751438971535, -0.0520839601965906, 
0.214005422434885, -0.0966873541391559, 0.405303048234648, 0.0722389162280567, 
-0.108964998088551, 0.209819038668189, -0.034400300869561, -0.0139516071600942, 
0.0436321942004147, -254.423725636262, -226.582850141965, -14.2605731229793, 
-23.0270929869263, -41.5471888060256, -0.0852065172928185, -0.111578411676911, 
0.130109944156122, 0.127553192448739, 0.089662932342938, -0.090411347774954, 
-0.3854732641793, -0.0556712016192619, -0.560964177319375, -0.0626505352572719, 
-0.412820192519396, 0.168776958385585, -0.137536546392427, 0.234533720260843, 
0.0456091522352019, 0.036110309534878, 0.375276589661722, 0.150935965567398, 
0.0178498111730877, -0.0245507304514036, -0.0298382536392827, 
-0.130071222645576, -282.828174554776, -261.015231891227, -25.9998373714432, 
-20.3480297340985, -47.7504843214393, 59.2379083733481, 0.00473008040325566, 
-0.1491545833479, -0.0433630163369402, -0.0677395585817089, 0.0803117167389023, 
0.0135604517334107, 0.273055118808913, 0.313901939719754, 0.234904460279543, 
-0.195562047258513, 0.0180913931773441, -0.140491708345903, -0.147400735990842, 
-0.11058231727752, 0.00359765352570928, -0.0447624453742855, 
0.496753655633932, 0.254641679543949, -0.403286783300621, 0.250235162167801, 
-0.0956604153129091, -176.802782601355, -137.162679539944, -23.7692853866841, 
-29.5853552785318, -21.4993637528215, 7.10755781364074, 35.4564974474304, 
-0.0436735169094555, 0.103393306756906, -0.125242973103209, 0.292322028008649, 
0.123481075004504, 0.266342704221121, 0.200548811674293, -0.354911018773441, 
-0.175152804994106, 0.0539585543476979, 0.169022882693859, -0.0238472194939293, 
0.0974015733232358, -0.223586766128383, 0.133223802616922, -0.473651549583618, 
0.165580488074034, -0.0369381447533461, -0.262532989586822, 0.0319084573161154
), .Dim = c(27L, 7L), .Dimnames = list(c("1", "2", "3", "5", 
"7", "8", "9", "10", "11", "12", "13", "14", "15", "16", "17", 
"18", "19", "21", "22", "23", "24", "25", "26", "27", "28", "29", 
"30"), c("x1", "x2", "x3", "x4", "x5", "x6", "x7")), assign = 1:7), 
    qraux = c(1.24064192456182, 1.14148354549495, 1.27930423178341, 
    1.04496766743675, 1.0450127665104, 1.3099304921817, 1.41336887621834
    ), pivot = 1:7, tol = 1e-07, rank = 7L), .Names = c("qr", 
"qraux", "pivot", "tol", "rank"), class = "qr"), df.residual = 20L, 
    xlevels = structure(list(), .Names = character(0)), call = quote(lm(formula = y ~ 
        . + 0, data = structure(list(y = c(43, 63, 71, 81, 58, 
        71, 72, 67, 64, 67, 69, 68, 77, 81, 74, 65, 65, 50, 64, 
        53, 40, 63, 66, 78, 48, 85, 82), x1 = c(1.62217427400739, 
        0.784671641819387, 1.09415279415183, 1.60030479703301, 
        1.0759473035784, 2.07689258733319, -0.148449694408243, 
        0.558208312522228, -0.582948279215403, 0.884892558982667, 
        0.808462665788754, 0.771666481594897, 2.22518976419033, 
        1.29224370960461, 1.110266556943, 1.39813138154673, 1.38181967513713, 
        2.74578315528371, -0.968136755690484, 0.49333726395769, 
        0.843620917948916, -0.0123587932759979, 2.48375705482583, 
        1.65097833841537, 0.14778108747645, -0.151694647107099, 
        0.411973597015204), x2 = c(51, 64, 70, 78, 67, 75, 82, 
        61, 53, 60, 62, 83, 77, 90, 85, 60, 70, 40, 61, 66, 37, 
        54, 77, 75, 57, 85, 82), x3 = c(30, 51, 68, 56, 42, 50, 
        72, 45, 53, 47, 57, 83, 54, 50, 64, 65, 46, 33, 52, 52, 
        42, 42, 66, 58, 44, 71, 39), x4 = c(39, 54, 69, 66, 56, 
        55, 67, 47, 58, 39, 42, 45, 72, 72, 69, 75, 57, 34, 62, 
        50, 58, 48, 63, 74, 45, 71, 59),