
expected <- structure(list(coefficients = structure(c(-5.10147175755666, 
0.356325281048424, -0.05367508906523, 0.579243360740958, 0.590361627746868, 
0.014357293408877, -0.534321767308906), .Names = c("x1", "x2", 
"x3", "x4", "x5", "x6", "x7")), residuals = structure(c(-5.40878257327348, 
4.69617577253569, -7.39557626686348, 4.81596669679988, 2.59535818774445, 
-8.05649183327873, -10.4128716554848, 5.18162165955855, -3.27182303134575, 
9.00010817126545, -2.20330497336798, 14.1733327548237, 4.67996881587143, 
-1.60671643850017, 7.66980364564767, 7.07884527285707, -2.74455329514276, 
-10.3704409062801, 4.98920843223115, 4.59019417987925, -15.8597253244034, 
-9.99286039585554, -3.85716102610496, -0.908581703998618, -3.69081419220723, 
8.92914054317228, 7.3799794837203), .Names = c("1", "2", "3", 
"4", "5", "6", "7", "8", "9", "10", "11", "12", "14", "15", "16", 
"17", "19", "20", "21", "22", "23", "24", "26", "27", "28", "29", 
"30")), effects = structure(c(-335.248056309443, 20.824482386296, 
-22.4965073609501, 38.3966946870879, 7.82284534344231, 3.17277852346035, 
-18.6142425010565, 9.76346063879031, -0.200973567849029, 9.68911181791886, 
-0.701153395310176, 15.7501421831318, 8.14870911747994, 2.21902549283253, 
9.56594787743664, 7.84099269119425, -0.124823051738217, -10.1801620589013, 
3.72778805484257, 3.32175088618565, -12.8052758713016, -13.9217638841017, 
0.916758119080658, 2.51853732888162, -6.80755198322107, 12.1816478587901, 
9.61878462089421), .Names = c("x1", "x2", "x3", "x4", "x5", "x6", 
"x7", "", "", "", "", "", "", "", "", "", "", "", "", "", "", 
"", "", "", "", "", "")), rank = 7L, fitted.values = structure(c(48.4087825732735, 
58.3038242274643, 78.3955762668635, 56.1840333032001, 78.4046418122555, 
51.0564918332787, 68.4128716554848, 65.8183783404415, 75.2718230313457, 
57.9998918287345, 66.203304973368, 52.8266672451763, 63.3200311841286, 
78.6067164385002, 73.3301963543523, 66.9211547271429, 67.7445532951428, 
60.3704409062801, 45.0107915677688, 59.4098058201207, 68.8597253244034, 
49.9928603958555, 69.857161026105, 78.9085817039986, 51.6908141922072, 
76.0708594568277, 74.6200205162797), .Names = c("1", "2", "3", 
"4", "5", "6", "7", "8", "9", "10", "11", "12", "14", "15", "16", 
"17", "19", "20", "21", "22", "23", "24", "26", "27", "28", "29", 
"30")), assign = 1:7, qr = structure(list(qr = structure(c(-5.19615242270663, 
0.192450089729875, 0.192450089729875, 0.192450089729875, 0.192450089729875, 
0.192450089729875, 0.192450089729875, 0.192450089729875, 0.192450089729875, 
0.192450089729875, 0.192450089729875, 0.192450089729875, 0.192450089729875, 
0.192450089729875, 0.192450089729875, 0.192450089729875, 0.192450089729875, 
0.192450089729875, 0.192450089729875, 0.192450089729875, 0.192450089729875, 
0.192450089729875, 0.192450089729875, 0.192450089729875, 0.192450089729875, 
0.192450089729875, 0.192450089729875, -339.09705810404, 56.8259200117797, 
-0.203390952048473, 0.0253778914177687, -0.379366985484043, 0.183756321509782, 
0.0253778914177687, 0.0605730981048828, 0.183756321509782, 0.00778028807421167, 
-0.0450125219564595, -0.0626101253000165, -0.344171778796929, 
0.0429754947613258, 0.00778028807421167, 0.0605730981048828, 
0.0605730981048828, -0.203390952048473, -0.0450125219564595, 
0.465317975006695, -0.326574175453372, 0.148561114822668, -0.238586158735587, 
0.0253778914177687, 0.0253778914177687, -0.203390952048473, -0.344171778796929, 
-275.203628313722, 21.7552000742441, -59.8971972023113, -0.0629415005865717, 
-0.00895013270847797, 0.0545747882496426, -0.113027316620118, 
0.0318093485341133, 0.43856604450683, -0.068578745118959, 0.0480716973733354, 
-0.0577371792261443, 0.453096700658212, 0.0929531920464541, 0.0148976149369512, 
0.265543156690662, -0.0349717395106149, 0.24776557674958, -0.285833742850306, 
0.194856516801386, -0.0588194871560441, -0.0735666048934064, 
0.203100543662441, 0.154097035558795, -0.0796367725977537, 0.297851392783126, 
-0.281495267833798, -293.67883692779, 2.15342523878196, -29.2112219490693, 
50.1279165009272, -0.238482049421725, 0.225377138561732, -0.126753611162564, 
-0.00578825593449719, 0.0376579779044896, 0.0847896982121508, 
-0.050428265725601, 0.254519331351201, 0.50542055039735, -0.301130748363186, 
-0.354998094307112, -0.120052092856297, -0.0928352291852833, 
0.175944157262654, 0.192601642886408, -0.0445960238383228, 0.0436297796667483, 
-0.143137486903349, -0.0338893417223312, -0.297238781292196, 
0.116259515129282, -0.127826446182194, -0.292504443628135, -339.28950819377, 
8.60392450882582, -27.1484522337608, 30.008916884867, 34.9861195531086, 
0.0693223632150118, -0.0134273851264201, -0.138714143379334, 
0.0948945970253958, -0.070994427882686, 0.292597924934762, -0.128211438586788, 
0.124442277325954, -0.0410074682382414, 0.501051374264632, -0.0846238408268167, 
-0.249474130253732, 0.103576392777349, 0.195837016495473, 0.0381994803753311, 
0.043765928651023, 0.459060831768133, -0.397655965921992, -0.0174055347861415, 
0.197392589499774, 0.0812975385137015, 0.17374496841685, -389.711431702997, 
8.67561844837363, -5.26335454099788, -0.946205562356083, 24.8057892564087, 
44.1905901512347, 0.175387034975472, 0.31469206466646, -0.121312683814477, 
-0.021285713743521, 0.128036788023417, 0.190913978103786, 0.236585855218079, 
-0.0097882459265286, 0.257054182253741, 0.0236422780745929, -0.0941777873113309, 
0.08622590195725, 0.213466238817373, -0.172373240283786, 0.0203952366735669, 
0.184825087079305, 0.319007912354255, -0.0249733742927033, -0.209725886037673, 
0.145448215461622, -0.0871311248923868, -225.166604983954, 8.81053340734088, 
-13.6844202163134, 15.6124955269046, 24.6813099258339, -4.75054809676165, 
34.837140539504, 0.189187855504029, 0.412647007239066, 0.0437320769653956, 
0.131446402538789, 0.00154617716951098, 0.0867263846074053, 0.174054695526484, 
0.0980948696666313, -0.328246359875309, 0.136873155556855, -0.291163786608296, 
-0.048966836021695, 0.076589712584846, 0.158434551606838, -0.433477816537075, 
-0.390363097971582, 0.095101650913435, -0.0905059844680085, -0.154002811839711, 
0.127807279059113), .Dim = c(27L, 7L), .Dimnames = list(c("1", 
"2", "3", "4", "5", "6", "7", "8", "9", "10", "11", "12", "14", 
"15", "16", "17", "19", "20", "21", "22", "23", "24", "26", "27", 
"28", "29", "30"), c("x1", "x2", "x3", "x4", "x5", "x6", "x7"
)), assign = 1:7), qraux = c(1.19245008972988, 1.04297549476133, 
1.24776557674958, 1.08814884852537, 1.15707231709453, 1.61498756111349, 
1.29172442234706), pivot = 1:7, tol = 1e-07, rank = 7L), .Names = c("qr", 
"qraux", "pivot", "tol", "rank"), class = "qr"), df.residual = 20L, 
    xlevels = structure(list(), .Names = character(0)), call = quote(lm(formula = y ~ 
        . + 0, data = structure(list(y = c(43, 63, 71, 61, 81, 
        43, 58, 71, 72, 67, 64, 67, 68, 77, 81, 74, 65, 50, 50, 
        64, 53, 40, 66, 78, 48, 85, 82), x1 = c(1, 1, 1, 1, 1, 
        1, 1, 1, 1, 1, 1, 1, 1, 1, 1, 1, 1, 1, 1, 1, 1, 1, 1, 
        1, 1, 1, 1), x2 = c(54, 61, 75, 62, 85, 53, 62, 60, 53, 
        63, 66, 67, 83, 61, 63, 60, 60, 75, 66, 37, 82, 55, 77, 
        62, 62, 75, 83), x3 = c(30, 51, 68, 45, 56, 49, 42, 50, 
        72, 45, 53, 47, 83, 54, 50, 64, 46, 68, 33, 52, 52, 42, 
        66, 58, 44, 71, 39), x4 = c(39, 54, 69, 47, 66, 44, 56, 
        55, 67, 47, 58, 39, 45, 72, 72, 69, 57, 54, 34, 62, 50, 
        58, 63, 74, 45, 71, 59), x5 = c(61, 63, 76, 54, 71, 54, 
        66, 70, 71, 62, 58, 59, 59, 79, 60, 79, 75, 64, 43, 66, 
        63, 50, 88, 80, 51, 77, 64), x6 = c(92, 73, 86, 84, 83, 
        49, 68, 66, 83, 80, 67, 74, 77, 77, 54, 79, 85, 78, 64, 
        80, 80, 57, 76, 78, 83, 74, 78), x7 = c(45, 47, 48, 35, 
        47, 34, 35, 41, 31, 41, 34, 41, 35, 46, 36, 63, 46, 52, 
        33, 41, 37, 49, 72, 49, 38, 55, 39)), .Names = c("y", 
        "x1", "x2", "x3", "x4", "x5", "x6", "x7"),