
expected <- structure(list(coefficients = structure(c(4.66985886017373, 0.679086929142217, 
-0.128313441256342, 0.347221090698002, 0.0754048589844152, -0.102947501687037
), .Names = c("x1", "x2", "x3", "x4", "x5", "x6")), residuals = structure(c(-8.30012099660822, 
1.99660215453413, 2.01777705545826, 0.271532601951292, 6.21025067460463, 
-8.20463236502409, -7.74826751091798, 1.96126040478408, -5.44746309955337, 
8.54901090629562, 8.4484125267942, 12.714922597441, -0.212019018865125, 
0.898865829265596, -3.73768127483742, -3.6097341085039, -2.76895570819491, 
-4.60983455574163, 9.16684703253445, 1.23888863461998, -9.40168292946323, 
-3.79938334560037, -2.68434315652889, 3.30928891725609, -7.70356971901021, 
7.14746208032026, 4.29656637298972), .Names = c("1", "2", "3", 
"4", "5", "6", "7", "8", "9", "10", "11", "12", "14", "15", "16", 
"17", "19", "20", "21", "22", "23", "24", "26", "27", "28", "29", 
"30")), effects = structure(c(-335.248056309443, 55.507881731414, 
5.01730832808559, 12.937982009321, -2.77990537595613, -4.30303550762955, 
-3.94400806808337, 5.99271491525864, -2.65405625556778, 9.34792209040423, 
11.1401366740234, 13.9625263499064, 2.18872883250682, 3.62371294497256, 
4.1320813373378, -2.17655264471993, -2.0292111440078, -4.95566560080055, 
11.0274110987007, 2.36104623523618, -7.97734457017109, -1.83438020405553, 
-2.40201128694726, 5.47040112407429, -7.46027894579953, 9.78358039443343, 
7.75865216060405), .Names = c("x1", "x2", "x3", "x4", "x5", "x6", 
"", "", "", "", "", "", "", "", "", "", "", "", "", "", "", "", 
"", "", "", "", "")), rank = 6L, fitted.values = structure(c(51.3001209966082, 
61.0033978454659, 68.9822229445417, 60.7284673980487, 74.7897493253954, 
51.2046323650241, 65.748267510918, 69.0387395952159, 77.4474630995534, 
58.4509890937044, 55.5515874732058, 54.285077402559, 68.2120190188651, 
76.1011341707344, 84.7376812748374, 77.6097341085039, 67.7689557081949, 
54.6098345557416, 40.8331529674656, 62.76111136538, 62.4016829294632, 
43.7993833456004, 68.6843431565289, 74.6907110827439, 55.7035697190102, 
77.8525379196797, 77.7034336270103), .Names = c("1", "2", "3", 
"4", "5", "6", "7", "8", "9", "10", "11", "12", "14", "15", "16", 
"17", "19", "20", "21", "22", "23", "24", "26", "27", "28", "29", 
"30")), assign = 1:6, qr = structure(list(qr = structure(c(-5.19615242270663, 
0.192450089729875, 0.192450089729875, 0.192450089729875, 0.192450089729875, 
0.192450089729875, 0.192450089729875, 0.192450089729875, 0.192450089729875, 
0.192450089729875, 0.192450089729875, 0.192450089729875, 0.192450089729875, 
0.192450089729875, 0.192450089729875, 0.192450089729875, 0.192450089729875, 
0.192450089729875, 0.192450089729875, 0.192450089729875, 0.192450089729875, 
0.192450089729875, 0.192450089729875, 0.192450089729875, 0.192450089729875, 
0.192450089729875, 0.192450089729875, -350.644063487833, 69.9767157041593, 
-0.0740027970375246, 0.0260304773103873, -0.188326539149424, 
0.140354219422287, -0.0311313937455624, -0.145455135857462, -0.245488410205373, 
0.0546114128383621, 0.168935154950261, 0.0689018806023495, -0.259778877969361, 
-0.174036071385436, -0.359812152317273, -0.288359813497336, -0.0740027970375246, 
0.0974828161303243, 0.354711235882098, 0.0546114128383621, -0.0168409259815749, 
0.39758263917406, -0.174036071385436, -0.145455135857462, 0.111773283894312, 
-0.288359813497336, -0.245488410205373, -275.203628313722, 37.1192253786653, 
-51.7989002803227, -0.0646111375218958, 0.00305168115368953, 
0.0897822602435688, -0.161113265566024, -0.0838415133947335, 
0.273352707176091, -0.045318217241926, 0.186296897169124, 0.00293910122085157, 
0.476065967811465, -0.0259127170291181, -0.228538415494507, 0.0899698934649654, 
-0.112830929340394, 0.427646033890144, -0.074407704238998, 0.0898197868878481, 
0.0415874861879235, 0.128280538633523, 0.205752432907637, 0.0706019198964369, 
-0.0260378058433825, 0.22510789759474, -0.363726455149987, -293.67883692779, 
37.9020254461815, -7.52187192325024, 43.33126643185, -0.121492937648673, 
0.135014367433991, -0.0835009050119497, 0.064907370321727, -6.93956314350381e-05, 
0.0915809510779477, -0.178492309224744, 0.280997970441483, 0.591510443853834, 
-0.282447065505078, -0.194720363674145, -0.0742433357923988, 
-0.0527603812070296, 0.0603482267727822, 0.123980681013588, -0.206851483211803, 
0.114317693405659, -0.395054295483173, 0.00709158923035469, -0.31901745600949, 
0.0955309830565158, -0.0726614600816332, -0.0404954151910349, 
-389.711431702997, 9.93187509597131, -2.61272901832825, -6.25623984676714, 
-50.2731634884312, -0.576963816692652, -0.158843615200137, -0.278676375114045, 
-0.0068574713388969, 0.0454091494321676, -0.149830817589989, 
-0.122404447552371, -0.302295027907969, 0.00657204353847194, 
-0.495471557517107, -0.0537687906868537, 0.152396760739432, -0.0447616325421414, 
-0.189713652194152, 0.0969005451950667, 0.00643326180103021, 
-0.222225328533354, -0.117157575630072, 0.0291443238754373, 0.117765110423222, 
-0.173676185462505, -0.00199768837704007, -225.166604983954, 
11.2561251087674, -11.4580557756746, 15.8896201680194, -9.81991219818761, 
41.7983480620139, 0.176881936674593, -0.0235155773598756, 0.421942126485251, 
0.00219628675206319, 0.310490656811488, -0.1171841784757, 0.0251933612874744, 
0.112470023468058, 0.183467942820717, -0.358631080068385, -0.017378888228892, 
-0.139559936637409, 0.0656096386032334, 0.201789565767529, 0.115947016836302, 
-0.0117709834737731, -0.617067920423279, 0.0854219048747357, 
0.0813821206179223, -0.154685958047862, 0.0745175923199496), .Dim = c(27L, 
6L), .Dimnames = list(c("1", "2", "3", "4", "5", "6", "7", "8", 
"9", "10", "11", "12", "14", "15", "16", "17", "19", "20", "21", 
"22", "23", "24", "26", "27", "28", "29", "30"), c("x1", "x2", 
"x3", "x4", "x5", "x6")), assign = 1:6), qraux = c(1.19245008972988, 
1.0117400095464, 1.31188851221032, 1.1092741072632, 1.0788987508244, 
1.04317381672894), pivot = 1:6, tol = 1e-07, rank = 6L), .Names = c("qr", 
"qraux", "pivot", "tol", "rank"), class = "qr"), df.residual = 21L, 
    xlevels = structure(list(), .Names = character(0)), call = quote(lm(formula = y ~ 
        . + 0, data = structure(list(y = c(43, 63, 71, 61, 81, 
        43, 58, 71, 72, 67, 64, 67, 68, 77, 81, 74, 65, 50, 50, 
        64, 53, 40, 66, 78, 48, 85, 82), x1 = c(1, 1, 1, 1, 1, 
        1, 1, 1, 1, 1, 1, 1, 1, 1, 1, 1, 1, 1, 1, 1, 1, 1, 1, 
        1, 1, 1, 1), x2 = c(51, 64, 70, 63, 78, 55, 67, 75, 82, 
        61, 53, 60, 83, 77, 90, 85, 70, 58, 40, 61, 66, 37, 77, 
        75, 57, 85, 82), x3 = c(30, 51, 68, 45, 56, 49, 42, 50, 
        72, 45, 53, 47, 83, 54, 50, 64, 46, 68, 33, 52, 52, 42, 
        66, 58, 44, 71, 39), x4 = c(39, 54, 69, 47, 66, 44, 56, 
        55, 67, 47, 58, 39, 45, 72, 72, 69, 57, 54, 34, 62, 50, 
        58, 63, 74, 45, 71, 59), x5 = c(92, 73, 86, 84, 83, 49, 
        68, 66, 83, 80, 67, 74, 77, 77, 54, 79, 85, 78, 64, 80, 
        80, 57, 76, 78, 83, 74, 78), x6 = c(45, 47, 48, 35, 47, 
        34, 35, 41, 31, 41, 34, 41, 35, 46, 36, 63, 46, 52, 33, 
        41, 37, 49, 72, 49, 38, 55, 39)), .Names = c("y", "x1", 
        "x2", "x3", "x4", "x5", "x6"), row.names = c("1", "2", 
        "3", "4", "5", "6", "7", "8", "9", "10", "11", "12", 
        "14", "15", "16", "17", "19", "20", "21", "22", "23", 
        "24", "26", "27", "28", "29", "30"), class = "data.frame"))), 
    terms = y ~ x1 + x2 + x3 + x4 + x5 + x6 + 0, model = structure(list(
        y = c(43, 63, 71, 61, 81, 43, 58, 71, 72, 67, 64, 67, 
        68, 77, 81, 74, 65, 50, 50, 64, 53, 40, 66, 78, 48, 85, 
        82), x1 = c(1, 1, 1, 1, 1, 1, 1, 1, 1, 1, 1, 1, 1, 1, 
        1, 1, 1, 1, 1, 1, 1, 1, 1, 1, 1, 1, 1), x2 = c(51, 64, 
        70, 63, 78, 55, 67, 75, 82, 61, 53, 60, 83, 77, 90, 85, 
        70, 58, 40, 61, 66, 37, 77, 75, 57, 85, 82), x3 = c(30, 
        51, 68, 45, 56, 49, 42, 50, 72, 45, 53, 47, 83, 54, 50, 
        64, 46, 68, 33, 52, 52, 42, 66, 58, 44, 71, 39),