
expected <- structure(list(coefficients = structure(c(18.6569641603462, 0.748227406112356, 
-0.0277950298579757, -0.120247560924347, 0.207370165247325, 0.0153496758956612, 
-0.239719799737149), .Names = c("x1", "x2", "x3", "x4", "x5", 
"x6", "x7")), residuals = structure(c(-8.32073122964638, 1.44938049781565, 
1.69466538528632, 1.25663639879498, 7.78170412429473, -13.9562722039937, 
-7.30300060571439, 0.573077873475476, 4.38518275869448, 9.22905375349259, 
7.45494138977139, -8.02407441490824, 0.408965546325569, -3.9195342770191, 
9.69557811370345, -4.09131698160134, -5.55401154304015, 5.75377285043691, 
1.47175267225709, -12.5239250131922, 0.37924102505545, 7.19781102577536, 
-4.09795849921673, 5.29084265037704, -8.33012584202672, 5.48801856128946, 
6.61032598351296), .Names = c("1", "2", "3", "4", "5", "6", "7", 
"8", "10", "11", "13", "14", "16", "17", "18", "19", "20", "21", 
"22", "23", "24", "25", "26", "27", "28", "29", "30")), effects = structure(c(-331.591504604575, 
-52.8406667457116, 1.16535851229253, 2.23337215067591, 2.44126458717523, 
-0.489697982096205, -7.94097613327313, 4.69140259429178, 5.29358057328203, 
12.6274100645709, 9.90558220491911, -12.1254460351767, 1.53439188999302, 
-3.51890395185523, 5.72459940568711, -1.33253451573475, -5.18792019108173, 
7.61115638842396, 3.39782232275504, -11.8849106432121, 4.37066654166291, 
12.6082945786008, 0.281528414632835, 9.30327061066993, -10.5459556312861, 
6.34371341382445, 6.37318891281298), .Names = c("x1", "x2", "x3", 
"x4", "x5", "x6", "x7", "", "", "", "", "", "", "", "", "", "", 
"", "", "", "", "", "", "", "", "", "")), rank = 7L, fitted.values = structure(c(51.3207312296464, 
61.5506195021844, 69.3053346147137, 59.743363601205, 73.2182958757053, 
56.9562722039937, 65.3030006057144, 70.4269221265245, 62.6148172413055, 
54.7709462465074, 61.5450586102286, 76.0240744149082, 80.5910344536744, 
77.9195342770191, 55.3044218862966, 69.0913169816013, 55.5540115430401, 
44.2462271495631, 62.5282473277429, 65.5239250131922, 39.6207589749446, 
55.8021889742246, 70.0979584992167, 72.709157349623, 56.3301258420267, 
79.5119814387105, 75.389674016487), .Names = c("1", "2", "3", 
"4", "5", "6", "7", "8", "10", "11", "13", "14", "16", "17", 
"18", "19", "20", "21", "22", "23", "24", "25", "26", "27", "28", 
"29", "30")), assign = 1:7, qr = structure(list(qr = structure(c(-5.19615242270663, 
0.192450089729875, 0.192450089729875, 0.192450089729875, 0.192450089729875, 
0.192450089729875, 0.192450089729875, 0.192450089729875, 0.192450089729875, 
0.192450089729875, 0.192450089729875, 0.192450089729875, 0.192450089729875, 
0.192450089729875, 0.192450089729875, 0.192450089729875, 0.192450089729875, 
0.192450089729875, 0.192450089729875, 0.192450089729875, 0.192450089729875, 
0.192450089729875, 0.192450089729875, 0.192450089729875, 0.192450089729875, 
0.192450089729875, 0.192450089729875, -342.368709629448, -68.8379740162845, 
0.0946285258367066, -0.00705953369775985, 0.210843451018954, 
-0.123274458880007, 0.0510479288933639, 0.167262854075611, -0.0361132649933217, 
-0.152328190175569, -0.0215863993455408, 0.283477779257859, 0.385165838792325, 
0.312531510553421, -0.0506401306411026, 0.0946285258367066, -0.0796938619366645, 
-0.341177443596721, -0.0361132649933217, 0.0365210632455829, 
-0.384758040540064, -0.137801324527788, 0.196316585371173, 0.167262854075611, 
-0.0942207275844454, 0.312531510553421, 0.268950913610078, -273.471577506153, 
-33.2358545059397, -53.2510494878393, -0.070052322797673, -0.00669154004805236, 
0.0814411228608679, -0.164578018240964, -0.0907237925312555, 
-0.0509579339970586, 0.175651402117566, 0.164842542970884, 0.452604748528973, 
-0.233931708535864, 0.0767098800619636, 0.334168712683665, -0.118103710985803, 
0.409600019326341, -0.0758145229588567, 0.080494874301087, 0.032758902299551, 
0.121837813768252, -0.0404644910369705, 0.190645380492463, 0.0595079883809109, 
-0.0315481290098505, 0.208162688360109, -0.364122852087635, -290.407185402382, 
-12.0669830647567, 28.472069924617, -53.4452600385596, -0.0285386053752878, 
-0.184236985527475, 0.163432609109767, 0.189584744501619, -0.371576095814095, 
0.139214972637582, 0.317754416888036, 0.312128413053289, 0.0685206794210643, 
-0.293687263096436, -0.136706066221686, -0.152213582655437, 0.212827403695481, 
-0.225901460809152, -0.179932014597576, -0.0518901043911774, 
-0.155761255951068, 0.324486998368442, 0.018088945560676, -0.0564888158633989, 
-0.0699713021109932, -0.2704397804465, 0.00834868024115568, -332.938655232684, 
-34.7369639562104, -5.90088014670624, 7.98832040664785, 39.2754571906138, 
0.222762198159732, -0.120720149375388, -0.108967324598962, 0.117118620281074, 
0.0165345100214294, 0.143347403330155, 0.39223708648864, 0.33136071744508, 
-0.0026424138660522, 0.319338409759625, -0.193730672910208, -0.028427479505378, 
0.281814397004127, -0.00923660300579291, 0.0731911016851622, 
0.101430868330061, -0.300294527181207, -0.401686153119296, -0.237307761078106, 
0.252746747722764, 0.0796307664588217, 0.11046247102533, -386.632230267319, 
-8.06563862688463, -1.53998245972937, 3.07341032862851, 18.239653966941, 
48.5073357153419, 0.212551671249696, 0.273168128760034, -0.125003998456809, 
0.232251012523499, 0.301217355377812, 0.014182177278301, 0.387369909795393, 
-0.0191536674166762, -0.103759994618401, -0.129184444161373, 
0.065410308049702, 0.142544775085459, -0.0567760760128213, -0.0721230932458303, 
0.368381379193988, 0.132848304948104, 0.181184934266606, 0.0672950839981933, 
-0.204213696608199, 0.0840447672157751, -0.081425277382095, -225.166604983954, 
-15.0934134080444, -18.1722398077161, 24.599574977154, 24.9594161350409, 
5.14880233189792, 33.1260752844795, -0.000422141205062745, 0.256104513227887, 
0.113219064129557, 0.199171106735988, 0.0872133707557885, -0.080984051701317, 
-0.144737843378865, -0.481489789110677, 0.223368246852617, -0.254889603892624, 
0.00870899876964927, 0.256161382699672, 0.235632585428582, -0.371087665450514, 
0.179548577580942, -0.399761003933588, 0.171108400289462, 0.00778111999607552, 
0.0522156864288415, 0.038518522666671), .Dim = c(27L, 7L), .Dimnames = list(
    c("1", "2", "3", "4", "5", "6", "7", "8", "10", "11", "13", 
    "14", "16", "17", "18", "19", "20", "21", "22", "23", "24", 
    "25", "26", "27", "28", "29", "30"), c("x1", "x2", "x3", 
    "x4", "x5", "x6", "x7")), assign = 1:7), qraux = c(1.19245008972988, 
1.00746733195002, 1.29503368652266, 1.2671576899341, 1.00052172794135, 
1.51253740638585, 1.12488343616727), pivot = 1:7, tol = 1e-07, 
    rank = 7L), .Names = c("qr", "qraux", "pivot", "tol", "rank"
), class = "qr"), df.residual = 20L, xlevels = structure(list(), .Names = character(0)), 
    call = quote(lm(formula = y ~ . + 0, data = structure(list(y = c(43, 
        63, 71, 61, 81, 43, 58, 71, 67, 64, 69, 68, 81, 74, 65, 
        65, 50, 50, 64, 53, 40, 63, 66, 78, 48, 85, 82), x1 = c(1, 
        1, 1, 1, 1, 1, 1, 1, 1, 1, 1, 1, 1, 1, 1, 1, 1, 1, 1, 
        1, 1, 1, 1, 1, 1, 1, 1), x2 = c(51, 64, 70, 63, 78, 55, 
        67, 75, 61, 53, 62, 83, 90, 85, 60, 70, 58, 40, 61, 66, 
        37, 54, 77, 75, 57, 85, 82), x3 = c(30, 51, 68, 45, 56, 
        49, 42, 50, 45, 53, 57, 83, 50, 64, 65, 46, 68, 33, 52, 
        52, 42, 42, 66, 58, 44, 71, 39), x4 = c(66, 54, 45, 74, 
        58, 44, 72, 72, 39, 58, 69, 62, 72, 42, 39, 54, 55, 45, 
        45, 54, 42, 75, 54, 54, 54, 39, 72), x5 = c(61, 63, 76, 
        54, 71, 54, 66, 70, 62, 58, 55, 59, 60, 79, 55, 75, 64, 
        43, 66, 63, 50, 66, 88, 80, 51, 77, 64), x6 = c(92, 73, 
        86, 84, 83, 49, 68, 66, 80, 67, 63, 77, 54, 79, 80, 85, 
        78, 64, 80, 80, 57, 75, 76, 78, 83, 74, 78), x7 = c(45, 
        47, 48, 35, 47, 34, 35, 41, 41, 34, 25, 35, 36, 63, 60, 
        46, 52, 33, 41, 37, 49, 33, 72, 49, 38, 55, 39)), .Names = c("y", 
        "x1", "x2", "x3", "x4", "x5", "x6", "x7"),