
expected <- structure(list(coefficients = structure(c(4.33584668351232, 0.686439170928738, 
-0.00349472988906056, 0.313404054090658, 0.0817024220612675, 
-0.214219906300635), .Names = c("x1", "x2", "x3", "x4", "x5", 
"x6")), residuals = structure(c(-6.33888765984987, 0.482320456838182, 
-0.519548881900263, 5.91996985289471, -9.42847956679842, -7.78918748911804, 
1.50938531858154, -9.51079370749609, 8.46545858600609, 7.10007734024328, 
12.1563341818058, 9.34939911843076, 0.994989865568352, -4.20574163165869, 
-3.04303047771072, 2.51665705988968, -2.18045234217323, -6.06884967896439, 
0.788860883869651, -10.7393659468887, -1.92501513855437, 7.64139739865068, 
-1.49101690306923, 3.31599631564139, -8.0532383370724, 6.04937738323264, 
5.00338399960159), .Names = c("1", "3", "4", "5", "6", "7", "8", 
"9", "10", "11", "12", "13", "15", "16", "17", "18", "19", "20", 
"22", "23", "24", "25", "26", "27", "28", "29", "30")), effects = structure(c(-338.327257745121, 
-53.1510040063286, 2.38481266822958, -8.69855043732628, 1.39074560976927, 
-9.24362523089934, 3.667135410857, -4.96477113010511, 9.91482617178436, 
10.2097728036431, 14.9524310295534, 16.0600359153176, 0.791697612802356, 
-2.27208324572279, -4.07589325412675, 1.29708331621907, -2.48032207907087, 
-3.64184623025988, 1.74795657955853, -8.03999976542113, -1.98055723784812, 
9.9483792187755, -2.83225993160428, 2.9764385397884, -6.29894612053025, 
7.16579921323329, 4.9770392451915), .Names = c("x1", "x2", "x3", 
"x4", "x5", "x6", "", "", "", "", "", "", "", "", "", "", "", 
"", "", "", "", "", "", "", "", "", "")), rank = 6L, fitted.values = structure(c(49.3388876598499, 
70.5176795431618, 61.5195488819003, 75.0800301471053, 52.4284795667984, 
65.789187489118, 69.4906146814185, 81.5107937074961, 58.5345414139939, 
56.8999226597567, 54.8436658181942, 59.6506008815692, 76.0050101344316, 
85.2057416316587, 77.0430304777107, 62.4833429401103, 67.1804523421732, 
56.0688496789644, 63.2111391161303, 63.7393659468887, 41.9250151385544, 
55.3586026013493, 67.4910169030692, 74.6840036843586, 56.0532383370724, 
78.9506226167674, 76.9966160003984), .Names = c("1", "3", "4", 
"5", "6", "7", "8", "9", "10", "11", "12", "13", "15", "16", 
"17", "18", "19", "20", "22", "23", "24", "25", "26", "27", "28", 
"29", "30")), assign = 1:6, qr = structure(list(qr = structure(c(-5.19615242270663, 
0.192450089729875, 0.192450089729875, 0.192450089729875, 0.192450089729875, 
0.192450089729875, 0.192450089729875, 0.192450089729875, 0.192450089729875, 
0.192450089729875, 0.192450089729875, 0.192450089729875, 0.192450089729875, 
0.192450089729875, 0.192450089729875, 0.192450089729875, 0.192450089729875, 
0.192450089729875, 0.192450089729875, 0.192450089729875, 0.192450089729875, 
0.192450089729875, 0.192450089729875, 0.192450089729875, 0.192450089729875, 
0.192450089729875, 0.192450089729875, -348.527112500804, -64.4348651884355, 
-0.0229669383926948, 0.209826285526274, -0.147123324482811, 0.0391112546523634, 
0.16326764074248, 0.271904478571332, -0.0540060349152239, -0.17816242100534, 
-0.0695255831764885, -0.0384864866539594, 0.194306737265009, 
0.396060864661448, 0.318463123355125, -0.0695255831764885, 0.0856698994361571, 
-0.100564679699018, -0.0540060349152239, 0.0235917063910989, 
-0.426475193185573, -0.162642872744076, 0.194306737265009, 0.16326764074248, 
-0.116084227960282, 0.318463123355125, 0.271904478571332, -274.626278044532, 
-24.9910710853059, 49.1208079475144, 0.0332697122450195, -0.1175759361763, 
0.17798279240609, 0.117154307922394, -0.241440185980785, 0.0403824137808932, 
-0.224516643047355, -0.0130879396546342, -0.191158831431529, 
0.0612312441374779, 0.308470469495412, -0.0403131830102102, -0.37953142363057, 
0.134814139392708, -0.466114159169628, -0.102123385543082, -0.0383513316854092, 
-0.204649530739946, 0.0121754523761407, -0.183064411846479, -0.0457094627335769, 
0.00972274202675147, -0.182818982334185, 0.430372867975097, -299.837239799146, 
-35.2696104189331, 21.7298843053379, -39.9436645615164, -0.177617837000547, 
0.106779989075908, -0.100743421629851, -0.163450290946938, -0.103742940267717, 
0.137116691742865, -0.321904565512506, -0.400929011325126, 0.252106902281073, 
0.186143551267977, -0.0326140735118242, 0.335221351322635, 0.0498186683736243, 
-0.212714672469972, 0.17684128669816, -0.169819303439769, 0.434275378359838, 
0.0267153585700828, -0.135972710318455, 0.266418319331288, -0.103259952891661, 
-0.0774882175469095, 0.083863901372416, -390.481232061917, -5.97042769591686, 
1.69755370724668, 2.26011109235466, 51.6504754072648, 0.216185658302124, 
0.280907467845012, -0.0517329791335699, -0.0513878929363864, 
0.146300719041333, 0.0562828689922718, 0.261752286124228, 0.0709276335129301, 
0.588224582989113, 0.0547073467958803, -0.0914007830510291, -0.10495038690758, 
-0.0679155314505276, -0.063645568883698, -0.038639696498535, 
0.279161827772548, 0.0156672530583689, 0.0692959304353311, 0.0345667237862265, 
-0.127718614019931, 0.139261896481466, 0.102820612831392, -225.743955253144, 
-11.8276201693348, 20.5044038044349, -16.9699421678191, 13.2070981659831, 
43.1501693307946, -0.0843380449502709, 0.491713336167308, -0.00575648608236473, 
0.311216297286078, -0.0977112921993223, 0.298673545527078, 0.0513858462833168, 
0.00592197267203128, -0.342747008675456, -0.00273391268710612, 
-0.0553211004857711, 0.00358361153546747, 0.197782148770509, 
0.133032717168067, -0.0602191726364433, 0.189695098080398, -0.549770929176843, 
0.0555371298615798, 0.086261087824825, -0.112632953075429, -0.0675765038365446
), .Dim = c(27L, 6L), .Dimnames = list(c("1", "3", "4", "5", 
"6", "7", "8", "9", "10", "11", "12", "13", "15", "16", "17", 
"18", "19", "20", "22", "23", "24", "25", "26", "27", "28", "29", 
"30"), c("x1", "x2", "x3", "x4", "x5", "x6")), assign = 1:6), 
    qraux = c(1.19245008972988, 1.08566989943616, 1.06589123532396, 
    1.06552080427392, 1.51180413461731, 1.07601912597918), pivot = 1:6, 
    tol = 1e-07, rank = 6L), .Names = c("qr", "qraux", "pivot", 
"tol", "rank"), class = "qr"), df.residual = 21L, xlevels = structure(list(), .Names = character(0)), 
    call = quote(lm(formula = y ~ . + 0, data = structure(list(y = c(43, 
        71, 61, 81, 43, 58, 71, 72, 67, 64, 67, 69, 77, 81, 74, 
        65, 65, 50, 64, 53, 40, 63, 66, 78, 48, 85, 82), x1 = c(1, 
        1, 1, 1, 1, 1, 1, 1, 1, 1, 1, 1, 1, 1, 1, 1, 1, 1, 1, 
        1, 1, 1, 1, 1, 1, 1, 1), x2 = c(51, 70, 63, 78, 55, 67, 
        75, 82, 61, 53, 60, 62, 77, 90, 85, 60, 70, 58, 61, 66, 
        37, 54, 77, 75, 57, 85, 82), x3 = c(30, 68, 45, 56, 49, 
        42, 50, 72, 45, 53, 47, 57, 54, 50, 64, 65, 46, 68, 52, 
        52, 42, 42, 66, 58, 44, 71, 39), x4 = c(39, 69, 47, 66, 
        44, 56, 55, 67, 47, 58, 39, 42, 72, 72, 69, 75, 57, 54, 
        62, 50, 58, 48, 63, 74, 45, 71, 59), x5 = c(92, 86, 84, 
        83, 49, 68, 66, 83, 80, 67, 74, 63, 77, 54, 79, 80, 85, 
        78, 80, 80, 57, 75, 76, 78, 83, 74, 78), x6 = c(45, 48, 
        35, 47, 34, 35, 41, 31, 41, 34, 41, 25, 46, 36, 63, 60, 
        46, 52, 41, 37, 49, 33, 72, 49, 38, 55, 39)), .Names = c("y", 
        "x1", "x2", "x3", "x4", "x5", "x6"), row.names = c("1", 
        "3", "4", "5", "6", "7", "8", "9", "10", "11", "12", 
        "13", "15", "16", "17", "18", "19", "20", "22", "23", 
        "24", "25", "26", "27", "28", "29", "30"), class = "data.frame"))), 
    terms = y ~ x1 + x2 + x3 + x4 + x5 + x6 + 0, model = structure(list(
        y = c(43, 71, 61, 81, 43, 58, 71, 72, 67, 64, 67, 69, 
        77, 81, 74, 65, 65, 50, 64, 53, 40, 63, 66, 78, 48, 85, 
        82), x1 = c(1, 1, 1, 1, 1, 1, 1, 1, 1, 1, 1, 1, 1, 1, 
        1, 1, 1, 1, 1, 1, 1, 1, 1, 1, 1, 1, 1), x2 = c(51, 70, 
        63, 78, 55, 67, 75, 82, 61, 53, 60, 62, 77, 90, 85, 60, 
        70, 58, 61, 66, 37, 54, 77, 75, 57, 85, 82), x3 = c(30, 
        68, 45, 56, 49, 42, 50, 72, 45, 53, 47, 57, 54, 50, 64, 
        65, 46, 68, 52, 52, 42, 42, 66, 58, 44, 71, 39),