
expected <- structure(list(coefficients = structure(c(33.3789413073007, 0.695440064071133, 
-0.0571036291452451, 0.213050932431955, -0.290813055853744, 0.0455198229134677, 
-0.20489674840567), .Names = c("x1", "x2", "x3", "x4", "x5", 
"x6", "x7")), residuals = structure(c(-5.01712679446317, -1.46846555428586, 
-3.4519127935834, 5.30387412804861, 2.90583005271139, -7.49405849462347, 
-4.45565574362747, 3.80787162224336, 9.16239208876512, 6.37934433409634, 
6.51399563724376, -5.08813584937893, -5.66766300674727, 0.42292727915276, 
0.820442674425513, -6.480163728517, -0.967039394731528, 5.61369073867157, 
-1.28665538735739, -4.43000066897873, -3.01147899443601, 4.74477917447242, 
2.8136561282642, -0.996348735837891, -9.76460358001904, 6.20440621952887, 
4.88609864896326), .Names = c("1", "2", "3", "4", "5", "6", "7", 
"8", "10", "11", "13", "14", "16", "17", "18", "19", "20", "21", 
"22", "23", "24", "25", "26", "27", "28", "29", "30")), effects = structure(c(-331.591504604575, 
-52.8406667457116, 1.16535851229253, 13.6513149923323, -18.625030632087, 
-1.05825302737725, -7.21162277890564, 5.83317696776115, 8.95637995508422, 
9.7516114811434, 6.63499119671177, -6.17463249146823, -1.17912565042351, 
2.79772519774097, 4.5596931747744, -7.27733204812675, 1.28361794448116, 
4.76233084027414, 0.597136526233287, -2.78077399340166, 1.40363011883147, 
4.97244776647748, 4.70066529393126, 1.5566466538868, -10.833856736229, 
8.91663978180654, 5.58910708302872), .Names = c("x1", "x2", "x3", 
"x4", "x5", "x6", "x7", "", "", "", "", "", "", "", "", "", "", 
"", "", "", "", "", "", "", "", "", "")), rank = 7L, fitted.values = structure(c(48.0171267944632, 
64.4684655542859, 74.4519127935834, 55.6961258719514, 78.0941699472886, 
50.4940584946235, 62.4556557436275, 67.1921283777566, 57.8376079112349, 
57.6206556659037, 62.4860043627562, 73.0881358493789, 86.6676630067473, 
73.5770727208472, 64.1795573255745, 71.480163728517, 50.9670393947315, 
44.3863092613284, 65.2866553873574, 57.4300006689787, 43.011478994436, 
58.2552208255276, 63.1863438717358, 78.9963487358379, 57.764603580019, 
78.7955937804711, 77.1139013510367), .Names = c("1", "2", "3", 
"4", "5", "6", "7", "8", "10", "11", "13", "14", "16", "17", 
"18", "19", "20", "21", "22", "23", "24", "25", "26", "27", "28", 
"29", "30")), assign = 1:7, qr = structure(list(qr = structure(c(-5.19615242270663, 
0.192450089729875, 0.192450089729875, 0.192450089729875, 0.192450089729875, 
0.192450089729875, 0.192450089729875, 0.192450089729875, 0.192450089729875, 
0.192450089729875, 0.192450089729875, 0.192450089729875, 0.192450089729875, 
0.192450089729875, 0.192450089729875, 0.192450089729875, 0.192450089729875, 
0.192450089729875, 0.192450089729875, 0.192450089729875, 0.192450089729875, 
0.192450089729875, 0.192450089729875, 0.192450089729875, 0.192450089729875, 
0.192450089729875, 0.192450089729875, -342.368709629448, -68.8379740162845, 
0.0946285258367066, -0.00705953369775985, 0.210843451018954, 
-0.123274458880007, 0.0510479288933639, 0.167262854075611, -0.0361132649933217, 
-0.152328190175569, -0.0215863993455408, 0.283477779257859, 0.385165838792325, 
0.312531510553421, -0.0506401306411026, 0.0946285258367066, -0.0796938619366645, 
-0.341177443596721, -0.0361132649933217, 0.0365210632455829, 
-0.384758040540064, -0.137801324527788, 0.196316585371173, 0.167262854075611, 
-0.0942207275844454, 0.312531510553421, 0.268950913610078, -273.471577506153, 
-33.2358545059397, -53.2510494878393, -0.070052322797673, -0.00669154004805236, 
0.0814411228608679, -0.164578018240964, -0.0907237925312555, 
-0.0509579339970586, 0.175651402117566, 0.164842542970884, 0.452604748528973, 
-0.233931708535864, 0.0767098800619636, 0.334168712683665, -0.118103710985803, 
0.409600019326341, -0.0758145229588567, 0.080494874301087, 0.032758902299551, 
0.121837813768252, -0.0404644910369705, 0.190645380492463, 0.0595079883809109, 
-0.0315481290098505, 0.208162688360109, -0.364122852087635, -291.176985761301, 
-32.7887498632246, -12.0111858195518, 45.9738214702459, -0.126776264009074, 
0.146469422888452, -0.0900171792328606, 0.0462799188113019, 0.0896046789845458, 
-0.14017645812747, 0.29795177230988, 0.572139119503493, -0.225001870218563, 
-0.0840514605148644, -0.370965020032825, -0.0610621517971232, 
0.0959399796426184, 0.141459594833629, -0.182404373202978, 0.111445026063237, 
-0.3305079318491, -0.00136645725563106, 0.00943141373069283, 
-0.304983229318835, 0.099090725323558, -0.0732908932916216, -0.0800336620639995, 
-336.402756847822, 8.95984791231466, 10.2120877656645, -31.7202094221416, 
54.4283739262457, -0.08898706358338, -0.248016071884005, -0.1377953633869, 
0.035010074618737, -0.0519514651780495, 0.311182768458879, 0.183672028693502, 
-0.0778766611016562, -0.3085133339821, -0.139989867349732, 0.271198141865425, 
-0.316120841195178, 0.358016655065739, 0.0378015060883936, -0.325321934191929, 
-0.13457421465254, 0.213450760103698, -0.326360512473995, 0.0829562299602908, 
0.204262272002005, -0.119983986703114, 0.00347883231650191, -386.632230267319, 
-8.06563862688463, -1.53998245972937, -0.682271547394574, -4.92016560017465, 
51.6760962349636, 0.099090140359856, 0.197089566813174, -0.0443480493771822, 
0.183765122650024, 0.39877653906305, 0.207527618916352, 0.397186015629687, 
-0.069284491113148, -0.0857232898746282, -0.118330171385313, 
-0.00544629029869583, 0.307072484400756, -0.0624957300732762, 
-0.0911152787541627, 0.310022741860839, 0.067207092660373, 0.00693401803282803, 
-0.0207282723399013, -0.0707039753885887, 0.0838600233373947, 
-0.0594857707998549, -225.166604983954, -15.0934134080444, -18.1722398077161, 
26.0474835996643, 12.5555131481491, 16.6451630071731, 35.1963749303993, 
0.0585247075789442, -0.0421796387492224, 0.341798096055538, 0.0419809699717172, 
-0.055547554879934, 0.375452401029608, -0.121356817207091, 0.0739759404774993, 
-0.087608492117398, -0.0387424186094788, -0.310037809801746, 
0.258110797084174, 0.301147560327179, -0.0825101193469985, 0.0939376139576868, 
-0.489362957657221, 0.19657323843084, -0.0478674071144608, 0.0143729642902631, 
0.19610806297303), .Dim = c(27L, 7L), .Dimnames = list(c("1", 
"2", "3", "4", "5", "6", "7", "8", "10", "11", "13", "14", "16", 
"17", "18", "19", "20", "21", "22", "23", "24", "25", "26", "27", 
"28", "29", "30"), c("x1", "x2", "x3", "x4", "x5", "x6", "x7"
)), assign = 1:7), qraux = c(1.19245008972988, 1.00746733195002, 
1.29503368652266, 1.1027371946009, 1.11886464721338, 1.55352761569448, 
1.33858700437614), pivot = 1:7, tol = 1e-07, rank = 7L), .Names = c("qr", 
"qraux", "pivot", "tol", "rank"), class = "qr"), df.residual = 20L, 
    xlevels = structure(list(), .Names = character(0)), call = quote(lm(formula = y ~ 
        . + 0, data = structure(list(y = c(43, 63, 71, 61, 81, 
        43, 58, 71, 67, 64, 69, 68, 81, 74, 65, 65, 50, 50, 64, 
        53, 40, 63, 66, 78, 48, 85, 82), x1 = c(1, 1, 1, 1, 1, 
        1, 1, 1, 1, 1, 1, 1, 1, 1, 1, 1, 1, 1, 1, 1, 1, 1, 1, 
        1, 1, 1, 1), x2 = c(51, 64, 70, 63, 78, 55, 67, 75, 61, 
        53, 62, 83, 90, 85, 60, 70, 58, 40, 61, 66, 37, 54, 77, 
        75, 57, 85, 82), x3 = c(30, 51, 68, 45, 56, 49, 42, 50, 
        45, 53, 57, 83, 50, 64, 65, 46, 68, 33, 52, 52, 42, 42, 
        66, 58, 44, 71, 39), x4 = c(39, 54, 69, 47, 66, 44, 56, 
        55, 47, 58, 42, 45, 72, 69, 75, 57, 54, 34, 62, 50, 58, 
        48, 63, 74, 45, 71, 59), x5 = c(77, 54, 43, 88, 50, 79, 
        79, 75, 71, 62, 60, 66, 58, 71, 50, 50, 80, 63, 55, 88, 
        64, 59, 76, 43, 63, 58, 66), x6 = c(92, 73, 86, 84, 83, 
        49, 68, 66, 80, 67, 63, 77, 54, 79, 80, 85, 78, 64, 80, 
        80, 57, 75, 76, 78, 83, 74, 78), x7 = c(45, 47, 48, 35, 
        47, 34, 35, 41, 41, 34, 25, 35, 36, 63, 60, 46, 52, 33, 
        41, 37, 49, 33, 72, 49, 38, 55, 39)), .Names = c("y", 
        "x1", "x2", "x3", "x4", "x5", "x6", "x7"),