
expected <- structure(list(coefficients = structure(c(11.5984730760897, 0.260734513069519, 
0.0979613006894398, 0.475716276203722, 0.513244603119009, -0.128385556723963, 
-0.431756014014466), .Names = c("x1", "x2", "x3", "x4", "x5", 
"x6", "x7")), residuals = structure(c(-4.23733951547605, 2.14228467953889, 
-6.88049634733182, 4.86415329026612, -10.5509644408836, 2.94331701410652, 
-4.74353560297548, 8.3600048070625, -4.07709409893927, 11.6962948320486, 
2.41482893012879, -0.0617412730208178, -0.84461963121919, 5.50697605986488, 
4.46027405526096, 4.96267565223357, -1.58438770331058, 2.18107890633764, 
2.26465048651205, -14.9470975338725, -14.8329986796613, 4.80831546452301, 
-6.43239158319019, -0.538222903805559, -4.59428756433351, 6.84260801248711, 
10.8777146876492), .Names = c("1", "2", "3", "5", "7", "8", "9", 
"10", "11", "12", "13", "14", "15", "16", "17", "18", "19", "21", 
"22", "23", "24", "25", "26", "27", "28", "29", "30")), effects = structure(c(-343.523410167827, 
18.5584640511595, -26.0989316368395, -27.0901864516872, -11.9476487236779, 
-7.97809640277455, -18.1440629044745, 9.75287190886821, -6.12277033178345, 
13.4209886887104, 2.89636227701713, 3.85474402251093, 0.0385949943989177, 
-0.361098396471215, 6.23373626467115, 0.274771370453865, 1.38346016980849, 
-0.750809820935692, 2.74842641038806, -13.4468780365524, -21.1954141140141, 
7.00069714433192, -2.18014068287352, 0.486040784196166, -5.06468850752611, 
7.94784202582499, 9.46867512021864), .Names = c("x1", "x2", "x3", 
"x4", "x5", "x6", "x7", "", "", "", "", "", "", "", "", "", "", 
"", "", "", "", "", "", "", "", "", "")), rank = 7L, fitted.values = structure(c(47.2373395154761, 
60.8577153204611, 77.8804963473318, 76.1358467097339, 68.5509644408836, 
68.0566829858935, 76.7435356029755, 58.6399951929375, 68.0770940989393, 
55.3037051679514, 66.5851710698712, 68.0617412730208, 77.8446196312192, 
75.4930239401351, 69.539725944739, 60.0373243477664, 66.5843877033106, 
47.8189210936624, 61.7353495134879, 67.9470975338725, 54.8329986796613, 
58.191684535477, 72.4323915831902, 78.5382229038056, 52.5942875643335, 
78.1573919875129, 71.1222853123508), .Names = c("1", "2", "3", 
"5", "7", "8", "9", "10", "11", "12", "13", "14", "15", "16", 
"17", "18", "19", "21", "22", "23", "24", "25", "26", "27", "28", 
"29", "30")), assign = 1:7, qr = structure(list(qr = structure(c(-5.19615242270663, 
0.192450089729875, 0.192450089729875, 0.192450089729875, 0.192450089729875, 
0.192450089729875, 0.192450089729875, 0.192450089729875, 0.192450089729875, 
0.192450089729875, 0.192450089729875, 0.192450089729875, 0.192450089729875, 
0.192450089729875, 0.192450089729875, 0.192450089729875, 0.192450089729875, 
0.192450089729875, 0.192450089729875, 0.192450089729875, 0.192450089729875, 
0.192450089729875, 0.192450089729875, 0.192450089729875, 0.192450089729875, 
0.192450089729875, 0.192450089729875, -335.055606219713, 63.235597101164, 
-0.193089499942498, -0.351228277125262, 0.0124909103950951, 0.0441186658316479, 
0.154815809859583, -0.00332296732318128, -0.0507646004780104, 
-0.0665784781962868, -0.224717255379051, -0.319600521688709, 
0.0283047881133715, -0.00332296732318128, 0.0441186658316479, 
0.12318805442303, 0.0441186658316479, -0.0507646004780104, 0.407837853352005, 
-0.303786643970433, 0.12318805442303, 0.407837853352005, -0.224717255379051, 
0.0124909103950951, 0.0124909103950951, -0.193089499942498, -0.319600521688709, 
-275.588528493181, 19.775546936292, -60.3812115341641, 0.0082892073774856, 
-0.117574348118138, 0.024134296632118, 0.420745894571775, -0.0724985686926531, 
0.0461673264694286, -0.0578098821344461, 0.061719049832938, 0.464665271300835, 
0.0857715191719764, 0.0103086468792134, 0.255994500233344, 0.295598692935892, 
-0.0421114758253752, -0.285061535818037, 0.163253830966467, -0.0441309153271029, 
-0.0853144986946939, -0.00236060017726593, 0.210772037862298, 
0.147408741711835, -0.0844514618893916, 0.302796353269434, -0.264038225731591, 
-297.527838722387, -2.23561375002448, -33.2711314387769, -51.1392122458834, 
0.121196723147511, -0.00636535690535106, -0.0748126248816284, 
-0.088203082409272, 0.039154849369093, -0.253400940743182, -0.279081017212139, 
-0.520776321283446, 0.280163329197137, 0.33822041945992, 0.0925703382339007, 
0.177143088048447, 0.0826940991364149, -0.180399722979444, 0.0123151277567568, 
-0.0399407159646718, 0.131932672115514, -0.136571090920886, 0.0191740961119129, 
0.273375021524316, -0.118877667390245, 0.10506510497803, 0.302441965162482, 
-340.05930855269, 4.65279424422176, -23.7249960409207, -24.1484611080371, 
-41.5089696494567, 0.121419562534209, -0.0582572625199289, 0.0291156477350805, 
-0.221050599836765, 0.0281227405485338, -0.155515319577791, -0.203083336100557, 
0.139237138721574, -0.305914554859834, 0.133508195063823, -0.504815388696025, 
0.236251520322746, -0.24719817233184, -0.0211895159030937, -0.0365120978227794, 
-0.353044679654184, 0.167793465420384, 0.379642591070748, 0.124622248695628, 
-0.208992992863657, 0.0126299660532986, -0.0589990155849872, 
-391.058582331106, -0.195623524366797, -7.33024879234614, 1.7625970472796, 
-19.5006759840325, 40.4478832212379, -0.0394119391439026, -0.0660155988324344, 
0.234586894834782, 0.0883761694872741, 0.36474605660626, 0.124864952291438, 
0.0893856820518423, 0.527870447884718, 0.0794395880747919, -0.103912143824844, 
-0.128018893209086, 0.200644722097442, -0.0555610380361505, -0.0387999166281289, 
0.393414197927866, 0.0645405927940417, 0.232262798253648, 0.0801215133130336, 
-0.207355893920212, 0.213023662347455, -0.0454582937853719, -224.589254714764, 
2.81662733137745, -15.9333906581144, -22.8321741596176, -15.8723921955683, 
6.4508016256995, 42.0238799588941, 0.00277555073282975, 0.187540757212678, 
-0.104440648355289, 0.229720655459218, 0.0603429229734428, 0.122437525996552, 
0.213266631421031, -0.309982232305653, -0.243400351684792, 0.0261399359355728, 
-0.0275645389403511, 0.142792750774527, 0.113995387938463, -0.219460796825837, 
0.200038606823137, -0.573209272315508, 0.0708341896908337, 0.0431619655518274, 
-0.141144342548162, 0.152356465007343), .Dim = c(27L, 7L), .Dimnames = list(
    c("1", "2", "3", "5", "7", "8", "9", "10", "11", "12", "13", 
    "14", "15", "16", "17", "18", "19", "21", "22", "23", "24", 
    "25", "26", "27", "28", "29", "30"), c("x1", "x2", "x3", 
    "x4", "x5", "x6", "x7")), assign = 1:7), qraux = c(1.19245008972988, 
1.02830478811337, 1.25311202392631, 1.23514007061052, 1.04269807657703, 
1.32845647481991, 1.42438651626054), pivot = 1:7, tol = 1e-07, 
    rank = 7L), .Names = c("qr", "qraux", "pivot", "tol", "rank"
), class = "qr"), df.residual = 20L, xlevels = structure(list(), .Names = character(0)), 
    call = quote(lm(formula = y ~ . + 0, data = structure(list(y = c(43, 
        63, 71, 81, 58, 71, 72, 67, 64, 67, 69, 68, 77, 81, 74, 
        65, 65, 50, 64, 53, 40, 63, 66, 78, 48, 85, 82), x1 = c(1, 
        1, 1, 1, 1, 1, 1, 1, 1, 1, 1, 1, 1, 1, 1, 1, 1, 1, 1, 
        1, 1, 1, 1, 1, 1, 1, 1), x2 = c(54, 61, 75, 85, 62, 60, 
        53, 63, 66, 67, 77, 83, 61, 63, 60, 55, 60, 66, 37, 82, 
        55, 37, 77, 62, 62, 75, 83), x3 = c(30, 51, 68, 56, 42, 
        50, 72, 45, 53, 47, 57, 83, 54, 50, 64, 65, 46, 33, 52, 
        52, 42, 42, 66, 58, 44, 71, 39), x4 = c(39, 54, 69, 66, 
        56, 55, 67, 47, 58, 39, 42, 45, 72, 72, 69, 75, 57, 34, 
        62, 50, 58, 48, 63, 74, 45, 71, 59), x5 = c(61, 63, 76, 
        71, 66, 70, 71, 62, 58, 59, 55, 59, 79, 60, 79, 55, 75, 
        43, 66, 63, 50, 66, 88, 80, 51, 77, 64), x6 = c(92, 73, 
        86, 83, 68, 66, 83, 80, 67, 74, 63, 77, 77, 54, 79, 80, 
        85, 64, 80, 80, 57, 75, 76, 78, 83, 74, 78), x7 = c(45, 
        47, 48, 47, 35, 41, 31, 41, 34, 41, 25, 35, 46, 36, 63, 
        60, 46, 33, 41, 37, 49, 33, 72, 49, 38, 55, 39)), .Names = c("y", 
        "x1", "x2", "x3", "x4", "x5", "x6", "x7"),