
expected <- structure(list(coefficients = structure(c(-0.202202827044405, 
0.647348717609982, -0.0865802811643348, 0.326580592057416, -0.00656087496126208, 
0.224839431731733, -0.201886921673774), .Names = c("x1", "x2", 
"x3", "x4", "x5", "x6", "x7")), residuals = structure(c(-11.0261139006179, 
1.9973291903297, 0.113236431178414, -2.26105889838666, 5.41739745711067, 
-6.29744422086729, -7.5969671913801, 3.13310376855526, -8.69708735551371, 
6.86840784804366, 7.40016889760797, 11.6969723081334, 11.4896810703337, 
-2.94337608550541, 1.25809223539096, -0.664625459085124, -2.31819473712541, 
2.06286581746214, -3.99989087974277, -5.43767067176272, 8.96932796825878, 
-0.706626852660087, -11.5561194691751, -1.68196724606506, 6.23350243906568, 
-0.178488755071351, 3.86509368370993), .Names = c("1", "2", "3", 
"4", "5", "6", "7", "8", "9", "10", "11", "12", "13", "14", "15", 
"16", "17", "18", "19", "20", "21", "22", "23", "24", "25", "26", 
"30")), effects = structure(c(-253.046151723428, -220.178838720511, 
-2.47293765402691, 14.9072908197726, 5.18809171162844, 12.0988090003627, 
-6.67950981620133, 7.56146216071349, -9.11123764158441, 7.20511357315842, 
6.46170446386974, 12.4649030936122, 13.2882196395904, -4.86743737546271, 
6.34775847877947, -1.39931282215462, -2.52240193640206, -2.1150882295362, 
-0.637394836051763, -3.04201022049017, 12.4513310918901, -2.62977693748986, 
-11.2268577033684, -2.12395998272393, 8.83311864883617, 4.68705186560497, 
2.43354714080257), .Names = c("x1", "x2", "x3", "x4", "x5", "x6", 
"x7", "", "", "", "", "", "", "", "", "", "", "", "", "", "", 
"", "", "", "", "", "")), rank = 7L, fitted.values = structure(c(54.0261139006179, 
61.0026708096703, 70.8867635688216, 63.2610588983867, 75.5826025428893, 
49.2974442208673, 65.5969671913801, 67.8668962314447, 80.6970873555137, 
60.1315921519563, 56.599831102392, 55.3030276918666, 57.5103189296663, 
70.9433760855054, 75.741907764609, 81.6646254590851, 76.3181947371254, 
62.9371341825379, 68.9998908797428, 55.4376706717627, 41.0306720317412, 
64.7066268526601, 64.5561194691751, 41.6819672460651, 56.7664975609343, 
66.1784887550714, 78.1349063162901), .Names = c("1", "2", "3", 
"4", "5", "6", "7", "8", "9", "10", "11", "12", "13", "14", "15", 
"16", "17", "18", "19", "20", "21", "22", "23", "24", "25", "26", 
"30")), assign = 1:7, qr = structure(list(qr = structure(c(-7.36854108692347, 
0.106489416637969, 0.148489745967972, 0.296165142229122, 0.217180684501167, 
0.156071463499482, 0.146019041067413, 0.281859402401777, -0.0201464160485836, 
0.0757556083269792, -0.0791131205402285, 0.120090605256044, 0.109718145865195, 
0.104724459359306, 0.301985119977039, 0.175373075125805, 0.150676578151043, 
0.189743310792948, 0.187529615270703, 0.319413938477863, 0.372635929269159, 
-0.131387847915862, 0.0669518237243987, 0.114489545216222, -0.00167723747892651, 
0.337075823494234, 0.055909791660972, -265.894728992662, -226.735513526044, 
0.138639596152748, -0.0613907293944285, 0.0952397672857607, 0.0637986094997687, 
0.128238432730862, 0.00792113018698884, 0.384731920719405, 0.182260352624593, 
0.324374029549157, 0.127065634569786, 0.147767798695177, 0.24610683082159, 
-0.0063113726754497, 0.196054121434977, 0.202291027718151, 0.047280732166047, 
0.0939206991886839, -0.110073592717749, -0.250425299090292, 0.419536425571274, 
0.214396926244936, 0.0320416888530829, 0.240084176247276, -0.0465066290379543, 
0.297612015433167, -209.362223395341, -177.460900250074, -58.0524615963226, 
-0.0364765398752352, -0.0627592532588689, 0.120054146888744, 
-0.16513578537347, -0.11559757707381, 0.122739422238985, -0.0424947483295462, 
0.180713536629473, 0.0122263784447388, 0.155739416937275, 0.317441494146313, 
-0.070845327483049, -0.335506734543126, -0.0301093368802665, 
0.332782676181262, -0.130753552569802, 0.431175138936233, 0.0809318204883172, 
0.04688340670103, 0.00880340585683583, 0.237852680868063, -0.0106971841501314, 
0.141150036263801, -0.434255425992823, -220.908891632363, -187.162961229137, 
-19.3947966355813, 50.6174812210739, -0.0662386640974398, 0.0833961016065383, 
-0.0953069489970141, 0.072678278851141, 0.0826123458473877, 0.0475623681306016, 
-0.184000515692865, 0.213540281412574, 0.257603492606037, 0.621980240395117, 
-0.209604955219405, -0.118661379661679, 0.00877349153110702, 
-0.345070143596476, -0.0512728681686994, 0.0781120424232588, 
0.00433681056124921, -0.19425649633551, 0.095803955960431, -0.42888143568135, 
-0.0674471091402686, 0.069703063317844, -0.0349201602037264, 
-260.257763555084, -208.043423624797, -15.6803465970903, 22.5930947856369, 
41.9107288696055, 0.00382078552475938, -0.0212263059003825, 0.034363592060532, 
0.0967040100288629, -0.146818719136832, -0.0429321761489904, 
-0.169817970441478, -0.00357894984883733, 0.166253059006119, 
0.102719860870838, 0.58535142279068, 0.0524475416475225, 0.520187417131929, 
-0.163506364892545, 0.0670989267251644, 0.096996766559316, -0.139658715755284, 
-0.0776633890723826, 0.109261398962709, -0.340815986233018, -0.201918464219345, 
0.140684837046848, -298.564228836473, -237.47204153988, -27.8184060448635, 
22.1070718647043, 44.9091585967428, 57.2626569326627, 0.128851021460418, 
0.353875538259265, -0.00501657688872905, -0.131113958200864, 
-0.0921574853143522, -0.0109106205084485, 0.130848805779668, 
0.104332642317566, 0.260866478762255, 0.26061546323933, 0.245607418320033, 
-0.30345294330192, 0.0388751225775562, 0.091307582607534, -0.117442676411114, 
-0.197742962790298, -0.0916539871906196, -0.0774685104866375, 
-0.0334163718021406, 0.571625983394455, -0.11746878369844, -183.419160187166, 
-120.787483548871, -24.7000936903571, 31.9273141511986, 22.9548645189267, 
3.84420267242723, 33.085401277229, 0.141537400817186, 0.335584533374963, 
-0.0619399470660006, 0.167680875215933, -0.191781145251672, 0.203393671992859, 
-0.219292772277072, 0.38770659701359, 0.0893074647292987, -0.379896096669244, 
-0.272664275130701, 0.130862133630222, -0.0645689768131944, 0.136344399996285, 
0.0415674806930035, 0.0477471457255603, -0.0968686883943602, 
0.264353381542257, -0.366418526992651, -0.053354478219865), .Dim = c(27L, 
7L), .Dimnames = list(c("1", "2", "3", "4", "5", "6", "7", "8", 
"9", "10", "11", "12", "13", "14", "15", "16", "17", "18", "19", 
"20", "21", "22", "23", "24", "25", "26", "30"), c("x1", "x2", 
"x3", "x4", "x5", "x6", "x7")), assign = 1:7), qraux = c(1.22014863659866, 
1.16028705291765, 1.24233335848216, 1.07166395191585, 1.16655636900772, 
1.3116716648882, 1.26820211955463), pivot = 1:7, tol = 1e-07, 
    rank = 7L), .Names = c("qr", "qraux", "pivot", "tol", "rank"
), class = "qr"), df.residual = 20L, xlevels = structure(list(), .Names = character(0)), 
    call = quote(lm(formula = y ~ . + 0, data = structure(list(y = c(43, 
        63, 71, 61, 81, 43, 58, 71, 72, 67, 64, 67, 69, 68, 77, 
        81, 74, 65, 65, 50, 50, 64, 53, 40, 63, 66, 82), x1 = c(1.62217427400739, 
        0.784671641819387, 1.09415279415183, 2.18230501902982, 
        1.60030479703301, 1.15001899129221, 1.0759473035784, 
        2.07689258733319, -0.148449694408243, 0.558208312522228, 
        -0.582948279215403, 0.884892558982667, 0.808462665788754, 
        0.771666481594897, 2.22518976419033, 1.29224370960461, 
        1.110266556943, 1.39813138154673, 1.38181967513713, 2.35361472941018, 
        2.74578315528371, -0.968136755690484, 0.49333726395769, 
        0.843620917948916, -0.0123587932759979, 2.48375705482583, 
        0.411973597015204), x2 = c(51, 64, 70, 63, 78, 55, 67, 
        75, 82, 61, 53, 60, 62, 83, 77, 90, 85, 60, 70, 58, 40, 
        61, 66, 37, 54, 77, 82), x3 = c(30, 51, 68, 45, 56, 49, 
        42, 50, 72, 45, 53, 47, 57, 83, 54, 50, 64, 65, 46, 68, 
        33, 52, 52, 42, 42, 66, 39), x4 = c(39, 54, 69, 47, 66, 
        44, 56, 55, 67, 47, 58, 39, 42, 45, 72, 72, 69, 75, 57, 
        54, 34, 62, 50, 58, 48, 63, 59),