
expected <- structure(list(coefficients = structure(c(14.4208165239126, 0.614797869777134, 
-0.063549584577928, 0.271311922018711, -0.0406016588592672, 0.128763084078652, 
-0.222663290026453), .Names = c("x1", "x2", "x3", "x4", "x5", 
"x6", "x7")), residuals = structure(c(-9.14755059854255, 1.89052592849575, 
1.84412048750602, -2.93895526660314, 7.89093971699202, -9.65160019804501, 
-8.22897520773251, 1.11727128488707, -6.63958130962333, 7.99167585016886, 
5.22620889455423, 9.58480467122988, 9.07558576738425, -5.06274890539124, 
1.90965658721658, -1.86503086635607, 0.938492125043071, 2.32063495613055, 
-2.65539246381739, -6.91058416424317, 5.72951550147203, -0.440786374545001, 
-11.3817966117988, -4.31651034581281, 6.3498193218516, 0.651680793131646, 
6.71858042644744), .Names = c("1", "2", "3", "4", "5", "6", "7", 
"8", "9", "10", "11", "12", "13", "14", "15", "16", "17", "18", 
"19", "20", "21", "22", "23", "24", "25", "26", "30")), effects = structure(c(-332.553755053224, 
-47.3569455303206, 3.94830493410288, 6.92700537470331, -3.89028623057618, 
4.97186629469641, -8.7066914884459, 5.35678045424786, -6.25507915693361, 
9.38829536028006, 8.0449115371548, 12.3597323733225, 12.2241477758542, 
-6.00355050384649, 5.19322170620554, -2.90658802506859, 0.346261956105874, 
-3.26306732023259, 0.576175503379194, -5.93809986497092, 7.64381935113372, 
1.4460086174639, -9.80377903258352, -3.06113603326768, 11.5845489984491, 
4.6615093655096, 5.60860271122524), .Names = c("x1", "x2", "x3", 
"x4", "x5", "x6", "x7", "", "", "", "", "", "", "", "", "", "", 
"", "", "", "", "", "", "", "", "", "")), rank = 7L, fitted.values = structure(c(52.1475505985426, 
61.1094740715043, 69.155879512494, 63.9389552666031, 73.109060283008, 
52.651600198045, 66.2289752077325, 69.8827287151129, 78.6395813096233, 
59.0083241498311, 58.7737911054458, 57.4151953287701, 59.9244142326158, 
73.0627489053912, 75.0903434127834, 82.8650308663561, 73.0615078749569, 
62.6793650438695, 67.6553924638174, 56.9105841642432, 44.270484498528, 
64.440786374545, 64.3817966117988, 44.3165103458128, 56.6501806781484, 
65.3483192068684, 75.2814195735526), .Names = c("1", "2", "3", 
"4", "5", "6", "7", "8", "9", "10", "11", "12", "13", "14", "15", 
"16", "17", "18", "19", "20", "21", "22", "23", "24", "25", "26", 
"30")), assign = 1:7, qr = structure(list(qr = structure(c(-5.19615242270663, 
0.192450089729875, 0.192450089729875, 0.192450089729875, 0.192450089729875, 
0.192450089729875, 0.192450089729875, 0.192450089729875, 0.192450089729875, 
0.192450089729875, 0.192450089729875, 0.192450089729875, 0.192450089729875, 
0.192450089729875, 0.192450089729875, 0.192450089729875, 0.192450089729875, 
0.192450089729875, 0.192450089729875, 0.192450089729875, 0.192450089729875, 
0.192450089729875, 0.192450089729875, 0.192450089729875, 0.192450089729875, 
0.192450089729875, 0.192450089729875, -342.753609808908, -68.0364825881156, 
0.0948302518508885, -0.00805572540306698, 0.212414225855409, 
-0.125639699407587, 0.0507362615991933, 0.168320235603714, 0.271206212857669, 
-0.0374517189041971, -0.155035692908718, -0.0521497156547622, 
-0.022753722153632, 0.285904209608234, 0.197716229104844, 0.38879018686219, 
0.315300203109364, -0.0521497156547622, 0.0948302518508885, -0.0815457091558923, 
-0.346109650666063, -0.0374517189041971, 0.0360382648486282, 
-0.390203640917759, -0.140337696158153, 0.197716229104844, 0.271206212857669, 
-292.71658647914, -22.3752503866102, -62.7164106923897, -0.192720035044674, 
0.153643418099922, 0.171053567017793, -0.199214145732823, -0.435429427545774, 
0.322541997754857, 0.201174376063543, -0.168512363308706, -0.255614809661117, 
0.195564650883708, 0.0777604221071802, -0.303145767624738, -0.312293034837831, 
0.305712822215353, 0.0473362009314828, -0.200098531241137, 0.0585556512911521, 
0.0160275942474709, -0.181500584685004, 0.0136778498524748, 0.000967189724596011, 
0.0650497619793013, -0.0480291271257064, 0.0833701472870148, 
-288.867584684543, -31.8151748922231, 2.17177348220196, 48.0374496100467, 
-0.0978182615891995, 0.133561145693293, -0.0686813051858686, 
-0.0140761652156721, -0.0455917499791263, 0.137003380287394, 
-0.244310678926682, 0.20417426611045, 0.24999147708872, 0.37449559185241, 
-0.322086661441126, -0.193874687923419, -0.0605180207519136, 
-0.485972039458631, -0.0596710630482915, -0.0666183862095352, 
0.161401183410674, -0.250119103056005, 0.0878710821796874, -0.371155775651524, 
0.0195541931908354, -0.0848220977127876, 0.0741536685457375, 
-333.131105322414, -32.1902459944875, 0.386897366500271, 12.9741205601529, 
36.7148094860842, 0.120791793953858, -0.0282836811059058, -0.115909820312366, 
0.123308869813181, -0.0171171748518656, 0.112555480862241, -0.0808579469209223, 
0.125577671623778, 0.189830553804908, -0.145931089208678, 0.465571485020816, 
-0.0526681343971111, 0.455197757645509, -0.24065784210432, -0.0328379399828194, 
0.184257281290422, -0.00459068808896615, 0.00416869479902777, 
0.232320829596868, -0.181406756009504, -0.461116651255265, 0.199979879993773, 
-386.439780177589, -11.4110891809387, -10.9116685968488, 1.88865040324692, 
21.8789434059419, 44.9973739625704, 0.139653876016963, 0.160682821156723, 
-0.0246174273933572, 0.035947912698692, 0.0539609458122295, 0.0362620522618464, 
0.375101196715862, 0.0645390287656506, -0.069933317232921, 0.241789677808437, 
0.133935332638314, -0.318688258376786, -0.143867606359738, -0.00672336381909316, 
0.196943139900759, -0.174522286943839, -0.0381032736132455, 0.231296537998261, 
0.127650250096862, 0.21349816993261, -0.0123737324638367, -220.547802830437, 
-8.28150461356839, -3.5668377418908, 26.1495509244916, 23.4291170738149, 
3.69227613616467, 39.1025008541441, 0.0977182676533156, 0.403444981825525, 
-0.0287721792049703, 0.26390717284694, -0.122282711963333, 0.180904570211355, 
-0.108461376054961, 0.276527947933178, 0.0868595001183078, -0.295590438391518, 
-0.328697078478638, 0.123264404316061, -0.177303083309353, -0.109560521614339, 
0.215434988848512, 0.0959825760438182, -0.156122946494548, 0.306104275828255, 
-0.355836791082667, 0.0175708091930837), .Dim = c(27L, 7L), .Dimnames = list(
    c("1", "2", "3", "4", "5", "6", "7", "8", "9", "10", "11", 
    "12", "13", "14", "15", "16", "17", "18", "19", "20", "21", 
    "22", "23", "24", "25", "26", "30"), c("x1", "x2", "x3", 
    "x4", "x5", "x6", "x7")), assign = 1:7), qraux = c(1.19245008972988, 
1.0066422713475, 1.15068684944503, 1.07994254971628, 1.06439592770241, 
1.64332418904971, 1.24305483060247), pivot = 1:7, tol = 1e-07, 
    rank = 7L), .Names = c("qr", "qraux", "pivot", "tol", "rank"
), class = "qr"), df.residual = 20L, xlevels = structure(list(), .Names = character(0)), 
    call = quote(lm(formula = y ~ . + 0, data = structure(list(y = c(43, 
        63, 71, 61, 81, 43, 58, 71, 72, 67, 64, 67, 69, 68, 77, 
        81, 74, 65, 65, 50, 50, 64, 53, 40, 63, 66, 82), x1 = c(1, 
        1, 1, 1, 1, 1, 1, 1, 1, 1, 1, 1, 1, 1, 1, 1, 1, 1, 1, 
        1, 1, 1, 1, 1, 1, 1, 1), x2 = c(51, 64, 70, 63, 78, 55, 
        67, 75, 82, 61, 53, 60, 62, 83, 77, 90, 85, 60, 70, 58, 
        40, 61, 66, 37, 54, 77, 82), x3 = c(56, 58, 68, 44, 71, 
        64, 45, 33, 83, 68, 42, 39, 68, 68, 42, 46, 83, 58, 46, 
        58, 49, 44, 58, 47, 57, 58, 68), x4 = c(39, 54, 69, 47, 
        66, 44, 56, 55, 67, 47, 58, 39, 42, 45, 72, 72, 69, 75, 
        57, 54, 34, 62, 50, 58, 48, 63, 59), x5 = c(61, 63, 76, 
        54, 71, 54, 66, 70, 71, 62, 58, 59, 55, 59, 79, 60, 79, 
        55, 75, 64, 43, 66, 63, 50, 66, 88, 64), x6 = c(92, 73, 
        86, 84, 83, 49, 68, 66, 83, 80, 67, 74, 63, 77, 77, 54, 
        79, 80, 85, 78, 64, 80, 80, 57, 75, 76, 78), x7 = c(45, 
        47, 48, 35, 47, 34, 35, 41, 31, 41, 34, 41, 25, 35, 46, 
        36, 63, 60, 46, 52, 33, 41, 37, 49, 33, 72, 39)), .Names = c("y", 
        "x1", "x2", "x3", "x4", "x5", "x6", "x7"),