
expected <- structure(list(coefficients = structure(c(23.016091522874, 0.525683962181345, 
0.0522561158393594, 0.244139490836376, 0.167604703509182, -0.151008196355188, 
-0.205154746381239), .Names = c("x1", "x2", "x3", "x4", "x5", 
"x6", "x7")), residuals = structure(c(-6.37292548597245, 0.232522766441296, 
0.883165625793319, 7.43318823543272, -9.87319064474217, 0.0510438102560966, 
-7.82323643630118, 6.98972353015443, 4.13954887697901, 10.5807157107646, 
5.00835466658122, -4.26818361298786, 1.55742105935141, -3.82574152567076, 
-3.26848583381251, 4.27323601311867, -1.43123892131276, 4.32288657172492, 
0.91135913371669, -10.836777283902, -8.8027114470761, 3.93349128195784, 
-4.40684849857657, 4.1896827765853, -6.37939053910125, 5.80923902877956, 
6.97315114181847), .Names = c("1", "2", "3", "5", "7", "8", "9", 
"10", "11", "12", "13", "14", "15", "16", "17", "18", "19", "21", 
"22", "23", "24", "25", "26", "27", "28", "29", "30")), effects = structure(c(-343.523410167827, 
49.3571362451374, 0.959635175555908, -9.20113926147122, 1.23958699336579, 
-6.30672000174364, -8.06262026783174, 8.55216014190878, 4.41125110314515, 
13.157667131486, 6.67228456286965, -3.13120122241255, 3.46885090373794, 
-7.54253689060621, -5.18823428761384, -2.56787479193536, 2.23100926521049, 
4.16648328927316, 2.25972568919023, -8.5935676623096, -13.4239722232236, 
7.889170040213, -3.59486121886147, 6.07162035299676, -5.63294187146606, 
4.40576279580213, 6.891768217255), .Names = c("x1", "x2", "x3", 
"x4", "x5", "x6", "x7", "", "", "", "", "", "", "", "", "", "", 
"", "", "", "", "", "", "", "", "", "")), rank = 7L, fitted.values = structure(c(49.3729254859725, 
62.7674772335587, 70.1168343742067, 73.5668117645673, 67.8731906447422, 
70.9489561897439, 79.8232364363012, 60.0102764698456, 59.860451123021, 
56.4192842892354, 63.9916453334188, 72.2681836129879, 75.4425789406486, 
84.8257415256708, 77.2684858338125, 60.7267639868813, 66.4312389213128, 
45.6771134282751, 63.0886408662833, 63.836777283902, 48.8027114470761, 
59.0665087180422, 70.4068484985766, 73.8103172234147, 54.3793905391013, 
79.1907609712204, 75.0268488581815), .Names = c("1", "2", "3", 
"5", "7", "8", "9", "10", "11", "12", "13", "14", "15", "16", 
"17", "18", "19", "21", "22", "23", "24", "25", "26", "27", "28", 
"29", "30")), assign = 1:7, qr = structure(list(qr = structure(c(-5.19615242270663, 
0.192450089729875, 0.192450089729875, 0.192450089729875, 0.192450089729875, 
0.192450089729875, 0.192450089729875, 0.192450089729875, 0.192450089729875, 
0.192450089729875, 0.192450089729875, 0.192450089729875, 0.192450089729875, 
0.192450089729875, 0.192450089729875, 0.192450089729875, 0.192450089729875, 
0.192450089729875, 0.192450089729875, 0.192450089729875, 0.192450089729875, 
0.192450089729875, 0.192450089729875, 0.192450089729875, 0.192450089729875, 
0.192450089729875, 0.192450089729875, -350.644063487833, 69.9910047130397, 
-0.0739876890014511, -0.188288091357435, -0.0311250381179571, 
-0.145425440473941, -0.245438292535427, 0.0546002636490308, 0.168900666005015, 
0.0688878139435288, 0.0403127133545328, -0.259725842829925, -0.174000541062937, 
-0.359738694891411, -0.288300943418921, 0.0688878139435288, -0.0739876890014511, 
0.354638819833489, 0.0546002636490308, -0.0168374878234591, 0.397501470716983, 
0.154613115710517, -0.174000541062937, -0.145425440473941, 0.111750464827023, 
-0.288300943418921, -0.245438292535427, -288.867584684543, 25.8646993812768, 
-67.0934858569347, 0.163412746255931, -0.169643978015476, -0.388107819224246, 
0.322463204635131, 0.20286797543389, -0.145042094544909, -0.224413631026089, 
0.197916860198093, 0.0939434402463455, -0.263868860204049, -0.268615051828619, 
0.307609858927738, 0.058773324567696, -0.169592747112669, 0.0236544397918532, 
-0.15484186321089, 0.029066633152911, 0.0086986322788473, 0.0735754393722818, 
-0.0253956344408615, -0.388107819224246, -0.164846555488099, 
0.128754939605348, 0.0988945554821429, -297.527838722387, 35.5135583468277, 
5.599584727933, -49.3418383282012, 0.031064340766398, -0.0465065587788624, 
0.0445038074057719, -0.131973392968422, 0.21236269086807, -0.23549797362696, 
-0.243000451274578, -0.385756834490542, 0.263461316729436, 0.130702921768804, 
0.0559578297153253, 0.462057262836185, 0.0205648125258964, -0.159836062219803, 
0.212510833465123, -0.1027712054631, 0.359019647951491, -0.0252998626136047, 
0.0540719420812702, 0.338562191064221, -0.0898781082038403, 0.116732673240679, 
-0.0923287894166092, -340.05930855269, 35.7220507474215, 3.60767087719983, 
-14.694837509534, -37.224296077636, 0.0567320184378684, -0.127068595442037, 
0.00139051748426587, -0.0662586764792926, 0.0179802446845689, 
-0.163670700181037, -0.295586169636115, 0.153637069309597, -0.497133594237384, 
0.0431417380326827, -0.351966638445535, 0.214993298669165, -0.181010230440961, 
0.0360686220897297, -0.0325566956106437, -0.119808727144214, 
0.187876792328517, 0.437247407488555, 0.1983340837153, -0.209159968410551, 
-0.0102012639658143, -0.244429993995479, -391.058582331106, 6.68128185253085, 
-13.0868517865779, 0.198816514499756, -20.1845168104016, 38.0765770708521, 
0.0475440411215437, 0.0242681138532228, 0.147117808536281, -0.0128952724612015, 
0.418301072901334, 0.0502077838585433, 0.00650913117641356, 0.448340659247204, 
0.215365080615498, -0.166680210971559, -0.168943592416817, 0.210785232283469, 
-0.130177385118353, -0.0454771686839354, 0.392831922655692, 0.127556438696002, 
0.237812907629655, -0.0709530413288559, -0.311150560273189, 0.246417953147709, 
0.0376135271218156, -224.589254714764, 11.8745418003161, -2.52353843784319, 
-26.019865132187, -21.5960230075448, 2.71426708237199, 39.3001888089343, 
-0.00451597864030751, 0.28721633013609, -0.12493184035499, 0.24828572605873, 
-0.0612103888625487, 0.153220322521497, 0.1132266380144, -0.35986697900849, 
-0.233611593700843, 0.0254425407758148, 0.0180793761690684, 0.187990295016565, 
0.101056270854132, -0.065432769242216, 0.279998378225886, -0.534153498101829, 
0.122028249851615, -0.00652868379198902, -0.162799115314076, 
0.0388497850203815), .Dim = c(27L, 7L), .Dimnames = list(c("1", 
"2", "3", "5", "7", "8", "9", "10", "11", "12", "13", "14", "15", 
"16", "17", "18", "19", "21", "22", "23", "24", "25", "26", "27", 
"28", "29", "30"), c("x1", "x2", "x3", "x4", "x5", "x6", "x7"
)), assign = 1:7), qraux = c(1.19245008972988, 1.01173761276554, 
1.15830793831171, 1.08325102908254, 1.01237898667076, 1.19877912350965, 
1.39829231461342), pivot = 1:7, tol = 1e-07, rank = 7L), .Names = c("qr", 
"qraux", "pivot", "tol", "rank"), class = "qr"), df.residual = 20L, 
    xlevels = structure(list(), .Names = character(0)), call = quote(lm(formula = y ~ 
        . + 0, data = structure(list(y = c(43, 63, 71, 81, 58, 
        71, 72, 67, 64, 67, 69, 68, 77, 81, 74, 65, 65, 50, 64, 
        53, 40, 63, 66, 78, 48, 85, 82), x1 = c(1, 1, 1, 1, 1, 
        1, 1, 1, 1, 1, 1, 1, 1, 1, 1, 1, 1, 1, 1, 1, 1, 1, 1, 
        1, 1, 1, 1), x2 = c(51, 64, 70, 78, 67, 75, 82, 61, 53, 
        60, 62, 83, 77, 90, 85, 60, 70, 40, 61, 66, 37, 54, 77, 
        75, 57, 85, 82), x3 = c(56, 58, 68, 71, 45, 33, 83, 68, 
        42, 39, 68, 68, 42, 46, 83, 58, 46, 49, 44, 58, 47, 57, 
        58, 33, 42, 71, 68), x4 = c(39, 54, 69, 66, 56, 55, 67, 
        47, 58, 39, 42, 45, 72, 72, 69, 75, 57, 34, 62, 50, 58, 
        48, 63, 74, 45, 71, 59), x5 = c(61, 63, 76, 71, 66, 70, 
        71, 62, 58, 59, 55, 59, 79, 60, 79, 55, 75, 43, 66, 63, 
        50, 66, 88, 80, 51, 77, 64), x6 = c(92, 73, 86, 83, 68, 
        66, 83, 80, 67, 74, 63, 77, 77, 54, 79, 80, 85, 64, 80, 
        80, 57, 75, 76, 78, 83, 74, 78), x7 = c(45, 47, 48, 47, 
        35, 41, 31, 41, 34, 41, 25, 35, 46, 36, 63, 60, 46, 33, 
        41, 37, 49, 33, 72, 49, 38, 55, 39)), .Names = c("y", 
        "x1", "x2", "x3", "x4", "x5", "x6", "x7"),