
expected <- structure(list(coefficients = structure(c(23.1683490938306, 0.608406989685972, 
-0.004596161459909, 0.261859738182749, -0.0846930443001455, -0.150145798409008
), .Names = c("x1", "x2", "x3", "x4", "x5", "x6")), residuals = structure(c(-6.72342950912639, 
0.227026697988076, 1.97797880626036, 7.43692323449248, -9.38849400298333, 
-0.225632188755326, -6.58735865361973, 7.54966538521276, 4.42120330960462, 
9.75398433747968, 6.46359649631285, -5.29186869939105, 1.80667540795226, 
-5.57039810679842, -2.50717501883475, 1.77069310475107, -1.3658045287828, 
4.11897973140061, 0.653942442690883, -10.846358841182, -8.48958609834518, 
5.9082344816793, -2.96233529655003, 4.05328499632551, -8.69394160346435, 
6.37664702624632, 6.13354708943661), .Names = c("1", "2", "3", 
"5", "7", "8", "9", "10", "11", "12", "13", "14", "15", "16", 
"17", "18", "19", "21", "22", "23", "24", "25", "26", "27", "28", 
"29", "30")), effects = structure(c(-343.523410167827, 49.3571362451374, 
-0.900494662017867, -9.30463239602708, -5.76819617437726, 6.45607517730779, 
-4.3038477823027, 8.98689247071013, 6.20145113196674, 12.9229263390964, 
12.4564734989733, 0.669944974800655, 1.8979518178774, -0.735202145429631, 
-2.54427739851494, -1.20368693429215, -1.33183668969685, 7.43427005596395, 
0.459632790083266, -8.74715173553912, -8.55094244083132, 7.72339672534469, 
-3.2679706400906, 3.48510824853485, -7.54965898311199, 7.60465167585025, 
8.22104471124335), .Names = c("x1", "x2", "x3", "x4", "x5", "x6", 
"", "", "", "", "", "", "", "", "", "", "", "", "", "", "", "", 
"", "", "", "", "")), rank = 6L, fitted.values = structure(c(49.7234295091264, 
62.7729733020119, 69.0220211937396, 73.5630767655075, 67.3884940029833, 
71.2256321887553, 78.5873586536197, 59.4503346147872, 59.5787966903954, 
57.2460156625203, 62.5364035036871, 73.291868699391, 75.1933245920477, 
86.5703981067984, 76.5071750188348, 63.2293068952489, 66.3658045287828, 
45.8810202685994, 63.3460575573091, 63.846358841182, 48.4895860983452, 
57.0917655183207, 68.96233529655, 73.9467150036745, 56.6939416034644, 
78.6233529737537, 75.8664529105634), .Names = c("1", "2", "3", 
"5", "7", "8", "9", "10", "11", "12", "13", "14", "15", "16", 
"17", "18", "19", "21", "22", "23", "24", "25", "26", "27", "28", 
"29", "30")), assign = 1:6, qr = structure(list(qr = structure(c(-5.19615242270663, 
0.192450089729875, 0.192450089729875, 0.192450089729875, 0.192450089729875, 
0.192450089729875, 0.192450089729875, 0.192450089729875, 0.192450089729875, 
0.192450089729875, 0.192450089729875, 0.192450089729875, 0.192450089729875, 
0.192450089729875, 0.192450089729875, 0.192450089729875, 0.192450089729875, 
0.192450089729875, 0.192450089729875, 0.192450089729875, 0.192450089729875, 
0.192450089729875, 0.192450089729875, 0.192450089729875, 0.192450089729875, 
0.192450089729875, 0.192450089729875, -350.644063487833, 69.9910047130397, 
-0.0739876890014511, -0.188288091357435, -0.0311250381179571, 
-0.145425440473941, -0.245438292535427, 0.0546002636490308, 0.168900666005015, 
0.0688878139435288, 0.0403127133545328, -0.259725842829925, -0.174000541062937, 
-0.359738694891411, -0.288300943418921, 0.0688878139435288, -0.0739876890014511, 
0.354638819833489, 0.0546002636490308, -0.0168374878234591, 0.397501470716983, 
0.154613115710517, -0.174000541062937, -0.145425440473941, 0.111750464827023, 
-0.288300943418921, -0.245438292535427, -275.588528493181, 38.4409186516115, 
-50.5891167760729, -0.00316766421737167, -0.167031203886066, 
-0.0909859330561284, 0.272060140307717, -0.0461612801759294, 
0.194067007807626, 0.00363435324785844, 0.18078245036209, 0.479236773419893, 
-0.0324404204969572, -0.244907511637645, 0.0831390451846672, 
0.359442106913039, -0.118747129898996, -0.0678762392719259, 0.092208401804974, 
0.0409012089444684, 0.140811953276968, -0.0336325024487515, 0.204764748613163, 
0.0671508463506184, -0.0248826233133682, 0.221508727165571, -0.380254074745113, 
-297.527838722387, 35.5135583468277, -11.8516979838765, -48.2235379626031, 
0.0750897993545926, -0.058236441180571, -0.0196557085553235, 
-0.0941457096375501, 0.127353894350043, -0.268315037800077, -0.293849248636085, 
-0.564434550492817, 0.251241851319996, 0.194927838781171, 0.0615428067064411, 
0.344114840428868, 0.0461558654104395, -0.135222990778853, 0.164758226616937, 
-0.117203131244745, 0.315284649387418, -0.00469171660190341, 
-0.0247846889873241, 0.276164899973097, -0.101673414793717, 0.0508688449211501, 
0.0602883418434414, -391.058582331106, 6.68128185253085, -3.59575616558608, 
2.60675033656675, 44.8198733629701, 0.287231569180906, 0.000206139291270704, 
-0.0685026281380647, 0.237418838393847, 0.0697763548445156, 0.354772638103286, 
0.172410823853049, 0.0616643403126878, 0.583345963028188, 0.0663994598179108, 
0.0045530583506675, -0.15948942263366, 0.207237297227816, -0.0416849988849619, 
-0.0343817514087745, 0.393212605554328, 0.0201938479837112, 0.12571362535481, 
0.0503684958713608, -0.146264730415272, 0.203188676605878, -0.00701069993853709, 
-224.589254714764, 11.8745418003161, -11.0954592247823, -23.6033527970351, 
13.1356633020641, -42.9987068950208, -0.399538618723203, -0.0138243104734333, 
-0.208447680555704, 0.127713102537298, -0.16296965131331, 0.00156401442161285, 
-0.0762153281342999, -0.0382921258093118, 0.370594012906133, 
0.118471658453215, -0.0169321739134014, 0.00195196944818705, 
-0.178431855199985, -0.116873157848236, 0.163066211397215, -0.194680043195769, 
0.641182803917062, -0.0454567705382253, -0.106919122884711, 0.211299814717404, 
-0.0869469376103411), .Dim = c(27L, 6L), .Dimnames = list(c("1", 
"2", "3", "5", "7", "8", "9", "10", "11", "12", "13", "14", "15", 
"16", "17", "18", "19", "21", "22", "23", "24", "25", "26", "27", 
"28", "29", "30"), c("x1", "x2", "x3", "x4", "x5", "x6")), assign = 1:6), 
    qraux = c(1.19245008972988, 1.01173761276554, 1.31612901346956, 
    1.10529795744899, 1.20014561483322, 1.09002871760217), pivot = 1:6, 
    tol = 1e-07, rank = 6L), .Names = c("qr", "qraux", "pivot", 
"tol", "rank"), class = "qr"), df.residual = 21L, xlevels = structure(list(), .Names = character(0)), 
    call = quote(lm(formula = y ~ . + 0, data = structure(list(y = c(43, 
        63, 71, 81, 58, 71, 72, 67, 64, 67, 69, 68, 77, 81, 74, 
        65, 65, 50, 64, 53, 40, 63, 66, 78, 48, 85, 82), x1 = c(1, 
        1, 1, 1, 1, 1, 1, 1, 1, 1, 1, 1, 1, 1, 1, 1, 1, 1, 1, 
        1, 1, 1, 1, 1, 1, 1, 1), x2 = c(51, 64, 70, 78, 67, 75, 
        82, 61, 53, 60, 62, 83, 77, 90, 85, 60, 70, 40, 61, 66, 
        37, 54, 77, 75, 57, 85, 82), x3 = c(30, 51, 68, 56, 42, 
        50, 72, 45, 53, 47, 57, 83, 54, 50, 64, 65, 46, 33, 52, 
        52, 42, 42, 66, 58, 44, 71, 39), x4 = c(39, 54, 69, 66, 
        56, 55, 67, 47, 58, 39, 42, 45, 72, 72, 69, 75, 57, 34, 
        62, 50, 58, 48, 63, 74, 45, 71, 59), x5 = c(92, 73, 86, 
        83, 68, 66, 83, 80, 67, 74, 63, 77, 77, 54, 79, 80, 85, 
        64, 80, 80, 57, 75, 76, 78, 83, 74, 78), x6 = c(45, 47, 
        48, 47, 35, 41, 31, 41, 34, 41, 25, 35, 46, 36, 63, 60, 
        46, 33, 41, 37, 49, 33, 72, 49, 38, 55, 39)), .Names = c("y", 
        "x1", "x2", "x3", "x4", "x5", "x6"), row.names = c("1", 
        "2", "3", "5", "7", "8", "9", "10", "11", "12", "13", 
        "14", "15", "16", "17", "18", "19", "21", "22", "23", 
        "24", "25", "26", "27", "28", "29", "30"), class = "data.frame"))), 
    terms = y ~ x1 + x2 + x3 + x4 + x5 + x6 + 0, model = structure(list(
        y = c(43, 63, 71, 81, 58, 71, 72, 67, 64, 67, 69, 68, 
        77, 81, 74, 65, 65, 50, 64, 53, 40, 63, 66, 78, 48, 85, 
        82), x1 = c(1, 1, 1, 1, 1, 1, 1, 1, 1, 1, 1, 1, 1, 1, 
        1, 1, 1, 1, 1, 1, 1, 1, 1, 1, 1, 1, 1), x2 = c(51, 64, 
        70, 78, 67, 75, 82, 61, 53, 60, 62, 83, 77, 90, 85, 60, 
        70, 40, 61, 66, 37, 54, 77, 75, 57, 85, 82), x3 = c(30, 
        51, 68, 56, 42, 50, 72, 45, 53, 47, 57, 83, 54, 50, 64, 
        65, 46, 33, 52, 52, 42, 42, 66, 58, 44, 71, 39),