
expected <- structure(list(coefficients = structure(c(6.32704850625589, 0.76033738531586, 
0.0910966610207542, 0.00736315262884125, 0.0998875834972948, 
0.0300634501895262, -0.144052876283802), .Names = c("x1", "x2", 
"x3", "x4", "x5", "x6", "x7")), residuals = structure(c(-7.69972363949121, 
1.66104470345358, -0.749935476464309, 7.02135996077208, -11.9025605788056, 
-7.22090452834292, -0.507483074943158, -8.67929804056047, 7.21392002665941, 
9.20995097353869, 8.16166025213019, 6.04497384739144, 3.29683880917939, 
-1.27317099885281, -4.28596542922294, 7.58854192543348, -2.55925184663016, 
-8.27316809042554, 3.13251414975191, -12.0119899051303, 1.75575116601285, 
7.14284211898245, -5.98613951463652, 5.6890661572331, -8.18766662143875, 
5.29611680919011, 6.12267684521597), .Names = c("1", "3", "4", 
"5", "6", "7", "8", "9", "10", "11", "12", "13", "15", "16", 
"17", "18", "19", "20", "22", "23", "24", "25", "26", "27", "28", 
"29", "30")), effects = structure(c(-338.327257745121, -53.1510040063286, 
2.38481266822958, -2.09899355720512, 0.948356710447687, 1.00441863640363, 
5.64744753770589, -7.79911473809809, 11.7318009496635, 10.5108424826809, 
10.7045335207416, 6.54501274434672, 6.20038878137675, 3.17185781219471, 
-1.87408541795563, 9.5222296581565, -1.43947741475594, -10.0368703739108, 
5.33675331027053, -10.6138482543779, 7.53232342095638, 5.66276491684201, 
-7.00662143261465, 6.07520122545619, -6.04609301011106, 8.02646126337106, 
8.05977559335454), .Names = c("x1", "x2", "x3", "x4", "x5", "x6", 
"x7", "", "", "", "", "", "", "", "", "", "", "", "", "", "", 
"", "", "", "", "", "")), rank = 7L, fitted.values = structure(c(50.6997236394912, 
69.3389552965464, 61.7499354764643, 73.9786400392279, 54.9025605788056, 
65.2209045283429, 71.5074830749432, 80.6792980405605, 59.7860799733406, 
54.7900490264613, 58.8383397478698, 62.9550261526086, 73.7031611908206, 
82.2731709988528, 78.2859654292229, 57.4114580745665, 67.5592518466302, 
58.2731680904255, 60.8674858502481, 65.0119899051303, 38.2442488339871, 
55.8571578810175, 71.9861395146365, 72.3109338427669, 56.1876666214388, 
79.7038831908099, 75.877323154784), .Names = c("1", "3", "4", 
"5", "6", "7", "8", "9", "10", "11", "12", "13", "15", "16", 
"17", "18", "19", "20", "22", "23", "24", "25", "26", "27", "28", 
"29", "30")), assign = 1:7, qr = structure(list(qr = structure(c(-5.19615242270663, 
0.192450089729875, 0.192450089729875, 0.192450089729875, 0.192450089729875, 
0.192450089729875, 0.192450089729875, 0.192450089729875, 0.192450089729875, 
0.192450089729875, 0.192450089729875, 0.192450089729875, 0.192450089729875, 
0.192450089729875, 0.192450089729875, 0.192450089729875, 0.192450089729875, 
0.192450089729875, 0.192450089729875, 0.192450089729875, 0.192450089729875, 
0.192450089729875, 0.192450089729875, 0.192450089729875, 0.192450089729875, 
0.192450089729875, 0.192450089729875, -348.527112500804, -64.4348651884355, 
-0.0229669383926948, 0.209826285526274, -0.147123324482811, 0.0391112546523634, 
0.16326764074248, 0.271904478571332, -0.0540060349152239, -0.17816242100534, 
-0.0695255831764885, -0.0384864866539594, 0.194306737265009, 
0.396060864661448, 0.318463123355125, -0.0695255831764885, 0.0856698994361571, 
-0.100564679699018, -0.0540060349152239, 0.0235917063910989, 
-0.426475193185573, -0.162642872744076, 0.194306737265009, 0.16326764074248, 
-0.116084227960282, 0.318463123355125, 0.271904478571332, -274.626278044532, 
-24.9910710853059, 49.1208079475144, 0.0332697122450195, -0.1175759361763, 
0.17798279240609, 0.117154307922394, -0.241440185980785, 0.0403824137808932, 
-0.224516643047355, -0.0130879396546342, -0.191158831431529, 
0.0612312441374779, 0.308470469495412, -0.0403131830102102, -0.37953142363057, 
0.134814139392708, -0.466114159169628, -0.102123385543082, -0.0383513316854092, 
-0.204649530739946, 0.0121754523761407, -0.183064411846479, -0.0457094627335769, 
0.00972274202675147, -0.182818982334185, 0.430372867975097, -286.943083787244, 
-2.49174969305859, -36.8557171688121, -50.399543272795, -0.165123079429366, 
0.127257247214696, 0.209543213075157, 0.0312006422510034, -0.406094386007904, 
0.214172843789616, -0.0577148272349467, 0.423261235109042, -0.264908729337084, 
0.0586115999434457, -0.201451405863579, 0.0109247870276446, -0.178683755930759, 
0.409555756262821, -0.144610715212602, -0.0163482061142726, -0.166123015884881, 
0.317588994198479, 0.157838556767877, 0.015179945654731, -0.0885720644326196, 
-0.118540781877177, -0.0847179257410306, -341.406459180799, -33.9194097202031, 
10.8534948345161, 5.29226155132949, 36.1288927509836, -0.105760342610306, 
-0.0573806612146923, 0.268723642018839, 0.0776362285578794, 0.0673234182399235, 
0.103262090996066, 0.251307553111541, -0.147253921022633, 0.412466541585824, 
0.0375870203891272, 0.398838375606658, -0.217905920080086, 0.082560729257673, 
-0.00739442679449321, 0.10485206905908, 0.0681210451693192, -0.284793710490743, 
-0.347311781951842, -0.20775258222725, 0.26503111946055, 0.153771447183009, 
0.121609119710011, -390.481232061917, -5.97042769591686, 1.69755370724668, 
6.17468176784944, 17.6193991065669, 48.211096151566, 0.327544738221838, 
-0.260339542859431, -0.081319919125093, 0.089031167743684, -0.0129205161782033, 
0.0575153350855111, 0.207943415755537, 0.31482142383618, 0.0462784435577881, 
-0.399234450438543, 0.0658954357185733, -0.167457594557665, -0.051136900459681, 
-0.11909104324671, 0.260952137642377, 0.206128396332969, 0.323350760992101, 
0.192340144502357, -0.329459333072414, 0.0427607681050889, 0.0252688230003849, 
-225.743955253144, -11.8276201693348, 20.5044038044349, 16.9532018105224, 
22.1458334646899, 3.08895776891521, -39.2039901138782, -0.42807089267564, 
-0.137707959689994, -0.185718600037878, -0.000663763863864997, 
-0.232835976050348, -0.150241937028142, 0.245663720277702, 0.2996251546846, 
0.409697494219565, -0.100004010270217, 0.122255371438098, -0.19004905277713, 
-0.155848792002155, 0.184011612476683, -0.251381420858035, 0.384056185469897, 
-0.0721104856884517, 0.00925677187546342, 0.114593939271069, 
0.134409618214336), .Dim = c(27L, 7L), .Dimnames = list(c("1", 
"3", "4", "5", "6", "7", "8", "9", "10", "11", "12", "13", "15", 
"16", "17", "18", "19", "20", "22", "23", "24", "25", "26", "27", 
"28", "29", "30"), c("x1", "x2", "x3", "x4", "x5", "x6", "x7"
)), assign = 1:7), qraux = c(1.19245008972988, 1.08566989943616, 
1.06589123532396, 1.02366371506078, 1.23038201009052, 1.30118558946524, 
1.04633342404509), pivot = 1:7, tol = 1e-07, rank = 7L), .Names = c("qr", 
"qraux", "pivot", "tol", "rank"), class = "qr"), df.residual = 20L, 
    xlevels = structure(list(), .Names = character(0)), call = quote(lm(formula = y ~ 
        . + 0, data = structure(list(y = c(43, 71, 61, 81, 43, 
        58, 71, 72, 67, 64, 67, 69, 77, 81, 74, 65, 65, 50, 64, 
        53, 40, 63, 66, 78, 48, 85, 82), x1 = c(1, 1, 1, 1, 1, 
        1, 1, 1, 1, 1, 1, 1, 1, 1, 1, 1, 1, 1, 1, 1, 1, 1, 1, 
        1, 1, 1, 1), x2 = c(51, 70, 63, 78, 55, 67, 75, 82, 61, 
        53, 60, 62, 77, 90, 85, 60, 70, 58, 61, 66, 37, 54, 77, 
        75, 57, 85, 82), x3 = c(30, 68, 45, 56, 49, 42, 50, 72, 
        45, 53, 47, 57, 54, 50, 64, 65, 46, 68, 52, 52, 42, 42, 
        66, 58, 44, 71, 39), x4 = c(66, 45, 74, 58, 44, 72, 72, 
        44, 39, 58, 54, 69, 45, 72, 42, 39, 54, 55, 45, 54, 42, 
        75, 54, 54, 54, 39, 72), x5 = c(61, 76, 54, 71, 54, 66, 
        70, 71, 62, 58, 59, 55, 79, 60, 79, 55, 75, 64, 66, 63, 
        50, 66, 88, 80, 51, 77, 64), x6 = c(92, 86, 84, 83, 49, 
        68, 66, 83, 80, 67, 74, 63, 77, 54, 79, 80, 85, 78, 80, 
        80, 57, 75, 76, 78, 83, 74, 78), x7 = c(45, 48, 35, 47, 
        34, 35, 41, 31, 41, 34, 41, 25, 46, 36, 63, 60, 46, 52, 
        41, 37, 49, 33, 72, 49, 38, 55, 39)), .Names = c("y", 
        "x1", "x2", "x3", "x4", "x5", "x6", "x7"),