
expected <- structure(list(coefficients = structure(c(6.35002886256163, 0.645415685257116, 
-0.0125595803867579, 0.300456355622417, 0.118249782304298, 0.0131505347952101, 
-0.229548361364035), .Names = c("x1", "x2", "x3", "x4", "x5", 
"x6", "x7")), residuals = structure(c(-5.3324339544201, 0.980397783174773, 
1.02917698908293, 6.61381411841644, -11.0854385018099, -8.63436587258787, 
0.270823056724922, -8.81902868264214, 8.79075187373262, 6.62884522150118, 
12.2065363768603, 8.91385602114858, 0.163772145800649, -4.24670462517632, 
-2.76780402204301, 4.50320015572961, -2.47840184132579, -5.89084654412819, 
0.898824472886485, -10.391426062835, -2.75398391535875, 6.66114055362027, 
-3.01164366025421, 2.47432442840489, -6.40082866353524, 5.8957539115972, 
5.78168923743572), .Names = c("1", "3", "4", "5", "6", "7", "8", 
"9", "10", "11", "12", "13", "15", "16", "17", "18", "19", "20", 
"22", "23", "24", "25", "26", "27", "28", "29", "30")), effects = structure(c(-338.327257745121, 
-53.1510040063286, 2.38481266822958, -8.69855043732628, -0.829499312810364, 
2.43750713299456, -8.86306665578925, -6.46720499674517, 10.0702784555707, 
9.20389465661101, 15.3088227416214, 15.0978967278758, -4.54643933465837, 
-3.66811236385896, -1.34896883169288, 5.6502836570422, -6.52686145960029, 
-4.47684515441986, 0.530271606603741, -9.86335627067703, -1.56757060166857, 
7.09041753051745, -7.07907762536258, -2.28948250944714, -2.3169771830651, 
5.47351178100714, 3.05854391544171), .Names = c("x1", "x2", "x3", 
"x4", "x5", "x6", "x7", "", "", "", "", "", "", "", "", "", "", 
"", "", "", "", "", "", "", "", "", "")), rank = 7L, fitted.values = structure(c(48.3324339544201, 
70.0196022168252, 59.9708230109171, 74.3861858815836, 54.0854385018099, 
66.6343658725879, 70.7291769432751, 80.8190286826421, 58.2092481262674, 
57.3711547784988, 54.7934636231397, 60.0861439788514, 76.8362278541994, 
85.2467046251763, 76.767804022043, 60.4967998442704, 67.4784018413258, 
55.8908465441282, 63.1011755271135, 63.391426062835, 42.7539839153588, 
56.3388594463797, 69.0116436602542, 75.5256755715951, 54.4008286635352, 
79.1042460884028, 76.2183107625643), .Names = c("1", "3", "4", 
"5", "6", "7", "8", "9", "10", "11", "12", "13", "15", "16", 
"17", "18", "19", "20", "22", "23", "24", "25", "26", "27", "28", 
"29", "30")), assign = 1:7, qr = structure(list(qr = structure(c(-5.19615242270663, 
0.192450089729875, 0.192450089729875, 0.192450089729875, 0.192450089729875, 
0.192450089729875, 0.192450089729875, 0.192450089729875, 0.192450089729875, 
0.192450089729875, 0.192450089729875, 0.192450089729875, 0.192450089729875, 
0.192450089729875, 0.192450089729875, 0.192450089729875, 0.192450089729875, 
0.192450089729875, 0.192450089729875, 0.192450089729875, 0.192450089729875, 
0.192450089729875, 0.192450089729875, 0.192450089729875, 0.192450089729875, 
0.192450089729875, 0.192450089729875, -348.527112500804, -64.4348651884355, 
-0.0229669383926948, 0.209826285526274, -0.147123324482811, 0.0391112546523634, 
0.16326764074248, 0.271904478571332, -0.0540060349152239, -0.17816242100534, 
-0.0695255831764885, -0.0384864866539594, 0.194306737265009, 
0.396060864661448, 0.318463123355125, -0.0695255831764885, 0.0856698994361571, 
-0.100564679699018, -0.0540060349152239, 0.0235917063910989, 
-0.426475193185573, -0.162642872744076, 0.194306737265009, 0.16326764074248, 
-0.116084227960282, 0.318463123355125, 0.271904478571332, -274.626278044532, 
-24.9910710853059, 49.1208079475144, 0.0332697122450195, -0.1175759361763, 
0.17798279240609, 0.117154307922394, -0.241440185980785, 0.0403824137808932, 
-0.224516643047355, -0.0130879396546342, -0.191158831431529, 
0.0612312441374779, 0.308470469495412, -0.0403131830102102, -0.37953142363057, 
0.134814139392708, -0.466114159169628, -0.102123385543082, -0.0383513316854092, 
-0.204649530739946, 0.0121754523761407, -0.183064411846479, -0.0457094627335769, 
0.00972274202675147, -0.182818982334185, 0.430372867975097, -299.837239799146, 
-35.2696104189331, 21.7298843053379, -39.9436645615164, -0.177617837000547, 
0.106779989075908, -0.100743421629851, -0.163450290946938, -0.103742940267717, 
0.137116691742865, -0.321904565512506, -0.400929011325126, 0.252106902281073, 
0.186143551267977, -0.0326140735118242, 0.335221351322635, 0.0498186683736243, 
-0.212714672469972, 0.17684128669816, -0.169819303439769, 0.434275378359838, 
0.0267153585700828, -0.135972710318455, 0.266418319331288, -0.103259952891661, 
-0.0774882175469095, 0.083863901372416, -341.406459180799, -33.9194097202031, 
10.8534948345161, -6.09508613613382, 36.0021506126074, -0.0695628717457221, 
-0.0269904980245857, 0.258323896605004, -0.0134030192056276, 
0.124544792448818, 0.0577472715425807, 0.292838251078639, -0.173085739565426, 
0.445432283286562, -0.00555906672223858, 0.438306537640187, -0.248625408909153, 
0.140950833621688, -0.0170379189003488, 0.0838027136617085, 0.0820694063042763, 
-0.220213486708983, -0.331927055773234, -0.176949199072772, 0.237411397649097, 
0.122601952847488, 0.114289035146602, -395.100034215434, 1.16511571576238, 
-7.89348502962172, 9.74086914977394, -5.531345419003, 40.9367566922642, 
-0.488692080229787, -0.286177970531177, -0.0144361809255871, 
-0.00740011193422711, -0.00280170445957835, -0.0724004749152729, 
-0.305952327039415, -0.0877671392412434, 0.220840655702944, -0.0438210790531496, 
-0.277084990161585, -0.269664559369225, -0.0980259557286131, 
-0.2535238309377, 0.169261068293012, -0.0128656912141528, -0.230370971149549, 
-0.322761471260119, 0.104889464661689, -0.209279069529361, -0.239775701922055, 
-225.743955253144, -11.8276201693348, 20.5044038044349, -16.9699421678191, 
21.8429162597646, -8.27349356111518, 38.6108905466483, 0.361588241972353, 
-0.0162328854415696, 0.319369720120576, -0.126512690894664, 0.23712326495259, 
0.192933862753377, -0.0722402719253826, -0.358354388260047, -0.320213141611388, 
0.0599085657732581, -0.113515340065529, 0.208634664513758, 0.0787879360352944, 
-0.019445613218742, 0.360277710811852, -0.375991340182307, 0.18695070935376, 
-0.102500669529955, -0.156944959524964, -0.114451480366684), .Dim = c(27L, 
7L), .Dimnames = list(c("1", "3", "4", "5", "6", "7", "8", "9", 
"10", "11", "12", "13", "15", "16", "17", "18", "19", "20", "22", 
"23", "24", "25", "26", "27", "28", "29", "30"), c("x1", "x2", 
"x3", "x4", "x5", "x6", "x7")), assign = 1:7), qraux = c(1.19245008972988, 
1.08566989943616, 1.06589123532396, 1.06552080427392, 1.17955741520268, 
1.00613246897737, 1.02044169218591), pivot = 1:7, tol = 1e-07, 
    rank = 7L), .Names = c("qr", "qraux", "pivot", "tol", "rank"
), class = "qr"), df.residual = 20L, xlevels = structure(list(), .Names = character(0)), 
    call = quote(lm(formula = y ~ . + 0, data = structure(list(y = c(43, 
        71, 61, 81, 43, 58, 71, 72, 67, 64, 67, 69, 77, 81, 74, 
        65, 65, 50, 64, 53, 40, 63, 66, 78, 48, 85, 82), x1 = c(1, 
        1, 1, 1, 1, 1, 1, 1, 1, 1, 1, 1, 1, 1, 1, 1, 1, 1, 1, 
        1, 1, 1, 1, 1, 1, 1, 1), x2 = c(51, 70, 63, 78, 55, 67, 
        75, 82, 61, 53, 60, 62, 77, 90, 85, 60, 70, 58, 61, 66, 
        37, 54, 77, 75, 57, 85, 82), x3 = c(30, 68, 45, 56, 49, 
        42, 50, 72, 45, 53, 47, 57, 54, 50, 64, 65, 46, 68, 52, 
        52, 42, 42, 66, 58, 44, 71, 39), x4 = c(39, 69, 47, 66, 
        44, 56, 55, 67, 47, 58, 39, 42, 72, 72, 69, 75, 57, 54, 
        62, 50, 58, 48, 63, 74, 45, 71, 59), x5 = c(61, 76, 54, 
        71, 54, 66, 70, 71, 62, 58, 59, 55, 79, 60, 79, 55, 75, 
        64, 66, 63, 50, 66, 88, 80, 51, 77, 64), x6 = c(64, 49, 
        80, 73, 80, 74, 92, 79, 77, 76, 78, 80, 80, 74, 57, 74, 
        83, 84, 77, 85, 73, 77, 75, 80, 75, 74, 83), x7 = c(45, 
        48, 35, 47, 34, 35, 41, 31, 41, 34, 41, 25, 46, 36, 63, 
        60, 46, 52, 41, 37, 49, 33, 72, 49, 38, 55, 39)), .Names = c("y", 
        "x1", "x2", "x3", "x4", "x5", "x6", "x7"),