
expected <- structure(list(coefficients = structure(c(26.5581081242889, 0.625454007713583, 
0.014572567174657, 0.221877835978018, -0.030144069169632, -0.0932293323477973, 
-0.171404976420097), .Names = c("x1", "x2", "x3", "x4", "x5", 
"x6", "x7")), residuals = structure(c(-7.44599426033537, -1.77918186931937, 
2.89571679236763, 5.73110605549589, -7.11559622061307, 0.748781651821864, 
-1.08359959352805, 6.5316266424005, 6.53091911437488, 8.25315000199323, 
7.21618885080124, -4.82302887191047, 0.736214740960962, -6.05340904883934, 
-4.33278612640336, 2.72716582555144, -2.64419576945248, 4.17525177566839, 
-0.120782543654038, -8.41925620601278, -9.33198928222208, 6.55747915330117, 
-7.57806834547348, 5.35092983997245, -9.38872087501694, 3.53815571429859, 
9.12392285377259), .Names = c("1", "2", "3", "5", "7", "8", "9", 
"10", "11", "12", "13", "14", "15", "16", "17", "18", "19", "21", 
"22", "23", "24", "25", "26", "27", "28", "29", "30")), effects = structure(c(-343.523410167827, 
49.3571362451374, -0.900494662017867, -9.30463239602708, 1.26437505230766, 
-5.79748090168314, 6.64794493685635, 8.62054884095935, 5.5344187201764, 
10.8548763237967, 7.86285913853452, -4.08761901470954, 0.708721599024455, 
-9.62103112330311, -3.7751401901102, -0.950275218192651, -0.0994357615858732, 
5.34451984842943, -0.267943186351933, -6.47148007523606, -11.7456937262258, 
8.92035949869921, -5.27060276825311, 5.43781368110908, -8.37090832917015, 
2.63009025599991, 10.3838032284109), .Names = c("x1", "x2", "x3", 
"x4", "x5", "x6", "x7", "", "", "", "", "", "", "", "", "", "", 
"", "", "", "", "", "", "", "", "", "")), rank = 7L, fitted.values = structure(c(50.4459942603354, 
64.7791818693194, 68.1042832076324, 75.2688939445041, 65.1155962206131, 
70.2512183481781, 73.083599593528, 60.4683733575995, 57.4690808856251, 
58.7468499980068, 61.7838111491988, 72.8230288719105, 76.263785259039, 
87.0534090488393, 78.3327861264034, 62.2728341744486, 67.6441957694525, 
45.8247482243316, 64.120782543654, 61.4192562060128, 49.3319892822221, 
56.4425208466988, 73.5780683454735, 72.6490701600275, 57.3887208750169, 
81.4618442857014, 72.8760771462274), .Names = c("1", "2", "3", 
"5", "7", "8", "9", "10", "11", "12", "13", "14", "15", "16", 
"17", "18", "19", "21", "22", "23", "24", "25", "26", "27", "28", 
"29", "30")), assign = 1:7, qr = structure(list(qr = structure(c(-5.19615242270663, 
0.192450089729875, 0.192450089729875, 0.192450089729875, 0.192450089729875, 
0.192450089729875, 0.192450089729875, 0.192450089729875, 0.192450089729875, 
0.192450089729875, 0.192450089729875, 0.192450089729875, 0.192450089729875, 
0.192450089729875, 0.192450089729875, 0.192450089729875, 0.192450089729875, 
0.192450089729875, 0.192450089729875, 0.192450089729875, 0.192450089729875, 
0.192450089729875, 0.192450089729875, 0.192450089729875, 0.192450089729875, 
0.192450089729875, 0.192450089729875, -350.644063487833, 69.9910047130397, 
-0.0739876890014511, -0.188288091357435, -0.0311250381179571, 
-0.145425440473941, -0.245438292535427, 0.0546002636490308, 0.168900666005015, 
0.0688878139435288, 0.0403127133545328, -0.259725842829925, -0.174000541062937, 
-0.359738694891411, -0.288300943418921, 0.0688878139435288, -0.0739876890014511, 
0.354638819833489, 0.0546002636490308, -0.0168374878234591, 0.397501470716983, 
0.154613115710517, -0.174000541062937, -0.145425440473941, 0.111750464827023, 
-0.288300943418921, -0.245438292535427, -275.588528493181, 38.4409186516115, 
-50.5891167760729, -0.00316766421737167, -0.167031203886066, 
-0.0909859330561284, 0.272060140307717, -0.0461612801759294, 
0.194067007807626, 0.00363435324785844, 0.18078245036209, 0.479236773419893, 
-0.0324404204969572, -0.244907511637645, 0.0831390451846672, 
0.359442106913039, -0.118747129898996, -0.0678762392719259, 0.092208401804974, 
0.0409012089444684, 0.140811953276968, -0.0336325024487515, 0.204764748613163, 
0.0671508463506184, -0.0248826233133682, 0.221508727165571, -0.380254074745113, 
-297.527838722387, 35.5135583468277, -11.8516979838765, -48.2235379626031, 
0.0750897993545926, -0.058236441180571, -0.0196557085553235, 
-0.0941457096375501, 0.127353894350043, -0.268315037800077, -0.293849248636085, 
-0.564434550492817, 0.251241851319996, 0.194927838781171, 0.0615428067064411, 
0.344114840428868, 0.0461558654104395, -0.135222990778853, 0.164758226616937, 
-0.117203131244745, 0.315284649387418, -0.00469171660190341, 
-0.0247846889873241, 0.276164899973097, -0.101673414793717, 0.0508688449211501, 
0.0602883418434414, -340.05930855269, 35.7220507474215, -2.99208838484361, 
-14.719169466044, -37.2692261040187, 0.0382911526672781, -0.132676681248276, 
0.024011503696874, -0.101795034596905, 0.00541059234602756, -0.163214563459382, 
-0.331718342334546, 0.132082992480758, -0.493056580896258, 0.0561061679297304, 
-0.394413959658618, 0.214317372691583, -0.168689338295681, 0.0105167711067292, 
-0.0327006506859377, -0.140994803015213, 0.197213518869501, 0.411976513253235, 
0.155391497678627, -0.216810835825468, -0.0264316019198206, -0.194482151548384, 
-391.058582331106, 6.68128185253085, -3.59575616558608, 2.60675033656675, 
-19.5558173696067, 40.3285389678236, -0.0340174574237583, -0.0699338141886379, 
0.237584478614219, 0.0789438364433533, 0.352154179412984, 0.105988720675174, 
0.102625124813305, 0.521044460002814, 0.0882764219922455, -0.0967461512842099, 
-0.121931862443141, 0.186774877883945, -0.0436128075132857, -0.0466515042642281, 
0.400610526430522, 0.0733476359255051, 0.24605371077663, 0.0960876775845275, 
-0.218517327350709, 0.218994987573285, -0.0579912771124785, -216.50635094611, 
6.76277380606239, -11.907029297656, -6.96847784840985, 9.81445760379445, 
11.8880920595716, -38.7850170730334, -0.143472879680554, 0.159327225519728, 
-0.148857079009321, -0.162631302767829, -0.186073865951532, -0.218117694839565, 
-0.182079221517843, 0.0133225257898489, 0.379937507041008, -0.176052081982203, 
0.0751278980306443, -0.216310696874219, 0.237980251540619, 0.170638173320769, 
-0.0472877696072403, -0.185209721335877, 0.172555592169927, -0.140615002538406, 
-0.328613919660935, 0.385334221013444), .Dim = c(27L, 7L), .Dimnames = list(
    c("1", "2", "3", "5", "7", "8", "9", "10", "11", "12", "13", 
    "14", "15", "16", "17", "18", "19", "21", "22", "23", "24", 
    "25", "26", "27", "28", "29", "30"), c("x1", "x2", "x3", 
    "x4", "x5", "x6", "x7")), assign = 1:7), qraux = c(1.19245008972988, 
1.01173761276554, 1.31612901346956, 1.10529795744899, 1.01687850927921, 
1.32910388391468, 1.36579249195572), pivot = 1:7, tol = 1e-07, 
    rank = 7L), .Names = c("qr", "qraux", "pivot", "tol", "rank"
), class = "qr"), df.residual = 20L, xlevels = structure(list(), .Names = character(0)), 
    call = quote(lm(formula = y ~ . + 0, data = structure(list(y = c(43, 
        63, 71, 81, 58, 71, 72, 67, 64, 67, 69, 68, 77, 81, 74, 
        65, 65, 50, 64, 53, 40, 63, 66, 78, 48, 85, 82), x1 = c(1, 
        1, 1, 1, 1, 1, 1, 1, 1, 1, 1, 1, 1, 1, 1, 1, 1, 1, 1, 
        1, 1, 1, 1, 1, 1, 1, 1), x2 = c(51, 64, 70, 78, 67, 75, 
        82, 61, 53, 60, 62, 83, 77, 90, 85, 60, 70, 40, 61, 66, 
        37, 54, 77, 75, 57, 85, 82), x3 = c(30, 51, 68, 56, 42, 
        50, 72, 45, 53, 47, 57, 83, 54, 50, 64, 65, 46, 33, 52, 
        52, 42, 42, 66, 58, 44, 71, 39), x4 = c(39, 54, 69, 66, 
        56, 55, 67, 47, 58, 39, 42, 45, 72, 72, 69, 75, 57, 34, 
        62, 50, 58, 48, 63, 74, 45, 71, 59), x5 = c(61, 63, 76, 
        71, 66, 70, 71, 62, 58, 59, 55, 59, 79, 60, 79, 55, 75, 
        43, 66, 63, 50, 66, 88, 80, 51, 77, 64), x6 = c(92, 73, 
        86, 83, 68, 66, 83, 80, 67, 74, 63, 77, 77, 54, 79, 80, 
        85, 64, 80, 80, 57, 75, 76, 78, 83, 74, 78), x7 = c(39, 
        34, 48, 33, 47, 46, 63, 35, 46, 35, 36, 46, 33, 33, 46, 
        60, 34, 38, 33, 52, 41, 36, 37, 49, 36, 34, 55)), .Names = c("y", 
        "x1", "x2", "x3", "x4", "x5", "x6", "x7"),