
expected <- structure(list(coefficients = structure(c(26.5899846299403, 0.595136474427374, 
-0.0442547478666337, -0.256024417490075, 0.164667397015964, 0.0721587892965098, 
-0.011105654006873), .Names = c("x1", "x2", "x3", "x4", "x5", 
"x6", "x7")), residuals = structure(c(-3.27632437485851, 6.00623641397684, 
0.472739587480078, -7.77047789685275, -8.1662584466874, 0.747042907867303, 
0.63661052967732, 4.39672268402372, 4.95855372336525, 10.3597386783426, 
5.46203090715749, -5.37075469955024, 6.07380814000892, 3.50897371066986, 
-3.24845297714051, 10.3611216708276, -3.31299733569113, -9.09479046065466, 
2.021761107651, -1.25638342638438, -11.1981443786398, -0.37584492592166, 
4.04319288777914, -5.00418683027979, 2.6050536712567, -8.40121837145729, 
4.82224750403429), .Names = c("2", "3", "4", "6", "7", "8", "9", 
"10", "11", "12", "13", "14", "15", "16", "17", "18", "19", "20", 
"21", "22", "23", "24", "25", "26", "27", "28", "29")), effects = structure(c(-333.516005501874, 
-45.8271796854879, -2.82732660593055, 12.7342373145913, -7.38971998865333, 
3.15932415777073, -0.444917036506166, 5.63503021536944, 6.07333536130995, 
12.6964421062135, 3.85210624339617, -10.3493974434758, 7.77878203185994, 
-2.65212452428599, -4.29532662621073, 11.9488470474817, -1.00584147762837, 
-6.866157541639, 4.1142490786857, -0.148948540205337, -10.5773389522621, 
5.55265201998867, 7.70533774864416, -1.67126341020462, 2.96732103131112, 
-7.46875212169473, 1.96895724629074), .Names = c("x1", "x2", 
"x3", "x4", "x5", "x6", "x7", "", "", "", "", "", "", "", "", 
"", "", "", "", "", "", "", "", "", "", "", "")), rank = 7L, 
    fitted.values = structure(c(66.2763243748585, 64.9937635860232, 
    60.5272604125199, 50.7704778968528, 66.1662584466874, 70.2529570921327, 
    71.3633894703227, 62.6032773159763, 59.0414462766348, 56.6402613216574, 
    63.5379690928425, 73.3707546995502, 70.9261918599911, 77.4910262893301, 
    77.2484529771405, 54.6388783291724, 68.3129973356911, 59.0947904606547, 
    47.978238892349, 65.2563834263844, 64.1981443786398, 40.3758449259217, 
    58.9568071122209, 71.0041868302798, 75.3949463287433, 56.4012183714573, 
    80.1777524959657), .Names = c("2", "3", "4", "6", "7", "8", 
    "9", "10", "11", "12", "13", "14", "15", "16", "17", "18", 
    "19", "20", "21", "22", "23", "24", "25", "26", "27", "28", 
    "29")), assign = 1:7, qr = structure(list(qr = structure(c(-5.19615242270663, 
    0.192450089729875, 0.192450089729875, 0.192450089729875, 
    0.192450089729875, 0.192450089729875, 0.192450089729875, 
    0.192450089729875, 0.192450089729875, 0.192450089729875, 
    0.192450089729875, 0.192450089729875, 0.192450089729875, 
    0.192450089729875, 0.192450089729875, 0.192450089729875, 
    0.192450089729875, 0.192450089729875, 0.192450089729875, 
    0.192450089729875, 0.192450089729875, 0.192450089729875, 
    0.192450089729875, 0.192450089729875, 0.192450089729875, 
    0.192450089729875, 0.192450089729875, -343.908310347287, 
    -67.2761032913922, -0.0421028710864252, -0.16101582247051, 
    0.0173536046056173, 0.136266555989702, 0.240315388450777, 
    -0.0718311089324464, -0.190744060316531, -0.0866952278554571, 
    -0.0569669900094358, 0.255179507373787, 0.165994793835724, 
    0.359228339834862, 0.284907745219808, -0.0866952278554571, 
    0.0619459613746492, -0.116423465701478, -0.38397760631567, 
    -0.0718311089324464, 0.00248948568260667, -0.428569963084701, 
    -0.175879941393521, 0.165994793835724, 0.136266555989702, 
    -0.131287584624489, 0.284907745219808, -282.709181813187, 
    -36.8030079304512, 46.9047665572452, -0.0611248653510839, 
    0.270548232368535, 0.221612896213294, -0.141002445516607, 
    0.115371580928528, -0.176809800349899, 0.0575291134291201, 
    -0.125263079326525, -0.360317310932056, 0.166739472495275, 
    0.44965606351628, 0.0751645466608243, -0.326227193683757, 
    0.230877686470715, -0.420592333842968, 0.0519486847795985, 
    -0.0338669829487023, 0.0421474061522932, -0.185538102237438, 
    0.0729108207059471, -0.0890980655799771, 0.0510545374964592, 
    0.0758798644873358, -0.0740740172164058, -301.569290606715, 
    1.56348510153149, 7.1876180594981, -52.866403546402, -0.040822842158506, 
    -0.0146351712663268, 0.226729003399529, -0.0159325099937383, 
    -0.208856670175117, 0.310109657099754, -0.244330692606991, 
    -0.0964662006823605, 0.167319085746908, -0.131965337606046, 
    -0.0141269025420129, 0.370798420473388, 0.0992613150124107, 
    0.0579679095038656, -0.0472374125753489, -0.184639973675586, 
    0.0599840438195378, 0.40190914401151, 0.0116827293593564, 
    0.207778261329331, -0.239870452381775, 0.170244497083576, 
    -0.296327995400539, -335.440506399173, -38.1446322939837, 
    2.79399501774129, -3.38590915371625, -40.0797068959724, 0.0362250335607054, 
    -0.148691291740199, 0.0545717493452279, 0.0234097195218079, 
    -0.0171540094427, -0.19557818363798, -0.518350133292675, 
    0.212524473309779, -0.419033210372295, 0.0512501495505574, 
    -0.209952053648978, 0.250154179950675, 0.0268165466768334, 
    -0.0692991297564175, 0.118367289122126, -0.0253045832911412, 
    0.0996768060581949, 0.265905713978124, 0.375079070219397, 
    0.244605569602364, -0.159978319405436, -0.0345616501639118, 
    -382.975678562452, -12.3443755040988, 11.0852083455286, -5.46510222760764, 
    -15.3218790992946, 43.5170869600443, -0.175267396750169, 
    -0.1707624155502, 0.107131134177018, -0.139766563339232, 
    0.239623669080928, -0.014938361439816, 0.00731306231166691, 
    0.602024733536866, 0.0419711604510613, -0.331676373483762, 
    -0.207081001864192, -0.176455921630219, 0.0144927871024754, 
    -0.115721740309016, -0.166085670556225, 0.0639644824569442, 
    -0.0798267217883728, 0.0483372428931118, 0.0801148922762987, 
    -0.360316992450778, 0.213793168751334, -222.664753817466, 
    -13.9386898893224, 15.4279398067065, -13.601283520607, -28.4277958260214, 
    -1.72739480368539, 40.0622094143054, 0.00158365441518294, 
    0.237511812836155, 0.0171376178931474, 0.36480395792929, 
    0.194712717563905, 0.0663669831781036, -0.134271934540802, 
    -0.372194499884153, -0.37056023251554, 0.0012523309474559, 
    -0.0296367101413346, 0.0251845038114125, 0.0970838043523483, 
    0.132295880591036, -0.128067551803982, 0.304100204861956, 
    -0.35430817011097, 0.0141022372769307, -0.0363579586955526, 
    -0.174281059928594), .Dim = c(27L, 7L), .Dimnames = list(
        c("2", "3", "4", "6", "7", "8", "9", "10", "11", "12", 
        "13", "14", "15", "16", "17", "18", "19", "20", "21", 
        "22", "23", "24", "25", "26", "27", "28", "29"), c("x1", 
        "x2", "x3", "x4", "x5", "x6", "x7")), assign = 1:7), 
        qraux = c(1.19245008972988, 1.06194596137465, 1.14577733656893, 
        1.3496577068558, 1.08754346206696, 1.25932471261098, 
        1.42340406356984), pivot = 1:7, tol = 1e-07, rank = 7L), .Names = c("qr", 
    "qraux", "pivot", "tol", "rank"), class = "qr"), df.residual = 20L, 
    xlevels = structure(list(), .Names = character(0)), call = quote(lm(formula = y ~ 
        . + 0, data = structure(list(y = c(63, 71, 61, 43, 58, 
        71, 72, 67, 64, 67, 69, 68, 77, 81, 74, 65, 65, 50, 50, 
        64, 53, 40, 63, 66, 78, 48, 85), x1 = c(1, 1, 1, 1, 1, 
        1, 1, 1, 1, 1, 1, 1, 1, 1, 1, 1, 1, 1, 1, 1, 1, 1, 1, 
        1, 1, 1, 1), x2 = c(64, 70, 63, 55, 67, 75, 82, 61, 53, 
        60, 62, 83, 77, 90, 85, 60, 70, 58, 40, 61, 66, 37, 54, 
        77, 75, 57, 85), x3 = c(51, 68, 45, 49, 42, 50, 72, 45, 
        53, 47, 57, 83, 54, 50, 64, 65, 46, 68, 33, 52, 52, 42, 
        42, 66, 58, 44, 71), x4 = c(44, 72, 63, 72, 54, 57, 71, 
        54, 42, 71, 42, 54, 67, 54, 59, 74, 62, 57, 48, 45, 59, 
        71, 54, 69, 45, 63, 44), x5 = c(63, 76, 54, 54, 66, 70, 
        71, 62, 58, 59, 55, 59, 79, 60, 79, 55, 75, 64, 43, 66, 
        63, 50, 66, 88, 80, 51, 77),