
expected <- structure(list(coefficients = structure(c(11.2603315275939, 0.702620616866133, 
-0.122935262005026, 0.298014932616683, 0.0711495541407283, -0.198519697790411
), .Names = c("x1", "x2", "x3", "x4", "x5", "x6")), residuals = structure(c(-9.64088008004496, 
1.08534933780524, 1.76287659540459, -2.02841855807494, 5.57566227889705, 
-10.7299530801406, 0.242501049898715, -7.74218609375032, 6.85253907896271, 
10.6120470056167, 9.14844352498611, -3.31521419498814, 0.472700403106988, 
-5.50186589684019, -2.79233135976624, 3.44132108068004, -3.69140981874588, 
-4.9721767886641, 6.55677829703642, 0.242861923747645, -3.70693883348867, 
5.87165286677423, -1.13728036259115, 3.29806235885649, -9.67289160613784, 
7.23977579741594, 2.52897507404421), .Names = c("1", "2", "3", 
"4", "5", "6", "8", "9", "10", "12", "13", "14", "15", "16", 
"17", "18", "19", "20", "21", "22", "24", "25", "26", "27", "28", 
"29", "30")), effects = structure(c(-339.4819582835, 54.8283956586102, 
5.80475161533608, 9.31821960428338, -1.41664221333403, -8.31835316464919, 
4.18824884752973, -3.83398455848355, 8.04206083647816, 11.8660226946096, 
13.8768809498711, -0.936678101275585, 3.60945775132592, 2.41094128849114, 
-2.20038606957001, 3.43281415017193, -2.65221990289753, -5.26467874991786, 
9.04666057765771, 2.26642982049279, -1.29499505278216, 8.50008237223501, 
-2.25052535654979, 5.85255548212592, -8.74538611322116, 9.44426479520504, 
6.23211724475333), .Names = c("x1", "x2", "x3", "x4", "x5", "x6", 
"", "", "", "", "", "", "", "", "", "", "", "", "", "", "", "", 
"", "", "", "", "")), rank = 6L, fitted.values = structure(c(52.640880080045, 
61.9146506621948, 69.2371234045954, 63.0284185580749, 75.424337721103, 
53.7299530801406, 70.7574989501013, 79.7421860937503, 60.1474609210373, 
56.3879529943833, 59.8515564750139, 71.3152141949881, 76.527299596893, 
86.5018658968402, 76.7923313597662, 61.55867891932, 68.6914098187459, 
54.9721767886641, 43.4432217029636, 63.7571380762524, 43.7069388334887, 
57.1283471332258, 67.1372803625911, 74.7019376411435, 57.6728916061378, 
77.7602242025841, 79.4710249259558), .Names = c("1", "2", "3", 
"4", "5", "6", "8", "9", "10", "12", "13", "14", "15", "16", 
"17", "18", "19", "20", "21", "22", "24", "25", "26", "27", "28", 
"29", "30")), assign = 1:6, qr = structure(list(qr = structure(c(-5.19615242270663, 
0.192450089729875, 0.192450089729875, 0.192450089729875, 0.192450089729875, 
0.192450089729875, 0.192450089729875, 0.192450089729875, 0.192450089729875, 
0.192450089729875, 0.192450089729875, 0.192450089729875, 0.192450089729875, 
0.192450089729875, 0.192450089729875, 0.192450089729875, 0.192450089729875, 
0.192450089729875, 0.192450089729875, 0.192450089729875, 0.192450089729875, 
0.192450089729875, 0.192450089729875, 0.192450089729875, 0.192450089729875, 
0.192450089729875, 0.192450089729875, -348.719562590534, 70.3467601717852, 
-0.0780287364412797, 0.0214783337195374, -0.191751102339356, 
0.135200699617614, -0.149105215127578, -0.248612285288395, 0.0499089251940565, 
0.0641242209313161, 0.035693629456797, -0.262827581025654, -0.177535806602097, 
-0.362334651186471, -0.291258172500173, 0.0641242209313161, -0.0780287364412797, 
0.0925548124058353, 0.348430135676508, 0.0499089251940565, 0.391076022888286, 
0.149415995354874, -0.177535806602097, -0.149105215127578, 0.106770108143095, 
-0.291258172500173, -0.248612285288395, -278.475279839129, 37.4320326308127, 
-53.0034098114856, -0.075706467318834, -0.012820834695724, 0.0769060743699957, 
-0.0970914619501152, 0.250473687390347, -0.0564200426149869, 
-0.0090434088263427, 0.160337273653413, 0.448364292940387, -0.040911043780521, 
-0.241739647228969, 0.0706103645876936, 0.330557384104143, -0.124342243063939, 
0.406443940963071, -0.0803131118449159, 0.0756469324135353, 0.118416921676098, 
-0.0455176883066029, 0.185489484839803, 0.0538422237967673, -0.0367139039256529, 
0.202677339616216, -0.372127766315544, -293.87128701752, 38.6703428372584, 
-11.1993092197911, 48.2684858320112, -0.107781713378168, 0.123670080364893, 
0.0546436939298392, 0.0157286801850715, 0.0785726316673404, 0.250959607742599, 
0.275155952383693, 0.557391283462209, -0.253908605931057, -0.183741834899432, 
-0.0598830973881054, -0.366755652799726, -0.0531978074521516, 
0.0744881674426076, 0.103155243763194, -0.182367420860423, -0.35276932207614, 
-0.0166088494611066, 0.0179571101637227, -0.282048775483992, 
0.0825405083636648, -0.0514962842411523, -0.0534055120873466, 
-390.288781972187, 8.70923785502774, -2.19264660625914, 1.47069026615051, 
-51.1844235451795, -0.550910983934931, -0.262152506077338, -0.00128387708700929, 
0.0555660678019506, -0.081615810967927, -0.330244181385041, -0.203597074290451, 
-0.0321638917277558, -0.508711263291678, -0.0578353656456673, 
0.0487556113110915, 0.142215065152465, -0.0371029916492386, -0.17765577432346, 
0.062724721290907, -0.286192365485783, -0.00811355157154895, 
-0.110435143942238, -0.0157261859375734, 0.125949839609759, -0.174953418640387, 
-0.00443938971447748, -227.476006060713, 10.7846710326676, -14.0153888247995, 
26.0485431054199, -11.2084932912041, 41.90190322288, -0.0297122524720127, 
0.424236582280226, -0.00240589006487397, -0.146565501050206, 
0.223695802832917, -0.0482826172086063, 0.151647505055664, 0.205052293697376, 
-0.345968740594488, -0.00637159817880121, -0.00416205216106501, 
-0.140463223666549, 0.0575356677710445, 0.234366663309804, 0.0451464416351302, 
0.230288494252253, -0.613420895409039, 0.129694135937288, 0.0773237071455098, 
-0.143884795418223, 0.082917986339529), .Dim = c(27L, 6L), .Dimnames = list(
    c("1", "2", "3", "4", "5", "6", "8", "9", "10", "12", "13", 
    "14", "15", "16", "17", "18", "19", "20", "21", "22", "24", 
    "25", "26", "27", "28", "29", "30"), c("x1", "x2", "x3", 
    "x4", "x5", "x6")), assign = 1:6), qraux = c(1.19245008972988, 
1.00726303798228, 1.29072539273999, 1.09374745055647, 1.06294011256778, 
1.02801083696681), pivot = 1:6, tol = 1e-07, rank = 6L), .Names = c("qr", 
"qraux", "pivot", "tol", "rank"), class = "qr"), df.residual = 21L, 
    xlevels = structure(list(), .Names = character(0)), call = quote(lm(formula = y ~ 
        . + 0, data = structure(list(y = c(43, 63, 71, 61, 81, 
        43, 71, 72, 67, 67, 69, 68, 77, 81, 74, 65, 65, 50, 50, 
        64, 40, 63, 66, 78, 48, 85, 82), x1 = c(1, 1, 1, 1, 1, 
        1, 1, 1, 1, 1, 1, 1, 1, 1, 1, 1, 1, 1, 1, 1, 1, 1, 1, 
        1, 1, 1, 1), x2 = c(51, 64, 70, 63, 78, 55, 75, 82, 61, 
        60, 62, 83, 77, 90, 85, 60, 70, 58, 40, 61, 37, 54, 77, 
        75, 57, 85, 82), x3 = c(30, 51, 68, 45, 56, 49, 50, 72, 
        45, 47, 57, 83, 54, 50, 64, 65, 46, 68, 33, 52, 42, 42, 
        66, 58, 44, 71, 39), x4 = c(39, 54, 69, 47, 66, 44, 55, 
        67, 47, 39, 42, 45, 72, 72, 69, 75, 57, 54, 34, 62, 58, 
        48, 63, 74, 45, 71, 59), x5 = c(92, 73, 86, 84, 83, 49, 
        66, 83, 80, 74, 63, 77, 77, 54, 79, 80, 85, 78, 64, 80, 
        57, 75, 76, 78, 83, 74, 78), x6 = c(45, 47, 48, 35, 47, 
        34, 41, 31, 41, 41, 25, 35, 46, 36, 63, 60, 46, 52, 33, 
        41, 49, 33, 72, 49, 38, 55, 39)), .Names = c("y", "x1", 
        "x2", "x3", "x4", "x5", "x6"), row.names = c("1", "2", 
        "3", "4", "5", "6", "8", "9", "10", "12", "13", "14", 
        "15", "16", "17", "18", "19", "20", "21", "22", "24", 
        "25", "26", "27", "28", "29", "30"), class = "data.frame"))), 
    terms = y ~ x1 + x2 + x3 + x4 + x5 + x6 + 0, model = structure(list(
        y = c(43, 63, 71, 61, 81, 43, 71, 72, 67, 67, 69, 68, 
        77, 81, 74, 65, 65, 50, 50, 64, 40, 63, 66, 78, 48, 85, 
        82), x1 = c(1, 1, 1, 1, 1, 1, 1, 1, 1, 1, 1, 1, 1, 1, 
        1, 1, 1, 1, 1, 1, 1, 1, 1, 1, 1, 1, 1), x2 = c(51, 64, 
        70, 63, 78, 55, 75, 82, 61, 60, 62, 83, 77, 90, 85, 60, 
        70, 58, 40, 61, 37, 54, 77, 75, 57, 85, 82), x3 = c(30, 
        51, 68, 45, 56, 49, 50, 72, 45, 47, 57, 83, 54, 50, 64, 
        65, 46, 68, 33, 52, 42, 42, 66, 58, 44, 71, 39),