
expected <- structure(list(coefficients = structure(c(29.9660421436189, 0.612706289354049, 
0.0484800620069614, -0.0937156051209942, 0.191913070375098, -0.157012753090149, 
-0.0720620783034316), .Names = c("x1", "x2", "x3", "x4", "x5", 
"x6", "x7")), residuals = structure(c(-8.62655256928343, -1.76991597709834, 
3.97208012964596, 9.97493996807773, -9.4601061521051, -2.1177554654903, 
-3.40455943430476, 6.15486918640107, 4.76614368693028, 7.8974433313825, 
3.35699632874981, -8.49458305361827, 3.76030080111662, -1.91482934601197, 
-3.83679413741471, 8.38485731842666, -2.00773839673274, 2.59881603745069, 
1.204416024763, -11.2596060524018, -5.13341424616876, 4.46004072452171, 
-7.64464508330174, 3.91133573676034, -7.1364893496006, 4.44037710059365, 
7.92437288871245), .Names = c("1", "2", "3", "5", "7", "8", "9", 
"10", "11", "12", "13", "14", "15", "16", "17", "18", "19", "21", 
"22", "23", "24", "25", "26", "27", "28", "29", "30")), effects = structure(c(-343.523410167827, 
49.3571362451374, -0.900494662017867, 7.01846890464564, -3.25580094163905, 
-6.13316051510151, -2.86173909406653, 8.05467729248659, 8.51804638734741, 
6.258392803715, 6.67043960331016, -9.38189604889035, 5.59775162439939, 
-1.5865176925865, -3.03111088020744, 2.85283850385139, 0.457382374040674, 
3.62385184202197, 5.19893608688124, -10.1534163014095, -8.11758520861025, 
8.44991987375623, -7.05099857899397, 9.31451028815226, -8.65750325036504, 
7.77002392710266, 9.33853466748661), .Names = c("x1", "x2", "x3", 
"x4", "x5", "x6", "x7", "", "", "", "", "", "", "", "", "", "", 
"", "", "", "", "", "", "", "", "", "")), rank = 7L, fitted.values = structure(c(51.6265525692834, 
64.7699159770983, 67.027919870354, 71.0250600319223, 67.4601061521051, 
73.1177554654903, 75.4045594343048, 60.8451308135989, 59.2338563130697, 
59.1025566686175, 65.6430036712502, 76.4945830536183, 73.2396991988834, 
82.914829346012, 77.8367941374147, 56.6151426815733, 67.0077383967327, 
47.4011839625493, 62.795583975237, 64.2596060524018, 45.1334142461688, 
58.5399592754783, 73.6446450833017, 74.0886642632397, 55.1364893496006, 
80.5596228994063, 74.0756271112875), .Names = c("1", "2", "3", 
"5", "7", "8", "9", "10", "11", "12", "13", "14", "15", "16", 
"17", "18", "19", "21", "22", "23", "24", "25", "26", "27", "28", 
"29", "30")), assign = 1:7, qr = structure(list(qr = structure(c(-5.19615242270663, 
0.192450089729875, 0.192450089729875, 0.192450089729875, 0.192450089729875, 
0.192450089729875, 0.192450089729875, 0.192450089729875, 0.192450089729875, 
0.192450089729875, 0.192450089729875, 0.192450089729875, 0.192450089729875, 
0.192450089729875, 0.192450089729875, 0.192450089729875, 0.192450089729875, 
0.192450089729875, 0.192450089729875, 0.192450089729875, 0.192450089729875, 
0.192450089729875, 0.192450089729875, 0.192450089729875, 0.192450089729875, 
0.192450089729875, 0.192450089729875, -350.644063487833, 69.9910047130397, 
-0.0739876890014511, -0.188288091357435, -0.0311250381179571, 
-0.145425440473941, -0.245438292535427, 0.0546002636490308, 0.168900666005015, 
0.0688878139435288, 0.0403127133545328, -0.259725842829925, -0.174000541062937, 
-0.359738694891411, -0.288300943418921, 0.0688878139435288, -0.0739876890014511, 
0.354638819833489, 0.0546002636490308, -0.0168374878234591, 0.397501470716983, 
0.154613115710517, -0.174000541062937, -0.145425440473941, 0.111750464827023, 
-0.288300943418921, -0.245438292535427, -275.588528493181, 38.4409186516115, 
-50.5891167760729, -0.00316766421737167, -0.167031203886066, 
-0.0909859330561284, 0.272060140307717, -0.0461612801759294, 
0.194067007807626, 0.00363435324785844, 0.18078245036209, 0.479236773419893, 
-0.0324404204969572, -0.244907511637645, 0.0831390451846672, 
0.359442106913039, -0.118747129898996, -0.0678762392719259, 0.092208401804974, 
0.0409012089444684, 0.140811953276968, -0.0336325024487515, 0.204764748613163, 
0.0671508463506184, -0.0248826233133682, 0.221508727165571, -0.380254074745113, 
-299.452339619686, 3.64067948244985, -8.13256551542547, -52.2771759694389, 
-0.0149541175093186, -0.0177943523245269, 0.103068623567998, 
-0.0263293237671377, -0.296173146214979, 0.28754032477596, -0.332514134660742, 
-0.292477421660088, 0.145871452528712, -0.0938637552151601, -0.0799512567513515, 
0.231836349813666, 0.109208541549265, -0.0395523923024024, -0.242468183325196, 
0.0191074512830342, 0.347601563246805, 0.00123780060790043, 0.108735469220515, 
-0.297602432075272, 0.157094865972378, -0.410862957204786, 0.0234689129145255, 
-340.05930855269, 35.7220507474215, -2.99208838484361, -5.60586043459791, 
-39.6764853905988, 0.0191418542791615, -0.14153598552047, -0.00489751161136878, 
-0.024323280050669, -0.110486493633659, -0.213222436208088, -0.462316580637412, 
0.189545101279298, -0.391025613368388, 0.080651116607705, -0.284103625206477, 
0.204858146639596, -0.197705951559654, 0.0876288320481149, -0.0702341439617848, 
-0.0672156375502051, 0.183617540927718, 0.367845208780046, 0.265083323662893, 
-0.252405273063533, 0.0337710958666881, -0.165783240241517, -391.058582331106, 
6.68128185253085, -3.59575616558608, -12.4150827240728, -15.648154116724, 
40.2071783302877, 0.00956061362498116, -0.0848466894944055, 0.16648722544433, 
0.151982425715229, 0.257546532853544, 0.0276868832227761, 0.144233753429982, 
0.555100006571658, 0.0616828294955529, 0.0291512624514692, -0.109981525184912, 
0.186918469199818, -0.109544893399591, -0.0430874144826644, 0.534740634248697, 
0.0531307062722863, 0.235063355285566, 0.00414977718832081, -0.154385106862001, 
0.102244063577783, -0.0280807386490728, -224.589254714764, 11.8745418003161, 
-11.0954592247823, -17.2877791444851, -26.3894058773926, -2.49617070112946, 
39.7121365556044, 0.0260888918279454, 0.128530629777571, 0.111651454156809, 
0.272895879445363, 0.0673899513202947, 0.112651319253799, -0.0332795335194496, 
-0.400677578460603, -0.369544580809393, 0.0609410031739593, 0.0599195606325912, 
0.0233521838559827, 0.153462692312907, -0.0762194791901039, 0.310697923361475, 
-0.40426839467626, -0.0814399339865511, 0.0514789902069481, -0.31494388988932, 
-0.0138304736392471), .Dim = c(27L, 7L), .Dimnames = list(c("1", 
"2", "3", "5", "7", "8", "9", "10", "11", "12", "13", "14", "15", 
"16", "17", "18", "19", "21", "22", "23", "24", "25", "26", "27", 
"28", "29", "30"), c("x1", "x2", "x3", "x4", "x5", "x6", "x7"
)), assign = 1:7), qraux = c(1.19245008972988, 1.01173761276554, 
1.31612901346956, 1.20857554813943, 1.04145182171902, 1.31810630816692, 
1.41782383413545), pivot = 1:7, tol = 1e-07, rank = 7L), .Names = c("qr", 
"qraux", "pivot", "tol", "rank"), class = "qr"), df.residual = 20L, 
    xlevels = structure(list(), .Names = character(0)), call = quote(lm(formula = y ~ 
        . + 0, data = structure(list(y = c(43, 63, 71, 81, 58, 
        71, 72, 67, 64, 67, 69, 68, 77, 81, 74, 65, 65, 50, 64, 
        53, 40, 63, 66, 78, 48, 85, 82), x1 = c(1, 1, 1, 1, 1, 
        1, 1, 1, 1, 1, 1, 1, 1, 1, 1, 1, 1, 1, 1, 1, 1, 1, 1, 
        1, 1, 1, 1), x2 = c(51, 64, 70, 78, 67, 75, 82, 61, 53, 
        60, 62, 83, 77, 90, 85, 60, 70, 40, 61, 66, 37, 54, 77, 
        75, 57, 85, 82), x3 = c(30, 51, 68, 56, 42, 50, 72, 45, 
        53, 47, 57, 83, 54, 50, 64, 65, 46, 33, 52, 52, 42, 42, 
        66, 58, 44, 71, 39), x4 = c(54, 44, 72, 71, 54, 57, 71, 
        54, 42, 71, 42, 54, 67, 54, 59, 74, 62, 48, 45, 59, 71, 
        54, 69, 45, 63, 44, 56), x5 = c(61, 63, 76, 71, 66, 70, 
        71, 62, 58, 59, 55, 59, 79, 60, 79, 55, 75, 43, 66, 63, 
        50, 66, 88, 80, 51, 77, 64), x6 = c(92, 73, 86, 83, 68, 
        66, 83, 80, 67, 74, 63, 77, 77, 54, 79, 80, 85, 64, 80, 
        80, 57, 75, 76, 78, 83, 74, 78), x7 = c(45, 47, 48, 47, 
        35, 41, 31, 41, 34, 41, 25, 35, 46, 36, 63, 60, 46, 33, 
        41, 37, 49, 33, 72, 49, 38, 55, 39)), .Names = c("y", 
        "x1", "x2", "x3", "x4", "x5", "x6", "x7"),