
expected <- structure(list(coefficients = structure(c(15.2203320415149, 0.534630847427098, 
-0.0179020163891959, 0.348729435288488, 0.0631054689633907, 0.00061033796500259, 
-0.203127759973254), .Names = c("x1", "x2", "x3", "x4", "x5", 
"x6", "x7")), residuals = structure(c(-6.84927581950361, 1.29702667074996, 
0.14583771912418, 7.34922066501113, -12.3546527990078, -8.86084879191205, 
0.963575027205265, -7.17325212288746, 8.36111196731149, 4.17514448202163, 
11.35939825644, 8.77219816490354, -2.73092694456204, 0.568006941530262, 
-3.12882192569828, -1.47691761644871, 1.25346418500452, -2.13948835946241, 
-7.54570660360957, 6.3654513485946, -10.4128672484378, 5.68348401791695, 
-2.29301300204712, 2.32435909129609, -8.18541233373971, 7.11503986426972, 
7.41786516593729), .Names = c("1", "2", "4", "5", "6", "7", "8", 
"9", "10", "11", "12", "13", "14", "15", "16", "17", "18", "19", 
"20", "21", "23", "25", "26", "27", "28", "29", "30")), effects = structure(c(-339.4819582835, 
47.9679701362602, -4.09892806349606, -11.0726213217103, -2.51665162094185, 
-1.55278498729166, 7.74840808575832, -3.81821615085869, 9.80673378493145, 
5.10697440775944, 13.4584776394356, 14.9755850932578, 3.47145184943442, 
0.130993126665022, 3.53316218234457, -1.18895266983989, -1.93772648498505, 
-2.82630276036883, -8.54834768049187, 9.16654167863392, -8.42089914477743, 
6.8074224396808, -4.54555994842454, 0.630474383225651, -7.29590396365629, 
8.41270982029495, 11.2930456523044), .Names = c("x1", "x2", "x3", 
"x4", "x5", "x6", "x7", "", "", "", "", "", "", "", "", "", "", 
"", "", "", "", "", "", "", "", "", "")), rank = 7L, fitted.values = structure(c(49.8492758195036, 
61.70297332925, 60.8541622808758, 73.6507793349889, 55.3546527990078, 
66.860848791912, 70.0364249727947, 79.1732521228875, 58.6388880326885, 
59.8248555179784, 55.64060174356, 60.2278018350965, 70.730926944562, 
76.4319930584697, 84.1288219256983, 75.4769176164487, 63.7465358149955, 
67.1394883594624, 57.5457066036096, 43.6345486514054, 63.4128672484378, 
57.3165159820831, 68.2930130020471, 75.6756409087039, 56.1854123337397, 
77.8849601357303, 74.5821348340627), .Names = c("1", "2", "4", 
"5", "6", "7", "8", "9", "10", "11", "12", "13", "14", "15", 
"16", "17", "18", "19", "20", "21", "23", "25", "26", "27", "28", 
"29", "30")), assign = 1:7, qr = structure(list(qr = structure(c(-5.19615242270663, 
0.192450089729875, 0.192450089729875, 0.192450089729875, 0.192450089729875, 
0.192450089729875, 0.192450089729875, 0.192450089729875, 0.192450089729875, 
0.192450089729875, 0.192450089729875, 0.192450089729875, 0.192450089729875, 
0.192450089729875, 0.192450089729875, 0.192450089729875, 0.192450089729875, 
0.192450089729875, 0.192450089729875, 0.192450089729875, 0.192450089729875, 
0.192450089729875, 0.192450089729875, 0.192450089729875, 0.192450089729875, 
0.192450089729875, 0.192450089729875, -352.183664205672, 64.6889995800419, 
0.0319993232125807, -0.199879359366827, 0.155667953921598, -0.0298349921419281, 
-0.153503622850946, -0.261713674721336, 0.0629164808898351, 0.186585111598853, 
0.0783750597284623, 0.0474579020512079, -0.277172253559963, -0.1844207805282, 
-0.385382305430354, -0.308089411237218, 0.0783750597284623, -0.0762107286578097, 
0.109292217405717, 0.387546636501006, -0.0143764133033009, 0.171126532760225, 
-0.1844207805282, -0.153503622850946, 0.124750796244344, -0.308089411237218, 
-0.261713674721336, -290.214735312652, 21.0872191557585, 67.6220126562676, 
-0.168519154447332, -0.163084975192949, 0.169062050314666, 0.380634678020027, 
-0.328918351686973, -0.196650595758382, 0.153723966620046, 0.227939386240436, 
-0.192386143219572, -0.102832639904562, 0.256070827551486, 0.252356374757723, 
-0.316124994070543, -0.0530342088014584, 0.167067323981523, -0.0615631138790784, 
-0.00523050403149828, -0.0274474935685982, -0.0638328400847451, 
0.019461484358312, 0.380634678020027, 0.170781776775286, -0.138667986675662, 
-0.107097092443372, -289.060034774273, 42.7395352490623, -6.38459890403313, 
-43.8048549800713, -0.0529060684821072, 0.0360022947874831, -0.109844389029703, 
0.0871079817146255, -0.0700979610604138, 0.284782036553664, -0.252801019450935, 
-0.198857887841914, -0.437336210001061, 0.253565449295953, 0.0655667033959914, 
0.0889130382616994, 0.578651636153825, 0.0154854600535798, 0.128487375385132, 
-0.0695307792600905, -0.0797653254494169, 0.0494789387290215, 
0.0562148275203785, 0.323897487496173, -0.0704580318522753, 0.128490535461911, 
-0.103119604865199, -336.210306758092, 34.3214802614943, -3.85865121370607, 
-14.804682759157, 37.1160046543425, -0.0308971167618513, -0.0968534267036192, 
0.128384290083331, -0.00269648153270424, 0.0672314632832698, 
-0.0483776758757813, 0.156444284908588, 0.262374992299064, -0.172864001208267, 
0.464717574643579, -0.0445172552031785, 0.373372631100612, -0.236524196816572, 
-0.0490971757642862, 0.181899672839762, 0.0196219027356254, -0.187445937148248, 
-0.453929273637087, -0.219855753735524, 0.191946270481762, 0.00169875649741449, 
0.22647770521661, -388.749181254348, 2.79628514992061, 6.57024782357922, 
-3.91702284023997, 16.1899938521099, 45.1843749332536, 0.346753009373408, 
-0.173553722941703, -0.0724326814105137, 0.191981288888081, 0.0686961861568358, 
0.151032033974756, -0.233722700382782, 0.229455421933856, 0.199992211102906, 
0.0695485321583813, -0.292644029092106, 0.0517213867216679, 0.0350080680024674, 
0.0730863654425485, -0.0802318757765021, 0.196586854521373, 0.45907298519187, 
0.253425337079683, -0.313591714628398, 0.147397200159938, -0.175618152107271, 
-221.317603189357, 16.3019301952679, 2.07932284411011, -25.3046071850585, 
23.9689339814691, 7.78014155695125, -38.1454907334112, -0.487216115551448, 
-0.0596502249459256, -0.198629243307186, 0.162373779111118, -0.213562491367906, 
0.0525095861154704, -0.121958578134877, 0.116550566319183, 0.296880364644023, 
0.283128387991071, -0.0718008391936149, 0.157140076792837, 0.0587596909431912, 
-0.132917736380767, -0.319328702785107, 0.501472408679734, -0.0744187201581651, 
0.0196196015837947, 0.162353015471892, -0.0448776404277574), .Dim = c(27L, 
7L), .Dimnames = list(c("1", "2", "4", "5", "6", "7", "8", "9", 
"10", "11", "12", "13", "14", "15", "16", "17", "18", "19", "20", 
"21", "23", "25", "26", "27", "28", "29", "30"), c("x1", "x2", 
"x3", "x4", "x5", "x6", "x7")), assign = 1:7), qraux = c(1.19245008972988, 
1.01654074437395, 1.166792324109, 1.11666923024635, 1.12757863067695, 
1.24910265860877, 1.09700805200465), pivot = 1:7, tol = 1e-07, 
    rank = 7L), .Names = c("qr", "qraux", "pivot", "tol", "rank"
), class = "qr"), df.residual = 20L, xlevels = structure(list(), .Names = character(0)), 
    call = quote(lm(formula = y ~ . + 0, data = structure(list(y = c(43, 
        63, 61, 81, 43, 58, 71, 72, 67, 64, 67, 69, 68, 77, 81, 
        74, 65, 65, 50, 50, 53, 63, 66, 78, 48, 85, 82), x1 = c(1, 
        1, 1, 1, 1, 1, 1, 1, 1, 1, 1, 1, 1, 1, 1, 1, 1, 1, 1, 
        1, 1, 1, 1, 1, 1, 1, 1), x2 = c(51, 64, 63, 78, 55, 67, 
        75, 82, 61, 53, 60, 62, 83, 77, 90, 85, 60, 70, 58, 40, 
        66, 54, 77, 75, 57, 85, 82), x3 = c(56, 58, 44, 71, 64, 
        45, 33, 83, 68, 42, 39, 68, 68, 42, 46, 83, 58, 46, 58, 
        49, 58, 57, 58, 33, 42, 71, 68), x4 = c(39, 54, 47, 66, 
        44, 56, 55, 67, 47, 58, 39, 42, 45, 72, 72, 69, 75, 57, 
        54, 34, 50, 48, 63, 74, 45, 71, 59), x5 = c(61, 63, 54, 
        71, 54, 66, 70, 71, 62, 58, 59, 55, 59, 79, 60, 79, 55, 
        75, 64, 43, 63, 66, 88, 80, 51, 77, 64), x6 = c(92, 73, 
        84, 83, 49, 68, 66, 83, 80, 67, 74, 63, 77, 77, 54, 79, 
        80, 85, 78, 64, 80, 75, 76, 78, 83, 74, 78), x7 = c(45, 
        47, 35, 47, 34, 35, 41, 31, 41, 34, 41, 25, 35, 46, 36, 
        63, 60, 46, 52, 33, 37, 33, 72, 49, 38, 55, 39)), .Names = c("y", 
        "x1", "x2", "x3", "x4", "x5", "x6", "x7"),