
expected <- structure(list(coefficients = structure(c(35.5806086962435, 0.690971109373108, 
-0.113332447678312, 0.0483684254442039, -0.246496485983396, 0.062758041072939, 
-0.0513316635701367), .Names = c("x1", "x2", "x3", "x4", "x5", 
"x6", "x7")), residuals = structure(c(-2.49263840594022, -0.913324049506059, 
2.93147910426394, -9.01558555357317, -4.8220582219448, 3.05272102957415, 
-3.16284867220388, 6.68200320700499, 7.82244349863679, 12.5535751234437, 
7.12698233229307, -4.4681896246581, 2.92422145930372, -1.82811093026709, 
-0.620037632218208, 2.0841827596879, -7.14064667728204, -3.06838339111598, 
2.08270012321393, -0.194139816644226, -6.13951687500778, -4.47812733960668, 
4.07561426914045, -0.692651783944467, 1.8100497917779, -11.8849489540889, 
7.77523522966102), .Names = c("2", "3", "4", "6", "7", "8", "9", 
"10", "11", "12", "13", "14", "15", "16", "17", "18", "19", "20", 
"21", "22", "23", "24", "25", "26", "27", "28", "29")), effects = structure(c(-333.516005501874, 
-45.8271796854879, -2.82732660593055, 9.77007444774788, 14.3257759131537, 
2.42983662132487, -2.11080475429771, 7.93511930966661, 7.72514680982045, 
16.1254358666989, 8.49555513582017, 1.60118252801582, 1.36519339422928, 
-6.03348288465079, 0.569607588796921, 1.54685205197586, -8.67016020233597, 
1.77922908045491, 1.34149478482804, -0.837744895553574, -2.47264188722694, 
-6.57691638289637, 3.48577674917577, 1.73393325694485, -0.820290932314259, 
-11.0352284337558, 8.28839096653311), .Names = c("x1", "x2", 
"x3", "x4", "x5", "x6", "x7", "", "", "", "", "", "", "", "", 
"", "", "", "", "", "", "", "", "", "", "", "")), rank = 7L, 
    fitted.values = structure(c(65.4926384059402, 71.9133240495061, 
    58.0685208957361, 52.0155855535732, 62.8220582219448, 67.9472789704259, 
    75.1628486722039, 60.317996792995, 56.1775565013632, 54.4464248765563, 
    61.8730176677069, 72.4681896246581, 74.0757785406963, 82.8281109302671, 
    74.6200376322182, 62.9158172403121, 72.140646677282, 53.068383391116, 
    47.9172998767861, 64.1941398166442, 59.1395168750078, 44.4781273396067, 
    58.9243857308595, 66.6926517839445, 76.1899502082221, 59.8849489540889, 
    77.224764770339), .Names = c("2", "3", "4", "6", "7", "8", 
    "9", "10", "11", "12", "13", "14", "15", "16", "17", "18", 
    "19", "20", "21", "22", "23", "24", "25", "26", "27", "28", 
    "29")), assign = 1:7, qr = structure(list(qr = structure(c(-5.19615242270663, 
    0.192450089729875, 0.192450089729875, 0.192450089729875, 
    0.192450089729875, 0.192450089729875, 0.192450089729875, 
    0.192450089729875, 0.192450089729875, 0.192450089729875, 
    0.192450089729875, 0.192450089729875, 0.192450089729875, 
    0.192450089729875, 0.192450089729875, 0.192450089729875, 
    0.192450089729875, 0.192450089729875, 0.192450089729875, 
    0.192450089729875, 0.192450089729875, 0.192450089729875, 
    0.192450089729875, 0.192450089729875, 0.192450089729875, 
    0.192450089729875, 0.192450089729875, -343.908310347287, 
    -67.2761032913922, -0.0421028710864252, -0.16101582247051, 
    0.0173536046056173, 0.136266555989702, 0.240315388450777, 
    -0.0718311089324464, -0.190744060316531, -0.0866952278554571, 
    -0.0569669900094358, 0.255179507373787, 0.165994793835724, 
    0.359228339834862, 0.284907745219808, -0.0866952278554571, 
    0.0619459613746492, -0.116423465701478, -0.38397760631567, 
    -0.0718311089324464, 0.00248948568260667, -0.428569963084701, 
    -0.175879941393521, 0.165994793835724, 0.136266555989702, 
    -0.131287584624489, 0.284907745219808, -282.709181813187, 
    -36.8030079304512, 46.9047665572452, -0.0611248653510839, 
    0.270548232368535, 0.221612896213294, -0.141002445516607, 
    0.115371580928528, -0.176809800349899, 0.0575291134291201, 
    -0.125263079326525, -0.360317310932056, 0.166739472495275, 
    0.44965606351628, 0.0751645466608243, -0.326227193683757, 
    0.230877686470715, -0.420592333842968, 0.0519486847795985, 
    -0.0338669829487023, 0.0421474061522932, -0.185538102237438, 
    0.0729108207059471, -0.0890980655799771, 0.0510545374964592, 
    0.0758798644873358, -0.0740740172164058, -293.87128701752, 
    -33.9678148766177, 8.65095721368538, 48.6211390082697, -0.0587193222030677, 
    0.083686816614506, 0.0349793870888135, 0.0898999650193316, 
    -0.160589001185979, 0.257505525574979, 0.275058221743037, 
    0.563680488069739, -0.22329697497344, -0.128997021398142, 
    -0.0275578357153437, -0.373125503892762, -0.0274975862114396, 
    0.0588222318240993, 0.0923399585590692, -0.175912621133539, 
    0.116546382071625, -0.373770335132734, -0.0128790470077565, 
    0.0349994702567816, -0.258295198339626, 0.0884128033691762, 
    -0.0259970064122555, -339.86685846296, 7.34342527089031, 
    -8.78847446127106, -35.0185602217508, -54.6722578685805, 
    0.0955789598514204, 0.16839164240113, -0.0280101961191269, 
    0.0958782155411978, 0.174382026894679, -0.243481088598635, 
    -0.0888660799776834, 0.0853987488248989, -0.0587871985061573, 
    0.255940146787839, 0.169205172170247, -0.315226350188962, 
    0.414251824822459, -0.293782160740837, -0.0362961175448787, 
    0.335364880875897, 0.189307853158985, -0.195379640998436, 
    0.325528241450097, -0.134868148713046, -0.181508659401501, 
    0.0934510813897202, -382.975678562452, -12.3443755040988, 
    11.0852083455286, 1.89702095288471, 3.49789337852499, 46.2874738173995, 
    -0.131057392329328, -0.207906662590138, 0.0969929704300242, 
    -0.198725019192984, 0.126204659629305, -0.176742650783857, 
    0.0920693811078036, 0.67459811095543, -0.0105437195817509, 
    -0.0535131856808272, -0.140791691456176, -0.262428846356832, 
    0.0306798390499755, -0.0908061807619027, -0.253048350889721, 
    0.268409152034161, -0.0750761033033304, -0.0474448013527961, 
    0.112870871168127, -0.272464465277809, 0.127449841577194, 
    -222.664753817466, -13.9386898893224, 15.4279398067065, 25.9617311116737, 
    -12.2679743389151, 9.25500029861617, 41.1209107106694, -0.0630896562627723, 
    0.354947562686685, -0.136266547589477, 0.230334216059046, 
    0.0927303629580299, 0.0896834490238723, 0.0922282510928532, 
    -0.331461636756917, 0.0311057850935216, -0.151134000068174, 
    0.010456882142606, -0.0471555450939795, 0.186296081467562, 
    0.141922590305023, 0.0374275621212025, 0.138770634520217, 
    -0.549610923071091, 0.0516773864677203, -0.00670156919571355, 
    -0.109991105309307), .Dim = c(27L, 7L), .Dimnames = list(
        c("2", "3", "4", "6", "7", "8", "9", "10", "11", "12", 
        "13", "14", "15", "16", "17", "18", "19", "20", "21", 
        "22", "23", "24", "25", "26", "27", "28", "29"), c("x1", 
        "x2", "x3", "x4", "x5", "x6", "x7")), assign = 1:7), 
        qraux = c(1.19245008972988, 1.06194596137465, 1.14577733656893, 
        1.12121545183186, 1.19784680251689, 1.17870911963823, 
        1.4948338183298), pivot = 1:7, tol = 1e-07, rank = 7L), .Names = c("qr", 
    "qraux", "pivot", "tol", "rank"), class = "qr"), df.residual = 20L, 
    xlevels = structure(list(), .Names = character(0)), call = quote(lm(formula = y ~ 
        . + 0, data = structure(list(y = c(63, 71, 61, 43, 58, 
        71, 72, 67, 64, 67, 69, 68, 77, 81, 74, 65, 65, 50, 50, 
        64, 53, 40, 63, 66, 78, 48, 85), x1 = c(1, 1, 1, 1, 1, 
        1, 1, 1, 1, 1, 1, 1, 1, 1, 1, 1, 1, 1, 1, 1, 1, 1, 1, 
        1, 1, 1, 1), x2 = c(64, 70, 63, 55, 67, 75, 82, 61, 53, 
        60, 62, 83, 77, 90, 85, 60, 70, 58, 40, 61, 66, 37, 54, 
        77, 75, 57, 85), x3 = c(51, 68, 45, 49, 42, 50, 72, 45, 
        53, 47, 57, 83, 54, 50, 64, 65, 46, 68, 33, 52, 52, 42, 
        42, 66, 58, 44, 71), x4 = c(54, 69, 47, 44, 56, 55, 67, 
        47, 58, 39, 42, 45, 72, 72, 69, 75, 57, 54, 34, 62, 50, 
        58, 48, 63, 74, 45, 71), x5 = c(54, 43, 88, 79, 79, 75, 
        64, 71, 62, 88, 60, 66, 59, 58, 71, 50, 50, 80, 63, 55, 
        88, 64, 59, 76, 43, 63, 58),