
expected <- structure(list(coefficients = structure(c(7.45028873858075, 0.557633428738408, 
-0.0143191401059791, 0.462418119728537, 0.157351820909344, 0.00852075390054302, 
-0.37516533230244), .Names = c("x1", "x2", "x3", "x4", "x5", 
"x6", "x7")), residuals = structure(c(-3.75567544196829, 2.92295846202438, 
-0.7860968640515, 1.28164291786468, 6.17535606258634, -11.187924064921, 
-9.9907086224726, 0.593406328163987, 9.41464946358301, 3.91544140874504, 
8.41419148258378, -2.15473818236376, -5.78113802050626, -1.12061636494733, 
3.56612466385535, -2.4347849859546, -5.06756712965966, 9.90179475774358, 
-1.05079563524058, -10.3867172398762, -4.40807745909322, 5.1819779826485, 
-0.049453904128791, 0.452068670302202, -5.82188418121571, 6.22330954342739, 
5.95325635287128), .Names = c("1", "2", "3", "4", "5", "6", "7", 
"8", "10", "11", "13", "14", "16", "17", "18", "19", "20", "21", 
"22", "23", "24", "25", "26", "27", "28", "29", "30")), effects = structure(c(-331.591504604575, 
-52.8406667457116, 1.16535851229253, 13.6513149923323, -2.20715077266605, 
-2.81712023732023, -12.8465175882439, 5.82973214546714, 10.4340503459233, 
7.22313116802385, 10.8700434015669, -2.97076510023528, -7.32218983682165, 
-3.53962626103755, 0.702580776695562, 2.63121298908715, -2.3860392415834, 
8.69057568835423, 2.82109766672683, -6.9563286506217, -5.66034766754029, 
10.3224758344895, 2.95010087310166, 7.1511555244974, -8.00608648506021, 
8.31998583028343, 6.59433859715586), .Names = c("x1", "x2", "x3", 
"x4", "x5", "x6", "x7", "", "", "", "", "", "", "", "", "", "", 
"", "", "", "", "", "", "", "", "", "")), rank = 7L, fitted.values = structure(c(46.7556754419683, 
60.0770415379756, 71.7860968640515, 59.7183570821353, 74.8246439374137, 
54.187924064921, 67.9907086224726, 70.406593671836, 57.585350536417, 
60.084558591255, 60.5858085174162, 70.1547381823638, 86.7811380205063, 
75.1206163649473, 61.4338753361447, 67.4347849859546, 55.0675671296597, 
40.0982052422564, 65.0507956352406, 63.3867172398762, 44.4080774590932, 
57.8180220173515, 66.0494539041288, 77.5479313296978, 53.8218841812157, 
78.7766904565726, 76.0467436471287), .Names = c("1", "2", "3", 
"4", "5", "6", "7", "8", "10", "11", "13", "14", "16", "17", 
"18", "19", "20", "21", "22", "23", "24", "25", "26", "27", "28", 
"29", "30")), assign = 1:7, qr = structure(list(qr = structure(c(-5.19615242270663, 
0.192450089729875, 0.192450089729875, 0.192450089729875, 0.192450089729875, 
0.192450089729875, 0.192450089729875, 0.192450089729875, 0.192450089729875, 
0.192450089729875, 0.192450089729875, 0.192450089729875, 0.192450089729875, 
0.192450089729875, 0.192450089729875, 0.192450089729875, 0.192450089729875, 
0.192450089729875, 0.192450089729875, 0.192450089729875, 0.192450089729875, 
0.192450089729875, 0.192450089729875, 0.192450089729875, 0.192450089729875, 
0.192450089729875, 0.192450089729875, -342.368709629448, -68.8379740162845, 
0.0946285258367066, -0.00705953369775985, 0.210843451018954, 
-0.123274458880007, 0.0510479288933639, 0.167262854075611, -0.0361132649933217, 
-0.152328190175569, -0.0215863993455408, 0.283477779257859, 0.385165838792325, 
0.312531510553421, -0.0506401306411026, 0.0946285258367066, -0.0796938619366645, 
-0.341177443596721, -0.0361132649933217, 0.0365210632455829, 
-0.384758040540064, -0.137801324527788, 0.196316585371173, 0.167262854075611, 
-0.0942207275844454, 0.312531510553421, 0.268950913610078, -273.471577506153, 
-33.2358545059397, -53.2510494878393, -0.070052322797673, -0.00669154004805236, 
0.0814411228608679, -0.164578018240964, -0.0907237925312555, 
-0.0509579339970586, 0.175651402117566, 0.164842542970884, 0.452604748528973, 
-0.233931708535864, 0.0767098800619636, 0.334168712683665, -0.118103710985803, 
0.409600019326341, -0.0758145229588567, 0.080494874301087, 0.032758902299551, 
0.121837813768252, -0.0404644910369705, 0.190645380492463, 0.0595079883809109, 
-0.0315481290098505, 0.208162688360109, -0.364122852087635, -291.176985761301, 
-32.7887498632246, -12.0111858195518, 45.9738214702459, -0.126776264009074, 
0.146469422888452, -0.0900171792328606, 0.0462799188113019, 0.0896046789845458, 
-0.14017645812747, 0.29795177230988, 0.572139119503493, -0.225001870218563, 
-0.0840514605148644, -0.370965020032825, -0.0610621517971232, 
0.0959399796426184, 0.141459594833629, -0.182404373202978, 0.111445026063237, 
-0.3305079318491, -0.00136645725563106, 0.00943141373069283, 
-0.304983229318835, 0.099090725323558, -0.0732908932916216, -0.0800336620639995, 
-332.938655232684, -34.7369639562104, -5.90088014670624, 14.3792209278217, 
37.4113994119425, 0.0883967215325639, -0.0198516122366531, -0.0740628466497124, 
-0.0561869391807157, 0.143650962410509, 0.0957585162115162, 0.202891328143994, 
0.496629964955771, -0.0583953227028631, 0.493560590913973, -0.222497273825623, 
-0.00898153041147046, 0.138662389187789, 0.0288922640220551, 
-0.00309501892698088, 0.235702240135178, -0.201494975093204, 
-0.420636300880987, -0.0995109703715286, 0.185968080392418, 0.0301001084210261, 
0.163299733683782, -389.518981613268, 4.14177080580068, 7.97571282738423, 
-11.5361675459351, -5.72308330650912, -48.3565906394273, 0.00186288019961854, 
0.448152455850863, 0.0203587194203714, 0.0587174386173348, 0.0887557348932615, 
0.206392692547381, 0.0724268921260207, -0.0758404610679826, 0.132723715238256, 
0.278415407247324, 0.342662289731551, -0.11096721308523, 0.14480406131919, 
0.247042369828556, -0.128501490229276, 0.0318012074647414, 0.34674186655385, 
0.386341312291985, -0.110942195498393, 0.31153066576253, 0.170439831410697, 
-225.166604983954, -15.0934134080444, -18.1722398077161, 26.0474835996643, 
21.444245818559, 6.41073527303824, 34.2422832872194, 0.0274866653208661, 
-0.0117321383017193, 0.289841857253163, 0.256860916369679, -0.0826397322980605, 
0.14966953086056, -0.229280399108267, -0.401054089803269, 0.0698780345895512, 
-0.255771599525991, -0.105384192914879, 0.200828376913297, 0.0724774553369492, 
-0.150084431084822, 0.35262417509297, -0.428623590022852, 0.207785215980948, 
-0.0941691230059238, -0.0982869959846126, 0.0223386773876407), .Dim = c(27L, 
7L), .Dimnames = list(c("1", "2", "3", "4", "5", "6", "7", "8", 
"10", "11", "13", "14", "16", "17", "18", "19", "20", "21", "22", 
"23", "24", "25", "26", "27", "28", "29", "30"), c("x1", "x2", 
"x3", "x4", "x5", "x6", "x7")), assign = 1:7), qraux = c(1.19245008972988, 
1.00746733195002, 1.29503368652266, 1.1027371946009, 1.06098135991712, 
1.03921674747269, 1.29443969654793), pivot = 1:7, tol = 1e-07, 
    rank = 7L), .Names = c("qr", "qraux", "pivot", "tol", "rank"
), class = "qr"), df.residual = 20L, xlevels = structure(list(), .Names = character(0)), 
    call = quote(lm(formula = y ~ . + 0, data = structure(list(y = c(43, 
        63, 71, 61, 81, 43, 58, 71, 67, 64, 69, 68, 81, 74, 65, 
        65, 50, 50, 64, 53, 40, 63, 66, 78, 48, 85, 82), x1 = c(1, 
        1, 1, 1, 1, 1, 1, 1, 1, 1, 1, 1, 1, 1, 1, 1, 1, 1, 1, 
        1, 1, 1, 1, 1, 1, 1, 1), x2 = c(51, 64, 70, 63, 78, 55, 
        67, 75, 61, 53, 62, 83, 90, 85, 60, 70, 58, 40, 61, 66, 
        37, 54, 77, 75, 57, 85, 82), x3 = c(30, 51, 68, 45, 56, 
        49, 42, 50, 45, 53, 57, 83, 50, 64, 65, 46, 68, 33, 52, 
        52, 42, 42, 66, 58, 44, 71, 39), x4 = c(39, 54, 69, 47, 
        66, 44, 56, 55, 47, 58, 42, 45, 72, 69, 75, 57, 54, 34, 
        62, 50, 58, 48, 63, 74, 45, 71, 59), x5 = c(61, 63, 76, 
        54, 71, 54, 66, 70, 62, 58, 55, 59, 60, 79, 55, 75, 64, 
        43, 66, 63, 50, 66, 88, 80, 51, 77, 64), x6 = c(64, 49, 
        49, 80, 73, 80, 74, 92, 77, 76, 80, 76, 74, 57, 74, 83, 
        84, 83, 77, 85, 73, 77, 75, 80, 75, 74, 83), x7 = c(45, 
        47, 48, 35, 47, 34, 35, 41, 41, 34, 25, 35, 36, 63, 60, 
        46, 52, 33, 41, 37, 49, 33, 72, 49, 38, 55, 39)), .Names = c("y", 
        "x1", "x2", "x3", "x4", "x5", "x6", "x7"),