
expected <- structure(list(coefficients = structure(c(13.4286100484629, 0.523578754755129, 
-0.0527511309868203, 0.236069489725073, 0.14866151849321, 0.0626139643620384, 
-0.200306800231307), .Names = c("x1", "x2", "x3", "x4", "x5", 
"x6", "x7")), residuals = structure(c(1.8520873466609, 1.15080930523529, 
-0.464844848643178, -10.5218017692505, -8.41314893632844, 0.733699599652831, 
-5.34279592595386, 8.11134431544107, 5.33816056990916, 9.81536453103086, 
9.66827222921752, -2.50326366254371, 1.12294767043294, 0.789050411948359, 
0.0853101472349094, 4.34392588187327, -3.36621981738125, -7.46663746395522, 
6.39706792228829, -0.290371248091548, -10.6921579567964, -5.200789904039, 
5.07603301413377, -2.97577172231514, 2.61285093945034, -8.84721668210032, 
8.98809605288907), .Names = c("2", "3", "4", "6", "7", "8", "9", 
"10", "11", "12", "13", "14", "15", "16", "17", "18", "19", "20", 
"21", "22", "23", "24", "25", "26", "27", "28", "29")), effects = structure(c(-333.516005501874, 
-45.8271796854879, -5.36645532022402, 8.65617570168936, -2.35336395312749, 
2.17786523713908, -7.95548597300805, 10.0965485524378, 4.11255131511782, 
12.6150057493453, 12.1255901734155, -0.698146727677996, 0.459390343011682, 
-4.87172966857228, -1.99516606214258, -4.243976456317, -0.993768176441818, 
-7.98406788627344, 7.23245939182685, -0.801315302571466, -8.7790174218465, 
-10.4201510369364, 8.70125647480077, -2.47657326740314, 1.45961432966321, 
-8.5798860294264, 6.65387083401146), .Names = c("x1", "x2", "x3", 
"x4", "x5", "x6", "x7", "", "", "", "", "", "", "", "", "", "", 
"", "", "", "", "", "", "", "", "", "")), rank = 7L, fitted.values = structure(c(61.1479126533391, 
69.8491906947647, 61.4648448486432, 53.5218017692505, 66.4131489363284, 
70.2663004003472, 77.3427959259539, 58.8886556845589, 58.6618394300908, 
57.1846354689691, 59.3317277707825, 70.5032636625437, 75.8770523295671, 
80.2109495880516, 73.9146898527651, 60.6560741181267, 68.3662198173812, 
57.4666374639552, 43.6029320777117, 64.2903712480915, 63.6921579567964, 
45.200789904039, 57.9239669858662, 68.9757717223151, 75.3871490605497, 
56.8472166821003, 76.0119039471109), .Names = c("2", "3", "4", 
"6", "7", "8", "9", "10", "11", "12", "13", "14", "15", "16", 
"17", "18", "19", "20", "21", "22", "23", "24", "25", "26", "27", 
"28", "29")), assign = 1:7, qr = structure(list(qr = structure(c(-5.19615242270663, 
0.192450089729875, 0.192450089729875, 0.192450089729875, 0.192450089729875, 
0.192450089729875, 0.192450089729875, 0.192450089729875, 0.192450089729875, 
0.192450089729875, 0.192450089729875, 0.192450089729875, 0.192450089729875, 
0.192450089729875, 0.192450089729875, 0.192450089729875, 0.192450089729875, 
0.192450089729875, 0.192450089729875, 0.192450089729875, 0.192450089729875, 
0.192450089729875, 0.192450089729875, 0.192450089729875, 0.192450089729875, 
0.192450089729875, 0.192450089729875, -343.908310347287, -67.2761032913922, 
-0.0421028710864252, -0.16101582247051, 0.0173536046056173, 0.136266555989702, 
0.240315388450777, -0.0718311089324464, -0.190744060316531, -0.0866952278554571, 
-0.0569669900094358, 0.255179507373787, 0.165994793835724, 0.359228339834862, 
0.284907745219808, -0.0866952278554571, 0.0619459613746492, -0.116423465701478, 
-0.38397760631567, -0.0718311089324464, 0.00248948568260667, 
-0.428569963084701, -0.175879941393521, 0.165994793835724, 0.136266555989702, 
-0.131287584624489, 0.284907745219808, -283.286532082376, -20.2361216063713, 
67.4480549984423, -0.206778182241897, 0.157487194769555, 0.390446629831506, 
-0.30270044181012, -0.224799523386274, 0.10563756945577, 0.19828039199603, 
-0.217918930631319, -0.073426482777273, 0.27077179557468, 0.300914603714984, 
-0.282058663545256, -0.0834178719559668, 0.163302748615893, -0.0971790574658759, 
-0.087593707288323, 0.131029862658354, -0.0421343154262393, -0.0785830367161344, 
-0.109875204067168, 0.0335522048782611, 0.390446629831506, 0.133159940475588, 
-0.104143970522942, -293.87128701752, -33.9678148766177, -4.65772675477412, 
49.1646193990389, 0.011118415609514, 0.127224053436904, 0.00883850883961177, 
0.132047780325623, -0.213771837863502, 0.261673898073183, 0.24675643310656, 
0.458936502804836, -0.18630138950979, -0.0144077809463638, 0.00718735738683168, 
-0.457402141252967, 0.0304996120521303, -0.0562847171875849, 
0.11010817026612, -0.189670099272106, 0.129150625492778, -0.418461293783317, 
0.0130237334686216, 0.00783736690071988, -0.25923271633464, 0.102683963344416, 
-0.0418025174781649, -335.440506399173, -38.1446322939837, -2.20432146653572, 
17.0388735138575, -36.47562816559, 0.103594297783643, -0.165493692707252, 
0.0642776609535116, -0.0220085656984107, 0.129961439090906, -0.0866748427249802, 
-0.248187941201354, 0.133071725143522, -0.543512854341336, -0.00136864760499855, 
-0.39132631425882, 0.253174936322756, 0.0982146740644681, -0.0461578623601141, 
0.0604478940012838, 0.0213637799985834, -0.067754401001248, 0.263378398041435, 
0.444998536771892, 0.178731817220314, -0.123414163152364, -0.055335280969164, 
-382.975678562452, -12.3443755040988, 4.1564706988062, 4.22036598410204, 
-16.4719492318337, 44.4390951059709, -0.167360825466805, -0.263987017413194, 
0.161414263715425, -0.125244682788655, 0.0408609069448197, -0.225397336811182, 
0.166008251491072, 0.566086151201089, -0.0161400631283081, -0.0630715896433918, 
-0.16310453717747, -0.126677463983194, -0.0605621752322833, -0.0595890062934373, 
-0.206546879052835, 0.324347246136123, -0.0911600732693313, 0.12627910018372, 
0.189459615121526, -0.336652160690293, 0.134006081073, -222.664753817466, 
-13.9386898893224, 3.20259865825985, 28.6928329993762, -20.4712588659148, 
3.01858289089138, 39.7165047008955, 0.00182879571570562, 0.30090211280093, 
-0.198820690175385, 0.256158494694429, -0.119781342104476, 0.141428194062188, 
0.0961054703880979, -0.303971202528796, -0.170391054842304, -0.0147944176501882, 
-0.158312951447933, 0.0117004771338177, 0.18205197497262, 0.0780061185463177, 
0.0185120479122497, 0.291091255579004, -0.518337506909892, 0.0999456373283769, 
-0.0692784811582575, -0.125168455681412), .Dim = c(27L, 7L), .Dimnames = list(
    c("2", "3", "4", "6", "7", "8", "9", "10", "11", "12", "13", 
    "14", "15", "16", "17", "18", "19", "20", "21", "22", "23", 
    "24", "25", "26", "27", "28", "29"), c("x1", "x2", "x3", 
    "x4", "x5", "x6", "x7")), assign = 1:7), qraux = c(1.19245008972988, 
1.06194596137465, 1.14479104816826, 1.11224018161353, 1.05297750065821, 
1.25818709177819, 1.4363912858838), pivot = 1:7, tol = 1e-07, 
    rank = 7L), .Names = c("qr", "qraux", "pivot", "tol", "rank"
), class = "qr"), df.residual = 20L, xlevels = structure(list(), .Names = character(0)), 
    call = quote(lm(formula = y ~ . + 0, data = structure(list(y = c(63, 
        71, 61, 43, 58, 71, 72, 67, 64, 67, 69, 68, 77, 81, 74, 
        65, 65, 50, 50, 64, 53, 40, 63, 66, 78, 48, 85), x1 = c(1, 
        1, 1, 1, 1, 1, 1, 1, 1, 1, 1, 1, 1, 1, 1, 1, 1, 1, 1, 
        1, 1, 1, 1, 1, 1, 1, 1), x2 = c(64, 70, 63, 55, 67, 75, 
        82, 61, 53, 60, 62, 83, 77, 90, 85, 60, 70, 58, 40, 61, 
        66, 37, 54, 77, 75, 57, 85), x3 = c(58, 68, 44, 64, 45, 
        33, 83, 68, 42, 39, 68, 68, 42, 46, 83, 58, 46, 58, 49, 
        44, 58, 47, 57, 58, 33, 42, 71), x4 = c(54, 69, 47, 44, 
        56, 55, 67, 47, 58, 39, 42, 45, 72, 72, 69, 75, 57, 54, 
        34, 62, 50, 58, 48, 63, 74, 45, 71), x5 = c(63, 76, 54, 
        54, 66, 70, 71, 62, 58, 59, 55, 59, 79, 60, 79, 55, 75, 
        64, 43, 66, 63, 50, 66, 88, 80, 51, 77), x6 = c(73, 86, 
        84, 49, 68, 66, 83, 80, 67, 74, 63, 77, 77, 54, 79, 80, 
        85, 78, 64, 80, 80, 57, 75, 76, 78, 83, 74), x7 = c(47, 
        48, 35, 34, 35, 41, 31, 41, 34, 41, 25, 35, 46, 36, 63, 
        60, 46, 52, 33, 41, 37, 49, 33, 72, 49, 38, 55)), .Names = c("y", 
        "x1", "x2", "x3", "x4", "x5", "x6", "x7"),