
expected <- structure(list(coefficients = structure(c(17.2230628913127, 0.767538725844077, 
0.102863568598926, -0.195583775730357, 0.0343800597383422, 0.0464694518795266, 
-0.0731229139634104), .Names = c("x1", "x2", "x3", "x4", "x5", 
"x6", "x7")), residuals = structure(c(-8.97376316649098, 4.03717795595102, 
-0.085740530460074, 9.17383293702206, -9.04332311470993, -7.2766081964005, 
-0.258919076167312, -5.71210568735163, 6.0386577530467, 6.23881641788696, 
10.3073504196012, 3.550425371957, 5.29541701654957, -1.82293184089885, 
-5.28804804841624, 8.29059640499258, -1.7210576084851, -9.60930598212542, 
0.420838552327635, -11.8680336933064, 3.1594434883139, 7.229863248489, 
-4.90953357789371, 3.25471635804654, -8.0086662338119, 1.77427440260296, 
5.8066264297309), .Names = c("1", "3", "4", "5", "6", "7", "8", 
"9", "10", "11", "12", "13", "15", "16", "17", "18", "19", "20", 
"22", "23", "24", "25", "26", "27", "28", "29", "30")), effects = structure(c(-338.327257745121, 
-53.1510040063286, 2.38481266822958, 10.6960368321392, 0.302971683013324, 
2.03991928431323, 2.87983260136669, -4.9940802640246, 8.00906689978502, 
12.6101968723022, 10.9117505253778, 10.9140275815554, 4.59212655946951, 
2.24079825028992, -5.43812405785925, 8.68450805719389, -2.62483467611383, 
-6.55101001875342, 3.93725543167851, -10.0599778902453, 5.97671650949278, 
9.84513495576298, -6.68120556830253, 5.63943309992146, -6.63744048064524, 
5.22634442169953, 6.37494497222658), .Names = c("x1", "x2", "x3", 
"x4", "x5", "x6", "x7", "", "", "", "", "", "", "", "", "", "", 
"", "", "", "", "", "", "", "", "", "")), rank = 7L, fitted.values = structure(c(51.973763166491, 
66.962822044049, 61.0857405304601, 71.8261670629779, 52.0433231147099, 
65.2766081964005, 71.2589190761673, 77.7121056873516, 60.9613422469533, 
57.761183582113, 56.6926495803988, 65.449574628043, 71.7045829834504, 
82.8229318408988, 79.2880480484162, 56.7094035950074, 66.7210576084851, 
59.6093059821254, 63.5791614476724, 64.8680336933064, 36.8405565116861, 
55.770136751511, 70.9095335778937, 74.7452836419535, 56.0086662338119, 
83.225725597397, 76.1933735702691), .Names = c("1", "3", "4", 
"5", "6", "7", "8", "9", "10", "11", "12", "13", "15", "16", 
"17", "18", "19", "20", "22", "23", "24", "25", "26", "27", "28", 
"29", "30")), assign = 1:7, qr = structure(list(qr = structure(c(-5.19615242270663, 
0.192450089729875, 0.192450089729875, 0.192450089729875, 0.192450089729875, 
0.192450089729875, 0.192450089729875, 0.192450089729875, 0.192450089729875, 
0.192450089729875, 0.192450089729875, 0.192450089729875, 0.192450089729875, 
0.192450089729875, 0.192450089729875, 0.192450089729875, 0.192450089729875, 
0.192450089729875, 0.192450089729875, 0.192450089729875, 0.192450089729875, 
0.192450089729875, 0.192450089729875, 0.192450089729875, 0.192450089729875, 
0.192450089729875, 0.192450089729875, -348.527112500804, -64.4348651884355, 
-0.0229669383926948, 0.209826285526274, -0.147123324482811, 0.0391112546523634, 
0.16326764074248, 0.271904478571332, -0.0540060349152239, -0.17816242100534, 
-0.0695255831764885, -0.0384864866539594, 0.194306737265009, 
0.396060864661448, 0.318463123355125, -0.0695255831764885, 0.0856698994361571, 
-0.100564679699018, -0.0540060349152239, 0.0235917063910989, 
-0.426475193185573, -0.162642872744076, 0.194306737265009, 0.16326764074248, 
-0.116084227960282, 0.318463123355125, 0.271904478571332, -274.626278044532, 
-24.9910710853059, 49.1208079475144, 0.0332697122450195, -0.1175759361763, 
0.17798279240609, 0.117154307922394, -0.241440185980785, 0.0403824137808932, 
-0.224516643047355, -0.0130879396546342, -0.191158831431529, 
0.0612312441374779, 0.308470469495412, -0.0403131830102102, -0.37953142363057, 
0.134814139392708, -0.466114159169628, -0.102123385543082, -0.0383513316854092, 
-0.204649530739946, 0.0121754523761407, -0.183064411846479, -0.0457094627335769, 
0.00972274202675147, -0.182818982334185, 0.430372867975097, -308.30504374726, 
2.78834550427388, 8.28604192496043, -51.0055549775374, 0.286109297113266, 
-0.0837120092993907, -0.0529240906294348, 0.1771945486728, -0.0745915345734118, 
-0.302988917325079, 0.258242003374057, -0.327909867451112, 0.133480923015462, 
-0.144460257520283, -0.0540387044816888, 0.293256269338763, 0.0613003194288263, 
-0.0396453645550968, -0.260299570145289, 0.00327398914629132, 
0.315023108758338, -0.0553555045804455, 0.156823766991933, -0.298771630131222, 
0.111907293700303, -0.357380986022312, -0.0732524950463396, -341.406459180799, 
-33.9194097202031, 10.8534948345161, 1.13099079088401, 36.4969284128225, 
-0.073979190195484, -0.0122352856754904, 0.259554649923945, 0.00301801771249429, 
0.12980669750991, 0.0727050216730831, 0.35443229446661, -0.206821618574763, 
0.4299469960179, 0.00178586951440047, 0.376195248570762, -0.254856094983552, 
0.164320743942385, -0.0170744657206684, 0.100378217115842, 0.012781260475948, 
-0.21613417017544, -0.32415640434571, -0.181560542641381, 0.237185338609924, 
0.154414071224841, 0.109061554575275, -390.481232061917, -5.97042769591686, 
1.69755370724668, -4.80826609593911, 18.4860903529407, 48.0419062128035, 
0.305649053082635, -0.248159774946128, -0.0668304795675334, 0.0132794056354444, 
0.0319921325709264, -0.0509624853973811, 0.263154969685338, 0.260104253045356, 
0.050756910007807, -0.372878170212974, 0.104892824924365, -0.213417262932812, 
-0.0860571501893339, -0.123958742936372, 0.327987837807854, 0.188408052147358, 
0.361035985940897, 0.150545925289942, -0.319353176477512, -0.0212230730222712, 
0.0116438054515345, -225.743955253144, -11.8276201693348, 20.5044038044349, 
-12.3727531684241, 24.7642398809241, 2.63339840012023, -39.3834496640508, 
-0.466624023423605, -0.00802438583188893, -0.136914387118275, 
-0.0582028672908224, -0.211571460664555, -0.138403290393794, 
0.311217258316275, 0.367717784430539, 0.346913439509031, -0.0933852301282472, 
0.0404798596726134, -0.0734492684774588, -0.143483708849105, 
0.132124262657621, -0.334550242716078, 0.265915975263794, 0.000298354111621715, 
0.0178803037721237, 0.267672451647316, 0.187805367531946), .Dim = c(27L, 
7L), .Dimnames = list(c("1", "3", "4", "5", "6", "7", "8", "9", 
"10", "11", "12", "13", "15", "16", "17", "18", "19", "20", "22", 
"23", "24", "25", "26", "27", "28", "29", "30"), c("x1", "x2", 
"x3", "x4", "x5", "x6", "x7")), assign = 1:7), qraux = c(1.19245008972988, 
1.08566989943616, 1.06589123532396, 1.20707772217645, 1.17564660106668, 
1.2832573780793, 1.00721764542257), pivot = 1:7, tol = 1e-07, 
    rank = 7L), .Names = c("qr", "qraux", "pivot", "tol", "rank"
), class = "qr"), df.residual = 20L, xlevels = structure(list(), .Names = character(0)), 
    call = quote(lm(formula = y ~ . + 0, data = structure(list(y = c(43, 
        71, 61, 81, 43, 58, 71, 72, 67, 64, 67, 69, 77, 81, 74, 
        65, 65, 50, 64, 53, 40, 63, 66, 78, 48, 85, 82), x1 = c(1, 
        1, 1, 1, 1, 1, 1, 1, 1, 1, 1, 1, 1, 1, 1, 1, 1, 1, 1, 
        1, 1, 1, 1, 1, 1, 1, 1), x2 = c(51, 70, 63, 78, 55, 67, 
        75, 82, 61, 53, 60, 62, 77, 90, 85, 60, 70, 58, 61, 66, 
        37, 54, 77, 75, 57, 85, 82), x3 = c(30, 68, 45, 56, 49, 
        42, 50, 72, 45, 53, 47, 57, 54, 50, 64, 65, 46, 68, 52, 
        52, 42, 42, 66, 58, 44, 71, 39), x4 = c(54, 72, 63, 71, 
        72, 54, 57, 71, 54, 42, 71, 42, 67, 54, 59, 74, 62, 57, 
        45, 59, 71, 54, 69, 45, 63, 44, 56), x5 = c(61, 76, 54, 
        71, 54, 66, 70, 71, 62, 58, 59, 55, 79, 60, 79, 55, 75, 
        64, 66, 63, 50, 66, 88, 80, 51, 77, 64), x6 = c(92, 86, 
        84, 83, 49, 68, 66, 83, 80, 67, 74, 63, 77, 54, 79, 80, 
        85, 78, 80, 80, 57, 75, 76, 78, 83, 74, 78), x7 = c(45, 
        48, 35, 47, 34, 35, 41, 31, 41, 34, 41, 25, 46, 36, 63, 
        60, 46, 52, 41, 37, 49, 33, 72, 49, 38, 55, 39)), .Names = c("y", 
        "x1", "x2", "x3", "x4", "x5", "x6", "x7"),