
expected <- structure(list(coefficients = structure(c(15.3372868688499, 0.528752900904032, 
-0.0523895684831205, 0.242900029744233, 0.173070325278788, -0.191527939198892
), .Names = c("x1", "x2", "x3", "x4", "x5", "x6")), residuals = structure(c(1.47617650952697, 
1.49239503272698, 0.65018986486428, -12.3730565039372, -8.88493461524475, 
1.00394508921039, -5.54790478468768, 7.47230069963539, 5.80112585426895, 
10.5682439512959, 8.93376801901923, -1.31361611776323, 1.42670382416821, 
-0.283585373208625, -1.29474864261897, 5.09816725909376, -2.95536067008988, 
-6.67611405012013, 5.86124985020347, 0.503245931738591, -10.47261899681, 
-6.05763129436719, 4.54899745606374, -3.33642759467415, 3.60948133273818, 
-7.65008744527314, 8.40009541424085), .Names = c("2", "3", "4", 
"6", "7", "8", "9", "10", "11", "12", "13", "14", "15", "16", 
"17", "18", "19", "20", "21", "22", "23", "24", "25", "26", "27", 
"28", "29")), effects = structure(c(-333.516005501874, -45.8271796854879, 
-2.82732660593055, 9.77007444774788, -2.39921901489119, 7.44105014734069, 
-6.07581648313529, 9.11057334627812, 4.3467559393305, 13.9177772536175, 
11.7094503195079, 1.7789249058718, -0.0974459413266932, -7.36482526913802, 
-2.6144458483312, -3.21946071216147, -1.3216559147879, -5.57292614988869, 
6.77127746132652, -0.750448993933483, -9.01918365895701, -10.4886931855331, 
7.57665578239805, -0.390732966618343, 1.9503557378435, -8.1667773914492, 
6.81853536465495), .Names = c("x1", "x2", "x3", "x4", "x5", "x6", 
"", "", "", "", "", "", "", "", "", "", "", "", "", "", "", "", 
"", "", "", "", "")), rank = 6L, fitted.values = structure(c(61.523823490473, 
69.507604967273, 60.3498101351357, 55.3730565039372, 66.8849346152447, 
69.9960549107896, 77.5479047846877, 59.5276993003646, 58.198874145731, 
56.4317560487041, 60.0662319809808, 69.3136161177632, 75.5732961758318, 
81.2835853732086, 75.294748642619, 59.9018327409062, 67.9553606700899, 
56.6761140501201, 44.1387501497965, 63.4967540682614, 63.47261899681, 
46.0576312943672, 58.4510025439363, 69.3364275946741, 74.3905186672618, 
55.6500874452731, 76.5999045857591), .Names = c("2", "3", "4", 
"6", "7", "8", "9", "10", "11", "12", "13", "14", "15", "16", 
"17", "18", "19", "20", "21", "22", "23", "24", "25", "26", "27", 
"28", "29")), assign = 1:6, qr = structure(list(qr = structure(c(-5.19615242270663, 
0.192450089729875, 0.192450089729875, 0.192450089729875, 0.192450089729875, 
0.192450089729875, 0.192450089729875, 0.192450089729875, 0.192450089729875, 
0.192450089729875, 0.192450089729875, 0.192450089729875, 0.192450089729875, 
0.192450089729875, 0.192450089729875, 0.192450089729875, 0.192450089729875, 
0.192450089729875, 0.192450089729875, 0.192450089729875, 0.192450089729875, 
0.192450089729875, 0.192450089729875, 0.192450089729875, 0.192450089729875, 
0.192450089729875, 0.192450089729875, -343.908310347287, -67.2761032913922, 
-0.0421028710864252, -0.16101582247051, 0.0173536046056173, 0.136266555989702, 
0.240315388450777, -0.0718311089324464, -0.190744060316531, -0.0866952278554571, 
-0.0569669900094358, 0.255179507373787, 0.165994793835724, 0.359228339834862, 
0.284907745219808, -0.0866952278554571, 0.0619459613746492, -0.116423465701478, 
-0.38397760631567, -0.0718311089324464, 0.00248948568260667, 
-0.428569963084701, -0.175879941393521, 0.165994793835724, 0.136266555989702, 
-0.131287584624489, 0.284907745219808, -282.709181813187, -36.8030079304512, 
46.9047665572452, -0.0611248653510839, 0.270548232368535, 0.221612896213294, 
-0.141002445516607, 0.115371580928528, -0.176809800349899, 0.0575291134291201, 
-0.125263079326525, -0.360317310932056, 0.166739472495275, 0.44965606351628, 
0.0751645466608243, -0.326227193683757, 0.230877686470715, -0.420592333842968, 
0.0519486847795985, -0.0338669829487023, 0.0421474061522932, 
-0.185538102237438, 0.0729108207059471, -0.0890980655799771, 
0.0510545374964592, 0.0758798644873358, -0.0740740172164058, 
-293.87128701752, -33.9678148766177, 8.65095721368538, 48.6211390082697, 
-0.0587193222030677, 0.083686816614506, 0.0349793870888135, 0.0898999650193316, 
-0.160589001185979, 0.257505525574979, 0.275058221743037, 0.563680488069739, 
-0.22329697497344, -0.128997021398142, -0.0275578357153437, -0.373125503892762, 
-0.0274975862114396, 0.0588222318240993, 0.0923399585590692, 
-0.175912621133539, 0.116546382071625, -0.373770335132734, -0.0128790470077565, 
0.0349994702567816, -0.258295198339626, 0.0884128033691762, -0.0259970064122555, 
-335.440506399173, -38.1446322939837, 2.79399501774129, 16.9433736810265, 
-36.479711813135, 0.0812892749230983, -0.14581047142189, 0.10452663123928, 
-0.0541116618666219, 0.109140947644488, -0.0786925208474974, 
-0.290045866391337, 0.12291073052868, -0.524479386135571, 0.0426281205645648, 
-0.415376334890659, 0.261294415036636, 0.0586875518273713, -0.0303869572671198, 
0.0426394687616735, 0.0300517964425614, -0.0754831700613124, 
0.285770154765615, 0.429640743106909, 0.140429171622168, -0.131763752497732, 
-0.0511357064154046, -222.664753817466, -13.9386898893224, 15.4279398067065, 
25.9617311116737, -20.437418117989, -38.8509905054299, -0.421981288965607, 
0.0587390703887921, -0.357234635206941, 0.16404642367424, -0.273308641575157, 
0.0250576799477352, -0.142679655742391, -0.0260498764640356, 
0.376173366896491, 0.155575077714958, 0.0385874896168815, 0.0749507543386736, 
0.0108458134146411, -0.20327453553429, -0.0673099658407383, -0.0276806143450609, 
-0.269914858817569, 0.480924537169909, -0.146267476992087, 0.0736325679028316, 
0.128283489153028), .Dim = c(27L, 6L), .Dimnames = list(c("2", 
"3", "4", "6", "7", "8", "9", "10", "11", "12", "13", "14", "15", 
"16", "17", "18", "19", "20", "21", "22", "23", "24", "25", "26", 
"27", "28", "29"), c("x1", "x2", "x3", "x4", "x5", "x6")), assign = 1:6), 
    qraux = c(1.19245008972988, 1.06194596137465, 1.14577733656893, 
    1.12121545183186, 1.06702475408641, 1.02500920911499), pivot = 1:6, 
    tol = 1e-07, rank = 6L), .Names = c("qr", "qraux", "pivot", 
"tol", "rank"), class = "qr"), df.residual = 21L, xlevels = structure(list(), .Names = character(0)), 
    call = quote(lm(formula = y ~ . + 0, data = structure(list(y = c(63, 
        71, 61, 43, 58, 71, 72, 67, 64, 67, 69, 68, 77, 81, 74, 
        65, 65, 50, 50, 64, 53, 40, 63, 66, 78, 48, 85), x1 = c(1, 
        1, 1, 1, 1, 1, 1, 1, 1, 1, 1, 1, 1, 1, 1, 1, 1, 1, 1, 
        1, 1, 1, 1, 1, 1, 1, 1), x2 = c(64, 70, 63, 55, 67, 75, 
        82, 61, 53, 60, 62, 83, 77, 90, 85, 60, 70, 58, 40, 61, 
        66, 37, 54, 77, 75, 57, 85), x3 = c(51, 68, 45, 49, 42, 
        50, 72, 45, 53, 47, 57, 83, 54, 50, 64, 65, 46, 68, 33, 
        52, 52, 42, 42, 66, 58, 44, 71), x4 = c(54, 69, 47, 44, 
        56, 55, 67, 47, 58, 39, 42, 45, 72, 72, 69, 75, 57, 54, 
        34, 62, 50, 58, 48, 63, 74, 45, 71), x5 = c(63, 76, 54, 
        54, 66, 70, 71, 62, 58, 59, 55, 59, 79, 60, 79, 55, 75, 
        64, 43, 66, 63, 50, 66, 88, 80, 51, 77), x6 = c(47, 48, 
        35, 34, 35, 41, 31, 41, 34, 41, 25, 35, 46, 36, 63, 60, 
        46, 52, 33, 41, 37, 49, 33, 72, 49, 38, 55)), .Names = c("y", 
        "x1", "x2", "x3", "x4", "x5", "x6"), row.names = c("2", 
        "3", "4", "6", "7", "8", "9", "10", "11", "12", "13", 
        "14", "15", "16", "17", "18", "19", "20", "21", "22", 
        "23", "24", "25", "26", "27", "28", "29"), class = "data.frame"))), 
    terms = y ~ x1 + x2 + x3 + x4 + x5 + x6 + 0, model = structure(list(
        y = c(63, 71, 61, 43, 58, 71, 72, 67, 64, 67, 69, 68, 
        77, 81, 74, 65, 65, 50, 50, 64, 53, 40, 63, 66, 78, 48, 
        85), x1 = c(1, 1, 1, 1, 1, 1, 1, 1, 1, 1, 1, 1, 1, 1, 
        1, 1, 1, 1, 1, 1, 1, 1, 1, 1, 1, 1, 1), x2 = c(64, 70, 
        63, 55, 67, 75, 82, 61, 53, 60, 62, 83, 77, 90, 85, 60, 
        70, 58, 40, 61, 66, 37, 54, 77, 75, 57, 85), x3 = c(51, 
        68, 45, 49, 42, 50, 72, 45, 53, 47, 57, 83, 54, 50, 64, 
        65, 46, 68, 33, 52, 52, 42, 42, 66, 58, 44, 71),