
expected <- structure(list(coefficients = structure(c(16.7742324441142, 0.769877938955401, 
-0.0628261149218419, -0.047340917215527, 0.143312434376882, -0.0457478202821797, 
-0.0762357407541628), .Names = c("x1", "x2", "x3", "x4", "x5", 
"x6", "x7")), residuals = structure(c(-9.13137404405166, 0.608108183693694, 
3.4387120062159, 0.826056820874558, 7.64429000959614, -13.8612521748911, 
-7.98832945118109, -0.852074976996478, -5.31254860055998, 9.84279203129613, 
7.59789859309268, 8.24676948497014, -6.78899751164947, 2.17586165744371, 
8.31487063698263, -3.57230113453851, -6.19063394088221, 5.9154583295302, 
2.98738285486164, -11.3109442448616, -1.45514550150043, 7.32986976735264, 
-6.99758717862033, 5.52413285814941, -7.95142329951446, 5.63633967087334, 
5.32406915431457), .Names = c("1", "2", "3", "4", "5", "6", "7", 
"8", "9", "11", "12", "13", "14", "15", "18", "19", "20", "21", 
"22", "23", "24", "25", "26", "27", "28", "29", "30")), effects = structure(c(-330.436804066196, 
-51.0689079508119, 2.68611967430661, 2.10760365092329, 2.94910085534799, 
-2.54959666052008, -2.80246515142269, 3.88413175809336, -5.70796985521473, 
13.2223188091666, 8.86021037539062, 11.1614898385135, -10.3976862157423, 
5.96158714437048, 4.10468320943739, -0.908307189765428, -6.07099172158078, 
7.70495270276767, 4.6000350632147, -10.6359065339762, 2.22905410350726, 
12.8772541762835, -2.79882413772516, 9.44597926081259, -10.0639142687516, 
6.42737176339632, 5.99328711810122), .Names = c("x1", "x2", "x3", 
"x4", "x5", "x6", "x7", "", "", "", "", "", "", "", "", "", "", 
"", "", "", "", "", "", "", "", "", "")), rank = 7L, fitted.values = structure(c(52.1313740440517, 
62.3918918163063, 67.5612879937841, 60.1739431791254, 73.3557099904039, 
56.8612521748911, 65.9883294511811, 71.8520749769965, 77.31254860056, 
54.1572079687039, 59.4021014069073, 60.7532305150299, 74.7889975116495, 
74.8241383425563, 56.6851293630174, 68.5723011345385, 56.1906339408822, 
44.0845416704698, 61.0126171451384, 64.3109442448616, 41.4551455015004, 
55.6701302326474, 72.9975871786203, 72.4758671418506, 55.9514232995145, 
79.3636603291267, 76.6759308456854), .Names = c("1", "2", "3", 
"4", "5", "6", "7", "8", "9", "11", "12", "13", "14", "15", "18", 
"19", "20", "21", "22", "23", "24", "25", "26", "27", "28", "29", 
"30")), assign = 1:7, qr = structure(list(qr = structure(c(-5.19615242270663, 
0.192450089729875, 0.192450089729875, 0.192450089729875, 0.192450089729875, 
0.192450089729875, 0.192450089729875, 0.192450089729875, 0.192450089729875, 
0.192450089729875, 0.192450089729875, 0.192450089729875, 0.192450089729875, 
0.192450089729875, 0.192450089729875, 0.192450089729875, 0.192450089729875, 
0.192450089729875, 0.192450089729875, 0.192450089729875, 0.192450089729875, 
0.192450089729875, 0.192450089729875, 0.192450089729875, 0.192450089729875, 
0.192450089729875, 0.192450089729875, -339.09705810404, -64.6156729066964, 
0.108983611697181, 0.000650761707243416, 0.232792583114252, -0.123158209709828, 
0.062555247415779, 0.18636421883285, 0.294697068822788, -0.154110452564096, 
-0.0457776025741583, -0.0148253597198905, 0.310173190249921, 
0.217316461687118, -0.0457776025741583, 0.108983611697181, -0.0767298454284261, 
-0.355300031116836, -0.0303014811470244, 0.0470791259886451, 
-0.401728395398238, -0.138634331136962, 0.217316461687118, 0.18636421883285, 
-0.09220596685556, 0.341125433104189, 0.294697068822788, -276.165878762371, 
-38.1635422496297, -51.8743814456437, -0.0855473432092191, -0.04856337822439, 
0.0849309466482844, -0.190063826433519, -0.12921405674444, 0.213189566166732, 
0.185382533999306, -0.011979315364881, 0.157451833421777, 0.413569170333353, 
-0.0754469377310734, 0.335012773954993, -0.147967824504566, 0.416187023010466, 
-0.0484397098142874, 0.0727362590284481, 0.0143806736063798, 
0.160069686098891, -0.0383393043361418, 0.155881121815509, 0.0250046496199481, 
-0.0347979789982857, 0.158898876617943, -0.42296259758637, -288.482684505083, 
-4.91166238922633, 28.1549479430734, -50.1788323861549, -0.0227783093378817, 
-0.205371892657791, 0.172305239081639, 0.206704304418882, -0.138101506462411, 
0.138270137731206, -0.070031560809195, 0.335151953889229, 0.346981520673461, 
-0.29835819309918, -0.149243323607526, -0.161305492261627, 0.222049535915817, 
-0.262148033012674, -0.19626371616132, -0.0564388766357165, -0.1883544705064, 
0.334878916637209, 0.0274796826913511, -0.0543597726196785, -0.0829312103106609, 
-0.273671926188254, 0.0170844196588114, -334.478255950523, -38.7894653829049, 
0.555667010559441, 7.50018884983901, 36.5665430823703, 0.230518522894945, 
-0.0882565728268208, -0.0736847522545422, 0.189079678631309, 
-0.0178871965423033, 0.108477462917094, 0.131113100923197, 0.390940779641464, 
-0.0977796313194878, 0.302479786558194, -0.160111972280403, -0.0957286544542673, 
0.293016564772102, -0.00802636076585981, 0.0933332182633171, 
0.0613176835376837, -0.327769711611725, -0.423727771859888, -0.228293144942313, 
0.280771151481769, 0.112427965370318, 0.221803199280177, -390.673682151647, 
-18.1024765522868, 4.6765930061464, -0.674087457324487, 7.77814612427531, 
44.1310541860507, 0.267554295972473, 0.353955852454577, -0.0607086742544846, 
0.227230114792805, 0.0529088245587146, 0.364100464171904, 0.122042465073506, 
0.0569268756977139, -0.103565434260441, -0.134637289759804, 0.0285345803458521, 
0.14152341097982, -0.0769479323636754, -0.0512966365085865, 0.330646116431374, 
0.103625254752059, 0.166636744667935, 0.0741542809499442, -0.187706325393526, 
0.147578326083435, 0.0449419964991544, -220.932703009897, -10.2044959173061, 
-11.7299946118344, 18.0180141185995, 25.3884359273584, 6.96126409350222, 
36.7605157856312, -0.0654568036829146, 0.473324139318975, 0.128071104737113, 
-0.013963527078139, 0.18510445439974, 0.00645666507053859, 0.181516279005451, 
-0.462339413985383, 0.129361658668674, -0.204118529855475, 0.0362455282086672, 
0.191696444837322, 0.166266493453571, -0.285182869255806, 0.211441902154978, 
-0.441127559144018, 0.0707646152505968, -0.00326392225431845, 
-0.10846075900315, -0.0797397844446835), .Dim = c(27L, 7L), .Dimnames = list(
    c("1", "2", "3", "4", "5", "6", "7", "8", "9", "11", "12", 
    "13", "14", "15", "18", "19", "20", "21", "22", "23", "24", 
    "25", "26", "27", "28", "29", "30"), c("x1", "x2", "x3", 
    "x4", "x5", "x6", "x7")), assign = 1:7), qraux = c(1.19245008972988, 
1.01612688313438, 1.2761336179975, 1.28040945418299, 1.04201049130569, 
1.5689414862397, 1.0787126949545), pivot = 1:7, tol = 1e-07, 
    rank = 7L), .Names = c("qr", "qraux", "pivot", "tol", "rank"
), class = "qr"), df.residual = 20L, xlevels = structure(list(), .Names = character(0)), 
    call = quote(lm(formula = y ~ . + 0, data = structure(list(y = c(43, 
        63, 71, 61, 81, 43, 58, 71, 72, 64, 67, 69, 68, 77, 65, 
        65, 50, 50, 64, 53, 40, 63, 66, 78, 48, 85, 82), x1 = c(1, 
        1, 1, 1, 1, 1, 1, 1, 1, 1, 1, 1, 1, 1, 1, 1, 1, 1, 1, 
        1, 1, 1, 1, 1, 1, 1, 1), x2 = c(51, 64, 70, 63, 78, 55, 
        67, 75, 82, 53, 60, 62, 83, 77, 60, 70, 58, 40, 61, 66, 
        37, 54, 77, 75, 57, 85, 82), x3 = c(30, 51, 68, 45, 56, 
        49, 42, 50, 72, 53, 47, 57, 83, 54, 65, 46, 68, 33, 52, 
        52, 42, 42, 66, 58, 44, 71, 39), x4 = c(66, 54, 45, 74, 
        58, 44, 72, 72, 44, 58, 54, 69, 62, 45, 39, 54, 55, 45, 
        45, 54, 42, 75, 54, 54, 54, 39, 72), x5 = c(61, 63, 76, 
        54, 71, 54, 66, 70, 71, 58, 59, 55, 59, 79, 55, 75, 64, 
        43, 66, 63, 50, 66, 88, 80, 51, 77, 64), x6 = c(92, 73, 
        86, 84, 83, 49, 68, 66, 83, 67, 74, 63, 77, 77, 80, 85, 
        78, 64, 80, 80, 57, 75, 76, 78, 83, 74, 78), x7 = c(45, 
        47, 48, 35, 47, 34, 35, 41, 31, 34, 41, 25, 35, 46, 60, 
        46, 52, 33, 41, 37, 49, 33, 72, 49, 38, 55, 39)), .Names = c("y", 
        "x1", "x2", "x3", "x4", "x5", "x6", "x7"),