
expected <- structure(list(coefficients = structure(c(-2.05153840390114, 
0.471195711493176, 0.0474586285422504, 0.161155591609959, -0.313266377470527, 
0.583840552287541, 0.0252398288849186), .Names = c("x1", "x2", 
"x3", "x4", "x5", "x6", "x7")), residuals = structure(c(-13.9205880448486, 
-13.1504344458343, 4.63308974919089, 5.71676971067996, -15.4466514383886, 
-1.6711793725892, 14.7072640238021, 11.9731415645858, 2.19778401633288, 
1.78130884940685, 18.9575632901792, -2.6623330553611, 11.4602002787165, 
11.9327887848396, 9.23528015186766, -1.68319504501122, -7.02575065445026, 
-11.8259343328965, 7.16662726813634, -24.0674509371229, -18.314105400233, 
8.50274192350084, -1.51883201797302, 12.5861953660217, -11.5451879542973, 
5.68683585432319, 5.68617989659025), .Names = c("1", "3", "4", 
"5", "6", "7", "8", "9", "10", "11", "12", "13", "15", "16", 
"17", "18", "19", "20", "22", "23", "24", "25", "26", "27", "28", 
"29", "30")), effects = structure(c(-251.528802523165, -223.309744410585, 
24.1309706008467, 14.3768830289364, 9.66631115117966, -34.1387387590596, 
-1.29614477676127, 22.0476074344163, 6.87629539140902, 4.22576180409183, 
23.8097402011896, -1.50242400431816, 8.13150435778509, 15.4045308106731, 
17.3029893536724, 4.98956402574144, -4.95593069991767, -19.0578088116589, 
7.07716426871478, -18.6570394459805, -17.1874960703977, 16.4453654313038, 
-1.97114290828423, 9.40665508358266, -6.33004547128512, 6.00657746960049, 
8.71949515960126), .Names = c("x1", "x2", "x3", "x4", "x5", "x6", 
"x7", "", "", "", "", "", "", "", "", "", "", "", "", "", "", 
"", "", "", "", "", "")), rank = 7L, fitted.values = structure(c(56.9205880448486, 
84.1504344458343, 56.3669102508091, 75.28323028932, 58.4466514383886, 
59.6711793725892, 56.2927359761979, 60.0268584354142, 64.8022159836671, 
62.2186911505931, 48.0424367098208, 71.6623330553611, 65.5397997212835, 
69.0672112151604, 64.7647198481323, 66.6831950450112, 72.0257506544503, 
61.8259343328965, 56.8333727318637, 77.0674509371229, 58.314105400233, 
54.4972580764992, 67.518832017973, 65.4138046339783, 59.5451879542973, 
79.3131641456768, 76.3138201034097), .Names = c("1", "3", "4", 
"5", "6", "7", "8", "9", "10", "11", "12", "13", "15", "16", 
"17", "18", "19", "20", "22", "23", "24", "25", "26", "27", "28", 
"29", "30")), assign = 1:7, qr = structure(list(qr = structure(c(-6.95093330850185, 
0.157410918158795, 0.313958560983543, 0.230228765837192, 0.165448140595105, 
0.154791774834379, 0.298793341146418, -0.0213568002769744, 0.0803069584683643, 
-0.0838661879408892, 0.12730557461979, 0.116309944277541, 0.320128199398583, 
0.185909381122106, 0.159729133868254, 0.201142971669235, 0.198796278687783, 
0.338604130546242, -0.139281548638416, 0.0709742479264299, 0.121368006353487, 
-0.00177800487035051, 0.357327130701698, 0.237518943879956, 0.0212606107579389, 
-0.0218236372548069, 0.0592688173991411, -258.940781989857, -215.691148224681, 
-0.0818755146732424, 0.12325356035071, 0.0510976371537478, 0.105359528970626, 
-0.0733085027883958, 0.270844684281379, 0.197615624749711, 0.404648651579795, 
0.160874075907276, 0.220171318772251, -0.0937693964838786, 0.0733907491155343, 
0.0902789739017813, 0.0183807209518666, 0.0443225357384148, -0.0505958403816056, 
0.335384723437768, 0.296683030186488, 0.112223597810511, 0.173633125372123, 
-0.0633480291447095, 0.00804384218992822, 0.262438238282745, 
0.373391540826479, 0.315088913042173, -205.620335558315, -199.417128943594, 
74.6665004455135, 0.0354527960573443, -0.249366686770009, 0.121118189782712, 
0.209222060136117, -0.442067870070475, -0.149791523104718, 0.290203310632642, 
0.273061486764268, 0.0132995932637323, 0.0941317254445181, 0.109936462373386, 
-0.414443227382822, -0.155811949679982, 0.068176746495565, 0.0487316535317625, 
-0.0807497131418473, 0.224716050550988, 0.0178859536591439, -0.300320298851967, 
0.0675404972481869, 0.254480593801616, 0.205446510547284, -0.00620696624729304, 
0.10715700171482, -243.490471685417, -181.631871206368, 38.11483341505, 
63.2417032837458, -0.227650091203783, -0.0175572347897734, -0.0857852112648752, 
-0.179293101742623, 0.110148772903784, 0.0517726259609709, -0.307530675446426, 
0.418389044153643, -0.162585332370655, 0.0131748015906219, 0.157050400055029, 
-0.267857014143529, -0.127680668702444, 0.21630474366319, -0.216891053745408, 
0.0909397458600134, -0.339915750978894, -0.194828792171097, 0.0507573698294306, 
0.0853166234752119, -0.252325343839369, 0.319542944317096, 0.208982440009208, 
-264.603368892542, -209.0924783563, 23.4180625917638, 38.8219658501116, 
-74.8988783461987, 0.225684884720194, 0.0142250426333961, 0.0807572694355126, 
0.263240748326256, 0.243375834025598, 0.066617672769011, 0.223600159157437, 
-0.309706581530289, -0.0664693509060394, 0.243880984400215, -0.377384453776097, 
-0.282737501812556, 0.137475449815937, 0.242399334270632, 0.305673283767115, 
-0.168884525515136, 0.173766492111885, -0.102629217830532, -0.222123732569123, 
-0.0746853577248962, 0.249531852102114, 0.106802611002538, -296.900083663193, 
-248.575152966169, 36.8459995076615, 26.8194750527085, -23.0176501634577, 
-57.4892120990162, 0.0555974420491027, -0.319852236444204, 0.0448534904517891, 
0.05445104176959, -0.581789707713713, 0.133133215666326, 0.0319435033505868, 
0.234335759343594, 0.0186373965608524, -0.0815205676617858, 0.207457448397289, 
-0.119731015200194, 0.307321502288486, 0.0918379857496251, -0.224470833565246, 
0.165010607932969, -0.178856597096965, 0.26945773657037, -0.221427734612839, 
0.262427235927231, -0.0659899266824412, -171.468794080072, -131.35326418002, 
10.6532139390593, 27.2762706227329, -14.1978601669237, -22.7499726409574, 
-51.3531523003212, -0.118965292311925, 0.0298905598628231, 0.00970068929522445, 
0.0524637728634762, 0.0223590751515411, 0.275397350535211, -0.179787556391886, 
-0.1246147121539, -0.274521588438672, -0.116283402864644, 0.678442899436448, 
0.385551266452134, -0.107451420465215, 0.215071102712484, -0.0984597080131089, 
0.170934918219157, 0.0661285102745967, -0.1261833080218, 0.138431845187129, 
-0.0485673863277565), .Dim = c(27L, 7L), .Dimnames = list(c("1", 
"3", "4", "5", "6", "7", "8", "9", "10", "11", "12", "13", "15", 
"16", "17", "18", "19", "20", "22", "23", "24", "25", "26", "27", 
"28", "29", "30"), c("x1", "x2", "x3", "x4", "x5", "x6", "x7"
)), assign = 1:7), qraux = c(1.2333750306629, 1.16254987833349, 
1.08188546291418, 1.0984739247604, 1.09095927567598, 1.07599871768934, 
1.14683644505855), pivot = 1:7, tol = 1e-07, rank = 7L), .Names = c("qr", 
"qraux", "pivot", "tol", "rank"), class = "qr"), df.residual = 20L, 
    xlevels = structure(list(), .Names = character(0)), call = quote(lm(formula = y ~ 
        . + 0, data = structure(list(y = c(43, 71, 61, 81, 43, 
        58, 71, 72, 67, 64, 67, 69, 77, 81, 74, 65, 65, 50, 64, 
        53, 40, 63, 66, 78, 48, 85, 82), x1 = c(1.62217427400739, 
        1.09415279415183, 2.18230501902982, 1.60030479703301, 
        1.15001899129221, 1.0759473035784, 2.07689258733319, 
        -0.148449694408243, 0.558208312522228, -0.582948279215403, 
        0.884892558982667, 0.808462665788754, 2.22518976419033, 
        1.29224370960461, 1.110266556943, 1.39813138154673, 1.38181967513713, 
        2.35361472941018, -0.968136755690484, 0.49333726395769, 
        0.843620917948916, -0.0123587932759979, 2.48375705482583, 
        1.65097833841537, 0.14778108747645, -0.151694647107099, 
        0.411973597015204), x2 = c(54, 75, 62, 85, 53, 62, 60, 
        53, 63, 66, 67, 77, 61, 63, 60, 55, 60, 75, 37, 82, 55, 
        37, 77, 62, 62, 75, 83), x3 = c(56, 68, 44, 71, 64, 45, 
        33, 83, 68, 42, 39, 68, 42, 46, 83, 58, 46, 58, 44, 58, 
        47, 57, 58, 33, 42, 71, 68), x4 = c(54, 72, 63, 71, 72, 
        54, 57, 71, 54, 42, 71, 42, 67, 54, 59, 74, 62, 57, 45, 
        59, 71, 54, 69, 45, 63, 44, 56), x5 = c(77, 43, 88, 50, 
        79, 79, 75, 64, 71, 62, 88, 60, 59, 58, 71, 50, 50, 80, 
        55, 88, 64, 59, 76, 43, 63, 58, 66),