
expected <- structure(list(coefficients = structure(c(8.2144687077477, 0.137547368450026, 
0.092593079514961, 0.447059285573397, 0.515973862978172, 0.0330491413720888, 
-0.438762407234009), .Names = c("x1", "x2", "x3", "x4", "x5", 
"x6", "x7")), residuals = structure(c(3.23458579278536, -5.6695856501897, 
3.79708722534132, -11.276223379159, -8.61156720005901, 5.00461946053029, 
-5.8997414751732, 8.29651996195834, -1.35232148170701, 12.8838350508825, 
6.64849020577401, 2.93564871218284, 0.0831986335461919, 10.3544857905092, 
5.02885570380077, 4.97568010149757, -2.53311775734716, -11.7525672509379, 
4.62895592390858, -0.545184750459368, -12.5772329438313, -11.7810581280358, 
2.29472249170618, -3.40803568302041, 0.448424593241292, -5.31894317198828, 
10.1104692242436), .Names = c("2", "3", "4", "6", "7", "8", "9", 
"10", "11", "12", "13", "14", "15", "16", "17", "18", "19", "20", 
"21", "22", "23", "24", "25", "26", "27", "28", "29")), effects = structure(c(-333.516005501874, 
-6.55387599926876, 25.7394435283785, 24.1360031465713, -15.9056319788056, 
-0.415569312796152, -18.3608584341682, 9.83633127043907, -4.52365487554801, 
15.9491695129305, 8.6582915306536, 10.1449148949794, -2.1762755020037, 
0.60956397299681, 4.75929423152889, -2.38656718309898, -0.818428724321246, 
-9.80514503710534, 2.53098247537682, -0.624249872839224, -11.4418751695257, 
-20.4355434299888, 5.35146136563248, -0.993478658419612, -1.71042167763127, 
-5.25672080926079, 8.97339002600974), .Names = c("x1", "x2", 
"x3", "x4", "x5", "x6", "x7", "", "", "", "", "", "", "", "", 
"", "", "", "", "", "", "", "", "", "", "", "")), rank = 7L, 
    fitted.values = structure(c(59.7654142072146, 76.6695856501897, 
    57.2029127746587, 54.276223379159, 66.611567200059, 65.9953805394697, 
    77.8997414751732, 58.7034800380417, 65.352321481707, 54.1161649491175, 
    62.351509794226, 65.0643512878172, 76.9168013664538, 70.6455142094908, 
    68.9711442961992, 60.0243198985024, 67.5331177573472, 61.7525672509379, 
    45.3710440760914, 64.5451847504594, 65.5772329438313, 51.7810581280358, 
    60.7052775082938, 69.4080356830204, 77.5515754067587, 53.3189431719883, 
    74.8895307757564), .Names = c("2", "3", "4", "6", "7", "8", 
    "9", "10", "11", "12", "13", "14", "15", "16", "17", "18", 
    "19", "20", "21", "22", "23", "24", "25", "26", "27", "28", 
    "29")), assign = 1:7, qr = structure(list(qr = structure(c(-5.19615242270663, 
    0.192450089729875, 0.192450089729875, 0.192450089729875, 
    0.192450089729875, 0.192450089729875, 0.192450089729875, 
    0.192450089729875, 0.192450089729875, 0.192450089729875, 
    0.192450089729875, 0.192450089729875, 0.192450089729875, 
    0.192450089729875, 0.192450089729875, 0.192450089729875, 
    0.192450089729875, 0.192450089729875, 0.192450089729875, 
    0.192450089729875, 0.192450089729875, 0.192450089729875, 
    0.192450089729875, 0.192450089729875, 0.192450089729875, 
    0.192450089729875, 0.192450089729875, -328.897203348357, 
    -57.754910004515, -0.0160280041957049, -0.171858911027634, 
    -0.0160280041957049, -0.0506570946028002, -0.171858911027634, 
    0.00128654100784269, 0.0532301766184856, 0.0705447218220332, 
    0.243690173857509, 0.347577445078795, -0.0333425493992526, 
    0.00128654100784269, -0.0506570946028002, -0.137229820620538, 
    -0.0506570946028002, 0.209061083450414, 0.0532301766184856, 
    -0.448891634284395, 0.330262899875247, -0.137229820620538, 
    -0.448891634284395, 0.243690173857509, -0.0160280041957049, 
    -0.0160280041957049, 0.209061083450414, -282.709181813187, 
    -25.5517797642724, 53.8667343487299, -0.0145685520239388, 
    0.210357545996858, 0.0407371552830729, -0.441548213554921, 
    0.165217409583452, 0.0483613334532771, 0.170300195030255, 
    0.0901854930970489, -0.329169990263729, -0.0229673142403758, 
    0.072395744033239, -0.219163508257525, -0.290492155951178, 
    0.114994487723244, -0.135127896946865, 0.419647995654131, 
    -0.23910735802162, 0.235771473230873, 0.136487505579804, 
    -0.0534640269211927, -0.0768935048933353, -0.0866717837638245, 
    0.173228879776773, -0.190820896276993, -293.87128701752, 
    7.33174797452445, 34.2183004168796, 48.6623063046225, -0.160625315340716, 
    -0.0126505945041692, 0.100926591519954, 0.0607250507468246, 
    -0.0704178419291296, 0.227711416403643, 0.244042783313897, 
    0.515224019109218, -0.311292566694855, -0.381509069272992, 
    -0.100118092494955, -0.176594526108581, -0.110958599156591, 
    0.167776604926578, 0.136734872205187, 0.0216979298779532, 
    -0.0243862244530498, -0.15619664063065, 0.166373859733136, 
    -0.0587837592654732, -0.301687742975353, 0.0940265509256205, 
    -0.138663439873337, -335.440506399173, -4.78843366795889, 
    26.2227867248218, 26.3340387850345, -40.9465679554103, 0.178620285559989, 
    -0.0495250567236813, 0.111581781289102, -0.182573675559558, 
    0.13303276200989, -0.0726942905419468, -0.146715966085145, 
    0.140076384227198, -0.310121434644304, 0.13917847309553, 
    -0.525055394467495, 0.290717383728063, -0.0664057102882647, 
    -0.122506599577935, 0.0220434087298066, 0.022609260696886, 
    -0.305352678761072, 0.263269800797778, 0.398415565019048, 
    0.116360810739061, -0.122433903937174, -0.000661547826965418, 
    -382.975678562452, -3.67709637767193, 16.3422363187261, 1.54535290734093, 
    -15.815795650161, 43.5948666279182, -0.271306940067402, -0.172629905792944, 
    0.160970852849136, -0.0842982191833705, 0.186721807328678, 
    -0.187590386455971, 0.0760002442339605, 0.555385745569374, 
    -0.0461271657548611, -0.170064282772659, -0.190389630189367, 
    -0.107600164168858, 0.106801679079625, -0.262573059881251, 
    -0.0583093270859933, 0.338515877593526, -0.190484251583367, 
    0.123564409783255, 0.0571938436753038, -0.30332895687398, 
    0.137100789653555, -222.664753817466, -6.99828265949316, 
    19.637556743981, 25.6578067426789, -13.092337074667, 4.23085978304773, 
    41.8469270189222, -0.0389553823638082, 0.21472361312533, 
    -0.143885006137095, 0.253731907541649, 0.145037740475868, 
    0.155807177671896, 0.277033077278104, -0.262240181788705, 
    -0.181603979219066, -0.0058068263853801, -0.179878854625849, 
    -0.0972194702563516, 0.119827057318161, 0.120270304870075, 
    -0.219936038426333, 0.128400220834474, -0.511358113164866, 
    0.118364457569063, -0.0081690220408061, -0.0440179064083625
    ), .Dim = c(27L, 7L), .Dimnames = list(c("2", "3", "4", "6", 
    "7", "8", "9", "10", "11", "12", "13", "14", "15", "16", 
    "17", "18", "19", "20", "21", "22", "23", "24", "25", "26", 
    "27", "28", "29"), c("x1", "x2", "x3", "x4", "x5", "x6", 
    "x7")), assign = 1:7), qraux = c(1.19245008972988, 1.20906108345041, 
    1.15466454666673, 1.24462319536196, 1.09875393720001, 1.1908944817849, 
    1.48006159715198), pivot = 1:7, tol = 1e-07, rank = 7L), .Names = c("qr", 
    "qraux", "pivot", "tol", "rank"), class = "qr"), df.residual = 20L, 
    xlevels = structure(list(), .Names = character(0)), call = quote(lm(formula = y ~ 
        . + 0, data = structure(list(y = c(63, 71, 61, 43, 58, 
        71, 72, 67, 64, 67, 69, 68, 77, 81, 74, 65, 65, 50, 50, 
        64, 53, 40, 63, 66, 78, 48, 85), x1 = c(1, 1, 1, 1, 1, 
        1, 1, 1, 1, 1, 1, 1, 1, 1, 1, 1, 1, 1, 1, 1, 1, 1, 1, 
        1, 1, 1, 1), x2 = c(61, 75, 62, 53, 62, 60, 53, 63, 66, 
        67, 77, 83, 61, 63, 60, 55, 60, 75, 66, 37, 82, 55, 37, 
        77, 62, 62, 75), x3 = c(51, 68, 45, 49, 42, 50, 72, 45, 
        53, 47, 57, 83, 54, 50, 64, 65, 46, 68, 33, 52, 52, 42, 
        42, 66, 58, 44, 71), x4 = c(54, 69, 47, 44, 56, 55, 67, 
        47, 58, 39, 42, 45, 72, 72, 69, 75, 57, 54, 34, 62, 50, 
        58, 48, 63, 74, 45, 71), x5 = c(63, 76, 54, 54, 66, 70, 
        71, 62, 58, 59, 55, 59, 79, 60, 79, 55, 75, 64, 43, 66, 
        63, 50, 66, 88, 80, 51, 77), x6 = c(73, 86, 84, 49, 68, 
        66, 83, 80, 67, 74, 63, 77, 77, 54, 79, 80, 85, 78, 64, 
        80, 80, 57, 75, 76, 78, 83, 74),