
expected <- structure(list(coefficients = structure(c(4.93733300598599, 0.312538967671091, 
-0.036992180679056, 0.678703876889047, 0.371280723411044, -0.0293076100372523, 
-0.414341914793228), .Names = c("x1", "x2", "x3", "x4", "x5", 
"x6", "x7")), residuals = structure(c(-5.48056087747726, 2.45722178180609, 
3.36546411187444, 2.31963125151079, -11.0777130917994, -10.7781377636927, 
4.76389486901164, -3.3954214057301, 8.45150040552534, -4.4521911382277, 
13.6429564213211, 5.38464546727634, 4.50369952304774, -1.88607450938052, 
3.57771839858183, 4.93492566730765, 1.15940865253052, -1.96933105986397, 
-12.4424897933039, 2.16380439978899, -15.2925547287231, 6.84143688387125, 
-3.93240126808061, -1.50699987710759, -5.98656001045096, 7.42966674150658, 
7.20446094887757), .Names = c("1", "2", "4", "5", "6", "7", "8", 
"9", "10", "11", "12", "13", "14", "15", "16", "17", "18", "19", 
"20", "21", "23", "25", "26", "27", "28", "29", "30")), effects = structure(c(-339.4819582835, 
16.4856109000597, 18.9465027826615, -36.8699770365712, 6.15051721607011, 
-5.65994083274874, -16.6334717879406, -7.17260842776161, 8.68940972570924, 
-1.9297150283311, 16.6038285146937, 9.61551458759797, 8.25784112405773, 
-2.87769740214533, 8.26407503483456, 7.20955975455185, 4.14047545320137, 
-4.11125262076044, -8.267247851748, 7.18607286312927, -14.3698188293589, 
4.46351983278254, 1.62281100148017, -2.14591206966559, -6.03413249949718, 
10.988292810173, 7.67573197603557), .Names = c("x1", "x2", "x3", 
"x4", "x5", "x6", "x7", "", "", "", "", "", "", "", "", "", "", 
"", "", "", "", "", "", "", "", "", "")), rank = 7L, fitted.values = structure(c(48.4805608774773, 
60.5427782181939, 57.6345358881256, 78.6803687484892, 54.0777130917994, 
68.7781377636927, 66.2361051309884, 75.3954214057301, 58.5484995944747, 
68.4521911382277, 53.3570435786789, 63.6153545327237, 63.4963004769523, 
78.8860745093805, 77.4222816014182, 69.0650743326923, 63.8405913474695, 
66.969331059864, 62.4424897933039, 47.836195600211, 68.2925547287231, 
56.1585631161288, 69.9324012680806, 79.5069998771076, 53.986560010451, 
77.5703332584934, 74.7955390511224), .Names = c("1", "2", "4", 
"5", "6", "7", "8", "9", "10", "11", "12", "13", "14", "15", 
"16", "17", "18", "19", "20", "21", "23", "25", "26", "27", "28", 
"29", "30")), assign = 1:7, qr = structure(list(qr = structure(c(-5.19615242270663, 
0.192450089729875, 0.192450089729875, 0.192450089729875, 0.192450089729875, 
0.192450089729875, 0.192450089729875, 0.192450089729875, 0.192450089729875, 
0.192450089729875, 0.192450089729875, 0.192450089729875, 0.192450089729875, 
0.192450089729875, 0.192450089729875, 0.192450089729875, 0.192450089729875, 
0.192450089729875, 0.192450089729875, 0.192450089729875, 0.192450089729875, 
0.192450089729875, 0.192450089729875, 0.192450089729875, 0.192450089729875, 
0.192450089729875, 0.192450089729875, -339.4819582835, 57.2013985843004, 
0.0262972809908453, -0.375790789742317, 0.183636091277735, 0.0262972809908453, 
0.0612614610545985, 0.183636091277735, 0.00881519095896863, -0.0436310791366613, 
-0.0611131691685379, -0.235934069487304, -0.340826609678564, 
0.0437793710227219, 0.00881519095896863, 0.0612614610545985, 
0.148671911213982, 0.0612614610545985, -0.200969889423551, -0.0436310791366613, 
-0.323344519646687, 0.463349531787761, -0.235934069487304, 0.0262972809908453, 
0.0262972809908453, -0.200969889423551, -0.340826609678564, -275.588528493181, 
20.692967234398, 59.7223916969096, 0.00274546116872203, -0.0506641333717112, 
0.114531307546341, -0.0300854609711815, -0.43577931959407, 0.0696307220852544, 
-0.0483268957665994, 0.0574697655549758, -0.0566533184277553, 
-0.460009939445532, -0.0917301849636754, -0.0140899705717801, 
-0.264503400410878, -0.307906689607954, 0.0368910931544461, -0.251502502539499, 
0.286555874861539, 0.0537265248949483, -0.0187644457820036, -0.207350565210418, 
-0.153374908956169, 0.0810430304835276, -0.30173491813372, 0.276732155936372, 
-289.060034774273, 0.932378135033441, 31.3128233320372, -52.9616282065255, 
-0.202806870926378, 0.133322278797938, 0.0187640490888757, -0.0231123101534463, 
-0.0662552704502509, 0.0635814692581386, -0.225192937630508, 
-0.243604365502935, -0.453369063334867, 0.299039175063561, 0.350440659086584, 
0.12814334695066, 0.212548294921603, 0.100802389504225, -0.145908226948516, 
-0.16820104946165, -0.0193918363068099, -0.106809642365209, 0.0532900341599308, 
0.296090380098597, -0.096512838702835, 0.141872520232204, 0.297999923399497, 
-336.210306758092, 3.73533990347766, 20.6957724723582, -28.1054656181006, 
39.464473512227, -0.0445852433249291, -0.121886189538613, 0.106407121981305, 
-0.043337259036821, 0.238143889529346, -0.0576967561356907, 0.135116043411011, 
0.198863614558061, -0.113326316688931, 0.350276799924259, -0.104746407866645, 
0.581902796854569, -0.242027568579738, 0.111343543752654, 0.216883543230644, 
0.0136696084384683, -0.160972615125471, -0.390235019992595, -0.0935774565715017, 
0.204542700237707, 0.0132313508877945, 0.0421240857174442, -388.749181254348, 
2.63396823146942, 1.73604177476889, -3.63153344946981, 14.7394614961889, 
46.1484851755037, 0.335996434852345, -0.273372643264437, -0.0203233059992767, 
0.052771958751971, 0.11243084860538, 0.213454440942735, -0.187140503048871, 
0.118756537719537, 0.274637230943918, 0.029961813120352, -0.534618023407025, 
0.0336524421984458, -0.106678567030873, 0.14160660623555, -0.0112760573292801, 
0.098247391469034, 0.359239683047614, 0.0778977724729534, -0.283307158646966, 
0.0835658629090621, 0.0699772305595048, -221.317603189357, 6.20031459797225, 
18.6547200963196, -22.6959210693543, 19.476433304903, 10.3958563486504, 
40.144313655164, 0.592832031905119, 0.00282057245600304, 0.137684755125127, 
-0.110717666511626, 0.213797397165087, 0.228855632991594, 0.152171500310043, 
0.0667034421435811, -0.224437638575608, -0.248480078389243, 0.071677708709297, 
-0.154402483266479, -0.187821866625041, 0.11907486638309, 0.232398797253604, 
-0.474720752341645, 0.119750288238579, 0.0166977028997245, -0.0665942720575523, 
0.0495192562760108), .Dim = c(27L, 7L), .Dimnames = list(c("1", 
"2", "4", "5", "6", "7", "8", "9", "10", "11", "12", "13", "14", 
"15", "16", "17", "18", "19", "20", "21", "23", "25", "26", "27", 
"28", "29", "30"), c("x1", "x2", "x3", "x4", "x5", "x6", "x7"
)), assign = 1:7), qraux = c(1.19245008972988, 1.04377937102272, 
1.06429889195212, 1.24912802800486, 1.13435723951793, 1.26476176307256, 
1.01462179693175), pivot = 1:7, tol = 1e-07, rank = 7L), .Names = c("qr", 
"qraux", "pivot", "tol", "rank"), class = "qr"), df.residual = 20L, 
    xlevels = structure(list(), .Names = character(0)), call = quote(lm(formula = y ~ 
        . + 0, data = structure(list(y = c(43, 63, 61, 81, 43, 
        58, 71, 72, 67, 64, 67, 69, 68, 77, 81, 74, 65, 65, 50, 
        50, 53, 63, 66, 78, 48, 85, 82), x1 = c(1, 1, 1, 1, 1, 
        1, 1, 1, 1, 1, 1, 1, 1, 1, 1, 1, 1, 1, 1, 1, 1, 1, 1, 
        1, 1, 1, 1), x2 = c(54, 61, 62, 85, 53, 62, 60, 53, 63, 
        66, 67, 77, 83, 61, 63, 60, 55, 60, 75, 66, 82, 37, 77, 
        62, 62, 75, 83), x3 = c(30, 51, 45, 56, 49, 42, 50, 72, 
        45, 53, 47, 57, 83, 54, 50, 64, 65, 46, 68, 33, 52, 42, 
        66, 58, 44, 71, 39), x4 = c(39, 54, 47, 66, 44, 56, 55, 
        67, 47, 58, 39, 42, 45, 72, 72, 69, 75, 57, 54, 34, 50, 
        48, 63, 74, 45, 71, 59), x5 = c(61, 63, 54, 71, 54, 66, 
        70, 71, 62, 58, 59, 55, 59, 79, 60, 79, 55, 75, 64, 43, 
        63, 66, 88, 80, 51, 77, 64), x6 = c(92, 73, 84, 83, 49, 
        68, 66, 83, 80, 67, 74, 63, 77, 77, 54, 79, 80, 85, 78, 
        64, 80, 75, 76, 78, 83, 74, 78), x7 = c(45, 47, 35, 47, 
        34, 35, 41, 31, 41, 34, 41, 25, 35, 46, 36, 63, 60, 46, 
        52, 33, 37, 33, 72, 49, 38, 55, 39)), .Names = c("y", 
        "x1", "x2", "x3", "x4", "x5", "x6", "x7"),