
expected <- structure(list(coefficients = structure(c(-1.75681236952974, 
0.573565379432045, -0.0956232440312443, 0.254412928165283, 0.241799762621372, 
0.168890834179274, -0.218580074708815), .Names = c("x1", "x2", 
"x3", "x4", "x5", "x6", "x7")), residuals = structure(c(-10.3074694231639, 
0.205364643278305, 1.56357187360169, -3.04388044106971, 7.362500647338, 
-7.44082865983438, -8.69607422275352, -0.759333175261038, -1.07568807434779, 
9.23369101684221, 4.61818286367183, 11.1127532137637, 10.0355345661044, 
-5.33383997501567, -0.855689301859272, -2.7540440089443, 0.0385351658831836, 
-0.0212126456597077, 0.113342529601298, -5.54480362797959, 2.55607061945932, 
1.1524617016107, -10.29493059378, -1.45302203490673, 2.96718433340591, 
2.75307353428186, 3.86854947573326), .Names = c("1", "2", "3", 
"4", "5", "6", "7", "8", "9", "10", "11", "12", "13", "14", "15", 
"16", "17", "18", "19", "20", "21", "22", "23", "24", "25", "26", 
"30")), effects = structure(c(-332.553755053224, -47.3569455303206, 
4.84740410534456, 8.393226700135, 10.4741925758214, 5.4485551094464, 
-9.45667532530521, 3.48219601303343, -1.85907929472104, 9.39653344604761, 
9.59749026117146, 12.4964219474454, 13.9971101727725, -2.38939032664684, 
2.65419238342507, 2.46001790949543, -1.10984881462848, 2.24493100093408, 
-0.885891695606184, -5.08784936976563, 8.08816346495746, 2.71246128890367, 
-8.95552724450298, 0.437793532313911, 7.50040339403605, -0.222568881782086, 
6.42348176821409), .Names = c("x1", "x2", "x3", "x4", "x5", "x6", 
"x7", "", "", "", "", "", "", "", "", "", "", "", "", "", "", 
"", "", "", "", "", "")), rank = 7L, fitted.values = structure(c(53.3074694231639, 
62.7946353567217, 69.4364281263983, 64.0438804410697, 73.637499352662, 
50.4408286598344, 66.6960742227535, 71.759333175261, 73.0756880743478, 
57.7663089831578, 59.3818171363282, 55.8872467862363, 58.9644654338956, 
73.3338399750157, 77.8556893018593, 83.7540440089443, 73.9614648341168, 
65.0212126456597, 64.8866574703987, 55.5448036279796, 47.4439293805407, 
62.8475382983893, 63.29493059378, 41.4530220349067, 60.0328156665941, 
63.2469264657181, 78.1314505242667), .Names = c("1", "2", "3", 
"4", "5", "6", "7", "8", "9", "10", "11", "12", "13", "14", "15", 
"16", "17", "18", "19", "20", "21", "22", "23", "24", "25", "26", 
"30")), assign = 1:7, qr = structure(list(qr = structure(c(-5.19615242270663, 
0.192450089729875, 0.192450089729875, 0.192450089729875, 0.192450089729875, 
0.192450089729875, 0.192450089729875, 0.192450089729875, 0.192450089729875, 
0.192450089729875, 0.192450089729875, 0.192450089729875, 0.192450089729875, 
0.192450089729875, 0.192450089729875, 0.192450089729875, 0.192450089729875, 
0.192450089729875, 0.192450089729875, 0.192450089729875, 0.192450089729875, 
0.192450089729875, 0.192450089729875, 0.192450089729875, 0.192450089729875, 
0.192450089729875, 0.192450089729875, -342.753609808908, -68.0364825881156, 
0.0948302518508885, -0.00805572540306698, 0.212414225855409, 
-0.125639699407587, 0.0507362615991933, 0.168320235603714, 0.271206212857669, 
-0.0374517189041971, -0.155035692908718, -0.0521497156547622, 
-0.022753722153632, 0.285904209608234, 0.197716229104844, 0.38879018686219, 
0.315300203109364, -0.0521497156547622, 0.0948302518508885, -0.0815457091558923, 
-0.346109650666063, -0.0374517189041971, 0.0360382648486282, 
-0.390203640917759, -0.140337696158153, 0.197716229104844, 0.271206212857669, 
-273.471577506153, -31.9186052397271, -53.7540597150277, -0.068940024584522, 
-0.00259405148006831, 0.0792274842913807, -0.161627025089866, 
-0.0865555811570526, 0.258180623295055, -0.0505013934329394, 
0.172079099712536, -0.00407558572236198, 0.163518243799986, 0.453597014460587, 
-0.0305812280390631, -0.224845314793922, 0.0816967080285368, 
0.330782843490713, -0.114871987547668, 0.405031212844475, -0.0801347191500383, 
0.0797213290388119, 0.0336247511598553, 0.114952442183873, -0.0417759226045793, 
0.192657724769653, -0.355726496928915, -288.867584684543, -31.8151748922231, 
-10.7420708495204, 46.8713246981527, -0.13207290309552, 0.133572442022195, 
-0.0936583501173797, 0.0390282479705255, -0.0104238354988438, 
0.0803242194515253, -0.149301402981008, 0.258912388977911, 0.280950787064172, 
0.545622146599228, -0.281277578713764, -0.22401796861094, -0.0913695887295397, 
-0.378185415255976, -0.0659608194573539, 0.0783902646598316, 
0.130862578649903, -0.188771043885741, 0.100465325642289, -0.335626137821619, 
-0.00934067039045085, -0.00195424574144852, -0.0798415502449372, 
-333.708455591604, -13.1285773197547, 1.31754987403235, 6.4625797750697, 
49.0388238970531, 0.0902080596674198, -0.0407193061738736, -0.268673988378556, 
0.513706469012208, 0.212970965657943, -0.222409760352768, 0.0276530606458827, 
-0.00242958705686195, -0.223370434649198, -0.247637617552976, 
-0.153401005617148, 0.069906684337397, -0.321521325999738, 0.301531316504426, 
-0.028281938672434, -0.328060956727704, 0.0745833024779683, 0.0992334865767612, 
0.104236409017622, -0.229560773269409, 0.176277220728214, -0.0322634349639342, 
-386.439780177589, -11.4110891809387, -4.10160002706479, 0.49003517891903, 
-13.7196687075236, 49.2015322251062, 0.136937574071769, 0.144781047931581, 
0.15373738538789, 0.0149256219643552, 0.119099432217932, 0.100584059337829, 
0.352657771210086, 0.123966980033824, -0.0979459841119603, 0.401202033307486, 
0.038317940285905, -0.16499104021493, -0.0671746863808025, 0.04993585106652, 
0.102631117072642, -0.0446352253918204, 0.00366244101692494, 
0.36983266772111, -0.06670048738514, 0.15316695697419, -0.0666625483407765, 
-220.547802830437, -8.28150461356839, -12.875499479707, 23.6840296439762, 
-4.27185731454938, 13.0896318649435, 43.2641234014723, -0.00961762253887103, 
0.420321810891146, -0.0287941325434464, 0.268004474515798, -0.164705828118006, 
0.184017159213548, 0.00547892498384719, 0.169694247798428, 0.236973922336104, 
-0.298618512481007, -0.0402135568224282, -0.00653025702793635, 
-0.177387419863566, -0.0208087436858265, 0.192908022553785, 0.0945598422014117, 
-0.0915759011764807, 0.187677164994814, -0.588912941873559, 0.126553253046092
), .Dim = c(27L, 7L), .Dimnames = list(c("1", "2", "3", "4", 
"5", "6", "7", "8", "9", "10", "11", "12", "13", "14", "15", 
"16", "17", "18", "19", "20", "21", "22", "23", "24", "25", "26", 
"30"), c("x1", "x2", "x3", "x4", "x5", "x6", "x7")), assign = 1:7), 
    qraux = c(1.19245008972988, 1.0066422713475, 1.29439942593498, 
    1.09361073781378, 1.07130664133847, 1.62005692680727, 1.17110889078528
    ), pivot = 1:7, tol = 1e-07, rank = 7L), .Names = c("qr", 
"qraux", "pivot", "tol", "rank"), class = "qr"), df.residual = 20L, 
    xlevels = structure(list(), .Names = character(0)), call = quote(lm(formula = y ~ 
        . + 0, data = structure(list(y = c(43, 63, 71, 61, 81, 
        43, 58, 71, 72, 67, 64, 67, 69, 68, 77, 81, 74, 65, 65, 
        50, 50, 64, 53, 40, 63, 66, 82), x1 = c(1, 1, 1, 1, 1, 
        1, 1, 1, 1, 1, 1, 1, 1, 1, 1, 1, 1, 1, 1, 1, 1, 1, 1, 
        1, 1, 1, 1), x2 = c(51, 64, 70, 63, 78, 55, 67, 75, 82, 
        61, 53, 60, 62, 83, 77, 90, 85, 60, 70, 58, 40, 61, 66, 
        37, 54, 77, 82), x3 = c(30, 51, 68, 45, 56, 49, 42, 50, 
        72, 45, 53, 47, 57, 83, 54, 50, 64, 65, 46, 68, 33, 52, 
        52, 42, 42, 66, 39), x4 = c(39, 54, 69, 47, 66, 44, 56, 
        55, 67, 47, 58, 39, 42, 45, 72, 72, 69, 75, 57, 54, 34, 
        62, 50, 58, 48, 63, 59), x5 = c(54, 70, 66, 64, 64, 55, 
        66, 79, 43, 51, 71, 59, 61, 77, 80, 79, 66, 79, 50, 62, 
        71, 59, 58, 51, 71, 58, 70), x6 = c(92, 73, 86, 84, 83, 
        49, 68, 66, 83, 80, 67, 74, 63, 77, 77, 54, 79, 80, 85, 
        78, 64, 80, 80, 57, 75, 76, 78), x7 = c(45, 47, 48, 35, 
        47, 34, 35, 41, 31, 41, 34, 41, 25, 35, 46, 36, 63, 60, 
        46, 52, 33, 41, 37, 49, 33, 72, 39)), .Names = c("y", 
        "x1", "x2", "x3", "x4", "x5", "x6", "x7"),