
expected <- structure(list(coefficients = structure(c(-9.8514617230256, 0.609972538287353, 
-0.112530785966921, 0.364717950109652, 0.195976356164211, 0.132912142907307, 
-0.0889501111326945), .Names = c("x1", "x2", "x3", "x4", "x5", 
"x6", "x7")), residuals = structure(c(-7.91309958426664, 0.617243910535221, 
0.544660468598529, -0.248519384798837, 6.11040361094325, -5.49769998820242, 
-7.57382187264739, 0.0631943813748475, -1.20141021551976, 10.584467560336, 
6.53827665974595, 13.5669072795646, -2.05967201336718, -2.12009207567738, 
-4.13640368557533, -3.79041408223789, -0.463767802088624, -5.46189680786237, 
7.280321058364, 1.33360296114599, -8.49946841734152, -2.35710115394483, 
-1.73016622511745, 3.48205284599228, -8.96396927684536, 7.80875441327887, 
4.08761743561345), .Names = c("1", "2", "3", "4", "5", "6", "7", 
"8", "9", "10", "11", "12", "14", "15", "16", "17", "19", "20", 
"21", "22", "23", "24", "26", "27", "28", "29", "30")), effects = structure(c(-335.248056309443, 
55.507881731414, 5.01730832808559, 12.937982009321, -7.20444003593149, 
5.55205018098848, -3.70894138778196, -0.84699771295547, 6.23048544506987, 
13.7836741938292, 7.20474762404104, 14.8010242015022, -3.02348670258508, 
-3.09738567531998, -2.50967591778904, -4.37477744703981, 3.13159577859948, 
-5.97433896807143, 6.61440934836356, 3.72728017071384, -5.89012026429217, 
-0.0284363336646275, -2.62124718347246, 5.48571433448189, -8.57909145008416, 
8.89406048274208, 5.69054777770706), .Names = c("x1", "x2", "x3", 
"x4", "x5", "x6", "x7", "", "", "", "", "", "", "", "", "", "", 
"", "", "", "", "", "", "", "", "", "")), rank = 7L, fitted.values = structure(c(50.9130995842666, 
62.3827560894648, 70.4553395314015, 61.2485193847988, 74.8895963890567, 
48.4976999882024, 65.5738218726474, 70.9368056186252, 73.2014102155198, 
56.415532439664, 57.4617233402541, 53.4330927204354, 70.0596720133672, 
79.1200920756774, 85.1364036855753, 77.7904140822379, 65.4637678020886, 
55.4618968078624, 42.719678941636, 62.666397038854, 61.4994684173415, 
42.3571011539448, 67.7301662251175, 74.5179471540077, 56.9639692768454, 
77.1912455867211, 77.9123825643865), .Names = c("1", "2", "3", 
"4", "5", "6", "7", "8", "9", "10", "11", "12", "14", "15", "16", 
"17", "19", "20", "21", "22", "23", "24", "26", "27", "28", "29", 
"30")), assign = 1:7, qr = structure(list(qr = structure(c(-5.19615242270663, 
0.192450089729875, 0.192450089729875, 0.192450089729875, 0.192450089729875, 
0.192450089729875, 0.192450089729875, 0.192450089729875, 0.192450089729875, 
0.192450089729875, 0.192450089729875, 0.192450089729875, 0.192450089729875, 
0.192450089729875, 0.192450089729875, 0.192450089729875, 0.192450089729875, 
0.192450089729875, 0.192450089729875, 0.192450089729875, 0.192450089729875, 
0.192450089729875, 0.192450089729875, 0.192450089729875, 0.192450089729875, 
0.192450089729875, 0.192450089729875, -350.644063487833, 69.9767157041593, 
-0.0740027970375246, 0.0260304773103873, -0.188326539149424, 
0.140354219422287, -0.0311313937455624, -0.145455135857462, -0.245488410205373, 
0.0546114128383621, 0.168935154950261, 0.0689018806023495, -0.259778877969361, 
-0.174036071385436, -0.359812152317273, -0.288359813497336, -0.0740027970375246, 
0.0974828161303243, 0.354711235882098, 0.0546114128383621, -0.0168409259815749, 
0.39758263917406, -0.174036071385436, -0.145455135857462, 0.111773283894312, 
-0.288359813497336, -0.245488410205373, -275.203628313722, 37.1192253786653, 
-51.7989002803227, -0.0646111375218958, 0.00305168115368953, 
0.0897822602435688, -0.161113265566024, -0.0838415133947335, 
0.273352707176091, -0.045318217241926, 0.186296897169124, 0.00293910122085157, 
0.476065967811465, -0.0259127170291181, -0.228538415494507, 0.0899698934649654, 
-0.112830929340394, 0.427646033890144, -0.074407704238998, 0.0898197868878481, 
0.0415874861879235, 0.128280538633523, 0.205752432907637, 0.0706019198964369, 
-0.0260378058433825, 0.22510789759474, -0.363726455149987, -293.67883692779, 
37.9020254461815, -7.52187192325024, 43.33126643185, -0.121492937648673, 
0.135014367433991, -0.0835009050119497, 0.064907370321727, -6.93956314350381e-05, 
0.0915809510779477, -0.178492309224744, 0.280997970441483, 0.591510443853834, 
-0.282447065505078, -0.194720363674145, -0.0742433357923988, 
-0.0527603812070296, 0.0603482267727822, 0.123980681013588, -0.206851483211803, 
0.114317693405659, -0.395054295483173, 0.00709158923035469, -0.31901745600949, 
0.0955309830565158, -0.0726614600816332, -0.0404954151910349, 
-329.859453797006, 14.5868626509442, 6.42815888029653, -3.16770322263178, 
-45.5698212465906, -0.142351775319482, 0.085393132110831, 0.342755401382283, 
-0.437612123006231, -0.244240531830002, 0.249947004492716, -0.0840023117826644, 
0.254789430607193, 0.39944972594973, 0.332374198240017, 0.0599571466969601, 
-0.27267706990063, 0.0290749266575436, 0.232451983151294, -0.0312671512600508, 
-0.0989672777958745, -0.136822868764862, -0.102288459558844, 
0.0169117496134182, 0.0935426543377333, 0.000419689187068504, 
0.128626186516593, -389.711431702997, 9.93187509597131, -2.61272901832825, 
-6.25623984676714, 17.0485147960192, 47.2941762840251, 0.145938609403553, 
0.204271134075966, 0.124697377176389, 0.0172584530644752, 0.0922095721888933, 
0.152651688557416, 0.252978082257192, -0.114155293325315, 0.437507107472081, 
0.0410695628963373, -0.0888388385435407, 0.0397805196909935, 
0.139298344584879, -0.0946154250310564, 0.0197136758428702, 0.272931481717685, 
0.151980356966617, -0.0355173721273569, -0.150279727214902, 0.184503181079676, 
-0.0323858961189594, -225.166604983954, 11.2561251087674, -11.4580557756746, 
15.8896201680194, 6.06842582906757, 8.25091870725591, 41.6968718819139, 
-0.067831900368538, 0.464295357866723, 0.0273278527686571, 0.281206188224706, 
-0.114605436035449, -0.0116282668679153, 0.0750343635146866, 
0.131567167660215, -0.367456151986946, 0.0148877782041017, -0.144538157419088, 
0.0357232977623001, 0.209310303657549, 0.125909498589049, -0.00809152826010267, 
-0.613747218594997, 0.0852416425928347, 0.0776148282057015, -0.162372649438425, 
0.0623839906475802), .Dim = c(27L, 7L), .Dimnames = list(c("1", 
"2", "3", "4", "5", "6", "7", "8", "9", "10", "11", "12", "14", 
"15", "16", "17", "19", "20", "21", "22", "23", "24", "26", "27", 
"28", "29", "30"), c("x1", "x2", "x3", "x4", "x5", "x6", "x7"
)), assign = 1:7), qraux = c(1.19245008972988, 1.0117400095464, 
1.31188851221032, 1.1092741072632, 1.03100102106661, 1.65149776307112, 
1.16254278435112), pivot = 1:7, tol = 1e-07, rank = 7L), .Names = c("qr", 
"qraux", "pivot", "tol", "rank"), class = "qr"), df.residual = 20L, 
    xlevels = structure(list(), .Names = character(0)), call = quote(lm(formula = y ~ 
        . + 0, data = structure(list(y = c(43, 63, 71, 61, 81, 
        43, 58, 71, 72, 67, 64, 67, 68, 77, 81, 74, 65, 50, 50, 
        64, 53, 40, 66, 78, 48, 85, 82), x1 = c(1, 1, 1, 1, 1, 
        1, 1, 1, 1, 1, 1, 1, 1, 1, 1, 1, 1, 1, 1, 1, 1, 1, 1, 
        1, 1, 1, 1), x2 = c(51, 64, 70, 63, 78, 55, 67, 75, 82, 
        61, 53, 60, 83, 77, 90, 85, 70, 58, 40, 61, 66, 37, 77, 
        75, 57, 85, 82), x3 = c(30, 51, 68, 45, 56, 49, 42, 50, 
        72, 45, 53, 47, 83, 54, 50, 64, 46, 68, 33, 52, 52, 42, 
        66, 58, 44, 71, 39), x4 = c(39, 54, 69, 47, 66, 44, 56, 
        55, 67, 47, 58, 39, 45, 72, 72, 69, 57, 54, 34, 62, 50, 
        58, 63, 74, 45, 71, 59), x5 = c(54, 70, 66, 64, 64, 55, 
        66, 79, 43, 51, 71, 59, 77, 80, 79, 66, 50, 62, 71, 59, 
        58, 51, 58, 62, 66, 63, 70), x6 = c(92, 73, 86, 84, 83, 
        49, 68, 66, 83, 80, 67, 74, 77, 77, 54, 79, 85, 78, 64, 
        80, 80, 57, 76, 78, 83, 74, 78), x7 = c(45, 47, 48, 35, 
        47, 34, 35, 41, 31, 41, 34, 41, 35, 46, 36, 63, 46, 52, 
        33, 41, 37, 49, 72, 49, 38, 55, 39)), .Names = c("y", 
        "x1", "x2", "x3", "x4", "x5", "x6", "x7"),