
expected <- structure(list(coefficients = structure(c(2.29284502511934, -0.162620924091429, 
0.114008435665191, 0.179083366589905, 0.392180993849049, 0.312936913214434, 
0.228080632169144), .Names = c("x1", "x2", "x3", "x4", "x5", 
"x6", "x7")), residuals = structure(c(-15.7621680646331, 12.4042581484145, 
-2.80284349371141, 17.7000888787579, -24.9964899397651, -5.11169059222503, 
0.120332444267858, -1.93885880399767, -0.0810971453599927, 4.19295205939369, 
1.83670490197958, 2.69726144368793, 4.81885468145019, 13.0738720720337, 
4.96225361688691, -4.55832594835284, -0.93477008034416, 3.76827347270843, 
-3.02485357417292, -8.10357381149352, -18.0281253563164, -1.31436143859044, 
-9.41513725401854, 14.3944195114086, -17.7888318008176, 18.3013337125495, 
16.2766232256369), .Names = c("1", "3", "4", "5", "6", "7", "8", 
"9", "10", "11", "12", "13", "15", "16", "17", "18", "19", "20", 
"22", "23", "24", "25", "26", "27", "28", "29", "30")), effects = structure(c(224.165627948038, 
-239.159226112221, -71.5137129340147, -39.0005728500227, 28.1096276670381, 
13.1666958806383, -14.3912031521676, -15.5081982860312, 1.55935384973456, 
-10.6865347026994, -2.31952182692344, 9.40567546015377, 3.45280397277142, 
14.5223142265593, -8.75670734747332, -8.45247239877489, -13.6853540468172, 
-1.79921683844123, -9.17526072370479, -16.8389251705772, -15.9314839257794, 
-4.55927619316255, -24.8416146722241, 13.5252067497172, -25.5679695272041, 
0.878791567175823, 12.8624001644887), .Names = c("x1", "x2", 
"x3", "x4", "x5", "x6", "x7", "", "", "", "", "", "", "", "", 
"", "", "", "", "", "", "", "", "", "", "", "")), rank = 7L, 
    fitted.values = structure(c(58.7621680646332, 58.5957418515855, 
    63.8028434937114, 63.2999111212421, 67.9964899397651, 63.111690592225, 
    70.8796675557321, 73.9388588039977, 67.08109714536, 59.8070479406063, 
    65.1632950980204, 66.3027385563121, 72.1811453185498, 67.9261279279663, 
    69.0377463831131, 69.5583259483528, 65.9347700803442, 46.2317265272916, 
    67.0248535741729, 61.1035738114935, 58.0281253563164, 64.3143614385904, 
    75.4151372540185, 63.6055804885914, 65.7888318008176, 66.6986662874505, 
    65.7233767743631), .Names = c("1", "3", "4", "5", "6", "7", 
    "8", "9", "10", "11", "12", "13", "15", "16", "17", "18", 
    "19", "20", "22", "23", "24", "25", "26", "27", "28", "29", 
    "30")), assign = 1:7, qr = structure(list(qr = structure(c(7.41590143443795, 
    -0.281673304490947, -0.0973295313129951, -0.321512041338894, 
    -0.291743657228328, -0.0144874763543697, 0.22931745371601, 
    -0.376157469196955, -0.159570973496269, -0.0790280929693834, 
    -0.129950192682955, 0.00345672978215885, -0.163161086074337, 
    -0.11024692590404, -0.143031794777788, -0.0923582510150007, 
    -0.302502509665196, 0.178837332748349, -0.202540451458307, 
    -0.140782755673188, -0.152828404990184, -0.054170200239392, 
    0.0718020477901736, -0.144913974396155, -0.351275428590138, 
    -0.221903604359258, -0.0456567747355906, 221.637783222769, 
    -266.251184125248, 0.0960619160926996, 0.0501581815958087, 
    0.0742385214550526, 0.254846116773806, 0.356741618091111, 
    0.109883800112113, 0.0501517072479767, 0.203900370078931, 
    0.119220115414546, 0.15215803758849, 0.0481535044257414, 
    0.163989324792671, 0.232126350769487, 0.260330485307783, 
    0.0795178610548709, 0.411273880276547, 0.0788174659717946, 
    0.203331317481607, 0.234185408120535, 0.206468344871601, 
    0.287850164518544, 0.227322905979043, 0.0185689192320193, 
    0.128133854896539, 0.203695086154884, 172.975049150663, -201.318141474191, 
    -79.0736257212444, -0.0509990737914753, 0.0970663413477249, 
    0.0678897320944548, 0.16229528351455, -0.270969033546873, 
    0.304958667298914, -0.102220813289887, 0.339127894630297, 
    0.455361677749897, 0.443750874517995, 0.24281796358364, -0.0795394114142071, 
    -0.163566812795336, -0.122055992285079, -0.240667524446277, 
    0.0671096402018018, -0.155175033708782, 0.00178207881214218, 
    0.10550648354861, 0.0123381269594631, -0.133448421633833, 
    -0.00303334674151427, -0.124392438639256, 0.0493639836614534, 
    194.07691097408, -214.512562130484, -60.5924720230267, -73.4034443954306, 
    -0.218441857693861, 0.0291815517369974, 0.0522135521736689, 
    0.388661217799374, 0.0222903392504373, 0.0980051099380737, 
    -0.415007012625371, 0.0777985680964868, -0.104710586615739, 
    -0.174453502257815, -0.116688073499468, 0.261791912129231, 
    0.161456706574241, 0.237006528960831, 0.293143491429673, 
    0.0519464955041977, -0.22354088994726, 0.268323676966413, 
    0.234509720674256, 0.256643117594215, 0.16894876187109, 0.0755632427956853, 
    0.112890852282544, 209.084804826324, -223.840910035887, -62.3382268010644, 
    -18.399035276698, 56.7116598701675, 0.00921808671957333, 
    -0.165311613847383, -0.150733300606533, 0.0467045494646341, 
    -0.28416536533509, -0.276404355990469, 0.187177170341697, 
    0.0158303914349309, 0.0491895898035847, -0.347205187733655, 
    0.0247704902254467, -0.141271600328186, -0.0626313272061832, 
    0.0681418895087944, -0.238718534199679, 0.214094255323768, 
    0.028329575069074, -0.505798391248015, 0.176072047192467, 
    -0.0283645595008686, -0.452617710109585, -0.0245599154566449, 
    244.13430812864, -296.211314127504, -54.3056520950059, -33.5625392664185, 
    10.071638121298, 40.3399453580118, -0.447649627622246, 0.338621395924989, 
    0.0999136192982339, -0.432028324368964, 0.00386878486659022, 
    0.292204980239204, -0.233512057985953, -0.0339796731243673, 
    -0.211007007446676, 0.110775733775269, -0.215794992124791, 
    0.0200424964720818, -0.196189020183824, 0.172718270058628, 
    -0.069852237822368, 0.264526669716631, -0.0665271109774228, 
    0.251021850622533, 0.074094041235988, -0.0815956559219245, 
    -0.130346031710199, 132.982670916384, -178.042459291938, 
    -44.7448681103584, -35.6739081817771, 11.9107228255142, 2.38002629114313, 
    -63.0969978261685, -0.0359053458596874, 0.387874916639046, 
    -0.210131458384047, -0.0562904047055286, -0.0198172522098947, 
    -0.112166547948118, 0.0901416623452505, -0.172959713606853, 
    0.362725841335125, -0.0908613279165046, -0.133200315922242, 
    -0.0388716053317228, 0.242360662091296, -0.321355795043769, 
    -0.269231498948343, 0.266791863202937, 0.0318263022908482, 
    -0.054130512080897, 0.0415164556015576, 0.28333708776646), .Dim = c(27L, 
    7L), .Dimnames = list(c("1", "3", "4", "5", "6", "7", "8", 
    "9", "10", "11", "12", "13", "15", "16", "17", "18", "19", 
    "20", "22", "23", "24", "25", "26", "27", "28", "29", "30"
    ), c("x1", "x2", "x3", "x4", "x5", "x6", "x7")), assign = 1:7), 
        qraux = c(1.02325618467651, 1.18125152847016, 1.14290147272715, 
        1.15816032612272, 1.08007730843584, 1.06097064967053, 
        1.44634958284435), pivot = 1:7, tol = 1e-07, rank = 7L), .Names = c("qr", 
    "qraux", "pivot", "tol", "rank"), class = "qr"), df.residual = 20L, 
    xlevels = structure(list(), .Names = character(0)), call = quote(lm(formula = y ~ 
        . + 0, data = structure(list(y = c(43, 71, 61, 81, 43, 
        58, 71, 72, 67, 64, 67, 69, 77, 81, 74, 65, 65, 50, 64, 
        53, 40, 63, 66, 78, 48, 85, 82), x1 = c(-0.172465573302085, 
        2.08886146281729, 0.721786210877214, 2.38430160855418, 
        2.16354220612773, 0.107437696677756, -1.70059563395422, 
        2.78954671539225, 1.18336261124564, 0.586064548012546, 
        0.963697820323011, -0.0256347673499762, 1.20998653226313, 
        0.817580335954143, 1.06070969206283, 0.684919686184324, 
        2.24332879534721, -1.32624003245954, 1.50202002450137, 
        1.04403103974092, 1.13336038778957, 0.401720865659098, 
        -0.532476909202731, 1.07466775059455, 2.60502395476441, 
        1.64561525787477, 0.338586141253477), x2 = c(70, 90, 
        40, 61, 63, 70, 61, 85, 37, 66, 51, 40, 37, 60, 83, 83, 
        66, 83, 51, 75, 85, 63, 66, 82, 57, 67, 61),