
expected <- structure(list(coefficients = structure(c(20.1143442157345, 0.556995259379203, 
0.0351878952048138, 0.244113440094154, 0.137044738142204, -0.10515001655703, 
-0.197167109482522), .Names = c("x1", "x2", "x3", "x4", "x5", 
"x6", "x7")), residuals = structure(c(-6.68470473511034, -0.168708184451481, 
0.750905967555528, 8.04440022927731, -10.138179920912, -0.890316989434422, 
-6.61755589525883, 7.56973388038295, 4.5285739325836, 9.40242813793724, 
5.7929523176175, -4.28325343791081, 0.508531830032976, -4.55386588803653, 
-2.40663376396756, 4.10260474990363, -1.76728697336934, 4.78422193249942, 
0.641356488040345, -10.5917927512293, -8.36645912525472, 4.46775765911464, 
-4.01402448954355, 3.11615681792323, -7.20111419948566, 6.80396030155542, 
7.17031210954078), .Names = c("1", "2", "3", "5", "7", "8", "9", 
"10", "11", "12", "13", "14", "15", "16", "17", "18", "19", "21", 
"22", "23", "24", "25", "26", "27", "28", "29", "30")), effects = structure(c(-343.523410167827, 
49.3571362451374, -3.03325900855295, -9.37663374231597, -1.02288607634372, 
-4.95936271045607, -7.7926995579659, 9.38817004983866, 5.19230977651127, 
12.131919602366, 10.532897239673, 2.23955470700845, -0.686973959751609, 
0.201947262020104, -3.67380842302564, 3.28605680813704, -2.13536353529469, 
8.09124060401766, 0.535103150155671, -8.07518156516404, -10.2507251775065, 
4.93028048811671, -8.84433781788242, 0.923018878178359, -3.44334506357971, 
6.24594954737648, 11.1871743370279), .Names = c("x1", "x2", "x3", 
"x4", "x5", "x6", "x7", "", "", "", "", "", "", "", "", "", "", 
"", "", "", "", "", "", "", "", "", "")), rank = 7L, fitted.values = structure(c(49.6847047351103, 
63.1687081844515, 70.2490940324445, 72.9555997707227, 68.138179920912, 
71.8903169894344, 78.6175558952588, 59.430266119617, 59.4714260674164, 
57.5975718620628, 63.2070476823825, 72.2832534379108, 76.491468169967, 
85.5538658880365, 76.4066337639676, 60.8973952500964, 66.7672869733693, 
45.2157780675006, 63.3586435119597, 63.5917927512293, 48.3664591252547, 
58.5322423408854, 70.0140244895435, 74.8838431820768, 55.2011141994857, 
78.1960396984446, 74.8296878904592), .Names = c("1", "2", "3", 
"5", "7", "8", "9", "10", "11", "12", "13", "14", "15", "16", 
"17", "18", "19", "21", "22", "23", "24", "25", "26", "27", "28", 
"29", "30")), assign = 1:7, qr = structure(list(qr = structure(c(-5.19615242270663, 
0.192450089729875, 0.192450089729875, 0.192450089729875, 0.192450089729875, 
0.192450089729875, 0.192450089729875, 0.192450089729875, 0.192450089729875, 
0.192450089729875, 0.192450089729875, 0.192450089729875, 0.192450089729875, 
0.192450089729875, 0.192450089729875, 0.192450089729875, 0.192450089729875, 
0.192450089729875, 0.192450089729875, 0.192450089729875, 0.192450089729875, 
0.192450089729875, 0.192450089729875, 0.192450089729875, 0.192450089729875, 
0.192450089729875, 0.192450089729875, -350.644063487833, 69.9910047130397, 
-0.0739876890014511, -0.188288091357435, -0.0311250381179571, 
-0.145425440473941, -0.245438292535427, 0.0546002636490308, 0.168900666005015, 
0.0688878139435288, 0.0403127133545328, -0.259725842829925, -0.174000541062937, 
-0.359738694891411, -0.288300943418921, 0.0688878139435288, -0.0739876890014511, 
0.354638819833489, 0.0546002636490308, -0.0168374878234591, 0.397501470716983, 
0.154613115710517, -0.174000541062937, -0.145425440473941, 0.111750464827023, 
-0.288300943418921, -0.245438292535427, -280.399780736428, -4.22223569628887, 
-45.6632860040531, -0.119235146468129, 0.110556425734971, 0.144511879846372, 
-0.0694082722908909, -0.0408318954811412, -0.337580526564845, 
0.2368788522148, 0.25084257359624, 0.112769039714698, 0.311771621128322, 
0.42443524152204, 0.214330486753572, -0.113512050414937, -0.218888894822606, 
-0.18745096998626, -0.21602734679601, -0.18111804334241, 0.054396624913883, 
-0.0240066260731051, 0.00517958132730227, 0.0350147227745795, 
-0.24395478955889, -0.114160984461807, 0.040088884780902, -297.527838722387, 
35.5135583468277, 1.94454089393929, -49.6204707700707, -0.00490226143855304, 
-0.111752090439241, 0.0910277435813971, -0.102234129821789, 0.245844026117853, 
-0.295214093523667, -0.257256443161754, -0.390054025426085, 0.185189663973303, 
0.0356232043019767, 0.0578831885250256, 0.483224393554964, 0.0344302737937851, 
-0.127959460983908, 0.22652619518164, -0.0715626493968354, 0.349765191078135, 
-0.0132513679890882, 0.0501279399326485, 0.287695476323869, -0.0710718068404318, 
0.147812382323119, -0.0867371218834654, -340.05930855269, 35.7220507474215, 
3.01617885609295, -14.9012425879455, 37.1948570572406, -0.020607562158515, 
0.100103505373132, -0.0215823249424985, 0.0624620724476632, 0.00725386983488072, 
0.158162762257382, 0.287170428575814, -0.110965661013565, 0.54428586839849, 
-0.0528534161650364, 0.351040457388309, -0.214454404183193, 0.165469682091235, 
-0.0323395523319242, 0.0180382870717027, 0.129788370738689, -0.195399442174572, 
-0.434281972615361, -0.160512523589338, 0.205968766986638, -0.00342908157608031, 
0.237591110094944, -391.058582331106, 6.68128185253085, 18.823235671864, 
2.4121790337519, 18.2925832450072, 36.5211479470087, -0.120808744055428, 
-0.0457508065262281, 0.276166115351642, 0.0295123390919179, 0.222402749224967, 
-0.128999912806004, 0.0884678136294604, 0.25949318971458, 0.0507718652003997, 
-0.321453351411016, 0.0430129559356231, 0.192092262217588, -0.000892358940479971, 
-0.0203677374130318, 0.333405010508909, 0.185154558602358, 0.433195499536622, 
0.153211772241683, -0.269539553571618, 0.226758250644235, -0.110661132071574, 
-224.589254714764, 11.8745418003161, 1.70028638553339, -25.522348242872, 
21.2853964432573, 5.67621750952111, 39.52332403928, 0.00918582702899144, 
0.259282147468278, -0.135401124851835, 0.158646991359709, -0.168643284790856, 
0.173507268296341, -0.142907646690007, -0.354889754127594, -0.354989107518637, 
0.12128960884543, -0.0480368348951272, 0.209384614739492, 0.105305051067491, 
-0.14614112751891, 0.346186384624189, -0.384791744571115, 0.1728291307905, 
-0.0565978563624294, -0.171613106564947, -0.0513005337283345), .Dim = c(27L, 
7L), .Dimnames = list(c("1", "2", "3", "5", "7", "8", "9", "10", 
"11", "12", "13", "14", "15", "16", "17", "18", "19", "21", "22", 
"23", "24", "25", "26", "27", "28", "29", "30"), c("x1", "x2", 
"x3", "x4", "x5", "x6", "x7")), assign = 1:7), qraux = c(1.19245008972988, 
1.01173761276554, 1.35049632195072, 1.11918552362455, 1.00716795595348, 
1.35628764610364, 1.3631547767743), pivot = 1:7, tol = 1e-07, 
    rank = 7L), .Names = c("qr", "qraux", "pivot", "tol", "rank"
), class = "qr"), df.residual = 20L, xlevels = structure(list(), .Names = character(0)), 
    call = quote(lm(formula = y ~ . + 0, data = structure(list(y = c(43, 
        63, 71, 81, 58, 71, 72, 67, 64, 67, 69, 68, 77, 81, 74, 
        65, 65, 50, 64, 53, 40, 63, 66, 78, 48, 85, 82), x1 = c(1, 
        1, 1, 1, 1, 1, 1, 1, 1, 1, 1, 1, 1, 1, 1, 1, 1, 1, 1, 
        1, 1, 1, 1, 1, 1, 1, 1), x2 = c(51, 64, 70, 78, 67, 75, 
        82, 61, 53, 60, 62, 83, 77, 90, 85, 60, 70, 40, 61, 66, 
        37, 54, 77, 75, 57, 85, 82), x3 = c(52, 72, 68, 44, 58, 
        57, 45, 53, 42, 66, 66, 53, 64, 65, 57, 50, 42, 53, 45, 
        45, 65, 56, 50, 52, 45, 42, 50), x4 = c(39, 54, 69, 66, 
        56, 55, 67, 47, 58, 39, 42, 45, 72, 72, 69, 75, 57, 34, 
        62, 50, 58, 48, 63, 74, 45, 71, 59), x5 = c(61, 63, 76, 
        71, 66, 70, 71, 62, 58, 59, 55, 59, 79, 60, 79, 55, 75, 
        43, 66, 63, 50, 66, 88, 80, 51, 77, 64), x6 = c(92, 73, 
        86, 83, 68, 66, 83, 80, 67, 74, 63, 77, 77, 54, 79, 80, 
        85, 64, 80, 80, 57, 75, 76, 78, 83, 74, 78), x7 = c(45, 
        47, 48, 47, 35, 41, 31, 41, 34, 41, 25, 35, 46, 36, 63, 
        60, 46, 33, 41, 37, 49, 33, 72, 49, 38, 55, 39)), .Names = c("y", 
        "x1", "x2", "x3", "x4", "x5", "x6", "x7"),