
expected <- structure(list(coefficients = structure(c(1.02060945459931, -0.0542083615267658, 
0.194496512650067, 0.410451821719684, 0.374440164722616, 0.101566596656692, 
0.0925789662288784), .Names = c("x1", "x2", "x3", "x4", "x5", 
"x6", "x7")), residuals = structure(c(-19.1255258850907, 1.90803754249523, 
10.9732184792352, -6.71175596602385, 19.1963233965425, -19.9001716563234, 
-7.18987232815929, 4.27942044043095, -4.61623910665938, 1.05700571372411, 
5.55972779890187, 1.13706137630078, 9.55917203463132, 4.4057530832014, 
13.070938497041, 5.4972736420137, 0.756285164820246, -0.00938396844551548, 
-10.5997157547173, -2.85938191682255, -7.49820879983283, -20.2316791002418, 
-9.0006631902302, 11.3533996060122, -18.456997465934, 19.9221700506679, 
18.2454315543285), .Names = c("1", "2", "3", "4", "5", "6", "7", 
"8", "9", "10", "11", "12", "14", "15", "16", "17", "19", "20", 
"21", "22", "23", "24", "26", "27", "28", "29", "30")), effects = structure(c(234.106659308045, 
-227.374860914678, 59.4030824469253, -48.821273347887, 23.9309385024621, 
-5.92633433076829, 6.14705043017748, 17.7384908918738, -14.1957480389849, 
-7.16670163871011, 19.1772931677272, 1.53767799350134, 2.35520268051897, 
6.46622450379098, 10.4469467122005, 13.3928473622477, 3.01501146963589, 
7.16826195399061, -9.89616422177685, -1.83772760502014, -11.2736938425812, 
-21.6821395120652, -0.0482628335623316, 3.07801621720647, -24.8815291232079, 
23.7564801294487, 19.4277104420408), .Names = c("x1", "x2", "x3", 
"x4", "x5", "x6", "x7", "", "", "", "", "", "", "", "", "", "", 
"", "", "", "", "", "", "", "", "", "")), rank = 7L, fitted.values = structure(c(62.1255258850907, 
61.0919624575048, 60.0267815207648, 67.7117559660238, 61.8036766034575, 
62.9001716563234, 65.1898723281593, 66.7205795595691, 76.6162391066594, 
65.9429942862759, 58.4402722010981, 65.8629386236992, 58.4408279653687, 
72.5942469167986, 67.929061502959, 68.5027263579863, 64.2437148351798, 
50.0093839684455, 60.5997157547173, 66.8593819168226, 60.4982087998328, 
60.2316791002418, 75.0006631902302, 66.6466003939878, 66.4569974659341, 
65.0778299493321, 63.7545684456715), .Names = c("1", "2", "3", 
"4", "5", "6", "7", "8", "9", "10", "11", "12", "14", "15", "16", 
"17", "19", "20", "21", "22", "23", "24", "26", "27", "28", "29", 
"30")), assign = 1:7, qr = structure(list(qr = structure(c(8.10682010261943, 
-0.0567022118945065, -0.257667178545426, -0.0890344428198172, 
-0.294110585701017, -0.266879266930897, -0.0132527545101243, 
0.209773451541713, -0.344098756365755, -0.145971243504377, -0.0722927782526197, 
-0.118874948268758, -0.268486089879291, -0.149255382128458, -0.100850928675471, 
-0.130841646741378, -0.276721176361414, 0.163595591819166, -0.312239838842994, 
-0.185278568598808, -0.128784286135026, -0.139803322812525, 0.0656825860772068, 
-0.132563414136612, -0.32133733347835, -0.202991461145542, -0.0417655920530511, 
229.187878784228, -261.139648882329, 0.19084402875186, 0.100030913141944, 
0.058039603634417, 0.0819524632901247, 0.260145363043817, 0.358803323692707, 
0.120106976044958, 0.0545577574484219, 0.20958744425677, 0.12434244730856, 
0.0503584158693803, 0.0525974854874946, 0.169565136228638, 0.239739434376886, 
0.0875660247309518, 0.415486298035717, 0.0204128391998771, 0.0847067406783392, 
0.21033250422013, 0.242049030257705, 0.291943662721866, 0.234882358639323, 
0.0264707349448515, 0.135403978328445, 0.208661995728746, 186.303330388748, 
-194.606736722179, 70.2231237442876, -0.145561659050881, 0.0900268353008338, 
-0.0777714983282232, -0.0578584445538728, -0.179399581957262, 
0.346731395961707, -0.325502121327189, 0.13610080622898, -0.361987052915101, 
-0.108068583088468, -0.481596227823304, -0.252294125199728, 0.118286776502762, 
0.170302655873826, 0.282630869609003, -0.111689272425, -0.0518306156363704, 
0.201299244372439, 0.0277453217239393, -0.000905720819994363, 
0.178835552983889, 0.0365780730482914, 0.168908222555188, -0.0376336312242997, 
195.183168629669, -194.583181163266, 39.4247306819003, -75.0706793810034, 
0.19514796110384, -0.134363264796591, 0.075119118555735, 0.0963787979815792, 
0.374195639105686, 0.135653602144982, 0.100258020376237, -0.280120485820436, 
-0.0184987413488368, 0.0501599252154645, -0.0700489039885333, 
-0.0907035088711892, 0.178765324759894, 0.179027725128492, -0.239961804162796, 
0.344299558257163, 0.0500560811390416, -0.171005804544003, 0.250561738419444, 
0.259254336205126, 0.220358111205407, 0.0865973042002188, 0.151517278057141, 
218.833730878237, -214.11517421, 53.7471362570566, -29.227934491319, 
57.1004692841395, 0.0370887606265253, 0.054102747173555, -0.0712836335086608, 
-0.112424405841075, 0.138226622863854, -0.270015301762489, -0.30008153469534, 
0.188493422017685, 0.108139219337876, 0.0725914260312925, -0.391325100130911, 
-0.129591169929412, -0.0252917001584526, -0.0633086166715668, 
0.174913727007947, -0.255748265944209, 0.156638121508593, -0.406047610272229, 
0.22597620046434, 0.0129684645740169, -0.459827152498624, 0.0362950227936816, 
258.187390134959, -279.998001219189, 48.3791074269253, -41.6798148293154, 
12.0597251454368, -45.5215214853613, -0.0173147013358995, 0.437013244052921, 
-0.168083562783619, -0.197279748363979, 0.449929437169954, -0.199913731677325, 
-0.0537139562167598, 0.0247926977068145, -0.0555181793582781, 
0.207123864442339, 0.235528597803316, 0.21285477793501, 0.435161409945416, 
0.197185550840412, -0.0767874520736993, 0.0809390790612799, 0.122345674757683, 
-0.0836661472406778, -0.0730962646946411, 0.0982593948619174, 
0.154380769474256, 148.464322661775, -164.202475562539, 48.8684372083599, 
-30.5791564392164, 14.316039510059, -14.0730489001642, 66.3979160771835, 
-0.238085749279492, -0.118444131638294, -0.272735705467793, 0.317452007079734, 
0.333708976215574, 0.104186717317062, 0.344165417560315, 0.0494373022981028, 
0.307587046942917, 0.118648158138774, 0.0298207721521774, -0.350816044997034, 
0.0553522272707167, -0.242857854360553, 0.335100290515586, -0.134645958373559, 
-0.181291254561422, 0.0442592161337808, 0.0545351810016107, -0.219227166348815
), .Dim = c(27L, 7L), .Dimnames = list(c("1", "2", "3", "4", 
"5", "6", "7", "8", "9", "10", "11", "12", "14", "15", "16", 
"17", "19", "20", "21", "22", "23", "24", "26", "27", "28", "29", 
"30"), c("x1", "x2", "x3", "x4", "x5", "x6", "x7")), assign = 1:7), 
    qraux = c(1.02127413352202, 1.29165131454011, 1.05944804347916, 
    1.43024145838043, 1.13942301597651, 1.21768787801529, 1.00642306621713
    ), pivot = 1:7, tol = 1e-07, rank = 7L), .Names = c("qr", 
"qraux", "pivot", "tol", "rank"), class = "qr"), df.residual = 20L, 
    xlevels = structure(list(), .Names = character(0)), call = quote(lm(formula = y ~ 
        . + 0, data = structure(list(y = c(43, 63, 71, 61, 81, 
        43, 58, 71, 72, 67, 64, 67, 68, 77, 81, 74, 65, 50, 50, 
        64, 53, 40, 66, 78, 48, 85, 82), x1 = c(-0.172465573302085, 
        0.459674631249372, 2.08886146281729, 0.721786210877214, 
        2.38430160855418, 2.16354220612773, 0.107437696677756, 
        -1.70059563395422, 2.78954671539225, 1.18336261124564, 
        0.586064548012546, 0.963697820323011, 2.17656843070712, 
        1.20998653226313, 0.817580335954143, 1.06070969206283, 
        2.24332879534721, -1.32624003245954, 2.53127220237103, 
        1.50202002450137, 1.04403103974092, 1.13336038778957, 
        -0.532476909202731, 1.07466775059455, 2.60502395476441, 
        1.64561525787477, 0.338586141253477), x2 = c(70, 85, 
        90, 40, 61, 63, 70, 61, 85, 37, 66, 51, 55, 37, 60, 83, 
        66, 83, 54, 51, 75, 85, 66, 82, 57, 67, 61), x3 = c(52, 
        72, 68, 42, 44, 57, 58, 57, 45, 53, 42, 66, 53, 64, 65, 
        57, 42, 42, 53, 45, 45, 65, 50, 52, 45, 42, 50), x4 = c(59, 
        47, 45, 71, 59, 45, 58, 55, 75, 59, 47, 39, 50, 62, 54, 
        47, 56, 50, 34, 69, 47, 48, 63, 69, 62, 48, 57),