
expected <- structure(list(coefficients = structure(c(1.37774070823098, -0.0434193167384017, 
0.120843267635665, 0.376262513606203, 0.360645857577255, 0.155687080142576, 
0.0966780535390829), .Names = c("x1", "x2", "x3", "x4", "x5", 
"x6", "x7")), residuals = structure(c(-17.6282285253671, 4.66849490177473, 
12.3455345300406, -4.67352788261839, 19.169401798443, -19.2241850559448, 
-5.23435077530518, 5.84691682561803, -3.98556431084984, 5.59945237899649, 
4.32055780047326, 0.706323302575589, 10.8881767960597, 7.17001964062625, 
-2.93369739742702, 0.741464204013988, 0.60405730261264, -10.7229300032404, 
-2.06677480405653, -6.51115437040028, -18.9607490270658, -5.79428703790586, 
-7.18411825320936, 12.4749761146907, -17.4682341600268, 20.5462383761482, 
19.4295030611628), .Names = c("1", "2", "3", "4", "5", "6", "7", 
"8", "9", "11", "12", "13", "14", "15", "18", "19", "20", "21", 
"22", "23", "24", "25", "26", "27", "28", "29", "30")), effects = structure(c(219.186734659133, 
-234.853177525734, 58.9581605604193, -47.6197746515643, 24.6086454898881, 
-9.38344336443684, 6.38328298170016, 19.4342477348381, -13.4129249635014, 
17.6338809833408, 5.60314084215665, -4.90380355176958, 4.47366200005376, 
9.98811275100347, -7.18620590766702, 2.42095210642974, 6.55199583290964, 
-8.77686627771959, -1.04964129635355, -9.81663630143986, -20.713686711275, 
-8.58528941294274, 1.68996008358646, 4.65446496335633, -23.4391819705583, 
23.9870354962842, 21.1497829375048), .Names = c("x1", "x2", "x3", 
"x4", "x5", "x6", "x7", "", "", "", "", "", "", "", "", "", "", 
"", "", "", "", "", "", "", "", "", "")), rank = 7L, fitted.values = structure(c(60.6282285253671, 
58.3315050982253, 58.6544654699593, 65.6735278826184, 61.830598201557, 
62.2241850559448, 63.2343507753052, 65.153083174382, 75.9855643108498, 
58.4005476210035, 62.6794421995267, 68.2936766974244, 57.1118232039403, 
69.8299803593737, 67.933697397427, 64.258535795986, 49.3959426973874, 
60.7229300032404, 66.0667748040565, 59.5111543704003, 58.9607490270658, 
68.7942870379059, 73.1841182532094, 65.5250238853093, 65.4682341600268, 
64.4537616238518, 62.5704969388372), .Names = c("1", "2", "3", 
"4", "5", "6", "7", "8", "9", "11", "12", "13", "14", "15", "18", 
"19", "20", "21", "22", "23", "24", "25", "26", "27", "28", "29", 
"30")), assign = 1:7, qr = structure(list(qr = structure(c(7.94718781844819, 
-0.0578411686939507, -0.262842845864082, -0.0908228454349219, 
-0.300018278543686, -0.272239974133416, -0.0135189577913782, 
0.213987094907528, -0.351010543492723, -0.0737448971134275, -0.12126274631209, 
0.0032256400547712, -0.273879072752571, -0.152253420946505, -0.086183905782922, 
-0.28227957443508, 0.166881677236931, -0.31851168742924, -0.189000192120118, 
-0.131371129460079, -0.142611501537518, -0.0505488073059711, 
0.0670019284012222, -0.135226167437477, -0.327791920145292, -0.207068877125909, 
-0.0426045223780292, 221.240287728506, -269.023670121809, 0.189916129497147, 
0.0987113435189805, 0.0616634742997755, 0.0843825277858034, 0.2527614669869, 
0.344490331207655, 0.122816917708891, 0.204754102692224, 0.122850655865611, 
0.150460681019867, 0.0537434681497093, 0.0537582839774515, 0.261101115103054, 
0.0900097626726354, 0.400348187476041, 0.0254676263049539, 0.0855787324920879, 
0.206500089365929, 0.237486625581893, 0.206366108418541, 0.282198783888438, 
0.230398904470644, 0.031512696410189, 0.13511092084269, 0.203303090034443, 
174.785934493252, -202.860623888994, 74.2862327668368, -0.141222152238999, 
0.066236693219301, -0.0898950759722703, -0.0490193063604923, 
-0.145991795687602, 0.307016747419292, 0.128967989299668, -0.347257495132491, 
-0.471108807299669, -0.119446610100205, -0.464242991198722, 0.199648968115571, 
0.144072278144519, 0.289010835736659, -0.126653347800404, -0.0596608976098289, 
0.186713094704171, 0.0226933925901849, -0.092490852552863, 0.0110820582202184, 
0.165838734715966, 0.013028893330639, 0.149064227406003, -0.0331766029811789, 
187.73062533811, -215.045844882533, 48.8649487861757, -78.2605500175169, 
0.175129890068659, -0.159407845375771, 0.0337754179119476, 0.0405076918488081, 
0.362642191665377, 0.0807197598875898, -0.325873578686188, 0.138522576980998, 
-0.0475118869157663, -0.0137084515741221, 0.22526877123592, 0.16467568386043, 
0.156977861295622, -0.258725300188283, 0.30588858962513, 0.0363238677483405, 
-0.197536139165892, 0.269240268374716, 0.207637500752935, 0.231557535566949, 
0.196523938726754, 0.073773335734973, 0.114035018735714, 205.425950332556, 
-217.997559898612, 56.5018865315614, -28.1345664001371, 56.2781111984762, 
0.00839095409467, 0.0153505155110609, -0.125558795855535, -0.115337501613881, 
-0.29165203141352, -0.357991121238186, 0.285214269966001, 0.162141857330064, 
0.0498911125353358, 0.053912719647566, -0.140738876483453, -0.0449355147884333, 
-0.0902434281130434, 0.150472722187544, -0.273338033602042, 0.125767029557106, 
0.113013688944769, -0.447773214351444, 0.208391693237763, -0.0035169077560678, 
-0.477791524952207, 0.00377148309458465, 246.851990264745, -291.158003353415, 
50.3626291193502, -38.4489424476112, 15.0526223091969, -47.2420888620644, 
0.0137013135709337, 0.464853370027205, -0.172467352653503, 0.426665263829958, 
-0.18040501366443, -0.260956477504209, -0.0296831258955188, 0.0812507498332461, 
0.0669388185116965, 0.219543333802795, 0.215789619999182, 0.414684527842606, 
0.228157377612498, -0.0890485084675713, 0.0908076904564167, -0.131702250798124, 
0.131032511914518, -0.0557890820805685, -0.0599022150135295, 
0.0688776357931282, 0.176826351289862, 140.345073857794, -177.460278706357, 
34.93180585021, -21.1076340481373, 20.3632461144016, -20.9816024982952, 
66.0261843099651, -0.205324354501652, -0.0600013166560461, 0.418229553666113, 
0.315301056963851, -0.0560741647007653, 0.0787876475752402, 0.256247171706534, 
-0.395806353847091, 0.183277425170377, 0.132025945908097, -0.311744232932963, 
0.037088901720555, -0.166902963454565, 0.377538220410933, 0.177441406309247, 
-0.0771733084851808, -0.160584400954747, 0.0412694999106168, 
0.146219542737183, -0.204213577345877), .Dim = c(27L, 7L), .Dimnames = list(
    c("1", "2", "3", "4", "5", "6", "7", "8", "9", "11", "12", 
    "13", "14", "15", "18", "19", "20", "21", "22", "23", "24", 
    "25", "26", "27", "28", "29", "30"), c("x1", "x2", "x3", 
    "x4", "x5", "x6", "x7")), assign = 1:7), qraux = c(1.02170145933908, 
1.28413074261943, 1.04321500641761, 1.38162962527867, 1.12735711508518, 
1.21711980914874, 1.01567444695095), pivot = 1:7, tol = 1e-07, 
    rank = 7L), .Names = c("qr", "qraux", "pivot", "tol", "rank"
), class = "qr"), df.residual = 20L, xlevels = structure(list(), .Names = character(0)), 
    call = quote(lm(formula = y ~ . + 0, data = structure(list(y = c(43, 
        63, 71, 61, 81, 43, 58, 71, 72, 64, 67, 69, 68, 77, 65, 
        65, 50, 50, 64, 53, 40, 63, 66, 78, 48, 85, 82), x1 = c(-0.172465573302085, 
        0.459674631249372, 2.08886146281729, 0.721786210877214, 
        2.38430160855418, 2.16354220612773, 0.107437696677756, 
        -1.70059563395422, 2.78954671539225, 0.586064548012546, 
        0.963697820323011, -0.0256347673499762, 2.17656843070712, 
        1.20998653226313, 0.684919686184324, 2.24332879534721, 
        -1.32624003245954, 2.53127220237103, 1.50202002450137, 
        1.04403103974092, 1.13336038778957, 0.401720865659098, 
        -0.532476909202731, 1.07466775059455, 2.60502395476441, 
        1.64561525787477, 0.338586141253477), x2 = c(70, 85, 
        90, 40, 61, 63, 70, 61, 85, 66, 51, 40, 55, 37, 83, 66, 
        83, 54, 51, 75, 85, 63, 66, 82, 57, 67, 61), x3 = c(52, 
        72, 68, 42, 44, 57, 58, 57, 45, 42, 66, 66, 53, 64, 50, 
        42, 42, 53, 45, 45, 65, 56, 50, 52, 45, 42, 50), x4 = c(59, 
        47, 45, 71, 59, 45, 58, 55, 75, 47, 39, 74, 50, 62, 66, 
        56, 50, 34, 69, 47, 48, 75, 63, 69, 62, 48, 57),