
expected <- structure(list(coefficients = structure(c(12.7760855761994, 0.802173631982155, 
-0.143254687538301, 0.328277300806019, -0.114468647168021, -0.0641714521309876
), .Names = c("x1", "x2", "x3", "x4", "x5", "x6")), residuals = structure(c(-6.30575383927495, 
0.359857575018419, 3.38030725007346, 0.276112336341588, 5.46383625394159, 
-11.9946487798145, -8.96996142953565, -0.583503999870362, -4.78106057418024, 
8.19979575004864, 11.525989728343, 11.2055968752307, -2.54398450431086, 
0.540557170569273, 0.213745399129625, -2.01060836539595, -4.95644503711456, 
7.7320703704818, 2.07602085847603, -9.33892563326659, -6.09869139981223, 
9.53371435759743, -4.81984449933574, 3.24000868237376, -7.8051233513268, 
4.46532345294016, 1.99561535267288), .Names = c("1", "2", "3", 
"4", "5", "6", "7", "8", "9", "11", "12", "13", "14", "15", "18", 
"19", "20", "21", "22", "23", "24", "25", "26", "27", "28", "29", 
"30")), effects = structure(c(-330.436804066196, -51.0689079508119, 
2.68611967430661, 13.3743426997647, -4.06745681732396, -2.83519168264449, 
-5.91374436492549, 3.00903390379993, -6.03336691579092, 9.58617818487312, 
13.5729154089293, 13.4704373357377, -3.95974920188583, 2.46178905935104, 
-3.26517759604342, -0.354313056469788, -4.78378753026385, 10.020372052895, 
2.38014360536014, -8.80627274804873, -3.59627342116767, 12.4817628506721, 
-0.879139403540763, 4.89199974635122, -9.00694455028294, 5.47673079641399, 
2.49558644523562), .Names = c("x1", "x2", "x3", "x4", "x5", "x6", 
"", "", "", "", "", "", "", "", "", "", "", "", "", "", "", "", 
"", "", "", "", "")), rank = 6L, fitted.values = structure(c(49.3057538392749, 
62.6401424249816, 67.6196927499265, 60.7238876636584, 75.5361637460584, 
54.9946487798145, 66.9699614295357, 71.5835039998704, 76.7810605741802, 
55.8002042499514, 55.474010271657, 57.7944031247693, 70.5439845043109, 
76.4594428294307, 64.7862546008704, 67.010608365396, 54.9564450371146, 
42.2679296295182, 61.923979141524, 62.3389256332666, 46.0986913998122, 
53.4662856424026, 70.8198444993357, 74.7599913176262, 55.8051233513268, 
80.5346765470598, 80.0043846473271), .Names = c("1", "2", "3", 
"4", "5", "6", "7", "8", "9", "11", "12", "13", "14", "15", "18", 
"19", "20", "21", "22", "23", "24", "25", "26", "27", "28", "29", 
"30")), assign = 1:6, qr = structure(list(qr = structure(c(-5.19615242270663, 
0.192450089729875, 0.192450089729875, 0.192450089729875, 0.192450089729875, 
0.192450089729875, 0.192450089729875, 0.192450089729875, 0.192450089729875, 
0.192450089729875, 0.192450089729875, 0.192450089729875, 0.192450089729875, 
0.192450089729875, 0.192450089729875, 0.192450089729875, 0.192450089729875, 
0.192450089729875, 0.192450089729875, 0.192450089729875, 0.192450089729875, 
0.192450089729875, 0.192450089729875, 0.192450089729875, 0.192450089729875, 
0.192450089729875, 0.192450089729875, -339.09705810404, -64.6156729066964, 
0.108983611697181, 0.000650761707243416, 0.232792583114252, -0.123158209709828, 
0.062555247415779, 0.18636421883285, 0.294697068822788, -0.154110452564096, 
-0.0457776025741583, -0.0148253597198905, 0.310173190249921, 
0.217316461687118, -0.0457776025741583, 0.108983611697181, -0.0767298454284261, 
-0.355300031116836, -0.0303014811470244, 0.0470791259886451, 
-0.401728395398238, -0.138634331136962, 0.217316461687118, 0.18636421883285, 
-0.09220596685556, 0.341125433104189, 0.294697068822788, -276.165878762371, 
-38.1635422496297, -51.8743814456437, -0.0855473432092191, -0.04856337822439, 
0.0849309466482844, -0.190063826433519, -0.12921405674444, 0.213189566166732, 
0.185382533999306, -0.011979315364881, 0.157451833421777, 0.413569170333353, 
-0.0754469377310734, 0.335012773954993, -0.147967824504566, 0.416187023010466, 
-0.0484397098142874, 0.0727362590284481, 0.0143806736063798, 
0.160069686098891, -0.0383393043361418, 0.155881121815509, 0.0250046496199481, 
-0.0347979789982857, 0.158898876617943, -0.42296259758637, -289.252484864003, 
-31.3907329613699, -13.3466992843226, 48.2336760195802, -0.136472883490647, 
0.140388076539147, -0.101260795485054, 0.0269506847315662, -0.00615291317959386, 
-0.128078914877611, 0.254458693873492, 0.284006477751736, 0.544488861880237, 
-0.282411587864147, -0.345938555488481, -0.0735791413930778, 
0.103119148399489, 0.13807943157391, -0.176514074493189, 0.0989021682106239, 
-0.302490055363458, -0.0046328365620625, 0.00149287179026787, 
-0.302089745621851, 0.0897596230145777, -0.0812154818399324, 
-0.107903985368068, -334.478255950523, -38.7894653829049, 0.555667010559441, 
19.0140992758694, 32.1220941799484, 0.0644213454757995, 0.0522421677534954, 
-0.0210833672358523, 0.163670913661582, 0.140162659569243, -0.111606539492539, 
0.0561403290095904, 0.14546592893897, -0.00441921145649144, 0.56382389376036, 
-0.188644216175881, -0.101678496626264, 0.114186051183665, 0.0536649202013496, 
0.00290461537673168, 0.238031508303309, -0.23220855273184, -0.472311567154308, 
-0.0370957764954307, 0.212842629828227, 0.0817780411828128, 0.347018395759617, 
-390.673682151647, -18.1024765522868, 4.6765930061464, 4.41255482406476, 
6.08501349703637, 44.1815104457549, 0.228045641893625, 0.322082794613773, 
-0.033366387115158, 0.192903192390164, 0.0921048360592925, 0.345090965494565, 
0.136235267493024, 0.0712373206703007, -0.103282363785743, -0.122954502947308, 
0.00128171055295606, 0.205245247242783, -0.0644534994841034, 
-0.0296763245446865, 0.331791493147698, 0.0402447626546307, 0.146967137411694, 
0.0447201027819572, -0.155958195944128, 0.185202534441576, 0.0399243915521937
), .Dim = c(27L, 6L), .Dimnames = list(c("1", "2", "3", "4", 
"5", "6", "7", "8", "9", "11", "12", "13", "14", "15", "18", 
"19", "20", "21", "22", "23", "24", "25", "26", "27", "28", "29", 
"30"), c("x1", "x2", "x3", "x4", "x5", "x6")), assign = 1:6), 
    qraux = c(1.19245008972988, 1.01612688313438, 1.2761336179975, 
    1.08835711112596, 1.14919751195942, 1.62149691531514), pivot = 1:6, 
    tol = 1e-07, rank = 6L), .Names = c("qr", "qraux", "pivot", 
"tol", "rank"), class = "qr"), df.residual = 21L, xlevels = structure(list(), .Names = character(0)), 
    call = quote(lm(formula = y ~ . + 0, data = structure(list(y = c(43, 
        63, 71, 61, 81, 43, 58, 71, 72, 64, 67, 69, 68, 77, 65, 
        65, 50, 50, 64, 53, 40, 63, 66, 78, 48, 85, 82), x1 = c(1, 
        1, 1, 1, 1, 1, 1, 1, 1, 1, 1, 1, 1, 1, 1, 1, 1, 1, 1, 
        1, 1, 1, 1, 1, 1, 1, 1), x2 = c(51, 64, 70, 63, 78, 55, 
        67, 75, 82, 53, 60, 62, 83, 77, 60, 70, 58, 40, 61, 66, 
        37, 54, 77, 75, 57, 85, 82), x3 = c(30, 51, 68, 45, 56, 
        49, 42, 50, 72, 53, 47, 57, 83, 54, 65, 46, 68, 33, 52, 
        52, 42, 42, 66, 58, 44, 71, 39), x4 = c(39, 54, 69, 47, 
        66, 44, 56, 55, 67, 58, 39, 42, 45, 72, 75, 57, 54, 34, 
        62, 50, 58, 48, 63, 74, 45, 71, 59), x5 = c(61, 63, 76, 
        54, 71, 54, 66, 70, 71, 58, 59, 55, 59, 79, 55, 75, 64, 
        43, 66, 63, 50, 66, 88, 80, 51, 77, 64), x6 = c(92, 73, 
        86, 84, 83, 49, 68, 66, 83, 67, 74, 63, 77, 77, 80, 85, 
        78, 64, 80, 80, 57, 75, 76, 78, 83, 74, 78)), .Names = c("y", 
        "x1", "x2", "x3", "x4", "x5", "x6"), row.names = c("1", 
        "2", "3", "4", "5", "6", "7", "8", "9", "11", "12", "13", 
        "14", "15", "18", "19", "20", "21", "22", "23", "24", 
        "25", "26", "27", "28", "29", "30"), class = "data.frame"))), 
    terms = y ~ x1 + x2 + x3 + x4 + x5 + x6 + 0, model = structure(list(
        y = c(43, 63, 71, 61, 81, 43, 58, 71, 72, 64, 67, 69, 
        68, 77, 65, 65, 50, 50, 64, 53, 40, 63, 66, 78, 48, 85, 
        82), x1 = c(1, 1, 1, 1, 1, 1, 1, 1, 1, 1, 1, 1, 1, 1, 
        1, 1, 1, 1, 1, 1, 1, 1, 1, 1, 1, 1, 1), x2 = c(51, 64, 
        70, 63, 78, 55, 67, 75, 82, 53, 60, 62, 83, 77, 60, 70, 
        58, 40, 61, 66, 37, 54, 77, 75, 57, 85, 82), x3 = c(30, 
        51, 68, 45, 56, 49, 42, 50, 72, 53, 47, 57, 83, 54, 65, 
        46, 68, 33, 52, 52, 42, 42, 66, 58, 44, 71, 39),