
expected <- structure(list(coefficients = structure(c(32.4127674593937, 0.582232899320643, 
-0.125087825388762, 0.367146335676852, 0.04128828302988, -0.214221990250203, 
-0.171747494465343), .Names = c("x1", "x2", "x3", "x4", "x5", 
"x6", "x7")), residuals = structure(c(-7.53912843859716, -0.298252291885752, 
2.17642404572509, -2.22856335222552, 8.22474982546043, -11.1415494800373, 
-9.16187096012218, 4.84099846277541, -5.07477077372511, 4.13652721721736, 
7.28917573981462, 8.02997130181999, 7.93169190246121, -1.59203271766112, 
0.566543359736827, -4.65005519032249, 0.322924734502731, 4.06241134791734, 
-1.82929281985565, -4.50447078230387, 6.54442577918403, 1.26689960342106, 
-12.4434078280851, -5.86454526911229, 5.57238844702991, -0.24891346417513, 
5.61172160104267), .Names = c("1", "2", "3", "4", "5", "6", "7", 
"8", "9", "10", "11", "12", "13", "14", "15", "16", "17", "18", 
"19", "20", "21", "22", "23", "24", "25", "26", "30")), effects = structure(c(-332.553755053224, 
-47.3569455303206, 4.84740410534456, 8.393226700135, -3.79798831725931, 
8.40247765881079, -6.64692023438064, 12.517614958809, -2.16886189082918, 
1.54935977805065, 8.93731080462688, 6.38830433959342, 8.99249659880159, 
-1.05505386777549, 1.52725855830526, -8.27635337115095, 2.04449939072708, 
-3.39992291431631, 2.28801946316695, -4.0848312984623, 7.48937877404992, 
2.64638706587005, -12.9992625329404, -9.62561202102766, 9.79576129920486, 
3.13670870975934, 6.685419337515), .Names = c("x1", "x2", "x3", 
"x4", "x5", "x6", "x7", "", "", "", "", "", "", "", "", "", "", 
"", "", "", "", "", "", "", "", "", "")), rank = 7L, fitted.values = structure(c(50.5391284385972, 
63.2982522918858, 68.8235759542749, 63.2285633522255, 72.7752501745396, 
54.1415494800373, 67.1618709601222, 66.1590015372246, 77.0747707737251, 
62.8634727827826, 56.7108242601854, 58.97002869818, 61.0683080975388, 
69.5920327176611, 76.4334566402632, 85.6500551903225, 73.6770752654973, 
60.9375886520827, 66.8292928198557, 54.5044707823039, 43.455574220816, 
62.7331003965789, 65.4434078280851, 45.8645452691123, 57.4276115529701, 
66.2489134641751, 76.3882783989573), .Names = c("1", "2", "3", 
"4", "5", "6", "7", "8", "9", "10", "11", "12", "13", "14", "15", 
"16", "17", "18", "19", "20", "21", "22", "23", "24", "25", "26", 
"30")), assign = 1:7, qr = structure(list(qr = structure(c(-5.19615242270663, 
0.192450089729875, 0.192450089729875, 0.192450089729875, 0.192450089729875, 
0.192450089729875, 0.192450089729875, 0.192450089729875, 0.192450089729875, 
0.192450089729875, 0.192450089729875, 0.192450089729875, 0.192450089729875, 
0.192450089729875, 0.192450089729875, 0.192450089729875, 0.192450089729875, 
0.192450089729875, 0.192450089729875, 0.192450089729875, 0.192450089729875, 
0.192450089729875, 0.192450089729875, 0.192450089729875, 0.192450089729875, 
0.192450089729875, 0.192450089729875, -342.753609808908, -68.0364825881156, 
0.0948302518508885, -0.00805572540306698, 0.212414225855409, 
-0.125639699407587, 0.0507362615991933, 0.168320235603714, 0.271206212857669, 
-0.0374517189041971, -0.155035692908718, -0.0521497156547622, 
-0.022753722153632, 0.285904209608234, 0.197716229104844, 0.38879018686219, 
0.315300203109364, -0.0521497156547622, 0.0948302518508885, -0.0815457091558923, 
-0.346109650666063, -0.0374517189041971, 0.0360382648486282, 
-0.390203640917759, -0.140337696158153, 0.197716229104844, 0.271206212857669, 
-273.471577506153, -31.9186052397271, -53.7540597150277, -0.068940024584522, 
-0.00259405148006831, 0.0792274842913807, -0.161627025089866, 
-0.0865555811570526, 0.258180623295055, -0.0505013934329394, 
0.172079099712536, -0.00407558572236198, 0.163518243799986, 0.453597014460587, 
-0.0305812280390631, -0.224845314793922, 0.0816967080285368, 
0.330782843490713, -0.114871987547668, 0.405031212844475, -0.0801347191500383, 
0.0797213290388119, 0.0336247511598553, 0.114952442183873, -0.0417759226045793, 
0.192657724769653, -0.355726496928915, -288.867584684543, -31.8151748922231, 
-10.7420708495204, 46.8713246981527, -0.13207290309552, 0.133572442022195, 
-0.0936583501173797, 0.0390282479705255, -0.0104238354988438, 
0.0803242194515253, -0.149301402981008, 0.258912388977911, 0.280950787064172, 
0.545622146599228, -0.281277578713764, -0.22401796861094, -0.0913695887295397, 
-0.378185415255976, -0.0659608194573539, 0.0783902646598316, 
0.130862578649903, -0.188771043885741, 0.100465325642289, -0.335626137821619, 
-0.00934067039045085, -0.00195424574144852, -0.0798415502449372, 
-333.131105322414, -32.1902459944875, -3.50937878261533, 12.5105472128115, 
36.7100149615495, 0.105468531550408, -0.0163289196565963, -0.0743779624692305, 
0.10616874208099, -0.0442868132532681, 0.14586505507458, -0.0567084134011468, 
0.111337397184802, 0.205441270383676, -0.110224244778494, 0.487591828964769, 
-0.0793765462796747, 0.479426441905598, -0.225703681410317, -0.0115209159943874, 
0.174779033093848, 0.0241286688068917, 0.00353639775883807, 0.245564261049768, 
-0.191502340867816, -0.44201655452141, 0.166482574751288, -388.171830985158, 
0.695160809276722, -0.00419690136271877, 24.5739229149568, 6.09692846029921, 
-35.7224878666737, -0.056735465623336, 0.536397299275917, 0.0843684295437727, 
-0.454542083805882, 0.0495260182910469, -0.295367371581131, -0.0557446540435577, 
0.273268460033144, -0.25968917087887, -0.122031651176349, 0.227175369166219, 
-0.102153157878994, 0.0135448615763564, 0.119254178934921, 0.125112168813709, 
-0.0529360486866053, -0.245265013682431, -0.170712858418925, 
-0.10283868725327, 0.128825867020041, 0.0608305009212537, -220.547802830437, 
-8.28150461356839, -12.875499479707, 23.6840296439762, 23.3341724624296, 
-4.36649870007011, 38.7017013265478, 0.118411304987119, 0.424927516170471, 
-0.0343374954670616, 0.256064470563788, -0.136376783003237, 0.233706127389902, 
-0.0619200410723177, 0.230424832762472, 0.0751560787030416, -0.265121136161889, 
-0.381332373967036, 0.10025335632288, -0.16929049990898, -0.0803204159544525, 
0.181241128278414, 0.0868980269776547, -0.16503689763315, 0.317488257535787, 
-0.339943428705858, 0.0228134828917057), .Dim = c(27L, 7L), .Dimnames = list(
    c("1", "2", "3", "4", "5", "6", "7", "8", "9", "10", "11", 
    "12", "13", "14", "15", "16", "17", "18", "19", "20", "21", 
    "22", "23", "24", "25", "26", "30"), c("x1", "x2", "x3", 
    "x4", "x5", "x6", "x7")), assign = 1:7), qraux = c(1.19245008972988, 
1.0066422713475, 1.29439942593498, 1.09361073781378, 1.04916408911488, 
1.1744998387578, 1.23976953745033), pivot = 1:7, tol = 1e-07, 
    rank = 7L), .Names = c("qr", "qraux", "pivot", "tol", "rank"
), class = "qr"), df.residual = 20L, xlevels = structure(list(), .Names = character(0)), 
    call = quote(lm(formula = y ~ . + 0, data = structure(list(y = c(43, 
        63, 71, 61, 81, 43, 58, 71, 72, 67, 64, 67, 69, 68, 77, 
        81, 74, 65, 65, 50, 50, 64, 53, 40, 63, 66, 82), x1 = c(1, 
        1, 1, 1, 1, 1, 1, 1, 1, 1, 1, 1, 1, 1, 1, 1, 1, 1, 1, 
        1, 1, 1, 1, 1, 1, 1, 1), x2 = c(51, 64, 70, 63, 78, 55, 
        67, 75, 82, 61, 53, 60, 62, 83, 77, 90, 85, 60, 70, 58, 
        40, 61, 66, 37, 54, 77, 82), x3 = c(30, 51, 68, 45, 56, 
        49, 42, 50, 72, 45, 53, 47, 57, 83, 54, 50, 64, 65, 46, 
        68, 33, 52, 52, 42, 42, 66, 39), x4 = c(39, 54, 69, 47, 
        66, 44, 56, 55, 67, 47, 58, 39, 42, 45, 72, 72, 69, 75, 
        57, 54, 34, 62, 50, 58, 48, 63, 59), x5 = c(61, 63, 76, 
        54, 71, 54, 66, 70, 71, 62, 58, 59, 55, 59, 79, 60, 79, 
        55, 75, 64, 43, 66, 63, 50, 66, 88, 64), x6 = c(79, 67, 
        75, 64, 80, 78, 76, 92, 76, 57, 83, 57, 64, 64, 74, 73, 
        84, 83, 78, 78, 78, 80, 63, 83, 74, 80, 77), x7 = c(45, 
        47, 48, 35, 47, 34, 35, 41, 31, 41, 34, 41, 25, 35, 46, 
        36, 63, 60, 46, 52, 33, 41, 37, 49, 33, 72, 39)), .Names = c("y", 
        "x1", "x2", "x3", "x4", "x5", "x6", "x7"),