
expected <- structure(list(coefficients = structure(c(-0.900418275592429, 
0.648816670703849, 0.00451249052440494, 0.355613670550666, 0.0792914346611991, 
0.115235160165996, -0.281556971878809), .Names = c("x1", "x2", 
"x3", "x4", "x5", "x6", "x7")), residuals = structure(c(-7.01759774227451, 
0.197851305032548, -0.249442258367673, 6.85493422583697, -6.96026076218294, 
-8.69259978761254, -0.588959247709125, -9.30816742568913, 8.97975390416116, 
6.52894289507945, 13.1959500309502, 8.97537858047635, 0.097241610117023, 
-3.3312786339551, -2.64998904253711, 3.03695337821908, -1.66501199656105, 
-7.75755700283397, 0.583720632134015, -10.6937339102072, -0.537520144467894, 
6.48214417457328, -2.60323765140314, 2.19389846508971, -5.74732034085136, 
6.61615873876543, 4.86243605079935), .Names = c("1", "3", "4", 
"5", "6", "7", "8", "9", "10", "11", "12", "13", "15", "16", 
"17", "18", "19", "20", "22", "23", "24", "25", "26", "27", "28", 
"29", "30")), effects = structure(c(224.165627948038, -258.759163701066, 
6.26566653649988, -9.89944515716661, -1.65761079158006, 4.9765104290176, 
-10.585918439027, -13.1194602432248, 8.5258972652728, 3.51984205450522, 
14.4142102397977, 8.95013610787368, 0.173223496601445, -4.67644724193191, 
-0.782749828227059, -4.13596945912152, -1.0779127229626, -8.14887188758343, 
-2.31130128489548, -11.7400216536778, -3.74454266644879, 6.90605359746394, 
3.93820198417115, 1.99548919244932, -9.91694087304924, 7.1918166760771, 
4.23440034556559), .Names = c("x1", "x2", "x3", "x4", "x5", "x6", 
"x7", "", "", "", "", "", "", "", "", "", "", "", "", "", "", 
"", "", "", "", "", "")), rank = 7L, fitted.values = structure(c(50.0175977422745, 
70.8021486949675, 61.2494422583677, 74.145065774163, 49.9602607621829, 
66.6925997876125, 71.5889592477091, 81.3081674256891, 58.0202460958388, 
57.4710571049206, 53.8040499690498, 60.0246214195237, 76.902758389883, 
84.3312786339551, 76.6499890425371, 61.9630466217809, 66.665011996561, 
57.757557002834, 63.416279367866, 63.6937339102072, 40.5375201444679, 
56.5178558254267, 68.6032376514031, 75.8061015349103, 53.7473203408514, 
78.3838412612346, 77.1375639492006), .Names = c("1", "3", "4", 
"5", "6", "7", "8", "9", "10", "11", "12", "13", "15", "16", 
"17", "18", "19", "20", "22", "23", "24", "25", "26", "27", "28", 
"29", "30")), assign = 1:7, qr = structure(list(qr = structure(c(7.41590143443795, 
-0.281673304490947, -0.0973295313129951, -0.321512041338894, 
-0.291743657228328, -0.0144874763543697, 0.22931745371601, -0.376157469196955, 
-0.159570973496269, -0.0790280929693834, -0.129950192682955, 
0.00345672978215885, -0.163161086074337, -0.11024692590404, -0.143031794777788, 
-0.0923582510150007, -0.302502509665196, 0.178837332748349, -0.202540451458307, 
-0.140782755673188, -0.152828404990184, -0.054170200239392, 0.0718020477901736, 
-0.144913974396155, -0.351275428590138, -0.221903604359258, -0.0456567747355906, 
231.090501619472, -268.738125433034, 0.17068753632482, 0.0796861014833024, 
0.0135963361213111, 0.2398254459929, 0.429262844388011, 0.0587830117359344, 
0.122483224222015, 0.145462261316736, 0.138160875215369, 0.232971691686291, 
0.179669562176943, 0.26269744808731, 0.222621057655806, 0.162779960010622, 
0.0623667483928775, 0.332944640075479, 0.0943423734274695, 0.153393162382721, 
0.0375926827255757, 0.165462870716057, 0.333547682319371, 0.184177465635262, 
-0.0179490251643282, 0.170967653179057, 0.275228990869019, 183.081044365977, 
-204.722383665503, 55.0188769439881, 0.166764016697482, -0.0443660364339563, 
0.210125010817791, 0.139638060569291, -0.0568751784992981, 0.0930536574147939, 
-0.181853156666957, 0.0372241651469864, -0.137995778577349, 0.161972846942047, 
0.414185118532836, 0.0927771037918639, -0.296262621880652, 0.229373088402512, 
-0.425415762982733, -0.0269440703920792, 0.0351299879506661, 
-0.201397153737568, 0.0283883412203431, -0.0956760525470194, 
0.0572128172648955, 0.0855173675008435, -0.0211786216105971, 
0.487299009042932, 203.151334079344, -222.624371612832, 27.6750391569903, 
-40.1997118575937, -0.182285596850653, 0.135249011878277, -0.0517958346783928, 
-0.21435018902657, -0.0917643531334183, 0.154693280495332, -0.306092532761568, 
-0.37799823780814, 0.24456606762903, 0.182391052848514, -0.0492306081484213, 
0.335133059975084, 0.0370522064469314, -0.17677221023137, 0.175211975569669, 
-0.16412822990907, 0.459277657369295, 0.0576524918782279, -0.1223718293924, 
0.258502532345068, -0.112411431562149, -0.110168874635752, 0.103253970937319, 
221.168642432201, -260.718598691366, 23.1426201915642, -10.6594821738668, 
-40.2621220449403, 0.0613115837609008, -0.155588718785549, -0.0618155847361437, 
0.187635677511191, -0.027300563989886, 0.157296916439017, -0.159792881830442, 
0.141988070584427, -0.490198588733496, -0.0169735398620048, -0.411079079015162, 
0.410641219777446, -0.196345611789175, 0.136092382375191, 0.0616288494993682, 
0.0980486535826456, 0.310819345129984, 0.187846134219631, 0.130457319680806, 
0.119583591297812, -0.0819465949670892, -0.146997475514451, 259.963762873753, 
-284.302212466157, 30.3811395499382, -7.27901075144344, -44.7965306861205, 
61.6065514371842, 0.278638682657706, -0.136950612275367, -0.198846866531289, 
-0.108604680969936, -0.163646467864686, -0.056806004677266, 0.178683649818368, 
0.35742271532698, 0.145873703103945, -0.371442458225457, -0.0502028077523813, 
-0.194781986341107, -0.164830915423779, -0.182257847964149, -0.120764044655729, 
-0.0622821936790835, 0.312035969607793, 0.153144475386088, -0.469182298417169, 
0.152257922911127, 0.0367451365519692, 140.844023067733, -174.490627199296, 
32.5341434785633, -21.5946545209772, -23.7854739368564, 7.53925707808331, 
37.5977848049295, 0.292008184144456, -0.0405784642688811, 0.300233339334345, 
-0.186289042977474, 0.197146552490691, 0.130723797173395, -0.139265231607839, 
-0.428576122346935, -0.217006358304855, -0.0261084736338905, 
-0.0357856385772589, 0.190714504291116, 0.0673902429382057, -0.0920124874451678, 
0.329192163056934, -0.46261643080408, 0.133675347129867, -0.121404709825334, 
-0.263172327068198, -0.072974327252045), .Dim = c(27L, 7L), .Dimnames = list(
    c("1", "3", "4", "5", "6", "7", "8", "9", "10", "11", "12", 
    "13", "15", "16", "17", "18", "19", "20", "22", "23", "24", 
    "25", "26", "27", "28", "29", "30"), c("x1", "x2", "x3", 
    "x4", "x5", "x6", "x7")), assign = 1:7), qraux = c(1.02325618467651, 
1.07600786256921, 1.11156595052499, 1.03682764669349, 1.14698862422198, 
1.13616343653229, 1.03471040504836), pivot = 1:7, tol = 1e-07, 
    rank = 7L), .Names = c("qr", "qraux", "pivot", "tol", "rank"
), class = "qr"), df.residual = 20L, xlevels = structure(list(), .Names = character(0)), 
    call = quote(lm(formula = y ~ . + 0, data = structure(list(y = c(43, 
        71, 61, 81, 43, 58, 71, 72, 67, 64, 67, 69, 77, 81, 74, 
        65, 65, 50, 64, 53, 40, 63, 66, 78, 48, 85, 82), x1 = c(-0.172465573302085, 
        2.08886146281729, 0.721786210877214, 2.38430160855418, 
        2.16354220612773, 0.107437696677756, -1.70059563395422, 
        2.78954671539225, 1.18336261124564, 0.586064548012546, 
        0.963697820323011, -0.0256347673499762, 1.20998653226313, 
        0.817580335954143, 1.06070969206283, 0.684919686184324, 
        2.24332879534721, -1.32624003245954, 1.50202002450137, 
        1.04403103974092, 1.13336038778957, 0.401720865659098, 
        -0.532476909202731, 1.07466775059455, 2.60502395476441, 
        1.64561525787477, 0.338586141253477), x2 = c(51, 70, 
        63, 78, 55, 67, 75, 82, 61, 53, 60, 62, 77, 90, 85, 60, 
        70, 58, 61, 66, 37, 54, 77, 75, 57, 85, 82), x3 = c(30, 
        68, 45, 56, 49, 42, 50, 72, 45, 53, 47, 57, 54, 50, 64, 
        65, 46, 68, 52, 52, 42, 42, 66, 58, 44, 71, 39), x4 = c(39, 
        69, 47, 66, 44, 56, 55, 67, 47, 58, 39, 42, 72, 72, 69, 
        75, 57, 54, 62, 50, 58, 48, 63, 74, 45, 71, 59),