
expected <- structure(list(coefficients = structure(c(21.613768643648, 0.601361977380885, 
-0.0223489768835369, 0.432780660805959, 0.183139186334555, -0.20590897562864, 
-0.378283593816321), .Names = c("x1", "x2", "x3", "x4", "x5", 
"x6", "x7")), residuals = structure(c(-3.1672165493818, 4.00071208898118, 
0.278237091093742, 1.78265847940315, 3.53445528403166, -10.8088093566713, 
-9.98844151966793, -0.268346972166967, 9.58406153075777, 2.83864372834517, 
8.43831840766123, -2.85727250795828, -5.05880216728847, -1.32447905579846, 
4.36618020320861, -1.38759149634201, -5.36199441325272, 10.2003638109428, 
-1.101489215371, -7.37819540317865, -4.85194495698697, 4.71130638258405, 
-0.733628577698574, -0.32341980085551, -8.17032360556014, 7.54186593668477, 
5.5051526544847), .Names = c("1", "2", "3", "4", "5", "6", "7", 
"8", "10", "11", "13", "14", "16", "17", "18", "19", "20", "21", 
"22", "23", "24", "25", "26", "27", "28", "29", "30")), effects = structure(c(-331.591504604575, 
-52.8406667457116, 1.16535851229253, 13.6513149923323, -2.20715077266605, 
5.73097842857658, -13.1781361265849, -1.64299260150265, 10.1238853812132, 
4.93723661475662, 10.0091056075691, -7.65273699174113, -3.22824548218087, 
-4.85845430714506, 4.59206129278008, 0.956786696360269, -7.30688700286749, 
12.0364076269097, 1.46632405335331, -2.08253895035064, -3.11234023574347, 
7.63669285353894, -6.11731991239344, 0.441600112707076, -11.7621450897349, 
7.66903928504228, 4.79179685287301), .Names = c("x1", "x2", "x3", 
"x4", "x5", "x6", "x7", "", "", "", "", "", "", "", "", "", "", 
"", "", "", "", "", "", "", "", "", "")), rank = 7L, fitted.values = structure(c(46.1672165493818, 
58.9992879110188, 70.7217629089063, 59.2173415205968, 77.4655447159683, 
53.8088093566713, 67.9884415196679, 71.268346972167, 57.4159384692422, 
61.1613562716548, 60.5616815923388, 70.8572725079583, 86.0588021672885, 
75.3244790557984, 60.6338197967914, 66.387591496342, 55.3619944132527, 
39.7996361890572, 65.101489215371, 60.3781954031787, 44.851944956987, 
58.288693617416, 66.7336285776986, 78.3234198008555, 56.1703236055601, 
77.4581340633152, 76.4948473455153), .Names = c("1", "2", "3", 
"4", "5", "6", "7", "8", "10", "11", "13", "14", "16", "17", 
"18", "19", "20", "21", "22", "23", "24", "25", "26", "27", "28", 
"29", "30")), assign = 1:7, qr = structure(list(qr = structure(c(-5.19615242270663, 
0.192450089729875, 0.192450089729875, 0.192450089729875, 0.192450089729875, 
0.192450089729875, 0.192450089729875, 0.192450089729875, 0.192450089729875, 
0.192450089729875, 0.192450089729875, 0.192450089729875, 0.192450089729875, 
0.192450089729875, 0.192450089729875, 0.192450089729875, 0.192450089729875, 
0.192450089729875, 0.192450089729875, 0.192450089729875, 0.192450089729875, 
0.192450089729875, 0.192450089729875, 0.192450089729875, 0.192450089729875, 
0.192450089729875, 0.192450089729875, -342.368709629448, -68.8379740162845, 
0.0946285258367066, -0.00705953369775985, 0.210843451018954, 
-0.123274458880007, 0.0510479288933639, 0.167262854075611, -0.0361132649933217, 
-0.152328190175569, -0.0215863993455408, 0.283477779257859, 0.385165838792325, 
0.312531510553421, -0.0506401306411026, 0.0946285258367066, -0.0796938619366645, 
-0.341177443596721, -0.0361132649933217, 0.0365210632455829, 
-0.384758040540064, -0.137801324527788, 0.196316585371173, 0.167262854075611, 
-0.0942207275844454, 0.312531510553421, 0.268950913610078, -273.471577506153, 
-33.2358545059397, -53.2510494878393, -0.070052322797673, -0.00669154004805236, 
0.0814411228608679, -0.164578018240964, -0.0907237925312555, 
-0.0509579339970586, 0.175651402117566, 0.164842542970884, 0.452604748528973, 
-0.233931708535864, 0.0767098800619636, 0.334168712683665, -0.118103710985803, 
0.409600019326341, -0.0758145229588567, 0.080494874301087, 0.032758902299551, 
0.121837813768252, -0.0404644910369705, 0.190645380492463, 0.0595079883809109, 
-0.0315481290098505, 0.208162688360109, -0.364122852087635, -291.176985761301, 
-32.7887498632246, -12.0111858195518, 45.9738214702459, -0.126776264009074, 
0.146469422888452, -0.0900171792328606, 0.0462799188113019, 0.0896046789845458, 
-0.14017645812747, 0.29795177230988, 0.572139119503493, -0.225001870218563, 
-0.0840514605148644, -0.370965020032825, -0.0610621517971232, 
0.0959399796426184, 0.141459594833629, -0.182404373202978, 0.111445026063237, 
-0.3305079318491, -0.00136645725563106, 0.00943141373069283, 
-0.304983229318835, 0.099090725323558, -0.0732908932916216, -0.0800336620639995, 
-332.938655232684, -34.7369639562104, -5.90088014670624, 14.3792209278217, 
37.4113994119425, 0.0883967215325639, -0.0198516122366531, -0.0740628466497124, 
-0.0561869391807157, 0.143650962410509, 0.0957585162115162, 0.202891328143994, 
0.496629964955771, -0.0583953227028631, 0.493560590913973, -0.222497273825623, 
-0.00898153041147046, 0.138662389187789, 0.0288922640220551, 
-0.00309501892698088, 0.235702240135178, -0.201494975093204, 
-0.420636300880987, -0.0995109703715286, 0.185968080392418, 0.0301001084210261, 
0.163299733683782, -399.718836368951, -12.8966285028633, 3.01160654712888, 
-4.73350439821805, 4.59735979352548, -28.1942772589971, -0.00287761667719246, 
-0.249661794926767, -0.00948859568377518, -0.117970265657639, 
-0.00558021187644828, -0.199209671328798, 0.317284932240768, 
-0.133404062016722, 0.332544013041582, 0.0448552731781473, -0.140091680340228, 
0.161447464652556, -0.00771597663165906, 0.467325958930734, 0.0975500523440856, 
-0.159438596228906, -0.418043766402437, -0.231551785902621, -0.315763212776991, 
0.130779123224047, -0.024980520457968, -225.166604983954, -15.0934134080444, 
-18.1722398077161, 26.0474835996643, 21.444245818559, 0.196879594121507, 
34.8366578461335, 0.14705729354161, -0.00618985756719058, 0.305734326493378, 
0.273623022372559, -0.02089829241456, 0.145081260224205, -0.235154964453986, 
-0.383023065779873, 0.131276231689144, -0.162668902087105, -0.139280379473489, 
0.231815901154754, 0.101154917766755, -0.183499488917691, 0.363619915793103, 
-0.3149563476235, 0.308701642460124, -0.0996495000323696, -0.0314050090013904, 
0.0634169916306295), .Dim = c(27L, 7L), .Dimnames = list(c("1", 
"2", "3", "4", "5", "6", "7", "8", "10", "11", "13", "14", "16", 
"17", "18", "19", "20", "21", "22", "23", "24", "25", "26", "27", 
"28", "29", "30"), c("x1", "x2", "x3", "x4", "x5", "x6", "x7"
)), assign = 1:7), qraux = c(1.19245008972988, 1.00746733195002, 
1.29503368652266, 1.1027371946009, 1.06098135991712, 1.08934768376168, 
1.2900252873794), pivot = 1:7, tol = 1e-07, rank = 7L), .Names = c("qr", 
"qraux", "pivot", "tol", "rank"), class = "qr"), df.residual = 20L, 
    xlevels = structure(list(), .Names = character(0)), call = quote(lm(formula = y ~ 
        . + 0, data = structure(list(y = c(43, 63, 71, 61, 81, 
        43, 58, 71, 67, 64, 69, 68, 81, 74, 65, 65, 50, 50, 64, 
        53, 40, 63, 66, 78, 48, 85, 82), x1 = c(1, 1, 1, 1, 1, 
        1, 1, 1, 1, 1, 1, 1, 1, 1, 1, 1, 1, 1, 1, 1, 1, 1, 1, 
        1, 1, 1, 1), x2 = c(51, 64, 70, 63, 78, 55, 67, 75, 61, 
        53, 62, 83, 90, 85, 60, 70, 58, 40, 61, 66, 37, 54, 77, 
        75, 57, 85, 82), x3 = c(30, 51, 68, 45, 56, 49, 42, 50, 
        45, 53, 57, 83, 50, 64, 65, 46, 68, 33, 52, 52, 42, 42, 
        66, 58, 44, 71, 39), x4 = c(39, 54, 69, 47, 66, 44, 56, 
        55, 47, 58, 42, 45, 72, 69, 75, 57, 54, 34, 62, 50, 58, 
        48, 63, 74, 45, 71, 59), x5 = c(61, 63, 76, 54, 71, 54, 
        66, 70, 62, 58, 55, 59, 60, 79, 55, 75, 64, 43, 66, 63, 
        50, 66, 88, 80, 51, 77, 64), x6 = c(80, 83, 83, 79, 66, 
        77, 78, 75, 78, 68, 77, 77, 83, 80, 75, 84, 73, 74, 75, 
        92, 67, 74, 77, 74, 64, 86, 78), x7 = c(45, 47, 48, 35, 
        47, 34, 35, 41, 41, 34, 25, 35, 36, 63, 60, 46, 52, 33, 
        41, 37, 49, 33, 72, 49, 38, 55, 39)), .Names = c("y", 
        "x1", "x2", "x3", "x4", "x5", "x6", "x7"),