
expected <- structure(list(coefficients = structure(c(26.6513286660785, -0.321581599092359, 
0.14200799398333, 0.631984508091176, 0.320667125998973, 0.120243541544313, 
-0.330399862639347), .Names = c("x1", "x2", "x3", "x4", "x5", 
"x6", "x7")), residuals = structure(c(-5.8033590539127, 8.86252220007787, 
1.17508786103204, -4.73418341320891, 7.08293733141558, -10.1317609943329, 
-5.27268087858742, 5.2692230407347, -2.38961450442182, 0.199108123535559, 
-1.02988353805909, 11.1565732148541, 3.62209181948513, 2.1955749788076, 
-10.3171877287467, 7.20149924941709, 7.32774999572232, 0.978402847704927, 
-2.0547696101926, -6.46466241634726, 3.95926299866562, -10.0552415724183, 
-6.11306716966801, -8.63397485846253, 1.0296194764066, -2.18292087387108, 
15.12365347437), .Names = c("1", "2", "3", "4", "5", "6", "7", 
"8", "9", "10", "11", "12", "13", "14", "15", "16", "17", "18", 
"19", "20", "21", "22", "23", "24", "25", "26", "30")), effects = structure(c(-332.553755053224, 
13.6417834907349, -24.8601457527477, 33.1870194902765, 9.92773737934084, 
4.05960825277998, -13.4019179299502, 9.37619694693633, -2.79290645012648, 
3.22868489815929, -0.635981628899453, 14.6651760863504, 8.75664430986376, 
4.75394718286319, -6.93546423008944, 7.49345575524171, 7.04449137369375, 
-6.81363637218784, 0.0328371581544051, -7.28271957058003, 5.47539967180673, 
-9.3629082533693, -5.32676633315968, -11.508877072399, 4.54018799236627, 
1.83438012230091, 15.4649027543273), .Names = c("x1", "x2", "x3", 
"x4", "x5", "x6", "x7", "", "", "", "", "", "", "", "", "", "", 
"", "", "", "", "", "", "", "", "", "")), rank = 7L, fitted.values = structure(c(48.8033590539127, 
54.1374777999221, 69.824912138968, 65.7341834132089, 73.9170626685844, 
53.1317609943329, 63.2726808785874, 65.7307769592653, 74.3896145044218, 
66.8008918764644, 65.0298835380591, 55.8434267851459, 65.3779081805149, 
65.8044250211924, 87.3171877287467, 73.7985007505829, 66.6722500042777, 
64.0215971522951, 67.0547696101926, 56.4646624163473, 46.0407370013344, 
74.0552415724183, 59.113067169668, 48.6339748584625, 61.9703805235934, 
68.1829208738711, 66.87634652563), .Names = c("1", "2", "3", 
"4", "5", "6", "7", "8", "9", "10", "11", "12", "13", "14", "15", 
"16", "17", "18", "19", "20", "21", "22", "23", "24", "25", "26", 
"30")), assign = 1:7, qr = structure(list(qr = structure(c(-5.19615242270663, 
0.192450089729875, 0.192450089729875, 0.192450089729875, 0.192450089729875, 
0.192450089729875, 0.192450089729875, 0.192450089729875, 0.192450089729875, 
0.192450089729875, 0.192450089729875, 0.192450089729875, 0.192450089729875, 
0.192450089729875, 0.192450089729875, 0.192450089729875, 0.192450089729875, 
0.192450089729875, 0.192450089729875, 0.192450089729875, 0.192450089729875, 
0.192450089729875, 0.192450089729875, 0.192450089729875, 0.192450089729875, 
0.192450089729875, 0.192450089729875, -335.055606219713, -80.341401162419, 
0.306540361778089, -0.315803775572957, -0.0544192378855179, -0.0295254723914761, 
0.0576027068376704, -0.0544192378855179, 0.244305948042984, -0.35314442381402, 
0.00781517584958671, -0.178888065355727, -0.315803775572957, 
-0.129100534367643, -0.35314442381402, -0.0668661206325389, 0.219412182548942, 
0.219412182548942, 0.00781517584958671, 0.219412182548942, -0.141547417114664, 
-0.178888065355727, 0.119837120572775, 0.244305948042984, -0.0295254723914761, 
0.00781517584958671, -0.0544192378855179, -273.471577506153, 
-17.6100341087481, -59.9848563804651, 0.0167595114854428, 0.131386523515409, 
0.00814253633032098, -0.131471118749034, 0.0313612777776535, 
0.319546106256945, 0.0265813122220026, 0.0650042327522649, 0.0140879906973085, 
0.216810002960954, 0.601143730808429, 0.176619180828636, 0.0346352113565068, 
0.192726979097644, 0.20939785338727, -0.0516918872751167, 0.259410476256148, 
-0.229126050094014, 0.0974423621454382, 0.0188679562529594, -0.180580122431833, 
-0.108553583697061, 0.281725598517402, -0.152018339408232, -288.867584684543, 
-21.6737108278218, -20.1926154711825, 49.4674343169669, -0.218762427257675, 
0.173379619473155, -0.106996508940593, -0.0465505375133307, -0.0341738052911623, 
0.00232189480415119, -0.0673154880788593, 0.222210874265936, 
0.212593364529754, 0.413700874482741, -0.4278261573558, -0.393171511606033, 
-0.147401025493574, -0.260333505913433, -0.105616233290534, 0.189266521555692, 
0.215136959993061, -0.200944289856412, 0.112692482815477, -0.103019063275089, 
0.0340022757065185, -0.0597193946345824, -0.219365632664348, 
-333.131105322414, -8.48324208558071, -17.7831705033249, 22.3433897028641, 
40.8072671692154, 0.107986071286204, -0.0445645463221636, -0.113281794397117, 
0.0606959141174203, -0.0021677895001398, 0.22452571146491, -0.0702763202831917, 
0.1270191834475, 0.12515970484763, -0.018570502529604, 0.386501594619012, 
-0.126929274466539, 0.55355483716686, -0.229207670626727, 0.0304561234322174, 
0.196708623207991, 0.115920822899337, -0.0387831470988991, 0.346071968357617, 
-0.148911079151496, -0.394952934364617, 0.0581880385721977, -386.439780177589, 
-5.20510196654122, -8.21943587571823, 3.0583411750066, 22.8447400465308, 
46.1563482650312, 0.170070223910235, 0.289776477402603, -0.0526571816271462, 
-0.0576078977256781, 0.151397422336147, 0.114788900709517, 0.335921823408402, 
0.165538527148211, 0.0230070209573402, 0.336248250611943, 0.0572176797979613, 
-0.222436179902633, -0.106692508533647, 0.0668130492775061, 0.160513935359907, 
-0.0941730967906017, -0.0291995372483655, 0.251803634142081, 
0.0738890670484926, 0.251718077195667, -0.101902183767766, -220.547802830437, 
-22.2453454428702, -9.41409526519296, 16.9738841399341, 17.8715091022394, 
4.51088119545292, 40.5627224626884, 0.0540822982576631, 0.468118377235422, 
-0.127685847871707, 0.152241104728676, -0.129537216436091, 0.122232366964377, 
-0.0327980256036833, -0.0386731457156764, 0.114918394682692, 
-0.240313894744211, -0.358272985687795, 0.0722973724956654, -0.173858770681773, 
-0.0637729556264159, 0.0212574418321775, 0.17942817687002, -0.179595780441067, 
0.247030600390828, -0.511408383327149, 0.128380153828077), .Dim = c(27L, 
7L), .Dimnames = list(c("1", "2", "3", "4", "5", "6", "7", "8", 
"9", "10", "11", "12", "13", "14", "15", "16", "17", "18", "19", 
"20", "21", "22", "23", "24", "25", "26", "30"), c("x1", "x2", 
"x3", "x4", "x5", "x6", "x7")), assign = 1:7), qraux = c(1.19245008972988, 
1.24430594804298, 1.23649294120418, 1.01120351182165, 1.04478902646464, 
1.58684094726156, 1.24775971410178), pivot = 1:7, tol = 1e-07, 
    rank = 7L), .Names = c("qr", "qraux", "pivot", "tol", "rank"
), class = "qr"), df.residual = 20L, xlevels = structure(list(), .Names = character(0)), 
    call = quote(lm(formula = y ~ . + 0, data = structure(list(y = c(43, 
        63, 71, 61, 81, 43, 58, 71, 72, 67, 64, 67, 69, 68, 77, 
        81, 74, 65, 65, 50, 50, 64, 53, 40, 63, 66, 82), x1 = c(1, 
        1, 1, 1, 1, 1, 1, 1, 1, 1, 1, 1, 1, 1, 1, 1, 1, 1, 1, 
        1, 1, 1, 1, 1, 1, 1, 1), x2 = c(70, 85, 90, 40, 61, 63, 
        70, 61, 85, 37, 66, 51, 40, 55, 37, 60, 83, 83, 66, 83, 
        54, 51, 75, 85, 63, 66, 61), x3 = c(30, 51, 68, 45, 56, 
        49, 42, 50, 72, 45, 53, 47, 57, 83, 54, 50, 64, 65, 46, 
        68, 33, 52, 52, 42, 42, 66, 39), x4 = c(39, 54, 69, 47, 
        66, 44, 56, 55, 67, 47, 58, 39, 42, 45, 72, 72, 69, 75, 
        57, 54, 34, 62, 50, 58, 48, 63, 59), x5 = c(61, 63, 76, 
        54, 71, 54, 66, 70, 71, 62, 58, 59, 55, 59, 79, 60, 79, 
        55, 75, 64, 43, 66, 63, 50, 66, 88, 64), x6 = c(92, 73, 
        86, 84, 83, 49, 68, 66, 83, 80, 67, 74, 63, 77, 77, 54, 
        79, 80, 85, 78, 64, 80, 80, 57, 75, 76, 78), x7 = c(45, 
        47, 48, 35, 47, 34, 35, 41, 31, 41, 34, 41, 25, 35, 46, 
        36, 63, 60, 46, 52, 33, 41, 37, 49, 33, 72, 39)), .Names = c("y", 
        "x1", "x2", "x3", "x4", "x5", "x6", "x7"),