
expected <- structure(list(coefficients = structure(c(-4.09022869005434, 
0.617899324988746, 0.163484231755851, 0.266623706980275, 0.0983001614976246, 
0.120951263294355, -0.260055360789394), .Names = c("x1", "x2", 
"x3", "x4", "x5", "x6", "x7")), residuals = structure(c(-8.74347634681973, 
-1.42362341031833, -3.06665119943787, 0.398742043975863, 7.3079461203152, 
-10.3372168569981, 0.563349332003708, -8.75464489100621, 7.09395007057178, 
8.74015210283568, 6.26726110151547, -5.8691655555805, -1.26433050469898, 
-3.41147744497743, -3.08422575454619, 4.36599128086222, -1.91743598680926, 
-5.21448018173276, 8.25842448092843, 1.00926767392396, -3.92921380749474, 
4.79328172741131, -1.57824870695463, 2.96094616996437, -7.65504945724325, 
8.5557040609829, 5.93422393932704), .Names = c("1", "2", "3", 
"4", "5", "6", "8", "9", "10", "12", "13", "14", "15", "16", 
"17", "18", "19", "20", "21", "22", "24", "25", "26", "27", "28", 
"29", "30")), effects = structure(c(-339.4819582835, 54.8283956586102, 
-5.96227710157101, 7.70682103527929, 0.243376277880619, 4.62207001782198, 
-9.85854151327349, -10.4611616489589, 8.44972925472663, 11.6281742937054, 
7.69055890876731, -5.31140078272655, 0.585712345743924, -3.30292774842503, 
0.772212802557869, 2.09593637779495, 0.305551890997876, -2.92688726337963, 
9.44862388026169, 0.878320630579638, -2.08945179814864, 6.75961312878943, 
6.66550068198076, 4.93118963475077, -9.02666008403833, 11.5499361171852, 
5.67896977273287), .Names = c("x1", "x2", "x3", "x4", "x5", "x6", 
"x7", "", "", "", "", "", "", "", "", "", "", "", "", "", "", 
"", "", "", "", "", "")), rank = 7L, fitted.values = structure(c(51.7434763468197, 
64.4236234103183, 74.0666511994379, 60.6012579560241, 73.6920538796848, 
53.3372168569981, 70.4366506679963, 80.7546448910062, 59.9060499294282, 
58.2598478971643, 62.7327388984845, 73.8691655555805, 78.264330504699, 
84.4114774449774, 77.0842257545462, 60.6340087191378, 66.9174359868093, 
55.2144801817328, 41.7415755190716, 62.990732326076, 43.9292138074947, 
58.2067182725887, 67.5782487069546, 75.0390538300356, 55.6550494572433, 
76.4442959390171, 76.065776060673), .Names = c("1", "2", "3", 
"4", "5", "6", "8", "9", "10", "12", "13", "14", "15", "16", 
"17", "18", "19", "20", "21", "22", "24", "25", "26", "27", "28", 
"29", "30")), assign = 1:7, qr = structure(list(qr = structure(c(-5.19615242270663, 
0.192450089729875, 0.192450089729875, 0.192450089729875, 0.192450089729875, 
0.192450089729875, 0.192450089729875, 0.192450089729875, 0.192450089729875, 
0.192450089729875, 0.192450089729875, 0.192450089729875, 0.192450089729875, 
0.192450089729875, 0.192450089729875, 0.192450089729875, 0.192450089729875, 
0.192450089729875, 0.192450089729875, 0.192450089729875, 0.192450089729875, 
0.192450089729875, 0.192450089729875, 0.192450089729875, 0.192450089729875, 
0.192450089729875, 0.192450089729875, -348.719562590534, 70.3467601717852, 
-0.0780287364412797, 0.0214783337195374, -0.191751102339356, 
0.135200699617614, -0.149105215127578, -0.248612285288395, 0.0499089251940565, 
0.0641242209313161, 0.035693629456797, -0.262827581025654, -0.177535806602097, 
-0.362334651186471, -0.291258172500173, 0.0641242209313161, -0.0780287364412797, 
0.0925548124058353, 0.348430135676508, 0.0499089251940565, 0.391076022888286, 
0.149415995354874, -0.177535806602097, -0.149105215127578, 0.106770108143095, 
-0.291258172500173, -0.248612285288395, -279.629980377509, -5.01010200873194, 
-46.1841201273357, -0.260322601244296, -0.10935603791871, 0.00704482046198158, 
0.150593667472042, -0.058993804482678, -0.0365003815710807, 0.237804208520678, 
0.252159093221684, 0.121403350139986, 0.316515800411189, 0.431475015001748, 
0.222368090977072, -0.108635216023644, -0.210080504790775, -0.296209812996811, 
-0.187226670931644, -0.209720093843242, 0.051070570425088, -0.0217850859225416, 
0.0133813039349074, 0.0423313473019415, -0.238429863245254, -0.102418869533229, 
0.0492685156874225, -293.87128701752, 38.6703428372584, -0.487616523666308, 
49.54829443726, -0.121153378544376, 0.093556915703843, 0.117649805131015, 
-0.0879842871283749, 0.0903126083969753, 0.293178655137481, 0.257241518202596, 
0.401385631437491, -0.171917915857424, -0.007822164214073, -0.0418535501341466, 
-0.499492695427229, -0.0462152555115279, -0.133327375041182, 
0.0942794521418786, -0.245476078657586, -0.377430611746432, -0.00360904581911791, 
-0.0481210065263394, -0.286473044842256, 0.0484038187140914, 
-0.144193982544419, 0.0941329393429877, -337.172557206741, 36.836569687152, 
2.1652590434861, 16.9983591477611, 37.8695291746358, 0.0786889094459599, 
-0.0562771955048914, 0.117422522481413, -0.0509874754362931, 
-0.0766014756661024, 0.0816122177670904, 0.167648226965299, -0.0641127261739913, 
0.535048019223062, -0.0435402035349308, 0.476928483417748, -0.204068153704622, 
-0.0409599960132516, 0.130631908420374, 0.0297058949716505, 0.227185124806863, 
-0.195719518211823, -0.417898600381894, -0.0831534182153807, 
0.18263972819957, 0.0309015033028518, 0.203066615580073, -390.288781972187, 
8.70923785502774, 23.5754253057209, 2.16031425047845, 17.9496867436895, 
41.76310515812, 0.311301158784527, -0.0719447399802481, -0.0361389999344643, 
0.0375926252135332, 0.24664862029603, 0.0175179140856523, 0.00432826161560708, 
0.364025387336067, 0.016169189649809, -0.229418448224998, -0.0110193659656777, 
0.0643541881316495, 0.227817510025096, -0.0239094571749086, 0.264754437994037, 
0.0983158431091317, 0.250303434839221, 0.0552583232723634, -0.154745676584581, 
0.200464554613689, -0.0107950854561695, -227.476006060713, 10.7846710326676, 
5.17664531548199, 28.5945387423989, 21.7270731357395, 1.65053436639303, 
37.9093954585211, 0.412236023117991, 0.0195162084265284, -0.172708428676261, 
0.173927845317183, -0.190409536286597, 0.17020116191878, -0.0789455199934232, 
-0.386461107638962, -0.234517702796772, 0.136821460931816, -0.077272625132587, 
0.0381493618301507, 0.288214553177889, -0.023191718726001, 0.372633520588068, 
-0.42888783896111, 0.208248597657261, 0.00255024897130711, -0.130444539693678, 
-0.0291840929277787), .Dim = c(27L, 7L), .Dimnames = list(c("1", 
"2", "3", "4", "5", "6", "8", "9", "10", "12", "13", "14", "15", 
"16", "17", "18", "19", "20", "21", "22", "24", "25", "26", "27", 
"28", "29", "30"), c("x1", "x2", "x3", "x4", "x5", "x6", "x7"
)), assign = 1:7), qraux = c(1.19245008972988, 1.00726303798228, 
1.35288356009375, 1.06947355905594, 1.07473758910986, 1.61820387756182, 
1.00031591299369), pivot = 1:7, tol = 1e-07, rank = 7L), .Names = c("qr", 
"qraux", "pivot", "tol", "rank"), class = "qr"), df.residual = 20L, 
    xlevels = structure(list(), .Names = character(0)), call = quote(lm(formula = y ~ 
        . + 0, data = structure(list(y = c(43, 63, 71, 61, 81, 
        43, 71, 72, 67, 67, 69, 68, 77, 81, 74, 65, 65, 50, 50, 
        64, 40, 63, 66, 78, 48, 85, 82), x1 = c(1, 1, 1, 1, 1, 
        1, 1, 1, 1, 1, 1, 1, 1, 1, 1, 1, 1, 1, 1, 1, 1, 1, 1, 
        1, 1, 1, 1), x2 = c(51, 64, 70, 63, 78, 55, 75, 82, 61, 
        60, 62, 83, 77, 90, 85, 60, 70, 58, 40, 61, 37, 54, 77, 
        75, 57, 85, 82), x3 = c(52, 72, 68, 42, 44, 57, 57, 45, 
        53, 66, 66, 53, 64, 65, 57, 50, 42, 42, 53, 45, 65, 56, 
        50, 52, 45, 42, 50), x4 = c(39, 54, 69, 47, 66, 44, 55, 
        67, 47, 39, 42, 45, 72, 72, 69, 75, 57, 54, 34, 62, 58, 
        48, 63, 74, 45, 71, 59), x5 = c(61, 63, 76, 54, 71, 54, 
        70, 71, 62, 59, 55, 59, 79, 60, 79, 55, 75, 64, 43, 66, 
        50, 66, 88, 80, 51, 77, 64), x6 = c(92, 73, 86, 84, 83, 
        49, 66, 83, 80, 74, 63, 77, 77, 54, 79, 80, 85, 78, 64, 
        80, 57, 75, 76, 78, 83, 74, 78), x7 = c(45, 47, 48, 35, 
        47, 34, 41, 31, 41, 41, 25, 35, 46, 36, 63, 60, 46, 52, 
        33, 41, 49, 33, 72, 49, 38, 55, 39)), .Names = c("y", 
        "x1", "x2", "x3", "x4", "x5", "x6", "x7"),