
expected <- structure(list(coefficients = structure(c(26.1560632831726, 0.614030724770635, 
0.0390091606135307, 0.03946910314996, 0.194252991224911, -0.192695861788576, 
-0.0922680074694979), .Names = c("x1", "x2", "x3", "x4", "x5", 
"x6", "x7")), residuals = structure(c(-7.93993499477176, -0.133088893368393, 
3.67053455867484, 8.97474060706201, -9.71171312905967, -2.42642054634293, 
-5.21332263174834, 6.45894498575314, 6.15883644617117, 7.21092325523919, 
3.39242095502735, -7.72579379067335, 2.74591523560959, -2.42857278131379, 
-3.01043777088278, 7.12937185669828, -2.0884029279797, 3.67795669694796, 
2.01417786505918, -10.9739685456981, -6.6159548699438, 3.76404655699031, 
-8.30366838350857, 4.81690321361918, -7.72626379756941, 6.3639116154235, 
7.91885921458493), .Names = c("1", "2", "3", "5", "7", "8", "9", 
"10", "11", "12", "13", "14", "15", "16", "17", "18", "19", "21", 
"22", "23", "24", "25", "26", "27", "28", "29", "30")), effects = structure(c(-343.523410167827, 
49.3571362451374, -0.900494662017867, 2.53952387179175, -1.7864560848654, 
-8.16559605377297, -3.66168627449975, 8.22300806450212, 6.07462128887946, 
5.42826116516307, 6.00234596372282, -12.43083393146, 6.43723349886567, 
-4.23182490037378, -4.0774940221848, 5.7272292431485, 0.929926612255206, 
1.05884648896862, 5.63648046242736, -11.4604689514339, -6.84279357228132, 
10.2368438054374, -4.86652525626193, 9.44587678377559, -7.48379942304238, 
5.04074143782014, 8.46476714870542), .Names = c("x1", "x2", "x3", 
"x4", "x5", "x6", "x7", "", "", "", "", "", "", "", "", "", "", 
"", "", "", "", "", "", "", "", "", "")), rank = 7L, fitted.values = structure(c(50.9399349947718, 
63.1330888933684, 67.3294654413252, 72.025259392938, 67.7117131290597, 
73.4264205463429, 77.2133226317483, 60.5410550142469, 57.8411635538288, 
59.7890767447608, 65.6075790449727, 75.7257937906734, 74.2540847643904, 
83.4285727813138, 77.0104377708828, 57.8706281433017, 67.0884029279797, 
46.322043303052, 61.9858221349408, 63.9739685456981, 46.6159548699438, 
59.2359534430097, 74.3036683835086, 73.1830967863808, 55.7262637975694, 
78.6360883845765, 74.0811407854151), .Names = c("1", "2", "3", 
"5", "7", "8", "9", "10", "11", "12", "13", "14", "15", "16", 
"17", "18", "19", "21", "22", "23", "24", "25", "26", "27", "28", 
"29", "30")), assign = 1:7, qr = structure(list(qr = structure(c(-5.19615242270663, 
0.192450089729875, 0.192450089729875, 0.192450089729875, 0.192450089729875, 
0.192450089729875, 0.192450089729875, 0.192450089729875, 0.192450089729875, 
0.192450089729875, 0.192450089729875, 0.192450089729875, 0.192450089729875, 
0.192450089729875, 0.192450089729875, 0.192450089729875, 0.192450089729875, 
0.192450089729875, 0.192450089729875, 0.192450089729875, 0.192450089729875, 
0.192450089729875, 0.192450089729875, 0.192450089729875, 0.192450089729875, 
0.192450089729875, 0.192450089729875, -350.644063487833, 69.9910047130397, 
-0.0739876890014511, -0.188288091357435, -0.0311250381179571, 
-0.145425440473941, -0.245438292535427, 0.0546002636490308, 0.168900666005015, 
0.0688878139435288, 0.0403127133545328, -0.259725842829925, -0.174000541062937, 
-0.359738694891411, -0.288300943418921, 0.0688878139435288, -0.0739876890014511, 
0.354638819833489, 0.0546002636490308, -0.0168374878234591, 0.397501470716983, 
0.154613115710517, -0.174000541062937, -0.145425440473941, 0.111750464827023, 
-0.288300943418921, -0.245438292535427, -275.588528493181, 38.4409186516115, 
-50.5891167760729, -0.00316766421737167, -0.167031203886066, 
-0.0909859330561284, 0.272060140307717, -0.0461612801759294, 
0.194067007807626, 0.00363435324785844, 0.18078245036209, 0.479236773419893, 
-0.0324404204969572, -0.244907511637645, 0.0831390451846672, 
0.359442106913039, -0.118747129898996, -0.0678762392719259, 0.092208401804974, 
0.0409012089444684, 0.140811953276968, -0.0336325024487515, 0.204764748613163, 
0.0671508463506184, -0.0248826233133682, 0.221508727165571, -0.380254074745113, 
-293.29393674833, 8.23280398080741, -1.5829295421214, 54.2990049572269, 
0.0163016555119952, 0.096848459442665, -0.297462739058106, -0.0499569776090433, 
0.0944213348696859, 0.30558868071407, -0.358327576986385, 0.134036101270935, 
-0.0321584335505514, 0.210812551754092, 0.262971515329888, -0.249396420052598, 
0.0594134927776419, 0.315182327774534, -0.256576244924545, 0.180436900279136, 
0.0093719958059932, -0.379587463546121, -0.0890672570961224, 
-0.186644672828663, -0.12747826513961, 0.222101141702025, 0.139888817774047, 
-340.05930855269, 35.7220507474215, -2.99208838484361, 7.71354392780524, 
-39.3211190613443, 0.0376470953152996, -0.194091544183517, -0.018086887947959, 
-0.035636779701964, -0.0179358344157674, -0.324360363235682, 
-0.468949769669961, 0.199711357082796, -0.360382620179563, 0.127870906939748, 
-0.314554394133147, 0.230435325721386, -0.137925412121071, 0.00976704171161824, 
-0.0312851969672856, -0.0297586336662217, 0.10630879392305, 0.363906468774296, 
0.197669546543056, -0.264929520480511, 0.037673115967273, -0.135693953331506, 
-391.058582331106, 6.68128185253085, -3.59575616558608, 9.39596180072912, 
-15.7163587887508, 40.9918060574594, 0.0152775197851513, -0.0694578161317002, 
0.238419375678675, 0.0277900448518138, 0.393233683126838, 0.0960786651198351, 
0.102855693902987, 0.546040450136696, 0.0519902275360319, -0.00909915001070188, 
-0.146886708316531, 0.156479395399099, -0.00531488544018653, 
-0.069819166157466, 0.421674745700858, 0.0979933689397239, 0.209843240899955, 
0.113953294106087, -0.182055875689198, 0.193472449430643, -0.0515154067616749, 
-224.589254714764, 11.8745418003161, -11.0954592247823, -7.67952879043293, 
-30.5990308836801, 2.88989289541981, 39.6853294540931, 0.0262568854386161, 
0.228381976925057, 0.108345284141619, 0.184362487943092, 0.157315975389496, 
0.0557595678927274, -0.0382312853465252, -0.279187997403571, 
-0.563917352820457, 0.0847293441522606, 0.145523201125092, 0.0236108689398117, 
0.214201981120771, -0.255388632611416, 0.179349311392695, -0.466585086338527, 
-0.036689231277194, -0.0469852054116494, -0.119018052269278, 
0.0191421338828463), .Dim = c(27L, 7L), .Dimnames = list(c("1", 
"2", "3", "5", "7", "8", "9", "10", "11", "12", "13", "14", "15", 
"16", "17", "18", "19", "21", "22", "23", "24", "25", "26", "27", 
"28", "29", "30"), c("x1", "x2", "x3", "x4", "x5", "x6", "x7"
)), assign = 1:7), qraux = c(1.19245008972988, 1.01173761276554, 
1.31612901346956, 1.0230456542828, 1.04366976188551, 1.30546844478226, 
1.26111989719261), pivot = 1:7, tol = 1e-07, rank = 7L), .Names = c("qr", 
"qraux", "pivot", "tol", "rank"), class = "qr"), df.residual = 20L, 
    xlevels = structure(list(), .Names = character(0)), call = quote(lm(formula = y ~ 
        . + 0, data = structure(list(y = c(43, 63, 71, 81, 58, 
        71, 72, 67, 64, 67, 69, 68, 77, 81, 74, 65, 65, 50, 64, 
        53, 40, 63, 66, 78, 48, 85, 82), x1 = c(1, 1, 1, 1, 1, 
        1, 1, 1, 1, 1, 1, 1, 1, 1, 1, 1, 1, 1, 1, 1, 1, 1, 1, 
        1, 1, 1, 1), x2 = c(51, 64, 70, 78, 67, 75, 82, 61, 53, 
        60, 62, 83, 77, 90, 85, 60, 70, 40, 61, 66, 37, 54, 77, 
        75, 57, 85, 82), x3 = c(30, 51, 68, 56, 42, 50, 72, 45, 
        53, 47, 57, 83, 54, 50, 64, 65, 46, 33, 52, 52, 42, 42, 
        66, 58, 44, 71, 39), x4 = c(59, 47, 45, 59, 58, 55, 75, 
        59, 47, 39, 74, 50, 62, 54, 47, 66, 56, 34, 69, 47, 48, 
        75, 63, 69, 62, 48, 57), x5 = c(61, 63, 76, 71, 66, 70, 
        71, 62, 58, 59, 55, 59, 79, 60, 79, 55, 75, 43, 66, 63, 
        50, 66, 88, 80, 51, 77, 64), x6 = c(92, 73, 86, 83, 68, 
        66, 83, 80, 67, 74, 63, 77, 77, 54, 79, 80, 85, 64, 80, 
        80, 57, 75, 76, 78, 83, 74, 78), x7 = c(45, 47, 48, 47, 
        35, 41, 31, 41, 34, 41, 25, 35, 46, 36, 63, 60, 46, 33, 
        41, 37, 49, 33, 72, 49, 38, 55, 39)), .Names = c("y", 
        "x1", "x2", "x3", "x4", "x5", "x6", "x7"),