
expected <- structure(list(coefficients = structure(c(0.439085563452895, 
0.582961951375948, -0.00600184191571624, 0.516988351223766, 0.0532752609812817, 
0.135561224397911, -0.389906040322373), .Names = c("x1", "x2", 
"x3", "x4", "x5", "x6", "x7")), residuals = structure(c(-5.00863570795335, 
3.13954768023806, -1.33013259967614, -1.07772995748455, 5.71499341679547, 
-8.48432511153828, -8.85822359840153, 2.60036730688916, 9.18297612871836, 
3.86784141963751, 9.32302220605636, -3.04651637014185, -5.46876048731615, 
-1.68620684787057, 0.818515850268264, -2.32876585123378, -4.34962208754138, 
9.91063379439611, -1.316735202303, -11.2798872985437, -3.29365794373652, 
6.07417266686452, 2.06053585138742, 1.79759434759892, -8.29997930431329, 
6.0934881864276, 5.24548951277631), .Names = c("1", "2", "3", 
"4", "5", "6", "7", "8", "10", "11", "13", "14", "16", "17", 
"18", "19", "20", "21", "22", "23", "24", "25", "26", "27", "28", 
"29", "30")), effects = structure(c(-331.591504604575, -52.8406667457116, 
1.16535851229253, 13.6513149923323, -5.83947310633152, -0.168261360206742, 
-12.4558433781912, 3.29168437627404, 9.20256520906405, 9.70885232006367, 
13.0229192499411, -3.29162864190921, -2.46601588898552, -0.488890045658677, 
1.57092833156741, -1.93286608133209, -6.29299900169185, 12.9556848498136, 
0.138527148786239, -8.53560716057283, -0.393643855926464, 9.39791474429038, 
1.64094712170927, 1.57867851363682, -6.59482391369372, 8.93830156431046, 
4.10283549374188), .Names = c("x1", "x2", "x3", "x4", "x5", "x6", 
"x7", "", "", "", "", "", "", "", "", "", "", "", "", "", "", 
"", "", "", "", "", "")), rank = 7L, fitted.values = structure(c(48.0086357079534, 
59.8604523197619, 72.3301325996761, 62.0777299574846, 75.2850065832045, 
51.4843251115383, 66.8582235984015, 68.3996326931108, 57.8170238712816, 
60.1321585803625, 59.6769777939436, 71.0465163701418, 86.4687604873161, 
75.6862068478706, 64.1814841497317, 67.3287658512338, 54.3496220875414, 
40.0893662056039, 65.316735202303, 64.2798872985437, 43.2936579437365, 
56.9258273331355, 63.9394641486126, 76.2024056524011, 56.2999793043133, 
78.9065118135724, 76.7545104872237), .Names = c("1", "2", "3", 
"4", "5", "6", "7", "8", "10", "11", "13", "14", "16", "17", 
"18", "19", "20", "21", "22", "23", "24", "25", "26", "27", "28", 
"29", "30")), assign = 1:7, qr = structure(list(qr = structure(c(-5.19615242270663, 
0.192450089729875, 0.192450089729875, 0.192450089729875, 0.192450089729875, 
0.192450089729875, 0.192450089729875, 0.192450089729875, 0.192450089729875, 
0.192450089729875, 0.192450089729875, 0.192450089729875, 0.192450089729875, 
0.192450089729875, 0.192450089729875, 0.192450089729875, 0.192450089729875, 
0.192450089729875, 0.192450089729875, 0.192450089729875, 0.192450089729875, 
0.192450089729875, 0.192450089729875, 0.192450089729875, 0.192450089729875, 
0.192450089729875, 0.192450089729875, -342.368709629448, -68.8379740162845, 
0.0946285258367066, -0.00705953369775985, 0.210843451018954, 
-0.123274458880007, 0.0510479288933639, 0.167262854075611, -0.0361132649933217, 
-0.152328190175569, -0.0215863993455408, 0.283477779257859, 0.385165838792325, 
0.312531510553421, -0.0506401306411026, 0.0946285258367066, -0.0796938619366645, 
-0.341177443596721, -0.0361132649933217, 0.0365210632455829, 
-0.384758040540064, -0.137801324527788, 0.196316585371173, 0.167262854075611, 
-0.0942207275844454, 0.312531510553421, 0.268950913610078, -273.471577506153, 
-33.2358545059397, -53.2510494878393, -0.070052322797673, -0.00669154004805236, 
0.0814411228608679, -0.164578018240964, -0.0907237925312555, 
-0.0509579339970586, 0.175651402117566, 0.164842542970884, 0.452604748528973, 
-0.233931708535864, 0.0767098800619636, 0.334168712683665, -0.118103710985803, 
0.409600019326341, -0.0758145229588567, 0.080494874301087, 0.032758902299551, 
0.121837813768252, -0.0404644910369705, 0.190645380492463, 0.0595079883809109, 
-0.0315481290098505, 0.208162688360109, -0.364122852087635, -291.176985761301, 
-32.7887498632246, -12.0111858195518, 45.9738214702459, -0.126776264009074, 
0.146469422888452, -0.0900171792328606, 0.0462799188113019, 0.0896046789845458, 
-0.14017645812747, 0.29795177230988, 0.572139119503493, -0.225001870218563, 
-0.0840514605148644, -0.370965020032825, -0.0610621517971232, 
0.0959399796426184, 0.141459594833629, -0.182404373202978, 0.111445026063237, 
-0.3305079318491, -0.00136645725563106, 0.00943141373069283, 
-0.304983229318835, 0.099090725323558, -0.0732908932916216, -0.0800336620639995, 
-304.263591862933, -14.0862173897982, 3.35414828193393, 2.47667652091258, 
40.9739052206105, -0.0768179649652111, 0.0429273471318953, 0.0325901824933233, 
0.0674664384131197, -0.1610933525953, 0.0288420867816058, 0.176367255630606, 
0.0272077395180238, -0.462002198794598, 0.0214377503967983, -0.0514860936560726, 
0.275630515455794, -0.110400081634064, 0.15537223059134, -0.146752336044461, 
-0.0365554067741708, -0.0554760701799533, -0.490644009781906, 
0.242776181103236, -0.0736435712646338, -0.385572967643134, 0.230271534661978, 
-386.632230267319, -8.06563862688463, -1.53998245972937, -0.682271547394574, 
-7.80668459671826, 51.3194176430883, 0.155756211551721, 0.231419303488018, 
-0.0369156891168026, 0.160582835602057, 0.348908593196523, 0.21179981449606, 
0.420444044092107, -0.109783806626475, -0.0553172923843064, -0.18132938407157, 
0.112863393840039, 0.218098076577363, -0.0370151316469195, -0.0615233954693499, 
0.329818530448656, 0.0155557480038573, -0.0357580596068491, 0.0151087298563274, 
-0.12544338634004, 0.025076074670917, -0.0115669292042746, -225.166604983954, 
-15.0934134080444, -18.1722398077161, 26.0474835996643, 17.8609309878978, 
18.2741063600874, 31.9457563875973, -0.0407345565830229, -0.0692558463223755, 
0.445945788187083, 0.187528188108994, -0.0805769889750002, 0.338434087497237, 
-0.0030482529588806, -0.00774565222252705, 0.0928455827103179, 
-0.398763798533901, -0.0802390205447073, 0.206557659148237, 0.248567793505292, 
-0.153267094321197, 0.256646031478763, -0.402512624752364, 0.105643785608339, 
0.111943544845796, 0.196807282412754, 0.0701784943702268), .Dim = c(27L, 
7L), .Dimnames = list(c("1", "2", "3", "4", "5", "6", "7", "8", 
"10", "11", "13", "14", "16", "17", "18", "19", "20", "21", "22", 
"23", "24", "25", "26", "27", "28", "29", "30"), c("x1", "x2", 
"x3", "x4", "x5", "x6", "x7")), assign = 1:7), qraux = c(1.19245008972988, 
1.00746733195002, 1.29503368652266, 1.1027371946009, 1.25772011080824, 
1.55783969963469, 1.20288570058943), pivot = 1:7, tol = 1e-07, 
    rank = 7L), .Names = c("qr", "qraux", "pivot", "tol", "rank"
), class = "qr"), df.residual = 20L, xlevels = structure(list(), .Names = character(0)), 
    call = quote(lm(formula = y ~ . + 0, data = structure(list(y = c(43, 
        63, 71, 61, 81, 43, 58, 71, 67, 64, 69, 68, 81, 74, 65, 
        65, 50, 50, 64, 53, 40, 63, 66, 78, 48, 85, 82), x1 = c(1, 
        1, 1, 1, 1, 1, 1, 1, 1, 1, 1, 1, 1, 1, 1, 1, 1, 1, 1, 
        1, 1, 1, 1, 1, 1, 1, 1), x2 = c(51, 64, 70, 63, 78, 55, 
        67, 75, 61, 53, 62, 83, 90, 85, 60, 70, 58, 40, 61, 66, 
        37, 54, 77, 75, 57, 85, 82), x3 = c(30, 51, 68, 45, 56, 
        49, 42, 50, 45, 53, 57, 83, 50, 64, 65, 46, 68, 33, 52, 
        52, 42, 42, 66, 58, 44, 71, 39), x4 = c(39, 54, 69, 47, 
        66, 44, 56, 55, 47, 58, 42, 45, 72, 69, 75, 57, 54, 34, 
        62, 50, 58, 48, 63, 74, 45, 71, 59), x5 = c(55, 55, 54, 
        59, 50, 59, 58, 59, 55, 62, 55, 50, 63, 80, 55, 62, 43, 
        59, 51, 64, 55, 59, 79, 50, 60, 76, 54), x6 = c(92, 73, 
        86, 84, 83, 49, 68, 66, 80, 67, 63, 77, 54, 79, 80, 85, 
        78, 64, 80, 80, 57, 75, 76, 78, 83, 74, 78), x7 = c(45, 
        47, 48, 35, 47, 34, 35, 41, 41, 34, 25, 35, 36, 63, 60, 
        46, 52, 33, 41, 37, 49, 33, 72, 49, 38, 55, 39)), .Names = c("y", 
        "x1", "x2", "x3", "x4", "x5", "x6", "x7"),