
expected <- structure(list(coefficients = structure(c(14.6082662685606, 0.714287141298761, 
-0.131259585844452, 0.221153605722037, -0.161483968186876, 0.0973747362168536
), .Names = c("x1", "x2", "x3", "x4", "x5", "x6")), residuals = structure(c(-11.8320671951744, 
0.494435109338647, 3.9562411506815, -2.55523783644232, 6.81499417504028, 
-10.2443257779184, -7.30074421295689, 2.09687429431189, -3.16315462236556, 
6.55470713651762, 8.50632698879251, 9.40053880802208, 11.0462857923409, 
-2.92176619443191, 3.81596067311403, -2.82338696971067, -3.11702925409912, 
0.571497257180256, -2.34173570120203, -6.31381879641049, 4.34441933196367, 
1.80215602434573, -10.5998883180443, -5.82705857804276, 8.07259431618532, 
-2.06781139535546, 3.63099379431994), .Names = c("1", "2", "3", 
"4", "5", "6", "7", "8", "9", "10", "11", "12", "13", "14", "15", 
"16", "17", "18", "19", "20", "21", "22", "23", "24", "25", "26", 
"30")), effects = structure(c(-332.553755053224, -47.3569455303206, 
4.84740410534456, 8.393226700135, -3.79798831725931, 4.49455483811566, 
-3.74544841019854, 6.20168426723598, -4.25383051720184, 8.85528942191222, 
9.78317813636595, 12.6423103673187, 13.4623908604823, -4.2689343022763, 
6.32515748075777, -2.90504169013762, -1.48415832923858, -3.95238135745747, 
0.958250261214356, -5.46896502463831, 7.10766457964813, 2.72309671359852, 
-9.12312043291083, -3.94963752636797, 12.4674932155899, 3.41377972809031, 
4.44920175450159), .Names = c("x1", "x2", "x3", "x4", "x5", "x6", 
"", "", "", "", "", "", "", "", "", "", "", "", "", "", "", "", 
"", "", "", "", "")), rank = 6L, fitted.values = structure(c(54.8320671951744, 
62.5055648906614, 67.0437588493185, 63.5552378364423, 74.1850058249597, 
53.2443257779184, 65.3007442129569, 68.9031257056881, 75.1631546223656, 
60.4452928634824, 55.4936730112075, 57.5994611919779, 57.9537142076591, 
70.9217661944319, 73.184039326886, 83.8233869697107, 77.1170292540991, 
64.4285027428197, 67.341735701202, 56.3138187964105, 45.6555806680363, 
62.1978439756543, 63.5998883180443, 45.8270585780428, 54.9274056838147, 
68.0678113953555, 78.3690062056801), .Names = c("1", "2", "3", 
"4", "5", "6", "7", "8", "9", "10", "11", "12", "13", "14", "15", 
"16", "17", "18", "19", "20", "21", "22", "23", "24", "25", "26", 
"30")), assign = 1:6, qr = structure(list(qr = structure(c(-5.19615242270663, 
0.192450089729875, 0.192450089729875, 0.192450089729875, 0.192450089729875, 
0.192450089729875, 0.192450089729875, 0.192450089729875, 0.192450089729875, 
0.192450089729875, 0.192450089729875, 0.192450089729875, 0.192450089729875, 
0.192450089729875, 0.192450089729875, 0.192450089729875, 0.192450089729875, 
0.192450089729875, 0.192450089729875, 0.192450089729875, 0.192450089729875, 
0.192450089729875, 0.192450089729875, 0.192450089729875, 0.192450089729875, 
0.192450089729875, 0.192450089729875, -342.753609808908, -68.0364825881156, 
0.0948302518508885, -0.00805572540306698, 0.212414225855409, 
-0.125639699407587, 0.0507362615991933, 0.168320235603714, 0.271206212857669, 
-0.0374517189041971, -0.155035692908718, -0.0521497156547622, 
-0.022753722153632, 0.285904209608234, 0.197716229104844, 0.38879018686219, 
0.315300203109364, -0.0521497156547622, 0.0948302518508885, -0.0815457091558923, 
-0.346109650666063, -0.0374517189041971, 0.0360382648486282, 
-0.390203640917759, -0.140337696158153, 0.197716229104844, 0.271206212857669, 
-273.471577506153, -31.9186052397271, -53.7540597150277, -0.068940024584522, 
-0.00259405148006831, 0.0792274842913807, -0.161627025089866, 
-0.0865555811570526, 0.258180623295055, -0.0505013934329394, 
0.172079099712536, -0.00407558572236198, 0.163518243799986, 0.453597014460587, 
-0.0305812280390631, -0.224845314793922, 0.0816967080285368, 
0.330782843490713, -0.114871987547668, 0.405031212844475, -0.0801347191500383, 
0.0797213290388119, 0.0336247511598553, 0.114952442183873, -0.0417759226045793, 
0.192657724769653, -0.355726496928915, -288.867584684543, -31.8151748922231, 
-10.7420708495204, 46.8713246981527, -0.13207290309552, 0.133572442022195, 
-0.0936583501173797, 0.0390282479705255, -0.0104238354988438, 
0.0803242194515253, -0.149301402981008, 0.258912388977911, 0.280950787064172, 
0.545622146599228, -0.281277578713764, -0.22401796861094, -0.0913695887295397, 
-0.378185415255976, -0.0659608194573539, 0.0783902646598316, 
0.130862578649903, -0.188771043885741, 0.100465325642289, -0.335626137821619, 
-0.00934067039045085, -0.00195424574144852, -0.0798415502449372, 
-333.131105322414, -32.1902459944875, -3.50937878261533, 12.5105472128115, 
36.7100149615495, 0.105468531550408, -0.0163289196565963, -0.0743779624692305, 
0.10616874208099, -0.0442868132532681, 0.14586505507458, -0.0567084134011468, 
0.111337397184802, 0.205441270383676, -0.110224244778494, 0.487591828964769, 
-0.0793765462796747, 0.479426441905598, -0.225703681410317, -0.0115209159943874, 
0.174779033093848, 0.0241286688068917, 0.00353639775883807, 0.245564261049768, 
-0.191502340867816, -0.44201655452141, 0.166482574751288, -386.439780177589, 
-11.4110891809387, -4.10160002706479, 0.49003517891903, 21.8751870730368, 
46.1572992414201, 0.167140439851173, 0.28249030210818, -0.0687083740215471, 
-0.0499922219790094, 0.161344543207696, 0.116274958855946, 0.338358527299628, 
0.146306436300883, 0.0281235356132555, 0.317617595419311, 0.0416253999423019, 
-0.218987587468802, -0.108569026144374, 0.067996095216911, 0.174082770863011, 
-0.0843595405605703, -0.0351582254197375, 0.269595536034925, 
0.0826311430491609, 0.248837284183967, -0.11630252096676), .Dim = c(27L, 
6L), .Dimnames = list(c("1", "2", "3", "4", "5", "6", "7", "8", 
"9", "10", "11", "12", "13", "14", "15", "16", "17", "18", "19", 
"20", "21", "22", "23", "24", "25", "26", "30"), c("x1", "x2", 
"x3", "x4", "x5", "x6")), assign = 1:6), qraux = c(1.19245008972988, 
1.0066422713475, 1.29439942593498, 1.09361073781378, 1.04916408911488, 
1.59009750251512), pivot = 1:6, tol = 1e-07, rank = 6L), .Names = c("qr", 
"qraux", "pivot", "tol", "rank"), class = "qr"), df.residual = 21L, 
    xlevels = structure(list(), .Names = character(0)), call = quote(lm(formula = y ~ 
        . + 0, data = structure(list(y = c(43, 63, 71, 61, 81, 
        43, 58, 71, 72, 67, 64, 67, 69, 68, 77, 81, 74, 65, 65, 
        50, 50, 64, 53, 40, 63, 66, 82), x1 = c(1, 1, 1, 1, 1, 
        1, 1, 1, 1, 1, 1, 1, 1, 1, 1, 1, 1, 1, 1, 1, 1, 1, 1, 
        1, 1, 1, 1), x2 = c(51, 64, 70, 63, 78, 55, 67, 75, 82, 
        61, 53, 60, 62, 83, 77, 90, 85, 60, 70, 58, 40, 61, 66, 
        37, 54, 77, 82), x3 = c(30, 51, 68, 45, 56, 49, 42, 50, 
        72, 45, 53, 47, 57, 83, 54, 50, 64, 65, 46, 68, 33, 52, 
        52, 42, 42, 66, 39), x4 = c(39, 54, 69, 47, 66, 44, 56, 
        55, 67, 47, 58, 39, 42, 45, 72, 72, 69, 75, 57, 54, 34, 
        62, 50, 58, 48, 63, 59), x5 = c(61, 63, 76, 54, 71, 54, 
        66, 70, 71, 62, 58, 59, 55, 59, 79, 60, 79, 55, 75, 64, 
        43, 66, 63, 50, 66, 88, 64), x6 = c(92, 73, 86, 84, 83, 
        49, 68, 66, 83, 80, 67, 74, 63, 77, 77, 54, 79, 80, 85, 
        78, 64, 80, 80, 57, 75, 76, 78)), .Names = c("y", "x1", 
        "x2", "x3", "x4", "x5", "x6"), row.names = c("1", "2", 
        "3", "4", "5", "6", "7", "8", "9", "10", "11", "12", 
        "13", "14", "15", "16", "17", "18", "19", "20", "21", 
        "22", "23", "24", "25", "26", "30"), class = "data.frame"))), 
    terms = y ~ x1 + x2 + x3 + x4 + x5 + x6 + 0, model = structure(list(
        y = c(43, 63, 71, 61, 81, 43, 58, 71, 72, 67, 64, 67, 
        69, 68, 77, 81, 74, 65, 65, 50, 50, 64, 53, 40, 63, 66, 
        82), x1 = c(1, 1, 1, 1, 1, 1, 1, 1, 1, 1, 1, 1, 1, 1, 
        1, 1, 1, 1, 1, 1, 1, 1, 1, 1, 1, 1, 1), x2 = c(51, 64, 
        70, 63, 78, 55, 67, 75, 82, 61, 53, 60, 62, 83, 77, 90, 
        85, 60, 70, 58, 40, 61, 66, 37, 54, 77, 82), x3 = c(30, 
        51, 68, 45, 56, 49, 42, 50, 72, 45, 53, 47, 57, 83, 54, 
        50, 64, 65, 46, 68, 33, 52, 52, 42, 42, 66, 39),