
expected <- structure(list(coefficients = structure(c(1.83826420001936, -0.132362265339133, 
0.264122880478516, 0.374588909155091, 0.299585600315403, 0.191018042036372, 
0.0758121972695467), .Names = c("x1", "x2", "x3", "x4", "x5", 
"x6", "x7")), residuals = structure(c(-17.3979876075421, 3.79304851080907, 
11.0984653759128, -5.27544868143779, 18.2064436268533, -20.8395999292982, 
-5.43393338127155, 5.83515957812652, -1.35957559889162, 1.48140754674008, 
6.63561868417126, 2.58118782972819, -2.99979908247236, 8.76880923221263, 
2.98334053860008, 13.5100113779118, 7.86135438586811, -0.992191053788364, 
1.4147972034145, 3.2422383580347, -12.2735562192973, -3.41140752673855, 
-3.86052925375458, -20.20788858142, -6.59738390200066, -4.81537676459753, 
19.4592320678269), .Names = c("1", "2", "3", "4", "5", "6", "7", 
"8", "9", "10", "11", "12", "13", "14", "15", "16", "17", "18", 
"19", "20", "21", "22", "23", "24", "25", "26", "30")), effects = structure(c(216.680606101142, 
-236.92042945964, 73.8877367201134, -46.9262377911615, 19.8046259619175, 
-10.3172003753174, 5.51371728508705, 20.2918391725053, -11.6037894453149, 
-4.65617082280751, 18.7715798839092, 2.85765689345615, -8.38573072635454, 
2.09276486730064, 6.07961399466763, 11.707029797217, 14.100164114472, 
-5.27189118515771, 2.9358384695471, 9.26580871373617, -10.1983648814681, 
-1.80687858595848, -7.99853523125636, -22.3887744817481, -9.44152248531033, 
3.94814324378024, 21.4482644190741), .Names = c("x1", "x2", "x3", 
"x4", "x5", "x6", "x7", "", "", "", "", "", "", "", "", "", "", 
"", "", "", "", "", "", "", "", "", "")), rank = 7L, fitted.values = structure(c(60.3979876075421, 
59.2069514891909, 59.9015346240871, 66.2754486814378, 62.7935563731467, 
63.8395999292982, 63.4339333812716, 65.1648404218735, 73.3595755988916, 
65.5185924532599, 57.3643813158287, 64.4188121702718, 71.9997990824724, 
59.2311907677874, 74.0166594613999, 67.4899886220881, 66.1386456141319, 
65.9921910537884, 63.5852027965855, 46.7577616419653, 62.2735562192973, 
67.4114075267386, 56.8605292537546, 60.20788858142, 69.5973839020007, 
70.8153767645975, 62.5407679321731), .Names = c("1", "2", "3", 
"4", "5", "6", "7", "8", "9", "10", "11", "12", "13", "14", "15", 
"16", "17", "18", "19", "20", "21", "22", "23", "24", "25", "26", 
"30")), assign = 1:7, qr = structure(list(qr = structure(c(7.46341569202371, 
-0.0615903830387788, -0.279880090968227, -0.0967099034358492, 
-0.319465202923419, -0.289886332934657, -0.0143952449000766, 
0.227857552644653, -0.373762742221834, -0.158555098640737, -0.0785249773289306, 
-0.129122892264052, 0.00343472324305513, -0.291631676503462, 
-0.16212235552634, -0.109545062166095, -0.142121213105741, -0.0917702717425094, 
-0.300576691412847, 0.177698802691229, -0.339157338519446, -0.201251020508828, 
-0.139886492032957, -0.151855455271078, -0.0538253371158764, 
0.0713449352381376, -0.0453661105350638, 213.340778975267, -270.559997091636, 
0.187713959294022, 0.0977625223030859, 0.0600306232470751, 0.0827394347010756, 
0.251268406510781, 0.34344908993286, 0.120618804015862, 0.0546493005704896, 
0.203276151975292, 0.121634620301207, 0.149620107706595, 0.0522673456875904, 
0.0528020788598874, 0.165036889100521, 0.233176952007949, 0.259250025806135, 
0.0882917927642546, 0.398788371541422, 0.0239612397559991, 0.0842847324990224, 
0.204765847681385, 0.235528374966752, 0.204978177378306, 0.280882829918008, 
0.201966517003298, 177.285234387989, -208.348723391512, 78.5605188954543, 
-0.11911939134945, 0.100457127677132, -0.0496275593484705, -0.0353758752877211, 
-0.15061806325734, 0.33644516713639, -0.279494815332949, 0.138280683989207, 
-0.309443913828603, -0.440278314249621, -0.0785135393593261, 
-0.418956361644001, -0.209692228680328, 0.127450702742597, 0.208679428744827, 
0.17300810742949, 0.268368564187376, -0.0810902269060441, -0.0308537069676434, 
0.199774588153025, 0.0471595279498169, -0.0738169018876732, 0.0130096969195496, 
-0.0187844033871431, 179.689647414053, -214.2477501109, 57.2098247209362, 
-78.9529489001534, 0.216536585634078, -0.118735670716295, 0.0485211362801664, 
0.0297446215003927, 0.414330795956746, 0.102930829204669, 0.101756929191367, 
-0.303427971285383, 0.141165999575219, -0.00950899045928722, 
0.00533331771982434, -0.096586741066502, -0.0787513235661782, 
0.250288592197796, 0.206038240715824, 0.157921471560418, -0.214649237336211, 
0.331955934938007, 0.0658215168631852, -0.164193124447239, 0.283873367126552, 
0.212462327979703, 0.129316055640841, 200.833822965605, -225.798183104081, 
60.5185084759383, -26.2084598467816, 52.1879566971473, 0.00638504530311051, 
0.0309517605205733, -0.109313100420251, -0.130129136442819, 0.0875491719337151, 
-0.301431449347201, -0.383609635181586, 0.298999605189099, 0.165765202204235, 
0.0373567348453425, 0.0293495698884725, -0.436627938529333, 0.0726266107515498, 
-0.156530995645503, -0.00987973821478667, -0.104049351754247, 
0.150085375650644, -0.280600460138733, 0.15317182864845, 0.123328674662973, 
-0.466591105503969, 0.0120807660921723, 242.42005018926, -295.272466410998, 
51.8690967135428, -39.0199880896534, 15.5624786243051, -46.760415315469, 
0.0113580232932013, 0.475408870183677, -0.217950580901305, -0.124839481218601, 
0.404872571980232, -0.173253620720321, -0.226186230198774, -0.0269075826082992, 
0.109691341950722, -0.00675119550927719, 0.15184415945554, 0.0444053157625337, 
0.193725140082681, 0.191911523404997, 0.415587893118447, 0.227969738146814, 
-0.121262726362261, 0.0857266219137511, -0.131924568279306, 0.111532037745311, 
0.173992147745374, 139.697632597313, -176.747482091716, 48.4029415605753, 
-26.9895869010642, 15.7910134864487, -18.2703766258637, 72.7286305326739, 
-0.204557154284843, -0.0852408137678067, -0.276126021845733, 
0.329347653451576, 0.294117465193266, 0.0280139755087141, 0.0877163316912836, 
0.288934167488021, 0.033181166388717, 0.317169148558263, -0.390437199796475, 
0.137454535954572, 0.0567579963327197, -0.298350439747294, 0.0526895436849345, 
-0.19827447990884, 0.31539229552452, 0.182473480941083, -0.101662865883046, 
-0.19290920387977), .Dim = c(27L, 7L), .Dimnames = list(c("1", 
"2", "3", "4", "5", "6", "7", "8", "9", "10", "11", "12", "13", 
"14", "15", "16", "17", "18", "19", "20", "21", "22", "23", "24", 
"25", "26", "30"), c("x1", "x2", "x3", "x4", "x5", "x6", "x7"
)), assign = 1:7), qraux = c(1.02310812909515, 1.28227006094107, 
1.07904155409408, 1.39429211120066, 1.12715711366877, 1.21593410118839, 
1.00584340108894), pivot = 1:7, tol = 1e-07, rank = 7L), .Names = c("qr", 
"qraux", "pivot", "tol", "rank"), class = "qr"), df.residual = 20L, 
    xlevels = structure(list(), .Names = character(0)), call = quote(lm(formula = y ~ 
        . + 0, data = structure(list(y = c(43, 63, 71, 61, 81, 
        43, 58, 71, 72, 67, 64, 67, 69, 68, 77, 81, 74, 65, 65, 
        50, 50, 64, 53, 40, 63, 66, 82), x1 = c(-0.172465573302085, 
        0.459674631249372, 2.08886146281729, 0.721786210877214, 
        2.38430160855418, 2.16354220612773, 0.107437696677756, 
        -1.70059563395422, 2.78954671539225, 1.18336261124564, 
        0.586064548012546, 0.963697820323011, -0.0256347673499762, 
        2.17656843070712, 1.20998653226313, 0.817580335954143, 
        1.06070969206283, 0.684919686184324, 2.24332879534721, 
        -1.32624003245954, 2.53127220237103, 1.50202002450137, 
        1.04403103974092, 1.13336038778957, 0.401720865659098, 
        -0.532476909202731, 0.338586141253477), x2 = c(70, 85, 
        90, 40, 61, 63, 70, 61, 85, 37, 66, 51, 40, 55, 37, 60, 
        83, 83, 66, 83, 54, 51, 75, 85, 63, 66, 61), x3 = c(52, 
        72, 68, 42, 44, 57, 58, 57, 45, 53, 42, 66, 66, 53, 64, 
        65, 57, 50, 42, 42, 53, 45, 45, 65, 56, 50, 50), x4 = c(59, 
        47, 45, 71, 59, 45, 58, 55, 75, 59, 47, 39, 74, 50, 62, 
        54, 47, 66, 56, 50, 34, 69, 47, 48, 75, 63, 57), x5 = c(55, 
        55, 54, 59, 50, 59, 58, 59, 71, 55, 62, 80, 55, 50, 66, 
        63, 80, 55, 62, 43, 59, 51, 64, 55, 59, 79, 54),