
expected <- structure(list(coefficients = structure(c(7.15213622455544, 0.691451511944408, 
-0.0868633008651618, 0.321861932780856, -0.078010035909119, 0.0354470336200279
), .Names = c("x1", "x2", "x3", "x4", "x5", "x6")), residuals = structure(c(-7.86539458880525, 
0.971449792971895, 2.02480687405856, 0.302747336188961, 6.13271188777841, 
-9.61195538975158, -7.11713304038199, 1.75095741464143, 8.45151878183084, 
8.28632731714188, 12.4682658643493, -1.94357418937556, -4.4472040774501, 
-5.21225966550066, -0.677968058149311, -2.06640555389383, -6.50239015284491, 
8.19880790407979, 1.54367303981061, -9.28527143426852, -5.87555475233705, 
9.19850284180197, -4.76731794748778, 3.68522305437732, -8.19026610155537, 
5.77327467127566, 4.77442817149532), .Names = c("1", "2", "3", 
"4", "5", "6", "7", "8", "10", "11", "13", "14", "16", "17", 
"18", "19", "20", "21", "22", "23", "24", "25", "26", "27", "28", 
"29", "30")), effects = structure(c(-331.591504604575, -52.8406667457116, 
1.16535851229253, 13.6513149923323, -2.20715077266605, 1.69700039744578, 
-4.36259477828666, 4.78285660693386, 9.93403057415084, 9.69622376021141, 
14.2210420160901, -3.9154862518668, -4.71671671295294, -4.2708577093194, 
-3.97993785728419, 0.180815394319949, -5.77674346877689, 10.5072220347629, 
2.3220373340494, -8.51227823554681, -3.41015784506957, 12.7191389262016, 
-0.478927846869501, 5.53134206156168, -9.01556825863588, 6.37380996441389, 
4.70864259131191), .Names = c("x1", "x2", "x3", "x4", "x5", "x6", 
"", "", "", "", "", "", "", "", "", "", "", "", "", "", "", "", 
"", "", "", "", "")), rank = 6L, fitted.values = structure(c(50.8653945888053, 
62.0285502070281, 68.9751931259414, 60.697252663811, 74.8672881122216, 
52.6119553897516, 65.117133040382, 69.2490425853586, 58.5484812181692, 
55.7136726828581, 56.5317341356507, 69.9435741893756, 85.4472040774501, 
79.2122596655007, 65.6779680581493, 67.0664055538938, 56.5023901528449, 
41.8011920959202, 62.4563269601894, 62.2852714342685, 45.875554752337, 
53.801497158198, 70.7673179474878, 74.3147769456227, 56.1902661015554, 
79.2267253287243, 77.2255718285047), .Names = c("1", "2", "3", 
"4", "5", "6", "7", "8", "10", "11", "13", "14", "16", "17", 
"18", "19", "20", "21", "22", "23", "24", "25", "26", "27", "28", 
"29", "30")), assign = 1:6, qr = structure(list(qr = structure(c(-5.19615242270663, 
0.192450089729875, 0.192450089729875, 0.192450089729875, 0.192450089729875, 
0.192450089729875, 0.192450089729875, 0.192450089729875, 0.192450089729875, 
0.192450089729875, 0.192450089729875, 0.192450089729875, 0.192450089729875, 
0.192450089729875, 0.192450089729875, 0.192450089729875, 0.192450089729875, 
0.192450089729875, 0.192450089729875, 0.192450089729875, 0.192450089729875, 
0.192450089729875, 0.192450089729875, 0.192450089729875, 0.192450089729875, 
0.192450089729875, 0.192450089729875, -342.368709629448, -68.8379740162845, 
0.0946285258367066, -0.00705953369775985, 0.210843451018954, 
-0.123274458880007, 0.0510479288933639, 0.167262854075611, -0.0361132649933217, 
-0.152328190175569, -0.0215863993455408, 0.283477779257859, 0.385165838792325, 
0.312531510553421, -0.0506401306411026, 0.0946285258367066, -0.0796938619366645, 
-0.341177443596721, -0.0361132649933217, 0.0365210632455829, 
-0.384758040540064, -0.137801324527788, 0.196316585371173, 0.167262854075611, 
-0.0942207275844454, 0.312531510553421, 0.268950913610078, -273.471577506153, 
-33.2358545059397, -53.2510494878393, -0.070052322797673, -0.00669154004805236, 
0.0814411228608679, -0.164578018240964, -0.0907237925312555, 
-0.0509579339970586, 0.175651402117566, 0.164842542970884, 0.452604748528973, 
-0.233931708535864, 0.0767098800619636, 0.334168712683665, -0.118103710985803, 
0.409600019326341, -0.0758145229588567, 0.080494874301087, 0.032758902299551, 
0.121837813768252, -0.0404644910369705, 0.190645380492463, 0.0595079883809109, 
-0.0315481290098505, 0.208162688360109, -0.364122852087635, -291.176985761301, 
-32.7887498632246, -12.0111858195518, 45.9738214702459, -0.126776264009074, 
0.146469422888452, -0.0900171792328606, 0.0462799188113019, 0.0896046789845458, 
-0.14017645812747, 0.29795177230988, 0.572139119503493, -0.225001870218563, 
-0.0840514605148644, -0.370965020032825, -0.0610621517971232, 
0.0959399796426184, 0.141459594833629, -0.182404373202978, 0.111445026063237, 
-0.3305079318491, -0.00136645725563106, 0.00943141373069283, 
-0.304983229318835, 0.099090725323558, -0.0732908932916216, -0.0800336620639995, 
-332.938655232684, -34.7369639562104, -5.90088014670624, 14.3792209278217, 
37.4113994119425, 0.0883967215325639, -0.0198516122366531, -0.0740628466497124, 
-0.0561869391807157, 0.143650962410509, 0.0957585162115162, 0.202891328143994, 
0.496629964955771, -0.0583953227028631, 0.493560590913973, -0.222497273825623, 
-0.00898153041147046, 0.138662389187789, 0.0288922640220551, 
-0.00309501892698088, 0.235702240135178, -0.201494975093204, 
-0.420636300880987, -0.0995109703715286, 0.185968080392418, 0.0301001084210261, 
0.163299733683782, -386.632230267319, -8.06563862688463, -1.53998245972937, 
-0.682271547394574, 20.0669496492956, 47.874257000929, 0.162702050764063, 
0.261260859304771, -0.0393149374326956, 0.168882167532395, 0.340778562791046, 
0.130331467288528, 0.306225068939915, 0.00393640263110654, -0.201602890020956, 
-0.120689540652062, 0.0606268249271836, 0.22036437123156, -0.083156484574125, 
-0.0316213572357864, 0.296266249709722, 0.08542651021309, 0.190675332364828, 
-0.0114649436253739, -0.169452520436462, 0.106432375489893, -0.11037954764805
), .Dim = c(27L, 6L), .Dimnames = list(c("1", "2", "3", "4", 
"5", "6", "7", "8", "10", "11", "13", "14", "16", "17", "18", 
"19", "20", "21", "22", "23", "24", "25", "26", "27", "28", "29", 
"30"), c("x1", "x2", "x3", "x4", "x5", "x6")), assign = 1:6), 
    qraux = c(1.19245008972988, 1.00746733195002, 1.29503368652266, 
    1.1027371946009, 1.06098135991712, 1.59089095340916), pivot = 1:6, 
    tol = 1e-07, rank = 6L), .Names = c("qr", "qraux", "pivot", 
"tol", "rank"), class = "qr"), df.residual = 21L, xlevels = structure(list(), .Names = character(0)), 
    call = quote(lm(formula = y ~ . + 0, data = structure(list(y = c(43, 
        63, 71, 61, 81, 43, 58, 71, 67, 64, 69, 68, 81, 74, 65, 
        65, 50, 50, 64, 53, 40, 63, 66, 78, 48, 85, 82), x1 = c(1, 
        1, 1, 1, 1, 1, 1, 1, 1, 1, 1, 1, 1, 1, 1, 1, 1, 1, 1, 
        1, 1, 1, 1, 1, 1, 1, 1), x2 = c(51, 64, 70, 63, 78, 55, 
        67, 75, 61, 53, 62, 83, 90, 85, 60, 70, 58, 40, 61, 66, 
        37, 54, 77, 75, 57, 85, 82), x3 = c(30, 51, 68, 45, 56, 
        49, 42, 50, 45, 53, 57, 83, 50, 64, 65, 46, 68, 33, 52, 
        52, 42, 42, 66, 58, 44, 71, 39), x4 = c(39, 54, 69, 47, 
        66, 44, 56, 55, 47, 58, 42, 45, 72, 69, 75, 57, 54, 34, 
        62, 50, 58, 48, 63, 74, 45, 71, 59), x5 = c(61, 63, 76, 
        54, 71, 54, 66, 70, 62, 58, 55, 59, 60, 79, 55, 75, 64, 
        43, 66, 63, 50, 66, 88, 80, 51, 77, 64), x6 = c(92, 73, 
        86, 84, 83, 49, 68, 66, 80, 67, 63, 77, 54, 79, 80, 85, 
        78, 64, 80, 80, 57, 75, 76, 78, 83, 74, 78)), .Names = c("y", 
        "x1", "x2", "x3", "x4", "x5", "x6"), row.names = c("1", 
        "2", "3", "4", "5", "6", "7", "8", "10", "11", "13", 
        "14", "16", "17", "18", "19", "20", "21", "22", "23", 
        "24", "25", "26", "27", "28", "29", "30"), class = "data.frame"))), 
    terms = y ~ x1 + x2 + x3 + x4 + x5 + x6 + 0, model = structure(list(
        y = c(43, 63, 71, 61, 81, 43, 58, 71, 67, 64, 69, 68, 
        81, 74, 65, 65, 50, 50, 64, 53, 40, 63, 66, 78, 48, 85, 
        82), x1 = c(1, 1, 1, 1, 1, 1, 1, 1, 1, 1, 1, 1, 1, 1, 
        1, 1, 1, 1, 1, 1, 1, 1, 1, 1, 1, 1, 1), x2 = c(51, 64, 
        70, 63, 78, 55, 67, 75, 61, 53, 62, 83, 90, 85, 60, 70, 
        58, 40, 61, 66, 37, 54, 77, 75, 57, 85, 82), x3 = c(30, 
        51, 68, 45, 56, 49, 42, 50, 45, 53, 57, 83, 50, 64, 65, 
        46, 68, 33, 52, 52, 42, 42, 66, 58, 44, 71, 39),