
expected <- structure(list(coefficients = structure(c(-0.412892287772451, 
0.579652203741032, 0.11478057494971, 0.29724907229019, 0.100543843912225, 
0.0845156518467986, -0.212730044823453), .Names = c("x1", "x2", 
"x3", "x4", "x5", "x6", "x7")), residuals = structure(c(-8.0464362512184, 
-0.506092696287253, -2.17666310333131, 1.02018214899024, 7.37613641268213, 
-10.4272438586421, -8.66443321317889, -7.75818276669715, 7.7269923570556, 
7.36882505213169, 10.0012151075894, 7.8783303120252, -4.15205976233036, 
-0.633304201352658, -2.55667084636166, -3.12793113145727, 3.07369002055161, 
-6.04423410437869, 8.32466968068318, 0.784325496651525, -10.0962353021285, 
-5.15623496973756, 5.46152951110097, 2.76199959965688, -7.22741089077848, 
7.92110493667882, 6.87413246208302), .Names = c("1", "2", "3", 
"4", "5", "6", "7", "9", "10", "11", "12", "13", "14", "15", 
"16", "17", "18", "20", "21", "22", "23", "24", "25", "27", "28", 
"29", "30")), effects = structure(c(-334.285805860793, -54.1626149974308, 
-3.7129046128577, 10.8853406315528, -3.03697106743091, 0.963689509375385, 
-7.25537664933956, -3.97158249287688, 7.9136868937628, 12.6345020070299, 
9.68829696720123, 12.2678053142866, -2.82930101516523, 1.16498395042787, 
5.75793338330249, -4.81487511825721, 6.73702007298747, -6.33960841500857, 
11.8017917046704, 3.23627512334836, -8.90265422152873, 0.0510664252956954, 
7.00285999726524, 4.23239507196324, -5.54179125222031, 8.62758175357241, 
9.41048762319572), .Names = c("x1", "x2", "x3", "x4", "x5", "x6", 
"x7", "", "", "", "", "", "", "", "", "", "", "", "", "", "", 
"", "", "", "", "", "")), rank = 7L, fitted.values = structure(c(51.0464362512184, 
63.5060926962873, 73.1766631033313, 59.9798178510098, 73.6238635873179, 
53.4272438586421, 66.6644332131789, 79.7581827666971, 59.2730076429444, 
56.6311749478683, 56.9987848924106, 61.1216696879748, 72.1520597623304, 
77.6333042013527, 83.5566708463617, 77.1279311314573, 61.9263099794484, 
56.0442341043787, 41.6753303193168, 63.2156745033485, 63.0962353021285, 
45.1562349697376, 57.538470488899, 75.2380004003431, 55.2274108907785, 
77.0788950633212, 75.125867537917), .Names = c("1", "2", "3", 
"4", "5", "6", "7", "9", "10", "11", "12", "13", "14", "15", 
"16", "17", "18", "20", "21", "22", "23", "24", "25", "27", "28", 
"29", "30")), assign = 1:7, qr = structure(list(qr = structure(c(-5.19615242270663, 
0.192450089729875, 0.192450089729875, 0.192450089729875, 0.192450089729875, 
0.192450089729875, 0.192450089729875, 0.192450089729875, 0.192450089729875, 
0.192450089729875, 0.192450089729875, 0.192450089729875, 0.192450089729875, 
0.192450089729875, 0.192450089729875, 0.192450089729875, 0.192450089729875, 
0.192450089729875, 0.192450089729875, 0.192450089729875, 0.192450089729875, 
0.192450089729875, 0.192450089729875, 0.192450089729875, 0.192450089729875, 
0.192450089729875, 0.192450089729875, -341.791359360259, -70.2329457353646, 
0.0940757185871527, -0.00559260554061164, 0.207982374733169, 
-0.119499261686628, 0.0513607225323965, 0.264935702806177, -0.0340692695771157, 
-0.147975925723132, -0.0483076015953678, -0.0198309375588637, 
0.279174034824429, 0.193744042714917, 0.378842358952194, 0.307650698860933, 
-0.0483076015953678, -0.0767842656318719, -0.333074241960409, 
-0.0340692695771157, 0.0371223905141445, -0.375789238015165, 
-0.13373759370488, 0.165267378678413, -0.0910225976501239, 0.307650698860933, 
0.264935702806177, -278.860180018589, 1.92217482246403, -47.1625406859287, 
-0.23970711759382, -0.272188935896595, 0.118282361534786, 0.0795749459618441, 
-0.270955895608995, 0.00351394676789582, -0.189781547768143, 
0.284148990582786, 0.274163876617651, -0.106322306848595, 0.156868985443392, 
0.113169012887882, -0.0314943479422467, -0.0551033009031493, 
-0.214744332680982, 0.108357643401819, -0.166112198975072, -0.191074983887911, 
0.377774532963974, 0.102071650299483, -0.0875851192059239, -0.146141971044801, 
-0.349543371210311, -0.16493955451964, -291.754336030491, -37.5876144912945, 
0.581323653396739, 50.3412426055539, -0.142777578369652, 0.117541093283142, 
0.000821409506331847, -0.119567039446613, 0.101738781168879, 
-0.236991373216963, 0.300046298893444, 0.260097636164692, 0.357558478683216, 
-0.196071992524138, -0.0645962267606588, -0.0844002833449361, 
-0.475644689728203, -0.1084221055645, 0.153707817840311, -0.226513428496463, 
0.0609712648772832, -0.307076712541727, 0.0244753461593937, -0.300874150528092, 
0.0718926073278056, -0.180914989346388, 0.0582770027983803, -328.319853079167, 
-33.1911339714365, -1.40929279357977, 17.0139416890948, -31.6695813326649, 
-0.106837079213505, 0.0243787919866005, -0.0241388511197156, 
0.078239014168157, -0.107169926586982, 0.0551306330096901, -0.12554452310134, 
-0.136588947926994, 0.128894071151058, -0.561568698075422, 0.14013110917532, 
-0.508246691805357, 0.103409763601924, -0.203457488569363, 0.0269764042231657, 
0.06262454155064, -0.331005257574828, 0.227559880023543, 0.187481479115769, 
-0.187699604829554, 0.100820054602064, -0.152969732442729, -387.979380895428, 
-10.5506040255248, 19.9675395108923, -0.890846235115738, -22.9171665639841, 
40.2491240928485, 0.239398341896076, -0.0637687104173712, -0.0084604238501379, 
0.1875837480294, 0.0824426449509684, 0.246058094258092, 0.0367686752915767, 
0.0599923723075368, 0.259050865933221, 0.0916825798087349, -0.428018520734041, 
0.076145675053658, 0.15214089898798, -0.0398158983709794, 0.0331336977562454, 
0.122813090847395, 0.160696877056344, 0.111561194558771, -0.224276436319244, 
0.254357435067947, -0.0224928117514878, -217.276151305029, -8.12850554553101, 
0.0857090797908171, 26.8598809485962, -9.79678092585582, 11.4604942222323, 
34.106026985332, 0.522174736389975, -0.0443411217496642, 0.310050756994558, 
-0.229651090426167, 0.199481683240458, -0.0575640126968728, 0.17303308682019, 
0.194407031410101, -0.408471654064752, -0.123304150553362, -0.230568156558104, 
-0.0666485336645841, 0.231086811644642, 0.102162622850945, -0.131003166542423, 
0.225148285016052, 0.145338934998464, 0.0261093585667314, -0.170195345302739, 
0.0958838399918705), .Dim = c(27L, 7L), .Dimnames = list(c("1", 
"2", "3", "4", "5", "6", "7", "9", "10", "11", "12", "13", "14", 
"15", "16", "17", "18", "20", "21", "22", "23", "24", "25", "27", 
"28", "29", "30"), c("x1", "x2", "x3", "x4", "x5", "x6", "x7"
)), assign = 1:7), qraux = c(1.19245008972988, 1.00864572647764, 
1.27662995719285, 1.07974044673345, 1.01973040452888, 1.60981414398828, 
1.18531416403834), pivot = 1:7, tol = 1e-07, rank = 7L), .Names = c("qr", 
"qraux", "pivot", "tol", "rank"), class = "qr"), df.residual = 20L, 
    xlevels = structure(list(), .Names = character(0)), call = quote(lm(formula = y ~ 
        . + 0, data = structure(list(y = c(43, 63, 71, 61, 81, 
        43, 58, 72, 67, 64, 67, 69, 68, 77, 81, 74, 65, 50, 50, 
        64, 53, 40, 63, 78, 48, 85, 82), x1 = c(1, 1, 1, 1, 1, 
        1, 1, 1, 1, 1, 1, 1, 1, 1, 1, 1, 1, 1, 1, 1, 1, 1, 1, 
        1, 1, 1, 1), x2 = c(51, 64, 70, 63, 78, 55, 67, 82, 61, 
        53, 60, 62, 83, 77, 90, 85, 60, 58, 40, 61, 66, 37, 54, 
        75, 57, 85, 82), x3 = c(52, 72, 68, 42, 44, 57, 58, 45, 
        53, 42, 66, 66, 53, 64, 65, 57, 50, 42, 53, 45, 45, 65, 
        56, 52, 45, 42, 50), x4 = c(39, 54, 69, 47, 66, 44, 56, 
        67, 47, 58, 39, 42, 45, 72, 72, 69, 75, 54, 34, 62, 50, 
        58, 48, 74, 45, 71, 59), x5 = c(61, 63, 76, 54, 71, 54, 
        66, 71, 62, 58, 59, 55, 59, 79, 60, 79, 55, 64, 43, 66, 
        63, 50, 66, 80, 51, 77, 64), x6 = c(92, 73, 86, 84, 83, 
        49, 68, 83, 80, 67, 74, 63, 77, 77, 54, 79, 80, 78, 64, 
        80, 80, 57, 75, 78, 83, 74, 78), x7 = c(45, 47, 48, 35, 
        47, 34, 35, 31, 41, 34, 41, 25, 35, 46, 36, 63, 60, 52, 
        33, 41, 37, 49, 33, 49, 38, 55, 39)), .Names = c("y", 
        "x1", "x2", "x3", "x4", "x5", "x6", "x7"),