
expected <- structure(list(coefficients = structure(c(18.1641036377094, 0.71709999111475, 
-0.0830350810899355, 0.320572424868545, 0.000439869729253543, 
-0.0950204653902801, -0.178570520329504), .Names = c("x1", "x2", 
"x3", "x4", "x5", "x6", "x7")), residuals = structure(c(-6.96102686811251, 
1.16697175966601, 3.05407060273061, 0.179064900564283, 4.14257660254239, 
-13.0445707382351, -8.92063385134092, 0.56418304626757, -6.36069344868719, 
6.2280824369845, 11.5371745951237, 9.85671938683485, -1.71238283267075, 
3.01793418098689, -1.36548313190239, -2.4489768411225, -1.17990644965682, 
7.66209658694959, 4.8219678279796, -9.30818330624442, -4.58697888664749, 
7.73853608818362, -5.62803647770658, 1.84487034723949, -7.87535571997308, 
4.22913411414095, 3.34884607610568), .Names = c("1", "2", "3", 
"4", "5", "6", "7", "8", "9", "11", "12", "13", "14", "15", "18", 
"19", "20", "21", "22", "23", "24", "25", "26", "27", "28", "29", 
"30")), effects = structure(c(-330.436804066196, -51.0689079508119, 
2.68611967430661, 13.3743426997647, -4.06745681732396, -2.83519168264449, 
7.40875898249899, 5.05746959245521, -8.64592456231973, 7.10487500661696, 
13.6776128346314, 11.7910443144284, -2.19220260281362, 6.64032292785857, 
-4.47696789351521, -1.6815029544605, 2.0802626487698, 11.0332947896269, 
7.50348654220247, -8.65034626464407, 0.704112167951773, 9.25547532392837, 
-3.29623860726547, 2.30587587027788, -8.47075778172916, 5.10554742760706, 
5.18508914614759), .Names = c("x1", "x2", "x3", "x4", "x5", "x6", 
"x7", "", "", "", "", "", "", "", "", "", "", "", "", "", "", 
"", "", "", "", "", "")), rank = 7L, fitted.values = structure(c(49.9610268681125, 
61.833028240334, 67.9459293972694, 60.8209350994357, 76.8574233974576, 
56.0445707382351, 66.9206338513409, 70.4358169537324, 78.3606934486872, 
57.7719175630155, 55.4628254048763, 59.1432806131651, 69.7123828326708, 
73.9820658190131, 66.3654831319024, 67.4489768411225, 51.1799064496568, 
42.3379034130504, 59.1780321720204, 62.3081833062444, 44.5869788866475, 
55.2614639118164, 71.6280364777066, 76.1551296527605, 55.8753557199731, 
80.7708658858591, 78.6511539238943), .Names = c("1", "2", "3", 
"4", "5", "6", "7", "8", "9", "11", "12", "13", "14", "15", "18", 
"19", "20", "21", "22", "23", "24", "25", "26", "27", "28", "29", 
"30")), assign = 1:7, qr = structure(list(qr = structure(c(-5.19615242270663, 
0.192450089729875, 0.192450089729875, 0.192450089729875, 0.192450089729875, 
0.192450089729875, 0.192450089729875, 0.192450089729875, 0.192450089729875, 
0.192450089729875, 0.192450089729875, 0.192450089729875, 0.192450089729875, 
0.192450089729875, 0.192450089729875, 0.192450089729875, 0.192450089729875, 
0.192450089729875, 0.192450089729875, 0.192450089729875, 0.192450089729875, 
0.192450089729875, 0.192450089729875, 0.192450089729875, 0.192450089729875, 
0.192450089729875, 0.192450089729875, -339.09705810404, -64.6156729066964, 
0.108983611697181, 0.000650761707243416, 0.232792583114252, -0.123158209709828, 
0.062555247415779, 0.18636421883285, 0.294697068822788, -0.154110452564096, 
-0.0457776025741583, -0.0148253597198905, 0.310173190249921, 
0.217316461687118, -0.0457776025741583, 0.108983611697181, -0.0767298454284261, 
-0.355300031116836, -0.0303014811470244, 0.0470791259886451, 
-0.401728395398238, -0.138634331136962, 0.217316461687118, 0.18636421883285, 
-0.09220596685556, 0.341125433104189, 0.294697068822788, -276.165878762371, 
-38.1635422496297, -51.8743814456437, -0.0855473432092191, -0.04856337822439, 
0.0849309466482844, -0.190063826433519, -0.12921405674444, 0.213189566166732, 
0.185382533999306, -0.011979315364881, 0.157451833421777, 0.413569170333353, 
-0.0754469377310734, 0.335012773954993, -0.147967824504566, 0.416187023010466, 
-0.0484397098142874, 0.0727362590284481, 0.0143806736063798, 
0.160069686098891, -0.0383393043361418, 0.155881121815509, 0.0250046496199481, 
-0.0347979789982857, 0.158898876617943, -0.42296259758637, -289.252484864003, 
-31.3907329613699, -13.3466992843226, 48.2336760195802, -0.136472883490647, 
0.140388076539147, -0.101260795485054, 0.0269506847315662, -0.00615291317959386, 
-0.128078914877611, 0.254458693873492, 0.284006477751736, 0.544488861880237, 
-0.282411587864147, -0.345938555488481, -0.0735791413930778, 
0.103119148399489, 0.13807943157391, -0.176514074493189, 0.0989021682106239, 
-0.302490055363458, -0.0046328365620625, 0.00149287179026787, 
-0.302089745621851, 0.0897596230145777, -0.0812154818399324, 
-0.107903985368068, -334.478255950523, -38.7894653829049, 0.555667010559441, 
19.0140992758694, 32.1220941799484, 0.0644213454757995, 0.0522421677534954, 
-0.0210833672358523, 0.163670913661582, 0.140162659569243, -0.111606539492539, 
0.0561403290095904, 0.14546592893897, -0.00441921145649144, 0.56382389376036, 
-0.188644216175881, -0.101678496626264, 0.114186051183665, 0.0536649202013496, 
0.00290461537673168, 0.238031508303309, -0.23220855273184, -0.472311567154308, 
-0.0370957764954307, 0.212842629828227, 0.0817780411828128, 0.347018395759617, 
-390.673682151647, -18.1024765522868, 4.6765930061464, 4.41255482406476, 
6.08501349703637, 44.1815104457549, 0.228045641893625, 0.322082794613773, 
-0.033366387115158, 0.192903192390164, 0.0921048360592925, 0.345090965494565, 
0.136235267493024, 0.0712373206703007, -0.103282363785743, -0.122954502947308, 
0.00128171055295606, 0.205245247242783, -0.0644534994841034, 
-0.0296763245446865, 0.331791493147698, 0.0402447626546307, 0.146967137411694, 
0.0447201027819572, -0.155958195944128, 0.185202534441576, 0.0399243915521937, 
-223.627004266115, -2.5650238291268, -17.3681387896978, 9.39194494600185, 
19.6190588084464, -7.63259242926374, -41.489261322799, 0.158287829010237, 
-0.201878965653353, -0.191736599482994, 0.00809023603188081, 
-0.129770964678175, 0.136582815555822, 0.322885926150797, -0.0936381144230091, 
-0.102555334688186, 0.530402593097667, 0.0782711128498507, 0.395893722824206, 
0.0120488354503953, 0.332301718124956, -0.249303432467688, -0.186775395282787, 
-0.199836361064336, 0.0414325136046165, -0.0286822817716696, 
0.207824705458042), .Dim = c(27L, 7L), .Dimnames = list(c("1", 
"2", "3", "4", "5", "6", "7", "8", "9", "11", "12", "13", "14", 
"15", "18", "19", "20", "21", "22", "23", "24", "25", "26", "27", 
"28", "29", "30"), c("x1", "x2", "x3", "x4", "x5", "x6", "x7"
)), assign = 1:7), qraux = c(1.19245008972988, 1.01612688313438, 
1.2761336179975, 1.08835711112596, 1.14919751195942, 1.62149691531514, 
1.02946367490296), pivot = 1:7, tol = 1e-07, rank = 7L), .Names = c("qr", 
"qraux", "pivot", "tol", "rank"), class = "qr"), df.residual = 20L, 
    xlevels = structure(list(), .Names = character(0)), call = quote(lm(formula = y ~ 
        . + 0, data = structure(list(y = c(43, 63, 71, 61, 81, 
        43, 58, 71, 72, 64, 67, 69, 68, 77, 65, 65, 50, 50, 64, 
        53, 40, 63, 66, 78, 48, 85, 82), x1 = c(1, 1, 1, 1, 1, 
        1, 1, 1, 1, 1, 1, 1, 1, 1, 1, 1, 1, 1, 1, 1, 1, 1, 1, 
        1, 1, 1, 1), x2 = c(51, 64, 70, 63, 78, 55, 67, 75, 82, 
        53, 60, 62, 83, 77, 60, 70, 58, 40, 61, 66, 37, 54, 77, 
        75, 57, 85, 82), x3 = c(30, 51, 68, 45, 56, 49, 42, 50, 
        72, 53, 47, 57, 83, 54, 65, 46, 68, 33, 52, 52, 42, 42, 
        66, 58, 44, 71, 39), x4 = c(39, 54, 69, 47, 66, 44, 56, 
        55, 67, 58, 39, 42, 45, 72, 75, 57, 54, 34, 62, 50, 58, 
        48, 63, 74, 45, 71, 59), x5 = c(61, 63, 76, 54, 71, 54, 
        66, 70, 71, 58, 59, 55, 59, 79, 55, 75, 64, 43, 66, 63, 
        50, 66, 88, 80, 51, 77, 64), x6 = c(92, 73, 86, 84, 83, 
        49, 68, 66, 83, 67, 74, 63, 77, 77, 80, 85, 78, 64, 80, 
        80, 57, 75, 76, 78, 83, 74, 78), x7 = c(34, 47, 49, 33, 
        33, 39, 41, 49, 35, 35, 41, 35, 46, 60, 33, 41, 72, 37, 
        60, 41, 55, 36, 52, 41, 34, 46, 37)), .Names = c("y", 
        "x1", "x2", "x3", "x4", "x5", "x6", "x7"),