
expected <- structure(list(coefficients = structure(c(12.3052431585832, 0.757443446235285, 
-0.0445997292463281, 0.0658050710622925, 0.116958893314155, -0.0754211155489555, 
-0.0319753979274991), .Names = c("x1", "x2", "x3", "x4", "x5", 
"x6", "x7")), residuals = structure(c(-9.23622318679038, 1.04029899286791, 
4.87742814174827, -0.55062010613386, 7.68796854803437, -13.2734562137876, 
-8.46897172355734, -1.40113166307166, -5.19269707280219, 10.1779639601683, 
8.76951873056267, 6.52404857875327, -6.73553510258444, 2.73862408485565, 
7.32347176548752, -2.85003470144596, -6.43423647165155, 7.48434475524819, 
2.8947362387849, -10.2217943407886, -1.59825203290289, 5.72310388243009, 
-8.08867504451208, 5.02566281289278, -8.08693176023184, 6.65397592836197, 
5.21741300006454), .Names = c("1", "2", "3", "4", "5", "6", "7", 
"8", "9", "11", "12", "13", "14", "15", "18", "19", "20", "21", 
"22", "23", "24", "25", "26", "27", "28", "29", "30")), effects = structure(c(-330.436804066196, 
-51.0689079508119, 2.68611967430661, -3.41309644314727, 2.9363700081579, 
-3.50586688985991, -1.19814726856288, 2.86234257052959, -4.82877320906033, 
13.0372715006916, 9.53995556814139, 9.5243665414674, -11.4779503643366, 
7.08239488523664, 3.22817814293655, 0.127119424684923, -7.16185026619651, 
9.07577497161728, 5.27247808389213, -9.73451218391888, 1.93720356925794, 
11.6583509546767, -4.22951874590121, 9.32155163368574, -9.7724420063707, 
7.09739422389631, 5.9313376328686), .Names = c("x1", "x2", "x3", 
"x4", "x5", "x6", "x7", "", "", "", "", "", "", "", "", "", "", 
"", "", "", "", "", "", "", "", "", "")), rank = 7L, fitted.values = structure(c(52.2362231867904, 
61.9597010071321, 66.1225718582517, 61.5506201061339, 73.3120314519656, 
56.2734562137876, 66.4689717235573, 72.4011316630717, 77.1926970728022, 
53.8220360398317, 58.2304812694373, 62.4759514212467, 74.7355351025844, 
74.2613759151444, 57.6765282345125, 67.850034701446, 56.4342364716515, 
42.5156552447518, 61.1052637612151, 63.2217943407886, 41.5982520329029, 
57.2768961175699, 74.0886750445121, 72.9743371871072, 56.0869317602318, 
78.346024071638, 76.7825869999355), .Names = c("1", "2", "3", 
"4", "5", "6", "7", "8", "9", "11", "12", "13", "14", "15", "18", 
"19", "20", "21", "22", "23", "24", "25", "26", "27", "28", "29", 
"30")), assign = 1:7, qr = structure(list(qr = structure(c(-5.19615242270663, 
0.192450089729875, 0.192450089729875, 0.192450089729875, 0.192450089729875, 
0.192450089729875, 0.192450089729875, 0.192450089729875, 0.192450089729875, 
0.192450089729875, 0.192450089729875, 0.192450089729875, 0.192450089729875, 
0.192450089729875, 0.192450089729875, 0.192450089729875, 0.192450089729875, 
0.192450089729875, 0.192450089729875, 0.192450089729875, 0.192450089729875, 
0.192450089729875, 0.192450089729875, 0.192450089729875, 0.192450089729875, 
0.192450089729875, 0.192450089729875, -339.09705810404, -64.6156729066964, 
0.108983611697181, 0.000650761707243416, 0.232792583114252, -0.123158209709828, 
0.062555247415779, 0.18636421883285, 0.294697068822788, -0.154110452564096, 
-0.0457776025741583, -0.0148253597198905, 0.310173190249921, 
0.217316461687118, -0.0457776025741583, 0.108983611697181, -0.0767298454284261, 
-0.355300031116836, -0.0303014811470244, 0.0470791259886451, 
-0.401728395398238, -0.138634331136962, 0.217316461687118, 0.18636421883285, 
-0.09220596685556, 0.341125433104189, 0.294697068822788, -276.165878762371, 
-38.1635422496297, -51.8743814456437, -0.0855473432092191, -0.04856337822439, 
0.0849309466482844, -0.190063826433519, -0.12921405674444, 0.213189566166732, 
0.185382533999306, -0.011979315364881, 0.157451833421777, 0.413569170333353, 
-0.0754469377310734, 0.335012773954993, -0.147967824504566, 0.416187023010466, 
-0.0484397098142874, 0.0727362590284481, 0.0143806736063798, 
0.160069686098891, -0.0383393043361418, 0.155881121815509, 0.0250046496199481, 
-0.0347979789982857, 0.158898876617943, -0.42296259758637, -294.448637286709, 
-14.9396158843266, 4.33384114463081, -55.2994186060024, 0.00346822152853864, 
-0.186708766980776, -0.0336721476677268, -0.0841364291228903, 
0.350100987312869, -0.1237855390524, -0.325162954072534, 0.345638807180576, 
-0.0553385326956574, 0.0526279532664103, 0.246196935264472, -0.0638020474414027, 
-0.0209977034024475, -0.397341468304221, 0.23628008603964, -0.182273751321703, 
-0.0901880552563015, 0.327616244566014, 0.126117209257306, 0.205968044989034, 
0.0893349305729858, -0.155199016112064, -0.127765901234548, -334.478255950523, 
-38.7894653829049, 0.555667010559441, -4.32961961692824, 37.075858718994, 
0.174980475875404, -0.022205838652788, 0.00991351512613668, 0.0990332980525143, 
0.0450153275188972, 0.117843886443313, 0.210282183003243, 0.514770035013245, 
-0.208084932541188, 0.21833189700892, -0.208143917584103, -0.0133158158894143, 
0.239603397300412, -0.10350451411849, 0.0920400516464785, 0.00354336005971524, 
-0.240414702666307, -0.422005184793926, -0.267063691492943, 0.237676880264856, 
0.0308164437713922, 0.23884863786661, -390.673682151647, -18.1024765522868, 
4.6765930061464, -11.9703791815615, 6.13706469541373, 42.7498579386737, 
0.233965419161572, 0.300247593312815, 0.0900300079823932, 0.168039287431531, 
-0.0462854874563093, 0.45002638407899, 0.0643634372671791, 0.121507619636883, 
0.0143938197292868, -0.141453837422169, -0.0164042215709433, 
0.0561408913043227, 0.0354282403661215, -0.105706974077222, 0.341162020754732, 
0.159444929390889, 0.198360718299908, 0.150784207334774, -0.139481419373929, 
0.144292328499126, 0.0056601833882239, -220.932703009897, -10.2044959173061, 
-11.7299946118344, 5.33366637102375, 29.3074423307633, 8.80754995463461, 
37.4709103317356, 0.0224219740291409, 0.310844721848952, 0.199200194202451, 
0.0427164301015747, 0.171033144325426, 0.088134888527558, 0.0817751933169176, 
-0.59201346199852, 0.112445587936695, -0.11903022127104, 0.0350942075831998, 
0.0664389729635758, 0.187799451739158, -0.322990767000872, 0.24822974312865, 
-0.422142717673796, 0.0169513732952015, -0.0756182068493217, 
-0.159589908061776, -0.0595466183055021), .Dim = c(27L, 7L), .Dimnames = list(
    c("1", "2", "3", "4", "5", "6", "7", "8", "9", "11", "12", 
    "13", "14", "15", "18", "19", "20", "21", "22", "23", "24", 
    "25", "26", "27", "28", "29", "30"), c("x1", "x2", "x3", 
    "x4", "x5", "x6", "x7")), assign = 1:7), qraux = c(1.19245008972988, 
1.01612688313438, 1.2761336179975, 1.23183887833865, 1.03296988688987, 
1.56118203804274, 1.14243557321855), pivot = 1:7, tol = 1e-07, 
    rank = 7L), .Names = c("qr", "qraux", "pivot", "tol", "rank"
), class = "qr"), df.residual = 20L, xlevels = structure(list(), .Names = character(0)), 
    call = quote(lm(formula = y ~ . + 0, data = structure(list(y = c(43, 
        63, 71, 61, 81, 43, 58, 71, 72, 64, 67, 69, 68, 77, 65, 
        65, 50, 50, 64, 53, 40, 63, 66, 78, 48, 85, 82), x1 = c(1, 
        1, 1, 1, 1, 1, 1, 1, 1, 1, 1, 1, 1, 1, 1, 1, 1, 1, 1, 
        1, 1, 1, 1, 1, 1, 1, 1), x2 = c(51, 64, 70, 63, 78, 55, 
        67, 75, 82, 53, 60, 62, 83, 77, 60, 70, 58, 40, 61, 66, 
        37, 54, 77, 75, 57, 85, 82), x3 = c(30, 51, 68, 45, 56, 
        49, 42, 50, 72, 53, 47, 57, 83, 54, 65, 46, 68, 33, 52, 
        52, 42, 42, 66, 58, 44, 71, 39), x4 = c(59, 47, 45, 71, 
        59, 45, 58, 55, 75, 47, 39, 74, 50, 62, 66, 56, 50, 34, 
        69, 47, 48, 75, 63, 69, 62, 48, 57), x5 = c(61, 63, 76, 
        54, 71, 54, 66, 70, 71, 58, 59, 55, 59, 79, 55, 75, 64, 
        43, 66, 63, 50, 66, 88, 80, 51, 77, 64), x6 = c(92, 73, 
        86, 84, 83, 49, 68, 66, 83, 67, 74, 63, 77, 77, 80, 85, 
        78, 64, 80, 80, 57, 75, 76, 78, 83, 74, 78), x7 = c(45, 
        47, 48, 35, 47, 34, 35, 41, 31, 34, 41, 25, 35, 46, 60, 
        46, 52, 33, 41, 37, 49, 33, 72, 49, 38, 55, 39)), .Names = c("y", 
        "x1", "x2", "x3", "x4", "x5", "x6", "x7"),