
expected <- structure(list(coefficients = structure(c(27.0909903551204, 0.744812638625651, 
-0.132173935017811, 0.139660978284519, -0.210472825976493, 0.0288693654608016, 
-0.0447294012915327), .Names = c("x1", "x2", "x3", "x4", "x5", 
"x6", "x7")), residuals = structure(c(-7.99474599167535, -1.19947058382356, 
-0.162077629982774, 4.03168554032041, 4.22750545257817, -7.9906917197015, 
-5.03338121021191, 2.68939397397472, -3.5456739769176, 8.32712664556373, 
8.97468898174297, 14.2048292148663, -2.99095235820399, 1.8927465767228, 
-4.31228489877529, -2.09669724449837, -5.9812521162472, -1.9320442022244, 
5.61798958341604, 0.789864300796738, -5.49158150085915, -3.18164175950855, 
-1.49434555786177, 1.36949926026621, -9.45105368645138, 6.5995632233346, 
4.13300168336005), .Names = c("1", "2", "3", "4", "5", "6", "7", 
"8", "9", "10", "11", "12", "14", "15", "16", "17", "19", "20", 
"21", "22", "23", "24", "26", "27", "28", "29", "30")), effects = structure(c(-335.248056309443, 
55.507881731414, 5.01730832808559, 12.937982009321, -11.6248704948626, 
0.932370893499061, -1.82250718420799, 5.09159268870923, -1.64724032972791, 
8.78398957774234, 12.613367307213, 14.9984864056246, -5.30849370841008, 
5.10811875501306, 0.105020518475974, 0.0260348763494772, -6.52930553267075, 
0.285686010485768, 6.11846394366599, 2.7948357992456, -3.37332232073929, 
2.36074958404194, 0.347958730061745, 3.53284855126276, -9.90253551886986, 
8.55341193490052, 5.37162147616496), .Names = c("x1", "x2", "x3", 
"x4", "x5", "x6", "x7", "", "", "", "", "", "", "", "", "", "", 
"", "", "", "", "", "", "", "", "", "")), rank = 7L, fitted.values = structure(c(50.9947459916754, 
64.1994705838236, 71.1620776299828, 56.9683144596796, 76.7724945474218, 
50.9906917197015, 63.0333812102119, 68.3106060260253, 75.5456739769176, 
58.6728733544363, 55.025311018257, 52.7951707851336, 70.990952358204, 
75.1072534232772, 85.3122848987753, 76.0966972444984, 70.9812521162472, 
51.9320442022244, 44.382010416584, 63.2101356992033, 58.4915815008592, 
43.1816417595085, 67.4943455578618, 76.6305007397338, 57.4510536864514, 
78.4004367766654, 77.86699831664), .Names = c("1", "2", "3", 
"4", "5", "6", "7", "8", "9", "10", "11", "12", "14", "15", "16", 
"17", "19", "20", "21", "22", "23", "24", "26", "27", "28", "29", 
"30")), assign = 1:7, qr = structure(list(qr = structure(c(-5.19615242270663, 
0.192450089729875, 0.192450089729875, 0.192450089729875, 0.192450089729875, 
0.192450089729875, 0.192450089729875, 0.192450089729875, 0.192450089729875, 
0.192450089729875, 0.192450089729875, 0.192450089729875, 0.192450089729875, 
0.192450089729875, 0.192450089729875, 0.192450089729875, 0.192450089729875, 
0.192450089729875, 0.192450089729875, 0.192450089729875, 0.192450089729875, 
0.192450089729875, 0.192450089729875, 0.192450089729875, 0.192450089729875, 
0.192450089729875, 0.192450089729875, -350.644063487833, 69.9767157041593, 
-0.0740027970375246, 0.0260304773103873, -0.188326539149424, 
0.140354219422287, -0.0311313937455624, -0.145455135857462, -0.245488410205373, 
0.0546114128383621, 0.168935154950261, 0.0689018806023495, -0.259778877969361, 
-0.174036071385436, -0.359812152317273, -0.288359813497336, -0.0740027970375246, 
0.0974828161303243, 0.354711235882098, 0.0546114128383621, -0.0168409259815749, 
0.39758263917406, -0.174036071385436, -0.145455135857462, 0.111773283894312, 
-0.288359813497336, -0.245488410205373, -275.203628313722, 37.1192253786653, 
-51.7989002803227, -0.0646111375218958, 0.00305168115368953, 
0.0897822602435688, -0.161113265566024, -0.0838415133947335, 
0.273352707176091, -0.045318217241926, 0.186296897169124, 0.00293910122085157, 
0.476065967811465, -0.0259127170291181, -0.228538415494507, 0.0899698934649654, 
-0.112830929340394, 0.427646033890144, -0.074407704238998, 0.0898197868878481, 
0.0415874861879235, 0.128280538633523, 0.205752432907637, 0.0706019198964369, 
-0.0260378058433825, 0.22510789759474, -0.363726455149987, -293.67883692779, 
37.9020254461815, -7.52187192325024, 43.33126643185, -0.121492937648673, 
0.135014367433991, -0.0835009050119497, 0.064907370321727, -6.93956314350381e-05, 
0.0915809510779477, -0.178492309224744, 0.280997970441483, 0.591510443853834, 
-0.282447065505078, -0.194720363674145, -0.0742433357923988, 
-0.0527603812070296, 0.0603482267727822, 0.123980681013588, -0.206851483211803, 
0.114317693405659, -0.395054295483173, 0.00709158923035469, -0.31901745600949, 
0.0955309830565158, -0.0726614600816332, -0.0404954151910349, 
-344.485660616477, -15.2886834011311, 5.77617704574551, -36.9531875883229, 
52.5069852047138, -0.117340758975831, -0.217362484300199, -0.0372305533451443, 
-0.0511358359512394, 0.0519040322409887, -0.134030771306308, 
-0.112919102339965, 0.382596470314104, -0.0893112271315726, 0.0990575573991071, 
-0.174253779089231, 0.341631441036477, -0.359022264568808, 0.255186836442581, 
0.0126045404828157, -0.290685119397537, -0.34674123544661, -0.241030712241867, 
0.138290908165962, 0.200786850083164, 0.0145934760318532, 0.156336048505099, 
-389.711431702997, 9.93187509597131, -2.61272901832825, -6.25623984676714, 
-8.04180860326587, 49.6258025781243, 0.117870433709001, 0.274938731095135, 
-0.00317973393941435, -0.0357227154535066, 0.125242620033812, 
0.101639316146869, 0.382005722124856, -0.0243444794318298, 0.521551721550826, 
0.0199619354524033, -0.0867299397695843, -0.0257532551277085, 
0.242724236097035, -0.0956684638747357, -0.0640828662636625, 
0.156457494814113, 0.0709534804169959, -0.00213813560478552, 
-0.0795386137055011, 0.178831776202468, 0.0329836797993587, -225.166604983954, 
11.2561251087674, -11.4580557756746, 15.8896201680194, 7.6328994783948, 
11.184914686285, 40.7451727853328, -0.0406768219263502, 0.443744706277095, 
-0.00536688447219196, 0.335278786277448, -0.105748551725789, 
-0.0873181092896478, 0.136067607290898, 0.121583759505568, -0.333490037529261, 
-0.0810885823711245, -0.0663621900758464, -0.00710662790003252, 
0.212838088985334, 0.18494796452918, 0.0460877617107206, -0.589247985022274, 
0.0591104640939124, 0.0488284363487782, -0.177507951406723, 0.0410763376837161
), .Dim = c(27L, 7L), .Dimnames = list(c("1", "2", "3", "4", 
"5", "6", "7", "8", "9", "10", "11", "12", "14", "15", "16", 
"17", "19", "20", "21", "22", "23", "24", "26", "27", "28", "29", 
"30"), c("x1", "x2", "x3", "x4", "x5", "x6", "x7")), assign = 1:7), 
    qraux = c(1.19245008972988, 1.0117400095464, 1.31188851221032, 
    1.1092741072632, 1.22189267722227, 1.56125270129064, 1.21616676552259
    ), pivot = 1:7, tol = 1e-07, rank = 7L), .Names = c("qr", 
"qraux", "pivot", "tol", "rank"), class = "qr"), df.residual = 20L, 
    xlevels = structure(list(), .Names = character(0)), call = quote(lm(formula = y ~ 
        . + 0, data = structure(list(y = c(43, 63, 71, 61, 81, 
        43, 58, 71, 72, 67, 64, 67, 68, 77, 81, 74, 65, 50, 50, 
        64, 53, 40, 66, 78, 48, 85, 82), x1 = c(1, 1, 1, 1, 1, 
        1, 1, 1, 1, 1, 1, 1, 1, 1, 1, 1, 1, 1, 1, 1, 1, 1, 1, 
        1, 1, 1, 1), x2 = c(51, 64, 70, 63, 78, 55, 67, 75, 82, 
        61, 53, 60, 83, 77, 90, 85, 70, 58, 40, 61, 66, 37, 77, 
        75, 57, 85, 82), x3 = c(30, 51, 68, 45, 56, 49, 42, 50, 
        72, 45, 53, 47, 83, 54, 50, 64, 46, 68, 33, 52, 52, 42, 
        66, 58, 44, 71, 39), x4 = c(39, 54, 69, 47, 66, 44, 56, 
        55, 67, 47, 58, 39, 45, 72, 72, 69, 57, 54, 34, 62, 50, 
        58, 63, 74, 45, 71, 59), x5 = c(77, 54, 43, 88, 50, 79, 
        79, 75, 64, 71, 62, 88, 66, 59, 58, 71, 50, 80, 63, 55, 
        88, 64, 76, 43, 63, 58, 66), x6 = c(92, 73, 86, 84, 83, 
        49, 68, 66, 83, 80, 67, 74, 77, 77, 54, 79, 85, 78, 64, 
        80, 80, 57, 76, 78, 83, 74, 78), x7 = c(45, 47, 48, 35, 
        47, 34, 35, 41, 31, 41, 34, 41, 35, 46, 36, 63, 46, 52, 
        33, 41, 37, 49, 72, 49, 38, 55, 39)), .Names = c("y", 
        "x1", "x2", "x3", "x4", "x5", "x6", "x7"),