
expected <- structure(list(coefficients = structure(c(20.9976202411489, -0.310410024444931, 
0.183478072989974, 0.575792311716187, 0.423544810491723, 0.110552589861889, 
-0.340322953502716), .Names = c("x1", "x2", "x3", "x4", "x5", 
"x6", "x7")), residuals = structure(c(-4.92169967630092, 9.17858197523868, 
0.371676929796727, -3.14650514091794, 7.40795890046355, -9.48459224383245, 
-4.77959728215621, 5.10354388440899, -3.09880924845734, -0.0324926859650609, 
11.5371270429024, 4.0255495833641, 1.34520715214401, -10.1950453087971, 
2.93611910888514, -2.27868681715977, -6.83605830676832, 6.07567093514252, 
-9.25161570413313, -5.98292475939625, -6.51771473352823, 1.1993570044201, 
-4.06571458382114, 3.37478033598703, -7.13231614708656, 8.81557446753099, 
16.3526253180362), .Names = c("1", "2", "3", "4", "5", "6", "7", 
"8", "9", "11", "12", "13", "14", "15", "18", "19", "20", "21", 
"22", "23", "24", "25", "26", "27", "28", "29", "30")), effects = structure(c(-330.436804066196, 
9.20935773569388, -31.2559365192854, -34.4094626519537, 14.1429305058509, 
4.13977691337216, -13.4174229169315, 9.68347017994167, -3.90069590790411, 
0.568422810158906, 14.0936925783187, 8.23256820877293, 1.78526480384288, 
-3.83320195525904, -3.58231479622643, 0.42337097404885, -8.7589745425246, 
6.37538912343728, -7.30053997387711, -6.1308598263616, -9.02824811399348, 
4.39749740567674, 1.15105726528353, 5.16867456619003, -8.80346833457582, 
11.2040643748352, 17.7987567425281), .Names = c("x1", "x2", "x3", 
"x4", "x5", "x6", "x7", "", "", "", "", "", "", "", "", "", "", 
"", "", "", "", "", "", "", "", "", "")), rank = 7L, fitted.values = structure(c(47.9216996763009, 
53.8214180247613, 70.6283230702033, 64.1465051409179, 73.5920410995365, 
52.4845922438324, 62.7795972821562, 65.896456115591, 75.0988092484573, 
64.0324926859651, 55.4628729570976, 64.9744504166359, 66.654792847856, 
87.1950453087971, 62.0638808911149, 67.2786868171598, 56.8360583067683, 
43.9243290648575, 73.2516157041331, 58.9829247593962, 46.5177147335282, 
61.8006429955799, 70.0657145838211, 74.625219664013, 55.1323161470866, 
76.184425532469, 65.6473746819638), .Names = c("1", "2", "3", 
"4", "5", "6", "7", "8", "9", "11", "12", "13", "14", "15", "18", 
"19", "20", "21", "22", "23", "24", "25", "26", "27", "28", "29", 
"30")), assign = 1:7, qr = structure(list(qr = structure(c(-5.19615242270663, 
0.192450089729875, 0.192450089729875, 0.192450089729875, 0.192450089729875, 
0.192450089729875, 0.192450089729875, 0.192450089729875, 0.192450089729875, 
0.192450089729875, 0.192450089729875, 0.192450089729875, 0.192450089729875, 
0.192450089729875, 0.192450089729875, 0.192450089729875, 0.192450089729875, 
0.192450089729875, 0.192450089729875, 0.192450089729875, 0.192450089729875, 
0.192450089729875, 0.192450089729875, 0.192450089729875, 0.192450089729875, 
0.192450089729875, 0.192450089729875, -340.05930855269, -75.3701974699991, 
0.316044445515722, -0.347347739703142, -0.0687230219112189, -0.0421873345024643, 
0.0506875714281766, -0.0687230219112189, 0.249705226993836, -0.00238380338933252, 
-0.201401458954992, -0.347347739703142, -0.148330084137483, -0.387151270816273, 
0.223169539585081, -0.00238380338933252, 0.223169539585081, -0.16159792784186, 
-0.201401458954992, 0.117026789950063, 0.249705226993836, -0.0421873345024643, 
-0.00238380338933252, 0.209901695880704, -0.121794396728728, 
0.0108840403150448, -0.0687230219112189, -276.165878762371, -15.579396918651, 
-62.4875171458951, 0.00574901094156524, 0.120532670679754, 0.00267682084124682, 
-0.129762719235611, 0.024513493185611, 0.306582097520051, 0.0579393916943316, 
0.00567128491524111, 0.197787365929851, 0.570119397689418, 0.15852799132579, 
0.200393199872225, -0.0540829820488351, 0.248402788619296, -0.227123676714103, 
0.0856872661603602, 0.0156855530162763, -0.173513789950663, -0.10934555290192, 
0.265980942931641, 0.0912875641767281, -0.0598387321178513, 0.34308018612909, 
-0.151521665553651, -289.252484864003, -23.4708155130434, -24.399628151194, 
-48.412590978341, 0.227429525998, -0.169885022588797, 0.116636246137306, 
0.0554990658393758, 0.0120516016044101, 0.0713640139154087, -0.210430245148467, 
-0.199987681620818, -0.432963155288069, 0.458403897960744, 0.249179217821689, 
0.115205248988104, -0.212233815986087, -0.195791619519408, 0.218583477327294, 
-0.117897876288446, 0.102565343785105, -0.0227648698015563, 0.0548627542009742, 
0.296712617523586, -0.0810069522595337, 0.170347558903899, 0.239474657835533, 
-334.478255950523, -9.70616477218, -20.8089932896352, -28.7485136414444, 
39.3013412416318, 0.153520942248619, -0.0665934374085278, -0.124302939387708, 
0.0643008527407539, 0.222771657219875, -0.0221982086724287, 0.181116771949733, 
0.228227573412636, -0.110688462788303, 0.525422981873662, -0.25775214184557, 
0.0809697106377784, 0.251651108628256, 0.0794059735229323, -0.0106887342569331, 
0.34113159171998, -0.14471140452637, -0.416861543585439, -0.157228645079669, 
0.223037248645789, -0.0238932842164979, 0.0143473670321987, -390.673682151647, 
-4.94595729202064, -5.94045410057646, -9.4528331406947, 13.7596347254162, 
44.9403936726841, 0.246961588356144, 0.327081651402345, -0.0505289455939482, 
0.214760886701929, 0.0230924047991087, 0.259197664839965, -0.0508849886671693, 
0.249110124128266, -0.0683176569582773, -0.0553178601380633, 
-0.035384300414764, 0.109367165392193, 0.0254300076525889, -0.0795738203134699, 
0.353790221071063, 0.0722983796119811, 0.253471565240741, 0.169202639265023, 
-0.223226752868711, 0.239101925491718, 0.0363462090243028, -220.932703009897, 
-20.1111026461239, -10.9559013799799, -19.650317153828, 11.8243916122537, 
2.4344522989964, 39.4255596892158, 0.0509405486595533, 0.479314129174834, 
0.184715903406298, -0.141674659400279, 0.155245351600161, -0.0162410136416968, 
-0.0158483291929766, -0.314431481332331, 0.0429210616935484, 
-0.187856493485794, -0.0480301621453211, 0.0424922276502354, 
0.167106605883824, -0.152565039667028, 0.233326267166589, -0.561482706002813, 
0.134043731356564, -0.028551150255377, -0.167874842092403, 0.1373081909797
), .Dim = c(27L, 7L), .Dimnames = list(c("1", "2", "3", "4", 
"5", "6", "7", "8", "9", "11", "12", "13", "14", "15", "18", 
"19", "20", "21", "22", "23", "24", "25", "26", "27", "28", "29", 
"30"), c("x1", "x2", "x3", "x4", "x5", "x6", "x7")), assign = 1:7), 
    qraux = c(1.19245008972988, 1.24970522699384, 1.2279856222856, 
    1.01385755372048, 1.00308063955319, 1.53988716736619, 1.24903873905127
    ), pivot = 1:7, tol = 1e-07, rank = 7L), .Names = c("qr", 
"qraux", "pivot", "tol", "rank"), class = "qr"), df.residual = 20L, 
    xlevels = structure(list(), .Names = character(0)), call = quote(lm(formula = y ~ 
        . + 0, data = structure(list(y = c(43, 63, 71, 61, 81, 
        43, 58, 71, 72, 64, 67, 69, 68, 77, 65, 65, 50, 50, 64, 
        53, 40, 63, 66, 78, 48, 85, 82), x1 = c(1, 1, 1, 1, 1, 
        1, 1, 1, 1, 1, 1, 1, 1, 1, 1, 1, 1, 1, 1, 1, 1, 1, 1, 
        1, 1, 1, 1), x2 = c(70, 85, 90, 40, 61, 63, 70, 61, 85, 
        66, 51, 40, 55, 37, 83, 66, 83, 54, 51, 75, 85, 63, 66, 
        82, 57, 67, 61), x3 = c(30, 51, 68, 45, 56, 49, 42, 50, 
        72, 53, 47, 57, 83, 54, 65, 46, 68, 33, 52, 52, 42, 42, 
        66, 58, 44, 71, 39), x4 = c(39, 54, 69, 47, 66, 44, 56, 
        55, 67, 58, 39, 42, 45, 72, 75, 57, 54, 34, 62, 50, 58, 
        48, 63, 74, 45, 71, 59), x5 = c(61, 63, 76, 54, 71, 54, 
        66, 70, 71, 58, 59, 55, 59, 79, 55, 75, 64, 43, 66, 63, 
        50, 66, 88, 80, 51, 77, 64), x6 = c(92, 73, 86, 84, 83, 
        49, 68, 66, 83, 67, 74, 63, 77, 77, 80, 85, 78, 64, 80, 
        80, 57, 75, 76, 78, 83, 74, 78), x7 = c(45, 47, 48, 35, 
        47, 34, 35, 41, 31, 34, 41, 25, 35, 46, 60, 46, 52, 33, 
        41, 37, 49, 33, 72, 49, 38, 55, 39)), .Names = c("y", 
        "x1", "x2", "x3", "x4", "x5", "x6", "x7"),