
expected <- structure(list(coefficients = structure(c(20.6853580006312, -0.340804178215204, 
0.176008898317685, 0.578099023268783, 0.490864359675177, 0.0250488024278201, 
-0.212657203183626), .Names = c("x1", "x2", "x3", "x4", "x5", 
"x6", "x7")), residuals = structure(c(-4.33283600286209, 8.33106738980824, 
-0.122762243703471, -2.31201810492127, 6.15713144014992, -10.7792096476459, 
-5.25234875018815, -1.46032492997495, 0.114792911844744, 0.0314450855645415, 
10.7817116899649, 4.37495869108322, 1.98892429739119, -13.1280244460104, 
7.19048050404196, 3.08825068778445, 1.56137187007962, -7.89551459391895, 
6.56180407101409, -9.98095366909866, -5.24250084641734, -8.18991669741805, 
1.38615816509369, 1.46998838131331, -6.05052663940332, 5.65283860760028, 
16.0560127788284), .Names = c("1", "2", "3", "4", "5", "6", "7", 
"9", "10", "11", "12", "13", "14", "15", "16", "17", "18", "20", 
"21", "22", "23", "24", "25", "27", "28", "29", "30")), effects = structure(c(-334.285805860793, 
8.03544477117087, -32.7010124652564, 38.7554899785479, 16.7111708676924, 
-1.01126888563862, -7.28320232637853, -1.41379290792274, 3.20682825886596, 
0.688486406800272, 14.0193478864455, 9.50891286634974, 4.41833666456086, 
-8.71595353635054, 8.3266749512878, 3.32071417818178, -5.84054741486395, 
-8.78642228016098, 7.54682693508425, -8.82637505451545, -4.5458602926689, 
-11.0280556873877, 4.93203825088201, 2.47104377947329, -7.35880674303945, 
7.42961189088329, 16.7018074150814), .Names = c("x1", "x2", "x3", 
"x4", "x5", "x6", "x7", "", "", "", "", "", "", "", "", "", "", 
"", "", "", "", "", "", "", "", "", "")), rank = 7L, fitted.values = structure(c(47.3328360028621, 
54.6689326101918, 71.1227622437035, 63.3120181049213, 74.8428685598501, 
53.7792096476459, 63.2523487501882, 73.460324929975, 66.8852070881553, 
63.9685549144355, 56.2182883100351, 64.6250413089168, 66.0110757026088, 
90.1280244460104, 73.809519495958, 70.9117493122155, 63.4386281299204, 
57.8955145939189, 43.4381959289859, 73.9809536690987, 58.2425008464173, 
48.189916697418, 61.6138418349063, 76.5300116186867, 54.0505266394033, 
79.3471613923997, 65.9439872211716), .Names = c("1", "2", "3", 
"4", "5", "6", "7", "9", "10", "11", "12", "13", "14", "15", 
"16", "17", "18", "20", "21", "22", "23", "24", "25", "27", "28", 
"29", "30")), assign = 1:7, qr = structure(list(qr = structure(c(-5.19615242270663, 
0.192450089729875, 0.192450089729875, 0.192450089729875, 0.192450089729875, 
0.192450089729875, 0.192450089729875, 0.192450089729875, 0.192450089729875, 
0.192450089729875, 0.192450089729875, 0.192450089729875, 0.192450089729875, 
0.192450089729875, 0.192450089729875, 0.192450089729875, 0.192450089729875, 
0.192450089729875, 0.192450089729875, 0.192450089729875, 0.192450089729875, 
0.192450089729875, 0.192450089729875, 0.192450089729875, 0.192450089729875, 
0.192450089729875, 0.192450089729875, -337.557457386201, -82.4679511262585, 
0.293739651490362, -0.312556483155325, -0.0579121066041364, -0.0336602612183089, 
0.0512211976320873, 0.233110038025794, -0.348934251234066, 0.0027175068604323, 
-0.179171333533274, -0.312556483155325, -0.130667642761619, -0.348934251234066, 
-0.0700380292970502, 0.208858192639966, 0.208858192639966, 0.208858192639966, 
-0.142793565454533, -0.179171333533274, 0.111850811096656, 0.233110038025794, 
-0.0336602612183089, 0.196732269947052, -0.106415797375791, 0.014843429553346, 
-0.0579121066041364, -275.588528493181, -19.3412958034453, -61.1627111858737, 
0.0165039145823098, 0.125374009872105, 0.00416537786217373, -0.133942789209316, 
0.305853539828756, 0.0266436356192449, 0.0594249813882716, 0.0120245997283976, 
0.212701888271409, 0.587098892746448, 0.173792115886069, 0.0306549300398671, 
0.181814704727314, 0.198164535868072, 0.247214029290347, -0.227012757279153, 
0.0937737554321888, 0.0126559871367081, -0.184641394393991, -0.110283440123134, 
0.0870956248950757, -0.0573043357677473, 0.350342034909608, -0.152573119520785, 
-291.754336030491, -26.1816635269923, -23.9110484900773, 51.8670383044177, 
-0.202087958430597, 0.168929074228503, -0.0989963573488581, -0.00515309974402745, 
-0.00928418412268922, -0.0568860379896276, 0.208458850075042, 
0.199537854862345, 0.413463718272735, -0.414430519748053, -0.372321231097659, 
-0.118661035722078, -0.225801957209386, 0.204697911178892, 0.195254316329274, 
-0.19228528479864, 0.118658714439554, -0.0878169991602923, 0.0320324192265996, 
-0.26961424088016, 0.0870557916040669, -0.150500245194345, -0.21229870649942, 
-328.319853079167, -12.9769828226571, -19.2735594702977, 25.1151654097678, 
35.0061474983957, 0.0953620180466036, -0.078902595993161, 0.0515254706856585, 
-0.0560193031184035, 0.229900550679275, -0.121396533780635, 0.0974736178844696, 
0.105406930481341, -0.0822809771783986, 0.410178712306681, -0.168782550325959, 
0.622850717208772, 0.0181986477093484, 0.194859945516704, 0.0893559031010214, 
-0.0671124215880566, 0.38895626931103, -0.20455845830807, -0.132219689831368, 
0.189324904657811, -0.0272182012864817, 0.0325555604672725, -387.979380895428, 
-4.42191980868256, -7.53412766308046, 1.2996929664861, 22.7797711215256, 
45.3770467461883, 0.189486867019558, -0.0541901844427216, -0.0271531134587606, 
0.152167722590127, 0.150142603691011, 0.364710933474432, 0.184993694343445, 
0.0470959787481394, 0.325504964815711, 0.0711744202262987, -0.265678560042697, 
0.0751354933661851, 0.176865667487749, -0.0845365977488046, -0.0131266530948377, 
0.236441550239649, 0.10543948039605, 0.0349246512966896, -0.202507859390385, 
0.171774936602165, -0.0920273355505182, -217.276151305029, -23.279526029155, 
-7.22546429879918, 16.8792285926815, 4.90322114354201, 10.1003376898885, 
34.2485569138685, 0.542928327454328, -0.171473392443705, 0.222302720080697, 
-0.211522662484274, 0.126190662113844, -0.0505327328232728, -0.109360499771261, 
0.208527465031521, -0.382649957058915, -0.219439086567429, -0.231470604006119, 
-0.0174761033543442, 0.0451430374523283, 0.181241510800141, -0.120048934107269, 
0.207762418253459, 0.086128911984362, 0.040421336255918, -0.27521133520592, 
0.164100176772567), .Dim = c(27L, 7L), .Dimnames = list(c("1", 
"2", "3", "4", "5", "6", "7", "9", "10", "11", "12", "13", "14", 
"15", "16", "17", "18", "20", "21", "22", "23", "24", "25", "27", 
"28", "29", "30"), c("x1", "x2", "x3", "x4", "x5", "x6", "x7"
)), assign = 1:7), qraux = c(1.19245008972988, 1.23311003802579, 
1.22355468020416, 1.00066371451862, 1.01375039123139, 1.61007494227017, 
1.2347342792741), pivot = 1:7, tol = 1e-07, rank = 7L), .Names = c("qr", 
"qraux", "pivot", "tol", "rank"), class = "qr"), df.residual = 20L, 
    xlevels = structure(list(), .Names = character(0)), call = quote(lm(formula = y ~ 
        . + 0, data = structure(list(y = c(43, 63, 71, 61, 81, 
        43, 58, 72, 67, 64, 67, 69, 68, 77, 81, 74, 65, 50, 50, 
        64, 53, 40, 63, 78, 48, 85, 82), x1 = c(1, 1, 1, 1, 1, 
        1, 1, 1, 1, 1, 1, 1, 1, 1, 1, 1, 1, 1, 1, 1, 1, 1, 1, 
        1, 1, 1, 1), x2 = c(70, 85, 90, 40, 61, 63, 70, 85, 37, 
        66, 51, 40, 55, 37, 60, 83, 83, 83, 54, 51, 75, 85, 63, 
        82, 57, 67, 61), x3 = c(30, 51, 68, 45, 56, 49, 42, 72, 
        45, 53, 47, 57, 83, 54, 50, 64, 65, 68, 33, 52, 52, 42, 
        42, 58, 44, 71, 39), x4 = c(39, 54, 69, 47, 66, 44, 56, 
        67, 47, 58, 39, 42, 45, 72, 72, 69, 75, 54, 34, 62, 50, 
        58, 48, 74, 45, 71, 59), x5 = c(61, 63, 76, 54, 71, 54, 
        66, 71, 62, 58, 59, 55, 59, 79, 60, 79, 55, 64, 43, 66, 
        63, 50, 66, 80, 51, 77, 64), x6 = c(92, 73, 86, 84, 83, 
        49, 68, 83, 80, 67, 74, 63, 77, 77, 54, 79, 80, 78, 64, 
        80, 80, 57, 75, 78, 83, 74, 78), x7 = c(45, 47, 48, 35, 
        47, 34, 35, 31, 41, 34, 41, 25, 35, 46, 36, 63, 60, 52, 
        33, 41, 37, 49, 33, 49, 38, 55, 39)), .Names = c("y", 
        "x1", "x2", "x3", "x4", "x5", "x6", "x7"),