
expected <- structure(list(coefficients = structure(c(17.8877773728818, -0.355178601594882, 
0.149736404067368, 0.728821307622174, 0.454384819201219, 0.076999594263349, 
-0.352796412936709), .Names = c("x1", "x2", "x3", "x4", "x5", 
"x6", "x7")), residuals = structure(c(-1.86699644187647, 0.386567523167902, 
-2.33024465256259, 6.2198153144507, -8.23142912300275, -5.00569348331464, 
4.78186756675673, -3.02524462695954, 1.39391784371666, -0.171869214743176, 
13.7226679420714, 5.15166756770188, -13.9038035623911, 5.74058799407372, 
5.96705182456362, 2.21423440251899, -2.27187074656992, -4.68756283739541, 
-10.4315954535641, -4.20948451796398, -6.0793546494055, 2.09403678078172, 
-4.6808262385416, 1.54965010321029, -5.18628611546075, 7.2497930615551, 
15.6104037391828), .Names = c("1", "3", "4", "5", "6", "7", "8", 
"9", "10", "11", "12", "13", "15", "16", "17", "18", "19", "20", 
"22", "23", "24", "25", "26", "27", "28", "29", "30")), effects = structure(c(-338.327257745121, 
9.90490373290089, -32.9216992915171, -35.6991166434676, 14.0564063988674, 
1.57731886316628, -14.4072516356534, -4.89019669487804, 2.01527197206029, 
0.706613641296318, 16.5659503212721, 8.31436018836177, -15.631332591088, 
6.40690976603598, 7.63674409865146, 4.35505042435065, -4.02929470939347, 
-0.952802829208153, -11.4071854870518, -4.18350306393227, -2.48171641002441, 
1.20215971234157, -0.716339816668297, -0.157870219040277, -4.66657526525508, 
9.27655411898093, 13.5353404907879), .Names = c("x1", "x2", "x3", 
"x4", "x5", "x6", "x7", "", "", "", "", "", "", "", "", "", "", 
"", "", "", "", "", "", "", "", "", "")), rank = 7L, fitted.values = structure(c(44.8669964418765, 
70.6134324768321, 63.3302446525626, 74.7801846855493, 51.2314291230027, 
63.0056934833146, 66.2181324332433, 75.0252446269595, 65.6060821562833, 
64.1718692147432, 53.2773320579286, 63.8483324322981, 90.9038035623911, 
75.2594120059263, 68.0329481754364, 62.785765597481, 67.2718707465699, 
54.6875628373954, 74.4315954535641, 57.209484517964, 46.0793546494055, 
60.9059632192183, 70.6808262385416, 76.4503498967897, 53.1862861154608, 
77.7502069384449, 66.3895962608172), .Names = c("1", "3", "4", 
"5", "6", "7", "8", "9", "10", "11", "12", "13", "15", "16", 
"17", "18", "19", "20", "22", "23", "24", "25", "26", "27", "28", 
"29", "30")), assign = 1:7, qr = structure(list(qr = structure(c(-5.19615242270663, 
0.192450089729875, 0.192450089729875, 0.192450089729875, 0.192450089729875, 
0.192450089729875, 0.192450089729875, 0.192450089729875, 0.192450089729875, 
0.192450089729875, 0.192450089729875, 0.192450089729875, 0.192450089729875, 
0.192450089729875, 0.192450089729875, 0.192450089729875, 0.192450089729875, 
0.192450089729875, 0.192450089729875, 0.192450089729875, 0.192450089729875, 
0.192450089729875, 0.192450089729875, 0.192450089729875, 0.192450089729875, 
0.192450089729875, 0.192450089729875, -337.365007296471, -78.7264368039851, 
-0.327016364645274, -0.0602698833802031, -0.0348654565930535, 
0.0540500371619702, -0.0602698833802031, 0.244583238065592, -0.365123004825999, 
0.00324118358767093, -0.187292017315951, -0.327016364645274, 
-0.365123004825999, -0.0729720967737779, 0.219178811278443, 0.219178811278443, 
0.00324118358767093, 0.219178811278443, -0.187292017315951, 0.117561104129844, 
0.244583238065592, -0.0348654565930535, 0.00324118358767093, 
0.206476597884868, -0.111078736954502, 0.0159433969812457, -0.0602698833802031, 
-274.626278044532, -22.0091721922819, -50.5272574638471, 0.172543568641323, 
0.0183049166423845, -0.175182653675279, 0.0537957817800815, 0.300809525674754, 
0.143234100658927, 0.0739207568919772, 0.0729197249869108, 0.357180323390175, 
0.32135578095079, 0.0616455654438265, 0.158178710520588, 0.177970008330795, 
-0.0646183277794714, 0.237343901761416, 0.171876214037946, -0.0165185938919349, 
-0.292929408631455, -0.120234168029064, 0.331207628424667, 0.0472807073230916, 
-0.0335528704261801, 0.422314333811957, -0.163908494132195, -299.837239799146, 
-23.6566963146633, -28.2649521032628, -44.1936967417943, -0.230002428341223, 
0.100715370108481, 0.0140194556367683, -0.0648070570015982, -0.0211169503169535, 
0.0279552025564029, -0.276212220927779, -0.289307736974777, 0.436323871179962, 
0.40226243053662, 0.0838165857479142, 0.207554696662743, 0.0895225380904716, 
-0.303709759997085, 0.184084704778923, -0.173192831173725, 0.0923796921724605, 
-0.0552967864732682, -0.0152686280255675, 0.27269476556145, -0.12579908345744, 
0.102040645314837, 0.236836524248064, -341.406459180799, -10.4717988121327, 
-22.7667055236223, -17.7491742469841, 40.7260971910974, -0.024174086263565, 
-0.121789019864599, 0.0340396396686615, -0.0308448001920758, 
0.212482849273131, -0.0283404375184881, 0.114679616374183, -0.172175018503051, 
0.29887498275816, -0.158601571853776, 0.494673323343101, -0.229092114940347, 
0.0626143174817255, 0.0473094591168405, 0.0099314633468795, 0.397457373307784, 
-0.110616675400169, -0.446816323879322, -0.143875680578059, 0.227408079440101, 
-0.0836445856125719, 0.0451527726871405, -390.481232061917, -4.46224051992804, 
-2.65960155708573, 0.532885819444395, 19.4559624580253, 48.0167043230021, 
0.352099794140067, -0.0239582108115091, -0.0606342994558826, 
0.0631396890675421, 0.067320497062234, 0.208324892822768, 0.189105941082953, 
0.263777469252278, 0.196166220944908, -0.372271068844697, 0.0391070888609508, 
0.0225683271896206, -0.0735339830419823, -0.0431172843086507, 
0.083736021970153, 0.117496352744155, 0.494711578835687, 0.188242079481141, 
-0.33862615278138, 0.255104193267124, -0.0760585265500328, -225.743955253144, 
-21.4907337048848, -16.4225125363713, -12.8519292645389, 16.8567902259776, 
6.00898367962826, 40.8372962630945, 0.492804308061108, -0.0384625954930558, 
0.146710779410469, -0.0950143809493272, 0.199268310796372, 0.0284577523646066, 
0.0689354632585117, -0.275025113827312, -0.300209635564549, 0.0532073224737537, 
-0.156369965837415, 0.0859450640242313, 0.170168414836449, -0.294861542279845, 
0.208209777786497, -0.52856559968576, 0.0814157290048496, 0.0301552100816588, 
-0.144828324735854, 0.110447474130235), .Dim = c(27L, 7L), .Dimnames = list(
    c("1", "3", "4", "5", "6", "7", "8", "9", "10", "11", "12", 
    "13", "15", "16", "17", "18", "19", "20", "22", "23", "24", 
    "25", "26", "27", "28", "29", "30"), c("x1", "x2", "x3", 
    "x4", "x5", "x6", "x7")), assign = 1:7), qraux = c(1.19245008972988, 
1.30809430503347, 1.11968474966769, 1.19075658945631, 1.15652188817311, 
1.20401775199425, 1.00799430202346), pivot = 1:7, tol = 1e-07, 
    rank = 7L), .Names = c("qr", "qraux", "pivot", "tol", "rank"
), class = "qr"), df.residual = 20L, xlevels = structure(list(), .Names = character(0)), 
    call = quote(lm(formula = y ~ . + 0, data = structure(list(y = c(43, 
        71, 61, 81, 43, 58, 71, 72, 67, 64, 67, 69, 77, 81, 74, 
        65, 65, 50, 64, 53, 40, 63, 66, 78, 48, 85, 82), x1 = c(1, 
        1, 1, 1, 1, 1, 1, 1, 1, 1, 1, 1, 1, 1, 1, 1, 1, 1, 1, 
        1, 1, 1, 1, 1, 1, 1, 1), x2 = c(70, 90, 40, 61, 63, 70, 
        61, 85, 37, 66, 51, 40, 37, 60, 83, 83, 66, 83, 51, 75, 
        85, 63, 66, 82, 57, 67, 61), x3 = c(30, 68, 45, 56, 49, 
        42, 50, 72, 45, 53, 47, 57, 54, 50, 64, 65, 46, 68, 52, 
        52, 42, 42, 66, 58, 44, 71, 39), x4 = c(39, 69, 47, 66, 
        44, 56, 55, 67, 47, 58, 39, 42, 72, 72, 69, 75, 57, 54, 
        62, 50, 58, 48, 63, 74, 45, 71, 59), x5 = c(61, 76, 54, 
        71, 54, 66, 70, 71, 62, 58, 59, 55, 79, 60, 79, 55, 75, 
        64, 66, 63, 50, 66, 88, 80, 51, 77, 64), x6 = c(92, 86, 
        84, 83, 49, 68, 66, 83, 80, 67, 74, 63, 77, 54, 79, 80, 
        85, 78, 80, 80, 57, 75, 76, 78, 83, 74, 78), x7 = c(45, 
        48, 35, 47, 34, 35, 41, 31, 41, 34, 41, 25, 46, 36, 63, 
        60, 46, 52, 41, 37, 49, 33, 72, 49, 38, 55, 39)), .Names = c("y", 
        "x1", "x2", "x3", "x4", "x5", "x6", "x7"),