
expected <- structure(list(coefficients = structure(c(-0.0961819099628177, 
0.641427926252847, -0.0828854444484038, 0.335768379560669, -0.00599166351044316, 
0.227776106822203, -0.218370226216731), .Names = c("x1", "x2", 
"x3", "x4", "x5", "x6", "x7")), residuals = structure(c(-11.101065950305, 
2.10170990972872, 0.117539978734798, -2.5584906426712, 5.46221214820752, 
-6.19575595828886, -7.73754563927177, 2.74572301182329, -8.568047196279, 
7.03801960228844, 7.49015627532198, 11.8589193251828, 11.2901037821431, 
-2.80155072177662, 1.00653076406376, -0.760009844414174, -2.04634916235664, 
1.99479325081558, -3.87681829045417, -5.85348040003438, 8.79162846616073, 
-0.363692247310241, -11.4771174745409, -1.60071568099098, 6.28429595557425, 
-0.185194988298754, 3.99104280341653), .Names = c("1", "2", "3", 
"4", "5", "6", "7", "8", "9", "10", "11", "12", "13", "14", "15", 
"16", "17", "18", "19", "20", "21", "22", "23", "24", "25", "26", 
"30")), effects = structure(c(216.680606101142, -256.070785378433, 
-1.71959445657646, 14.6814345100792, -4.84211439117079, 11.2460163646469, 
-8.11118434600959, 8.30956537366947, -10.5987647405609, 3.33997673929579, 
7.46053905474808, 9.54305059627921, 15.3861998641142, -3.44243610498845, 
-0.369986744505323, -3.00918838566656, -5.2763059571843, -5.58822859486846, 
-8.99623593367734, -2.71964332648288, 0.986445672958492, -3.92453595139018, 
-13.3647866932904, -7.33707678152857, 7.26092244564718, 2.22834284277081, 
0.320321302180918), .Names = c("x1", "x2", "x3", "x4", "x5", 
"x6", "x7", "", "", "", "", "", "", "", "", "", "", "", "", "", 
"", "", "", "", "", "", "")), rank = 7L, fitted.values = structure(c(54.101065950305, 
60.8982900902713, 70.8824600212652, 63.5584906426712, 75.5377878517925, 
49.1957559582889, 65.7375456392718, 68.2542769881767, 80.568047196279, 
59.9619803977116, 56.509843724678, 55.1410806748172, 57.7098962178569, 
70.8015507217766, 75.9934692359362, 81.7600098444142, 76.0463491623566, 
63.0052067491844, 68.8768182904542, 55.8534804000344, 41.2083715338393, 
64.3636922473102, 64.4771174745409, 41.600715680991, 56.7157040444258, 
66.1851949882987, 78.0089571965835), .Names = c("1", "2", "3", 
"4", "5", "6", "7", "8", "9", "10", "11", "12", "13", "14", "15", 
"16", "17", "18", "19", "20", "21", "22", "23", "24", "25", "26", 
"30")), assign = 1:7, qr = structure(list(qr = structure(c(7.46341569202371, 
-0.0615903830387788, -0.279880090968227, -0.0967099034358492, 
-0.319465202923419, -0.289886332934657, -0.0143952449000766, 
0.227857552644653, -0.373762742221834, -0.158555098640737, -0.0785249773289306, 
-0.129122892264052, 0.00343472324305513, -0.291631676503462, 
-0.16212235552634, -0.109545062166095, -0.142121213105741, -0.0917702717425094, 
-0.300576691412847, 0.177698802691229, -0.339157338519446, -0.201251020508828, 
-0.139886492032957, -0.151855455271078, -0.0538253371158764, 
0.0713449352381376, -0.0453661105350638, 221.896508434163, -269.946178977824, 
0.0861274639448871, 0.173537948332425, 0.0912686268819945, 0.0243691951298574, 
0.239290170389939, 0.418826272874011, 0.072488303176079, 0.127860652623295, 
0.147745948952219, 0.142368195740643, 0.23180074171297, 0.127013595730841, 
0.184924388731683, 0.265615779384362, 0.226936181486242, 0.165481154566279, 
0.0733208745482673, 0.324813653767975, -0.0616852235171786, 0.101441379480447, 
0.157934575872089, 0.0430996295058431, 0.166733971177139, 0.329388680747289, 
0.275692729550301, 181.0901518917, -206.417915580116, -57.3846757889323, 
-0.0910306171465731, -0.175669310336795, 0.0199202622124118, 
-0.168787876761109, -0.053928942385802, 0.0311996693012195, -0.0853289486321688, 
0.188266096612606, -0.0270941641499371, 0.165521602582788, 0.237457689443477, 
-0.143627025726258, -0.36925705687148, -0.06952093844183, 0.299285006958005, 
-0.236545952018563, 0.469971614941456, -0.0751099707221014, 0.0221305789534295, 
-0.0238447648879162, 0.18555266495009, -0.00839046365628695, 
0.144908717275667, -0.432153094688545, 187.821691459248, -220.406981429739, 
-18.8446072786767, 50.5732689365664, -0.0711175101304039, 0.0800170843052303, 
-0.0995283946206672, 0.0646698149469637, 0.0825562972337887, 
0.0453980865466103, -0.183659986859071, 0.210447708195422, 0.254008222291061, 
0.619233993458778, -0.216901832655515, -0.123394043398563, 0.00444641766348121, 
-0.350676895692855, -0.055333549417114, 0.0691103141029461, -0.00296128117109141, 
-0.192373608071943, 0.0936082260093762, -0.432162827666849, -0.0684230582152822, 
0.06074380937908, -0.0370693012801737, 209.13274087349, -259.185646805001, 
-16.47755633224, 22.9863675787399, -42.6076780389131, 0.166803282173437, 
0.0767694599549421, -0.0817727616230126, -0.0196104654386841, 
0.209413584681588, -0.0296622537801448, 0.209789108164325, -0.0724748577586013, 
-0.172410494259874, 0.130904751495705, -0.442410069783217, 0.0237466626647734, 
-0.416089879267126, 0.399202006627311, -0.127823991780688, 0.278267244050056, 
0.119533885739439, 0.102707988518943, 0.0342709129069763, 0.309459348244947, 
0.235923724915347, -0.105069898931988, 250.448662576553, -287.673330018265, 
-26.667128140731, 21.9991060560447, -47.9514042445892, 55.8308969142655, 
0.0399905946225827, 0.262611158474172, -0.0685750384115465, -0.168752706073448, 
-0.107430165935803, -0.0274732416537905, 0.116450315695159, 0.0804841967829821, 
0.0761273928415638, 0.0293786942059846, 0.14610505540989, -0.525335462826077, 
-0.0610224035788038, 0.00558473952933634, -0.298414181507436, 
-0.20517282299003, -0.129124991563757, -0.209539687660399, -0.0110983094425835, 
0.506687761825789, -0.227211499340817, 131.795353423725, -173.783053440748, 
-26.6834961501253, 32.8461179221123, -26.6738694897348, 6.73593648896254, 
37.144186213185, 0.206896134409358, 0.314868920654705, -0.0424128610669397, 
0.281713120993682, -0.149610254719618, 0.284653356156278, -0.155143733893953, 
0.197021523804663, 0.000641149503907988, -0.33028193692693, -0.339512883466757, 
-0.00879167034592525, -0.0110868030339087, -0.210945146818866, 
0.152960229534418, 0.0848710928708841, -0.183405388074513, 0.350624707816136, 
-0.298896374690478, 0.000147215256167539), .Dim = c(27L, 7L), .Dimnames = list(
    c("1", "2", "3", "4", "5", "6", "7", "8", "9", "10", "11", 
    "12", "13", "14", "15", "16", "17", "18", "19", "20", "21", 
    "22", "23", "24", "25", "26", "30"), c("x1", "x2", "x3", 
    "x4", "x5", "x6", "x7")), assign = 1:7), qraux = c(1.02310812909515, 
1.19897355732097, 1.15387221043207, 1.06473775323396, 1.08556030858575, 
1.23659351454125, 1.25499950026864), pivot = 1:7, tol = 1e-07, 
    rank = 7L), .Names = c("qr", "qraux", "pivot", "tol", "rank"
), class = "qr"), df.residual = 20L, xlevels = structure(list(), .Names = character(0)), 
    call = quote(lm(formula = y ~ . + 0, data = structure(list(y = c(43, 
        63, 71, 61, 81, 43, 58, 71, 72, 67, 64, 67, 69, 68, 77, 
        81, 74, 65, 65, 50, 50, 64, 53, 40, 63, 66, 82), x1 = c(-0.172465573302085, 
        0.459674631249372, 2.08886146281729, 0.721786210877214, 
        2.38430160855418, 2.16354220612773, 0.107437696677756, 
        -1.70059563395422, 2.78954671539225, 1.18336261124564, 
        0.586064548012546, 0.963697820323011, -0.0256347673499762, 
        2.17656843070712, 1.20998653226313, 0.817580335954143, 
        1.06070969206283, 0.684919686184324, 2.24332879534721, 
        -1.32624003245954, 2.53127220237103, 1.50202002450137, 
        1.04403103974092, 1.13336038778957, 0.401720865659098, 
        -0.532476909202731, 0.338586141253477), x2 = c(51, 64, 
        70, 63, 78, 55, 67, 75, 82, 61, 53, 60, 62, 83, 77, 90, 
        85, 60, 70, 58, 40, 61, 66, 37, 54, 77, 82), x3 = c(30, 
        51, 68, 45, 56, 49, 42, 50, 72, 45, 53, 47, 57, 83, 54, 
        50, 64, 65, 46, 68, 33, 52, 52, 42, 42, 66, 39), x4 = c(39, 
        54, 69, 47, 66, 44, 56, 55, 67, 47, 58, 39, 42, 45, 72, 
        72, 69, 75, 57, 54, 34, 62, 50, 58, 48, 63, 59),