
expected <- structure(list(coefficients = structure(c(24.0128330616977, 0.569084838000987, 
-0.0681780079463201, 0.444397892251979, 0.172146644494554, -0.284406017850284, 
-0.210268216822441), .Names = c("x1", "x2", "x3", "x4", "x5", 
"x6", "x7")), residuals = structure(c(-3.89313750617108, -0.535940982141175, 
-0.418414505520753, 7.49893299015279, -8.4884140598901, -8.5517564313627, 
6.00890582901291, -7.63287166752221, 4.61334919050745, 8.43434066764267, 
9.39041311590057, 8.915967076377, -2.02860302113131, -4.81571988760761, 
-1.14768810443573, 4.69753229957509, -2.09825418553593, -4.28090388757436, 
1.27737869493034, -12.3948060253118, -2.679063603458, 6.41218113132051, 
-2.58679595147347, 1.37417099737618, -7.46723108130564, 3.55241343548958, 
6.84401547215674), .Names = c("1", "3", "4", "5", "6", "7", "8", 
"9", "10", "11", "12", "13", "15", "16", "17", "18", "19", "20", 
"22", "23", "24", "25", "26", "27", "28", "29", "30")), effects = structure(c(-338.327257745121, 
-53.1510040063286, 2.38481266822958, -8.69855043732628, -0.829499312810364, 
10.7195699476092, 8.27111269178795, 0.173555686811477, 2.44305640440689, 
12.7747460531918, 9.08236085617514, 16.3075186584792, -3.74483795990986, 
-4.59128172708322, -2.80929306377382, 0.215746756121392, -1.97621285829917, 
-2.19788167439476, 2.60379660884807, -10.9448127484692, -6.33436927046609, 
9.3957750540877, -6.2902851535308, 0.145167687683836, -7.23979640893669, 
1.69324399007881, 7.28265744786285), .Names = c("x1", "x2", "x3", 
"x4", "x5", "x6", "x7", "", "", "", "", "", "", "", "", "", "", 
"", "", "", "", "", "", "", "", "", "")), rank = 7L, fitted.values = structure(c(46.8931375061711, 
71.5359409821412, 61.4184145055208, 73.5010670098472, 51.4884140598901, 
66.5517564313627, 64.9910941709871, 79.6328716675222, 62.3866508094926, 
55.5656593323573, 57.6095868840994, 60.084032923623, 79.0286030211313, 
85.8157198876076, 75.1476881044357, 60.3024677004249, 67.0982541855359, 
54.2809038875744, 62.7226213050697, 65.3948060253118, 42.679063603458, 
56.5878188686795, 68.5867959514735, 76.6258290026238, 55.4672310813056, 
81.4475865645104, 75.1559845278433), .Names = c("1", "3", "4", 
"5", "6", "7", "8", "9", "10", "11", "12", "13", "15", "16", 
"17", "18", "19", "20", "22", "23", "24", "25", "26", "27", "28", 
"29", "30")), assign = 1:7, qr = structure(list(qr = structure(c(-5.19615242270663, 
0.192450089729875, 0.192450089729875, 0.192450089729875, 0.192450089729875, 
0.192450089729875, 0.192450089729875, 0.192450089729875, 0.192450089729875, 
0.192450089729875, 0.192450089729875, 0.192450089729875, 0.192450089729875, 
0.192450089729875, 0.192450089729875, 0.192450089729875, 0.192450089729875, 
0.192450089729875, 0.192450089729875, 0.192450089729875, 0.192450089729875, 
0.192450089729875, 0.192450089729875, 0.192450089729875, 0.192450089729875, 
0.192450089729875, 0.192450089729875, -348.527112500804, -64.4348651884355, 
-0.0229669383926948, 0.209826285526274, -0.147123324482811, 0.0391112546523634, 
0.16326764074248, 0.271904478571332, -0.0540060349152239, -0.17816242100534, 
-0.0695255831764885, -0.0384864866539594, 0.194306737265009, 
0.396060864661448, 0.318463123355125, -0.0695255831764885, 0.0856698994361571, 
-0.100564679699018, -0.0540060349152239, 0.0235917063910989, 
-0.426475193185573, -0.162642872744076, 0.194306737265009, 0.16326764074248, 
-0.116084227960282, 0.318463123355125, 0.271904478571332, -274.626278044532, 
-24.9910710853059, 49.1208079475144, 0.0332697122450195, -0.1175759361763, 
0.17798279240609, 0.117154307922394, -0.241440185980785, 0.0403824137808932, 
-0.224516643047355, -0.0130879396546342, -0.191158831431529, 
0.0612312441374779, 0.308470469495412, -0.0403131830102102, -0.37953142363057, 
0.134814139392708, -0.466114159169628, -0.102123385543082, -0.0383513316854092, 
-0.204649530739946, 0.0121754523761407, -0.183064411846479, -0.0457094627335769, 
0.00972274202675147, -0.182818982334185, 0.430372867975097, -299.837239799146, 
-35.2696104189331, 21.7298843053379, -39.9436645615164, -0.177617837000547, 
0.106779989075908, -0.100743421629851, -0.163450290946938, -0.103742940267717, 
0.137116691742865, -0.321904565512506, -0.400929011325126, 0.252106902281073, 
0.186143551267977, -0.0326140735118242, 0.335221351322635, 0.0498186683736243, 
-0.212714672469972, 0.17684128669816, -0.169819303439769, 0.434275378359838, 
0.0267153585700828, -0.135972710318455, 0.266418319331288, -0.103259952891661, 
-0.0774882175469095, 0.083863901372416, -341.406459180799, -33.9194097202031, 
10.8534948345161, -6.09508613613382, 36.0021506126074, -0.0695628717457221, 
-0.0269904980245857, 0.258323896605004, -0.0134030192056276, 
0.124544792448818, 0.0577472715425807, 0.292838251078639, -0.173085739565426, 
0.445432283286562, -0.00555906672223858, 0.438306537640187, -0.248625408909153, 
0.140950833621688, -0.0170379189003488, 0.0838027136617085, 0.0820694063042763, 
-0.220213486708983, -0.331927055773234, -0.176949199072772, 0.237411397649097, 
0.122601952847488, 0.114289035146602, -388.941631344078, -2.95331255431026, 
5.20351708584724, -22.9718734471518, 8.55916376740343, -35.1374801064628, 
0.582766490128682, 0.0275980559321754, -0.4304582886672, 0.0325619125649738, 
-0.287864740794895, -0.0948045204316456, -0.226159647675274, 
-0.0641049729506274, 0.226603783593015, -0.166134954360269, 0.0704730571737393, 
0.0359158929810168, -0.0456918323827893, -0.244113208833041, 
-0.164118353460663, -0.0631011778557395, 0.109381614793359, -0.140283533935912, 
-0.16617816866627, -0.249935452384573, 0.163030909199799, -225.743955253144, 
-11.8276201693348, 20.5044038044349, -16.9699421678191, 21.8429162597646, 
-3.45396543620179, -39.3360100579176, -0.353663967756416, -0.0336646562358228, 
-0.309787435889951, 0.0910580319729163, -0.244138903439805, -0.217432428568926, 
0.0629493811557116, 0.379285146601306, 0.294911974444254, -0.052554079702831, 
0.113748591847473, -0.210699088333288, -0.107104460630212, 0.00134652810708794, 
-0.360978935656143, 0.380097432322298, -0.201796492368947, 0.0822029339266327, 
0.123909455700953, 0.129485408019057), .Dim = c(27L, 7L), .Dimnames = list(
    c("1", "3", "4", "5", "6", "7", "8", "9", "10", "11", "12", 
    "13", "15", "16", "17", "18", "19", "20", "22", "23", "24", 
    "25", "26", "27", "28", "29", "30"), c("x1", "x2", "x3", 
    "x4", "x5", "x6", "x7")), assign = 1:7), qraux = c(1.19245008972988, 
1.08566989943616, 1.06589123532396, 1.06552080427392, 1.17955741520268, 
1.00688579395497, 1.0436818570604), pivot = 1:7, tol = 1e-07, 
    rank = 7L), .Names = c("qr", "qraux", "pivot", "tol", "rank"
), class = "qr"), df.residual = 20L, xlevels = structure(list(), .Names = character(0)), 
    call = quote(lm(formula = y ~ . + 0, data = structure(list(y = c(43, 
        71, 61, 81, 43, 58, 71, 72, 67, 64, 67, 69, 77, 81, 74, 
        65, 65, 50, 64, 53, 40, 63, 66, 78, 48, 85, 82), x1 = c(1, 
        1, 1, 1, 1, 1, 1, 1, 1, 1, 1, 1, 1, 1, 1, 1, 1, 1, 1, 
        1, 1, 1, 1, 1, 1, 1, 1), x2 = c(51, 70, 63, 78, 55, 67, 
        75, 82, 61, 53, 60, 62, 77, 90, 85, 60, 70, 58, 61, 66, 
        37, 54, 77, 75, 57, 85, 82), x3 = c(30, 68, 45, 56, 49, 
        42, 50, 72, 45, 53, 47, 57, 54, 50, 64, 65, 46, 68, 52, 
        52, 42, 42, 66, 58, 44, 71, 39), x4 = c(39, 69, 47, 66, 
        44, 56, 55, 67, 47, 58, 39, 42, 72, 72, 69, 75, 57, 54, 
        62, 50, 58, 48, 63, 74, 45, 71, 59), x5 = c(61, 76, 54, 
        71, 54, 66, 70, 71, 62, 58, 59, 55, 79, 60, 79, 55, 75, 
        64, 66, 63, 50, 66, 88, 80, 51, 77, 64), x6 = c(79, 75, 
        64, 80, 78, 76, 92, 76, 57, 83, 57, 64, 74, 73, 84, 83, 
        78, 78, 80, 63, 83, 74, 80, 79, 66, 68, 77), x7 = c(45, 
        48, 35, 47, 34, 35, 41, 31, 41, 34, 41, 25, 46, 36, 63, 
        60, 46, 52, 41, 37, 49, 33, 72, 49, 38, 55, 39)), .Names = c("y", 
        "x1", "x2", "x3", "x4", "x5", "x6", "x7"),