
expected <- structure(list(coefficients = structure(c(20.0098901747925, 0.670243118614167, 
-0.127380568727463, 0.277481654494826, 0.146267692281306, -0.104172488022831, 
-0.231983086199297), .Names = c("x1", "x2", "x3", "x4", "x5", 
"x6", "x7")), residuals = structure(c(-8.34194799595412, 1.94160683982049, 
2.2538960656223, -0.0941396284174643, 4.924252334283, -11.8305555033548, 
-1.08508195550519, -8.70784207421785, 7.36393109973338, 8.44745195605705, 
8.81763505708044, -2.04326051751976, -0.477210379702486, -4.71977546513051, 
-2.58084723642301, 5.93133428672896, -3.43222258453842, -4.89954192164076, 
7.02426278599317, 0.195782030209512, -4.51949433043319, 4.53838415854441, 
-2.84033014189236, 1.95082643767131, -9.07293316137093, 7.8175590587848, 
3.43826078557198), .Names = c("1", "2", "3", "4", "5", "6", "8", 
"9", "10", "12", "13", "14", "15", "16", "17", "18", "19", "20", 
"21", "22", "24", "25", "26", "27", "28", "29", "30")), effects = structure(c(-339.4819582835, 
54.8283956586102, 5.80475161533608, 9.31821960428338, 0.160620560741982, 
4.1332673767303, -8.68214660565395, -11.7519781515559, 9.4614494720422, 
2.35931667991815, 9.11727117423683, -2.60545197682777, 2.24884920619568, 
-0.504838271579167, 0.636205445910186, 4.98135913773808, 1.57808674511852, 
-6.29253412015092, 6.91620808716776, 0.760337977313821, -7.49427262503998, 
5.30903399976853, -0.500132903174522, 3.00933155208134, -12.2579340967572, 
12.1988182064292, 6.92620665298434), .Names = c("x1", "x2", "x3", 
"x4", "x5", "x6", "x7", "", "", "", "", "", "", "", "", "", "", 
"", "", "", "", "", "", "", "", "", "")), rank = 7L, fitted.values = structure(c(51.3419479959541, 
61.0583931601795, 68.7461039343777, 61.0941396284175, 76.075747665717, 
54.8305555033548, 72.0850819555052, 80.7078420742179, 59.6360689002666, 
58.5525480439429, 60.1823649429196, 70.0432605175198, 77.4772103797025, 
85.7197754651305, 76.580847236423, 59.068665713271, 68.4322225845384, 
54.8995419216408, 42.9757372140068, 63.8042179697905, 44.5194943304332, 
58.4616158414556, 68.8403301418924, 76.0491735623287, 57.0729331613709, 
77.1824409412152, 78.561739214428), .Names = c("1", "2", "3", 
"4", "5", "6", "8", "9", "10", "12", "13", "14", "15", "16", 
"17", "18", "19", "20", "21", "22", "24", "25", "26", "27", "28", 
"29", "30")), assign = 1:7, qr = structure(list(qr = structure(c(-5.19615242270663, 
0.192450089729875, 0.192450089729875, 0.192450089729875, 0.192450089729875, 
0.192450089729875, 0.192450089729875, 0.192450089729875, 0.192450089729875, 
0.192450089729875, 0.192450089729875, 0.192450089729875, 0.192450089729875, 
0.192450089729875, 0.192450089729875, 0.192450089729875, 0.192450089729875, 
0.192450089729875, 0.192450089729875, 0.192450089729875, 0.192450089729875, 
0.192450089729875, 0.192450089729875, 0.192450089729875, 0.192450089729875, 
0.192450089729875, 0.192450089729875, -348.719562590534, 70.3467601717852, 
-0.0780287364412797, 0.0214783337195374, -0.191751102339356, 
0.135200699617614, -0.149105215127578, -0.248612285288395, 0.0499089251940565, 
0.0641242209313161, 0.035693629456797, -0.262827581025654, -0.177535806602097, 
-0.362334651186471, -0.291258172500173, 0.0641242209313161, -0.0780287364412797, 
0.0925548124058353, 0.348430135676508, 0.0499089251940565, 0.391076022888286, 
0.149415995354874, -0.177535806602097, -0.149105215127578, 0.106770108143095, 
-0.291258172500173, -0.248612285288395, -278.475279839129, 37.4320326308127, 
-53.0034098114856, -0.075706467318834, -0.012820834695724, 0.0769060743699957, 
-0.0970914619501152, 0.250473687390347, -0.0564200426149869, 
-0.0090434088263427, 0.160337273653413, 0.448364292940387, -0.040911043780521, 
-0.241739647228969, 0.0706103645876936, 0.330557384104143, -0.124342243063939, 
0.406443940963071, -0.0803131118449159, 0.0756469324135353, 0.118416921676098, 
-0.0455176883066029, 0.185489484839803, 0.0538422237967673, -0.0367139039256529, 
0.202677339616216, -0.372127766315544, -293.87128701752, 38.6703428372584, 
-11.1993092197911, 48.2684858320112, -0.107781713378168, 0.123670080364893, 
0.0546436939298392, 0.0157286801850715, 0.0785726316673404, 0.250959607742599, 
0.275155952383693, 0.557391283462209, -0.253908605931057, -0.183741834899432, 
-0.0598830973881054, -0.366755652799726, -0.0531978074521516, 
0.0744881674426076, 0.103155243763194, -0.182367420860423, -0.35276932207614, 
-0.0166088494611066, 0.0179571101637227, -0.282048775483992, 
0.0825405083636648, -0.0514962842411523, -0.0534055120873466, 
-337.172557206741, 36.836569687152, -5.16778260521913, 16.2281513297429, 
37.9166840284646, 0.0835594819560166, -0.0630539048863254, 0.132268331220139, 
-0.0533339485690291, -0.0782152081012886, 0.0894348825868988, 
0.194679742628102, -0.0710853329627902, 0.515030941716979, -0.042145077543721, 
0.494384023059033, -0.208951813517518, -0.0141880208886574, 0.128431879702814, 
0.0352417991869256, 0.231231700849824, -0.197927926993655, -0.406850176221955, 
-0.0819328808918057, 0.183295735263701, 0.0432338267840593, 0.180789086275012, 
-392.020832779756, 11.2253452005227, 3.21297440211684, 3.89961434593621, 
3.24792495019547, -33.6240848017902, -0.0709685356667025, -0.301199193398748, 
0.0454436635302119, -0.676182425993318, 0.0583401132508838, 0.0456201598130011, 
0.000486161045435561, 0.373961636529763, 0.0524355134791839, 
0.136304944898503, 0.147869403159453, -0.117127610427022, 0.0396399751347586, 
-0.0242614762288191, -0.147071663020726, -0.120729764373331, 
-0.17343212200479, -0.126813721142552, -0.271189658980814, 0.254942440692746, 
0.120271498789927, -227.476006060713, 10.7846710326676, -14.0153888247995, 
26.0485431054199, 21.7559864849447, -2.71814129110879, 37.4257742143973, 
0.410518657484464, 0.0130720927164195, -0.0717982104889918, 0.275788940667624, 
-0.119914401113009, 0.218832095453431, 0.0379625465599539, -0.351011476985758, 
-0.311664703538892, 0.076525059707722, -0.135364129354448, 0.0310409166737397, 
0.227762507056753, -0.00889102562099441, 0.379657006458808, -0.416754526418815, 
0.201704979485659, -0.039432134406035, -0.154258426723489, -0.0159850790378465
), .Dim = c(27L, 7L), .Dimnames = list(c("1", "2", "3", "4", 
"5", "6", "8", "9", "10", "12", "13", "14", "15", "16", "17", 
"18", "19", "20", "21", "22", "24", "25", "26", "27", "28", "29", 
"30"), c("x1", "x2", "x3", "x4", "x5", "x6", "x7")), assign = 1:7), 
    qraux = c(1.19245008972988, 1.00726303798228, 1.29072539273999, 
    1.09374745055647, 1.07450307990198, 1.07196397961246, 1.06945750465451
    ), pivot = 1:7, tol = 1e-07, rank = 7L), .Names = c("qr", 
"qraux", "pivot", "tol", "rank"), class = "qr"), df.residual = 20L, 
    xlevels = structure(list(), .Names = character(0)), call = quote(lm(formula = y ~ 
        . + 0, data = structure(list(y = c(43, 63, 71, 61, 81, 
        43, 71, 72, 67, 67, 69, 68, 77, 81, 74, 65, 65, 50, 50, 
        64, 40, 63, 66, 78, 48, 85, 82), x1 = c(1, 1, 1, 1, 1, 
        1, 1, 1, 1, 1, 1, 1, 1, 1, 1, 1, 1, 1, 1, 1, 1, 1, 1, 
        1, 1, 1, 1), x2 = c(51, 64, 70, 63, 78, 55, 75, 82, 61, 
        60, 62, 83, 77, 90, 85, 60, 70, 58, 40, 61, 37, 54, 77, 
        75, 57, 85, 82), x3 = c(30, 51, 68, 45, 56, 49, 50, 72, 
        45, 47, 57, 83, 54, 50, 64, 65, 46, 68, 33, 52, 42, 42, 
        66, 58, 44, 71, 39), x4 = c(39, 54, 69, 47, 66, 44, 55, 
        67, 47, 39, 42, 45, 72, 72, 69, 75, 57, 54, 34, 62, 58, 
        48, 63, 74, 45, 71, 59), x5 = c(61, 63, 76, 54, 71, 54, 
        70, 71, 62, 59, 55, 59, 79, 60, 79, 55, 75, 64, 43, 66, 
        50, 66, 88, 80, 51, 77, 64), x6 = c(80, 83, 83, 79, 66, 
        77, 75, 66, 78, 54, 77, 77, 78, 83, 80, 75, 84, 73, 74, 
        75, 67, 74, 77, 74, 64, 86, 78), x7 = c(45, 47, 48, 35, 
        47, 34, 41, 31, 41, 41, 25, 35, 46, 36, 63, 60, 46, 52, 
        33, 41, 49, 33, 72, 49, 38, 55, 39)), .Names = c("y", 
        "x1", "x2", "x3", "x4", "x5", "x6", "x7"),