
expected <- structure(list(coefficients = structure(c(7.50435356497874, 0.646918663028423, 
-0.0125545085271238, 0.298506813114751, 0.117962395963797, -0.232404830863812
), .Names = c("x1", "x2", "x3", "x4", "x5", "x6")), residuals = structure(c(-5.49982460000995, 
0.658366286172664, 1.0391030297463, 6.58529046791924, -11.0722140234374, 
-8.68834521754709, 0.457827760884953, -8.81849615469621, 8.78367017327564, 
6.62089636926626, 12.1976395461677, 8.88719915607204, 0.239955236630727, 
-4.30296820217325, -2.96344641829636, 4.56491679779252, -2.38259840981085, 
-5.75583948574416, 0.922099952389058, -10.3061437409399, -2.73673298540977, 
6.64484224501279, -2.94196530422609, 2.56624906719421, -6.44382419389796, 
5.9041076601811, 5.84023498748379), .Names = c("1", "3", "4", 
"5", "6", "7", "8", "9", "10", "11", "12", "13", "15", "16", 
"17", "18", "19", "20", "22", "23", "24", "25", "26", "27", "28", 
"29", "30")), effects = structure(c(-338.327257745121, -53.1510040063286, 
2.38481266822958, -8.69855043732628, -0.829499312810364, -9.17705311830055, 
1.55564064083655, -2.12696247574652, 10.1457676940067, 10.6062137261383, 
14.8101247964962, 16.8020117455495, -0.712087698874818, -3.09909555102487, 
-5.02836683000009, 4.75197428000245, -3.53209787740163, -2.27727643012916, 
2.36974397700084, -7.02348291210503, -3.32559411706431, 8.71712244381303, 
-6.36108859202657, 1.68652290134237, -3.78279958055859, 6.89403360894227, 
4.95806667755553), .Names = c("x1", "x2", "x3", "x4", "x5", "x6", 
"", "", "", "", "", "", "", "", "", "", "", "", "", "", "", "", 
"", "", "", "", "")), rank = 6L, fitted.values = structure(c(48.49982460001, 
70.3416337138273, 59.9608969702537, 74.4147095320808, 54.0722140234374, 
66.6883452175471, 70.542172239115, 80.8184961546962, 58.2163298267244, 
57.3791036307337, 54.8023604538323, 60.112800843928, 76.7600447633693, 
85.3029682021732, 76.9634464182964, 60.4350832022075, 67.3825984098109, 
55.7558394857442, 63.0779000476109, 63.3061437409399, 42.7367329854098, 
56.3551577549872, 68.9419653042261, 75.4337509328058, 54.443824193898, 
79.0958923398189, 76.1597650125162), .Names = c("1", "3", "4", 
"5", "6", "7", "8", "9", "10", "11", "12", "13", "15", "16", 
"17", "18", "19", "20", "22", "23", "24", "25", "26", "27", "28", 
"29", "30")), assign = 1:6, qr = structure(list(qr = structure(c(-5.19615242270663, 
0.192450089729875, 0.192450089729875, 0.192450089729875, 0.192450089729875, 
0.192450089729875, 0.192450089729875, 0.192450089729875, 0.192450089729875, 
0.192450089729875, 0.192450089729875, 0.192450089729875, 0.192450089729875, 
0.192450089729875, 0.192450089729875, 0.192450089729875, 0.192450089729875, 
0.192450089729875, 0.192450089729875, 0.192450089729875, 0.192450089729875, 
0.192450089729875, 0.192450089729875, 0.192450089729875, 0.192450089729875, 
0.192450089729875, 0.192450089729875, -348.527112500804, -64.4348651884355, 
-0.0229669383926948, 0.209826285526274, -0.147123324482811, 0.0391112546523634, 
0.16326764074248, 0.271904478571332, -0.0540060349152239, -0.17816242100534, 
-0.0695255831764885, -0.0384864866539594, 0.194306737265009, 
0.396060864661448, 0.318463123355125, -0.0695255831764885, 0.0856698994361571, 
-0.100564679699018, -0.0540060349152239, 0.0235917063910989, 
-0.426475193185573, -0.162642872744076, 0.194306737265009, 0.16326764074248, 
-0.116084227960282, 0.318463123355125, 0.271904478571332, -274.626278044532, 
-24.9910710853059, 49.1208079475144, 0.0332697122450195, -0.1175759361763, 
0.17798279240609, 0.117154307922394, -0.241440185980785, 0.0403824137808932, 
-0.224516643047355, -0.0130879396546342, -0.191158831431529, 
0.0612312441374779, 0.308470469495412, -0.0403131830102102, -0.37953142363057, 
0.134814139392708, -0.466114159169628, -0.102123385543082, -0.0383513316854092, 
-0.204649530739946, 0.0121754523761407, -0.183064411846479, -0.0457094627335769, 
0.00972274202675147, -0.182818982334185, 0.430372867975097, -299.837239799146, 
-35.2696104189331, 21.7298843053379, -39.9436645615164, -0.177617837000547, 
0.106779989075908, -0.100743421629851, -0.163450290946938, -0.103742940267717, 
0.137116691742865, -0.321904565512506, -0.400929011325126, 0.252106902281073, 
0.186143551267977, -0.0326140735118242, 0.335221351322635, 0.0498186683736243, 
-0.212714672469972, 0.17684128669816, -0.169819303439769, 0.434275378359838, 
0.0267153585700828, -0.135972710318455, 0.266418319331288, -0.103259952891661, 
-0.0774882175469095, 0.083863901372416, -341.406459180799, -33.9194097202031, 
10.8534948345161, -6.09508613613382, 36.0021506126074, -0.0695628717457221, 
-0.0269904980245857, 0.258323896605004, -0.0134030192056276, 
0.124544792448818, 0.0577472715425807, 0.292838251078639, -0.173085739565426, 
0.445432283286562, -0.00555906672223858, 0.438306537640187, -0.248625408909153, 
0.140950833621688, -0.0170379189003488, 0.0838027136617085, 0.0820694063042763, 
-0.220213486708983, -0.331927055773234, -0.176949199072772, 0.237411397649097, 
0.122601952847488, 0.114289035146602, -225.743955253144, -11.8276201693348, 
20.5044038044349, -16.9699421678191, 21.8429162597646, 39.4873595535466, 
0.0232454991914705, 0.355469971587163, -0.0157763481811357, 0.312330256386617, 
-0.123685915275616, 0.232342640203964, 0.190690889672745, -0.0700517728102799, 
-0.351872370160545, -0.312813525758341, 0.0604258231532171, -0.109198195681837, 
0.204657193114848, 0.0787290887832929, -0.0201422589167913, 0.352366678051802, 
-0.366110152242797, 0.184952586267538, -0.100924719574895, -0.152066361941874, 
-0.110312791055587), .Dim = c(27L, 6L), .Dimnames = list(c("1", 
"3", "4", "5", "6", "7", "8", "9", "10", "11", "12", "13", "15", 
"16", "17", "18", "19", "20", "22", "23", "24", "25", "26", "27", 
"28", "29", "30"), c("x1", "x2", "x3", "x4", "x5", "x6")), assign = 1:6), 
    qraux = c(1.19245008972988, 1.08566989943616, 1.06589123532396, 
    1.06552080427392, 1.17955741520268, 1.20281588220934), pivot = 1:6, 
    tol = 1e-07, rank = 6L), .Names = c("qr", "qraux", "pivot", 
"tol", "rank"), class = "qr"), df.residual = 21L, xlevels = structure(list(), .Names = character(0)), 
    call = quote(lm(formula = y ~ . + 0, data = structure(list(y = c(43, 
        71, 61, 81, 43, 58, 71, 72, 67, 64, 67, 69, 77, 81, 74, 
        65, 65, 50, 64, 53, 40, 63, 66, 78, 48, 85, 82), x1 = c(1, 
        1, 1, 1, 1, 1, 1, 1, 1, 1, 1, 1, 1, 1, 1, 1, 1, 1, 1, 
        1, 1, 1, 1, 1, 1, 1, 1), x2 = c(51, 70, 63, 78, 55, 67, 
        75, 82, 61, 53, 60, 62, 77, 90, 85, 60, 70, 58, 61, 66, 
        37, 54, 77, 75, 57, 85, 82), x3 = c(30, 68, 45, 56, 49, 
        42, 50, 72, 45, 53, 47, 57, 54, 50, 64, 65, 46, 68, 52, 
        52, 42, 42, 66, 58, 44, 71, 39), x4 = c(39, 69, 47, 66, 
        44, 56, 55, 67, 47, 58, 39, 42, 72, 72, 69, 75, 57, 54, 
        62, 50, 58, 48, 63, 74, 45, 71, 59), x5 = c(61, 76, 54, 
        71, 54, 66, 70, 71, 62, 58, 59, 55, 79, 60, 79, 55, 75, 
        64, 66, 63, 50, 66, 88, 80, 51, 77, 64), x6 = c(45, 48, 
        35, 47, 34, 35, 41, 31, 41, 34, 41, 25, 46, 36, 63, 60, 
        46, 52, 41, 37, 49, 33, 72, 49, 38, 55, 39)), .Names = c("y", 
        "x1", "x2", "x3", "x4", "x5", "x6"), row.names = c("1", 
        "3", "4", "5", "6", "7", "8", "9", "10", "11", "12", 
        "13", "15", "16", "17", "18", "19", "20", "22", "23", 
        "24", "25", "26", "27", "28", "29", "30"), class = "data.frame"))), 
    terms = y ~ x1 + x2 + x3 + x4 + x5 + x6 + 0, model = structure(list(
        y = c(43, 71, 61, 81, 43, 58, 71, 72, 67, 64, 67, 69, 
        77, 81, 74, 65, 65, 50, 64, 53, 40, 63, 66, 78, 48, 85, 
        82), x1 = c(1, 1, 1, 1, 1, 1, 1, 1, 1, 1, 1, 1, 1, 1, 
        1, 1, 1, 1, 1, 1, 1, 1, 1, 1, 1, 1, 1), x2 = c(51, 70, 
        63, 78, 55, 67, 75, 82, 61, 53, 60, 62, 77, 90, 85, 60, 
        70, 58, 61, 66, 37, 54, 77, 75, 57, 85, 82), x3 = c(30, 
        68, 45, 56, 49, 42, 50, 72, 45, 53, 47, 57, 54, 50, 64, 
        65, 46, 68, 52, 52, 42, 42, 66, 58, 44, 71, 39),