
expected <- structure(list(coefficients = structure(c(37.5971977469629, 0.793855392543672, 
0.0180654517158577, -0.0543638634987833, -0.304181118756706, 
0.00367109572238904, -0.0878942383979783), .Names = c("x1", "x2", 
"x3", "x4", "x5", "x6", "x7")), residuals = structure(c(-6.46614957599772, 
-2.6614220427663, 4.66793353385374, 3.09381552704441, -9.9136126800814, 
-3.64290944693646, 2.12534308229435, -6.46406155885898, 7.62661511335451, 
8.12577164525849, 13.1425342876745, 3.65426348931583, 2.9217474087592, 
-4.42479918856664, -1.63580855284377, 2.86353668521772, -6.95919801677944, 
-3.31496817135483, 0.448717003717958, -5.48652635560642, -1.01033533446135, 
4.95719122615422, -1.32431247038631, 0.939037833344939, -10.9967705441673, 
4.70730803973374, 5.02705906308324), .Names = c("1", "3", "4", 
"5", "6", "7", "8", "9", "10", "11", "12", "13", "15", "16", 
"17", "18", "19", "20", "22", "23", "24", "25", "26", "27", "28", 
"29", "30")), effects = structure(c(-338.327257745121, -53.1510040063286, 
2.38481266822958, -8.69855043732628, 16.3932833696265, -1.17383177834261, 
3.5332860479349, -0.053048210421117, 7.90136417157645, 11.3348584882479, 
15.539360367528, 5.14752427383114, 4.65563035170168, -3.83815342678602, 
1.26513812211703, 5.74649846095049, -9.76849872710388, 3.0696149322403, 
1.56601204764474, -0.65230685371574, 0.238625812131251, 4.16369083895538, 
1.72260993633831, 0.970016325798074, -11.8782335515437, 7.86665895034759, 
3.43074517000266), .Names = c("x1", "x2", "x3", "x4", "x5", "x6", 
"x7", "", "", "", "", "", "", "", "", "", "", "", "", "", "", 
"", "", "", "", "", "")), rank = 7L, fitted.values = structure(c(49.4661495759977, 
73.6614220427663, 56.3320664661463, 77.9061844729556, 52.9136126800814, 
61.6429094469365, 68.8746569177057, 78.464061558859, 59.3733848866455, 
55.8742283547415, 53.8574657123255, 65.3457365106842, 74.0782525912408, 
85.4247991885666, 75.6358085528438, 62.1364633147823, 71.9591980167794, 
53.3149681713548, 63.551282996282, 58.4865263556064, 41.0103353344613, 
58.0428087738458, 67.3243124703863, 77.0609621666551, 58.9967705441673, 
80.2926919602663, 76.9729409369168), .Names = c("1", "3", "4", 
"5", "6", "7", "8", "9", "10", "11", "12", "13", "15", "16", 
"17", "18", "19", "20", "22", "23", "24", "25", "26", "27", "28", 
"29", "30")), assign = 1:7, qr = structure(list(qr = structure(c(-5.19615242270663, 
0.192450089729875, 0.192450089729875, 0.192450089729875, 0.192450089729875, 
0.192450089729875, 0.192450089729875, 0.192450089729875, 0.192450089729875, 
0.192450089729875, 0.192450089729875, 0.192450089729875, 0.192450089729875, 
0.192450089729875, 0.192450089729875, 0.192450089729875, 0.192450089729875, 
0.192450089729875, 0.192450089729875, 0.192450089729875, 0.192450089729875, 
0.192450089729875, 0.192450089729875, 0.192450089729875, 0.192450089729875, 
0.192450089729875, 0.192450089729875, -348.527112500804, -64.4348651884355, 
-0.0229669383926948, 0.209826285526274, -0.147123324482811, 0.0391112546523634, 
0.16326764074248, 0.271904478571332, -0.0540060349152239, -0.17816242100534, 
-0.0695255831764885, -0.0384864866539594, 0.194306737265009, 
0.396060864661448, 0.318463123355125, -0.0695255831764885, 0.0856698994361571, 
-0.100564679699018, -0.0540060349152239, 0.0235917063910989, 
-0.426475193185573, -0.162642872744076, 0.194306737265009, 0.16326764074248, 
-0.116084227960282, 0.318463123355125, 0.271904478571332, -274.626278044532, 
-24.9910710853059, 49.1208079475144, 0.0332697122450195, -0.1175759361763, 
0.17798279240609, 0.117154307922394, -0.241440185980785, 0.0403824137808932, 
-0.224516643047355, -0.0130879396546342, -0.191158831431529, 
0.0612312441374779, 0.308470469495412, -0.0403131830102102, -0.37953142363057, 
0.134814139392708, -0.466114159169628, -0.102123385543082, -0.0383513316854092, 
-0.204649530739946, 0.0121754523761407, -0.183064411846479, -0.0457094627335769, 
0.00972274202675147, -0.182818982334185, 0.430372867975097, -299.837239799146, 
-35.2696104189331, 21.7298843053379, -39.9436645615164, -0.177617837000547, 
0.106779989075908, -0.100743421629851, -0.163450290946938, -0.103742940267717, 
0.137116691742865, -0.321904565512506, -0.400929011325126, 0.252106902281073, 
0.186143551267977, -0.0326140735118242, 0.335221351322635, 0.0498186683736243, 
-0.212714672469972, 0.17684128669816, -0.169819303439769, 0.434275378359838, 
0.0267153585700828, -0.135972710318455, 0.266418319331288, -0.103259952891661, 
-0.0774882175469095, 0.083863901372416, -341.791359360258, 14.7366732711963, 
-14.7107441795256, 40.6662308377696, -49.9134130539924, 0.246138264008599, 
0.0934741857545237, 0.122065027367962, -0.0977775759899291, 0.0367950135921785, 
0.0538344605773008, -0.44669857224726, 0.174660051168448, 0.0775348996330909, 
0.293713131522626, 0.167798029663134, -0.328655963501266, 0.269210791127382, 
-0.0535966742071156, 0.285606758043849, 0.172865858926874, -0.271972281822187, 
0.295267864716032, -0.085576083310906, -0.282875131568415, 0.0814665089674751, 
-0.0303312540483881, -390.481232061917, -5.97042769591686, 1.69755370724668, 
2.26011109235466, 8.03521068606608, 51.0216326574032, 0.222751865047465, 
-0.132835346383381, 0.0124333205951958, 0.123848759078486, 0.0214891046252313, 
0.559440225325974, -0.0433333593907874, 0.54436378138478, -0.138232855724577, 
-0.203139061307851, 0.110404738193291, -0.246215223019122, -0.029099297739373, 
-0.227386715789286, 0.168650049959631, 0.195143346594385, -0.12448934110867, 
0.0914041567634483, 0.0571773586337099, 0.0872759193638482, 0.124082115370915, 
-225.743955253144, -11.8276201693348, 20.5044038044349, -16.9699421678191, 
-13.4373713208775, 15.4860785024085, -40.1992907878268, -0.599430672210504, 
0.044272598121873, -0.322029388193903, 0.0897231422408451, -0.0434514904218307, 
-0.127537883237427, 0.0771342128274464, 0.232781615654428, -0.0997348987333735, 
0.201500256334422, -0.15221746800232, -0.198787480220543, -0.293266360642448, 
0.0363999174631744, -0.0647225995849702, 0.457256686673994, -0.00975493682782483, 
0.021963864921228, 0.109191757208067, 0.109017934123817), .Dim = c(27L, 
7L), .Dimnames = list(c("1", "3", "4", "5", "6", "7", "8", "9", 
"10", "11", "12", "13", "15", "16", "17", "18", "19", "20", "22", 
"23", "24", "25", "26", "27", "28", "29", "30"), c("x1", "x2", 
"x3", "x4", "x5", "x6", "x7")), assign = 1:7), qraux = c(1.19245008972988, 
1.08566989943616, 1.06589123532396, 1.06552080427392, 1.02488281931346, 
1.05659683385954, 1.10224763212299), pivot = 1:7, tol = 1e-07, 
    rank = 7L), .Names = c("qr", "qraux", "pivot", "tol", "rank"
), class = "qr"), df.residual = 20L, xlevels = structure(list(), .Names = character(0)), 
    call = quote(lm(formula = y ~ . + 0, data = structure(list(y = c(43, 
        71, 61, 81, 43, 58, 71, 72, 67, 64, 67, 69, 77, 81, 74, 
        65, 65, 50, 64, 53, 40, 63, 66, 78, 48, 85, 82), x1 = c(1, 
        1, 1, 1, 1, 1, 1, 1, 1, 1, 1, 1, 1, 1, 1, 1, 1, 1, 1, 
        1, 1, 1, 1, 1, 1, 1, 1), x2 = c(51, 70, 63, 78, 55, 67, 
        75, 82, 61, 53, 60, 62, 77, 90, 85, 60, 70, 58, 61, 66, 
        37, 54, 77, 75, 57, 85, 82), x3 = c(30, 68, 45, 56, 49, 
        42, 50, 72, 45, 53, 47, 57, 54, 50, 64, 65, 46, 68, 52, 
        52, 42, 42, 66, 58, 44, 71, 39), x4 = c(39, 69, 47, 66, 
        44, 56, 55, 67, 47, 58, 39, 42, 72, 72, 69, 75, 57, 54, 
        62, 50, 58, 48, 63, 74, 45, 71, 59), x5 = c(77, 43, 88, 
        50, 79, 79, 75, 64, 71, 62, 88, 60, 59, 58, 71, 50, 50, 
        80, 55, 88, 64, 59, 76, 43, 63, 58, 66), x6 = c(92, 86, 
        84, 83, 49, 68, 66, 83, 80, 67, 74, 63, 77, 54, 79, 80, 
        85, 78, 80, 80, 57, 75, 76, 78, 83, 74, 78), x7 = c(45, 
        48, 35, 47, 34, 35, 41, 31, 41, 34, 41, 25, 46, 36, 63, 
        60, 46, 52, 41, 37, 49, 33, 72, 49, 38, 55, 39)), .Names = c("y", 
        "x1", "x2", "x3", "x4", "x5", "x6", "x7"),