
expected <- structure(list(coefficients = structure(c(14.1183025608042, 0.711667545530921, 
-0.12981316120475, 0.221245540316206, -0.159564268475074, 0.0986817246695715, 
0.00805427243508933), .Names = c("x1", "x2", "x3", "x4", "x5", 
"x6", "x7")), residuals = structure(c(-11.7666721744849, 0.462310233315508, 
3.98467847943042, -2.46499997971833, 6.91164917817819, -10.2475698003596, 
-7.29529196110917, 1.90538221695987, -3.20812432394713, 6.40405652963989, 
8.65286893938452, 9.50034043575484, 11.0539366916007, -2.82631199642638, 
3.88871311035021, -2.75701887408826, -3.02401392537, 0.327673839170724, 
-2.27714712708512, -6.27389102136466, 4.14220711721385, 1.8095166208023, 
-10.6853272425743, -5.67809200647787, 8.14833819472671, -2.2530785795842, 
3.56586742606213), .Names = c("1", "2", "3", "4", "5", "6", "7", 
"8", "9", "10", "11", "12", "13", "14", "15", "16", "17", "18", 
"19", "20", "21", "22", "23", "24", "25", "26", "30")), effects = structure(c(-332.553755053224, 
-47.3569455303206, 4.84740410534456, 8.393226700135, -3.79798831725931, 
4.49455483811566, 0.569154751851336, 4.85464526406211, -4.69885054399922, 
7.63373290700174, 10.7254976442062, 13.2111543106827, 13.2417036658162, 
-4.02863465888337, 7.0931013448667, -2.51928961997513, -0.6670362526749, 
-6.08753107361879, 1.58588644447353, -5.34889519382418, 5.26305551384155, 
2.74673866595098, -9.89211014616464, -3.00767309643159, 13.0748961801542, 
2.37562091658112, 3.91585758654863), .Names = c("x1", "x2", "x3", 
"x4", "x5", "x6", "x7", "", "", "", "", "", "", "", "", "", "", 
"", "", "", "", "", "", "", "", "", "")), rank = 7L, fitted.values = structure(c(54.7666721744849, 
62.5376897666845, 67.0153215205696, 63.4649999797183, 74.0883508218218, 
53.2475698003596, 65.2952919611092, 69.0946177830401, 75.2081243239471, 
60.5959434703601, 55.3471310606155, 57.4996595642452, 57.9460633083993, 
70.8263119964264, 73.1112868896498, 83.7570188740883, 77.02401392537, 
64.6723261608293, 67.2771471270851, 56.2738910213647, 45.8577928827862, 
62.1904833791977, 63.6853272425743, 45.6780920064779, 54.8516618052733, 
68.2530785795842, 78.4341325739379), .Names = c("1", "2", "3", 
"4", "5", "6", "7", "8", "9", "10", "11", "12", "13", "14", "15", 
"16", "17", "18", "19", "20", "21", "22", "23", "24", "25", "26", 
"30")), assign = 1:7, qr = structure(list(qr = structure(c(-5.19615242270663, 
0.192450089729875, 0.192450089729875, 0.192450089729875, 0.192450089729875, 
0.192450089729875, 0.192450089729875, 0.192450089729875, 0.192450089729875, 
0.192450089729875, 0.192450089729875, 0.192450089729875, 0.192450089729875, 
0.192450089729875, 0.192450089729875, 0.192450089729875, 0.192450089729875, 
0.192450089729875, 0.192450089729875, 0.192450089729875, 0.192450089729875, 
0.192450089729875, 0.192450089729875, 0.192450089729875, 0.192450089729875, 
0.192450089729875, 0.192450089729875, -342.753609808908, -68.0364825881156, 
0.0948302518508885, -0.00805572540306698, 0.212414225855409, 
-0.125639699407587, 0.0507362615991933, 0.168320235603714, 0.271206212857669, 
-0.0374517189041971, -0.155035692908718, -0.0521497156547622, 
-0.022753722153632, 0.285904209608234, 0.197716229104844, 0.38879018686219, 
0.315300203109364, -0.0521497156547622, 0.0948302518508885, -0.0815457091558923, 
-0.346109650666063, -0.0374517189041971, 0.0360382648486282, 
-0.390203640917759, -0.140337696158153, 0.197716229104844, 0.271206212857669, 
-273.471577506153, -31.9186052397271, -53.7540597150277, -0.068940024584522, 
-0.00259405148006831, 0.0792274842913807, -0.161627025089866, 
-0.0865555811570526, 0.258180623295055, -0.0505013934329394, 
0.172079099712536, -0.00407558572236198, 0.163518243799986, 0.453597014460587, 
-0.0305812280390631, -0.224845314793922, 0.0816967080285368, 
0.330782843490713, -0.114871987547668, 0.405031212844475, -0.0801347191500383, 
0.0797213290388119, 0.0336247511598553, 0.114952442183873, -0.0417759226045793, 
0.192657724769653, -0.355726496928915, -288.867584684543, -31.8151748922231, 
-10.7420708495204, 46.8713246981527, -0.13207290309552, 0.133572442022195, 
-0.0936583501173797, 0.0390282479705255, -0.0104238354988438, 
0.0803242194515253, -0.149301402981008, 0.258912388977911, 0.280950787064172, 
0.545622146599228, -0.281277578713764, -0.22401796861094, -0.0913695887295397, 
-0.378185415255976, -0.0659608194573539, 0.0783902646598316, 
0.130862578649903, -0.188771043885741, 0.100465325642289, -0.335626137821619, 
-0.00934067039045085, -0.00195424574144852, -0.0798415502449372, 
-333.131105322414, -32.1902459944875, -3.50937878261533, 12.5105472128115, 
36.7100149615495, 0.105468531550408, -0.0163289196565963, -0.0743779624692305, 
0.10616874208099, -0.0442868132532681, 0.14586505507458, -0.0567084134011468, 
0.111337397184802, 0.205441270383676, -0.110224244778494, 0.487591828964769, 
-0.0793765462796747, 0.479426441905598, -0.225703681410317, -0.0115209159943874, 
0.174779033093848, 0.0241286688068917, 0.00353639775883807, 0.245564261049768, 
-0.191502340867816, -0.44201655452141, 0.166482574751288, -386.439780177589, 
-11.4110891809387, -4.10160002706479, 0.49003517891903, 21.8751870730368, 
46.1572992414201, 0.167140439851173, 0.28249030210818, -0.0687083740215471, 
-0.0499922219790094, 0.161344543207696, 0.116274958855946, 0.338358527299628, 
0.146306436300883, 0.0281235356132555, 0.317617595419311, 0.0416253999423019, 
-0.218987587468802, -0.108569026144374, 0.067996095216911, 0.174082770863011, 
-0.0843595405605703, -0.0351582254197375, 0.269595536034925, 
0.0826311430491609, 0.248837284183967, -0.11630252096676, -233.057058662879, 
-6.50903507950023, 11.2780468282678, -3.5963596522103, -12.2994128701022, 
-7.49006910349347, 70.6649491233685, -0.319118601893354, -0.105426916690245, 
-0.289391328872781, 0.223239032552344, 0.134761267843125, -0.0522816257373869, 
0.0569278885424574, 0.181928787265701, 0.0913861150402258, 0.193579290603169, 
-0.505824991443434, 0.148689370409786, 0.0284449941306065, -0.436994819550911, 
0.00560086735645361, -0.182176552858323, 0.223154913262574, 0.143896044866488, 
-0.245943723746296, -0.126351237643528), .Dim = c(27L, 7L), .Dimnames = list(
    c("1", "2", "3", "4", "5", "6", "7", "8", "9", "10", "11", 
    "12", "13", "14", "15", "16", "17", "18", "19", "20", "21", 
    "22", "23", "24", "25", "26", "30"), c("x1", "x2", "x3", 
    "x4", "x5", "x6", "x7")), assign = 1:7), qraux = c(1.19245008972988, 
1.0066422713475, 1.29439942593498, 1.09361073781378, 1.04916408911488, 
1.59009750251512, 1.02214570294835), pivot = 1:7, tol = 1e-07, 
    rank = 7L), .Names = c("qr", "qraux", "pivot", "tol", "rank"
), class = "qr"), df.residual = 20L, xlevels = structure(list(), .Names = character(0)), 
    call = quote(lm(formula = y ~ . + 0, data = structure(list(y = c(43, 
        63, 71, 61, 81, 43, 58, 71, 72, 67, 64, 67, 69, 68, 77, 
        81, 74, 65, 65, 50, 50, 64, 53, 40, 63, 66, 82), x1 = c(1, 
        1, 1, 1, 1, 1, 1, 1, 1, 1, 1, 1, 1, 1, 1, 1, 1, 1, 1, 
        1, 1, 1, 1, 1, 1, 1, 1), x2 = c(51, 64, 70, 63, 78, 55, 
        67, 75, 82, 61, 53, 60, 62, 83, 77, 90, 85, 60, 70, 58, 
        40, 61, 66, 37, 54, 77, 82), x3 = c(30, 51, 68, 45, 56, 
        49, 42, 50, 72, 45, 53, 47, 57, 83, 54, 50, 64, 65, 46, 
        68, 33, 52, 52, 42, 42, 66, 39), x4 = c(39, 54, 69, 47, 
        66, 44, 56, 55, 67, 47, 58, 39, 42, 45, 72, 72, 69, 75, 
        57, 54, 34, 62, 50, 58, 48, 63, 59), x5 = c(61, 63, 76, 
        54, 71, 54, 66, 70, 71, 62, 58, 59, 55, 59, 79, 60, 79, 
        55, 75, 64, 43, 66, 63, 50, 66, 88, 64), x6 = c(92, 73, 
        86, 84, 83, 49, 68, 66, 83, 80, 67, 74, 63, 77, 77, 54, 
        79, 80, 85, 78, 64, 80, 80, 57, 75, 76, 78), x7 = c(34, 
        49, 35, 35, 33, 49, 47, 72, 49, 63, 25, 33, 46, 34, 35, 
        49, 33, 72, 35, 34, 72, 41, 55, 25, 33, 63, 60)), .Names = c("y", 
        "x1", "x2", "x3", "x4", "x5", "x6", "x7"),