
expected <- structure(list(coefficients = structure(c(15.8806257725621, 0.730687838871008, 
-0.0719469165904087, 0.115048662212968, 0.0744671499632299, -0.0985863639588663, 
-0.00491449398775851), .Names = c("x1", "x2", "x3", "x4", "x5", 
"x6", "x7")), residuals = structure(c(-10.0265675619285, 1.35371350053319, 
-1.41276762788598, 8.49336083261835, -13.7436492655672, -8.52671474727327, 
-0.91705050272326, -4.19765035663076, 6.4685963047969, 10.2521027055172, 
9.27603448724457, 5.64221149045402, -4.93895996592649, 3.54283897422284, 
-2.22525676138829, -2.57674551193699, 6.44752727549533, -2.14107000160172, 
-5.94117073107282, 6.62407255138478, -9.39475565278393, 4.69667546016592, 
-7.34986055885144, 5.52552437879463, -8.92559098343953, 8.42852077021297, 
5.56663149756952), .Names = c("1", "2", "4", "5", "6", "7", "8", 
"9", "10", "11", "12", "13", "14", "15", "16", "17", "18", "19", 
"20", "21", "23", "25", "26", "27", "28", "29", "30")), effects = structure(c(-339.4819582835, 
47.9679701362602, -3.77147328366682, 5.24517136632441, 1.48064953988832, 
-4.39333740364702, -0.179493338928018, 2.16593898119245, 8.02506785697398, 
11.5672579209733, 7.3966581686543, 15.6887226346056, -0.325350193567596, 
4.48308488945582, 4.42545821045253, -3.89739446343155, 13.5879490592963, 
-4.17333249906854, -4.69341066731069, 5.87814873774436, -10.3915500640178, 
9.31381416097598, -6.06094341813855, 8.20719345575565, -5.08688809083984, 
8.87704905167527, 7.1386285708775), .Names = c("x1", "x2", "x3", 
"x4", "x5", "x6", "x7", "", "", "", "", "", "", "", "", "", "", 
"", "", "", "", "", "", "", "", "", "")), rank = 7L, fitted.values = structure(c(53.0265675619285, 
61.6462864994668, 62.412767627886, 72.5066391673816, 56.7436492655672, 
66.5267147472733, 71.9170505027233, 76.1976503566308, 60.5314036952031, 
53.7478972944828, 57.7239655127554, 63.357788509546, 72.9389599659265, 
73.4571610257772, 83.2252567613883, 76.576745511937, 58.5524727245047, 
67.1410700016017, 55.9411707310728, 43.3759274486152, 62.3947556527839, 
58.3033245398341, 73.3498605588514, 72.4744756212054, 56.9255909834395, 
76.571479229787, 76.4333685024305), .Names = c("1", "2", "4", 
"5", "6", "7", "8", "9", "10", "11", "12", "13", "14", "15", 
"16", "17", "18", "19", "20", "21", "23", "25", "26", "27", "28", 
"29", "30")), assign = 1:7, qr = structure(list(qr = structure(c(-5.19615242270663, 
0.192450089729875, 0.192450089729875, 0.192450089729875, 0.192450089729875, 
0.192450089729875, 0.192450089729875, 0.192450089729875, 0.192450089729875, 
0.192450089729875, 0.192450089729875, 0.192450089729875, 0.192450089729875, 
0.192450089729875, 0.192450089729875, 0.192450089729875, 0.192450089729875, 
0.192450089729875, 0.192450089729875, 0.192450089729875, 0.192450089729875, 
0.192450089729875, 0.192450089729875, 0.192450089729875, 0.192450089729875, 
0.192450089729875, 0.192450089729875, -352.183664205672, 64.6889995800419, 
0.0319993232125807, -0.199879359366827, 0.155667953921598, -0.0298349921419281, 
-0.153503622850946, -0.261713674721336, 0.0629164808898351, 0.186585111598853, 
0.0783750597284623, 0.0474579020512079, -0.277172253559963, -0.1844207805282, 
-0.385382305430354, -0.308089411237218, 0.0783750597284623, -0.0762107286578097, 
0.109292217405717, 0.387546636501006, -0.0143764133033009, 0.171126532760225, 
-0.1844207805282, -0.153503622850946, 0.124750796244344, -0.308089411237218, 
-0.261713674721336, -275.588528493181, 34.8470719420076, 52.7318171508579, 
-0.00302588873069625, -0.0902646576236263, 0.157257799394405, 
0.0820635886736593, -0.268189587627373, 0.0429785122827351, -0.185249401711592, 
-0.00451385976124781, -0.17502347479897, -0.467227691914387, 
0.0253372704040889, 0.225532685492643, -0.0877847059060403, -0.345863750065704, 
0.110096087579433, -0.421884611358978, 0.069688370272463, -0.0419456350071147, 
0.0329179154846191, -0.202229323132215, -0.0696474736838769, 
0.0236839692590316, -0.220531885468885, 0.357618544597464, -294.063737107249, 
8.75814372201778, 0.288473712261654, 54.4585183417648, 0.14496278594455, 
0.0303240800808482, 0.108657376191441, -0.308681282640618, -0.0477285197383669, 
0.0742556263348482, 0.302532504736144, -0.371907908957751, 0.106338433845718, 
-0.0234596464693092, 0.241031743774648, 0.265834656977523, -0.277769456747882, 
0.0710712437460723, -0.0132547151350043, 0.308061181679572, 0.177760922284907, 
-0.380650321778901, -0.0981634173277478, -0.185979807097907, 
-0.128524360762997, 0.214606373891859, 0.17678374032772, -336.210306758092, 
34.3214802614943, 2.22433458214142, 6.91364057026149, 39.483155041377, 
-0.0689261877552805, -0.0544848564515872, 0.181400099366428, 
-0.005453700564427, 0.0266795460853248, 0.00913438938705782, 
0.299732607619905, 0.480576049450262, -0.217168002554039, 0.342247421448849, 
-0.127683132859183, 0.301884827561687, -0.25035613224633, 0.0213290094528896, 
0.120672387732914, 0.0212396228432112, -0.142129515796141, -0.371360694572856, 
-0.216334116675225, 0.237670494121116, -0.0326857939106153, 0.107542162036684, 
-388.749181254348, 2.79628514992061, 1.15192001105823, 15.9229524323172, 
13.192918522931, 43.9696990029269, 0.312581984652262, -0.172050756070662, 
-0.0433225351807054, 0.147702360265607, -0.0188503717589769, 
0.16665921437364, -0.400341296182209, 0.223160515350408, 0.294930971670217, 
0.0383647964894977, -0.271695032475398, 0.0343663273249526, -0.0902476647937004, 
0.077381980708146, -0.120948844599097, 0.246252287409737, 0.359654208324674, 
0.22636689716452, -0.293194944221432, 0.0755584258278138, -0.0549647632481851, 
-221.317603189357, 16.3019301952679, 12.7879695700635, -7.06859337810676, 
32.3342791371459, 11.908581987982, 36.5232594393475, 0.370062782321317, 
0.0240940967979967, 0.207683709919683, 0.0985462000432075, 0.100997407011098, 
0.252271842334233, 0.0897413372275097, -0.226036448539632, -0.223020727441683, 
-0.571065172007112, 0.146208608112863, -0.0480239775266402, 0.0206488790491009, 
0.260916751542676, 0.154490562397155, -0.41793547432333, 0.00782468124558434, 
-0.0681892411557418, -0.0604861303911545, -0.0399840730739439
), .Dim = c(27L, 7L), .Dimnames = list(c("1", "2", "4", "5", 
"6", "7", "8", "9", "10", "11", "12", "13", "14", "15", "16", 
"17", "18", "19", "20", "21", "23", "25", "26", "27", "28", "29", 
"30"), c("x1", "x2", "x3", "x4", "x5", "x6", "x7")), assign = 1:7), 
    qraux = c(1.19245008972988, 1.01654074437395, 1.06210772519193, 
    1.02983874352488, 1.11767301542873, 1.28748985880609, 1.00974879588816
    ), pivot = 1:7, tol = 1e-07, rank = 7L), .Names = c("qr", 
"qraux", "pivot", "tol", "rank"), class = "qr"), df.residual = 20L, 
    xlevels = structure(list(), .Names = character(0)), call = quote(lm(formula = y ~ 
        . + 0, data = structure(list(y = c(43, 63, 61, 81, 43, 
        58, 71, 72, 67, 64, 67, 69, 68, 77, 81, 74, 65, 65, 50, 
        50, 53, 63, 66, 78, 48, 85, 82), x1 = c(1, 1, 1, 1, 1, 
        1, 1, 1, 1, 1, 1, 1, 1, 1, 1, 1, 1, 1, 1, 1, 1, 1, 1, 
        1, 1, 1, 1), x2 = c(51, 64, 63, 78, 55, 67, 75, 82, 61, 
        53, 60, 62, 83, 77, 90, 85, 60, 70, 58, 40, 66, 54, 77, 
        75, 57, 85, 82), x3 = c(30, 51, 45, 56, 49, 42, 50, 72, 
        45, 53, 47, 57, 83, 54, 50, 64, 65, 46, 68, 33, 52, 42, 
        66, 58, 44, 71, 39), x4 = c(59, 47, 71, 59, 45, 58, 55, 
        75, 59, 47, 39, 74, 50, 62, 54, 47, 66, 56, 50, 34, 47, 
        75, 63, 69, 62, 48, 57), x5 = c(61, 63, 54, 71, 54, 66, 
        70, 71, 62, 58, 59, 55, 59, 79, 60, 79, 55, 75, 64, 43, 
        63, 66, 88, 80, 51, 77, 64), x6 = c(92, 73, 84, 83, 49, 
        68, 66, 83, 80, 67, 74, 63, 77, 77, 54, 79, 80, 85, 78, 
        64, 80, 75, 76, 78, 83, 74, 78), x7 = c(45, 47, 35, 47, 
        34, 35, 41, 31, 41, 34, 41, 25, 35, 46, 36, 63, 60, 46, 
        52, 33, 37, 33, 72, 49, 38, 55, 39)), .Names = c("y", 
        "x1", "x2", "x3", "x4", "x5", "x6", "x7"),