
expected <- structure(list(coefficients = structure(c(-0.391552839700632, 
0.671851732316131, -0.0978386117558719, 0.312122812716296, 0.1188797929753, 
0.152049790322131, -0.252022555299655), .Names = c("x1", "x2", 
"x3", "x4", "x5", "x6", "x7")), residuals = structure(c(-10.4688321690039, 
1.57261179996549, -0.109233682089496, -1.68197813627939, 5.19246376502796, 
-7.3451976325073, -0.353523987215463, -9.11533420129616, 7.01175302793999, 
11.5591922336889, 9.9858364450049, -2.73732623374747, -0.95466716245971, 
-2.99810619913066, -3.49289237651324, 4.32635859810138, -4.68884279273195, 
-6.05131733241374, 10.2072827281725, -0.335966837362613, -0.670367548695479, 
5.07157179836823, -3.01904692418761, 1.58829875313781, -8.12231680710844, 
6.77858181075965, 2.80188148452711), .Names = c("1", "2", "3", 
"4", "5", "6", "8", "9", "10", "12", "13", "14", "15", "16", 
"17", "18", "19", "20", "21", "22", "24", "25", "26", "27", "28", 
"29", "30")), effects = structure(c(231.720267450047, -253.744785313782, 
1.42485326337421, 13.1900990183136, -5.84135312504834, 7.06949061149112, 
-8.99240919938594, -13.7386789142655, 3.86964343865653, 10.6843243901876, 
10.9661912669849, -1.90282619279905, -3.91816446383649, -4.84247212389753, 
-3.3497471267986, 0.147977200805608, -9.21205996953546, -3.55497169403421, 
4.97972398886596, -5.08847197867504, -4.31332581640947, 2.5942635569019, 
1.90808034888103, -0.989644324737772, -14.720820704364, 6.57454018052808, 
-0.674681475160567), .Names = c("x1", "x2", "x3", "x4", "x5", 
"x6", "x7", "", "", "", "", "", "", "", "", "", "", "", "", "", 
"", "", "", "", "", "", "")), rank = 7L, fitted.values = structure(c(53.4688321690039, 
61.4273882000345, 71.1092336820895, 62.6819781362794, 75.807536234972, 
50.3451976325073, 71.3535239872155, 81.1153342012962, 59.98824697206, 
55.4408077663111, 59.0141635549951, 70.7373262337475, 77.9546671624597, 
83.9981061991307, 77.4928923765132, 60.6736414018986, 69.6888427927319, 
56.0513173324137, 39.7927172718275, 64.3359668373626, 40.6703675486955, 
57.9284282016318, 69.0190469241876, 76.4117012468622, 56.1223168071084, 
78.2214181892404, 79.1981185154729), .Names = c("1", "2", "3", 
"4", "5", "6", "8", "9", "10", "12", "13", "14", "15", "16", 
"17", "18", "19", "20", "21", "22", "24", "25", "26", "27", "28", 
"29", "30")), assign = 1:7, qr = structure(list(qr = structure(c(8.05646750275288, 
-0.0570565984523989, -0.259277588112101, -0.0895909045286388, 
-0.295948765105733, -0.268547251681764, 0.211084527228978, -0.346249359839045, 
-0.146883557941652, -0.119617911943878, 0.00318188676876272, 
-0.270164117209359, -0.150188222300863, -0.101481242948572, -0.13165940180363, 
-0.0850148884669724, -0.278450672652831, 0.164618057728945, -0.314191325355201, 
-0.186436552246767, -0.140677087992014, -0.0498631522465436, 
0.0660930996147858, -0.133391930176264, -0.323345678968391, -0.204260149663915, 
-0.0420266253339671, 238.05766369541, -264.353075934219, 0.085176316881307, 
0.176251288062955, 0.0900339956212287, 0.0220122306422814, 0.429945574417456, 
0.0703182747359934, 0.128994725387704, 0.14410086629221, 0.23673914782279, 
0.126811055593178, 0.187230450003666, 0.270150087235995, 0.230329312289094, 
0.168072979193643, 0.0718936814033452, 0.333446828166552, -0.066351141038164, 
0.101593395971944, 0.0425067425255422, 0.169728308949592, 0.337064763496344, 
0.191300863665068, -0.00838511584357927, 0.180033322240803, 0.281076208753112, 
193.071979654797, -203.442821341386, -55.6168060646636, -0.0945773427663876, 
-0.172916347802026, 0.0293910944663961, -0.0721261580286383, 
0.0426919401496916, -0.0857012328447329, -0.0268824016377888, 
0.16562484616972, 0.251664769228887, -0.146979606026907, -0.383237726947484, 
-0.0720790594152377, 0.308160883168878, -0.235947683957086, 0.472095388612068, 
-0.0651938283400723, 0.0271291119369257, 0.195419826186879, -0.010548090032421, 
0.140037260153453, -0.0417738901322322, -0.106314753427201, 0.0298635708789933, 
-0.450426494894969, 201.47437159233, -216.515285861367, -16.7119198953782, 
50.6055363893801, -0.0632162156990967, 0.0821498333509961, 0.064967545328903, 
0.0852679487347312, 0.0494124043778812, 0.212559575452624, 0.249922196173494, 
0.615448354923203, -0.210990514343915, -0.111786426926789, 0.00814510707809849, 
-0.357245463594107, -0.046025849290148, 0.0555995993841248, 0.0020219249867539, 
-0.190758751844339, -0.43536665056349, -0.0672685890277698, 0.0569397262613234, 
-0.239548228210991, 0.044363357477148, 0.025598719065178, -0.0243959163603747, 
223.364645691677, -253.4350472667, -15.4989955318247, 24.0520856440561, 
-42.7807221261244, 0.164666990755561, -0.0684390323173384, -0.0210378400258627, 
0.211013352836587, 0.214799801321968, -0.0638214267379348, -0.162284748764905, 
0.129231011560036, -0.435588906471575, 0.0273532551864569, -0.421814009942758, 
0.396618389116085, -0.121466728952851, 0.272547307297522, 0.11473210269051, 
0.0229225406826118, 0.3096979020961, 0.242439690632874, 0.113670351965131, 
0.127763905005047, -0.0366274874418769, -0.0963634636397486, 
268.222332950038, -275.622357748211, -22.8059321344744, 20.3434170785653, 
-48.5376968182753, 61.864552409099, 0.201554317801048, -0.0489624005291107, 
-0.149845882604333, -0.0195340269295058, 0.0913989283303173, 
0.0947412202400367, 0.0572918124350449, 0.026870296101118, 0.124167660694119, 
-0.514095467850362, -0.0404904847076512, -0.0485082868201642, 
-0.247914708617976, -0.196013314784688, -0.217831252021362, -0.0254791883373521, 
0.42265115494265, 0.0563012512088977, -0.419355589467249, 0.177165081394185, 
-0.202548942138769, 144.41643502411, -172.892109227105, -25.8298634537006, 
33.9555425569062, -26.2855714668096, 9.27298593535069, 35.6809698588047, 
0.371983207893223, -0.0216983510528008, -0.150214077006935, 0.299209304024119, 
-0.14439294417937, 0.232803258418217, 0.0592936088974877, -0.322591036288801, 
-0.266980677995235, 0.0118801900953921, -0.00380159142081814, 
-0.187257434183194, 0.199917258060343, -0.14580552776675, 0.369653359146832, 
-0.338984574513119, 0.222599100863361, -0.171419953380613, -0.147893967897912, 
0.046949006514764), .Dim = c(27L, 7L), .Dimnames = list(c("1", 
"2", "3", "4", "5", "6", "8", "9", "10", "12", "13", "14", "15", 
"16", "17", "18", "19", "20", "21", "22", "24", "25", "26", "27", 
"28", "29", "30"), c("x1", "x2", "x3", "x4", "x5", "x6", "x7"
)), assign = 1:7), qraux = c(1.02140709600618, 1.20257306468061, 
1.16593285256147, 1.0684323529508, 1.08352534215009, 1.22593319583208, 
1.21011398097041), pivot = 1:7, tol = 1e-07, rank = 7L), .Names = c("qr", 
"qraux", "pivot", "tol", "rank"), class = "qr"), df.residual = 20L, 
    xlevels = structure(list(), .Names = character(0)), call = quote(lm(formula = y ~ 
        . + 0, data = structure(list(y = c(43, 63, 71, 61, 81, 
        43, 71, 72, 67, 67, 69, 68, 77, 81, 74, 65, 65, 50, 50, 
        64, 40, 63, 66, 78, 48, 85, 82), x1 = c(-0.172465573302085, 
        0.459674631249372, 2.08886146281729, 0.721786210877214, 
        2.38430160855418, 2.16354220612773, -1.70059563395422, 
        2.78954671539225, 1.18336261124564, 0.963697820323011, 
        -0.0256347673499762, 2.17656843070712, 1.20998653226313, 
        0.817580335954143, 1.06070969206283, 0.684919686184324, 
        2.24332879534721, -1.32624003245954, 2.53127220237103, 
        1.50202002450137, 1.13336038778957, 0.401720865659098, 
        -0.532476909202731, 1.07466775059455, 2.60502395476441, 
        1.64561525787477, 0.338586141253477), x2 = c(51, 64, 
        70, 63, 78, 55, 75, 82, 61, 60, 62, 83, 77, 90, 85, 60, 
        70, 58, 40, 61, 37, 54, 77, 75, 57, 85, 82), x3 = c(30, 
        51, 68, 45, 56, 49, 50, 72, 45, 47, 57, 83, 54, 50, 64, 
        65, 46, 68, 33, 52, 42, 42, 66, 58, 44, 71, 39), x4 = c(39, 
        54, 69, 47, 66, 44, 55, 67, 47, 39, 42, 45, 72, 72, 69, 
        75, 57, 54, 34, 62, 58, 48, 63, 74, 45, 71, 59),