
expected <- structure(list(coefficients = structure(c(-1.97277406801357, 
0.582875371642103, 0.192852521994483, 0.290106191742441, -0.0513862894450642, 
0.198478138294212, -0.247165615287037), .Names = c("x1", "x2", 
"x3", "x4", "x5", "x6", "x7")), residuals = structure(c(-10.0993148864039, 
-1.51714959672327, -2.25961303448646, -0.729678732735955, 8.66750044784192, 
-9.38957578927866, -7.9654906108499, 2.93996025584111, -7.10160959705601, 
7.00269082906853, 8.24041476801305, 8.43604291015196, 6.4230381105039, 
-5.28207310874763, 1.00748175917846, -1.64574906572307, -0.630375801478442, 
2.37759306224399, -0.111412543445527, -4.93949803262697, 6.23643991715929, 
1.39946328666804, -10.1764606001165, -5.58801199489925, 5.43476559979238, 
2.40563353354596, 6.86498891456301), .Names = c("1", "2", "3", 
"4", "5", "6", "7", "8", "9", "10", "11", "12", "13", "14", "15", 
"16", "17", "18", "19", "20", "21", "22", "23", "24", "25", "26", 
"30")), effects = structure(c(-332.553755053224, -47.3569455303206, 
-4.89243800147463, 7.12275720042081, -3.59914665963992, 6.83635885396464, 
-9.67832710721535, 7.25385776675498, -4.69791021496554, 8.65197618143458, 
10.9289616117181, 9.86814918094749, 8.82201703681512, -5.94239080982497, 
5.076443967213, -2.80380141280336, 1.10799748150977, -3.1334391947179, 
4.33369205277622, -3.25091448538788, 6.30072491143029, 3.68266201382769, 
-8.13589718445508, -5.85547242640529, 10.6999829424856, 8.88654228132078, 
6.6749192923638), .Names = c("x1", "x2", "x3", "x4", "x5", "x6", 
"x7", "", "", "", "", "", "", "", "", "", "", "", "", "", "", 
"", "", "", "", "", "")), rank = 7L, fitted.values = structure(c(53.0993148864039, 
64.5171495967233, 73.2596130344865, 61.729678732736, 72.3324995521581, 
52.3895757892787, 65.9654906108499, 68.0600397441589, 79.101609597056, 
59.9973091709315, 55.7595852319869, 58.563957089848, 62.5769618894961, 
73.2820731087476, 75.9925182408215, 82.6457490657231, 74.6303758014784, 
62.622406937756, 65.1114125434455, 54.939498032627, 43.7635600828407, 
62.600536713332, 63.1764606001165, 45.5880119948993, 57.5652344002076, 
63.594366466454, 75.135011085437), .Names = c("1", "2", "3", 
"4", "5", "6", "7", "8", "9", "10", "11", "12", "13", "14", "15", 
"16", "17", "18", "19", "20", "21", "22", "23", "24", "25", "26", 
"30")), assign = 1:7, qr = structure(list(qr = structure(c(-5.19615242270663, 
0.192450089729875, 0.192450089729875, 0.192450089729875, 0.192450089729875, 
0.192450089729875, 0.192450089729875, 0.192450089729875, 0.192450089729875, 
0.192450089729875, 0.192450089729875, 0.192450089729875, 0.192450089729875, 
0.192450089729875, 0.192450089729875, 0.192450089729875, 0.192450089729875, 
0.192450089729875, 0.192450089729875, 0.192450089729875, 0.192450089729875, 
0.192450089729875, 0.192450089729875, 0.192450089729875, 0.192450089729875, 
0.192450089729875, 0.192450089729875, -342.753609808908, -68.0364825881156, 
0.0948302518508885, -0.00805572540306698, 0.212414225855409, 
-0.125639699407587, 0.0507362615991933, 0.168320235603714, 0.271206212857669, 
-0.0374517189041971, -0.155035692908718, -0.0521497156547622, 
-0.022753722153632, 0.285904209608234, 0.197716229104844, 0.38879018686219, 
0.315300203109364, -0.0521497156547622, 0.0948302518508885, -0.0815457091558923, 
-0.346109650666063, -0.0374517189041971, 0.0360382648486282, 
-0.390203640917759, -0.140337696158153, 0.197716229104844, 0.271206212857669, 
-280.784680915888, 0.484489522518601, -46.5910746051809, -0.248240143253534, 
-0.289021651916772, 0.118354298095592, 0.0728510881336382, 0.00674338418299283, 
-0.289880496313686, -0.00098232962061073, -0.192434686297234, 
0.283621615087894, 0.272460523696634, -0.12375433492447, 0.145825661490973, 
0.0947419058333894, -0.0490620727733067, -0.059791799081798, 
-0.287303963122943, -0.220337414775384, 0.116209129987618, -0.172689036705457, 
-0.200591765183606, 0.390510827701777, 0.102471505405616, -0.154661075907507, 
-0.182563804385657, -288.867584684543, -31.8151748922231, 0.239927363662243, 
48.0859189363782, -0.188035661551213, 0.124683306473374, -0.0144811557899561, 
0.0724457058440994, -0.169050765750329, 0.0973425172509338, -0.251270456962324, 
0.313087517940325, 0.268351151234403, 0.333106290067264, -0.232096585586784, 
-0.112881762950225, -0.130440018926037, -0.507205764046607, -0.0804326918366886, 
-0.123956122993217, 0.182346355612905, -0.250415797464121, 0.0432674065807489, 
-0.289513168988623, 0.028195806233873, -0.107610802566798, 0.0197035314023088, 
-333.131105322414, -32.1902459944875, 2.43641674207836, 12.966360357242, 
36.638669490391, 0.10549886508455, -0.00312051875248858, -0.0681793712075845, 
0.0777854515920239, -0.0405504168873659, 0.126360927954432, -0.0443942656113141, 
0.112290713425799, 0.173259211546018, -0.104334363068018, 0.506207921755914, 
-0.087430473640533, 0.453600883015885, -0.229595983275275, -0.0469929058170116, 
0.185671897941048, 0.0111981346215372, -0.00581390500846583, 
0.251256128869244, -0.185199742425542, -0.461841039975425, 0.18361215219789, 
-386.439780177589, -11.4110891809387, 22.2755501137609, 1.28278222446883, 
20.5427105225077, 41.3065941622318, 0.2126829797142, 0.333652406164276, 
-0.0600627164251103, -0.049471309384222, 0.200469092632167, 0.0317990363536076, 
0.233889880034681, 0.0323990134546335, 0.0316159195091961, 0.372128272374118, 
0.0551029502806855, -0.293576585750477, 0.0022128299446697, 0.039353944756632, 
0.157912790123058, -0.0481161467415413, -0.00170277610334643, 
0.186704446650089, 0.0855973665126227, 0.303348072087524, -0.00294063702331095, 
-220.547802830437, -8.28150461356839, 1.10390547254649, 25.9565906551376, 
23.4405595520257, 5.51086789741311, 39.1572553325257, 0.054258797203745, 
0.460190535418495, -0.00959216674269904, 0.260767911478194, -0.175065016804463, 
0.152225745105806, -0.0999716574474663, 0.241196519347338, 0.0164784003146119, 
-0.261595644811265, -0.327026081610982, 0.149937116409267, -0.146144391161478, 
-0.135784632743664, 0.222112051688753, 0.119050479138552, -0.214355764346133, 
0.305717816827439, -0.3285881971495, 0.0355854105758699), .Dim = c(27L, 
7L), .Dimnames = list(c("1", "2", "3", "4", "5", "6", "7", "8", 
"9", "10", "11", "12", "13", "14", "15", "16", "17", "18", "19", 
"20", "21", "22", "23", "24", "25", "26", "30"), c("x1", "x2", 
"x3", "x4", "x5", "x6", "x7")), assign = 1:7), qraux = c(1.19245008972988, 
1.0066422713475, 1.27074283490281, 1.0657465372543, 1.03776232149049, 
1.5905158828069, 1.21240636119011), pivot = 1:7, tol = 1e-07, 
    rank = 7L), .Names = c("qr", "qraux", "pivot", "tol", "rank"
), class = "qr"), df.residual = 20L, xlevels = structure(list(), .Names = character(0)), 
    call = quote(lm(formula = y ~ . + 0, data = structure(list(y = c(43, 
        63, 71, 61, 81, 43, 58, 71, 72, 67, 64, 67, 69, 68, 77, 
        81, 74, 65, 65, 50, 50, 64, 53, 40, 63, 66, 82), x1 = c(1, 
        1, 1, 1, 1, 1, 1, 1, 1, 1, 1, 1, 1, 1, 1, 1, 1, 1, 1, 
        1, 1, 1, 1, 1, 1, 1, 1), x2 = c(51, 64, 70, 63, 78, 55, 
        67, 75, 82, 61, 53, 60, 62, 83, 77, 90, 85, 60, 70, 58, 
        40, 61, 66, 37, 54, 77, 82), x3 = c(52, 72, 68, 42, 44, 
        57, 58, 57, 45, 53, 42, 66, 66, 53, 64, 65, 57, 50, 42, 
        42, 53, 45, 45, 65, 56, 50, 50), x4 = c(39, 54, 69, 47, 
        66, 44, 56, 55, 67, 47, 58, 39, 42, 45, 72, 72, 69, 75, 
        57, 54, 34, 62, 50, 58, 48, 63, 59), x5 = c(61, 63, 76, 
        54, 71, 54, 66, 70, 71, 62, 58, 59, 55, 59, 79, 60, 79, 
        55, 75, 64, 43, 66, 63, 50, 66, 88, 64), x6 = c(92, 73, 
        86, 84, 83, 49, 68, 66, 83, 80, 67, 74, 63, 77, 77, 54, 
        79, 80, 85, 78, 64, 80, 80, 57, 75, 76, 78), x7 = c(45, 
        47, 48, 35, 47, 34, 35, 41, 31, 41, 34, 41, 25, 35, 46, 
        36, 63, 60, 46, 52, 33, 41, 37, 49, 33, 72, 39)), .Names = c("y", 
        "x1", "x2", "x3", "x4", "x5", "x6", "x7"),