
expected <- structure(list(coefficients = structure(c(2.81934493175191, 0.764560239919089, 
0.0777825356700938, 0.106907926822177, 0.0854141345160782, -0.0053862623609443, 
-0.103156003639332), .Names = c("x1", "x2", "x3", "x4", "x5", 
"x6", "x7")), residuals = structure(c(-7.52566682474067, 3.48460165585469, 
-1.62677405435558, 7.11255507089087, -11.333491366579, -7.17301417030141, 
-0.324525635498559, -9.55122934689112, 7.09931944361231, 10.4259793013671, 
10.0703979780173, 4.65358629656662, 2.89316994774999, -1.41229512882994, 
-3.63309383938048, 6.11773649313413, -2.1064538895707, -7.48071156936439, 
2.14410588763557, -10.4831025328811, 1.58443361273056, 5.7802260219177, 
-7.23918578549633, 4.59224493591542, -8.43913458566608, 6.03416941221947, 
6.33615267194363), .Names = c("1", "3", "4", "5", "6", "7", "8", 
"9", "10", "11", "12", "13", "15", "16", "17", "18", "19", "20", 
"22", "23", "24", "25", "26", "27", "28", "29", "30")), effects = structure(c(-338.327257745121, 
-53.1510040063286, 2.38481266822958, -6.78079224089177, 0.478532529114751, 
-1.04978913790099, 4.01876320167128, -10.9318733842137, 8.35359900350068, 
15.0407972345616, 14.4447967045119, 6.78722764960523, 2.62525266178718, 
2.53597802454597, -3.35483388418273, 5.87307063367795, -2.03158106717662, 
-5.59241966253169, 1.99461310971278, -7.75350735737628, 6.99286132037292, 
5.95883145914855, -9.3181311393364, 3.22702177699254, -7.05583901087337, 
7.14814955859549, 7.56029261179201), .Names = c("x1", "x2", "x3", 
"x4", "x5", "x6", "x7", "", "", "", "", "", "", "", "", "", "", 
"", "", "", "", "", "", "", "", "", "")), rank = 7L, fitted.values = structure(c(50.5256668247407, 
67.5153983441453, 62.6267740543556, 73.8874449291091, 54.333491366579, 
65.1730141703014, 71.3245256354986, 81.5512293468911, 59.9006805563877, 
53.5740206986329, 56.9296020219827, 64.3464137034334, 74.10683005225, 
82.4122951288299, 77.6330938393805, 58.8822635068659, 67.1064538895707, 
57.4807115693644, 61.8558941123644, 63.4831025328811, 38.4155663872694, 
57.2197739780823, 73.2391857854963, 73.4077550640846, 56.4391345856661, 
78.9658305877805, 75.6638473280564), .Names = c("1", "3", "4", 
"5", "6", "7", "8", "9", "10", "11", "12", "13", "15", "16", 
"17", "18", "19", "20", "22", "23", "24", "25", "26", "27", "28", 
"29", "30")), assign = 1:7, qr = structure(list(qr = structure(c(-5.19615242270663, 
0.192450089729875, 0.192450089729875, 0.192450089729875, 0.192450089729875, 
0.192450089729875, 0.192450089729875, 0.192450089729875, 0.192450089729875, 
0.192450089729875, 0.192450089729875, 0.192450089729875, 0.192450089729875, 
0.192450089729875, 0.192450089729875, 0.192450089729875, 0.192450089729875, 
0.192450089729875, 0.192450089729875, 0.192450089729875, 0.192450089729875, 
0.192450089729875, 0.192450089729875, 0.192450089729875, 0.192450089729875, 
0.192450089729875, 0.192450089729875, -348.527112500804, -64.4348651884355, 
-0.0229669383926948, 0.209826285526274, -0.147123324482811, 0.0391112546523634, 
0.16326764074248, 0.271904478571332, -0.0540060349152239, -0.17816242100534, 
-0.0695255831764885, -0.0384864866539594, 0.194306737265009, 
0.396060864661448, 0.318463123355125, -0.0695255831764885, 0.0856698994361571, 
-0.100564679699018, -0.0540060349152239, 0.0235917063910989, 
-0.426475193185573, -0.162642872744076, 0.194306737265009, 0.16326764074248, 
-0.116084227960282, 0.318463123355125, 0.271904478571332, -274.626278044532, 
-24.9910710853059, 49.1208079475144, 0.0332697122450195, -0.1175759361763, 
0.17798279240609, 0.117154307922394, -0.241440185980785, 0.0403824137808932, 
-0.224516643047355, -0.0130879396546342, -0.191158831431529, 
0.0612312441374779, 0.308470469495412, -0.0403131830102102, -0.37953142363057, 
0.134814139392708, -0.466114159169628, -0.102123385543082, -0.0383513316854092, 
-0.204649530739946, 0.0121754523761407, -0.183064411846479, -0.0457094627335769, 
0.00972274202675147, -0.182818982334185, 0.430372867975097, -300.029689888876, 
-2.78604631193886, -2.23252269349542, -52.0618763929609, -0.243129407382961, 
-0.0402413065667199, -0.0590289610580248, 0.44206000581537, -0.00039097936318502, 
-0.181242950481548, -0.372813926989054, 0.353411590169566, 0.0961953361530376, 
-0.0883683445402852, -0.142027392147825, 0.245338683502915, -0.0585636590299071, 
-0.0440472382069802, 0.230397745921551, -0.195553500080114, -0.212057497360242, 
0.295073824548164, 0.181762552990456, 0.254121358786969, 0.0544045435249514, 
-0.0841098851816211, -0.086170515971709, -341.406459180799, -33.9194097202031, 
10.8534948345161, -0.838532072184507, 36.5048186915601, -0.0786790056025491, 
-0.0142074408126056, 0.25878502784907, -0.00224754980223127, 
0.11377685819326, 0.102130498069329, 0.320567643565409, -0.20021735432801, 
0.422283251277016, 0.00221925921916919, 0.389506309035025, -0.248709477214977, 
0.162800774218946, -0.0423893739248691, 0.10644876987432, 0.0414186113737342, 
-0.228846545569072, -0.318439906469242, -0.210272411385591, 0.243419957389983, 
0.131620166289838, 0.106438562622273, -390.481232061917, -5.97042769591686, 
1.69755370724668, -13.6221170899801, 18.0202190581131, 46.5036487066417, 
0.30313073896578, -0.10213681025367, -0.0555673833585098, 0.0205751629871629, 
-0.133298096795848, 0.17215256993479, 0.256011231344964, 0.316820948616967, 
0.0129054793849443, -0.30549037874022, 0.0456180003378466, -0.208419813300834, 
0.035214942407709, -0.18416029323257, 0.210848098817675, 0.280239597728563, 
0.368201446835918, 0.274368563644409, -0.301538496757277, 0.0313709337909256, 
0.00858110841840607, -225.743955253144, -11.8276201693348, 20.5044038044349, 
11.7949002643652, 24.6464892759099, 7.74853868923115, -38.9581125663052, 
-0.30353851003888, -0.0392011804834145, -0.286425066988674, -0.107243784507217, 
-0.194870317194799, -0.0315438434228756, 0.278919510577877, 0.314506167440551, 
0.467712475852633, -0.0821015966753906, -0.0154476087200573, 
-0.0827785682828194, -0.228401338647648, 0.198045532582528, -0.226866511158413, 
0.42692378857987, 0.0217827710119969, 0.0245670022702523, 0.135278739495592, 
0.140755899151203), .Dim = c(27L, 7L), .Dimnames = list(c("1", 
"3", "4", "5", "6", "7", "8", "9", "10", "11", "12", "13", "15", 
"16", "17", "18", "19", "20", "22", "23", "24", "25", "26", "27", 
"28", "29", "30"), c("x1", "x2", "x3", "x4", "x5", "x6", "x7"
)), assign = 1:7), qraux = c(1.19245008972988, 1.08566989943616, 
1.06589123532396, 1.0489560493063, 1.20313458639414, 1.28435180576177, 
1.01444768764132), pivot = 1:7, tol = 1e-07, rank = 7L), .Names = c("qr", 
"qraux", "pivot", "tol", "rank"), class = "qr"), df.residual = 20L, 
    xlevels = structure(list(), .Names = character(0)), call = quote(lm(formula = y ~ 
        . + 0, data = structure(list(y = c(43, 71, 61, 81, 43, 
        58, 71, 72, 67, 64, 67, 69, 77, 81, 74, 65, 65, 50, 64, 
        53, 40, 63, 66, 78, 48, 85, 82), x1 = c(1, 1, 1, 1, 1, 
        1, 1, 1, 1, 1, 1, 1, 1, 1, 1, 1, 1, 1, 1, 1, 1, 1, 1, 
        1, 1, 1, 1), x2 = c(51, 70, 63, 78, 55, 67, 75, 82, 61, 
        53, 60, 62, 77, 90, 85, 60, 70, 58, 61, 66, 37, 54, 77, 
        75, 57, 85, 82), x3 = c(30, 68, 45, 56, 49, 42, 50, 72, 
        45, 53, 47, 57, 54, 50, 64, 65, 46, 68, 52, 52, 42, 42, 
        66, 58, 44, 71, 39), x4 = c(59, 45, 71, 59, 45, 58, 55, 
        75, 59, 47, 39, 74, 62, 54, 47, 66, 56, 50, 69, 47, 48, 
        75, 63, 69, 62, 48, 57), x5 = c(61, 76, 54, 71, 54, 66, 
        70, 71, 62, 58, 59, 55, 79, 60, 79, 55, 75, 64, 66, 63, 
        50, 66, 88, 80, 51, 77, 64), x6 = c(92, 86, 84, 83, 49, 
        68, 66, 83, 80, 67, 74, 63, 77, 54, 79, 80, 85, 78, 80, 
        80, 57, 75, 76, 78, 83, 74, 78), x7 = c(45, 48, 35, 47, 
        34, 35, 41, 31, 41, 34, 41, 25, 46, 36, 63, 60, 46, 52, 
        41, 37, 49, 33, 72, 49, 38, 55, 39)), .Names = c("y", 
        "x1", "x2", "x3", "x4", "x5", "x6", "x7"),