
expected <- structure(list(coefficients = structure(c(24.6831124563576, 0.567684344212796, 
-0.0703365973243934, 0.247576720796044, 0.177017116890739, -0.154791333695225, 
-0.184688815857907), .Names = c("x1", "x2", "x3", "x4", "x5", 
"x6", "x7")), residuals = structure(c(2.5790897324899, 2.53852130606545, 
1.2155144652695, -11.7132057125908, -8.77341992710335, 0.431065245084291, 
-7.38326795154798, 7.8880877800214, 5.13624480316779, 7.39311842723817, 
9.53163363849498, -1.16489653091151, 1.16290272078208, -0.207946412460742, 
-1.48318336031336, 5.21418920688256, -2.07553236664853, -6.6205684222721, 
6.45056657022585, 0.494350680702864, -7.94940163074918, -6.52283042069652, 
4.59854734753464, -3.7109037975671, 2.84234835281524, -9.19031483236846, 
9.31929108845488), .Names = c("2", "3", "4", "6", "7", "8", "9", 
"10", "11", "12", "13", "14", "15", "16", "17", "18", "19", "20", 
"21", "22", "23", "24", "25", "26", "27", "28", "29")), effects = structure(c(-333.516005501874, 
-45.8271796854879, -2.82732660593055, 9.77007444774788, -2.39921901489119, 
-5.7997616060527, -7.16681059204518, 9.10387458547889, 5.33976276603363, 
8.99112737665875, 13.388974651262, 1.09884943689205, -0.0412324017808361, 
-7.92549604112319, -5.08360544924614, -3.59239391325446, -0.749326389067087, 
-5.79422873637607, 7.51001995513219, 0.174288319559575, -5.95766162244713, 
-10.3889614899299, 8.8634523979421, -3.3555346446805, 1.52015778187119, 
-10.5791595546004, 6.88692768915304), .Names = c("x1", "x2", 
"x3", "x4", "x5", "x6", "x7", "", "", "", "", "", "", "", "", 
"", "", "", "", "", "", "", "", "", "", "", "")), rank = 7L, 
    fitted.values = structure(c(60.4209102675101, 68.4614786939346, 
    59.7844855347305, 54.7132057125908, 66.7734199271033, 70.5689347549157, 
    79.383267951548, 59.1119122199786, 58.8637551968322, 59.6068815727618, 
    59.468366361505, 69.1648965309115, 75.8370972792179, 81.2079464124607, 
    75.4831833603134, 59.7858107931174, 67.0755323666485, 56.6205684222721, 
    43.5494334297741, 63.5056493192971, 60.9494016307492, 46.5228304206965, 
    58.4014526524654, 69.7109037975671, 75.1576516471848, 57.1903148323685, 
    75.6807089115451), .Names = c("2", "3", "4", "6", "7", "8", 
    "9", "10", "11", "12", "13", "14", "15", "16", "17", "18", 
    "19", "20", "21", "22", "23", "24", "25", "26", "27", "28", 
    "29")), assign = 1:7, qr = structure(list(qr = structure(c(-5.19615242270663, 
    0.192450089729875, 0.192450089729875, 0.192450089729875, 
    0.192450089729875, 0.192450089729875, 0.192450089729875, 
    0.192450089729875, 0.192450089729875, 0.192450089729875, 
    0.192450089729875, 0.192450089729875, 0.192450089729875, 
    0.192450089729875, 0.192450089729875, 0.192450089729875, 
    0.192450089729875, 0.192450089729875, 0.192450089729875, 
    0.192450089729875, 0.192450089729875, 0.192450089729875, 
    0.192450089729875, 0.192450089729875, 0.192450089729875, 
    0.192450089729875, 0.192450089729875, -343.908310347287, 
    -67.2761032913922, -0.0421028710864252, -0.16101582247051, 
    0.0173536046056173, 0.136266555989702, 0.240315388450777, 
    -0.0718311089324464, -0.190744060316531, -0.0866952278554571, 
    -0.0569669900094358, 0.255179507373787, 0.165994793835724, 
    0.359228339834862, 0.284907745219808, -0.0866952278554571, 
    0.0619459613746492, -0.116423465701478, -0.38397760631567, 
    -0.0718311089324464, 0.00248948568260667, -0.428569963084701, 
    -0.175879941393521, 0.165994793835724, 0.136266555989702, 
    -0.131287584624489, 0.284907745219808, -282.709181813187, 
    -36.8030079304512, 46.9047665572452, -0.0611248653510839, 
    0.270548232368535, 0.221612896213294, -0.141002445516607, 
    0.115371580928528, -0.176809800349899, 0.0575291134291201, 
    -0.125263079326525, -0.360317310932056, 0.166739472495275, 
    0.44965606351628, 0.0751645466608243, -0.326227193683757, 
    0.230877686470715, -0.420592333842968, 0.0519486847795985, 
    -0.0338669829487023, 0.0421474061522932, -0.185538102237438, 
    0.0729108207059471, -0.0890980655799771, 0.0510545374964592, 
    0.0758798644873358, -0.0740740172164058, -293.87128701752, 
    -33.9678148766177, 8.65095721368538, 48.6211390082697, -0.0587193222030677, 
    0.083686816614506, 0.0349793870888135, 0.0898999650193316, 
    -0.160589001185979, 0.257505525574979, 0.275058221743037, 
    0.563680488069739, -0.22329697497344, -0.128997021398142, 
    -0.0275578357153437, -0.373125503892762, -0.0274975862114396, 
    0.0588222318240993, 0.0923399585590692, -0.175912621133539, 
    0.116546382071625, -0.373770335132734, -0.0128790470077565, 
    0.0349994702567816, -0.258295198339626, 0.0884128033691762, 
    -0.0259970064122555, -335.440506399173, -38.1446322939837, 
    2.79399501774129, 16.9433736810265, -36.479711813135, 0.0812892749230983, 
    -0.14581047142189, 0.10452663123928, -0.0541116618666219, 
    0.109140947644488, -0.0786925208474974, -0.290045866391337, 
    0.12291073052868, -0.524479386135571, 0.0426281205645648, 
    -0.415376334890659, 0.261294415036636, 0.0586875518273713, 
    -0.0303869572671198, 0.0426394687616735, 0.0300517964425614, 
    -0.0754831700613124, 0.285770154765615, 0.429640743106909, 
    0.140429171622168, -0.131763752497732, -0.0511357064154046, 
    -394.715134035974, -15.2682027485473, -4.42403607697013, 
    3.0480614179503, -1.83312487267133, 35.2082636234092, 0.423851319556603, 
    -0.0427621986046768, 0.116175927008592, 0.622185976391947, 
    -0.0501045666925259, 0.0840886238000209, 0.0978357541934025, 
    0.104133173482708, 0.0927636383801305, -0.0595880984874697, 
    -0.11523833225046, -0.0224161028187304, -0.119710017252364, 
    0.0117553033055484, -0.412448105622063, 0.0055586519084946, 
    0.00670920459151237, 0.0895931621161526, 0.174008504658901, 
    0.309648305684642, -0.105935737374325, -222.664753817466, 
    -13.9386898893224, 15.4279398067065, 25.9617311116737, -20.437418117989, 
    1.8941456799489, 38.8047893358041, -0.057946478217847, 0.355316654968047, 
    -0.176791427830911, 0.274644669263275, -0.0267836081184438, 
    0.140876152446853, 0.0239804922332596, -0.378492312912511, 
    -0.154558395192072, -0.0363090381327269, -0.0745878511216797, 
    -0.00844413724333002, 0.203279446959236, 0.0757093153196658, 
    0.0276014512353692, 0.27010089395466, -0.483304250917258, 
    0.142931816689161, -0.0799659403326963, -0.126299466466431
    ), .Dim = c(27L, 7L), .Dimnames = list(c("2", "3", "4", "6", 
    "7", "8", "9", "10", "11", "12", "13", "14", "15", "16", 
    "17", "18", "19", "20", "21", "22", "23", "24", "25", "26", 
    "27", "28", "29"), c("x1", "x2", "x3", "x4", "x5", "x6", 
    "x7")), assign = 1:7), qraux = c(1.19245008972988, 1.06194596137465, 
    1.14577733656893, 1.12121545183186, 1.06702475408641, 1.17862177047074, 
    1.41393448555414), pivot = 1:7, tol = 1e-07, rank = 7L), .Names = c("qr", 
    "qraux", "pivot", "tol", "rank"), class = "qr"), df.residual = 20L, 
    xlevels = structure(list(), .Names = character(0)), call = quote(lm(formula = y ~ 
        . + 0, data = structure(list(y = c(63, 71, 61, 43, 58, 
        71, 72, 67, 64, 67, 69, 68, 77, 81, 74, 65, 65, 50, 50, 
        64, 53, 40, 63, 66, 78, 48, 85), x1 = c(1, 1, 1, 1, 1, 
        1, 1, 1, 1, 1, 1, 1, 1, 1, 1, 1, 1, 1, 1, 1, 1, 1, 1, 
        1, 1, 1, 1), x2 = c(64, 70, 63, 55, 67, 75, 82, 61, 53, 
        60, 62, 83, 77, 90, 85, 60, 70, 58, 40, 61, 66, 37, 54, 
        77, 75, 57, 85), x3 = c(51, 68, 45, 49, 42, 50, 72, 45, 
        53, 47, 57, 83, 54, 50, 64, 65, 46, 68, 33, 52, 52, 42, 
        42, 66, 58, 44, 71), x4 = c(54, 69, 47, 44, 56, 55, 67, 
        47, 58, 39, 42, 45, 72, 72, 69, 75, 57, 54, 34, 62, 50, 
        58, 48, 63, 74, 45, 71), x5 = c(63, 76, 54, 54, 66, 70, 
        71, 62, 58, 59, 55, 59, 79, 60, 79, 55, 75, 64, 43, 66, 
        63, 50, 66, 88, 80, 51, 77),