
expected <- structure(list(coefficients = structure(c(25.1559867469734, 0.661479733701946, 
-0.0993835728958072, 0.259174615737002, 0.170699291023928, -0.24246814749628, 
-0.14562579985416), .Names = c("x1", "x2", "x3", "x4", "x5", 
"x6", "x7")), residuals = structure(c(-7.47979995196164, 2.79765676481927, 
2.55721488232439, 1.49596880228572, 3.43621013299886, -10.6676972841512, 
-9.07153203262593, -9.20875904887957, 8.08462059312687, 5.55934136295567, 
5.71112673167752, 10.5340309048643, -1.77713362035074, -0.257727331603048, 
-2.25512889291715, -3.81763073253626, 4.7112633360166, -6.41119586045623, 
8.26076967133532, 0.482484760757934, -6.66326533781587, -5.64268902115951, 
5.33997724170196, 1.24072271446351, -9.80423407673433, 7.99090611445264, 
4.85449917741094), .Names = c("1", "2", "3", "4", "5", "6", "7", 
"9", "10", "11", "12", "13", "14", "15", "16", "17", "18", "20", 
"21", "22", "23", "24", "25", "27", "28", "29", "30")), effects = structure(c(-334.285805860793, 
-54.1626149974308, 2.33757936933778, 11.6749073260769, 3.28831564061342, 
9.46281470923917, -5.16603796567558, -10.8091131452633, 9.71308494129512, 
7.74796667221223, 0.385881751034233, 12.4079804277394, -5.94912879056898, 
1.77965263647462, -0.106937217794199, -6.37537494213204, 4.51769700900651, 
-7.98665653635222, 11.447891021527, 3.07913829227923, -1.85946412034824, 
-3.37134565930581, 8.92357619178663, 2.15760194430551, -11.2476956529054, 
7.78526110086962, 5.83961115590906), .Names = c("x1", "x2", "x3", 
"x4", "x5", "x6", "x7", "", "", "", "", "", "", "", "", "", "", 
"", "", "", "", "", "", "", "", "", "")), rank = 7L, fitted.values = structure(c(50.4797999519616, 
60.2023432351807, 68.4427851176756, 59.5040311977143, 77.5637898670011, 
53.6676972841512, 67.0715320326259, 81.2087590488796, 58.9153794068731, 
58.4406586370443, 61.2888732683225, 58.4659690951357, 69.7771336203507, 
77.257727331603, 83.2551288929172, 77.8176307325363, 60.2887366639834, 
56.4111958604562, 41.7392303286647, 63.5175152392421, 59.6632653378159, 
45.6426890211595, 57.660022758298, 76.7592772855365, 57.8042340767343, 
77.0090938855474, 77.1455008225891), .Names = c("1", "2", "3", 
"4", "5", "6", "7", "9", "10", "11", "12", "13", "14", "15", 
"16", "17", "18", "20", "21", "22", "23", "24", "25", "27", "28", 
"29", "30")), assign = 1:7, qr = structure(list(qr = structure(c(-5.19615242270663, 
0.192450089729875, 0.192450089729875, 0.192450089729875, 0.192450089729875, 
0.192450089729875, 0.192450089729875, 0.192450089729875, 0.192450089729875, 
0.192450089729875, 0.192450089729875, 0.192450089729875, 0.192450089729875, 
0.192450089729875, 0.192450089729875, 0.192450089729875, 0.192450089729875, 
0.192450089729875, 0.192450089729875, 0.192450089729875, 0.192450089729875, 
0.192450089729875, 0.192450089729875, 0.192450089729875, 0.192450089729875, 
0.192450089729875, 0.192450089729875, -341.791359360259, -70.2329457353646, 
0.0940757185871527, -0.00559260554061164, 0.207982374733169, 
-0.119499261686628, 0.0513607225323965, 0.264935702806177, -0.0340692695771157, 
-0.147975925723132, -0.0483076015953678, -0.0198309375588637, 
0.279174034824429, 0.193744042714917, 0.378842358952194, 0.307650698860933, 
-0.0483076015953678, -0.0767842656318719, -0.333074241960409, 
-0.0340692695771157, 0.0371223905141445, -0.375789238015165, 
-0.13373759370488, 0.165267378678413, -0.0910225976501239, 0.307650698860933, 
0.264935702806177, -275.588528493181, -36.3393873843611, -52.8621971496863, 
-0.0777165698770799, -0.0219221343711548, 0.0791752168329003, 
-0.175079573263807, 0.240139952845125, -0.057410733231322, 0.175149493605607, 
-0.00942359484496873, 0.159441668826645, 0.438075244871355, -0.0496034361117502, 
-0.257259814436125, 0.0583443176225902, 0.331084385726301, 0.40814155246727, 
-0.0712047688317108, 0.0750090369908383, 0.0242444453764436, 
0.129507976422561, -0.0430916350663811, 0.0463708406609564, -0.0357161699715435, 
0.190764087844751, -0.384124678202203, -291.754336030491, -37.5876144912945, 
-11.4059006342731, 49.0355388976436, -0.104841902340487, 0.128440571929882, 
-0.0788666194452232, 0.0162392709473075, 0.0824488170952767, 
-0.143365288721313, 0.252446471064487, 0.276076731016642, 0.549517961724093, 
-0.248497668427881, -0.18275230798564, -0.0591726046853306, -0.355056995026528, 
0.0798686223314672, 0.111453037419439, -0.174195903115328, 0.10663670604758, 
-0.336326214380228, -0.00961120964501627, -0.27558306164323, 
0.0873092962742401, -0.0507034851737676, -0.0528199671590905, 
-328.319853079167, -33.1911339714365, -4.23117750984152, 16.4660843730949, 
31.7078523722841, 0.0920963072891978, -0.0526649888326148, 0.0915521565704131, 
-0.0868781912010935, 0.159378311641052, -0.108836439303373, 0.0896949376999101, 
0.182367089603522, -0.151916698189229, 0.521786779560287, -0.127299736131187, 
0.560176297707196, -0.0296258597273708, 0.175411962343915, 0.0123019712487866, 
-0.0324213082725737, 0.292616097387037, -0.24778359605908, -0.160652023158982, 
0.204844843458486, -0.0237423754240145, 0.141789519461196, -392.405732959216, 
-11.9902575962591, 3.63657101884949, 0.871186784060197, 2.91659941231497, 
-37.2355246531631, 0.00741232933709302, -0.374702334166985, 0.0234285494033306, 
-0.0750326503161951, -0.63368643930622, 0.0511699092304641, -0.0791558104863397, 
-0.102353164882506, 0.238804321960456, -0.107370486341289, 0.245975182509566, 
-0.0775322734876468, 0.179687051181713, -0.00423013173220262, 
0.38428608482891, 0.0816116518428752, -0.100831870924774, -0.200784481585485, 
-0.196535196562967, 0.0951411142052991, -0.00890590545117444, 
-217.276151305029, -8.12850554553101, -11.28973643718, 24.9500673066765, 
9.73048610996956, -2.98289194613651, 35.4747439729032, 0.459757442631269, 
-0.0360157412339471, 0.312241860168531, -0.15138431913069, 0.288762133278719, 
-0.0354112033449554, 0.192343625986064, 0.221067889359363, -0.367924937796724, 
-0.277614911691949, -0.214324094406414, -0.021494938617932, 0.18760673014943, 
0.0935214426514527, -0.0918555737760341, 0.279488177068884, 0.155520016320404, 
-0.0506871287294636, -0.134182464318099, 0.0577249269028774), .Dim = c(27L, 
7L), .Dimnames = list(c("1", "2", "3", "4", "5", "6", "7", "9", 
"10", "11", "12", "13", "14", "15", "16", "17", "18", "20", "21", 
"22", "23", "24", "25", "27", "28", "29", "30"), c("x1", "x2", 
"x3", "x4", "x5", "x6", "x7")), assign = 1:7), qraux = c(1.19245008972988, 
1.00864572647764, 1.28630653259272, 1.0968936737861, 1.02477083856026, 
1.11177873675781, 1.24287264282287), pivot = 1:7, tol = 1e-07, 
    rank = 7L), .Names = c("qr", "qraux", "pivot", "tol", "rank"
), class = "qr"), df.residual = 20L, xlevels = structure(list(), .Names = character(0)), 
    call = quote(lm(formula = y ~ . + 0, data = structure(list(y = c(43, 
        63, 71, 61, 81, 43, 58, 72, 67, 64, 67, 69, 68, 77, 81, 
        74, 65, 50, 50, 64, 53, 40, 63, 78, 48, 85, 82), x1 = c(1, 
        1, 1, 1, 1, 1, 1, 1, 1, 1, 1, 1, 1, 1, 1, 1, 1, 1, 1, 
        1, 1, 1, 1, 1, 1, 1, 1), x2 = c(51, 64, 70, 63, 78, 55, 
        67, 82, 61, 53, 60, 62, 83, 77, 90, 85, 60, 58, 40, 61, 
        66, 37, 54, 75, 57, 85, 82), x3 = c(30, 51, 68, 45, 56, 
        49, 42, 72, 45, 53, 47, 57, 83, 54, 50, 64, 65, 68, 33, 
        52, 52, 42, 42, 58, 44, 71, 39), x4 = c(39, 54, 69, 47, 
        66, 44, 56, 67, 47, 58, 39, 42, 45, 72, 72, 69, 75, 54, 
        34, 62, 50, 58, 48, 74, 45, 71, 59), x5 = c(61, 63, 76, 
        54, 71, 54, 66, 71, 62, 58, 59, 55, 59, 79, 60, 79, 55, 
        64, 43, 66, 63, 50, 66, 80, 51, 77, 64), x6 = c(80, 83, 
        83, 79, 66, 77, 78, 66, 78, 68, 54, 77, 77, 78, 83, 80, 
        75, 73, 74, 75, 92, 67, 74, 74, 64, 86, 78), x7 = c(45, 
        47, 48, 35, 47, 34, 35, 31, 41, 34, 41, 25, 35, 46, 36, 
        63, 60, 52, 33, 41, 37, 49, 33, 49, 38, 55, 39)), .Names = c("y", 
        "x1", "x2", "x3", "x4", "x5", "x6", "x7"),