
expected <- structure(list(coefficients = structure(c(-0.00781099589335889, 
0.61896122568391, -0.0689868296038229, 0.292126871775007, 0.166036084820485, 
0.0972207710604103, -0.166984339117979), .Names = c("x1", "x2", 
"x3", "x4", "x5", "x6", "x7")), residuals = structure(c(-9.44992960017305, 
1.42442361427588, -0.741099928870537, 0.0974835295380337, 5.31291500566808, 
-8.55149453309589, -8.65616306258488, -8.01985155320374, 7.40151179265923, 
7.44615914195842, 11.575178731795, 11.2048396834197, -2.21425944437964, 
-0.879979620063474, -1.48456800075861, -4.62229429207246, 3.55171890206368, 
-6.52020094499243, 9.75437666174337, -0.159138784274735, -10.9218289034838, 
-2.59977997124647, 5.71513241447156, 1.28627559319476, -7.56249019725283, 
5.76322977857602, 5.00568476308009), .Names = c("1", "2", "3", 
"4", "5", "6", "7", "9", "10", "11", "12", "13", "14", "15", 
"16", "17", "18", "20", "21", "22", "23", "24", "25", "27", "28", 
"29", "30")), effects = structure(c(259.139509869731, -217.542753025679, 
-2.81706744454098, 15.5818419168354, -8.45544285109497, 3.06544346831986, 
-5.6230497277284, -9.10275431433995, 3.85816801803814, 8.34736938727696, 
8.95333292568545, 15.3614678779504, -3.41988766832504, -1.193706970481, 
-2.63862994880967, -7.65526049654873, -3.11948759813415, -3.49683094924823, 
2.12090706566197, -2.80545310999594, -12.5578875354508, -7.39139685266893, 
7.2291296257906, 1.35242670555453, -16.5482321244469, 4.15167805898219, 
1.88343046869954), .Names = c("x1", "x2", "x3", "x4", "x5", "x6", 
"x7", "", "", "", "", "", "", "", "", "", "", "", "", "", "", 
"", "", "", "", "", "")), rank = 7L, fitted.values = structure(c(52.449929600173, 
61.5755763857241, 71.7410999288705, 60.902516470462, 75.6870849943319, 
51.5514945330959, 66.6561630625849, 80.0198515532037, 59.5984882073408, 
56.5538408580416, 55.4248212682051, 57.7951603165803, 70.2142594443796, 
77.8799796200635, 82.4845680007586, 78.6222942920725, 61.4482810979363, 
56.5202009449924, 40.2456233382566, 64.1591387842747, 63.9218289034838, 
42.5997799712465, 57.2848675855284, 76.7137244068052, 55.5624901972528, 
79.236770221424, 76.9943152369199), .Names = c("1", "2", "3", 
"4", "5", "6", "7", "9", "10", "11", "12", "13", "14", "15", 
"16", "17", "18", "20", "21", "22", "23", "24", "25", "27", "28", 
"29", "30")), assign = 1:7, qr = structure(list(qr = structure(c(7.62519525617988, 
-0.060283653835202, -0.273942029369591, -0.094658062728589, -0.312687285826787, 
-0.283735974416429, -0.014089828924798, -0.365832824166889, -0.155191122520643, 
-0.0768589561739507, -0.126383363041357, 0.0033618506134909, 
-0.285444287992902, -0.158682694883451, -0.107220904971782, -0.139105905675422, 
-0.0898232324777818, 0.173928665155778, -0.331961624237694, -0.196981188551736, 
-0.136918597447689, -0.148633621791, -0.0526833546109552, -0.14093642385401, 
-0.341633737529954, -0.21581286807588, -0.0444036027771313, 267.085882675415, 
-224.542047900821, 0.0539509039453787, 0.191492545957763, 0.0531175292483082, 
-0.0220683770721417, 0.285125779449684, 0.0209186513328223, 0.125620545485923, 
0.163707408553133, 0.148276743740885, 0.279281238165835, 0.101022252757526, 
0.193590923084931, 0.299914950532074, 0.247641843625281, 0.18268186408402, 
0.421980080832694, -0.134254034067359, 0.0862937644054486, 0.165083554205912, 
0.0249073064549469, 0.190911505782444, 0.201384135394822, -0.0676463810612403, 
0.175456317155269, 0.323401461794462, 218.003818318565, -171.55030925339, 
-55.7568524362022, -0.0963198984891296, -0.19066872819508, 0.0114022093077353, 
-0.173585852190893, 0.0204783467701074, -0.0925174084104651, 
0.191642445033385, -0.0316170818944755, 0.171028857325184, 0.235486279570103, 
-0.152490794982548, -0.382849745671056, -0.0754865866270385, 
0.305527391809963, 0.490100539580514, -0.0881694304230861, 0.0166658501227136, 
-0.0285748688952938, 0.186277200251671, -0.00992871766767474, 
-0.0462999423509871, -0.128443964590883, 0.0200258400936938, 
-0.445529636912146, 224.858582680851, -188.394322413177, -18.5424046935477, 
51.6756838892308, -0.0723057343657277, 0.0712874962445127, -0.0750928432265463, 
0.0759013101254963, 0.0513847068231991, -0.166158823384747, 0.21576610692472, 
0.273159617889282, 0.610816220264228, -0.200133652459526, -0.100412861702445, 
0.021907229917093, -0.327469254849569, 0.109519585238431, -0.0208765276380991, 
-0.184603816353796, 0.102647753872018, -0.42231162255416, -0.0520785718829577, 
-0.22352610488749, 0.0244413937715622, 0.034134368365575, -0.0132455454958356, 
249.703323693974, -213.126084096943, -16.3724512987364, 24.9389195586443, 
-39.0578486786363, 0.202371111819492, 0.116379122580414, 0.00918508297973917, 
0.255683391724733, -0.0186567529019742, 0.255164747363805, -0.057005459134198, 
-0.159433121992663, 0.176693261821734, -0.434649905909754, 0.0624051518022403, 
-0.442354382244503, -0.129215236592698, 0.319928498290835, 0.15194633530293, 
0.139792637833963, 0.0421325145753953, 0.359345458443941, 0.156595235911182, 
0.167495244495721, -0.00875710683265382, -0.0667111286420796, 
295.473573310091, -242.414195354885, -26.3358235170787, 18.5859854916438, 
-53.0951442630763, 57.0667728584238, 0.0938534877451481, -0.0609993406749784, 
-0.105911200613502, -0.0953783929364798, 0.0456490951693952, 
0.162096942879554, 0.103647208733778, 0.116262404084995, 1.65869465629753e-05, 
0.188734187595716, -0.576095645554135, 0.0540239971515356, -0.266525609979546, 
-0.177999879111831, -0.0759003693491478, -0.222368823698253, 
0.0678792056849686, 0.120152159175235, -0.464277047137095, 0.221199112265196, 
-0.185712942820885, 161.395422758922, -141.298974286881, -24.1458903164467, 
32.7079676872357, -19.112692284166, 14.8674552596896, 33.6741143356897, 
0.378372329706, -0.063486714625026, 0.3030042269732, -0.209094455054157, 
0.273984419093603, -0.142774653990727, 0.162951172958727, 0.0809827924475151, 
-0.412855717182899, -0.239282045544358, -0.0700475645965026, 
-0.205472854752655, 0.170403879866903, 0.0852770222518183, -0.193975204519387, 
0.300328369636358, 0.14566577153128, -0.15089452148035, -0.220803024561586, 
0.0530483589363172), .Dim = c(27L, 7L), .Dimnames = list(c("1", 
"2", "3", "4", "5", "6", "7", "9", "10", "11", "12", "13", "14", 
"15", "16", "17", "18", "20", "21", "22", "23", "24", "25", "27", 
"28", "29", "30"), c("x1", "x2", "x3", "x4", "x5", "x6", "x7"
)), assign = 1:7), qraux = c(1.02261785665912, 1.2282942892608, 
1.14973192829122, 1.07690446450221, 1.12851602010461, 1.26108961765363, 
1.23278309090294), pivot = 1:7, tol = 1e-07, rank = 7L), .Names = c("qr", 
"qraux", "pivot", "tol", "rank"), class = "qr"), df.residual = 20L, 
    xlevels = structure(list(), .Names = character(0)), call = quote(lm(formula = y ~ 
        . + 0, data = structure(list(y = c(43, 63, 71, 61, 81, 
        43, 58, 72, 67, 64, 67, 69, 68, 77, 81, 74, 65, 50, 50, 
        64, 53, 40, 63, 78, 48, 85, 82), x1 = c(-0.172465573302085, 
        0.459674631249372, 2.08886146281729, 0.721786210877214, 
        2.38430160855418, 2.16354220612773, 0.107437696677756, 
        2.78954671539225, 1.18336261124564, 0.586064548012546, 
        0.963697820323011, -0.0256347673499762, 2.17656843070712, 
        1.20998653226313, 0.817580335954143, 1.06070969206283, 
        0.684919686184324, -1.32624003245954, 2.53127220237103, 
        1.50202002450137, 1.04403103974092, 1.13336038778957, 
        0.401720865659098, 1.07466775059455, 2.60502395476441, 
        1.64561525787477, 0.338586141253477), x2 = c(51, 64, 
        70, 63, 78, 55, 67, 82, 61, 53, 60, 62, 83, 77, 90, 85, 
        60, 58, 40, 61, 66, 37, 54, 75, 57, 85, 82), x3 = c(30, 
        51, 68, 45, 56, 49, 42, 72, 45, 53, 47, 57, 83, 54, 50, 
        64, 65, 68, 33, 52, 52, 42, 42, 58, 44, 71, 39), x4 = c(39, 
        54, 69, 47, 66, 44, 56, 67, 47, 58, 39, 42, 45, 72, 72, 
        69, 75, 54, 34, 62, 50, 58, 48, 74, 45, 71, 59),