
expected <- structure(list(coefficients = structure(c(8.16432096652369, 0.676874940487721, 
-0.115050884533099, 0.316992638930145, 0.0614268509257948, 0.0834463834344306, 
-0.227474950072831), .Names = c("x1", "x2", "x3", "x4", "x5", 
"x6", "x7")), residuals = structure(c(-9.41530063728908, 1.48693531301325, 
1.83075993954846, -2.20086360354249, 6.25469932197359, -10.6815341545856, 
0.582835024085935, -8.85854199698484, 7.09722891531085, 9.50515376376764, 
9.16491710109107, -2.59547718080569, 0.0898903955352754, -5.34088949789651, 
-3.38341689483693, 3.52135170780026, -3.75936617713556, -4.0386849626962, 
6.32153148791275, 0.393402926793538, -3.7507777752402, 5.52493311908178, 
-1.47731921640353, 3.8516666183796, -9.91623518456184, 6.63109373932715, 
3.16200790835737), .Names = c("1", "2", "3", "4", "5", "6", "8", 
"9", "10", "12", "13", "14", "15", "16", "17", "18", "19", "20", 
"21", "22", "24", "25", "26", "27", "28", "29", "30")), effects = structure(c(-339.4819582835, 
54.8283956586102, 5.80475161533608, 9.31821960428338, -1.31644192115922, 
1.28452981799373, 8.63430291172189, -4.18407335833327, 7.76898131165935, 
14.2049917788221, 12.61655705587, -2.1518490785476, 3.49535810135172, 
0.800055258033185, 0.199618204579936, 3.59256497019241, -2.42580758944578, 
-5.93985180333796, 9.24312482649137, 1.12185370392267, -1.22349398953588, 
8.08769096063037, 1.03296979028818, 4.45445337054304, -8.5739689015506, 
10.864751882468, 4.78520937060397), .Names = c("x1", "x2", "x3", 
"x4", "x5", "x6", "x7", "", "", "", "", "", "", "", "", "", "", 
"", "", "", "", "", "", "", "", "", "")), rank = 7L, fitted.values = structure(c(52.4153006372891, 
61.5130646869868, 69.1692400604515, 63.2008636035425, 74.7453006780264, 
53.6815341545856, 70.4171649759141, 80.8585419969848, 59.9027710846892, 
57.4948462362324, 59.8350828989089, 70.5954771808057, 76.9101096044647, 
86.3408894978965, 77.3834168948369, 61.4786482921997, 68.7593661771356, 
54.0386849626962, 43.6784685120872, 63.6065970732065, 43.7507777752402, 
57.4750668809182, 67.4773192164035, 74.1483333816204, 57.9162351845618, 
78.3689062606728, 78.8379920916426), .Names = c("1", "2", "3", 
"4", "5", "6", "8", "9", "10", "12", "13", "14", "15", "16", 
"17", "18", "19", "20", "21", "22", "24", "25", "26", "27", "28", 
"29", "30")), assign = 1:7, qr = structure(list(qr = structure(c(-5.19615242270663, 
0.192450089729875, 0.192450089729875, 0.192450089729875, 0.192450089729875, 
0.192450089729875, 0.192450089729875, 0.192450089729875, 0.192450089729875, 
0.192450089729875, 0.192450089729875, 0.192450089729875, 0.192450089729875, 
0.192450089729875, 0.192450089729875, 0.192450089729875, 0.192450089729875, 
0.192450089729875, 0.192450089729875, 0.192450089729875, 0.192450089729875, 
0.192450089729875, 0.192450089729875, 0.192450089729875, 0.192450089729875, 
0.192450089729875, 0.192450089729875, -348.719562590534, 70.3467601717852, 
-0.0780287364412797, 0.0214783337195374, -0.191751102339356, 
0.135200699617614, -0.149105215127578, -0.248612285288395, 0.0499089251940565, 
0.0641242209313161, 0.035693629456797, -0.262827581025654, -0.177535806602097, 
-0.362334651186471, -0.291258172500173, 0.0641242209313161, -0.0780287364412797, 
0.0925548124058353, 0.348430135676508, 0.0499089251940565, 0.391076022888286, 
0.149415995354874, -0.177535806602097, -0.149105215127578, 0.106770108143095, 
-0.291258172500173, -0.248612285288395, -278.475279839129, 37.4320326308127, 
-53.0034098114856, -0.075706467318834, -0.012820834695724, 0.0769060743699957, 
-0.0970914619501152, 0.250473687390347, -0.0564200426149869, 
-0.0090434088263427, 0.160337273653413, 0.448364292940387, -0.040911043780521, 
-0.241739647228969, 0.0706103645876936, 0.330557384104143, -0.124342243063939, 
0.406443940963071, -0.0803131118449159, 0.0756469324135353, 0.118416921676098, 
-0.0455176883066029, 0.185489484839803, 0.0538422237967673, -0.0367139039256529, 
0.202677339616216, -0.372127766315544, -293.87128701752, 38.6703428372584, 
-11.1993092197911, 48.2684858320112, -0.107781713378168, 0.123670080364893, 
0.0546436939298392, 0.0157286801850715, 0.0785726316673404, 0.250959607742599, 
0.275155952383693, 0.557391283462209, -0.253908605931057, -0.183741834899432, 
-0.0598830973881054, -0.366755652799726, -0.0531978074521516, 
0.0744881674426076, 0.103155243763194, -0.182367420860423, -0.35276932207614, 
-0.0166088494611066, 0.0179571101637227, -0.282048775483992, 
0.0825405083636648, -0.0514962842411523, -0.0534055120873466, 
-310.614444824019, 16.0727610469282, 4.09559613602962, -2.92816310040951, 
46.8933361165844, -0.0643046100904982, 0.0835272585246978, -0.19333953813517, 
0.0783345164858935, -0.460018324279447, 0.056652506968691, 0.254456140555799, 
-0.0799445547759578, 0.101679702880764, -0.339480801215252, -0.0195052060577283, 
-0.0115929315238878, 0.234385240364457, -0.128355739338541, 0.126518314524608, 
-0.120396961141179, -0.0562423662930691, -0.382593464334974, 
0.230989885627273, -0.0557216735749035, -0.27699026817975, 0.27514333717631, 
-390.288781972187, 8.70923785502774, -2.19264660625914, 1.47069026615051, 
-5.41714958621739, 50.8969518145524, 0.274795176672875, -0.0245454266678712, 
-0.0454118296243013, 0.0206031272471639, 0.339680086005648, 0.238750767749726, 
0.021662321064406, 0.525172292379522, 0.0127961660458235, -0.0516375289949727, 
-0.144567510880082, 0.0686341718032735, 0.161506623224328, -0.0461719673385909, 
0.271719797239616, 0.000643537986603875, 0.0599317564781381, 
0.046682895815998, -0.134107476600891, 0.138926516545935, 0.0412327115933066, 
-227.476006060713, 10.7846710326676, -14.0153888247995, 26.0485431054199, 
16.4629571102825, 13.0240131399901, -37.9571592782302, -0.549528146304215, 
0.0296925302526062, -0.0230406768888129, -0.187930437892817, 
0.182039707981514, -0.197614525929501, -0.129395015196685, 0.245263390292082, 
-0.00636585701821316, -0.0154320445570631, 0.257620606589492, 
-0.0985903636328061, -0.212178279310956, -0.0700034305210338, 
-0.277018689960995, 0.527976277926947, -0.0443187899705482, -0.122218869360749, 
0.060943719957223, 0.0246919083475466), .Dim = c(27L, 7L), .Dimnames = list(
    c("1", "2", "3", "4", "5", "6", "8", "9", "10", "12", "13", 
    "14", "15", "16", "17", "18", "19", "20", "21", "22", "24", 
    "25", "26", "27", "28", "29", "30"), c("x1", "x2", "x3", 
    "x4", "x5", "x6", "x7")), assign = 1:7), qraux = c(1.19245008972988, 
1.00726303798228, 1.29072539273999, 1.09374745055647, 1.27011438739195, 
1.54542936917872, 1.09586626386604), pivot = 1:7, tol = 1e-07, 
    rank = 7L), .Names = c("qr", "qraux", "pivot", "tol", "rank"
), class = "qr"), df.residual = 20L, xlevels = structure(list(), .Names = character(0)), 
    call = quote(lm(formula = y ~ . + 0, data = structure(list(y = c(43, 
        63, 71, 61, 81, 43, 71, 72, 67, 67, 69, 68, 77, 81, 74, 
        65, 65, 50, 50, 64, 40, 63, 66, 78, 48, 85, 82), x1 = c(1, 
        1, 1, 1, 1, 1, 1, 1, 1, 1, 1, 1, 1, 1, 1, 1, 1, 1, 1, 
        1, 1, 1, 1, 1, 1, 1, 1), x2 = c(51, 64, 70, 63, 78, 55, 
        75, 82, 61, 60, 62, 83, 77, 90, 85, 60, 70, 58, 40, 61, 
        37, 54, 77, 75, 57, 85, 82), x3 = c(30, 51, 68, 45, 56, 
        49, 50, 72, 45, 47, 57, 83, 54, 50, 64, 65, 46, 68, 33, 
        52, 42, 42, 66, 58, 44, 71, 39), x4 = c(39, 54, 69, 47, 
        66, 44, 55, 67, 47, 39, 42, 45, 72, 72, 69, 75, 57, 54, 
        34, 62, 58, 48, 63, 74, 45, 71, 59), x5 = c(55, 55, 54, 
        59, 50, 59, 59, 71, 55, 80, 55, 50, 66, 63, 80, 55, 62, 
        43, 59, 51, 55, 59, 79, 50, 60, 76, 54), x6 = c(92, 73, 
        86, 84, 83, 49, 66, 83, 80, 74, 63, 77, 77, 54, 79, 80, 
        85, 78, 64, 80, 57, 75, 76, 78, 83, 74, 78), x7 = c(45, 
        47, 48, 35, 47, 34, 41, 31, 41, 41, 25, 35, 46, 36, 63, 
        60, 46, 52, 33, 41, 49, 33, 72, 49, 38, 55, 39)), .Names = c("y", 
        "x1", "x2", "x3", "x4", "x5", "x6", "x7"),