
expected <- structure(list(coefficients = structure(c(-0.777475258246405, 
0.56382661656811, -0.0635882660804223, 0.294769986191153, 0.124973993833655, 
0.208846308108132, -0.213934665930185), .Names = c("x1", "x2", 
"x3", "x4", "x5", "x6", "x7")), residuals = structure(c(1.53369170336482, 
-0.048894072251949, -1.75659554099964, -5.89070385296949, -8.491384447238, 
0.597182190863223, -6.8116354139906, 6.84912320055786, 6.87894326691024, 
11.3555021289156, 10.5844906985586, -1.05912241928031, 0.623295874084854, 
1.77273499558955, -2.2639867843704, 2.98320509300808, -3.88455059239668, 
-8.49038474295572, 9.81096861858918, -0.379456450417981, -11.4982414853851, 
-2.0765177998135, 4.5355258518607, -3.66905559357823, 2.61853889028585, 
-8.15794109662138, 8.62904291240614), .Names = c("2", "3", "4", 
"6", "7", "8", "9", "10", "11", "12", "13", "14", "15", "16", 
"17", "18", "19", "20", "21", "22", "23", "24", "25", "26", "27", 
"28", "29")), effects = structure(c(-225.260962270063, 249.457011184384, 
4.15574137226646, 15.7793006532371, -8.16639723453283, 10.0908932179329, 
-8.12651802730784, 8.30486515853588, 7.0710632794841, 13.1953685710153, 
13.4240580559362, -0.0216284106644918, 0.384733848287092, -3.00811267289754, 
-4.78334856583774, -3.49115816906367, -2.45722680136116, -7.91085276033559, 
9.95704218968185, -0.228856420055767, -9.74910794666483, -5.95157438968474, 
8.29529913736998, -3.83652614190567, 2.14295767266877, -8.44318181144677, 
6.29558188535068), .Names = c("x1", "x2", "x3", "x4", "x5", "x6", 
"x7", "", "", "", "", "", "", "", "", "", "", "", "", "", "", 
"", "", "", "", "", "")), rank = 7L, fitted.values = structure(c(61.4663082966352, 
71.048894072252, 62.7565955409996, 48.8907038529695, 66.491384447238, 
70.4028178091368, 78.8116354139906, 60.1508767994421, 57.1210567330898, 
55.6444978710844, 58.4155093014414, 69.0591224192803, 76.3767041259151, 
79.2272650044105, 76.2639867843704, 62.0167949069919, 68.8845505923967, 
58.4903847429557, 40.1890313814108, 64.379456450418, 64.4982414853851, 
42.0765177998135, 58.4644741481393, 69.6690555935782, 75.3814611097142, 
56.1579410966214, 76.3709570875939), .Names = c("2", "3", "4", 
"6", "7", "8", "9", "10", "11", "12", "13", "14", "15", "16", 
"17", "18", "19", "20", "21", "22", "23", "24", "25", "26", "27", 
"28", "29")), assign = 1:7, qr = structure(list(qr = structure(c(-7.77961469729593, 
0.268504488216279, 0.0927791721006562, 0.278104030894967, 0.0138101565255024, 
-0.218596382998932, 0.358571320551627, 0.152110696646321, 0.0753333642881122, 
0.123874749305769, -0.00329512043300633, 0.279778435744852, 0.155532963950477, 
0.105092651470043, 0.136344759134603, 0.0880403095570261, 0.288359884471779, 
-0.170476313296148, 0.325372438207108, 0.193071261617037, 0.134200867313366, 
0.145683357324047, 0.0516376300485331, -0.0684451518386651, 0.138138942918097, 
0.334852567398984, 0.211529146610148, -233.960916150431, 260.885587401932, 
-0.141432646200599, 0.0890853921194694, -0.241924767154607, -0.523215417457913, 
0.0723672079392764, -0.0697836777293094, -0.121915125259664, 
-0.0964000619965912, -0.241205509265186, -0.0164356808815074, 
-0.127422691048197, -0.23164750490968, -0.178779923342843, -0.135043714406297, 
0.0426487765938395, -0.406160348335152, 0.197555837628331, -0.0256120415510418, 
-0.108263023570536, 0.0152794666046031, -0.151301565819704, -0.368959394694862, 
-0.138514106828819, 0.142616489594617, -0.0977015150682031, -193.298746053135, 
208.818159811751, 50.0956176438599, -0.0506385143107647, 0.183982774684082, 
0.0689574181976818, -0.0729855537572071, 0.0786881382567098, 
-0.22792778123642, 0.0142351788941388, -0.197057739817699, -0.303432481521378, 
0.143223139045173, 0.403874977188879, 0.0587888506163551, -0.35692871155492, 
0.240507147069253, -0.532692233552346, 0.0565147121166722, -0.0474983281591444, 
0.00898842523405656, -0.22814146149756, -0.000993027634945473, 
-0.170391924259015, 0.0272408993283644, 0.0983207202429061, -0.0560792492868668, 
-198.566029697342, 218.077626833421, 16.266227618527, 51.9816348723276, 
-0.110669898193182, 0.0140492719706223, 0.0925228582403542, 0.0447651952581848, 
-0.196610932201415, 0.199771243478689, 0.21795703405895, 0.595837285864729, 
-0.212907967556041, -0.122127122957515, -0.00588452850760546, 
-0.365029014649014, -0.0336327350073394, 0.00623522650776951, 
0.0246877636759736, -0.186626950812418, 0.0850911055670434, -0.424549380953903, 
-0.0787469430551644, 0.0180983127116127, -0.243840280153206, 
0.0616848292347074, 0.017481103559973, -221.855726334598, 253.06660927889, 
12.7289105392628, 24.4658006766107, -39.7206167420627, 0.0640372100695311, 
-0.174469824671178, 0.16034110610405, -0.00563498473000985, 0.17252081990893, 
-0.0356286445665398, -0.302596246898793, 0.0931392697564619, 
-0.523423228909574, -0.0116072881982907, -0.396905836526435, 
0.27995964133245, 0.0489638044851474, 0.131073339769846, 0.0718783975321904, 
0.0636785786629607, 0.0313965646929543, 0.337416507292261, 0.350015874738552, 
0.101735869947308, -0.0309378278277452, -0.107984159659289, -267.696954340765, 
267.965647347359, 30.8095019971485, 20.3728066343515, -37.9181312443284, 
53.2418175671569, 0.0984338228675868, -0.187310371733353, -0.0218527125762232, 
-0.192558544032537, -0.130959762449386, -0.181651028542398, 0.285888759534287, 
0.421682398316038, 0.204944766968684, -0.227090193590494, 0.0745141302798206, 
-0.337219599896407, -0.159110677693029, -0.0311535178333853, 
-0.175687131917816, 0.0865303439551264, -0.0878429542570725, 
0.226724044010913, 0.270020080541511, -0.322725457777709, 0.304973382980679, 
-142.461540440379, 169.359940203581, 25.6096615487904, 32.0457621243539, 
-22.0474254487373, 4.80737337945071, 37.9859804018851, -0.043898565516637, 
0.327855032283177, -0.135726941830372, 0.364009649321755, 0.126518698941621, 
0.111912362796474, 0.0506379662367561, -0.331218494702757, -0.102947642601129, 
-0.100047622460347, 0.0963771478761698, -0.170112959107127, 0.167921983628305, 
0.122795677276717, -0.158419527319024, 0.254439972775248, -0.417760467536367, 
0.118500462235127, -0.0999233070709328, -0.117748410206577), .Dim = c(27L, 
7L), .Dimnames = list(c("2", "3", "4", "6", "7", "8", "9", "10", 
"11", "12", "13", "14", "15", "16", "17", "18", "19", "20", "21", 
"22", "23", "24", "25", "26", "27", "28", "29"), c("x1", "x2", 
"x3", "x4", "x5", "x6", "x7")), assign = 1:7), qraux = c(1.05908706910757, 
1.02123683219805, 1.08944870680445, 1.09046468625518, 1.09651003014228, 
1.03605326422476, 1.44101548198241), pivot = 1:7, tol = 1e-07, 
    rank = 7L), .Names = c("qr", "qraux", "pivot", "tol", "rank"
), class = "qr"), df.residual = 20L, xlevels = structure(list(), .Names = character(0)), 
    call = quote(lm(formula = y ~ . + 0, data = structure(list(y = c(63, 
        71, 61, 43, 58, 71, 72, 67, 64, 67, 69, 68, 77, 81, 74, 
        65, 65, 50, 50, 64, 53, 40, 63, 66, 78, 48, 85), x1 = c(0.459674631249372, 
        2.08886146281729, 0.721786210877214, 2.16354220612773, 
        0.107437696677756, -1.70059563395422, 2.78954671539225, 
        1.18336261124564, 0.586064548012546, 0.963697820323011, 
        -0.0256347673499762, 2.17656843070712, 1.20998653226313, 
        0.817580335954143, 1.06070969206283, 0.684919686184324, 
        2.24332879534721, -1.32624003245954, 2.53127220237103, 
        1.50202002450137, 1.04403103974092, 1.13336038778957, 
        0.401720865659098, -0.532476909202731, 1.07466775059455, 
        2.60502395476441, 1.64561525787477), x2 = c(64, 70, 63, 
        55, 67, 75, 82, 61, 53, 60, 62, 83, 77, 90, 85, 60, 70, 
        58, 40, 61, 66, 37, 54, 77, 75, 57, 85), x3 = c(51, 68, 
        45, 49, 42, 50, 72, 45, 53, 47, 57, 83, 54, 50, 64, 65, 
        46, 68, 33, 52, 52, 42, 42, 66, 58, 44, 71), x4 = c(54, 
        69, 47, 44, 56, 55, 67, 47, 58, 39, 42, 45, 72, 72, 69, 
        75, 57, 54, 34, 62, 50, 58, 48, 63, 74, 45, 71),