
expected <- structure(list(coefficients = structure(c(25.3298402855445, 0.535441500991748, 
-0.0317894282003818, 0.334357806598004, 0.0991595528061801, -0.144445808220127, 
-0.197732361285604), .Names = c("x1", "x2", "x3", "x4", "x5", 
"x6", "x7")), residuals = structure(c(-7.46318606136917, -0.30791876270661, 
0.0687100523456134, 7.42707276964698, -9.23931845254594, 3.16671165973207, 
-7.28192120316206, 4.91648112014367, 5.54449537705145, 8.48784258873875, 
6.975821537161, -3.86431286861847, 0.0351049415941489, -3.29053020185884, 
-1.12155114048547, 2.93231534819197, -2.48133143399139, 6.46146557399509, 
0.0492553964144731, -12.5646879558342, -6.47886247555129, 4.71192717411935, 
-2.4589213931284, 2.78069661533443, -9.5072564199014, 5.73758652752669, 
6.76431168715759), .Names = c("1", "2", "3", "5", "7", "8", "9", 
"10", "11", "12", "13", "14", "15", "16", "17", "18", "19", "21", 
"22", "23", "24", "25", "26", "27", "28", "29", "30")), effects = structure(c(-343.523410167827, 
49.3571362451374, -0.900494662017867, -9.30463239602708, 1.26437505230766, 
5.77837640923665, -7.79400069969436, 8.56460160235751, 5.43044788006105, 
12.3354554472848, 10.6529805226309, -1.68569572158347, 2.25043047426217, 
-5.47176689022279, -2.09422398184647, -3.77992675709611, 0.386056899794994, 
6.36716935878635, 0.678396799598868, -9.3055890107648, -10.0341672037409, 
9.00146051660456, -0.643373243638835, 4.22799876910542, -8.96292377706462, 
6.5949578631868, 6.84355287242769), .Names = c("x1", "x2", "x3", 
"x4", "x5", "x6", "x7", "", "", "", "", "", "", "", "", "", "", 
"", "", "", "", "", "", "", "", "", "")), rank = 7L, fitted.values = structure(c(50.4631860613692, 
63.3079187627066, 70.9312899476544, 73.572927230353, 67.2393184525459, 
67.8332883402679, 79.2819212031621, 62.0835188798563, 58.4555046229486, 
58.5121574112613, 62.024178462839, 71.8643128686185, 76.9648950584059, 
84.2905302018588, 75.1215511404855, 62.067684651808, 67.4813314339914, 
43.5385344260049, 63.9507446035855, 65.5646879558342, 46.4788624755513, 
58.2880728258806, 68.4589213931284, 75.2193033846656, 57.5072564199014, 
79.2624134724733, 75.2356883128424), .Names = c("1", "2", "3", 
"5", "7", "8", "9", "10", "11", "12", "13", "14", "15", "16", 
"17", "18", "19", "21", "22", "23", "24", "25", "26", "27", "28", 
"29", "30")), assign = 1:7, qr = structure(list(qr = structure(c(-5.19615242270663, 
0.192450089729875, 0.192450089729875, 0.192450089729875, 0.192450089729875, 
0.192450089729875, 0.192450089729875, 0.192450089729875, 0.192450089729875, 
0.192450089729875, 0.192450089729875, 0.192450089729875, 0.192450089729875, 
0.192450089729875, 0.192450089729875, 0.192450089729875, 0.192450089729875, 
0.192450089729875, 0.192450089729875, 0.192450089729875, 0.192450089729875, 
0.192450089729875, 0.192450089729875, 0.192450089729875, 0.192450089729875, 
0.192450089729875, 0.192450089729875, -350.644063487833, 69.9910047130397, 
-0.0739876890014511, -0.188288091357435, -0.0311250381179571, 
-0.145425440473941, -0.245438292535427, 0.0546002636490308, 0.168900666005015, 
0.0688878139435288, 0.0403127133545328, -0.259725842829925, -0.174000541062937, 
-0.359738694891411, -0.288300943418921, 0.0688878139435288, -0.0739876890014511, 
0.354638819833489, 0.0546002636490308, -0.0168374878234591, 0.397501470716983, 
0.154613115710517, -0.174000541062937, -0.145425440473941, 0.111750464827023, 
-0.288300943418921, -0.245438292535427, -275.588528493181, 38.4409186516115, 
-50.5891167760729, -0.00316766421737167, -0.167031203886066, 
-0.0909859330561284, 0.272060140307717, -0.0461612801759294, 
0.194067007807626, 0.00363435324785844, 0.18078245036209, 0.479236773419893, 
-0.0324404204969572, -0.244907511637645, 0.0831390451846672, 
0.359442106913039, -0.118747129898996, -0.0678762392719259, 0.092208401804974, 
0.0409012089444684, 0.140811953276968, -0.0336325024487515, 0.204764748613163, 
0.0671508463506184, -0.0248826233133682, 0.221508727165571, -0.380254074745113, 
-297.527838722387, 35.5135583468277, -11.8516979838765, -48.2235379626031, 
0.0750897993545926, -0.058236441180571, -0.0196557085553235, 
-0.0941457096375501, 0.127353894350043, -0.268315037800077, -0.293849248636085, 
-0.564434550492817, 0.251241851319996, 0.194927838781171, 0.0615428067064411, 
0.344114840428868, 0.0461558654104395, -0.135222990778853, 0.164758226616937, 
-0.117203131244745, 0.315284649387418, -0.00469171660190341, 
-0.0247846889873241, 0.276164899973097, -0.101673414793717, 0.0508688449211501, 
0.0602883418434414, -340.05930855269, 35.7220507474215, -2.99208838484361, 
-14.719169466044, -37.2692261040187, 0.0382911526672781, -0.132676681248276, 
0.024011503696874, -0.101795034596905, 0.00541059234602756, -0.163214563459382, 
-0.331718342334546, 0.132082992480758, -0.493056580896258, 0.0561061679297304, 
-0.394413959658618, 0.214317372691583, -0.168689338295681, 0.0105167711067292, 
-0.0327006506859377, -0.140994803015213, 0.197213518869501, 0.411976513253235, 
0.155391497678627, -0.216810835825468, -0.0264316019198206, -0.194482151548384, 
-386.824680357049, -0.239713343829919, 3.06843948238274, -25.0037270528257, 
-5.08131466783946, -35.470942446411, 0.0172849383463332, -0.438343217296977, 
0.190869654766219, -0.303538408170253, -0.0643551757418282, 0.104478227058228, 
-0.267894702712537, -0.257639499968, 0.14216497086161, 0.0519715353533262, 
0.000753149305105691, 0.26532563254613, 0.0355076408892252, -0.256086146112748, 
0.104775187118926, -0.0161665328236263, 0.0950266311619287, -0.132555898705569, 
-0.143109541748812, -0.28241678401092, -0.060240746954881, -224.589254714764, 
11.8745418003161, -11.0954592247823, -23.6033527970351, -21.3723247662718, 
-3.31128124389058, 39.4169201693634, -0.0200637396396016, 0.308994039327266, 
-0.113362572875526, 0.287161264107682, -0.0254487130283131, 0.146640859637674, 
0.146134462154697, -0.352213715870911, -0.251446137081772, 0.0134685146248255, 
0.0462175580415432, 0.1797559611804, 0.0946671124143255, -0.0393929485194101, 
0.284056800600923, -0.507984905215563, 0.118814134029699, -0.0233410686051893, 
-0.15283326205839, 0.0281179355011988), .Dim = c(27L, 7L), .Dimnames = list(
    c("1", "2", "3", "5", "7", "8", "9", "10", "11", "12", "13", 
    "14", "15", "16", "17", "18", "19", "21", "22", "23", "24", 
    "25", "26", "27", "28", "29", "30"), c("x1", "x2", "x3", 
    "x4", "x5", "x6", "x7")), assign = 1:7), qraux = c(1.19245008972988, 
1.01173761276554, 1.31612901346956, 1.10529795744899, 1.01687850927921, 
1.47320899765028, 1.39412035017722), pivot = 1:7, tol = 1e-07, 
    rank = 7L), .Names = c("qr", "qraux", "pivot", "tol", "rank"
), class = "qr"), df.residual = 20L, xlevels = structure(list(), .Names = character(0)), 
    call = quote(lm(formula = y ~ . + 0, data = structure(list(y = c(43, 
        63, 71, 81, 58, 71, 72, 67, 64, 67, 69, 68, 77, 81, 74, 
        65, 65, 50, 64, 53, 40, 63, 66, 78, 48, 85, 82), x1 = c(1, 
        1, 1, 1, 1, 1, 1, 1, 1, 1, 1, 1, 1, 1, 1, 1, 1, 1, 1, 
        1, 1, 1, 1, 1, 1, 1, 1), x2 = c(51, 64, 70, 78, 67, 75, 
        82, 61, 53, 60, 62, 83, 77, 90, 85, 60, 70, 40, 61, 66, 
        37, 54, 77, 75, 57, 85, 82), x3 = c(30, 51, 68, 56, 42, 
        50, 72, 45, 53, 47, 57, 83, 54, 50, 64, 65, 46, 33, 52, 
        52, 42, 42, 66, 58, 44, 71, 39), x4 = c(39, 54, 69, 66, 
        56, 55, 67, 47, 58, 39, 42, 45, 72, 72, 69, 75, 57, 34, 
        62, 50, 58, 48, 63, 74, 45, 71, 59), x5 = c(61, 63, 76, 
        71, 66, 70, 71, 62, 58, 59, 55, 59, 79, 60, 79, 55, 75, 
        43, 66, 63, 50, 66, 88, 80, 51, 77, 64), x6 = c(79, 67, 
        75, 80, 76, 92, 76, 57, 83, 57, 64, 64, 74, 73, 84, 83, 
        78, 78, 80, 63, 83, 74, 80, 79, 66, 68, 77), x7 = c(45, 
        47, 48, 47, 35, 41, 31, 41, 34, 41, 25, 35, 46, 36, 63, 
        60, 46, 33, 41, 37, 49, 33, 72, 49, 38, 55, 39)), .Names = c("y", 
        "x1", "x2", "x3", "x4", "x5", "x6", "x7"),