
expected <- structure(list(coefficients = structure(c(2.33490614863733, -0.123988753030499, 
0.209521994206252, 0.281952179539939, 0.373838007236356, 0.219186478953795, 
0.121093078623059), .Names = c("x1", "x2", "x3", "x4", "x5", 
"x6", "x7")), residuals = structure(c(-17.4424055604487, 2.9482655230546, 
9.48185255013387, 16.9191568382275, -6.10929781919337, 4.1436214409185, 
-3.68342074166445, 0.40111528765706, 4.36541462092478, -0.1480456550512, 
-0.832814674147046, 7.69802404691644, 2.74057043551512, 12.2000362377951, 
4.30512640589294, -2.86537005703656, -1.15670986741482, -17.7776196090345, 
-3.63231242246956, -7.21330015591453, -21.040775488544, -5.27864768347428, 
-7.50953055323947, 13.0035130353478, -19.4227774301542, 18.850075552194, 
17.8951771401262), .Names = c("1", "2", "3", "5", "7", "8", "9", 
"10", "11", "12", "13", "14", "15", "16", "17", "18", "19", "21", 
"22", "23", "24", "25", "26", "27", "28", "29", "30")), effects = structure(c(245.916941061388, 
-225.753754589472, 66.1691250413577, -40.0919377638164, 27.4404894577485, 
-12.0953926743221, -8.67093854965494, 2.9105033209814, -6.93639203477228, 
-2.08876202042963, 1.12258197756841, 3.4019495443271, -2.23924994364285, 
11.6690653189142, -4.92049284493195, -3.46902895615274, -12.0739973483795, 
-18.7905413526206, -11.5588157631354, -9.1174742709277, -26.8353194789277, 
-10.6698596007344, -10.6490542100948, 9.93459001107259, -27.323749998681, 
10.3633985166064, 16.8536493796481), .Names = c("x1", "x2", "x3", 
"x4", "x5", "x6", "x7", "", "", "", "", "", "", "", "", "", "", 
"", "", "", "", "", "", "", "", "", "")), rank = 7L, fitted.values = structure(c(60.4424055604487, 
60.0517344769454, 61.5181474498661, 64.0808431617725, 64.1092978191934, 
66.8563785590815, 75.6834207416644, 66.5988847123429, 59.6345853790752, 
67.1480456550512, 69.832814674147, 60.3019759530836, 74.2594295644849, 
68.7999637622049, 69.6948735941071, 67.8653700570366, 66.1567098674148, 
67.7776196090345, 67.6323124224696, 60.2133001559145, 61.040775488544, 
68.2786476834743, 73.5095305532395, 64.9964869646522, 67.4227774301542, 
66.149924447806, 64.1048228598738), .Names = c("1", "2", "3", 
"5", "7", "8", "9", "10", "11", "12", "13", "14", "15", "16", 
"17", "18", "19", "21", "22", "23", "24", "25", "26", "27", "28", 
"29", "30")), assign = 1:7, qr = structure(list(qr = structure(c(7.70654793745899, 
-0.0596472811146797, -0.271050213372971, -0.309386463031635, 
-0.0139410923736083, 0.220668923071014, -0.361970980785467, -0.15355287748146, 
-0.0760476094833433, -0.125049221537803, 0.00332636188835912, 
-0.282431050630015, -0.157007591736604, -0.106089048246901, -0.137637461113694, 
-0.0888750309143157, -0.291093861162289, -0.328457335620706, 
-0.194901794771242, -0.135473242781795, -0.147064599738708, -0.0521272129777413, 
0.0690940890167615, -0.139448655781526, -0.338027347121562, -0.213534681316388, 
-0.0439348647411536, 244.469974281989, -246.891538280606, 0.177183151558736, 
0.0332247232570843, 0.273889253848764, 0.399597994645524, 0.0940870827459126, 
0.0437279224025896, 0.214759901435637, 0.120134657057162, 0.164313638014865, 
0.0275540834172545, 0.0413400305019415, 0.169693146835486, 0.24104526030416, 
0.274749759006371, 0.0661203426402105, -0.00830955851362999, 
0.0718526917353734, 0.210138271280227, 0.242629963227282, 0.219142549126982, 
0.315081566470203, 0.235743004430362, -0.00277324747402074, 0.123779461321922, 
0.216704361443686, 190.415113068446, -196.55684655381, 76.3838385259149, 
0.0592800414514629, -0.0178290971754211, -0.0915809769391857, 
0.298671201451846, -0.307263189891524, 0.146974032417715, -0.328016224140972, 
-0.439934500438744, -0.121163015124124, -0.451398710417514, -0.218832644473548, 
0.128551678319257, 0.22197255235496, 0.139130917510675, -0.133441707349927, 
-0.0556366028989679, 0.200931645342055, 0.0446737222622709, -0.0672384916587917, 
0.0475334082520984, 0.183344461371559, 0.00274355266886435, 0.152559669855034, 
-0.00958911985523341, 204.171494255624, -198.35106699588, 50.6835172384618, 
-73.7701581627692, 0.066937979868236, 0.09561293135455, 0.381521156850103, 
0.0945893428035508, 0.105906045284312, -0.330334724801156, 0.172386659146956, 
-0.0527848796851585, -0.00711652089305533, -0.105362686606747, 
-0.0955164248692405, 0.264624168843005, 0.172565294008569, -0.281952355266012, 
0.328462661215093, 0.0559229503425478, -0.186418203705156, 0.310250258132992, 
0.25725035237753, 0.266118872404311, 0.199338087160176, 0.0845128307487373, 
0.144664480552205, 223.290875367543, -211.899062259615, 53.4253231184935, 
-20.2274195942819, 58.5965761570921, -0.140444864444628, -0.165339455281772, 
0.0565333156088612, -0.283073108877487, -0.271956270866059, 0.210889909337945, 
0.174758355370432, 0.0295905587610095, 0.0479843149204073, -0.355220271134474, 
0.0178971890375865, -0.152838607324666, -0.0115215685697805, 
0.0718599247138719, -0.247274119837077, 0.187959708701686, 0.0404893389522308, 
-0.478328064154592, 0.163749105355934, -0.0376970619856346, -0.454558310993688, 
-0.0202945267644757, 268.14987815799, -270.970834597667, 49.4219451069354, 
-36.9011885811058, 17.0200049118502, -46.1361322311243, -0.337498984091138, 
-0.13001400812718, 0.326610221996912, -0.147031743887319, -0.21717040924655, 
0.0485352871691829, 0.126462787774118, 0.0472429535511451, 0.110656553845859, 
0.00175036437270633, 0.131920149915714, 0.510932535064244, 0.175377465375141, 
-0.180044792988606, 0.209125436382223, -0.192320347352103, -0.06608045950153, 
-0.0800180907633912, -0.121460209114777, -0.0865527325294229, 
0.146831795079843, 152.958425398637, -170.513165294206, 41.8658466047693, 
-30.0781935621009, 14.9001682707195, -16.3756369941494, -71.6055669593305, 
0.29033760797309, -0.35341402044397, -0.216734024003687, -0.0399409592196037, 
-0.116866097506329, -0.301871145303158, -0.044863202843856, -0.292674421879841, 
0.356971622124766, -0.147935055592087, 0.261031801808522, -0.105843995767357, 
0.242228231432385, -0.382004844398342, -0.194477299074695, 0.153266069215721, 
0.114129849143603, -0.0327154710469391, -0.0184871360711705, 
0.160603885945489), .Dim = c(27L, 7L), .Dimnames = list(c("1", 
"2", "3", "5", "7", "8", "9", "10", "11", "12", "13", "14", "15", 
"16", "17", "18", "19", "21", "22", "23", "24", "25", "26", "27", 
"28", "29", "30"), c("x1", "x2", "x3", "x4", "x5", "x6", "x7"
)), assign = 1:7), qraux = c(1.02237909563422, 1.30305264704487, 
1.05387658844707, 1.18063569841681, 1.01095184100068, 1.42893461920543, 
1.12238988611315), pivot = 1:7, tol = 1e-07, rank = 7L), .Names = c("qr", 
"qraux", "pivot", "tol", "rank"), class = "qr"), df.residual = 20L, 
    xlevels = structure(list(), .Names = character(0)), call = quote(lm(formula = y ~ 
        . + 0, data = structure(list(y = c(43, 63, 71, 81, 58, 
        71, 72, 67, 64, 67, 69, 68, 77, 81, 74, 65, 65, 50, 64, 
        53, 40, 63, 66, 78, 48, 85, 82), x1 = c(-0.172465573302085, 
        0.459674631249372, 2.08886146281729, 2.38430160855418, 
        0.107437696677756, -1.70059563395422, 2.78954671539225, 
        1.18336261124564, 0.586064548012546, 0.963697820323011, 
        -0.0256347673499762, 2.17656843070712, 1.20998653226313, 
        0.817580335954143, 1.06070969206283, 0.684919686184324, 
        2.24332879534721, 2.53127220237103, 1.50202002450137, 
        1.04403103974092, 1.13336038778957, 0.401720865659098, 
        -0.532476909202731, 1.07466775059455, 2.60502395476441, 
        1.64561525787477, 0.338586141253477), x2 = c(70, 85, 
        90, 61, 70, 61, 85, 37, 66, 51, 40, 55, 37, 60, 83, 83, 
        66, 54, 51, 75, 85, 63, 66, 82, 57, 67, 61), x3 = c(52, 
        72, 68, 44, 58, 57, 45, 53, 42, 66, 66, 53, 64, 65, 57, 
        50, 42, 53, 45, 45, 65, 56, 50, 52, 45, 42, 50), x4 = c(59, 
        47, 45, 59, 58, 55, 75, 59, 47, 39, 74, 50, 62, 54, 47, 
        66, 56, 34, 69, 47, 48, 75, 63, 69, 62, 48, 57),