
expected <- structure(list(coefficients = structure(c(7.33882261952103, 0.681437065809432, 
-0.100213080187987, 0.400433244697012, 0.0951119762241437, -0.0208369773883377, 
-0.217566041161533), .Names = c("x1", "x2", "x3", "x4", "x5", 
"x6", "x7")), residuals = structure(c(-5.22630203367786, 2.05222163623677, 
2.24428165755486, 0.173379286234126, 6.89189883448462, -11.7198323822008, 
-9.69518708182993, 0.224064593863892, -9.10928154973388, 5.52755830872951, 
10.7212575739933, 9.82675050591061, -1.13624954911807, -0.894069253341849, 
2.74607226028737, -2.37207203972127, -2.82217479827177, 7.99763538856656, 
1.21419045592272, -10.4945157923203, -4.95088784327881, 6.98257551443994, 
-2.68818868691525, 3.26411743009417, -7.50059573983113, 4.70295350412282, 
4.04039979979967), .Names = c("1", "2", "3", "4", "5", "6", "7", 
"8", "9", "11", "12", "13", "14", "15", "18", "19", "20", "21", 
"22", "23", "24", "25", "26", "27", "28", "29", "30")), effects = structure(c(-330.436804066196, 
-51.0689079508119, 2.68611967430661, 13.3743426997647, 2.18238556374019, 
-3.09413774979997, -8.53702182307352, 2.54868826449402, -4.85719538783375, 
10.5260315051668, 14.0697121536684, 13.1152933169271, -3.14459759177857, 
2.34388277415297, 2.54314637049808, -2.02173707470007, -6.01101910824484, 
11.2134756677611, 2.08020946098164, -8.72516514432506, -1.15786725048133, 
9.76955110509761, -2.87062162215472, 3.67650526524267, -6.84855794950449, 
7.44566162887877, 5.0176085702679), .Names = c("x1", "x2", "x3", 
"x4", "x5", "x6", "x7", "", "", "", "", "", "", "", "", "", "", 
"", "", "", "", "", "", "", "", "", "")), rank = 7L, fitted.values = structure(c(48.2263020336779, 
60.9477783637632, 68.7557183424451, 60.8266207137659, 74.1081011655154, 
54.7198323822008, 67.6951870818299, 70.7759354061361, 81.1092815497339, 
58.4724416912705, 56.2787424260067, 59.1732494940894, 69.1362495491181, 
77.8940692533419, 62.2539277397126, 67.3720720397213, 52.8221747982718, 
42.0023646114334, 62.7858095440773, 63.4945157923203, 44.9508878432788, 
56.0174244855601, 68.6881886869153, 74.7358825699058, 55.5005957398311, 
80.2970464958772, 77.9596002002003), .Names = c("1", "2", "3", 
"4", "5", "6", "7", "8", "9", "11", "12", "13", "14", "15", "18", 
"19", "20", "21", "22", "23", "24", "25", "26", "27", "28", "29", 
"30")), assign = 1:7, qr = structure(list(qr = structure(c(-5.19615242270663, 
0.192450089729875, 0.192450089729875, 0.192450089729875, 0.192450089729875, 
0.192450089729875, 0.192450089729875, 0.192450089729875, 0.192450089729875, 
0.192450089729875, 0.192450089729875, 0.192450089729875, 0.192450089729875, 
0.192450089729875, 0.192450089729875, 0.192450089729875, 0.192450089729875, 
0.192450089729875, 0.192450089729875, 0.192450089729875, 0.192450089729875, 
0.192450089729875, 0.192450089729875, 0.192450089729875, 0.192450089729875, 
0.192450089729875, 0.192450089729875, -339.09705810404, -64.6156729066964, 
0.108983611697181, 0.000650761707243416, 0.232792583114252, -0.123158209709828, 
0.062555247415779, 0.18636421883285, 0.294697068822788, -0.154110452564096, 
-0.0457776025741583, -0.0148253597198905, 0.310173190249921, 
0.217316461687118, -0.0457776025741583, 0.108983611697181, -0.0767298454284261, 
-0.355300031116836, -0.0303014811470244, 0.0470791259886451, 
-0.401728395398238, -0.138634331136962, 0.217316461687118, 0.18636421883285, 
-0.09220596685556, 0.341125433104189, 0.294697068822788, -276.165878762371, 
-38.1635422496297, -51.8743814456437, -0.0855473432092191, -0.04856337822439, 
0.0849309466482844, -0.190063826433519, -0.12921405674444, 0.213189566166732, 
0.185382533999306, -0.011979315364881, 0.157451833421777, 0.413569170333353, 
-0.0754469377310734, 0.335012773954993, -0.147967824504566, 0.416187023010466, 
-0.0484397098142874, 0.0727362590284481, 0.0143806736063798, 
0.160069686098891, -0.0383393043361418, 0.155881121815509, 0.0250046496199481, 
-0.0347979789982857, 0.158898876617943, -0.42296259758637, -289.252484864003, 
-31.3907329613699, -13.3466992843226, 48.2336760195802, -0.136472883490647, 
0.140388076539147, -0.101260795485054, 0.0269506847315662, -0.00615291317959386, 
-0.128078914877611, 0.254458693873492, 0.284006477751736, 0.544488861880237, 
-0.282411587864147, -0.345938555488481, -0.0735791413930778, 
0.103119148399489, 0.13807943157391, -0.176514074493189, 0.0989021682106239, 
-0.302490055363458, -0.0046328365620625, 0.00149287179026787, 
-0.302089745621851, 0.0897596230145777, -0.0812154818399324, 
-0.107903985368068, -307.9201435678, -9.35044329040131, 3.96887767845033, 
-3.9228301429636, 44.0523984489055, -0.0285261594246165, 0.0441429878804806, 
0.0374933220080738, -0.279296694537846, -0.13789519129518, -0.470568314153341, 
0.075625350307369, 0.209629752776733, -0.150262263203355, -0.00635417710192766, 
-0.045368494560623, 0.283791229070096, -0.0369411844745291, 0.142374690816115, 
-0.111784950407958, -0.020415058327971, -0.0217291201648414, 
-0.460954205801528, 0.191045042044407, -0.0316630112226337, -0.383802335162197, 
0.202345483825244, -390.673682151647, -18.1024765522868, 4.6765930061464, 
4.41255482406476, -6.10213311195825, 44.1791492223583, 0.238806154873269, 
0.326452712342584, -0.0653097162377067, 0.181474504061395, 0.0100264519563758, 
0.361088927817417, 0.179796144973987, 0.0473083660985235, -0.0631424227570817, 
-0.143855615019193, 0.0384533057684203, 0.207784243693961, -0.0381699309404526, 
-0.0470304015919375, 0.345971320334127, 0.0198877434795634, 0.040080624420311, 
0.0720338663421621, -0.145409901897412, 0.130874253101836, 0.0970434368593256, 
-220.932703009897, -10.2044959173061, -11.7299946118344, 25.1646453224406, 
9.81161907633469, 9.99042775615848, 39.2387606884623, -0.0273265456066673, 
0.566221642004153, 0.31969376257562, -0.0423673055778998, 0.185084872325608, 
-0.0646736006595292, 0.216718843792713, -0.0738315753477023, 
0.0148427682428504, -0.291685674831313, -0.0302453579743569, 
0.164448153543319, 0.137449297933376, -0.0956347290846224, 0.196050309758205, 
-0.50623569222013, 0.0804495911859263, 0.0553095432504594, -0.00609836346348294, 
0.0830381921167018), .Dim = c(27L, 7L), .Dimnames = list(c("1", 
"2", "3", "4", "5", "6", "7", "8", "9", "11", "12", "13", "14", 
"15", "18", "19", "20", "21", "22", "23", "24", "25", "26", "27", 
"28", "29", "30"), c("x1", "x2", "x3", "x4", "x5", "x6", "x7"
)), assign = 1:7), qraux = c(1.19245008972988, 1.01612688313438, 
1.2761336179975, 1.08835711112596, 1.22192218957221, 1.62174891198856, 
1.17697100350015), pivot = 1:7, tol = 1e-07, rank = 7L), .Names = c("qr", 
"qraux", "pivot", "tol", "rank"), class = "qr"), df.residual = 20L, 
    xlevels = structure(list(), .Names = character(0)), call = quote(lm(formula = y ~ 
        . + 0, data = structure(list(y = c(43, 63, 71, 61, 81, 
        43, 58, 71, 72, 64, 67, 69, 68, 77, 65, 65, 50, 50, 64, 
        53, 40, 63, 66, 78, 48, 85, 82), x1 = c(1, 1, 1, 1, 1, 
        1, 1, 1, 1, 1, 1, 1, 1, 1, 1, 1, 1, 1, 1, 1, 1, 1, 1, 
        1, 1, 1, 1), x2 = c(51, 64, 70, 63, 78, 55, 67, 75, 82, 
        53, 60, 62, 83, 77, 60, 70, 58, 40, 61, 66, 37, 54, 77, 
        75, 57, 85, 82), x3 = c(30, 51, 68, 45, 56, 49, 42, 50, 
        72, 53, 47, 57, 83, 54, 65, 46, 68, 33, 52, 52, 42, 42, 
        66, 58, 44, 71, 39), x4 = c(39, 54, 69, 47, 66, 44, 56, 
        55, 67, 58, 39, 42, 45, 72, 75, 57, 54, 34, 62, 50, 58, 
        48, 63, 74, 45, 71, 59), x5 = c(55, 55, 54, 59, 50, 59, 
        58, 59, 71, 62, 80, 55, 50, 66, 55, 62, 43, 59, 51, 64, 
        55, 59, 79, 50, 60, 76, 54), x6 = c(92, 73, 86, 84, 83, 
        49, 68, 66, 83, 67, 74, 63, 77, 77, 80, 85, 78, 64, 80, 
        80, 57, 75, 76, 78, 83, 74, 78), x7 = c(45, 47, 48, 35, 
        47, 34, 35, 41, 31, 34, 41, 25, 35, 46, 60, 46, 52, 33, 
        41, 37, 49, 33, 72, 49, 38, 55, 39)), .Names = c("y", 
        "x1", "x2", "x3", "x4", "x5", "x6", "x7"),