
expected <- structure(list(coefficients = structure(c(24.7583721993531, -0.296642231351282, 
0.245421454941318, 0.528262513639148, 0.426158300681593, 0.000429722167834053, 
-0.281503002764748), .Names = c("x1", "x2", "x3", "x4", "x5", 
"x6", "x7")), residuals = structure(c(8.76484599573565, 0.887813419624608, 
-0.961026360838918, -11.8016160454978, -4.18688173172261, 4.69347331842225, 
-2.17402890670801, 2.43051744491432, -0.00141856390469974, 11.5998191181146, 
3.50306458525645, 0.0913334007053959, -8.82072542179606, 8.27559301421165, 
5.7400818145322, 2.70794576365214, -0.629595943107444, -8.02139509866637, 
6.13776476000846, -7.76301240807055, -5.15198580098423, -8.02947149527356, 
2.39670869722726, -5.92471246123544, 3.90788512741286, -5.49274831314066, 
7.82177209112855), .Names = c("2", "3", "4", "6", "7", "8", "9", 
"10", "11", "12", "13", "14", "15", "16", "17", "18", "19", "20", 
"21", "22", "23", "24", "25", "26", "27", "28", "29")), effects = structure(c(-333.516005501874, 
5.38723775894465, -29.7235018143777, 32.1297589044216, -13.1342349155814, 
-1.00423435973243, -11.5392812495396, 1.30849582219137, -3.18350427820862, 
13.3605886342525, 3.78887973961693, 3.9018797248898, -15.3489450114065, 
-0.967840630439327, 3.60928437399867, -4.49560087921624, -0.902359544371916, 
-6.57401881079331, 5.84529122024129, -11.6041630639813, -3.6244734079947, 
-13.5113829058373, 3.09343725413316, -6.50340887404278, 0.306979555925841, 
-5.84237568287019, 4.27012228546412), .Names = c("x1", "x2", 
"x3", "x4", "x5", "x6", "x7", "", "", "", "", "", "", "", "", 
"", "", "", "", "", "", "", "", "", "", "", "")), rank = 7L, 
    fitted.values = structure(c(54.2351540042643, 70.1121865803754, 
    61.9610263608389, 54.8016160454978, 62.1868817317226, 66.3065266815778, 
    74.174028906708, 64.5694825550857, 64.0014185639047, 55.4001808818854, 
    65.4969354147435, 67.9086665992946, 85.8207254217961, 72.7244069857883, 
    68.2599181854678, 62.2920542363479, 65.6295959431074, 58.0213950986664, 
    43.8622352399915, 71.7630124080706, 58.1519858009842, 48.0294714952736, 
    60.6032913027727, 71.9247124612354, 74.0921148725871, 53.4927483131407, 
    77.1782279088714), .Names = c("2", "3", "4", "6", "7", "8", 
    "9", "10", "11", "12", "13", "14", "15", "16", "17", "18", 
    "19", "20", "21", "22", "23", "24", "25", "26", "27", "28", 
    "29")), assign = 1:7, qr = structure(list(qr = structure(c(-5.19615242270663, 
    0.192450089729875, 0.192450089729875, 0.192450089729875, 
    0.192450089729875, 0.192450089729875, 0.192450089729875, 
    0.192450089729875, 0.192450089729875, 0.192450089729875, 
    0.192450089729875, 0.192450089729875, 0.192450089729875, 
    0.192450089729875, 0.192450089729875, 0.192450089729875, 
    0.192450089729875, 0.192450089729875, 0.192450089729875, 
    0.192450089729875, 0.192450089729875, 0.192450089729875, 
    0.192450089729875, 0.192450089729875, 0.192450089729875, 
    0.192450089729875, 0.192450089729875, -337.749907475931, 
    -82.2313808712951, -0.343272960478544, -0.0635743860863838, 
    0.0215512669894911, -0.0878960012509195, 0.203963380723509, 
    -0.379755383225348, -0.0270919633395803, -0.209504077073598, 
    -0.343272960478544, -0.160860846744526, -0.379755383225348, 
    -0.100056808833187, 0.179641765558973, 0.179641765558973, 
    -0.0270919633395803, 0.179641765558973, -0.173021654326794, 
    -0.209504077073598, 0.0823553049008303, 0.203963380723509, 
    -0.0635743860863838, -0.0270919633395803, 0.167480957976705, 
    -0.136539231579991, -0.0149311557573124, -282.709181813187, 
    -20.4787999685391, -55.9922965269963, -0.0556723110582593, 
    -0.222305962883075, -0.0259222959108805, 0.22430391075076, 
    0.0274646916425718, -0.00206953565091503, -0.0200490174516774, 
    0.223944264327607, 0.599115739322596, 0.188201088579974, 
    -0.0199770881670468, 0.0933175289607367, 0.111177128620448, 
    -0.127086733268894, 0.164755927599582, -0.287919035919137, 
    0.0692489808468793, -0.0734360050051298, -0.31148407904058, 
    -0.180689508676239, 0.230105259925332, -0.00789486125369767, 
    -0.109299062893814, 0.313458050480055, -293.87128701752, 
    -28.0671438998742, -19.3081464832205, 49.3163013551597, -0.0779339044275167, 
    -0.0455650990656205, 0.00950401259813528, -0.0520305006787675, 
    -0.0563120964034501, 0.201592097093881, 0.15723441878778, 
    0.376369845345422, -0.49029079309011, -0.395717568001509, 
    -0.102969572576827, -0.217003033368033, -0.0894459757991462, 
    0.231710147488383, 0.212472744211649, -0.226634310897784, 
    0.147225686150872, -0.0369054793666024, 0.0462122112318919, 
    -0.0585063144893211, -0.25557577721473, 0.0896711657242548, 
    -0.177134795249203, -335.440506399173, -13.6809085300513, 
    -22.4088022378067, 26.9081452924647, -40.8325447118535, 0.16164179492381, 
    -0.0327019358544942, 0.0798590211986184, -0.180884728504169, 
    0.128158828525758, -0.048574122957076, -0.0544968099097101, 
    0.104989666057233, -0.33341942390197, 0.154119823177546, 
    -0.524396863801681, 0.269064403496049, -0.0039462209929505, 
    -0.150336360280576, -0.0514419310839036, 0.0679583018240102, 
    -0.333757398214808, 0.18944402495093, 0.445277776166275, 
    0.120775163576607, -0.143494886220497, 0.0456625562137409, 
    -382.975678562452, -4.51165961302135, -15.7497716510498, 
    3.58332117143437, -15.2664204846754, 43.8099927536297, -0.0112878478701708, 
    -0.192924244300205, 0.113144319588228, -0.147849715801635, 
    0.199802067452247, 0.0864057364261306, 0.212135945524846, 
    0.496522812196776, 0.0945284830243358, -0.0674472021505725, 
    -0.230251039426381, -0.047255390721656, -0.185476234403615, 
    -0.0656401121628602, -0.224316793010762, 0.140351720433598, 
    -0.14202457115962, 0.262226698912429, 0.108651944764182, 
    -0.42090314455726, 0.30577601518747, -222.664753817466, -23.7257355930046, 
    -13.4081843910808, 19.1502885040905, -15.1808443556969, 3.63427911867173, 
    40.9916808567154, -0.0717722885300124, 0.204621480478242, 
    -0.130352672094108, 0.214482965890592, 0.0760053526375231, 
    0.0503739762405142, 0.225578797398722, -0.279058591342872, 
    -0.228671685134498, 0.00714151082900815, -0.181249663830679, 
    -0.0432624263247118, 0.092496237518787, 0.139148697104223, 
    -0.168218747907997, 0.19005923926323, -0.566997047840208, 
    0.101793724201074, 0.00584154229046879, -0.125649085402561
    ), .Dim = c(27L, 7L), .Dimnames = list(c("2", "3", "4", "6", 
    "7", "8", "9", "10", "11", "12", "13", "14", "15", "16", 
    "17", "18", "19", "20", "21", "22", "23", "24", "25", "26", 
    "27", "28", "29"), c("x1", "x2", "x3", "x4", "x5", "x6", 
    "x7")), assign = 1:7), qraux = c(1.19245008972988, 1.26476741863485, 
    1.00962906841107, 1.18073244488785, 1.07694621638706, 1.20052608751868, 
    1.47522411450214), pivot = 1:7, tol = 1e-07, rank = 7L), .Names = c("qr", 
    "qraux", "pivot", "tol", "rank"), class = "qr"), df.residual = 20L, 
    xlevels = structure(list(), .Names = character(0)), call = quote(lm(formula = y ~ 
        . + 0, data = structure(list(y = c(63, 71, 61, 43, 58, 
        71, 72, 67, 64, 67, 69, 68, 77, 81, 74, 65, 65, 50, 50, 
        64, 53, 40, 63, 66, 78, 48, 85), x1 = c(1, 1, 1, 1, 1, 
        1, 1, 1, 1, 1, 1, 1, 1, 1, 1, 1, 1, 1, 1, 1, 1, 1, 1, 
        1, 1, 1, 1), x2 = c(85, 90, 40, 63, 70, 61, 85, 37, 66, 
        51, 40, 55, 37, 60, 83, 83, 66, 83, 54, 51, 75, 85, 63, 
        66, 82, 57, 67), x3 = c(51, 68, 45, 49, 42, 50, 72, 45, 
        53, 47, 57, 83, 54, 50, 64, 65, 46, 68, 33, 52, 52, 42, 
        42, 66, 58, 44, 71), x4 = c(54, 69, 47, 44, 56, 55, 67, 
        47, 58, 39, 42, 45, 72, 72, 69, 75, 57, 54, 34, 62, 50, 
        58, 48, 63, 74, 45, 71), x5 = c(63, 76, 54, 54, 66, 70, 
        71, 62, 58, 59, 55, 59, 79, 60, 79, 55, 75, 64, 43, 66, 
        63, 50, 66, 88, 80, 51, 77),