
expected <- structure(list(coefficients = structure(c(-3.61312780676851, 
0.496495327730552, 0.193028017332152, 0.253266338420074, 0.135002949626959, 
0.146042408988742, -0.21575766196445), .Names = c("x1", "x2", 
"x3", "x4", "x5", "x6", "x7")), residuals = structure(c(-1.7626442609331, 
-3.20633123432859, 1.31702405989557, -9.95090791034056, -8.32015942582537, 
2.2007912993388, -5.7728363699102, 6.98539853542899, 8.2229991069166, 
8.27992364801548, 7.22148968324696, -2.88237589374259, -0.191627966285164, 
0.927359585894293, -1.67680001612612, 4.0139366641072, -1.29887668796495, 
-5.77925845933367, 6.87993610824802, 1.19061579927727, -9.71068657731153, 
-6.49590743166423, 4.0926543898466, -1.66912360443255, 3.97739384759927, 
-7.57823110511447, 10.986244215498), .Names = c("2", "3", "4", 
"6", "7", "8", "9", "10", "11", "12", "13", "14", "15", "16", 
"17", "18", "19", "20", "21", "22", "23", "24", "25", "26", "27", 
"28", "29")), effects = structure(c(-333.516005501874, -45.8271796854879, 
6.27109029849702, 9.23423399669847, -2.77755157261603, 5.1002770054041, 
-8.66129781761072, 9.40572125946519, 5.54385681722989, 12.4277587919001, 
10.6182589784523, 0.261548880785152, 0.572069045685228, -3.22393834827121, 
-2.47670362449405, -4.11618241346032, 0.761919053522703, -7.11915864995755, 
7.00872729957175, 0.284270120717586, -7.89685470048069, -12.0264676914026, 
7.68901230962799, -1.32499637614152, 3.11678625707639, -7.22012601242323, 
8.37567647651964), .Names = c("x1", "x2", "x3", "x4", "x5", "x6", 
"x7", "", "", "", "", "", "", "", "", "", "", "", "", "", "", 
"", "", "", "", "", "")), rank = 7L, fitted.values = structure(c(64.7626442609331, 
74.2063312343286, 59.6829759401044, 52.9509079103406, 66.3201594258254, 
68.7992087006612, 77.7728363699102, 60.014601464571, 55.7770008930834, 
58.7200763519845, 61.778510316753, 70.8823758937426, 77.1916279662852, 
80.0726404141057, 75.6768000161261, 60.9860633358928, 66.2988766879649, 
55.7792584593337, 43.120063891752, 62.8093842007227, 62.7106865773115, 
46.4959074316642, 58.9073456101534, 67.6691236044326, 74.0226061524007, 
55.5782311051145, 74.013755784502), .Names = c("2", "3", "4", 
"6", "7", "8", "9", "10", "11", "12", "13", "14", "15", "16", 
"17", "18", "19", "20", "21", "22", "23", "24", "25", "26", "27", 
"28", "29")), assign = 1:7, qr = structure(list(qr = structure(c(-5.19615242270663, 
0.192450089729875, 0.192450089729875, 0.192450089729875, 0.192450089729875, 
0.192450089729875, 0.192450089729875, 0.192450089729875, 0.192450089729875, 
0.192450089729875, 0.192450089729875, 0.192450089729875, 0.192450089729875, 
0.192450089729875, 0.192450089729875, 0.192450089729875, 0.192450089729875, 
0.192450089729875, 0.192450089729875, 0.192450089729875, 0.192450089729875, 
0.192450089729875, 0.192450089729875, 0.192450089729875, 0.192450089729875, 
0.192450089729875, 0.192450089729875, -343.908310347287, -67.2761032913922, 
-0.0421028710864252, -0.16101582247051, 0.0173536046056173, 0.136266555989702, 
0.240315388450777, -0.0718311089324464, -0.190744060316531, -0.0866952278554571, 
-0.0569669900094358, 0.255179507373787, 0.165994793835724, 0.359228339834862, 
0.284907745219808, -0.0866952278554571, 0.0619459613746492, -0.116423465701478, 
-0.38397760631567, -0.0718311089324464, 0.00248948568260667, 
-0.428569963084701, -0.175879941393521, 0.165994793835724, 0.136266555989702, 
-0.131287584624489, 0.284907745219808, -279.437530287779, 0.637505544920236, 
47.7311245765995, -0.0397053589507625, -0.0232006871073438, 0.022720244318688, 
0.295977486882015, 0.0628250825030791, 0.268312432496067, -0.212655169197664, 
-0.206412608870719, 0.131493246099475, -0.117692026182128, -0.098066074175237, 
0.0539330459534133, 0.122555872694361, 0.3213741952751, 0.283918833313429, 
-0.00272180092984403, 0.230430603449092, 0.246037004266455, -0.263493922839281, 
-0.0218759489959835, 0.175617635473394, 0.127473694909946, 0.217945482795202, 
0.368193397727188, -293.87128701752, -33.9678148766177, -0.859229626324482, 
49.3772816548637, 0.0207188624480463, 0.142559111464238, -0.0349247208684546, 
0.114731120318716, -0.234814271345944, 0.291069552953429, 0.256234514804616, 
0.440373704714921, -0.161117129091758, 0.00947215364600877, -0.0113638505931689, 
-0.471587820808857, 0.00577196458567174, -0.08900123682137, 0.10583279017802, 
-0.205840880502443, 0.101989983515424, -0.393920314386762, 0.0100488378884184, 
-0.00822706932396418, -0.252726090158104, 0.0866037113484618, 
-0.0833468776938074, -335.440506399173, -38.1446322939837, -2.26999160466935, 
17.1339204179621, -36.4270449398399, 0.0546923008919263, -0.105330998435897, 
0.0944633987895446, -0.00991920852332135, 0.083821356657207, 
-0.0808388898245605, -0.23824974473327, 0.0942512977131105, -0.588833384055806, 
0.0375889228902141, -0.362905841061659, 0.257808035378686, 0.133653992401736, 
-0.0377761549067167, 0.0660707735680244, 0.0432633024708911, 
-0.070421149016082, 0.275354554525707, 0.455002188432438, 0.145759533550762, 
-0.125061046564685, -0.0129440935598438, -382.975678562452, -12.3443755040988, 
-20.6135551733408, 3.45140922167731, -15.3085163164563, 40.1256086400242, 
0.0788360068901086, -0.199613727913726, 0.338962974297873, -0.323068427829026, 
-0.0505944124593209, -0.146729028776597, 0.0473383683503508, 
0.484901830902005, 0.0791336621212428, 0.0222916605338593, 0.0101437078325565, 
0.0768002398084126, -0.0507368005332196, 0.0645429423181178, 
-0.0500638843771857, 0.192085029148645, -0.0873487056858715, 
0.261950557605465, 0.216581268042684, -0.253681438999922, 0.421831558378239, 
-222.664753817466, -13.9386898893224, -2.74460109535626, 28.219397568402, 
-20.2815487594405, 3.52137456258537, 40.1436395757654, -0.0195201659831089, 
0.280923083195537, -0.130623776098726, 0.235267188880911, -0.0942652257005007, 
0.171815908762823, 0.129701030914742, -0.354608169464434, -0.194412791750749, 
0.0033240559650954, -0.186739039715019, 0.00641877121247962, 
0.185561407335154, 0.0761891968336223, -0.0225515339586463, 0.268148239986281, 
-0.539724714004555, 0.132603529900299, -0.0221144132814385, -0.174477223361246
), .Dim = c(27L, 7L), .Dimnames = list(c("2", "3", "4", "6", 
"7", "8", "9", "10", "11", "12", "13", "14", "15", "16", "17", 
"18", "19", "20", "21", "22", "23", "24", "25", "26", "27", "28", 
"29"), c("x1", "x2", "x3", "x4", "x5", "x6", "x7")), assign = 1:7), 
    qraux = c(1.19245008972988, 1.06194596137465, 1.29952523413079, 
    1.1061171479058, 1.03153562739025, 1.22103271954135, 1.3769937249268
    ), pivot = 1:7, tol = 1e-07, rank = 7L), .Names = c("qr", 
"qraux", "pivot", "tol", "rank"), class = "qr"), df.residual = 20L, 
    xlevels = structure(list(), .Names = character(0)), call = quote(lm(formula = y ~ 
        . + 0, data = structure(list(y = c(63, 71, 61, 43, 58, 
        71, 72, 67, 64, 67, 69, 68, 77, 81, 74, 65, 65, 50, 50, 
        64, 53, 40, 63, 66, 78, 48, 85), x1 = c(1, 1, 1, 1, 1, 
        1, 1, 1, 1, 1, 1, 1, 1, 1, 1, 1, 1, 1, 1, 1, 1, 1, 1, 
        1, 1, 1, 1), x2 = c(64, 70, 63, 55, 67, 75, 82, 61, 53, 
        60, 62, 83, 77, 90, 85, 60, 70, 58, 40, 61, 66, 37, 54, 
        77, 75, 57, 85), x3 = c(72, 68, 42, 57, 58, 57, 45, 53, 
        42, 66, 66, 53, 64, 65, 57, 50, 42, 42, 53, 45, 45, 65, 
        56, 50, 52, 45, 42), x4 = c(54, 69, 47, 44, 56, 55, 67, 
        47, 58, 39, 42, 45, 72, 72, 69, 75, 57, 54, 34, 62, 50, 
        58, 48, 63, 74, 45, 71), x5 = c(63, 76, 54, 54, 66, 70, 
        71, 62, 58, 59, 55, 59, 79, 60, 79, 55, 75, 64, 43, 66, 
        63, 50, 66, 88, 80, 51, 77), x6 = c(73, 86, 84, 49, 68, 
        66, 83, 80, 67, 74, 63, 77, 77, 54, 79, 80, 85, 78, 64, 
        80, 80, 57, 75, 76, 78, 83, 74), x7 = c(47, 48, 35, 34, 
        35, 41, 31, 41, 34, 41, 25, 35, 46, 36, 63, 60, 46, 52, 
        33, 41, 37, 49, 33, 72, 49, 38, 55)), .Names = c("y", 
        "x1", "x2", "x3", "x4", "x5", "x6", "x7"),