
expected <- structure(list(coefficients = structure(c(1.65826713269276, 0.659389390797599, 
-0.124110298327961, 0.361255069607836, 0.0577764215859759, 0.0869762159045405, 
-0.126686171110044), .Names = c("x1", "x2", "x3", "x4", "x5", 
"x6", "x7")), residuals = structure(c(-8.13140217873152, 2.38994640607575, 
2.17843087468496, 0.125381379546049, 6.86310554013962, -8.10181570638893, 
-7.68640682904012, 2.26890853769398, -6.39022591047743, 8.78328773776358, 
7.91693214296876, 11.6583850378576, 0.505116344877837, 0.577492295575869, 
-3.58409045864284, -4.20191206384379, -2.84554235223951, -3.65197534250409, 
8.98448166872788, 1.46433946828568, -9.75538481546615, -3.72356120907933, 
-3.05216531387007, 3.88770717406845, -7.91062412713195, 6.59684728222252, 
4.83474441692718), .Names = c("1", "2", "3", "4", "5", "6", "7", 
"8", "9", "10", "11", "12", "14", "15", "16", "17", "19", "20", 
"21", "22", "23", "24", "26", "27", "28", "29", "30")), effects = structure(c(-335.248056309443, 
55.507881731414, 5.01730832808559, 12.937982009321, 0.404835024809657, 
2.85499658508022, -4.92674486271257, 4.69171532246031, -1.39271250099905, 
9.0563731181323, 11.7250033712801, 15.8372590959926, -0.109737658128696, 
4.13837958539465, 2.28442853676635, -0.879066162077707, -1.51653950939075, 
-6.53265927688297, 11.1006520083391, 2.10701994060571, -7.400280929394, 
-2.01116413945707, -1.31321964780578, 4.40434559830595, -6.78532864220676, 
10.5260265299545, 6.45448046143812), .Names = c("x1", "x2", "x3", 
"x4", "x5", "x6", "x7", "", "", "", "", "", "", "", "", "", "", 
"", "", "", "", "", "", "", "", "", "")), rank = 7L, fitted.values = structure(c(51.1314021787315, 
60.6100535939242, 68.8215691253151, 60.874618620454, 74.1368944598604, 
51.1018157063889, 65.6864068290401, 68.731091462306, 78.3902259104774, 
58.2167122622364, 56.0830678570312, 55.3416149621424, 67.4948836551222, 
76.4225077044241, 84.5840904586428, 78.2019120638438, 67.8455423522395, 
53.6519753425041, 41.0155183312721, 62.5356605317143, 62.7553848154662, 
43.7235612090793, 69.0521653138701, 74.1122928259315, 55.9106241271319, 
78.4031527177775, 77.1652555830728), .Names = c("1", "2", "3", 
"4", "5", "6", "7", "8", "9", "10", "11", "12", "14", "15", "16", 
"17", "19", "20", "21", "22", "23", "24", "26", "27", "28", "29", 
"30")), assign = 1:7, qr = structure(list(qr = structure(c(-5.19615242270663, 
0.192450089729875, 0.192450089729875, 0.192450089729875, 0.192450089729875, 
0.192450089729875, 0.192450089729875, 0.192450089729875, 0.192450089729875, 
0.192450089729875, 0.192450089729875, 0.192450089729875, 0.192450089729875, 
0.192450089729875, 0.192450089729875, 0.192450089729875, 0.192450089729875, 
0.192450089729875, 0.192450089729875, 0.192450089729875, 0.192450089729875, 
0.192450089729875, 0.192450089729875, 0.192450089729875, 0.192450089729875, 
0.192450089729875, 0.192450089729875, -350.644063487833, 69.9767157041593, 
-0.0740027970375246, 0.0260304773103873, -0.188326539149424, 
0.140354219422287, -0.0311313937455624, -0.145455135857462, -0.245488410205373, 
0.0546114128383621, 0.168935154950261, 0.0689018806023495, -0.259778877969361, 
-0.174036071385436, -0.359812152317273, -0.288359813497336, -0.0740027970375246, 
0.0974828161303243, 0.354711235882098, 0.0546114128383621, -0.0168409259815749, 
0.39758263917406, -0.174036071385436, -0.145455135857462, 0.111773283894312, 
-0.288359813497336, -0.245488410205373, -275.203628313722, 37.1192253786653, 
-51.7989002803227, -0.0646111375218958, 0.00305168115368953, 
0.0897822602435688, -0.161113265566024, -0.0838415133947335, 
0.273352707176091, -0.045318217241926, 0.186296897169124, 0.00293910122085157, 
0.476065967811465, -0.0259127170291181, -0.228538415494507, 0.0899698934649654, 
-0.112830929340394, 0.427646033890144, -0.074407704238998, 0.0898197868878481, 
0.0415874861879235, 0.128280538633523, 0.205752432907637, 0.0706019198964369, 
-0.0260378058433825, 0.22510789759474, -0.363726455149987, -293.67883692779, 
37.9020254461815, -7.52187192325024, 43.33126643185, -0.121492937648673, 
0.135014367433991, -0.0835009050119497, 0.064907370321727, -6.93956314350381e-05, 
0.0915809510779477, -0.178492309224744, 0.280997970441483, 0.591510443853834, 
-0.282447065505078, -0.194720363674145, -0.0742433357923988, 
-0.0527603812070296, 0.0603482267727822, 0.123980681013588, -0.206851483211803, 
0.114317693405659, -0.395054295483173, 0.00709158923035469, -0.31901745600949, 
0.0955309830565158, -0.0726614600816332, -0.0404954151910349, 
-313.501196169967, 14.5858040977765, 1.41084879998607, -2.74365303732866, 
47.2412551960214, -0.0518890666936756, 0.0613529215578244, 0.0821164866702639, 
-0.182636447746328, 0.0830654789817541, -0.153761329755631, -0.449768708856535, 
0.267085321322302, -0.0780012488970458, 0.0905830311858757, -0.334892012152865, 
-0.011291928383195, 0.255413822803097, -0.11592927370398, 0.13628382594429, 
-0.08954059390518, -0.0987362761835798, -0.37112089670478, 0.234756130575673, 
-0.0479649361144259, -0.268198293256578, 0.260491302360746, -389.711431702997, 
9.93187509597131, -2.61272901832825, -6.25623984676714, -6.42114967251359, 
49.8614059570898, 0.170221681134429, 0.294450755475268, -0.0230515228244899, 
-0.0321553770319207, 0.125840116738598, 0.049620580014764, 0.348612756125903, 
-0.0194241777323879, 0.514425368719342, -0.000733763031763581, 
-0.155507954648308, 0.087037667187698, 0.172259506448653, -0.0753403221977543, 
-0.0211775394211922, 0.20786056408592, 0.0572343244655768, 0.00913203259810483, 
-0.126607347785005, 0.131106438889874, 0.0447536515213503, -225.166604983954, 
11.2561251087674, -11.4580557756746, 15.8896201680194, 13.9408140280783, 
11.6963028542433, 38.8893658995583, -0.0802496688329907, 0.51622332288531, 
-0.0221461822170905, 0.372829411200412, 0.0184784352086694, -0.0943219429520722, 
0.148572258012161, 0.118676922252733, -0.274366423812593, -0.000278640042299429, 
-0.242876054342079, 0.0927139743077345, 0.178804526433763, 0.156300054478715, 
0.000490001306085882, -0.54558786171789, 0.0131257722617943, 
0.115303570730199, -0.0897019204600403, -0.0104831593154289), .Dim = c(27L, 
7L), .Dimnames = list(c("1", "2", "3", "4", "5", "6", "7", "8", 
"9", "10", "11", "12", "14", "15", "16", "17", "19", "20", "21", 
"22", "23", "24", "26", "27", "28", "29", "30"), c("x1", "x2", 
"x3", "x4", "x5", "x6", "x7")), assign = 1:7), qraux = c(1.19245008972988, 
1.0117400095464, 1.31188851221032, 1.1092741072632, 1.26974491294598, 
1.57321483722883, 1.15373001333245), pivot = 1:7, tol = 1e-07, 
    rank = 7L), .Names = c("qr", "qraux", "pivot", "tol", "rank"
), class = "qr"), df.residual = 20L, xlevels = structure(list(), .Names = character(0)), 
    call = quote(lm(formula = y ~ . + 0, data = structure(list(y = c(43, 
        63, 71, 61, 81, 43, 58, 71, 72, 67, 64, 67, 68, 77, 81, 
        74, 65, 50, 50, 64, 53, 40, 66, 78, 48, 85, 82), x1 = c(1, 
        1, 1, 1, 1, 1, 1, 1, 1, 1, 1, 1, 1, 1, 1, 1, 1, 1, 1, 
        1, 1, 1, 1, 1, 1, 1, 1), x2 = c(51, 64, 70, 63, 78, 55, 
        67, 75, 82, 61, 53, 60, 83, 77, 90, 85, 70, 58, 40, 61, 
        66, 37, 77, 75, 57, 85, 82), x3 = c(30, 51, 68, 45, 56, 
        49, 42, 50, 72, 45, 53, 47, 83, 54, 50, 64, 46, 68, 33, 
        52, 52, 42, 66, 58, 44, 71, 39), x4 = c(39, 54, 69, 47, 
        66, 44, 56, 55, 67, 47, 58, 39, 45, 72, 72, 69, 57, 54, 
        34, 62, 50, 58, 63, 74, 45, 71, 59), x5 = c(55, 55, 54, 
        59, 50, 59, 58, 59, 71, 55, 62, 80, 50, 66, 63, 80, 62, 
        43, 59, 51, 64, 55, 79, 50, 60, 76, 54), x6 = c(92, 73, 
        86, 84, 83, 49, 68, 66, 83, 80, 67, 74, 77, 77, 54, 79, 
        85, 78, 64, 80, 80, 57, 76, 78, 83, 74, 78), x7 = c(45, 
        47, 48, 35, 47, 34, 35, 41, 31, 41, 34, 41, 35, 46, 36, 
        63, 46, 52, 33, 41, 37, 49, 72, 49, 38, 55, 39)), .Names = c("y", 
        "x1", "x2", "x3", "x4", "x5", "x6", "x7"),