
expected <- structure(list(coefficients = structure(c(26.034917747868, 0.731669380624827, 
-0.161439988421018, 0.302138834510471, 0.091431053714676, -0.277783562994359, 
-0.0993705092609632), .Names = c("x1", "x2", "x3", "x4", "x5", 
"x6", "x7")), residuals = structure(c(-6.17320737331528, 4.022477517822, 
4.75562533054346, 2.4197779298171, 3.50687111643235, -8.82962820321847, 
-8.08542527610997, 0.052026572494035, -7.72883357401654, 9.47010775392078, 
7.18375054676073, 6.54925543675083, 0.512665151778111, 0.605411330106249, 
-3.41964782875957, -3.48226154372568, -0.999914802406183, -4.21544053262517, 
9.65678142913975, 1.86903025136905, -4.56451894262516, -4.94115673023575, 
-4.25508910388869, 2.20577859810981, -9.34171686182247, 9.09814011750831, 
4.12914169019636), .Names = c("1", "2", "3", "4", "5", "6", "7", 
"8", "9", "10", "11", "12", "14", "15", "16", "17", "19", "20", 
"21", "22", "23", "24", "26", "27", "28", "29", "30")), effects = structure(c(-335.248056309443, 
55.507881731414, 5.01730832808559, 12.937982009321, -1.27807960301797, 
10.5680022596997, -3.1843301289863, 1.97850981232203, -8.26953703715635, 
10.8448220322158, 6.09366305259175, 1.09711446734847, -2.34509997223771, 
4.45272106718187, 0.639068985263108, -2.72468246079768, 3.67573052387612, 
-7.5716054897047, 8.67064235859865, 3.15977889499036, 0.213151274417507, 
-8.43550399139871, -4.69201425815608, 4.4705752541631, -12.6163939028614, 
11.3313032938165, 7.70776421069449), .Names = c("x1", "x2", "x3", 
"x4", "x5", "x6", "x7", "", "", "", "", "", "", "", "", "", "", 
"", "", "", "", "", "", "", "", "", "")), rank = 7L, fitted.values = structure(c(49.1732073733153, 
58.977522482178, 66.2443746694565, 58.5802220701829, 77.4931288835676, 
51.8296282032185, 66.08542527611, 70.947973427506, 79.7288335740165, 
57.5298922460792, 56.8162494532393, 60.4507445632492, 67.4873348482219, 
76.3945886698937, 84.4196478287596, 77.4822615437257, 65.9999148024062, 
54.2154405326252, 40.3432185708602, 62.1309697486309, 57.5645189426252, 
44.9411567302357, 70.2550891038887, 75.7942214018902, 57.3417168618225, 
75.9018598824917, 77.8708583098036), .Names = c("1", "2", "3", 
"4", "5", "6", "7", "8", "9", "10", "11", "12", "14", "15", "16", 
"17", "19", "20", "21", "22", "23", "24", "26", "27", "28", "29", 
"30")), assign = 1:7, qr = structure(list(qr = structure(c(-5.19615242270663, 
0.192450089729875, 0.192450089729875, 0.192450089729875, 0.192450089729875, 
0.192450089729875, 0.192450089729875, 0.192450089729875, 0.192450089729875, 
0.192450089729875, 0.192450089729875, 0.192450089729875, 0.192450089729875, 
0.192450089729875, 0.192450089729875, 0.192450089729875, 0.192450089729875, 
0.192450089729875, 0.192450089729875, 0.192450089729875, 0.192450089729875, 
0.192450089729875, 0.192450089729875, 0.192450089729875, 0.192450089729875, 
0.192450089729875, 0.192450089729875, -350.644063487833, 69.9767157041593, 
-0.0740027970375246, 0.0260304773103873, -0.188326539149424, 
0.140354219422287, -0.0311313937455624, -0.145455135857462, -0.245488410205373, 
0.0546114128383621, 0.168935154950261, 0.0689018806023495, -0.259778877969361, 
-0.174036071385436, -0.359812152317273, -0.288359813497336, -0.0740027970375246, 
0.0974828161303243, 0.354711235882098, 0.0546114128383621, -0.0168409259815749, 
0.39758263917406, -0.174036071385436, -0.145455135857462, 0.111773283894312, 
-0.288359813497336, -0.245488410205373, -275.203628313722, 37.1192253786653, 
-51.7989002803227, -0.0646111375218958, 0.00305168115368953, 
0.0897822602435688, -0.161113265566024, -0.0838415133947335, 
0.273352707176091, -0.045318217241926, 0.186296897169124, 0.00293910122085157, 
0.476065967811465, -0.0259127170291181, -0.228538415494507, 0.0899698934649654, 
-0.112830929340394, 0.427646033890144, -0.074407704238998, 0.0898197868878481, 
0.0415874861879235, 0.128280538633523, 0.205752432907637, 0.0706019198964369, 
-0.0260378058433825, 0.22510789759474, -0.363726455149987, -293.67883692779, 
37.9020254461815, -7.52187192325024, 43.33126643185, -0.121492937648673, 
0.135014367433991, -0.0835009050119497, 0.064907370321727, -6.93956314350381e-05, 
0.0915809510779477, -0.178492309224744, 0.280997970441483, 0.591510443853834, 
-0.282447065505078, -0.194720363674145, -0.0742433357923988, 
-0.0527603812070296, 0.0603482267727822, 0.123980681013588, -0.206851483211803, 
0.114317693405659, -0.395054295483173, 0.00709158923035469, -0.31901745600949, 
0.0955309830565158, -0.0726614600816332, -0.0404954151910349, 
-339.28950819377, 36.8715239374229, -8.58423415944909, 19.7034837366774, 
33.3796944967433, 0.0891282688594576, -0.00534326791010281, -0.0787541470762473, 
0.195243614382479, -0.0724219506765863, 0.215632463139881, -0.125555909291352, 
0.195615399430647, -0.0260201866444669, 0.607944339783501, -0.0104391317533713, 
-0.230835737455126, 0.0282513371371344, 0.118579321337855, 0.0901938159779225, 
-0.00439100325568319, 0.338586271621436, -0.427458024109425, 
-0.0225831698730062, 0.196518979383285, 0.101239274755126, 0.186282569069957, 
-394.330233856514, 12.2532821927434, 5.13415252085897, 1.35582881879726, 
5.37602037050243, -37.5689280290812, 0.0371102249882937, -0.0956728255518936, 
-0.244849507726824, 0.0157659872349257, -0.113050706775337, -0.648938346553767, 
0.0240165710746554, 0.0106702019307539, 0.37107794153212, 0.0441954386961126, 
0.0978405306096405, -0.0778873835821384, 0.0314078939313092, 
0.00802096041100633, 0.402569232737568, -0.0476148439573183, 
-0.190361975485072, -0.0906671530954054, -0.240552676651573, 
0.246291693547533, 0.0836979319026932, -225.166604983954, 11.2561251087674, 
-11.4580557756746, 15.8896201680194, 28.5461971703421, -1.32807585353426, 
32.0450217340009, 0.115799502775007, 0.414645897887165, 0.048556844181926, 
0.278700899376146, 0.0397607826773041, -0.0489872968446104, 0.165248619443577, 
-0.158860841620941, -0.448984518553868, 0.116706355053766, -0.186321803107115, 
0.036172828017673, 0.163266014060252, 0.117273705531792, -0.22867097235454, 
-0.408111988259759, 0.130218256782613, -0.0639423086659004, -0.260395897720257, 
-0.0617485558638474), .Dim = c(27L, 7L), .Dimnames = list(c("1", 
"2", "3", "4", "5", "6", "7", "8", "9", "10", "11", "12", "14", 
"15", "16", "17", "19", "20", "21", "22", "23", "24", "26", "27", 
"28", "29", "30"), c("x1", "x2", "x3", "x4", "x5", "x6", "x7"
)), assign = 1:7), qraux = c(1.19245008972988, 1.0117400095464, 
1.31188851221032, 1.1092741072632, 1.1175208252798, 1.06338467286935, 
1.27377353032893), pivot = 1:7, tol = 1e-07, rank = 7L), .Names = c("qr", 
"qraux", "pivot", "tol", "rank"), class = "qr"), df.residual = 20L, 
    xlevels = structure(list(), .Names = character(0)), call = quote(lm(formula = y ~ 
        . + 0, data = structure(list(y = c(43, 63, 71, 61, 81, 
        43, 58, 71, 72, 67, 64, 67, 68, 77, 81, 74, 65, 50, 50, 
        64, 53, 40, 66, 78, 48, 85, 82), x1 = c(1, 1, 1, 1, 1, 
        1, 1, 1, 1, 1, 1, 1, 1, 1, 1, 1, 1, 1, 1, 1, 1, 1, 1, 
        1, 1, 1, 1), x2 = c(51, 64, 70, 63, 78, 55, 67, 75, 82, 
        61, 53, 60, 83, 77, 90, 85, 70, 58, 40, 61, 66, 37, 77, 
        75, 57, 85, 82), x3 = c(30, 51, 68, 45, 56, 49, 42, 50, 
        72, 45, 53, 47, 83, 54, 50, 64, 46, 68, 33, 52, 52, 42, 
        66, 58, 44, 71, 39), x4 = c(39, 54, 69, 47, 66, 44, 56, 
        55, 67, 47, 58, 39, 45, 72, 72, 69, 57, 54, 34, 62, 50, 
        58, 63, 74, 45, 71, 59), x5 = c(61, 63, 76, 54, 71, 54, 
        66, 70, 71, 62, 58, 59, 59, 79, 60, 79, 75, 64, 43, 66, 
        63, 50, 88, 80, 51, 77, 64), x6 = c(80, 83, 83, 79, 66, 
        77, 78, 75, 66, 78, 68, 54, 77, 78, 83, 80, 84, 73, 74, 
        75, 92, 67, 77, 74, 64, 86, 78), x7 = c(45, 47, 48, 35, 
        47, 34, 35, 41, 31, 41, 34, 41, 35, 46, 36, 63, 46, 52, 
        33, 41, 37, 49, 72, 49, 38, 55, 39)), .Names = c("y", 
        "x1", "x2", "x3", "x4", "x5", "x6", "x7"),