
expected <- structure(list(coefficients = structure(c(17.4136265792284, 0.52738279348259, 
-0.0533146138481087, 0.179668707752812, 0.141763339752835, 0.0377288657155133, 
-0.169502881363574), .Names = c("x1", "x2", "x3", "x4", "x5", 
"x6", "x7")), residuals = structure(c(1.13214754791442, 2.18477569778317, 
-0.914864191607132, -11.6060096768711, -7.54283275153434, 2.7087179424709, 
-4.12225899628917, 6.51273319110601, 6.22246798960224, 9.2357580878589, 
10.1401861098169, -0.318404500554295, 4.9864868934535, 1.07144457409515, 
-5.64295583955164, 0.712004771833301, -4.00865215928173, -3.89004289001326, 
4.90284347014743, 3.84440625864716, -10.4317479423814, -5.02441506455623, 
4.63887675893536, -6.35088361356248, 3.49512656892924, -9.81202286271649, 
7.87711462632562), .Names = c("2", "3", "4", "6", "7", "8", "9", 
"10", "11", "12", "13", "14", "15", "16", "17", "18", "19", "20", 
"21", "22", "23", "24", "25", "26", "27", "28", "29")), effects = structure(c(-333.516005501874, 
-45.8271796854879, -2.82732660593055, 9.77007444774788, -2.39921901489119, 
2.83596409687574, -7.04841992865476, 8.77013207577042, 5.37872995252824, 
13.0569668970844, 12.7396073529235, 2.09532209745478, 1.52976543713212, 
-6.75605496684752, -5.26466263130532, -4.91956637903478, -1.72436594344628, 
-4.77937372298791, 6.551436416373, 1.13444328248095, -8.69393160857323, 
-10.0770246987264, 8.26554378585162, -3.15279696159113, 2.17608382776647, 
-8.73480478253197, 6.13582106696546), .Names = c("x1", "x2", 
"x3", "x4", "x5", "x6", "x7", "", "", "", "", "", "", "", "", 
"", "", "", "", "", "", "", "", "", "", "", "")), rank = 7L, 
    fitted.values = structure(c(61.8678524520856, 68.8152243022168, 
    61.9148641916071, 54.6060096768711, 65.5428327515343, 68.2912820575291, 
    76.1222589962892, 60.487266808894, 57.7775320103978, 57.7642419121411, 
    58.8598138901831, 68.3184045005543, 72.0135131065465, 79.9285554259048, 
    79.6429558395516, 64.2879952281667, 69.0086521592817, 53.8900428900133, 
    45.0971565298526, 60.1555937413528, 63.4317479423814, 45.0244150645562, 
    58.3611232410646, 72.3508836135625, 74.5048734310707, 57.8120228627165, 
    77.1228853736744), .Names = c("2", "3", "4", "6", "7", "8", 
    "9", "10", "11", "12", "13", "14", "15", "16", "17", "18", 
    "19", "20", "21", "22", "23", "24", "25", "26", "27", "28", 
    "29")), assign = 1:7, qr = structure(list(qr = structure(c(-5.19615242270663, 
    0.192450089729875, 0.192450089729875, 0.192450089729875, 
    0.192450089729875, 0.192450089729875, 0.192450089729875, 
    0.192450089729875, 0.192450089729875, 0.192450089729875, 
    0.192450089729875, 0.192450089729875, 0.192450089729875, 
    0.192450089729875, 0.192450089729875, 0.192450089729875, 
    0.192450089729875, 0.192450089729875, 0.192450089729875, 
    0.192450089729875, 0.192450089729875, 0.192450089729875, 
    0.192450089729875, 0.192450089729875, 0.192450089729875, 
    0.192450089729875, 0.192450089729875, -343.908310347287, 
    -67.2761032913922, -0.0421028710864252, -0.16101582247051, 
    0.0173536046056173, 0.136266555989702, 0.240315388450777, 
    -0.0718311089324464, -0.190744060316531, -0.0866952278554571, 
    -0.0569669900094358, 0.255179507373787, 0.165994793835724, 
    0.359228339834862, 0.284907745219808, -0.0866952278554571, 
    0.0619459613746492, -0.116423465701478, -0.38397760631567, 
    -0.0718311089324464, 0.00248948568260667, -0.428569963084701, 
    -0.175879941393521, 0.165994793835724, 0.136266555989702, 
    -0.131287584624489, 0.284907745219808, -282.709181813187, 
    -36.8030079304512, 46.9047665572452, -0.0611248653510839, 
    0.270548232368535, 0.221612896213294, -0.141002445516607, 
    0.115371580928528, -0.176809800349899, 0.0575291134291201, 
    -0.125263079326525, -0.360317310932056, 0.166739472495275, 
    0.44965606351628, 0.0751645466608243, -0.326227193683757, 
    0.230877686470715, -0.420592333842968, 0.0519486847795985, 
    -0.0338669829487023, 0.0421474061522932, -0.185538102237438, 
    0.0729108207059471, -0.0890980655799771, 0.0510545374964592, 
    0.0758798644873358, -0.0740740172164058, -293.87128701752, 
    -33.9678148766177, 8.65095721368538, 48.6211390082697, -0.0587193222030677, 
    0.083686816614506, 0.0349793870888135, 0.0898999650193316, 
    -0.160589001185979, 0.257505525574979, 0.275058221743037, 
    0.563680488069739, -0.22329697497344, -0.128997021398142, 
    -0.0275578357153437, -0.373125503892762, -0.0274975862114396, 
    0.0588222318240993, 0.0923399585590692, -0.175912621133539, 
    0.116546382071625, -0.373770335132734, -0.0128790470077565, 
    0.0349994702567816, -0.258295198339626, 0.0884128033691762, 
    -0.0259970064122555, -335.440506399173, -38.1446322939837, 
    2.79399501774129, 16.9433736810265, -36.479711813135, 0.0812892749230983, 
    -0.14581047142189, 0.10452663123928, -0.0541116618666219, 
    0.109140947644488, -0.0786925208474974, -0.290045866391337, 
    0.12291073052868, -0.524479386135571, 0.0426281205645648, 
    -0.415376334890659, 0.261294415036636, 0.0586875518273713, 
    -0.0303869572671198, 0.0426394687616735, 0.0300517964425614, 
    -0.0754831700613124, 0.285770154765615, 0.429640743106909, 
    0.140429171622168, -0.131763752497732, -0.0511357064154046, 
    -382.975678562452, -12.3443755040988, 11.0852083455286, 1.89702095288471, 
    -16.4600759798777, 43.4031264913097, -0.133910022797576, 
    -0.206745081534838, 0.112518349655594, -0.154170031355739, 
    0.0685875885620879, -0.264510090780803, 0.140278646123688, 
    0.603040525168371, 0.0501699136585359, -0.104613910644536, 
    -0.163428956433101, -0.18251489154994, -0.0340909104170918, 
    -0.095875255572869, -0.194519988351356, 0.31040548450386, 
    -0.0636911624394215, 0.102120577723544, 0.120380090322688, 
    -0.354302188161949, 0.145088554846545, -224.589254714764, 
    1.96371526660663, 15.9008612307105, 8.49038343333155, -20.0190506142095, 
    -7.07016515714059, 41.5828915234563, -0.0417318429871956, 
    0.354722954349401, -0.0425873017369797, 0.175831866840297, 
    -0.237552499993229, -0.293944099201553, -0.0242759154580518, 
    0.261393040209054, 0.304771135004856, 0.0333223303301767, 
    -0.497343995650525, 0.0527617317414655, -0.330202024216851, 
    -0.0377393959414167, -0.0210811340601325, 0.264449322621816, 
    0.106847890581548, 0.238706802889676, -0.0231185246759957, 
    0.0381196320602248), .Dim = c(27L, 7L), .Dimnames = list(
        c("2", "3", "4", "6", "7", "8", "9", "10", "11", "12", 
        "13", "14", "15", "16", "17", "18", "19", "20", "21", 
        "22", "23", "24", "25", "26", "27", "28", "29"), c("x1", 
        "x2", "x3", "x4", "x5", "x6", "x7")), assign = 1:7), 
        qraux = c(1.19245008972988, 1.06194596137465, 1.14577733656893, 
        1.12121545183186, 1.06702475408641, 1.22651062456262, 
        1.18055037523086), pivot = 1:7, tol = 1e-07, rank = 7L), .Names = c("qr", 
    "qraux", "pivot", "tol", "rank"), class = "qr"), df.residual = 20L, 
    xlevels = structure(list(), .Names = character(0)), call = quote(lm(formula = y ~ 
        . + 0, data = structure(list(y = c(63, 71, 61, 43, 58, 
        71, 72, 67, 64, 67, 69, 68, 77, 81, 74, 65, 65, 50, 50, 
        64, 53, 40, 63, 66, 78, 48, 85), x1 = c(1, 1, 1, 1, 1, 
        1, 1, 1, 1, 1, 1, 1, 1, 1, 1, 1, 1, 1, 1, 1, 1, 1, 1, 
        1, 1, 1, 1), x2 = c(64, 70, 63, 55, 67, 75, 82, 61, 53, 
        60, 62, 83, 77, 90, 85, 60, 70, 58, 40, 61, 66, 37, 54, 
        77, 75, 57, 85), x3 = c(51, 68, 45, 49, 42, 50, 72, 45, 
        53, 47, 57, 83, 54, 50, 64, 65, 46, 68, 33, 52, 52, 42, 
        42, 66, 58, 44, 71), x4 = c(54, 69, 47, 44, 56, 55, 67, 
        47, 58, 39, 42, 45, 72, 72, 69, 75, 57, 54, 34, 62, 50, 
        58, 48, 63, 74, 45, 71), x5 = c(63, 76, 54, 54, 66, 70, 
        71, 62, 58, 59, 55, 59, 79, 60, 79, 55, 75, 64, 43, 66, 
        63, 50, 66, 88, 80, 51, 77),