
expected <- structure(list(coefficients = structure(c(-1.02350910594554, 
0.661581592997445, 0.152070623883108, 0.369181621186077, -0.0114222396303439, 
0.0360850889032375, -0.214067398454128), .Names = c("x1", "x2", 
"x3", "x4", "x5", "x6", "x7")), residuals = structure(c(-5.01294643631395, 
-1.05604797540353, -2.06152899774039, 1.68337876633146, 7.24013476513674, 
-11.1485722712182, -9.0042838804468, 0.626579147695438, -8.35252222718828, 
7.68326493468136, 10.6742480195267, 7.16970861412175, -5.17295989348509, 
-1.26096479463639, 1.62192071764529, -0.0809852701820228, -4.6231059135408, 
9.19426196320022, 1.57841738478772, -9.18984743867412, -5.74856997786946, 
7.17314062654389, -1.10470386421452, 2.76622198167313, -6.42095973958644, 
7.17313518153468, 5.6535865776216), .Names = c("1", "2", "3", 
"4", "5", "6", "7", "8", "9", "11", "12", "13", "14", "15", "18", 
"19", "20", "21", "22", "23", "24", "25", "26", "27", "28", "29", 
"30")), effects = structure(c(-330.436804066196, -51.0689079508119, 
-5.93721418018337, 12.4760524378721, -3.75840884754153, 0.479612583668937, 
-8.10679687181782, 4.10553207318696, -6.23472709921663, 10.9011936134926, 
10.7921391740965, 9.59463514737126, -6.63284746114576, 1.66526420930944, 
-3.96824868543514, 2.80270346367009, -4.01718655790668, 9.47638447836897, 
3.38946413032171, -7.90370385240713, -5.59880159071956, 11.6438347019489, 
2.47533823435497, 6.26087626379316, -8.81480013257202, 8.93999088844952, 
4.92690269641052), .Names = c("x1", "x2", "x3", "x4", "x5", "x6", 
"x7", "", "", "", "", "", "", "", "", "", "", "", "", "", "", 
"", "", "", "", "", "")), rank = 7L, fitted.values = structure(c(48.0129464363139, 
64.0560479754035, 73.0615289977404, 59.3166212336685, 73.7598652348633, 
54.1485722712182, 67.0042838804468, 70.3734208523046, 80.3525222271883, 
56.3167350653186, 56.3257519804733, 61.8302913858783, 73.1729598934851, 
78.2609647946364, 63.3780792823547, 65.080985270182, 54.6231059135408, 
40.8057380367998, 62.4215826152123, 62.1898474386741, 45.7485699778695, 
55.8268593734561, 67.1047038642145, 75.2337780183269, 54.4209597395864, 
77.8268648184653, 76.3464134223784), .Names = c("1", "2", "3", 
"4", "5", "6", "7", "8", "9", "11", "12", "13", "14", "15", "18", 
"19", "20", "21", "22", "23", "24", "25", "26", "27", "28", "29", 
"30")), assign = 1:7, qr = structure(list(qr = structure(c(-5.19615242270663, 
0.192450089729875, 0.192450089729875, 0.192450089729875, 0.192450089729875, 
0.192450089729875, 0.192450089729875, 0.192450089729875, 0.192450089729875, 
0.192450089729875, 0.192450089729875, 0.192450089729875, 0.192450089729875, 
0.192450089729875, 0.192450089729875, 0.192450089729875, 0.192450089729875, 
0.192450089729875, 0.192450089729875, 0.192450089729875, 0.192450089729875, 
0.192450089729875, 0.192450089729875, 0.192450089729875, 0.192450089729875, 
0.192450089729875, 0.192450089729875, -339.09705810404, -64.6156729066964, 
0.108983611697181, 0.000650761707243416, 0.232792583114252, -0.123158209709828, 
0.062555247415779, 0.18636421883285, 0.294697068822788, -0.154110452564096, 
-0.0457776025741583, -0.0148253597198905, 0.310173190249921, 
0.217316461687118, -0.0457776025741583, 0.108983611697181, -0.0767298454284261, 
-0.355300031116836, -0.0303014811470244, 0.0470791259886451, 
-0.401728395398238, -0.138634331136962, 0.217316461687118, 0.18636421883285, 
-0.09220596685556, 0.341125433104189, 0.294697068822788, -273.856477685613, 
8.51072040555867, -46.3810011514201, -0.228479604635901, -0.239044103167898, 
0.123561001170232, 0.102173070978238, 0.0519801970546956, -0.231799711713677, 
-0.192689202578133, 0.299710770637299, 0.292552690225745, -0.0628943337008305, 
0.195745982584437, -0.0452580657999475, -0.253532886076339, -0.210584403607017, 
0.0910043951475725, -0.156639867392364, -0.174535068421248, 0.360468143092838, 
0.105579489098681, -0.106101749298153, -0.0558225643319439, -0.142323706569257, 
-0.307218489162991, -0.123996950327037, -289.252484864003, -31.3907329613699, 
2.42575434582761, 49.9873744059604, -0.149002044911629, 0.120128774520642, 
-0.00473183400965153, 0.0865067764812696, -0.128380514239166, 
-0.228683330492252, 0.296821240418628, 0.255449442739643, 0.347771245197284, 
-0.211556663130651, -0.476798509488245, -0.0502097456642746, 
-0.10205473228811, 0.166994639340169, -0.224110503709174, 0.0625585066004316, 
-0.301013210692853, 0.0274470215731101, -0.0782693580152551, 
-0.310288544591796, 0.0786886582938082, -0.190455290394606, 0.0483592401888867, 
-334.478255950523, -38.7894653829049, -3.0204017602081, 18.3452391204386, 
32.3728751646433, 0.104067962645218, 0.035446225158644, -0.0266401795594499, 
0.153564417514982, 0.122454546461954, -0.0468852227383553, 0.141447018565985, 
0.230498453294685, -0.00828565889500183, 0.564410860216059, -0.2484808607805, 
-0.0729638805765473, 0.132352794870052, 0.02427510909387, -0.0127906009310143, 
0.283288525784286, -0.219904265785494, -0.465294964365756, -0.0672048082231807, 
0.193552481430948, 0.0483926642431179, 0.265988356507374, -390.673682151647, 
-18.1024765522868, 15.6411759971596, 2.25006834149699, 8.89409275096739, 
41.2499737790176, 0.236079562006511, 0.347732894583559, -0.0265277318713441, 
0.213977921503936, 0.0538664731889292, 0.295433695538538, 0.106115121009632, 
0.0484578229114584, -0.183797149608333, -0.0534852283576513, 
0.0163137288427912, 0.194557029779456, -0.050239141338701, -0.00162315669186064, 
0.253852793184525, 0.050086875100174, 0.211968509795644, 0.0618460698208626, 
-0.159934471814862, 0.234598166406545, 0.0655152154786879, -220.932703009897, 
-10.2044959173061, 1.76805670822575, 27.3279244071397, 17.3290387247593, 
4.71298476409206, 37.870301271284, 0.026631070103366, 0.44998010644079, 
0.282441818395566, -0.18976244811904, 0.159563775940605, -0.101196248053836, 
0.185668104043993, -0.331125706737897, 0.123815266792708, -0.153746158201594, 
-0.0953255038409505, 0.217227979242858, 0.120906956212683, -0.209530239793317, 
0.297139531790464, -0.410334757757361, 0.198376247510111, -0.0582600985075552, 
-0.0894751238086763, 0.0260963608054865), .Dim = c(27L, 7L), .Dimnames = list(
    c("1", "2", "3", "4", "5", "6", "7", "8", "9", "11", "12", 
    "13", "14", "15", "18", "19", "20", "21", "22", "23", "24", 
    "25", "26", "27", "28", "29", "30"), c("x1", "x2", "x3", 
    "x4", "x5", "x6", "x7")), assign = 1:7), qraux = c(1.19245008972988, 
1.01612688313438, 1.30704147313419, 1.08458902045558, 1.09563626291475, 
1.62862263329992, 1.19834867248145), pivot = 1:7, tol = 1e-07, 
    rank = 7L), .Names = c("qr", "qraux", "pivot", "tol", "rank"
), class = "qr"), df.residual = 20L, xlevels = structure(list(), .Names = character(0)), 
    call = quote(lm(formula = y ~ . + 0, data = structure(list(y = c(43, 
        63, 71, 61, 81, 43, 58, 71, 72, 64, 67, 69, 68, 77, 65, 
        65, 50, 50, 64, 53, 40, 63, 66, 78, 48, 85, 82), x1 = c(1, 
        1, 1, 1, 1, 1, 1, 1, 1, 1, 1, 1, 1, 1, 1, 1, 1, 1, 1, 
        1, 1, 1, 1, 1, 1, 1, 1), x2 = c(51, 64, 70, 63, 78, 55, 
        67, 75, 82, 53, 60, 62, 83, 77, 60, 70, 58, 40, 61, 66, 
        37, 54, 77, 75, 57, 85, 82), x3 = c(52, 72, 68, 42, 44, 
        57, 58, 57, 45, 42, 66, 66, 53, 64, 50, 42, 42, 53, 45, 
        45, 65, 56, 50, 52, 45, 42, 50), x4 = c(39, 54, 69, 47, 
        66, 44, 56, 55, 67, 58, 39, 42, 45, 72, 75, 57, 54, 34, 
        62, 50, 58, 48, 63, 74, 45, 71, 59), x5 = c(61, 63, 76, 
        54, 71, 54, 66, 70, 71, 58, 59, 55, 59, 79, 55, 75, 64, 
        43, 66, 63, 50, 66, 88, 80, 51, 77, 64), x6 = c(92, 73, 
        86, 84, 83, 49, 68, 66, 83, 67, 74, 63, 77, 77, 80, 85, 
        78, 64, 80, 80, 57, 75, 76, 78, 83, 74, 78), x7 = c(45, 
        47, 48, 35, 47, 34, 35, 41, 31, 34, 41, 25, 35, 46, 60, 
        46, 52, 33, 41, 37, 49, 33, 72, 49, 38, 55, 39)), .Names = c("y", 
        "x1", "x2", "x3", "x4", "x5", "x6", "x7"),