
expected <- structure(list(coefficients = structure(c(3.28660302613735, 0.67393837385318, 
-0.0718698227076231, 0.323645914752187, -0.0750185637529201, 
0.0501883400661571, 0.0626366043727339), .Names = c("x1", "x2", 
"x3", "x4", "x5", "x6", "x7")), residuals = structure(c(-7.29439553258757, 
0.763049686070304, 2.28622307684422, 0.920964173657337, 6.9039613679632, 
-9.54943235933294, -6.95161506902719, 0.390018262386185, 7.31591786921514, 
9.45484351143975, 12.5155410508051, -1.39041040741178, -3.92832155236113, 
-4.40868454131665, -2.72369230146551, -1.43599226938401, -6.20790715576786, 
6.6275140298173, 1.64239745809752, -9.94551158661918, -4.65097566605501, 
9.92434518983682, -5.98492845377011, 3.21636210794561, -7.82276074073764, 
6.04692412597541, 4.28656572578272), .Names = c("1", "2", "3", 
"4", "5", "6", "7", "8", "10", "11", "13", "14", "16", "17", 
"18", "19", "20", "21", "22", "23", "24", "25", "26", "27", "28", 
"29", "30")), effects = structure(c(-331.591504604575, -52.8406667457116, 
1.16535851229253, 13.6513149923323, -2.20715077266605, 1.69700039744578, 
4.35167346850409, 2.25262250152509, 7.5630228900911, 11.5865666306113, 
13.7474618002832, -3.79455091808857, -4.04281735808449, -2.58689481261382, 
-8.62975340381263, 1.64978063208336, -5.61448467445173, 6.87036164842859, 
2.396244107002, -10.050497880602, -1.45315729466585, 14.1832722631431, 
-2.28054994434903, 4.95929892290058, -8.93908029763586, 6.89174334525329, 
3.66529107129913), .Names = c("x1", "x2", "x3", "x4", "x5", "x6", 
"x7", "", "", "", "", "", "", "", "", "", "", "", "", "", "", 
"", "", "", "", "", "")), rank = 7L, fitted.values = structure(c(50.2943955325876, 
62.2369503139297, 68.7137769231558, 60.0790358263427, 74.0960386320368, 
52.5494323593329, 64.9516150690272, 70.6099817376138, 59.6840821307849, 
54.5451564885602, 56.4844589491949, 69.3904104074118, 84.9283215523611, 
78.4086845413166, 67.7236923014655, 66.435992269384, 56.2079071557679, 
43.3724859701827, 62.3576025419025, 62.9455115866192, 44.650975666055, 
53.0756548101632, 71.9849284537701, 74.7836378920544, 55.8227607407376, 
78.9530758740246, 77.7134342742173), .Names = c("1", "2", "3", 
"4", "5", "6", "7", "8", "10", "11", "13", "14", "16", "17", 
"18", "19", "20", "21", "22", "23", "24", "25", "26", "27", "28", 
"29", "30")), assign = 1:7, qr = structure(list(qr = structure(c(-5.19615242270663, 
0.192450089729875, 0.192450089729875, 0.192450089729875, 0.192450089729875, 
0.192450089729875, 0.192450089729875, 0.192450089729875, 0.192450089729875, 
0.192450089729875, 0.192450089729875, 0.192450089729875, 0.192450089729875, 
0.192450089729875, 0.192450089729875, 0.192450089729875, 0.192450089729875, 
0.192450089729875, 0.192450089729875, 0.192450089729875, 0.192450089729875, 
0.192450089729875, 0.192450089729875, 0.192450089729875, 0.192450089729875, 
0.192450089729875, 0.192450089729875, -342.368709629448, -68.8379740162845, 
0.0946285258367066, -0.00705953369775985, 0.210843451018954, 
-0.123274458880007, 0.0510479288933639, 0.167262854075611, -0.0361132649933217, 
-0.152328190175569, -0.0215863993455408, 0.283477779257859, 0.385165838792325, 
0.312531510553421, -0.0506401306411026, 0.0946285258367066, -0.0796938619366645, 
-0.341177443596721, -0.0361132649933217, 0.0365210632455829, 
-0.384758040540064, -0.137801324527788, 0.196316585371173, 0.167262854075611, 
-0.0942207275844454, 0.312531510553421, 0.268950913610078, -273.471577506153, 
-33.2358545059397, -53.2510494878393, -0.070052322797673, -0.00669154004805236, 
0.0814411228608679, -0.164578018240964, -0.0907237925312555, 
-0.0509579339970586, 0.175651402117566, 0.164842542970884, 0.452604748528973, 
-0.233931708535864, 0.0767098800619636, 0.334168712683665, -0.118103710985803, 
0.409600019326341, -0.0758145229588567, 0.080494874301087, 0.032758902299551, 
0.121837813768252, -0.0404644910369705, 0.190645380492463, 0.0595079883809109, 
-0.0315481290098505, 0.208162688360109, -0.364122852087635, -291.176985761301, 
-32.7887498632246, -12.0111858195518, 45.9738214702459, -0.126776264009074, 
0.146469422888452, -0.0900171792328606, 0.0462799188113019, 0.0896046789845458, 
-0.14017645812747, 0.29795177230988, 0.572139119503493, -0.225001870218563, 
-0.0840514605148644, -0.370965020032825, -0.0610621517971232, 
0.0959399796426184, 0.141459594833629, -0.182404373202978, 0.111445026063237, 
-0.3305079318491, -0.00136645725563106, 0.00943141373069283, 
-0.304983229318835, 0.099090725323558, -0.0732908932916216, -0.0800336620639995, 
-332.938655232684, -34.7369639562104, -5.90088014670624, 14.3792209278217, 
37.4113994119425, 0.0883967215325639, -0.0198516122366531, -0.0740628466497124, 
-0.0561869391807157, 0.143650962410509, 0.0957585162115162, 0.202891328143994, 
0.496629964955771, -0.0583953227028631, 0.493560590913973, -0.222497273825623, 
-0.00898153041147046, 0.138662389187789, 0.0288922640220551, 
-0.00309501892698088, 0.235702240135178, -0.201494975093204, 
-0.420636300880987, -0.0995109703715286, 0.185968080392418, 0.0301001084210261, 
0.163299733683782, -386.632230267319, -8.06563862688463, -1.53998245972937, 
-0.682271547394574, 20.0669496492956, 47.874257000929, 0.162702050764063, 
0.261260859304771, -0.0393149374326956, 0.168882167532395, 0.340778562791046, 
0.130331467288528, 0.306225068939915, 0.00393640263110654, -0.201602890020956, 
-0.120689540652062, 0.0606268249271836, 0.22036437123156, -0.083156484574125, 
-0.0316213572357864, 0.296266249709722, 0.08542651021309, 0.190675332364828, 
-0.0114649436253739, -0.169452520436462, 0.106432375489893, -0.11037954764805, 
-235.751359919097, -6.80018721934455, 13.7331815309779, -1.83557098730547, 
-6.50942396970135, -11.2670394635672, 69.4749262365569, -0.303337256551771, 
-0.284248388166302, 0.226623860228401, -0.0567751905299927, 0.0144983392208819, 
0.0807904616655134, 0.201881985595606, -0.557443395589612, 0.176106979287233, 
0.019452404588484, -0.436005209831853, 0.0088962831055374, -0.184409547759892, 
0.234615119905621, 0.175527706588274, -0.21598756542893, -0.0685794235165004, 
0.00916976346156556, 0.0620924721884684, -0.125082255046383), .Dim = c(27L, 
7L), .Dimnames = list(c("1", "2", "3", "4", "5", "6", "7", "8", 
"10", "11", "13", "14", "16", "17", "18", "19", "20", "21", "22", 
"23", "24", "25", "26", "27", "28", "29", "30"), c("x1", "x2", 
"x3", "x4", "x5", "x6", "x7")), assign = 1:7), qraux = c(1.19245008972988, 
1.00746733195002, 1.29503368652266, 1.1027371946009, 1.06098135991712, 
1.59089095340916, 1.04471053377516), pivot = 1:7, tol = 1e-07, 
    rank = 7L), .Names = c("qr", "qraux", "pivot", "tol", "rank"
), class = "qr"), df.residual = 20L, xlevels = structure(list(), .Names = character(0)), 
    call = quote(lm(formula = y ~ . + 0, data = structure(list(y = c(43, 
        63, 71, 61, 81, 43, 58, 71, 67, 64, 69, 68, 81, 74, 65, 
        65, 50, 50, 64, 53, 40, 63, 66, 78, 48, 85, 82), x1 = c(1, 
        1, 1, 1, 1, 1, 1, 1, 1, 1, 1, 1, 1, 1, 1, 1, 1, 1, 1, 
        1, 1, 1, 1, 1, 1, 1, 1), x2 = c(51, 64, 70, 63, 78, 55, 
        67, 75, 61, 53, 62, 83, 90, 85, 60, 70, 58, 40, 61, 66, 
        37, 54, 77, 75, 57, 85, 82), x3 = c(30, 51, 68, 45, 56, 
        49, 42, 50, 45, 53, 57, 83, 50, 64, 65, 46, 68, 33, 52, 
        52, 42, 42, 66, 58, 44, 71, 39), x4 = c(39, 54, 69, 47, 
        66, 44, 56, 55, 47, 58, 42, 45, 72, 69, 75, 57, 54, 34, 
        62, 50, 58, 48, 63, 74, 45, 71, 59), x5 = c(61, 63, 76, 
        54, 71, 54, 66, 70, 62, 58, 55, 59, 60, 79, 55, 75, 64, 
        43, 66, 63, 50, 66, 88, 80, 51, 77, 64), x6 = c(92, 73, 
        86, 84, 83, 49, 68, 66, 80, 67, 63, 77, 54, 79, 80, 85, 
        78, 64, 80, 80, 57, 75, 76, 78, 83, 74, 78), x7 = c(34, 
        49, 35, 35, 33, 49, 47, 72, 63, 25, 46, 34, 49, 33, 72, 
        35, 34, 72, 41, 55, 25, 33, 63, 52, 38, 41, 60)), .Names = c("y", 
        "x1", "x2", "x3", "x4", "x5", "x6", "x7"),