
expected <- structure(list(coefficients = structure(c(5.62778223683312, 0.625379816153605, 
-0.0744302120409739, 0.336568712642712, 0.0774357887054064, 0.0750894091145403, 
-0.181046428461583), .Names = c("x1", "x2", "x3", "x4", "x5", 
"x6", "x7")), residuals = structure(c(-8.4355310290674, 1.73782675425494, 
1.48465067106716, -1.03567750995887, 6.95212068897843, -10.2781291040907, 
-8.51073948994257, -8.21797831382198, 7.91146148439763, 5.97447266920452, 
9.89289316282696, 10.2418648755111, -1.8192403880381, 0.439745212132972, 
-3.83901375489297, -3.96577563501585, 2.04140372814485, -4.78556618292677, 
6.96998430680526, 0.693685433865388, -11.1252400622067, -4.82954156578151, 
6.34659331176564, 4.02211076287537, -9.1438984939989, 6.11891719668721, 
5.15860127122485), .Names = c("1", "2", "3", "4", "5", "6", "7", 
"9", "10", "11", "12", "13", "14", "15", "16", "17", "18", "20", 
"21", "22", "23", "24", "25", "27", "28", "29", "30")), effects = structure(c(-334.285805860793, 
-54.1626149974308, 2.33757936933778, 11.6749073260769, 1.99382749572876, 
1.22144742809514, -6.11687020157436, -3.76960401100858, 8.36367087637802, 
11.2038791059007, 13.6885572057707, 13.8913147031805, -2.86630657797439, 
3.0644168743766, 0.526834981444561, -3.11135528961151, 2.28051294336695, 
-6.75878268895596, 10.8196444110248, 2.03948083726508, -8.83168792344766, 
-1.03510815811219, 9.6728965055362, 4.13445742273384, -7.57195015433392, 
8.22746890803472, 5.4131285362173), .Names = c("x1", "x2", "x3", 
"x4", "x5", "x6", "x7", "", "", "", "", "", "", "", "", "", "", 
"", "", "", "", "", "", "", "", "", "")), rank = 7L, fitted.values = structure(c(51.4355310290674, 
61.2621732457451, 69.5153493289328, 62.0356775099589, 74.0478793110216, 
53.2781291040907, 66.5107394899426, 80.217978313822, 59.0885385156024, 
58.0255273307955, 57.107106837173, 58.7581351244889, 69.8192403880381, 
76.560254787867, 84.839013754893, 77.9657756350158, 62.9585962718551, 
54.7855661829268, 43.0300156931947, 63.3063145661346, 64.1252400622067, 
44.8295415657815, 56.6534066882344, 73.9778892371246, 57.1438984939989, 
78.8810828033128, 76.8413987287751), .Names = c("1", "2", "3", 
"4", "5", "6", "7", "9", "10", "11", "12", "13", "14", "15", 
"16", "17", "18", "20", "21", "22", "23", "24", "25", "27", "28", 
"29", "30")), assign = 1:7, qr = structure(list(qr = structure(c(-5.19615242270663, 
0.192450089729875, 0.192450089729875, 0.192450089729875, 0.192450089729875, 
0.192450089729875, 0.192450089729875, 0.192450089729875, 0.192450089729875, 
0.192450089729875, 0.192450089729875, 0.192450089729875, 0.192450089729875, 
0.192450089729875, 0.192450089729875, 0.192450089729875, 0.192450089729875, 
0.192450089729875, 0.192450089729875, 0.192450089729875, 0.192450089729875, 
0.192450089729875, 0.192450089729875, 0.192450089729875, 0.192450089729875, 
0.192450089729875, 0.192450089729875, -341.791359360259, -70.2329457353646, 
0.0940757185871527, -0.00559260554061164, 0.207982374733169, 
-0.119499261686628, 0.0513607225323965, 0.264935702806177, -0.0340692695771157, 
-0.147975925723132, -0.0483076015953678, -0.0198309375588637, 
0.279174034824429, 0.193744042714917, 0.378842358952194, 0.307650698860933, 
-0.0483076015953678, -0.0767842656318719, -0.333074241960409, 
-0.0340692695771157, 0.0371223905141445, -0.375789238015165, 
-0.13373759370488, 0.165267378678413, -0.0910225976501239, 0.307650698860933, 
0.264935702806177, -275.588528493181, -36.3393873843611, -52.8621971496863, 
-0.0777165698770799, -0.0219221343711548, 0.0791752168329003, 
-0.175079573263807, 0.240139952845125, -0.057410733231322, 0.175149493605607, 
-0.00942359484496873, 0.159441668826645, 0.438075244871355, -0.0496034361117502, 
-0.257259814436125, 0.0583443176225902, 0.331084385726301, 0.40814155246727, 
-0.0712047688317108, 0.0750090369908383, 0.0242444453764436, 
0.129507976422561, -0.0430916350663811, 0.0463708406609564, -0.0357161699715435, 
0.190764087844751, -0.384124678202203, -291.754336030491, -37.5876144912945, 
-11.4059006342731, 49.0355388976436, -0.104841902340487, 0.128440571929882, 
-0.0788666194452232, 0.0162392709473075, 0.0824488170952767, 
-0.143365288721313, 0.252446471064487, 0.276076731016642, 0.549517961724093, 
-0.248497668427881, -0.18275230798564, -0.0591726046853306, -0.355056995026528, 
0.0798686223314672, 0.111453037419439, -0.174195903115328, 0.10663670604758, 
-0.336326214380228, -0.00961120964501627, -0.27558306164323, 
0.0873092962742401, -0.0507034851737676, -0.0528199671590905, 
-307.535243388341, -12.5740292090075, 5.54493985112985, -2.67404974502039, 
43.9098048678608, -0.044085537408727, 0.0517226851791295, -0.275712591269627, 
0.0884128056420729, -0.151181378723679, -0.48408945308213, 0.0597530081009103, 
0.195556144773587, -0.134545846591091, 0.0152219562638997, -0.440854224894518, 
-0.0126928101457982, 0.262976517829714, -0.0596762394337416, 
0.140333837395175, -0.116457335516504, -0.0398200185967185, -0.0307300312500072, 
0.204050409406198, -0.0410418636493349, -0.37486403224828, 0.228253747706971, 
-387.979380895428, -10.5506040255248, -3.0821807510087, -1.39477922235196, 
-6.48229113130326, 49.9121168567775, 0.16313689524086, -0.0876627158708587, 
-0.0349173576458473, 0.170420363014591, 0.00926215947075818, 
0.369780708441097, 0.242452503573811, -0.0407001938571167, 0.445724688029388, 
-0.0770874033113532, -0.0580680349621969, 0.113061515296088, 
0.223403969430038, -0.0426710295160983, -0.0475815246695909, 
0.326225420483761, 0.0183970137996703, 0.0127569847500702, -0.122139764452383, 
0.0598228928879777, -0.0095428159419005, -217.276151305029, -8.12850554553101, 
-11.28973643718, 24.9500673066765, 5.07942340078629, 13.9545637867817, 
33.7861964665727, 0.576346889973253, -0.0640965347195784, 0.337963118293362, 
-0.131411355073821, 0.195654632619639, -0.0927370161091526, 0.188213601869054, 
0.23576727420111, -0.337894980981149, -0.0999826023143788, -0.30940317756441, 
-0.0370227237169932, 0.195871438851178, 0.122904230798769, -0.114099935527422, 
0.216306754333091, 0.0813019171241608, 0.054816084928909, -0.116185568224789, 
0.0749461878425896), .Dim = c(27L, 7L), .Dimnames = list(c("1", 
"2", "3", "4", "5", "6", "7", "9", "10", "11", "12", "13", "14", 
"15", "16", "17", "18", "20", "21", "22", "23", "24", "25", "27", 
"28", "29", "30"), c("x1", "x2", "x3", "x4", "x5", "x6", "x7"
)), assign = 1:7), qraux = c(1.19245008972988, 1.00864572647764, 
1.28630653259272, 1.0968936737861, 1.23503297717665, 1.58129329585225, 
1.17622876853882), pivot = 1:7, tol = 1e-07, rank = 7L), .Names = c("qr", 
"qraux", "pivot", "tol", "rank"), class = "qr"), df.residual = 20L, 
    xlevels = structure(list(), .Names = character(0)), call = quote(lm(formula = y ~ 
        . + 0, data = structure(list(y = c(43, 63, 71, 61, 81, 
        43, 58, 72, 67, 64, 67, 69, 68, 77, 81, 74, 65, 50, 50, 
        64, 53, 40, 63, 78, 48, 85, 82), x1 = c(1, 1, 1, 1, 1, 
        1, 1, 1, 1, 1, 1, 1, 1, 1, 1, 1, 1, 1, 1, 1, 1, 1, 1, 
        1, 1, 1, 1), x2 = c(51, 64, 70, 63, 78, 55, 67, 82, 61, 
        53, 60, 62, 83, 77, 90, 85, 60, 58, 40, 61, 66, 37, 54, 
        75, 57, 85, 82), x3 = c(30, 51, 68, 45, 56, 49, 42, 72, 
        45, 53, 47, 57, 83, 54, 50, 64, 65, 68, 33, 52, 52, 42, 
        42, 58, 44, 71, 39), x4 = c(39, 54, 69, 47, 66, 44, 56, 
        67, 47, 58, 39, 42, 45, 72, 72, 69, 75, 54, 34, 62, 50, 
        58, 48, 74, 45, 71, 59), x5 = c(55, 55, 54, 59, 50, 59, 
        58, 71, 55, 62, 80, 55, 50, 66, 63, 80, 55, 43, 59, 51, 
        64, 55, 59, 50, 60, 76, 54), x6 = c(92, 73, 86, 84, 83, 
        49, 68, 83, 80, 67, 74, 63, 77, 77, 54, 79, 80, 78, 64, 
        80, 80, 57, 75, 78, 83, 74, 78), x7 = c(45, 47, 48, 35, 
        47, 34, 35, 31, 41, 34, 41, 25, 35, 46, 36, 63, 60, 52, 
        33, 41, 37, 49, 33, 49, 38, 55, 39)), .Names = c("y", 
        "x1", "x2", "x3", "x4", "x5", "x6", "x7"),