
expected <- structure(list(coefficients = structure(c(24.3416392517057, 0.692257447816185, 
-0.0466411997687264, 0.30622151077364, 0.153969577065369, -0.279120927493452, 
-0.227531829672937), .Names = c("x1", "x2", "x3", "x4", "x5", 
"x6", "x7")), residuals = structure(c(-4.01370968367058, 2.62953369134291, 
2.45239466811174, 3.24770453217489, -9.6900901026228, -8.33930817169982, 
-0.286066758010068, -11.7217968483309, 9.69122299776532, 5.46592178555099, 
6.68954140266135, 10.2479243382392, -0.100486800462692, -3.2406901161681, 
-2.82718689355717, 5.30563116005716, -0.743887729072423, -5.50350130471658, 
0.971147643799985, -5.51864428610423, -3.60539911272248, 6.53826336678002, 
-3.53381835586064, 1.27029207467694, -8.87056851539945, 8.04926856498459, 
5.43630845225279), .Names = c("1", "3", "4", "5", "6", "7", "8", 
"9", "10", "11", "12", "13", "15", "16", "17", "18", "19", "20", 
"22", "23", "24", "25", "26", "27", "28", "29", "30")), effects = structure(c(-338.327257745121, 
-53.1510040063286, 2.38481266822958, -8.69855043732628, -0.829499312810364, 
10.4426890303657, -8.98305536228998, -11.8485726988187, 10.8549124791555, 
7.86328161336469, 2.99757535088483, 14.8110716564971, -1.71342677961671, 
-2.2805842702406, -4.09474018913208, 10.3071834855592, -1.20414164939548, 
-1.94437554873353, 2.34432648491619, -0.424131399511053, -0.715407207990798, 
6.81656553437035, -6.2847581757041, -0.616241397247934, -8.74572745874058, 
10.0939484271712, 3.18919030122821), .Names = c("x1", "x2", "x3", 
"x4", "x5", "x6", "x7", "", "", "", "", "", "", "", "", "", "", 
"", "", "", "", "", "", "", "", "", "")), rank = 7L, fitted.values = structure(c(47.0137096836706, 
68.3704663086571, 58.5476053318883, 77.7522954678251, 52.6900901026228, 
66.3393081716998, 71.2860667580101, 83.7217968483309, 57.3087770022347, 
58.534078214449, 60.3104585973387, 58.7520756617608, 77.1004868004627, 
84.2406901161681, 76.8271868935572, 59.6943688399428, 65.7438877290724, 
55.5035013047166, 63.0288523562, 58.5186442861042, 43.6053991127225, 
56.46173663322, 69.5338183558606, 76.7297079253231, 56.8705685153994, 
76.9507314350154, 76.5636915477472), .Names = c("1", "3", "4", 
"5", "6", "7", "8", "9", "10", "11", "12", "13", "15", "16", 
"17", "18", "19", "20", "22", "23", "24", "25", "26", "27", "28", 
"29", "30")), assign = 1:7, qr = structure(list(qr = structure(c(-5.19615242270663, 
0.192450089729875, 0.192450089729875, 0.192450089729875, 0.192450089729875, 
0.192450089729875, 0.192450089729875, 0.192450089729875, 0.192450089729875, 
0.192450089729875, 0.192450089729875, 0.192450089729875, 0.192450089729875, 
0.192450089729875, 0.192450089729875, 0.192450089729875, 0.192450089729875, 
0.192450089729875, 0.192450089729875, 0.192450089729875, 0.192450089729875, 
0.192450089729875, 0.192450089729875, 0.192450089729875, 0.192450089729875, 
0.192450089729875, 0.192450089729875, -348.527112500804, -64.4348651884355, 
-0.0229669383926948, 0.209826285526274, -0.147123324482811, 0.0391112546523634, 
0.16326764074248, 0.271904478571332, -0.0540060349152239, -0.17816242100534, 
-0.0695255831764885, -0.0384864866539594, 0.194306737265009, 
0.396060864661448, 0.318463123355125, -0.0695255831764885, 0.0856698994361571, 
-0.100564679699018, -0.0540060349152239, 0.0235917063910989, 
-0.426475193185573, -0.162642872744076, 0.194306737265009, 0.16326764074248, 
-0.116084227960282, 0.318463123355125, 0.271904478571332, -274.626278044532, 
-24.9910710853059, 49.1208079475144, 0.0332697122450195, -0.1175759361763, 
0.17798279240609, 0.117154307922394, -0.241440185980785, 0.0403824137808932, 
-0.224516643047355, -0.0130879396546342, -0.191158831431529, 
0.0612312441374779, 0.308470469495412, -0.0403131830102102, -0.37953142363057, 
0.134814139392708, -0.466114159169628, -0.102123385543082, -0.0383513316854092, 
-0.204649530739946, 0.0121754523761407, -0.183064411846479, -0.0457094627335769, 
0.00972274202675147, -0.182818982334185, 0.430372867975097, -299.837239799146, 
-35.2696104189331, 21.7298843053379, -39.9436645615164, -0.177617837000547, 
0.106779989075908, -0.100743421629851, -0.163450290946938, -0.103742940267717, 
0.137116691742865, -0.321904565512506, -0.400929011325126, 0.252106902281073, 
0.186143551267977, -0.0326140735118242, 0.335221351322635, 0.0498186683736243, 
-0.212714672469972, 0.17684128669816, -0.169819303439769, 0.434275378359838, 
0.0267153585700828, -0.135972710318455, 0.266418319331288, -0.103259952891661, 
-0.0774882175469095, 0.083863901372416, -341.406459180799, -33.9194097202031, 
10.8534948345161, -6.09508613613382, 36.0021506126074, -0.0695628717457221, 
-0.0269904980245857, 0.258323896605004, -0.0134030192056276, 
0.124544792448818, 0.0577472715425807, 0.292838251078639, -0.173085739565426, 
0.445432283286562, -0.00555906672223858, 0.438306537640187, -0.248625408909153, 
0.140950833621688, -0.0170379189003488, 0.0838027136617085, 0.0820694063042763, 
-0.220213486708983, -0.331927055773234, -0.176949199072772, 0.237411397649097, 
0.122601952847488, 0.114289035146602, -392.790633138675, -12.9714683559984, 
-3.64001580727729, -2.18656021132925, 5.02569451419289, -36.8099329152182, 
-0.168917701177394, -0.405232746466621, 0.0327157340136103, -0.0484298422755428, 
-0.665088377417233, -0.0333995462863165, 0.0061513944962547, 
0.0216473793993723, -0.0598426369565056, 0.197468074673896, 0.142277545479794, 
-0.0162814297562156, 0.0622641143249908, 0.374559833361553, 0.132207056134645, 
0.00870161100007066, -0.109746783897143, -0.06467149769836, -0.294648168716515, 
0.122486268791163, -0.128125022933774, -225.743955253144, -11.8276201693348, 
20.5044038044349, -16.9699421678191, 21.8429162597646, -0.739529121442478, 
39.4804339032591, 0.428358912374076, -0.0216586384387451, 0.321088636070982, 
-0.0041809569619998, 0.238385812108267, 0.189618840019026, -0.0739544297517605, 
-0.341179449274386, -0.348356462825178, 0.0348669503062459, -0.106291326776673, 
0.193503270881508, 0.0114287114140091, -0.0439054425038829, 0.350864676234645, 
-0.346451182853727, 0.196607497754961, -0.047989596319009, -0.174105711984288, 
-0.0873060962916025), .Dim = c(27L, 7L), .Dimnames = list(c("1", 
"3", "4", "5", "6", "7", "8", "9", "10", "11", "12", "13", "15", 
"16", "17", "18", "19", "20", "22", "23", "24", "25", "26", "27", 
"28", "29", "30"), c("x1", "x2", "x3", "x4", "x5", "x6", "x7"
)), assign = 1:7), qraux = c(1.19245008972988, 1.08566989943616, 
1.06589123532396, 1.06552080427392, 1.17955741520268, 1.02450806568661, 
1.05360669714468), pivot = 1:7, tol = 1e-07, rank = 7L), .Names = c("qr", 
"qraux", "pivot", "tol", "rank"), class = "qr"), df.residual = 20L, 
    xlevels = structure(list(), .Names = character(0)), call = quote(lm(formula = y ~ 
        . + 0, data = structure(list(y = c(43, 71, 61, 81, 43, 
        58, 71, 72, 67, 64, 67, 69, 77, 81, 74, 65, 65, 50, 64, 
        53, 40, 63, 66, 78, 48, 85, 82), x1 = c(1, 1, 1, 1, 1, 
        1, 1, 1, 1, 1, 1, 1, 1, 1, 1, 1, 1, 1, 1, 1, 1, 1, 1, 
        1, 1, 1, 1), x2 = c(51, 70, 63, 78, 55, 67, 75, 82, 61, 
        53, 60, 62, 77, 90, 85, 60, 70, 58, 61, 66, 37, 54, 77, 
        75, 57, 85, 82), x3 = c(30, 68, 45, 56, 49, 42, 50, 72, 
        45, 53, 47, 57, 54, 50, 64, 65, 46, 68, 52, 52, 42, 42, 
        66, 58, 44, 71, 39), x4 = c(39, 69, 47, 66, 44, 56, 55, 
        67, 47, 58, 39, 42, 72, 72, 69, 75, 57, 54, 62, 50, 58, 
        48, 63, 74, 45, 71, 59), x5 = c(61, 76, 54, 71, 54, 66, 
        70, 71, 62, 58, 59, 55, 79, 60, 79, 55, 75, 64, 66, 63, 
        50, 66, 88, 80, 51, 77, 64), x6 = c(80, 83, 79, 66, 77, 
        78, 75, 66, 78, 68, 54, 77, 78, 83, 80, 75, 84, 73, 75, 
        92, 67, 74, 77, 74, 64, 86, 78), x7 = c(45, 48, 35, 47, 
        34, 35, 41, 31, 41, 34, 41, 25, 46, 36, 63, 60, 46, 52, 
        41, 37, 49, 33, 72, 49, 38, 55, 39)), .Names = c("y", 
        "x1", "x2", "x3", "x4", "x5", "x6", "x7"),