
expected <- structure(list(coefficients = structure(c(-0.54926035758116, 
0.57901895213443, 0.0290626557120345, 0.32028962403914, 0.114222337301838, 
0.123152576690073, -0.213638168259426), .Names = c("x1", "x2", 
"x3", "x4", "x5", "x6", "x7")), residuals = structure(c(-8.67175212943039, 
1.27228153610202, -1.47762965635814, 6.08904427563952, -8.32782259917556, 
0.205977942119638, -9.20794926819081, 7.79356010463624, 5.90435813215324, 
11.8377000480955, 9.27812254436427, -4.43283419533197, -0.229055330287077, 
-0.989232262875904, -3.88741277596235, 1.40812308822303, -3.09983438245064, 
10.6373886742218, -0.496086310391732, -11.3111464372641, -2.86116452299809, 
5.6340344761606, -5.00252275969226, 1.501367051435, -7.19378648966357, 
5.72493703818284, 6.09164447188931), .Names = c("1", "2", "3", 
"5", "7", "8", "9", "10", "11", "12", "13", "14", "15", "16", 
"17", "18", "19", "21", "22", "23", "24", "25", "26", "27", "28", 
"29", "30")), effects = structure(c(245.916941061388, -244.181058024312, 
-5.92121823270458, -15.0280630923621, -5.71728739330767, 4.61658003799993, 
-8.18057568671586, 8.04821155529899, 7.82228792209149, 11.852146420312, 
12.719769215845, -5.69639898532105, -0.827969294703572, -6.65075686741793, 
-8.47500408626579, -3.25399618430446, -3.99719578121881, 8.67997055916613, 
-0.040791485552213, -10.1698865665528, -5.93256194503939, 9.89147150287786, 
-6.57600651715836, 1.11888003280293, -9.39945147043356, 1.75152090649752, 
4.23520427366392), .Names = c("x1", "x2", "x3", "x4", "x5", "x6", 
"x7", "", "", "", "", "", "", "", "", "", "", "", "", "", "", 
"", "", "", "", "", "")), rank = 7L, fitted.values = structure(c(51.6717521294304, 
61.727718463898, 72.4776296563581, 74.9109557243605, 66.3278225991756, 
70.7940220578804, 81.2079492681908, 59.2064398953638, 58.0956418678468, 
55.1622999519045, 59.7218774556357, 72.432834195332, 77.2290553302871, 
81.9892322628759, 77.8874127759624, 63.591876911777, 68.0998343824506, 
39.3626113257782, 64.4960863103917, 64.3111464372641, 42.8611645229981, 
57.3659655238394, 71.0025227596923, 76.498632948565, 55.1937864896636, 
79.2750629618172, 75.9083555281107), .Names = c("1", "2", "3", 
"5", "7", "8", "9", "10", "11", "12", "13", "14", "15", "16", 
"17", "18", "19", "21", "22", "23", "24", "25", "26", "27", "28", 
"29", "30")), assign = 1:7, qr = structure(list(qr = structure(c(7.70654793745899, 
-0.0596472811146797, -0.271050213372971, -0.309386463031635, 
-0.0139410923736083, 0.220668923071014, -0.361970980785467, -0.15355287748146, 
-0.0760476094833433, -0.125049221537803, 0.00332636188835912, 
-0.282431050630015, -0.157007591736604, -0.106089048246901, -0.137637461113694, 
-0.0888750309143157, -0.291093861162289, -0.328457335620706, 
-0.194901794771242, -0.135473242781795, -0.147064599738708, -0.0521272129777413, 
0.0690940890167615, -0.139448655781526, -0.338027347121562, -0.213534681316388, 
-0.0439348647411536, 251.412722229497, -254.247208639847, 0.0663415500645886, 
0.068249552970337, 0.252774400097712, 0.465125308161923, 0.0434393520653317, 
0.121533951900392, 0.149825453678982, 0.13957723016364, 0.246421792484628, 
0.108698207040034, 0.181801228044982, 0.272191012233058, 0.228201132343988, 
0.167467708033641, 0.0508877996014313, -0.0959150176640993, 0.0896537344651912, 
0.155139337957488, 0.0321401291747144, 0.172201376218598, 0.356126729589925, 
0.187472893816987, -0.0364294857429259, 0.169684004414568, 0.288646752798046, 
207.23051822043, -185.73895673351, -50.4237272485796, -0.207195916139816, 
-0.156270943805881, 0.0181924757314703, 0.021723900702973, -0.0880299842443511, 
0.231727615655258, -0.017563537471379, 0.224227528033128, 0.270312780430635, 
-0.145843483610316, -0.38671354463116, -0.0537163311767464, 0.359915158992673, 
-0.277975452585824, -0.117575955709495, 0.0273565668305056, -0.0121908356145044, 
0.207665936301689, 0.0124882491496664, 0.220296426231338, -0.0272703267326404, 
-0.153838221164533, 0.0420878939540642, -0.452463828369605, 215.125981228308, 
-207.383167426586, -17.0593947018963, -51.6914995050377, 0.0845139949332814, 
-0.0822198649678685, -0.094372050850195, -0.0549539394240474, 
0.167046492871294, -0.217196028346212, -0.263964872875127, -0.622859390003682, 
0.198788429832278, 0.106090943311042, -0.0205645193555649, 0.327925324942889, 
0.0450133685026847, -0.000774866272216793, 0.177112436615789, 
-0.104103709867949, 0.414682805146785, 0.0558000867563215, -0.0788579925586197, 
0.223043062000519, -0.0442073655686291, -0.0395355679280296, 
0.0232226260977324, 238.168663713311, -243.311886242591, -13.737351859113, 
-24.4061786535504, -42.6806425152883, -0.0946112268206393, -0.00539066310226412, 
0.213075323793566, -0.0444106003780909, 0.224148895737149, -0.0603249207180472, 
-0.122950683052514, 0.114390886956398, -0.45512196357511, 0.0216801608472361, 
-0.442135846598459, 0.400496744078149, 0.288413997287998, 0.108315169095467, 
0.10875463587984, 0.00643556749201269, 0.300973916259612, 0.229180480921327, 
0.0976312308899182, 0.142694498977455, -0.0351130470040962, -0.114268892281799, 
289.081727771255, -255.307329513978, -17.5101438100379, -20.7162599637042, 
-51.7174859319388, 53.2865391161312, -0.080954884498383, -0.227953108195559, 
-0.063708867575814, -0.173433203128328, -0.0639265963005789, 
-0.209626370523385, 0.15967493097305, 0.140844594922508, 0.119846767955437, 
-0.382041339173865, -0.0448050095271483, -0.2824462138818, -0.137896597551122, 
-0.211289184702639, -0.024198490421578, -0.0519730650153549, 
0.367097071726162, 0.167982028601235, -0.490703514459067, 0.188192269331183, 
-0.219914649957431, 155.185371858584, -159.55503868796, -22.1575953029207, 
-32.1439725419907, -25.8705504255782, 9.10789758637683, 38.2917329490581, 
-0.0381981650472945, 0.299886937839926, -0.169135396217134, 0.295134578740706, 
-0.0501383871468835, 0.113850732954848, 0.123945624240675, -0.362874726624121, 
-0.0741912207695381, -0.105781107301248, -0.190651595279529, 
0.162056368094309, 0.110117795701475, -0.168082271044379, 0.249976252670854, 
-0.504977603790723, 0.102902719429735, -0.0855526242789207, -0.201262105484878, 
0.113215276593475), .Dim = c(27L, 7L), .Dimnames = list(c("1", 
"2", "3", "5", "7", "8", "9", "10", "11", "12", "13", "14", "15", 
"16", "17", "18", "19", "21", "22", "23", "24", "25", "26", "27", 
"28", "29", "30"), c("x1", "x2", "x3", "x4", "x5", "x6", "x7"
)), assign = 1:7), qraux = c(1.02237909563422, 1.20573516549131, 
1.16968802334235, 1.05830248967539, 1.06322848458862, 1.13186430710239, 
1.34925115942368), pivot = 1:7, tol = 1e-07, rank = 7L), .Names = c("qr", 
"qraux", "pivot", "tol", "rank"), class = "qr"), df.residual = 20L, 
    xlevels = structure(list(), .Names = character(0)), call = quote(lm(formula = y ~ 
        . + 0, data = structure(list(y = c(43, 63, 71, 81, 58, 
        71, 72, 67, 64, 67, 69, 68, 77, 81, 74, 65, 65, 50, 64, 
        53, 40, 63, 66, 78, 48, 85, 82), x1 = c(-0.172465573302085, 
        0.459674631249372, 2.08886146281729, 2.38430160855418, 
        0.107437696677756, -1.70059563395422, 2.78954671539225, 
        1.18336261124564, 0.586064548012546, 0.963697820323011, 
        -0.0256347673499762, 2.17656843070712, 1.20998653226313, 
        0.817580335954143, 1.06070969206283, 0.684919686184324, 
        2.24332879534721, 2.53127220237103, 1.50202002450137, 
        1.04403103974092, 1.13336038778957, 0.401720865659098, 
        -0.532476909202731, 1.07466775059455, 2.60502395476441, 
        1.64561525787477, 0.338586141253477), x2 = c(51, 64, 
        70, 78, 67, 75, 82, 61, 53, 60, 62, 83, 77, 90, 85, 60, 
        70, 40, 61, 66, 37, 54, 77, 75, 57, 85, 82), x3 = c(30, 
        51, 68, 56, 42, 50, 72, 45, 53, 47, 57, 83, 54, 50, 64, 
        65, 46, 33, 52, 52, 42, 42, 66, 58, 44, 71, 39), x4 = c(39, 
        54, 69, 66, 56, 55, 67, 47, 58, 39, 42, 45, 72, 72, 69, 
        75, 57, 34, 62, 50, 58, 48, 63, 74, 45, 71, 59),