
expected <- structure(list(coefficients = structure(c(14.4930356876558, 0.599970538270723, 
-0.00569121288384722, 0.307066640042837, 0.0220439344869806, 
0.00339258248377102, -0.208912659823401), .Names = c("x1", "x2", 
"x3", "x4", "x5", "x6", "x7")), residuals = structure(c(-8.45016287283513, 
1.99997177548574, 1.97805016327129, -0.0484387177130203, 4.80898608533965, 
-10.9324932940109, -6.76793888534921, 3.37480385720545, 8.66002249145488, 
6.00638681151676, 10.6221851926971, -1.5880571307999, -3.71742666025959, 
-7.22034638575051, -2.74104237097526, -2.10822160127576, -2.1196447271853, 
7.82044099679014, 4.97502617969595, -9.2432355643273, -4.06815742067241, 
7.41989985600948, -4.99458959967029, 2.65361578620005, -8.56173637511874, 
5.77336152362438, 6.46874088665254), .Names = c("1", "2", "3", 
"4", "5", "6", "7", "8", "10", "11", "13", "14", "16", "17", 
"18", "19", "20", "21", "22", "23", "24", "25", "26", "27", "28", 
"29", "30")), effects = structure(c(-331.591504604575, -52.8406667457116, 
1.16535851229253, 13.6513149923323, -2.20715077266605, 1.69700039744578, 
8.18910675787521, 7.09413951525007, 10.3118673822633, 7.16202316368061, 
12.2996110158471, -2.97349807102106, -2.95287525052241, -7.70611074635195, 
-6.02673603768707, -0.483158978377285, 0.967533510850913, 11.1612199615923, 
7.45082380162144, -8.36678460769555, 0.618451876914167, 10.1451516814867, 
-1.67668365490642, 3.58261799764681, -8.99778479531594, 6.14516780161462, 
7.06887496276715), .Names = c("x1", "x2", "x3", "x4", "x5", "x6", 
"x7", "", "", "", "", "", "", "", "", "", "", "", "", "", "", 
"", "", "", "", "", "")), rank = 7L, fitted.values = structure(c(51.4501628728351, 
61.0000282245143, 69.0219498367287, 61.048438717713, 76.1910139146604, 
53.9324932940109, 64.7679388853492, 67.6251961427946, 58.3399775085451, 
57.9936131884832, 58.3778148073029, 69.5880571307999, 84.7174266602596, 
81.2203463857505, 67.7410423709753, 67.1082216012758, 52.1196447271853, 
42.1795590032099, 59.0249738203041, 62.2432355643273, 44.0681574206724, 
55.5801001439905, 70.9945895996703, 75.3463842138, 56.5617363751187, 
79.2266384763756, 75.5312591133475), .Names = c("1", "2", "3", 
"4", "5", "6", "7", "8", "10", "11", "13", "14", "16", "17", 
"18", "19", "20", "21", "22", "23", "24", "25", "26", "27", "28", 
"29", "30")), assign = 1:7, qr = structure(list(qr = structure(c(-5.19615242270663, 
0.192450089729875, 0.192450089729875, 0.192450089729875, 0.192450089729875, 
0.192450089729875, 0.192450089729875, 0.192450089729875, 0.192450089729875, 
0.192450089729875, 0.192450089729875, 0.192450089729875, 0.192450089729875, 
0.192450089729875, 0.192450089729875, 0.192450089729875, 0.192450089729875, 
0.192450089729875, 0.192450089729875, 0.192450089729875, 0.192450089729875, 
0.192450089729875, 0.192450089729875, 0.192450089729875, 0.192450089729875, 
0.192450089729875, 0.192450089729875, -342.368709629448, -68.8379740162845, 
0.0946285258367066, -0.00705953369775985, 0.210843451018954, 
-0.123274458880007, 0.0510479288933639, 0.167262854075611, -0.0361132649933217, 
-0.152328190175569, -0.0215863993455408, 0.283477779257859, 0.385165838792325, 
0.312531510553421, -0.0506401306411026, 0.0946285258367066, -0.0796938619366645, 
-0.341177443596721, -0.0361132649933217, 0.0365210632455829, 
-0.384758040540064, -0.137801324527788, 0.196316585371173, 0.167262854075611, 
-0.0942207275844454, 0.312531510553421, 0.268950913610078, -273.471577506153, 
-33.2358545059397, -53.2510494878393, -0.070052322797673, -0.00669154004805236, 
0.0814411228608679, -0.164578018240964, -0.0907237925312555, 
-0.0509579339970586, 0.175651402117566, 0.164842542970884, 0.452604748528973, 
-0.233931708535864, 0.0767098800619636, 0.334168712683665, -0.118103710985803, 
0.409600019326341, -0.0758145229588567, 0.080494874301087, 0.032758902299551, 
0.121837813768252, -0.0404644910369705, 0.190645380492463, 0.0595079883809109, 
-0.0315481290098505, 0.208162688360109, -0.364122852087635, -291.176985761301, 
-32.7887498632246, -12.0111858195518, 45.9738214702459, -0.126776264009074, 
0.146469422888452, -0.0900171792328606, 0.0462799188113019, 0.0896046789845458, 
-0.14017645812747, 0.29795177230988, 0.572139119503493, -0.225001870218563, 
-0.0840514605148644, -0.370965020032825, -0.0610621517971232, 
0.0959399796426184, 0.141459594833629, -0.182404373202978, 0.111445026063237, 
-0.3305079318491, -0.00136645725563106, 0.00943141373069283, 
-0.304983229318835, 0.099090725323558, -0.0732908932916216, -0.0800336620639995, 
-332.938655232684, -34.7369639562104, -5.90088014670624, 14.3792209278217, 
37.4113994119425, 0.0883967215325639, -0.0198516122366531, -0.0740628466497124, 
-0.0561869391807157, 0.143650962410509, 0.0957585162115162, 0.202891328143994, 
0.496629964955771, -0.0583953227028631, 0.493560590913973, -0.222497273825623, 
-0.00898153041147046, 0.138662389187789, 0.0288922640220551, 
-0.00309501892698088, 0.235702240135178, -0.201494975093204, 
-0.420636300880987, -0.0995109703715286, 0.185968080392418, 0.0301001084210261, 
0.163299733683782, -386.632230267319, -8.06563862688463, -1.53998245972937, 
-0.682271547394574, 20.0669496492956, 47.874257000929, 0.162702050764063, 
0.261260859304771, -0.0393149374326956, 0.168882167532395, 0.340778562791046, 
0.130331467288528, 0.306225068939915, 0.00393640263110654, -0.201602890020956, 
-0.120689540652062, 0.0606268249271836, 0.22036437123156, -0.083156484574125, 
-0.0316213572357864, 0.296266249709722, 0.08542651021309, 0.190675332364828, 
-0.0114649436253739, -0.169452520436462, 0.106432375489893, -0.11037954764805, 
-218.430851843408, 4.15306947908226, -22.429627111912, 3.73539755192842, 
14.8383731022932, -7.34557222629829, -39.1987099527508, 0.1937116190599, 
0.0316669930697558, -0.212394639708633, -0.161037624874793, 0.0789492515132441, 
0.147829841263921, -0.287913013716178, -0.171544810887536, -0.0556485535745872, 
0.565246603265832, 0.0548124147035831, 0.429850247614067, 0.0121940097045492, 
0.337643007265797, -0.215729210309645, -0.100385468165063, -0.16332509194945, 
0.00149045513199712, -0.0191627962902513, 0.197814137069554), .Dim = c(27L, 
7L), .Dimnames = list(c("1", "2", "3", "4", "5", "6", "7", "8", 
"10", "11", "13", "14", "16", "17", "18", "19", "20", "21", "22", 
"23", "24", "25", "26", "27", "28", "29", "30"), c("x1", "x2", 
"x3", "x4", "x5", "x6", "x7")), assign = 1:7), qraux = c(1.19245008972988, 
1.00746733195002, 1.29503368652266, 1.1027371946009, 1.06098135991712, 
1.59089095340916, 1.05197438953843), pivot = 1:7, tol = 1e-07, 
    rank = 7L), .Names = c("qr", "qraux", "pivot", "tol", "rank"
), class = "qr"), df.residual = 20L, xlevels = structure(list(), .Names = character(0)), 
    call = quote(lm(formula = y ~ . + 0, data = structure(list(y = c(43, 
        63, 71, 61, 81, 43, 58, 71, 67, 64, 69, 68, 81, 74, 65, 
        65, 50, 50, 64, 53, 40, 63, 66, 78, 48, 85, 82), x1 = c(1, 
        1, 1, 1, 1, 1, 1, 1, 1, 1, 1, 1, 1, 1, 1, 1, 1, 1, 1, 
        1, 1, 1, 1, 1, 1, 1, 1), x2 = c(51, 64, 70, 63, 78, 55, 
        67, 75, 61, 53, 62, 83, 90, 85, 60, 70, 58, 40, 61, 66, 
        37, 54, 77, 75, 57, 85, 82), x3 = c(30, 51, 68, 45, 56, 
        49, 42, 50, 45, 53, 57, 83, 50, 64, 65, 46, 68, 33, 52, 
        52, 42, 42, 66, 58, 44, 71, 39), x4 = c(39, 54, 69, 47, 
        66, 44, 56, 55, 47, 58, 42, 45, 72, 69, 75, 57, 54, 34, 
        62, 50, 58, 48, 63, 74, 45, 71, 59), x5 = c(61, 63, 76, 
        54, 71, 54, 66, 70, 62, 58, 55, 59, 60, 79, 55, 75, 64, 
        43, 66, 63, 50, 66, 88, 80, 51, 77, 64), x6 = c(92, 73, 
        86, 84, 83, 49, 68, 66, 80, 67, 63, 77, 54, 79, 80, 85, 
        78, 64, 80, 80, 57, 75, 76, 78, 83, 74, 78), x7 = c(34, 
        47, 49, 33, 33, 39, 41, 49, 41, 35, 35, 46, 34, 34, 33, 
        41, 72, 37, 60, 41, 55, 36, 52, 41, 34, 46, 37)), .Names = c("y", 
        "x1", "x2", "x3", "x4", "x5", "x6", "x7"),