
expected <- structure(list(coefficients = structure(c(-9.49367380417856, 
0.659242638718942, 0.162584400481329, 0.314342694283805, 0.0568661733758986, 
0.1382955990353, -0.240117096672042), .Names = c("x1", "x2", 
"x3", "x4", "x5", "x6", "x7")), residuals = structure(c(-7.22821700952051, 
-3.08832609780637, 1.07523081558833, 6.94188705415878, -8.54633712946518, 
-8.46183889148892, 1.23097617812394, -9.01388414223479, 8.14424327689786, 
9.09333095908036, 10.2050023779695, 7.8503317538194, -1.40188737191911, 
-4.27454097051313, -3.78931015009582, 3.44993172751434, -1.37409177481902, 
-4.48585234692607, 1.50231337298783, -9.8116573557617, -2.65858620504631, 
6.49992238049924, -1.42707696450097, 2.76411484033203, -6.79913575579527, 
7.90504403710846, 5.69841339181313), .Names = c("1", "3", "4", 
"5", "6", "7", "8", "9", "10", "11", "12", "13", "15", "16", 
"17", "18", "19", "20", "22", "23", "24", "25", "26", "27", "28", 
"29", "30")), effects = structure(c(-338.327257745121, -53.1510040063286, 
5.04644451744107, -8.79307231270393, -0.962925714766323, 4.83352613100585, 
9.48779621101037, -5.38595862875879, 9.74029779303754, 10.5477238344533, 
13.0442514029034, 13.8178734840033, -0.150685716021361, 1.67351724990624, 
-3.73698582359946, -1.09558080587673, -0.386285455761422, -5.32435263949533, 
1.60306948823472, -7.28968899042782, -4.71049921563855, 8.84261054931018, 
-2.3867872889469, 3.03938295192157, -5.83401497904385, 9.27137167668735, 
9.31753110468414), .Names = c("x1", "x2", "x3", "x4", "x5", "x6", 
"x7", "", "", "", "", "", "", "", "", "", "", "", "", "", "", 
"", "", "", "", "", "")), rank = 7L, fitted.values = structure(c(50.2282170095205, 
74.0883260978064, 59.9247691844117, 74.0581129458412, 51.5463371294652, 
66.4618388914889, 69.7690238218761, 81.0138841422348, 58.8557567231021, 
54.9066690409196, 56.7949976220305, 61.1496682461806, 78.4018873719191, 
85.2745409705131, 77.7893101500958, 61.5500682724857, 66.374091774819, 
54.4858523469261, 62.4976866270122, 62.8116573557617, 42.6585862050463, 
56.5000776195008, 67.427076964501, 75.235885159668, 54.7991357557953, 
77.0949559628915, 76.3015866081869), .Names = c("1", "3", "4", 
"5", "6", "7", "8", "9", "10", "11", "12", "13", "15", "16", 
"17", "18", "19", "20", "22", "23", "24", "25", "26", "27", "28", 
"29", "30")), assign = 1:7, qr = structure(list(qr = structure(c(-5.19615242270663, 
0.192450089729875, 0.192450089729875, 0.192450089729875, 0.192450089729875, 
0.192450089729875, 0.192450089729875, 0.192450089729875, 0.192450089729875, 
0.192450089729875, 0.192450089729875, 0.192450089729875, 0.192450089729875, 
0.192450089729875, 0.192450089729875, 0.192450089729875, 0.192450089729875, 
0.192450089729875, 0.192450089729875, 0.192450089729875, 0.192450089729875, 
0.192450089729875, 0.192450089729875, 0.192450089729875, 0.192450089729875, 
0.192450089729875, 0.192450089729875, -348.527112500804, -64.4348651884355, 
-0.0229669383926948, 0.209826285526274, -0.147123324482811, 0.0391112546523634, 
0.16326764074248, 0.271904478571332, -0.0540060349152239, -0.17816242100534, 
-0.0695255831764885, -0.0384864866539594, 0.194306737265009, 
0.396060864661448, 0.318463123355125, -0.0695255831764885, 0.0856698994361571, 
-0.100564679699018, -0.0540060349152239, 0.0235917063910989, 
-0.426475193185573, -0.162642872744076, 0.194306737265009, 0.16326764074248, 
-0.116084227960282, 0.318463123355125, 0.271904478571332, -273.279127416423, 
2.02041526438314, 44.904748531508, 0.24725063895927, -0.140967934337322, 
-0.111732826405091, -0.0551271548495468, 0.24214943509639, -0.0261382614492507, 
0.18448838412042, -0.31993197730929, -0.311347899360512, -0.202428595223812, 
-0.168901448317193, -0.0122067651056594, 0.0363777788576645, 
0.257453046685029, 0.205948578992364, 0.152016616634226, 0.17347681150617, 
-0.396379513959796, -0.122990613551276, 0.109342441422273, 0.0562196439526264, 
0.134848460736671, 0.32183363130086, 0.130802636294217, -299.837239799146, 
-35.2696104189331, -0.111346798802168, -45.4716594420823, -0.10369296473793, 
-0.0234288629602353, -0.163505890857042, 0.0260332657840681, 
-0.117820637487797, 0.273414753094752, -0.312512898268898, -0.276709922980491, 
0.161957151824144, -0.0367654780456929, -0.00648273436254366, 
0.520843904122904, -0.00504053556349065, 0.110017411919106, 0.232882603865497, 
-0.106448496890436, 0.454913333375125, 0.00196343759684629, 0.000479696041767085, 
0.267353939483799, -0.080632266134212, 0.0765521595455061, -0.162917645133878, 
-341.406459180799, -33.9194097202031, -1.66414396128422, -10.5366721147558, 
36.5692827313426, 0.0304267600486333, 0.016803074544899, 0.103883662210353, 
-0.00472817178390275, 0.0209572257540261, 0.0664545601267069, 
0.218192614185891, -0.0869218209418074, 0.606188052075505, -0.022920052770632, 
0.314275583805736, -0.226932499644462, -0.0993016587417518, -0.0610841384986662, 
0.0215802299596031, 0.110767417149592, -0.189799603364092, -0.430519102641395, 
-0.17155268542589, 0.205003617728433, -0.00983243423030954, 0.269582647781372, 
-390.481232061917, -5.97042769591686, -23.7237188038401, 1.23221880433168, 
18.0800812788193, 42.243802674725, 0.302098252187504, 0.00887366356353139, 
-0.0653182961747413, 0.261643049123434, -0.140272000834136, -0.00250702571949259, 
0.0213057345968268, 0.060140488300927, 0.0848624066251168, -0.383346224172662, 
0.207099589040641, 0.160978285075725, 0.0496624243507466, 0.0502877659208956, 
-0.0144123417823785, 0.112839305770763, 0.545629884361142, 0.201383172037847, 
-0.250051389457439, 0.376966122269872, -0.0625144147759393, -225.743955253144, 
-11.8276201693348, -4.81495640996524, -24.6937077686285, 23.0840562154179, 
4.20047501574551, -39.5132056088828, -0.353115383640394, 0.00086915675778308, 
-0.246133007210939, 0.128318566086436, -0.175175927003099, -0.177365077599471, 
0.0686738656569801, 0.380411528095372, 0.22073016841061, -0.0400118543568098, 
0.17694165650792, -0.203524364541709, -0.073576574147558, 0.0561360345598524, 
-0.309735613279765, 0.525753841475416, -0.139610625032789, 0.0205812159687477, 
0.239976176174492, 0.0419432971040094), .Dim = c(27L, 7L), .Dimnames = list(
    c("1", "3", "4", "5", "6", "7", "8", "9", "10", "11", "12", 
    "13", "15", "16", "17", "18", "19", "20", "22", "23", "24", 
    "25", "26", "27", "28", "29", "30"), c("x1", "x2", "x3", 
    "x4", "x5", "x6", "x7")), assign = 1:7), qraux = c(1.19245008972988, 
1.08566989943616, 1.22740877386431, 1.06698934521247, 1.13332661241461, 
1.15646342586877, 1.05876940186448), pivot = 1:7, tol = 1e-07, 
    rank = 7L), .Names = c("qr", "qraux", "pivot", "tol", "rank"
), class = "qr"), df.residual = 20L, xlevels = structure(list(), .Names = character(0)), 
    call = quote(lm(formula = y ~ . + 0, data = structure(list(y = c(43, 
        71, 61, 81, 43, 58, 71, 72, 67, 64, 67, 69, 77, 81, 74, 
        65, 65, 50, 64, 53, 40, 63, 66, 78, 48, 85, 82), x1 = c(1, 
        1, 1, 1, 1, 1, 1, 1, 1, 1, 1, 1, 1, 1, 1, 1, 1, 1, 1, 
        1, 1, 1, 1, 1, 1, 1, 1), x2 = c(51, 70, 63, 78, 55, 67, 
        75, 82, 61, 53, 60, 62, 77, 90, 85, 60, 70, 58, 61, 66, 
        37, 54, 77, 75, 57, 85, 82), x3 = c(52, 68, 42, 44, 57, 
        58, 57, 45, 53, 42, 66, 66, 64, 65, 57, 50, 42, 42, 45, 
        45, 65, 56, 50, 52, 45, 42, 50), x4 = c(39, 69, 47, 66, 
        44, 56, 55, 67, 47, 58, 39, 42, 72, 72, 69, 75, 57, 54, 
        62, 50, 58, 48, 63, 74, 45, 71, 59), x5 = c(61, 76, 54, 
        71, 54, 66, 70, 71, 62, 58, 59, 55, 79, 60, 79, 55, 75, 
        64, 66, 63, 50, 66, 88, 80, 51, 77, 64), x6 = c(92, 86, 
        84, 83, 49, 68, 66, 83, 80, 67, 74, 63, 77, 54, 79, 80, 
        85, 78, 80, 80, 57, 75, 76, 78, 83, 74, 78), x7 = c(45, 
        48, 35, 47, 34, 35, 41, 31, 41, 34, 41, 25, 46, 36, 63, 
        60, 46, 52, 41, 37, 49, 33, 72, 49, 38, 55, 39)), .Names = c("y", 
        "x1", "x2", "x3", "x4", "x5", "x6", "x7"),