
expected <- structure(list(coefficients = structure(c(15.1559702052806, 0.725412756024369, 
-0.0782770927499063, 0.10444819804582, -0.0236993666431569, 0.0415181510974467, 
-0.0541933998394098), .Names = c("x1", "x2", "x3", "x4", "x5", 
"x6", "x7")), residuals = structure(c(-12.9014572076887, 1.51000469210898, 
6.51968433073645, -4.06131662139901, 8.26664661713829, -11.8303111644419, 
-7.89128953187352, 0.747963923872211, -4.92083648912436, 5.32371520377107, 
10.0721970693334, 8.47265691286685, 5.64372319478221, -5.99250616752983, 
4.90667103341591, -0.0385220709067671, -0.708885621517615, 5.74731145891951, 
-2.44190990349004, -6.03307717878089, 5.00971817105333, 1.92197033913484, 
-10.6951047832661, -2.2482074771511, 4.3644430723034, -3.59461120492052, 
4.85132940265389), .Names = c("1", "2", "3", "4", "5", "6", "7", 
"8", "9", "10", "11", "12", "13", "14", "15", "16", "17", "18", 
"19", "20", "21", "22", "23", "24", "25", "26", "30")), effects = structure(c(-332.553755053224, 
-47.3569455303206, 4.84740410534456, -6.57616303684565, 1.79718731939259, 
1.61501554267868, -2.15014558192605, 4.06160051945857, -2.85930007753053, 
7.59636696116967, 13.6846814584882, 10.9379170615498, 11.930873010349, 
-3.72708022646368, 5.71154212597533, 6.79486609757357, -2.3296017637581, 
6.09032368127841, -2.23707667003575, -6.39420240493749, 10.5858294107444, 
3.73993805234334, -8.65611215034987, 1.7379194364892, 7.8665766117028, 
-6.61580557724891, 8.58743170734089), .Names = c("x1", "x2", 
"x3", "x4", "x5", "x6", "x7", "", "", "", "", "", "", "", "", 
"", "", "", "", "", "", "", "", "", "", "", "")), rank = 7L, 
    fitted.values = structure(c(55.9014572076887, 61.489995307891, 
    64.4803156692635, 65.061316621399, 72.7333533828617, 54.8303111644419, 
    65.8912895318735, 70.2520360761278, 76.9208364891244, 61.6762847962289, 
    53.9278029306666, 58.5273430871331, 63.3562768052178, 73.9925061675298, 
    72.0933289665841, 81.0385220709068, 74.7088856215176, 59.2526885410805, 
    67.44190990349, 56.0330771787809, 44.9902818289467, 62.0780296608652, 
    63.6951047832661, 42.2482074771511, 58.6355569276966, 69.5946112049205, 
    77.1486705973461), .Names = c("1", "2", "3", "4", "5", "6", 
    "7", "8", "9", "10", "11", "12", "13", "14", "15", "16", 
    "17", "18", "19", "20", "21", "22", "23", "24", "25", "26", 
    "30")), assign = 1:7, qr = structure(list(qr = structure(c(-5.19615242270663, 
    0.192450089729875, 0.192450089729875, 0.192450089729875, 
    0.192450089729875, 0.192450089729875, 0.192450089729875, 
    0.192450089729875, 0.192450089729875, 0.192450089729875, 
    0.192450089729875, 0.192450089729875, 0.192450089729875, 
    0.192450089729875, 0.192450089729875, 0.192450089729875, 
    0.192450089729875, 0.192450089729875, 0.192450089729875, 
    0.192450089729875, 0.192450089729875, 0.192450089729875, 
    0.192450089729875, 0.192450089729875, 0.192450089729875, 
    0.192450089729875, 0.192450089729875, -342.753609808908, 
    -68.0364825881156, 0.0948302518508885, -0.00805572540306698, 
    0.212414225855409, -0.125639699407587, 0.0507362615991933, 
    0.168320235603714, 0.271206212857669, -0.0374517189041971, 
    -0.155035692908718, -0.0521497156547622, -0.022753722153632, 
    0.285904209608234, 0.197716229104844, 0.38879018686219, 0.315300203109364, 
    -0.0521497156547622, 0.0948302518508885, -0.0815457091558923, 
    -0.346109650666063, -0.0374517189041971, 0.0360382648486282, 
    -0.390203640917759, -0.140337696158153, 0.197716229104844, 
    0.271206212857669, -273.471577506153, -31.9186052397271, 
    -53.7540597150277, -0.068940024584522, -0.00259405148006831, 
    0.0792274842913807, -0.161627025089866, -0.0865555811570526, 
    0.258180623295055, -0.0505013934329394, 0.172079099712536, 
    -0.00407558572236198, 0.163518243799986, 0.453597014460587, 
    -0.0305812280390631, -0.224845314793922, 0.0816967080285368, 
    0.330782843490713, -0.114871987547668, 0.405031212844475, 
    -0.0801347191500383, 0.0797213290388119, 0.0336247511598553, 
    0.114952442183873, -0.0417759226045793, 0.192657724769653, 
    -0.355726496928915, -290.792085581842, -11.860739007456, 
    0.278092792991652, -54.7376332842265, 0.0368098468521486, 
    -0.190375224076597, -0.00123524191302517, -0.048509846057924, 
    0.370556322521243, 0.0396421481121886, -0.136881934459836, 
    -0.317259507892091, 0.349155307720249, -0.0538289244517589, 
    0.0875354716053717, -0.0997518333143733, -0.172687256270961, 
    0.232517883749249, -0.0318088259680847, -0.0459699656970274, 
    -0.408596651148073, 0.244309983731138, -0.168598290637248, 
    -0.117978867864504, 0.337913809889116, 0.143481298708397, 
    -0.0618964442688897, -333.131105322414, -32.1902459944875, 
    -3.50937878261533, -5.2667044670177, -38.4239614576409, -0.181517263437176, 
    0.0627169931658269, 0.0479671910334693, -0.0700325529672934, 
    0.0046253044586155, -0.0737695121107817, -0.0986985528747844, 
    -0.223332905067483, -0.475067911956761, 0.253247435988476, 
    -0.359976234504466, 0.109700953219821, -0.251029741751439, 
    0.246635547680559, -0.0317451962883288, -0.261768239260278, 
    0.0893265645954574, -0.0659094175441347, -0.0737804374777574, 
    0.211511356923838, 0.433408996498837, -0.12318392777793, 
    -386.439780177589, -11.4110891809387, -4.10160002706479, 
    -13.6499698723186, -19.1879927969236, 45.3294547962905, 0.208155040977393, 
    0.261585062700211, 0.0721011286838491, -0.0608180310563058, 
    0.14943581697198, -0.10477882276555, 0.363682023577405, -0.110154812244306, 
    0.187049126162899, 0.312007988435676, 0.0172661250709964, 
    -0.0382124286691913, -0.0708323548661899, 0.0213582238353484, 
    -0.0607558486967276, 0.0841566896959346, -0.143945168334213, 
    0.328096013119196, 0.248034630074839, 0.365235934082932, 
    -0.132333917723672, -220.547802830437, -8.28150461356839, 
    -12.875499479707, 7.69488396707926, -31.0593865325419, 4.92642298711137, 
    39.6754141334099, 0.0806231267365882, 0.29053135519172, 0.0208518584768037, 
    0.186585102171254, 0.0589964296571309, 0.152227311257868, 
    0.0827568753392955, 0.121939467669699, -0.0958785841673341, 
    -0.245798975076529, -0.605961803201345, 0.134589940148193, 
    -0.138903181511128, 0.0307805127254171, 0.0486700248886228, 
    0.189357205745111, -0.318568969224718, 0.223417001251051, 
    -0.359291367464929, 0.00458037343697956), .Dim = c(27L, 7L
    ), .Dimnames = list(c("1", "2", "3", "4", "5", "6", "7", 
    "8", "9", "10", "11", "12", "13", "14", "15", "16", "17", 
    "18", "19", "20", "21", "22", "23", "24", "25", "26", "30"
    ), c("x1", "x2", "x3", "x4", "x5", "x6", "x7")), assign = 1:7), 
        qraux = c(1.19245008972988, 1.0066422713475, 1.29439942593498, 
        1.25447334583642, 1.02219072747864, 1.45880207369713, 
        1.17770174425655), pivot = 1:7, tol = 1e-07, rank = 7L), .Names = c("qr", 
    "qraux", "pivot", "tol", "rank"), class = "qr"), df.residual = 20L, 
    xlevels = structure(list(), .Names = character(0)), call = quote(lm(formula = y ~ 
        . + 0, data = structure(list(y = c(43, 63, 71, 61, 81, 
        43, 58, 71, 72, 67, 64, 67, 69, 68, 77, 81, 74, 65, 65, 
        50, 50, 64, 53, 40, 63, 66, 82), x1 = c(1, 1, 1, 1, 1, 
        1, 1, 1, 1, 1, 1, 1, 1, 1, 1, 1, 1, 1, 1, 1, 1, 1, 1, 
        1, 1, 1, 1), x2 = c(51, 64, 70, 63, 78, 55, 67, 75, 82, 
        61, 53, 60, 62, 83, 77, 90, 85, 60, 70, 58, 40, 61, 66, 
        37, 54, 77, 82), x3 = c(30, 51, 68, 45, 56, 49, 42, 50, 
        72, 45, 53, 47, 57, 83, 54, 50, 64, 65, 46, 68, 33, 52, 
        52, 42, 42, 66, 39), x4 = c(59, 47, 45, 71, 59, 45, 58, 
        55, 75, 59, 47, 39, 74, 50, 62, 54, 47, 66, 56, 50, 34, 
        69, 47, 48, 75, 63, 57), x5 = c(61, 63, 76, 54, 71, 54, 
        66, 70, 71, 62, 58, 59, 55, 59, 79, 60, 79, 55, 75, 64, 
        43, 66, 63, 50, 66, 88, 64),