
expected <- structure(list(coefficients = structure(c(6.1087438007521, 0.536914594846544, 
-0.0495706252029846, 0.308938889630462, 0.132895449848929, 0.111988568362242, 
-0.19965928521769), .Names = c("x1", "x2", "x3", "x4", "x5", 
"x6", "x7")), residuals = structure(c(2.27369514747308, 2.13752820874507, 
-1.48360925547773, -10.3432527195413, -7.63571697350223, 3.06350755716146, 
-7.80675144038639, 7.76771171836617, 5.18923393607012, 8.22482384461262, 
10.0795961727828, -0.740360588258204, 1.77215376972374, -0.428187894391819, 
-2.79094565403613, 2.43927632675557, -2.59625247101962, -4.62901767253256, 
5.12723728556241, 1.01220454972584, -11.4913797378482, -5.72036631278775, 
5.49954987772653, -2.27705958518017, 6.03970416584153, -10.1157435581742, 
7.43242130258924), .Names = c("2", "3", "4", "6", "7", "8", "9", 
"10", "11", "12", "13", "14", "15", "16", "17", "18", "19", "20", 
"21", "22", "23", "24", "25", "26", "27", "28", "29")), effects = structure(c(-333.516005501874, 
-45.8271796854879, -2.82732660593055, 9.77007444774788, 2.23942955359521, 
3.51722884635599, -7.85469775921258, 9.42879764433843, 4.45289418287164, 
7.77520068666613, 14.1450056537834, 5.80592066309153, -0.971554376528163, 
-2.89007956057134, -8.12697992934823, -1.7509579577467, -2.8919715493504, 
-3.39853802711187, 6.1324693771274, 1.39542601288505, -9.93957559414805, 
-10.4706121023854, 6.82148276169398, -8.67146486683489, 4.51222442910492, 
-8.25343270753075, 3.45339946207234), .Names = c("x1", "x2", 
"x3", "x4", "x5", "x6", "x7", "", "", "", "", "", "", "", "", 
"", "", "", "", "", "", "", "", "", "", "", "")), rank = 7L, 
    fitted.values = structure(c(60.7263048525269, 68.8624717912549, 
    62.4836092554777, 53.3432527195413, 65.6357169735022, 67.9364924428385, 
    79.8067514403864, 59.2322882816338, 58.8107660639299, 58.7751761553874, 
    58.9204038272172, 68.7403605882582, 75.2278462302763, 81.4281878943918, 
    76.7909456540361, 62.5607236732444, 67.5962524710196, 54.6290176725326, 
    44.8727627144376, 62.9877954502742, 64.4913797378481, 45.7203663127878, 
    57.5004501222735, 68.2770595851802, 71.9602958341585, 58.1157435581742, 
    77.5675786974108), .Names = c("2", "3", "4", "6", "7", "8", 
    "9", "10", "11", "12", "13", "14", "15", "16", "17", "18", 
    "19", "20", "21", "22", "23", "24", "25", "26", "27", "28", 
    "29")), assign = 1:7, qr = structure(list(qr = structure(c(-5.19615242270663, 
    0.192450089729875, 0.192450089729875, 0.192450089729875, 
    0.192450089729875, 0.192450089729875, 0.192450089729875, 
    0.192450089729875, 0.192450089729875, 0.192450089729875, 
    0.192450089729875, 0.192450089729875, 0.192450089729875, 
    0.192450089729875, 0.192450089729875, 0.192450089729875, 
    0.192450089729875, 0.192450089729875, 0.192450089729875, 
    0.192450089729875, 0.192450089729875, 0.192450089729875, 
    0.192450089729875, 0.192450089729875, 0.192450089729875, 
    0.192450089729875, 0.192450089729875, -343.908310347287, 
    -67.2761032913922, -0.0421028710864252, -0.16101582247051, 
    0.0173536046056173, 0.136266555989702, 0.240315388450777, 
    -0.0718311089324464, -0.190744060316531, -0.0866952278554571, 
    -0.0569669900094358, 0.255179507373787, 0.165994793835724, 
    0.359228339834862, 0.284907745219808, -0.0866952278554571, 
    0.0619459613746492, -0.116423465701478, -0.38397760631567, 
    -0.0718311089324464, 0.00248948568260667, -0.428569963084701, 
    -0.175879941393521, 0.165994793835724, 0.136266555989702, 
    -0.131287584624489, 0.284907745219808, -282.709181813187, 
    -36.8030079304512, 46.9047665572452, -0.0611248653510839, 
    0.270548232368535, 0.221612896213294, -0.141002445516607, 
    0.115371580928528, -0.176809800349899, 0.0575291134291201, 
    -0.125263079326525, -0.360317310932056, 0.166739472495275, 
    0.44965606351628, 0.0751645466608243, -0.326227193683757, 
    0.230877686470715, -0.420592333842968, 0.0519486847795985, 
    -0.0338669829487023, 0.0421474061522932, -0.185538102237438, 
    0.0729108207059471, -0.0890980655799771, 0.0510545374964592, 
    0.0758798644873358, -0.0740740172164058, -293.87128701752, 
    -33.9678148766177, 8.65095721368538, 48.6211390082697, -0.0587193222030677, 
    0.083686816614506, 0.0349793870888135, 0.0898999650193316, 
    -0.160589001185979, 0.257505525574979, 0.275058221743037, 
    0.563680488069739, -0.22329697497344, -0.128997021398142, 
    -0.0275578357153437, -0.373125503892762, -0.0274975862114396, 
    0.0588222318240993, 0.0923399585590692, -0.175912621133539, 
    0.116546382071625, -0.373770335132734, -0.0128790470077565, 
    0.0349994702567816, -0.258295198339626, 0.0884128033691762, 
    -0.0259970064122555, -315.425697067266, -18.3346154300721, 
    -10.0524908751011, -2.10564194823462, 43.4969562826278, 0.10489213430276, 
    -0.21752154896187, 0.119963664343919, -0.149782226851949, 
    -0.457287910304583, 0.0910687625632677, 0.266945951982961, 
    -0.0822978031924349, 0.101867997183814, -0.374756736800341, 
    -0.00618818705709976, 0.00900109330549363, 0.276305450137738, 
    -0.0690571041215987, 0.162256765639683, -0.07905549774141, 
    -0.0715627182483274, -0.0164866004110948, -0.411463873541472, 
    0.25210613785774, -0.0189964231232062, -0.311923304328465, 
    -382.975678562452, -12.3443755040988, 11.0852083455286, 1.89702095288471, 
    -0.305109746969316, 46.4184489026322, -0.0683466451462891, 
    -0.229156361696422, 0.13576370170548, -0.101849496147124, 
    0.0662905553067427, -0.229967473044049, 0.119590936955877, 
    0.647382072724715, 0.0902802979877826, -0.0197876405633187, 
    -0.202597340800757, -0.219379942960119, -0.0167786155660958, 
    -0.119777321242842, -0.176648378725574, 0.314061976315698, 
    -0.110398133657155, 0.0719669017456984, 0.0519621874250677, 
    -0.304203117636048, 0.187856322147166, -222.664753817466, 
    -13.9386898893224, 15.4279398067065, 25.9617311116737, 17.5646687859455, 
    8.41987784346088, 39.340508259601, -0.139133308142791, 0.439471313249106, 
    0.0480946904256597, 0.244792575675643, -0.0392323691978038, 
    0.128847432995672, 0.106317257999872, -0.197565655541263, 
    0.0029722217758597, -0.120329148626699, -0.221651419602736, 
    0.0382468492873823, 0.110266280382697, 0.112754663188832, 
    0.0648623981196486, 0.180690067428969, -0.421307419336583, 
    -0.0442269934894638, 0.0122427607542716, 0.0397398564180181
    ), .Dim = c(27L, 7L), .Dimnames = list(c("2", "3", "4", "6", 
    "7", "8", "9", "10", "11", "12", "13", "14", "15", "16", 
    "17", "18", "19", "20", "21", "22", "23", "24", "25", "26", 
    "27", "28", "29"), c("x1", "x2", "x3", "x4", "x5", "x6", 
    "x7")), assign = 1:7), qraux = c(1.19245008972988, 1.06194596137465, 
    1.14577733656893, 1.12121545183186, 1.09422049650313, 1.18233585584837, 
    1.5905933258353), pivot = 1:7, tol = 1e-07, rank = 7L), .Names = c("qr", 
    "qraux", "pivot", "tol", "rank"), class = "qr"), df.residual = 20L, 
    xlevels = structure(list(), .Names = character(0)), call = quote(lm(formula = y ~ 
        . + 0, data = structure(list(y = c(63, 71, 61, 43, 58, 
        71, 72, 67, 64, 67, 69, 68, 77, 81, 74, 65, 65, 50, 50, 
        64, 53, 40, 63, 66, 78, 48, 85), x1 = c(1, 1, 1, 1, 1, 
        1, 1, 1, 1, 1, 1, 1, 1, 1, 1, 1, 1, 1, 1, 1, 1, 1, 1, 
        1, 1, 1, 1), x2 = c(64, 70, 63, 55, 67, 75, 82, 61, 53, 
        60, 62, 83, 77, 90, 85, 60, 70, 58, 40, 61, 66, 37, 54, 
        77, 75, 57, 85), x3 = c(51, 68, 45, 49, 42, 50, 72, 45, 
        53, 47, 57, 83, 54, 50, 64, 65, 46, 68, 33, 52, 52, 42, 
        42, 66, 58, 44, 71), x4 = c(54, 69, 47, 44, 56, 55, 67, 
        47, 58, 39, 42, 45, 72, 72, 69, 75, 57, 54, 34, 62, 50, 
        58, 48, 63, 74, 45, 71), x5 = c(55, 54, 59, 59, 58, 59, 
        71, 55, 62, 80, 55, 50, 66, 63, 80, 55, 62, 43, 59, 51, 
        64, 55, 59, 79, 50, 60, 76),