
expected <- structure(list(coefficients = structure(c(10.175311308601, 0.613371177646264, 
-0.0794487739088551, 0.270978551427299, 0.154917294191781, -0.16687542998182
), .Names = c("x1", "x2", "x3", "x4", "x5", "x6")), residuals = structure(c(-8.58250225347624, 
1.0713346893789, 0.830009114031053, 0.496613571507326, 6.39030110121366, 
-11.6325616873871, -9.49303195395135, -6.73298865796612, 7.48527015315653, 
6.49860686679158, 10.8901191726142, 9.59459119918637, -1.98438594098576, 
-0.187310361037647, -3.20425647624885, -3.64997407914637, 4.35527159801258, 
-6.21834923257565, 7.54382591516597, 0.357064122341907, -10.6607989861138, 
-4.81892100060406, 5.31487090690482, 2.16097898278938, -7.39527286114854, 
6.33904138389002, 5.23245471365707), .Names = c("1", "2", "3", 
"4", "5", "6", "7", "9", "10", "11", "12", "13", "14", "15", 
"16", "17", "18", "20", "21", "22", "23", "24", "25", "27", "28", 
"29", "30")), effects = structure(c(-334.285805860793, -54.1626149974308, 
2.33757936933778, 11.6749073260769, 3.28831564061342, -5.94075383302782, 
-4.99131610991612, -2.46226658287322, 9.16523920764085, 10.2054904836971, 
11.1853331350252, 12.5232553490741, -4.65904935383529, 4.29800846028366, 
-3.59110549463477, -5.76756549537966, -0.875247249986424, -7.36440504167566, 
8.15561321091848, 3.82465144501742, -8.40243674871098, -5.15975466084835, 
11.7258412075212, 6.30593335515589, -7.9116293889474, 5.60361966785786, 
6.20507990932516), .Names = c("x1", "x2", "x3", "x4", "x5", "x6", 
"", "", "", "", "", "", "", "", "", "", "", "", "", "", "", "", 
"", "", "", "", "")), rank = 6L, fitted.values = structure(c(51.5825022534762, 
61.9286653106211, 70.1699908859689, 60.5033864284927, 74.6096988987863, 
54.6325616873871, 67.4930319539513, 78.7329886579661, 59.5147298468435, 
57.5013931332084, 56.1098808273858, 59.4054088008136, 69.9843859409858, 
77.1873103610376, 84.2042564762488, 77.6499740791464, 60.6447284019874, 
56.2183492325756, 42.456174084834, 63.6429358776581, 63.6607989861138, 
44.8189210006041, 57.6851290930952, 75.8390210172106, 55.3952728611485, 
78.66095861611, 76.7675452863429), .Names = c("1", "2", "3", 
"4", "5", "6", "7", "9", "10", "11", "12", "13", "14", "15", 
"16", "17", "18", "20", "21", "22", "23", "24", "25", "27", "28", 
"29", "30")), assign = 1:6, qr = structure(list(qr = structure(c(-5.19615242270663, 
0.192450089729875, 0.192450089729875, 0.192450089729875, 0.192450089729875, 
0.192450089729875, 0.192450089729875, 0.192450089729875, 0.192450089729875, 
0.192450089729875, 0.192450089729875, 0.192450089729875, 0.192450089729875, 
0.192450089729875, 0.192450089729875, 0.192450089729875, 0.192450089729875, 
0.192450089729875, 0.192450089729875, 0.192450089729875, 0.192450089729875, 
0.192450089729875, 0.192450089729875, 0.192450089729875, 0.192450089729875, 
0.192450089729875, 0.192450089729875, -341.791359360259, -70.2329457353646, 
0.0940757185871527, -0.00559260554061164, 0.207982374733169, 
-0.119499261686628, 0.0513607225323965, 0.264935702806177, -0.0340692695771157, 
-0.147975925723132, -0.0483076015953678, -0.0198309375588637, 
0.279174034824429, 0.193744042714917, 0.378842358952194, 0.307650698860933, 
-0.0483076015953678, -0.0767842656318719, -0.333074241960409, 
-0.0340692695771157, 0.0371223905141445, -0.375789238015165, 
-0.13373759370488, 0.165267378678413, -0.0910225976501239, 0.307650698860933, 
0.264935702806177, -275.588528493181, -36.3393873843611, -52.8621971496863, 
-0.0777165698770799, -0.0219221343711548, 0.0791752168329003, 
-0.175079573263807, 0.240139952845125, -0.057410733231322, 0.175149493605607, 
-0.00942359484496873, 0.159441668826645, 0.438075244871355, -0.0496034361117502, 
-0.257259814436125, 0.0583443176225902, 0.331084385726301, 0.40814155246727, 
-0.0712047688317108, 0.0750090369908383, 0.0242444453764436, 
0.129507976422561, -0.0430916350663811, 0.0463708406609564, -0.0357161699715435, 
0.190764087844751, -0.384124678202203, -291.754336030491, -37.5876144912945, 
-11.4059006342731, 49.0355388976436, -0.104841902340487, 0.128440571929882, 
-0.0788666194452232, 0.0162392709473075, 0.0824488170952767, 
-0.143365288721313, 0.252446471064487, 0.276076731016642, 0.549517961724093, 
-0.248497668427881, -0.18275230798564, -0.0591726046853306, -0.355056995026528, 
0.0798686223314672, 0.111453037419439, -0.174195903115328, 0.10663670604758, 
-0.336326214380228, -0.00961120964501627, -0.27558306164323, 
0.0873092962742401, -0.0507034851737676, -0.0528199671590905, 
-328.319853079167, -33.1911339714365, -4.23117750984152, 16.4660843730949, 
31.7078523722841, 0.0920963072891978, -0.0526649888326148, 0.0915521565704131, 
-0.0868781912010935, 0.159378311641052, -0.108836439303373, 0.0896949376999101, 
0.182367089603522, -0.151916698189229, 0.521786779560287, -0.127299736131187, 
0.560176297707196, -0.0296258597273708, 0.175411962343915, 0.0123019712487866, 
-0.0324213082725737, 0.292616097387037, -0.24778359605908, -0.160652023158982, 
0.204844843458486, -0.0237423754240145, 0.141789519461196, -217.276151305029, 
-8.12850554553101, -11.28973643718, 24.9500673066765, 9.73048610996956, 
35.5999312401773, 0.242056784712552, 0.456209430875652, -0.0357683374325917, 
0.310757130922811, -0.154118092808122, 0.288010437912687, -0.0356946609276236, 
0.191139705125839, 0.221521337550992, -0.36718453258023, -0.275370884187504, 
-0.213970036300826, -0.0204932169792456, 0.186925207760344, 0.095173243632697, 
-0.0911119243986959, 0.277985653110176, 0.153938255693255, -0.0515218598325464, 
-0.133220239376403, 0.0574760346179374), .Dim = c(27L, 6L), .Dimnames = list(
    c("1", "2", "3", "4", "5", "6", "7", "9", "10", "11", "12", 
    "13", "14", "15", "16", "17", "18", "20", "21", "22", "23", 
    "24", "25", "27", "28", "29", "30"), c("x1", "x2", "x3", 
    "x4", "x5", "x6")), assign = 1:6), qraux = c(1.19245008972988, 
1.00864572647764, 1.28630653259272, 1.0968936737861, 1.02477083856026, 
1.08951953957346), pivot = 1:6, tol = 1e-07, rank = 6L), .Names = c("qr", 
"qraux", "pivot", "tol", "rank"), class = "qr"), df.residual = 21L, 
    xlevels = structure(list(), .Names = character(0)), call = quote(lm(formula = y ~ 
        . + 0, data = structure(list(y = c(43, 63, 71, 61, 81, 
        43, 58, 72, 67, 64, 67, 69, 68, 77, 81, 74, 65, 50, 50, 
        64, 53, 40, 63, 78, 48, 85, 82), x1 = c(1, 1, 1, 1, 1, 
        1, 1, 1, 1, 1, 1, 1, 1, 1, 1, 1, 1, 1, 1, 1, 1, 1, 1, 
        1, 1, 1, 1), x2 = c(51, 64, 70, 63, 78, 55, 67, 82, 61, 
        53, 60, 62, 83, 77, 90, 85, 60, 58, 40, 61, 66, 37, 54, 
        75, 57, 85, 82), x3 = c(30, 51, 68, 45, 56, 49, 42, 72, 
        45, 53, 47, 57, 83, 54, 50, 64, 65, 68, 33, 52, 52, 42, 
        42, 58, 44, 71, 39), x4 = c(39, 54, 69, 47, 66, 44, 56, 
        67, 47, 58, 39, 42, 45, 72, 72, 69, 75, 54, 34, 62, 50, 
        58, 48, 74, 45, 71, 59), x5 = c(61, 63, 76, 54, 71, 54, 
        66, 71, 62, 58, 59, 55, 59, 79, 60, 79, 55, 64, 43, 66, 
        63, 50, 66, 80, 51, 77, 64), x6 = c(45, 47, 48, 35, 47, 
        34, 35, 31, 41, 34, 41, 25, 35, 46, 36, 63, 60, 52, 33, 
        41, 37, 49, 33, 49, 38, 55, 39)), .Names = c("y", "x1", 
        "x2", "x3", "x4", "x5", "x6"), row.names = c("1", "2", 
        "3", "4", "5", "6", "7", "9", "10", "11", "12", "13", 
        "14", "15", "16", "17", "18", "20", "21", "22", "23", 
        "24", "25", "27", "28", "29", "30"), class = "data.frame"))), 
    terms = y ~ x1 + x2 + x3 + x4 + x5 + x6 + 0, model = structure(list(
        y = c(43, 63, 71, 61, 81, 43, 58, 72, 67, 64, 67, 69, 
        68, 77, 81, 74, 65, 50, 50, 64, 53, 40, 63, 78, 48, 85, 
        82), x1 = c(1, 1, 1, 1, 1, 1, 1, 1, 1, 1, 1, 1, 1, 1, 
        1, 1, 1, 1, 1, 1, 1, 1, 1, 1, 1, 1, 1), x2 = c(51, 64, 
        70, 63, 78, 55, 67, 82, 61, 53, 60, 62, 83, 77, 90, 85, 
        60, 58, 40, 61, 66, 37, 54, 75, 57, 85, 82), x3 = c(30, 
        51, 68, 45, 56, 49, 42, 72, 45, 53, 47, 57, 83, 54, 50, 
        64, 65, 68, 33, 52, 52, 42, 42, 58, 44, 71, 39),