
expected <- structure(list(coefficients = structure(c(1.51269026534485, 0.177730736690684, 
0.148391462814118, 0.175740321447726, 0.0394509235725494, 0.231973875636359, 
0.310389768971964), .Names = c("x1", "x2", "x3", "x4", "x5", 
"x6", "x7")), residuals = structure(c(-4.55354752188451, 5.51492907632061, 
-2.17745087939058, -15.6827489084411, -1.66283492383651, 13.5782800603418, 
-1.03720211557513, -7.03016536172115, 5.31246811341604, -9.21513560028453, 
-0.79482559049496, 2.67212314849144, 13.324080921931, 22.0618824612821, 
20.7539981469178, -3.96248757256516, -4.27530177391078, -12.0796480164173, 
-5.5744799204237, -4.15730922224345, -7.90072273863137, -17.5279732416199, 
-1.45853986841127, -4.85798338227138, 14.2581599617136, -9.57024910980229, 
22.8493934094298), .Names = c("2", "3", "4", "6", "7", "8", "9", 
"10", "11", "12", "13", "14", "15", "16", "17", "18", "19", "20", 
"21", "22", "23", "24", "25", "26", "27", "28", "29")), effects = structure(c(189.303601743144, 
-270.761815934493, -28.1953724437705, -29.9149581962343, 6.84876792930829, 
-14.8088098370653, -13.6787943570033, -4.62104684997586, 1.6133469664606, 
-1.66614870107021, 3.82715830308931, 4.19547091890297, 6.41337321627636, 
16.7647722733874, 28.7159747275728, -7.7754238851268, -2.08708397473822, 
-16.6297894436821, -2.41192818907582, -10.339386907057, -2.31232604774799, 
-26.446824686346, -6.43029672672277, -1.18536753233504, 13.7851602611144, 
-14.7748201841103, 19.5003326627386), .Names = c("x1", "x2", 
"x3", "x4", "x5", "x6", "x7", "", "", "", "", "", "", "", "", 
"", "", "", "", "", "", "", "", "", "", "", "")), rank = 7L, 
    fitted.values = structure(c(67.5535475218845, 65.4850709236794, 
    63.1774508793906, 58.6827489084411, 59.6628349238365, 57.4217199396582, 
    73.0372021155751, 74.0301653617211, 58.687531886584, 76.2151356002845, 
    69.794825590495, 65.3278768515085, 63.675919078069, 58.9381175387179, 
    53.2460018530822, 68.9624875725652, 69.2753017739108, 62.0796480164173, 
    55.5744799204237, 68.1573092222434, 60.9007227386314, 57.5279732416199, 
    64.4585398684113, 70.8579833822714, 63.7418400382864, 57.5702491098023, 
    62.1506065905702), .Names = c("2", "3", "4", "6", "7", "8", 
    "9", "10", "11", "12", "13", "14", "15", "16", "17", "18", 
    "19", "20", "21", "22", "23", "24", "25", "26", "27", "28", 
    "29")), assign = 1:7, qr = structure(list(qr = structure(c(6.88642037718407, 
    -0.125321757585242, -0.0440013482095528, 0.100798346061504, 
    -0.125561741180955, 0.131484489512221, -0.19587261647401, 
    0.00736736171234023, -0.0682889246125726, -0.107099139581353, 
    -0.15874792300467, -0.236343673700811, 0.033429610729429, 
    -0.108378515343726, -0.265804562064986, -0.58770228078206, 
    -0.252149571612781, 0.0933125983253593, 0.00776673080622658, 
    -0.276806648718388, -0.0162275712411334, -0.22655484296926, 
    -0.0979573624724422, -0.246292485143714, 0.171399342207977, 
    -0.145476680341998, -0.214390540227012, 198.574699166862, 
    -280.501495273716, 0.161935265760274, 0.248753062735442, 
    0.12508231777037, 0.191317685485042, 0.207393836698679, 0.270707185769225, 
    0.161656088931776, 0.254636093205699, 0.195648229761614, 
    0.107111049001868, 0.307438679746189, 0.157801837705433, 
    0.0724089280361842, -0.0445197529505711, 0.160574913960296, 
    0.263195855149748, 0.23167216290154, 0.0888279110777733, 
    0.24222063182784, 0.122229248449542, 0.205291141474241, 0.15609134341311, 
    0.266393849262858, 0.141039084420495, 0.181201322170208, 
    172.783101793839, -237.263075817933, -83.8703319888128, 0.0380651327436438, 
    0.295696160101139, 0.410250738668119, 0.0586919681320234, 
    -0.193079945677871, -0.129096034550444, 0.023981088135794, 
    -0.258371856447139, 0.212340884044953, 0.0597932109091647, 
    -0.0949478044487933, -0.014359563564829, 0.277644210608518, 
    -0.345847517909965, 0.0374162909260822, -0.00266213347575964, 
    0.416556418196798, -0.0839537478171059, 0.0158745971148032, 
    0.312584383218551, 0.0429996121034427, 0.0743084648528507, 
    -0.0220136509418721, -0.0589129436988928, 148.633781855006, 
    -239.150566440475, -14.987363620344, -71.7592112163323, -0.0520382812259328, 
    0.202252669651694, -0.0992685834903679, 0.123589380499038, 
    0.237454900106571, 0.0772510381882718, 0.348128676405723, 
    0.231221220579818, -0.411390382753054, 0.0905623389029581, 
    0.255101271881997, 0.00722166708585762, 0.329802412073033, 
    0.0410371006859396, -0.0455991422996906, -0.249873931343176, 
    0.131368827245461, -0.165506481364784, -0.364665814911078, 
    0.208768659333228, 0.126044672685645, -0.00448149870493251, 
    -0.145301951714771, 179.384623327142, -259.566361015668, 
    -30.1638864897903, -32.3145361847065, 52.1284168746918, -0.0288318733960128, 
    0.388574265670078, -0.175805244933942, -0.10426577830774, 
    0.103766794443419, -0.136330946714909, -0.329692661339636, 
    -0.0375132003258781, -0.149402249429898, -0.129497774236784, 
    -0.100634099044701, -0.178663391861908, 0.183895192170904, 
    -0.280336319728647, -0.0704177438049561, 0.0367500003291562, 
    -0.217028220839979, 0.248024278527055, 0.13597871485803, 
    0.0233600942925735, -0.517677151194182, 0.122104900790048, 
    217.581256401195, -334.179564263338, -42.7584373299404, -38.16940876844, 
    9.34821147672624, -52.3721195408312, -0.108261841981149, 
    -0.105167377442283, 0.336985884886, -0.443316878876087, -0.114575927348612, 
    -0.0137000937016949, -0.0127974321732227, 0.299800446300119, 
    -0.345236330893199, 0.135798374615809, -0.0176635771008405, 
    0.280121361769582, -0.307582195904956, 0.139511690391251, 
    -0.291845517560528, 0.276483118482503, -0.00725857258610277, 
    -0.131583959027326, 0.153108913338432, 0.172614114817147, 
    -0.0246648568728263, 110.452129314297, -180.130952955418, 
    -6.46610709965928, -23.1155408051487, 8.45296190461528, -8.56937488853984, 
    -44.069733362374, 0.634667548759451, 0.0428186192608413, 
    0.15828935723438, 0.0901029879251478, -0.28161379881362, 
    -0.181018331295453, 0.0751389845548121, 0.209042871107724, 
    0.169681351447791, 0.0947285914818552, -0.204422520106425, 
    0.140918555415561, 0.322686972626117, -0.0138161263802351, 
    -0.0281997685050299, 0.0383911993110512, -0.198522398491346, 
    0.345032498289839, 0.105740348236399, -0.154310140720596), .Dim = c(27L, 
    7L), .Dimnames = list(c("2", "3", "4", "6", "7", "8", "9", 
    "10", "11", "12", "13", "14", "15", "16", "17", "18", "19", 
    "20", "21", "22", "23", "24", "25", "26", "27", "28", "29"
    ), c("x1", "x2", "x3", "x4", "x5", "x6", "x7")), assign = 1:7), 
        qraux = c(1.08545160834992, 1.23570709893002, 1.26878258599183, 
        1.13590400886687, 1.23777231659362, 1.02146492052226, 
        1.03634394377044), pivot = 1:7, tol = 1e-07, rank = 7L), .Names = c("qr", 
    "qraux", "pivot", "tol", "rank"), class = "qr"), df.residual = 20L, 
    xlevels = structure(list(), .Names = character(0)), call = quote(lm(formula = y ~ 
        . + 0, data = structure(list(y = c(63, 71, 61, 43, 58, 
        71, 72, 67, 64, 67, 69, 68, 77, 81, 74, 65, 65, 50, 50, 
        64, 53, 40, 63, 66, 78, 48, 85), x1 = c(-0.588455697004025, 
        0.863018305139535, 0.303011780933836, -0.694139784304391, 
        0.864670933063239, -0.905457467860607, 1.34886117741898, 
        -0.0507347498219455, 0.470266241988007, 0.737529697191911, 
        1.09320493181501, 1.62756189059181, -0.230210352528471, 
        0.746340016511991, 1.83044195255281, 4.04716496209513, 
        1.73640794805249, -0.642589778555747, -0.053484973288102, 
        1.90620694627434, 0.111749877267147, 1.56015188717325, 
        0.674575577025432, 1.69607358844098, -1.18032792281696, 
        1.00181357591223, 1.4763833848948), x2 = c(61, 82, 51, 
        57, 51, 37, 83, 75, 54, 85, 75, 60, 82, 58, 54, 62, 77, 
        62, 64, 60, 70, 63, 70, 75, 53, 58, 78),