
expected <- structure(list(coefficients = structure(c(-1.71987394168809, 
0.274114117892309, 0.180855733048536, 0.280364724605555, -0.400360981417016, 
0.601279483683082, 0.0640802824112905), .Names = c("x1", "x2", 
"x3", "x4", "x5", "x6", "x7")), residuals = structure(c(-14.2308896616757, 
-7.19942891067337, -1.26684045307778, 20.7312938920635, -8.95203716552983, 
5.11407657079382, -9.86948276142263, -2.65524849051074, -3.21637670252651, 
-9.26332437984711, -1.73648568653925, 2.9495546208164, 8.31541389127655, 
17.4446799673565, 29.1157942552696, 3.58895403359285, -3.49224975699688, 
1.15627224010374, 0.260111566135512, -11.5847506457371, -16.9126938195523, 
-7.68677039577202, -12.051734567098, 4.72723713467797, -2.39083162894837, 
18.0624088763549, 14.7089166304568), .Names = c("1", "2", "3", 
"5", "7", "8", "9", "10", "11", "12", "13", "14", "15", "16", 
"17", "18", "19", "21", "22", "23", "24", "25", "26", "27", "28", 
"29", "30")), effects = structure(c(-206.554236373882, -266.545372929234, 
44.1341633531968, 35.0972390737853, -6.73450139956556, 34.0476530556272, 
2.89802841088133, -2.77451394904401, 6.07472250619317, -7.06888971925929, 
6.65029311303555, 11.4809999869947, 3.90326537883369, 23.5800331346686, 
33.7251086825412, 11.6441142294906, 5.693145395326, -2.51806805695945, 
0.36750976285487, -8.3096378872012, -14.6224012866996, -8.85945089852643, 
-1.76245188339931, 8.13158239594897, -1.58214008991288, 21.4918968721004, 
19.9642048031849), .Names = c("x1", "x2", "x3", "x4", "x5", "x6", 
"x7", "", "", "", "", "", "", "", "", "", "", "", "", "", "", 
"", "", "", "", "", "")), rank = 7L, fitted.values = structure(c(57.2308896616757, 
70.1994289106734, 72.2668404530778, 60.2687061079365, 66.9520371655298, 
65.8859234292062, 81.8694827614226, 69.6552484905107, 67.2163767025265, 
76.2633243798471, 70.7364856865392, 65.0504453791836, 68.6845861087235, 
63.5553200326435, 44.8842057447304, 61.4110459664072, 68.4922497569969, 
48.8437277598963, 63.7398884338645, 64.5847506457371, 56.9126938195523, 
70.686770395772, 78.051734567098, 73.272762865322, 50.3908316289484, 
66.9375911236451, 67.2910833695432), .Names = c("1", "2", "3", 
"5", "7", "8", "9", "10", "11", "12", "13", "14", "15", "16", 
"17", "18", "19", "21", "22", "23", "24", "25", "26", "27", "28", 
"29", "30")), assign = 1:7, qr = structure(list(qr = structure(c(-6.92664346859179, 
-0.0849553899622987, 0.124594012822056, 0.0109120443859184, 0.124832602830506, 
-0.130720957699977, 0.194735182131903, -0.00732457936545997, 
0.0678923701097631, 0.1064772137524, 0.157826072147649, 0.234971223504116, 
-0.0332354846286427, 0.107749160166277, 0.264261032179984, 0.584289487461945, 
0.250685336400822, -0.00772162931882152, 0.275199229600578, 0.0161333375644158, 
0.225239236615485, 0.0973885230392225, 0.244862262094428, -0.1704040244267, 
0.144631895730574, 0.213145572107085, 0.0456949077847063, -225.484236508998, 
-274.776016213123, 0.176472422672885, 0.298662169750883, 0.0634197286695689, 
0.262604633594629, 0.111457664723724, 0.280118875286087, 0.130070738244174, 
0.205123105621192, 0.11846963126389, -0.0116298603661952, 0.330955730571211, 
0.105616274984178, -0.0621346541201542, -0.346263469526043, 0.034857759197559, 
0.240474901249648, -0.0510049806847322, 0.238961657447293, 0.0088137792679457, 
0.159429187035916, 0.0332787211550528, 0.35967561307887, 0.0695155011342728, 
0.0752409597374824, 0.140879602188732, -189.199778965411, -216.563414494511, 
89.6812753138467, 0.213920004098837, -0.300497887361845, -0.345051829480541, 
-0.0917533894454888, 0.193642887172096, 0.111628234290441, -0.0366571521101979, 
0.212909834930676, -0.249069811485474, -0.0352408023140843, 0.0702045807916212, 
-0.0453684488848653, -0.398243840606091, 0.271516962023997, 0.0140181680249127, 
-0.450233517434765, 0.0849031261726172, -0.0624220007037749, 
-0.306504202471414, -0.090960190063924, -0.0184409829637701, 
-0.00733760674204347, 0.0128241704169226, -0.121562729262946, 
-167.617141802318, -215.721071918114, 17.6467373110637, 70.2531534295497, 
0.0304831876623911, -0.238914416665869, 0.1107904206843, -0.0863816960500925, 
-0.216737782073033, -0.0630509667211238, -0.312694001656276, 
-0.250244815203325, 0.434866954445294, -0.0704119384370568, -0.252126558380846, 
-0.0366983689196015, -0.286232535850705, 0.0629462956298019, 
0.217898794756392, -0.108049759450907, 0.177399094024382, 0.353365818945255, 
-0.205363469414641, -0.119483185373098, 0.0178042142281732, 0.168940216131316, 
0.00265285907800733, -198.403661779869, -242.805404643575, 35.8191110323171, 
37.1202225339703, 51.5907242834623, 0.142556264296428, 0.391694376233195, 
-0.0591209098595079, 0.0831419904840384, 0.216046306649552, 0.135557299736288, 
-0.118510145942702, -0.259162740244807, -0.0537731507944721, 
0.0857981424735597, -0.0127416695497417, 0.0822966173466528, 
-0.274307966717124, -0.163800441995627, 0.164591978980452, -0.277292110675793, 
0.0729739596143753, 0.338215912877936, 0.135126850207023, -0.483361846382919, 
0.0836442476300572, 0.0222218301002872, -243.903939407855, -294.827429109565, 
61.4241247279019, 47.6718012875513, 22.4871170933485, 55.807358065184, 
-0.0959794685799304, 0.0173389521892447, -0.348361313605019, 
0.303046678564714, 0.0438572910251539, 0.0760981680347099, -0.163575318815419, 
-0.338277256697858, 0.312970230607722, -0.164775095203392, -0.0716876013567767, 
0.244683750533554, -0.17721064567822, 0.186045834623778, -0.350762115287329, 
-0.145442046826797, 0.0422458036886068, -0.161164516790639, -0.16145456152107, 
-0.158554957814605, -0.377535427808015, -128.364429018952, -179.683967357083, 
5.8485441914962, 24.9397421390466, 6.23232976102091, 7.67527223615614, 
45.2249631529513, -0.5305545730091, -0.00410057510840384, 0.041198364854991, 
0.0111274620316738, 0.490052172931494, 0.30890393139917, -0.0111332738306518, 
-0.0339856598316618, 0.0882106062100355, -0.00797165518826409, 
0.00850649329585515, -0.0810787771533038, 0.13261733508336, 0.145525989821498, 
0.147893589944229, 0.369053436948932, -0.272352951854945, 0.0185459449406111, 
0.278808510094906, -0.0331164644420944), .Dim = c(27L, 7L), .Dimnames = list(
    c("1", "2", "3", "5", "7", "8", "9", "10", "11", "12", "13", 
    "14", "15", "16", "17", "18", "19", "21", "22", "23", "24", 
    "25", "26", "27", "28", "29", "30"), c("x1", "x2", "x3", 
    "x4", "x5", "x6", "x7")), assign = 1:7), qraux = c(1.17302010248997, 
1.30515322278001, 1.07534268301762, 1.25538793503283, 1.25929797006088, 
1.081105521946, 1.1230539693942), pivot = 1:7, tol = 1e-07, rank = 7L), .Names = c("qr", 
"qraux", "pivot", "tol", "rank"), class = "qr"), df.residual = 20L, 
    xlevels = structure(list(), .Names = character(0)), call = quote(lm(formula = y ~ 
        . + 0, data = structure(list(y = c(43, 63, 71, 81, 58, 
        71, 72, 67, 64, 67, 69, 68, 77, 81, 74, 65, 65, 50, 64, 
        53, 40, 63, 66, 78, 48, 85, 82), x1 = c(1.19844856284726, 
        -0.588455697004025, 0.863018305139535, 0.0755838409747057, 
        0.864670933063239, -0.905457467860607, 1.34886117741898, 
        -0.0507347498219455, 0.470266241988007, 0.737529697191911, 
        1.09320493181501, 1.62756189059181, -0.230210352528471, 
        0.746340016511991, 1.83044195255281, 4.04716496209513, 
        1.73640794805249, -0.053484973288102, 1.90620694627434, 
        0.111749877267147, 1.56015188717325, 0.674575577025432, 
        1.69607358844098, -1.18032792281696, 1.00181357591223, 
        1.4763833848948, 0.31651233455484), x2 = c(90, 61, 82, 
        85, 51, 37, 83, 75, 54, 85, 75, 60, 82, 58, 54, 62, 77, 
        64, 60, 70, 63, 70, 75, 53, 58, 78, 51), x3 = c(42, 64, 
        58, 51, 66, 65, 72, 45, 33, 71, 39, 66, 72, 39, 42, 72, 
        33, 52, 83, 50, 52, 83, 64, 50, 45, 58, 52), x4 = c(54, 
        63, 48, 45, 45, 62, 57, 62, 54, 72, 72, 67, 39, 47, 55, 
        47, 67, 48, 39, 62, 34, 39, 71, 58, 42, 45, 44),