
expected <- structure(list(coefficients = structure(c(24.5470002789074, 0.606087692176484, 
0.000721453895827655, 0.251467114210571, -0.018539018199131, 
-0.0838852520028201, -0.146325821826503), .Names = c("x1", "x2", 
"x3", "x4", "x5", "x6", "x7")), residuals = structure(c(-6.76065328340051, 
0.475810529124122, 2.01376177155378, 7.1778960999051, -9.64455643146661, 
-0.240753767695062, -6.70236604897565, 7.63814083416935, 4.24790210949265, 
9.76975003842095, 6.43931276022727, -5.16448991830979, 2.14607919034206, 
-5.41941829788491, -2.61528937772541, 1.8205987196438, -1.29221973146872, 
4.14948071290485, 0.786927870943464, -10.940981634112, -8.50533383346885, 
5.76333381926856, -3.06417829501778, 4.07867295698681, -8.52847933328314, 
6.28669338195653, 6.08435915786916), .Names = c("1", "2", "3", 
"5", "7", "8", "9", "10", "11", "12", "13", "14", "15", "16", 
"17", "18", "19", "21", "22", "23", "24", "25", "26", "27", "28", 
"29", "30")), effects = structure(c(-343.523410167827, 49.3571362451374, 
-0.900494662017867, -9.30463239602708, -2.7906229906627, -5.48166825024449, 
-6.13495194024144, 9.03952542462099, 6.13551414584411, 12.5824526691374, 
10.8180515488789, -1.01381918664324, -1.382321233889, -6.72615539325025, 
-3.33256417010236, -1.96722183573872, -0.959788954685762, 6.49745107166667, 
-0.0448920389664855, -7.63012899638682, -11.1008753062151, 9.02728969939814, 
-4.51707874717259, 2.40955659875957, -7.24392146279576, 6.004456678973, 
8.06219143523524), .Names = c("x1", "x2", "x3", "x4", "x5", "x6", 
"x7", "", "", "", "", "", "", "", "", "", "", "", "", "", "", 
"", "", "", "", "", "")), rank = 7L, fitted.values = structure(c(49.7606532834005, 
62.5241894708759, 68.9862382284462, 73.8221039000949, 67.6445564314666, 
71.2407537676951, 78.7023660489756, 59.3618591658307, 59.7520978905074, 
57.230249961579, 62.5606872397727, 73.1644899183098, 74.8539208096579, 
86.4194182978849, 76.6152893777254, 63.1794012803562, 66.2922197314687, 
45.8505192870951, 63.2130721290565, 63.940981634112, 48.5053338334688, 
57.2366661807314, 69.0641782950178, 73.9213270430132, 56.5284793332831, 
78.7133066180435, 75.9156408421308), .Names = c("1", "2", "3", 
"5", "7", "8", "9", "10", "11", "12", "13", "14", "15", "16", 
"17", "18", "19", "21", "22", "23", "24", "25", "26", "27", "28", 
"29", "30")), assign = 1:7, qr = structure(list(qr = structure(c(-5.19615242270663, 
0.192450089729875, 0.192450089729875, 0.192450089729875, 0.192450089729875, 
0.192450089729875, 0.192450089729875, 0.192450089729875, 0.192450089729875, 
0.192450089729875, 0.192450089729875, 0.192450089729875, 0.192450089729875, 
0.192450089729875, 0.192450089729875, 0.192450089729875, 0.192450089729875, 
0.192450089729875, 0.192450089729875, 0.192450089729875, 0.192450089729875, 
0.192450089729875, 0.192450089729875, 0.192450089729875, 0.192450089729875, 
0.192450089729875, 0.192450089729875, -350.644063487833, 69.9910047130397, 
-0.0739876890014511, -0.188288091357435, -0.0311250381179571, 
-0.145425440473941, -0.245438292535427, 0.0546002636490308, 0.168900666005015, 
0.0688878139435288, 0.0403127133545328, -0.259725842829925, -0.174000541062937, 
-0.359738694891411, -0.288300943418921, 0.0688878139435288, -0.0739876890014511, 
0.354638819833489, 0.0546002636490308, -0.0168374878234591, 0.397501470716983, 
0.154613115710517, -0.174000541062937, -0.145425440473941, 0.111750464827023, 
-0.288300943418921, -0.245438292535427, -275.588528493181, 38.4409186516115, 
-50.5891167760729, -0.00316766421737167, -0.167031203886066, 
-0.0909859330561284, 0.272060140307717, -0.0461612801759294, 
0.194067007807626, 0.00363435324785844, 0.18078245036209, 0.479236773419893, 
-0.0324404204969572, -0.244907511637645, 0.0831390451846672, 
0.359442106913039, -0.118747129898996, -0.0678762392719259, 0.092208401804974, 
0.0409012089444684, 0.140811953276968, -0.0336325024487515, 0.204764748613163, 
0.0671508463506184, -0.0248826233133682, 0.221508727165571, -0.380254074745113, 
-297.527838722387, 35.5135583468277, -11.8516979838765, -48.2235379626031, 
0.0750897993545926, -0.058236441180571, -0.0196557085553235, 
-0.0941457096375501, 0.127353894350043, -0.268315037800077, -0.293849248636085, 
-0.564434550492817, 0.251241851319996, 0.194927838781171, 0.0615428067064411, 
0.344114840428868, 0.0461558654104395, -0.135222990778853, 0.164758226616937, 
-0.117203131244745, 0.315284649387418, -0.00469171660190341, 
-0.0247846889873241, 0.276164899973097, -0.101673414793717, 0.0508688449211501, 
0.0602883418434414, -318.119998323484, -14.9003274515732, -10.3097283855478, 
22.2833027135403, 40.1971495170431, -0.00721188527329179, 0.173079070222464, 
-0.0943369647025811, 0.341280926497558, 0.0429330332073397, 0.208679751851029, 
-0.0724065755733778, -0.561453198651934, -0.304992435285457, 
-0.0429318781994703, -0.140909067867322, -0.169461628296711, 
0.12928328549232, -0.170045704101042, 0.165873946545707, 0.0971050259558757, 
0.283493286182624, -0.0349467523745387, -0.138879331519563, -0.165622604227459, 
-0.00165749613922851, -0.0452905622370773, -391.058582331106, 
6.68128185253085, -3.59575616558608, 2.60675033656675, 5.19537972459146, 
44.517738911472, -0.0405937667096345, -0.0467287414464836, 0.158577294703542, 
0.0601289701057821, 0.307986683982149, 0.190649924912592, 0.194438671406399, 
0.659203325718306, 0.076970774765643, 0.0378015738549162, -0.120623313988058, 
0.178166805552601, -0.00188168247777942, -0.0737178785633955, 
0.372989934111689, -0.0464992255937679, 0.13480509844318, 0.0834494672069316, 
-0.108213871654845, 0.204958418925218, 0.00361842386509808, -224.589254714764, 
11.8745418003161, -11.0954592247823, -23.6033527970351, 11.000051437769, 
11.9410674155082, 41.9266528877971, 0.0288097881983037, 0.15893826036852, 
-0.130566457558744, 0.172001648784319, 0.0508425204052699, 0.251230713783188, 
0.234011996601549, -0.355536333838079, -0.0800670670638302, 0.0369746100182142, 
-0.0012878710331039, 0.22435284924463, 0.0657702594849176, -0.123181230664662, 
0.121675044919382, -0.624478900108143, 0.0958611439986316, 0.130579024222924, 
-0.179002699309489, 0.100935312656607), .Dim = c(27L, 7L), .Dimnames = list(
    c("1", "2", "3", "5", "7", "8", "9", "10", "11", "12", "13", 
    "14", "15", "16", "17", "18", "19", "21", "22", "23", "24", 
    "25", "26", "27", "28", "29", "30"), c("x1", "x2", "x3", 
    "x4", "x5", "x6", "x7")), assign = 1:7), qraux = c(1.19245008972988, 
1.01173761276554, 1.31612901346956, 1.10529795744899, 1.34983593400216, 
1.29088107686439, 1.3599236157369), pivot = 1:7, tol = 1e-07, 
    rank = 7L), .Names = c("qr", "qraux", "pivot", "tol", "rank"
), class = "qr"), df.residual = 20L, xlevels = structure(list(), .Names = character(0)), 
    call = quote(lm(formula = y ~ . + 0, data = structure(list(y = c(43, 
        63, 71, 81, 58, 71, 72, 67, 64, 67, 69, 68, 77, 81, 74, 
        65, 65, 50, 64, 53, 40, 63, 66, 78, 48, 85, 82), x1 = c(1, 
        1, 1, 1, 1, 1, 1, 1, 1, 1, 1, 1, 1, 1, 1, 1, 1, 1, 1, 
        1, 1, 1, 1, 1, 1, 1, 1), x2 = c(51, 64, 70, 78, 67, 75, 
        82, 61, 53, 60, 62, 83, 77, 90, 85, 60, 70, 40, 61, 66, 
        37, 54, 77, 75, 57, 85, 82), x3 = c(30, 51, 68, 56, 42, 
        50, 72, 45, 53, 47, 57, 83, 54, 50, 64, 65, 46, 33, 52, 
        52, 42, 42, 66, 58, 44, 71, 39), x4 = c(39, 54, 69, 66, 
        56, 55, 67, 47, 58, 39, 42, 45, 72, 72, 69, 75, 57, 34, 
        62, 50, 58, 48, 63, 74, 45, 71, 59), x5 = c(66, 77, 62, 
        43, 43, 59, 51, 70, 51, 71, 66, 80, 71, 55, 54, 62, 64, 
        71, 66, 59, 61, 55, 61, 55, 75, 54, 51), x6 = c(92, 73, 
        86, 83, 68, 66, 83, 80, 67, 74, 63, 77, 77, 54, 79, 80, 
        85, 64, 80, 80, 57, 75, 76, 78, 83, 74, 78), x7 = c(45, 
        47, 48, 47, 35, 41, 31, 41, 34, 41, 25, 35, 46, 36, 63, 
        60, 46, 33, 41, 37, 49, 33, 72, 49, 38, 55, 39)), .Names = c("y", 
        "x1", "x2", "x3", "x4", "x5", "x6", "x7"),