
expected <- structure(list(coefficients = structure(c(11.1298634894507, 0.761577260969891, 
0.101308386198257, -0.0973661711480274, 0.107698062346115, 0.0366132876013224, 
-0.1626965393023), .Names = c("x1", "x2", "x3", "x4", "x5", "x6", 
"x7")), residuals = structure(c(-7.36844213670055, 0.819972610772678, 
1.04805719241376, 6.13659027918082, -11.3141837916525, -7.93241128925197, 
0.438342004551292, -8.96540351893133, 7.95596406147146, 9.22707490354586, 
10.0313601741714, 7.72551557441125, 1.71198597319577, -1.74295209905197, 
-4.14324264524104, 7.07600171442229, -1.28236736971029, -8.02610168223124, 
1.57659117229457, -11.3195651663211, 0.247545368601037, 5.80220998465459, 
-4.09055643610035, 6.02364247011451, -9.25699272631487, 4.27082718817133, 
5.35053818953461), .Names = c("1", "3", "4", "5", "6", "7", "8", 
"9", "10", "11", "12", "13", "15", "16", "17", "18", "19", "20", 
"22", "23", "24", "25", "26", "27", "28", "29", "30")), effects = structure(c(-338.327257745121, 
-53.1510040063286, 2.38481266822958, -4.74303866868924, 0.638113247159776, 
1.06732258315838, 6.68897011953858, -5.29865933628719, 9.65340258945876, 
13.6490394863708, 13.7114182562068, 15.2392015747318, 1.29194811092526, 
1.46035600882375, -4.11779626510687, 7.80243633078318, -0.533381652895223, 
-5.07670244009011, 1.79324135032028, -8.73571037225858, 2.19431206154206, 
6.61996169251155, -2.43677140635886, 7.54613870274228, -9.46926986429104, 
5.44685566439357, 4.15817816886945), .Names = c("x1", "x2", "x3", 
"x4", "x5", "x6", "x7", "", "", "", "", "", "", "", "", "", "", 
"", "", "", "", "", "", "", "", "", "")), rank = 7L, fitted.values = structure(c(50.3684421367006, 
70.1800273892273, 59.9519428075862, 74.8634097208192, 54.3141837916525, 
65.932411289252, 70.5616579954487, 80.9654035189313, 59.0440359385285, 
54.7729250964541, 56.9686398258286, 61.2744844255888, 75.2880140268042, 
82.742952099052, 78.143242645241, 57.9239982855777, 66.2823673697103, 
58.0261016822312, 62.4234088277054, 64.3195651663211, 39.752454631399, 
57.1977900153454, 70.0905564361004, 71.9763575298855, 57.2569927263149, 
80.7291728118287, 76.6494618104654), .Names = c("1", "3", "4", 
"5", "6", "7", "8", "9", "10", "11", "12", "13", "15", "16", 
"17", "18", "19", "20", "22", "23", "24", "25", "26", "27", "28", 
"29", "30")), assign = 1:7, qr = structure(list(qr = structure(c(-5.19615242270663, 
0.192450089729875, 0.192450089729875, 0.192450089729875, 0.192450089729875, 
0.192450089729875, 0.192450089729875, 0.192450089729875, 0.192450089729875, 
0.192450089729875, 0.192450089729875, 0.192450089729875, 0.192450089729875, 
0.192450089729875, 0.192450089729875, 0.192450089729875, 0.192450089729875, 
0.192450089729875, 0.192450089729875, 0.192450089729875, 0.192450089729875, 
0.192450089729875, 0.192450089729875, 0.192450089729875, 0.192450089729875, 
0.192450089729875, 0.192450089729875, -348.527112500804, -64.4348651884355, 
-0.0229669383926948, 0.209826285526274, -0.147123324482811, 0.0391112546523634, 
0.16326764074248, 0.271904478571332, -0.0540060349152239, -0.17816242100534, 
-0.0695255831764885, -0.0384864866539594, 0.194306737265009, 
0.396060864661448, 0.318463123355125, -0.0695255831764885, 0.0856698994361571, 
-0.100564679699018, -0.0540060349152239, 0.0235917063910989, 
-0.426475193185573, -0.162642872744076, 0.194306737265009, 0.16326764074248, 
-0.116084227960282, 0.318463123355125, 0.271904478571332, -274.626278044532, 
-24.9910710853059, 49.1208079475144, 0.0332697122450195, -0.1175759361763, 
0.17798279240609, 0.117154307922394, -0.241440185980785, 0.0403824137808932, 
-0.224516643047355, -0.0130879396546342, -0.191158831431529, 
0.0612312441374779, 0.308470469495412, -0.0403131830102102, -0.37953142363057, 
0.134814139392708, -0.466114159169628, -0.102123385543082, -0.0383513316854092, 
-0.204649530739946, 0.0121754523761407, -0.183064411846479, -0.0457094627335769, 
0.00972274202675147, -0.182818982334185, 0.430372867975097, -278.2828297494, 
-4.11095589498385, 4.99757722805422, 57.3654158020823, -0.11381013212717, 
0.185367895021487, -0.1262798478559, -0.11415177765545, -0.136487401704152, 
-0.0474814203914629, -0.321224368876063, -0.357926259249923, 
0.262613999529433, 0.168153854063182, -0.039820738626781, 0.0406063671053917, 
-0.207986212918244, -0.133004852402434, 0.235684178761987, -0.154270217540727, 
0.311216830753753, 0.261402031045393, -0.344527994184416, -0.0894278289712086, 
0.207477035248113, 0.105733465878002, 0.248080766819045, -341.406459180799, 
-33.9194097202031, 10.8534948345161, 0.0307165640897755, 36.5144352309117, 
-0.0887516779109768, -0.00991765614930417, 0.277434864496361, 
0.00428538883272836, 0.1105931156194, 0.106334995315682, 0.34823323351993, 
-0.209873815544647, 0.411462028528921, -0.00012744216012959, 
0.394807551555588, -0.240426477250054, 0.167815257253736, -0.046775293489337, 
0.107958313750034, 0.0201324298122978, -0.232478633302655, -0.29639130798001, 
-0.198315412254852, 0.235038149762573, 0.123995908201914, 0.0919341751911038, 
-390.481232061917, -5.97042769591686, 1.69755370724668, 2.33154340859992, 
18.3263356076936, 48.2865306319914, 0.30829435283546, -0.26931837876608, 
-0.0580995563682764, 0.0712018401425298, -0.0214544484698421, 
0.0116762352016769, 0.237514209704634, 0.311419132462692, 0.0586682096513666, 
-0.402528624928892, 0.0735744225514892, -0.201999602883472, -0.0322816657068669, 
-0.124457263553208, 0.282675685215133, 0.195846507661851, 0.303327784919085, 
0.19015997290824, -0.318294547021117, 0.0531225012531783, 0.0387059484010108, 
-225.743955253144, -11.8276201693348, 20.5044038044349, -4.63278840286291, 
24.3730326911687, 4.30621359953464, -41.1131677921562, -0.420136252186424, 
-0.0132759512032626, -0.219990735866491, 0.0591123966546526, 
-0.277540026767567, -0.0977947767619431, 0.211251732608138, 0.346052570218374, 
0.350495399357449, -0.0121184516044369, 0.0184245049957476, -0.181828828610867, 
-0.131086694737188, 0.189591669087358, -0.342477080503481, 0.401686713660949, 
-0.044282502150337, -0.023923181852762, 0.125481855827306, 0.114059922065215
), .Dim = c(27L, 7L), .Dimnames = list(c("1", "3", "4", "5", 
"6", "7", "8", "9", "10", "11", "12", "13", "15", "16", "17", 
"18", "19", "20", "22", "23", "24", "25", "26", "27", "28", "29", 
"30"), c("x1", "x2", "x3", "x4", "x5", "x6", "x7")), assign = 1:7), 
    qraux = c(1.19245008972988, 1.08566989943616, 1.06589123532396, 
    1.15199907096643, 1.20125330499885, 1.29950610533678, 1.03149510840643
    ), pivot = 1:7, tol = 1e-07, rank = 7L), .Names = c("qr", 
"qraux", "pivot", "tol", "rank"), class = "qr"), df.residual = 20L, 
    xlevels = structure(list(), .Names = character(0)), call = quote(lm(formula = y ~ 
        . + 0, data = structure(list(y = c(43, 71, 61, 81, 43, 
        58, 71, 72, 67, 64, 67, 69, 77, 81, 74, 65, 65, 50, 64, 
        53, 40, 63, 66, 78, 48, 85, 82), x1 = c(1, 1, 1, 1, 1, 
        1, 1, 1, 1, 1, 1, 1, 1, 1, 1, 1, 1, 1, 1, 1, 1, 1, 1, 
        1, 1, 1, 1), x2 = c(51, 70, 63, 78, 55, 67, 75, 82, 61, 
        53, 60, 62, 77, 90, 85, 60, 70, 58, 61, 66, 37, 54, 77, 
        75, 57, 85, 82), x3 = c(30, 68, 45, 56, 49, 42, 50, 72, 
        45, 53, 47, 57, 54, 50, 64, 65, 46, 68, 52, 52, 42, 42, 
        66, 58, 44, 71, 39), x4 = c(54, 48, 71, 45, 59, 45, 62, 
        57, 62, 54, 72, 72, 39, 47, 55, 47, 67, 56, 39, 62, 34, 
        39, 71, 58, 42, 45, 44), x5 = c(61, 76, 54, 71, 54, 66, 
        70, 71, 62, 58, 59, 55, 79, 60, 79, 55, 75, 64, 66, 63, 
        50, 66, 88, 80, 51, 77, 64), x6 = c(92, 86, 84, 83, 49, 
        68, 66, 83, 80, 67, 74, 63, 77, 54, 79, 80, 85, 78, 80, 
        80, 57, 75, 76, 78, 83, 74, 78), x7 = c(45, 48, 35, 47, 
        34, 35, 41, 31, 41, 34, 41, 25, 46, 36, 63, 60, 46, 52, 
        41, 37, 49, 33, 72, 49, 38, 55, 39)), .Names = c("y", 
        "x1", "x2", "x3", "x4", "x5", "x6", "x7"),