
expected <- structure(list(coefficients = structure(c(-1.52818797397647, 
0.702441608786472, -0.112624266860354, 0.37602818993675, -0.0871176622780431, 
0.132950197292776, -0.0367473044064426), .Names = c("x1", "x2", 
"x3", "x4", "x5", "x6", "x7")), residuals = structure(c(-7.54305082234501, 
0.0929530998268056, 1.81154259851287, -0.573302467616129, 4.69177019335748, 
-8.28251338946083, -6.07425954699492, 0.712995842983252, -4.33418591937164, 
7.74021546965403, 9.04327062048701, 13.4170955768175, 0.800045118169581, 
-0.096621702646083, -3.15136124397512, -2.95395948302799, -0.846811518076888, 
-7.25440856539162, 9.20215080074677, 3.2272079034849, -9.92327177834022, 
-2.10721019761162, -1.5447137654749, 0.619153335920748, -7.66948107892703, 
7.73782318659894, 3.72872149288629), .Names = c("1", "2", "3", 
"4", "5", "6", "7", "8", "9", "10", "11", "12", "14", "15", "16", 
"17", "19", "20", "21", "22", "23", "24", "26", "27", "28", "29", 
"30")), effects = structure(c(-180.91479299122, -287.507989768929, 
0.29156179899883, 16.3816565698964, 1.91284113532415, 8.15367671261235, 
-1.1640694354078, 2.76081305591754, -2.47931051340429, 7.7399204189586, 
8.28091313035276, 15.4984179764151, 2.80184890050862, 1.22227408123555, 
-2.87018478539084, -0.0788226885245342, 3.50243795302769, -10.0416222870527, 
7.40644862807396, 4.54624338909262, -9.59516885312549, -4.27133733226918, 
4.55020651727244, 0.0708543566416251, -9.77410884041093, 10.2034585740878, 
3.96549245492791), .Names = c("x1", "x2", "x3", "x4", "x5", "x6", 
"x7", "", "", "", "", "", "", "", "", "", "", "", "", "", "", 
"", "", "", "", "", "")), rank = 7L, fitted.values = structure(c(50.543050822345, 
62.9070469001732, 69.1884574014871, 61.5733024676161, 76.3082298066425, 
51.2825133894608, 64.0742595469949, 70.2870041570168, 76.3341859193716, 
59.259784530346, 54.956729379513, 53.5829044231825, 67.1999548818304, 
77.0966217026461, 84.1513612439751, 76.953959483028, 65.8468115180769, 
57.2544085653916, 40.7978491992532, 60.7727920965151, 62.9232717783402, 
42.1072101976116, 67.5447137654749, 77.3808466640793, 55.669481078927, 
77.2621768134011, 78.2712785071137), .Names = c("1", "2", "3", 
"4", "5", "6", "7", "8", "9", "10", "11", "12", "14", "15", "16", 
"17", "19", "20", "21", "22", "23", "24", "26", "27", "28", "29", 
"30")), assign = 1:7, qr = structure(list(qr = structure(c(-5.5619478675689, 
-0.105800289937136, 0.155164759844604, 0.0544794356489143, 0.0135894551287377, 
-0.124801562479908, 0.155461890986976, -0.162795029622667, 0.242515969141682, 
-0.00912175932424218, 0.084550638226956, 0.132602770603508, 0.292624441894169, 
-0.0413902391769621, 0.134186805465009, 0.329100882664851, 0.31219421493993, 
-0.1155332257432, -0.00961623060150689, 0.342722907812427, 0.0200918598893651, 
0.280504586580238, 0.304942374294912, -0.212214848272729, 0.180119195606578, 
0.265443585601265, 0.0569067424023135, -196.271393228683, -298.873786405017, 
0.128595561796903, 0.173708444897431, 0.251729706057417, 0.268973667600369, 
0.118355629677966, 0.361752809830777, 0.109288368114262, 0.210308500055139, 
0.119780742229043, 0.11049403948605, 0.0785265988364895, 0.285807201702813, 
0.209792643201059, 0.0603897282705674, 0.0217092912658995, 0.272702609874386, 
0.140381301677582, -0.0291839203549753, 0.207152943851691, -0.0671348223092545, 
0.0500667070625432, 0.395391722368663, 0.0681130404901141, 0.103719758748483, 
0.235628219515204, -158.339003101023, -227.582967636869, -54.1548976415807, 
-0.0605923336442381, -0.0708976229416058, 0.122787289792853, 
-0.170504602485667, -0.142961405651251, 0.172777808135333, -0.0336155124587212, 
0.22947655410732, 0.0205231828693305, 0.362802848362697, -0.0948371136485646, 
-0.34914610627055, -0.0156008012141372, -0.135793127858103, 0.431321410414929, 
0.0423572069813791, 0.103184467845602, 0.0254194982647476, 0.257275343307741, 
0.134172478944098, 0.00370377821038632, 0.00865494527247961, 
0.112293678615132, -0.440563543553784, -163.136436969546, -246.291202433766, 
-13.5806082199177, 46.4834768169127, -0.0628361386612083, 0.0892083209256938, 
-0.0915713494953207, 0.0971930535088326, 0.0806904700166126, 
0.0602345140257635, -0.210991928200186, 0.231625549551531, 0.650317159257355, 
-0.217576274678707, -0.101512661394462, 0.00749951916181229, 
-0.051502686682947, 0.0579858438951787, -0.00144210191565104, 
-0.219047669003611, 0.108484144870462, -0.491997862705983, 0.0588109132762459, 
-0.24726374090819, 0.0421627781368532, 0.0213912804798787, 0.000254365135716087, 
-188.371688663102, -282.989108006407, -17.6699363731195, 27.7521778531115, 
37.4681415729211, -0.0809406010257196, -0.0217620686689191, -0.155011934977104, 
0.291655087510905, -0.167377699280343, 0.123955379935802, -0.185482089142964, 
0.282642605725406, -0.025172912335875, 0.633406472281193, 0.139965980978895, 
-0.155853929841891, -0.0799703760665856, -0.105608587131545, 
0.127432660816664, -0.0667543872370709, 0.230453082121856, -0.274467654805361, 
-0.0746012287618665, 0.114669857707186, 0.231487575313089, 0.168495566082883, 
-219.904505410921, -315.12979936655, -22.460847645048, 16.8195966910585, 
48.4746207933871, 61.1967374974322, 0.123318803542228, 0.206152870846749, 
0.0870187186054084, -0.12929304341173, -0.111687684964241, 0.0641715446015207, 
0.29210540616052, 0.0662467232483657, 0.214152126282043, 0.301888817825143, 
0.0999676856275038, -0.113497245477428, -0.25501707678462, -0.0739764199832458, 
-0.0759714559781897, -0.1725489407838, 0.542916233784816, -0.0176549714289352, 
-0.321682009455714, 0.324176995744938, -0.0674394536813241, -130.39404256678, 
-181.174736827937, -20.2983122377674, 24.9244110582209, 34.4986490734617, 
-0.477814330550606, 31.6776823282776, 0.125596956840129, 0.48956560039493, 
0.0317323324614917, 0.203606921062555, -0.0230215681748179, 0.0224865912441475, 
0.22969197494907, -0.0509539354008374, -0.299214009157445, 0.235254261863702, 
-0.269142887221521, -0.104793882031688, 0.203194916343322, 0.153866094255452, 
-0.348372784814948, -0.282453815767771, 0.144689986332308, -0.119277343243364, 
-0.119033639718705, 0.0209287754022514), .Dim = c(27L, 7L), .Dimnames = list(
    c("1", "2", "3", "4", "5", "6", "7", "8", "9", "10", "11", 
    "12", "14", "15", "16", "17", "19", "20", "21", "22", "23", 
    "24", "26", "27", "28", "29", "30"), c("x1", "x2", "x3", 
    "x4", "x5", "x6", "x7")), assign = 1:7), qraux = c(1.21547281480923, 
1.28615299236127, 1.26708335424315, 1.08172309837708, 1.11453405436732, 
1.19387152195669, 1.31863555572631), pivot = 1:7, tol = 1e-07, 
    rank = 7L), .Names = c("qr", "qraux", "pivot", "tol", "rank"
), class = "qr"), df.residual = 20L, xlevels = structure(list(), .Names = character(0)), 
    call = quote(lm(formula = y ~ . + 0, data = structure(list(y = c(43, 
        63, 71, 61, 81, 43, 58, 71, 72, 67, 64, 67, 68, 77, 81, 
        74, 65, 50, 50, 64, 53, 40, 66, 78, 48, 85, 82), x1 = c(1.19844856284726, 
        -0.588455697004025, 0.863018305139535, 0.303011780933836, 
        0.0755838409747057, -0.694139784304391, 0.864670933063239, 
        -0.905457467860607, 1.34886117741898, -0.0507347498219455, 
        0.470266241988007, 0.737529697191911, 1.62756189059181, 
        -0.230210352528471, 0.746340016511991, 1.83044195255281, 
        1.73640794805249, -0.642589778555747, -0.053484973288102, 
        1.90620694627434, 0.111749877267147, 1.56015188717325, 
        1.69607358844098, -1.18032792281696, 1.00181357591223, 
        1.4763833848948, 0.31651233455484), x2 = c(51, 64, 70, 
        63, 78, 55, 67, 75, 82, 61, 53, 60, 83, 77, 90, 85, 70, 
        58, 40, 61, 66, 37, 77, 75, 57, 85, 82), x3 = c(30, 51, 
        68, 45, 56, 49, 42, 50, 72, 45, 53, 47, 83, 54, 50, 64, 
        46, 68, 33, 52, 52, 42, 66, 58, 44, 71, 39), x4 = c(39, 
        54, 69, 47, 66, 44, 56, 55, 67, 47, 58, 39, 45, 72, 72, 
        69, 57, 54, 34, 62, 50, 58, 63, 74, 45, 71, 59),