
expected <- structure(list(coefficients = structure(c(1.61404608974336, 0.656176257198054, 
-0.101281342670056, 0.38913598215768, 0.148340887383794, 0.0217629869807968, 
-0.179768285478618), .Names = c("x1", "x2", "x3", "x4", "x5", 
"x6", "x7")), residuals = structure(c(-7.92001875391792, -1.01915807141596, 
1.05049024390665, -1.75328495336389, 8.45710955651042, -8.1958604730307, 
-6.68230521114643, -5.9992496384468, 6.87307010921091, 7.49525279711343, 
10.8271339435115, 9.46499163539277, -4.43257418913603, -1.62682797491777, 
-5.48592464525986, -2.16168669462921, 1.26139024255913, -3.56508725098513, 
6.25788378685923, -0.661636674928724, -9.95357310525475, -5.68927657893903, 
7.66910586126139, 3.20337401343896, -10.1715324946488, 7.43967939082087, 
5.31851512943571), .Names = c("1", "2", "3", "4", "5", "6", "7", 
"9", "10", "11", "12", "13", "14", "15", "16", "17", "18", "20", 
"21", "22", "23", "24", "25", "27", "28", "29", "30")), effects = structure(c(-334.285805860793, 
-54.1626149974308, 2.33757936933778, 11.6749073260769, 6.4315828971108, 
-1.04680955387116, -6.17198751379625, -4.79802232279954, 8.87773525460393, 
10.5085983074475, 12.1968662744859, 13.7773648626578, -2.41164741005834, 
3.27239648782198, 0.255461031692853, -4.84140405380073, 2.56582433397559, 
-6.6175880835986, 10.7388946174603, 2.90981874211379, -9.30795930161306, 
-1.10335096799009, 9.46029940628949, 4.81009807284508, -7.18628227096027, 
6.67112673671471, 5.86612670933727), .Names = c("x1", "x2", "x3", 
"x4", "x5", "x6", "x7", "", "", "", "", "", "", "", "", "", "", 
"", "", "", "", "", "", "", "", "", "")), rank = 7L, fitted.values = structure(c(50.9200187539179, 
64.019158071416, 69.9495097560933, 62.7532849533639, 72.5428904434896, 
51.1958604730307, 64.6823052111464, 77.9992496384468, 60.1269298907891, 
56.5047472028866, 56.1728660564885, 59.5350083646072, 72.432574189136, 
78.6268279749178, 86.4859246452599, 76.1616866946292, 63.7386097574409, 
53.5650872509851, 43.7421162131408, 64.6616366749287, 62.9535731052547, 
45.689276578939, 55.3308941387386, 74.796625986561, 58.1715324946488, 
77.5603206091791, 76.6814848705643), .Names = c("1", "2", "3", 
"4", "5", "6", "7", "9", "10", "11", "12", "13", "14", "15", 
"16", "17", "18", "20", "21", "22", "23", "24", "25", "27", "28", 
"29", "30")), assign = 1:7, qr = structure(list(qr = structure(c(-5.19615242270663, 
0.192450089729875, 0.192450089729875, 0.192450089729875, 0.192450089729875, 
0.192450089729875, 0.192450089729875, 0.192450089729875, 0.192450089729875, 
0.192450089729875, 0.192450089729875, 0.192450089729875, 0.192450089729875, 
0.192450089729875, 0.192450089729875, 0.192450089729875, 0.192450089729875, 
0.192450089729875, 0.192450089729875, 0.192450089729875, 0.192450089729875, 
0.192450089729875, 0.192450089729875, 0.192450089729875, 0.192450089729875, 
0.192450089729875, 0.192450089729875, -341.791359360259, -70.2329457353646, 
0.0940757185871527, -0.00559260554061164, 0.207982374733169, 
-0.119499261686628, 0.0513607225323965, 0.264935702806177, -0.0340692695771157, 
-0.147975925723132, -0.0483076015953678, -0.0198309375588637, 
0.279174034824429, 0.193744042714917, 0.378842358952194, 0.307650698860933, 
-0.0483076015953678, -0.0767842656318719, -0.333074241960409, 
-0.0340692695771157, 0.0371223905141445, -0.375789238015165, 
-0.13373759370488, 0.165267378678413, -0.0910225976501239, 0.307650698860933, 
0.264935702806177, -275.588528493181, -36.3393873843611, -52.8621971496863, 
-0.0777165698770799, -0.0219221343711548, 0.0791752168329003, 
-0.175079573263807, 0.240139952845125, -0.057410733231322, 0.175149493605607, 
-0.00942359484496873, 0.159441668826645, 0.438075244871355, -0.0496034361117502, 
-0.257259814436125, 0.0583443176225902, 0.331084385726301, 0.40814155246727, 
-0.0712047688317108, 0.0750090369908383, 0.0242444453764436, 
0.129507976422561, -0.0430916350663811, 0.0463708406609564, -0.0357161699715435, 
0.190764087844751, -0.384124678202203, -291.754336030491, -37.5876144912945, 
-11.4059006342731, 49.0355388976436, -0.104841902340487, 0.128440571929882, 
-0.0788666194452232, 0.0162392709473075, 0.0824488170952767, 
-0.143365288721313, 0.252446471064487, 0.276076731016642, 0.549517961724093, 
-0.248497668427881, -0.18275230798564, -0.0591726046853306, -0.355056995026528, 
0.0798686223314672, 0.111453037419439, -0.174195903115328, 0.10663670604758, 
-0.336326214380228, -0.00961120964501627, -0.27558306164323, 
0.0873092962742401, -0.0507034851737676, -0.0528199671590905, 
-314.270996528886, 11.0362893510363, -3.64287757443059, -19.488894330628, 
49.5161943090164, 0.434286884519376, 0.3225389533159, 0.257095775993409, 
-0.1362488651875, 0.128896059272569, -0.0629192191030388, 0.0636430658933887, 
-0.0269103848371084, -0.314013703814528, 0.0491589465829975, 
0.148684385385899, -0.189171489045117, 0.290423072173799, -0.169079037250672, 
-0.186278518231004, 0.110453194959174, -0.201113587362347, 0.108594841601174, 
-0.00236355879062784, -0.238524421924902, 0.16125338999064, 0.182085819108201, 
-387.979380895428, -10.5506040255248, -3.0821807510087, -1.39477922235196, 
15.275045885995, 47.9574027717967, 0.109112101108523, -0.0765815810981772, 
-0.0326336664810562, 0.187288740180734, 0.115721401479671, 0.363029081304791, 
0.217656331352386, 0.0334509434125283, 0.45318548084813, -0.0158029302690175, 
-0.0283569685176454, 0.0200093616384294, 0.270790379654471, -0.0432107663001924, 
-0.0436216594055962, 0.378859482434882, 0.00829122592609234, 
-0.0269252938210835, -0.0816931747958069, 0.111603214215749, 
-0.0837628186466488, -217.276151305029, -8.12850554553101, -11.28973643718, 
24.9500673066765, 6.93183409958729, 11.6288914947417, 34.333016512695, 
0.476468789612624, -0.0319573584615825, 0.301122699014977, -0.210477982913138, 
0.223841265671936, -0.0329441393287895, 0.19715841341094, 0.26270980017478, 
-0.439242828975768, -0.0810709262138908, -0.284018115011258, 
-0.00884153944712244, 0.239297667943583, 0.0815913512157895, 
-0.0690432611394536, 0.194715900169799, 0.119176585765008, 0.0673841953139432, 
-0.199926879765705, 0.0921867455361325), .Dim = c(27L, 7L), .Dimnames = list(
    c("1", "2", "3", "4", "5", "6", "7", "9", "10", "11", "12", 
    "13", "14", "15", "16", "17", "18", "20", "21", "22", "23", 
    "24", "25", "27", "28", "29", "30"), c("x1", "x2", "x3", 
    "x4", "x5", "x6", "x7")), assign = 1:7), qraux = c(1.19245008972988, 
1.00864572647764, 1.28630653259272, 1.0968936737861, 1.33212951974055, 
1.54590360157299, 1.1543904556352), pivot = 1:7, tol = 1e-07, 
    rank = 7L), .Names = c("qr", "qraux", "pivot", "tol", "rank"
), class = "qr"), df.residual = 20L, xlevels = structure(list(), .Names = character(0)), 
    call = quote(lm(formula = y ~ . + 0, data = structure(list(y = c(43, 
        63, 71, 61, 81, 43, 58, 72, 67, 64, 67, 69, 68, 77, 81, 
        74, 65, 50, 50, 64, 53, 40, 63, 78, 48, 85, 82), x1 = c(1, 
        1, 1, 1, 1, 1, 1, 1, 1, 1, 1, 1, 1, 1, 1, 1, 1, 1, 1, 
        1, 1, 1, 1, 1, 1, 1, 1), x2 = c(51, 64, 70, 63, 78, 55, 
        67, 82, 61, 53, 60, 62, 83, 77, 90, 85, 60, 58, 40, 61, 
        66, 37, 54, 75, 57, 85, 82), x3 = c(30, 51, 68, 45, 56, 
        49, 42, 72, 45, 53, 47, 57, 83, 54, 50, 64, 65, 68, 33, 
        52, 52, 42, 42, 58, 44, 71, 39), x4 = c(39, 54, 69, 47, 
        66, 44, 56, 67, 47, 58, 39, 42, 45, 72, 72, 69, 75, 54, 
        34, 62, 50, 58, 48, 74, 45, 71, 59), x5 = c(66, 77, 62, 
        71, 43, 43, 43, 51, 70, 51, 71, 66, 80, 71, 55, 54, 62, 
        50, 71, 66, 59, 61, 55, 55, 75, 54, 51), x6 = c(92, 73, 
        86, 84, 83, 49, 68, 83, 80, 67, 74, 63, 77, 77, 54, 79, 
        80, 78, 64, 80, 80, 57, 75, 78, 83, 74, 78), x7 = c(45, 
        47, 48, 35, 47, 34, 35, 31, 41, 34, 41, 25, 35, 46, 36, 
        63, 60, 52, 33, 41, 37, 49, 33, 49, 38, 55, 39)), .Names = c("y", 
        "x1", "x2", "x3", "x4", "x5", "x6", "x7"),