
expected <- structure(list(coefficients = structure(c(2.41478368311553, 0.628097765000305, 
0.0292999455341977, 0.342733453672145, -0.0316650334869016, 0.0763986794859441, 
-0.113872844600474), .Names = c("x1", "x2", "x3", "x4", "x5", 
"x6", "x7")), residuals = structure(c(-6.01780556676563, 1.77397354780363, 
0.57252027253774, 0.309360577575768, 6.73803615871397, -8.66737676651902, 
-6.74387218292523, 2.56607365680102, -7.55435272478512, 9.36440712616796, 
8.04013338935354, 12.3359709131112, -3.93261178231832, 1.29227384567366, 
-1.88929335078093, -3.04226854805025, -0.765191688243489, -6.94540454779301, 
9.51465594889305, 0.236667524733889, -9.37460813243598, -4.24824213982001, 
-3.06664756652309, 3.80448615788471, -7.3568648471017, 6.21114598971042, 
6.84483473510119), .Names = c("1", "2", "3", "4", "5", "6", "7", 
"8", "9", "10", "11", "12", "14", "15", "16", "17", "19", "20", 
"21", "22", "23", "24", "26", "27", "28", "29", "30")), effects = structure(c(-335.248056309443, 
55.507881731414, -1.65645202637754, 11.9716941513852, -2.66491936049229, 
3.86682267108986, -3.57919524183937, 6.24737790632934, -7.12357421628144, 
11.1776063356186, 9.48970969998901, 14.0356298523688, -3.55851070148504, 
2.88545339819169, -2.63208948230647, -2.18239628451435, 3.25198770918437, 
-7.18328845965808, 9.71320091839132, -1.04287653038455, -7.64050653418076, 
-7.00890715987451, 0.944434022899945, 6.00879378174973, -9.33167452689211, 
6.78090421446127, 6.56272376399507), .Names = c("x1", "x2", "x3", 
"x4", "x5", "x6", "x7", "", "", "", "", "", "", "", "", "", "", 
"", "", "", "", "", "", "", "", "", "")), rank = 7L, fitted.values = structure(c(49.0178055667656, 
61.2260264521964, 70.4274797274623, 60.6906394224242, 74.261963841286, 
51.667376766519, 64.7438721829252, 68.433926343199, 79.5543527247851, 
57.635592873832, 55.9598666106465, 54.6640290868888, 71.9326117823183, 
75.7077261543263, 82.8892933507809, 77.0422685480503, 65.7651916882435, 
56.945404547793, 40.4853440511069, 63.7633324752661, 62.374608132436, 
44.24824213982, 69.0666475665231, 74.1955138421153, 55.3568648471017, 
78.7888540102896, 75.1551652648988), .Names = c("1", "2", "3", 
"4", "5", "6", "7", "8", "9", "10", "11", "12", "14", "15", "16", 
"17", "19", "20", "21", "22", "23", "24", "26", "27", "28", "29", 
"30")), assign = 1:7, qr = structure(list(qr = structure(c(-5.19615242270663, 
0.192450089729875, 0.192450089729875, 0.192450089729875, 0.192450089729875, 
0.192450089729875, 0.192450089729875, 0.192450089729875, 0.192450089729875, 
0.192450089729875, 0.192450089729875, 0.192450089729875, 0.192450089729875, 
0.192450089729875, 0.192450089729875, 0.192450089729875, 0.192450089729875, 
0.192450089729875, 0.192450089729875, 0.192450089729875, 0.192450089729875, 
0.192450089729875, 0.192450089729875, 0.192450089729875, 0.192450089729875, 
0.192450089729875, 0.192450089729875, -350.644063487833, 69.9767157041593, 
-0.0740027970375246, 0.0260304773103873, -0.188326539149424, 
0.140354219422287, -0.0311313937455624, -0.145455135857462, -0.245488410205373, 
0.0546114128383621, 0.168935154950261, 0.0689018806023495, -0.259778877969361, 
-0.174036071385436, -0.359812152317273, -0.288359813497336, -0.0740027970375246, 
0.0974828161303243, 0.354711235882098, 0.0546114128383621, -0.0168409259815749, 
0.39758263917406, -0.174036071385436, -0.145455135857462, 0.111773283894312, 
-0.288359813497336, -0.245488410205373, -287.327983966704, 8.73359291013169, 
-63.4299139563481, 0.170190327082293, -0.0276923697350493, -0.0542952793844971, 
0.203605969940838, 0.191610095283078, 0.305266482547926, -0.13029527169644, 
-0.32325001401329, 0.27913476757563, 0.211145084775257, 0.30291050916217, 
-0.211223218508875, -0.166282895669721, -0.31523970450172, 0.0101800329468366, 
-0.0298323353918252, 0.468791147152421, -0.0491121379358338, 
-0.0312459194232788, 0.17678705256241, -0.044871385841473, -0.132180050405045, 
0.0859640175297993, -0.0100421589514745, -293.67883692779, 37.9020254461815, 
1.89451634677054, 43.9384571375642, -0.127106999350358, 0.0896563646601688, 
0.0195848874698851, 0.136324340766034, -0.0266218535732971, 0.0767908268914946, 
-0.31364680255144, 0.33888702704809, 0.464989149956987, -0.201371788602109, 
-0.159931477493336, -0.141968461245548, -0.0836427181897903, 
-0.0871752460845387, 0.141477610204849, -0.12982111241684, 0.0872014210662242, 
-0.441313575153848, -0.0249134457354513, -0.349299191275558, 
0.0735455143945618, -0.130739452242552, 0.0845169677385653, -339.28950819377, 
36.8715239374229, -3.7302391699102, 21.0615818740198, 33.4457087959114, 
0.0640851330524172, 0.0467570767060705, -0.0443710649820685, 
0.214237955827965, -0.0928150120874965, 0.15679211056177, -0.0983875188122281, 
0.146886023998066, 0.0388360360263902, 0.608126932006161, -0.0408556502581015, 
-0.26448861642834, -0.0165861513476591, 0.114351172635196, 0.16444310651074, 
-0.0224583523918895, 0.342197205546395, -0.42055722322739, -0.01878130518586, 
0.173148014007597, 0.0956461681445379, 0.223188345673663, -389.711431702997, 
9.93187509597131, -2.93645433928375, -5.59589566603773, 23.8506342399474, 
44.3234508024634, 0.258363646524509, 0.398893020902976, -0.0650821347839142, 
-0.0433439607502861, -0.00860191526813493, 0.230033259967387, 
0.182999325807309, 0.080907051780191, 0.331902024014796, 0.0180820161514977, 
-0.11725169977198, -0.0467739063613998, 0.170843702451847, -0.0622113240542732, 
-0.02887417209307, 0.103373987319039, 0.297335799462377, -0.0318538444548237, 
-0.237516404775285, 0.131802344583759, 0.000227506455523684, 
-225.166604983954, 11.2561251087674, 2.99500770634643, 17.5024193400634, 
30.1039009286026, -4.22022968871588, 31.4315081387234, 0.0620146945611728, 
0.299939132298077, 0.093822761403359, 0.340207896284029, -0.0832083628618691, 
-0.117622960749623, 0.0818761587334582, -0.0996181624430799, 
-0.413522179004195, 0.227582565514383, -0.214173959775, 0.0463329338280282, 
0.0285774539537713, 0.171261177699816, -0.260219203680991, -0.471094874169964, 
0.127538471902872, -0.0548913625533439, -0.282075235503257, -0.049562082803455
), .Dim = c(27L, 7L), .Dimnames = list(c("1", "2", "3", "4", 
"5", "6", "7", "8", "9", "10", "11", "12", "14", "15", "16", 
"17", "19", "20", "21", "22", "23", "24", "26", "27", "28", "29", 
"30"), c("x1", "x2", "x3", "x4", "x5", "x6", "x7")), assign = 1:7), 
    qraux = c(1.19245008972988, 1.0117400095464, 1.07889609737253, 
    1.16855991381446, 1.11948829982906, 1.58376845982684, 1.22881261838774
    ), pivot = 1:7, tol = 1e-07, rank = 7L), .Names = c("qr", 
"qraux", "pivot", "tol", "rank"), class = "qr"), df.residual = 20L, 
    xlevels = structure(list(), .Names = character(0)), call = quote(lm(formula = y ~ 
        . + 0, data = structure(list(y = c(43, 63, 71, 61, 81, 
        43, 58, 71, 72, 67, 64, 67, 68, 77, 81, 74, 65, 50, 50, 
        64, 53, 40, 66, 78, 48, 85, 82), x1 = c(1, 1, 1, 1, 1, 
        1, 1, 1, 1, 1, 1, 1, 1, 1, 1, 1, 1, 1, 1, 1, 1, 1, 1, 
        1, 1, 1, 1), x2 = c(51, 64, 70, 63, 78, 55, 67, 75, 82, 
        61, 53, 60, 83, 77, 90, 85, 70, 58, 40, 61, 66, 37, 77, 
        75, 57, 85, 82), x3 = c(42, 64, 58, 64, 51, 50, 66, 65, 
        72, 45, 33, 71, 66, 72, 39, 42, 33, 54, 52, 83, 50, 52, 
        64, 50, 45, 58, 52), x4 = c(39, 54, 69, 47, 66, 44, 56, 
        55, 67, 47, 58, 39, 45, 72, 72, 69, 57, 54, 34, 62, 50, 
        58, 63, 74, 45, 71, 59), x5 = c(61, 63, 76, 54, 71, 54, 
        66, 70, 71, 62, 58, 59, 59, 79, 60, 79, 75, 64, 43, 66, 
        63, 50, 88, 80, 51, 77, 64), x6 = c(92, 73, 86, 84, 83, 
        49, 68, 66, 83, 80, 67, 74, 77, 77, 54, 79, 85, 78, 64, 
        80, 80, 57, 76, 78, 83, 74, 78), x7 = c(45, 47, 48, 35, 
        47, 34, 35, 41, 31, 41, 34, 41, 35, 46, 36, 63, 46, 52, 
        33, 41, 37, 49, 72, 49, 38, 55, 39)), .Names = c("y", 
        "x1", "x2", "x3", "x4", "x5", "x6", "x7"),