
expected <- structure(list(coefficients = structure(c(-5.53523777350387, 
0.705147428184227, 0.013915479370572, 0.345125031620177, 0.189270848328002, 
0.0216787508068828, -0.231773507470957), .Names = c("x1", "x2", 
"x3", "x4", "x5", "x6", "x7")), residuals = structure(c(-5.36113490588408, 
-0.0589987855052401, -1.88329579750927, 8.93159149951009, -7.43583667070322, 
-5.12182059062188, 0.876466153751383, -8.67931382093548, 7.19362595524046, 
8.18266152435257, 10.5727443341583, 7.46436397020395, -1.80746505909932, 
-5.70950994091522, -2.43802763644979, 1.87482633922049, -2.43176782070155, 
-4.04857995671692, -0.323574481344191, -10.310009334411, -2.58122771477034, 
8.91954777820837, -1.9278270986328, 3.55889316140051, -9.98832980588524, 
6.02851963898261, 6.50347906505688), .Names = c("1", "3", "4", 
"5", "6", "7", "8", "9", "10", "11", "12", "13", "15", "16", 
"17", "18", "19", "20", "22", "23", "24", "25", "26", "27", "28", 
"29", "30")), effects = structure(c(-338.327257745121, -53.1510040063286, 
2.38481266822958, -8.69855043732628, 6.66303574181137, 1.38463815117554, 
9.95194603358605, -4.85470312298908, 8.39206029352618, 8.31114194794013, 
13.4816938424806, 11.3247561228025, -5.64336087643785, -8.41997885177069, 
-1.98710289087238, -2.06204826649863, -2.13324639647995, -0.334148048040012, 
-1.87327813699314, -7.09766739562932, -7.8695380932002, 10.7500727463185, 
-1.79438062751036, 1.49287719044448, -8.94822767710483, 6.69919975385184, 
7.77623896542658), .Names = c("x1", "x2", "x3", "x4", "x5", "x6", 
"x7", "", "", "", "", "", "", "", "", "", "", "", "", "", "", 
"", "", "", "", "", "")), rank = 7L, fitted.values = structure(c(48.3611349058841, 
71.0589987855052, 62.8832957975093, 72.0684085004899, 50.4358366707032, 
63.1218205906219, 70.1235338462486, 80.6793138209355, 59.8063740447595, 
55.8173384756474, 56.4272556658417, 61.535636029796, 78.8074650590993, 
86.7095099409152, 76.4380276364498, 63.1251736607795, 67.4317678207016, 
54.0485799567169, 64.3235744813442, 63.310009334411, 42.5812277147703, 
54.0804522217916, 67.9278270986328, 74.4411068385995, 57.9883298058852, 
78.9714803610174, 75.4965209349431), .Names = c("1", "3", "4", 
"5", "6", "7", "8", "9", "10", "11", "12", "13", "15", "16", 
"17", "18", "19", "20", "22", "23", "24", "25", "26", "27", "28", 
"29", "30")), assign = 1:7, qr = structure(list(qr = structure(c(-5.19615242270663, 
0.192450089729875, 0.192450089729875, 0.192450089729875, 0.192450089729875, 
0.192450089729875, 0.192450089729875, 0.192450089729875, 0.192450089729875, 
0.192450089729875, 0.192450089729875, 0.192450089729875, 0.192450089729875, 
0.192450089729875, 0.192450089729875, 0.192450089729875, 0.192450089729875, 
0.192450089729875, 0.192450089729875, 0.192450089729875, 0.192450089729875, 
0.192450089729875, 0.192450089729875, 0.192450089729875, 0.192450089729875, 
0.192450089729875, 0.192450089729875, -348.527112500804, -64.4348651884355, 
-0.0229669383926948, 0.209826285526274, -0.147123324482811, 0.0391112546523634, 
0.16326764074248, 0.271904478571332, -0.0540060349152239, -0.17816242100534, 
-0.0695255831764885, -0.0384864866539594, 0.194306737265009, 
0.396060864661448, 0.318463123355125, -0.0695255831764885, 0.0856698994361571, 
-0.100564679699018, -0.0540060349152239, 0.0235917063910989, 
-0.426475193185573, -0.162642872744076, 0.194306737265009, 0.16326764074248, 
-0.116084227960282, 0.318463123355125, 0.271904478571332, -274.626278044532, 
-24.9910710853059, 49.1208079475144, 0.0332697122450195, -0.1175759361763, 
0.17798279240609, 0.117154307922394, -0.241440185980785, 0.0403824137808932, 
-0.224516643047355, -0.0130879396546342, -0.191158831431529, 
0.0612312441374779, 0.308470469495412, -0.0403131830102102, -0.37953142363057, 
0.134814139392708, -0.466114159169628, -0.102123385543082, -0.0383513316854092, 
-0.204649530739946, 0.0121754523761407, -0.183064411846479, -0.0457094627335769, 
0.00972274202675147, -0.182818982334185, 0.430372867975097, -299.837239799146, 
-35.2696104189331, 21.7298843053379, -39.9436645615164, -0.177617837000547, 
0.106779989075908, -0.100743421629851, -0.163450290946938, -0.103742940267717, 
0.137116691742865, -0.321904565512506, -0.400929011325126, 0.252106902281073, 
0.186143551267977, -0.0326140735118242, 0.335221351322635, 0.0498186683736243, 
-0.212714672469972, 0.17684128669816, -0.169819303439769, 0.434275378359838, 
0.0267153585700828, -0.135972710318455, 0.266418319331288, -0.103259952891661, 
-0.0774882175469095, 0.083863901372416, -305.803192580772, 11.5885041664947, 
-5.72025324778035, 5.837289071566, 44.0944297804925, 0.391478512087378, 
0.0773503857904731, 0.139727776381611, -0.154168872804841, 0.098304096984092, 
-0.0926715584206151, -0.0118894295495891, -0.382156480732922, 
0.0573176279445761, 0.0731377227440369, -0.318062267714132, -0.0831980542312174, 
0.18066903588129, -0.241939930390924, 0.0823265714299261, -0.207744956346038, 
0.138162836512064, -0.0635748257376249, -0.0571985102372554, 
-0.266113114724562, 0.043611664910401, 0.262552883572165, -390.481232061917, 
-5.97042769591686, 1.69755370724668, 2.26011109235466, 20.6216168045786, 
-47.355258738197, -0.253564750502668, 0.151843570279004, -0.0492310684304893, 
-0.0924398797518716, -0.124672056497361, -0.293612880887947, 
-0.338330671248961, -0.602436255978926, -0.00972459968414452, 
-0.117509626614605, 0.0576547126616851, 0.197452173493706, -0.0957993263232244, 
0.0983641540339965, -0.446348730181184, 0.0772613248730516, -0.118995643053415, 
-0.0767621238304877, -0.0424222854195156, -0.122111382342054, 
0.067147348913125, -225.743955253144, -11.8276201693348, 20.5044038044349, 
-16.9699421678191, 9.18916620136281, -10.4034366613644, -42.9382380332364, 
-0.469501335892387, -0.00966630421821739, -0.315182395611429, 
0.0794753073590017, -0.330084913863055, -0.111393626369332, -0.0617751435331132, 
0.348487721260328, -0.0307108469643997, 0.0556094917937253, 0.02836788106816, 
-0.22484510787379, -0.118289578438891, 0.00200421195083684, -0.173497183349554, 
0.536323768973676, -0.0673458718367936, -0.109136431036922, 0.104066735809424, 
0.0925679448134583), .Dim = c(27L, 7L), .Dimnames = list(c("1", 
"3", "4", "5", "6", "7", "8", "9", "10", "11", "12", "13", "15", 
"16", "17", "18", "19", "20", "22", "23", "24", "25", "26", "27", 
"28", "29", "30"), c("x1", "x2", "x3", "x4", "x5", "x6", "x7"
)), assign = 1:7), qraux = c(1.19245008972988, 1.08566989943616, 
1.06589123532396, 1.06552080427392, 1.4551335515587, 1.03154152535117, 
1.06490665382232), pivot = 1:7, tol = 1e-07, rank = 7L), .Names = c("qr", 
"qraux", "pivot", "tol", "rank"), class = "qr"), df.residual = 20L, 
    xlevels = structure(list(), .Names = character(0)), call = quote(lm(formula = y ~ 
        . + 0, data = structure(list(y = c(43, 71, 61, 81, 43, 
        58, 71, 72, 67, 64, 67, 69, 77, 81, 74, 65, 65, 50, 64, 
        53, 40, 63, 66, 78, 48, 85, 82), x1 = c(1, 1, 1, 1, 1, 
        1, 1, 1, 1, 1, 1, 1, 1, 1, 1, 1, 1, 1, 1, 1, 1, 1, 1, 
        1, 1, 1, 1), x2 = c(51, 70, 63, 78, 55, 67, 75, 82, 61, 
        53, 60, 62, 77, 90, 85, 60, 70, 58, 61, 66, 37, 54, 77, 
        75, 57, 85, 82), x3 = c(30, 68, 45, 56, 49, 42, 50, 72, 
        45, 53, 47, 57, 54, 50, 64, 65, 46, 68, 52, 52, 42, 42, 
        66, 58, 44, 71, 39), x4 = c(39, 69, 47, 66, 44, 56, 55, 
        67, 47, 58, 39, 42, 72, 72, 69, 75, 57, 54, 62, 50, 58, 
        48, 63, 74, 45, 71, 59), x5 = c(66, 62, 71, 43, 43, 43, 
        59, 51, 70, 51, 71, 66, 71, 55, 54, 62, 64, 50, 66, 59, 
        61, 55, 61, 55, 75, 54, 51), x6 = c(92, 86, 84, 83, 49, 
        68, 66, 83, 80, 67, 74, 63, 77, 54, 79, 80, 85, 78, 80, 
        80, 57, 75, 76, 78, 83, 74, 78), x7 = c(45, 48, 35, 47, 
        34, 35, 41, 31, 41, 34, 41, 25, 46, 36, 63, 60, 46, 52, 
        41, 37, 49, 33, 72, 49, 38, 55, 39)), .Names = c("y", 
        "x1", "x2", "x3", "x4", "x5", "x6", "x7"),