
expected <- structure(list(coefficients = structure(c(12.349603143434, 0.592533890948473, 
0.0217290528638001, 0.271145418544173, -0.0292977918470216, 0.104559310523301, 
-0.227141712760397), .Names = c("x1", "x2", "x3", "x4", "x5", 
"x6", "x7")), residuals = structure(c(-8.66703731656601, 1.58430756909525, 
1.34103923239338, -2.06467370565134, 7.50635499005912, -10.7743254267827, 
-7.89405367153332, 2.34770973728395, -8.2255035065851, 7.54871593408956, 
6.21922397214909, 10.2849202865314, 8.38043978484536, -5.53811466036184, 
2.65030274475833, -0.758790123727862, 0.0276299545972201, 2.073101677997, 
-1.24101133032606, -7.00098875354342, 5.66387193623137, -0.226978185509344, 
-11.2153040997989, -4.49474931522474, 5.42245776128171, 0.538367903483106, 
6.51308661081481), .Names = c("1", "2", "3", "4", "5", "6", "7", 
"8", "9", "10", "11", "12", "13", "14", "15", "16", "17", "18", 
"19", "20", "21", "22", "23", "24", "25", "26", "30")), effects = structure(c(-332.553755053224, 
-47.3569455303206, -3.41611010227804, 6.73162978242994, -4.27443474190836, 
3.60320753498523, -8.85708298823807, 5.59672517560079, -7.78615882489454, 
9.5758243708554, 9.59628214608783, 11.7623241613825, 12.5988211960702, 
-6.74341717438241, 4.88515873187885, -1.31770095238547, 0.623931172077976, 
-4.62346241413682, 2.64783223213146, -6.12919513329691, 7.31394247371049, 
0.0336567690109247, -9.44527203494429, -3.56521906640315, 9.50209568916458, 
4.15905043706037, 5.77868017006541), .Names = c("x1", "x2", "x3", 
"x4", "x5", "x6", "x7", "", "", "", "", "", "", "", "", "", "", 
"", "", "", "", "", "", "", "", "", "")), rank = 7L, fitted.values = structure(c(51.667037316566, 
61.4156924309048, 69.6589607676066, 63.0646737056513, 73.4936450099409, 
53.7743254267827, 65.8940536715333, 68.6522902627161, 80.2255035065851, 
59.4512840659104, 57.7807760278509, 56.7150797134686, 60.6195602151546, 
73.5381146603618, 74.3496972552417, 81.7587901237279, 73.9723700454028, 
62.926898322003, 66.2410113303261, 57.0009887535434, 44.3361280637686, 
64.2269781855093, 64.2153040997989, 44.4947493152247, 57.5775422387183, 
65.4616320965169, 75.4869133891852), .Names = c("1", "2", "3", 
"4", "5", "6", "7", "8", "9", "10", "11", "12", "13", "14", "15", 
"16", "17", "18", "19", "20", "21", "22", "23", "24", "25", "26", 
"30")), assign = 1:7, qr = structure(list(qr = structure(c(-5.19615242270663, 
0.192450089729875, 0.192450089729875, 0.192450089729875, 0.192450089729875, 
0.192450089729875, 0.192450089729875, 0.192450089729875, 0.192450089729875, 
0.192450089729875, 0.192450089729875, 0.192450089729875, 0.192450089729875, 
0.192450089729875, 0.192450089729875, 0.192450089729875, 0.192450089729875, 
0.192450089729875, 0.192450089729875, 0.192450089729875, 0.192450089729875, 
0.192450089729875, 0.192450089729875, 0.192450089729875, 0.192450089729875, 
0.192450089729875, 0.192450089729875, -342.753609808908, -68.0364825881156, 
0.0948302518508885, -0.00805572540306698, 0.212414225855409, 
-0.125639699407587, 0.0507362615991933, 0.168320235603714, 0.271206212857669, 
-0.0374517189041971, -0.155035692908718, -0.0521497156547622, 
-0.022753722153632, 0.285904209608234, 0.197716229104844, 0.38879018686219, 
0.315300203109364, -0.0521497156547622, 0.0948302518508885, -0.0815457091558923, 
-0.346109650666063, -0.0374517189041971, 0.0360382648486282, 
-0.390203640917759, -0.140337696158153, 0.197716229104844, 0.271206212857669, 
-295.218437645629, -2.18727966458408, -72.1338331280334, 0.134060433506916, 
-0.0818766696056482, -0.0409744279357615, 0.15226226316869, 0.119350321432673, 
0.199724444082473, -0.124576645138405, -0.271885266157257, 0.238245583061847, 
-0.210136469100396, 0.114164620120482, 0.211629957535038, -0.276807344434761, 
-0.223312470346456, 0.25210870327376, -0.312364011895978, 0.00733474484035146, 
0.02246835284576, 0.40222192291429, -0.0671665575314048, 0.0296116609172991, 
0.418889641747881, 0.100724995839734, -0.0775379601557873, -288.867584684543, 
-31.8151748922231, -5.86928850910434, 47.7269799745665, -0.159985173554658, 
0.085095552041825, 0.0282628126542862, 0.117164504678289, -0.0331069540527469, 
0.0506934647147244, -0.316576568082135, 0.346844430485273, 0.132837808314693, 
0.405230050575831, -0.183647511953653, -0.239380616831958, -0.206414196020046, 
-0.402150276204939, -0.139978822775391, -0.0757801991109578, 
0.167877883768984, -0.0623600735304586, 0.0600921183952096, -0.362449149889255, 
0.166885844325967, -0.0374400011956097, 0.0286004354944306, -333.131105322414, 
-32.1902459944875, -6.25429795603811, 12.3069935971444, 36.4125856697652, 
0.0912488380993765, 0.0256844906833521, -0.0460139550606579, 
0.132217824330824, -0.0681215471998027, 0.0834558639371628, -0.0121854134094106, 
0.0554794038417799, 0.194964786483803, -0.0620970646207882, 0.452090301245529, 
-0.129106825830274, 0.520141421680661, -0.283227381984052, -0.0357844107077902, 
0.183729856112805, 0.104132427374929, -0.0136059052846337, 0.251519435667718, 
-0.105119643430641, -0.436756581545499, 0.174755097957191, -386.439780177589, 
-11.4110891809387, -9.0649918378108, 0.289631224316618, 20.9626275504329, 
45.8736702577537, 0.258208719265273, 0.337652550536921, -0.0552792913103555, 
-0.0863770452085576, 0.0486808780442703, 0.179954016595887, 0.223765428066662, 
0.0626953789089895, 0.116582572950083, 0.306761820015065, -0.0471404894445453, 
-0.171543472528862, -0.19129647915312, -0.0221471296615913, 0.198764561744413, 
0.0416783222002444, -0.0703201683655549, 0.283255804191852, 0.224147534460844, 
0.226389042342187, -0.0548713838644344, -220.547802830437, -8.28150461356839, 
-2.23346311435921, 25.8826879995996, 23.7713461088032, 5.25360042343933, 
38.9936435743137, 0.0194504564216691, 0.365731531479102, 0.0336078383406981, 
0.314589513762083, -0.208301601545042, 0.254182559284855, -0.13206960133957, 
0.179639562562251, 0.102866230337325, -0.204771950379213, -0.433698597147834, 
0.216340711811512, -0.175734675882771, -0.12504329156508, 0.0713376035881131, 
0.123456843092832, -0.202552210148905, 0.18817867602209, -0.382386671318542, 
0.0433478199401405), .Dim = c(27L, 7L), .Dimnames = list(c("1", 
"2", "3", "4", "5", "6", "7", "8", "9", "10", "11", "12", "13", 
"14", "15", "16", "17", "18", "19", "20", "21", "22", "23", "24", 
"25", "26", "30"), c("x1", "x2", "x3", "x4", "x5", "x6", "x7"
)), assign = 1:7), qraux = c(1.19245008972988, 1.0066422713475, 
1.03421399340185, 1.16962172084999, 1.03497399984745, 1.55918738619495, 
1.17104925169689), pivot = 1:7, tol = 1e-07, rank = 7L), .Names = c("qr", 
"qraux", "pivot", "tol", "rank"), class = "qr"), df.residual = 20L, 
    xlevels = structure(list(), .Names = character(0)), call = quote(lm(formula = y ~ 
        . + 0, data = structure(list(y = c(43, 63, 71, 61, 81, 
        43, 58, 71, 72, 67, 64, 67, 69, 68, 77, 81, 74, 65, 65, 
        50, 50, 64, 53, 40, 63, 66, 82), x1 = c(1, 1, 1, 1, 1, 
        1, 1, 1, 1, 1, 1, 1, 1, 1, 1, 1, 1, 1, 1, 1, 1, 1, 1, 
        1, 1, 1, 1), x2 = c(51, 64, 70, 63, 78, 55, 67, 75, 82, 
        61, 53, 60, 62, 83, 77, 90, 85, 60, 70, 58, 40, 61, 66, 
        37, 54, 77, 82), x3 = c(42, 64, 58, 64, 51, 50, 66, 65, 
        72, 45, 33, 71, 39, 66, 72, 39, 42, 72, 33, 54, 52, 83, 
        50, 52, 83, 64, 52), x4 = c(39, 54, 69, 47, 66, 44, 56, 
        55, 67, 47, 58, 39, 42, 45, 72, 72, 69, 75, 57, 54, 34, 
        62, 50, 58, 48, 63, 59), x5 = c(61, 63, 76, 54, 71, 54, 
        66, 70, 71, 62, 58, 59, 55, 59, 79, 60, 79, 55, 75, 64, 
        43, 66, 63, 50, 66, 88, 64), x6 = c(92, 73, 86, 84, 83, 
        49, 68, 66, 83, 80, 67, 74, 63, 77, 77, 54, 79, 80, 85, 
        78, 64, 80, 80, 57, 75, 76, 78), x7 = c(45, 47, 48, 35, 
        47, 34, 35, 41, 31, 41, 34, 41, 25, 35, 46, 36, 63, 60, 
        46, 52, 33, 41, 37, 49, 33, 72, 39)), .Names = c("y", 
        "x1", "x2", "x3", "x4", "x5", "x6", "x7"),