
expected <- structure(list(coefficients = structure(c(23.5791999795054, 0.70065193006227, 
-0.0263662321658495, -0.116992167541724, 0.138501902977369, -0.0474018494432869, 
-0.0760407372260163), .Names = c("x1", "x2", "x3", "x4", "x5", 
"x6", "x7")), residuals = structure(c(-9.86969715811907, 1.60289066350462, 
1.93673116486588, 7.18573905832499, -13.4915999442143, -9.40722403478659, 
-0.00520965718860045, -4.00775473238608, 7.4437273188789, 8.72943368493469, 
9.49812800096249, 9.1764219349135, -5.56668174523399, 1.66323846110052, 
-1.83387797092433, -3.41894374534271, 7.33110870726819, -1.43412478716635, 
-7.08520595172523, 4.46791338628153, -10.3176335581529, 4.17902952242355, 
-4.59347719993731, 6.52988059132518, -9.68227027446947, 6.02736686533117, 
4.94209139953177), .Names = c("1", "2", "4", "5", "6", "7", "8", 
"9", "10", "11", "12", "13", "14", "15", "16", "17", "18", "19", 
"20", "21", "23", "25", "26", "27", "28", "29", "30")), effects = structure(c(-339.4819582835, 
47.9679701362602, -3.77147328366682, -5.75744737012043, 2.47111407745602, 
-2.76714071689352, 3.00497038579346, 1.82220659339957, 9.19552103490466, 
12.4403781389203, 13.6628574551942, 18.1221209221476, 3.32843262176584, 
1.70988298342244, 4.5959645123958, -2.08742702972197, 6.61836909339934, 
0.157074231072121, -5.22040942440949, 5.28874624586855, -7.04887464856838, 
3.65925157166885, -2.22938037569565, 8.93238961567979, -10.9366172617949, 
8.42837495693532, 5.492480413235), .Names = c("x1", "x2", "x3", 
"x4", "x5", "x6", "x7", "", "", "", "", "", "", "", "", "", "", 
"", "", "", "", "", "", "", "", "", "")), rank = 7L, fitted.values = structure(c(52.8696971581191, 
61.3971093364954, 59.0632688351341, 73.814260941675, 56.4915999442143, 
67.4072240347866, 71.0052096571886, 76.0077547323861, 59.5562726811211, 
55.2705663150653, 57.5018719990375, 59.8235780650865, 73.566681745234, 
75.3367615388995, 82.8338779709243, 77.4189437453427, 57.6688912927318, 
66.4341247871664, 57.0852059517252, 45.5320866137185, 63.3176335581529, 
58.8209704775765, 70.5934771999373, 71.4701194086748, 57.6822702744695, 
78.9726331346688, 77.0579086004682), .Names = c("1", "2", "4", 
"5", "6", "7", "8", "9", "10", "11", "12", "13", "14", "15", 
"16", "17", "18", "19", "20", "21", "23", "25", "26", "27", "28", 
"29", "30")), assign = 1:7, qr = structure(list(qr = structure(c(-5.19615242270663, 
0.192450089729875, 0.192450089729875, 0.192450089729875, 0.192450089729875, 
0.192450089729875, 0.192450089729875, 0.192450089729875, 0.192450089729875, 
0.192450089729875, 0.192450089729875, 0.192450089729875, 0.192450089729875, 
0.192450089729875, 0.192450089729875, 0.192450089729875, 0.192450089729875, 
0.192450089729875, 0.192450089729875, 0.192450089729875, 0.192450089729875, 
0.192450089729875, 0.192450089729875, 0.192450089729875, 0.192450089729875, 
0.192450089729875, 0.192450089729875, -352.183664205672, 64.6889995800419, 
0.0319993232125807, -0.199879359366827, 0.155667953921598, -0.0298349921419281, 
-0.153503622850946, -0.261713674721336, 0.0629164808898351, 0.186585111598853, 
0.0783750597284623, 0.0474579020512079, -0.277172253559963, -0.1844207805282, 
-0.385382305430354, -0.308089411237218, 0.0783750597284623, -0.0762107286578097, 
0.109292217405717, 0.387546636501006, -0.0143764133033009, 0.171126532760225, 
-0.1844207805282, -0.153503622850946, 0.124750796244344, -0.308089411237218, 
-0.261713674721336, -275.588528493181, 34.8470719420076, 52.7318171508579, 
-0.00302588873069625, -0.0902646576236263, 0.157257799394405, 
0.0820635886736593, -0.268189587627373, 0.0429785122827351, -0.185249401711592, 
-0.00451385976124781, -0.17502347479897, -0.467227691914387, 
0.0253372704040889, 0.225532685492643, -0.0877847059060403, -0.345863750065704, 
0.110096087579433, -0.421884611358978, 0.069688370272463, -0.0419456350071147, 
0.0329179154846191, -0.202229323132215, -0.0696474736838769, 
0.0236839692590316, -0.220531885468885, 0.357618544597464, -289.252484864002, 
-1.54585788386272, 14.2077780494661, 51.804916429814, -0.0443095948790511, 
0.198688255407391, -0.152461338930103, -0.0817871886775939, -0.115651848441981, 
0.0556668739462362, -0.306953454095679, -0.315753400608252, -0.28150735415002, 
0.285000340442459, 0.099690872343543, -0.0476088400774165, 0.168761265547804, 
-0.23498652924594, -0.00112549980736646, 0.211523248286804, -0.130786754234213, 
0.346916895871071, -0.337278290453508, -0.0782996836596291, 0.280765441506267, 
0.142753325118746, 0.181740005888268, -336.210306758092, 34.3214802614943, 
2.22433458214142, 0.748705235016347, 40.0768935725717, -0.066374499802962, 
-0.0324208839164909, 0.127720372110588, -0.011377847151565, 0.0378941281767771, 
0.0660391316935209, 0.237818573288798, 0.496673485576314, -0.223139798550266, 
0.376340280979045, -0.079723316753754, 0.247104322758648, -0.230275230813209, 
0.0187798769622807, 0.167404221307871, 0.0535358251086007, -0.211075400588163, 
-0.376395349023944, -0.24332229711592, 0.207173543107779, 0.00168287804260974, 
0.132691051073665, -388.749181254348, 2.79628514992061, 1.15192001105823, 
0.314444459187234, 15.738450138823, 45.9687965432248, 0.301484326029544, 
-0.215795712122721, -0.0562347816744332, 0.153055121452381, -0.00940533786123921, 
0.0755527106564318, -0.418351988881353, 0.245389350692284, 0.300732331840752, 
0.0695655414367459, -0.292810205337867, 0.0340670737702577, -0.0890056528001199, 
0.120754935983529, -0.107299555970787, 0.227998708513139, 0.323442383460397, 
0.199632617662579, -0.283766723245365, 0.110324769931441, -0.0226638690809809, 
-221.317603189357, 16.3019301952679, 12.7879695700635, -2.82125409670205, 
30.6885544373324, 7.73446925316322, -39.5179017907437, -0.461925068612811, 
-0.0266246192512734, -0.184391878576082, 0.0554030983543301, 
-0.264375758293431, -0.184762028378801, -0.112444703804696, 0.22825102489477, 
0.326512427366464, 0.394453577768775, -0.0614095236516458, 0.0453467389956242, 
0.0636509491079525, -0.15065957228207, -0.329809869554933, 0.384712057878304, 
-0.0707283625986361, -0.011237232056148, 0.125376203119301, 0.0843432659735991
), .Dim = c(27L, 7L), .Dimnames = list(c("1", "2", "4", "5", 
"6", "7", "8", "9", "10", "11", "12", "13", "14", "15", "16", 
"17", "18", "19", "20", "21", "23", "25", "26", "27", "28", "29", 
"30"), c("x1", "x2", "x3", "x4", "x5", "x6", "x7")), assign = 1:7), 
    qraux = c(1.19245008972988, 1.01654074437395, 1.06210772519193, 
    1.16592540403586, 1.1413860123233, 1.29843798935676, 1.02348898317005
    ), pivot = 1:7, tol = 1e-07, rank = 7L), .Names = c("qr", 
"qraux", "pivot", "tol", "rank"), class = "qr"), df.residual = 20L, 
    xlevels = structure(list(), .Names = character(0)), call = quote(lm(formula = y ~ 
        . + 0, data = structure(list(y = c(43, 63, 61, 81, 43, 
        58, 71, 72, 67, 64, 67, 69, 68, 77, 81, 74, 65, 65, 50, 
        50, 53, 63, 66, 78, 48, 85, 82), x1 = c(1, 1, 1, 1, 1, 
        1, 1, 1, 1, 1, 1, 1, 1, 1, 1, 1, 1, 1, 1, 1, 1, 1, 1, 
        1, 1, 1, 1), x2 = c(51, 64, 63, 78, 55, 67, 75, 82, 61, 
        53, 60, 62, 83, 77, 90, 85, 60, 70, 58, 40, 66, 54, 77, 
        75, 57, 85, 82), x3 = c(30, 51, 45, 56, 49, 42, 50, 72, 
        45, 53, 47, 57, 83, 54, 50, 64, 65, 46, 68, 33, 52, 42, 
        66, 58, 44, 71, 39), x4 = c(54, 63, 71, 45, 59, 45, 62, 
        57, 62, 54, 72, 72, 67, 39, 47, 55, 47, 67, 56, 48, 62, 
        39, 71, 58, 42, 45, 44), x5 = c(61, 63, 54, 71, 54, 66, 
        70, 71, 62, 58, 59, 55, 59, 79, 60, 79, 55, 75, 64, 43, 
        63, 66, 88, 80, 51, 77, 64), x6 = c(92, 73, 84, 83, 49, 
        68, 66, 83, 80, 67, 74, 63, 77, 77, 54, 79, 80, 85, 78, 
        64, 80, 75, 76, 78, 83, 74, 78), x7 = c(45, 47, 35, 47, 
        34, 35, 41, 31, 41, 34, 41, 25, 35, 46, 36, 63, 60, 46, 
        52, 33, 37, 33, 72, 49, 38, 55, 39)), .Names = c("y", 
        "x1", "x2", "x3", "x4", "x5", "x6", "x7"),