
expected <- structure(list(coefficients = structure(c(5.5007811639083, 0.707849523668083, 
-0.130654239905531, 0.332154904044692, 0.0920491900748101, 0.047764403833209, 
-0.199089970307328), .Names = c("x1", "x2", "x3", "x4", "x5", 
"x6", "x7")), residuals = structure(c(-9.14604396532045, -0.293509773037056, 
1.65708217427587, -2.40669430589369, 7.11603767081261, -9.17477495884316, 
0.254032748998899, -6.87888053493165, 6.4866513686941, 10.3075858374552, 
9.00217934466239, -4.4286057385966, -0.920231579001284, -6.064423720021, 
-2.42618373832662, 3.02635133365915, -3.76596617204058, -3.58333458824405, 
6.18111574823635, -0.212895752338323, -4.05088296618441, 6.74432051843896, 
-1.21839103116084, 3.37606716815336, -10.3491040412454, 7.47018838963013, 
3.29831056216803), .Names = c("1", "2", "3", "4", "5", "6", "8", 
"9", "10", "12", "13", "14", "15", "16", "17", "18", "19", "20", 
"21", "22", "24", "25", "26", "27", "28", "29", "30")), effects = structure(c(-339.4819582835, 
54.8283956586102, 5.80475161533608, 9.31821960428338, 4.21061003169753, 
0.218554724376974, 8.34210134318834, -4.9750424811699, 8.50227953578966, 
12.1778530422529, 13.1503049110923, 0.21352260612716, 5.34470023036325, 
2.85581686396524, -1.62225205527434, 4.01976510982427, -2.11596478013421, 
-6.80852703869666, 8.65296393391434, 2.57407907065769, -1.76315970912509, 
7.08338826590383, -1.11295584949823, 5.99174298361467, -8.06769950322501, 
9.68834456677595, 5.86682894876182), .Names = c("x1", "x2", "x3", 
"x4", "x5", "x6", "x7", "", "", "", "", "", "", "", "", "", "", 
"", "", "", "", "", "", "", "", "", "")), rank = 7L, fitted.values = structure(c(52.1460439653204, 
63.2935097730371, 69.3429178257241, 63.4066943058937, 73.8839623291874, 
52.1747749588432, 70.7459672510011, 78.8788805349317, 60.5133486313059, 
56.6924141625448, 59.9978206553376, 72.4286057385966, 77.9202315790013, 
87.064423720021, 76.4261837383266, 61.9736486663408, 68.7659661720406, 
53.583334588244, 43.8188842517636, 64.2128957523383, 44.0508829661844, 
56.255679481561, 67.2183910311608, 74.6239328318466, 58.3491040412454, 
77.5298116103699, 78.701689437832), .Names = c("1", "2", "3", 
"4", "5", "6", "8", "9", "10", "12", "13", "14", "15", "16", 
"17", "18", "19", "20", "21", "22", "24", "25", "26", "27", "28", 
"29", "30")), assign = 1:7, qr = structure(list(qr = structure(c(-5.19615242270663, 
0.192450089729875, 0.192450089729875, 0.192450089729875, 0.192450089729875, 
0.192450089729875, 0.192450089729875, 0.192450089729875, 0.192450089729875, 
0.192450089729875, 0.192450089729875, 0.192450089729875, 0.192450089729875, 
0.192450089729875, 0.192450089729875, 0.192450089729875, 0.192450089729875, 
0.192450089729875, 0.192450089729875, 0.192450089729875, 0.192450089729875, 
0.192450089729875, 0.192450089729875, 0.192450089729875, 0.192450089729875, 
0.192450089729875, 0.192450089729875, -348.719562590534, 70.3467601717852, 
-0.0780287364412797, 0.0214783337195374, -0.191751102339356, 
0.135200699617614, -0.149105215127578, -0.248612285288395, 0.0499089251940565, 
0.0641242209313161, 0.035693629456797, -0.262827581025654, -0.177535806602097, 
-0.362334651186471, -0.291258172500173, 0.0641242209313161, -0.0780287364412797, 
0.0925548124058353, 0.348430135676508, 0.0499089251940565, 0.391076022888286, 
0.149415995354874, -0.177535806602097, -0.149105215127578, 0.106770108143095, 
-0.291258172500173, -0.248612285288395, -278.475279839129, 37.4320326308127, 
-53.0034098114856, -0.075706467318834, -0.012820834695724, 0.0769060743699957, 
-0.0970914619501152, 0.250473687390347, -0.0564200426149869, 
-0.0090434088263427, 0.160337273653413, 0.448364292940387, -0.040911043780521, 
-0.241739647228969, 0.0706103645876936, 0.330557384104143, -0.124342243063939, 
0.406443940963071, -0.0803131118449159, 0.0756469324135353, 0.118416921676098, 
-0.0455176883066029, 0.185489484839803, 0.0538422237967673, -0.0367139039256529, 
0.202677339616216, -0.372127766315544, -293.87128701752, 38.6703428372584, 
-11.1993092197911, 48.2684858320112, -0.107781713378168, 0.123670080364893, 
0.0546436939298392, 0.0157286801850715, 0.0785726316673404, 0.250959607742599, 
0.275155952383693, 0.557391283462209, -0.253908605931057, -0.183741834899432, 
-0.0598830973881054, -0.366755652799726, -0.0531978074521516, 
0.0744881674426076, 0.103155243763194, -0.182367420860423, -0.35276932207614, 
-0.0166088494611066, 0.0179571101637227, -0.282048775483992, 
0.0825405083636648, -0.0514962842411523, -0.0534055120873466, 
-320.236949310513, -12.9201243478648, -0.934891590665557, -17.3672103438431, 
45.5946561092243, 0.572343080311512, 0.0071251055860761, 0.118998956054682, 
-0.100416763926564, -0.0230978541911069, 0.0897877569333953, 
-0.238266820582346, -0.428949536930723, -0.162343350256154, -0.0195997058185716, 
-0.127070355406236, -0.116482075133361, 0.383274696083564, 0.0684668803225026, 
-0.140521402614201, 0.088559803392174, 0.239975105321818, -0.0595111325944625, 
-0.0709961518466919, -0.172971602749829, -0.00915181063099207, 
0.0545487564119454, -390.288781972187, 8.70923785502774, -2.19264660625914, 
1.47069026615051, 14.675567371309, 49.0354253166269, 0.272313124845605, 
-0.0208447001833021, -0.0392806879907054, 0.089498765763753, 
0.327978239948566, 0.256939621837926, 0.113542075483005, 0.561271240484589, 
0.0640239764486538, -0.0272027607951157, -0.126732076058411, 
-0.0327244316335699, 0.172677408928332, -0.0392764090709938, 
0.282224760628876, -0.0362691619985972, 0.126369605387715, 0.0296511267236122, 
-0.0992227399974938, 0.184326988049012, -0.00553551646529042, 
-227.476006060713, 10.7846710326676, -14.0153888247995, 26.0485431054199, 
3.4522626139315, 10.6664998206662, -41.901163229423, -0.417951321766189, 
-0.00456890094431103, 0.147848047452671, -0.208890682169775, 
0.0419832097014023, -0.173209175812123, -0.198043535410052, 0.346712027327113, 
-0.00179570400281612, -0.00630452176790331, 0.161740887733376, 
-0.0485103941955333, -0.243671910967322, -0.031748703440965, 
-0.217433700045177, 0.613678705705744, -0.132946836529947, -0.0902633211163261, 
0.148752109430554, -0.0799172088090329), .Dim = c(27L, 7L), .Dimnames = list(
    c("1", "2", "3", "4", "5", "6", "8", "9", "10", "12", "13", 
    "14", "15", "16", "17", "18", "19", "20", "21", "22", "24", 
    "25", "26", "27", "28", "29", "30"), c("x1", "x2", "x3", 
    "x4", "x5", "x6", "x7")), assign = 1:7), qraux = c(1.19245008972988, 
1.00726303798228, 1.29072539273999, 1.09374745055647, 1.25295230773448, 
1.4683536032612, 1.03809729218235), pivot = 1:7, tol = 1e-07, 
    rank = 7L), .Names = c("qr", "qraux", "pivot", "tol", "rank"
), class = "qr"), df.residual = 20L, xlevels = structure(list(), .Names = character(0)), 
    call = quote(lm(formula = y ~ . + 0, data = structure(list(y = c(43, 
        63, 71, 61, 81, 43, 71, 72, 67, 67, 69, 68, 77, 81, 74, 
        65, 65, 50, 50, 64, 40, 63, 66, 78, 48, 85, 82), x1 = c(1, 
        1, 1, 1, 1, 1, 1, 1, 1, 1, 1, 1, 1, 1, 1, 1, 1, 1, 1, 
        1, 1, 1, 1, 1, 1, 1, 1), x2 = c(51, 64, 70, 63, 78, 55, 
        75, 82, 61, 60, 62, 83, 77, 90, 85, 60, 70, 58, 40, 61, 
        37, 54, 77, 75, 57, 85, 82), x3 = c(30, 51, 68, 45, 56, 
        49, 50, 72, 45, 47, 57, 83, 54, 50, 64, 65, 46, 68, 33, 
        52, 42, 42, 66, 58, 44, 71, 39), x4 = c(39, 54, 69, 47, 
        66, 44, 55, 67, 47, 39, 42, 45, 72, 72, 69, 75, 57, 54, 
        34, 62, 58, 48, 63, 74, 45, 71, 59), x5 = c(66, 77, 62, 
        71, 43, 43, 59, 51, 70, 71, 66, 80, 71, 55, 54, 62, 64, 
        50, 71, 66, 61, 55, 61, 55, 75, 54, 51), x6 = c(92, 73, 
        86, 84, 83, 49, 66, 83, 80, 74, 63, 77, 77, 54, 79, 80, 
        85, 78, 64, 80, 57, 75, 76, 78, 83, 74, 78), x7 = c(45, 
        47, 48, 35, 47, 34, 41, 31, 41, 41, 25, 35, 46, 36, 63, 
        60, 46, 52, 33, 41, 49, 33, 72, 49, 38, 55, 39)), .Names = c("y", 
        "x1", "x2", "x3", "x4", "x5", "x6", "x7"),