
expected <- structure(list(coefficients = structure(c(0.544778813812014, 
0.820900064294354), .Names = c("(Intercept)", "x")), residuals = structure(c(1.26061570425964, 
-0.162881318717299, 0.0224827818519545, -0.616916467027253, -0.995834538074098, 
0.531716029504745, 0.133926756287414, -0.173247453222191, -0.805496453428375, 
1.85902373357296, 0.170971047589966, -1.34772103191363, 0.412701217305949, 
-0.312076876795227, 0.895089313668787), .Names = c("1", "2", 
"3", "4", "5", "6", "7", "8", "9", "10", "11", "12", "13", "14", 
"15")), fitted.values = structure(c(0.829867852418791, -0.605655239803395, 
0.910515936530637, 0.275467899178207, 0.618589814020812, 1.43717636725498, 
0.16338410331005, 2.18968703245742, 0.9406724843848, 0.507696377676873, 
1.34816199929018, 1.18437604611565, 0.761297004718087, 0.0166752186099433, 
1.05236660554452), .Names = c("1", "2", "3", "4", "5", "6", "7", 
"8", "9", "10", "11", "12", "13", "14", "15")), effects = structure(c(-4.74974444741969, 
4.31975646420596, -0.213483928033027, -0.815004387513947, -1.19052051754829, 
0.39063141602006, -0.0142915917682759, -1.14572975417281, -1.13889875383347, 
1.68131294675211, -0.122951677394038, -2.01702046693162, 0.216471933192746, 
-0.529252307675353, 0.780914106492228), .Names = c("(Intercept)", 
"x", "", "", "", "", "", "", "", "", "", "", "", "", "")), weights = c(1.12060920630643, 
2.96400630613846, 1.19849862763683, 1.10762851058756, 1.0080846570435, 
2.18177871211242, 1.21585829969903, 5.0151591266854, 1.23258223390796, 
1.00204059085267, 1.95777808648357, 1.60706133438545, 1.06956778888083, 
1.41386401704267, 1.38233297560335), rank = 2L, assign = 0:1, 
    qr = structure(list(qr = structure(c(-5.04745980403669, 0.341088197948989, 
    0.216893182599038, 0.208508706419497, 0.198918709638771, 
    0.292639186537298, 0.218458331711057, 0.443679629531409, 
    0.219955630026524, 0.198321495231083, 0.277209980615721, 
    0.251155883928397, 0.204894966022373, 0.235575950354624, 
    0.232934311343432, -2.43634440975706, 5.26221966850402, 0.00284635309302906, 
    0.157455580575962, 0.0704623976510373, -0.176244293233421, 
    0.193579524882193, -0.657327399113175, -0.00486396808277199, 
    0.0959482511293255, -0.138119411824503, -0.077072484771031, 
    0.0384136159422603, 0.249130951254829, -0.0355512371093676
    ), assign = 0:1, .Dim = c(15L, 2L), .Dimnames = list(c("1", 
    "2", "3", "4", "5", "6", "7", "8", "9", "10", "11", "12", 
    "13", "14", "15"), c("(Intercept)", "x"))), qraux = c(1.20972694173342, 
    1.60874272383845), pivot = 1:2, tol = 1e-07, rank = 2L), .Names = c("qr", 
    "qraux", "pivot", "tol", "rank"), class = "qr"), df.residual = 13L, 
    xlevels = structure(list(), .Names = character(0)), call = quote(lm(formula = y ~ 
        x, weights = c(1.12060920630643, 2.96400630613846, 1.19849862763683, 
        1.10762851058756, 1.0080846570435, 2.18177871211242, 
        1.21585829969903, 5.0151591266854, 1.23258223390796, 
        1.00204059085267, 1.95777808648357, 1.60706133438545, 
        1.06956778888083, 1.41386401704267, 1.38233297560335))), 
    terms = y ~ x, model = structure(list(y = c(2.09048355667843, 
    -0.768536558520693, 0.932998718382592, -0.341448567849046, 
    -0.377244724053287, 1.96889239675972, 0.297310859597464, 
    2.01643957923523, 0.135176030956425, 2.36672011124983, 1.51913304688015, 
    -0.163344985797978, 1.17399822202404, -0.295401658185283, 
    1.94745591921331), x = c(0.347288361893159, -1.40143009320425, 
    0.445531848061202, -0.328067844488851, 0.0899147209499189, 
    1.0870964594333, -0.464605531283289, 2.00378619784781, 0.482267803101096, 
    -0.0451728995380424, 0.978661374778618, 0.779141408465399, 
    0.263757064134465, -0.643322638372588, 0.618330797877118), 
        "(weights)" = c(1.12060920630643, 2.96400630613846, 1.19849862763683, 
        1.10762851058756, 1.0080846570435, 2.18177871211242, 
        1.21585829969903, 5.0151591266854, 1.23258223390796, 
        1.00204059085267, 1.95777808648357, 1.60706133438545, 
        1.06956778888083, 1.41386401704267, 1.38233297560335)), .Names = c("y", 
    "x", "(weights)"), terms = y ~ x, row.names = c(NA, 15L), class = "data.frame")), .Names = c("coefficients", 
"residuals", "fitted.values", "effects", "weights", "rank", "assign", 
"qr", "df.residual", "xlevels", "call", "terms", "model"), class = "lm")
test(id=1095, code={
require(stats)
lm(formula = y ~ x, weights = c(1.12060920630643, 2.96400630613846, 
    1.19849862763683, 1.10762851058756, 1.0080846570435, 2.18177871211242, 
    1.21585829969903, 5.0151591266854, 1.23258223390796, 1.00204059085267, 
    1.95777808648357, 1.60706133438545, 1.06956778888083, 1.41386401704267, 
    1.38233297560335))}, o = expected)