
expected <- structure(list(coefficients = structure(c(-4.47383637272677, 
0.679954919027124, -0.13995954431767, 0.420253045203104, 0.15706289207025, 
0.0302916176443763, -0.115580829386426), .Names = c("x1", "x2", 
"x3", "x4", "x5", "x6", "x7")), residuals = structure(c(-7.34678930857761, 
-0.471837922062391, 1.60168232019198, -0.467669346823313, 8.70277654465372, 
-5.86504591559257, -5.50721820243572, 1.83413378357505, -4.30373987431999, 
7.86395483019725, 9.36940721272813, 12.2105400132806, -2.10932365800974, 
-1.75029799766031, -5.0956449372032, -2.95522274161653, -2.94938693762849, 
-2.34565200989224, 8.32973954074354, 0.168127530655381, -8.55149359509694, 
-4.8248693737946, -2.68248395662637, 3.15840107089733, -8.93861074904937, 
7.41079943133142, 5.51572424813503), .Names = c("1", "2", "3", 
"4", "5", "6", "7", "8", "9", "10", "11", "12", "14", "15", "16", 
"17", "19", "20", "21", "22", "23", "24", "26", "27", "28", "29", 
"30")), effects = structure(c(-335.248056309443, 55.507881731414, 
5.01730832808559, 12.937982009321, 7.40950818383204, 0.478883147434921, 
-4.81821173387183, 5.02078852304422, -2.36859722232857, 9.75495349516711, 
10.4836806033386, 13.403755494201, 1.61347433669982, 4.93096918762555, 
3.17730455079512, -2.72799681925145, -1.20519633985238, -6.17904515941796, 
10.3178658458853, 3.3891681318208, -8.07044673479203, -2.64811374982337, 
-3.43901295896851, 5.98296658552707, -6.53315232699957, 9.06862186320681, 
7.77416445368367), .Names = c("x1", "x2", "x3", "x4", "x5", "x6", 
"x7", "", "", "", "", "", "", "", "", "", "", "", "", "", "", 
"", "", "", "", "", "")), rank = 7L, fitted.values = structure(c(50.3467893085776, 
63.4718379220624, 69.398317679808, 61.4676693468233, 72.2972234553463, 
48.8650459155926, 63.5072182024357, 69.1658662164249, 76.30373987432, 
59.1360451698027, 54.6305927872719, 54.7894599867194, 70.1093236580097, 
78.7502979976603, 86.0956449372032, 76.9552227416165, 67.9493869376285, 
52.3456520098922, 41.6702604592565, 63.8318724693446, 61.5514935950969, 
44.8248693737946, 68.6824839566264, 74.8415989291027, 56.9386107490494, 
77.5892005686686, 76.484275751865), .Names = c("1", "2", "3", 
"4", "5", "6", "7", "8", "9", "10", "11", "12", "14", "15", "16", 
"17", "19", "20", "21", "22", "23", "24", "26", "27", "28", "29", 
"30")), assign = 1:7, qr = structure(list(qr = structure(c(-5.19615242270663, 
0.192450089729875, 0.192450089729875, 0.192450089729875, 0.192450089729875, 
0.192450089729875, 0.192450089729875, 0.192450089729875, 0.192450089729875, 
0.192450089729875, 0.192450089729875, 0.192450089729875, 0.192450089729875, 
0.192450089729875, 0.192450089729875, 0.192450089729875, 0.192450089729875, 
0.192450089729875, 0.192450089729875, 0.192450089729875, 0.192450089729875, 
0.192450089729875, 0.192450089729875, 0.192450089729875, 0.192450089729875, 
0.192450089729875, 0.192450089729875, -350.644063487833, 69.9767157041593, 
-0.0740027970375246, 0.0260304773103873, -0.188326539149424, 
0.140354219422287, -0.0311313937455624, -0.145455135857462, -0.245488410205373, 
0.0546114128383621, 0.168935154950261, 0.0689018806023495, -0.259778877969361, 
-0.174036071385436, -0.359812152317273, -0.288359813497336, -0.0740027970375246, 
0.0974828161303243, 0.354711235882098, 0.0546114128383621, -0.0168409259815749, 
0.39758263917406, -0.174036071385436, -0.145455135857462, 0.111773283894312, 
-0.288359813497336, -0.245488410205373, -275.203628313722, 37.1192253786653, 
-51.7989002803227, -0.0646111375218958, 0.00305168115368953, 
0.0897822602435688, -0.161113265566024, -0.0838415133947335, 
0.273352707176091, -0.045318217241926, 0.186296897169124, 0.00293910122085157, 
0.476065967811465, -0.0259127170291181, -0.228538415494507, 0.0899698934649654, 
-0.112830929340394, 0.427646033890144, -0.074407704238998, 0.0898197868878481, 
0.0415874861879235, 0.128280538633523, 0.205752432907637, 0.0706019198964369, 
-0.0260378058433825, 0.22510789759474, -0.363726455149987, -293.67883692779, 
37.9020254461815, -7.52187192325024, 43.33126643185, -0.121492937648673, 
0.135014367433991, -0.0835009050119497, 0.064907370321727, -6.93956314350381e-05, 
0.0915809510779477, -0.178492309224744, 0.280997970441483, 0.591510443853834, 
-0.282447065505078, -0.194720363674145, -0.0742433357923988, 
-0.0527603812070296, 0.0603482267727822, 0.123980681013588, -0.206851483211803, 
0.114317693405659, -0.395054295483173, 0.00709158923035469, -0.31901745600949, 
0.0955309830565158, -0.0726614600816332, -0.0404954151910349, 
-314.463446618616, -11.5001216139229, -2.01537337709538, -20.6673104983601, 
48.5313145352668, 0.537856627431886, 0.304184935001995, -0.000881571351847303, 
0.0985711078959226, -0.0995889694196216, 0.222250040673206, -0.00399806390365106, 
-0.164846485880584, -0.451970963198443, -0.190880691379251, -0.0411858749844066, 
-0.131687920860675, 0.353018719457165, 0.061250704069035, -0.172575777952261, 
0.10649111094802, 0.0183423901401159, -0.0689645920817416, -0.119788732459613, 
-0.167492566344373, -0.0305590456464962, 0.0302276323708397, 
-389.711431702997, 9.93187509597131, -2.61272901832825, -6.25623984676714, 
15.7764631520773, 47.7335749504023, 0.105006705019039, 0.293683425412184, 
-0.0129620876720218, -0.0274322433744344, 0.112292199284284, 
0.129735463786243, 0.35213375650989, 0.0856283682254328, 0.560918957210509, 
0.0650631023616684, -0.133539059140138, -0.025144518223252, 0.18726476076953, 
-0.0667176521491599, -0.0285817115657919, 0.230292501719521, 
0.137512632482832, -0.00616576952088883, -0.0897331721455731, 
0.189173923164876, -0.00408573826147528, -225.166604983954, 11.2561251087674, 
-11.4580557756746, 15.8896201680194, 5.97724576211069, 8.36682050903689, 
41.6869454861143, -0.0237308563337048, 0.413949896992764, 0.0114484446004346, 
0.290644995632211, -0.117230427431224, 0.0402489007879933, 0.154566114990839, 
0.20119144520567, -0.355826493742032, -0.00512130201458544, -0.172611187404029, 
0.0599623612841804, 0.218366821948995, 0.106415918312925, -0.0136849666612805, 
-0.612438717456231, 0.0967505222204843, 0.0971851178890497, -0.152419593740109, 
0.0719201542301297), .Dim = c(27L, 7L), .Dimnames = list(c("1", 
"2", "3", "4", "5", "6", "7", "8", "9", "10", "11", "12", "14", 
"15", "16", "17", "19", "20", "21", "22", "23", "24", "26", "27", 
"28", "29", "30"), c("x1", "x2", "x3", "x4", "x5", "x6", "x7"
)), assign = 1:7), qraux = c(1.19245008972988, 1.0117400095464, 
1.31188851221032, 1.1092741072632, 1.20825542553527, 1.49752338499071, 
1.14909581704102), pivot = 1:7, tol = 1e-07, rank = 7L), .Names = c("qr", 
"qraux", "pivot", "tol", "rank"), class = "qr"), df.residual = 20L, 
    xlevels = structure(list(), .Names = character(0)), call = quote(lm(formula = y ~ 
        . + 0, data = structure(list(y = c(43, 63, 71, 61, 81, 
        43, 58, 71, 72, 67, 64, 67, 68, 77, 81, 74, 65, 50, 50, 
        64, 53, 40, 66, 78, 48, 85, 82), x1 = c(1, 1, 1, 1, 1, 
        1, 1, 1, 1, 1, 1, 1, 1, 1, 1, 1, 1, 1, 1, 1, 1, 1, 1, 
        1, 1, 1, 1), x2 = c(51, 64, 70, 63, 78, 55, 67, 75, 82, 
        61, 53, 60, 83, 77, 90, 85, 70, 58, 40, 61, 66, 37, 77, 
        75, 57, 85, 82), x3 = c(30, 51, 68, 45, 56, 49, 42, 50, 
        72, 45, 53, 47, 83, 54, 50, 64, 46, 68, 33, 52, 52, 42, 
        66, 58, 44, 71, 39), x4 = c(39, 54, 69, 47, 66, 44, 56, 
        55, 67, 47, 58, 39, 45, 72, 72, 69, 57, 54, 34, 62, 50, 
        58, 63, 74, 45, 71, 59), x5 = c(66, 77, 62, 71, 43, 43, 
        43, 59, 51, 70, 51, 71, 80, 71, 55, 54, 64, 50, 71, 66, 
        59, 61, 61, 55, 75, 54, 51), x6 = c(92, 73, 86, 84, 83, 
        49, 68, 66, 83, 80, 67, 74, 77, 77, 54, 79, 85, 78, 64, 
        80, 80, 57, 76, 78, 83, 74, 78), x7 = c(45, 47, 48, 35, 
        47, 34, 35, 41, 31, 41, 34, 41, 35, 46, 36, 63, 46, 52, 
        33, 41, 37, 49, 72, 49, 38, 55, 39)), .Names = c("y", 
        "x1", "x2", "x3", "x4", "x5", "x6", "x7"),