
expected <- structure(list(coefficients = structure(c(6.88548135102533, 0.621897739529835, 
0.0694764237455257, 0.244990013426184, 0.111537156511829, 0.0349889053216285, 
-0.250517587926509), .Names = c("x1", "x2", "x3", "x4", "x5", 
"x6", "x7")), residuals = structure(c(-6.82434076809863, 0.830407158159449, 
0.186707846152401, -1.22001961337699, 6.84496584700848, -11.5631036260919, 
-0.363877699730897, -10.3549014300172, 8.09459181359861, 9.41456754461951, 
8.48179276289919, -6.61971066992012, -0.394962800766204, -1.7681365141946, 
-1.36206078025316, 3.52150000225258, -1.49101051311481, -6.7773359106937, 
7.52786730750559, -1.66651111617144, -3.01375614764057, 3.28743707170005, 
-3.08962950716193, 3.49236067578874, -7.55744795954397, 6.43021454918579, 
5.95439247790577), .Names = c("1", "2", "3", "4", "5", "6", "8", 
"9", "10", "12", "13", "14", "15", "16", "17", "18", "19", "20", 
"21", "22", "24", "25", "26", "27", "28", "29", "30")), effects = structure(c(-339.4819582835, 
54.8283956586102, -7.6862461809519, 6.54573288157829, -0.795092143028194, 
0.623182653301919, 9.35916964889356, -9.36127095839706, 9.58277075881133, 
11.0328966023585, 12.2955387348235, -6.5769230004736, 2.29945679241172, 
-0.757283413589662, 0.0690392932553903, -2.55689770743435, 1.71665663948483, 
-6.21493980717089, 8.31145759924491, -1.42447727792831, -2.8835556622966, 
6.82753486587625, 1.2590291733422, 6.52704635755051, -9.27334925517876, 
8.08661267276649, 6.00768781388131), .Names = c("x1", "x2", "x3", 
"x4", "x5", "x6", "x7", "", "", "", "", "", "", "", "", "", "", 
"", "", "", "", "", "", "", "", "", "")), rank = 7L, fitted.values = structure(c(49.8243407680986, 
62.1695928418406, 70.8132921538476, 62.220019613377, 74.1550341529915, 
54.5631036260919, 71.3638776997309, 82.3549014300172, 58.9054081864014, 
57.5854324553805, 60.5182072371008, 74.6197106699201, 77.3949628007662, 
82.7681365141946, 75.3620607802532, 61.4784999977474, 66.4910105131148, 
56.7773359106937, 42.4721326924944, 65.6665111161714, 43.0137561476406, 
59.7125629282999, 69.0896295071619, 74.5076393242113, 55.557447959544, 
78.5697854508142, 76.0456075220942), .Names = c("1", "2", "3", 
"4", "5", "6", "8", "9", "10", "12", "13", "14", "15", "16", 
"17", "18", "19", "20", "21", "22", "24", "25", "26", "27", "28", 
"29", "30")), assign = 1:7, qr = structure(list(qr = structure(c(-5.19615242270663, 
0.192450089729875, 0.192450089729875, 0.192450089729875, 0.192450089729875, 
0.192450089729875, 0.192450089729875, 0.192450089729875, 0.192450089729875, 
0.192450089729875, 0.192450089729875, 0.192450089729875, 0.192450089729875, 
0.192450089729875, 0.192450089729875, 0.192450089729875, 0.192450089729875, 
0.192450089729875, 0.192450089729875, 0.192450089729875, 0.192450089729875, 
0.192450089729875, 0.192450089729875, 0.192450089729875, 0.192450089729875, 
0.192450089729875, 0.192450089729875, -348.719562590534, 70.3467601717852, 
-0.0780287364412797, 0.0214783337195374, -0.191751102339356, 
0.135200699617614, -0.149105215127578, -0.248612285288395, 0.0499089251940565, 
0.0641242209313161, 0.035693629456797, -0.262827581025654, -0.177535806602097, 
-0.362334651186471, -0.291258172500173, 0.0641242209313161, -0.0780287364412797, 
0.0925548124058353, 0.348430135676508, 0.0499089251940565, 0.391076022888286, 
0.149415995354874, -0.177535806602097, -0.149105215127578, 0.106770108143095, 
-0.291258172500173, -0.248612285288395, -295.988238004548, -1.51945716658265, 
-68.5175467517765, 0.134534430312483, -0.0213008177936946, -0.0878712838973162, 
0.176246969907665, 0.294229261514866, -0.147286422822592, 0.229918606912012, 
-0.23259542083768, 0.208920263499779, 0.28293020401103, -0.169320698816198, 
-0.136835351562106, 0.244513408497988, -0.302085738347397, -0.0227126430511114, 
-0.0925788532368727, 0.407316037444489, -0.0993582877391744, 
0.391497356939118, 0.166171791323224, -0.0426750538819721, -0.156325668825661, 
0.0966814738135065, 0.00233322979535003, -293.87128701752, 38.6703428372584, 
-8.48415497448853, 48.8189549855834, -0.11031868022986, 0.0583838732277967, 
0.160856745452757, 0.0400120786945292, 0.0397193390871893, 0.343621824318247, 
0.119057494950289, 0.467575631947233, -0.122427709504003, -0.159342811643638, 
-0.140369229901159, -0.387949132705222, -0.127252512150979, -0.0870521373564777, 
0.0948557443965336, -0.0453321649731661, -0.432768913533274, 
0.157412916559576, 0.0151466601131801, -0.316049319241615, 0.0326705899599883, 
-0.087776418651192, 0.0869322226110606, -337.172557206741, 36.836569687152, 
-6.7991412532626, 16.0490719242391, 37.7350337079357, 0.0660833215290974, 
-0.0338046025106695, 0.160171071772522, -0.0719565262695054, 
-0.0484183800886718, 0.0454776065031851, 0.194326147006508, -0.0268096004942035, 
0.509037996673831, -0.0648469687244586, 0.516582672403266, -0.244924730565532, 
-0.0407317941603041, 0.119432617441053, 0.0902918837730184, 0.215497091461173, 
-0.141228781461786, -0.395942743913351, -0.0883744923464496, 
0.163410574119976, 0.0463212903113592, 0.203154389785257, -390.288781972187, 
8.70923785502774, -7.05431598034961, 0.731154725094549, 18.7575621656178, 
47.1664260154567, 0.365047697914568, -0.00167187984033677, -0.0768547053140667, 
0.167240221342758, 0.233145739381561, 0.125314808673124, 0.147868688289961, 
0.393533247351284, 0.0296336800855962, -0.180849234152975, -0.148961359151411, 
-0.029955857461994, 0.137969059023653, 0.024146417735098, 0.205467835451882, 
0.182634407627825, 0.258947908031094, 0.0316763010002279, -0.231858972452456, 
0.171300581640501, 0.0119864609553809, -227.476006060713, 10.7846710326676, 
-0.629979115043002, 28.8605433501471, 22.5942502369422, 4.09998742768433, 
-37.3593316395778, -0.296040632751739, -0.0762650928020914, 0.206565018896613, 
-0.307543954605051, 0.230286240103125, -0.110206916534487, -0.0340859863211095, 
0.306159596967714, 0.366515035971389, -0.215833691481414, 0.130685357842971, 
-0.0344546419937751, -0.0911830129239239, 0.014044926884425, 
-0.222780138381567, 0.509447149597313, -0.215782974764458, -0.0311561447112918, 
0.204970216886434, 0.0172415621839045), .Dim = c(27L, 7L), .Dimnames = list(
    c("1", "2", "3", "4", "5", "6", "8", "9", "10", "12", "13", 
    "14", "15", "16", "17", "18", "19", "20", "21", "22", "24", 
    "25", "26", "27", "28", "29", "30"), c("x1", "x2", "x3", 
    "x4", "x5", "x6", "x7")), assign = 1:7), qraux = c(1.19245008972988, 
1.00726303798228, 1.062784301302, 1.17483066031541, 1.0736998580098, 
1.53188464797315, 1.05013013270894), pivot = 1:7, tol = 1e-07, 
    rank = 7L), .Names = c("qr", "qraux", "pivot", "tol", "rank"
), class = "qr"), df.residual = 20L, xlevels = structure(list(), .Names = character(0)), 
    call = quote(lm(formula = y ~ . + 0, data = structure(list(y = c(43, 
        63, 71, 61, 81, 43, 71, 72, 67, 67, 69, 68, 77, 81, 74, 
        65, 65, 50, 50, 64, 40, 63, 66, 78, 48, 85, 82), x1 = c(1, 
        1, 1, 1, 1, 1, 1, 1, 1, 1, 1, 1, 1, 1, 1, 1, 1, 1, 1, 
        1, 1, 1, 1, 1, 1, 1, 1), x2 = c(51, 64, 70, 63, 78, 55, 
        75, 82, 61, 60, 62, 83, 77, 90, 85, 60, 70, 58, 40, 61, 
        37, 54, 77, 75, 57, 85, 82), x3 = c(42, 64, 58, 64, 51, 
        50, 65, 72, 45, 71, 39, 66, 72, 39, 42, 72, 33, 54, 52, 
        83, 52, 83, 64, 50, 45, 58, 52), x4 = c(39, 54, 69, 47, 
        66, 44, 55, 67, 47, 39, 42, 45, 72, 72, 69, 75, 57, 54, 
        34, 62, 58, 48, 63, 74, 45, 71, 59), x5 = c(61, 63, 76, 
        54, 71, 54, 70, 71, 62, 59, 55, 59, 79, 60, 79, 55, 75, 
        64, 43, 66, 50, 66, 88, 80, 51, 77, 64), x6 = c(92, 73, 
        86, 84, 83, 49, 66, 83, 80, 74, 63, 77, 77, 54, 79, 80, 
        85, 78, 64, 80, 57, 75, 76, 78, 83, 74, 78), x7 = c(45, 
        47, 48, 35, 47, 34, 41, 31, 41, 41, 25, 35, 46, 36, 63, 
        60, 46, 52, 33, 41, 49, 33, 72, 49, 38, 55, 39)), .Names = c("y", 
        "x1", "x2", "x3", "x4", "x5", "x6", "x7"),