
expected <- structure(list(coefficients = structure(c(0.189760379631084, 
0.618036232168316, -0.0729165457884899, 0.284058103100659, 0.183954990634515, 
0.0916313171082806, -0.170224340993055), .Names = c("x1", "x2", 
"x3", "x4", "x5", "x6", "x7")), residuals = structure(c(-9.62927580008901, 
1.65924645325939, -0.758091125190761, 0.263983260962001, 5.44866320366169, 
-8.42179477186945, -8.83137370079569, -8.10608214212458, 7.48341419058336, 
7.52298863213086, 11.4718198529721, 11.0654204645112, -2.28749930130405, 
-0.81753101552231, -1.42855708000665, -4.86096010671644, 3.35048285998922, 
-6.17367224267083, 9.87990490825754, -0.374211497112249, -10.8442109581681, 
-2.65601255957953, 5.52976680738146, 1.55747281183543, -7.51103526752625, 
5.61279763467808, 5.06367182792154), .Names = c("1", "2", "3", 
"4", "5", "6", "7", "9", "10", "11", "12", "13", "14", "15", 
"16", "17", "18", "20", "21", "22", "23", "24", "25", "27", "28", 
"29", "30")), effects = structure(c(-188.717783731074, -280.83323792791, 
-2.35949350445357, 15.6332584124039, 8.27568808634471, 2.92945651817159, 
-5.77040745720042, -4.47667800676438, 6.94173734382091, 8.08044656181591, 
13.5475774696797, 15.3770333778291, 0.192061058835281, 0.609976989042173, 
-1.29823741873906, -0.870534346655012, 3.85274645418847, -9.73129171458747, 
7.63867126038143, 3.51869215889817, -10.7447461287777, -2.44817697808307, 
10.3109412371736, 0.235341377097847, -9.33516944097688, 9.27059628531247, 
4.40664309139731), .Names = c("x1", "x2", "x3", "x4", "x5", "x6", 
"x7", "", "", "", "", "", "", "", "", "", "", "", "", "", "", 
"", "", "", "", "", "")), rank = 7L, fitted.values = structure(c(52.629275800089, 
61.3407535467406, 71.7580911251908, 60.736016739038, 75.5513367963383, 
51.4217947718694, 66.8313737007957, 80.1060821421246, 59.5165858094166, 
56.4770113678691, 55.5281801470279, 57.9345795354888, 70.2874993013041, 
77.8175310155223, 82.4285570800067, 78.8609601067164, 61.6495171400108, 
56.1736722426708, 40.1200950917425, 64.3742114971122, 63.8442109581681, 
42.6560125595795, 57.4702331926185, 76.4425271881646, 55.5110352675263, 
79.3872023653219, 76.9363281720785), .Names = c("1", "2", "3", 
"4", "5", "6", "7", "9", "10", "11", "12", "13", "14", "15", 
"16", "17", "18", "20", "21", "22", "23", "24", "25", "27", "28", 
"29", "30")), assign = 1:7, qr = structure(list(qr = structure(c(-6.50025585176899, 
-0.0905280823436944, 0.13276682100208, 0.0466153622016853, 0.0116278255346112, 
-0.106786532735552, 0.133021061444516, 0.207508936290854, -0.0078050389059899, 
0.0723458049516663, 0.113461641204661, 0.16817875430511, 0.250384281435458, 
-0.0354155832905902, 0.114817021595985, 0.281595370135265, 0.622616256096093, 
-0.0988560747775599, -0.00822813355470408, 0.293251064226277, 
0.01719161211735, 0.240013919874964, 0.103776773162221, -0.181581763815611, 
0.154119099118167, 0.22712696523984, 0.0486922886994831, -192.984715942402, 
-290.707584030122, 0.146709340951636, 0.183679604055318, 0.260071036431311, 
0.264865609474464, 0.136209530528777, 0.135023485890361, 0.215363725736864, 
0.131047432739954, 0.125990728349613, 0.0940963478758769, 0.108080645636041, 
0.289967488459326, 0.228226748309539, 0.0928433212302564, -0.234811116443467, 
0.269565503338421, 0.143426005483749, 0.00202656995070075, 0.214849781755022, 
-0.0428052189243748, 0.112214412547253, 0.386665351542029, 0.0868600168747305, 
0.131441225274387, 0.247565605236637, -167.353583349322, -221.698090438225, 
-53.9141431925424, -0.0728193031408915, -0.0781524850667943, 
0.138066119636222, -0.198222010002991, 0.132928918716446, -0.03630787228923, 
0.214788977585532, -0.00255868913952619, 0.146366797643806, 0.316422109306624, 
-0.0941071670668007, -0.376015398575592, -0.0691246636857512, 
0.257226339993707, 0.446434095486674, 0.0414100553725594, 0.0497262218016187, 
0.0184073944985299, 0.215114667262077, -0.00810893207384364, 
0.029944792922796, -0.0212277929667948, 0.0686362437048959, -0.45604844259366, 
-174.325482285334, -236.377893438523, -14.7359899698758, 50.8622484674022, 
-0.066123384806691, 0.0544930502162942, -0.068293760531778, 0.103684359143157, 
0.0451519436898719, -0.184540120171275, 0.225532723827437, 0.269056407297702, 
0.633617652748427, -0.216586673691092, -0.0851368584136982, 0.0493496159134053, 
-0.271124906409318, 0.0291214822295014, -0.00797733163972753, 
-0.151454484887224, 0.0937615762357576, -0.406875561890902, -0.0525706265626455, 
-0.270823671634511, 0.060500299542382, 0.0524489423761674, -0.00434334437760119, 
-178.278028066689, -275.68274719133, -17.7540529224078, 27.2631712902775, 
36.7080468796606, -0.0184706623394639, -0.0925433422317649, 0.221952006633875, 
-0.158938096924942, 0.0843238189694858, -0.214369238005505, 0.00420853512452848, 
0.253636703954813, -0.0286751925548775, 0.57915343798443, 0.0207425529552468, 
0.519350398301643, -0.0139371325021981, -0.100400310929193, -0.0165052714855582, 
-0.0607630855160614, 0.0903068368453022, -0.338886231040258, 
-0.012708035630106, 0.0550159013274472, 0.144257978632966, 0.140805080582505, 
-223.006544437209, -310.663189850357, -23.6416577049006, 17.6945180125982, 
57.4862365185172, 52.5715918950437, 0.214166050184096, 0.114731785028118, 
-0.118511686085607, -0.101389358341858, 0.130615848359672, 0.265519113320586, 
0.303191472316825, 0.106728672884062, 0.193975977793724, 0.429932848121925, 
-0.189219640624634, -0.153457730070309, -0.273921019071727, 0.0193108076266725, 
-0.0729732669711639, -0.107745158867228, 0.115904304915496, -0.0284399154013923, 
-0.341848178490096, 0.416830657948049, -0.0776100352982069, -131.194462758408, 
-170.327423815066, -19.5472258358082, 32.0232922350629, 21.9973235294078, 
11.0897635357995, 33.8988385770039, 0.506872999110879, -0.0334896966080899, 
0.269260960548686, -0.158620736667641, 0.243785989777094, -0.0574600075435023, 
0.182050993415299, 0.122314187741993, -0.330704542886782, -0.176297504746995, 
-0.294072050159716, -0.0896232874707085, 0.26802274724202, 0.097245123630151, 
-0.143309787614138, 0.315697584967952, 0.103171355482353, -0.00781433621562732, 
-0.138783971845025, 0.0750645229760505), .Dim = c(27L, 7L), .Dimnames = list(
    c("1", "2", "3", "4", "5", "6", "7", "9", "10", "11", "12", 
    "13", "14", "15", "16", "17", "18", "20", "21", "22", "23", 
    "24", "25", "27", "28", "29", "30"), c("x1", "x2", "x3", 
    "x4", "x5", "x6", "x7")), assign = 1:7), qraux = c(1.18436944486133, 
1.28430334086407, 1.24117285465252, 1.07477844919789, 1.10815545160467, 
1.20182111370007, 1.24780248469464), pivot = 1:7, tol = 1e-07, 
    rank = 7L), .Names = c("qr", "qraux", "pivot", "tol", "rank"
), class = "qr"), df.residual = 20L, xlevels = structure(list(), .Names = character(0)), 
    call = quote(lm(formula = y ~ . + 0, data = structure(list(y = c(43, 
        63, 71, 61, 81, 43, 58, 72, 67, 64, 67, 69, 68, 77, 81, 
        74, 65, 50, 50, 64, 53, 40, 63, 78, 48, 85, 82), x1 = c(1.19844856284726, 
        -0.588455697004025, 0.863018305139535, 0.303011780933836, 
        0.0755838409747057, -0.694139784304391, 0.864670933063239, 
        1.34886117741898, -0.0507347498219455, 0.470266241988007, 
        0.737529697191911, 1.09320493181501, 1.62756189059181, 
        -0.230210352528471, 0.746340016511991, 1.83044195255281, 
        4.04716496209513, -0.642589778555747, -0.053484973288102, 
        1.90620694627434, 0.111749877267147, 1.56015188717325, 
        0.674575577025432, -1.18032792281696, 1.00181357591223, 
        1.4763833848948, 0.31651233455484), x2 = c(51, 64, 70, 
        63, 78, 55, 67, 82, 61, 53, 60, 62, 83, 77, 90, 85, 60, 
        58, 40, 61, 66, 37, 54, 75, 57, 85, 82), x3 = c(30, 51, 
        68, 45, 56, 49, 42, 72, 45, 53, 47, 57, 83, 54, 50, 64, 
        65, 68, 33, 52, 52, 42, 42, 58, 44, 71, 39), x4 = c(39, 
        54, 69, 47, 66, 44, 56, 67, 47, 58, 39, 42, 45, 72, 72, 
        69, 75, 54, 34, 62, 50, 58, 48, 74, 45, 71, 59),