
expected <- structure(list(coefficients = structure(c(1.84184962301245, 0.553290892393835, 
0.0160900854380693, 0.48863921711741, 0.119995696878162, 0.0995394628739729, 
-0.411621807834598), .Names = c("x1", "x2", "x3", "x4", "x5", 
"x6", "x7")), residuals = structure(c(-4.74678493249256, 2.85136534650741, 
-2.14376302093147, -0.129303755002298, 5.49543315451469, -8.93953837561197, 
-9.61971740606484, 1.64751174258285, 9.19091277658688, 4.32793270273499, 
9.12355030405961, -3.15322558379331, -4.20405462883454, -0.674568772827592, 
2.28865750986987, -2.48154873548788, -5.22757241682391, 10.6292759253091, 
-2.23008151433355, -10.8883926921414, -2.99543732100297, 4.68862662376011, 
1.25286517661986, 0.503261838330592, -6.8321763660689, 6.53542567137788, 
5.73134674916337), .Names = c("1", "2", "3", "4", "5", "6", "7", 
"8", "10", "11", "13", "14", "16", "17", "18", "19", "20", "21", 
"22", "23", "24", "25", "26", "27", "28", "29", "30")), effects = structure(c(-331.591504604575, 
-52.8406667457116, -2.71958167774251, 12.6714061083367, -2.57868074668701, 
1.53764912634155, -14.5448387055075, 4.14356370068575, 10.0669623277055, 
7.43808369452658, 12.1508420432741, -4.80714360315313, -4.98613873694819, 
-2.1977749382942, -2.09623358820208, -0.542774143460274, -5.11783713140428, 
11.8801568293589, -0.089675079857843, -9.70897573537964, -1.64159439174314, 
9.73839278056394, 2.25963744075256, 3.26045413087479, -8.29402344558181, 
6.35512121271496, 4.73204647113096), .Names = c("x1", "x2", "x3", 
"x4", "x5", "x6", "x7", "", "", "", "", "", "", "", "", "", "", 
"", "", "", "", "", "", "", "", "", "")), rank = 7L, fitted.values = structure(c(47.7467849324926, 
60.1486346534926, 73.1437630209315, 61.1293037550023, 75.5045668454853, 
51.939538375612, 67.6197174060648, 69.3524882574171, 57.8090872234131, 
59.672067297265, 59.8764496959404, 71.1532255837933, 85.2040546288345, 
74.6745687728276, 62.7113424901301, 67.4815487354879, 55.2275724168239, 
39.3707240746909, 66.2300815143335, 63.8883926921414, 42.995437321003, 
58.3113733762399, 64.7471348233801, 77.4967381616694, 54.8321763660689, 
78.4645743286221, 76.2686532508366), .Names = c("1", "2", "3", 
"4", "5", "6", "7", "8", "10", "11", "13", "14", "16", "17", 
"18", "19", "20", "21", "22", "23", "24", "25", "26", "27", "28", 
"29", "30")), assign = 1:7, qr = structure(list(qr = structure(c(-5.19615242270663, 
0.192450089729875, 0.192450089729875, 0.192450089729875, 0.192450089729875, 
0.192450089729875, 0.192450089729875, 0.192450089729875, 0.192450089729875, 
0.192450089729875, 0.192450089729875, 0.192450089729875, 0.192450089729875, 
0.192450089729875, 0.192450089729875, 0.192450089729875, 0.192450089729875, 
0.192450089729875, 0.192450089729875, 0.192450089729875, 0.192450089729875, 
0.192450089729875, 0.192450089729875, 0.192450089729875, 0.192450089729875, 
0.192450089729875, 0.192450089729875, -342.368709629448, -68.8379740162845, 
0.0946285258367066, -0.00705953369775985, 0.210843451018954, 
-0.123274458880007, 0.0510479288933639, 0.167262854075611, -0.0361132649933217, 
-0.152328190175569, -0.0215863993455408, 0.283477779257859, 0.385165838792325, 
0.312531510553421, -0.0506401306411026, 0.0946285258367066, -0.0796938619366645, 
-0.341177443596721, -0.0361132649933217, 0.0365210632455829, 
-0.384758040540064, -0.137801324527788, 0.196316585371173, 0.167262854075611, 
-0.0942207275844454, 0.312531510553421, 0.268950913610078, -283.286532082376, 
1.67704593422715, -67.7342473027879, 0.170824894147655, -0.0524740573838915, 
-0.019133279589102, 0.191986079450688, 0.160490548491407, -0.105500144139107, 
-0.265931157249725, -0.196173119848298, 0.158522178158264, -0.254734947110039, 
-0.19998673701695, 0.295208018144538, -0.301486552372925, 0.0336465601708454, 
0.0417662884986834, 0.455515907757523, -0.0421397117276431, 0.0480407699910128, 
0.470156364572958, 0.141543980516784, -0.0609631562046313, -0.0971341688160009, 
0.0362305479921576, -0.0460764523939282, -291.176985761301, -32.7887498632246, 
-6.00094837270396, 47.1364982152683, -0.140315510893491, 0.103007738341865, 
0.0492989061604265, 0.140878755250548, 0.0689864072978517, -0.305555133451931, 
0.151855414497777, 0.43428758258723, -0.219252305815978, -0.186648616020953, 
-0.387438810082271, -0.123239793675321, -0.0589243494684618, 
0.183904325629896, -0.042249811200897, 0.0799592488406686, -0.353684736892125, 
0.188424507230725, -0.0153351905842701, -0.343911914655675, 0.0735104066030927, 
-0.141925518992401, 0.0515424016305985, -332.938655232684, -34.7369639562104, 
-5.62814916107336, 14.8116660686149, 37.2844964060043, 0.0761431775633073, 
0.02360764448279, -0.0444190193429976, -0.071048619197903, 0.0943768464274962, 
0.046616693783056, 0.180360696091881, 0.482164261836044, -0.092537928681251, 
0.525433323681943, -0.259119347001918, -0.0360617915634076, 0.147417527167529, 
0.0972699640055449, -0.0147445281603852, 0.243382614179968, -0.127483543875792, 
-0.414559208618194, -0.105722599647883, 0.171556321609521, 0.0224750228030306, 
0.185302343605207, -386.632230267319, -8.06563862688463, -5.93234233439131, 
-1.02827525897278, 19.6288489773309, 47.7066268384543, 0.250432303254007, 
0.319589439096541, -0.0647943235883227, 0.073289648915571, 0.244153721227919, 
0.0667815983595256, 0.297569009556115, -0.061839764937877, -0.155112343375614, 
-0.183310415673402, -0.00884905103742045, 0.241209006688512, 
0.0377539176479533, -0.0550103588363874, 0.30871777590527, 0.220364290318497, 
0.189583920306138, -0.0250922100756381, -0.193598743776298, 0.0833688475220577, 
-0.0513359244332976, -225.166604983954, -15.0934134080444, -6.23976345427711, 
29.2412050892358, 21.8805339957443, 7.80095423412926, 35.3354424587535, 
0.0430567214901942, 0.0276614532653975, 0.334087148245082, 0.251952687455518, 
-0.115425871021239, 0.164420206801867, -0.183745042956033, -0.406573977931368, 
0.240844610187572, -0.189172441929355, -0.185184662095898, 0.125948963869221, 
0.141637110126555, -0.23934432642731, 0.216218974674391, -0.392768785108435, 
0.318937753880916, -0.0696247301769475, -0.0502803877907814, 
0.088530299327774), .Dim = c(27L, 7L), .Dimnames = list(c("1", 
"2", "3", "4", "5", "6", "7", "8", "10", "11", "13", "14", "16", 
"17", "18", "19", "20", "21", "22", "23", "24", "25", "26", "27", 
"28", "29", "30"), c("x1", "x2", "x3", "x4", "x5", "x6", "x7"
)), assign = 1:7), qraux = c(1.19245008972988, 1.00746733195002, 
1.0676029554538, 1.19143365239617, 1.05689074300138, 1.56679375656669, 
1.2088458786122), pivot = 1:7, tol = 1e-07, rank = 7L), .Names = c("qr", 
"qraux", "pivot", "tol", "rank"), class = "qr"), df.residual = 20L, 
    xlevels = structure(list(), .Names = character(0)), call = quote(lm(formula = y ~ 
        . + 0, data = structure(list(y = c(43, 63, 71, 61, 81, 
        43, 58, 71, 67, 64, 69, 68, 81, 74, 65, 65, 50, 50, 64, 
        53, 40, 63, 66, 78, 48, 85, 82), x1 = c(1, 1, 1, 1, 1, 
        1, 1, 1, 1, 1, 1, 1, 1, 1, 1, 1, 1, 1, 1, 1, 1, 1, 1, 
        1, 1, 1, 1), x2 = c(51, 64, 70, 63, 78, 55, 67, 75, 61, 
        53, 62, 83, 90, 85, 60, 70, 58, 40, 61, 66, 37, 54, 77, 
        75, 57, 85, 82), x3 = c(42, 64, 58, 64, 51, 50, 66, 65, 
        45, 33, 39, 66, 39, 42, 72, 33, 54, 52, 83, 50, 52, 83, 
        64, 50, 45, 58, 52), x4 = c(39, 54, 69, 47, 66, 44, 56, 
        55, 47, 58, 42, 45, 72, 69, 75, 57, 54, 34, 62, 50, 58, 
        48, 63, 74, 45, 71, 59), x5 = c(61, 63, 76, 54, 71, 54, 
        66, 70, 62, 58, 55, 59, 60, 79, 55, 75, 64, 43, 66, 63, 
        50, 66, 88, 80, 51, 77, 64), x6 = c(92, 73, 86, 84, 83, 
        49, 68, 66, 80, 67, 63, 77, 54, 79, 80, 85, 78, 64, 80, 
        80, 57, 75, 76, 78, 83, 74, 78), x7 = c(45, 47, 48, 35, 
        47, 34, 35, 41, 41, 34, 25, 35, 36, 63, 60, 46, 52, 33, 
        41, 37, 49, 33, 72, 49, 38, 55, 39)), .Names = c("y", 
        "x1", "x2", "x3", "x4", "x5", "x6", "x7"),