
expected <- structure(list(coefficients = structure(c(11.9501087848578, 0.684688525426106, 
-0.0477250058379063, -0.0321370492116343, 0.263460515497006, 
-0.0466634982086091, -0.0380375721523592), .Names = c("x1", "x2", 
"x3", "x4", "x5", "x6", "x7")), residuals = structure(c(-10.768431612293, 
0.284623770015501, 1.72543832593197, 1.36805090804671, 6.71809341554018, 
-13.0204454651861, -9.25758364797575, -4.48001715665588, 6.38208183209788, 
9.1652472687265, 7.99399141855551, 9.03380685333793, -5.28466464042682, 
0.6888069486406, -0.593833897435814, -6.05729268599572, 8.10615221548146, 
-7.86083448635704, 6.69275535291486, 1.92316267910761, -11.1228965582738, 
-2.83583964873011, 4.70111423044937, 3.75700365703417, -7.64568660763247, 
4.94471482548538, 5.44248270559684), .Names = c("1", "2", "3", 
"4", "5", "6", "7", "9", "10", "11", "12", "13", "14", "15", 
"16", "17", "18", "20", "21", "22", "23", "24", "25", "27", "28", 
"29", "30")), effects = structure(c(-334.285805860793, -54.1626149974308, 
2.33757936933778, 4.05875562921123, 7.41784313284212, -2.42148551256625, 
-1.43834312215261, -3.37418131018554, 8.49800303297583, 12.8180948302645, 
10.2365847736339, 12.3136762922438, -8.6840133045041, 5.35085431790872, 
0.718918581285627, -4.92215946636963, 3.72116939180157, -7.4784930371806, 
8.52508492322267, 4.24549805278549, -9.37334605622273, 0.0691985799086829, 
10.3568846214002, 8.83555893888754, -9.6348412644866, 6.19380148631377, 
5.96180499099993), .Names = c("x1", "x2", "x3", "x4", "x5", "x6", 
"x7", "", "", "", "", "", "", "", "", "", "", "", "", "", "", 
"", "", "", "", "", "")), rank = 7L, fitted.values = structure(c(53.768431612293, 
62.7153762299845, 69.274561674068, 59.6319490919533, 74.2819065844598, 
56.0204454651861, 67.2575836479757, 76.4800171566559, 60.6179181679021, 
54.8347527312735, 59.0060085814445, 59.9661931466621, 73.2846646404268, 
76.3111930513594, 81.5938338974358, 80.0572926859957, 56.8938477845185, 
57.860834486357, 43.3072446470851, 62.0768373208924, 64.1228965582738, 
42.8358396487301, 58.2988857695506, 74.2429963429658, 55.6456866076325, 
80.0552851745146, 76.5575172944032), .Names = c("1", "2", "3", 
"4", "5", "6", "7", "9", "10", "11", "12", "13", "14", "15", 
"16", "17", "18", "20", "21", "22", "23", "24", "25", "27", "28", 
"29", "30")), assign = 1:7, qr = structure(list(qr = structure(c(-5.19615242270663, 
0.192450089729875, 0.192450089729875, 0.192450089729875, 0.192450089729875, 
0.192450089729875, 0.192450089729875, 0.192450089729875, 0.192450089729875, 
0.192450089729875, 0.192450089729875, 0.192450089729875, 0.192450089729875, 
0.192450089729875, 0.192450089729875, 0.192450089729875, 0.192450089729875, 
0.192450089729875, 0.192450089729875, 0.192450089729875, 0.192450089729875, 
0.192450089729875, 0.192450089729875, 0.192450089729875, 0.192450089729875, 
0.192450089729875, 0.192450089729875, -341.791359360259, -70.2329457353646, 
0.0940757185871527, -0.00559260554061164, 0.207982374733169, 
-0.119499261686628, 0.0513607225323965, 0.264935702806177, -0.0340692695771157, 
-0.147975925723132, -0.0483076015953678, -0.0198309375588637, 
0.279174034824429, 0.193744042714917, 0.378842358952194, 0.307650698860933, 
-0.0483076015953678, -0.0767842656318719, -0.333074241960409, 
-0.0340692695771157, 0.0371223905141445, -0.375789238015165, 
-0.13373759370488, 0.165267378678413, -0.0910225976501239, 0.307650698860933, 
0.264935702806177, -275.588528493181, -36.3393873843611, -52.8621971496863, 
-0.0777165698770799, -0.0219221343711548, 0.0791752168329003, 
-0.175079573263807, 0.240139952845125, -0.057410733231322, 0.175149493605607, 
-0.00942359484496873, 0.159441668826645, 0.438075244871355, -0.0496034361117502, 
-0.257259814436125, 0.0583443176225902, 0.331084385726301, 0.40814155246727, 
-0.0712047688317108, 0.0750090369908383, 0.0242444453764436, 
0.129507976422561, -0.0430916350663811, 0.0463708406609564, -0.0357161699715435, 
0.190764087844751, -0.384124678202203, -274.048927775342, -4.16392109689328, 
-11.0843844765317, -54.0276167072031, -0.199788110885665, 0.137789044441683, 
-0.148309476730185, -0.0106945218472995, 0.180485522152551, 0.0460262096908872, 
0.365967262396013, 0.346838892451289, 0.156969272854866, -0.305209514780637, 
-0.191052214708819, -0.0462654207045856, -0.12034669210339, 0.0483276340823639, 
0.000337200520331089, -0.25439565869014, 0.156252236552424, -0.261547166777951, 
-0.220206973969278, 0.0472449130967789, -0.176336853813288, -0.240528917623661, 
-0.208068200457829, -328.319853079167, -33.1911339714365, -4.23117750984152, 
10.8242598994145, 34.0493059294073, 0.113006261820003, -0.0398106278095765, 
0.100158985174632, -0.100923519595639, 0.0365738995071998, -0.0865819367217035, 
0.121435728377147, 0.462659100280241, -0.178436924469963, 0.445103995078761, 
-0.138111958236983, 0.340161052087935, 0.00457513383276483, 0.235578705769288, 
0.0020249307693304, -0.0246303508747548, 0.160705816676365, -0.1472433502886, 
-0.347794930101474, 0.319311514560034, 0.0429919061446224, 0.182537695774887, 
-387.979380895428, -10.5506040255248, -3.0821807510087, -1.38023314842108, 
20.0996432890628, 46.1441676988882, 0.170509142238499, -0.072151586872675, 
-0.014689830255288, 0.235464790775034, 0.143937111766689, 0.3524165330906, 
0.0111919350963865, 0.0371842180947463, 0.350012142932199, 0.0527978627185682, 
-0.118436845885819, 0.0596877469759575, 0.164347335705432, -0.0814809420030467, 
-0.0164395295648973, 0.333818195199277, 0.041393534856572, 0.129544181083554, 
-0.258867287957101, 0.104425524616657, -0.132215128863651, -217.276151305029, 
-8.12850554553101, -11.28973643718, 15.608360737103, 16.1651981508972, 
7.05190186000834, 37.8137467972807, 0.439962876823377, -0.026184465089046, 
0.149831293821748, -0.129901895510629, 0.237971518086628, 0.157478110762527, 
0.155157375528929, 0.0371866596432934, -0.353484345066659, -0.451918207379333, 
-0.182669685448617, -0.0203486339394417, 0.171492825426977, 0.10739335403644, 
-0.27684364998544, 0.34004723301415, 0.00274383946684019, 0.0548054422517549, 
-0.103340489932617, 0.0859558609930909), .Dim = c(27L, 7L), .Dimnames = list(
    c("1", "2", "3", "4", "5", "6", "7", "9", "10", "11", "12", 
    "13", "14", "15", "16", "17", "18", "20", "21", "22", "23", 
    "24", "25", "27", "28", "29", "30"), c("x1", "x2", "x3", 
    "x4", "x5", "x6", "x7")), assign = 1:7), qraux = c(1.19245008972988, 
1.00864572647764, 1.28630653259272, 1.34104286972767, 1.03641364940502, 
1.60125294551708, 1.20561287392642), pivot = 1:7, tol = 1e-07, 
    rank = 7L), .Names = c("qr", "qraux", "pivot", "tol", "rank"
), class = "qr"), df.residual = 20L, xlevels = structure(list(), .Names = character(0)), 
    call = quote(lm(formula = y ~ . + 0, data = structure(list(y = c(43, 
        63, 71, 61, 81, 43, 58, 72, 67, 64, 67, 69, 68, 77, 81, 
        74, 65, 50, 50, 64, 53, 40, 63, 78, 48, 85, 82), x1 = c(1, 
        1, 1, 1, 1, 1, 1, 1, 1, 1, 1, 1, 1, 1, 1, 1, 1, 1, 1, 
        1, 1, 1, 1, 1, 1, 1, 1), x2 = c(51, 64, 70, 63, 78, 55, 
        67, 82, 61, 53, 60, 62, 83, 77, 90, 85, 60, 58, 40, 61, 
        66, 37, 54, 75, 57, 85, 82), x3 = c(30, 51, 68, 45, 56, 
        49, 42, 72, 45, 53, 47, 57, 83, 54, 50, 64, 65, 68, 33, 
        52, 52, 42, 42, 58, 44, 71, 39), x4 = c(54, 63, 48, 71, 
        45, 59, 45, 57, 62, 54, 72, 72, 67, 39, 47, 55, 47, 56, 
        48, 39, 62, 34, 39, 58, 42, 45, 44), x5 = c(61, 63, 76, 
        54, 71, 54, 66, 71, 62, 58, 59, 55, 59, 79, 60, 79, 55, 
        64, 43, 66, 63, 50, 66, 80, 51, 77, 64), x6 = c(92, 73, 
        86, 84, 83, 49, 68, 83, 80, 67, 74, 63, 77, 77, 54, 79, 
        80, 78, 64, 80, 80, 57, 75, 78, 83, 74, 78), x7 = c(45, 
        47, 48, 35, 47, 34, 35, 31, 41, 34, 41, 25, 35, 46, 36, 
        63, 60, 52, 33, 41, 37, 49, 33, 49, 38, 55, 39)), .Names = c("y", 
        "x1", "x2", "x3", "x4", "x5", "x6", "x7"),