
expected <- structure(list(coefficients = structure(c(2.5127676067156, 0.620902585834619, 
-0.130265698287797, 0.378149419431643, 0.204601175789309, 0.0604723635459331, 
-0.247564727850687), .Names = c("x1", "x2", "x3", "x4", "x5", 
"x6", "x7")), residuals = structure(c(-9.94537818852066, -1.56028200240983, 
1.78701970059358, -3.48229334875815, 10.212333595542, -7.26176069227747, 
-6.06365482300922, 1.7221137776149, -5.16302004654886, 5.69139081998825, 
7.48170345035869, 9.75625316333789, 8.40982294859251, -4.61205372893318, 
-1.30975520046461, -3.71371571378731, 0.726004988819413, 2.66996286297035, 
-3.38489207229232, -2.16065604867445, 3.86553801381314, -1.25058588031457, 
-10.3753564571855, -5.74459506212663, 6.65962403829934, 1.19994499943063, 
5.84628690594212), .Names = c("1", "2", "3", "4", "5", "6", "7", 
"8", "9", "10", "11", "12", "13", "14", "15", "16", "17", "18", 
"19", "20", "21", "22", "23", "24", "25", "26", "30")), effects = structure(c(-332.553755053224, 
-47.3569455303206, 4.84740410534456, 8.393226700135, 8.60937261949568, 
0.0400428798586105, -10.6400903722774, 4.08362009929277, -4.81284757548709, 
8.57936588203356, 9.88512269168946, 12.2242709748811, 12.7699631591647, 
-1.8672503333878, 3.96988414612271, 1.64815087041836, -1.37565762070785, 
4.15717755125323, -1.85245073764434, -5.1329911626054, 9.19528377550821, 
2.50058590570673, -9.48000911383416, -0.955078810291908, 8.45481311356441, 
-1.01809413590195, 6.58409313845527), .Names = c("x1", "x2", 
"x3", "x4", "x5", "x6", "x7", "", "", "", "", "", "", "", "", 
"", "", "", "", "", "", "", "", "", "", "", "")), rank = 7L, 
    fitted.values = structure(c(52.9453781885207, 64.5602820024098, 
    69.2129802994064, 64.4822933487581, 70.787666404458, 50.2617606922775, 
    64.0636548230092, 69.2778862223851, 77.1630200465489, 61.3086091800118, 
    56.5182965496413, 57.2437468366621, 60.5901770514075, 72.6120537289332, 
    78.3097552004646, 84.7137157137873, 73.2739950111806, 62.3300371370296, 
    68.3848920722923, 52.1606560486744, 46.1344619861869, 65.2505858803146, 
    63.3753564571855, 45.7445950621266, 56.3403759617007, 64.8000550005694, 
    76.1537130940579), .Names = c("1", "2", "3", "4", "5", "6", 
    "7", "8", "9", "10", "11", "12", "13", "14", "15", "16", 
    "17", "18", "19", "20", "21", "22", "23", "24", "25", "26", 
    "30")), assign = 1:7, qr = structure(list(qr = structure(c(-5.19615242270663, 
    0.192450089729875, 0.192450089729875, 0.192450089729875, 
    0.192450089729875, 0.192450089729875, 0.192450089729875, 
    0.192450089729875, 0.192450089729875, 0.192450089729875, 
    0.192450089729875, 0.192450089729875, 0.192450089729875, 
    0.192450089729875, 0.192450089729875, 0.192450089729875, 
    0.192450089729875, 0.192450089729875, 0.192450089729875, 
    0.192450089729875, 0.192450089729875, 0.192450089729875, 
    0.192450089729875, 0.192450089729875, 0.192450089729875, 
    0.192450089729875, 0.192450089729875, -342.753609808908, 
    -68.0364825881156, 0.0948302518508885, -0.00805572540306698, 
    0.212414225855409, -0.125639699407587, 0.0507362615991933, 
    0.168320235603714, 0.271206212857669, -0.0374517189041971, 
    -0.155035692908718, -0.0521497156547622, -0.022753722153632, 
    0.285904209608234, 0.197716229104844, 0.38879018686219, 0.315300203109364, 
    -0.0521497156547622, 0.0948302518508885, -0.0815457091558923, 
    -0.346109650666063, -0.0374517189041971, 0.0360382648486282, 
    -0.390203640917759, -0.140337696158153, 0.197716229104844, 
    0.271206212857669, -273.471577506153, -31.9186052397271, 
    -53.7540597150277, -0.068940024584522, -0.00259405148006831, 
    0.0792274842913807, -0.161627025089866, -0.0865555811570526, 
    0.258180623295055, -0.0505013934329394, 0.172079099712536, 
    -0.00407558572236198, 0.163518243799986, 0.453597014460587, 
    -0.0305812280390631, -0.224845314793922, 0.0816967080285368, 
    0.330782843490713, -0.114871987547668, 0.405031212844475, 
    -0.0801347191500383, 0.0797213290388119, 0.0336247511598553, 
    0.114952442183873, -0.0417759226045793, 0.192657724769653, 
    -0.355726496928915, -288.867584684543, -31.8151748922231, 
    -10.7420708495204, 46.8713246981527, -0.13207290309552, 0.133572442022195, 
    -0.0936583501173797, 0.0390282479705255, -0.0104238354988438, 
    0.0803242194515253, -0.149301402981008, 0.258912388977911, 
    0.280950787064172, 0.545622146599228, -0.281277578713764, 
    -0.22401796861094, -0.0913695887295397, -0.378185415255976, 
    -0.0659608194573539, 0.0783902646598316, 0.130862578649903, 
    -0.188771043885741, 0.100465325642289, -0.335626137821619, 
    -0.00934067039045085, -0.00195424574144852, -0.0798415502449372, 
    -314.270996528886, 6.84218967251305, -5.04534852595097, -17.0939425995102, 
    48.3142501326724, 0.432088687996731, 0.328955989266054, 0.0927780948506392, 
    0.278340173746869, -0.148134370119273, 0.123571227417317, 
    -0.0764608573406498, 0.0566067467069377, -0.0194293308630119, 
    -0.309931064171058, 0.0700130837024944, 0.169097014662032, 
    -0.190400869871062, -0.0799304281988686, 0.292162402919581, 
    -0.201012304642372, -0.193018045497976, 0.109646957291338, 
    -0.225705287930144, 0.098518807309526, 0.0573455115349155, 
    0.195234467525569, -386.439780177589, -11.4110891809387, 
    -4.10160002706479, 0.49003517891903, 14.2182617222528, 49.0597708549468, 
    0.106859818001919, 0.228874455095668, -0.0682617711234302, 
    -0.0411358699524915, 0.182300744430324, 0.101432472865683, 
    0.346790736291017, 0.207124605047506, 0.0330885190109621, 
    0.447800722324166, -0.00982516277363651, -0.0240247236706983, 
    -0.164592504989043, 0.0201870478467402, 0.248171163025977, 
    -0.0450695482320285, -0.0469547609539092, 0.364437225989123, 
    0.00196277554800118, 0.0825091149843805, -0.0820363172629513, 
    -220.547802830437, -8.28150461356839, -12.875499479707, 23.6840296439762, 
    8.62639712623027, 11.8220291079878, 42.979023969419, -0.0224223495157971, 
    0.400617140408135, 0.000534055650638293, 0.251788815000556, 
    -0.147116687135188, 0.196922965487594, 0.0104174986592697, 
    0.208080947411942, 0.247274989259588, -0.323407688110355, 
    -0.0278769001850471, 0.00949181006260776, -0.222564528968115, 
    0.00888813737456345, 0.223937106427909, 0.0804693263125118, 
    -0.0322041696139517, 0.163811373858518, -0.588602077920902, 
    0.091791136895738), .Dim = c(27L, 7L), .Dimnames = list(c("1", 
    "2", "3", "4", "5", "6", "7", "8", "9", "10", "11", "12", 
    "13", "14", "15", "16", "17", "18", "19", "20", "21", "22", 
    "23", "24", "25", "26", "30"), c("x1", "x2", "x3", "x4", 
    "x5", "x6", "x7")), assign = 1:7), qraux = c(1.19245008972988, 
    1.0066422713475, 1.29439942593498, 1.09361073781378, 1.35081795018754, 
    1.53026959735236, 1.12722421996344), pivot = 1:7, tol = 1e-07, 
        rank = 7L), .Names = c("qr", "qraux", "pivot", "tol", 
    "rank"), class = "qr"), df.residual = 20L, xlevels = structure(list(), .Names = character(0)), 
    call = quote(lm(formula = y ~ . + 0, data = structure(list(y = c(43, 
        63, 71, 61, 81, 43, 58, 71, 72, 67, 64, 67, 69, 68, 77, 
        81, 74, 65, 65, 50, 50, 64, 53, 40, 63, 66, 82), x1 = c(1, 
        1, 1, 1, 1, 1, 1, 1, 1, 1, 1, 1, 1, 1, 1, 1, 1, 1, 1, 
        1, 1, 1, 1, 1, 1, 1, 1), x2 = c(51, 64, 70, 63, 78, 55, 
        67, 75, 82, 61, 53, 60, 62, 83, 77, 90, 85, 60, 70, 58, 
        40, 61, 66, 37, 54, 77, 82), x3 = c(30, 51, 68, 45, 56, 
        49, 42, 50, 72, 45, 53, 47, 57, 83, 54, 50, 64, 65, 46, 
        68, 33, 52, 52, 42, 42, 66, 39), x4 = c(39, 54, 69, 47, 
        66, 44, 56, 55, 67, 47, 58, 39, 42, 45, 72, 72, 69, 75, 
        57, 54, 34, 62, 50, 58, 48, 63, 59), x5 = c(66, 77, 62, 
        71, 43, 43, 43, 59, 51, 70, 51, 71, 66, 80, 71, 55, 54, 
        62, 64, 50, 71, 66, 59, 61, 55, 61, 51), x6 = c(92, 73, 
        86, 84, 83, 49, 68, 66, 83, 80, 67, 74, 63, 77, 77, 54, 
        79, 80, 85, 78, 64, 80, 80, 57, 75, 76, 78),