
expected <- structure(list(coefficients = structure(c(-2.02908823377641, 
0.568032448553452, 0.0843063856118695, 0.333728781392735, -0.000245023686903627, 
0.136427752725548, -0.106073251404395), .Names = c("x1", "x2", 
"x3", "x4", "x5", "x6", "x7")), residuals = structure(c(-6.84562153389076, 
-1.8274317404071, -2.39390011473672, 3.77891415058714, -6.08171221325371, 
-0.648165707146517, -8.28942655556639, 6.2180098344638, 5.50402665579753, 
11.7045493227681, 11.2484838217467, -4.63736847963812, -1.39284326354241, 
-0.386082340187297, -3.06734524934221, 4.08418539130518, -0.838193380396052, 
7.82086417578129, 1.59372087877274, -12.3078357886994, -3.31519367798328, 
7.41967884696357, -3.59582327639469, -2.00729682907054, -8.35258127264254, 
5.78969911990541, 6.59679713961344), .Names = c("1", "2", "3", 
"5", "7", "8", "9", "10", "11", "12", "13", "14", "15", "16", 
"17", "18", "19", "21", "22", "23", "24", "25", "26", "27", "28", 
"29", "30")), effects = structure(c(-206.554236373882, -278.272762183521, 
-9.22744332120289, -16.5501932441422, -3.72893380325932, 7.66756950360996, 
-3.8299298564308, 6.84996120115708, 6.473794926155, 13.3692463674167, 
14.639304646157, -1.8569839426214, -0.828065228549814, -1.44844300326846, 
-2.4687791656887, 3.30614022597123, 2.39100919312032, 7.57325111969338, 
4.00620176341309, -11.0564663209922, -4.34371126836716, 10.8322791234263, 
-1.83771618151296, -2.72025823898998, -7.99770969026422, 6.70214548594863, 
6.46767866684173), .Names = c("x1", "x2", "x3", "x4", "x5", "x6", 
"x7", "", "", "", "", "", "", "", "", "", "", "", "", "", "", 
"", "", "", "", "", "")), rank = 7L, fitted.values = structure(c(49.8456215338908, 
64.8274317404071, 73.3939001147367, 77.2210858494129, 64.0817122132537, 
71.6481657071465, 80.2894265555664, 60.7819901655362, 58.4959733442025, 
55.2954506772319, 57.7515161782533, 72.6373684796381, 78.3928432635424, 
81.3860823401873, 77.0673452493422, 60.9158146086948, 65.838193380396, 
42.1791358242187, 62.4062791212273, 65.3078357886994, 43.3151936779833, 
55.5803211530364, 69.5958232763947, 80.0072968290705, 56.3525812726425, 
79.2103008800946, 75.4032028603866), .Names = c("1", "2", "3", 
"5", "7", "8", "9", "10", "11", "12", "13", "14", "15", "16", 
"17", "18", "19", "21", "22", "23", "24", "25", "26", "27", "28", 
"29", "30")), assign = 1:7, qr = structure(list(qr = structure(c(-6.92664346859179, 
-0.0849553899622987, 0.124594012822056, 0.0109120443859184, 0.124832602830506, 
-0.130720957699977, 0.194735182131903, -0.00732457936545997, 
0.0678923701097631, 0.1064772137524, 0.157826072147649, 0.234971223504116, 
-0.0332354846286427, 0.107749160166277, 0.264261032179984, 0.584289487461945, 
0.250685336400822, -0.00772162931882152, 0.275199229600578, 0.0161333375644158, 
0.225239236615485, 0.0973885230392225, 0.244862262094428, -0.1704040244267, 
0.144631895730574, 0.213145572107085, 0.0456949077847063, -215.839764463689, 
-285.06700278401, 0.146131369968989, 0.264912166940619, 0.135417135562634, 
0.367410225536356, 0.132254695316068, 0.219829730879259, 0.131743683523452, 
0.125508945398519, 0.0915488987351704, 0.103654632484196, 0.296633562792742, 
0.229732359862302, 0.0872975150846401, -0.255781081256204, 0.0455115935973542, 
0.146479681653569, -0.0056218043333717, 0.218650253884481, -0.0499448989982198, 
0.111713957989142, 0.0747139866432283, 0.39907696664475, 0.0845380003272392, 
0.128087206363085, 0.251187534226386, -187.458368350247, -206.488402213056, 
-46.9882952123428, -0.0432995151510621, -0.208004616889008, -0.0734189881990566, 
0.168895146679151, -0.00259228746145606, 0.267272584592481, 0.0154067571522898, 
0.178449798682877, 0.372945075094863, -0.0544255243590826, -0.394743422174636, 
-0.073365600900275, 0.229067707854631, -0.214853881579354, 0.0736471612326006, 
0.0462093097388287, 0.0591395936176803, 0.229940081010727, 0.00692874262885574, 
0.10235485669159, 0.110906210307664, -0.014612569847254, 0.0937311725122911, 
-0.480563676752194, -193.483094032573, -228.194262825962, -12.1414527085812, 
-50.9338380943737, 0.0697244298118896, -0.0555368226664523, -0.100973092380514, 
-0.0465414164516009, 0.184536056664251, -0.224087875883611, -0.266529341381205, 
-0.629394616531631, 0.213936651605557, 0.0857824448870623, -0.0450645095476577, 
0.282537059313122, 0.0104335925812178, 0.00690288374938645, 0.156140828934015, 
-0.0946950865942884, 0.410472992259143, 0.0535511191474026, -0.0903696169740831, 
0.264943819465155, -0.0583445047549526, -0.0494128082679931, 
0.003920765859186, -207.489025362034, -269.956244972224, -12.8247292347146, 
-25.2720840035777, -42.4237933827469, 0.0482343855119461, -0.240242035046079, 
0.111791440664711, -0.0360280049351279, 0.114012358644214, -0.0787185261057776, 
-0.372225831004445, 0.0497523140275814, -0.539261834954299, -0.0753027580440672, 
-0.435906409217083, 0.197510823143351, 0.0829412195522484, 0.0131264865416913, 
0.0171365154984822, -0.00293297327113735, 0.283301992335366, 
0.279393776935732, 0.0683836685537238, -0.087437241434511, -0.168791686293893, 
-0.175937592965165, -249.040901450995, -294.09601837542, -16.978313989781, 
-19.6849555129706, -50.4779747607262, 57.117202529295, 0.0849650306494225, 
-0.20654190456422, -0.0126545789708754, -0.0740596183916021, 
0.0961865417830455, 0.0363504498976603, 0.146792748692481, 0.342397455300987, 
0.334121055339373, 0.0637054319743656, 0.110156714556035, -0.297954354064497, 
0.0450159590268869, -0.158719506431257, 0.0856085305427096, -0.000541971280757766, 
0.515096817775203, 0.0550601986578416, -0.354803680832952, 0.359775384439054, 
-0.0707562725026156, -153.620710478954, -162.854843177528, -10.3616423244093, 
-29.4822343737178, -29.6707037782574, 1.1765650414163, 36.1064623335578, 
-0.087789169850605, 0.19849389891236, -0.137592992739855, 0.288866946655158, 
0.0532453135224501, 0.167900994134654, 0.288672174719991, -0.182672428224026, 
-0.109290366161061, 0.176134816374113, -0.174814872037931, 0.264145103077866, 
0.0561852973693409, -0.174716613532929, 0.270957591326711, -0.388666348633346, 
0.0254279249611438, -0.0571811096134937, -0.015147846184727, 
0.130493466767553), .Dim = c(27L, 7L), .Dimnames = list(c("1", 
"2", "3", "5", "7", "8", "9", "10", "11", "12", "13", "14", "15", 
"16", "17", "18", "19", "21", "22", "23", "24", "25", "26", "27", 
"28", "29", "30"), c("x1", "x2", "x3", "x4", "x5", "x6", "x7"
)), assign = 1:7), qraux = c(1.17302010248997, 1.29230228225374, 
1.29805477850122, 1.06465423868177, 1.05476625199263, 1.12360544395042, 
1.52929520925077), pivot = 1:7, tol = 1e-07, rank = 7L), .Names = c("qr", 
"qraux", "pivot", "tol", "rank"), class = "qr"), df.residual = 20L, 
    xlevels = structure(list(), .Names = character(0)), call = quote(lm(formula = y ~ 
        . + 0, data = structure(list(y = c(43, 63, 71, 81, 58, 
        71, 72, 67, 64, 67, 69, 68, 77, 81, 74, 65, 65, 50, 64, 
        53, 40, 63, 66, 78, 48, 85, 82), x1 = c(1.19844856284726, 
        -0.588455697004025, 0.863018305139535, 0.0755838409747057, 
        0.864670933063239, -0.905457467860607, 1.34886117741898, 
        -0.0507347498219455, 0.470266241988007, 0.737529697191911, 
        1.09320493181501, 1.62756189059181, -0.230210352528471, 
        0.746340016511991, 1.83044195255281, 4.04716496209513, 
        1.73640794805249, -0.053484973288102, 1.90620694627434, 
        0.111749877267147, 1.56015188717325, 0.674575577025432, 
        1.69607358844098, -1.18032792281696, 1.00181357591223, 
        1.4763833848948, 0.31651233455484), x2 = c(51, 64, 70, 
        78, 67, 75, 82, 61, 53, 60, 62, 83, 77, 90, 85, 60, 70, 
        40, 61, 66, 37, 54, 77, 75, 57, 85, 82), x3 = c(30, 51, 
        68, 56, 42, 50, 72, 45, 53, 47, 57, 83, 54, 50, 64, 65, 
        46, 33, 52, 52, 42, 42, 66, 58, 44, 71, 39), x4 = c(39, 
        54, 69, 66, 56, 55, 67, 47, 58, 39, 42, 45, 72, 72, 69, 
        75, 57, 34, 62, 50, 58, 48, 63, 74, 45, 71, 59),