
expected <- structure(list(coefficients = structure(c(1.72165152248715, 0.139973092490623, 
0.263880082203092, 0.322774407271837, -0.25750651714631, 0.286368587527582, 
0.364922517648861), .Names = c("x1", "x2", "x3", "x4", "x5", 
"x6", "x7")), residuals = structure(c(-22.4913685315077, -3.04811984581467, 
6.66269650053541, -3.21313788564863, 20.8787867027605, -21.4891942399001, 
-7.64854196137025, 9.85602933088226, -5.8829662251435, 3.89637409470136, 
-0.706440636883663, 4.89367782170479, 22.4264510793632, 20.8256719626299, 
-5.70559505347868, -3.41161877875337, -16.1397796229555, -0.353156217306933, 
-4.87095102952217, -8.42231722270813, -14.2989950091593, -4.20432771725385, 
-8.6290583015144, 11.0221469389982, -2.733315811427, 22.3820213547878, 
20.7950265318535), .Names = c("1", "2", "3", "4", "5", "6", "7", 
"8", "10", "11", "13", "14", "16", "17", "18", "19", "20", "21", 
"22", "23", "24", "25", "26", "27", "28", "29", "30")), effects = structure(c(-184.448425816075, 
-268.293066724291, 45.1693894194344, -30.7850827259002, -5.20768481890174, 
-18.4923024311313, -16.3401292899691, 9.53973968329345, -5.31420620467758, 
13.0441697665291, 1.47805877148804, 12.4467476805018, 32.3032800003909, 
21.330054451026, 12.1150500627448, 2.73183480125464, -13.0206797605141, 
-3.62582345126971, 7.18176016647508, -13.4340097447465, -1.56748280537368, 
-1.43539253207924, -6.18421799667183, 11.9375520181991, 8.01769033584919, 
26.4971356121398, 30.4455315648632), .Names = c("x1", "x2", "x3", 
"x4", "x5", "x6", "x7", "", "", "", "", "", "", "", "", "", "", 
"", "", "", "", "", "", "", "", "", "")), rank = 7L, fitted.values = structure(c(65.4913685315076, 
66.0481198458147, 64.3373034994646, 64.2131378856486, 60.1212132972395, 
64.4891942399001, 65.6485419613703, 61.1439706691177, 72.8829662251435, 
60.1036259052986, 69.7064406368837, 63.1063221782952, 58.5735489206368, 
53.1743280373701, 70.7055950534787, 68.4116187787534, 66.1397796229555, 
50.3531562173069, 68.8709510295222, 61.4223172227081, 54.2989950091593, 
67.2043277172538, 74.6290583015144, 66.9778530610018, 50.733315811427, 
62.6179786452122, 61.2049734681465), .Names = c("1", "2", "3", 
"4", "5", "6", "7", "8", "10", "11", "13", "14", "16", "17", 
"18", "19", "20", "21", "22", "23", "24", "25", "26", "27", "28", 
"29", "30")), assign = 1:7, qr = structure(list(qr = structure(c(-6.82265228539672, 
-0.0862502839641354, 0.1264930805556, 0.0444126079211754, 0.0110783662735511, 
-0.10174046034709, 0.126735307164047, -0.13271341261208, -0.00743622094453482, 
0.0689271887700579, 0.160231664473788, 0.238552665812306, 0.10939147787283, 
0.268288911113162, 0.593195254982835, 0.254506293948047, -0.0941847468807919, 
-0.00783932275173715, 0.279393829047159, 0.0163792426453181, 
0.228672343527255, 0.098872923433208, 0.248594464072465, -0.173001330485997, 
0.146836381806607, 0.216394346822403, 0.0463913916926862, -196.716419321299, 
-276.592932609289, 0.184933059482249, 0.145227000396259, 0.297542798308348, 
0.295785628233779, 0.0726414208668855, 0.250786675701309, 0.277713268485178, 
0.134458265561645, 0.129877121912185, 0.00658859931852679, 0.113241773564426, 
-0.0413229744285058, -0.298876061090691, 0.0539841278750566, 
0.307200710578013, 0.238299056359457, -0.0294218756697827, 0.238637588419028, 
0.0261465422993206, 0.16590125102277, 0.0519658644255289, 0.344156085086259, 
0.0802258487046705, 0.0912036195044716, 0.143482266949234, -165.272655690382, 
-221.275194501519, 92.5431660327396, -0.243279876864914, 0.215121008233101, 
0.00659573000086382, -0.289828326706854, -0.327184102143164, 
0.195026227929386, 0.11143439292093, 0.209071448663097, -0.242215673565096, 
0.0705575844738448, -0.0462074990630716, -0.396369862530559, 
0.263456259220758, 0.00635278885798426, 0.0199164146924066, -0.438285199798102, 
0.0885144045482562, -0.0607806754038375, -0.293064652428968, 
-0.0878393163775166, -0.00803327460549456, -0.00561970826193019, 
0.0139105729949279, -0.114210065031818, -144.311871588064, -235.322301049477, 
27.9351346031161, -67.8168607518448, -0.287572375883822, 0.0747413669089181, 
-0.0922141291769416, 0.146455396770013, 0.0670876863982241, 0.216396245029066, 
0.332348839672437, 0.219000332455926, 0.0623432049386906, 0.261696338660566, 
0.032036129246319, 0.328333536725647, -0.0290581315903291, -0.108107383605969, 
-0.290498060738403, 0.0799795232056381, -0.198644344580593, -0.445251604661037, 
0.188523054135099, 0.0559442807783656, -0.0348994754687119, -0.190467081857489, 
-0.0488615259929996, -180.134663159771, -249.827620017941, 41.6023223693101, 
-37.103645171813, 48.7670964168593, 0.345565032445145, 0.292288483058081, 
0.0455888984275937, -0.105960521044054, 0.0333166716203246, 0.0795074439790798, 
-0.15650783651849, -0.0666303826022981, 0.069713143456217, 0.0868248075732782, 
0.0509781294845546, 0.216851516327427, -0.294190197300362, -0.0775411855027236, 
0.130719729480984, -0.215929306305488, 0.1661553535044, 0.337770112812334, 
0.0582824211276082, -0.490994245030056, 0.157477075495646, 0.0184180140048238, 
-211.986951866364, -320.965127519787, 69.3485294302621, -45.9952483877497, 
11.0975781021015, -58.7280299898776, 0.206902331865466, -0.0445850585772197, 
-0.0544202322274469, 0.396692834321391, 0.0759014995215782, -0.0281421932046562, 
0.315525049505898, -0.179480233168733, 0.246853778150067, 0.187959134049898, 
0.34182387366769, -0.368332269029712, 0.0716172837541184, -0.145033233654816, 
0.219300754754166, 0.0211080475557677, 0.10975829201315, 0.142530218154743, 
0.0158679891352953, 0.123416240643589, 0.334418645299024, -111.405280745859, 
-185.37983452607, 7.08636282825696, -14.4643631627349, 11.4330093729121, 
-4.58847934471317, -44.7769827832112, 0.0279079117157137, 0.533995741614772, 
0.138794282707251, 0.0939345896897965, -0.46022864279961, 0.0744792904187117, 
0.0716775094854111, -0.0422912640396695, 0.118323116423019, -0.151216762916289, 
-0.135461051883134, 0.0143071302608563, -0.11310769643224, -0.195925490325384, 
-0.223538421347543, -0.256640350743572, 0.349482589255712, -0.0962682493334342, 
-0.292839375823901, 0.0952075699519764), .Dim = c(27L, 7L), .Dimnames = list(
    c("1", "2", "3", "4", "5", "6", "7", "8", "10", "11", "13", 
    "14", "16", "17", "18", "19", "20", "21", "22", "23", "24", 
    "25", "26", "27", "28", "29", "30"), c("x1", "x2", "x3", 
    "x4", "x5", "x6", "x7")), assign = 1:7), qraux = c(1.17565728293268, 
1.29658931368059, 1.07735826655187, 1.2669036022387, 1.34040915654059, 
1.27091321879672, 1.11418498220867), pivot = 1:7, tol = 1e-07, 
    rank = 7L), .Names = c("qr", "qraux", "pivot", "tol", "rank"
), class = "qr"), df.residual = 20L, xlevels = structure(list(), .Names = character(0)), 
    call = quote(lm(formula = y ~ . + 0, data = structure(list(y = c(43, 
        63, 71, 61, 81, 43, 58, 71, 67, 64, 69, 68, 81, 74, 65, 
        65, 50, 50, 64, 53, 40, 63, 66, 78, 48, 85, 82), x1 = c(1.19844856284726, 
        -0.588455697004025, 0.863018305139535, 0.303011780933836, 
        0.0755838409747057, -0.694139784304391, 0.864670933063239, 
        -0.905457467860607, -0.0507347498219455, 0.470266241988007, 
        1.09320493181501, 1.62756189059181, 0.746340016511991, 
        1.83044195255281, 4.04716496209513, 1.73640794805249, 
        -0.642589778555747, -0.053484973288102, 1.90620694627434, 
        0.111749877267147, 1.56015188717325, 0.674575577025432, 
        1.69607358844098, -1.18032792281696, 1.00181357591223, 
        1.4763833848948, 0.31651233455484), x2 = c(90, 61, 82, 
        51, 85, 57, 51, 37, 75, 54, 75, 60, 58, 54, 62, 77, 62, 
        64, 60, 70, 63, 70, 75, 53, 58, 78, 51), x3 = c(42, 64, 
        58, 64, 51, 50, 66, 65, 45, 33, 39, 66, 39, 42, 72, 33, 
        54, 52, 83, 50, 52, 83, 64, 50, 45, 58, 52), x4 = c(54, 
        63, 48, 71, 45, 59, 45, 62, 62, 54, 72, 67, 47, 55, 47, 
        67, 56, 48, 39, 62, 34, 39, 71, 58, 42, 45, 44),