
expected <- structure(list(coefficients = structure(c(9.1533864949225, 0.650492326058019, 
-0.0295066454449051, 0.302679756675997, -0.0859535465699999, 
-0.10199735877234, 0.236881367465898), .Names = c("x1", "x2", 
"x3", "x4", "x5", "x6", "x7")), residuals = structure(c(-10.5444090734246, 
-0.660425584589944, 3.12275060248715, 6.21877859052787, -12.4540338617389, 
-7.55054120194234, 1.87159804842765, -4.97688277579584, 1.7018822283697, 
6.48593921807955, 8.70060845569943, 8.0315099576264, 0.687234650221855, 
4.14928108262272, -6.06237194676625, -3.35820118621741, -0.317115423217455, 
-2.07418527648018, -6.05422327312186, 6.4949881682244, -8.34903348088942, 
9.75192270402396, -3.33781816906269, 1.17637499172486, -6.70582604160358, 
7.50861740140683, 6.54358119540806), .Names = c("1", "2", "4", 
"5", "6", "7", "8", "9", "10", "11", "12", "13", "14", "15", 
"16", "17", "18", "19", "20", "21", "23", "25", "26", "27", "28", 
"29", "30")), effects = structure(c(-339.4819582835, 47.9679701362602, 
-3.77147328366682, -12.3774262568539, -2.46364215164805, -1.86188480005553, 
10.1022248046355, -1.39896773680084, 5.90979531464651, 8.4339207488096, 
13.0896064136928, 15.6415139645176, 8.67953801829563, 2.59804922962954, 
0.648451906952948, -2.10799224922709, 0.145629264256762, -2.88432719921494, 
-4.20711104904279, 9.14075072092509, -6.81457750014958, 8.88403157634879, 
-3.07896480218249, 1.76581049266231, -5.89617181233174, 10.072054611583, 
7.83158667623798), .Names = c("x1", "x2", "x3", "x4", "x5", "x6", 
"x7", "", "", "", "", "", "", "", "", "", "", "", "", "", "", 
"", "", "", "", "", "")), rank = 7L, fitted.values = structure(c(53.5444090734246, 
63.6604255845899, 57.8772493975128, 74.7812214094721, 55.4540338617389, 
65.5505412019423, 69.1284019515723, 76.9768827757958, 65.2981177716303, 
57.5140607819205, 58.2993915443006, 60.9684900423736, 67.3127653497781, 
72.8507189173773, 87.0623719467662, 77.3582011862174, 65.3171154232175, 
67.0741852764802, 56.0542232731219, 43.5050118317756, 61.3490334808894, 
53.248077295976, 69.3378181690627, 76.8236250082751, 54.7058260416036, 
77.4913825985932, 75.4564188045919), .Names = c("1", "2", "4", 
"5", "6", "7", "8", "9", "10", "11", "12", "13", "14", "15", 
"16", "17", "18", "19", "20", "21", "23", "25", "26", "27", "28", 
"29", "30")), assign = 1:7, qr = structure(list(qr = structure(c(-5.19615242270663, 
0.192450089729875, 0.192450089729875, 0.192450089729875, 0.192450089729875, 
0.192450089729875, 0.192450089729875, 0.192450089729875, 0.192450089729875, 
0.192450089729875, 0.192450089729875, 0.192450089729875, 0.192450089729875, 
0.192450089729875, 0.192450089729875, 0.192450089729875, 0.192450089729875, 
0.192450089729875, 0.192450089729875, 0.192450089729875, 0.192450089729875, 
0.192450089729875, 0.192450089729875, 0.192450089729875, 0.192450089729875, 
0.192450089729875, 0.192450089729875, -352.183664205672, 64.6889995800419, 
0.0319993232125807, -0.199879359366827, 0.155667953921598, -0.0298349921419281, 
-0.153503622850946, -0.261713674721336, 0.0629164808898351, 0.186585111598853, 
0.0783750597284623, 0.0474579020512079, -0.277172253559963, -0.1844207805282, 
-0.385382305430354, -0.308089411237218, 0.0783750597284623, -0.0762107286578097, 
0.109292217405717, 0.387546636501006, -0.0143764133033009, 0.171126532760225, 
-0.1844207805282, -0.153503622850946, 0.124750796244344, -0.308089411237218, 
-0.261713674721336, -275.588528493181, 34.8470719420076, 52.7318171508579, 
-0.00302588873069625, -0.0902646576236263, 0.157257799394405, 
0.0820635886736593, -0.268189587627373, 0.0429785122827351, -0.185249401711592, 
-0.00451385976124781, -0.17502347479897, -0.467227691914387, 
0.0253372704040889, 0.225532685492643, -0.0877847059060403, -0.345863750065704, 
0.110096087579433, -0.421884611358978, 0.069688370272463, -0.0419456350071147, 
0.0329179154846191, -0.202229323132215, -0.0696474736838769, 
0.0236839692590316, -0.220531885468885, 0.357618544597464, -289.060034774273, 
42.7395352490623, 7.58598380241519, -43.6128567367463, -0.082562417843346, 
0.083462585487816, -0.0755820515145921, 0.00542536610869037, 
-0.065835650466478, 0.242456890713533, -0.247261274047552, -0.252524263626296, 
-0.566053919392197, 0.270177073640488, 0.134034117241475, 0.0552691144573855, 
0.488135826620449, 0.0503456045159889, 0.0156421294048419, -0.0516331758695666, 
-0.0921261415763596, 0.0561839639606067, 0.00378419612822483, 
0.320048159909756, -0.0586438059743317, 0.0661086535406638, -0.0129195773925251, 
-336.210306758092, 34.3214802614943, 2.22433458214142, -15.0478369131155, 
37.1521272902704, -0.0374601498146478, -0.0653487120640131, 0.138130185142434, 
-0.0383945646106891, 0.129786979720916, -0.0243578643669359, 
0.158865371339088, 0.325217087068073, -0.137242779638185, 0.456474543060338, 
-0.0669189733086741, 0.446674051791264, -0.234794352486996, 0.0259014783272711, 
0.166045712013644, 0.0218094808812521, -0.200514755944425, -0.411294858343322, 
-0.148102529415978, 0.207769606822958, 0.0285686891143607, 0.142034990875549, 
-388.749181254348, 2.79628514992061, 1.15192001105823, -2.77206729659743, 
15.8610029576016, 45.8439982091944, 0.33015852274241, -0.219859986594344, 
-0.0348335730373915, 0.105750963544434, 0.0526353760230174, 0.126658511591116, 
-0.338789747600054, 0.193743768828583, 0.242884558756276, 0.0705598809213958, 
-0.407196430236826, 0.0628557797669603, -0.0931428063792149, 
0.099267306178326, -0.0852288304520473, 0.20563167693058, 0.380274486068049, 
0.171870093487489, -0.314018031744071, 0.0874515683341706, -0.0458524656678755, 
-219.585552381788, -11.7553903968405, -17.7429562443773, -3.17819798731198, 
9.9100042601044, 11.8797099280141, 42.6467683495194, -0.103781785346827, 
-0.576654333296585, 0.0790371127851672, -0.171724108223197, -0.239155299615329, 
0.231163668486233, 0.259804681226319, -0.236970566705369, 0.118686677007029, 
0.141919148429043, 0.0042713048487189, 0.247723809772584, 0.157292937256199, 
0.150836074471936, 0.259363859002197, 0.228051405924553, -0.216479339188516, 
0.220224487076299, 0.148893617886865, 0.0301374884416806), .Dim = c(27L, 
7L), .Dimnames = list(c("1", "2", "4", "5", "6", "7", "8", "9", 
"10", "11", "12", "13", "14", "15", "16", "17", "18", "19", "20", 
"21", "23", "25", "26", "27", "28", "29", "30"), c("x1", "x2", 
"x3", "x4", "x5", "x6", "x7")), assign = 1:7), qraux = c(1.19245008972988, 
1.01654074437395, 1.06210772519193, 1.1105858676205, 1.1217415644853, 
1.27352772822241, 1.07652066614324), pivot = 1:7, tol = 1e-07, 
    rank = 7L), .Names = c("qr", "qraux", "pivot", "tol", "rank"
), class = "qr"), df.residual = 20L, xlevels = structure(list(), .Names = character(0)), 
    call = quote(lm(formula = y ~ . + 0, data = structure(list(y = c(43, 
        63, 61, 81, 43, 58, 71, 72, 67, 64, 67, 69, 68, 77, 81, 
        74, 65, 65, 50, 50, 53, 63, 66, 78, 48, 85, 82), x1 = c(1, 
        1, 1, 1, 1, 1, 1, 1, 1, 1, 1, 1, 1, 1, 1, 1, 1, 1, 1, 
        1, 1, 1, 1, 1, 1, 1, 1), x2 = c(51, 64, 63, 78, 55, 67, 
        75, 82, 61, 53, 60, 62, 83, 77, 90, 85, 60, 70, 58, 40, 
        66, 54, 77, 75, 57, 85, 82), x3 = c(30, 51, 45, 56, 49, 
        42, 50, 72, 45, 53, 47, 57, 83, 54, 50, 64, 65, 46, 68, 
        33, 52, 42, 66, 58, 44, 71, 39), x4 = c(39, 54, 47, 66, 
        44, 56, 55, 67, 47, 58, 39, 42, 45, 72, 72, 69, 75, 57, 
        54, 34, 50, 48, 63, 74, 45, 71, 59), x5 = c(61, 63, 54, 
        71, 54, 66, 70, 71, 62, 58, 59, 55, 59, 79, 60, 79, 55, 
        75, 64, 43, 63, 66, 88, 80, 51, 77, 64), x6 = c(92, 73, 
        84, 83, 49, 68, 66, 83, 80, 67, 74, 63, 77, 77, 54, 79, 
        80, 85, 78, 64, 80, 75, 76, 78, 83, 74, 78), x7 = c(63, 
        46, 34, 47, 35, 41, 37, 46, 72, 41, 52, 49, 25, 34, 41, 
        37, 39, 49, 35, 39, 39, 38, 35, 55, 38, 33, 41)), .Names = c("y", 
        "x1", "x2", "x3", "x4", "x5", "x6", "x7"),