
expected <- structure(list(coefficients = structure(c(-3.67044885846809, 
0.71767272797584, -0.0294292224323993, 0.375480070258548, -0.165596604749271, 
0.0148569620389295, 0.234247188409723), .Names = c("x1", "x2", 
"x3", "x4", "x5", "x6", "x7")), residuals = structure(c(-9.71472682309976, 
0.537018021620069, 3.63541180897899, 2.86364614255635, 5.07294112821288, 
-7.86506845017887, -5.88951273822506, 3.60910838439979, -6.46811510662092, 
2.78179912508846, 8.42075088372075, 10.8394665861777, 0.419668629694184, 
3.93800304932678, -5.95381498629757, -4.11510182868733, -1.93647052187768, 
-4.98861796211253, 10.202549776661, 1.10841594588692, -7.83124634626947, 
-3.72243262574929, -2.05854643278485, 0.971653940597131, -6.52770817735169, 
7.02002294215736, 5.65090563417665), .Names = c("1", "2", "3", 
"4", "5", "6", "7", "8", "9", "10", "11", "12", "14", "15", "16", 
"17", "19", "20", "21", "22", "23", "24", "26", "27", "28", "29", 
"30")), effects = structure(c(-335.248056309443, 55.507881731414, 
5.01730832808559, 12.937982009321, -1.27807960301797, 3.83656746731035, 
9.44030591746004, 8.0623891482906, -7.71131617163533, 3.1803470389765, 
8.57216122826216, 12.3657734975735, -2.17409519435512, 8.03060699354521, 
-4.53882781053176, -1.41986269041408, 1.75725245188326, -5.63800855441766, 
11.1543739362952, 1.75596448277403, -6.68344356362229, -2.98199866248159, 
3.67873949345573, 3.51073313171741, -7.4910812524534, 8.7761877574528, 
8.23612644834576), .Names = c("x1", "x2", "x3", "x4", "x5", "x6", 
"x7", "", "", "", "", "", "", "", "", "", "", "", "", "", "", 
"", "", "", "", "", "")), rank = 7L, fitted.values = structure(c(52.7147268230998, 
62.4629819783799, 67.364588191021, 58.1363538574437, 75.9270588717871, 
50.8650684501789, 63.8895127382251, 67.3908916156002, 78.4681151066209, 
64.2182008749115, 55.5792491162793, 56.1605334138223, 67.5803313703058, 
73.0619969506732, 86.9538149862976, 78.1151018286873, 66.9364705218777, 
54.9886179621125, 39.797450223339, 62.8915840541131, 60.8312463462695, 
43.7224326257493, 68.0585464327849, 77.0283460594029, 54.5277081773517, 
77.9799770578426, 76.3490943658233), .Names = c("1", "2", "3", 
"4", "5", "6", "7", "8", "9", "10", "11", "12", "14", "15", "16", 
"17", "19", "20", "21", "22", "23", "24", "26", "27", "28", "29", 
"30")), assign = 1:7, qr = structure(list(qr = structure(c(-5.19615242270663, 
0.192450089729875, 0.192450089729875, 0.192450089729875, 0.192450089729875, 
0.192450089729875, 0.192450089729875, 0.192450089729875, 0.192450089729875, 
0.192450089729875, 0.192450089729875, 0.192450089729875, 0.192450089729875, 
0.192450089729875, 0.192450089729875, 0.192450089729875, 0.192450089729875, 
0.192450089729875, 0.192450089729875, 0.192450089729875, 0.192450089729875, 
0.192450089729875, 0.192450089729875, 0.192450089729875, 0.192450089729875, 
0.192450089729875, 0.192450089729875, -350.644063487833, 69.9767157041593, 
-0.0740027970375246, 0.0260304773103873, -0.188326539149424, 
0.140354219422287, -0.0311313937455624, -0.145455135857462, -0.245488410205373, 
0.0546114128383621, 0.168935154950261, 0.0689018806023495, -0.259778877969361, 
-0.174036071385436, -0.359812152317273, -0.288359813497336, -0.0740027970375246, 
0.0974828161303243, 0.354711235882098, 0.0546114128383621, -0.0168409259815749, 
0.39758263917406, -0.174036071385436, -0.145455135857462, 0.111773283894312, 
-0.288359813497336, -0.245488410205373, -275.203628313722, 37.1192253786653, 
-51.7989002803227, -0.0646111375218958, 0.00305168115368953, 
0.0897822602435688, -0.161113265566024, -0.0838415133947335, 
0.273352707176091, -0.045318217241926, 0.186296897169124, 0.00293910122085157, 
0.476065967811465, -0.0259127170291181, -0.228538415494507, 0.0899698934649654, 
-0.112830929340394, 0.427646033890144, -0.074407704238998, 0.0898197868878481, 
0.0415874861879235, 0.128280538633523, 0.205752432907637, 0.0706019198964369, 
-0.0260378058433825, 0.22510789759474, -0.363726455149987, -293.67883692779, 
37.9020254461815, -7.52187192325024, 43.33126643185, -0.121492937648673, 
0.135014367433991, -0.0835009050119497, 0.064907370321727, -6.93956314350381e-05, 
0.0915809510779477, -0.178492309224744, 0.280997970441483, 0.591510443853834, 
-0.282447065505078, -0.194720363674145, -0.0742433357923988, 
-0.0527603812070296, 0.0603482267727822, 0.123980681013588, -0.206851483211803, 
0.114317693405659, -0.395054295483173, 0.00709158923035469, -0.31901745600949, 
0.0955309830565158, -0.0726614600816332, -0.0404954151910349, 
-339.28950819377, 36.8715239374229, -8.58423415944909, 19.7034837366774, 
33.3796944967433, 0.0891282688594576, -0.00534326791010281, -0.0787541470762473, 
0.195243614382479, -0.0724219506765863, 0.215632463139881, -0.125555909291352, 
0.195615399430647, -0.0260201866444669, 0.607944339783501, -0.0104391317533713, 
-0.230835737455126, 0.0282513371371344, 0.118579321337855, 0.0901938159779225, 
-0.00439100325568319, 0.338586271621436, -0.427458024109425, 
-0.0225831698730062, 0.196518979383285, 0.101239274755126, 0.186282569069957, 
-389.711431702997, 9.93187509597131, -2.61272901832825, -6.25623984676714, 
23.716156902444, 44.3275858683189, 0.182279299001238, 0.347452835150716, 
-0.0700634810451851, -0.0226262379058824, 0.0839578858493574, 
0.188879609409066, 0.264852346800697, 0.00292032271933325, 0.319549858087797, 
0.0651426267113306, -0.0808066743243233, 0.0395020390664217, 
0.16788377950742, -0.145856573533361, -0.00554551552940012, 0.117042680194013, 
0.303292878343602, -0.0240498236872839, -0.211909929751971, 0.156608456154109, 
-0.0720024619440009, -217.276151305029, -8.08258271199448, 21.0654274502324, 
0.101319344301809, 16.6368461318957, 13.5668403465689, 40.3006156938284, 
0.120421140542261, -0.27230202624523, -0.622365938064882, -0.00988606613414262, 
-0.254566941567725, -0.148534069057465, 0.34612307006787, -0.0792835450102678, 
0.0945155522736234, 0.0710749084252944, -0.0118515044999399, 
0.148228756029156, 0.0171567582568435, 0.0966273429779898, 0.285158345354284, 
0.13943254455744, -0.206792048937455, 0.19281434465893, 0.0505071776351866, 
0.236444353907442), .Dim = c(27L, 7L), .Dimnames = list(c("1", 
"2", "3", "4", "5", "6", "7", "8", "9", "10", "11", "12", "14", 
"15", "16", "17", "19", "20", "21", "22", "23", "24", "26", "27", 
"28", "29", "30"), c("x1", "x2", "x3", "x4", "x5", "x6", "x7"
)), assign = 1:7), qraux = c(1.19245008972988, 1.0117400095464, 
1.31188851221032, 1.1092741072632, 1.1175208252798, 1.61881679450509, 
1.16148468510176), pivot = 1:7, tol = 1e-07, rank = 7L), .Names = c("qr", 
"qraux", "pivot", "tol", "rank"), class = "qr"), df.residual = 20L, 
    xlevels = structure(list(), .Names = character(0)), call = quote(lm(formula = y ~ 
        . + 0, data = structure(list(y = c(43, 63, 71, 61, 81, 
        43, 58, 71, 72, 67, 64, 67, 68, 77, 81, 74, 65, 50, 50, 
        64, 53, 40, 66, 78, 48, 85, 82), x1 = c(1, 1, 1, 1, 1, 
        1, 1, 1, 1, 1, 1, 1, 1, 1, 1, 1, 1, 1, 1, 1, 1, 1, 1, 
        1, 1, 1, 1), x2 = c(51, 64, 70, 63, 78, 55, 67, 75, 82, 
        61, 53, 60, 83, 77, 90, 85, 70, 58, 40, 61, 66, 37, 77, 
        75, 57, 85, 82), x3 = c(30, 51, 68, 45, 56, 49, 42, 50, 
        72, 45, 53, 47, 83, 54, 50, 64, 46, 68, 33, 52, 52, 42, 
        66, 58, 44, 71, 39), x4 = c(39, 54, 69, 47, 66, 44, 56, 
        55, 67, 47, 58, 39, 45, 72, 72, 69, 57, 54, 34, 62, 50, 
        58, 63, 74, 45, 71, 59), x5 = c(61, 63, 76, 54, 71, 54, 
        66, 70, 71, 62, 58, 59, 59, 79, 60, 79, 75, 64, 43, 66, 
        63, 50, 88, 80, 51, 77, 64), x6 = c(92, 73, 86, 84, 83, 
        49, 68, 66, 83, 80, 67, 74, 77, 77, 54, 79, 85, 78, 64, 
        80, 80, 57, 76, 78, 83, 74, 78), x7 = c(63, 46, 35, 34, 
        47, 35, 41, 37, 46, 72, 41, 52, 25, 34, 41, 37, 49, 35, 
        39, 46, 39, 33, 35, 55, 38, 33, 41)), .Names = c("y", 
        "x1", "x2", "x3", "x4", "x5", "x6", "x7"),