
expected <- structure(list(coefficients = structure(c(17.5230062819221, 0.558141740087489, 
-0.0705324244128391, 0.366385117423026, 0.056313926034276, -0.0267436647984342, 
-0.194270633210513), .Names = c("x1", "x2", "x3", "x4", "x5", 
"x6", "x7")), residuals = structure(c(-8.3298639736039, 1.4244335852916, 
0.139192347854979, 6.1532065960368, -12.1016846555415, -9.41192337894422, 
1.07418630260288, -6.5162722193522, 7.94384455422039, 4.94208117422541, 
11.7163301958222, 9.40337217467069, -0.731747732741646, 0.556244350027194, 
-3.8544697062154, -2.630862818448, 1.76593467275803, -2.3799903991806, 
-5.92541986555787, 5.53562109780296, -10.5798692992554, 5.46668990955163, 
-1.62197104705449, 2.82861626100004, -8.25842771224312, 7.35714832394113, 
6.03560126233236), .Names = c("1", "2", "4", "5", "6", "7", "8", 
"9", "10", "11", "12", "13", "14", "15", "16", "17", "18", "19", 
"20", "21", "23", "25", "26", "27", "28", "29", "30")), effects = structure(c(-339.4819582835, 
47.9679701362602, -3.77147328366682, -12.3774262568539, -2.46364215164805, 
-0.676692137377248, -7.18203257044054, -2.82848395899111, 9.95440706706624, 
6.3219337233114, 14.5177277963095, 12.8803136076625, 8.35708057445693, 
1.24906517318339, 3.99769730014102, -4.18661283704664, 6.68903844333632, 
-1.61059310868381, -1.36391856022087, 3.94414571653749, -10.2211099941331, 
3.81172381394204, 0.467476407763929, 3.63786205254629, -5.18505630986868, 
10.3712685060269, 12.2168256678322), .Names = c("x1", "x2", "x3", 
"x4", "x5", "x6", "x7", "", "", "", "", "", "", "", "", "", "", 
"", "", "", "", "", "", "", "", "", "")), rank = 7L, fitted.values = structure(c(51.3298639736039, 
61.5755664147084, 60.860807652145, 74.8467934039632, 55.1016846555414, 
67.4119233789442, 69.9258136973971, 78.5162722193522, 59.0561554457796, 
59.0579188257746, 55.2836698041778, 59.5966278253293, 68.7317477327417, 
76.4437556499728, 84.8544697062154, 76.630862818448, 63.234065327242, 
67.3799903991806, 55.9254198655579, 44.464378902197, 63.5798692992554, 
57.5333100904484, 67.6219710470545, 75.171383739, 56.2584277122431, 
77.6428516760589, 75.9643987376676), .Names = c("1", "2", "4", 
"5", "6", "7", "8", "9", "10", "11", "12", "13", "14", "15", 
"16", "17", "18", "19", "20", "21", "23", "25", "26", "27", "28", 
"29", "30")), assign = 1:7, qr = structure(list(qr = structure(c(-5.19615242270663, 
0.192450089729875, 0.192450089729875, 0.192450089729875, 0.192450089729875, 
0.192450089729875, 0.192450089729875, 0.192450089729875, 0.192450089729875, 
0.192450089729875, 0.192450089729875, 0.192450089729875, 0.192450089729875, 
0.192450089729875, 0.192450089729875, 0.192450089729875, 0.192450089729875, 
0.192450089729875, 0.192450089729875, 0.192450089729875, 0.192450089729875, 
0.192450089729875, 0.192450089729875, 0.192450089729875, 0.192450089729875, 
0.192450089729875, 0.192450089729875, -352.183664205672, 64.6889995800419, 
0.0319993232125807, -0.199879359366827, 0.155667953921598, -0.0298349921419281, 
-0.153503622850946, -0.261713674721336, 0.0629164808898351, 0.186585111598853, 
0.0783750597284623, 0.0474579020512079, -0.277172253559963, -0.1844207805282, 
-0.385382305430354, -0.308089411237218, 0.0783750597284623, -0.0762107286578097, 
0.109292217405717, 0.387546636501006, -0.0143764133033009, 0.171126532760225, 
-0.1844207805282, -0.153503622850946, 0.124750796244344, -0.308089411237218, 
-0.261713674721336, -275.588528493181, 34.8470719420076, 52.7318171508579, 
-0.00302588873069625, -0.0902646576236263, 0.157257799394405, 
0.0820635886736593, -0.268189587627373, 0.0429785122827351, -0.185249401711592, 
-0.00451385976124781, -0.17502347479897, -0.467227691914387, 
0.0253372704040889, 0.225532685492643, -0.0877847059060403, -0.345863750065704, 
0.110096087579433, -0.421884611358978, 0.069688370272463, -0.0419456350071147, 
0.0329179154846191, -0.202229323132215, -0.0696474736838769, 
0.0236839692590316, -0.220531885468885, 0.357618544597464, -289.060034774273, 
42.7395352490623, 7.58598380241519, -43.6128567367463, -0.082562417843346, 
0.083462585487816, -0.0755820515145921, 0.00542536610869037, 
-0.065835650466478, 0.242456890713533, -0.247261274047552, -0.252524263626296, 
-0.566053919392197, 0.270177073640488, 0.134034117241475, 0.0552691144573855, 
0.488135826620449, 0.0503456045159889, 0.0156421294048419, -0.0516331758695666, 
-0.0921261415763596, 0.0561839639606067, 0.00378419612822483, 
0.320048159909756, -0.0586438059743317, 0.0661086535406638, -0.0129195773925251, 
-336.210306758092, 34.3214802614943, 2.22433458214142, -15.0478369131155, 
37.1521272902704, -0.0374601498146478, -0.0653487120640131, 0.138130185142434, 
-0.0383945646106891, 0.129786979720916, -0.0243578643669359, 
0.158865371339088, 0.325217087068073, -0.137242779638185, 0.456474543060338, 
-0.0669189733086741, 0.446674051791264, -0.234794352486996, 0.0259014783272711, 
0.166045712013644, 0.0218094808812521, -0.200514755944425, -0.411294858343322, 
-0.148102529415978, 0.207769606822958, 0.0285686891143607, 0.142034990875549, 
-394.330233856514, 3.91617330578553, 17.6675864501642, -0.102892530824157, 
-2.37253405606665, -52.7024395793174, 0.100726113892508, 0.15856789115907, 
0.0779403554502944, 0.197943038714961, -0.0241023911169426, -0.0269838538172617, 
-0.0865049297546378, 0.291816002430051, 0.226702697619387, -0.392730920602718, 
0.15168320685849, 0.22402065992073, 0.260177095495184, -0.389303648557333, 
-0.155469464067586, 0.110024326475911, 0.27800835189489, 0.344471081022115, 
-0.0636863638054976, 0.0438979096549219, 0.282616390130399, -221.317603189357, 
16.3019301952679, 12.7879695700635, -22.8872802742183, 23.7775235457291, 
10.7383626700063, 36.9692137805412, 0.375477596720738, -0.0363372817818475, 
0.233620520662569, -0.087489261970787, 0.306079664340119, 0.0110521013316367, 
0.0919308414071276, -0.167298341029288, -0.129321690923701, -0.418434337226664, 
-0.0141695832436408, -0.192058685200433, 0.134851126053388, 0.189816726354318, 
0.327931508611737, -0.441812595465573, 0.0631448469002636, -0.0777795047940239, 
-0.11229573797332, -0.237497058715622), .Dim = c(27L, 7L), .Dimnames = list(
    c("1", "2", "4", "5", "6", "7", "8", "9", "10", "11", "12", 
    "13", "14", "15", "16", "17", "18", "19", "20", "21", "23", 
    "25", "26", "27", "28", "29", "30"), c("x1", "x2", "x3", 
    "x4", "x5", "x6", "x7")), assign = 1:7), qraux = c(1.19245008972988, 
1.01654074437395, 1.06210772519193, 1.1105858676205, 1.1217415644853, 
1.09670222781641, 1.01768770645577), pivot = 1:7, tol = 1e-07, 
    rank = 7L), .Names = c("qr", "qraux", "pivot", "tol", "rank"
), class = "qr"), df.residual = 20L, xlevels = structure(list(), .Names = character(0)), 
    call = quote(lm(formula = y ~ . + 0, data = structure(list(y = c(43, 
        63, 61, 81, 43, 58, 71, 72, 67, 64, 67, 69, 68, 77, 81, 
        74, 65, 65, 50, 50, 53, 63, 66, 78, 48, 85, 82), x1 = c(1, 
        1, 1, 1, 1, 1, 1, 1, 1, 1, 1, 1, 1, 1, 1, 1, 1, 1, 1, 
        1, 1, 1, 1, 1, 1, 1, 1), x2 = c(51, 64, 63, 78, 55, 67, 
        75, 82, 61, 53, 60, 62, 83, 77, 90, 85, 60, 70, 58, 40, 
        66, 54, 77, 75, 57, 85, 82), x3 = c(30, 51, 45, 56, 49, 
        42, 50, 72, 45, 53, 47, 57, 83, 54, 50, 64, 65, 46, 68, 
        33, 52, 42, 66, 58, 44, 71, 39), x4 = c(39, 54, 47, 66, 
        44, 56, 55, 67, 47, 58, 39, 42, 45, 72, 72, 69, 75, 57, 
        54, 34, 50, 48, 63, 74, 45, 71, 59), x5 = c(61, 63, 54, 
        71, 54, 66, 70, 71, 62, 58, 59, 55, 59, 79, 60, 79, 55, 
        75, 64, 43, 63, 66, 88, 80, 51, 77, 64), x6 = c(57, 85, 
        79, 49, 83, 74, 77, 83, 78, 83, 77, 80, 85, 80, 80, 49, 
        79, 80, 92, 57, 67, 77, 85, 83, 73, 74, 83), x7 = c(45, 
        47, 35, 47, 34, 35, 41, 31, 41, 34, 41, 25, 35, 46, 36, 
        63, 60, 46, 52, 33, 37, 33, 72, 49, 38, 55, 39)), .Names = c("y", 
        "x1", "x2", "x3", "x4", "x5", "x6", "x7"),