
expected <- structure(list(coefficients = structure(c(3.85411554771872, 0.636923979742196, 
-0.0776297458023093, 0.177716235184218, 0.171256642939383, -0.0193373583508543, 
0.0770735129861958), .Names = c("x1", "x2", "x3", "x4", "x5", 
"x6", "x7")), residuals = structure(c(-9.22739700524039, -0.408953397141643, 
1.52754335743705, 1.83925566419682, 6.98616144104117, -11.9775215331904, 
-8.83013521355747, -4.73035098805402, 5.50764268314925, 9.63162830715076, 
10.4315072042687, 10.8711679583323, -1.5084323299576, 0.761304198480852, 
-2.09913872940504, -5.83181973320686, 1.22624187747944, -7.18617099644137, 
5.51261723086133, 1.39589808994092, -11.221386239548, -3.85483566079299, 
7.08599709482754, 1.52806966545219, -6.79818570127517, 4.98539440727579, 
4.38389834791678), .Names = c("1", "2", "3", "4", "5", "6", "7", 
"9", "10", "11", "12", "13", "14", "15", "16", "17", "18", "20", 
"21", "22", "23", "24", "25", "27", "28", "29", "30")), effects = structure(c(-334.285805860793, 
-54.1626149974308, 2.33757936933778, 11.6749073260769, 3.28831564061342, 
-0.524101117343566, -4.6307676586756, -4.76229789826902, 9.22977943547341, 
9.86038597942097, 12.7303445844114, 13.5817076706127, -3.5265545121543, 
3.70231776623144, -2.68241138620856, -3.95316247839155, -1.2405102097492, 
-5.98876558931431, 9.54976043618198, 2.55010829036456, -8.84729890711845, 
-3.22827596740329, 11.2579392916834, 5.87177508547636, -8.93455828665258, 
7.09271658407075, 5.32650188062382), .Names = c("x1", "x2", "x3", 
"x4", "x5", "x6", "x7", "", "", "", "", "", "", "", "", "", "", 
"", "", "", "", "", "", "", "", "", "")), rank = 7L, fitted.values = structure(c(52.2273970052404, 
63.4089533971416, 69.4724566425629, 59.1607443358032, 74.0138385589588, 
54.9775215331904, 66.8301352135575, 76.730350988054, 61.4923573168508, 
54.3683716928492, 56.5684927957313, 58.1288320416676, 69.5084323299576, 
76.2386958015191, 83.099138729405, 79.8318197332069, 63.7737581225206, 
57.1861709964414, 44.4873827691387, 62.6041019100591, 64.221386239548, 
43.854835660793, 55.9140029051725, 76.4719303345478, 54.7981857012752, 
80.0146055927242, 77.6161016520832), .Names = c("1", "2", "3", 
"4", "5", "6", "7", "9", "10", "11", "12", "13", "14", "15", 
"16", "17", "18", "20", "21", "22", "23", "24", "25", "27", "28", 
"29", "30")), assign = 1:7, qr = structure(list(qr = structure(c(-5.19615242270663, 
0.192450089729875, 0.192450089729875, 0.192450089729875, 0.192450089729875, 
0.192450089729875, 0.192450089729875, 0.192450089729875, 0.192450089729875, 
0.192450089729875, 0.192450089729875, 0.192450089729875, 0.192450089729875, 
0.192450089729875, 0.192450089729875, 0.192450089729875, 0.192450089729875, 
0.192450089729875, 0.192450089729875, 0.192450089729875, 0.192450089729875, 
0.192450089729875, 0.192450089729875, 0.192450089729875, 0.192450089729875, 
0.192450089729875, 0.192450089729875, -341.791359360259, -70.2329457353646, 
0.0940757185871527, -0.00559260554061164, 0.207982374733169, 
-0.119499261686628, 0.0513607225323965, 0.264935702806177, -0.0340692695771157, 
-0.147975925723132, -0.0483076015953678, -0.0198309375588637, 
0.279174034824429, 0.193744042714917, 0.378842358952194, 0.307650698860933, 
-0.0483076015953678, -0.0767842656318719, -0.333074241960409, 
-0.0340692695771157, 0.0371223905141445, -0.375789238015165, 
-0.13373759370488, 0.165267378678413, -0.0910225976501239, 0.307650698860933, 
0.264935702806177, -275.588528493181, -36.3393873843611, -52.8621971496863, 
-0.0777165698770799, -0.0219221343711548, 0.0791752168329003, 
-0.175079573263807, 0.240139952845125, -0.057410733231322, 0.175149493605607, 
-0.00942359484496873, 0.159441668826645, 0.438075244871355, -0.0496034361117502, 
-0.257259814436125, 0.0583443176225902, 0.331084385726301, 0.40814155246727, 
-0.0712047688317108, 0.0750090369908383, 0.0242444453764436, 
0.129507976422561, -0.0430916350663811, 0.0463708406609564, -0.0357161699715435, 
0.190764087844751, -0.384124678202203, -291.754336030491, -37.5876144912945, 
-11.4059006342731, 49.0355388976436, -0.104841902340487, 0.128440571929882, 
-0.0788666194452232, 0.0162392709473075, 0.0824488170952767, 
-0.143365288721313, 0.252446471064487, 0.276076731016642, 0.549517961724093, 
-0.248497668427881, -0.18275230798564, -0.0591726046853306, -0.355056995026528, 
0.0798686223314672, 0.111453037419439, -0.174195903115328, 0.10663670604758, 
-0.336326214380228, -0.00961120964501627, -0.27558306164323, 
0.0873092962742401, -0.0507034851737676, -0.0528199671590905, 
-328.319853079167, -33.1911339714365, -4.23117750984152, 16.4660843730949, 
31.7078523722841, 0.0920963072891978, -0.0526649888326148, 0.0915521565704131, 
-0.0868781912010935, 0.159378311641052, -0.108836439303373, 0.0896949376999101, 
0.182367089603522, -0.151916698189229, 0.521786779560287, -0.127299736131187, 
0.560176297707196, -0.0296258597273708, 0.175411962343915, 0.0123019712487866, 
-0.0324213082725737, 0.292616097387037, -0.24778359605908, -0.160652023158982, 
0.204844843458486, -0.0237423754240145, 0.141789519461196, -387.979380895428, 
-10.5506040255248, -3.0821807510087, -1.39477922235196, 21.8370340989502, 
45.3473643026457, 0.187430451582139, -0.0711026496551495, -0.0260959977601139, 
0.162628805702551, 0.150730284308214, 0.36250908291429, 0.160818052630695, 
0.0375742691422449, 0.301643967964063, 0.0531699571428093, -0.26065775443977, 
0.0796914830522541, 0.195996905131477, -0.0808543442533988, -0.0163416817801724, 
0.263270572095794, 0.114917488395217, 0.0283239200069594, -0.198725879380189, 
0.153121130965417, -0.108974139382017, -225.551505163414, -1.17387137306032, 
12.0135977733613, 1.47389525689436, -22.3110909463577, 4.57741061454691, 
-60.0824781336357, 0.13362972919387, 0.369387886916653, -0.27226242724373, 
-0.0964275327554286, 0.118006546938083, -0.0178038232251773, 
-0.165681371406721, -0.129234611366264, -0.164723751156004, 0.458731947784423, 
-0.00436343175979104, 0.504926784194628, -0.014184261434568, 
0.241030063671958, -0.308303168806084, -0.105685100670327, 0.143634807860376, 
-0.0735950898685225, -0.0192906254524178, 0.141189845467583), .Dim = c(27L, 
7L), .Dimnames = list(c("1", "2", "3", "4", "5", "6", "7", "9", 
"10", "11", "12", "13", "14", "15", "16", "17", "18", "20", "21", 
"22", "23", "24", "25", "27", "28", "29", "30"), c("x1", "x2", 
"x3", "x4", "x5", "x6", "x7")), assign = 1:7), qraux = c(1.19245008972988, 
1.00864572647764, 1.28630653259272, 1.0968936737861, 1.02477083856026, 
1.61629271433104, 1.02159599446829), pivot = 1:7, tol = 1e-07, 
    rank = 7L), .Names = c("qr", "qraux", "pivot", "tol", "rank"
), class = "qr"), df.residual = 20L, xlevels = structure(list(), .Names = character(0)), 
    call = quote(lm(formula = y ~ . + 0, data = structure(list(y = c(43, 
        63, 71, 61, 81, 43, 58, 72, 67, 64, 67, 69, 68, 77, 81, 
        74, 65, 50, 50, 64, 53, 40, 63, 78, 48, 85, 82), x1 = c(1, 
        1, 1, 1, 1, 1, 1, 1, 1, 1, 1, 1, 1, 1, 1, 1, 1, 1, 1, 
        1, 1, 1, 1, 1, 1, 1, 1), x2 = c(51, 64, 70, 63, 78, 55, 
        67, 82, 61, 53, 60, 62, 83, 77, 90, 85, 60, 58, 40, 61, 
        66, 37, 54, 75, 57, 85, 82), x3 = c(30, 51, 68, 45, 56, 
        49, 42, 72, 45, 53, 47, 57, 83, 54, 50, 64, 65, 68, 33, 
        52, 52, 42, 42, 58, 44, 71, 39), x4 = c(39, 54, 69, 47, 
        66, 44, 56, 67, 47, 58, 39, 42, 45, 72, 72, 69, 75, 54, 
        34, 62, 50, 58, 48, 74, 45, 71, 59), x5 = c(61, 63, 76, 
        54, 71, 54, 66, 71, 62, 58, 59, 55, 59, 79, 60, 79, 55, 
        64, 43, 66, 63, 50, 66, 80, 51, 77, 64), x6 = c(92, 73, 
        86, 84, 83, 49, 68, 83, 80, 67, 74, 63, 77, 77, 54, 79, 
        80, 78, 64, 80, 80, 57, 75, 78, 83, 74, 78), x7 = c(34, 
        49, 35, 35, 33, 49, 47, 49, 63, 25, 33, 46, 34, 35, 49, 
        33, 72, 34, 72, 41, 55, 25, 33, 52, 38, 41, 60)), .Names = c("y", 
        "x1", "x2", "x3", "x4", "x5", "x6", "x7"),