
expected <- structure(list(coefficients = structure(c(0.857135738214672, 
0.130370297443873, 0.200399889551381, 0.1459516462132, 0.00855068451903977, 
0.30295759007242, 0.269979279433599), .Names = c("x1", "x2", 
"x3", "x4", "x5", "x6", "x7")), residuals = structure(c(-20.9003665369491, 
-5.29759309660539, 5.81614196895286, -2.81681092591695, 25.1638931779789, 
-17.4297107325102, -3.03993387460195, 11.0559459024124, -0.725539431176877, 
-4.46903089727993, 5.41162134157919, -7.42430459666081, 1.93115137930749, 
2.59265578059073, 12.3630495726595, 22.3474396716006, 23.6510386042665, 
-2.83343154251394, -0.931642570312507, -14.2759652938129, -4.12920156214073, 
-5.00140021779238, -6.6225429967912, -17.389425728898, -3.08666339394611, 
-4.14195910000393, 21.5864387635177), .Names = c("1", "2", "3", 
"4", "5", "6", "7", "8", "9", "10", "11", "12", "13", "14", "15", 
"16", "17", "18", "19", "20", "21", "22", "23", "24", "25", "26", 
"30")), effects = structure(c(-195.98146205836, -261.364411091834, 
42.7140896429796, -30.4505958221171, 5.57937363013847, -19.2649777716793, 
-11.7522245454614, 11.600011084892, -1.05873799316334, -3.66342300464388, 
13.2847469293326, -11.9166235964072, 3.93779025343877, 12.6289370740385, 
16.983570182392, 31.8181534089033, 24.4315418127521, 13.4549227637169, 
4.48407032647676, -11.6465114148691, -3.4723599006615, 7.43985075910786, 
-10.3659781891516, -3.49623493409119, 0.439465523521696, -2.24970965726037, 
30.4359465405797), .Names = c("x1", "x2", "x3", "x4", "x5", "x6", 
"x7", "", "", "", "", "", "", "", "", "", "", "", "", "", "", 
"", "", "", "", "", "")), rank = 7L, fitted.values = structure(c(63.9003665369491, 
68.2975930966054, 65.1838580310471, 63.8168109259169, 55.8361068220211, 
60.4297107325102, 61.039933874602, 59.9440540975876, 72.7255394311769, 
71.4690308972799, 58.5883786584208, 74.4243045966608, 67.0688486206925, 
65.4073442194093, 64.6369504273405, 58.6525603283994, 50.3489613957335, 
67.8334315425139, 65.9316425703125, 64.2759652938129, 54.1292015621407, 
69.0014002177924, 59.6225429967912, 57.389425728898, 66.0866633939461, 
70.1419591000039, 60.4135612364823), .Names = c("1", "2", "3", 
"4", "5", "6", "7", "8", "9", "10", "11", "12", "13", "14", "15", 
"16", "17", "18", "19", "20", "21", "22", "23", "24", "25", "26", 
"30")), assign = 1:7, qr = structure(list(qr = structure(c(-6.66246539942773, 
-0.0883240154694943, 0.129534377051123, 0.0454804284551877, 0.0113447254797298, 
-0.104186625023826, 0.12978242755865, -0.135904265699959, 0.202456762857611, 
-0.00761501137796579, 0.0705844178985756, 0.1106992161273, 0.164084143973027, 
0.24428823161042, -0.0345533280440368, 0.112021597376866, 0.274739430948495, 
0.607457558044919, 0.260625435773616, -0.0964492481433288, -0.00802780503636028, 
0.286111346475146, 0.0167730518010264, 0.234170354912051, 0.101250143390369, 
0.254571466680587, 0.0475067884903428, -208.209752134851, -283.60306612578, 
0.17369609094866, 0.139296863335947, 0.289604307198276, 0.293835754289217, 
0.0641673255441599, 0.251581264389123, 0.112234064985541, 0.271240584197035, 
0.127502473094221, 0.201060061044285, 0.118223119392567, -0.00614520383641068, 
0.319930267744216, 0.104678077096992, -0.0544394966269543, -0.322747858028161, 
0.0392380925099131, 0.304570515911138, 0.232821859289909, -0.0434177634698234, 
0.231875784275962, 0.0134499643135547, 0.156590204899457, 0.0375812508327018, 
0.137490980978945, -178.433929121092, -228.115713729828, 92.1224950158245, 
-0.241807069503673, 0.219275402731369, 0.00678588572171743, -0.28708471902205, 
-0.329775623666548, -0.0803693162609549, 0.198405550575749, 0.115073612785772, 
-0.0256023297259057, 0.21553609080395, -0.236925096527491, -0.0232409813186538, 
0.0748791428067123, -0.0396958704719915, -0.385323027554098, 
0.271937906287083, 0.00685282989469178, 0.022104178346546, -0.43315404981045, 
0.0916616262374141, -0.0547347104000316, -0.290173443674865, 
-0.0811383004703192, -0.112112213867133, -159.932438698834, -229.921726414883, 
23.2827806667139, -73.4746684148311, -0.245794601555393, 0.108614959342066, 
-0.0615639352955762, 0.194795107049842, -0.129231604204851, 0.081488298035029, 
0.20460622589889, 0.040386554004793, 0.299827987589141, 0.209164654074501, 
-0.43541681925854, 0.0609231117121987, 0.227410300274279, -0.00540165337216561, 
0.278756670579907, 0.0138381689485594, -0.0723579544478117, -0.25325585230094, 
0.0952403056428718, -0.186525750828886, -0.374736972511602, 0.174925649579472, 
-0.0219233287644786, -186.697416798546, -247.799779051011, 39.4021341143532, 
-37.1703968257007, 47.6463796114089, 0.349858383148975, 0.273583608277724, 
0.0411160872888884, 0.439382555850802, -0.121438608435917, 0.0111861129160539, 
0.187075086268504, 0.0431198356446226, -0.208187119496579, -0.195532843594213, 
-0.0916226986320877, 0.0239991009123288, 0.00834994966254644, 
0.00530652028319626, 0.219798009740212, -0.309380758161711, -0.118272582702497, 
0.116955661040172, -0.251198559128639, 0.155084695224635, 0.297673815282328, 
0.00324586003187745, -226.976661527203, -313.142755387694, 65.3247539516911, 
-48.2316452632454, 10.6957531042531, -60.7716681690837, 0.213076227448722, 
-0.00882110990907204, 0.1525948680945, -0.0307412776611433, 0.38657057891153, 
-0.22313382980532, 0.0680296302426989, -0.0222071253741515, -0.0470190477956424, 
0.312703498292003, -0.186165979241538, 0.214254136581793, 0.166372644722478, 
0.358777113071563, -0.323910490887802, 0.0878374869851873, -0.12363396122522, 
0.223605185762736, 0.0543433381225928, 0.101038475866342, 0.342301726201676, 
-124.69557709904, -178.277920230499, 2.69297111964091, -17.767554870071, 
7.15464123463538, -3.16224134046148, -43.53009819908, 0.0960644674940409, 
-0.100677655310391, 0.581896679621133, 0.130960982670524, -0.0483821964995513, 
0.0454360924874081, -0.477674281477618, -0.371146627999923, 0.0832499784227022, 
0.00984380837649397, -0.128120641712442, 0.0481058048975084, 
-0.112259488319691, -0.0665153174055182, 0.0538469775724342, 
-0.110991315494406, -0.173233505391621, -0.167413152050599, -0.325456502140031, 
0.133771129966652), .Dim = c(27L, 7L), .Dimnames = list(c("1", 
"2", "3", "4", "5", "6", "7", "8", "9", "10", "11", "12", "13", 
"14", "15", "16", "17", "18", "19", "20", "21", "22", "23", "24", 
"25", "26", "30"), c("x1", "x2", "x3", "x4", "x5", "x6", "x7"
)), assign = 1:7), qraux = c(1.17988064342521, 1.29380329250523, 
1.08285830811483, 1.2790787160793, 1.34375033837091, 1.28413997448207, 
1.12123552308824), pivot = 1:7, tol = 1e-07, rank = 7L), .Names = c("qr", 
"qraux", "pivot", "tol", "rank"), class = "qr"), df.residual = 20L, 
    xlevels = structure(list(), .Names = character(0)), call = quote(lm(formula = y ~ 
        . + 0, data = structure(list(y = c(43, 63, 71, 61, 81, 
        43, 58, 71, 72, 67, 64, 67, 69, 68, 77, 81, 74, 65, 65, 
        50, 50, 64, 53, 40, 63, 66, 82), x1 = c(1.19844856284726, 
        -0.588455697004025, 0.863018305139535, 0.303011780933836, 
        0.0755838409747057, -0.694139784304391, 0.864670933063239, 
        -0.905457467860607, 1.34886117741898, -0.0507347498219455, 
        0.470266241988007, 0.737529697191911, 1.09320493181501, 
        1.62756189059181, -0.230210352528471, 0.746340016511991, 
        1.83044195255281, 4.04716496209513, 1.73640794805249, 
        -0.642589778555747, -0.053484973288102, 1.90620694627434, 
        0.111749877267147, 1.56015188717325, 0.674575577025432, 
        1.69607358844098, 0.31651233455484), x2 = c(90, 61, 82, 
        51, 85, 57, 51, 37, 83, 75, 54, 85, 75, 60, 82, 58, 54, 
        62, 77, 62, 64, 60, 70, 63, 70, 75, 51), x3 = c(42, 64, 
        58, 64, 51, 50, 66, 65, 72, 45, 33, 71, 39, 66, 72, 39, 
        42, 72, 33, 54, 52, 83, 50, 52, 83, 64, 52), x4 = c(54, 
        63, 48, 71, 45, 59, 45, 62, 57, 62, 54, 72, 72, 67, 39, 
        47, 55, 47, 67, 56, 48, 39, 62, 34, 39, 71, 44),