
expected <- structure(list(coefficients = structure(c(11.2460396048183, -0.028925715205713, 
0.072015533965333, 0.510312116547202, 0.577928101505918, 0.0694793572244968, 
-0.471429439214309), .Names = c("x1", "x2", "x3", "x4", "x5", 
"x6", "x7")), residuals = structure(c(-8.13675409247566, 2.9645026677608, 
-5.25187066281899, 3.45945024883816, 9.85667838001252, -11.1637731825042, 
-9.74077970066971, 3.44427107498602, -8.40660473782038, 8.63673666591178, 
-1.24532293170811, 15.0151201302806, 6.60053062114323, -1.82591850487183, 
9.63229121868516, 3.05028423155073, -3.98386351274201, -9.79901338600101, 
7.13766585183647, -5.26765195416294, -10.0065828558789, -11.8031606487311, 
-2.17448400672774, -2.20656975588073, -5.02787799827693, 10.951585901056, 
15.2911109392088), .Names = c("1", "2", "3", "4", "5", "6", "7", 
"8", "9", "10", "11", "12", "14", "15", "16", "17", "19", "20", 
"21", "22", "23", "24", "26", "27", "28", "29", "30")), effects = structure(c(-335.248056309443, 
3.97963072719726, -27.9812962267826, 36.0985378160844, 9.49875426346281, 
5.32494573721966, -16.4702737032267, 8.69260914078757, -5.56580326943493, 
10.5182440335004, -1.59116515206076, 18.8128323408467, 8.42232809563951, 
2.53015225510936, 8.84532850392896, 4.05521152780484, 0.54449629331255, 
-10.5828026484763, 6.1257791650968, -5.68930544497468, -7.88826642482706, 
-16.7663100938437, 4.95853743107189, 0.480848863054558, -9.1032789569823, 
13.4229962228312, 14.9653242671327), .Names = c("x1", "x2", "x3", 
"x4", "x5", "x6", "x7", "", "", "", "", "", "", "", "", "", "", 
"", "", "", "", "", "", "", "", "", "")), rank = 7L, fitted.values = structure(c(51.1367540924757, 
60.0354973322392, 76.251870662819, 57.5405497511618, 71.1433216199875, 
54.1637731825042, 67.7407797006697, 67.555728925014, 80.4066047378204, 
58.3632633340882, 65.2453229317081, 51.9848798697194, 61.3994693788568, 
78.8259185048718, 71.3677087813148, 70.9497157684493, 68.983863512742, 
59.799013386001, 42.8623341481635, 69.2676519541629, 63.0065828558789, 
51.8031606487311, 68.1744840067277, 80.2065697558807, 53.0278779982769, 
74.048414098944, 66.7088890607912), .Names = c("1", "2", "3", 
"4", "5", "6", "7", "8", "9", "10", "11", "12", "14", "15", "16", 
"17", "19", "20", "21", "22", "23", "24", "26", "27", "28", "29", 
"30")), assign = 1:7, qr = structure(list(qr = structure(c(-5.19615242270663, 
0.192450089729875, 0.192450089729875, 0.192450089729875, 0.192450089729875, 
0.192450089729875, 0.192450089729875, 0.192450089729875, 0.192450089729875, 
0.192450089729875, 0.192450089729875, 0.192450089729875, 0.192450089729875, 
0.192450089729875, 0.192450089729875, 0.192450089729875, 0.192450089729875, 
0.192450089729875, 0.192450089729875, 0.192450089729875, 0.192450089729875, 
0.192450089729875, 0.192450089729875, 0.192450089729875, 0.192450089729875, 
0.192450089729875, 0.192450089729875, -341.791359360258, 69.6323679524592, 
-0.176828486041054, 0.268366771732815, -0.219911898083687, 0.18219994764755, 
0.268366771732815, 0.469422694598434, -0.191189623388599, -0.0763005246082451, 
0.225283359690183, -0.219911898083687, 0.139116535604918, -0.176828486041054, 
0.167838810300006, 0.225283359690183, -0.105022799303333, 0.110394260909829, 
0.0816719862147409, 0.139116535604918, -0.00449483787052421, 
0.0960331235622851, -0.0763005246082451, 0.239644497037727, 0.167838810300006, 
-0.119383936650878, 0.268366771732815, -275.203628313722, 7.40715550747779, 
-63.2937359479673, -0.0459050309682088, 0.0890387360967964, 0.010436652187913, 
-0.093303086321842, 0.0490884172459771, 0.344113605976859, -0.0733279268964324, 
0.0770619213171186, -0.0531554299641034, 0.544186750871395, 0.0608678945187355, 
0.0250933833087814, 0.250854790947107, -0.0598138164392399, 0.304911232775877, 
-0.25035132101053, 0.0544068455505183, 0.0429806389137585, -0.107014534285954, 
0.258458460579, 0.157201300903517, -0.0697027273984851, 0.334027357510695, 
-0.140701141675475, -293.67883692779, 1.73929330098037, -28.1802816005574, 
50.7305364496295, -0.1778894044043, 0.193407461551748, -0.114304181135562, 
-0.00491409661897307, -0.0286460816558301, 0.08503206936508, 
-0.0393215338240943, 0.259747089706292, 0.529825273475478, -0.315980671104096, 
-0.34841868404273, -0.140546727239917, -0.102378228223779, 0.193971719758566, 
0.219571912910153, -0.131079410406986, 0.101464177368153, -0.158528567670926, 
-0.00965606012386118, -0.301764879537316, 0.120746919355577, 
-0.116003591826436, -0.204969270642583, -339.28950819377, 13.7691393524398, 
-27.0375277154674, 30.1589189132715, 33.2483403516742, 0.0625538991610869, 
-0.118722139103765, -0.308974189236655, 0.20513354740486, -0.0359615828971198, 
0.209787762038925, -0.0415348794941504, 0.0499209530572819, 0.0019572258350085, 
0.433419378007578, -0.175389904583073, -0.219362454369008, 0.0395699284578963, 
0.188622742936644, 0.0757206400844802, -0.0134431617721533, 0.46526547578137, 
-0.444454221837565, -0.131900854008601, 0.162454012760483, 0.0725750941914616, 
-0.0094240870481619, -389.711431702997, 23.2937647777166, -5.23684464145606, 
-1.24363845018151, 19.0138923954535, 41.7001347726959, 0.0644515320000569, 
0.120788576317401, -0.0374153609730219, 0.0192318635068451, 0.0468372834581434, 
0.309988327980109, 0.177371704945382, 0.0326873954345349, 0.204017106668571, 
-0.102716077484031, -0.073725439798639, 0.0268861712430737, 0.239053144950893, 
-0.197399470138544, -0.00693717355786885, 0.201284644234103, 
0.290825252854506, -0.170406280189243, -0.259245125904941, 0.154474570879529, 
-0.252214355397936, -225.166604983954, 10.6128804998352, -14.7364042131365, 
15.1308946167401, 23.4127698825299, -5.14954513889461, 34.9368799086376, 
0.21593624941692, 0.41523271935047, 0.0355609111898885, 0.15113941990279, 
-0.0148624757776783, 0.116345984624441, 0.164589972958178, 0.115399015519633, 
-0.306137784836566, 0.124500344614694, -0.27143408950089, -0.0502897864961939, 
0.0885187643700268, 0.158931646023711, -0.42354373670009, -0.390767090483765, 
0.113926090758792, -0.0799281724800918, -0.147749463233631, 0.138696878074622
), .Dim = c(27L, 7L), .Dimnames = list(c("1", "2", "3", "4", 
"5", "6", "7", "8", "9", "10", "11", "12", "14", "15", "16", 
"17", "19", "20", "21", "22", "23", "24", "26", "27", "28", "29", 
"30"), c("x1", "x2", "x3", "x4", "x5", "x6", "x7")), assign = 1:7), 
    qraux = c(1.19245008972988, 1.12475539825737, 1.28205881950236, 
    1.09463286881007, 1.14823255497089, 1.6207753684592, 1.3027175116925
    ), pivot = 1:7, tol = 1e-07, rank = 7L), .Names = c("qr", 
"qraux", "pivot", "tol", "rank"), class = "qr"), df.residual = 20L, 
    xlevels = structure(list(), .Names = character(0)), call = quote(lm(formula = y ~ 
        . + 0, data = structure(list(y = c(43, 63, 71, 61, 81, 
        43, 58, 71, 72, 67, 64, 67, 68, 77, 81, 74, 65, 50, 50, 
        64, 53, 40, 66, 78, 48, 85, 82), x1 = c(1, 1, 1, 1, 1, 
        1, 1, 1, 1, 1, 1, 1, 1, 1, 1, 1, 1, 1, 1, 1, 1, 1, 1, 
        1, 1, 1, 1), x2 = c(90, 61, 82, 51, 85, 57, 51, 37, 83, 
        75, 54, 85, 60, 82, 58, 54, 77, 62, 64, 60, 70, 63, 75, 
        53, 58, 78, 51), x3 = c(30, 51, 68, 45, 56, 49, 42, 50, 
        72, 45, 53, 47, 83, 54, 50, 64, 46, 68, 33, 52, 52, 42, 
        66, 58, 44, 71, 39), x4 = c(39, 54, 69, 47, 66, 44, 56, 
        55, 67, 47, 58, 39, 45, 72, 72, 69, 57, 54, 34, 62, 50, 
        58, 63, 74, 45, 71, 59), x5 = c(61, 63, 76, 54, 71, 54, 
        66, 70, 71, 62, 58, 59, 59, 79, 60, 79, 75, 64, 43, 66, 
        63, 50, 88, 80, 51, 77, 64), x6 = c(92, 73, 86, 84, 83, 
        49, 68, 66, 83, 80, 67, 74, 77, 77, 54, 79, 85, 78, 64, 
        80, 80, 57, 76, 78, 83, 74, 78), x7 = c(45, 47, 48, 35, 
        47, 34, 35, 41, 31, 41, 34, 41, 35, 46, 36, 63, 46, 52, 
        33, 41, 37, 49, 72, 49, 38, 55, 39)), .Names = c("y", 
        "x1", "x2", "x3", "x4", "x5", "x6", "x7"),