
expected <- structure(list(coefficients = structure(c(-5.23741028325122, 
0.716314271241269, 0.0249717394927169, 0.280340295637252, -0.0555443937527031, 
-0.0412230733680862, 0.272434454106586), .Names = c("x1", "x2", 
"x3", "x4", "x5", "x6", "x7")), residuals = structure(c(-9.95968110462396, 
3.28520495301755, 4.00925300886944, 5.02476790576497, -9.23434091424912, 
-6.2042291459558, 2.37529230851055, -7.24794285261424, 1.36883515185101, 
8.50322270233788, 9.31264576986995, 8.93095092580847, 3.84764849536688, 
-5.2750654203122, -5.02641939816227, 0.337712584643285, -2.71218305510862, 
-5.91023666950553, 1.29440192262525, -8.18267788844609, -2.43817007423172, 
11.4564436211751, -4.74270770151079, -0.00464658051345435, -5.40480310396826, 
6.01063149619471, 6.58609306316701), .Names = c("1", "3", "4", 
"5", "6", "7", "8", "9", "10", "11", "12", "13", "15", "16", 
"17", "18", "19", "20", "22", "23", "24", "25", "26", "27", "28", 
"29", "30")), effects = structure(c(-338.327257745121, -53.1510040063286, 
2.38481266822958, -8.69855043732628, -0.829499312810364, 1.82284843614976, 
11.4466516586706, -4.37359453395359, 5.76313994067867, 11.9586485774953, 
13.8580525147483, 16.1859883033335, 2.43147801626915, -3.30093977838127, 
-4.50690394767959, 1.8064031158727, -3.03684832556652, -1.79100721849549, 
2.35491678508145, -6.51303922140557, 0.305247582347351, 12.4328013098434, 
-2.97950866652944, 1.14384640404488, -4.50132833594218, 7.88094321306625, 
4.88483261288021), .Names = c("x1", "x2", "x3", "x4", "x5", "x6", 
"x7", "", "", "", "", "", "", "", "", "", "", "", "", "", "", 
"", "", "", "", "", "")), rank = 7L, fitted.values = structure(c(52.959681104624, 
67.7147950469824, 56.9907469911306, 75.975232094235, 52.2343409142491, 
64.2042291459558, 68.6247076914894, 79.2479428526142, 65.631164848149, 
55.4967772976621, 57.6873542301301, 60.0690490741915, 73.1523515046331, 
86.2750654203122, 79.0264193981623, 64.6622874153567, 67.7121830551086, 
55.9102366695055, 62.7055980773748, 61.1826778884461, 42.4381700742317, 
51.5435563788249, 70.7427077015108, 78.0046465805135, 53.4048031039683, 
78.9893685038053, 75.413906936833), .Names = c("1", "3", "4", 
"5", "6", "7", "8", "9", "10", "11", "12", "13", "15", "16", 
"17", "18", "19", "20", "22", "23", "24", "25", "26", "27", "28", 
"29", "30")), assign = 1:7, qr = structure(list(qr = structure(c(-5.19615242270663, 
0.192450089729875, 0.192450089729875, 0.192450089729875, 0.192450089729875, 
0.192450089729875, 0.192450089729875, 0.192450089729875, 0.192450089729875, 
0.192450089729875, 0.192450089729875, 0.192450089729875, 0.192450089729875, 
0.192450089729875, 0.192450089729875, 0.192450089729875, 0.192450089729875, 
0.192450089729875, 0.192450089729875, 0.192450089729875, 0.192450089729875, 
0.192450089729875, 0.192450089729875, 0.192450089729875, 0.192450089729875, 
0.192450089729875, 0.192450089729875, -348.527112500804, -64.4348651884355, 
-0.0229669383926948, 0.209826285526274, -0.147123324482811, 0.0391112546523634, 
0.16326764074248, 0.271904478571332, -0.0540060349152239, -0.17816242100534, 
-0.0695255831764885, -0.0384864866539594, 0.194306737265009, 
0.396060864661448, 0.318463123355125, -0.0695255831764885, 0.0856698994361571, 
-0.100564679699018, -0.0540060349152239, 0.0235917063910989, 
-0.426475193185573, -0.162642872744076, 0.194306737265009, 0.16326764074248, 
-0.116084227960282, 0.318463123355125, 0.271904478571332, -274.626278044532, 
-24.9910710853059, 49.1208079475144, 0.0332697122450195, -0.1175759361763, 
0.17798279240609, 0.117154307922394, -0.241440185980785, 0.0403824137808932, 
-0.224516643047355, -0.0130879396546342, -0.191158831431529, 
0.0612312441374779, 0.308470469495412, -0.0403131830102102, -0.37953142363057, 
0.134814139392708, -0.466114159169628, -0.102123385543082, -0.0383513316854092, 
-0.204649530739946, 0.0121754523761407, -0.183064411846479, -0.0457094627335769, 
0.00972274202675147, -0.182818982334185, 0.430372867975097, -299.837239799146, 
-35.2696104189331, 21.7298843053379, -39.9436645615164, -0.177617837000547, 
0.106779989075908, -0.100743421629851, -0.163450290946938, -0.103742940267717, 
0.137116691742865, -0.321904565512506, -0.400929011325126, 0.252106902281073, 
0.186143551267977, -0.0326140735118242, 0.335221351322635, 0.0498186683736243, 
-0.212714672469972, 0.17684128669816, -0.169819303439769, 0.434275378359838, 
0.0267153585700828, -0.135972710318455, 0.266418319331288, -0.103259952891661, 
-0.0774882175469095, 0.083863901372416, -341.406459180799, -33.9194097202031, 
10.8534948345161, -6.09508613613382, 36.0021506126074, -0.0695628717457221, 
-0.0269904980245857, 0.258323896605004, -0.0134030192056276, 
0.124544792448818, 0.0577472715425807, 0.292838251078639, -0.173085739565426, 
0.445432283286562, -0.00555906672223858, 0.438306537640187, -0.248625408909153, 
0.140950833621688, -0.0170379189003488, 0.0838027136617085, 0.0820694063042763, 
-0.220213486708983, -0.331927055773234, -0.176949199072772, 0.237411397649097, 
0.122601952847488, 0.114289035146602, -390.481232061917, -5.97042769591686, 
1.69755370724668, 2.26011109235466, 18.9717272921903, 48.0400371913597, 
0.323646588179304, -0.262616822006367, -0.0445100512644525, 0.0574977290392323, 
0.0142397001202486, 0.0467718823165919, 0.214952406176322, 0.275505987526269, 
0.0632733652196996, -0.44948658492757, 0.0863865198625524, -0.185964115172575, 
-0.0547762919689539, -0.108695068457711, 0.23437966344769, 0.193302576600981, 
0.340478187709449, 0.178954604361484, -0.327555880010766, 0.0514867096717799, 
0.0189678602166177, -220.355352740707, 5.08753783927602, -15.6395503795599, 
8.27314284881446, 7.16609515946872, 13.9600786778857, 42.0161675079183, 
-0.116412100229579, -0.572319843452539, 0.0722343033633731, -0.125774532902317, 
-0.180312728843717, 0.187344352094063, -0.298968295760441, 0.0765735873832995, 
0.105920086665809, -0.0304596395323998, 0.281590372594506, 0.0148727784647767, 
0.169165567273812, 0.277052108714415, 0.259570387767326, 0.199114949762131, 
-0.296971369266945, 0.255107030514648, 0.116164952286418, -0.00865255564175192
), .Dim = c(27L, 7L), .Dimnames = list(c("1", "3", "4", "5", 
"6", "7", "8", "9", "10", "11", "12", "13", "15", "16", "17", 
"18", "19", "20", "22", "23", "24", "25", "26", "27", "28", "29", 
"30"), c("x1", "x2", "x3", "x4", "x5", "x6", "x7")), assign = 1:7), 
    qraux = c(1.19245008972988, 1.08566989943616, 1.06589123532396, 
    1.06552080427392, 1.17955741520268, 1.28817402091645, 1.06406788560177
    ), pivot = 1:7, tol = 1e-07, rank = 7L), .Names = c("qr", 
"qraux", "pivot", "tol", "rank"), class = "qr"), df.residual = 20L, 
    xlevels = structure(list(), .Names = character(0)), call = quote(lm(formula = y ~ 
        . + 0, data = structure(list(y = c(43, 71, 61, 81, 43, 
        58, 71, 72, 67, 64, 67, 69, 77, 81, 74, 65, 65, 50, 64, 
        53, 40, 63, 66, 78, 48, 85, 82), x1 = c(1, 1, 1, 1, 1, 
        1, 1, 1, 1, 1, 1, 1, 1, 1, 1, 1, 1, 1, 1, 1, 1, 1, 1, 
        1, 1, 1, 1), x2 = c(51, 70, 63, 78, 55, 67, 75, 82, 61, 
        53, 60, 62, 77, 90, 85, 60, 70, 58, 61, 66, 37, 54, 77, 
        75, 57, 85, 82), x3 = c(30, 68, 45, 56, 49, 42, 50, 72, 
        45, 53, 47, 57, 54, 50, 64, 65, 46, 68, 52, 52, 42, 42, 
        66, 58, 44, 71, 39), x4 = c(39, 69, 47, 66, 44, 56, 55, 
        67, 47, 58, 39, 42, 72, 72, 69, 75, 57, 54, 62, 50, 58, 
        48, 63, 74, 45, 71, 59), x5 = c(61, 76, 54, 71, 54, 66, 
        70, 71, 62, 58, 59, 55, 79, 60, 79, 55, 75, 64, 66, 63, 
        50, 66, 88, 80, 51, 77, 64), x6 = c(92, 86, 84, 83, 49, 
        68, 66, 83, 80, 67, 74, 63, 77, 54, 79, 80, 85, 78, 80, 
        80, 57, 75, 76, 78, 83, 74, 78), x7 = c(63, 35, 34, 47, 
        35, 41, 37, 46, 72, 41, 52, 49, 34, 41, 37, 39, 49, 35, 
        46, 39, 33, 38, 35, 55, 38, 33, 41)), .Names = c("y", 
        "x1", "x2", "x3", "x4", "x5", "x6", "x7"),