
expected <- structure(list(coefficients = structure(c(5.50494424628799, 0.822524538930306, 
-0.0722840822275437, 0.343131914251818, -0.169311922368048, -0.133912992698418, 
0.247227289488255), .Names = c("x1", "x2", "x3", "x4", "x5", 
"x6", "x7")), residuals = structure(c(-8.59461456578301, -0.919305654109299, 
4.88882187663471, 2.78740088344773, 4.25558625742264, -12.2480527673771, 
-8.64919258839839, 0.0903465342596956, -6.97387120742146, 7.48660366098243, 
9.20193645277574, 7.84172371374509, -1.0958166736625, 2.63972333248814, 
-0.509513950128302, -2.34825192925147, -4.19695195242826, 8.52194372992972, 
1.3208234468877, -8.45156101742836, -4.86393561065817, 11.4677545490638, 
-3.26201343338922, -0.000903253431612239, -6.29423005444993, 
5.13835279982265, 2.767197420457), .Names = c("1", "2", "3", 
"4", "5", "6", "7", "8", "9", "11", "12", "13", "14", "15", "18", 
"19", "20", "21", "22", "23", "24", "25", "26", "27", "28", "29", 
"30")), effects = structure(c(-330.436804066196, -51.0689079508119, 
2.68611967430661, 13.3743426997647, -4.06745681732396, -2.83519168264449, 
8.41416405848953, 5.10036983990251, -8.74547081239977, 9.10083489013001, 
9.67446630215584, 7.74471002762166, -3.94195689809208, 7.69340083001736, 
-3.12015053750482, 0.36801609089694, -4.61575797025193, 10.9186633129883, 
2.30930106716911, -7.35507672234903, -0.713945018866451, 15.7347970945791, 
1.82059642258806, 2.12003131771695, -6.68945274014544, 7.51628517535312, 
6.03502208017497), .Names = c("x1", "x2", "x3", "x4", "x5", "x6", 
"x7", "", "", "", "", "", "", "", "", "", "", "", "", "", "", 
"", "", "", "", "", "")), rank = 7L, fitted.values = structure(c(51.594614565783, 
63.9193056541093, 66.1111781233653, 58.2125991165523, 76.7444137425774, 
55.2480527673771, 66.6491925883984, 70.9096534657403, 78.9738712074215, 
56.5133963390176, 57.7980635472243, 61.1582762862549, 69.0958166736625, 
74.3602766675119, 65.5095139501283, 67.3482519292515, 54.1969519524283, 
41.4780562700703, 62.6791765531123, 61.4515610174284, 44.8639356106582, 
51.5322454509362, 69.2620134333892, 78.0009032534316, 54.2942300544499, 
79.8616472001773, 79.232802579543), .Names = c("1", "2", "3", 
"4", "5", "6", "7", "8", "9", "11", "12", "13", "14", "15", "18", 
"19", "20", "21", "22", "23", "24", "25", "26", "27", "28", "29", 
"30")), assign = 1:7, qr = structure(list(qr = structure(c(-5.19615242270663, 
0.192450089729875, 0.192450089729875, 0.192450089729875, 0.192450089729875, 
0.192450089729875, 0.192450089729875, 0.192450089729875, 0.192450089729875, 
0.192450089729875, 0.192450089729875, 0.192450089729875, 0.192450089729875, 
0.192450089729875, 0.192450089729875, 0.192450089729875, 0.192450089729875, 
0.192450089729875, 0.192450089729875, 0.192450089729875, 0.192450089729875, 
0.192450089729875, 0.192450089729875, 0.192450089729875, 0.192450089729875, 
0.192450089729875, 0.192450089729875, -339.09705810404, -64.6156729066964, 
0.108983611697181, 0.000650761707243416, 0.232792583114252, -0.123158209709828, 
0.062555247415779, 0.18636421883285, 0.294697068822788, -0.154110452564096, 
-0.0457776025741583, -0.0148253597198905, 0.310173190249921, 
0.217316461687118, -0.0457776025741583, 0.108983611697181, -0.0767298454284261, 
-0.355300031116836, -0.0303014811470244, 0.0470791259886451, 
-0.401728395398238, -0.138634331136962, 0.217316461687118, 0.18636421883285, 
-0.09220596685556, 0.341125433104189, 0.294697068822788, -276.165878762371, 
-38.1635422496297, -51.8743814456437, -0.0855473432092191, -0.04856337822439, 
0.0849309466482844, -0.190063826433519, -0.12921405674444, 0.213189566166732, 
0.185382533999306, -0.011979315364881, 0.157451833421777, 0.413569170333353, 
-0.0754469377310734, 0.335012773954993, -0.147967824504566, 0.416187023010466, 
-0.0484397098142874, 0.0727362590284481, 0.0143806736063798, 
0.160069686098891, -0.0383393043361418, 0.155881121815509, 0.0250046496199481, 
-0.0347979789982857, 0.158898876617943, -0.42296259758637, -289.252484864003, 
-31.3907329613699, -13.3466992843226, 48.2336760195802, -0.136472883490647, 
0.140388076539147, -0.101260795485054, 0.0269506847315662, -0.00615291317959386, 
-0.128078914877611, 0.254458693873492, 0.284006477751736, 0.544488861880237, 
-0.282411587864147, -0.345938555488481, -0.0735791413930778, 
0.103119148399489, 0.13807943157391, -0.176514074493189, 0.0989021682106239, 
-0.302490055363458, -0.0046328365620625, 0.00149287179026787, 
-0.302089745621851, 0.0897596230145777, -0.0812154818399324, 
-0.107903985368068, -334.478255950523, -38.7894653829049, 0.555667010559441, 
19.0140992758694, 32.1220941799484, 0.0644213454757995, 0.0522421677534954, 
-0.0210833672358523, 0.163670913661582, 0.140162659569243, -0.111606539492539, 
0.0561403290095904, 0.14546592893897, -0.00441921145649144, 0.56382389376036, 
-0.188644216175881, -0.101678496626264, 0.114186051183665, 0.0536649202013496, 
0.00290461537673168, 0.238031508303309, -0.23220855273184, -0.472311567154308, 
-0.0370957764954307, 0.212842629828227, 0.0817780411828128, 0.347018395759617, 
-390.673682151647, -18.1024765522868, 4.6765930061464, 4.41255482406476, 
6.08501349703637, 44.1815104457549, 0.228045641893625, 0.322082794613773, 
-0.033366387115158, 0.192903192390164, 0.0921048360592925, 0.345090965494565, 
0.136235267493024, 0.0712373206703007, -0.103282363785743, -0.122954502947308, 
0.00128171055295606, 0.205245247242783, -0.0644534994841034, 
-0.0296763245446865, 0.331791493147698, 0.0402447626546307, 0.146967137411694, 
0.0447201027819572, -0.155958195944128, 0.185202534441576, 0.0399243915521937, 
-212.657349151512, 4.44909831545971, 17.1358255731751, 2.56460862191737, 
8.84230487376214, 12.4633757440816, 34.0341233199066, 0.17024532899463, 
-0.220778982551345, -0.0395094004088422, -0.317353486493578, 
-0.466103179540035, 0.0014483835717876, 0.425879674180465, 0.0118059365154123, 
0.0588012481462122, 0.0136784565459931, 0.0731254546281027, -0.00576694112741315, 
0.11813470067911, 0.234636118783868, 0.264813450352139, 0.219772159022158, 
-0.225652258419578, 0.188655561666715, 0.166030048186337, 0.288127972997261
), .Dim = c(27L, 7L), .Dimnames = list(c("1", "2", "3", "4", 
"5", "6", "7", "8", "9", "11", "12", "13", "14", "15", "18", 
"19", "20", "21", "22", "23", "24", "25", "26", "27", "28", "29", 
"30"), c("x1", "x2", "x3", "x4", "x5", "x6", "x7")), assign = 1:7), 
    qraux = c(1.19245008972988, 1.01612688313438, 1.2761336179975, 
    1.08835711112596, 1.14919751195942, 1.62149691531514, 1.16636425609127
    ), pivot = 1:7, tol = 1e-07, rank = 7L), .Names = c("qr", 
"qraux", "pivot", "tol", "rank"), class = "qr"), df.residual = 20L, 
    xlevels = structure(list(), .Names = character(0)), call = quote(lm(formula = y ~ 
        . + 0, data = structure(list(y = c(43, 63, 71, 61, 81, 
        43, 58, 71, 72, 64, 67, 69, 68, 77, 65, 65, 50, 50, 64, 
        53, 40, 63, 66, 78, 48, 85, 82), x1 = c(1, 1, 1, 1, 1, 
        1, 1, 1, 1, 1, 1, 1, 1, 1, 1, 1, 1, 1, 1, 1, 1, 1, 1, 
        1, 1, 1, 1), x2 = c(51, 64, 70, 63, 78, 55, 67, 75, 82, 
        53, 60, 62, 83, 77, 60, 70, 58, 40, 61, 66, 37, 54, 77, 
        75, 57, 85, 82), x3 = c(30, 51, 68, 45, 56, 49, 42, 50, 
        72, 53, 47, 57, 83, 54, 65, 46, 68, 33, 52, 52, 42, 42, 
        66, 58, 44, 71, 39), x4 = c(39, 54, 69, 47, 66, 44, 56, 
        55, 67, 58, 39, 42, 45, 72, 75, 57, 54, 34, 62, 50, 58, 
        48, 63, 74, 45, 71, 59), x5 = c(61, 63, 76, 54, 71, 54, 
        66, 70, 71, 58, 59, 55, 59, 79, 55, 75, 64, 43, 66, 63, 
        50, 66, 88, 80, 51, 77, 64), x6 = c(92, 73, 86, 84, 83, 
        49, 68, 66, 83, 67, 74, 63, 77, 77, 80, 85, 78, 64, 80, 
        80, 57, 75, 76, 78, 83, 74, 78), x7 = c(63, 46, 35, 34, 
        47, 35, 41, 37, 46, 41, 52, 49, 25, 34, 39, 49, 35, 39, 
        46, 39, 33, 38, 35, 55, 38, 33, 41)), .Names = c("y", 
        "x1", "x2", "x3", "x4", "x5", "x6", "x7"),