
expected <- structure(list(coefficients = structure(c(2.60367306253047, 0.00262993473663237, 
0.172261141560182, 0.713515987620336, 0.531583156226224, 0.115793061061274, 
-0.708082684578598), .Names = c("x1", "x2", "x3", "x4", "x5", 
"x6", "x7")), residuals = structure(c(-4.05113829422602, 4.25797324293656, 
-9.13624274751972, 3.32598387242515, 7.36076138958992, -9.89361788680839, 
-10.1051854892116, 4.62081005692934, 9.72186854065287, -3.77460419953174, 
7.58255595840001, 3.33605870204702, 5.60074451001888, 4.46348221877593, 
1.507040308233, -3.53994525993823, -9.24323113696276, 10.3817468291922, 
-7.27358286842885, -10.9752716339869, -9.87156492589792, -1.67374314483108, 
2.28070217026349, -4.39684861449335, -4.25834197045468, 8.74497396006484, 
15.008616412762), .Names = c("1", "2", "3", "4", "5", "6", "7", 
"8", "10", "11", "13", "14", "16", "17", "18", "19", "20", "21", 
"22", "23", "24", "25", "26", "27", "28", "29", "30")), effects = structure(c(-331.591504604575, 
-1.57278781850522, -27.1160710006441, 31.4412196701407, 13.7095415381184, 
0.579017924820922, -26.3090522530206, 7.25810057822044, 10.6523873142385, 
-3.07297810061966, 12.3948040632603, 5.88154479957697, 7.55114565052015, 
5.3982456568957, -5.73947258229111, 0.0724745214700966, -9.68833285619458, 
7.38221968734532, -6.61221720425753, -9.05863175275403, -13.7638129880935, 
2.40214348890158, 7.23617383961492, -0.89078211840799, -8.39910954022382, 
13.2658504397248, 14.3996619054271), .Names = c("x1", "x2", "x3", 
"x4", "x5", "x6", "x7", "", "", "", "", "", "", "", "", "", "", 
"", "", "", "", "", "", "", "", "", "")), rank = 7L, fitted.values = structure(c(47.051138294226, 
58.7420267570634, 80.1362427475197, 57.6740161275748, 73.6392386104101, 
52.8936178868084, 68.1051854892116, 66.3791899430707, 57.2781314593471, 
67.7746041995317, 61.4174440416, 64.663941297953, 75.3992554899811, 
69.5365177812241, 63.492959691767, 68.5399452599382, 59.2432311369628, 
39.6182531708078, 71.2735828684289, 63.9752716339869, 49.8715649258979, 
64.6737431448311, 63.7192978297365, 82.3968486144934, 52.2583419704547, 
76.2550260399352, 66.991383587238), .Names = c("1", "2", "3", 
"4", "5", "6", "7", "8", "10", "11", "13", "14", "16", "17", 
"18", "19", "20", "21", "22", "23", "24", "25", "26", "27", "28", 
"29", "30")), assign = 1:7, qr = structure(list(qr = structure(c(-5.19615242270663, 
0.192450089729875, 0.192450089729875, 0.192450089729875, 0.192450089729875, 
0.192450089729875, 0.192450089729875, 0.192450089729875, 0.192450089729875, 
0.192450089729875, 0.192450089729875, 0.192450089729875, 0.192450089729875, 
0.192450089729875, 0.192450089729875, 0.192450089729875, 0.192450089729875, 
0.192450089729875, 0.192450089729875, 0.192450089729875, 0.192450089729875, 
0.192450089729875, 0.192450089729875, 0.192450089729875, 0.192450089729875, 
0.192450089729875, 0.192450089729875, -333.516005501874, 62.9926509529014, 
-0.216668917900135, 0.275451980824674, -0.264293521002536, 0.180202774619872, 
0.275451980824674, 0.497700128635877, -0.105544843994533, 0.227827377722273, 
-0.105544843994533, 0.132578171517471, 0.164327906919072, 0.227827377722273, 
0.100828436115871, -0.137294579396134, 0.100828436115871, 0.06907870071427, 
0.132578171517471, -0.0261705054905317, 0.0849535684150702, -0.0261705054905317, 
-0.105544843994533, 0.243702245423073, 0.164327906919072, -0.153169447096934, 
0.275451980824674, -273.471577506153, 3.44249445882173, -62.6773127072091, 
-0.0578706770162383, 0.106681679875114, 0.00401596082351726, 
-0.105734886096391, 0.0264117225183973, -0.065599907418033, 0.0688010600639459, 
0.12585692890258, 0.545510843265029, 0.0196486459168269, 0.244303160024508, 
0.257681486250627, -0.0502892735914649, 0.30554569533078, -0.25351417980449, 
0.0509140161034461, 0.0476935034360316, -0.109599501297289, -0.111853860164479, 
0.269449556143039, 0.148896793130943, -0.0760797722434795, 0.34825708414307, 
-0.153599095176545, -291.176985761301, -3.71765883230218, -27.7958373620568, 
50.4631885745605, -0.200495129047406, 0.200928373995652, -0.103658323869842, 
0.0230653979575907, 0.0718995775273257, -0.0289118836778884, 
0.300556891487853, 0.54384368327479, -0.344599586715662, -0.12811530470969, 
-0.247943830733415, -0.11839871862699, 0.200594894775227, 0.216063789186568, 
-0.127771447215673, 0.095365770551281, -0.160883035263602, 0.0270192974380559, 
-0.018406645887733, -0.290519036181791, 0.125656298686153, -0.127346350755273, 
-0.195501396399588, -332.938655232684, 10.3762838956935, -22.8634633335489, 
25.2459730950651, 39.750314102489, 0.0591429851371362, -0.124619859668283, 
-0.283482183728462, -0.0264501264872089, 0.148415411647696, 0.113363481358229, 
0.0540341892779601, 0.302041461580065, -0.198103513296451, 0.529040412583194, 
-0.203308448899637, 0.0210175951281018, 0.18738241740645, 0.028020368894427, 
-0.0147853280895013, 0.362270646988199, -0.145114691099163, -0.402497766600938, 
-0.175350835532411, 0.139515349057754, 0.0124493132340979, -0.0410854384513581, 
-386.632230267319, 20.8907379361901, -4.43793475619214, 4.08022406240985, 
15.3191537184431, 45.3329419192155, 0.0699184885905219, 0.0925132632729082, 
0.00345441149296833, 0.0735312051895844, 0.40637964443102, 0.100858827892328, 
0.281449052380796, -0.0825054672873223, -0.276076012827461, -0.0718196774565837, 
0.00720075079758367, 0.206666934430492, -0.151176075785292, -0.0190826050823644, 
0.252520307088191, 0.0945264341793023, 0.233230644142443, -0.118419420204458, 
-0.237241142839625, 0.169713825044449, -0.198974578083657, -225.166604983954, 
10.7525770560087, -22.8522504321604, 26.0673905180611, 12.9856410778713, 
6.59558874779908, 37.1553390952892, 0.0996271483181799, 0.0103111277164298, 
0.196035324129964, 0.242785751780111, 0.0405072836525457, 0.267604712141857, 
-0.22699302863693, -0.342052866070089, 0.131116147401639, -0.246065623259257, 
-0.147810304996102, 0.180654215397571, 0.144112361537135, -0.303431381601508, 
0.2647250456329, -0.429428133019336, 0.21546912806578, -0.0481428550437668, 
-0.0254336350406123, 0.191663664011966), .Dim = c(27L, 7L), .Dimnames = list(
    c("1", "2", "3", "4", "5", "6", "7", "8", "10", "11", "13", 
    "14", "16", "17", "18", "19", "20", "21", "22", "23", "24", 
    "25", "26", "27", "28", "29", "30"), c("x1", "x2", "x3", 
    "x4", "x5", "x6", "x7")), assign = 1:7), qraux = c(1.19245008972988, 
1.11670330381667, 1.29910466999595, 1.10708329965287, 1.08662651107854, 
1.55375117630784, 1.25522009807696), pivot = 1:7, tol = 1e-07, 
    rank = 7L), .Names = c("qr", "qraux", "pivot", "tol", "rank"
), class = "qr"), df.residual = 20L, xlevels = structure(list(), .Names = character(0)), 
    call = quote(lm(formula = y ~ . + 0, data = structure(list(y = c(43, 
        63, 71, 61, 81, 43, 58, 71, 67, 64, 69, 68, 81, 74, 65, 
        65, 50, 50, 64, 53, 40, 63, 66, 78, 48, 85, 82), x1 = c(1, 
        1, 1, 1, 1, 1, 1, 1, 1, 1, 1, 1, 1, 1, 1, 1, 1, 1, 1, 
        1, 1, 1, 1, 1, 1, 1, 1), x2 = c(90, 61, 82, 51, 85, 57, 
        51, 37, 75, 54, 75, 60, 58, 54, 62, 77, 62, 64, 60, 70, 
        63, 70, 75, 53, 58, 78, 51), x3 = c(30, 51, 68, 45, 56, 
        49, 42, 50, 45, 53, 57, 83, 50, 64, 65, 46, 68, 33, 52, 
        52, 42, 42, 66, 58, 44, 71, 39), x4 = c(39, 54, 69, 47, 
        66, 44, 56, 55, 47, 58, 42, 45, 72, 69, 75, 57, 54, 34, 
        62, 50, 58, 48, 63, 74, 45, 71, 59), x5 = c(61, 63, 76, 
        54, 71, 54, 66, 70, 62, 58, 55, 59, 60, 79, 55, 75, 64, 
        43, 66, 63, 50, 66, 88, 80, 51, 77, 64), x6 = c(92, 73, 
        86, 84, 83, 49, 68, 66, 80, 67, 63, 77, 54, 79, 80, 85, 
        78, 64, 80, 80, 57, 75, 76, 78, 83, 74, 78), x7 = c(45, 
        47, 48, 35, 47, 34, 35, 41, 41, 34, 25, 35, 36, 63, 60, 
        46, 52, 33, 41, 37, 49, 33, 72, 49, 38, 55, 39)), .Names = c("y", 
        "x1", "x2", "x3", "x4", "x5", "x6", "x7"),