
expected <- structure(list(coefficients = structure(c(2.20716136824668, 0.66531959369061, 
0.0438407582696984, 0.292901999774648, 0.0698715198318291, 0.0597537139209763, 
-0.233590076460766), .Names = c("x1", "x2", "x3", "x4", "x5", 
"x6", "x7")), residuals = structure(c(-5.65090143474333, 0.23073387501117, 
-0.311219653578234, 6.38879709715945, -9.63839637818023, -8.57869635809823, 
0.677051457700467, -10.2234804244136, 8.93397709672113, 7.9818547730359, 
11.3707898166181, 9.76368460362909, -0.0579911830510341, -2.89440734574937, 
-2.33509531316994, 3.14165231501709, -1.49597809011929, -5.96568971581014, 
-0.404987793474454, -10.4947624880793, -1.54564569026272, 5.78292531712364, 
-2.56689509550717, 3.22248568234375, -6.93038518196224, 5.947439552548, 
5.65314055929141), .Names = c("1", "3", "4", "5", "6", "7", "8", 
"9", "10", "11", "12", "13", "15", "16", "17", "18", "19", "20", 
"22", "23", "24", "25", "26", "27", "28", "29", "30")), effects = structure(c(-338.327257745121, 
-53.1510040063286, -5.81938984234756, -7.86557560406637, -1.97879158841658, 
1.46848736856131, 9.12755787820528, -7.87766426788851, 10.2770490473836, 
9.53323951963091, 14.1191281238701, 15.1420390449574, 0.29556250220934, 
2.1600194652632, -3.02726218660535, -0.131949413435565, -1.37760598918517, 
-6.51998393671266, -0.353422052867186, -8.49966528739457, -2.02135550142173, 
7.82763965773745, -4.09325636662515, 2.66786319460587, -5.72138444153025, 
6.50517534548723, 8.38676233971679), .Names = c("x1", "x2", "x3", 
"x4", "x5", "x6", "x7", "", "", "", "", "", "", "", "", "", "", 
"", "", "", "", "", "", "", "", "", "")), rank = 7L, fitted.values = structure(c(48.6509014347433, 
70.7692661249888, 61.3112196535782, 74.6112029028405, 52.6383963781802, 
66.5786963580982, 70.3229485422995, 82.2234804244136, 58.0660229032789, 
56.0181452269641, 55.6292101833819, 59.2363153963709, 77.057991183051, 
83.8944073457494, 76.3350953131699, 61.8583476849829, 66.4959780901193, 
55.9656897158101, 64.4049877934744, 63.4947624880793, 41.5456456902627, 
57.2170746828764, 68.5668950955072, 74.7775143176563, 54.9303851819622, 
79.052560447452, 76.3468594407086), .Names = c("1", "3", "4", 
"5", "6", "7", "8", "9", "10", "11", "12", "13", "15", "16", 
"17", "18", "19", "20", "22", "23", "24", "25", "26", "27", "28", 
"29", "30")), assign = 1:7, qr = structure(list(qr = structure(c(-5.19615242270663, 
0.192450089729875, 0.192450089729875, 0.192450089729875, 0.192450089729875, 
0.192450089729875, 0.192450089729875, 0.192450089729875, 0.192450089729875, 
0.192450089729875, 0.192450089729875, 0.192450089729875, 0.192450089729875, 
0.192450089729875, 0.192450089729875, 0.192450089729875, 0.192450089729875, 
0.192450089729875, 0.192450089729875, 0.192450089729875, 0.192450089729875, 
0.192450089729875, 0.192450089729875, 0.192450089729875, 0.192450089729875, 
0.192450089729875, 0.192450089729875, -348.527112500804, -64.4348651884355, 
-0.0229669383926948, 0.209826285526274, -0.147123324482811, 0.0391112546523634, 
0.16326764074248, 0.271904478571332, -0.0540060349152239, -0.17816242100534, 
-0.0695255831764885, -0.0384864866539594, 0.194306737265009, 
0.396060864661448, 0.318463123355125, -0.0695255831764885, 0.0856698994361571, 
-0.100564679699018, -0.0540060349152239, 0.0235917063910989, 
-0.426475193185573, -0.162642872744076, 0.194306737265009, 0.16326764074248, 
-0.116084227960282, 0.318463123355125, 0.271904478571332, -289.637385043462, 
0.30234379205279, -72.1463358280696, -0.0461551512212006, -0.0409917969881415, 
0.170854084750928, 0.150376298440424, 0.241611387960904, -0.115258187299334, 
-0.274969732169558, 0.245947608628042, -0.199249627564053, 0.245747055790511, 
-0.222409367409852, -0.176691546230846, 0.259808326411175, -0.289031002790221, 
0.0119696734466258, 0.411449088459715, -0.0500902662132768, 0.00161804276470925, 
0.417239023421165, 0.134861313525448, -0.0575344683065693, -0.111949653035649, 
0.0450799382992798, -0.0356029677017533, -299.837239799146, -35.2696104189331, 
-8.14441186707641, -44.736481375559, -0.0874406588648299, -0.0155613504195496, 
-0.164064449208947, -0.009418154524349, -0.113261433314949, 0.264071815235116, 
-0.28686457734572, -0.238401076303928, 0.181445944940904, -0.0107589910678971, 
5.73057657600006e-05, 0.517440183271382, -0.0272161802594486, 
0.0870010181721825, 0.206546191640382, -0.127338613583135, 0.509442392679626, 
0.00434038111466003, -0.0164712643861717, 0.266759014171958, 
-0.094688882250483, 0.0382417817326156, -0.180090917281677, -341.406459180799, 
-33.9194097202031, -8.22191788504025, -9.21714370209996, 36.0353659913302, 
0.00564545647036575, 0.0124596911248026, 0.132542826049081, 0.00490000225788521, 
0.0455521911983931, 0.0246744110848628, 0.198862736580927, -0.14569676178575, 
0.600188950797065, -0.0163580554157485, 0.274766039809851, -0.172892853032537, 
-0.0747994967942691, -0.0731430059841308, 0.0611162602740636, 
0.0128536659088214, -0.233396177276593, -0.425069631765394, -0.181310283434213, 
0.241874873754393, 0.0362662650619906, 0.309040927293556, -390.481232061917, 
-5.97042769591686, -7.09449971245329, 2.48499653783724, 18.1001624414385, 
47.8710600067067, 0.317400179265968, -0.0839509422705387, -0.0927235543484847, 
0.0755907252220822, 0.0993843983763544, 0.0837950985555917, 0.254008206449592, 
0.0531317682594527, 0.0327949215909822, -0.222524363447933, -0.0537633330913609, 
0.0357819475968029, 0.104828839214694, -0.102385469163406, 0.31469705045788, 
0.312303828389348, 0.477531429845125, 0.180305004477043, -0.36788028833569, 
0.14858726160161, -0.195869422213777, -225.743955253144, -11.8276201693348, 
-3.11432474103071, -24.5445243536992, 23.8802494990101, 5.95909842260412, 
-39.075109767081, -0.328937874162725, -0.0166677229195204, -0.319669873179487, 
0.204197354003097, -0.18546757357935, -0.121543851906068, 0.0524019855695854, 
0.3505397424387, 0.28371120107461, -0.122765120630987, 0.1594618778253, 
-0.144394099032547, -0.097301065849104, 0.0889313583159246, -0.234086423020925, 
0.525647730510352, -0.164872966813918, 0.000727186410730527, 
0.217101874729848, 0.033418275945217), .Dim = c(27L, 7L), .Dimnames = list(
    c("1", "3", "4", "5", "6", "7", "8", "9", "10", "11", "12", 
    "13", "15", "16", "17", "18", "19", "20", "22", "23", "24", 
    "25", "26", "27", "28", "29", "30"), c("x1", "x2", "x3", 
    "x4", "x5", "x6", "x7")), assign = 1:7), qraux = c(1.19245008972988, 
1.08566989943616, 1.14644118344835, 1.04006733697371, 1.12115765582333, 
1.25402247767693, 1.08419321212801), pivot = 1:7, tol = 1e-07, 
    rank = 7L), .Names = c("qr", "qraux", "pivot", "tol", "rank"
), class = "qr"), df.residual = 20L, xlevels = structure(list(), .Names = character(0)), 
    call = quote(lm(formula = y ~ . + 0, data = structure(list(y = c(43, 
        71, 61, 81, 43, 58, 71, 72, 67, 64, 67, 69, 77, 81, 74, 
        65, 65, 50, 64, 53, 40, 63, 66, 78, 48, 85, 82), x1 = c(1, 
        1, 1, 1, 1, 1, 1, 1, 1, 1, 1, 1, 1, 1, 1, 1, 1, 1, 1, 
        1, 1, 1, 1, 1, 1, 1, 1), x2 = c(51, 70, 63, 78, 55, 67, 
        75, 82, 61, 53, 60, 62, 77, 90, 85, 60, 70, 58, 61, 66, 
        37, 54, 77, 75, 57, 85, 82), x3 = c(42, 58, 64, 51, 50, 
        66, 65, 72, 45, 33, 71, 39, 72, 39, 42, 72, 33, 54, 83, 
        50, 52, 83, 64, 50, 45, 58, 52), x4 = c(39, 69, 47, 66, 
        44, 56, 55, 67, 47, 58, 39, 42, 72, 72, 69, 75, 57, 54, 
        62, 50, 58, 48, 63, 74, 45, 71, 59), x5 = c(61, 76, 54, 
        71, 54, 66, 70, 71, 62, 58, 59, 55, 79, 60, 79, 55, 75, 
        64, 66, 63, 50, 66, 88, 80, 51, 77, 64), x6 = c(92, 86, 
        84, 83, 49, 68, 66, 83, 80, 67, 74, 63, 77, 54, 79, 80, 
        85, 78, 80, 80, 57, 75, 76, 78, 83, 74, 78), x7 = c(45, 
        48, 35, 47, 34, 35, 41, 31, 41, 34, 41, 25, 46, 36, 63, 
        60, 46, 52, 41, 37, 49, 33, 72, 49, 38, 55, 39)), .Names = c("y", 
        "x1", "x2", "x3", "x4", "x5", "x6", "x7"),