
expected <- structure(list(coefficients = structure(c(30.6310413585724, 0.608446941863999, 
0.0628490781888544, -0.0878240450650798, 0.222658968860724, -0.180438165373158, 
-0.120930071858749), .Names = c("x1", "x2", "x3", "x4", "x5", 
"x6", "x7")), residuals = structure(c(-7.34484195831771, 0.584150624976163, 
2.11973359512584, 8.19392513961026, -10.2777099038405, -1.68100107319372, 
-5.12644048782644, 7.45890756995654, 5.81952734141767, 8.40524472043686, 
5.53079496141849, -7.47498791759231, 1.416295152478, -2.6683845322943, 
-3.25789889093621, 7.34929641940856, -1.02856916871278, 3.1370148439689, 
1.10837511069483, -10.7296499429812, -7.71962145494709, 3.12636308389559, 
-6.56771136049789, 5.37101899177578, -8.17316354768901, 4.99960364707668, 
7.42972903658899), .Names = c("1", "2", "3", "5", "7", "8", "9", 
"10", "11", "12", "13", "14", "15", "16", "17", "18", "19", "21", 
"22", "23", "24", "25", "26", "27", "28", "29", "30")), effects = structure(c(-343.523410167827, 
49.3571362451374, -0.900494662017867, -4.51212941242485, -2.35290325032875, 
-7.59796590781366, -5.0475671701791, 10.0420793882554, 6.2052405324131, 
11.2313227246949, 7.27107829326516, -9.66095914180524, 3.00324181374628, 
-5.49021794240319, -2.42157661048597, 2.42176559322346, 4.79952552957954, 
1.36999824594976, 0.956622253333719, -8.51380928422436, -11.8149831497727, 
4.95343047748262, -1.63360182352133, 9.35963094667417, -10.6124391572495, 
3.81144352818808, 7.36048485766608), .Names = c("x1", "x2", "x3", 
"x4", "x5", "x6", "x7", "", "", "", "", "", "", "", "", "", "", 
"", "", "", "", "", "", "", "", "", "")), rank = 7L, fitted.values = structure(c(50.3448419583177, 
62.4158493750238, 68.8802664048742, 72.8060748603897, 68.2777099038405, 
72.6810010731937, 77.1264404878264, 59.5410924300435, 58.1804726585823, 
58.5947552795631, 63.4692050385815, 75.4749879175923, 75.583704847522, 
83.6683845322943, 77.2578988909362, 57.6507035805914, 66.0285691687128, 
46.8629851560311, 62.8916248893052, 63.7296499429812, 47.7196214549471, 
59.8736369161044, 72.5677113604979, 72.6289810082242, 56.173163547689, 
80.0003963529233, 74.570270963411), .Names = c("1", "2", "3", 
"5", "7", "8", "9", "10", "11", "12", "13", "14", "15", "16", 
"17", "18", "19", "21", "22", "23", "24", "25", "26", "27", "28", 
"29", "30")), assign = 1:7, qr = structure(list(qr = structure(c(-5.19615242270663, 
0.192450089729875, 0.192450089729875, 0.192450089729875, 0.192450089729875, 
0.192450089729875, 0.192450089729875, 0.192450089729875, 0.192450089729875, 
0.192450089729875, 0.192450089729875, 0.192450089729875, 0.192450089729875, 
0.192450089729875, 0.192450089729875, 0.192450089729875, 0.192450089729875, 
0.192450089729875, 0.192450089729875, 0.192450089729875, 0.192450089729875, 
0.192450089729875, 0.192450089729875, 0.192450089729875, 0.192450089729875, 
0.192450089729875, 0.192450089729875, -350.644063487833, 69.9910047130397, 
-0.0739876890014511, -0.188288091357435, -0.0311250381179571, 
-0.145425440473941, -0.245438292535427, 0.0546002636490308, 0.168900666005015, 
0.0688878139435288, 0.0403127133545328, -0.259725842829925, -0.174000541062937, 
-0.359738694891411, -0.288300943418921, 0.0688878139435288, -0.0739876890014511, 
0.354638819833489, 0.0546002636490308, -0.0168374878234591, 0.397501470716983, 
0.154613115710517, -0.174000541062937, -0.145425440473941, 0.111750464827023, 
-0.288300943418921, -0.245438292535427, -275.588528493181, 38.4409186516115, 
-50.5891167760729, -0.00316766421737167, -0.167031203886066, 
-0.0909859330561284, 0.272060140307717, -0.0461612801759294, 
0.194067007807626, 0.00363435324785844, 0.18078245036209, 0.479236773419893, 
-0.0324404204969572, -0.244907511637645, 0.0831390451846672, 
0.359442106913039, -0.118747129898996, -0.0678762392719259, 0.092208401804974, 
0.0409012089444684, 0.140811953276968, -0.0336325024487515, 0.204764748613163, 
0.0671508463506184, -0.0248826233133682, 0.221508727165571, -0.380254074745113, 
-276.743229031561, 10.8961091894077, -10.8696164079251, 55.2658251441364, 
0.139924044924319, -0.159430897966677, -0.0397381851133678, -0.160665427364795, 
-0.000690127073961865, -0.338239674877348, -0.324442540079247, 
-0.204982150353798, 0.261735511604859, 0.105449145263734, -0.0165913614546464, 
0.140522790078635, -0.25359165581406, 0.0842030490846157, 0.265772930246357, 
-0.152575935837152, 0.352032914424432, 0.254154271602461, -0.299681931028522, 
-0.0753186186407113, 0.20149779662329, 0.174620254022551, 0.147082423663306, 
-340.05930855269, 35.7220507474215, -2.99208838484361, 0.979532474768563, 
-40.0585781112294, 0.011467919316369, -0.131090447231102, -0.0132564642342203, 
-0.0543181962122206, -0.0921541373368844, -0.256649124615272, 
-0.495031005243912, 0.211931912961257, -0.39311298950189, 0.0711380246866585, 
-0.252748644774589, 0.205011213110688, -0.196855358487105, 0.0715304617974653, 
-0.0730484258214431, -0.0185930922623358, 0.191041889815532, 
0.364754294774357, 0.229524938425229, -0.226803324565475, -0.00223129248419862, 
-0.156571608797176, -391.058582331106, 6.68128185253085, -3.59575616558608, 
1.86916088032767, -17.1905770979247, 41.4319501379507, -0.0250883954043447, 
-0.0794438003661401, 0.245821470404204, 0.0526394018286289, 0.330552529820465, 
0.0928663806246301, 0.110474830968963, 0.558354599651418, 0.084420726439806, 
-0.0416408656763542, -0.13983059256655, 0.18993868968559, -0.0270167357310894, 
-0.0534245817936427, 0.427438393059316, 0.0631618950685859, 0.198110160410596, 
0.09415192325409, -0.195778073446558, 0.222814278987496, -0.0341673849686764, 
-224.589254714764, 11.8745418003161, -11.0954592247823, -3.80968246977276, 
-28.6501297769494, 1.00935057106616, 41.7395532194411, 0.0155803391251505, 
0.206791792258976, -0.040648373278546, 0.302864435507019, 0.116797566595854, 
0.0935484556315628, -0.0248099099779618, -0.359474215310585, 
-0.413818685444116, -0.000589365412765901, 0.0669060104793681, 
0.142369146006153, 0.119891870272762, -0.163337933235671, 0.331132463629848, 
-0.463038004289384, 0.0122248251722352, 0.0286505969854984, -0.150584722401484, 
-0.00304126444589042), .Dim = c(27L, 7L), .Dimnames = list(c("1", 
"2", "3", "5", "7", "8", "9", "10", "11", "12", "13", "14", "15", 
"16", "17", "18", "19", "21", "22", "23", "24", "25", "26", "27", 
"28", "29", "30"), c("x1", "x2", "x3", "x4", "x5", "x6", "x7"
)), assign = 1:7), qraux = c(1.19245008972988, 1.01173761276554, 
1.31612901346956, 1.15566733274876, 1.0445136879536, 1.3098134321493, 
1.35585366280176), pivot = 1:7, tol = 1e-07, rank = 7L), .Names = c("qr", 
"qraux", "pivot", "tol", "rank"), class = "qr"), df.residual = 20L, 
    xlevels = structure(list(), .Names = character(0)), call = quote(lm(formula = y ~ 
        . + 0, data = structure(list(y = c(43, 63, 71, 81, 58, 
        71, 72, 67, 64, 67, 69, 68, 77, 81, 74, 65, 65, 50, 64, 
        53, 40, 63, 66, 78, 48, 85, 82), x1 = c(1, 1, 1, 1, 1, 
        1, 1, 1, 1, 1, 1, 1, 1, 1, 1, 1, 1, 1, 1, 1, 1, 1, 1, 
        1, 1, 1, 1), x2 = c(51, 64, 70, 78, 67, 75, 82, 61, 53, 
        60, 62, 83, 77, 90, 85, 60, 70, 40, 61, 66, 37, 54, 77, 
        75, 57, 85, 82), x3 = c(30, 51, 68, 56, 42, 50, 72, 45, 
        53, 47, 57, 83, 54, 50, 64, 65, 46, 33, 52, 52, 42, 42, 
        66, 58, 44, 71, 39), x4 = c(54, 63, 48, 45, 45, 62, 57, 
        62, 54, 72, 72, 67, 39, 47, 55, 47, 67, 48, 39, 62, 34, 
        39, 71, 58, 42, 45, 44), x5 = c(61, 63, 76, 71, 66, 70, 
        71, 62, 58, 59, 55, 59, 79, 60, 79, 55, 75, 43, 66, 63, 
        50, 66, 88, 80, 51, 77, 64), x6 = c(92, 73, 86, 83, 68, 
        66, 83, 80, 67, 74, 63, 77, 77, 54, 79, 80, 85, 64, 80, 
        80, 57, 75, 76, 78, 83, 74, 78), x7 = c(45, 47, 48, 47, 
        35, 41, 31, 41, 34, 41, 25, 35, 46, 36, 63, 60, 46, 33, 
        41, 37, 49, 33, 72, 49, 38, 55, 39)), .Names = c("y", 
        "x1", "x2", "x3", "x4", "x5", "x6", "x7"),