
expected <- structure(list(coefficients = structure(c(9.74969440095025, -0.0135032208784631, 
0.156582683535712, 0.429153305161473, 0.540960839248218, 0.105684742841874, 
-0.475987368677513), .Names = c("x1", "x2", "x3", "x4", "x5", 
"x6", "x7")), residuals = structure(c(-8.27103987436301, 3.48989396134371, 
-5.25614879623145, 3.29269794774686, 10.4966840404061, -10.7421749148527, 
-7.9005079336079, 4.99038915172535, -9.08059654192389, -0.483330312038182, 
14.0798359760777, 8.8020946458648, 3.35738057527095, 0.0248542882612857, 
4.07474951123157, -3.03433535616535, -10.8479561479549, 7.03851433990743, 
-4.3320183140651, -10.3282134003082, -10.115047132672, -0.902488232873451, 
-1.47357193863999, -0.0700599377374906, -5.44136084562617, 11.4209513149215, 
17.2108039263026), .Names = c("1", "2", "3", "4", "5", "6", "7", 
"8", "9", "11", "12", "13", "14", "15", "18", "19", "20", "21", 
"22", "23", "24", "25", "26", "27", "28", "29", "30")), effects = structure(c(-330.436804066196, 
7.98822086546424, -27.2291439015013, 27.1080887979524, 17.1775567773719, 
3.83635061148376, -19.3643363859116, 9.22767300595039, -5.56151941392422, 
0.0451292131393877, 16.6988763710431, 12.6597520482636, 4.52319808610768, 
5.25268657975563, -3.22074075916982, 0.9326083090706, -10.8481810179199, 
5.59788072113659, -3.80937499902942, -8.64353532366687, -12.3940182194454, 
3.40079859689266, 5.4352036443039, 3.61213954055496, -8.95090942761608, 
15.4014122664051, 17.4310513024934), .Names = c("x1", "x2", "x3", 
"x4", "x5", "x6", "x7", "", "", "", "", "", "", "", "", "", "", 
"", "", "", "", "", "", "", "", "", "")), rank = 7L, fitted.values = structure(c(51.271039874363, 
59.5101060386563, 76.2561487962314, 57.7073020522531, 70.5033159595939, 
53.7421749148527, 65.9005079336079, 66.0096108482746, 81.0805965419239, 
64.4833303120382, 52.9201640239223, 60.1979053541352, 64.642619424729, 
76.9751457117387, 60.9252504887684, 68.0343353561653, 60.8479561479549, 
42.9614856600926, 68.3320183140651, 63.3282134003082, 50.115047132672, 
63.9024882328735, 67.47357193864, 78.0700599377375, 53.4413608456262, 
73.5790486850785, 64.7891960736974), .Names = c("1", "2", "3", 
"4", "5", "6", "7", "8", "9", "11", "12", "13", "14", "15", "18", 
"19", "20", "21", "22", "23", "24", "25", "26", "27", "28", "29", 
"30")), assign = 1:7, qr = structure(list(qr = structure(c(-5.19615242270663, 
0.192450089729875, 0.192450089729875, 0.192450089729875, 0.192450089729875, 
0.192450089729875, 0.192450089729875, 0.192450089729875, 0.192450089729875, 
0.192450089729875, 0.192450089729875, 0.192450089729875, 0.192450089729875, 
0.192450089729875, 0.192450089729875, 0.192450089729875, 0.192450089729875, 
0.192450089729875, 0.192450089729875, 0.192450089729875, 0.192450089729875, 
0.192450089729875, 0.192450089729875, 0.192450089729875, 0.192450089729875, 
0.192450089729875, 0.192450089729875, -345.640361154856, 68.3135472709531, 
-0.171148980442259, 0.282640951985701, -0.215064135193352, 0.194810642483515, 
0.282640951985701, 0.487578340824134, -0.18578736535929, 0.238725797234608, 
-0.215064135193352, -0.0686802860230422, 0.150895487732422, -0.171148980442259, 
0.12161871789836, -0.0979570558571041, 0.12161871789836, 0.0923419480642983, 
0.150895487732422, 0.0045116385621126, 0.106980332981329, 0.0045116385621126, 
-0.0686802860230422, 0.253364182151639, 0.180172257566484, -0.112595440774135, 
0.282640951985701, -276.165878762371, 9.33820525225709, -63.7197405053891, 
-0.0389887077149188, 0.0803641069618545, 0.0143841612604672, 
-0.0860698787335967, 0.0614179706539748, 0.334597694300198, 0.0818600688101299, 
-0.0608794060941792, 0.111727873495055, 0.543269753280724, 0.0536776724741615, 
0.257648718596595, -0.0640370954788258, 0.304729889615273, -0.24768444750803, 
0.0567643194210528, 0.0410942765607453, -0.104873930165966, -0.115842960168181, 
0.252971386551088, 0.161895691460624, -0.0656514613900267, 0.326738992057459, 
-0.133151049752275, -289.252484864003, 3.71327030728687, -29.122184715894, 
51.265095152534, -0.189026090891968, 0.175967548212203, -0.131012490806348, 
-0.0198891203894974, -0.0356447944187441, -0.0529059942038538, 
0.240846361390215, 0.293863712627639, 0.520962590261178, -0.326382495461308, 
-0.25863013352365, -0.11784206259205, 0.183272540073172, 0.196154665342771, 
-0.144075096744539, 0.0860230322582027, -0.174800511096295, 0.0174784987269156, 
-0.0189700414497008, -0.310832546209624, 0.102284455304251, -0.122436702811791, 
-0.22179906978864, -334.478255950523, 15.7335529737866, -20.4739592652877, 
28.7264457478619, 37.501465488909, 0.0493775131421662, -0.11343046740327, 
-0.298823526540091, 0.121767913591004, 0.158181431366474, -0.0260236122788495, 
0.0887433416337843, -0.0192194270989912, -0.0333627272565896, 
0.565404091292709, -0.202526926709789, -0.0115638644580344, 0.200292355955843, 
0.0387988510193547, -0.025152963231453, 0.40594966110702, -0.147363785586635, 
-0.442437254403267, -0.169578384687273, 0.145671287353446, 0.000390321978717928, 
-0.014489816306178, -390.673682151647, 19.4164621864307, -4.18935086634738, 
10.2324016531519, 7.97155732267678, 42.3707049718962, 0.0894323971364282, 
0.0923978580745384, 0.00529584664503273, 0.121306702481805, 0.206680955249781, 
0.403698061488974, 0.0599344256270322, 0.106101248832188, -0.17479768256576, 
-0.100816744366178, -0.0044236766673626, 0.218353002049323, -0.129964725650162, 
-0.0370618691867873, 0.347580922968795, 0.0725913787253091, 0.191528863796449, 
-0.0915397046890735, -0.240860016316933, 0.195218394566372, -0.174656847266715, 
-220.932703009897, 9.89175306708258, -14.2115253185044, 24.1892703915965, 
8.30219394943682, 1.34790645659898, 40.6824585276571, 0.0941890558440961, 
0.427423408168048, 0.205502962524194, -0.118987396203401, 0.238349776134862, 
0.0121952118096526, 0.191258413567072, -0.303616974534085, 0.0543382385252284, 
-0.252773317090051, -0.0569334185296432, 0.145289843677472, 0.109360965710601, 
-0.208573585739972, 0.224272371587957, -0.49884494694005, 0.14011104846892, 
-0.0186124821057365, -0.0948202176556561, 0.180580276882197), .Dim = c(27L, 
7L), .Dimnames = list(c("1", "2", "3", "4", "5", "6", "7", "8", 
"9", "11", "12", "13", "14", "15", "18", "19", "20", "21", "22", 
"23", "24", "25", "26", "27", "28", "29", "30"), c("x1", "x2", 
"x3", "x4", "x5", "x6", "x7")), assign = 1:7), qraux = c(1.19245008972988, 
1.13625710281539, 1.27338980389466, 1.07681278638079, 1.09989655209828, 
1.58628362977892, 1.24278276373014), pivot = 1:7, tol = 1e-07, 
    rank = 7L), .Names = c("qr", "qraux", "pivot", "tol", "rank"
), class = "qr"), df.residual = 20L, xlevels = structure(list(), .Names = character(0)), 
    call = quote(lm(formula = y ~ . + 0, data = structure(list(y = c(43, 
        63, 71, 61, 81, 43, 58, 71, 72, 64, 67, 69, 68, 77, 65, 
        65, 50, 50, 64, 53, 40, 63, 66, 78, 48, 85, 82), x1 = c(1, 
        1, 1, 1, 1, 1, 1, 1, 1, 1, 1, 1, 1, 1, 1, 1, 1, 1, 1, 
        1, 1, 1, 1, 1, 1, 1, 1), x2 = c(90, 61, 82, 51, 85, 57, 
        51, 37, 83, 54, 85, 75, 60, 82, 62, 77, 62, 64, 60, 70, 
        63, 70, 75, 53, 58, 78, 51), x3 = c(30, 51, 68, 45, 56, 
        49, 42, 50, 72, 53, 47, 57, 83, 54, 65, 46, 68, 33, 52, 
        52, 42, 42, 66, 58, 44, 71, 39), x4 = c(39, 54, 69, 47, 
        66, 44, 56, 55, 67, 58, 39, 42, 45, 72, 75, 57, 54, 34, 
        62, 50, 58, 48, 63, 74, 45, 71, 59), x5 = c(61, 63, 76, 
        54, 71, 54, 66, 70, 71, 58, 59, 55, 59, 79, 55, 75, 64, 
        43, 66, 63, 50, 66, 88, 80, 51, 77, 64), x6 = c(92, 73, 
        86, 84, 83, 49, 68, 66, 83, 67, 74, 63, 77, 77, 80, 85, 
        78, 64, 80, 80, 57, 75, 76, 78, 83, 74, 78), x7 = c(45, 
        47, 48, 35, 47, 34, 35, 41, 31, 34, 41, 25, 35, 46, 60, 
        46, 52, 33, 41, 37, 49, 33, 72, 49, 38, 55, 39)), .Names = c("y", 
        "x1", "x2", "x3", "x4", "x5", "x6", "x7"),