
expected <- structure(list(coefficients = structure(c(13.3956329577769, 0.525930426357347, 
0.0351001217135495, 0.351807179019858, 0.0618404717680491, -0.00653741238898385, 
-0.205059535630284), .Names = c("x1", "x2", "x3", "x4", "x5", 
"x6", "x7")), residuals = structure(c(-6.3559175304469, 0.919903856245413, 
0.0762458903696308, 7.36214367102587, -12.603356426967, -9.1106249291059, 
1.03875946270026, -8.11144033949246, 8.50449284572314, 4.9902175245295, 
11.0785744806573, 8.98899376642546, -3.16391276772783, 0.301120683170943, 
-2.40365772058396, -1.29881060872898, 0.561133452610371, -1.07169271401726, 
-7.57736810014672, 6.30671835481765, -10.2381600459801, 4.57986879203044, 
-2.48336746385599, 2.9814454030558, -7.60349227108312, 6.88649068236342, 
7.44569205241108), .Names = c("1", "2", "4", "5", "6", "7", "8", 
"9", "10", "11", "12", "13", "14", "15", "16", "17", "18", "19", 
"20", "21", "23", "25", "26", "27", "28", "29", "30")), effects = structure(c(-339.4819582835, 
47.9679701362602, -2.8700165765956, -11.4119289631638, -2.66606635816101, 
-2.12267214204735, 7.89339032151336, -5.54173717166592, 9.5640408945457, 
6.67205985736837, 13.2759814928137, 14.9808732490718, 2.49589203007596, 
0.0628388889211171, 4.922975584366, -1.95722818704581, -2.65782557985722, 
-1.43525571605203, -8.80721024177346, 9.29298924413225, -8.3109114363797, 
5.2977581738886, -5.49254751592571, 1.95868534460316, -6.16448334650256, 
7.55895446955351, 11.0307745651384), .Names = c("x1", "x2", "x3", 
"x4", "x5", "x6", "x7", "", "", "", "", "", "", "", "", "", "", 
"", "", "", "", "", "", "", "", "", "")), rank = 7L, fitted.values = structure(c(49.3559175304469, 
62.0800961437546, 60.9237541096304, 73.6378563289741, 55.603356426967, 
67.1106249291059, 69.9612405372997, 80.1114403394925, 58.4955071542769, 
59.0097824754705, 55.9214255193427, 60.0110062335745, 71.1639127677278, 
76.698879316829, 83.403657720584, 75.298810608729, 64.4388665473896, 
66.0716927140173, 57.5773681001467, 43.6932816451824, 63.2381600459801, 
58.4201312079696, 68.483367463856, 75.0185545969442, 55.6034922710831, 
78.1135093176366, 74.5543079475889), .Names = c("1", "2", "4", 
"5", "6", "7", "8", "9", "10", "11", "12", "13", "14", "15", 
"16", "17", "18", "19", "20", "21", "23", "25", "26", "27", "28", 
"29", "30")), assign = 1:7, qr = structure(list(qr = structure(c(-5.19615242270663, 
0.192450089729875, 0.192450089729875, 0.192450089729875, 0.192450089729875, 
0.192450089729875, 0.192450089729875, 0.192450089729875, 0.192450089729875, 
0.192450089729875, 0.192450089729875, 0.192450089729875, 0.192450089729875, 
0.192450089729875, 0.192450089729875, 0.192450089729875, 0.192450089729875, 
0.192450089729875, 0.192450089729875, 0.192450089729875, 0.192450089729875, 
0.192450089729875, 0.192450089729875, 0.192450089729875, 0.192450089729875, 
0.192450089729875, 0.192450089729875, -352.183664205672, 64.6889995800419, 
0.0319993232125807, -0.199879359366827, 0.155667953921598, -0.0298349921419281, 
-0.153503622850946, -0.261713674721336, 0.0629164808898351, 0.186585111598853, 
0.0783750597284623, 0.0474579020512079, -0.277172253559963, -0.1844207805282, 
-0.385382305430354, -0.308089411237218, 0.0783750597284623, -0.0762107286578097, 
0.109292217405717, 0.387546636501006, -0.0143764133033009, 0.171126532760225, 
-0.1844207805282, -0.153503622850946, 0.124750796244344, -0.308089411237218, 
-0.261713674721336, -287.520434056434, 4.23565060178385, -67.8826875129411, 
-0.0130679349531816, -0.0617172225824322, 0.191679865306327, 
0.188746130878078, 0.30218807354237, -0.126525533718322, -0.315098654370343, 
0.255013481177668, -0.21343861772159, 0.215274989539102, 0.294814597219628, 
-0.172147150314233, -0.135326737003067, 0.269744777722304, -0.290028834873019, 
0.0016320493897575, -0.0543750584613869, -0.0454955746723992, 
0.42294086812601, 0.176964224862539, -0.0322233172914631, -0.132424314776516, 
0.10037400771111, 0.00756214264964829, -289.060034774273, 42.7395352490623, 
-2.34674850057036, -44.2054430411633, -0.0607242922359756, 0.0499909138770322, 
-0.0874827291675684, 0.088671595656723, -0.0817993141725297, 
0.273323136065874, -0.231363027231022, -0.213135988525849, -0.427233105402491, 
0.273150427665572, 0.065838172750594, 0.0713209724376319, 0.583675375679038, 
0.00804148531192503, 0.125306049700586, -0.071510907475888, -0.0820096959495476, 
0.0657851439339018, 0.064283172087725, 0.332442811216556, -0.069946140344002, 
0.127109105517189, -0.105482638156395, -336.210306758092, 34.3214802614943, 
-4.86564218719228, -14.9695249627429, 36.9310773033433, -0.0235251833573284, 
-0.0646830301344719, 0.0632529037295187, -0.0197790813790105, 
0.118776072497939, -0.0442075203622604, 0.145136812647162, 0.224149305832588, 
-0.158720019698207, 0.515350642995267, -0.0736299188350382, 0.358132694510488, 
-0.192133575081931, -0.0550012198404933, 0.185107023033671, 0.0181793591048857, 
-0.229781605982537, -0.466748032506246, -0.161888574428334, 0.224588084764449, 
-0.0220197754452777, 0.21087394652863, -388.749181254348, 2.79628514992061, 
-4.60828218872466, -2.68794367674247, 15.458156718676, 45.7694106183923, 
0.359379982688854, -0.0528068186423184, -0.0841739195114823, 
0.0732012794714561, 0.125783903276254, 0.117632093172023, -0.139334017565719, 
0.27221358718893, 0.12351289032224, 0.0595524812360135, -0.225390067438754, 
-0.0519019398632582, 0.0361072599160814, 0.0615426234461631, 
-0.0860252691201101, 0.317683137290662, 0.495287264961405, 0.186450853207517, 
-0.360832289028554, 0.183769966219751, -0.153913073346595, -221.317603189357, 
16.3019301952679, -2.97008550503258, -24.6173069908765, 23.646036461337, 
8.89233765418169, -38.4931639353017, -0.392186562574626, -0.0395988815930676, 
-0.2657403143133, 0.157462857383406, -0.199846778353171, 0.0931952735229915, 
-0.125102998806996, 0.0415188498284649, 0.336743294146243, 0.301151195469084, 
-0.132632430194678, 0.167333721671195, 0.0513216139049029, -0.13366979047797, 
-0.243107391357664, 0.535787645597032, -0.141746766784012, -0.0395609723544603, 
0.200925895190515, -0.0313807391568089), .Dim = c(27L, 7L), .Dimnames = list(
    c("1", "2", "4", "5", "6", "7", "8", "9", "10", "11", "12", 
    "13", "14", "15", "16", "17", "18", "19", "20", "21", "23", 
    "25", "26", "27", "28", "29", "30"), c("x1", "x2", "x3", 
    "x4", "x5", "x6", "x7")), assign = 1:7), qraux = c(1.19245008972988, 
1.01654074437395, 1.15631849115886, 1.10930632110121, 1.1106927070751, 
1.28106251703269, 1.06201742112982), pivot = 1:7, tol = 1e-07, 
    rank = 7L), .Names = c("qr", "qraux", "pivot", "tol", "rank"
), class = "qr"), df.residual = 20L, xlevels = structure(list(), .Names = character(0)), 
    call = quote(lm(formula = y ~ . + 0, data = structure(list(y = c(43, 
        63, 61, 81, 43, 58, 71, 72, 67, 64, 67, 69, 68, 77, 81, 
        74, 65, 65, 50, 50, 53, 63, 66, 78, 48, 85, 82), x1 = c(1, 
        1, 1, 1, 1, 1, 1, 1, 1, 1, 1, 1, 1, 1, 1, 1, 1, 1, 1, 
        1, 1, 1, 1, 1, 1, 1, 1), x2 = c(51, 64, 63, 78, 55, 67, 
        75, 82, 61, 53, 60, 62, 83, 77, 90, 85, 60, 70, 58, 40, 
        66, 54, 77, 75, 57, 85, 82), x3 = c(42, 64, 64, 51, 50, 
        66, 65, 72, 45, 33, 71, 39, 66, 72, 39, 42, 72, 33, 54, 
        52, 50, 83, 64, 50, 45, 58, 52), x4 = c(39, 54, 47, 66, 
        44, 56, 55, 67, 47, 58, 39, 42, 45, 72, 72, 69, 75, 57, 
        54, 34, 50, 48, 63, 74, 45, 71, 59), x5 = c(61, 63, 54, 
        71, 54, 66, 70, 71, 62, 58, 59, 55, 59, 79, 60, 79, 55, 
        75, 64, 43, 63, 66, 88, 80, 51, 77, 64), x6 = c(92, 73, 
        84, 83, 49, 68, 66, 83, 80, 67, 74, 63, 77, 77, 54, 79, 
        80, 85, 78, 64, 80, 75, 76, 78, 83, 74, 78), x7 = c(45, 
        47, 35, 47, 34, 35, 41, 31, 41, 34, 41, 25, 35, 46, 36, 
        63, 60, 46, 52, 33, 37, 33, 72, 49, 38, 55, 39)), .Names = c("y", 
        "x1", "x2", "x3", "x4", "x5", "x6", "x7"),