
expected <- structure(list(coefficients = structure(c(10.3029905514082, 0.672522529393433, 
-0.118677495030672, 0.315860280395926, 0.0636487579907146, -0.0209565319637781, 
-0.122239931778749), .Names = c("x1", "x2", "x3", "x4", "x5", 
"x6", "x7")), residuals = structure(c(-7.54712062044885, 2.16837492970365, 
2.6657459768975, 1.32007490047331, 6.29249841397611, -9.9158678469924, 
-8.43735798146324, 0.989456178631568, -5.05792888519433, 8.86841295404318, 
8.22724823441134, 12.4751624586737, -0.181414913608887, 0.850726766105304, 
-4.37984901209594, -3.96667132818605, -2.39853625048429, -4.08472585376484, 
8.46475955243849, 1.74856924528369, -9.39416840560433, -4.12175042377061, 
-3.17221870581336, 3.40470187745988, -6.69981997987919, 6.90564193708269, 
4.9760567821259), .Names = c("1", "2", "3", "4", "5", "6", "7", 
"8", "9", "10", "11", "12", "14", "15", "16", "17", "19", "20", 
"21", "22", "23", "24", "26", "27", "28", "29", "30")), effects = structure(c(-335.248056309443, 
55.507881731414, 5.01730832808559, 12.937982009321, -1.27807960301797, 
0.0266388017662802, -3.770656563482, 4.67031457170807, -2.28966510007739, 
11.187464016741, 9.56423563910817, 13.6930146654197, -2.09969293776302, 
5.73720243210563, -2.30721873275925, -7.18810016212104, 2.80520905586505, 
-4.50019177178706, 5.50265685011482, 4.04411043734837, -8.82691531501669, 
-6.71190526364264, -0.475333506861578, 7.87019598565937, -7.50726355640842, 
6.72944599779857, 9.90788953531031), .Names = c("x1", "x2", "x3", 
"x4", "x5", "x6", "x7", "", "", "", "", "", "", "", "", "", "", 
"", "", "", "", "", "", "", "", "", "")), rank = 7L, fitted.values = structure(c(50.5471206204488, 
60.8316250702963, 68.3342540231025, 59.6799250995267, 74.7075015860239, 
52.9158678469924, 66.4373579814632, 70.0105438213684, 77.0579288851943, 
58.1315870459568, 55.7727517655887, 54.5248375413263, 68.1814149136089, 
76.1492732338947, 85.3798490120959, 77.9666713281861, 67.3985362504843, 
54.0847258537648, 41.5352404475615, 62.2514307547163, 62.3941684056043, 
44.1217504237706, 69.1722187058134, 74.5952981225401, 54.6998199798792, 
78.0943580629173, 77.0239432178741), .Names = c("1", "2", "3", 
"4", "5", "6", "7", "8", "9", "10", "11", "12", "14", "15", "16", 
"17", "19", "20", "21", "22", "23", "24", "26", "27", "28", "29", 
"30")), assign = 1:7, qr = structure(list(qr = structure(c(-5.19615242270663, 
0.192450089729875, 0.192450089729875, 0.192450089729875, 0.192450089729875, 
0.192450089729875, 0.192450089729875, 0.192450089729875, 0.192450089729875, 
0.192450089729875, 0.192450089729875, 0.192450089729875, 0.192450089729875, 
0.192450089729875, 0.192450089729875, 0.192450089729875, 0.192450089729875, 
0.192450089729875, 0.192450089729875, 0.192450089729875, 0.192450089729875, 
0.192450089729875, 0.192450089729875, 0.192450089729875, 0.192450089729875, 
0.192450089729875, 0.192450089729875, -350.644063487833, 69.9767157041593, 
-0.0740027970375246, 0.0260304773103873, -0.188326539149424, 
0.140354219422287, -0.0311313937455624, -0.145455135857462, -0.245488410205373, 
0.0546114128383621, 0.168935154950261, 0.0689018806023495, -0.259778877969361, 
-0.174036071385436, -0.359812152317273, -0.288359813497336, -0.0740027970375246, 
0.0974828161303243, 0.354711235882098, 0.0546114128383621, -0.0168409259815749, 
0.39758263917406, -0.174036071385436, -0.145455135857462, 0.111773283894312, 
-0.288359813497336, -0.245488410205373, -275.203628313722, 37.1192253786653, 
-51.7989002803227, -0.0646111375218958, 0.00305168115368953, 
0.0897822602435688, -0.161113265566024, -0.0838415133947335, 
0.273352707176091, -0.045318217241926, 0.186296897169124, 0.00293910122085157, 
0.476065967811465, -0.0259127170291181, -0.228538415494507, 0.0899698934649654, 
-0.112830929340394, 0.427646033890144, -0.074407704238998, 0.0898197868878481, 
0.0415874861879235, 0.128280538633523, 0.205752432907637, 0.0706019198964369, 
-0.0260378058433825, 0.22510789759474, -0.363726455149987, -293.67883692779, 
37.9020254461815, -7.52187192325024, 43.33126643185, -0.121492937648673, 
0.135014367433991, -0.0835009050119497, 0.064907370321727, -6.93956314350381e-05, 
0.0915809510779477, -0.178492309224744, 0.280997970441483, 0.591510443853834, 
-0.282447065505078, -0.194720363674145, -0.0742433357923988, 
-0.0527603812070296, 0.0603482267727822, 0.123980681013588, -0.206851483211803, 
0.114317693405659, -0.395054295483173, 0.00709158923035469, -0.31901745600949, 
0.0955309830565158, -0.0726614600816332, -0.0404954151910349, 
-339.28950819377, 36.8715239374229, -8.58423415944909, 19.7034837366774, 
33.3796944967433, 0.0891282688594576, -0.00534326791010281, -0.0787541470762473, 
0.195243614382479, -0.0724219506765863, 0.215632463139881, -0.125555909291352, 
0.195615399430647, -0.0260201866444669, 0.607944339783501, -0.0104391317533713, 
-0.230835737455126, 0.0282513371371344, 0.118579321337855, 0.0901938159779225, 
-0.00439100325568319, 0.338586271621436, -0.427458024109425, 
-0.0225831698730062, 0.196518979383285, 0.101239274755126, 0.186282569069957, 
-394.907584125704, 4.31572126472418, -18.6838671181375, 2.88216287212745, 
-4.14331412040207, -52.5053687231619, 0.098142365579336, 0.105352946867492, 
0.170864734402627, 0.0787185782734718, 0.167248936695402, 0.00640836022949287, 
0.0798927829923549, 0.184531799614037, 0.484940702072091, -0.449595840538139, 
0.126876129160665, 0.170939407753023, -0.296741102859338, 0.131678578082252, 
-0.138286777234534, 0.0793019719565008, 0.036467695316377, 0.200251274380174, 
0.0488289258383299, 0.00303591602159397, 0.442353851012215, -225.166604983954, 
11.2561251087674, -11.4580557756746, 15.8896201680194, 28.5461971703421, 
8.78347705636789, 30.8463569032972, 0.0724074785994224, 0.344790081548876, 
0.0227304224557904, 0.217094048379936, -0.0210974425025061, -0.0782761450378032, 
0.104272887321663, -0.310418725528149, -0.295731333139954, 0.0832739496769177, 
-0.264113989770204, 0.15045072947842, 0.121554635937999, 0.210316167594969, 
-0.27134933187039, -0.455094144619344, 0.0526819494502006, -0.106773926123272, 
-0.248857112755547, -0.220334202286667), .Dim = c(27L, 7L), .Dimnames = list(
    c("1", "2", "3", "4", "5", "6", "7", "8", "9", "10", "11", 
    "12", "14", "15", "16", "17", "19", "20", "21", "22", "23", 
    "24", "26", "27", "28", "29", "30"), c("x1", "x2", "x3", 
    "x4", "x5", "x6", "x7")), assign = 1:7), qraux = c(1.19245008972988, 
1.0117400095464, 1.31188851221032, 1.1092741072632, 1.1175208252798, 
1.15000055236444, 1.25147513856192), pivot = 1:7, tol = 1e-07, 
    rank = 7L), .Names = c("qr", "qraux", "pivot", "tol", "rank"
), class = "qr"), df.residual = 20L, xlevels = structure(list(), .Names = character(0)), 
    call = quote(lm(formula = y ~ . + 0, data = structure(list(y = c(43, 
        63, 71, 61, 81, 43, 58, 71, 72, 67, 64, 67, 68, 77, 81, 
        74, 65, 50, 50, 64, 53, 40, 66, 78, 48, 85, 82), x1 = c(1, 
        1, 1, 1, 1, 1, 1, 1, 1, 1, 1, 1, 1, 1, 1, 1, 1, 1, 1, 
        1, 1, 1, 1, 1, 1, 1, 1), x2 = c(51, 64, 70, 63, 78, 55, 
        67, 75, 82, 61, 53, 60, 83, 77, 90, 85, 70, 58, 40, 61, 
        66, 37, 77, 75, 57, 85, 82), x3 = c(30, 51, 68, 45, 56, 
        49, 42, 50, 72, 45, 53, 47, 83, 54, 50, 64, 46, 68, 33, 
        52, 52, 42, 66, 58, 44, 71, 39), x4 = c(39, 54, 69, 47, 
        66, 44, 56, 55, 67, 47, 58, 39, 45, 72, 72, 69, 57, 54, 
        34, 62, 50, 58, 63, 74, 45, 71, 59), x5 = c(61, 63, 76, 
        54, 71, 54, 66, 70, 71, 62, 58, 59, 59, 79, 60, 79, 75, 
        64, 43, 66, 63, 50, 88, 80, 51, 77, 64), x6 = c(57, 85, 
        83, 79, 49, 83, 74, 77, 83, 78, 83, 77, 85, 80, 80, 49, 
        80, 92, 57, 80, 67, 76, 85, 83, 73, 74, 83), x7 = c(45, 
        47, 48, 35, 47, 34, 35, 41, 31, 41, 34, 41, 35, 46, 36, 
        63, 46, 52, 33, 41, 37, 49, 72, 49, 38, 55, 39)), .Names = c("y", 
        "x1", "x2", "x3", "x4", "x5", "x6", "x7"),