
expected <- structure(list(coefficients = structure(c(9.97406013861146, 0.0449103854486258, 
0.113186444873311, 0.511659437095784, 0.520431499525833, 0.0391860367973121, 
-0.458354950671024), .Names = c("x1", "x2", "x3", "x4", "x5", 
"x6", "x7")), residuals = structure(c(-9.0917702981551, 2.77920558251803, 
-6.57964665271601, 4.24162184882443, 8.44019849805528, -12.0324515948383, 
-8.64195515597069, -10.1263024968526, 7.90719445306614, -1.30077299778161, 
13.1214039249609, 8.08275821156407, 5.23180710874455, -2.65534480452074, 
9.08117805635829, 3.7189219384078, 2.2526008871804, -10.6144612959341, 
6.25935418810557, -4.96807243385774, -10.5493883473012, -13.0292789489677, 
-1.59298914165155, -1.01356096450548, -4.96070014286319, 9.39540227700607, 
16.6450483011245), .Names = c("1", "2", "3", "4", "5", "6", "7", 
"9", "10", "11", "12", "13", "14", "15", "16", "17", "18", "20", 
"21", "22", "23", "24", "25", "27", "28", "29", "30")), effects = structure(c(-334.285805860793, 
7.68772221716446, -28.2164652081844, 31.7812177755444, 16.1449886214134, 
-3.16686083711729, -16.8073645071458, -5.92853781196391, 9.63757802827726, 
-0.24614466149912, 15.6931373885746, 11.9394073313246, 6.7992874742976, 
3.50886968587222, 11.2233835681665, 7.27803349537735, -4.83156088012124, 
-10.0882714348739, 4.48148777446142, -3.64303869742977, -8.38262801607785, 
-15.4150720296391, 3.32346238557369, 4.13558867538474, -8.26388674843342, 
14.1768945167738, 17.757397714578), .Names = c("x1", "x2", "x3", 
"x4", "x5", "x6", "x7", "", "", "", "", "", "", "", "", "", "", 
"", "", "", "", "", "", "", "", "", "")), rank = 7L, fitted.values = structure(c(52.0917702981551, 
60.220794417482, 77.579646652716, 56.7583781511756, 72.5598015019447, 
55.0324515948383, 66.6419551559707, 82.1263024968526, 59.0928055469339, 
65.3007729977816, 53.8785960750391, 60.9172417884359, 62.7681928912555, 
79.6553448045207, 71.9188219436417, 70.2810780615922, 62.7473991128196, 
60.6144612959341, 43.7406458118944, 68.9680724338577, 63.5493883473012, 
53.0292789489677, 64.5929891416515, 79.0135609645055, 52.9607001428632, 
75.6045977229939, 65.3549516988755), .Names = c("1", "2", "3", 
"4", "5", "6", "7", "9", "10", "11", "12", "13", "14", "15", 
"16", "17", "18", "20", "21", "22", "23", "24", "25", "27", "28", 
"29", "30")), assign = 1:7, qr = structure(list(qr = structure(c(-5.19615242270663, 
0.192450089729875, 0.192450089729875, 0.192450089729875, 0.192450089729875, 
0.192450089729875, 0.192450089729875, 0.192450089729875, 0.192450089729875, 
0.192450089729875, 0.192450089729875, 0.192450089729875, 0.192450089729875, 
0.192450089729875, 0.192450089729875, 0.192450089729875, 0.192450089729875, 
0.192450089729875, 0.192450089729875, 0.192450089729875, 0.192450089729875, 
0.192450089729875, 0.192450089729875, 0.192450089729875, 0.192450089729875, 
0.192450089729875, 0.192450089729875, -345.255460975396, 62.5672971021337, 
-0.187860331740042, 0.307606172900492, -0.235808703156868, 0.21170943006684, 
0.307606172900492, -0.203843122212318, -0.0759807984341151, 0.259657801483666, 
-0.235808703156868, -0.0759807984341151, 0.163761058650015, -0.187860331740042, 
0.195726639594565, 0.259657801483666, 0.131795477705464, 0.131795477705464, 
0.0998298967609133, 0.163761058650015, 0.00393315392726143, 0.115812687233189, 
0.00393315392726143, 0.275640591955942, 0.195726639594565, -0.123929169850941, 
0.307606172900492, -275.588528493181, 5.31516576483558, -63.9273961291658, 
-0.0523264871182984, 0.0928283278058642, 0.00549472133895645, 
-0.0992547241755137, 0.344695516872912, -0.0713255842610938, 
0.0704405912247596, -0.0479563833657816, 0.116387363967767, 0.534973187511214, 
0.0639177235772368, 0.0203458379770784, 0.242510793767882, 0.251820507072689, 
0.298748744129904, -0.250330612966174, 0.0500480712533223, 0.0421317807771576, 
-0.108754272746911, -0.114295676080227, 0.149445948701068, -0.0735106361373522, 
0.333010916425256, -0.146182961232729, -291.754336030491, -3.52864496315675, 
-31.091633714289, 54.4817986588905, -0.184329422804863, 0.189947551770828, 
-0.094969563936874, -0.0297951146510405, 0.0637147485990633, 
-0.0198044105055909, 0.21579537831399, 0.282759918847641, 0.527404311547265, 
-0.310879055491571, -0.314976534098365, -0.105041250885014, -0.217339264080273, 
0.199928415682014, 0.192621377274468, -0.113410956205893, 0.0908767884153182, 
-0.150842232420906, 0.021526794865599, -0.258853790388396, 0.116966117354775, 
-0.105835429508504, -0.181851675618018, -328.319853079167, 12.1593518181854, 
-21.3552549762834, 27.2053339958524, 32.4352759277258, 0.0410482785323009, 
-0.190723607985685, 0.109820042887224, -0.0618095763273323, 0.137917806796496, 
-0.033551702106264, 0.107877640272224, 0.0192985845705106, -0.114002476127528, 
0.317736947629616, -0.299780725778263, 0.587574495877108, -0.0208480975904152, 
0.213691343378964, -0.0113144926532109, -0.0535378541699593, 
0.406144021880316, -0.207323407285842, -0.27305144030495, 0.141175149226937, 
-0.0430467304614597, -0.0892279428428049, -387.979380895428, 
17.8687597480037, -7.0604770503823, 3.7969391835341, 17.3058137464817, 
44.4178922541105, 0.103221867494803, -0.00531776051755214, -0.00616296371447909, 
0.0869032127498246, 0.223027256363582, 0.400561090982158, 0.143627820840331, 
0.0856342249316055, 0.281606183612797, -0.0173503406716949, -0.298799715935955, 
0.0373747243870133, 0.171956396029011, -0.135910439671551, -0.0150404987394404, 
0.223438493896755, 0.102955933861675, -0.0591928532980454, -0.250820508724407, 
0.196491458884619, -0.181925185706886, -217.276151305029, 2.06533170213956, 
-13.7845064586779, 22.6946570733585, 3.08384783320171, 10.7065975621329, 
36.6688839785414, 0.453170420744876, -0.0373688859862169, 0.250771050886573, 
-0.209892723813619, 0.196510089702785, 0.0079937771470825, 0.136828051188648, 
0.32133231662765, -0.32976977804479, -0.197744137206499, -0.284245835093047, 
-0.0541586108458201, 0.186413562877905, 0.105789876237658, -0.209606105356104, 
0.18795311313663, 0.134927420562667, 0.0589855534396299, -0.178055264457143, 
0.237652384544592), .Dim = c(27L, 7L), .Dimnames = list(c("1", 
"2", "3", "4", "5", "6", "7", "9", "10", "11", "12", "13", "14", 
"15", "16", "17", "18", "20", "21", "22", "23", "24", "25", "27", 
"28", "29", "30"), c("x1", "x2", "x3", "x4", "x5", "x6", "x7"
)), assign = 1:7), qraux = c(1.19245008972988, 1.14777826817774, 
1.28291616317757, 1.10204107043798, 1.0592025536115, 1.57129777205182, 
1.24288521448986), pivot = 1:7, tol = 1e-07, rank = 7L), .Names = c("qr", 
"qraux", "pivot", "tol", "rank"), class = "qr"), df.residual = 20L, 
    xlevels = structure(list(), .Names = character(0)), call = quote(lm(formula = y ~ 
        . + 0, data = structure(list(y = c(43, 63, 71, 61, 81, 
        43, 58, 72, 67, 64, 67, 69, 68, 77, 81, 74, 65, 50, 50, 
        64, 53, 40, 63, 78, 48, 85, 82), x1 = c(1, 1, 1, 1, 1, 
        1, 1, 1, 1, 1, 1, 1, 1, 1, 1, 1, 1, 1, 1, 1, 1, 1, 1, 
        1, 1, 1, 1), x2 = c(90, 61, 82, 51, 85, 57, 51, 83, 75, 
        54, 85, 75, 60, 82, 58, 54, 62, 62, 64, 60, 70, 63, 70, 
        53, 58, 78, 51), x3 = c(30, 51, 68, 45, 56, 49, 42, 72, 
        45, 53, 47, 57, 83, 54, 50, 64, 65, 68, 33, 52, 52, 42, 
        42, 58, 44, 71, 39), x4 = c(39, 54, 69, 47, 66, 44, 56, 
        67, 47, 58, 39, 42, 45, 72, 72, 69, 75, 54, 34, 62, 50, 
        58, 48, 74, 45, 71, 59), x5 = c(61, 63, 76, 54, 71, 54, 
        66, 71, 62, 58, 59, 55, 59, 79, 60, 79, 55, 64, 43, 66, 
        63, 50, 66, 80, 51, 77, 64), x6 = c(92, 73, 86, 84, 83, 
        49, 68, 83, 80, 67, 74, 63, 77, 77, 54, 79, 80, 78, 64, 
        80, 80, 57, 75, 78, 83, 74, 78), x7 = c(45, 47, 48, 35, 
        47, 34, 35, 31, 41, 34, 41, 25, 35, 46, 36, 63, 60, 52, 
        33, 41, 37, 49, 33, 49, 38, 55, 39)), .Names = c("y", 
        "x1", "x2", "x3", "x4", "x5", "x6", "x7"),