
expected <- structure(list(coefficients = structure(c(-0.972349261762543, 
0.141683514865739, 0.137594185105235, 0.0565259593930465, 0.324656464809115, 
0.421932496986698, -0.185766078391475), .Names = c("x1", "x2", 
"x3", "x4", "x5", "x6", "x7")), residuals = structure(c(-25.3341198901443, 
-10.7761625178795, 9.8126221126664, 6.77532249827805, 1.45588291379657, 
-20.696547892577, -8.6692615057576, 8.2731875911773, 7.16364060771059, 
-1.17408994339504, -3.49122101695499, 1.00788452030039, 3.19911554205497, 
10.5377684499745, 22.637983719412, 9.11741430095632, -4.46645399428973, 
-20.9323383197335, -1.61358691689268, -1.50203649141318, -7.50987197120505, 
-18.8840294679032, 5.45565029597117, 16.5175612389488, -12.7405239442792, 
27.4064212512975, 18.5473559025105), .Names = c("1", "2", "3", 
"4", "5", "6", "7", "8", "9", "10", "11", "12", "14", "15", "16", 
"17", "19", "20", "21", "22", "23", "24", "26", "27", "28", "29", 
"30")), effects = structure(c(-290.57135286558, -158.510823746997, 
-26.429566628886, 10.6993810221831, -34.180874457292, 19.8193548745382, 
6.43993166923031, 12.1634071565396, 14.1114724452307, -5.99846435451244, 
-2.5440582676381, 4.74026238752606, 8.86042129426699, 15.072937133944, 
23.6056604407969, 6.21220058995325, -5.87292937176164, -14.4357284450222, 
5.0779300129768, 9.22262098585337, -10.4373616427636, -19.7939137459329, 
15.1284914759144, 26.727113606374, -13.1827751132332, 27.4051383795967, 
25.6314998012457), .Names = c("x1", "x2", "x3", "x4", "x5", "x6", 
"x7", "", "", "", "", "", "", "", "", "", "", "", "", "", "", 
"", "", "", "", "", "")), rank = 7L, fitted.values = structure(c(68.3341198901443, 
73.7761625178795, 61.1873778873336, 54.2246775017219, 79.5441170862034, 
63.696547892577, 66.6692615057576, 62.7268124088227, 64.8363593922894, 
68.174089943395, 67.491221016955, 65.9921154796996, 64.800884457945, 
66.4622315500255, 58.362016280588, 64.8825856990437, 69.4664539942897, 
70.9323383197335, 51.6135869168927, 65.5020364914132, 60.509871971205, 
58.8840294679032, 60.5443497040288, 61.4824387610512, 60.7405239442792, 
57.5935787487025, 63.4526440974895), .Names = c("1", "2", "3", 
"4", "5", "6", "7", "8", "9", "10", "11", "12", "14", "15", "16", 
"17", "19", "20", "21", "22", "23", "24", "26", "27", "28", "29", 
"30")), assign = 1:7, qr = structure(list(qr = structure(c(-6.00006560698931, 
0.175167180017001, -0.0136100468454679, 0.256532846115323, 0.364095906367041, 
0.209955840325566, 0.0693387444899543, 0.0847058269991835, 0.079560623223554, 
0.253899257968853, 0.154231281908848, 0.166404736053208, 0.163539737728371, 
0.176041069699145, 0.127476256972932, 0.0698340239742301, 0.16553984452055, 
0.203452953144093, 0.0960329625670901, 0.28659428897534, 0.130927964578857, 
0.0415051588409255, 0.297741310235427, 0.0787808084343999, 0.244632462334835, 
0.0455663046861608, 0.404497118134848, -311.978877984246, -191.904089825338, 
0.327713224608616, -0.198856035660167, -0.212627550079927, -0.00223111038532874, 
0.302700963432178, 0.268721823589285, 0.320041479163972, -0.173082037528688, 
0.00829212538977899, 0.0792994617776975, 0.12113948428959, -0.0273263157562152, 
0.0792230621499311, 0.145445676292388, 0.0548639145990681, -0.0161119536412766, 
0.11724326116779, -0.0935940345933773, 0.0675502989106705, 0.198479201426524, 
-0.166571365562133, 0.285024789919418, -0.176577723438389, 0.232563956424916, 
-0.439378467914142, -240.240882486956, -134.384415982204, -66.7244117472041, 
0.0778370128485051, -0.200443845575527, 0.224040810528683, -0.0482500986532382, 
-0.0867694473356743, -0.180259083301189, 0.428262150911707, 0.251223466564129, 
0.20403802288359, -0.0898318584923757, 0.0863997375632228, 0.052651643536442, 
0.0406206376199612, 0.224062405963657, -0.0393973116789103, 0.399431438835701, 
-0.0579639593190766, 0.451483920718118, 0.196976863161132, -0.0508374410108415, 
0.219354427010873, 0.155496759992471, 0.131353423250819, -0.0257607275395473, 
-251.597338885676, -139.178610184567, -37.7312734866188, 62.8525618715466, 
0.0625410643755748, -0.0507377068195445, -0.173498341075892, 
0.0495503240247479, -0.077776010878231, 0.315626437643899, -0.294195086626206, 
0.21844124735317, 0.176880879357577, -0.439724288640639, 0.119783593307607, 
-0.0941091962361125, 0.227034944946912, -0.374516478483369, -0.261111414404762, 
-0.0812610842814335, 0.268512489780013, -0.201398192934917, -0.161598770948853, 
-0.0735631950349841, 0.121883147066523, -0.002530103488661, -0.182530459589291, 
-294.974293331273, -165.088982528453, -22.8511412393262, 12.1108023416439, 
-65.0072913767251, -0.0123958125728469, -0.167080542243456, -0.28757275463167, 
-0.282406482641316, -0.105912728430032, 0.0105553276457227, -0.00417926854061653, 
0.0120537760003217, 0.200954611811929, 0.137191303068771, 0.393952809794509, 
-0.0813255290202211, 0.180091743475757, -0.313334264690941, -0.237261656568769, 
-0.26944736806433, -0.000105473283386168, -0.206479290651267, 
-0.323682301361992, 0.181074961582311, -0.118312145848831, 0.214588403561282, 
-331.418299922272, -170.671144510851, -26.2907237142507, 11.1416700041536, 
-35.5112162985015, 56.8760534943126, -0.0387714643770575, -0.215997197852821, 
-0.234414465793331, -0.163917542342149, -0.169851580430664, 0.324549266663494, 
0.163410711097165, -0.0643671761966741, 0.0207664406621223, -0.254427054804016, 
-0.0737931891952618, -0.0296770306244487, 0.282411221467985, 
0.152180609162739, -0.0804131753059073, -0.260958827233588, 0.0161297348834557, 
0.519068017710314, -0.0514820533188681, -0.147889524906542, -0.00693460305407431, 
-165.131026961575, -111.136805409166, -18.2799913224618, 8.00094005580009, 
-10.2682854064098, 22.4933444859643, -34.6668871141216, 0.139389032537983, 
0.583856512796625, -0.274876335815201, -0.16982362963038, -0.205203930262952, 
-0.0628605098609401, -0.0266818413748634, 0.0406497950300849, 
0.229362231440141, -0.301325911388502, -0.0787646440612191, -0.15730075707925, 
-0.173822966403506, 0.0345164714339419, 0.240930291272177, 0.0506112037960631, 
-0.388930345586966, 0.0265455284157861, -0.0639738532288794, 
0.238205059164712), .Dim = c(27L, 7L), .Dimnames = list(c("1", 
"2", "3", "4", "5", "6", "7", "8", "9", "10", "11", "12", "14", 
"15", "16", "17", "19", "20", "21", "22", "23", "24", "26", "27", 
"28", "29", "30"), c("x1", "x2", "x3", "x4", "x5", "x6", "x7"
)), assign = 1:7), qraux = c(1.11891651614888, 1.07331745492829, 
1.05488624415752, 1.11923422964182, 1.27789561438042, 1.4021964297699, 
1.08768439847454), pivot = 1:7, tol = 1e-07, rank = 7L), .Names = c("qr", 
"qraux", "pivot", "tol", "rank"), class = "qr"), df.residual = 20L, 
    xlevels = structure(list(), .Names = character(0)), call = quote(lm(formula = y ~ 
        . + 0, data = structure(list(y = c(43, 63, 71, 61, 81, 
        43, 58, 71, 72, 67, 64, 67, 68, 77, 81, 74, 65, 50, 50, 
        64, 53, 40, 66, 78, 48, 85, 82), x1 = c(0.713506898647887, 
        1.05101457229331, -0.0816611739870052, 1.53921390703963, 
        2.18459932543848, 1.25974881652397, 0.416037016045994, 
        0.508240519289387, 0.477368959074281, 1.52341220537902, 
        0.925397810103153, 0.998439333632985, 0.981249155720053, 
        1.05625796771945, 0.764865905171018, 0.419008725445445, 
        0.993249927694108, 1.22073106680028, 0.576204075836089, 
        1.71958453644049, 0.785576377262714, 0.249033676074065, 
        1.78646739532352, 0.472690019178056, 1.46781082360835, 
        0.273400817585029, 2.42700924664719), x2 = c(90, 77, 
        58, 54, 90, 75, 83, 82, 90, 58, 57, 75, 82, 58, 61, 53, 
        70, 70, 57, 85, 60, 53, 75, 83, 54, 61, 61), x3 = c(44, 
        47, 42, 45, 52, 68, 53, 50, 49, 71, 57, 66, 51, 47, 46, 
        39, 64, 47, 66, 57, 72, 49, 51, 71, 50, 50, 45), x4 = c(47, 
        45, 48, 39, 57, 69, 66, 50, 59, 45, 72, 50, 44, 75, 39, 
        45, 47, 74, 75, 67, 47, 58, 66, 72, 42, 48, 62),