
expected <- structure(list(coefficients = structure(c(-0.992311895307468, 
0.0827577578211669, 0.15710703586988, 0.102622168879558, 0.29745901654484, 
0.44124534517351, -0.147768991941885), .Names = c("x1", "x2", 
"x3", "x4", "x5", "x6", "x7")), residuals = structure(c(-24.3495223728297, 
-9.46164231440044, 6.08890346667258, 2.60122878699599, -21.9990236392279, 
-9.190637463815, 8.04918654653209, 6.40854883790877, -2.53388298215843, 
-5.60343408352935, 1.34779031070123, 3.45318871154799, 4.29639021668035, 
8.83087971178774, 22.7814916075098, 8.46274699677421, -3.5754042136804, 
-4.74106753398712, -21.8512000473841, -3.82874107727042, -9.23844601234466, 
3.33726193203025, 4.42526635017941, 16.384288068314, -13.4020171989627, 
26.6900904380471, 17.2059528547419), .Names = c("1", "2", "4", 
"5", "6", "7", "8", "9", "10", "11", "12", "13", "14", "15", 
"16", "17", "18", "19", "20", "21", "23", "25", "26", "27", "28", 
"29", "30")), effects = structure(c(-301.367388986004, -146.774284004261, 
-29.2624796440405, 10.7175103267832, -26.2164002560922, 24.4369821860842, 
4.92837211274737, 3.78002483520407, -7.16791183897975, 0.916299297882203, 
3.53880644299446, 5.39766697653679, 7.68241155771867, 21.5064915512433, 
26.4038725817382, 17.3894788121341, -1.08475349989095, -5.62209033410151, 
-8.87636312676866, -2.64781568534838, -17.5659014367641, 16.5450887052528, 
7.06867716460118, 18.9978816995529, -9.97618282126862, 26.7974097831619, 
26.0849493477258), .Names = c("x1", "x2", "x3", "x4", "x5", "x6", 
"x7", "", "", "", "", "", "", "", "", "", "", "", "", "", "", 
"", "", "", "", "", "")), rank = 7L, fitted.values = structure(c(67.3495223728297, 
72.4616423144004, 54.9110965333274, 78.398771213004, 64.9990236392279, 
67.190637463815, 62.9508134534679, 65.5914511620912, 69.5338829821584, 
69.6034340835294, 65.6522096892988, 65.546811288452, 63.7036097833196, 
68.1691202882123, 58.2185083924902, 65.5372530032258, 68.5754042136804, 
69.7410675339871, 71.8512000473841, 53.8287410772704, 62.2384460123447, 
59.6627380679698, 61.5747336498206, 61.615711931686, 61.4020171989627, 
58.3099095619529, 64.7940471452581), .Names = c("1", "2", "4", 
"5", "6", "7", "8", "9", "10", "11", "12", "13", "14", "15", 
"16", "17", "18", "19", "20", "21", "23", "25", "26", "27", "28", 
"29", "30")), assign = 1:7, qr = structure(list(qr = structure(c(-6.63852032842509, 
0.158320607650026, 0.231860991740729, 0.329079255219626, 0.189763494604351, 
0.0626701426618503, 0.07655930751815, 0.0719089398627376, 0.229480686962125, 
0.13939820386491, 0.150400885172834, 0.223887468680463, 0.14781142591648, 
0.159110451646389, 0.11521632341713, 0.0631177890126081, 0.294596889557344, 
0.149619173935669, 0.183886017727972, 0.0867970643049588, 0.118336065628812, 
0.338883280630172, 0.269106262682386, 0.0712041231769785, 0.221105118458916, 
0.0411839994545727, 0.36559491069947, -320.508095481977, -187.105747454523, 
-0.170724906274883, -0.170916064701829, 0.0249089789393798, 0.319445772382376, 
0.286585859238953, 0.338555111075099, -0.144631082156291, 0.0284836237259357, 
0.102888876739377, 0.0107528721907092, 0.145430763299448, -0.00522305414864993, 
0.0977677918566305, 0.158221818019742, -0.145360818319496, 0.0777146414203523, 
0.00982978786405559, 0.132689913560067, 0.0862428077059947, -0.377398472799416, 
-0.132274221952276, 0.30253940011672, -0.149416819453944, 0.244430656434761, 
-0.398248527426089, -243.570539052037, -127.011974438087, -69.1906847432428, 
-0.184412129254574, 0.22705828432099, -0.028078332926237, -0.0660706774774428, 
-0.153994098919243, 0.417982718926012, 0.250836599034396, 0.209444920041173, 
-0.107482000086399, -0.072058519684189, 0.0913028786930947, 0.0613905582698813, 
0.0499714821687237, -0.200884894036233, 0.227516485701796, -0.0280117270371375, 
0.396002014423652, 0.445619287864476, 0.14004585945518, -0.041401212833931, 
0.229624083791852, 0.154278767690096, 0.140440042863173, -0.0248903260769865, 
-258.233795530025, -128.013053214258, -36.0838252717439, 61.2855823720316, 
-0.117106001665105, -0.194133710186867, 0.0482328452105744, -0.0612235415883459, 
0.217492101541197, -0.37442911921222, 0.157503993130775, 0.0139518892920634, 
0.192313728990704, -0.475058641803643, 0.0988327598727709, -0.122526530567533, 
-0.0614020019403331, 0.163087633217706, -0.374854798366613, -0.390849925689704, 
0.142039096457232, -0.0164964431198293, -0.140651051232369, -0.164182994974183, 
0.0947512620587497, -0.0615282154493728, -0.145069816633433, 
-305.308719445805, -143.929751826192, -29.0788951567074, 7.38845581621759, 
-63.4952041238578, -0.0863591125195464, -0.258774085676533, -0.238950294597325, 
-0.131803464095805, 0.0943513878861307, 0.00997862671518428, 
-0.22775895939924, -0.0100634098934959, 0.27205643598142, 0.144197838802266, 
0.455303436932132, -0.275885473428459, -0.0723664771481265, 0.219583272713851, 
-0.187206704320372, -0.225628604946416, 0.354122519508399, -0.250012599332074, 
-0.218169349045201, 0.141665413281649, -0.044996754132197, 0.119631450884752, 
-341.362748383291, -159.468514746883, -18.9285660366894, 6.58450622478173, 
-16.940516488888, 61.5844086379796, -0.0734309014867448, -0.0619481566550723, 
-0.227489797365249, -0.195256253842467, 0.222447701291126, 0.127305250452199, 
0.135751433835947, -0.130574421946165, -0.0771637308231503, -0.428839689841776, 
-0.102923734101905, -0.11362014349468, -0.0676394849878043, 0.327313098287257, 
-0.0902423303458288, 0.279030796480314, 0.142784067629082, 0.562041021249404, 
-0.172507650425432, -0.130490609930853, -0.0589855788429459, 
-167.683166167147, -101.371486581351, -15.6513578137417, 4.56722734073248, 
-0.986301398866265, 18.5211486166462, -33.3518693467544, 0.67299961524356, 
-0.148595648228306, -0.293000850419952, -0.085334577365687, 0.0863764726267695, 
0.0140932570483901, -0.262599757582097, 0.0317603876274322, 0.0106148578306835, 
0.0167223560171827, -0.204615266003976, -0.283644037994413, -0.0648596286819793, 
0.241771708775641, -0.203169535555784, 0.0895794779444174, -0.207374992675071, 
-0.0118882981618925, -0.0286913824913628, 0.0925285114897763), .Dim = c(27L, 
7L), .Dimnames = list(c("1", "2", "4", "5", "6", "7", "8", "9", 
"10", "11", "12", "13", "14", "15", "16", "17", "18", "19", "20", 
"21", "23", "25", "26", "27", "28", "29", "30"), c("x1", "x2", 
"x3", "x4", "x5", "x6", "x7")), assign = 1:7), qraux = c(1.10747980925701, 
1.0978885322443, 1.07892908286631, 1.13391457655299, 1.02426990928, 
1.04594790948449, 1.25889325878747), pivot = 1:7, tol = 1e-07, 
    rank = 7L), .Names = c("qr", "qraux", "pivot", "tol", "rank"
), class = "qr"), df.residual = 20L, xlevels = structure(list(), .Names = character(0)), 
    call = quote(lm(formula = y ~ . + 0, data = structure(list(y = c(43, 
        63, 61, 81, 43, 58, 71, 72, 67, 64, 67, 69, 68, 77, 81, 
        74, 65, 65, 50, 50, 53, 63, 66, 78, 48, 85, 82), x1 = c(0.713506898647887, 
        1.05101457229331, 1.53921390703963, 2.18459932543848, 
        1.25974881652397, 0.416037016045994, 0.508240519289387, 
        0.477368959074281, 1.52341220537902, 0.925397810103153, 
        0.998439333632985, 1.48628151211489, 0.981249155720053, 
        1.05625796771945, 0.764865905171018, 0.419008725445445, 
        1.95568744001723, 0.993249927694108, 1.22073106680028, 
        0.576204075836089, 0.785576377262714, 2.24968354742678, 
        1.78646739532352, 0.472690019178056, 1.46781082360835, 
        0.273400817585029, 2.42700924664719), x2 = c(90, 77, 
        54, 90, 75, 83, 82, 90, 58, 57, 75, 85, 82, 58, 61, 53, 
        82, 70, 70, 57, 60, 55, 75, 83, 54, 61, 61), x3 = c(44, 
        47, 45, 52, 68, 53, 50, 49, 71, 57, 66, 52, 51, 47, 46, 
        39, 45, 64, 47, 66, 72, 52, 51, 71, 50, 50, 45), x4 = c(47, 
        45, 39, 57, 69, 66, 50, 59, 45, 72, 50, 59, 44, 75, 39, 
        45, 62, 47, 74, 75, 47, 54, 66, 72, 42, 48, 62), x5 = c(66, 
        88, 55, 88, 76, 66, 54, 59, 59, 64, 75, 59, 71, 71, 66, 
        77, 51, 66, 75, 50, 54, 79, 51, 66, 64, 55, 64),