
expected <- structure(list(coefficients = structure(c(2.83600101271583, 0.633746445513834, 
-0.0435542487562935, 0.392053762533278, 0.107876376470688, 0.0310028074614762, 
-0.230406100538039), .Names = c("x1", "x2", "x3", "x4", "x5", 
"x6", "x7")), residuals = structure(c(-4.39248701141568, 2.27958266843247, 
2.97396605915682, -0.123170548902828, 2.53237193032169, -10.0555652618324, 
-6.93044373797419, 2.491519934193, -7.54259019482673, 6.85605570137723, 
13.6883274187393, 9.38273359480488, -2.09890411169483, -0.980735731231067, 
0.266816417365136, -2.64996425317337, -5.7696924910118, 12.104026571652, 
-1.73120432679943, -9.14443859139631, -0.935797943198636, 3.56663488070665, 
-4.94980152632155, 2.88420504048907, -7.33178914409977, 7.68436844680975, 
1.38076534339993), .Names = c("1", "2", "3", "4", "5", "6", "7", 
"8", "9", "11", "12", "13", "14", "15", "18", "19", "20", "21", 
"22", "23", "24", "25", "26", "27", "28", "29", "30")), effects = structure(c(-289.377086751283, 
-167.341357244193, -1.48199683719285, 16.2987477312208, -0.765173264854346, 
0.361026513312165, -8.35403541113176, 3.52273189172231, -6.96957584758924, 
8.69993929155133, 13.8452547408379, 13.115450582868, -3.25592934354594, 
1.67871822095225, -2.91597051912493, -1.10870750058514, -5.36606608619536, 
10.5463202687069, 1.10284401106251, -9.12411065014646, -3.19867027299387, 
10.555674096171, -1.1230490233417, 4.09803437438787, -8.90504852161402, 
6.1281049138493, 3.13719304823014), .Names = c("x1", "x2", "x3", 
"x4", "x5", "x6", "x7", "", "", "", "", "", "", "", "", "", "", 
"", "", "", "", "", "", "", "", "", "")), rank = 7L, fitted.values = structure(c(47.3924870114157, 
60.7204173315675, 68.0260339408432, 61.1231705489028, 78.4676280696783, 
53.0555652618324, 64.9304437379742, 68.508480065807, 79.5425901948267, 
57.1439442986228, 53.3116725812607, 59.6172664051951, 70.0989041116948, 
77.9807357312311, 64.7331835826349, 67.6499642531734, 55.7696924910118, 
37.895973428348, 65.7312043267994, 62.1444385913963, 40.9357979431986, 
59.4333651192934, 70.9498015263216, 75.1157949595109, 55.3317891440998, 
77.3156315531902, 80.6192346566001), .Names = c("1", "2", "3", 
"4", "5", "6", "7", "8", "9", "11", "12", "13", "14", "15", "18", 
"19", "20", "21", "22", "23", "24", "25", "26", "27", "28", "29", 
"30")), assign = 1:7, qr = structure(list(qr = structure(c(-6.63432261317191, 
0.158420781378133, -0.0123088940270818, 0.232007696457758, 0.329287472559917, 
0.189883563096983, 0.0627097957551818, 0.0766077486615313, 0.0719544385927968, 
0.139486404876641, 0.150496047878447, 0.224029128333916, 0.147904950201225, 
0.159211125130143, 0.294783288972769, 0.149713842031452, 0.184002367382107, 
0.0868519831538012, 0.259195193948874, 0.118410940056339, 0.0375371670318879, 
0.339097701242357, 0.269276533489136, 0.0712491759504683, 0.221245017644172, 
0.0412100576842938, 0.365826232482057, -294.030782983197, -180.853251721633, 
0.408256689779371, -0.0512935545261239, -0.135921579636452, -0.0229678553019048, 
0.262446044039367, 0.282741038551079, 0.329461960246863, 0.0527845202679522, 
0.0725253960637033, -0.0430795054654723, 0.204163594654752, 0.151512199335353, 
-0.17601498900811, 0.129166224780789, 0.00375076769177896, 0.0715678756503489, 
-0.109183766200584, 0.160969311522003, 0.13992652998416, -0.285524357055874, 
-0.0380797477360304, 0.291971388476283, -0.0659304908701108, 
0.399008386830584, -0.176743635348627, -234.120644704931, -150.809140920832, 
-53.47080266527, -0.0475840561914397, -0.0355617504963973, 0.134708606583664, 
-0.238976061564562, -0.208938339005147, 0.0906690296001259, 0.219309835861073, 
0.00197642735124673, 0.189110990312192, 0.313232192320432, -0.130129134033219, 
0.400416595940184, -0.173973013477082, 0.44044963412008, 0.026713443482294, 
0.126357244750265, -0.0124063345740891, 0.22097854552537, 0.0834056717638975, 
0.141440768474555, -0.061619411826044, 0.0232513197775865, 0.0117235917644214, 
-0.400605309066912, -247.60438515501, -151.00468751778, -19.2593801632797, 
51.7274499216193, -0.0446465767856406, 0.097718079146798, -0.115796211513923, 
0.0472567589910689, 0.0753271061600948, -0.161550922025232, 0.21261452714033, 
0.274775520474866, 0.621751922502534, -0.214577619376783, -0.295957789322355, 
-0.0590593212642991, 0.10263644136723, 0.000157177981593301, 
-0.160475526530182, 0.0918421853799549, -0.415156035387567, -0.0282988076257239, 
0.0865454863084315, -0.247851101592778, 0.0548383998011968, 0.00963274292527774, 
-0.0245164041543112, -286.014596655973, -175.998517569445, -5.96387153361454, 
26.4089962569648, 35.5129478656584, -0.00280798809081715, 0.0143915391668619, 
-0.0164502626354849, 0.222066675266958, 0.0833240772195667, -0.172442931814633, 
0.0255576072065545, 0.181737467108632, 0.0817108720197187, 0.596492742111719, 
-0.159089654104048, -0.103621304367276, -0.0824735545427263, 
0.0822096437367795, -0.0247856867869722, 0.0748638870515299, 
-0.220127343162014, -0.321604020799768, 0.0248362375170487, 0.147789271565114, 
0.158651288189392, 0.438175054940906, -340.030285137694, -186.154402547229, 
-12.289041211833, 22.8533131431322, 27.1070973188598, 57.4617648605083, 
0.00024544292007055, 0.17734256453583, -0.0391180626618674, 0.0363662042971268, 
0.0135772628702087, 0.267772797855262, 0.137893976686538, 0.178427882147312, 
-0.0812097582280167, -0.00427044654725207, 0.127735183989089, 
-0.231403853412509, 0.0690131090366545, -0.0938873921145124, 
-0.121502974024429, 0.277982407074254, 0.6291342130724, 0.0867223731116354, 
-0.255677978239871, 0.157724220070415, 0.11411496011442, -191.193792916945, 
-107.048887331605, -20.6773631324529, 32.7188269271536, 23.5956318201418, 
6.16498224542576, 36.2578742126342, -0.010864670314587, 0.406211598938685, 
0.279704838202162, -0.121764739902799, 0.258867640949798, -0.0755738475833454, 
0.18340885313661, -0.318889642878062, 0.0768293036009646, -0.127773566387433, 
-0.0614211468275693, 0.230486040468782, 0.102615912275732, -0.16725277252095, 
0.392608941403344, -0.411659864535129, 0.148228267338647, -0.0484901849846042, 
-0.195408508556442, -0.0185670423359722), .Dim = c(27L, 7L), .Dimnames = list(
    c("1", "2", "3", "4", "5", "6", "7", "8", "9", "11", "12", 
    "13", "14", "15", "18", "19", "20", "21", "22", "23", "24", 
    "25", "26", "27", "28", "29", "30"), c("x1", "x2", "x3", 
    "x4", "x5", "x6", "x7")), assign = 1:7), qraux = c(1.10754781463767, 
1.08099211385329, 1.16806132929264, 1.07835872316841, 1.2646165307483, 
1.39276688278347, 1.17225822931242), pivot = 1:7, tol = 1e-07, 
    rank = 7L), .Names = c("qr", "qraux", "pivot", "tol", "rank"
), class = "qr"), df.residual = 20L, xlevels = structure(list(), .Names = character(0)), 
    call = quote(lm(formula = y ~ . + 0, data = structure(list(y = c(43, 
        63, 71, 61, 81, 43, 58, 71, 72, 64, 67, 69, 68, 77, 65, 
        65, 50, 50, 64, 53, 40, 63, 66, 78, 48, 85, 82), x1 = c(0.713506898647887, 
        1.05101457229331, -0.0816611739870052, 1.53921390703963, 
        2.18459932543848, 1.25974881652397, 0.416037016045994, 
        0.508240519289387, 0.477368959074281, 0.925397810103153, 
        0.998439333632985, 1.48628151211489, 0.981249155720053, 
        1.05625796771945, 1.95568744001723, 0.993249927694108, 
        1.22073106680028, 0.576204075836089, 1.71958453644049, 
        0.785576377262714, 0.249033676074065, 2.24968354742678, 
        1.78646739532352, 0.472690019178056, 1.46781082360835, 
        0.273400817585029, 2.42700924664719), x2 = c(51, 64, 
        70, 63, 78, 55, 67, 75, 82, 53, 60, 62, 83, 77, 60, 70, 
        58, 40, 61, 66, 37, 54, 77, 75, 57, 85, 82), x3 = c(30, 
        51, 68, 45, 56, 49, 42, 50, 72, 53, 47, 57, 83, 54, 65, 
        46, 68, 33, 52, 52, 42, 42, 66, 58, 44, 71, 39), x4 = c(39, 
        54, 69, 47, 66, 44, 56, 55, 67, 58, 39, 42, 45, 72, 75, 
        57, 54, 34, 62, 50, 58, 48, 63, 74, 45, 71, 59),