
expected <- structure(list(coefficients = structure(c(2.89154776598675, 0.520611604805457, 
0.0113618609176664, 0.505213698713512, 0.177533917991434, 0.056224859000363, 
-0.419135548760741), .Names = c("x1", "x2", "x3", "x4", "x5", 
"x6", "x7")), residuals = structure(c(-2.79967753251425, 3.1911230678539, 
0.951553794329713, -0.145544738792016, 2.52285251697832, -10.1536370734747, 
-7.72391850561327, 3.17602397209512, 8.26081123058885, 4.01375568217566, 
7.72968221027074, -1.8598139991226, -3.60946779524297, 0.888121727157163, 
0.364570416447238, -2.44858999614955, -5.732082758646, 12.5563306924526, 
-3.67430461413245, -9.65800948858234, -1.30618580475111, 1.55182030461829, 
-1.54940977199375, 1.49191168054092, -6.94738716597742, 8.50230126488904, 
2.63989108908327), .Names = c("1", "2", "3", "4", "5", "6", "7", 
"8", "10", "11", "13", "14", "16", "17", "18", "19", "20", "21", 
"22", "23", "24", "25", "26", "27", "28", "29", "30")), effects = structure(c(-288.829991512041, 
-171.094002819787, -3.90543798159765, 17.2033750693115, 0.21303817964107, 
1.59210218296206, -14.4937774593919, 4.38482949748223, 9.3019610165084, 
6.28883954399708, 11.5682275671986, -2.79326356352923, -4.76461162418469, 
-1.48280108703055, -2.73052811463105, -1.0398292189069, -5.40481289491919, 
10.8097008902272, -0.782492565312546, -9.56794974528179, -3.28726923223736, 
8.21157994852843, 1.70495384981653, 3.21062267817044, -8.81221981304099, 
7.42209478388643, 4.05465881976729), .Names = c("x1", "x2", "x3", 
"x4", "x5", "x6", "x7", "", "", "", "", "", "", "", "", "", "", 
"", "", "", "", "", "", "", "", "", "")), rank = 7L, fitted.values = structure(c(45.7996775325143, 
59.8088769321461, 70.0484462056703, 61.145544738792, 78.4771474830217, 
53.1536370734747, 65.7239185056133, 67.8239760279049, 58.7391887694111, 
59.9862443178243, 61.2703177897293, 69.8598139991226, 84.609467795243, 
73.1118782728428, 64.6354295835528, 67.4485899961496, 55.732082758646, 
37.4436693075474, 67.6743046141325, 62.6580094885823, 41.3061858047511, 
61.4481796953817, 67.5494097719938, 76.5080883194591, 54.9473871659774, 
76.497698735111, 79.3601089109167), .Names = c("1", "2", "3", 
"4", "5", "6", "7", "8", "10", "11", "13", "14", "16", "17", 
"18", "19", "20", "21", "22", "23", "24", "25", "26", "27", "28", 
"29", "30")), assign = 1:7, qr = structure(list(qr = structure(c(-6.68993021844252, 
0.157103966405497, -0.0122065808342642, 0.23007921708905, 0.32655039052815, 
0.188305225225092, 0.062188543446848, 0.0759709746879408, 0.227717204161464, 
0.138326975003723, 0.222166967903129, 0.146675544240355, 0.114330924269205, 
0.0626327497841964, 0.292333010384155, 0.148469400316906, 0.182472914804854, 
0.0861300577168404, 0.257040728421951, 0.117426692298982, 0.0372251530199133, 
0.336279075262242, 0.267038270503728, 0.0706569431583851, 0.21940599911819, 
0.0408675141081934, 0.362785435333318, -294.127793227127, -188.265347983479, 
0.392036129899068, -0.0464976788355143, -0.126629716329116, -0.0197912731748248, 
0.252863863375048, 0.272526150384529, -0.0532082515444674, 0.0523755951754331, 
-0.0387024999024026, 0.197895547724592, 0.288656751335977, 0.34773775974377, 
-0.165557538885237, 0.125872506875097, 0.00580504496423368, 0.0697895675330182, 
-0.101783373980842, 0.15604889076721, 0.134866761299389, -0.270225162774677, 
-0.0333581116630077, 0.281328971283064, -0.0606871484551556, 
0.383792395551751, -0.165407330855404, -231.468803971319, -147.847661745146, 
-57.3608028585738, -0.0417678967901739, -0.0381102591074417, 
0.130293191253507, -0.184270249331966, -0.152917762754459, -0.0145149208421809, 
0.217433392624703, 0.179668695791759, 0.32604363746822, -0.353045827593202, 
-0.0503140778306323, 0.361388181480329, -0.138305901324949, 0.418711601738942, 
0.0382884567870048, 0.113583594975365, 0.0153585219173046, 0.226688873768661, 
0.0527296215368653, 0.137788716545224, -0.0145486167058402, 0.0218157121745372, 
0.0672195317566622, -0.382469517465351, -246.833107457172, -155.87851467389, 
-20.5290349304687, 49.7077906461522, -0.0501726918417327, 0.0983406368148181, 
-0.101242921598766, 0.0687556451221627, 0.0623471625184834, -0.170204565539937, 
0.28044653873275, 0.65001076930713, -0.12670927212935, 0.00821031222522191, 
-0.324874107349652, -0.0498222984385658, 0.0970122948657328, 
0.00352797314504232, -0.173920911378996, 0.104494236917442, -0.430524576535686, 
-0.0434208023259073, 0.0862965886674249, -0.241642728150263, 
0.0546246083600396, 0.0295014769410421, -0.0217812866054688, 
-283.218620904923, -175.691025388844, -17.193226284075, 23.4943310701089, 
42.0509898580663, 0.0287045829483414, -0.0827448584725788, -0.0957378630221897, 
-0.0642147111743126, 0.102049647348121, 0.0757324562043728, 0.232692880715602, 
0.520206973946215, 0.00501553021316633, 0.589187699915947, -0.200278879587055, 
0.0145277612447426, -0.0750833348463792, 0.0908036364509707, 
-0.0420302064395095, 0.0771148644097873, -0.152409773552352, 
-0.241604993851535, -0.0420452948411658, 0.130051909278943, 0.0921065072204064, 
0.27461866784855, -337.419070596996, -178.905325559502, -26.6780999883454, 
22.3029471400396, 42.2558573661555, 58.2542301643342, -0.00875297996826801, 
0.16224547489184, 0.0118144214211763, 0.0352602666973195, 0.257017434749845, 
0.0881560876885402, 0.0426664214159817, 0.0757019536495864, -0.116113589437906, 
0.010176807121105, 0.139083888575364, -0.221081005503676, 0.07519707760417, 
-0.0988266060615194, -0.114449822759468, 0.316028228103651, 0.657671781198631, 
0.0811802469766027, -0.263888773744033, 0.122491415668289, 0.0764435564928026, 
-191.408814116079, -115.955209674231, -27.8434755074364, 31.8147731468741, 
22.9717294467123, 4.0159650002944, 34.580167447609, 0.0893567261861885, 
0.00668542855782529, 0.313421764765775, 0.261710052366295, -0.0455256456932698, 
0.137868387040982, -0.29089211307142, -0.314736992554417, 0.120247970702258, 
-0.174917093328186, -0.0671363023180988, 0.238694501182733, 0.143732928067859, 
-0.138216015902151, 0.340349598970589, -0.449308542826727, 0.257272811748576, 
-0.05412125417704, -0.0751740772529574, 0.0590802453215527), .Dim = c(27L, 
7L), .Dimnames = list(c("1", "2", "3", "4", "5", "6", "7", "8", 
"10", "11", "13", "14", "16", "17", "18", "19", "20", "21", "22", 
"23", "24", "25", "26", "27", "28", "29", "30"), c("x1", "x2", 
"x3", "x4", "x5", "x6", "x7")), assign = 1:7), qraux = c(1.10665386264881, 
1.07969922909067, 1.21200425995482, 1.08167114245215, 1.21180459278227, 
1.38862299264716, 1.27966171884089), pivot = 1:7, tol = 1e-07, 
    rank = 7L), .Names = c("qr", "qraux", "pivot", "tol", "rank"
), class = "qr"), df.residual = 20L, xlevels = structure(list(), .Names = character(0)), 
    call = quote(lm(formula = y ~ . + 0, data = structure(list(y = c(43, 
        63, 71, 61, 81, 43, 58, 71, 67, 64, 69, 68, 81, 74, 65, 
        65, 50, 50, 64, 53, 40, 63, 66, 78, 48, 85, 82), x1 = c(0.713506898647887, 
        1.05101457229331, -0.0816611739870052, 1.53921390703963, 
        2.18459932543848, 1.25974881652397, 0.416037016045994, 
        0.508240519289387, 1.52341220537902, 0.925397810103153, 
        1.48628151211489, 0.981249155720053, 0.764865905171018, 
        0.419008725445445, 1.95568744001723, 0.993249927694108, 
        1.22073106680028, 0.576204075836089, 1.71958453644049, 
        0.785576377262714, 0.249033676074065, 2.24968354742678, 
        1.78646739532352, 0.472690019178056, 1.46781082360835, 
        0.273400817585029, 2.42700924664719), x2 = c(51, 64, 
        70, 63, 78, 55, 67, 75, 61, 53, 62, 83, 90, 85, 60, 70, 
        58, 40, 61, 66, 37, 54, 77, 75, 57, 85, 82), x3 = c(30, 
        51, 68, 45, 56, 49, 42, 50, 45, 53, 57, 83, 50, 64, 65, 
        46, 68, 33, 52, 52, 42, 42, 66, 58, 44, 71, 39), x4 = c(39, 
        54, 69, 47, 66, 44, 56, 55, 47, 58, 42, 45, 72, 69, 75, 
        57, 54, 34, 62, 50, 58, 48, 63, 74, 45, 71, 59),