
expected <- structure(list(coefficients = structure(c(-1.44241777080582, 
0.111013364555376, 0.210417275035719, 0.0551214653323235, 0.307296201240616, 
0.420515411148571, -0.156840656002255), .Names = c("x1", "x2", 
"x3", "x4", "x5", "x6", "x7")), residuals = structure(c(-25.3034120296464, 
-10.5412814613412, 8.64570577465549, 5.9137185277739, 2.2024714894446, 
-22.8414201888294, 7.17353548444561, 5.98245605807304, -3.62368970229796, 
-0.57971215805028, 3.12046117427489, 2.80935060585731, 9.88012381622681, 
21.7973965011103, 8.4229103860478, -2.72490561998614, -6.14270917091582, 
-21.0709226217284, -4.31260839357774, -1.98776258547092, -20.8022605545021, 
3.1577753471742, 4.89438982138939, 14.5345911020948, -13.7454901547484, 
25.8694482171129, 18.4943929589852), .Names = c("1", "2", "3", 
"4", "5", "6", "8", "9", "10", "12", "13", "14", "15", "16", 
"17", "18", "19", "20", "21", "22", "24", "25", "26", "27", "28", 
"29", "30")), effects = structure(c(-295.161719170223, -158.625821389839, 
-30.3744863109449, 7.5545578662792, -31.9066842633991, 22.463079063049, 
5.25044565351741, 6.1044173933931, -7.02609220207212, 5.44212154887408, 
11.1250248884716, 9.34603334749713, 13.1928473543303, 21.8582432243533, 
1.81784665959856, 3.33234542774264, -4.83374908721431, -14.8997995647692, 
3.68251301834547, 10.07556734444, -25.5427895966144, 10.3117072631267, 
12.7986909017589, 29.9494428945004, -15.957779215097, 26.2431973642867, 
20.5568843373151), .Names = c("x1", "x2", "x3", "x4", "x5", "x6", 
"x7", "", "", "", "", "", "", "", "", "", "", "", "", "", "", 
"", "", "", "", "", "")), rank = 7L, fitted.values = structure(c(68.3034120296464, 
73.5412814613412, 62.3542942253445, 55.0862814722261, 78.7975285105554, 
65.8414201888294, 63.8264645155544, 66.017543941927, 70.623689702298, 
67.5797121580503, 65.8795388257251, 65.1906493941427, 67.1198761837732, 
59.2026034988897, 65.5770896139522, 67.7249056199861, 71.1427091709158, 
71.0709226217284, 54.3126083935777, 65.9877625854709, 60.8022605545021, 
59.8422246528258, 61.1056101786106, 63.4654088979052, 61.7454901547484, 
59.1305517828871, 63.5056070410148), .Names = c("1", "2", "3", 
"4", "5", "6", "8", "9", "10", "12", "13", "14", "15", "16", 
"17", "18", "19", "20", "21", "22", "24", "25", "26", "27", "28", 
"29", "30")), assign = 1:7, qr = structure(list(qr = structure(c(-6.74158967142446, 
0.155900110139933, -0.0121130442472852, 0.228316166076361, 0.324048100212674, 
0.186862279955077, 0.0753888243070715, 0.070809554176473, 0.225972252781313, 
0.148101468985136, 0.220464546873089, 0.145551598887614, 0.156677878542001, 
0.113454829268689, 0.0621528075524227, 0.290092921007458, 0.147331709003915, 
0.181074661362822, 0.0854700603150681, 0.25507107674163, 0.0369399041192974, 
0.333702235981893, 0.264992009658465, 0.0701155131380429, 0.217724734839611, 
0.0405543545232205, 0.360005483118402, -318.606353124831, -189.430704344611, 
0.329808027268803, -0.160284300025504, -0.156973993935422, 0.0314333044029013, 
0.285824032260035, 0.336988067326686, -0.134596408458908, 0.107039369840371, 
0.018679144700877, 0.148965922394253, 0.000567817007090555, 0.100714761306666, 
0.158551660492421, -0.132973500057106, 0.082145972065053, 0.0163276416364306, 
0.134185392932564, -0.0488236628083309, 0.207731447476543, -0.360569292557778, 
-0.120964989356929, 0.301389023188672, -0.139624865325253, 0.242912974556201, 
-0.380202030735391, -236.202159389804, -129.258303089349, -62.6005669467601, 
0.112332945855998, -0.169895685162429, 0.267609527489125, -0.0728438045890724, 
-0.171673550556764, 0.486246813280989, 0.242723914013714, -0.0987145563174073, 
-0.0696545401742385, 0.115490496235342, 0.0760085802794179, 0.0572266224010953, 
-0.191838577518662, 0.263221763454617, -0.0144898991422423, 0.44243881896626, 
-0.0251490627929496, 0.221563869459839, 0.194488377962041, -0.0181902753431782, 
0.253116081324479, 0.194134393185765, 0.153189659562128, 0.0151079257424403, 
-253.503637879514, -132.508246317167, -37.3655123183588, 57.6132686886246, 
0.0716998058975219, -0.0393259782043678, 0.0387381886597753, 
-0.107782436305285, 0.380048860630946, 0.248980506540135, -0.0219491983297024, 
0.185107346558097, -0.470921642932685, 0.1321704932855, -0.105622569024141, 
-0.141396307778574, 0.26054178082159, -0.40698666542983, -0.265830620511754, 
-0.0834680711011952, -0.216542707015205, 0.0221121519976446, 
-0.167360006930718, -0.0790083081256842, 0.153225490556164, -0.00473315016531815, 
-0.175261067082464, -297.543435859046, -158.811482588319, -35.2056745626008, 
7.5390178876479, -71.1655848228318, -0.0759826673137448, -0.245104103228829, 
-0.21663087187877, -0.218582629477627, -0.0627223810695474, -0.163598052275422, 
0.0176332520362795, 0.156603242635546, 0.103798498415061, 0.350256262564321, 
-0.15759136908636, -0.138162031041657, 0.161926998164825, -0.373905160058617, 
-0.228063602087722, -0.0385148709930881, 0.323479302154494, -0.20290112477083, 
-0.341785505073313, 0.106218720803507, -0.134725563662349, 0.161697014224766, 
-332.47798645379, -169.641987833242, -15.8520316733876, 8.94480276044542, 
-27.9312742908231, 61.6727816748446, -0.134688662754578, -0.135829414961993, 
-0.249040481120796, 0.257251670294444, 0.0378131488947093, 0.171642200721824, 
-0.147715445929949, -0.0084921480083204, -0.29304498734429, -0.2412619656135, 
-0.106408834636598, -0.0836090194283604, 0.191446087327634, 0.142067849890813, 
-0.287763770397007, 0.343494427834963, 0.000797035111501751, 
0.474256577129273, -0.130272917007774, -0.141264175062577, -0.104175507550565, 
-161.974882018809, -108.67706802542, -14.9322881269131, 10.8346199139148, 
-10.888509061122, 22.1325016619057, -33.4763051070249, 0.610397272508043, 
-0.234603028536708, -0.195222928180127, 0.0153327205505126, -0.0552317635914416, 
-0.0685159126315356, 0.0486260929126592, 0.22048070264765, 0.0229721761133744, 
-0.280087303987906, -0.119508222810937, -0.170014707073638, -0.178811635605785, 
0.242643376832344, -0.112982763776642, 0.0494630042973798, -0.404454173441184, 
0.0393477915855826, -0.0554219482076441, 0.228336575878855), .Dim = c(27L, 
7L), .Dimnames = list(c("1", "2", "3", "4", "5", "6", "8", "9", 
"10", "12", "13", "14", "15", "16", "17", "18", "19", "20", "21", 
"22", "24", "25", "26", "27", "28", "29", "30"), c("x1", "x2", 
"x3", "x4", "x5", "x6", "x7")), assign = 1:7), qraux = c(1.10583659543568, 
1.10238544632002, 1.06637602736915, 1.14708306485957, 1.26230863959499, 
1.29950047219905, 1.16353207788004), pivot = 1:7, tol = 1e-07, 
    rank = 7L), .Names = c("qr", "qraux", "pivot", "tol", "rank"
), class = "qr"), df.residual = 20L, xlevels = structure(list(), .Names = character(0)), 
    call = quote(lm(formula = y ~ . + 0, data = structure(list(y = c(43, 
        63, 71, 61, 81, 43, 71, 72, 67, 67, 69, 68, 77, 81, 74, 
        65, 65, 50, 50, 64, 40, 63, 66, 78, 48, 85, 82), x1 = c(0.713506898647887, 
        1.05101457229331, -0.0816611739870052, 1.53921390703963, 
        2.18459932543848, 1.25974881652397, 0.508240519289387, 
        0.477368959074281, 1.52341220537902, 0.998439333632985, 
        1.48628151211489, 0.981249155720053, 1.05625796771945, 
        0.764865905171018, 0.419008725445445, 1.95568744001723, 
        0.993249927694108, 1.22073106680028, 0.576204075836089, 
        1.71958453644049, 0.249033676074065, 2.24968354742678, 
        1.78646739532352, 0.472690019178056, 1.46781082360835, 
        0.273400817585029, 2.42700924664719), x2 = c(90, 77, 
        58, 54, 90, 75, 82, 90, 58, 75, 85, 82, 58, 61, 53, 82, 
        70, 70, 57, 85, 53, 55, 75, 83, 54, 61, 61), x3 = c(44, 
        47, 42, 45, 52, 68, 50, 49, 71, 66, 52, 51, 47, 46, 39, 
        45, 64, 47, 66, 57, 49, 52, 51, 71, 50, 50, 45), x4 = c(47, 
        45, 48, 39, 57, 69, 50, 59, 45, 50, 59, 44, 75, 39, 45, 
        62, 47, 74, 75, 67, 58, 54, 66, 72, 42, 48, 62), x5 = c(66, 
        88, 76, 55, 88, 76, 54, 59, 59, 75, 59, 71, 71, 66, 77, 
        51, 66, 75, 50, 58, 59, 79, 51, 66, 64, 55, 64),