
expected <- structure(list(coefficients = structure(c(4.2147252769966, 0.589298041445779, 
-0.0511880543627397, 0.335021976473693, 0.055082299572992, 0.154044808809584, 
-0.251142275527292), .Names = c("x1", "x2", "x3", "x4", "x5", 
"x6", "x7")), residuals = structure(c(-7.82239141207539, 2.4628227396387, 
5.07830873306761, -3.17993929322039, 1.68947191614844, -8.93744220093948, 
-5.16828203126819, 5.06786168528458, -6.00650278596983, 5.74763111289785, 
7.17166031005793, 12.4216132587206, 8.59025671596335, -2.19613979854259, 
1.15437901223194, 0.595061286759265, 1.60410070921818, -0.684567125684796, 
-2.85117717868002, -6.41609545282633, 10.3582834998475, -2.96652383433247, 
-9.79548472985959, 0.636290004935725, 0.863853721707049, -3.10579540281378, 
-0.0677926239579731), .Names = c("1", "2", "3", "4", "5", "6", 
"7", "8", "9", "10", "11", "12", "13", "14", "15", "16", "17", 
"18", "19", "20", "21", "22", "23", "24", "25", "26", "30")), 
    effects = structure(c(-296.980483782617, -156.847244153665, 
    -2.41442061477099, 13.3305100114392, 2.20810663671968, 7.67429020782842, 
    -9.67570502367039, 6.84205898360185, -6.18274523474143, 7.84991819098903, 
    7.97820560390448, 13.5971752924262, 12.1518027781498, -2.6473331133864, 
    3.72978912374723, -0.0379841128470871, 0.401263269114442, 
    -3.79805777476856, -0.710083019047322, -6.19949620646232, 
    9.27062327189378, -0.554783497149647, -9.42401010518866, 
    -2.2316685049906, 7.46138041953259, 1.7895025935171, 3.51931568344004
    ), .Names = c("x1", "x2", "x3", "x4", "x5", "x6", "x7", "", 
    "", "", "", "", "", "", "", "", "", "", "", "", "", "", "", 
    "", "", "", "")), rank = 7L, fitted.values = structure(c(50.8223914120754, 
    60.5371772603613, 65.9216912669324, 64.1799392932204, 79.3105280838516, 
    51.9374422009395, 63.1682820312682, 65.9321383147154, 78.0065027859698, 
    61.2523688871022, 56.8283396899421, 54.5783867412794, 60.4097432840367, 
    70.1961397985426, 75.8456209877681, 80.4049387132407, 72.3958992907818, 
    65.6845671256848, 67.85117717868, 56.4160954528263, 39.6417165001525, 
    66.9665238343325, 62.7954847298596, 39.3637099950643, 62.136146278293, 
    69.1057954028138, 82.067792623958), .Names = c("1", "2", 
    "3", "4", "5", "6", "7", "8", "9", "10", "11", "12", "13", 
    "14", "15", "16", "17", "18", "19", "20", "21", "22", "23", 
    "24", "25", "26", "30")), assign = 1:7, qr = structure(list(
        qr = structure(c(-6.68153851839872, 0.157301281643317, 
        -0.012221911729183, 0.230368185830427, 0.326960522553724, 
        0.188541727785456, 0.0622666493503505, 0.0760663906808084, 
        0.0714459637940822, 0.228003206325018, 0.138500707218093, 
        0.149432549237517, 0.222445999229394, 0.146859761867423, 
        0.158086040335002, 0.114474518565572, 0.0627114135900938, 
        0.292700166979794, 0.148655870943351, 0.182702092255967, 
        0.0862382330430956, 0.257363559561219, 0.11757417473528, 
        0.0372719060719787, 0.336701426061064, 0.267373658088505, 
        0.363241076881323, -300.188474072041, -178.873922175088, 
        0.41301752428953, -0.0564464824621384, -0.143933570957059, 
        -0.0269748149004995, 0.264110761073631, 0.284355654381211, 
        0.331685533273725, -0.0634323076956054, 0.0506118348228543, 
        0.0703535616102485, -0.0479838545133056, 0.203499612578753, 
        0.150042150930951, 0.300081467697598, 0.363951331463687, 
        -0.183788702381152, 0.127636608778925, 0.000155697444459106, 
        0.0706432903018275, -0.115514604872196, 0.160410274922643, 
        0.140733012435729, -0.295385664822649, -0.0438230297693085, 
        -0.185929485599692, -235.78912709514, -140.455475169484, 
        -58.0581349909408, -0.0392757719881514, -0.0346711749163713, 
        0.130310228767011, -0.182203201474988, -0.151165917303602, 
        0.130739927444781, -0.0123520352173112, 0.215811434194019, 
        0.0188081855767201, 0.179416739191208, 0.322809933179675, 
        -0.0919527544718536, -0.348619963692681, -0.0500969161434256, 
        0.35985106897644, -0.135762095665845, 0.415151067767593, 
        0.0383489343813261, 0.114571518888644, 0.0157265043544081, 
        0.223921127994689, 0.0555268815172176, 0.138390814608781, 
        -0.374499801416605, -251.113973418698, -144.199216898853, 
        -19.4027224228433, 50.4072669583792, -0.0425290060384931, 
        0.0970894011444352, -0.119024039698352, 0.0470698800230973, 
        0.0674399637645527, 0.0637370510720636, -0.172671241818869, 
        0.216179811561948, 0.277829675612232, 0.625378517420914, 
        -0.220755201149696, -0.14720822842421, -0.0180671642811142, 
        -0.310187181353151, -0.0595565445912047, 0.09400647156279, 
        -0.00229944246264, -0.16584570083217, 0.0906572213345753, 
        -0.434728478304988, -0.025309881088797, 0.0856385994932965, 
        -0.0120225639662484, -289.938145955322, -164.003282500174, 
        -15.8217049314026, 22.1267911633286, 42.7536386175087, 
        0.0369422020574779, -0.0862200111536458, -0.0942000733911301, 
        0.168411927916956, -0.0521810852070329, 0.0970872047679405, 
        -0.136223897806853, 0.0897398807647808, 0.245989073343784, 
        -0.000874273284907269, 0.508523874890692, 0.000114415579293818, 
        0.580508687886567, -0.194932074219569, 0.0197233862628202, 
        -0.0726429317454344, 0.0942843880172175, -0.0377712764734745, 
        0.0594910151803583, -0.134118737190247, -0.226336064004256, 
        0.288868168718911, -340.22377448782, -173.858458043038, 
        -27.9816232486284, 20.0741485907251, 44.0172669804577, 
        54.6768448839079, 0.0109549205918252, 0.198235432553364, 
        -0.0466461826911293, -0.00956428780395079, 0.0302398580793431, 
        0.0235401872959294, 0.261102582146902, 0.124804589491781, 
        0.182031077539194, 0.0770307760271638, 0.115422740735316, 
        -0.161960226397976, 0.00958378184242745, 0.136811872142605, 
        -0.235460845318744, 0.046937034526889, -0.0946377117352062, 
        -0.119661316653773, 0.277869538975584, 0.674703560341564, 
        0.0422947955264272, -193.197757641918, -101.531065671808, 
        -25.069274025131, 31.3294330800946, 27.5839404386442, 
        2.97995989346345, 38.526787269708, 0.0504893306533554, 
        0.411058908989899, 0.00777707407779996, 0.26126534282777, 
        -0.121437516507442, 0.228872041946266, -0.091570809614495, 
        0.228139107698671, 0.0323382065120504, -0.309972700773924, 
        -0.325316600376982, 0.100695832009523, -0.162034448699955, 
        -0.0714132874665385, 0.21011457940636, 0.10406385689942, 
        -0.150674040188733, 0.345668272566291, -0.376223565970221, 
        0.0322478520400513), .Dim = c(27L, 7L), .Dimnames = list(
            c("1", "2", "3", "4", "5", "6", "7", "8", "9", "10", 
            "11", "12", "13", "14", "15", "16", "17", "18", "19", 
            "20", "21", "22", "23", "24", "25", "26", "30"), 
            c("x1", "x2", "x3", "x4", "x5", "x6", "x7")), assign = 1:7), 
        qraux = c(1.10678781491465, 1.07875734552557, 1.20834808502801, 
        1.08227266300637, 1.2211951838361, 1.40064805741967, 
        1.21998648930795), pivot = 1:7, tol = 1e-07, rank = 7L), .Names = c("qr", 
    "qraux", "pivot", "tol", "rank"), class = "qr"), df.residual = 20L, 
    xlevels = structure(list(), .Names = character(0)), call = quote(lm(formula = y ~ 
        . + 0, data = structure(list(y = c(43, 63, 71, 61, 81, 
        43, 58, 71, 72, 67, 64, 67, 69, 68, 77, 81, 74, 65, 65, 
        50, 50, 64, 53, 40, 63, 66, 82),