
expected <- structure(list(coefficients = structure(c(21.8909699714665, 0.750220684255715, 
-0.0972536843870005, -0.058476093441102, 0.00928953462800732, 
0.0730067869383557, -0.118388337137467), .Names = c("x1", "x2", 
"x3", "x4", "x5", "x6", "x7")), residuals = structure(c(-12.3310030092364, 
0.862068903120776, 4.53630874797032, -1.94183954044292, 8.27476797283255, 
-12.8684929263773, -7.29480134203138, 1.30064811720838, -4.88293451637319, 
4.4399794511841, 9.48834818445516, 6.72775823134451, 8.02301450895409, 
-6.48772650471598, 4.31562818104855, 0.424372957225659, -2.02244057199026, 
7.44967897118775, -3.23146782028235, -5.70720004695728, 2.77592922040283, 
2.43445366402769, -12.2360496609468, -1.93331968729842, 6.8856716507728, 
-1.92354502447711, 4.92219188939421), .Names = c("1", "2", "3", 
"4", "5", "6", "7", "8", "9", "10", "11", "12", "13", "14", "15", 
"16", "17", "18", "19", "20", "21", "22", "23", "24", "25", "26", 
"30")), effects = structure(c(-332.553755053224, -47.3569455303206, 
4.84740410534456, 1.18632918759373, 1.20372276805553, 3.15870753044927, 
-4.6606094678457, 3.88060004811339, -2.21616052442061, 7.83300268567708, 
12.9875852184613, 9.85771636100199, 12.9150247239997, -4.14413981517942, 
5.95816263678437, 7.18882702936004, -2.13457819038494, 8.27797456261525, 
-2.73260150170166, -6.31339333948843, 9.53698323361852, 4.5051268942238, 
-9.65616031970714, 2.5949403758114, 8.30926805001961, -5.23104812230167, 
8.30047313115906), .Names = c("x1", "x2", "x3", "x4", "x5", "x6", 
"x7", "", "", "", "", "", "", "", "", "", "", "", "", "", "", 
"", "", "", "", "", "")), rank = 7L, fitted.values = structure(c(55.3310030092364, 
62.1379310968792, 66.4636912520297, 62.9418395404429, 72.7252320271675, 
55.8684929263773, 65.2948013420314, 69.6993518827916, 76.8829345163732, 
62.5600205488159, 54.5116518155448, 60.2722417686555, 60.9769854910459, 
74.487726504716, 72.6843718189514, 80.5756270427743, 76.0224405719903, 
57.5503210288123, 68.2314678202823, 55.7072000469573, 47.2240707795972, 
61.5655463359723, 65.2360496609468, 41.9333196872984, 56.1143283492272, 
67.9235450244771, 77.0778081106058), .Names = c("1", "2", "3", 
"4", "5", "6", "7", "8", "9", "10", "11", "12", "13", "14", "15", 
"16", "17", "18", "19", "20", "21", "22", "23", "24", "25", "26", 
"30")), assign = 1:7, qr = structure(list(qr = structure(c(-5.19615242270663, 
0.192450089729875, 0.192450089729875, 0.192450089729875, 0.192450089729875, 
0.192450089729875, 0.192450089729875, 0.192450089729875, 0.192450089729875, 
0.192450089729875, 0.192450089729875, 0.192450089729875, 0.192450089729875, 
0.192450089729875, 0.192450089729875, 0.192450089729875, 0.192450089729875, 
0.192450089729875, 0.192450089729875, 0.192450089729875, 0.192450089729875, 
0.192450089729875, 0.192450089729875, 0.192450089729875, 0.192450089729875, 
0.192450089729875, 0.192450089729875, -342.753609808908, -68.0364825881156, 
0.0948302518508885, -0.00805572540306698, 0.212414225855409, 
-0.125639699407587, 0.0507362615991933, 0.168320235603714, 0.271206212857669, 
-0.0374517189041971, -0.155035692908718, -0.0521497156547622, 
-0.022753722153632, 0.285904209608234, 0.197716229104844, 0.38879018686219, 
0.315300203109364, -0.0521497156547622, 0.0948302518508885, -0.0815457091558923, 
-0.346109650666063, -0.0374517189041971, 0.0360382648486282, 
-0.390203640917759, -0.140337696158153, 0.197716229104844, 0.271206212857669, 
-273.471577506153, -31.9186052397271, -53.7540597150277, -0.068940024584522, 
-0.00259405148006831, 0.0792274842913807, -0.161627025089866, 
-0.0865555811570526, 0.258180623295055, -0.0505013934329394, 
0.172079099712536, -0.00407558572236198, 0.163518243799986, 0.453597014460587, 
-0.0305812280390631, -0.224845314793922, 0.0816967080285368, 
0.330782843490713, -0.114871987547668, 0.405031212844475, -0.0801347191500383, 
0.0797213290388119, 0.0336247511598553, 0.114952442183873, -0.0417759226045793, 
0.192657724769653, -0.355726496928915, -289.637385043462, -12.5335806364818, 
26.893726963744, -53.8778432346135, -0.0260774052833822, -0.181865553351416, 
0.169447790951605, 0.192859163563624, -0.145693826714478, -0.364213690686459, 
0.1363911629115, -0.0566012893990114, 0.313342446528725, 0.298425831784565, 
-0.281000810970524, 0.0760992774788127, -0.291850126577689, -0.142221418637677, 
-0.145151627437709, 0.20244589443208, -0.217911785586608, -0.177877760444372, 
-0.0497531739221539, -0.153847598713734, 0.326321208408604, 0.0145687053658409, 
0.0205566629203248, -333.131105322414, -32.1902459944875, -3.50937878261533, 
9.21159722650999, -37.6734052957485, -0.239403724600303, 0.127385170640244, 
0.124493529492484, -0.15254745222944, -0.134257486578578, -0.0144131212930493, 
-0.0989870521173964, -0.135800577490284, -0.369124333059167, 
0.146971308180048, -0.331527609809011, 0.0152375258727087, -0.325918632672812, 
0.199589085115248, 0.0465932346499602, -0.319020829840234, 0.00704357377415511, 
-0.0736839021902761, -0.124259127624426, 0.313366683598124, 0.437162734692114, 
-0.113500707225344, -386.439780177589, -11.4110891809387, -4.10160002706479, 
4.77231245959074, -20.3116343414072, 46.6253446248705, 0.24720616447778, 
0.322875098410228, -0.116808210966558, -0.162689692227661, 0.228861240607084, 
0.00572861910065984, 0.277782686152651, -0.0393148690083983, 
0.0927797955239407, 0.34198340094454, 0.021162657833753, -0.177951400899192, 
-0.0778385800750325, 0.0862977055601847, 0.0371558724648621, 
-0.0538175660252554, -0.0882501522281869, 0.324891373678372, 
0.196590919708178, 0.324876383914751, -0.105675157440963, -220.547802830437, 
-8.28150461356839, -12.875499479707, 20.2572256367568, -25.6493030078826, 
2.07164891775847, 39.3671334570232, 0.00555554489440683, 0.464524090587538, 
0.148796797676705, 0.118037141852571, -0.00694145681071271, 0.201222342600928, 
0.0354094039001985, 0.210138478818683, -0.0888873919663493, -0.220201483396361, 
-0.459116459304094, 0.135124624586844, -0.214411522145929, 0.0146968294934024, 
0.170423889363146, 0.160991221643384, -0.285024317310476, 0.198389372025731, 
-0.374429663662975, -0.00722862969984687), .Dim = c(27L, 7L), .Dimnames = list(
    c("1", "2", "3", "4", "5", "6", "7", "8", "9", "10", "11", 
    "12", "13", "14", "15", "16", "17", "18", "19", "20", "21", 
    "22", "23", "24", "25", "26", "30"), c("x1", "x2", "x3", 
    "x4", "x5", "x6", "x7")), assign = 1:7), qraux = c(1.19245008972988, 
1.0066422713475, 1.29439942593498, 1.26983601330969, 1.01023751544493, 
1.46824012358573, 1.12136135059633), pivot = 1:7, tol = 1e-07, 
    rank = 7L), .Names = c("qr", "qraux", "pivot", "tol", "rank"
), class = "qr"), df.residual = 20L, xlevels = structure(list(), .Names = character(0)), 
    call = quote(lm(formula = y ~ . + 0, data = structure(list(y = c(43, 
        63, 71, 61, 81, 43, 58, 71, 72, 67, 64, 67, 69, 68, 77, 
        81, 74, 65, 65, 50, 50, 64, 53, 40, 63, 66, 82), x1 = c(1, 
        1, 1, 1, 1, 1, 1, 1, 1, 1, 1, 1, 1, 1, 1, 1, 1, 1, 1, 
        1, 1, 1, 1, 1, 1, 1, 1), x2 = c(51, 64, 70, 63, 78, 55, 
        67, 75, 82, 61, 53, 60, 62, 83, 77, 90, 85, 60, 70, 58, 
        40, 61, 66, 37, 54, 77, 82), x3 = c(30, 51, 68, 45, 56, 
        49, 42, 50, 72, 45, 53, 47, 57, 83, 54, 50, 64, 65, 46, 
        68, 33, 52, 52, 42, 42, 66, 39), x4 = c(66, 54, 45, 74, 
        58, 44, 72, 72, 44, 39, 58, 54, 69, 62, 45, 72, 42, 39, 
        54, 55, 45, 45, 54, 42, 75, 54, 72), x5 = c(61, 63, 76, 
        54, 71, 54, 66, 70, 71, 62, 58, 59, 55, 59, 79, 60, 79, 
        55, 75, 64, 43, 66, 63, 50, 66, 88, 64), x6 = c(92, 73, 
        86, 84, 83, 49, 68, 66, 83, 80, 67, 74, 63, 77, 77, 54, 
        79, 80, 85, 78, 64, 80, 80, 57, 75, 76, 78), x7 = c(45, 
        47, 48, 35, 47, 34, 35, 41, 31, 41, 34, 41, 25, 35, 46, 
        36, 63, 60, 46, 52, 33, 41, 37, 49, 33, 72, 39)), .Names = c("y", 
        "x1", "x2", "x3", "x4", "x5", "x6", "x7"),