
expected <- structure(list(coefficients = structure(c(12.8549362661377, 0.711727600982894, 
-0.110107810694726, 0.37992017366761, -0.0389994077917237, -0.18989009318455
), .Names = c("x1", "x2", "x3", "x4", "x5", "x6")), residuals = structure(c(-5.53369665831703, 
1.46609738680686, 2.06564435218266, 0.326931706789051, 5.88340202042591, 
-11.9539250874609, -9.89357421690278, -0.265270622016662, -7.61994507701046, 
6.29306826618824, 12.4710380016581, 9.54166540897501, -2.23667901367609, 
-0.328493581921205, 2.61776055938602, -2.21646499325082, -4.24725672060404, 
8.15456671653426, 0.805681906544173, -9.95347438709718, -5.07211871587643, 
7.29146165338869, -1.68977527556943, 2.38422220283364, -7.22229927891117, 
5.82145118097937, 3.10998226592223), .Names = c("1", "2", "3", 
"4", "5", "6", "7", "8", "9", "11", "12", "13", "14", "15", "18", 
"19", "20", "21", "22", "23", "24", "25", "26", "27", "28", "29", 
"30")), effects = structure(c(-330.436804066196, -51.0689079508119, 
2.68611967430661, 13.3743426997647, 3.36364036081163, -7.74273386618185, 
-5.7420402475527, 2.47108792644883, -4.64792186140839, 10.6100722559111, 
12.4768423529575, 13.547724788242, -2.67596766121436, 2.25271788937871, 
2.41081047251619, -2.0746626151014, -5.67261928351171, 10.9448287622983, 
2.86575006860042, -8.80138891172496, -1.55945635732181, 10.0632810435536, 
-5.32687405145578, 4.4092798137586, -6.78003387686841, 6.14570412507779, 
5.78033613013002), .Names = c("x1", "x2", "x3", "x4", "x5", "x6", 
"", "", "", "", "", "", "", "", "", "", "", "", "", "", "", "", 
"", "", "", "", "")), rank = 6L, fitted.values = structure(c(48.533696658317, 
61.5339026131931, 68.9343556478173, 60.6730682932109, 75.1165979795741, 
54.9539250874609, 67.8935742169028, 71.2652706220167, 79.6199450770105, 
57.7069317338118, 54.5289619983419, 59.458334591025, 70.2366790136761, 
77.3284935819212, 62.382239440614, 67.2164649932508, 54.247256720604, 
41.8454332834657, 63.1943180934558, 62.9534743870972, 45.0721187158764, 
55.7085383466113, 67.6897752755694, 75.6157777971664, 55.2222992789112, 
79.1785488190206, 78.8900177340778), .Names = c("1", "2", "3", 
"4", "5", "6", "7", "8", "9", "11", "12", "13", "14", "15", "18", 
"19", "20", "21", "22", "23", "24", "25", "26", "27", "28", "29", 
"30")), assign = 1:6, qr = structure(list(qr = structure(c(-5.19615242270663, 
0.192450089729875, 0.192450089729875, 0.192450089729875, 0.192450089729875, 
0.192450089729875, 0.192450089729875, 0.192450089729875, 0.192450089729875, 
0.192450089729875, 0.192450089729875, 0.192450089729875, 0.192450089729875, 
0.192450089729875, 0.192450089729875, 0.192450089729875, 0.192450089729875, 
0.192450089729875, 0.192450089729875, 0.192450089729875, 0.192450089729875, 
0.192450089729875, 0.192450089729875, 0.192450089729875, 0.192450089729875, 
0.192450089729875, 0.192450089729875, -339.09705810404, -64.6156729066964, 
0.108983611697181, 0.000650761707243416, 0.232792583114252, -0.123158209709828, 
0.062555247415779, 0.18636421883285, 0.294697068822788, -0.154110452564096, 
-0.0457776025741583, -0.0148253597198905, 0.310173190249921, 
0.217316461687118, -0.0457776025741583, 0.108983611697181, -0.0767298454284261, 
-0.355300031116836, -0.0303014811470244, 0.0470791259886451, 
-0.401728395398238, -0.138634331136962, 0.217316461687118, 0.18636421883285, 
-0.09220596685556, 0.341125433104189, 0.294697068822788, -276.165878762371, 
-38.1635422496297, -51.8743814456437, -0.0855473432092191, -0.04856337822439, 
0.0849309466482844, -0.190063826433519, -0.12921405674444, 0.213189566166732, 
0.185382533999306, -0.011979315364881, 0.157451833421777, 0.413569170333353, 
-0.0754469377310734, 0.335012773954993, -0.147967824504566, 0.416187023010466, 
-0.0484397098142874, 0.0727362590284481, 0.0143806736063798, 
0.160069686098891, -0.0383393043361418, 0.155881121815509, 0.0250046496199481, 
-0.0347979789982857, 0.158898876617943, -0.42296259758637, -289.252484864003, 
-31.3907329613699, -13.3466992843226, 48.2336760195802, -0.136472883490647, 
0.140388076539147, -0.101260795485054, 0.0269506847315662, -0.00615291317959386, 
-0.128078914877611, 0.254458693873492, 0.284006477751736, 0.544488861880237, 
-0.282411587864147, -0.345938555488481, -0.0735791413930778, 
0.103119148399489, 0.13807943157391, -0.176514074493189, 0.0989021682106239, 
-0.302490055363458, -0.0046328365620625, 0.00149287179026787, 
-0.302089745621851, 0.0897596230145777, -0.0812154818399324, 
-0.107903985368068, -390.673682151647, -18.1024765522868, 4.6765930061464, 
4.41255482406476, -44.5985790639956, -0.620341719764847, -0.229689458254284, 
-0.317546755427089, 0.0212231371695029, -0.201231124261625, -0.0831758455927907, 
-0.345922004353192, -0.145476491349351, -0.0702516869216744, 
0.0615595722776558, 0.135441136673798, 0.00608027239900961, -0.211579999261443, 
0.0599714985761058, 0.0291888381782078, -0.345895205730378, -0.0230828331590345, 
-0.111450941457874, -0.0416203686761523, 0.139114056787665, -0.189382051983367, 
-0.0646358280066139, -220.932703009897, -10.2044959173061, -11.7299946118344, 
25.1646453224406, -8.55401228006556, 40.7748173500387, 0.201475364310688, 
0.0101171410810662, 0.463893373941609, 0.284842315204339, -0.167586264075328, 
0.22765295552303, 0.00907075200341139, 0.171606051647588, -0.077849969686005, 
-0.00958616863315453, -0.20063987219356, -0.0224194141972621, 
0.193797280516691, 0.098173459743518, -0.0697536383362246, 0.184370601757795, 
-0.60895626758482, 0.135022850089343, 0.0329482079525022, -0.0994363499327817, 
0.142589380104838), .Dim = c(27L, 6L), .Dimnames = list(c("1", 
"2", "3", "4", "5", "6", "7", "8", "9", "11", "12", "13", "14", 
"15", "18", "19", "20", "21", "22", "23", "24", "25", "26", "27", 
"28", "29", "30"), c("x1", "x2", "x3", "x4", "x5", "x6")), assign = 1:6), 
    qraux = c(1.19245008972988, 1.01612688313438, 1.2761336179975, 
    1.08835711112596, 1.05336800015343, 1.01422537911352), pivot = 1:6, 
    tol = 1e-07, rank = 6L), .Names = c("qr", "qraux", "pivot", 
"tol", "rank"), class = "qr"), df.residual = 21L, xlevels = structure(list(), .Names = character(0)), 
    call = quote(lm(formula = y ~ . + 0, data = structure(list(y = c(43, 
        63, 71, 61, 81, 43, 58, 71, 72, 64, 67, 69, 68, 77, 65, 
        65, 50, 50, 64, 53, 40, 63, 66, 78, 48, 85, 82), x1 = c(1, 
        1, 1, 1, 1, 1, 1, 1, 1, 1, 1, 1, 1, 1, 1, 1, 1, 1, 1, 
        1, 1, 1, 1, 1, 1, 1, 1), x2 = c(51, 64, 70, 63, 78, 55, 
        67, 75, 82, 53, 60, 62, 83, 77, 60, 70, 58, 40, 61, 66, 
        37, 54, 77, 75, 57, 85, 82), x3 = c(30, 51, 68, 45, 56, 
        49, 42, 50, 72, 53, 47, 57, 83, 54, 65, 46, 68, 33, 52, 
        52, 42, 42, 66, 58, 44, 71, 39), x4 = c(39, 54, 69, 47, 
        66, 44, 56, 55, 67, 58, 39, 42, 45, 72, 75, 57, 54, 34, 
        62, 50, 58, 48, 63, 74, 45, 71, 59), x5 = c(92, 73, 86, 
        84, 83, 49, 68, 66, 83, 67, 74, 63, 77, 77, 80, 85, 78, 
        64, 80, 80, 57, 75, 76, 78, 83, 74, 78), x6 = c(45, 47, 
        48, 35, 47, 34, 35, 41, 31, 34, 41, 25, 35, 46, 60, 46, 
        52, 33, 41, 37, 49, 33, 72, 49, 38, 55, 39)), .Names = c("y", 
        "x1", "x2", "x3", "x4", "x5", "x6"), row.names = c("1", 
        "2", "3", "4", "5", "6", "7", "8", "9", "11", "12", "13", 
        "14", "15", "18", "19", "20", "21", "22", "23", "24", 
        "25", "26", "27", "28", "29", "30"), class = "data.frame"))), 
    terms = y ~ x1 + x2 + x3 + x4 + x5 + x6 + 0, model = structure(list(
        y = c(43, 63, 71, 61, 81, 43, 58, 71, 72, 64, 67, 69, 
        68, 77, 65, 65, 50, 50, 64, 53, 40, 63, 66, 78, 48, 85, 
        82), x1 = c(1, 1, 1, 1, 1, 1, 1, 1, 1, 1, 1, 1, 1, 1, 
        1, 1, 1, 1, 1, 1, 1, 1, 1, 1, 1, 1, 1), x2 = c(51, 64, 
        70, 63, 78, 55, 67, 75, 82, 53, 60, 62, 83, 77, 60, 70, 
        58, 40, 61, 66, 37, 54, 77, 75, 57, 85, 82), x3 = c(30, 
        51, 68, 45, 56, 49, 42, 50, 72, 53, 47, 57, 83, 54, 65, 
        46, 68, 33, 52, 52, 42, 42, 66, 58, 44, 71, 39),