
expected <- structure(list(coefficients = structure(c(14.2811785854539, 0.576946927142338, 
-0.0447354767720826, 0.298076082723375, -0.00166316324025246, 
0.123931202599336, -0.274124840655416), .Names = c("x1", "x2", 
"x3", "x4", "x5", "x6", "x7")), residuals = structure(c(-8.38723295772917, 
1.11604934904192, 0.717840932994165, -2.26188425556292, 7.35425957559941, 
-11.3149100147419, -8.11529307785399, 3.09276836463201, -7.5192147468779, 
7.04578875897361, 6.18649328169971, 10.5222646899178, 8.51838715513802, 
-5.3735718753384, 2.26763387308746, -0.528810353288013, -0.399337224114391, 
2.33912876931634, -1.59440199501209, -6.10389604756051, 5.43707990497118, 
0.0286549388048281, -11.6938038939734, -4.45233442696654, 5.98015421208638, 
0.858580332223587, 6.27960673053277), .Names = c("1", "2", "3", 
"4", "5", "6", "7", "8", "9", "10", "11", "12", "13", "14", "15", 
"16", "17", "18", "19", "20", "21", "22", "23", "24", "25", "26", 
"30")), effects = structure(c(-332.553755053224, -47.3569455303206, 
4.93995281868175, 6.65074902858805, -4.12848778049987, 3.27192910661256, 
-8.5234387271813, 6.90036209023744, -5.9098991239179, 8.52190178099761, 
8.93411826372558, 12.4701514854536, 12.2368997642359, -6.27199222367209, 
5.44622533663695, -1.48038968920956, -0.595609143993388, -3.76667534709763, 
1.37457157412088, -5.34901895864131, 6.80850631125342, 1.6729990606643, 
-10.1544140750241, -3.63727841040816, 11.498887630394, 4.553746982908, 
5.41877386064974), .Names = c("x1", "x2", "x3", "x4", "x5", "x6", 
"x7", "", "", "", "", "", "", "", "", "", "", "", "", "", "", 
"", "", "", "", "", "")), rank = 7L, fitted.values = structure(c(51.3872329577292, 
61.8839506509581, 70.2821590670058, 63.2618842555629, 73.6457404244006, 
54.3149100147419, 66.115293077854, 67.907231635368, 79.5192147468779, 
59.9542112410264, 57.8135067183003, 56.4777353100822, 60.481612844862, 
73.3735718753384, 74.7323661269125, 81.528810353288, 74.3993372241144, 
62.6608712306837, 66.5944019950121, 56.1038960475605, 44.5629200950288, 
63.9713450611952, 64.6938038939734, 44.4523344269665, 57.0198457879136, 
65.1414196677764, 75.7203932694672), .Names = c("1", "2", "3", 
"4", "5", "6", "7", "8", "9", "10", "11", "12", "13", "14", "15", 
"16", "17", "18", "19", "20", "21", "22", "23", "24", "25", "26", 
"30")), assign = 1:7, qr = structure(list(qr = structure(c(-5.19615242270663, 
0.192450089729875, 0.192450089729875, 0.192450089729875, 0.192450089729875, 
0.192450089729875, 0.192450089729875, 0.192450089729875, 0.192450089729875, 
0.192450089729875, 0.192450089729875, 0.192450089729875, 0.192450089729875, 
0.192450089729875, 0.192450089729875, 0.192450089729875, 0.192450089729875, 
0.192450089729875, 0.192450089729875, 0.192450089729875, 0.192450089729875, 
0.192450089729875, 0.192450089729875, 0.192450089729875, 0.192450089729875, 
0.192450089729875, 0.192450089729875, -342.753609808908, -68.0364825881156, 
0.0948302518508885, -0.00805572540306698, 0.212414225855409, 
-0.125639699407587, 0.0507362615991933, 0.168320235603714, 0.271206212857669, 
-0.0374517189041971, -0.155035692908718, -0.0521497156547622, 
-0.022753722153632, 0.285904209608234, 0.197716229104844, 0.38879018686219, 
0.315300203109364, -0.0521497156547622, 0.0948302518508885, -0.0815457091558923, 
-0.346109650666063, -0.0374517189041971, 0.0360382648486282, 
-0.390203640917759, -0.140337696158153, 0.197716229104844, 0.271206212857669, 
-276.93567912129, -10.5134226386542, 62.1699089113911, 0.133160345449321, 
-0.0848919023833051, 0.380279153803892, 0.073940749228021, -0.17317805912655, 
-0.497980442362524, 0.138642715576477, -0.241551603639809, 0.221808660585036, 
-0.169712557278031, 0.0944215961667618, 0.0465288985922432, -0.214295835080216, 
0.153279033995592, 0.189638756607043, -0.159472133808661, -0.190917721001713, 
0.324887217823581, -0.0222068043134866, 0.0766819342915988, 0.236601061080336, 
-0.115613172791416, 0.175208514504214, 0.000653069296361658, 
-288.867584684543, -31.8151748922231, 4.66098285116718, 47.8600919760597, 
-0.142637847393891, 0.164467300256154, -0.0173733299263936, 0.0422288862255155, 
-0.192905061684947, 0.121340893175731, -0.252778773103794, 0.292454199191089, 
0.183953885194005, 0.376504940411753, -0.255922667093229, -0.169335475821974, 
-0.0949767955791937, -0.465152361931298, -0.0474387933378722, 
-0.11049440832327, 0.213529695219217, -0.219143168013916, 0.0984162369748842, 
-0.332901789675195, -0.0126041517946327, -0.0462181225855532, 
0.058167487637757, -333.131105322414, -32.1902459944875, 3.08318692250324, 
12.7394914956739, 36.6695247353112, 0.127990077428216, 7.67111323202322e-05, 
-0.0823502377950611, 0.0529495618868844, -0.0314736428026223, 
0.11844197731758, -0.0420843140603814, 0.0861697286662999, 0.179807752957683, 
-0.102583310448132, 0.48801464867154, -0.072320174310243, 0.476674854040814, 
-0.230163819103868, -0.0517962980959664, 0.203208013785877, 0.0191003748595141, 
0.00633667243042785, 0.259197603365114, -0.197683461779241, -0.441403366227113, 
0.189611914839899, -386.439780177589, -11.4110891809387, 9.05691263780002, 
0.518472918833149, 21.5174287324837, 45.6156455621001, 0.206308375572152, 
0.309540106179709, -0.116540775369534, -0.043750255317849, 0.132115722576503, 
0.108686249894661, 0.304393377595747, 0.0318962984950078, 0.0386497561540701, 
0.383901594988819, 0.0205214487609417, -0.29603475781955, -0.0786067909334614, 
-0.0218464502285611, 0.184892713160973, -0.100239550271954, -0.0469427946838373, 
0.246091130436915, 0.0959293216537878, 0.201503485026721, -0.0332829387984242, 
-220.547802830437, -8.28150461356839, -19.0224263530372, 27.9371501192555, 
24.5661107489703, 8.68681838373376, 31.0932738047463, -0.077177032370205, 
0.33809227763247, 0.051069653898455, 0.188654583571724, -0.122386558972477, 
0.076285697120104, -0.130911388878716, 0.359353772056669, -0.108207978201445, 
-0.258166703526119, -0.215551451841208, 0.0837369147111933, -0.29408151114545, 
-0.0429053675146642, 0.28484553729299, 0.160300295728574, -0.107021793797101, 
0.319679885829718, -0.394565682879706, 0.027679616262264), .Dim = c(27L, 
7L), .Dimnames = list(c("1", "2", "3", "4", "5", "6", "7", "8", 
"9", "10", "11", "12", "13", "14", "15", "16", "17", "18", "19", 
"20", "21", "22", "23", "24", "25", "26", "30"), c("x1", "x2", 
"x3", "x4", "x5", "x6", "x7")), assign = 1:7), qraux = c(1.19245008972988, 
1.0066422713475, 1.0335472900593, 1.14049257714934, 1.04413450195119, 
1.56717381370545, 1.27817141669122), pivot = 1:7, tol = 1e-07, 
    rank = 7L), .Names = c("qr", "qraux", "pivot", "tol", "rank"
), class = "qr"), df.residual = 20L, xlevels = structure(list(), .Names = character(0)), 
    call = quote(lm(formula = y ~ . + 0, data = structure(list(y = c(43, 
        63, 71, 61, 81, 43, 58, 71, 72, 67, 64, 67, 69, 68, 77, 
        81, 74, 65, 65, 50, 50, 64, 53, 40, 63, 66, 82), x1 = c(1, 
        1, 1, 1, 1, 1, 1, 1, 1, 1, 1, 1, 1, 1, 1, 1, 1, 1, 1, 
        1, 1, 1, 1, 1, 1, 1, 1), x2 = c(51, 64, 70, 63, 78, 55, 
        67, 75, 82, 61, 53, 60, 62, 83, 77, 90, 85, 60, 70, 58, 
        40, 61, 66, 37, 54, 77, 82), x3 = c(65, 33, 52, 47, 58, 
        33, 50, 64, 83, 47, 72, 42, 66, 46, 50, 64, 42, 44, 64, 
        68, 39, 57, 50, 45, 64, 42, 52), x4 = c(39, 54, 69, 47, 
        66, 44, 56, 55, 67, 47, 58, 39, 42, 45, 72, 72, 69, 75, 
        57, 54, 34, 62, 50, 58, 48, 63, 59), x5 = c(61, 63, 76, 
        54, 71, 54, 66, 70, 71, 62, 58, 59, 55, 59, 79, 60, 79, 
        55, 75, 64, 43, 66, 63, 50, 66, 88, 64), x6 = c(92, 73, 
        86, 84, 83, 49, 68, 66, 83, 80, 67, 74, 63, 77, 77, 54, 
        79, 80, 85, 78, 64, 80, 80, 57, 75, 76, 78), x7 = c(45, 
        47, 48, 35, 47, 34, 35, 41, 31, 41, 34, 41, 25, 35, 46, 
        36, 63, 60, 46, 52, 33, 41, 37, 49, 33, 72, 39)), .Names = c("y", 
        "x1", "x2", "x3", "x4", "x5", "x6", "x7"),