
expected <- structure(list(coefficients = structure(c(27.6242282031311, 0.00419463781105283, 
0.210554564663753, 0.378381575754273, 0.5479616448253, -0.171355064290879, 
-0.40732629701656), .Names = c("x1", "x2", "x3", "x4", "x5", 
"x6", "x7")), residuals = structure(c(-5.4065750542924, 1.01356882585423, 
-4.65044354126459, 10.6955442862469, -10.2619468906759, 1.34559387979583, 
-8.5689310763924, 8.30875467528876, -3.42073787310337, 11.4591438579382, 
3.96622722576386, 0.64963502161331, -0.838557470361802, 6.38791867768495, 
2.47927197718202, 2.9772391105205, -1.96604587684207, 3.16954442076457, 
-4.14595271387124, -10.485928113134, -16.3078221396159, -1.73261156992917, 
-5.54361305261431, -0.697032515286422, -4.38748466239347, 8.19560736260251, 
17.7656332285214), .Names = c("1", "2", "3", "5", "7", "8", "9", 
"10", "11", "12", "13", "14", "15", "16", "17", "18", "19", "21", 
"22", "23", "24", "25", "26", "27", "28", "29", "30")), effects = structure(c(-343.523410167827, 
-6.29991993580795, -29.922965185523, -24.2235124963969, -12.7524164300925, 
-9.81856619286413, -16.9406625794485, 11.4982610991881, -3.38728861439535, 
14.3414954606319, 6.60589194662834, 5.81545121320005, 0.496236205325333, 
1.52251875722092, 3.46574855549978, -5.46439615996672, 1.19853763618193, 
3.2999436967464, -4.88640605156968, -6.71942215763769, -22.1740744039813, 
2.98916114996227, -3.50957229322601, -1.32035657288113, -2.80982348178853, 
8.94513016291838, 17.8772682178174), .Names = c("x1", "x2", "x3", 
"x4", "x5", "x6", "x7", "", "", "", "", "", "", "", "", "", "", 
"", "", "", "", "", "", "", "", "", "")), rank = 7L, fitted.values = structure(c(48.4065750542924, 
61.9864311741458, 75.6504435412646, 70.3044557137531, 68.2619468906759, 
69.6544061202042, 80.5689310763924, 58.6912453247112, 67.4207378731034, 
55.5408561420618, 65.0337727742361, 67.3503649783867, 77.8385574703618, 
74.612081322315, 71.520728022818, 62.0227608894795, 66.9660458768421, 
46.8304555792354, 68.1459527138712, 63.485928113134, 56.3078221396159, 
64.7326115699292, 71.5436130526143, 78.6970325152864, 52.3874846623935, 
76.8043926373975, 64.2343667714786), .Names = c("1", "2", "3", 
"5", "7", "8", "9", "10", "11", "12", "13", "14", "15", "16", 
"17", "18", "19", "21", "22", "23", "24", "25", "26", "27", "28", 
"29", "30")), assign = 1:7, qr = structure(list(qr = structure(c(-5.19615242270663, 
0.192450089729875, 0.192450089729875, 0.192450089729875, 0.192450089729875, 
0.192450089729875, 0.192450089729875, 0.192450089729875, 0.192450089729875, 
0.192450089729875, 0.192450089729875, 0.192450089729875, 0.192450089729875, 
0.192450089729875, 0.192450089729875, 0.192450089729875, 0.192450089729875, 
0.192450089729875, 0.192450089729875, 0.192450089729875, 0.192450089729875, 
0.192450089729875, 0.192450089729875, 0.192450089729875, 0.192450089729875, 
0.192450089729875, 0.192450089729875, -364.692920038114, -68.4841154872725, 
-0.224623002080744, 0.242638636217659, 0.140425152839883, 0.125823226643058, 
0.242638636217659, -0.224623002080744, -0.239224928277569, 0.0236097432652826, 
0.169629005233534, 0.125823226643058, -0.224623002080744, -0.180817223490269, 
-0.29763263306487, 0.125823226643058, -0.0493998877188429, -0.239224928277569, 
0.169629005233534, -0.195419149687094, -0.29763263306487, -0.268428780671219, 
0.0236097432652826, 0.140425152839883, -0.283030706868045, -0.180817223490269, 
-0.180817223490269, -275.588528493181, -13.285048778704, -62.1326841679194, 
0.0520138696124941, -0.14992515278402, -0.017827696993195, 0.309527289711303, 
-0.0181227429799805, 0.113974712810844, -0.0427262430717781, 
0.0848121870757722, 0.513293731960597, 0.126728555825599, 0.0523279635766356, 
0.304378172094457, 0.223591134349438, -0.0421171031208511, -0.207917062312666, 
0.00433924329489453, 0.0878578868304072, -0.0497027805414046, 
-0.0563842720242456, 0.263070943295557, 0.107588267314789, -0.0208543487704741, 
0.390314327456322, -0.124712512741295, -297.527838722387, -0.331517805876031, 
-31.5508099605141, -52.264918176202, 0.130350434173307, 0.0247788140991903, 
0.0401195224013942, -0.127972625359473, -0.00394472784620718, 
-0.265024954559331, -0.29113585497422, -0.514115268607991, 0.255570298024565, 
0.30424215679894, 0.0819434669952405, 0.249462335206481, 0.0790010873173845, 
-0.252500640969843, 0.144190788184199, -0.139935682437757, 0.103184676796382, 
-0.0837860982836707, -0.00593688533313877, 0.306235212913477, 
-0.164431368007012, 0.0639335855129726, 0.171363063207397, -340.05930855269, 
-6.93267007100374, -23.0547692358545, -24.5708591400583, -41.3201554807601, 
0.109604658773082, -0.0966508642994073, 0.0460080849294692, -0.204207900011905, 
0.0381661691429292, -0.141989314508243, -0.183441522248189, 0.144858516246589, 
-0.301018018287513, 0.140809434263615, -0.53583490807178, 0.235786765163117, 
-0.220023739895388, -0.0752120234642195, 0.00637135318745454, 
-0.348644403765157, 0.146900921638047, 0.396948907391498, 0.108367119677299, 
-0.190505944427909, 0.0342794160635826, -0.015453069771162, -391.058582331106, 
-10.5966719222441, -4.79559898871478, 0.0121081712536673, -18.3000700249348, 
40.0375480039876, -0.0309976071875057, -0.0844504309807148, 0.227699515232779, 
0.081377080461982, 0.368697754100422, 0.100545450798815, 0.074711444239215, 
0.544284777574065, 0.0485798964630635, -0.0732442823481647, -0.137961962288633, 
0.199163129017809, -0.0334455044436651, -0.0622847915138436, 
0.403704843545913, 0.0490429860786532, 0.204272123362764, 0.089217940507757, 
-0.220576477073469, 0.187530346921392, -0.049297395515341, -224.589254714764, 
2.71758070885356, -16.961780810994, -22.1408066492616, -16.5804032428015, 
7.26181835608672, 41.5899064301261, 0.0104803469962414, 0.18517703296661, 
-0.0967478905625148, 0.238069970880919, 0.0958380815418525, 0.123220025782314, 
0.188414914297666, -0.300534475053088, -0.265323579189953, 0.0314736534550689, 
-0.0354513931411039, 0.129913877395929, 0.130546059036654, -0.246415361319051, 
0.201130801917411, -0.55577151729868, 0.0660393315688343, 0.0469382580799473, 
-0.128304532658192, 0.149488992765933), .Dim = c(27L, 7L), .Dimnames = list(
    c("1", "2", "3", "5", "7", "8", "9", "10", "11", "12", "13", 
    "14", "15", "16", "17", "18", "19", "21", "22", "23", "24", 
    "25", "26", "27", "28", "29", "30"), c("x1", "x2", "x3", 
    "x4", "x5", "x6", "x7")), assign = 1:7), qraux = c(1.19245008972988, 
1.05281359565893, 1.35205279841206, 1.18950072691002, 1.03410096260747, 
1.33588546834596, 1.43287354115469), pivot = 1:7, tol = 1e-07, 
    rank = 7L), .Names = c("qr", "qraux", "pivot", "tol", "rank"
), class = "qr"), df.residual = 20L, xlevels = structure(list(), .Names = character(0)), 
    call = quote(lm(formula = y ~ . + 0, data = structure(list(y = c(43, 
        63, 71, 81, 58, 71, 72, 67, 64, 67, 69, 68, 77, 81, 74, 
        65, 65, 50, 64, 53, 40, 63, 66, 78, 48, 85, 82), x1 = c(1, 
        1, 1, 1, 1, 1, 1, 1, 1, 1, 1, 1, 1, 1, 1, 1, 1, 1, 1, 
        1, 1, 1, 1, 1, 1, 1, 1), x2 = c(90, 77, 58, 90, 83, 82, 
        90, 58, 57, 75, 85, 82, 58, 61, 53, 82, 70, 57, 85, 60, 
        53, 55, 75, 83, 54, 61, 61), x3 = c(30, 51, 68, 56, 42, 
        50, 72, 45, 53, 47, 57, 83, 54, 50, 64, 65, 46, 33, 52, 
        52, 42, 42, 66, 58, 44, 71, 39), x4 = c(39, 54, 69, 66, 
        56, 55, 67, 47, 58, 39, 42, 45, 72, 72, 69, 75, 57, 34, 
        62, 50, 58, 48, 63, 74, 45, 71, 59), x5 = c(61, 63, 76, 
        71, 66, 70, 71, 62, 58, 59, 55, 59, 79, 60, 79, 55, 75, 
        43, 66, 63, 50, 66, 88, 80, 51, 77, 64), x6 = c(92, 73, 
        86, 83, 68, 66, 83, 80, 67, 74, 63, 77, 77, 54, 79, 80, 
        85, 64, 80, 80, 57, 75, 76, 78, 83, 74, 78), x7 = c(45, 
        47, 48, 47, 35, 41, 31, 41, 34, 41, 25, 35, 46, 36, 63, 
        60, 46, 33, 41, 37, 49, 33, 72, 49, 38, 55, 39)), .Names = c("y", 
        "x1", "x2", "x3", "x4", "x5", "x6", "x7"),