
expected <- structure(list(coefficients = structure(c(-0.739593782005128, 
0.60112528769202, 0.110924060816542, 0.29814977909648, 0.0933804490831526, 
0.0531713095066861, -0.166589131256506), .Names = c("x1", "x2", 
"x3", "x4", "x5", "x6", "x7")), residuals = structure(c(-6.51775291312314, 
2.01927172295752, 0.756309884029515, 1.18576364805474, 6.19234335429669, 
-11.9676314104226, -8.05930243800485, -7.84296149322235, 5.96916507510926, 
5.9500815591397, 10.1092781039454, 9.85849514350556, -4.00068999136091, 
0.964585404610928, -1.40784193590017, -2.33690246075622, 2.9249787667856, 
-6.9002678912244, 7.31561998361346, -0.323666556238974, -12.801571735566, 
-3.76692769467596, 6.54607116651998, 0.261574597384681, -7.33272532115722, 
5.96653770771654, 7.23816572398322), .Names = c("1", "2", "3", 
"4", "5", "6", "7", "9", "10", "11", "12", "13", "14", "15", 
"16", "17", "18", "20", "21", "22", "23", "24", "25", "27", "28", 
"29", "30")), effects = structure(c(-334.285805860793, -54.1626149974308, 
3.43819919557217, 12.0121364523903, 2.35042984398539, 1.00293787415457, 
-5.64408402062019, -6.83441047734654, 6.61454530988392, 8.91564246564025, 
11.4999077456885, 13.5877262324798, -5.35848450264673, 4.06682760502346, 
-1.80536159491767, -2.32121964045664, -2.08820177421748, -5.89929509525974, 
8.92742259777886, 1.13673734369939, -12.2439651581785, -1.43268748834921, 
11.8860782056014, 2.45285648359806, -9.020561149076, 6.53925149973132, 
6.29603471649157), .Names = c("x1", "x2", "x3", "x4", "x5", "x6", 
"x7", "", "", "", "", "", "", "", "", "", "", "", "", "", "", 
"", "", "", "", "", "")), rank = 7L, fitted.values = structure(c(49.5177529131231, 
60.9807282770425, 70.2436901159705, 59.8142363519453, 74.8076566457033, 
54.9676314104226, 66.0593024380048, 79.8429614932223, 61.0308349248907, 
58.0499184408603, 56.8907218960546, 59.1415048564944, 72.0006899913609, 
76.0354145953891, 82.4078419359002, 76.3369024607562, 62.0750212332144, 
56.9002678912244, 42.6843800163865, 64.323666556239, 65.801571735566, 
43.766927694676, 56.45392883348, 77.7384254026153, 55.3327253211572, 
79.0334622922835, 74.7618342760168), .Names = c("1", "2", "3", 
"4", "5", "6", "7", "9", "10", "11", "12", "13", "14", "15", 
"16", "17", "18", "20", "21", "22", "23", "24", "25", "27", "28", 
"29", "30")), assign = 1:7, qr = structure(list(qr = structure(c(-5.19615242270663, 
0.192450089729875, 0.192450089729875, 0.192450089729875, 0.192450089729875, 
0.192450089729875, 0.192450089729875, 0.192450089729875, 0.192450089729875, 
0.192450089729875, 0.192450089729875, 0.192450089729875, 0.192450089729875, 
0.192450089729875, 0.192450089729875, 0.192450089729875, 0.192450089729875, 
0.192450089729875, 0.192450089729875, 0.192450089729875, 0.192450089729875, 
0.192450089729875, 0.192450089729875, 0.192450089729875, 0.192450089729875, 
0.192450089729875, 0.192450089729875, -341.791359360259, -70.2329457353646, 
0.0940757185871527, -0.00559260554061164, 0.207982374733169, 
-0.119499261686628, 0.0513607225323965, 0.264935702806177, -0.0340692695771157, 
-0.147975925723132, -0.0483076015953678, -0.0198309375588637, 
0.279174034824429, 0.193744042714917, 0.378842358952194, 0.307650698860933, 
-0.0483076015953678, -0.0767842656318719, -0.333074241960409, 
-0.0340692695771157, 0.0371223905141445, -0.375789238015165, 
-0.13373759370488, 0.165267378678413, -0.0910225976501239, 0.307650698860933, 
0.264935702806177, -275.780978582911, 14.1465738785789, 46.9864480392992, 
0.142883788530784, -0.0906200057056802, -0.301539234009745, -0.049917981979483, 
-0.0493117198269294, -0.399197298184131, -0.0561592219616001, 
-0.28714865835956, -0.000460360432663661, -0.0975121624544962, 
0.0214286341188916, -0.0305433452664327, 0.146610670674396, 0.159788722019475, 
0.128493212880599, -0.174449101768289, -0.101239044598108, -0.448654919730951, 
0.20426228250343, 0.0446194622038446, -0.478086987798021, 0.0702799935131573, 
-0.0874993857146216, 0.0358192097690772, -291.754336030491, -37.5876144912945, 
-12.0366691796457, 48.8845296522428, -0.135247341068524, -0.0280185048384073, 
-0.034861241573413, -0.0941309033767309, -0.0644224967975932, 
-0.232870590535988, 0.135504062804715, 0.217244848455264, 0.346591258877736, 
-0.221709954065275, -0.100224774123162, -0.0192234728475928, 
-0.412221774152761, -0.017917358455071, 0.0647100629254161, -0.245465729526991, 
-0.0915085226412953, -0.299444234415717, 0.0252762927326537, 
-0.495591379459077, 0.130578536709443, -0.158980883415405, 0.105463569348738, 
-328.319853079167, -33.1911339714365, 0.407999737590941, 17.6046425116679, 
31.3740784408838, 0.0967617141085548, -0.0342774094738012, 0.0753311471452766, 
-0.067071006995661, 0.154857792800451, -0.104274385777527, 0.0685274010242459, 
0.135338357858377, -0.142048115658838, 0.555447949181455, -0.138215574914816, 
0.544604371355622, -0.0710977971865407, 0.187378071813584, 0.017349458475406, 
-0.0169672500146028, 0.287366417215758, -0.248808928851913, -0.133702751032453, 
0.203479329571032, -0.0331519728441218, 0.173784057383258, -387.979380895428, 
-10.5506040255248, -10.3663599686281, -3.23241626935934, 23.7015777657019, 
43.1857619149572, 0.216172619048465, -0.151875834829809, -0.192453818606603, 
0.107469540326635, 0.0289994888248436, 0.337752785828723, 0.0135104450287383, 
0.0673838807875975, 0.357368817053146, 0.110914333193295, -0.277001662624803, 
0.0482178319658391, 0.139471156265165, -0.143161006395979, -0.223703352793559, 
0.341278283257727, 0.153741598879484, -0.185025304337879, -0.17411623410637, 
0.0806418837147279, -0.0134497908035057, -217.276151305029, -8.12850554553101, 
-13.9750747887588, 24.2202648636419, 11.042374755763, 7.76344548502567, 
33.8802656454801, 0.493719465364295, -0.0475507903146183, 0.288891761690766, 
-0.19806345101605, 0.235433460916532, -0.0621386928817482, 0.193846429649331, 
0.150108060551662, -0.386247567464554, -0.244348922748814, -0.225152861533089, 
-0.0724907057599179, 0.206595891671174, 0.086403614284459, -0.149101900566051, 
0.276922823808696, 0.13633976408441, -0.0165611427262085, -0.170586870958378, 
0.0715987864723522), .Dim = c(27L, 7L), .Dimnames = list(c("1", 
"2", "3", "4", "5", "6", "7", "9", "10", "11", "12", "13", "14", 
"15", "16", "17", "18", "20", "21", "22", "23", "24", "25", "27", 
"28", "29", "30"), c("x1", "x2", "x3", "x4", "x5", "x6", "x7"
)), assign = 1:7), qraux = c(1.19245008972988, 1.00864572647764, 
1.16728714092084, 1.18651794813077, 1.03471203291126, 1.49149967472723, 
1.21188911004607), pivot = 1:7, tol = 1e-07, rank = 7L), .Names = c("qr", 
"qraux", "pivot", "tol", "rank"), class = "qr"), df.residual = 20L, 
    xlevels = structure(list(), .Names = character(0)), call = quote(lm(formula = y ~ 
        . + 0, data = structure(list(y = c(43, 63, 71, 61, 81, 
        43, 58, 72, 67, 64, 67, 69, 68, 77, 81, 74, 65, 50, 50, 
        64, 53, 40, 63, 78, 48, 85, 82), x1 = c(1, 1, 1, 1, 1, 
        1, 1, 1, 1, 1, 1, 1, 1, 1, 1, 1, 1, 1, 1, 1, 1, 1, 1, 
        1, 1, 1, 1), x2 = c(51, 64, 70, 63, 78, 55, 67, 82, 61, 
        53, 60, 62, 83, 77, 90, 85, 60, 58, 40, 61, 66, 37, 54, 
        75, 57, 85, 82), x3 = c(44, 47, 42, 45, 52, 68, 53, 49, 
        71, 57, 66, 52, 51, 47, 46, 39, 45, 47, 66, 57, 72, 49, 
        52, 71, 50, 50, 45), x4 = c(39, 54, 69, 47, 66, 44, 56, 
        67, 47, 58, 39, 42, 45, 72, 72, 69, 75, 54, 34, 62, 50, 
        58, 48, 74, 45, 71, 59), x5 = c(61, 63, 76, 54, 71, 54, 
        66, 71, 62, 58, 59, 55, 59, 79, 60, 79, 55, 64, 43, 66, 
        63, 50, 66, 80, 51, 77, 64), x6 = c(92, 73, 86, 84, 83, 
        49, 68, 83, 80, 67, 74, 63, 77, 77, 54, 79, 80, 78, 64, 
        80, 80, 57, 75, 78, 83, 74, 78), x7 = c(45, 47, 48, 35, 
        47, 34, 35, 31, 41, 34, 41, 25, 35, 46, 36, 63, 60, 52, 
        33, 41, 37, 49, 33, 49, 38, 55, 39)), .Names = c("y", 
        "x1", "x2", "x3", "x4", "x5", "x6", "x7"),