
expected <- structure(list(coefficients = structure(c(-3.34291982530216, 
0.548416443227148, 0.0787582990614358, 0.515291155792515, -0.0432435618185626, 
0.159841817902461, -0.23911660012123), .Names = c("x1", "x2", 
"x3", "x4", "x5", "x6", "x7")), residuals = structure(c(-9.60042527302359, 
1.18362209361955, 0.782210891462533, 5.26368421632252, -3.28528986952168, 
-5.81799602894898, 5.44140284559074, -9.8805478215132, 9.45208456734545, 
5.69723085190987, 11.2692377321782, 6.80720124704686, -1.59829433707296, 
-2.22433942732906, -1.95048444075553, -5.84482200667206, 1.89550680575578, 
-1.01434021946832, -3.37190383334985, 10.1723812078502, -11.3547818139854, 
5.20885271152436, -5.29225595859853, 0.0374390263381994, -7.98965271932088, 
7.63276796532177, 4.28757743706127), .Names = c("1", "2", "4", 
"5", "6", "7", "8", "9", "10", "11", "12", "13", "14", "15", 
"16", "17", "18", "19", "20", "21", "23", "25", "26", "27", "28", 
"29", "30")), effects = structure(c(276.032862759135, -202.906563674442, 
2.904207737389, -16.6635560531748, 0.091099840135537, 8.52251576524293, 
9.03605099548349, -10.5086361207458, 8.18436163794718, 3.86971908949858, 
10.655169977869, 7.75704842663861, -4.31173296733041, -1.94252677029269, 
-4.20877325475826, -8.46553294218369, -8.40865870078929, -0.8994671495577, 
-7.79750846926924, 7.85679295417129, -12.1508222331234, 7.07183968651031, 
-5.88403259597404, -0.374764622942485, -11.7714016755253, 4.95562481244914, 
3.31092284066534), .Names = c("x1", "x2", "x3", "x4", "x5", "x6", 
"x7", "", "", "", "", "", "", "", "", "", "", "", "", "", "", 
"", "", "", "", "", "")), rank = 7L, fitted.values = structure(c(52.6004252730236, 
61.8163779063805, 60.2177891085375, 75.7363157836775, 46.2852898695217, 
63.817996028949, 65.5585971544093, 81.8805478215132, 57.5479154326545, 
58.3027691480901, 55.7307622678218, 62.1927987529531, 69.598294337073, 
79.2243394273291, 82.9504844407555, 79.8448220066721, 63.1044931942442, 
66.0143402194683, 53.3719038333499, 39.8276187921498, 64.3547818139854, 
57.7911472884756, 71.2922559585985, 77.9625609736618, 55.9896527193209, 
77.3672320346782, 77.7124225629387), .Names = c("1", "2", "4", 
"5", "6", "7", "8", "9", "10", "11", "12", "13", "14", "15", 
"16", "17", "18", "19", "20", "21", "23", "25", "26", "27", "28", 
"29", "30")), assign = 1:7, qr = structure(list(qr = structure(c(7.36475954868665, 
-0.114960241382113, -0.195685335315738, -0.17944684695101, -0.315872351904162, 
-0.192371438838751, -0.226252629969498, -0.24649545135045, -0.161283164979593, 
-0.198851733119999, -0.0180896358778749, 0.0140457700059506, 
-0.285651382603731, -0.0913838858342629, -0.197991873764669, 
-0.0614591888228588, -0.391090617000737, -0.191439901559704, 
-0.36082937320834, -0.109973168305955, -0.118456670224311, -0.0450197853508697, 
0.0112368807784984, -0.128338268272471, -0.158351003301504, -0.275095817135328, 
-0.0449233560181952, 291.010959831603, -208.639932078902, 0.0844854718222257, 
0.174425916927821, -0.0874250227842816, 0.107340075623095, 0.108030606950645, 
0.119084863138923, 0.113131596163465, 0.0330371090178786, 0.267473302953266, 
0.312772099019097, 0.0803628156347656, 0.267499605054481, 0.211331707629413, 
0.339099261544269, -0.147052284358569, 0.122754156005688, -0.123008078227826, 
0.0695018423711353, 0.184690513401285, 0.208787456881172, 0.381544703334085, 
0.2168453563557, 0.097218397495962, 0.101679379816461, 0.343097118955906, 
242.001496550373, -138.453420303393, 47.0098508152496, 0.112689399853949, 
0.0721255564066204, 0.265990749262035, 0.245490940484559, -0.101213948030357, 
0.0840685602330398, -0.162191214007294, -0.120315154817893, -0.337441853715323, 
-0.280528725707149, 0.0501797693935841, 0.43159248003082, -0.0785855944770894, 
-0.119015508168384, 0.222984830382649, -0.24269633196009, -0.0148109863282814, 
-0.0372116206892704, -0.0723001641085237, -0.310787222886433, 
-0.0255398159416465, 0.0449310066040236, -0.00744075766263758, 
0.393143483250817, 246.317049461574, -157.621020509449, 2.52576855963692, 
-42.6514423119231, -0.11164033601407, 0.0517682865908072, -0.136812745203072, 
-0.0502622724473642, -0.0655645520764193, 0.274921585671839, 
-0.193942527128717, -0.179098326597752, -0.634857003073327, 0.264159715963936, 
0.0383280513150799, 0.0441606663387168, 0.453471520346183, 0.0145481301546326, 
-0.00776106322721086, 0.0175912508695144, -0.0828930917011645, 
0.11878519830035, 0.0466238525098405, 0.314771012350926, -0.0455843700050272, 
-0.00973661984100528, -0.0483404593314666, 269.671007364835, 
-202.026433233614, 15.6767561648053, -23.8497141343938, -38.4096148587351, 
0.215578708940638, 0.243040204436279, -0.0933464882423403, 0.23810348225651, 
0.0567267194425359, 0.0789203707505959, -0.198278412597361, -0.127942960591669, 
0.0106535536623231, -0.448134909546483, -0.136262150154432, -0.157837570664559, 
0.376848648750627, 0.332512562658067, 0.154357932034821, 0.0664029752965645, 
0.265270995107473, 0.154252166190107, 0.051140845641693, 0.0236994945450643, 
0.0205856179767339, -0.208313032305367, 313.457450012031, -219.864175321358, 
21.16324343823, -16.468766369809, -45.7617756017668, 63.9290872562604, 
0.215153954507746, -0.122271538613482, -0.187735691250587, -0.150275013979387, 
-0.161761369345723, -0.0990714303926843, -0.241152240135705, 
0.142877575019915, 0.329554367285266, 0.108834262355914, -0.420624832312282, 
-0.0212745687744483, -0.26364030068164, -0.290105485153498, -0.185278562534481, 
-0.0887332658703181, 0.229098254845209, 0.108249904588546, -0.421535881049367, 
0.133868813804395, 0.0236556364126638, 181.372724270835, -125.659307695503, 
20.0929876028158, -28.9206433852074, -24.0250015485457, 7.09288170617559, 
-37.789308608864, -0.450778499132497, -0.00148464513831062, -0.290935265272756, 
0.0600741072581399, -0.330601981222175, -0.00103091688166103, 
-0.185993549079862, 0.108145894689439, 0.304862331645888, 0.30251821622674, 
-0.0370616728501084, 0.130549771352473, 0.0276428707633742, -0.145477121459082, 
-0.354013591659341, 0.3729037629306, -0.171922321448839, 0.0164004306409228, 
0.170146829285664, 0.0456126403320974), .Dim = c(27L, 7L), .Dimnames = list(
    c("1", "2", "4", "5", "6", "7", "8", "9", "10", "11", "12", 
    "13", "14", "15", "16", "17", "18", "19", "20", "21", "23", 
    "25", "26", "27", "28", "29", "30"), c("x1", "x2", "x3", 
    "x4", "x5", "x6", "x7")), assign = 1:7), qraux = c(1.03512374695676, 
1.17899029204252, 1.14819820542895, 1.06954083049941, 1.31229648617169, 
1.11093200970867, 1.05398191660284), pivot = 1:7, tol = 1e-07, 
    rank = 7L), .Names = c("qr", "qraux", "pivot", "tol", "rank"
), class = "qr"), df.residual = 20L, xlevels = structure(list(), .Names = character(0)), 
    call = quote(lm(formula = y ~ . + 0, data = structure(list(y = c(43, 
        63, 61, 81, 43, 58, 71, 72, 67, 64, 67, 69, 68, 77, 81, 
        74, 65, 65, 50, 50, 53, 63, 66, 78, 48, 85, 82), x1 = c(-0.25867795078543, 
        0.846654535438241, 1.44117544180453, 1.32158287956416, 
        2.32632391985229, 1.41676939108228, 1.66629621698333, 
        1.81537972904105, 1.18781172932586, 1.4644952002684, 
        0.133225818563844, -0.103443718769981, 2.10375374762637, 
        0.673020345793978, 1.45816254287071, 0.452632147737685, 
        2.88028835595793, 1.40990884301146, 2.65742157178274, 
        0.809925941380608, 0.872404893140121, 0.331559894042641, 
        -0.0827569250108997, 0.945180486721588, 1.16621706360886, 
        2.02601454605116, 0.330849715194053), x2 = c(51, 64, 
        63, 78, 55, 67, 75, 82, 61, 53, 60, 62, 83, 77, 90, 85, 
        60, 70, 58, 40, 66, 54, 77, 75, 57, 85, 82), x3 = c(30, 
        51, 45, 56, 49, 42, 50, 72, 45, 53, 47, 57, 83, 54, 50, 
        64, 65, 46, 68, 33, 52, 42, 66, 58, 44, 71, 39), x4 = c(39, 
        54, 47, 66, 44, 56, 55, 67, 47, 58, 39, 42, 45, 72, 72, 
        69, 75, 57, 54, 34, 50, 48, 63, 74, 45, 71, 59),