
expected <- structure(list(coefficients = structure(c(-1.03956741880833, 
0.672581166658224, -0.133469074358164, 0.387024605809861, -0.0251569643785731, 
0.146866849490702, -0.0940526581140722), .Names = c("x1", "x2", 
"x3", "x4", "x5", "x6", "x7")), residuals = structure(c(-7.61815644482056, 
0.805051135378518, 2.14912874602926, 0.813648652490317, 3.46737513278358, 
-7.47620730342269, -6.24618050528334, 2.06867747760804, -4.6216144852698, 
6.31272314969914, 7.29976629787713, 13.8574272743824, -0.120090083668464, 
1.53540433824691, -3.66215395949476, -3.91471792143296, -2.77094179775017, 
-4.09151108987118, 10.919533473956, 0.800226443808209, -11.1259911127994, 
-3.04764131019679, -3.05104019864312, 3.59890035133549, -7.57340861961771, 
7.84084993948466, 4.78065457801166), .Names = c("1", "2", "3", 
"4", "5", "6", "7", "8", "9", "10", "11", "12", "14", "15", "16", 
"17", "19", "20", "21", "22", "23", "24", "26", "27", "28", "29", 
"30")), effects = structure(c(-226.601157325635, -252.981691245959, 
1.20427604476183, 16.6000672465571, 2.32619296926769, 8.50658279792877, 
-3.04352827506718, 4.68506800664791, -2.38353893870547, 4.34706584818662, 
5.70129522378022, 15.2096714022172, -1.5330800766301, 5.45940711341123, 
-2.68769988921538, -2.55661456791871, -0.0221226306069888, -4.74168092488529, 
10.879068055282, 0.966159799847607, -12.452092795495, -4.51127020770709, 
-0.357858112568079, 6.8280149026359, -9.21876161359625, 10.078240076298, 
6.88215968418397), .Names = c("x1", "x2", "x3", "x4", "x5", "x6", 
"x7", "", "", "", "", "", "", "", "", "", "", "", "", "", "", 
"", "", "", "", "", "")), rank = 7L, fitted.values = structure(c(50.6181564448206, 
62.1949488646215, 68.8508712539707, 60.1863513475097, 77.5326248672164, 
50.4762073034227, 64.2461805052833, 68.931322522392, 76.6216144852698, 
60.6872768503009, 56.7002337021229, 53.1425727256176, 68.1200900836685, 
75.4645956617531, 84.6621539594948, 77.914717921433, 67.7709417977502, 
54.0915110898712, 39.080466526044, 63.1997735561918, 64.1259911127994, 
43.0476413101968, 69.0510401986431, 74.4010996486645, 55.5734086196177, 
77.1591500605153, 77.2193454219883), .Names = c("1", "2", "3", 
"4", "5", "6", "7", "8", "9", "10", "11", "12", "14", "15", "16", 
"17", "19", "20", "21", "22", "23", "24", "26", "27", "28", "29", 
"30")), assign = 1:7, qr = structure(list(qr = structure(c(-7.35135852731282, 
-0.0446769890362828, 0.269908465515681, 0.269136857918406, -0.13328682447322, 
-0.0464440120165877, 0.251127856673375, 0.0263313302340124, 0.306073906665644, 
-0.149474688961865, -0.0649916169294419, 0.20425148329596, 0.0752351219215516, 
0.258762167413538, 0.0128189313611508, 0.14486888541863, 0.196415448416978, 
0.221984673092601, 0.23437240269095, 0.145983596551804, -0.0837824301231551, 
0.155003106310435, 0.0638003599701625, 0.232337757124208, 0.214613742693901, 
0.231719746264832, 0.227549068952056, -238.107520054598, -266.744838550719, 
0.0423895025556464, 0.0167762218325433, 0.401071768007843, 0.244051435969443, 
0.0464530432325936, 0.259701868234613, 0.0578936860727816, 0.35053704883277, 
0.251673929257368, 0.058425083030467, 0.249825946598744, 0.0777184449478165, 
0.326950900932692, 0.200557224074348, 0.102302150564331, 0.0364709094632807, 
-0.0411079784796317, 0.109674869539516, 0.315728205160536, 0.01234840049799, 
0.236654335806733, 0.0917622322114656, 0.0387309052768807, 0.12975505455474, 
0.121908352330868, -185.857097374971, -205.597333232268, -54.6340180028003, 
-0.039622277551897, -0.0964685382641587, 0.111460929829903, -0.153305341164095, 
-0.145723319235717, 0.18922833034924, -0.0584899119054253, 0.210952418257837, 
0.0322180650025881, 0.350334399126347, -0.0746505332027217, -0.360023179935954, 
-0.0179465583974946, -0.128819844423944, 0.446965055012016, 0.0630665136161783, 
0.102975972775055, 0.00612331741685211, 0.261397738921831, 0.12299264298219, 
0.02395210796022, 0.0210315511607705, 0.119979308469869, -0.42365197293792, 
-202.746680269929, -215.012560592506, -13.3631290548982, 45.8563976871197, 
-0.108212403460795, 0.057565372159906, -0.068254701344895, 0.0750262161985815, 
0.104206530733093, 0.0182072620631058, -0.244438957912268, 0.249266053017839, 
0.643425196262547, -0.206640055259725, -0.118622202367232, 0.012037912300708, 
-0.0325335806761571, 0.0583918142380315, 0.0190810541818676, 
-0.211695513808804, 0.0749143621204773, -0.484660373647871, 0.0500715988535818, 
-0.248150322024591, 0.0616772791335928, 0.0340487555264933, 0.0193836082235126, 
-235.293342638999, -245.646311489593, -17.4220344696051, 26.2384448521139, 
36.8232166982589, -0.0900834511302837, 0.0286078453371367, -0.116962816237105, 
0.316261949703949, -0.256192244467383, 0.0534154751280369, -0.173187418744649, 
0.150622414531862, 0.0928978485507412, 0.595566293420191, 0.0717519571392898, 
-0.187900859467169, 0.0162622357473863, -0.0143806857229668, 
0.0698087510633355, -0.140422864693038, 0.214695878783102, -0.384228502365587, 
0.0848128230357708, 0.132438346823778, 0.218716731492773, 0.244932043095655, 
-278.911340167737, -265.92496733191, -22.7492652669034, 11.8945708709536, 
44.1052611391615, 58.6096590061525, 0.20044910453988, 0.233398991130833, 
0.181994555103574, -0.307487294944469, -0.212524241666652, 0.0623068397318315, 
0.167544747217905, 0.232222604980821, 0.255322723976434, 0.237697832291119, 
0.0349911285362263, 0.0114602108065353, -0.145276686818903, -0.140929713036534, 
-0.209482660102631, -0.16756234981578, 0.360822221325531, 0.192820379793689, 
-0.286189641703598, 0.360407351431439, 0.0650019013430014, -155.323481827244, 
-160.292927009119, -21.1265842516999, 23.7561124196801, 34.2898063073511, 
1.07634565634917, 32.3598326309483, 0.159200398934165, 0.411761571704358, 
0.118367580308208, 0.241479596054828, -0.0368047240472841, -0.00365255484120331, 
0.202667067642998, -0.109489069657227, -0.35749156326017, 0.183513316120906, 
-0.224498203652649, -0.0935907057580263, 0.161430523841297, 0.215035884197506, 
-0.37927400930122, -0.310814359193379, 0.16018728908922, -0.127098065980928, 
-0.193368225856351, -0.0199249949509067), .Dim = c(27L, 7L), .Dimnames = list(
    c("1", "2", "3", "4", "5", "6", "7", "8", "9", "10", "11", 
    "12", "14", "15", "16", "17", "19", "20", "21", "22", "23", 
    "24", "26", "27", "28", "29", "30"), c("x1", "x2", "x3", 
    "x4", "x5", "x6", "x7")), assign = 1:7), qraux = c(1.32950791011628, 
1.27635104068545, 1.28215289131659, 1.10546149573462, 1.03257081433048, 
1.16510436435983, 1.25565967571177), pivot = 1:7, tol = 1e-07, 
    rank = 7L), .Names = c("qr", "qraux", "pivot", "tol", "rank"
), class = "qr"), df.residual = 20L, xlevels = structure(list(), .Names = character(0)), 
    call = quote(lm(formula = y ~ . + 0, data = structure(list(y = c(43, 
        63, 71, 61, 81, 43, 58, 71, 72, 67, 64, 67, 68, 77, 81, 
        74, 65, 50, 50, 64, 53, 40, 66, 78, 48, 85, 82), x1 = c(2.42233078485034, 
        -0.328436564326539, 1.98419389956262, 1.97852153547265, 
        -0.979839233669655, -0.341426583780761, 1.84613091060161, 
        0.193571049051297, 2.25005902375443, -1.09884202931724, 
        -0.477776677318101, 1.50152588344405, 0.553080355091418, 
        1.90225346596146, 0.0942365603728335, 1.06498311616455, 
        1.44392038161612, 1.63188891947204, 1.72295556108891, 
        1.0731777573589, -0.615914682124847, 1.13948340733519, 
        0.469019320312282, 1.70799815205178, 1.57770256743133, 
        1.70345493265074, 1.67279478842279), x2 = c(51, 64, 70, 
        63, 78, 55, 67, 75, 82, 61, 53, 60, 83, 77, 90, 85, 70, 
        58, 40, 61, 66, 37, 77, 75, 57, 85, 82), x3 = c(30, 51, 
        68, 45, 56, 49, 42, 50, 72, 45, 53, 47, 83, 54, 50, 64, 
        46, 68, 33, 52, 52, 42, 66, 58, 44, 71, 39), x4 = c(39, 
        54, 69, 47, 66, 44, 56, 55, 67, 47, 58, 39, 45, 72, 72, 
        69, 57, 54, 34, 62, 50, 58, 63, 74, 45, 71, 59),