
expected <- structure(list(coefficients = structure(c(4.51756828890953, 0.738633616898127, 
-0.136997520686814, 0.186104146897589, 0.00107830267929881, 0.054636209707099, 
0.0864069982889791), .Names = c("x1", "x2", "x3", "x4", "x5", 
"x6", "x7")), residuals = structure(c(-10.3661645574311, -0.143189441405993, 
3.44781382043978, -0.305407526964309, 6.79520121680153, -10.5874667046365, 
-2.2037165063217, -4.53598903932322, 4.96238217213454, 10.3871061205369, 
11.2035221926545, -2.03649683219057, 2.28959175117073, -3.79321275312792, 
-4.62764795928962, 0.459935223790719, -3.27716735951265, -5.3605842652215, 
4.36607591004155, 2.02644336511874, -2.21551080984827, 8.39679856795107, 
-7.7659651450072, 3.41800729062002, -8.83974492958912, 6.54320805930516, 
1.76217813930446), .Names = c("1", "2", "3", "4", "5", "6", "8", 
"9", "10", "12", "13", "14", "15", "16", "17", "18", "19", "20", 
"21", "22", "24", "25", "26", "27", "28", "29", "30")), effects = structure(c(-339.4819582835, 
54.8283956586102, 5.80475161533608, 9.31821960428338, 0.160620560741982, 
1.46428018795245, -5.86857743177087, -5.18016789490327, 6.27563132031396, 
13.2714357853479, 13.0765636495459, -3.24147044813871, 6.07442940907669, 
-1.97587073567676, -1.57791502863605, -5.12734987880037, 0.517659989088118, 
-5.0700774040334, 4.89110553458135, 2.84066643228702, -0.793282547039558, 
12.5127283026598, -2.10729847631988, 6.32014391432381, -10.0432371035473, 
8.75285825889839, 3.20159859815661), .Names = c("x1", "x2", "x3", 
"x4", "x5", "x6", "x7", "", "", "", "", "", "", "", "", "", "", 
"", "", "", "", "", "", "", "", "", "")), rank = 7L, fitted.values = structure(c(53.3661645574311, 
63.143189441406, 67.5521861795602, 61.3054075269643, 74.2047987831985, 
53.5874667046365, 73.2037165063217, 76.5359890393232, 62.0376178278655, 
56.6128938794631, 57.7964778073455, 70.0364968321906, 74.7104082488293, 
84.7932127531279, 78.6276479592896, 64.5400647762093, 68.2771673595126, 
55.3605842652215, 45.6339240899585, 61.9735566348813, 42.2155108098483, 
54.6032014320489, 73.7659651450072, 74.58199270938, 56.8397449295891, 
78.4567919406948, 80.2378218606955), .Names = c("1", "2", "3", 
"4", "5", "6", "8", "9", "10", "12", "13", "14", "15", "16", 
"17", "18", "19", "20", "21", "22", "24", "25", "26", "27", "28", 
"29", "30")), assign = 1:7, qr = structure(list(qr = structure(c(-5.19615242270663, 
0.192450089729875, 0.192450089729875, 0.192450089729875, 0.192450089729875, 
0.192450089729875, 0.192450089729875, 0.192450089729875, 0.192450089729875, 
0.192450089729875, 0.192450089729875, 0.192450089729875, 0.192450089729875, 
0.192450089729875, 0.192450089729875, 0.192450089729875, 0.192450089729875, 
0.192450089729875, 0.192450089729875, 0.192450089729875, 0.192450089729875, 
0.192450089729875, 0.192450089729875, 0.192450089729875, 0.192450089729875, 
0.192450089729875, 0.192450089729875, -348.719562590534, 70.3467601717852, 
-0.0780287364412797, 0.0214783337195374, -0.191751102339356, 
0.135200699617614, -0.149105215127578, -0.248612285288395, 0.0499089251940565, 
0.0641242209313161, 0.035693629456797, -0.262827581025654, -0.177535806602097, 
-0.362334651186471, -0.291258172500173, 0.0641242209313161, -0.0780287364412797, 
0.0925548124058353, 0.348430135676508, 0.0499089251940565, 0.391076022888286, 
0.149415995354874, -0.177535806602097, -0.149105215127578, 0.106770108143095, 
-0.291258172500173, -0.248612285288395, -278.475279839129, 37.4320326308127, 
-53.0034098114856, -0.075706467318834, -0.012820834695724, 0.0769060743699957, 
-0.0970914619501152, 0.250473687390347, -0.0564200426149869, 
-0.0090434088263427, 0.160337273653413, 0.448364292940387, -0.040911043780521, 
-0.241739647228969, 0.0706103645876936, 0.330557384104143, -0.124342243063939, 
0.406443940963071, -0.0803131118449159, 0.0756469324135353, 0.118416921676098, 
-0.0455176883066029, 0.185489484839803, 0.0538422237967673, -0.0367139039256529, 
0.202677339616216, -0.372127766315544, -293.87128701752, 38.6703428372584, 
-11.1993092197911, 48.2684858320112, -0.107781713378168, 0.123670080364893, 
0.0546436939298392, 0.0157286801850715, 0.0785726316673404, 0.250959607742599, 
0.275155952383693, 0.557391283462209, -0.253908605931057, -0.183741834899432, 
-0.0598830973881054, -0.366755652799726, -0.0531978074521516, 
0.0744881674426076, 0.103155243763194, -0.182367420860423, -0.35276932207614, 
-0.0166088494611066, 0.0179571101637227, -0.282048775483992, 
0.0825405083636648, -0.0514962842411523, -0.0534055120873466, 
-337.172557206741, 36.836569687152, -5.16778260521913, 16.2281513297429, 
37.9166840284646, 0.0835594819560166, -0.0630539048863254, 0.132268331220139, 
-0.0533339485690291, -0.0782152081012886, 0.0894348825868988, 
0.194679742628102, -0.0710853329627902, 0.515030941716979, -0.042145077543721, 
0.494384023059033, -0.208951813517518, -0.0141880208886574, 0.128431879702814, 
0.0352417991869256, 0.231231700849824, -0.197927926993655, -0.406850176221955, 
-0.0819328808918057, 0.183295735263701, 0.0432338267840593, 0.180789086275012, 
-390.288781972187, 8.70923785502774, -2.19264660625914, 1.47069026615051, 
19.3138508743374, 47.400636895048, 0.303001241674094, -0.0404045713339937, 
-0.0431504995965444, 0.112843387880001, 0.328348675829138, 0.158339166419882, 
0.0571912122684996, 0.386592502734037, 0.0757680892764942, -0.208851015600529, 
-0.0875479561874719, 0.0445475483136631, 0.151258476009571, -0.0788666106869306, 
0.235978880442139, 0.0712976801649317, 0.247797338127966, 0.0428687006568403, 
-0.193917201934557, 0.175259214484552, -0.0523275775621523, -233.826859021798, 
3.28373331530697, 8.71485087944964, 2.74749071632008, -10.8266775421279, 
-13.025692038639, -67.9178486462871, 0.152880103866927, 0.299512879009092, 
-0.136414448132269, 0.0507592074940861, 0.0192493409769275, -0.174945851113424, 
-0.0513624195172273, -0.15111082661665, 0.467922035491904, -0.134261373036122, 
-0.0582772560899049, 0.383205564411216, -0.0340377063254701, 
-0.362284194670714, -0.18205843772877, 0.285960171889426, 0.090635128190792, 
-0.0358586087923333, -0.0258833829050533, 0.187242905075135), .Dim = c(27L, 
7L), .Dimnames = list(c("1", "2", "3", "4", "5", "6", "8", "9", 
"10", "12", "13", "14", "15", "16", "17", "18", "19", "20", "21", 
"22", "24", "25", "26", "27", "28", "29", "30"), c("x1", "x2", 
"x3", "x4", "x5", "x6", "x7")), assign = 1:7), qraux = c(1.19245008972988, 
1.00726303798228, 1.29072539273999, 1.09374745055647, 1.07450307990198, 
1.56848671571265, 1.35987210569898), pivot = 1:7, tol = 1e-07, 
    rank = 7L), .Names = c("qr", "qraux", "pivot", "tol", "rank"
), class = "qr"), df.residual = 20L, xlevels = structure(list(), .Names = character(0)), 
    call = quote(lm(formula = y ~ . + 0, data = structure(list(y = c(43, 
        63, 71, 61, 81, 43, 71, 72, 67, 67, 69, 68, 77, 81, 74, 
        65, 65, 50, 50, 64, 40, 63, 66, 78, 48, 85, 82), x1 = c(1, 
        1, 1, 1, 1, 1, 1, 1, 1, 1, 1, 1, 1, 1, 1, 1, 1, 1, 1, 
        1, 1, 1, 1, 1, 1, 1, 1), x2 = c(51, 64, 70, 63, 78, 55, 
        75, 82, 61, 60, 62, 83, 77, 90, 85, 60, 70, 58, 40, 61, 
        37, 54, 77, 75, 57, 85, 82), x3 = c(30, 51, 68, 45, 56, 
        49, 50, 72, 45, 47, 57, 83, 54, 50, 64, 65, 46, 68, 33, 
        52, 42, 42, 66, 58, 44, 71, 39), x4 = c(39, 54, 69, 47, 
        66, 44, 55, 67, 47, 39, 42, 45, 72, 72, 69, 75, 57, 54, 
        34, 62, 58, 48, 63, 74, 45, 71, 59), x5 = c(61, 63, 76, 
        54, 71, 54, 70, 71, 62, 59, 55, 59, 79, 60, 79, 55, 75, 
        64, 43, 66, 50, 66, 88, 80, 51, 77, 64), x6 = c(92, 73, 
        86, 84, 83, 49, 66, 83, 80, 74, 63, 77, 77, 54, 79, 80, 
        85, 78, 64, 80, 57, 75, 76, 78, 83, 74, 78), x7 = c(34, 
        49, 35, 35, 33, 49, 72, 49, 63, 33, 46, 34, 35, 49, 33, 
        72, 35, 34, 72, 41, 25, 33, 63, 52, 38, 41, 60)), .Names = c("y", 
        "x1", "x2", "x3", "x4", "x5", "x6", "x7"),