
expected <- structure(list(coefficients = structure(c(-2.61186587489602, 
0.6355999931283, 0.110096877826872, 0.407419962832173, -0.0143205745122137, 
0.109232867174831, -0.25682544734492), .Names = c("x1", "x2", 
"x3", "x4", "x5", "x6", "x7")), residuals = structure(c(-6.90224025136673, 
1.66388067347742, 1.20490047182911, 5.84108389481223, -5.05021319815219, 
-5.81816109477161, 4.0921152183293, -10.689762103002, 9.90679717239225, 
6.9168294633619, 11.4395616395711, 6.26205598171516, -0.928464131287432, 
-3.0281798633224, -5.32003050930512, 4.1326620728097, -0.493681030253508, 
-3.65996017697344, -3.42806217989694, -11.1009223935438, -1.17375407729177, 
6.59129590120912, -4.64125619360498, 1.47391825196519, -6.93796968526295, 
6.66683482264983, 4.82592517756431), .Names = c("1", "3", "4", 
"5", "6", "7", "8", "9", "10", "11", "12", "13", "15", "16", 
"17", "18", "19", "20", "22", "23", "24", "25", "26", "27", "28", 
"29", "30")), effects = structure(c(268.119374188842, 212.885017959518, 
8.46137949551362, -11.5261726319471, 1.822579371052, 5.50520750279319, 
10.0516217663598, -11.149493343609, 9.07834526702937, 5.68716512785457, 
11.0482284515099, 7.00840783652133, -0.581584992444119, -5.62478969563665, 
-7.45226126128069, -4.53212677179828, 0.0472114069629667, -6.38696261563951, 
-4.71436907227233, -11.7080726978782, -5.2322546668578, 8.52155401018167, 
-4.30270116102216, 1.40859496256628, -10.3674917481838, 4.90270081736478, 
3.23128955869431), .Names = c("x1", "x2", "x3", "x4", "x5", "x6", 
"x7", "", "", "", "", "", "", "", "", "", "", "", "", "", "", 
"", "", "", "", "", "")), rank = 7L, fitted.values = structure(c(49.9022402513667, 
69.3361193265226, 59.7950995281709, 75.1589161051878, 48.0502131981522, 
63.8181610947716, 66.9078847816707, 82.689762103002, 57.0932028276077, 
57.0831705366381, 55.5604383604289, 62.7379440182848, 77.9284641312874, 
84.0281798633224, 79.3200305093051, 60.8673379271903, 65.4936810302535, 
53.6599601769734, 67.4280621798969, 64.1009223935438, 41.1737540772918, 
56.4087040987909, 70.641256193605, 76.5260817480348, 54.9379696852629, 
78.3331651773502, 77.1740748224357), .Names = c("1", "3", "4", 
"5", "6", "7", "8", "9", "10", "11", "12", "13", "15", "16", 
"17", "18", "19", "20", "22", "23", "24", "25", "26", "27", "28", 
"29", "30")), assign = 1:7, qr = structure(list(qr = structure(c(7.54518692064117, 
-0.34162892446222, -0.191005929602876, -0.175155750740746, -0.308318924941174, 
-0.187771278032418, -0.220842271306081, -0.24060102793143, -0.157426415252403, 
-0.194096609623019, -0.0176570600523337, 0.0137098947790137, 
-0.0891986312430264, -0.193257312006632, -0.0599895208029149, 
-0.381738502472139, -0.186862016520016, -0.352200893063749, 0.0206910643661589, 
-0.115624026590184, -0.178802824455818, -0.0439432312982998, 
0.0109681742654385, -0.125269326878554, -0.154564370091147, -0.268517475757777, 
-0.0438491078715301, 278.702250464034, 218.970444549677, -0.0956712825949935, 
-0.18010956552825, 0.0588106841455067, -0.117190730752418, -0.120475519723618, 
-0.132577703809355, -0.120298722695355, -0.0468956262938149, 
-0.256257042919938, -0.296927264738294, -0.261964664773332, -0.21671203796265, 
-0.327866332041329, 0.109793140215532, -0.131805388126559, 0.0892294613286841, 
-0.299379358062713, -0.185161286206448, 0.0107971105319274, -0.202427773137629, 
-0.362673114115802, -0.216565267055902, -0.104908938660147, -0.118210779171711, 
-0.330393543835438, 233.471871322431, 147.306930434037, 47.4189155011407, 
0.0892724172042309, 0.0682938130772258, 0.246964197714027, 0.225370492523862, 
-0.120082004554367, 0.0671861143100067, -0.170917352066673, -0.14453535305329, 
-0.362812500757587, 0.0218748631106577, 0.401367514786213, -0.111302248773378, 
-0.118391346286513, 0.202944022432386, -0.242139615985665, -0.278931845348589, 
-0.0581069429747588, -0.176506882093142, -0.0924936770961182, 
-0.342816520185372, -0.0498468806109047, 0.0299550318818431, 
-0.026535101257904, 0.356578687397243, 250.830997090942, 168.364441605056, 
19.5864588341979, -39.5928823365789, -0.195965678799244, 0.1051928241018, 
-0.118120476226875, -0.179962256994208, -0.088545016482484, 0.159997487401473, 
-0.265578634628327, -0.331502957281282, 0.276186365615147, 0.16000978921893, 
-0.00558114810835189, 0.305535592502661, 0.0470663635425708, 
-0.233972142161575, 0.251023173395833, -0.144443773844607, 0.476685804444309, 
0.0825899685378147, -0.0776562142306709, 0.285716341674713, -0.0828297339279317, 
-0.105873395842826, 0.102133782559627, 268.62522937664, 211.483079995335, 
26.7960927984456, -13.4214686950873, -37.1110038511286, 0.268920334582675, 
0.253737102519747, -0.114895347386753, 0.256621090355625, 0.0743745348003704, 
0.120018131782519, -0.167164918506654, 0.144811278097689, -0.367807739048353, 
-0.0344814233620334, -0.200205493156769, 0.429400555246964, 0.217902318210244, 
-0.0182502455236803, 0.0935356603320977, 0.121035602406489, 0.354081345875089, 
0.267221054900029, 0.165109323533573, 0.0293033453967334, 0.0106380243392977, 
-0.0715193189705504, 307.347750350463, 232.083788324861, 32.1474057597008, 
-11.1471060819433, -41.7345295943204, 62.9443477982754, 0.168165500608396, 
-0.180231115624041, -0.235887252701145, -0.155038621797569, -0.249648301765203, 
-0.196465266277397, 0.116030281159329, 0.308399718696598, 0.0404011285716676, 
-0.384571514868759, -0.0576519200781947, -0.295733122699002, 
-0.232894114990332, -0.248892312409069, -0.11937357598969, -0.130787262397532, 
0.144054024558117, 0.0888905840639266, -0.465729079638033, 0.0882000795505361, 
-0.0308165908835919, 182.77178730064, 130.15953644608, 30.6318058528832, 
-21.9222249655051, -22.7777693504912, 5.3358578514291, -39.1379509712693, 
-0.406306428747997, 0.00923255984474401, -0.256500388749608, 
0.0841661673096121, -0.276983558137823, -0.17476437166392, 0.084520600029178, 
0.31396024355113, 0.323682918464953, -0.0400135391928356, 0.161837506679901, 
-0.252121168558219, -0.118888533778561, 0.143677932336402, -0.326490478295042, 
0.38884076578022, -0.155617588186734, 0.0369222267700062, 0.178333074470266, 
0.032677857261856), .Dim = c(27L, 7L), .Dimnames = list(c("1", 
"3", "4", "5", "6", "7", "8", "9", "10", "11", "12", "13", "15", 
"16", "17", "18", "19", "20", "22", "23", "24", "25", "26", "27", 
"28", "29", "30"), c("x1", "x2", "x3", "x4", "x5", "x6", "x7"
)), assign = 1:7), qraux = c(1.03428383597466, 1.02379840925192, 
1.13217286832198, 1.06333535364096, 1.23046348652142, 1.08901531103804, 
1.04273656907332), pivot = 1:7, tol = 1e-07, rank = 7L), .Names = c("qr", 
"qraux", "pivot", "tol", "rank"), class = "qr"), df.residual = 20L, 
    xlevels = structure(list(), .Names = character(0)), call = quote(lm(formula = y ~ 
        . + 0, data = structure(list(y = c(43, 71, 61, 81, 43, 
        58, 71, 72, 67, 64, 67, 69, 77, 81, 74, 65, 65, 50, 64, 
        53, 40, 63, 66, 78, 48, 85, 82), x1 = c(-0.25867795078543, 
        2.57765409256505, 1.44117544180453, 1.32158287956416, 
        2.32632391985229, 1.41676939108228, 1.66629621698333, 
        1.81537972904105, 1.18781172932586, 1.4644952002684, 
        0.133225818563844, -0.103443718769981, 0.673020345793978, 
        1.45816254287071, 0.452632147737685, 2.88028835595793, 
        1.40990884301146, 2.65742157178274, -0.156117948229687, 
        0.872404893140121, 1.34910073245774, 0.331559894042641, 
        -0.0827569250108997, 0.945180486721588, 1.16621706360886, 
        2.02601454605116, 0.330849715194053), x2 = c(51, 70, 
        63, 78, 55, 67, 75, 82, 61, 53, 60, 62, 77, 90, 85, 60, 
        70, 58, 61, 66, 37, 54, 77, 75, 57, 85, 82), x3 = c(30, 
        68, 45, 56, 49, 42, 50, 72, 45, 53, 47, 57, 54, 50, 64, 
        65, 46, 68, 52, 52, 42, 42, 66, 58, 44, 71, 39), x4 = c(39, 
        69, 47, 66, 44, 56, 55, 67, 47, 58, 39, 42, 72, 72, 69, 
        75, 57, 54, 62, 50, 58, 48, 63, 74, 45, 71, 59),