
expected <- structure(list(coefficients = structure(c(11.2230967576705, 0.503245490891817, 
0.0213813042932008, 0.244866687190087, 0.155964889006052, 0.047871159374528, 
-0.210298285162504), .Names = c("x1", "x2", "x3", "x4", "x5", 
"x6", "x7")), residuals = structure(c(1.5416240031396, 0.537868231911544, 
0.112458130346605, -11.3624473278978, -8.25272674459802, 1.7212297934506, 
-6.96231546912363, 7.73074913012578, 6.09385178144331, 10.3921358301804, 
9.12091627075287, -2.95020725110454, 1.52356067102134, 1.64833903620743, 
-0.647035536733398, 3.8878538049087, -2.20595943642183, -7.56891926864368, 
6.37938740208006, -0.378600296891357, -10.6241429370256, -5.37956016262716, 
4.12922127558518, -2.9896461373771, 3.93776577998215, -7.8254300864713, 
8.39002951377992), .Names = c("2", "3", "4", "6", "7", "8", "9", 
"10", "11", "12", "13", "14", "15", "16", "17", "18", "19", "20", 
"21", "22", "23", "24", "25", "26", "27", "28", "29")), effects = structure(c(-333.516005501874, 
-45.8271796854879, -3.44691863883055, 8.89095912508589, -2.02122844744028, 
1.20200638761187, -8.41789773341473, 10.4799853708769, 5.88481460638445, 
12.8483170484869, 12.5976470781949, -0.996495148500932, 0.56284305224298, 
-3.52590219321528, -2.41413359115974, -5.71673024280158, 1.48669162300838, 
-8.0684899838929, 7.35282217369616, -1.51456701175749, -7.97846085650616, 
-11.1663247743393, 7.28192610319118, -3.25047032761878, 3.22769383303077, 
-6.73647267146787, 5.89311028153013), .Names = c("x1", "x2", 
"x3", "x4", "x5", "x6", "x7", "", "", "", "", "", "", "", "", 
"", "", "", "", "", "", "", "", "", "", "", "")), rank = 7L, 
    fitted.values = structure(c(61.4583759968604, 70.4621317680885, 
    60.8875418696534, 54.3624473278978, 66.252726744598, 69.2787702065494, 
    78.9623154691236, 59.2692508698742, 57.9061482185567, 56.6078641698196, 
    59.8790837292471, 70.9502072511045, 75.4764393289787, 79.3516609637926, 
    74.6470355367334, 61.1121461950913, 67.2059594364218, 57.5689192686437, 
    43.6206125979199, 64.3786002968914, 63.6241429370256, 45.3795601626272, 
    58.8707787244148, 68.9896461373771, 74.0622342200179, 55.8254300864713, 
    76.6099704862201), .Names = c("2", "3", "4", "6", "7", "8", 
    "9", "10", "11", "12", "13", "14", "15", "16", "17", "18", 
    "19", "20", "21", "22", "23", "24", "25", "26", "27", "28", 
    "29")), assign = 1:7, qr = structure(list(qr = structure(c(-5.19615242270663, 
    0.192450089729875, 0.192450089729875, 0.192450089729875, 
    0.192450089729875, 0.192450089729875, 0.192450089729875, 
    0.192450089729875, 0.192450089729875, 0.192450089729875, 
    0.192450089729875, 0.192450089729875, 0.192450089729875, 
    0.192450089729875, 0.192450089729875, 0.192450089729875, 
    0.192450089729875, 0.192450089729875, 0.192450089729875, 
    0.192450089729875, 0.192450089729875, 0.192450089729875, 
    0.192450089729875, 0.192450089729875, 0.192450089729875, 
    0.192450089729875, 0.192450089729875, -343.908310347287, 
    -67.2761032913922, -0.0421028710864252, -0.16101582247051, 
    0.0173536046056173, 0.136266555989702, 0.240315388450777, 
    -0.0718311089324464, -0.190744060316531, -0.0866952278554571, 
    -0.0569669900094358, 0.255179507373787, 0.165994793835724, 
    0.359228339834862, 0.284907745219808, -0.0866952278554571, 
    0.0619459613746492, -0.116423465701478, -0.38397760631567, 
    -0.0718311089324464, 0.00248948568260667, -0.428569963084701, 
    -0.175879941393521, 0.165994793835724, 0.136266555989702, 
    -0.131287584624489, 0.284907745219808, -296.758038363468, 
    -2.07271880537537, -71.5008426762966, -0.111081743569685, 
    0.108346408762588, 0.0914636035296743, 0.186829711032615, 
    -0.183183706395627, -0.348116940154792, 0.180810491098489, 
    -0.267460920825007, 0.102552496603234, 0.188640308582413, 
    -0.277600267103877, -0.233832122094368, 0.194796340251726, 
    -0.354272971824105, -0.056224705486617, -0.0776782526138174, 
    0.348278561427371, -0.115065058179241, -0.0765918940839385, 
    0.350813397997089, 0.0767535153565182, -0.118324133768878, 
    -0.181735228355789, -0.0100585356425796, -293.87128701752, 
    -33.9678148766177, -3.69125166616468, 49.2466128816138, 0.0111318287702783, 
    0.139046695323548, -0.0178999369838145, 0.133707635729597, 
    -0.184996795378272, 0.258282053147694, 0.254233708661121, 
    0.447827541796008, -0.186095417694824, 0.0183824277485784, 
    0.00980310914190694, -0.473676541413656, 0.0619723982407612, 
    -0.0569281877811932, 0.111082459085278, -0.206748245087148, 
    0.134736132216637, -0.416260095389226, -0.0157966520346631, 
    0.00420908987390617, -0.232608849150243, 0.120987041460189, 
    -0.0459104651971544, -335.440506399173, -38.1446322939837, 
    -6.91278897077002, 16.7008443106316, -36.0409328650229, 0.0520097089984004, 
    -0.129150115838531, 0.0884390334541395, -0.0297924729816004, 
    0.0987919182933003, -0.069164887450569, -0.256399013371275, 
    0.107281090431335, -0.588299638650862, 0.0330465674118263, 
    -0.370212330782168, 0.233584849918251, 0.113232864307148, 
    -0.0395107118467022, 0.0519594048923787, 0.0223814484940774, 
    -0.0454814360267849, 0.281076474780462, 0.446149337620215, 
    0.139810790319881, -0.145522925071066, -0.0416103263755269, 
    -382.975678562452, -12.3443755040988, -12.0320605665551, 
    2.91836555918203, -14.7515192658117, 43.7075664316781, -0.00563231834382994, 
    -0.321586373427064, -0.0463498900269795, -0.0652310771805039, 
    -0.0426109404657846, -0.12580364692644, 0.201592293056588, 
    0.407931784982223, -0.0871305436908328, 0.0577950869694586, 
    -0.396538419913017, -0.149182336332351, -0.0785292907347957, 
    0.086175633186812, -0.258342882390215, 0.289592448926247, 
    0.0958903111010439, 0.134975668955714, 0.036035134698211, 
    -0.449920941855389, 0.151692278994859, -222.664753817466, 
    -13.9386898893224, -3.04266987136744, 28.1140984768878, -20.4759823552067, 
    4.23363172088533, 40.0283707825289, 0.00422089416339535, 
    0.336122490904343, -0.163519278573913, 0.248540710985844, 
    -0.108789778241172, 0.149655939089564, 0.141408279340881, 
    -0.326718374421223, -0.211329524357177, 0.0643021899490388, 
    -0.16185810868773, 0.012537652057101, 0.165210221166035, 
    0.101859243418262, -0.0255951760876542, 0.236010178694785, 
    -0.530115243011569, 0.158722749797534, 0.00552374943425238, 
    -0.153317286665491), .Dim = c(27L, 7L), .Dimnames = list(
        c("2", "3", "4", "6", "7", "8", "9", "10", "11", "12", 
        "13", "14", "15", "16", "17", "18", "19", "20", "21", 
        "22", "23", "24", "25", "26", "27", "28", "29"), c("x1", 
        "x2", "x3", "x4", "x5", "x6", "x7")), assign = 1:7), 
        qraux = c(1.19245008972988, 1.06194596137465, 1.08182318849595, 
        1.10990748050072, 1.0338322021847, 1.23807079708436, 
        1.37227932792434), pivot = 1:7, tol = 1e-07, rank = 7L), .Names = c("qr", 
    "qraux", "pivot", "tol", "rank"), class = "qr"), df.residual = 20L, 
    xlevels = structure(list(), .Names = character(0)), call = quote(lm(formula = y ~ 
        . + 0, data = structure(list(y = c(63, 71, 61, 43, 58, 
        71, 72, 67, 64, 67, 69, 68, 77, 81, 74, 65, 65, 50, 50, 
        64, 53, 40, 63, 66, 78, 48, 85), x1 = c(1, 1, 1, 1, 1, 
        1, 1, 1, 1, 1, 1, 1, 1, 1, 1, 1, 1, 1, 1, 1, 1, 1, 1, 
        1, 1, 1, 1), x2 = c(64, 70, 63, 55, 67, 75, 82, 61, 53, 
        60, 62, 83, 77, 90, 85, 60, 70, 58, 40, 61, 66, 37, 54, 
        77, 75, 57, 85), x3 = c(64, 58, 64, 50, 66, 65, 72, 45, 
        33, 71, 39, 66, 72, 39, 42, 72, 33, 54, 52, 83, 50, 52, 
        83, 64, 50, 45, 58), x4 = c(54, 69, 47, 44, 56, 55, 67, 
        47, 58, 39, 42, 45, 72, 72, 69, 75, 57, 54, 34, 62, 50, 
        58, 48, 63, 74, 45, 71), x5 = c(63, 76, 54, 54, 66, 70, 
        71, 62, 58, 59, 55, 59, 79, 60, 79, 55, 75, 64, 43, 66, 
        63, 50, 66, 88, 80, 51, 77),