
expected <- structure(list(coefficients = structure(c(-1.46781512013919, 
0.613530578255548, -0.102028621424647, 0.355193489256977, -0.00273391791088541, 
0.274381485426872, -0.233381620970256), .Names = c("x1", "x2", 
"x3", "x4", "x5", "x6", "x7")), residuals = structure(c(-10.1003679003804, 
0.38629468712624, 1.20817264841076, -1.58318511049104, 2.36660562924556, 
-7.23653008938553, -6.3115488702898, 2.48596498092011, -6.80346466700501, 
3.6465622862721, 5.29786890825983, 12.7606445205372, 10.9404327758066, 
-2.42426621284157, 2.31007590614937, -0.802757133552935, -1.32253553131315, 
2.40156377420416, -3.76227246492495, -4.52290529797992, 9.53685986081513, 
-0.768080546841739, -13.9944152266365, -1.41145004433535, 7.1074392935199, 
-0.0056530912742167, 5.04364453662227), .Names = c("1", "2", 
"3", "4", "5", "6", "7", "8", "9", "10", "11", "12", "13", "14", 
"15", "16", "17", "18", "19", "20", "21", "22", "23", "24", "25", 
"26", "30")), effects = structure(c(-214.82881873356, -257.593358170385, 
-2.32901868100085, 14.6946876706167, 4.48371067880083, 13.4262735347238, 
-8.99447490743087, 4.82498397123236, -2.94929560480172, 0.681592943935509, 
3.89768686704622, 14.2837003087701, 11.6583852812002, -2.69095507642391, 
7.04483218999215, 1.7895138669436, 1.02998356862142, 0.410920184863409, 
-1.18050135843419, -3.89494927749091, 10.1468993272705, 0.0342254439745941, 
-15.8550476631931, -1.34134994757396, 10.352772025097, 2.41540621442186, 
8.06300691790035), .Names = c("x1", "x2", "x3", "x4", "x5", "x6", 
"x7", "", "", "", "", "", "", "", "", "", "", "", "", "", "", 
"", "", "", "", "", "")), rank = 7L, fitted.values = structure(c(53.1003679003804, 
62.6137053128738, 69.7918273515892, 62.583185110491, 78.6333943707544, 
50.2365300893855, 64.3115488702898, 68.5140350190799, 78.803464667005, 
63.3534377137279, 58.7021310917402, 54.2393554794628, 58.0595672241934, 
70.4242662128416, 74.6899240938506, 81.8027571335529, 75.3225355313132, 
62.5984362257958, 68.7622724649249, 54.5229052979799, 40.4631401391849, 
64.7680805468417, 66.9944152266365, 41.4114500443354, 55.8925607064801, 
66.0056530912742, 76.9563554633777), .Names = c("1", "2", "3", 
"4", "5", "6", "7", "8", "9", "10", "11", "12", "13", "14", "15", 
"16", "17", "18", "19", "20", "21", "22", "23", "24", "25", "26", 
"30")), assign = 1:7, qr = structure(list(qr = structure(c(-7.14658255378426, 
-0.0459571497082372, 0.277642339486018, 0.276848622482502, -0.137105984055387, 
-0.0477748044203266, 0.258323596867155, 0.0270858200537818, 0.314844054038525, 
-0.153757690623105, -0.0668538666869676, 0.210104042336846, 0.0365068034584734, 
0.0773908859135127, 0.266176658793954, 0.0131862410688775, 0.149019913804902, 
0.192405379170583, 0.202043476129935, 0.22834535348758, 0.241088037271265, 
0.150166565527272, -0.0861831060495772, 0.15944451753822, 0.257272712907629, 
0.0656284758179876, 0.234069189830741, -221.861968603339, -269.974567112258, 
0.0497076362986911, 0.0243783988078337, 0.392409432932287, 0.239785313461465, 
0.0531780731374479, 0.257358436296664, 0.0660748580269418, 0.342009942904735, 
0.246778882159232, 0.0636478407450312, 0.202094400187166, 0.249018490150014, 
0.0842907797508277, 0.323411208826157, 0.202358010219304, 0.0770075317060329, 
0.106772819242308, 0.0424704311761621, -0.0338212263148262, 0.112595206911506, 
0.309522084142265, 0.016694558166116, 0.00581864035625174, 0.235672933429898, 
0.127047102828452, -176.076468357132, -210.539565684084, -58.0100730256175, 
-0.0475537923987076, -0.0996543425048444, 0.0983741099395166, 
-0.154979232136932, -0.146987381734405, 0.165258138500651, -0.0615922735557425, 
0.192483508638796, 0.0210256000788276, 0.149902881094435, 0.318778575941298, 
-0.0822355170658425, -0.350608462044361, -0.0289016844665732, 
0.329630897116307, -0.131845328574976, 0.41174198791066, 0.0523688463113139, 
0.0880225273110992, -0.00192011528272416, 0.240197944605374, 
0.020244979468626, 0.10552466445057, -0.411301674825909, -192.32540348706, 
-216.706736474189, -18.9739461293398, 49.5794202116841, -0.121444625454215, 
0.0517800764677923, -0.0668706728190234, 0.0535881619032541, 
0.115106766513172, -0.00115926807497034, -0.222121793224681, 
0.236638507207656, 0.243363407171995, 0.611737867949038, -0.19067495109008, 
-0.141136432979948, 0.00832062018346298, -0.347651308479838, 
-0.0354780194554206, 0.0869549005237682, 0.029383676079792, -0.188452628492307, 
0.058163282943632, -0.428024714662173, -0.036450970177904, 0.0488992373061781, 
-0.00542904341743348, -222.873331484291, -247.893290999825, -15.2370964567848, 
20.2814526214315, 41.9748491539969, -0.084444789244977, 0.0373248955946157, 
-0.0755876755540994, 0.282347424927142, -0.22185153813131, -0.0188397800933002, 
-0.10950095492076, -0.0153096625123796, 0.199555493392458, 0.0628385485126397, 
0.540300486783242, 0.0697245112389175, 0.476474051613964, -0.151330096604426, 
-0.0182177692784424, -0.00941018219103027, 0.0192888879539029, 
-0.115959449491939, 0.0859049930235477, -0.206398379311324, -0.341777611842881, 
0.269253271774887, -269.287434293314, -272.193638436272, -26.5865753634853, 
15.7028504760386, 40.7495625180815, 53.5998934560672, 0.249160823253723, 
0.23456739519172, 0.25858475075974, -0.369215614644109, -0.167080959153588, 
0.030405688274411, 0.0790823820761976, 0.131565889779298, 0.321199002537225, 
0.357940458363641, 0.286764581162078, -0.198797385027592, 0.0374110908915342, 
0.0542079590031645, -0.140196787190706, -0.0863047778601951, 
-0.250350355474583, -0.0472684691508219, 0.0571406021234182, 
0.367781298068466, 0.0945265434937591, -147.511538074774, -160.866263202362, 
-24.6160032480538, 30.7167426996914, 28.204701793273, 5.48691385872734, 
38.5397739120905, 0.059001142906293, 0.377377508991695, 0.0616711321623007, 
0.29011659338872, -0.127733765246366, 0.223846579444383, -0.102177012823135, 
0.198287283401708, 0.00785329427949055, -0.317232186318229, -0.351328949378703, 
0.103169064206843, -0.178909081691108, -0.0744056912124739, 0.204856766615345, 
0.150072442892571, -0.150586924006329, 0.321028142305897, -0.383569228838213, 
-0.00708778945836533), .Dim = c(27L, 7L), .Dimnames = list(c("1", 
"2", "3", "4", "5", "6", "7", "8", "9", "10", "11", "12", "13", 
"14", "15", "16", "17", "18", "19", "20", "21", "22", "23", "24", 
"25", "26", "30"), c("x1", "x2", "x3", "x4", "x5", "x6", "x7"
)), assign = 1:7), qraux = c(1.33894952820039, 1.27174974517818, 
1.25459927618262, 1.10221915678907, 1.01518693495402, 1.17449174253023, 
1.20058743711089), pivot = 1:7, tol = 1e-07, rank = 7L), .Names = c("qr", 
"qraux", "pivot", "tol", "rank"), class = "qr"), df.residual = 20L, 
    xlevels = structure(list(), .Names = character(0)), call = quote(lm(formula = y ~ 
        . + 0, data = structure(list(y = c(43, 63, 71, 61, 81, 
        43, 58, 71, 72, 67, 64, 67, 69, 68, 77, 81, 74, 65, 65, 
        50, 50, 64, 53, 40, 63, 66, 82), x1 = c(2.42233078485034, 
        -0.328436564326539, 1.98419389956262, 1.97852153547265, 
        -0.979839233669655, -0.341426583780761, 1.84613091060161, 
        0.193571049051297, 2.25005902375443, -1.09884202931724, 
        -0.477776677318101, 1.50152588344405, 0.260898884690757, 
        0.553080355091418, 1.90225346596146, 0.0942365603728335, 
        1.06498311616455, 1.37504092603473, 1.44392038161612, 
        1.63188891947204, 1.72295556108891, 1.0731777573589, 
        -0.615914682124847, 1.13948340733519, 1.83862068163041, 
        0.469019320312282, 1.67279478842279), x2 = c(51, 64, 
        70, 63, 78, 55, 67, 75, 82, 61, 53, 60, 62, 83, 77, 90, 
        85, 60, 70, 58, 40, 61, 66, 37, 54, 77, 82), x3 = c(30, 
        51, 68, 45, 56, 49, 42, 50, 72, 45, 53, 47, 57, 83, 54, 
        50, 64, 65, 46, 68, 33, 52, 52, 42, 42, 66, 39), x4 = c(39, 
        54, 69, 47, 66, 44, 56, 55, 67, 47, 58, 39, 42, 45, 72, 
        72, 69, 75, 57, 54, 34, 62, 50, 58, 48, 63, 59),