
expected <- structure(list(coefficients = structure(c(9.8395085455684, 0.614523681731558, 
-0.0811818529269269, 0.269493516680974, 0.155216378486891, 0.00411936870928136, 
-0.164382566395409), .Names = c("x1", "x2", "x3", "x4", "x5", 
"x6", "x7")), residuals = structure(c(-8.56079549296405, 1.01580285773373, 
0.821157900371931, 0.478762860563348, 6.49102462359388, -11.6526997650661, 
-9.49031877356871, -6.7078335716246, 7.45649396321307, 6.50730026262354, 
10.8590979884162, 9.61177494967264, -1.98861143417278, -0.207590524892519, 
-3.21584027181363, -3.58127684072312, 4.35450027862763, -6.27910267959398, 
7.61128216428789, 0.353259932120831, -10.6237656132656, -4.8170161070765, 
5.31331398347067, 2.13277043148785, -7.39277682170969, 6.3403971044819, 
5.17068859580611), .Names = c("1", "2", "3", "4", "5", "6", "7", 
"9", "10", "11", "12", "13", "14", "15", "16", "17", "18", "20", 
"21", "22", "23", "24", "25", "27", "28", "29", "30")), effects = structure(c(-334.285805860793, 
-54.1626149974308, 2.33757936933778, 11.6749073260769, 3.28831564061342, 
-2.66743774712798, -5.3117013728476, -3.93695998622701, 9.9274548700596, 
10.4607633933737, 12.0158834284696, 11.8587083640512, -4.70049208753791, 
4.10201830514549, -2.30525597443642, -8.15582885633416, 1.61909251792824, 
-5.22675910711775, 7.34274497865879, 3.99045369780451, -9.76893223275229, 
-3.23112383704429, 10.9828803581951, 6.42035109138062, -7.05807779638049, 
5.22813102257525, 8.16145639672395), .Names = c("x1", "x2", "x3", 
"x4", "x5", "x6", "x7", "", "", "", "", "", "", "", "", "", "", 
"", "", "", "", "", "", "", "", "", "")), rank = 7L, fitted.values = structure(c(51.5607954929641, 
61.9841971422663, 70.1788420996281, 60.5212371394366, 74.5089753764061, 
54.6526997650661, 67.4903187735687, 78.7078335716246, 59.5435060367869, 
57.4926997373765, 56.1409020115838, 59.3882250503274, 69.9886114341728, 
77.2075905248925, 84.2158402718136, 77.5812768407231, 60.6454997213724, 
56.279102679594, 42.3887178357121, 63.6467400678792, 63.6237656132656, 
44.8170161070765, 57.6866860165293, 75.8672295685121, 55.3927768217097, 
78.6596028955181, 76.8293114041939), .Names = c("1", "2", "3", 
"4", "5", "6", "7", "9", "10", "11", "12", "13", "14", "15", 
"16", "17", "18", "20", "21", "22", "23", "24", "25", "27", "28", 
"29", "30")), assign = 1:7, qr = structure(list(qr = structure(c(-5.19615242270663, 
0.192450089729875, 0.192450089729875, 0.192450089729875, 0.192450089729875, 
0.192450089729875, 0.192450089729875, 0.192450089729875, 0.192450089729875, 
0.192450089729875, 0.192450089729875, 0.192450089729875, 0.192450089729875, 
0.192450089729875, 0.192450089729875, 0.192450089729875, 0.192450089729875, 
0.192450089729875, 0.192450089729875, 0.192450089729875, 0.192450089729875, 
0.192450089729875, 0.192450089729875, 0.192450089729875, 0.192450089729875, 
0.192450089729875, 0.192450089729875, -341.791359360259, -70.2329457353646, 
0.0940757185871527, -0.00559260554061164, 0.207982374733169, 
-0.119499261686628, 0.0513607225323965, 0.264935702806177, -0.0340692695771157, 
-0.147975925723132, -0.0483076015953678, -0.0198309375588637, 
0.279174034824429, 0.193744042714917, 0.378842358952194, 0.307650698860933, 
-0.0483076015953678, -0.0767842656318719, -0.333074241960409, 
-0.0340692695771157, 0.0371223905141445, -0.375789238015165, 
-0.13373759370488, 0.165267378678413, -0.0910225976501239, 0.307650698860933, 
0.264935702806177, -275.588528493181, -36.3393873843611, -52.8621971496863, 
-0.0777165698770799, -0.0219221343711548, 0.0791752168329003, 
-0.175079573263807, 0.240139952845125, -0.057410733231322, 0.175149493605607, 
-0.00942359484496873, 0.159441668826645, 0.438075244871355, -0.0496034361117502, 
-0.257259814436125, 0.0583443176225902, 0.331084385726301, 0.40814155246727, 
-0.0712047688317108, 0.0750090369908383, 0.0242444453764436, 
0.129507976422561, -0.0430916350663811, 0.0463708406609564, -0.0357161699715435, 
0.190764087844751, -0.384124678202203, -291.754336030491, -37.5876144912945, 
-11.4059006342731, 49.0355388976436, -0.104841902340487, 0.128440571929882, 
-0.0788666194452232, 0.0162392709473075, 0.0824488170952767, 
-0.143365288721313, 0.252446471064487, 0.276076731016642, 0.549517961724093, 
-0.248497668427881, -0.18275230798564, -0.0591726046853306, -0.355056995026528, 
0.0798686223314672, 0.111453037419439, -0.174195903115328, 0.10663670604758, 
-0.336326214380228, -0.00961120964501627, -0.27558306164323, 
0.0873092962742401, -0.0507034851737676, -0.0528199671590905, 
-328.319853079167, -33.1911339714365, -4.23117750984152, 16.4660843730949, 
31.7078523722841, 0.0920963072891978, -0.0526649888326148, 0.0915521565704131, 
-0.0868781912010935, 0.159378311641052, -0.108836439303373, 0.0896949376999101, 
0.182367089603522, -0.151916698189229, 0.521786779560287, -0.127299736131187, 
0.560176297707196, -0.0296258597273708, 0.175411962343915, 0.0123019712487866, 
-0.0324213082725737, 0.292616097387037, -0.24778359605908, -0.160652023158982, 
0.204844843458486, -0.0237423754240145, 0.141789519461196, -393.752883587325, 
-1.86047538371823, -19.212475857906, 1.38312881526737, -8.19059850161423, 
-51.3330996559564, 0.0769831842275129, 0.0534227744306428, 0.0976962496386095, 
0.234897289366359, 0.0343236956879828, 0.0757104342555941, -0.0288910826734038, 
0.0888569269881994, 0.34138486462543, -0.606344247805624, 0.220530407961794, 
0.202790224406807, -0.140922655490843, 0.143224852721445, -0.155699232149911, 
0.246819831367219, 0.0570746407051239, 0.114463473046989, 0.102219385427542, 
-0.142621963643187, 0.344274584497474, -217.276151305029, -8.12850554553101, 
-11.28973643718, 24.9500673066765, 9.73048610996956, 14.9406219680691, 
32.3130456551624, 0.477923270864725, -0.0845615609448069, 0.233798664352657, 
-0.185659289787539, 0.282313784373045, -0.0259721671808449, 0.169513089883752, 
0.0862676135824018, -0.124284378929004, -0.405310016863264, -0.329464018945006, 
0.0425561705378566, 0.139741228119692, 0.176817914885526, -0.214459100647479, 
0.279882676351847, 0.116692249887834, -0.104008110465841, -0.0808520392884426, 
-0.0958000091002554), .Dim = c(27L, 7L), .Dimnames = list(c("1", 
"2", "3", "4", "5", "6", "7", "9", "10", "11", "12", "13", "14", 
"15", "16", "17", "18", "20", "21", "22", "23", "24", "25", "27", 
"28", "29", "30"), c("x1", "x2", "x3", "x4", "x5", "x6", "x7"
)), assign = 1:7), qraux = c(1.19245008972988, 1.00864572647764, 
1.28630653259272, 1.0968936737861, 1.02477083856026, 1.21376227149914, 
1.23109746130704), pivot = 1:7, tol = 1e-07, rank = 7L), .Names = c("qr", 
"qraux", "pivot", "tol", "rank"), class = "qr"), df.residual = 20L, 
    xlevels = structure(list(), .Names = character(0)), call = quote(lm(formula = y ~ 
        . + 0, data = structure(list(y = c(43, 63, 71, 61, 81, 
        43, 58, 72, 67, 64, 67, 69, 68, 77, 81, 74, 65, 50, 50, 
        64, 53, 40, 63, 78, 48, 85, 82), x1 = c(1, 1, 1, 1, 1, 
        1, 1, 1, 1, 1, 1, 1, 1, 1, 1, 1, 1, 1, 1, 1, 1, 1, 1, 
        1, 1, 1, 1), x2 = c(51, 64, 70, 63, 78, 55, 67, 82, 61, 
        53, 60, 62, 83, 77, 90, 85, 60, 58, 40, 61, 66, 37, 54, 
        75, 57, 85, 82), x3 = c(30, 51, 68, 45, 56, 49, 42, 72, 
        45, 53, 47, 57, 83, 54, 50, 64, 65, 68, 33, 52, 52, 42, 
        42, 58, 44, 71, 39), x4 = c(39, 54, 69, 47, 66, 44, 56, 
        67, 47, 58, 39, 42, 45, 72, 72, 69, 75, 54, 34, 62, 50, 
        58, 48, 74, 45, 71, 59), x5 = c(61, 63, 76, 54, 71, 54, 
        66, 71, 62, 58, 59, 55, 59, 79, 60, 79, 55, 64, 43, 66, 
        63, 50, 66, 80, 51, 77, 64), x6 = c(57, 85, 83, 79, 49, 
        83, 74, 83, 78, 83, 77, 80, 85, 80, 80, 49, 79, 92, 57, 
        80, 67, 76, 77, 83, 73, 74, 83), x7 = c(45, 47, 48, 35, 
        47, 34, 35, 31, 41, 34, 41, 25, 35, 46, 36, 63, 60, 52, 
        33, 41, 37, 49, 33, 49, 38, 55, 39)), .Names = c("y", 
        "x1", "x2", "x3", "x4", "x5", "x6", "x7"),