
expected <- structure(list(coefficients = structure(c(24.7436502664841, -0.15889283544388, 
0.100476180404045, 0.563638898098223, 0.580017302995305, 0.0351783664555808, 
-0.599938105320909), .Names = c("x1", "x2", "x3", "x4", "x5", 
"x6", "x7")), residuals = structure(c(-8.19096169321389, -0.11292124663537, 
-4.74752748375779, 1.18159440267906, 8.64807285908121, -12.9913748786915, 
0.487093354298567, -15.14115848405, 5.16954822835724, 13.0177575144931, 
6.38345758667936, 5.85590326716808, -2.76735032203051, 7.46460453176574, 
5.36518129665576, 3.85604446902425, -3.47031512698824, -10.0349495550707, 
5.23406703599816, -3.90608131283371, -13.2535221771952, -1.11066645203917, 
-2.34697206414342, -1.79412852244353, -5.58557151032131, 9.95874198522509, 
12.8314342979887), .Names = c("1", "2", "3", "4", "5", "6", "8", 
"9", "10", "12", "13", "14", "15", "16", "17", "18", "19", "20", 
"21", "22", "24", "25", "26", "27", "28", "29", "30")), effects = structure(c(-339.4819582835, 
9.1979403138524, -25.4891098934271, 30.5626670720948, 15.4798388537472, 
-1.16430734243583, -24.824503111304, -16.9440222417329, 5.75204997678736, 
15.9029302897726, 8.42689925497755, 7.99761401912059, -0.301892787318748, 
7.91722493261965, 10.2319138903718, 0.448896504316293, -0.824533004869686, 
-7.4849827703203, 5.47279769408732, -3.69140898292034, -12.5549402703584, 
1.49625580465393, 6.87880224128065, 0.873799914239079, -7.81218169834959, 
13.8881819880794, 11.8540044726469), .Names = c("x1", "x2", "x3", 
"x4", "x5", "x6", "x7", "", "", "", "", "", "", "", "", "", "", 
"", "", "", "", "", "", "", "", "", "")), rank = 7L, fitted.values = structure(c(51.1909616932139, 
63.1129212466354, 75.7475274837578, 59.8184055973209, 72.3519271409188, 
55.9913748786915, 70.5129066457014, 87.14115848405, 61.8304517716428, 
53.9822424855069, 62.6165424133206, 62.1440967328319, 79.7673503220305, 
73.5353954682343, 68.6348187033442, 61.1439555309758, 68.4703151269882, 
60.0349495550707, 44.7659329640018, 67.9060813128337, 53.2535221771952, 
64.1106664520392, 68.3469720641434, 79.7941285224435, 53.5855715103213, 
75.0412580147749, 69.1685657020113), .Names = c("1", "2", "3", 
"4", "5", "6", "8", "9", "10", "12", "13", "14", "15", "16", 
"17", "18", "19", "20", "21", "22", "24", "25", "26", "27", "28", 
"29", "30")), assign = 1:7, qr = structure(list(qr = structure(c(-5.19615242270663, 
0.192450089729875, 0.192450089729875, 0.192450089729875, 0.192450089729875, 
0.192450089729875, 0.192450089729875, 0.192450089729875, 0.192450089729875, 
0.192450089729875, 0.192450089729875, 0.192450089729875, 0.192450089729875, 
0.192450089729875, 0.192450089729875, 0.192450089729875, 0.192450089729875, 
0.192450089729875, 0.192450089729875, 0.192450089729875, 0.192450089729875, 
0.192450089729875, 0.192450089729875, 0.192450089729875, 0.192450089729875, 
0.192450089729875, 0.192450089729875, -349.489362949454, 50.8447163939891, 
-0.300262352366269, 0.171763094959017, -0.0642496287036256, -0.0642496287036256, 
0.250434002846565, 0.309437183762226, 0.309437183762226, 0.112759914043357, 
-0.0052464477879649, -0.201923717506834, -0.16258826356306, -0.16258826356306, 
-0.201923717506834, -0.0642496287036256, -0.16258826356306, -0.0052464477879649, 
0.0930921870714697, -0.359265533281929, 0.0734244600995827, -0.300262352366269, 
0.191430821930904, -0.201923717506834, -0.0052464477879649, -0.0642496287036256, 
0.171763094959017, -278.475279839129, 14.2561883172888, -63.3030774384668, 
-0.0485651219161938, 0.0880706279365651, -0.0225085142355401, 
0.0427971374888263, 0.39961445270558, -0.0269050956725401, -0.0262539496857296, 
0.113150516637003, 0.492930150071031, 0.0410051399990681, -0.0221829412421348, 
0.192786764175317, 0.230243810729272, -0.0853710224833378, 0.286917740050311, 
-0.250506523493319, -0.0215317952553244, -0.111427630163992, 
-0.170219129968194, 0.286266594063501, 0.0980046423135129, -0.0922107473969065, 
0.325025932591076, -0.143347243777998, -293.87128701752, 19.4929027321368, 
-27.8535687403996, 52.8665500876116, -0.16240127599128, 0.188444748590018, 
-0.0684117501164135, -0.101078244274522, 0.0253763071917824, 
0.231677663700921, 0.290003730680568, 0.512106452359474, -0.276390177279466, 
-0.313702250930279, -0.119099155813037, -0.248689082151132, -0.0672810381241235, 
0.165625304054729, 0.1992952580994, -0.0695697895602119, -0.167093744493419, 
0.0910714902672555, -0.059591604884874, -0.26964502844158, 0.111992834024033, 
-0.117058761953055, -0.232153802282001, -337.172557206741, 11.5405851265039, 
-23.5099632299753, 26.2145115222518, 41.3710354738617, 0.103689588573158, 
-0.118181485221772, 0.0935627636397082, -0.0549801972677904, 
-0.0947026765077114, 0.0726549976120044, 0.090254554768054, -0.0788315503330153, 
0.369421499683503, -0.0952918226789875, 0.575829339866908, -0.223006183940746, 
0.0604562782033302, 0.180470336330866, 0.0829755542259878, 0.386089679569576, 
-0.1484918707942, -0.392832769336768, -0.0630216022756539, 0.177343206861564, 
0.00220459190796178, 0.0545344915751317, -390.288781972187, 2.65951374719852, 
-6.38685684440457, 3.83219510367057, 19.5070557704752, 47.5351529796548, 
0.259116243361216, -0.0952970675157121, -0.069857650284379, 0.108116962251898, 
0.337292390768468, 0.160681362635634, 0.0491225432838504, 0.379146800138779, 
0.0618703923855081, -0.182955044216171, -0.0865575442347661, 
0.0537783142918369, 0.185344334811612, -0.0376422775232435, 0.274291837592658, 
0.11121898461359, 0.19358494260707, 0.0409010076233954, -0.173785418850078, 
0.14955819687169, -0.0897445803336383, -227.476006060713, 3.21676601140195, 
-17.387728654966, 24.2936020773461, 15.3387555127309, 4.72801502074778, 
41.3784403609857, 0.522489395040752, 0.0719538366559909, -0.0812101045892136, 
0.223613556954737, -0.0148083940908382, 0.204532401087732, 0.216876792048326, 
-0.25423863321508, -0.341379905205697, 0.0732806976247485, -0.229986153737293, 
-0.08612706629372, 0.0832518745695953, -0.241366704284998, 0.181860615043557, 
-0.360604905741132, 0.144726375056049, -0.0381757934094579, -0.0596633960168131, 
0.217949728068127), .Dim = c(27L, 7L), .Dimnames = list(c("1", 
"2", "3", "4", "5", "6", "8", "9", "10", "12", "13", "14", "15", 
"16", "17", "18", "19", "20", "21", "22", "24", "25", "26", "27", 
"28", "29", "30"), c("x1", "x2", "x3", "x4", "x5", "x6", "x7"
)), assign = 1:7), qraux = c(1.19245008972988, 1.30943718376223, 
1.24050339809962, 1.05080093735979, 1.03301322234761, 1.59213749199797, 
1.16588879415092), pivot = 1:7, tol = 1e-07, rank = 7L), .Names = c("qr", 
"qraux", "pivot", "tol", "rank"), class = "qr"), df.residual = 20L, 
    xlevels = structure(list(), .Names = character(0)), call = quote(lm(formula = y ~ 
        . + 0, data = structure(list(y = c(43, 63, 71, 61, 81, 
        43, 71, 72, 67, 67, 69, 68, 77, 81, 74, 65, 65, 50, 50, 
        64, 40, 63, 66, 78, 48, 85, 82), x1 = c(1, 1, 1, 1, 1, 
        1, 1, 1, 1, 1, 1, 1, 1, 1, 1, 1, 1, 1, 1, 1, 1, 1, 1, 
        1, 1, 1, 1), x2 = c(64, 51, 82, 58, 70, 70, 54, 51, 51, 
        61, 67, 77, 75, 75, 77, 70, 75, 67, 62, 85, 63, 82, 57, 
        77, 67, 70, 58), x3 = c(30, 51, 68, 45, 56, 49, 50, 72, 
        45, 47, 57, 83, 54, 50, 64, 65, 46, 68, 33, 52, 42, 42, 
        66, 58, 44, 71, 39), x4 = c(39, 54, 69, 47, 66, 44, 55, 
        67, 47, 39, 42, 45, 72, 72, 69, 75, 57, 54, 34, 62, 58, 
        48, 63, 74, 45, 71, 59), x5 = c(61, 63, 76, 54, 71, 54, 
        70, 71, 62, 59, 55, 59, 79, 60, 79, 55, 75, 64, 43, 66, 
        50, 66, 88, 80, 51, 77, 64), x6 = c(92, 73, 86, 84, 83, 
        49, 66, 83, 80, 74, 63, 77, 77, 54, 79, 80, 85, 78, 64, 
        80, 57, 75, 76, 78, 83, 74, 78), x7 = c(45, 47, 48, 35, 
        47, 34, 41, 31, 41, 41, 25, 35, 46, 36, 63, 60, 46, 52, 
        33, 41, 49, 33, 72, 49, 38, 55, 39)), .Names = c("y", 
        "x1", "x2", "x3", "x4", "x5", "x6", "x7"),