
expected <- structure(list(coefficients = structure(c(29.5161535197061, 0.769491867373123, 
-0.131667900804616, 0.103002397363956, -0.19766453239428, 0.0308692736314173, 
-0.097004960156559), .Names = c("x1", "x2", "x3", "x4", "x5", 
"x6", "x7")), residuals = structure(c(-9.08187620147672, -1.63103864664818, 
-0.0332769510567319, 2.28643516702617, 3.91903507989243, -9.51751227328399, 
1.45489084883936, -4.94002428307519, 7.17062870653468, 12.5729882469199, 
7.29455206852879, -5.02655195238722, 1.67436823465305, -5.31341848485328, 
-1.89656034006388, 3.38155052650409, -6.47343092031254, -2.30577685385398, 
4.22552671514225, 0.384635533399169, -2.78721530191263, 5.06539797654199, 
-0.905300091011246, 1.63153186641962, -10.6420058905677, 6.62777793661949, 
2.86466928348226), .Names = c("1", "2", "3", "4", "5", "6", "8", 
"9", "10", "12", "13", "14", "15", "16", "17", "18", "19", "20", 
"21", "22", "24", "25", "26", "27", "28", "29", "30")), effects = structure(c(-339.4819582835, 
54.8283956586102, 5.80475161533608, 9.31821960428338, -11.8022097864115, 
0.331306083927828, 3.67790347198566, -1.48164405086815, 8.12217737899671, 
13.9207444526204, 8.27048241257334, -7.4432189170667, 5.45674138523426, 
-0.255699441179698, -0.614782902772515, 6.68485011124225, -7.28959468129033, 
0.263975122171367, 5.34903147664088, 3.21243531267426, 3.50069217385373, 
6.92602238607286, -0.598451995728023, 3.77068947578324, -10.5685606772763, 
8.003808982275, 4.58656537725157), .Names = c("x1", "x2", "x3", 
"x4", "x5", "x6", "x7", "", "", "", "", "", "", "", "", "", "", 
"", "", "", "", "", "", "", "", "", "")), rank = 7L, fitted.values = structure(c(52.0818762014767, 
64.6310386466482, 71.0332769510567, 58.7135648329738, 77.0809649201076, 
52.517512273284, 69.5451091511606, 76.9400242830752, 59.8293712934653, 
54.4270117530801, 61.7054479314712, 73.0265519523872, 75.325631765347, 
86.3134184848533, 75.8965603400639, 61.6184494734959, 71.4734309203125, 
52.305776853854, 45.7744732848577, 63.6153644666008, 42.7872153019126, 
57.934602023458, 66.9053000910112, 76.3684681335804, 58.6420058905677, 
78.3722220633805, 79.1353307165177), .Names = c("1", "2", "3", 
"4", "5", "6", "8", "9", "10", "12", "13", "14", "15", "16", 
"17", "18", "19", "20", "21", "22", "24", "25", "26", "27", "28", 
"29", "30")), assign = 1:7, qr = structure(list(qr = structure(c(-5.19615242270663, 
0.192450089729875, 0.192450089729875, 0.192450089729875, 0.192450089729875, 
0.192450089729875, 0.192450089729875, 0.192450089729875, 0.192450089729875, 
0.192450089729875, 0.192450089729875, 0.192450089729875, 0.192450089729875, 
0.192450089729875, 0.192450089729875, 0.192450089729875, 0.192450089729875, 
0.192450089729875, 0.192450089729875, 0.192450089729875, 0.192450089729875, 
0.192450089729875, 0.192450089729875, 0.192450089729875, 0.192450089729875, 
0.192450089729875, 0.192450089729875, -348.719562590534, 70.3467601717852, 
-0.0780287364412797, 0.0214783337195374, -0.191751102339356, 
0.135200699617614, -0.149105215127578, -0.248612285288395, 0.0499089251940565, 
0.0641242209313161, 0.035693629456797, -0.262827581025654, -0.177535806602097, 
-0.362334651186471, -0.291258172500173, 0.0641242209313161, -0.0780287364412797, 
0.0925548124058353, 0.348430135676508, 0.0499089251940565, 0.391076022888286, 
0.149415995354874, -0.177535806602097, -0.149105215127578, 0.106770108143095, 
-0.291258172500173, -0.248612285288395, -278.475279839129, 37.4320326308127, 
-53.0034098114856, -0.075706467318834, -0.012820834695724, 0.0769060743699957, 
-0.0970914619501152, 0.250473687390347, -0.0564200426149869, 
-0.0090434088263427, 0.160337273653413, 0.448364292940387, -0.040911043780521, 
-0.241739647228969, 0.0706103645876936, 0.330557384104143, -0.124342243063939, 
0.406443940963071, -0.0803131118449159, 0.0756469324135353, 0.118416921676098, 
-0.0455176883066029, 0.185489484839803, 0.0538422237967673, -0.0367139039256529, 
0.202677339616216, -0.372127766315544, -293.87128701752, 38.6703428372584, 
-11.1993092197911, 48.2684858320112, -0.107781713378168, 0.123670080364893, 
0.0546436939298392, 0.0157286801850715, 0.0785726316673404, 0.250959607742599, 
0.275155952383693, 0.557391283462209, -0.253908605931057, -0.183741834899432, 
-0.0598830973881054, -0.366755652799726, -0.0531978074521516, 
0.0744881674426076, 0.103155243763194, -0.182367420860423, -0.35276932207614, 
-0.0166088494611066, 0.0179571101637227, -0.282048775483992, 
0.0825405083636648, -0.0514962842411523, -0.0534055120873466, 
-332.938655232684, -12.2425285843888, 6.63961916756586, -34.5428110424148, 
50.7610284402315, -0.166004479072529, -0.0764636364464067, -0.0562652057037517, 
0.0077097136586455, -0.179078953040041, 0.319266613627145, 0.347338974436002, 
-0.0904801948279129, 0.089292273534146, -0.186849786773441, -0.192753978197396, 
0.322426686729726, -0.38402170171505, 0.200846740323508, 0.00608292392547176, 
-0.357799357487818, 0.145652249475069, -0.260809278205099, 0.153989701945773, 
0.160345995069326, 0.0174499169471292, 0.119421389805394, -390.288781972187, 
8.70923785502774, -2.19264660625914, 1.47069026615051, -4.71304506202675, 
50.9669738153604, 0.253496162970323, -0.00590336918797369, -0.0548175598371611, 
0.0590712702375214, 0.37246695822327, 0.24886817424327, 0.0207344840738743, 
0.522296446412101, 0.0341959730458733, -0.0736045412549818, -0.101604056290351, 
-0.0118305419878709, 0.2040892016974, -0.0622147180390418, 0.241673729403168, 
0.0267677820121789, 0.0775654751827032, 0.0354787228802595, -0.105989197366999, 
0.177930583593175, 0.0197246938615111, -227.476006060713, 10.7846710326676, 
-14.0153888247995, 26.0485431054199, 16.7317893398848, 12.803545044906, 
-37.9145918523114, -0.49369217719772, -0.00129200635741971, 0.0932120114222193, 
-0.0614511327760741, 0.234792642086545, -0.203545092912579, -0.119378232781519, 
0.306973776862729, -0.085114920933558, 0.129041389860133, -0.0105433954197357, 
0.0492828257347594, -0.264638552000935, -0.170942540338895, -0.188684386165404, 
0.576660452597133, -0.0727940012338162, -0.0309021677369875, 
0.190003562801394, -0.0379635428759245), .Dim = c(27L, 7L), .Dimnames = list(
    c("1", "2", "3", "4", "5", "6", "8", "9", "10", "12", "13", 
    "14", "15", "16", "17", "18", "19", "20", "21", "22", "24", 
    "25", "26", "27", "28", "29", "30"), c("x1", "x2", "x3", 
    "x4", "x5", "x6", "x7")), assign = 1:7), qraux = c(1.19245008972988, 
1.00726303798228, 1.29072539273999, 1.09374745055647, 1.21781866212361, 
1.53204007273896, 1.03365585598657), pivot = 1:7, tol = 1e-07, 
    rank = 7L), .Names = c("qr", "qraux", "pivot", "tol", "rank"
), class = "qr"), df.residual = 20L, xlevels = structure(list(), .Names = character(0)), 
    call = quote(lm(formula = y ~ . + 0, data = structure(list(y = c(43, 
        63, 71, 61, 81, 43, 71, 72, 67, 67, 69, 68, 77, 81, 74, 
        65, 65, 50, 50, 64, 40, 63, 66, 78, 48, 85, 82), x1 = c(1, 
        1, 1, 1, 1, 1, 1, 1, 1, 1, 1, 1, 1, 1, 1, 1, 1, 1, 1, 
        1, 1, 1, 1, 1, 1, 1, 1), x2 = c(51, 64, 70, 63, 78, 55, 
        75, 82, 61, 60, 62, 83, 77, 90, 85, 60, 70, 58, 40, 61, 
        37, 54, 77, 75, 57, 85, 82), x3 = c(30, 51, 68, 45, 56, 
        49, 50, 72, 45, 47, 57, 83, 54, 50, 64, 65, 46, 68, 33, 
        52, 42, 42, 66, 58, 44, 71, 39), x4 = c(39, 54, 69, 47, 
        66, 44, 55, 67, 47, 39, 42, 45, 72, 72, 69, 75, 57, 54, 
        34, 62, 58, 48, 63, 74, 45, 71, 59), x5 = c(77, 54, 43, 
        88, 50, 79, 75, 64, 71, 88, 60, 66, 59, 58, 71, 50, 50, 
        80, 63, 55, 64, 59, 76, 43, 63, 58, 66), x6 = c(92, 73, 
        86, 84, 83, 49, 66, 83, 80, 74, 63, 77, 77, 54, 79, 80, 
        85, 78, 64, 80, 57, 75, 76, 78, 83, 74, 78), x7 = c(45, 
        47, 48, 35, 47, 34, 41, 31, 41, 41, 25, 35, 46, 36, 63, 
        60, 46, 52, 33, 41, 49, 33, 72, 49, 38, 55, 39)), .Names = c("y", 
        "x1", "x2", "x3", "x4", "x5", "x6", "x7"),