
expected <- structure(list(coefficients = structure(c(33.5031208456904, 0.796689385777953, 
-0.0828855998652283, -0.193873242699453, -0.125921174258401, 
0.0943522542330374, -0.123152541627315), .Names = c("x1", "x2", 
"x3", "x4", "x5", "x6", "x7")), residuals = structure(c(-11.3094288926931, 
1.58955398076464, 4.03779596797049, -1.82133367007105, 5.61833230504556, 
-10.130973070557, -8.7257762225393, 2.32157685781591, -2.55973848147277, 
6.92637254875083, 5.39534845491627, 8.85267610768008, 8.26415628287032, 
-7.47863639602489, 2.53634141273445, 1.1794746128181, -1.00145709244736, 
5.15563239165393, -0.573842863754368, -3.5942191967328, 4.56962884630339, 
6.36736914373721, -14.7210290273223, -4.01655548498382, 2.8163162891964, 
-2.0700562705167, 2.3724714668578), .Names = c("1", "2", "3", 
"4", "5", "6", "7", "8", "9", "10", "11", "12", "13", "14", "15", 
"16", "17", "18", "19", "20", "21", "22", "23", "24", "25", "26", 
"30")), effects = structure(c(-332.553755053224, -47.3569455303206, 
4.84740410534456, 8.11642248648351, -5.34420501542786, 4.07825142176883, 
-5.09621725197402, 6.39655890868088, -1.09963075864687, 9.25640641403474, 
7.22931984731194, 11.199516249924, 11.3290508143066, -10.4864467582781, 
5.14474273607865, 2.84366754509282, -1.10902161116874, 0.679292101652365, 
3.26539980527782, -2.79464231179595, 7.59423896883598, 9.87827907453422, 
-14.1293520326386, -2.07644533912572, 6.92158082373992, -0.102193219212296, 
2.67015420285819), .Names = c("x1", "x2", "x3", "x4", "x5", "x6", 
"x7", "", "", "", "", "", "", "", "", "", "", "", "", "", "", 
"", "", "", "", "", "")), rank = 7L, fitted.values = structure(c(54.3094288926931, 
61.4104460192354, 66.9622040320295, 62.821333670071, 75.3816676949544, 
53.130973070557, 66.7257762225393, 68.6784231421841, 74.5597384814728, 
60.0736274512492, 58.6046515450837, 58.1473238923199, 60.7358437171297, 
75.4786363960249, 74.4636585872656, 79.8205253871819, 75.0014570924474, 
59.8443676083461, 65.5738428637544, 53.5942191967328, 45.4303711536966, 
57.6326308562628, 67.7210290273223, 44.0165554849838, 60.1836837108036, 
68.0700562705167, 79.6275285331422), .Names = c("1", "2", "3", 
"4", "5", "6", "7", "8", "9", "10", "11", "12", "13", "14", "15", 
"16", "17", "18", "19", "20", "21", "22", "23", "24", "25", "26", 
"30")), assign = 1:7, qr = structure(list(qr = structure(c(-5.19615242270663, 
0.192450089729875, 0.192450089729875, 0.192450089729875, 0.192450089729875, 
0.192450089729875, 0.192450089729875, 0.192450089729875, 0.192450089729875, 
0.192450089729875, 0.192450089729875, 0.192450089729875, 0.192450089729875, 
0.192450089729875, 0.192450089729875, 0.192450089729875, 0.192450089729875, 
0.192450089729875, 0.192450089729875, 0.192450089729875, 0.192450089729875, 
0.192450089729875, 0.192450089729875, 0.192450089729875, 0.192450089729875, 
0.192450089729875, 0.192450089729875, -342.753609808908, -68.0364825881156, 
0.0948302518508885, -0.00805572540306698, 0.212414225855409, 
-0.125639699407587, 0.0507362615991933, 0.168320235603714, 0.271206212857669, 
-0.0374517189041971, -0.155035692908718, -0.0521497156547622, 
-0.022753722153632, 0.285904209608234, 0.197716229104844, 0.38879018686219, 
0.315300203109364, -0.0521497156547622, 0.0948302518508885, -0.0815457091558923, 
-0.346109650666063, -0.0374517189041971, 0.0360382648486282, 
-0.390203640917759, -0.140337696158153, 0.197716229104844, 0.271206212857669, 
-273.471577506153, -31.9186052397271, -53.7540597150277, -0.068940024584522, 
-0.00259405148006831, 0.0792274842913807, -0.161627025089866, 
-0.0865555811570526, 0.258180623295055, -0.0505013934329394, 
0.172079099712536, -0.00407558572236198, 0.163518243799986, 0.453597014460587, 
-0.0305812280390631, -0.224845314793922, 0.0816967080285368, 
0.330782843490713, -0.114871987547668, 0.405031212844475, -0.0801347191500383, 
0.0797213290388119, 0.0336247511598553, 0.114952442183873, -0.0417759226045793, 
0.192657724769653, -0.355726496928915, -305.803192580772, -1.0560782850406, 
6.44025826512892, -62.2480134585973, -0.252004006379609, 0.201160898725461, 
-0.1365246455594, 0.0679820399924357, 0.191317485626385, 0.102446994581707, 
-0.289892946345362, 0.178215465887297, 0.183619818663789, 0.187841270017118, 
-0.354183996918912, 0.153615046400932, -0.0767678501366807, -0.113420794870092, 
0.0649763254440122, 0.242632962506641, 0.174842990155799, 0.245176721043743, 
-0.202867111017577, -0.211402040224091, -0.340329059962633, -0.221957853685487, 
-0.192385370380598, -333.131105322414, -32.1902459944875, -3.50937878261533, 
18.2808993637543, 34.2044983663474, 0.054169975033619, 0.020832481253299, 
-0.103234032933214, -0.0200162424830519, -0.0706275603842609, 
0.266062479259294, -0.0335640153562954, 0.155651375511502, 0.403672019400902, 
-0.0404728515256289, 0.293652216888883, -0.085536435538629, 0.376346710949467, 
-0.323074377961499, -0.130391365227868, 0.144639457463395, -0.245092067806748, 
0.196467135557569, 0.215034431796093, 0.016984175507694, -0.326931457024263, 
0.262248725553507, -386.439780177589, -11.4110891809387, -4.10160002706479, 
5.97857084682938, 20.4615016859391, 46.4202957401684, 0.163515497473574, 
0.282560349588714, -0.0191322341385834, -0.0521447687505093, 
0.14391650341787, 0.0753429954849559, 0.294703631314271, 0.0258547610160915, 
0.0311146553695082, 0.431133391554867, 0.0500492463235704, -0.115990323861121, 
-0.0784466942961612, 0.0983793457346812, 0.176900441627012, 0.0302076948401055, 
-0.111711467899518, 0.328886691569683, 0.00314791462093539, 0.186959304156861, 
-0.130815384725205, -220.547802830437, -8.28150461356839, -12.875499479707, 
17.9772258630315, 24.0979454103369, 2.44906129824789, 41.3813404468436, 
0.071414604667432, 0.364338555623955, 0.0111764816919674, 0.202120507183012, 
-0.0491017729592139, 0.267799064079723, 0.0829701633852002, 0.175303126215729, 
-0.0739628051665763, -0.281624676115375, -0.479725779205903, 
0.0789703150133735, -0.172829666877491, -0.0783366201475607, 
0.0752677220175513, 0.159801786606735, -0.273189789801055, 0.346518302848157, 
-0.294359928913784, 0.0166910538001645), .Dim = c(27L, 7L), .Dimnames = list(
    c("1", "2", "3", "4", "5", "6", "7", "8", "9", "10", "11", 
    "12", "13", "14", "15", "16", "17", "18", "19", "20", "21", 
    "22", "23", "24", "25", "26", "30"), c("x1", "x2", "x3", 
    "x4", "x5", "x6", "x7")), assign = 1:7), qraux = c(1.19245008972988, 
1.0066422713475, 1.29439942593498, 1.17705282289157, 1.14667099470179, 
1.59402547601556, 1.19859153341989), pivot = 1:7, tol = 1e-07, 
    rank = 7L), .Names = c("qr", "qraux", "pivot", "tol", "rank"
), class = "qr"), df.residual = 20L, xlevels = structure(list(), .Names = character(0)), 
    call = quote(lm(formula = y ~ . + 0, data = structure(list(y = c(43, 
        63, 71, 61, 81, 43, 58, 71, 72, 67, 64, 67, 69, 68, 77, 
        81, 74, 65, 65, 50, 50, 64, 53, 40, 63, 66, 82), x1 = c(1, 
        1, 1, 1, 1, 1, 1, 1, 1, 1, 1, 1, 1, 1, 1, 1, 1, 1, 1, 
        1, 1, 1, 1, 1, 1, 1, 1), x2 = c(51, 64, 70, 63, 78, 55, 
        67, 75, 82, 61, 53, 60, 62, 83, 77, 90, 85, 60, 70, 58, 
        40, 61, 66, 37, 54, 77, 82), x3 = c(30, 51, 68, 45, 56, 
        49, 42, 50, 72, 45, 53, 47, 57, 83, 54, 50, 64, 65, 46, 
        68, 33, 52, 52, 42, 42, 66, 39), x4 = c(66, 62, 48, 72, 
        45, 71, 54, 66, 69, 67, 39, 71, 69, 66, 39, 74, 55, 48, 
        66, 69, 71, 74, 47, 44, 39, 44, 54), x5 = c(61, 63, 76, 
        54, 71, 54, 66, 70, 71, 62, 58, 59, 55, 59, 79, 60, 79, 
        55, 75, 64, 43, 66, 63, 50, 66, 88, 64), x6 = c(92, 73, 
        86, 84, 83, 49, 68, 66, 83, 80, 67, 74, 63, 77, 77, 54, 
        79, 80, 85, 78, 64, 80, 80, 57, 75, 76, 78), x7 = c(45, 
        47, 48, 35, 47, 34, 35, 41, 31, 41, 34, 41, 25, 35, 46, 
        36, 63, 60, 46, 52, 33, 41, 37, 49, 33, 72, 39)), .Names = c("y", 
        "x1", "x2", "x3", "x4", "x5", "x6", "x7"),