
expected <- structure(list(coefficients = structure(c(21.9975321159145, 0.59064696913104, 
-0.0676560686862352, 0.274351328698796, 0.0354857500807343, -0.0643732454486546, 
-0.142700248935103), .Names = c("x1", "x2", "x3", "x4", "x5", 
"x6", "x7")), residuals = structure(c(-9.18103101011865, 1.00710597557728, 
0.141949799052849, 6.14615577553757, -13.4360582841498, -8.20696717848564, 
1.75436944691529, -4.12288583283542, 7.92346674635526, 5.62091574908651, 
10.5644542599994, 9.81430282928042, -0.324294548481336, 4.13816388301335, 
-4.32743285653291, -5.66885717849161, -0.707803855270969, -2.2076617179321, 
-3.44497234143035, 5.1552038755717, -9.41471535467342, 6.40336552327332, 
-5.10614832211876, 3.35896220422373, -8.6483375437209, 6.71754090505388, 
6.05120905130126), .Names = c("1", "2", "4", "5", "6", "7", "8", 
"9", "10", "11", "12", "13", "14", "15", "16", "17", "18", "19", 
"20", "21", "23", "25", "26", "27", "28", "29", "30")), effects = structure(c(-339.4819582835, 
47.9679701362602, -3.77147328366682, -12.3774262568539, -2.46364215164805, 
-1.86188480005553, 5.41362531675163, -0.963249261366203, 8.93138481475637, 
7.8951462145539, 13.9484165550353, 16.7158442906671, 7.5411233865241, 
1.62024120984447, 2.04463188737997, -2.90432136759807, -0.562704680593586, 
-2.9354630645497, -4.99733735755363, 8.31849043297444, -7.57995421287337, 
7.34286472738741, -4.34365258862675, 2.83687529311139, -7.01742542997234, 
9.34499111493451, 7.8563245201816), .Names = c("x1", "x2", "x3", 
"x4", "x5", "x6", "x7", "", "", "", "", "", "", "", "", "", "", 
"", "", "", "", "", "", "", "", "", "")), rank = 7L, fitted.values = structure(c(52.1810310101186, 
61.9928940244227, 60.8580502009472, 74.8538442244624, 56.4360582841498, 
66.2069671784856, 69.2456305530847, 76.1228858328354, 59.0765332536447, 
58.3790842509135, 56.4355457400006, 59.1856971707196, 68.3242945484813, 
72.8618361169867, 85.3274328565329, 79.6688571784916, 65.707803855271, 
67.2076617179321, 53.4449723414304, 44.8447961244283, 62.4147153546734, 
56.5966344767267, 71.1061483221188, 74.6410377957763, 56.6483375437209, 
78.2824590949461, 75.9487909486987), .Names = c("1", "2", "4", 
"5", "6", "7", "8", "9", "10", "11", "12", "13", "14", "15", 
"16", "17", "18", "19", "20", "21", "23", "25", "26", "27", "28", 
"29", "30")), assign = 1:7, qr = structure(list(qr = structure(c(-5.19615242270663, 
0.192450089729875, 0.192450089729875, 0.192450089729875, 0.192450089729875, 
0.192450089729875, 0.192450089729875, 0.192450089729875, 0.192450089729875, 
0.192450089729875, 0.192450089729875, 0.192450089729875, 0.192450089729875, 
0.192450089729875, 0.192450089729875, 0.192450089729875, 0.192450089729875, 
0.192450089729875, 0.192450089729875, 0.192450089729875, 0.192450089729875, 
0.192450089729875, 0.192450089729875, 0.192450089729875, 0.192450089729875, 
0.192450089729875, 0.192450089729875, -352.183664205672, 64.6889995800419, 
0.0319993232125807, -0.199879359366827, 0.155667953921598, -0.0298349921419281, 
-0.153503622850946, -0.261713674721336, 0.0629164808898351, 0.186585111598853, 
0.0783750597284623, 0.0474579020512079, -0.277172253559963, -0.1844207805282, 
-0.385382305430354, -0.308089411237218, 0.0783750597284623, -0.0762107286578097, 
0.109292217405717, 0.387546636501006, -0.0143764133033009, 0.171126532760225, 
-0.1844207805282, -0.153503622850946, 0.124750796244344, -0.308089411237218, 
-0.261713674721336, -275.588528493181, 34.8470719420076, 52.7318171508579, 
-0.00302588873069625, -0.0902646576236263, 0.157257799394405, 
0.0820635886736593, -0.268189587627373, 0.0429785122827351, -0.185249401711592, 
-0.00451385976124781, -0.17502347479897, -0.467227691914387, 
0.0253372704040889, 0.225532685492643, -0.0877847059060403, -0.345863750065704, 
0.110096087579433, -0.421884611358978, 0.069688370272463, -0.0419456350071147, 
0.0329179154846191, -0.202229323132215, -0.0696474736838769, 
0.0236839692590316, -0.220531885468885, 0.357618544597464, -289.060034774273, 
42.7395352490623, 7.58598380241519, -43.6128567367463, -0.082562417843346, 
0.083462585487816, -0.0755820515145921, 0.00542536610869037, 
-0.065835650466478, 0.242456890713533, -0.247261274047552, -0.252524263626296, 
-0.566053919392197, 0.270177073640488, 0.134034117241475, 0.0552691144573855, 
0.488135826620449, 0.0503456045159889, 0.0156421294048419, -0.0516331758695666, 
-0.0921261415763596, 0.0561839639606067, 0.00378419612822483, 
0.320048159909756, -0.0586438059743317, 0.0661086535406638, -0.0129195773925251, 
-336.210306758092, 34.3214802614943, 2.22433458214142, -15.0478369131155, 
37.1521272902704, -0.0374601498146478, -0.0653487120640131, 0.138130185142434, 
-0.0383945646106891, 0.129786979720916, -0.0243578643669359, 
0.158865371339088, 0.325217087068073, -0.137242779638185, 0.456474543060338, 
-0.0669189733086741, 0.446674051791264, -0.234794352486996, 0.0259014783272711, 
0.166045712013644, 0.0218094808812521, -0.200514755944425, -0.411294858343322, 
-0.148102529415978, 0.207769606822958, 0.0285686891143607, 0.142034990875549, 
-388.749181254348, 2.79628514992061, 1.15192001105823, -2.77206729659743, 
15.8610029576016, 45.8439982091944, 0.33015852274241, -0.219859986594344, 
-0.0348335730373915, 0.105750963544434, 0.0526353760230174, 0.126658511591116, 
-0.338789747600054, 0.193743768828583, 0.242884558756276, 0.0705598809213958, 
-0.407196430236826, 0.0628557797669603, -0.0931428063792149, 
0.099267306178326, -0.0852288304520473, 0.20563167693058, 0.380274486068049, 
0.171870093487489, -0.314018031744071, 0.0874515683341706, -0.0458524656678755, 
-213.042249330972, 4.52936359971776, 16.0465727621025, 0.396945707731107, 
19.3481724088815, -7.63307812804156, -37.9370418562732, -0.133475104849532, 
0.0272292321245677, -0.163292307031047, -0.0443828098455273, 
-0.217631652234084, 0.0823532782288867, 0.478754688994095, 0.208973116665014, 
-0.228916859971893, 0.0384956327706679, -0.037015383993491, 0.638435591602182, 
-0.00495239509588078, 0.024863173806652, -0.245428595106607, 
-0.100040774153055, -0.0707637813587517, 0.0314560421411043, 
0.0609750793436495, 0.2324220834348), .Dim = c(27L, 7L), .Dimnames = list(
    c("1", "2", "4", "5", "6", "7", "8", "9", "10", "11", "12", 
    "13", "14", "15", "16", "17", "18", "19", "20", "21", "23", 
    "25", "26", "27", "28", "29", "30"), c("x1", "x2", "x3", 
    "x4", "x5", "x6", "x7")), assign = 1:7), qraux = c(1.19245008972988, 
1.01654074437395, 1.06210772519193, 1.1105858676205, 1.1217415644853, 
1.27352772822241, 1.16825967437655), pivot = 1:7, tol = 1e-07, 
    rank = 7L), .Names = c("qr", "qraux", "pivot", "tol", "rank"
), class = "qr"), df.residual = 20L, xlevels = structure(list(), .Names = character(0)), 
    call = quote(lm(formula = y ~ . + 0, data = structure(list(y = c(43, 
        63, 61, 81, 43, 58, 71, 72, 67, 64, 67, 69, 68, 77, 81, 
        74, 65, 65, 50, 50, 53, 63, 66, 78, 48, 85, 82), x1 = c(1, 
        1, 1, 1, 1, 1, 1, 1, 1, 1, 1, 1, 1, 1, 1, 1, 1, 1, 1, 
        1, 1, 1, 1, 1, 1, 1, 1), x2 = c(51, 64, 63, 78, 55, 67, 
        75, 82, 61, 53, 60, 62, 83, 77, 90, 85, 60, 70, 58, 40, 
        66, 54, 77, 75, 57, 85, 82), x3 = c(30, 51, 45, 56, 49, 
        42, 50, 72, 45, 53, 47, 57, 83, 54, 50, 64, 65, 46, 68, 
        33, 52, 42, 66, 58, 44, 71, 39), x4 = c(39, 54, 47, 66, 
        44, 56, 55, 67, 47, 58, 39, 42, 45, 72, 72, 69, 75, 57, 
        54, 34, 50, 48, 63, 74, 45, 71, 59), x5 = c(61, 63, 54, 
        71, 54, 66, 70, 71, 62, 58, 59, 55, 59, 79, 60, 79, 55, 
        75, 64, 43, 63, 66, 88, 80, 51, 77, 64), x6 = c(92, 73, 
        84, 83, 49, 68, 66, 83, 80, 67, 74, 63, 77, 77, 54, 79, 
        80, 85, 78, 64, 80, 75, 76, 78, 83, 74, 78), x7 = c(34, 
        47, 33, 33, 39, 41, 49, 35, 41, 35, 41, 35, 46, 60, 34, 
        34, 33, 41, 72, 37, 41, 36, 52, 41, 34, 46, 37)), .Names = c("y", 
        "x1", "x2", "x3", "x4", "x5", "x6", "x7"),