
expected <- structure(list(coefficients = structure(c(19.8965450060452, 0.560174108825819, 
0.0941651110068874, 0.214102606834505, 0.111783736495663, -0.125858028034615, 
-0.153352800528927), .Names = c("x1", "x2", "x3", "x4", "x5", 
"x6", "x7")), residuals = structure(c(-4.97937287616344, 0.900348647895789, 
0.121625485772659, 8.28799956465981, -9.10741895926475, -0.906764309970213, 
-5.6204442859408, 5.51563924358635, 5.48686308007079, 9.91129524555346, 
6.56936081452359, -3.70570250651022, -0.216680159367964, -5.33248967573698, 
-1.93708888024472, 3.56626683569615, -1.3699604606448, 4.48842755559539, 
1.68191852529274, -11.9935782826094, -7.89686489218372, 1.88369168706967, 
-4.45702820945628, 3.73873264687125, -8.16168054736181, 6.71966550165245, 
6.81323921121501), .Names = c("1", "2", "3", "5", "7", "8", "9", 
"10", "11", "12", "13", "14", "15", "16", "17", "18", "19", "21", 
"22", "23", "24", "25", "26", "27", "28", "29", "30")), effects = structure(c(-343.523410167827, 
49.3571362451374, -8.35075167206324, -8.33587553036638, 1.65004823585452, 
-5.82140301776366, -5.81370616383648, 6.87983361707953, 4.83811242514935, 
12.2994136216508, 8.73023492474016, -1.74654932005286, 0.172398161034425, 
-9.36960582965193, -2.36188882289053, -3.62973832760774, 1.50390750104378, 
4.39103206497604, 1.89502996274225, -10.3784682768862, -12.5064666716213, 
4.59807842771094, -2.6227226525395, 4.09544856291173, -8.45011330925646, 
6.07322375606556, 6.83458873255754), .Names = c("x1", "x2", "x3", 
"x4", "x5", "x6", "x7", "", "", "", "", "", "", "", "", "", "", 
"", "", "", "", "", "", "", "", "", "")), rank = 7L, fitted.values = structure(c(47.9793728761634, 
62.0996513521042, 70.8783745142273, 72.7120004353402, 67.1074189592647, 
71.9067643099702, 77.6204442859408, 61.4843607564137, 58.5131369199292, 
57.0887047544465, 62.4306391854764, 71.7057025065102, 77.216680159368, 
86.332489675737, 75.9370888802447, 61.4337331643039, 66.3699604606448, 
45.5115724444046, 62.3180814747073, 64.9935782826094, 47.8968648921837, 
61.1163083129303, 70.4570282094563, 74.2612673531287, 56.1616805473618, 
78.2803344983476, 75.186760788785), .Names = c("1", "2", "3", 
"5", "7", "8", "9", "10", "11", "12", "13", "14", "15", "16", 
"17", "18", "19", "21", "22", "23", "24", "25", "26", "27", "28", 
"29", "30")), assign = 1:7, qr = structure(list(qr = structure(c(-5.19615242270663, 
0.192450089729875, 0.192450089729875, 0.192450089729875, 0.192450089729875, 
0.192450089729875, 0.192450089729875, 0.192450089729875, 0.192450089729875, 
0.192450089729875, 0.192450089729875, 0.192450089729875, 0.192450089729875, 
0.192450089729875, 0.192450089729875, 0.192450089729875, 0.192450089729875, 
0.192450089729875, 0.192450089729875, 0.192450089729875, 0.192450089729875, 
0.192450089729875, 0.192450089729875, 0.192450089729875, 0.192450089729875, 
0.192450089729875, 0.192450089729875, -350.644063487833, 69.9910047130397, 
-0.0739876890014511, -0.188288091357435, -0.0311250381179571, 
-0.145425440473941, -0.245438292535427, 0.0546002636490308, 0.168900666005015, 
0.0688878139435288, 0.0403127133545328, -0.259725842829925, -0.174000541062937, 
-0.359738694891411, -0.288300943418921, 0.0688878139435288, -0.0739876890014511, 
0.354638819833489, 0.0546002636490308, -0.0168374878234591, 0.397501470716983, 
0.154613115710517, -0.174000541062937, -0.145425440473941, 0.111750464827023, 
-0.288300943418921, -0.245438292535427, -272.509327057503, 12.9048329271082, 
-59.4821986294226, -0.0356607006317303, -0.0734249245665941, 
0.0274003400022619, -0.052495078245511, 0.405743958666986, -0.115375117765674, 
-0.0439647637424777, -0.0187584476002637, -0.157574187496269, 
0.321594695737311, 0.182824206119762, -0.115556118879503, 0.0905292560539397, 
-0.0524272028278253, 0.0402071243264261, -0.0986086155695795, 
0.267018719327895, 0.00239765011310512, 0.620133396711176, -0.0314521062282851, 
0.0105885875277097, 0.153590296687932, -0.0651208614558466, 0.0651871890763542, 
-297.527838722387, 35.5135583468277, -5.7763895702068, -49.3214525563152, 
0.0315324151727286, -0.097804086018091, 0.0950883102631133, -0.217711440363564, 
0.226924689240843, -0.24922997470594, -0.215669852540248, -0.333084258325106, 
0.147577396502377, 0.0513873361840216, 0.121752154309175, 0.444660144375601, 
0.0154114866017337, -0.167990847926931, 0.221473572929723, -0.171026236821455, 
0.359510831195854, -0.183042238073417, 0.0596414210272993, 0.291925746139737, 
-0.149707985508953, 0.148796688709658, -0.0986263816341255, -340.05930855269, 
35.7220507474215, -3.79406906868904, -14.666148235984, -37.2170779735254, 
0.0241280601968484, -0.0955497273292489, -0.0432095217809041, 
-0.0629133225480185, 0.0115456887849072, -0.142130667459609, 
-0.258445011746154, 0.0805937916583761, -0.54738401780799, 0.0830216373636667, 
-0.368727587962949, 0.209967324124418, -0.182882016335687, 0.0361359413018291, 
-0.0695118811007705, -0.125210153737542, 0.0991905884138098, 
0.439370894910028, 0.162246524245471, -0.243613075732358, 0.00757003284081351, 
-0.245537788933425, -391.058582331106, 6.68128185253085, -0.381089861595165, 
1.72931304325862, -19.4839659414791, 40.568275488358, -0.0812415231368897, 
-0.0262571714866437, 0.198465135391272, 0.0672921596333127, 0.315264927655978, 
0.00554200767623636, 0.140603424456269, 0.592075433856413, 0.0631555839101995, 
-0.129859082744139, -0.110442859143706, 0.201535497010697, -0.0643589913989006, 
-0.0298803133545663, 0.385835345373155, 0.132396937919253, 0.197370329781987, 
0.0882014605765842, -0.195845752350122, 0.176616915342374, 0.0175864989638895, 
-224.589254714764, 11.8745418003161, 7.41239656308899, -26.6122353163801, 
-21.8978638141273, 4.66610235721733, 37.9106618450039, -0.131301579946847, 
0.331415945409052, -0.118532840298409, 0.252314340653179, -0.0153401272254965, 
0.0584785980004014, 0.0545222579376032, -0.342188947727478, -0.257273263512704, 
0.0442197208308448, 0.00142487193774047, 0.229759216392557, 0.0230254204491341, 
-0.0749828508427526, 0.0925800840342951, -0.55552386031258, 0.124170027921647, 
-0.044505029650235, -0.153868467857966, 0.0216180980329714), .Dim = c(27L, 
7L), .Dimnames = list(c("1", "2", "3", "5", "7", "8", "9", "10", 
"11", "12", "13", "14", "15", "16", "17", "18", "19", "21", "22", 
"23", "24", "25", "26", "27", "28", "29", "30"), c("x1", "x2", 
"x3", "x4", "x5", "x6", "x7")), assign = 1:7), qraux = c(1.19245008972988, 
1.01173761276554, 1.35105485656143, 1.11133613561892, 1.01034905568238, 
1.34257336517051, 1.43090761551299), pivot = 1:7, tol = 1e-07, 
    rank = 7L), .Names = c("qr", "qraux", "pivot", "tol", "rank"
), class = "qr"), df.residual = 20L, xlevels = structure(list(), .Names = character(0)), 
    call = quote(lm(formula = y ~ . + 0, data = structure(list(y = c(43, 
        63, 71, 81, 58, 71, 72, 67, 64, 67, 69, 68, 77, 81, 74, 
        65, 65, 50, 64, 53, 40, 63, 66, 78, 48, 85, 82), x1 = c(1, 
        1, 1, 1, 1, 1, 1, 1, 1, 1, 1, 1, 1, 1, 1, 1, 1, 1, 1, 
        1, 1, 1, 1, 1, 1, 1, 1), x2 = c(51, 64, 70, 78, 67, 75, 
        82, 61, 53, 60, 62, 83, 77, 90, 85, 60, 70, 40, 61, 66, 
        37, 54, 77, 75, 57, 85, 82), x3 = c(30, 44, 71, 50, 45, 
        53, 50, 72, 39, 45, 47, 44, 71, 66, 47, 53, 47, 45, 42, 
        65, 42, 83, 50, 52, 56, 50, 57), x4 = c(39, 54, 69, 66, 
        56, 55, 67, 47, 58, 39, 42, 45, 72, 72, 69, 75, 57, 34, 
        62, 50, 58, 48, 63, 74, 45, 71, 59), x5 = c(61, 63, 76, 
        71, 66, 70, 71, 62, 58, 59, 55, 59, 79, 60, 79, 55, 75, 
        43, 66, 63, 50, 66, 88, 80, 51, 77, 64), x6 = c(92, 73, 
        86, 83, 68, 66, 83, 80, 67, 74, 63, 77, 77, 54, 79, 80, 
        85, 64, 80, 80, 57, 75, 76, 78, 83, 74, 78), x7 = c(45, 
        47, 48, 47, 35, 41, 31, 41, 34, 41, 25, 35, 46, 36, 63, 
        60, 46, 33, 41, 37, 49, 33, 72, 49, 38, 55, 39)), .Names = c("y", 
        "x1", "x2", "x3", "x4", "x5", "x6", "x7"),