
expected <- structure(list(coefficients = structure(c(13.6786060113484, 0.0660996435606266, 
0.163749200739721, 0.38786112899134, 0.509928578833035, -0.00182979382197618, 
-0.40659911763103), .Names = c("x1", "x2", "x3", "x4", "x5", 
"x6", "x7")), residuals = structure(c(3.11183853937673, -5.07659241035454, 
5.20065361232736, -13.1579995664215, -6.94726859352357, 6.45221474220887, 
-8.38999808591964, 7.96710906670632, -0.0515312711137815, 11.6003102351186, 
6.97423197754753, 3.59655799923598, -0.307139103131411, 11.5148157088944, 
4.9855868835144, 3.98619209326336, -2.79437767863247, -11.2057815383272, 
5.10796358726509, -3.04527193526456, -10.1485455569998, -12.6850693981125, 
-0.900662467752985, -3.33829179107413, 1.89073006706723, -4.57481913830441, 
10.2351440224066), .Names = c("2", "3", "4", "6", "7", "8", "9", 
"10", "11", "12", "13", "14", "15", "16", "17", "18", "19", "20", 
"21", "22", "23", "24", "25", "26", "27", "28", "29")), effects = structure(c(-333.516005501874, 
-12.472776458445, 23.9583346609774, 24.6603024459613, -14.6074614151288, 
-1.69802457628437, -17.241585588678, 9.22987790482759, -2.19965378304757, 
13.9537978453075, 10.0890047009929, 14.0476286510344, -3.8863627237455, 
1.45861721963105, 4.27303492050646, -3.52235255284456, -1.9659246321344, 
-8.11566905690195, 3.12587899956528, -4.01697385498989, -7.5010526423869, 
-22.9016566472661, 0.546893400835933, -2.26597520736627, -0.0911797517620534, 
-3.39543088412693, 8.81593136653502), .Names = c("x1", "x2", 
"x3", "x4", "x5", "x6", "x7", "", "", "", "", "", "", "", "", 
"", "", "", "", "", "", "", "", "", "", "", "")), rank = 7L, 
    fitted.values = structure(c(59.8881614606233, 76.0765924103545, 
    55.7993463876726, 56.1579995664215, 64.9472685935236, 64.5477852577911, 
    80.3899980859196, 59.0328909332937, 64.0515312711138, 55.3996897648814, 
    62.0257680224525, 64.403442000764, 77.3071391031314, 69.4851842911056, 
    69.0144131164856, 61.0138079067366, 67.7943776786325, 61.2057815383272, 
    44.8920364127349, 67.0452719352646, 63.1485455569998, 52.6850693981125, 
    63.900662467753, 69.3382917910741, 76.1092699329328, 52.5748191383044, 
    74.7648559775934), .Names = c("2", "3", "4", "6", "7", "8", 
    "9", "10", "11", "12", "13", "14", "15", "16", "17", "18", 
    "19", "20", "21", "22", "23", "24", "25", "26", "27", "28", 
    "29")), assign = 1:7, qr = structure(list(qr = structure(c(-5.19615242270663, 
    0.192450089729875, 0.192450089729875, 0.192450089729875, 
    0.192450089729875, 0.192450089729875, 0.192450089729875, 
    0.192450089729875, 0.192450089729875, 0.192450089729875, 
    0.192450089729875, 0.192450089729875, 0.192450089729875, 
    0.192450089729875, 0.192450089729875, 0.192450089729875, 
    0.192450089729875, 0.192450089729875, 0.192450089729875, 
    0.192450089729875, 0.192450089729875, 0.192450089729875, 
    0.192450089729875, 0.192450089729875, 0.192450089729875, 
    0.192450089729875, 0.192450089729875, -338.134807655391, 
    -61.4642322969372, -0.218282354001676, -0.120664605015344, 
    -0.218282354001676, -0.44605710163645, 0.302345640592094, 
    0.172188641943651, -0.16947347950851, 0.334884890254204, 
    0.172188641943651, -0.0718557305221782, 0.286076015761038, 
    -0.104394980184289, -0.16947347950851, -0.0393164808600676, 
    0.204727891605762, -0.0393164808600676, -0.00677723119795698, 
    -0.0718557305221782, 0.0908405177883748, -0.0230468560290123, 
    0.0908405177883748, 0.172188641943651, -0.185743104339565, 
    -0.104394980184289, 0.220997516436817, -282.709181813187, 
    -12.6933202617104, 58.2528809523801, 0.0401635554065786, 
    0.125362165562975, -0.0935600457295084, -0.203142513675755, 
    0.213731048558014, -0.0459861366014106, 0.237676516763995, 
    0.00773265322011466, -0.526015004488781, 0.100027225921531, 
    0.0288248758713167, -0.234817998994485, -0.205361704662805, 
    0.208220222432315, -0.25686130349728, 0.35562305639072, 0.00614751680079299, 
    0.064426050896424, 0.195296406477732, 0.236091380344674, 
    -0.14676614328331, -0.137646654735098, 0.131824073540267, 
    -0.215115247778746, -293.87128701752, -2.61760186170757, 
    27.8554949319513, 53.0083599940263, -0.122545206189119, -0.0231911503383855, 
    -0.0135221099926784, 0.0825123809419795, -0.0457309810991121, 
    0.255903309585887, 0.301224880713187, 0.511526769901656, 
    -0.294602492044713, -0.340241185803203, -0.139223309247887, 
    -0.240655319869521, -0.0954234522333667, 0.186605544894428, 
    0.201454910732124, -0.130512395651752, 0.0976070358135219, 
    -0.15818704959873, 0.0316804705896883, -0.00164822853807286, 
    -0.295915935787233, 0.106918555436451, -0.100217574314632, 
    -335.440506399173, -14.1039569924326, 23.2754642115456, 27.5126139983705, 
    -39.7876098871999, 0.287121059937908, -0.132897409837763, 
    0.0617570663123821, -0.137922513993654, 0.0476586519079264, 
    -0.0948115773650127, -0.0820238085008303, 0.0777494957060141, 
    -0.284995751459543, 0.192363679121896, -0.530605900014575, 
    0.238024810834555, -0.0267371113034797, -0.141473692246062, 
    -0.0125243761047063, 0.0369172488408225, -0.330261060772653, 
    0.181365952212129, 0.407220200309161, 0.177371982477665, 
    -0.113366829656516, -0.0127476667461524, -382.975678562452, 
    -15.4007063493375, 13.3688351301833, 3.67368482329656, -12.6922685166143, 
    42.9317188166782, -0.0918665417691613, -0.0851963015474441, 
    0.0646479754306963, 0.0466439540003009, 0.163242528990952, 
    -0.410857286161499, 0.232484122626007, 0.526280534693319, 
    -0.114631077118422, -0.150697255402849, -0.0629885517549553, 
    -0.232129581104072, 0.105401598431219, -0.121125736386474, 
    -0.144058203091337, 0.402897787763651, 0.038695699738398, 
    0.0996547046701701, -0.0188109786467604, -0.341683415880246, 
    0.142231080054928, -222.664753817466, -4.54404595744399, 
    20.2384942981896, 24.403215716475, -13.915804215862, 3.98296088752555, 
    42.4043851573822, -0.0682375635768569, 0.222041297765511, 
    -0.193717569997574, 0.223361378780993, 0.240977161870951, 
    0.0853326462273927, 0.222800748366818, -0.209310094798459, 
    -0.163189186662786, -0.0428988203169582, -0.13276223661174, 
    -0.134474942986678, 0.148728110214723, 0.0998313641611821, 
    -0.269847673617767, 0.119562317306888, -0.516442475943485, 
    0.140567090103231, 0.0139372191399908, -0.069662826759782
    ), .Dim = c(27L, 7L), .Dimnames = list(c("2", "3", "4", "6", 
    "7", "8", "9", "10", "11", "12", "13", "14", "15", "16", 
    "17", "18", "19", "20", "21", "22", "23", "24", "25", "26", 
    "27", "28", "29"), c("x1", "x2", "x3", "x4", "x5", "x6", 
    "x7")), assign = 1:7), qraux = c(1.19245008972988, 1.28607601576104, 
    1.0738625667285, 1.17743773122729, 1.14861326321382, 1.01239839455543, 
    1.47426074161914), pivot = 1:7, tol = 1e-07, rank = 7L), .Names = c("qr", 
    "qraux", "pivot", "tol", "rank"), class = "qr"), df.residual = 20L, 
    xlevels = structure(list(), .Names = character(0)), call = quote(lm(formula = y ~ 
        . + 0, data = structure(list(y = c(63, 71, 61, 43, 58, 
        71, 72, 67, 64, 67, 69, 68, 77, 81, 74, 65, 65, 50, 50, 
        64, 53, 40, 63, 66, 78, 48, 85), x1 = c(1, 1, 1, 1, 1, 
        1, 1, 1, 1, 1, 1, 1, 1, 1, 1, 1, 1, 1, 1, 1, 1, 1, 1, 
        1, 1, 1, 1), x2 = c(61, 82, 51, 57, 51, 37, 83, 75, 54, 
        85, 75, 60, 82, 58, 54, 62, 77, 62, 64, 60, 70, 63, 70, 
        75, 53, 58, 78), x3 = c(51, 68, 45, 49, 42, 50, 72, 45, 
        53, 47, 57, 83, 54, 50, 64, 65, 46, 68, 33, 52, 52, 42, 
        42, 66, 58, 44, 71), x4 = c(54, 69, 47, 44, 56, 55, 67, 
        47, 58, 39, 42, 45, 72, 72, 69, 75, 57, 54, 34, 62, 50, 
        58, 48, 63, 74, 45, 71), x5 = c(63, 76, 54, 54, 66, 70, 
        71, 62, 58, 59, 55, 59, 79, 60, 79, 55, 75, 64, 43, 66, 
        63, 50, 66, 88, 80, 51, 77), x6 = c(73, 86, 84, 49, 68, 
        66, 83, 80, 67, 74, 63, 77, 77, 54, 79, 80, 85, 78, 64, 
        80, 80, 57, 75, 76, 78, 83, 74),