
expected <- structure(list(coefficients = structure(c(12.5686192336945, 0.730457314227643, 
-0.135927721061853, 0.187869919051571, 0.0142568765443214, 0.0545346235270886, 
-0.105593218394643), .Names = c("x1", "x2", "x3", "x4", "x5", 
"x6", "x7")), residuals = structure(c(-9.30551954529313, -0.819590513245785, 
2.87440363026297, -0.160501130823775, 4.93099185342147, -11.0958948648613, 
-0.790881162589259, -3.31437229123674, 7.72127663456923, 9.54059493018221, 
11.8490357753499, -2.23497585013899, 1.8482387791543, -4.25013847050696, 
-6.23753419789421, 2.00345762290199, -3.05362317564503, -6.04029352487783, 
5.69244035437129, 1.00260967734243, -2.26875514509207, 5.28667381154447, 
-6.22035621719506, 4.72511260886637, -10.6580974615441, 6.69533906610614, 
2.28035880687144), .Names = c("1", "2", "3", "4", "5", "6", "8", 
"9", "10", "12", "13", "14", "15", "16", "17", "18", "19", "20", 
"21", "22", "24", "25", "26", "27", "28", "29", "30")), effects = structure(c(-339.4819582835, 
54.8283956586102, 5.80475161533608, 9.31821960428338, 0.160620560741982, 
1.46428018795245, -4.81278401509158, -3.41650648931605, 9.73984937643544, 
11.7511584615394, 14.38700829708, -3.02772130516444, 4.86972165142435, 
-1.81432773950029, -4.607542279044, -1.76536777164153, -0.129153134727733, 
-5.82574514786659, 6.97759933849273, 1.20767309530235, 0.891696565185749, 
7.10857198852479, -1.68113791358966, 7.56030013895197, -12.5084426684421, 
8.77474350632036, 3.3148173878369), .Names = c("x1", "x2", "x3", 
"x4", "x5", "x6", "x7", "", "", "", "", "", "", "", "", "", "", 
"", "", "", "", "", "", "", "", "", "")), rank = 7L, fitted.values = structure(c(52.3055195452931, 
63.8195905132458, 68.125596369737, 61.1605011308238, 76.0690081465785, 
54.0958948648613, 71.7908811625893, 75.3143722912367, 59.2787233654308, 
57.4594050698178, 57.1509642246501, 70.234975850139, 75.1517612208457, 
85.250138470507, 80.2375341978942, 62.996542377098, 68.053623175645, 
56.0402935248778, 44.3075596456287, 62.9973903226576, 42.2687551450921, 
57.7133261884555, 72.2203562171951, 73.2748873911336, 58.6580974615441, 
78.3046609338939, 79.7196411931286), .Names = c("1", "2", "3", 
"4", "5", "6", "8", "9", "10", "12", "13", "14", "15", "16", 
"17", "18", "19", "20", "21", "22", "24", "25", "26", "27", "28", 
"29", "30")), assign = 1:7, qr = structure(list(qr = structure(c(-5.19615242270663, 
0.192450089729875, 0.192450089729875, 0.192450089729875, 0.192450089729875, 
0.192450089729875, 0.192450089729875, 0.192450089729875, 0.192450089729875, 
0.192450089729875, 0.192450089729875, 0.192450089729875, 0.192450089729875, 
0.192450089729875, 0.192450089729875, 0.192450089729875, 0.192450089729875, 
0.192450089729875, 0.192450089729875, 0.192450089729875, 0.192450089729875, 
0.192450089729875, 0.192450089729875, 0.192450089729875, 0.192450089729875, 
0.192450089729875, 0.192450089729875, -348.719562590534, 70.3467601717852, 
-0.0780287364412797, 0.0214783337195374, -0.191751102339356, 
0.135200699617614, -0.149105215127578, -0.248612285288395, 0.0499089251940565, 
0.0641242209313161, 0.035693629456797, -0.262827581025654, -0.177535806602097, 
-0.362334651186471, -0.291258172500173, 0.0641242209313161, -0.0780287364412797, 
0.0925548124058353, 0.348430135676508, 0.0499089251940565, 0.391076022888286, 
0.149415995354874, -0.177535806602097, -0.149105215127578, 0.106770108143095, 
-0.291258172500173, -0.248612285288395, -278.475279839129, 37.4320326308127, 
-53.0034098114856, -0.075706467318834, -0.012820834695724, 0.0769060743699957, 
-0.0970914619501152, 0.250473687390347, -0.0564200426149869, 
-0.0090434088263427, 0.160337273653413, 0.448364292940387, -0.040911043780521, 
-0.241739647228969, 0.0706103645876936, 0.330557384104143, -0.124342243063939, 
0.406443940963071, -0.0803131118449159, 0.0756469324135353, 0.118416921676098, 
-0.0455176883066029, 0.185489484839803, 0.0538422237967673, -0.0367139039256529, 
0.202677339616216, -0.372127766315544, -293.87128701752, 38.6703428372584, 
-11.1993092197911, 48.2684858320112, -0.107781713378168, 0.123670080364893, 
0.0546436939298392, 0.0157286801850715, 0.0785726316673404, 0.250959607742599, 
0.275155952383693, 0.557391283462209, -0.253908605931057, -0.183741834899432, 
-0.0598830973881054, -0.366755652799726, -0.0531978074521516, 
0.0744881674426076, 0.103155243763194, -0.182367420860423, -0.35276932207614, 
-0.0166088494611066, 0.0179571101637227, -0.282048775483992, 
0.0825405083636648, -0.0514962842411523, -0.0534055120873466, 
-337.172557206741, 36.836569687152, -5.16778260521913, 16.2281513297429, 
37.9166840284646, 0.0835594819560166, -0.0630539048863254, 0.132268331220139, 
-0.0533339485690291, -0.0782152081012886, 0.0894348825868988, 
0.194679742628102, -0.0710853329627902, 0.515030941716979, -0.042145077543721, 
0.494384023059033, -0.208951813517518, -0.0141880208886574, 0.128431879702814, 
0.0352417991869256, 0.231231700849824, -0.197927926993655, -0.406850176221955, 
-0.0819328808918057, 0.183295735263701, 0.0432338267840593, 0.180789086275012, 
-390.288781972187, 8.70923785502774, -2.19264660625914, 1.47069026615051, 
19.3138508743374, 47.400636895048, 0.303001241674094, -0.0404045713339937, 
-0.0431504995965444, 0.112843387880001, 0.328348675829138, 0.158339166419882, 
0.0571912122684996, 0.386592502734037, 0.0757680892764942, -0.208851015600529, 
-0.0875479561874719, 0.0445475483136631, 0.151258476009571, -0.0788666106869306, 
0.235978880442139, 0.0712976801649317, 0.247797338127966, 0.0428687006568403, 
-0.193917201934557, 0.175259214484552, -0.0523275775621523, -227.283555970983, 
-2.51926630010322, -8.49849864567972, 0.582832995283902, 13.5730923870099, 
10.6133302602327, 45.5785332454244, -0.0759274918872185, -0.149921219495833, 
0.0607834915511757, -0.119716742595954, -0.00847593291228816, 
-0.019176955355066, -0.0728050534074409, 0.242763391503938, 0.0330666339115338, 
-0.050927562011895, 0.03981247689538, 0.114016662423409, 0.178615400967817, 
-0.584655389072394, 0.521171407317344, 0.232519948769819, -0.0703809518789426, 
0.285282761443555, -0.0289287560359363, 0.173870873487222), .Dim = c(27L, 
7L), .Dimnames = list(c("1", "2", "3", "4", "5", "6", "8", "9", 
"10", "12", "13", "14", "15", "16", "17", "18", "19", "20", "21", 
"22", "24", "25", "26", "27", "28", "29", "30"), c("x1", "x2", 
"x3", "x4", "x5", "x6", "x7")), assign = 1:7), qraux = c(1.19245008972988, 
1.00726303798228, 1.29072539273999, 1.09374745055647, 1.07450307990198, 
1.56848671571265, 1.23230925568315), pivot = 1:7, tol = 1e-07, 
    rank = 7L), .Names = c("qr", "qraux", "pivot", "tol", "rank"
), class = "qr"), df.residual = 20L, xlevels = structure(list(), .Names = character(0)), 
    call = quote(lm(formula = y ~ . + 0, data = structure(list(y = c(43, 
        63, 71, 61, 81, 43, 71, 72, 67, 67, 69, 68, 77, 81, 74, 
        65, 65, 50, 50, 64, 40, 63, 66, 78, 48, 85, 82), x1 = c(1, 
        1, 1, 1, 1, 1, 1, 1, 1, 1, 1, 1, 1, 1, 1, 1, 1, 1, 1, 
        1, 1, 1, 1, 1, 1, 1, 1), x2 = c(51, 64, 70, 63, 78, 55, 
        75, 82, 61, 60, 62, 83, 77, 90, 85, 60, 70, 58, 40, 61, 
        37, 54, 77, 75, 57, 85, 82), x3 = c(30, 51, 68, 45, 56, 
        49, 50, 72, 45, 47, 57, 83, 54, 50, 64, 65, 46, 68, 33, 
        52, 42, 42, 66, 58, 44, 71, 39), x4 = c(39, 54, 69, 47, 
        66, 44, 55, 67, 47, 39, 42, 45, 72, 72, 69, 75, 57, 54, 
        34, 62, 58, 48, 63, 74, 45, 71, 59), x5 = c(61, 63, 76, 
        54, 71, 54, 70, 71, 62, 59, 55, 59, 79, 60, 79, 55, 75, 
        64, 43, 66, 50, 66, 88, 80, 51, 77, 64), x6 = c(92, 73, 
        86, 84, 83, 49, 66, 83, 80, 74, 63, 77, 77, 54, 79, 80, 
        85, 78, 64, 80, 57, 75, 76, 78, 83, 74, 78), x7 = c(63, 
        34, 48, 52, 36, 35, 35, 52, 55, 45, 48, 49, 49, 34, 39, 
        36, 55, 47, 33, 38, 60, 25, 46, 52, 31, 49, 35)), .Names = c("y", 
        "x1", "x2", "x3", "x4", "x5", "x6", "x7"),