
expected <- structure(list(coefficients = structure(c(0.848233970741275, 
0.811445807382042, -0.0558610945041776, 0.157189102466951, 0.0544987146224262, 
0.0322393547450338, -0.0522174917974869), .Names = c("x1", "x2", 
"x3", "x4", "x5", "x6", "x7")), residuals = structure(c(-8.88468022567105, 
2.66197076238985, 5.19598980728828, 1.59063024538517, 6.936382437529, 
-13.3338720672716, -9.20499693381178, 0.425139804421796, -5.56548135362602, 
8.24259337420801, 8.77081465452632, 8.02897995452673, -6.34832791332858, 
0.511931131190878, 6.90673620016985, -1.89346208356419, -9.03280778764861, 
4.06458096446416, 1.99153244689981, -9.96728836399405, 0.353547328704094, 
7.89995732494796, -7.50362810267858, 3.89974883739752, -6.71573533822284, 
7.88978196497057, 3.07996293079731), .Names = c("1", "2", "3", 
"4", "5", "6", "7", "8", "9", "11", "12", "13", "14", "15", "18", 
"19", "20", "21", "22", "23", "24", "25", "26", "27", "28", "29", 
"30")), effects = structure(c(-330.436804066196, -51.0689079508119, 
2.68611967430661, 8.63226905758383, 0.88092180601094, 1.00294382838399, 
-2.03352978251231, 5.02275593875519, -6.67683582246228, 10.7843907394547, 
10.7692119837379, 10.7499102165565, -10.8243534496675, 2.55142959520709, 
1.20313553707177, 1.55104943112077, -11.2724610994577, 5.9564765234775, 
3.10479700811491, -8.44698517962529, 5.04751095095239, 14.206041783478, 
-5.86831058438579, 5.90244243376243, -7.34507381684658, 8.0962172692148, 
2.46092265626427), .Names = c("x1", "x2", "x3", "x4", "x5", "x6", 
"x7", "", "", "", "", "", "", "", "", "", "", "", "", "", "", 
"", "", "", "", "", "")), rank = 7L, fitted.values = structure(c(51.884680225671, 
60.3380292376102, 65.8040101927117, 59.4093697546148, 74.063617562471, 
56.3338720672716, 67.2049969338118, 70.5748601955782, 77.565481353626, 
55.757406625792, 58.2291853454737, 60.9710200454733, 74.3483279133286, 
76.4880688688091, 58.0932637998301, 66.8934620835642, 59.0328077876486, 
45.9354190355358, 62.0084675531002, 62.967288363994, 39.6464526712959, 
55.100042675052, 73.5036281026786, 74.1002511626025, 54.7157353382228, 
77.1102180350294, 78.9200370692027), .Names = c("1", "2", "3", 
"4", "5", "6", "7", "8", "9", "11", "12", "13", "14", "15", "18", 
"19", "20", "21", "22", "23", "24", "25", "26", "27", "28", "29", 
"30")), assign = 1:7, qr = structure(list(qr = structure(c(-5.19615242270663, 
0.192450089729875, 0.192450089729875, 0.192450089729875, 0.192450089729875, 
0.192450089729875, 0.192450089729875, 0.192450089729875, 0.192450089729875, 
0.192450089729875, 0.192450089729875, 0.192450089729875, 0.192450089729875, 
0.192450089729875, 0.192450089729875, 0.192450089729875, 0.192450089729875, 
0.192450089729875, 0.192450089729875, 0.192450089729875, 0.192450089729875, 
0.192450089729875, 0.192450089729875, 0.192450089729875, 0.192450089729875, 
0.192450089729875, 0.192450089729875, -339.09705810404, -64.6156729066964, 
0.108983611697181, 0.000650761707243416, 0.232792583114252, -0.123158209709828, 
0.062555247415779, 0.18636421883285, 0.294697068822788, -0.154110452564096, 
-0.0457776025741583, -0.0148253597198905, 0.310173190249921, 
0.217316461687118, -0.0457776025741583, 0.108983611697181, -0.0767298454284261, 
-0.355300031116836, -0.0303014811470244, 0.0470791259886451, 
-0.401728395398238, -0.138634331136962, 0.217316461687118, 0.18636421883285, 
-0.09220596685556, 0.341125433104189, 0.294697068822788, -276.165878762371, 
-38.1635422496297, -51.8743814456437, -0.0855473432092191, -0.04856337822439, 
0.0849309466482844, -0.190063826433519, -0.12921405674444, 0.213189566166732, 
0.185382533999306, -0.011979315364881, 0.157451833421777, 0.413569170333353, 
-0.0754469377310734, 0.335012773954993, -0.147967824504566, 0.416187023010466, 
-0.0484397098142874, 0.0727362590284481, 0.0143806736063798, 
0.160069686098891, -0.0383393043361418, 0.155881121815509, 0.0250046496199481, 
-0.0347979789982857, 0.158898876617943, -0.42296259758637, -299.067439440226, 
8.8815741301274, -6.39487350193691, 56.1684066048873, -0.101374114991055, 
-0.190718385111897, -0.204048232309081, 0.0385619080784182, -0.155977030880701, 
-0.23250329656822, 0.119904019983458, -0.0494715865843055, 0.107569440912905, 
-0.416735363835521, -0.0905471508005107, 0.118554743291134, -0.292741824090238, 
-0.21850326841949, -0.18732881805511, 0.141451863440679, 0.102128834604174, 
0.0805525737458622, -0.254374897091793, -0.351698658609594, 0.278175656263394, 
0.0233104384263681, -0.215239953952798, -334.478255950523, -38.7894653829049, 
0.555667010559441, 10.6734268103715, 35.7693006068296, 0.242286992535943, 
0.0610598413303387, -0.015914488539777, 0.209699161181193, 0.132738696291383, 
0.0334797022370648, 0.278618378087574, 0.480930659704888, -0.0301547195578694, 
0.29333986304455, -0.274085531608001, 0.109928805858387, 0.297266160364538, 
0.000314993488680595, 0.0137139325441654, -0.0505924750542778, 
-0.246610540137745, -0.313473426882613, -0.101853827154008, 0.136681382119928, 
0.00423419283024712, 0.325761660451461, -390.673682151647, -18.1024765522868, 
4.6765930061464, -16.452185944064, 12.7194361351523, 39.6994384931143, 
0.160003030897593, 0.375831211177374, -0.135274219136813, 0.101914532784593, 
0.128603853451336, 0.297667416636983, 0.0890317846089987, -0.0862917645605251, 
-0.154731835633865, -0.0406001286875438, -0.162494475072742, 
0.0747069517641435, -0.142406688393271, 0.0224443564403976, 0.45659641587557, 
0.112232001760976, 0.0776950786013174, -0.0742933119601093, -0.0658050846245066, 
0.225545172508824, -0.0844607256310159, -220.932703009897, -10.2044959173061, 
-11.7299946118344, 4.7507556931134, 28.3147555125116, 5.30359545893591, 
38.9434596054301, 0.0229423422450543, 0.394913759927324, 0.180894824039282, 
-0.0397582913513425, 0.28589188866549, 0.085726605500852, 0.10489531884754, 
-0.502856786516968, 0.0751114896482211, -0.114339520027428, -0.0462088192665288, 
0.124697923791437, 0.128410256868964, -0.309446293795494, 0.321193633577289, 
-0.365458647705118, 0.0783402709524197, -0.062637007932858, -0.17973480496211, 
-0.0768832423828932), .Dim = c(27L, 7L), .Dimnames = list(c("1", 
"2", "3", "4", "5", "6", "7", "8", "9", "11", "12", "13", "14", 
"15", "18", "19", "20", "21", "22", "23", "24", "25", "26", "27", 
"28", "29", "30"), c("x1", "x2", "x3", "x4", "x5", "x6", "x7"
)), assign = 1:7), qraux = c(1.19245008972988, 1.01612688313438, 
1.2761336179975, 1.2990141524805, 1.07824363690646, 1.55733319276517, 
1.15037959459443), pivot = 1:7, tol = 1e-07, rank = 7L), .Names = c("qr", 
"qraux", "pivot", "tol", "rank"), class = "qr"), df.residual = 20L, 
    xlevels = structure(list(), .Names = character(0)), call = quote(lm(formula = y ~ 
        . + 0, data = structure(list(y = c(43, 63, 71, 61, 81, 
        43, 58, 71, 72, 64, 67, 69, 68, 77, 65, 65, 50, 50, 64, 
        53, 40, 63, 66, 78, 48, 85, 82), x1 = c(1, 1, 1, 1, 1, 
        1, 1, 1, 1, 1, 1, 1, 1, 1, 1, 1, 1, 1, 1, 1, 1, 1, 1, 
        1, 1, 1, 1), x2 = c(51, 64, 70, 63, 78, 55, 67, 75, 82, 
        53, 60, 62, 83, 77, 60, 70, 58, 40, 61, 66, 37, 54, 77, 
        75, 57, 85, 82), x3 = c(30, 51, 68, 45, 56, 49, 42, 50, 
        72, 53, 47, 57, 83, 54, 65, 46, 68, 33, 52, 52, 42, 42, 
        66, 58, 44, 71, 39), x4 = c(47, 45, 48, 39, 57, 69, 66, 
        50, 59, 72, 50, 59, 44, 75, 62, 47, 74, 75, 67, 47, 58, 
        54, 66, 72, 42, 48, 62), x5 = c(61, 63, 76, 54, 71, 54, 
        66, 70, 71, 58, 59, 55, 59, 79, 55, 75, 64, 43, 66, 63, 
        50, 66, 88, 80, 51, 77, 64), x6 = c(92, 73, 86, 84, 83, 
        49, 68, 66, 83, 67, 74, 63, 77, 77, 80, 85, 78, 64, 80, 
        80, 57, 75, 76, 78, 83, 74, 78), x7 = c(45, 47, 48, 35, 
        47, 34, 35, 41, 31, 34, 41, 25, 35, 46, 60, 46, 52, 33, 
        41, 37, 49, 33, 72, 49, 38, 55, 39)), .Names = c("y", 
        "x1", "x2", "x3", "x4", "x5", "x6", "x7"),