
expected <- structure(list(coefficients = structure(c(26.7870313053637, 0.523145930745766, 
-0.0308793418534879, 0.221837270348844, 0.203035934832846, -0.187762491743525, 
-0.176315477735756), .Names = c("x1", "x2", "x3", "x4", "x5", 
"x6", "x7")), residuals = structure(c(3.40711333642138, 0.186038456979298, 
2.44609431392409, -10.756024539385, -7.3598565774967, 1.41854714182297, 
-7.25775421817598, 7.98717910444977, 8.05920664053581, 7.57616483480835, 
7.47858811856913, -0.790439427512268, -1.60093182438526, -0.553193389592403, 
-0.683656100904566, 6.25100139853751, -2.85427988978882, -5.81380828897937, 
3.55401015095854, 1.62691917809071, -9.42291733789647, -8.52293636855286, 
5.86310772951749, -3.15842797126868, 4.39412568881099, -8.30509305771713, 
6.8312228982295), .Names = c("2", "3", "4", "6", "7", "8", "9", 
"10", "11", "12", "13", "14", "15", "16", "17", "18", "19", "20", 
"21", "22", "23", "24", "25", "26", "27", "28", "29")), effects = structure(c(-333.516005501874, 
-45.8271796854879, -2.82732660593055, 9.77007444774788, -2.39921901489119, 
-8.53408249168689, -6.831451439359, 8.57739179954784, 8.44096245562303, 
8.28023385314444, 10.3171722346871, 2.6341974780038, -3.64440408278127, 
-7.24566193292327, -3.2735156333037, -1.41687324396749, -2.2615071044494, 
-4.85610877900998, 2.42106029119682, 1.18774815978656, -8.05234183108726, 
-13.9371211052623, 9.14882878920761, -2.52406570092999, 3.4946850219733, 
-10.0457081182113, 4.65997526765422), .Names = c("x1", "x2", 
"x3", "x4", "x5", "x6", "x7", "", "", "", "", "", "", "", "", 
"", "", "", "", "", "", "", "", "", "", "", "")), rank = 7L, 
    fitted.values = structure(c(59.5928866635786, 70.8139615430207, 
    58.5539056860759, 53.756024539385, 65.3598565774967, 69.581452858177, 
    79.257754218176, 59.0128208955502, 55.9407933594642, 59.4238351651916, 
    61.5214118814309, 68.7904394275123, 78.6009318243853, 81.5531933895924, 
    74.6836561009046, 58.7489986014625, 67.8542798897888, 55.8138082889794, 
    46.4459898490415, 62.3730808219093, 62.4229173378965, 48.5229363685529, 
    57.1368922704825, 69.1584279712687, 73.605874311189, 56.3050930577171, 
    78.1687771017705), .Names = c("2", "3", "4", "6", "7", "8", 
    "9", "10", "11", "12", "13", "14", "15", "16", "17", "18", 
    "19", "20", "21", "22", "23", "24", "25", "26", "27", "28", 
    "29")), assign = 1:7, qr = structure(list(qr = structure(c(-5.19615242270663, 
    0.192450089729875, 0.192450089729875, 0.192450089729875, 
    0.192450089729875, 0.192450089729875, 0.192450089729875, 
    0.192450089729875, 0.192450089729875, 0.192450089729875, 
    0.192450089729875, 0.192450089729875, 0.192450089729875, 
    0.192450089729875, 0.192450089729875, 0.192450089729875, 
    0.192450089729875, 0.192450089729875, 0.192450089729875, 
    0.192450089729875, 0.192450089729875, 0.192450089729875, 
    0.192450089729875, 0.192450089729875, 0.192450089729875, 
    0.192450089729875, 0.192450089729875, -343.908310347287, 
    -67.2761032913922, -0.0421028710864252, -0.16101582247051, 
    0.0173536046056173, 0.136266555989702, 0.240315388450777, 
    -0.0718311089324464, -0.190744060316531, -0.0866952278554571, 
    -0.0569669900094358, 0.255179507373787, 0.165994793835724, 
    0.359228339834862, 0.284907745219808, -0.0866952278554571, 
    0.0619459613746492, -0.116423465701478, -0.38397760631567, 
    -0.0718311089324464, 0.00248948568260667, -0.428569963084701, 
    -0.175879941393521, 0.165994793835724, 0.136266555989702, 
    -0.131287584624489, 0.284907745219808, -282.709181813187, 
    -36.8030079304512, 46.9047665572452, -0.0611248653510839, 
    0.270548232368535, 0.221612896213294, -0.141002445516607, 
    0.115371580928528, -0.176809800349899, 0.0575291134291201, 
    -0.125263079326525, -0.360317310932056, 0.166739472495275, 
    0.44965606351628, 0.0751645466608243, -0.326227193683757, 
    0.230877686470715, -0.420592333842968, 0.0519486847795985, 
    -0.0338669829487023, 0.0421474061522932, -0.185538102237438, 
    0.0729108207059471, -0.0890980655799771, 0.0510545374964592, 
    0.0758798644873358, -0.0740740172164058, -293.87128701752, 
    -33.9678148766177, 8.65095721368538, 48.6211390082697, -0.0587193222030677, 
    0.083686816614506, 0.0349793870888135, 0.0898999650193316, 
    -0.160589001185979, 0.257505525574979, 0.275058221743037, 
    0.563680488069739, -0.22329697497344, -0.128997021398142, 
    -0.0275578357153437, -0.373125503892762, -0.0274975862114396, 
    0.0588222318240993, 0.0923399585590692, -0.175912621133539, 
    0.116546382071625, -0.373770335132734, -0.0128790470077565, 
    0.0349994702567816, -0.258295198339626, 0.0884128033691762, 
    -0.0259970064122555, -335.440506399173, -38.1446322939837, 
    2.79399501774129, 16.9433736810265, -36.479711813135, 0.0812892749230983, 
    -0.14581047142189, 0.10452663123928, -0.0541116618666219, 
    0.109140947644488, -0.0786925208474974, -0.290045866391337, 
    0.12291073052868, -0.524479386135571, 0.0426281205645648, 
    -0.415376334890659, 0.261294415036636, 0.0586875518273713, 
    -0.0303869572671198, 0.0426394687616735, 0.0300517964425614, 
    -0.0754831700613124, 0.285770154765615, 0.429640743106909, 
    0.140429171622168, -0.131763752497732, -0.0511357064154046, 
    -377.587076050015, -5.61368224659035, 6.09887428130014, -0.646747904901233, 
    -7.47774607870412, 42.7662873635898, 0.203448288905269, 0.0249055596331054, 
    -0.233553267616878, 0.469447984876761, 0.25746650505458, 
    -0.0937445392822119, 0.406254994592199, 0.000261357379174824, 
    -0.106117455244733, -0.243922203766979, 0.0731944910757867, 
    -0.102899175872236, 0.414447432945548, -0.0951586142248484, 
    -0.0628428546323305, 0.344894380556884, -0.0298219913585751, 
    -0.0112472036279978, -0.0829010711319412, 0.147912171954945, 
    0.150220288645983, -222.664753817466, -13.9386898893224, 
    15.4279398067065, 25.9617311116737, -20.437418117989, 2.85952101400441, 
    38.7456139817589, -0.0600963158326661, 0.369435760990969, 
    -0.187064269163568, 0.261672625103179, -0.0206184663174441, 
    0.123534417425493, 0.0261081579520719, -0.372094176923369, 
    -0.144270089187648, -0.042211725290076, -0.0702070678092733, 
    -0.0308024986690767, 0.208402735364603, 0.0705145975399832, 
    0.011172913442701, 0.272082828099327, -0.481691727973416, 
    0.150651275516319, -0.0809446419526486, -0.135855174765475
    ), .Dim = c(27L, 7L), .Dimnames = list(c("2", "3", "4", "6", 
    "7", "8", "9", "10", "11", "12", "13", "14", "15", "16", 
    "17", "18", "19", "20", "21", "22", "23", "24", "25", "26", 
    "27", "28", "29"), c("x1", "x2", "x3", "x4", "x5", "x6", 
    "x7")), assign = 1:7), qraux = c(1.19245008972988, 1.06194596137465, 
    1.14577733656893, 1.12121545183186, 1.06702475408641, 1.01339142467022, 
    1.41334688599829), pivot = 1:7, tol = 1e-07, rank = 7L), .Names = c("qr", 
    "qraux", "pivot", "tol", "rank"), class = "qr"), df.residual = 20L, 
    xlevels = structure(list(), .Names = character(0)), call = quote(lm(formula = y ~ 
        . + 0, data = structure(list(y = c(63, 71, 61, 43, 58, 
        71, 72, 67, 64, 67, 69, 68, 77, 81, 74, 65, 65, 50, 50, 
        64, 53, 40, 63, 66, 78, 48, 85), x1 = c(1, 1, 1, 1, 1, 
        1, 1, 1, 1, 1, 1, 1, 1, 1, 1, 1, 1, 1, 1, 1, 1, 1, 1, 
        1, 1, 1, 1), x2 = c(64, 70, 63, 55, 67, 75, 82, 61, 53, 
        60, 62, 83, 77, 90, 85, 60, 70, 58, 40, 61, 66, 37, 54, 
        77, 75, 57, 85), x3 = c(51, 68, 45, 49, 42, 50, 72, 45, 
        53, 47, 57, 83, 54, 50, 64, 65, 46, 68, 33, 52, 52, 42, 
        42, 66, 58, 44, 71), x4 = c(54, 69, 47, 44, 56, 55, 67, 
        47, 58, 39, 42, 45, 72, 72, 69, 75, 57, 54, 34, 62, 50, 
        58, 48, 63, 74, 45, 71), x5 = c(63, 76, 54, 54, 66, 70, 
        71, 62, 58, 59, 55, 59, 79, 60, 79, 55, 75, 64, 43, 66, 
        63, 50, 66, 88, 80, 51, 77),