
expected <- structure(list(coefficients = structure(c(16.1568695377338, 0.6109156140106, 
-0.136964708272436, 0.310436683305244, 0.0441970822210491, 0.0357525967403558, 
-0.181588941160297), .Names = c("x1", "x2", "x3", "x4", "x5", 
"x6", "x7")), residuals = structure(c(-7.11219023439556, 2.06522783946785, 
-0.147160131097476, 8.99357233429868, -9.0673378919858, -9.71272325841833, 
1.06428610708478, -4.15933807261689, 4.94041489108493, 2.78338578519879, 
10.9842602558191, 8.22183339580062, -5.67406923652878, -0.687723418181815, 
-4.78346152469445, -1.0671490590232, 0.810108162500654, -1.67256098320862, 
-9.18662329376618, 7.09279428967037, -10.2549436606627, 4.68833300584102, 
-0.973419526432649, 2.06287512911056, -5.40838824809027, 5.93498786086883, 
10.2650094823566), .Names = c("1", "2", "4", "5", "6", "7", "8", 
"9", "10", "11", "12", "13", "14", "15", "16", "17", "18", "19", 
"20", "21", "23", "25", "26", "27", "28", "29", "30")), effects = structure(c(-339.4819582835, 
47.9679701362602, -11.7890410041974, -9.76034181914225, -2.0659070443915, 
0.204563084523555, 6.95223968875776, -0.396880100543274, 5.57142381124591, 
3.03201584453527, 13.78535505955, 14.2193636534313, -0.0513571342153417, 
-0.511459171992075, 0.592945668401764, -1.15820015006887, -5.34934426753184, 
-1.05559964076227, -10.9446943224101, 9.21179099817885, -7.97732883212527, 
6.35215905672228, -1.78147695316338, 1.30567773967042, -4.3654539949557, 
6.72883412822215, 14.3539513111068), .Names = c("x1", "x2", "x3", 
"x4", "x5", "x6", "x7", "", "", "", "", "", "", "", "", "", "", 
"", "", "", "", "", "", "", "", "", "")), rank = 7L, fitted.values = structure(c(50.1121902343956, 
60.9347721605321, 61.1471601310975, 72.0064276657013, 52.0673378919858, 
67.7127232584183, 69.9357138929152, 76.1593380726169, 62.0595851089151, 
61.2166142148012, 56.0157397441809, 60.7781666041994, 73.6740692365288, 
77.6877234181818, 85.7834615246944, 75.0671490590232, 64.1898918374993, 
66.6725609832086, 59.1866232937662, 42.9072057103296, 63.2549436606627, 
58.311666994159, 66.9734195264327, 75.9371248708894, 53.4083882480903, 
79.0650121391312, 71.7349905176434), .Names = c("1", "2", "4", 
"5", "6", "7", "8", "9", "10", "11", "12", "13", "14", "15", 
"16", "17", "18", "19", "20", "21", "23", "25", "26", "27", "28", 
"29", "30")), assign = 1:7, qr = structure(list(qr = structure(c(-5.19615242270663, 
0.192450089729875, 0.192450089729875, 0.192450089729875, 0.192450089729875, 
0.192450089729875, 0.192450089729875, 0.192450089729875, 0.192450089729875, 
0.192450089729875, 0.192450089729875, 0.192450089729875, 0.192450089729875, 
0.192450089729875, 0.192450089729875, 0.192450089729875, 0.192450089729875, 
0.192450089729875, 0.192450089729875, 0.192450089729875, 0.192450089729875, 
0.192450089729875, 0.192450089729875, 0.192450089729875, 0.192450089729875, 
0.192450089729875, 0.192450089729875, -352.183664205672, 64.6889995800419, 
0.0319993232125807, -0.199879359366827, 0.155667953921598, -0.0298349921419281, 
-0.153503622850946, -0.261713674721336, 0.0629164808898351, 0.186585111598853, 
0.0783750597284623, 0.0474579020512079, -0.277172253559963, -0.1844207805282, 
-0.385382305430354, -0.308089411237218, 0.0783750597284623, -0.0762107286578097, 
0.109292217405717, 0.387546636501006, -0.0143764133033009, 0.171126532760225, 
-0.1844207805282, -0.153503622850946, 0.124750796244344, -0.308089411237218, 
-0.261713674721336, -276.93567912129, 25.3795512132839, 68.2898821923272, 
-0.218020876564929, -0.264271533285466, 0.171149403379451, 0.0611755178449038, 
-0.360868565424896, 0.319525377099881, 0.283064685813273, 0.0367420947288596, 
0.0751441829147428, 0.200140412906321, 0.216725267487711, 0.27597389082845, 
-0.127543940960684, 0.0806724677752063, -0.0494731603019198, 
0.174061498728363, -0.0251227181234305, -0.0384165905809929, 
0.155831153085059, -0.164004632247293, 0.134392806255482, -0.313730191192276, 
0.106751381953164, -0.360868565424896, -289.060034774273, 42.7395352490623, 
-7.20088020268716, -43.6780923037741, -0.0432297183471685, 0.0319205195423583, 
-0.100657687389592, 0.0971340676224157, -0.0957181157704535, 
0.274359498422791, -0.247848718638688, -0.210433514374022, -0.453826704198402, 
0.250442992851226, 0.0583109337376676, 0.0857579269858293, 0.57379759871121, 
0.0241598115464209, 0.11657997263562, -0.0684451352645718, -0.0786963772976002, 
0.0383288924354403, 0.0666244034359749, 0.330067156381783, -0.0464730521930664, 
0.117864785919275, -0.086024114844925, -336.210306758092, 34.3214802614943, 
-1.2402041550374, -15.2072200276983, 37.1331115713791, -0.048206320169042, 
-0.0597981041417773, 0.166126031421396, -0.0994599302600604, 
0.0190734108958713, -0.0235844962644284, 0.117252695031065, 0.209815154785795, 
-0.192208761738882, 0.433840971246009, -0.0578439634494017, 0.339939649660627, 
-0.203801818610668, -0.0982308978382029, 0.187799754533848, 0.0258701888521215, 
-0.23157427255867, -0.414891267020661, -0.205409670507517, 0.285938744352927, 
-0.0422196884633224, 0.295583484553401, -388.749181254348, 2.79628514992061, 
9.87720285433311, -4.59637233036926, 15.5090039921898, 44.7553335791346, 
0.313554334136409, -0.175778231848742, -0.0191119141141715, 0.212935266089168, 
0.0457622114744433, 0.182306227423748, -0.201915548851487, 0.226779271548927, 
0.217437976830188, 0.089206855256877, -0.26601707854071, 0.0238924030953334, 
0.0606186468549695, 0.0753535820134023, -0.0826388246600958, 
0.217799483322267, 0.43327603436527, 0.228759940516075, -0.364142180112946, 
0.176105469509155, -0.200523697873223, -221.317603189357, 16.3019301952679, 
2.74599371053166, -25.526814900935, 23.4682209609372, 7.68524944302324, 
-38.2855896638591, -0.488176720338204, 0.0307519425401851, -0.172172197380316, 
0.124720952664772, -0.165915704290062, 0.103379113475085, -0.127963378437521, 
0.1242599409595, 0.330319133614324, 0.314448838577131, -0.1117852056276, 
0.198888881338209, 0.0559873028614709, -0.134952438379673, -0.280489847126095, 
0.464446725945788, -0.116875892671453, -0.0650599872411813, 0.206540419955204, 
-0.0880260853899042), .Dim = c(27L, 7L), .Dimnames = list(c("1", 
"2", "4", "5", "6", "7", "8", "9", "10", "11", "12", "13", "14", 
"15", "16", "17", "18", "19", "20", "21", "23", "25", "26", "27", 
"28", "29", "30"), c("x1", "x2", "x3", "x4", "x5", "x6", "x7"
)), assign = 1:7), qraux = c(1.19245008972988, 1.01654074437395, 
1.00648448091499, 1.12395000436949, 1.16692030861324, 1.25194689976539, 
1.03788028843461), pivot = 1:7, tol = 1e-07, rank = 7L), .Names = c("qr", 
"qraux", "pivot", "tol", "rank"), class = "qr"), df.residual = 20L, 
    xlevels = structure(list(), .Names = character(0)), call = quote(lm(formula = y ~ 
        . + 0, data = structure(list(y = c(43, 63, 61, 81, 43, 
        58, 71, 72, 67, 64, 67, 69, 68, 77, 81, 74, 65, 65, 50, 
        50, 53, 63, 66, 78, 48, 85, 82), x1 = c(1, 1, 1, 1, 1, 
        1, 1, 1, 1, 1, 1, 1, 1, 1, 1, 1, 1, 1, 1, 1, 1, 1, 1, 
        1, 1, 1, 1), x2 = c(51, 64, 63, 78, 55, 67, 75, 82, 61, 
        53, 60, 62, 83, 77, 90, 85, 60, 70, 58, 40, 66, 54, 77, 
        75, 57, 85, 82), x3 = c(52, 58, 52, 72, 68, 42, 52, 83, 
        30, 30, 49, 47, 45, 42, 42, 68, 46, 58, 39, 47, 56, 39, 
        68, 47, 72, 52, 83), x4 = c(39, 54, 47, 66, 44, 56, 55, 
        67, 47, 58, 39, 42, 45, 72, 72, 69, 75, 57, 54, 34, 50, 
        48, 63, 74, 45, 71, 59), x5 = c(61, 63, 54, 71, 54, 66, 
        70, 71, 62, 58, 59, 55, 59, 79, 60, 79, 55, 75, 64, 43, 
        63, 66, 88, 80, 51, 77, 64), x6 = c(92, 73, 84, 83, 49, 
        68, 66, 83, 80, 67, 74, 63, 77, 77, 54, 79, 80, 85, 78, 
        64, 80, 75, 76, 78, 83, 74, 78), x7 = c(45, 47, 35, 47, 
        34, 35, 41, 31, 41, 34, 41, 25, 35, 46, 36, 63, 60, 46, 
        52, 33, 37, 33, 72, 49, 38, 55, 39)), .Names = c("y", 
        "x1", "x2", "x3", "x4", "x5", "x6", "x7"),