
expected <- structure(list(coefficients = structure(c(18.7621742178899, 0.52979122843195, 
-0.14908004282143, 0.21542759285867, 0.102022601275057, 0.0618248451336722, 
-0.119780309819305), .Names = c("x1", "x2", "x3", "x4", "x5", 
"x6", "x7")), residuals = structure(c(3.2264169607321, -2.5608623378053, 
-3.30191380522327, -12.137011287011, -6.420759548841, 2.39425918935929, 
-3.46129807685179, 10.0197508365693, 3.59668673846805, 10.1174588688907, 
6.75075156430533, -0.431940522905905, 2.67303249504861, 1.35202411825503, 
-3.19903931974158, 4.46399326070067, -3.06984354030255, -6.70524103216595, 
4.59198856679193, -0.495834574768144, -12.1799531665402, -2.88139802775824, 
5.92129245678368, -2.04308908076325, 3.15553286385149, -6.30003604328314, 
6.92503244420512), .Names = c("2", "3", "4", "6", "7", "8", "9", 
"10", "11", "12", "13", "14", "15", "16", "17", "18", "19", "20", 
"21", "22", "23", "24", "25", "26", "27", "28", "29")), effects = structure(c(-333.516005501874, 
-45.8271796854879, -11.5472721803215, 9.26004269808751, -2.27322215255311, 
2.43555032202841, -4.45441363132382, 11.9553496228066, 0.376024322413389, 
13.3940047310497, 8.96876506017728, 3.96945126839558, 1.29106367998157, 
-3.31163722078864, -3.90357088207245, -4.59307525421781, -0.695675959630827, 
-7.73173233555744, 4.28502397239991, -2.14101402307465, -9.97758392859733, 
-11.3435874702297, 7.81779587230809, -1.24377083308247, 1.07827132333303, 
-5.61934703997678, 5.42561643807889), .Names = c("x1", "x2", 
"x3", "x4", "x5", "x6", "x7", "", "", "", "", "", "", "", "", 
"", "", "", "", "", "", "", "", "", "", "", "")), rank = 7L, 
    fitted.values = structure(c(59.7735830392679, 73.5608623378053, 
    64.3019138052233, 55.137011287011, 64.420759548841, 68.6057408106407, 
    75.4612980768518, 56.9802491634307, 60.403313261532, 56.8825411311093, 
    62.2492484356947, 68.4319405229059, 74.3269675049514, 79.647975881745, 
    77.1990393197416, 60.5360067392993, 68.0698435403025, 56.705241032166, 
    45.4080114332081, 64.4958345747681, 65.1799531665402, 42.8813980277582, 
    57.0787075432163, 68.0430890807633, 74.8444671361485, 54.3000360432831, 
    78.0749675557949), .Names = c("2", "3", "4", "6", "7", "8", 
    "9", "10", "11", "12", "13", "14", "15", "16", "17", "18", 
    "19", "20", "21", "22", "23", "24", "25", "26", "27", "28", 
    "29")), assign = 1:7, qr = structure(list(qr = structure(c(-5.19615242270663, 
    0.192450089729875, 0.192450089729875, 0.192450089729875, 
    0.192450089729875, 0.192450089729875, 0.192450089729875, 
    0.192450089729875, 0.192450089729875, 0.192450089729875, 
    0.192450089729875, 0.192450089729875, 0.192450089729875, 
    0.192450089729875, 0.192450089729875, 0.192450089729875, 
    0.192450089729875, 0.192450089729875, 0.192450089729875, 
    0.192450089729875, 0.192450089729875, 0.192450089729875, 
    0.192450089729875, 0.192450089729875, 0.192450089729875, 
    0.192450089729875, 0.192450089729875, -343.908310347287, 
    -67.2761032913922, -0.0421028710864252, -0.16101582247051, 
    0.0173536046056173, 0.136266555989702, 0.240315388450777, 
    -0.0718311089324464, -0.190744060316531, -0.0866952278554571, 
    -0.0569669900094358, 0.255179507373787, 0.165994793835724, 
    0.359228339834862, 0.284907745219808, -0.0866952278554571, 
    0.0619459613746492, -0.116423465701478, -0.38397760631567, 
    -0.0718311089324464, 0.00248948568260667, -0.428569963084701, 
    -0.175879941393521, 0.165994793835724, 0.136266555989702, 
    -0.131287584624489, 0.284907745219808, -273.086677326693, 
    -0.791101440458014, 66.8583639134071, 0.199740961232898, 
    -0.0548286921920659, -0.0350865651629717, -0.249645576723745, 
    -0.2192052053421, 0.389246322717302, 0.0699883686417794, 
    0.344149752579837, -0.329441265678126, -0.0451080251935195, 
    -0.0504195482407947, 0.0344620689868601, -0.109495532812077, 
    0.0497950520646831, -0.0994740727815289, 0.319772886825471, 
    0.169676581141255, 0.189493906428349, -0.113904676763348, 
    0.0701387651577801, -0.254505910223018, 0.0995263609274203, 
    -0.15429130991754, 0.0344620689868601, -293.87128701752, 
    -33.9678148766177, 0.580251701025905, 49.3813479680127, 0.0247045712170518, 
    0.148861719617389, 0.023458913925813, 0.146246236270927, 
    -0.252726059420792, 0.261690115858857, 0.195925278027558, 
    0.491428685721053, -0.167699515134717, 0.00545282848332719, 
    -0.00992786729101792, -0.446670212903495, 0.0322282187709992, 
    -0.0491067340937535, 0.0687433395387988, -0.202275225750674, 
    0.104812295715256, -0.407167909155361, -0.000216529456633463, 
    0.0386587130440615, -0.251393840473658, 0.12618578637496, 
    -0.0504289893198358, -335.440506399173, -38.1446322939837, 
    -0.276848038202347, 17.1752601905978, -36.4772187313185, 
    0.0461646405728038, -0.154279749786639, 0.0639842338975883, 
    0.0142145632412426, 0.102008597978925, -0.0335166064958449, 
    -0.292069723883802, 0.102173855839663, -0.58564308041578, 
    0.0370604283072777, -0.37387730639304, 0.236810066694675, 
    0.102177665851157, -0.00624853005646666, 0.0695584492027216, 
    0.0412098492375615, -0.0529579840164509, 0.283857061779795, 
    0.413856994152343, 0.151016263363292, -0.160283005408615, 
    -0.0370710698584343, -382.975678562452, -12.3443755040988, 
    2.70241119623576, 3.77804396876985, -16.4330524599462, 44.605203366744, 
    -0.171418450321947, -0.274803706596936, 0.242196705582349, 
    -0.159956747266503, 0.142471820090603, -0.326072481565352, 
    0.119444013712712, 0.47149855942987, 0.0469934153429911, 
    -0.057189952484952, -0.174944841134358, -0.121949081159285, 
    0.0208489567688228, -0.031383548037401, -0.16182787009191, 
    0.337606821066329, -0.0430615785894817, 0.0788691221848291, 
    0.158951003755247, -0.4088917259595, 0.16244997184949, -222.664753817466, 
    -13.9386898893224, 15.3936657185579, 28.0839474981373, -20.5730768005391, 
    2.68958619962236, 37.1881959400802, 0.0651870618606848, 0.169990241646629, 
    -0.162512604684734, 0.138450466119177, 0.055475393946988, 
    0.181536486050627, 0.163977716659217, -0.392144970350839, 
    -0.191348735460373, 0.00363880034850655, -0.155885889505262, 
    -0.0980706866556875, 0.140643151330815, 0.0376142190065776, 
    -0.0263780830100929, 0.259624053453533, -0.486770314959795, 
    0.0982969119694143, 0.0501924078712057, -0.179224515417124
    ), .Dim = c(27L, 7L), .Dimnames = list(c("2", "3", "4", "6", 
    "7", "8", "9", "10", "11", "12", "13", "14", "15", "16", 
    "17", "18", "19", "20", "21", "22", "23", "24", "25", "26", 
    "27", "28", "29"), c("x1", "x2", "x3", "x4", "x5", "x6", 
    "x7")), assign = 1:7), qraux = c(1.19245008972988, 1.06194596137465, 
    1.38400999792803, 1.07913996503015, 1.02718294246049, 1.16789553447322, 
    1.51330862784816), pivot = 1:7, tol = 1e-07, rank = 7L), .Names = c("qr", 
    "qraux", "pivot", "tol", "rank"), class = "qr"), df.residual = 20L, 
    xlevels = structure(list(), .Names = character(0)), call = quote(lm(formula = y ~ 
        . + 0, data = structure(list(y = c(63, 71, 61, 43, 58, 
        71, 72, 67, 64, 67, 69, 68, 77, 81, 74, 65, 65, 50, 50, 
        64, 53, 40, 63, 66, 78, 48, 85), x1 = c(1, 1, 1, 1, 1, 
        1, 1, 1, 1, 1, 1, 1, 1, 1, 1, 1, 1, 1, 1, 1, 1, 1, 1, 
        1, 1, 1, 1), x2 = c(64, 70, 63, 55, 67, 75, 82, 61, 53, 
        60, 62, 83, 77, 90, 85, 60, 70, 58, 40, 61, 66, 37, 54, 
        77, 75, 57, 85), x3 = c(66, 30, 30, 45, 58, 54, 66, 71, 
        33, 52, 33, 71, 54, 50, 46, 64, 50, 64, 42, 45, 42, 72, 
        54, 68, 45, 68, 46), x4 = c(54, 69, 47, 44, 56, 55, 67, 
        47, 58, 39, 42, 45, 72, 72, 69, 75, 57, 54, 34, 62, 50, 
        58, 48, 63, 74, 45, 71), x5 = c(63, 76, 54, 54, 66, 70, 
        71, 62, 58, 59, 55, 59, 79, 60, 79, 55, 75, 64, 43, 66, 
        63, 50, 66, 88, 80, 51, 77), x6 = c(73, 86, 84, 49, 68, 
        66, 83, 80, 67, 74, 63, 77, 77, 54, 79, 80, 85, 78, 64, 
        80, 80, 57, 75, 76, 78, 83, 74),