
expected <- structure(list(coefficients = structure(c(11.9296998227344, 0.691819342881147, 
-0.0669268858386646, -0.0236139288917245, 0.271006574226822, 
-0.0493670302129969, -0.0407327963177298), .Names = c("x1", "x2", 
"x3", "x4", "x5", "x6", "x7")), residuals = structure(c(-10.8028188416018, 
-0.0728939730105382, 1.86084039307237, 1.18294557724473, 6.99634307972903, 
-13.4917888568758, -8.87429168370911, -4.68242386394475, 5.61897281503648, 
9.29473262365197, 7.31567240437331, 8.84477573385418, -5.09418884783474, 
0.742340003930136, -0.275087664569475, -6.40259606958017, 8.32029902431555, 
-7.58111436914781, 6.51913001518678, 2.14511829235019, -11.4513645246205, 
-2.46480226029203, 5.45430517927648, 3.50677043801197, -7.31949274772088, 
4.96436597146213, 5.74625215141222), .Names = c("1", "2", "3", 
"4", "5", "6", "7", "9", "10", "11", "12", "13", "14", "15", 
"16", "17", "18", "20", "21", "22", "23", "24", "25", "27", "28", 
"29", "30")), effects = structure(c(-334.285805860793, -54.1626149974308, 
2.33757936933778, 3.05760116784273, -7.75067242147011, -2.58696113365015, 
-1.42400466914979, 0.149729839314112, 9.79982812015417, 12.6147118331699, 
10.0928360205973, 13.6161417194635, -2.35090680767374, 3.04109381601947, 
5.47691853120881, -6.8441996326008, 8.38837812664439, -9.10999930124358, 
13.20308118373, 4.79832372967081, -8.55139873751015, 0.962011392129702, 
5.89226423443361, 3.4439024619537, -4.29095561152273, 6.69467755337701, 
8.1345621529753), .Names = c("x1", "x2", "x3", "x4", "x5", "x6", 
"x7", "", "", "", "", "", "", "", "", "", "", "", "", "", "", 
"", "", "", "", "", "")), rank = 7L, fitted.values = structure(c(53.8028188416018, 
63.0728939730105, 69.1391596069276, 59.8170544227553, 74.003656920271, 
56.4917888568758, 66.8742916837091, 76.6824238639447, 61.3810271849635, 
54.705267376348, 59.6843275956267, 60.1552242661458, 73.0941888478347, 
76.2576599960699, 81.2750876645695, 80.4025960695802, 56.6797009756845, 
57.5811143691478, 43.4808699848132, 61.8548817076498, 64.4513645246205, 
42.464802260292, 57.5456948207235, 74.493229561988, 55.3194927477209, 
80.0356340285379, 76.2537478485878), .Names = c("1", "2", "3", 
"4", "5", "6", "7", "9", "10", "11", "12", "13", "14", "15", 
"16", "17", "18", "20", "21", "22", "23", "24", "25", "27", "28", 
"29", "30")), assign = 1:7, qr = structure(list(qr = structure(c(-5.19615242270663, 
0.192450089729875, 0.192450089729875, 0.192450089729875, 0.192450089729875, 
0.192450089729875, 0.192450089729875, 0.192450089729875, 0.192450089729875, 
0.192450089729875, 0.192450089729875, 0.192450089729875, 0.192450089729875, 
0.192450089729875, 0.192450089729875, 0.192450089729875, 0.192450089729875, 
0.192450089729875, 0.192450089729875, 0.192450089729875, 0.192450089729875, 
0.192450089729875, 0.192450089729875, 0.192450089729875, 0.192450089729875, 
0.192450089729875, 0.192450089729875, -341.791359360259, -70.2329457353646, 
0.0940757185871527, -0.00559260554061164, 0.207982374733169, 
-0.119499261686628, 0.0513607225323965, 0.264935702806177, -0.0340692695771157, 
-0.147975925723132, -0.0483076015953678, -0.0198309375588637, 
0.279174034824429, 0.193744042714917, 0.378842358952194, 0.307650698860933, 
-0.0483076015953678, -0.0767842656318719, -0.333074241960409, 
-0.0340692695771157, 0.0371223905141445, -0.375789238015165, 
-0.13373759370488, 0.165267378678413, -0.0910225976501239, 0.307650698860933, 
0.264935702806177, -275.588528493181, -36.3393873843611, -52.8621971496863, 
-0.0777165698770799, -0.0219221343711548, 0.0791752168329003, 
-0.175079573263807, 0.240139952845125, -0.057410733231322, 0.175149493605607, 
-0.00942359484496873, 0.159441668826645, 0.438075244871355, -0.0496034361117502, 
-0.257259814436125, 0.0583443176225902, 0.331084385726301, 0.40814155246727, 
-0.0712047688317108, 0.0750090369908383, 0.0242444453764436, 
0.129507976422561, -0.0430916350663811, 0.0463708406609564, -0.0357161699715435, 
0.190764087844751, -0.384124678202203, -283.286532082376, -5.79658316831951, 
28.1895736485972, -54.133984721465, 0.00448075022188999, -0.175693585545814, 
0.185205661367682, -0.107619702332611, -0.351642117525007, 0.139677200621706, 
-0.0461752514689117, 0.325842201434339, 0.337358092914943, -0.250624796138347, 
0.11759673368709, -0.251363511781175, -0.128247856732826, 0.213233983424489, 
-0.229950293581097, -0.164965813022728, -0.0322515345607876, 
-0.167735590486953, 0.327827398175344, -0.027617430578536, -0.0585542670496186, 
-0.230941364372773, 0.0520830827120021, -328.319853079167, -33.1911339714365, 
-4.23117750984152, 10.099250478011, -34.2713433706185, -0.239606628641301, 
0.175018194886593, -0.139002879523243, -0.11599690684676, 0.00190419303086576, 
-0.080959097388898, -0.128397938733112, -0.38584449221015, 0.198803071525528, 
-0.316979018674617, 0.0535940064131247, -0.341452487640116, 0.0627162705199772, 
-0.327825143334104, 0.0338167324025505, -0.0519274837663223, 
-0.122068356197874, 0.368941476718504, 0.315166649623629, -0.269688671371458, 
-0.0393647310012946, -0.0759014665469807, -387.979380895428, 
-10.5506040255248, -3.0821807510087, 0.860927308496607, -19.2797864216657, 
46.5051992385704, 0.282966873189645, -0.119580121909282, -0.163728034578453, 
0.254036335242753, 0.0220709829430685, 0.310169552124453, -0.0248776226156118, 
0.0960583186145813, 0.364234977917804, 0.016904069704611, -0.179818933252109, 
0.107297612094549, 0.0487264065963083, -0.0462582389298239, -0.0739995419435415, 
0.33774609287372, 0.242608618984156, 0.169177723096643, -0.275186516762577, 
0.105747624566219, -0.0795346867805808, -217.276151305029, -8.12850554553101, 
-11.28973643718, 22.4678104766379, -14.3692845491943, 7.1474974491618, 
34.9596589942429, 0.544679624465498, 0.225909949709888, 0.0830611234598036, 
0.00328586902008519, 0.185854842143891, 0.0782936298300349, 0.172017019749781, 
-0.0986380907299989, -0.278077064219335, -0.42865599612606, -0.300881572410886, 
0.104195690648672, 0.186878009284148, 0.192884748388092, -0.328489529493373, 
0.0910458447404104, -0.00168297169187848, 0.0724582560704515, 
-0.084434082677627, 0.0116464020054013), .Dim = c(27L, 7L), .Dimnames = list(
    c("1", "2", "3", "4", "5", "6", "7", "9", "10", "11", "12", 
    "13", "14", "15", "16", "17", "18", "20", "21", "22", "23", 
    "24", "25", "27", "28", "29", "30"), c("x1", "x2", "x3", 
    "x4", "x5", "x6", "x7")), assign = 1:7), qraux = c(1.19245008972988, 
1.00864572647764, 1.28630653259272, 1.28148587527619, 1.04653956701059, 
1.47557513895396, 1.04569370269711), pivot = 1:7, tol = 1e-07, 
    rank = 7L), .Names = c("qr", "qraux", "pivot", "tol", "rank"
), class = "qr"), df.residual = 20L, xlevels = structure(list(), .Names = character(0)), 
    call = quote(lm(formula = y ~ . + 0, data = structure(list(y = c(43, 
        63, 71, 61, 81, 43, 58, 72, 67, 64, 67, 69, 68, 77, 81, 
        74, 65, 50, 50, 64, 53, 40, 63, 78, 48, 85, 82), x1 = c(1, 
        1, 1, 1, 1, 1, 1, 1, 1, 1, 1, 1, 1, 1, 1, 1, 1, 1, 1, 
        1, 1, 1, 1, 1, 1, 1, 1), x2 = c(51, 64, 70, 63, 78, 55, 
        67, 82, 61, 53, 60, 62, 83, 77, 90, 85, 60, 58, 40, 61, 
        66, 37, 54, 75, 57, 85, 82), x3 = c(30, 51, 68, 45, 56, 
        49, 42, 72, 45, 53, 47, 57, 83, 54, 50, 64, 65, 68, 33, 
        52, 52, 42, 42, 58, 44, 71, 39), x4 = c(66, 54, 45, 74, 
        58, 44, 72, 44, 39, 58, 54, 69, 62, 45, 72, 42, 39, 55, 
        45, 45, 54, 42, 75, 54, 54, 39, 72), x5 = c(61, 63, 76, 
        54, 71, 54, 66, 71, 62, 58, 59, 55, 59, 79, 60, 79, 55, 
        64, 43, 66, 63, 50, 66, 80, 51, 77, 64), x6 = c(92, 73, 
        86, 84, 83, 49, 68, 83, 80, 67, 74, 63, 77, 77, 54, 79, 
        80, 78, 64, 80, 80, 57, 75, 78, 83, 74, 78), x7 = c(45, 
        47, 48, 35, 47, 34, 35, 31, 41, 34, 41, 25, 35, 46, 36, 
        63, 60, 52, 33, 41, 37, 49, 33, 49, 38, 55, 39)), .Names = c("y", 
        "x1", "x2", "x3", "x4", "x5", "x6", "x7"),