
expected <- structure(list(coefficients = structure(c(23.8253528980516, 0.705775738952706, 
-0.0861457889357579, -0.260592226650979, 0.196265994830153, -0.0514855879400516, 
0.109594879927926), .Names = c("x1", "x2", "x3", "x4", "x5", 
"x6", "x7")), residuals = structure(c(-7.64022278860764, 1.05847621242213, 
2.73300666120868, 0.549921157848548, 10.1166260924282, -12.1093215661567, 
-7.40761937651732, -5.61061628114009, 3.96427968587909, 4.53427623146852, 
5.12223145955347, 6.19904842197369, 0.0568773483397333, -4.24006428562847, 
-0.125276656353175, -4.66422615800291, 3.42393822207645, -11.4198634764409, 
6.87919431067112, 2.34578958901466, -10.3741349215938, 0.97471454943043, 
8.38942301190799, 3.25434983436567, -4.9659357207926, 7.95065745393085, 
1.00447098871436), .Names = c("1", "2", "3", "4", "5", "6", "7", 
"9", "10", "11", "12", "13", "14", "15", "16", "17", "18", "20", 
"21", "22", "23", "24", "25", "27", "28", "29", "30")), effects = structure(c(-334.285805860793, 
-54.1626149974308, 2.33757936933778, -14.4231753658954, -8.2580465574493, 
-1.89118128641684, 4.05764064527465, -4.4188622234394, 4.10412595807747, 
6.2784148482406, 6.43730410633066, 11.1354206880095, 6.33243971098691, 
-7.19255389023531, 6.55674625728016, -6.30348326794761, 2.83866142338665, 
-12.5120668909919, 12.1089384847577, 2.51048026036557, -8.62941694602231, 
5.31899152885517, 10.1080238435539, 1.28331985817348, -1.68999664961296, 
8.43677633986964, 1.65781393476374), .Names = c("x1", "x2", "x3", 
"x4", "x5", "x6", "x7", "", "", "", "", "", "", "", "", "", "", 
"", "", "", "", "", "", "", "", "", "")), rank = 7L, fitted.values = structure(c(50.6402227886076, 
61.9415237875779, 68.2669933387913, 60.4500788421514, 70.8833739075718, 
55.1093215661567, 65.4076193765173, 77.6106162811401, 63.0357203141209, 
59.4657237685315, 61.8777685404465, 62.8009515780263, 67.9431226516603, 
81.2400642856285, 81.1252766563532, 78.6642261580029, 61.5760617779235, 
61.4198634764409, 43.1208056893289, 61.6542104109853, 63.3741349215938, 
39.0252854505696, 54.610576988092, 74.7456501656343, 52.9659357207926, 
77.0493425460691, 80.9955290112856), .Names = c("1", "2", "3", 
"4", "5", "6", "7", "9", "10", "11", "12", "13", "14", "15", 
"16", "17", "18", "20", "21", "22", "23", "24", "25", "27", "28", 
"29", "30")), assign = 1:7, qr = structure(list(qr = structure(c(-5.19615242270663, 
0.192450089729875, 0.192450089729875, 0.192450089729875, 0.192450089729875, 
0.192450089729875, 0.192450089729875, 0.192450089729875, 0.192450089729875, 
0.192450089729875, 0.192450089729875, 0.192450089729875, 0.192450089729875, 
0.192450089729875, 0.192450089729875, 0.192450089729875, 0.192450089729875, 
0.192450089729875, 0.192450089729875, 0.192450089729875, 0.192450089729875, 
0.192450089729875, 0.192450089729875, 0.192450089729875, 0.192450089729875, 
0.192450089729875, 0.192450089729875, -341.791359360259, -70.2329457353646, 
0.0940757185871527, -0.00559260554061164, 0.207982374733169, 
-0.119499261686628, 0.0513607225323965, 0.264935702806177, -0.0340692695771157, 
-0.147975925723132, -0.0483076015953678, -0.0198309375588637, 
0.279174034824429, 0.193744042714917, 0.378842358952194, 0.307650698860933, 
-0.0483076015953678, -0.0767842656318719, -0.333074241960409, 
-0.0340692695771157, 0.0371223905141445, -0.375789238015165, 
-0.13373759370488, 0.165267378678413, -0.0910225976501239, 0.307650698860933, 
0.264935702806177, -275.588528493181, -36.3393873843611, -52.8621971496863, 
-0.0777165698770799, -0.0219221343711548, 0.0791752168329003, 
-0.175079573263807, 0.240139952845125, -0.057410733231322, 0.175149493605607, 
-0.00942359484496873, 0.159441668826645, 0.438075244871355, -0.0496034361117502, 
-0.257259814436125, 0.0583443176225902, 0.331084385726301, 0.40814155246727, 
-0.0712047688317108, 0.0750090369908383, 0.0242444453764436, 
0.129507976422561, -0.0430916350663811, 0.0463708406609564, -0.0357161699715435, 
0.190764087844751, -0.384124678202203, -288.867584684543, 3.30962117579815, 
1.17897079482538, 60.5159066201291, -0.172135273886236, -0.00146117791103389, 
-0.00558286112213926, 0.266780248019673, 0.170296511693349, 0.391302508092138, 
0.168383382840237, 0.312238805999379, -0.235115254527914, 0.406795378533455, 
0.0379417340710974, -0.172402328745761, 0.173732453693423, 0.203576219637132, 
0.0149261072910957, 0.0668029940469479, 0.0205862786073292, -0.290118322072737, 
-0.08040945663625, 0.0724775010694019, -0.129210706433792, -0.176748360464813, 
0.336842426230308, -328.319853079167, -33.1911339714365, -4.23117750984152, 
-0.101203943765791, -35.7282744392478, -0.161503534776815, 0.0944211189081926, 
-0.0378070315379542, 0.0602294103213537, 0.0257284615090324, 
-0.0258595641685127, -0.187828597341838, -0.54902407171597, 0.370155376809912, 
-0.342378504269731, 0.115022255704605, -0.242600691317472, 0.0176890086563737, 
-0.221646377725731, 0.110267439853198, -0.0330849107297321, -0.109744769870443, 
0.209725616932985, 0.327634376157585, -0.26172798385414, 0.0170059559171396, 
-0.0256101387080669, -387.979380895428, -10.5506040255248, -3.0821807510087, 
2.41069902231224, -18.7437788099164, 46.6695211317134, 0.224792444530748, 
-0.033704164587259, -0.022188646549109, 0.288172603803214, 0.0693015392098563, 
0.271080906904707, -0.175839437020977, 0.253767316455003, 0.333541503951098, 
0.0596130295958086, -0.106543636815604, 0.0823659188170061, 0.120787262644639, 
0.0177122631652594, -0.0599534948173224, 0.329824623282765, 0.126721926738162, 
0.192412571678878, -0.282830498766484, 0.140744885607316, -0.028507632746064, 
-217.276151305029, -8.12850554553101, -11.28973643718, 13.6026303258084, 
-20.1728009991557, 4.6683426111379, 37.0239982738527, 0.328622347452023, 
-0.0453845276035126, 0.00144977501650672, -0.0930730124702017, 
0.215461604557996, 0.3022650568171, -0.104149990624786, -0.0356177850552985, 
-0.297629613809061, -0.578904010939218, -0.259021575495635, -0.0277694751697128, 
0.0695517734238629, 0.14723679318032, -0.232124434069184, 0.319417982606057, 
-0.00731362769063384, 0.0505238517230807, -0.0996266513429146, 
-0.12382195899808), .Dim = c(27L, 7L), .Dimnames = list(c("1", 
"2", "3", "4", "5", "6", "7", "9", "10", "11", "12", "13", "14", 
"15", "16", "17", "18", "20", "21", "22", "23", "24", "25", "27", 
"28", "29", "30"), c("x1", "x2", "x3", "x4", "x5", "x6", "x7"
)), assign = 1:7), qraux = c(1.19245008972988, 1.00864572647764, 
1.28630653259272, 1.07249183677562, 1.00837705436183, 1.52656852084503, 
1.17179468860322), pivot = 1:7, tol = 1e-07, rank = 7L), .Names = c("qr", 
"qraux", "pivot", "tol", "rank"), class = "qr"), df.residual = 20L, 
    xlevels = structure(list(), .Names = character(0)), call = quote(lm(formula = y ~ 
        . + 0, data = structure(list(y = c(43, 63, 71, 61, 81, 
        43, 58, 72, 67, 64, 67, 69, 68, 77, 81, 74, 65, 50, 50, 
        64, 53, 40, 63, 78, 48, 85, 82), x1 = c(1, 1, 1, 1, 1, 
        1, 1, 1, 1, 1, 1, 1, 1, 1, 1, 1, 1, 1, 1, 1, 1, 1, 1, 
        1, 1, 1, 1), x2 = c(51, 64, 70, 63, 78, 55, 67, 82, 61, 
        53, 60, 62, 83, 77, 90, 85, 60, 58, 40, 61, 66, 37, 54, 
        75, 57, 85, 82), x3 = c(30, 51, 68, 45, 56, 49, 42, 72, 
        45, 53, 47, 57, 83, 54, 50, 64, 65, 68, 33, 52, 52, 42, 
        42, 58, 44, 71, 39), x4 = c(72, 63, 57, 54, 69, 58, 59, 
        42, 48, 34, 48, 39, 72, 34, 57, 69, 47, 45, 57, 54, 57, 
        75, 63, 54, 66, 69, 39), x5 = c(61, 63, 76, 54, 71, 54, 
        66, 71, 62, 58, 59, 55, 59, 79, 60, 79, 55, 64, 43, 66, 
        63, 50, 66, 80, 51, 77, 64), x6 = c(92, 73, 86, 84, 83, 
        49, 68, 83, 80, 67, 74, 63, 77, 77, 54, 79, 80, 78, 64, 
        80, 80, 57, 75, 78, 83, 74, 78), x7 = c(45, 47, 48, 35, 
        47, 34, 35, 31, 41, 34, 41, 25, 35, 46, 36, 63, 60, 52, 
        33, 41, 37, 49, 33, 49, 38, 55, 39)), .Names = c("y", 
        "x1", "x2", "x3", "x4", "x5", "x6", "x7"),