
expected <- structure(list(coefficients = structure(c(2.65686456954639, 0.076622933299916, 
0.0789537856902837, 0.565591849220384, 0.551471659508564, 0.0568731977692632, 
-0.463222384674524), .Names = c("x1", "x2", "x3", "x4", "x5", 
"x6", "x7")), residuals = structure(c(-6.32491970578626, -5.37044812371728, 
3.35041406806773, 10.5813806247024, -11.1283025233832, -8.83152716824093, 
3.64028446150986, -9.11486568305327, 9.86104122362133, -0.366040820312078, 
15.0741786116464, 11.5402575317845, -3.02696977256473, 7.29332260330818, 
4.32700659472011, 1.72770785762231, -4.69692122595597, -7.27533081785841, 
-5.53074365204941, -10.095361888177, -10.8024788208408, -2.01056232761023, 
-2.36356362763529, -3.45887565002005, -3.57616565158462, 11.2480536936147, 
15.3294301881922), .Names = c("1", "3", "4", "5", "6", "7", "8", 
"9", "10", "11", "12", "13", "15", "16", "17", "18", "19", "20", 
"22", "23", "24", "25", "26", "27", "28", "29", "30")), effects = structure(c(-338.327257745121, 
14.2984764423147, -30.5183088332717, -24.2565545510159, 15.7182314650998, 
0.427723835383117, 18.4145163371399, -7.11656151349503, 12.4986738921805, 
3.50854126836098, 18.7906110298837, 21.0229056374477, -5.55772075626737, 
6.96769454632736, 3.00996029163591, -2.76242370181634, -6.97441312154545, 
-2.73552997602059, -6.23713025814225, -8.24990570329628, -8.00816734814506, 
-0.470881959804335, -4.60625895883756, -7.32615635785486, -0.919187669211135, 
11.8871211177375, 14.046469011674), .Names = c("x1", "x2", "x3", 
"x4", "x5", "x6", "x7", "", "", "", "", "", "", "", "", "", "", 
"", "", "", "", "", "", "", "", "", "")), rank = 7L, fitted.values = structure(c(49.3249197057863, 
76.3704481237173, 57.6495859319323, 70.4186193752976, 54.1283025233832, 
66.8315271682409, 67.3597155384901, 81.1148656830533, 57.1389587763787, 
64.3660408203121, 51.9258213883536, 57.4597424682155, 80.0269697725647, 
73.7066773966918, 69.6729934052799, 63.2722921423777, 69.696921225956, 
57.2753308178584, 69.5307436520494, 63.095361888177, 50.8024788208408, 
65.0105623276102, 68.3635636276353, 81.45887565002, 51.5761656515846, 
73.7519463063853, 66.6705698118078), .Names = c("1", "3", "4", 
"5", "6", "7", "8", "9", "10", "11", "12", "13", "15", "16", 
"17", "18", "19", "20", "22", "23", "24", "25", "26", "27", "28", 
"29", "30")), assign = 1:7, qr = structure(list(qr = structure(c(-5.19615242270663, 
0.192450089729875, 0.192450089729875, 0.192450089729875, 0.192450089729875, 
0.192450089729875, 0.192450089729875, 0.192450089729875, 0.192450089729875, 
0.192450089729875, 0.192450089729875, 0.192450089729875, 0.192450089729875, 
0.192450089729875, 0.192450089729875, 0.192450089729875, 0.192450089729875, 
0.192450089729875, 0.192450089729875, 0.192450089729875, 0.192450089729875, 
0.192450089729875, 0.192450089729875, 0.192450089729875, 0.192450089729875, 
0.192450089729875, 0.192450089729875, -356.802466359189, 67.3498329619309, 
-0.275264278784922, 0.229562511494101, -0.156481504601623, -0.00800303687249812, 
-0.230720738466185, -0.0525465771912355, 0.0959318905378891, 
0.0810840437649767, -0.126785811055798, 0.170171124402451, -0.126785811055798, 
-0.349503512649485, 0.199866817948276, -0.171329351374535, -0.230720738466185, 
0.392888825996138, -0.126785811055798, -0.156481504601623, 0.229562511494101, 
-0.275264278784922, -0.0525465771912355, -0.275264278784922, 
0.0662361969920642, 0.185018971175364, -0.156481504601623, -274.626278044532, 
-13.1452936762852, -53.5220390266629, -0.000924031966798195, 
0.0846351669390643, -0.129362247989927, 0.144924144253807, 0.45611756496002, 
-0.131557691167, 0.0262344623631792, 0.0306253487173251, 0.0510439282969759, 
0.161412593136635, 0.211492280661552, 0.165189138614349, 0.391898456948455, 
0.0701885760142009, 0.131751485191369, 0.124044809016832, 0.140686843118769, 
-0.262498520805418, 0.0204160589274998, 0.344014212600611, 0.319358331885922, 
-0.133599549124965, 0.304297400084628, -0.10220375365995, -299.837239799146, 
5.35017412050611, -37.7254764872141, -43.1253253938164, -0.276247519460735, 
0.122210035501211, -0.0487218047909243, -0.0220880394970502, 
-0.105217327350543, 0.0427739948142978, -0.360335820320308, -0.362897410525564, 
0.31372300683458, 0.322241323689124, 0.177841230550751, 0.231333801831212, 
0.0497419656470733, -0.184309747727935, 0.10788435288549, -0.176183616038264, 
0.215060088545766, -0.115578601466323, -0.0367099996742917, 0.278966165119414, 
-0.144381160746904, 0.130160302407198, 0.201794214968885, -341.406459180799, 
2.11334352401122, -26.3180432153398, -15.5700194064209, 40.7688423404238, 
-0.0311436959259202, -0.132413600087036, 0.0156637026760297, 
-0.0028110434874465, 0.214569162233889, -0.0109660910328011, 
0.155445201500135, -0.181273865428832, 0.262511560153296, -0.166494692561089, 
0.458407213191225, -0.246082296852894, 0.0839117542154505, 0.0408336371171656, 
0.00225466567573165, 0.393398375607986, -0.12016625782209, -0.452292535431569, 
-0.18650574234753, 0.244525335987902, -0.0833716336891358, 0.0299030348631999, 
-390.481232061917, -6.15690712850103, -2.83356619084117, -1.92991183020367, 
19.5878547693833, 47.7290497550677, 0.327232061473563, -0.0245890606819087, 
-0.0550131773165843, 0.0799710244932124, 0.037410210670035, 0.216589847360681, 
0.195884396630556, 0.256083083169665, 0.224898727561417, -0.364685397199148, 
0.0128125504361625, 0.0569775772617652, -0.0765383800312854, 
-0.0679566619242268, 0.121971233474025, 0.0806309360320923, 0.485794608900792, 
0.174142644740006, -0.336769558441888, 0.286781924568066, -0.0830794272776644, 
-225.743955253144, -13.6748668778524, -20.9823403051751, -19.0641967588512, 
17.0083611575189, 4.93667820539939, -39.7530796144028, -0.468982709932515, 
-0.0334494233943285, -0.183293073984644, 0.11738678294345, -0.289848172132648, 
-0.0986113095150893, -0.0574523825959519, 0.256103101130906, 
0.344413583614225, -0.00028907880432659, 0.115620603349808, -0.107727856811254, 
-0.108991171076106, 0.273731631059079, -0.148053463204367, 0.545047868472997, 
-0.0180560533537272, -0.048455935804705, 0.0804538004408964, 
-0.0987522141414179), .Dim = c(27L, 7L), .Dimnames = list(c("1", 
"3", "4", "5", "6", "7", "8", "9", "10", "11", "12", "13", "15", 
"16", "17", "18", "19", "20", "22", "23", "24", "25", "26", "27", 
"28", "29", "30"), c("x1", "x2", "x3", "x4", "x5", "x6", "x7"
)), assign = 1:7), qraux = c(1.19245008972988, 1.06623619699206, 
1.0764677351072, 1.21826035451471, 1.16070757364173, 1.2071494826951, 
1.02522899650754), pivot = 1:7, tol = 1e-07, rank = 7L), .Names = c("qr", 
"qraux", "pivot", "tol", "rank"), class = "qr"), df.residual = 20L, 
    xlevels = structure(list(), .Names = character(0)), call = quote(lm(formula = y ~ 
        . + 0, data = structure(list(y = c(43, 71, 61, 81, 43, 
        58, 71, 72, 67, 64, 67, 69, 77, 81, 74, 65, 65, 50, 64, 
        53, 40, 63, 66, 78, 48, 85, 82), x1 = c(1, 1, 1, 1, 1, 
        1, 1, 1, 1, 1, 1, 1, 1, 1, 1, 1, 1, 1, 1, 1, 1, 1, 1, 
        1, 1, 1, 1), x2 = c(55, 62, 85, 51, 77, 67, 82, 70, 60, 
        61, 75, 55, 75, 90, 53, 78, 82, 40, 75, 77, 51, 85, 70, 
        85, 62, 54, 77), x3 = c(30, 68, 45, 56, 49, 42, 50, 72, 
        45, 53, 47, 57, 54, 50, 64, 65, 46, 68, 52, 52, 42, 42, 
        66, 58, 44, 71, 39), x4 = c(39, 69, 47, 66, 44, 56, 55, 
        67, 47, 58, 39, 42, 72, 72, 69, 75, 57, 54, 62, 50, 58, 
        48, 63, 74, 45, 71, 59), x5 = c(61, 76, 54, 71, 54, 66, 
        70, 71, 62, 58, 59, 55, 79, 60, 79, 55, 75, 64, 66, 63, 
        50, 66, 88, 80, 51, 77, 64), x6 = c(92, 86, 84, 83, 49, 
        68, 66, 83, 80, 67, 74, 63, 77, 54, 79, 80, 85, 78, 80, 
        80, 57, 75, 76, 78, 83, 74, 78), x7 = c(45, 48, 35, 47, 
        34, 35, 41, 31, 41, 34, 41, 25, 46, 36, 63, 60, 46, 52, 
        41, 37, 49, 33, 72, 49, 38, 55, 39)), .Names = c("y", 
        "x1", "x2", "x3", "x4", "x5", "x6", "x7"),