
expected <- structure(list(coefficients = structure(c(12.4228441988643, 0.694321998948847, 
0.013479815277375, -0.0233093207179233, 0.192011380551612, 0.0102482449403382, 
-0.156819948972042), .Names = c("x1", "x2", "x3", "x4", "x5", 
"x6", "x7")), residuals = structure(c(-9.53097368779085, 1.14424207144912, 
2.71947512925791, -0.160550129238089, 7.53128695021873, -12.5279527369708, 
-8.01425400605737, -0.576535141232365, 6.67391549784031, 9.18058855873581, 
6.75708839770356, -8.77387276698191, 0.0345346672956646, -2.67688618276754, 
9.74863037562266, -2.97880260350236, -7.16835176850494, 6.97406381684432, 
2.25208757146208, -11.7812723424391, -0.130532458864764, 5.81302893349459, 
-5.78488778189548, 5.96997027716533, -7.52813763455163, 6.78010784493549, 
6.05398914877159), .Names = c("1", "2", "3", "4", "5", "6", "7", 
"8", "10", "11", "13", "14", "16", "17", "18", "19", "20", "21", 
"22", "23", "24", "25", "26", "27", "28", "29", "30")), effects = structure(c(-331.591504604575, 
-52.8406667457116, 1.16535851229253, 0.401708956638813, -3.14209404529416, 
-0.251951197704631, -6.00348997616445, 2.54245981983039, 8.21859236164312, 
13.3688550164696, 12.6292578810238, -5.45714510816555, 6.20611721133602, 
-3.30668745946098, 10.0150704783792, -2.71454437877066, -6.86646577507828, 
11.8651917942434, 2.80674124411402, -9.73257556586378, 2.76136212085555, 
8.55245076029486, -8.50476002639367, 6.57373575722464, -4.86296599064995, 
7.02069646053758, 8.21709872628489), .Names = c("x1", "x2", "x3", 
"x4", "x5", "x6", "x7", "", "", "", "", "", "", "", "", "", "", 
"", "", "", "", "", "", "", "", "", "")), rank = 7L, fitted.values = structure(c(52.5309736877908, 
61.8557579285509, 68.2805248707421, 61.1605501292381, 73.4687130497813, 
55.5279527369708, 66.0142540060574, 71.5765351412324, 60.3260845021597, 
54.8194114412642, 62.2429116022964, 76.7738727669819, 80.9654653327043, 
76.6768861827675, 55.2513696243773, 67.9788026035024, 57.1683517685049, 
43.0259361831557, 61.7479124285379, 64.7812723424391, 40.1305324588648, 
57.1869710665054, 71.7848877818955, 72.0300297228347, 55.5281376345516, 
78.2198921550645, 75.9460108512284), .Names = c("1", "2", "3", 
"4", "5", "6", "7", "8", "10", "11", "13", "14", "16", "17", 
"18", "19", "20", "21", "22", "23", "24", "25", "26", "27", "28", 
"29", "30")), assign = 1:7, qr = structure(list(qr = structure(c(-5.19615242270663, 
0.192450089729875, 0.192450089729875, 0.192450089729875, 0.192450089729875, 
0.192450089729875, 0.192450089729875, 0.192450089729875, 0.192450089729875, 
0.192450089729875, 0.192450089729875, 0.192450089729875, 0.192450089729875, 
0.192450089729875, 0.192450089729875, 0.192450089729875, 0.192450089729875, 
0.192450089729875, 0.192450089729875, 0.192450089729875, 0.192450089729875, 
0.192450089729875, 0.192450089729875, 0.192450089729875, 0.192450089729875, 
0.192450089729875, 0.192450089729875, -342.368709629448, -68.8379740162845, 
0.0946285258367066, -0.00705953369775985, 0.210843451018954, 
-0.123274458880007, 0.0510479288933639, 0.167262854075611, -0.0361132649933217, 
-0.152328190175569, -0.0215863993455408, 0.283477779257859, 0.385165838792325, 
0.312531510553421, -0.0506401306411026, 0.0946285258367066, -0.0796938619366645, 
-0.341177443596721, -0.0361132649933217, 0.0365210632455829, 
-0.384758040540064, -0.137801324527788, 0.196316585371173, 0.167262854075611, 
-0.0942207275844454, 0.312531510553421, 0.268950913610078, -273.471577506153, 
-33.2358545059397, -53.2510494878393, -0.070052322797673, -0.00669154004805236, 
0.0814411228608679, -0.164578018240964, -0.0907237925312555, 
-0.0509579339970586, 0.175651402117566, 0.164842542970884, 0.452604748528973, 
-0.233931708535864, 0.0767098800619636, 0.334168712683665, -0.118103710985803, 
0.409600019326341, -0.0758145229588567, 0.080494874301087, 0.032758902299551, 
0.121837813768252, -0.0404644910369705, 0.190645380492463, 0.0595079883809109, 
-0.0315481290098505, 0.208162688360109, -0.364122852087635, -297.720288812117, 
9.06637826039839, -7.8175321561774, -58.0888681750311, -0.199637041863489, 
-0.0929583581366884, 0.0935057618568445, 0.0358635422754047, 
0.0201407417056887, 0.11342277643948, -0.0884468672394796, -0.274885570122174, 
-0.0356919992480522, 0.355754523053734, 0.148362974016184, 0.350633392615404, 
-0.104756878797065, -0.057042631765583, -0.430147839264115, -0.0351012968192147, 
-0.348693233742507, 0.144043896301757, 0.0332709480360862, 0.320515985705025, 
0.291274660998379, -0.146179064855446, -0.134287577602956, -332.938655232684, 
-34.7369639562104, -5.90088014670624, -13.121542317866, -37.8708321489171, 
-0.156715793843827, 0.0579819633429561, 0.0435712038840989, 0.00400275215169168, 
-0.0783728812431375, -0.247584836663823, -0.481857032215227, 
-0.363028779482213, 0.061963044387919, -0.301589936345735, 0.212069767033535, 
-0.031424004447377, -0.207845883420594, 0.122038721075351, -0.053928437483607, 
-0.0106226666413575, 0.18286947306851, 0.406451009204988, 0.227871014022618, 
-0.272284300373261, 0.0276358896285865, -0.101648054190864, -386.632230267319, 
-8.06563862688463, -1.53998245972937, -14.6470061437795, -14.4895370107791, 
47.6509283678723, 0.24128605471491, 0.271734114890372, -0.05794429888588, 
0.243977075169596, 0.164929967971086, -0.25443063228525, 0.289804310955977, 
0.188964887579263, -0.0873198968395603, 0.0844737043798545, -0.0180847116581576, 
0.112951389241094, -0.18066604114316, -0.0912693447131237, 0.253268291475348, 
0.182122309675977, 0.283366240907353, 0.259937181829446, -0.134749364898099, 
0.0746461331676368, -0.161954696586567, -225.166604983954, -15.0934134080444, 
-18.1722398077161, -10.9507015624393, -27.2798777876089, 4.72063400164145, 
38.2826930853981, 0.101239242523055, 0.042942809468702, 0.169044242229841, 
0.338073376606759, 0.229032042478894, -0.0171727078813679, -0.278492852587424, 
-0.495640582275465, 0.0999487572680523, -0.114109844604911, -0.0865041682601011, 
0.158786729624229, 0.177151870026228, -0.353065294542654, 0.306229461833727, 
-0.324985097986346, 0.111889619255833, -0.0546360309240567, -0.0661058662562734, 
0.0382609791616679), .Dim = c(27L, 7L), .Dimnames = list(c("1", 
"2", "3", "4", "5", "6", "7", "8", "10", "11", "13", "14", "16", 
"17", "18", "19", "20", "21", "22", "23", "24", "25", "26", "27", 
"28", "29", "30"), c("x1", "x2", "x3", "x4", "x5", "x6", "x7"
)), assign = 1:7), qraux = c(1.19245008972988, 1.00746733195002, 
1.29503368652266, 1.0335533392534, 1.03274155603769, 1.47903684919977, 
1.19129445966165), pivot = 1:7, tol = 1e-07, rank = 7L), .Names = c("qr", 
"qraux", "pivot", "tol", "rank"), class = "qr"), df.residual = 20L, 
    xlevels = structure(list(), .Names = character(0)), call = quote(lm(formula = y ~ 
        . + 0, data = structure(list(y = c(43, 63, 71, 61, 81, 
        43, 58, 71, 67, 64, 69, 68, 81, 74, 65, 65, 50, 50, 64, 
        53, 40, 63, 66, 78, 48, 85, 82), x1 = c(1, 1, 1, 1, 1, 
        1, 1, 1, 1, 1, 1, 1, 1, 1, 1, 1, 1, 1, 1, 1, 1, 1, 1, 
        1, 1, 1, 1), x2 = c(51, 64, 70, 63, 78, 55, 67, 75, 61, 
        53, 62, 83, 90, 85, 60, 70, 58, 40, 61, 66, 37, 54, 77, 
        75, 57, 85, 82), x3 = c(30, 51, 68, 45, 56, 49, 42, 50, 
        45, 53, 57, 83, 50, 64, 65, 46, 68, 33, 52, 52, 42, 42, 
        66, 58, 44, 71, 39), x4 = c(56, 50, 69, 58, 42, 55, 59, 
        55, 58, 69, 55, 44, 45, 74, 72, 74, 59, 58, 34, 55, 45, 
        67, 59, 74, 75, 47, 39), x5 = c(61, 63, 76, 54, 71, 54, 
        66, 70, 62, 58, 55, 59, 60, 79, 55, 75, 64, 43, 66, 63, 
        50, 66, 88, 80, 51, 77, 64), x6 = c(92, 73, 86, 84, 83, 
        49, 68, 66, 80, 67, 63, 77, 54, 79, 80, 85, 78, 64, 80, 
        80, 57, 75, 76, 78, 83, 74, 78), x7 = c(45, 47, 48, 35, 
        47, 34, 35, 41, 41, 34, 25, 35, 36, 63, 60, 46, 52, 33, 
        41, 37, 49, 33, 72, 49, 38, 55, 39)), .Names = c("y", 
        "x1", "x2", "x3", "x4", "x5", "x6", "x7"),