
expected <- structure(list(coefficients = structure(c(20.0019452005579, 0.552842275767199, 
0.0503292261955006, 0.227100382253861, 0.130195501156362, -0.0908258843001377, 
-0.195655179431341), .Names = c("x1", "x2", "x3", "x4", "x5", 
"x6", "x7")), residuals = structure(c(-7.10009249189819, -0.244575553546854, 
0.71571521834247, 8.11337813013101, -9.44263824720102, -0.921717160654937, 
-6.8078788094616, 7.55195486191557, 2.53453752053594, 9.91821907196841, 
6.0191555181399, -4.66515970223397, 0.464529867786487, -4.39491078082381, 
-3.02076350363395, 4.67677870903767, -2.20641176988065, 4.36788965526288, 
0.775654802068705, -10.0514354896312, -8.19296410219073, 5.40953594138775, 
-3.96250825468428, 3.46887719537897, -6.90987425024904, 6.72231117493414, 
7.18239244920037), .Names = c("1", "2", "3", "5", "7", "8", "9", 
"10", "11", "12", "13", "14", "15", "16", "17", "18", "19", "21", 
"22", "23", "24", "25", "26", "27", "28", "29", "30")), effects = structure(c(-343.523410167827, 
49.3571362451374, -7.28480143505711, -7.52340312255729, 0.981559987132178, 
-4.24499275561849, -7.75513382452466, 9.74864856605238, 2.93770418531671, 
12.5108066561072, 8.67390194825071, -2.59006603951196, 1.71555194180382, 
-8.19015659872305, -3.32605968864438, -2.70781709987135, 1.00387478863078, 
4.90207618165453, 1.12962323948976, -8.11348566128207, -12.4495193987479, 
9.0619041017718, -2.29893308399825, 3.96351829565796, -6.92936473473293, 
5.8617973824565, 7.38737063468462), .Names = c("x1", "x2", "x3", 
"x4", "x5", "x6", "x7", "", "", "", "", "", "", "", "", "", "", 
"", "", "", "", "", "", "", "", "", "")), rank = 7L, fitted.values = structure(c(50.1000924918982, 
63.2445755535469, 70.2842847816575, 72.886621869869, 67.442638247201, 
71.9217171606549, 78.8078788094616, 59.4480451380844, 61.4654624794641, 
57.0817809280316, 62.9808444818601, 72.665159702234, 76.5354701322135, 
85.3949107808238, 77.020763503634, 60.3232212909623, 67.2064117698806, 
45.6321103447371, 63.2243451979313, 63.0514354896312, 48.1929641021907, 
57.5904640586122, 69.9625082546843, 74.531122804621, 54.909874250249, 
78.2776888250659, 74.8176075507996), .Names = c("1", "2", "3", 
"5", "7", "8", "9", "10", "11", "12", "13", "14", "15", "16", 
"17", "18", "19", "21", "22", "23", "24", "25", "26", "27", "28", 
"29", "30")), assign = 1:7, qr = structure(list(qr = structure(c(-5.19615242270663, 
0.192450089729875, 0.192450089729875, 0.192450089729875, 0.192450089729875, 
0.192450089729875, 0.192450089729875, 0.192450089729875, 0.192450089729875, 
0.192450089729875, 0.192450089729875, 0.192450089729875, 0.192450089729875, 
0.192450089729875, 0.192450089729875, 0.192450089729875, 0.192450089729875, 
0.192450089729875, 0.192450089729875, 0.192450089729875, 0.192450089729875, 
0.192450089729875, 0.192450089729875, 0.192450089729875, 0.192450089729875, 
0.192450089729875, 0.192450089729875, -350.644063487833, 69.9910047130397, 
-0.0739876890014511, -0.188288091357435, -0.0311250381179571, 
-0.145425440473941, -0.245438292535427, 0.0546002636490308, 0.168900666005015, 
0.0688878139435288, 0.0403127133545328, -0.259725842829925, -0.174000541062937, 
-0.359738694891411, -0.288300943418921, 0.0688878139435288, -0.0739876890014511, 
0.354638819833489, 0.0546002636490308, -0.0168374878234591, 0.397501470716983, 
0.154613115710517, -0.174000541062937, -0.145425440473941, 0.111750464827023, 
-0.288300943418921, -0.245438292535427, -265.388673737498, 17.431340527817, 
-62.2414670397086, -0.0923791460868336, -0.13178068001371, 0.102817778130714, 
0.0168868533110039, -0.0787824779023504, 0.53814140943694, -0.126182051937746, 
0.0328829335280429, 0.0482199679976506, 0.245816304247754, 0.267551770804178, 
0.319750168904685, -0.174381429983994, -0.00564841725627132, 
0.00227924372053788, -0.126981855948598, -0.32377838818785, 0.117143871194339, 
-0.314180740057627, 0.0208858733652637, -0.00964743731053108, 
-0.316580152090182, 0.0144874412784481, -0.0313125247352441, 
-297.527838722387, 35.5135583468277, -13.7919717097248, -47.7048621745184, 
0.0708604906060903, -0.139243739014725, 0.0762692122815557, -0.0777297045171939, 
-0.0365782742517424, -0.213748953758402, -0.242791066401253, 
-0.409435328962366, 0.132328207593344, -0.0152045994374295, -0.048271217302795, 
0.562319880848534, 0.00393001484804794, -0.163565231996427, 0.258132429079354, 
0.0410520162761125, 0.320276961542628, 0.122124759215715, 0.0436691462905378, 
0.309038990988354, 0.0284887899790829, 0.129368810048386, -0.0699998028475593, 
-340.05930855269, 35.7220507474215, -2.25617882835664, -14.9702686115438, 
-37.2209950412131, 0.0218479080083822, -0.106539958115972, 0.0272530937846643, 
-0.127783314441521, 0.0202417413353914, -0.143188870067429, -0.278803019117506, 
0.105175256495784, -0.542983733879183, 0.0378075508374515, -0.35026027010232, 
0.20237126590158, -0.173749020784952, 0.0273848123901997, -0.000684313193637892, 
-0.141503751394254, 0.219458461990528, 0.431813240418257, 0.158695829343035, 
-0.192475463048842, -0.00617660121707158, -0.231410407733424, 
-391.058582331106, 6.68128185253085, 18.1226804460229, -3.4976851560592, 
-18.5311145057193, 36.667125673668, -0.0737210560505146, -0.0587967033498361, 
0.086394250147826, 0.092747909801056, 0.329450814861542, -0.00842354391206038, 
0.0571396848100914, 0.60082864992097, -0.0155988546489163, -0.023717232662251, 
-0.130288227582783, 0.215942640272132, -0.00270381977755948, 
0.0341596221907179, 0.434917777136353, 0.164828131348466, 0.186751447654373, 
0.11635076930145, -0.126079180783677, 0.210901620035286, 0.0325864002742674, 
-224.589254714764, 11.8745418003161, -4.70050575182937, -25.2575505745837, 
-21.1824764366469, 4.67490124320621, 39.636741777368, 0.00485696818494573, 
0.230804667905622, -0.109085634858981, 0.236711539511317, -0.0533439364793578, 
0.12231683723165, 0.0770580856123543, -0.391536965146717, -0.215919746013164, 
0.0275681346357315, 0.0162577934202603, 0.195764709222325, 0.131352809730229, 
-0.094976817982075, 0.296937714679517, -0.547699759656116, 0.112416598464701, 
0.0352703557000777, -0.173484374575444, 0.0457234421813695), .Dim = c(27L, 
7L), .Dimnames = list(c("1", "2", "3", "5", "7", "8", "9", "10", 
"11", "12", "13", "14", "15", "16", "17", "18", "19", "21", "22", 
"23", "24", "25", "26", "27", "28", "29", "30"), c("x1", "x2", 
"x3", "x4", "x5", "x6", "x7")), assign = 1:7), qraux = c(1.19245008972988, 
1.01173761276554, 1.21928201362622, 1.14630652868351, 1.00951368450501, 
1.33228635484758, 1.39404040645131), pivot = 1:7, tol = 1e-07, 
    rank = 7L), .Names = c("qr", "qraux", "pivot", "tol", "rank"
), class = "qr"), df.residual = 20L, xlevels = structure(list(), .Names = character(0)), 
    call = quote(lm(formula = y ~ . + 0, data = structure(list(y = c(43, 
        63, 71, 81, 58, 71, 72, 67, 64, 67, 69, 68, 77, 81, 74, 
        65, 65, 50, 64, 53, 40, 63, 66, 78, 48, 85, 82), x1 = c(1, 
        1, 1, 1, 1, 1, 1, 1, 1, 1, 1, 1, 1, 1, 1, 1, 1, 1, 1, 
        1, 1, 1, 1, 1, 1, 1, 1), x2 = c(51, 64, 70, 78, 67, 75, 
        82, 61, 53, 60, 62, 83, 77, 90, 85, 60, 70, 40, 61, 66, 
        37, 54, 77, 75, 57, 85, 82), x3 = c(45, 64, 64, 45, 42, 
        57, 52, 45, 83, 42, 52, 54, 66, 68, 71, 39, 50, 49, 42, 
        30, 56, 30, 52, 50, 30, 52, 49), x4 = c(39, 54, 69, 66, 
        56, 55, 67, 47, 58, 39, 42, 45, 72, 72, 69, 75, 57, 34, 
        62, 50, 58, 48, 63, 74, 45, 71, 59), x5 = c(61, 63, 76, 
        71, 66, 70, 71, 62, 58, 59, 55, 59, 79, 60, 79, 55, 75, 
        43, 66, 63, 50, 66, 88, 80, 51, 77, 64), x6 = c(92, 73, 
        86, 83, 68, 66, 83, 80, 67, 74, 63, 77, 77, 54, 79, 80, 
        85, 64, 80, 80, 57, 75, 76, 78, 83, 74, 78), x7 = c(45, 
        47, 48, 47, 35, 41, 31, 41, 34, 41, 25, 35, 46, 36, 63, 
        60, 46, 33, 41, 37, 49, 33, 72, 49, 38, 55, 39)), .Names = c("y", 
        "x1", "x2", "x3", "x4", "x5", "x6", "x7"),