
expected <- structure(list(coefficients = structure(c(3.66248409108856, 0.554095358409854, 
-0.0254540510767727, 0.465391829180131, 0.149991266612073, 0.0725866709933619, 
-0.374440744297629), .Names = c("x1", "x2", "x3", "x4", "x5", 
"x6", "x7")), residuals = structure(c(-4.63233463810545, 3.54612904172184, 
-1.06343413568722, 1.04566197196203, 5.9700454604158, -11.7609575681761, 
-9.14670321197333, 0.720024163972558, 10.7248871125315, 4.78533209784782, 
8.19259303761873, -1.67040391703771, -5.8753583636049, -0.439003299593574, 
2.38087179860495, -2.27467817623102, -5.57127424649178, 9.07258947097985, 
-1.27468379593528, -10.4356611441839, -2.79638203817093, 4.36129615935325, 
-0.013976107830748, -0.0764549325157102, -5.42527352763263, 6.02404791352626, 
5.63310087463564), .Names = c("1", "2", "3", "4", "5", "6", "7", 
"8", "10", "11", "13", "14", "16", "17", "18", "19", "20", "21", 
"22", "23", "24", "25", "26", "27", "28", "29", "30")), effects = structure(c(-331.591504604575, 
-52.8406667457116, 1.16535851229253, 13.6513149923323, -2.20715077266605, 
-3.91956762503554, -13.0391791646405, 2.36409811692034, 7.7689145128077, 
5.12051021295843, 10.4923592746852, -5.5768714203056, -7.35561803776579, 
-4.22955184068444, 0.756803753955556, 0.394477826084773, -4.81393779373491, 
10.0645003221102, 2.07415294853318, -8.82899966908442, -8.44626889955267, 
11.5616493872557, -0.0391803542086706, 5.48893153503039, -8.41417066429134, 
6.35757982546286, 6.06702799212813), .Names = c("x1", "x2", "x3", 
"x4", "x5", "x6", "x7", "", "", "", "", "", "", "", "", "", "", 
"", "", "", "", "", "", "", "", "", "")), rank = 7L, fitted.values = structure(c(47.6323346381054, 
59.4538709582782, 72.0634341356872, 59.954338028038, 75.0299545395842, 
54.7609575681761, 67.1467032119733, 70.2799758360274, 56.2751128874685, 
59.2146679021522, 60.8074069623813, 69.6704039170377, 86.8753583636049, 
74.4390032995936, 62.619128201395, 67.274678176231, 55.5712742464918, 
40.9274105290202, 65.2746837959353, 63.4356611441839, 42.7963820381709, 
58.6387038406468, 66.0139761078307, 78.0764549325157, 53.4252735276326, 
78.9759520864737, 76.3668991253644), .Names = c("1", "2", "3", 
"4", "5", "6", "7", "8", "10", "11", "13", "14", "16", "17", 
"18", "19", "20", "21", "22", "23", "24", "25", "26", "27", "28", 
"29", "30")), assign = 1:7, qr = structure(list(qr = structure(c(-5.19615242270663, 
0.192450089729875, 0.192450089729875, 0.192450089729875, 0.192450089729875, 
0.192450089729875, 0.192450089729875, 0.192450089729875, 0.192450089729875, 
0.192450089729875, 0.192450089729875, 0.192450089729875, 0.192450089729875, 
0.192450089729875, 0.192450089729875, 0.192450089729875, 0.192450089729875, 
0.192450089729875, 0.192450089729875, 0.192450089729875, 0.192450089729875, 
0.192450089729875, 0.192450089729875, 0.192450089729875, 0.192450089729875, 
0.192450089729875, 0.192450089729875, -342.368709629448, -68.8379740162845, 
0.0946285258367066, -0.00705953369775985, 0.210843451018954, 
-0.123274458880007, 0.0510479288933639, 0.167262854075611, -0.0361132649933217, 
-0.152328190175569, -0.0215863993455408, 0.283477779257859, 0.385165838792325, 
0.312531510553421, -0.0506401306411026, 0.0946285258367066, -0.0796938619366645, 
-0.341177443596721, -0.0361132649933217, 0.0365210632455829, 
-0.384758040540064, -0.137801324527788, 0.196316585371173, 0.167262854075611, 
-0.0942207275844454, 0.312531510553421, 0.268950913610078, -273.471577506153, 
-33.2358545059397, -53.2510494878393, -0.070052322797673, -0.00669154004805236, 
0.0814411228608679, -0.164578018240964, -0.0907237925312555, 
-0.0509579339970586, 0.175651402117566, 0.164842542970884, 0.452604748528973, 
-0.233931708535864, 0.0767098800619636, 0.334168712683665, -0.118103710985803, 
0.409600019326341, -0.0758145229588567, 0.080494874301087, 0.032758902299551, 
0.121837813768252, -0.0404644910369705, 0.190645380492463, 0.0595079883809109, 
-0.0315481290098505, 0.208162688360109, -0.364122852087635, -291.176985761301, 
-32.7887498632246, -12.0111858195518, 45.9738214702459, -0.126776264009074, 
0.146469422888452, -0.0900171792328606, 0.0462799188113019, 0.0896046789845458, 
-0.14017645812747, 0.29795177230988, 0.572139119503493, -0.225001870218563, 
-0.0840514605148644, -0.370965020032825, -0.0610621517971232, 
0.0959399796426184, 0.141459594833629, -0.182404373202978, 0.111445026063237, 
-0.3305079318491, -0.00136645725563106, 0.00943141373069283, 
-0.304983229318835, 0.099090725323558, -0.0732908932916216, -0.0800336620639995, 
-332.938655232684, -34.7369639562104, -5.90088014670624, 14.3792209278217, 
37.4113994119425, 0.0883967215325639, -0.0198516122366531, -0.0740628466497124, 
-0.0561869391807157, 0.143650962410509, 0.0957585162115162, 0.202891328143994, 
0.496629964955771, -0.0583953227028631, 0.493560590913973, -0.222497273825623, 
-0.00898153041147046, 0.138662389187789, 0.0288922640220551, 
-0.00309501892698088, 0.235702240135178, -0.201494975093204, 
-0.420636300880987, -0.0995109703715286, 0.185968080392418, 0.0301001084210261, 
0.163299733683782, -395.100034215434, -9.99609766185639, -7.15744621973675, 
-2.03955199763849, 2.9077708912754, -48.8794133987096, -0.253566114122569, 
0.020766601012857, -0.411042201578255, -0.322064485263564, 0.00910443700381308, 
-0.139889583763044, 0.0638005313390035, -0.173312775677746, 0.259591753576952, 
-0.0105932197865825, 0.10321084977411, 0.0981273622063109, 0.0331886893645303, 
0.00719323367921342, -0.604461286269966, 0.182686330553747, 0.0475325000672129, 
0.203217108210391, -0.198343170199863, 0.109733048533921, 0.136379162760868, 
-225.166604983954, -15.0934134080444, -18.1722398077161, 26.0474835996643, 
21.444245818559, 0.99234319975482, 34.8230777852426, 0.130461672981612, 
0.0265675073393742, 0.324894409480764, 0.272656932828721, -0.0215078714655228, 
0.158988344204532, -0.229192480465353, -0.384282444126867, 0.1348757782224, 
-0.179500596109277, -0.137611177902561, 0.228752619755065, 0.128630895198803, 
-0.128710406640572, 0.339389322982669, -0.343998203518755, 0.278461188328377, 
-0.102538455523247, -0.0324735699550236, 0.0508858643016365), .Dim = c(27L, 
7L), .Dimnames = list(c("1", "2", "3", "4", "5", "6", "7", "8", 
"10", "11", "13", "14", "16", "17", "18", "19", "20", "21", "22", 
"23", "24", "25", "26", "27", "28", "29", "30"), c("x1", "x2", 
"x3", "x4", "x5", "x6", "x7")), assign = 1:7), qraux = c(1.19245008972988, 
1.00746733195002, 1.29503368652266, 1.1027371946009, 1.06098135991712, 
1.0872481946116, 1.31052585298881), pivot = 1:7, tol = 1e-07, 
    rank = 7L), .Names = c("qr", "qraux", "pivot", "tol", "rank"
), class = "qr"), df.residual = 20L, xlevels = structure(list(), .Names = character(0)), 
    call = quote(lm(formula = y ~ . + 0, data = structure(list(y = c(43, 
        63, 71, 61, 81, 43, 58, 71, 67, 64, 69, 68, 81, 74, 65, 
        65, 50, 50, 64, 53, 40, 63, 66, 78, 48, 85, 82), x1 = c(1, 
        1, 1, 1, 1, 1, 1, 1, 1, 1, 1, 1, 1, 1, 1, 1, 1, 1, 1, 
        1, 1, 1, 1, 1, 1, 1, 1), x2 = c(51, 64, 70, 63, 78, 55, 
        67, 75, 61, 53, 62, 83, 90, 85, 60, 70, 58, 40, 61, 66, 
        37, 54, 77, 75, 57, 85, 82), x3 = c(30, 51, 68, 45, 56, 
        49, 42, 50, 45, 53, 57, 83, 50, 64, 65, 46, 68, 33, 52, 
        52, 42, 42, 66, 58, 44, 71, 39), x4 = c(39, 54, 69, 47, 
        66, 44, 56, 55, 47, 58, 42, 45, 72, 69, 75, 57, 54, 34, 
        62, 50, 58, 48, 63, 74, 45, 71, 59), x5 = c(61, 63, 76, 
        54, 71, 54, 66, 70, 62, 58, 55, 59, 60, 79, 55, 75, 64, 
        43, 66, 63, 50, 66, 88, 80, 51, 77, 64), x6 = c(83, 64, 
        80, 78, 80, 83, 63, 77, 57, 63, 80, 75, 77, 68, 92, 75, 
        86, 83, 79, 78, 49, 86, 80, 86, 68, 83, 80), x7 = c(45, 
        47, 48, 35, 47, 34, 35, 41, 41, 34, 25, 35, 36, 63, 60, 
        46, 52, 33, 41, 37, 49, 33, 72, 49, 38, 55, 39)), .Names = c("y", 
        "x1", "x2", "x3", "x4", "x5", "x6", "x7"),