
expected <- structure(list(coefficients = structure(c(2.18312016818355, -0.00727607215124085, 
0.448060660822759, 0.234203960277401, 0.587640408355018, 0.0521455423032962, 
-0.363705384626487), .Names = c("x1", "x2", "x3", "x4", "x5", 
"x6", "x7")), residuals = structure(c(-6.84905035763289, 1.24320493444737, 
1.61793449788779, -12.6641138191858, 13.2357774579939, -8.95055031456512, 
-7.57050562965232, -4.75919915950773, -0.387995333264103, 10.4281295847901, 
-11.5518835714442, 7.51645732901973, 7.84278142893124, 0.860066456678078, 
13.4988496997617, 1.47465783988185, -4.53120925173945, 3.54480347507795, 
-7.29657241400779, -9.99275711439488, 2.86140930235597, -21.5217085324891, 
5.7381335324221, 6.99274884781825, -1.45973654366595, 9.72279892723847, 
11.4042134418171), .Names = c("1", "2", "3", "4", "5", "6", "7", 
"8", "9", "10", "11", "12", "14", "15", "16", "17", "19", "20", 
"21", "22", "23", "24", "26", "27", "28", "29", "30")), effects = structure(c(279.37992753925, 
-169.679162111107, -74.4720320498246, -25.3023301524637, 35.0495873556195, 
8.27949315828951, -16.7397428048631, 1.93474669761664, -2.00533658877677, 
10.8301954940472, -16.6797175129442, 11.1955372645733, 6.62111601090271, 
1.32309279356226, 9.98349338428986, 6.4910300271321, -3.09303059935621, 
-3.81384697505048, -15.7804506662824, -1.9629722325623, 2.29963381564397, 
-25.3086619824463, 3.40767985759145, 10.158982663576, -0.684759291490871, 
5.65341256853992, 16.4999342414564), .Names = c("x1", "x2", "x3", 
"x4", "x5", "x6", "x7", "", "", "", "", "", "", "", "", "", "", 
"", "", "", "", "", "", "", "", "", "")), rank = 7L, fitted.values = structure(c(49.8490503576329, 
61.7567950655526, 69.3820655021122, 73.6641138191858, 67.7642225420061, 
51.9505503145651, 65.5705056296523, 75.7591991595077, 72.3879953332641, 
56.5718704152099, 75.5518835714442, 59.4835426709803, 60.1572185710688, 
76.1399335433219, 67.5011503002383, 72.5253421601182, 69.5312092517395, 
46.4551965249221, 57.2965724140078, 73.9927571143949, 50.138590697644, 
61.5217085324891, 60.2618664675779, 71.0072511521818, 49.4597365436659, 
75.2772010727615, 70.5957865581829), .Names = c("1", "2", "3", 
"4", "5", "6", "7", "8", "9", "10", "11", "12", "14", "15", "16", 
"17", "19", "20", "21", "22", "23", "24", "26", "27", "28", "29", 
"30")), assign = 1:7, qr = structure(list(qr = structure(c(7.36964964236487, 
-0.114883960096447, -0.349766164967633, -0.195555489303026, -0.179327775904972, 
-0.31566275640558, -0.192243791745254, -0.226102501183303, -0.246331890542697, 
-0.161176146352692, -0.198719786060068, -0.0180776325916483, 
-0.285461840076198, -0.0913232485198592, -0.197860497260057, 
-0.0614184078895288, -0.191312872583049, -0.360589946706068, 
-0.109900196167359, 0.0211839036868502, -0.118378068901003, -0.183061719067668, 
0.0112294246031951, -0.128253110064848, -0.158245930295627, -0.274913278699776, 
-0.0448935473529357, 278.011597433614, -202.789426973919, -0.0458025332111058, 
0.190846153330293, 0.118165278275515, -0.0415944788878267, 0.110297140001142, 
-0.0416051320533983, 0.0616287740282762, 0.121359296477082, 0.103879635137629, 
0.287821500474585, -0.0215287762897465, 0.175787630910411, 0.104731163070664, 
0.121591578487028, 0.155600663389505, 0.0618208079952343, 0.295452724971518, 
0.390834343321013, 0.301845092800284, 0.104602611970475, 0.415488335353757, 
0.173709874932699, 0.148919165404892, 0.1319299965354, 0.256316556334556, 
219.618588150776, -129.289213315149, -93.0052421050001, -0.158141008519817, 
-0.012643987357782, -0.157477124240948, -0.0569274306163533, 
0.263036845233501, 0.0230035061609647, 0.0156523374706072, 0.381460066756579, 
0.00176079911193015, 0.0940223941666034, 0.289285014090603, 0.220503638724415, 
0.475815142381629, -0.0348643970367908, -0.388810884831579, -0.100583869351622, 
-0.0762844094184737, -0.329513158808175, 0.118507629700615, -0.0225416852948737, 
0.0532771445429784, -0.180246577398845, -0.130701125644468, 0.0740342483948644, 
250.937419445015, -152.712533519835, -29.7337530934214, -65.7510270277921, 
0.3438703537383, 0.0770365300832266, 0.257056807352413, 0.271171603087165, 
0.172490041367695, 0.291368860567266, 0.158002778425804, -0.132531327690786, 
0.173479642069225, 0.028645913439436, -0.308700442036319, 0.292478951131788, 
-0.143341577757647, -0.109111515268701, -0.00651678905774639, 
0.0856568124589237, -0.0707735021488403, -0.0468883653431248, 
0.222819644650009, 0.359115165411469, 0.117134664144057, -0.128093695187618, 
0.282463243582353, 275.419626715708, -187.554894649848, -47.8242467663954, 
-13.565295730195, 68.4836833533626, -0.131388659887957, -0.0089379271228835, 
-0.234384518202447, 0.00779709870011114, 0.0915592478750728, 
0.329081113438004, -0.517067009479566, 0.0242292588802987, -0.248898495930636, 
-0.00404909287936577, 0.0449062731873427, -0.223534303090166, 
0.284726021056261, 0.314826420728767, -0.354071149631271, 0.00767542252310111, 
-0.0358417166406719, 0.289265667466219, 0.00569063655575593, 
0.0123395523895249, -0.0353813439590573, -0.189386096631583, 
316.410069521481, -199.489350761149, -47.8107032432071, -42.0488923507601, 
13.2781419333637, -42.478054246503, 0.135879008462048, 0.166766346168899, 
-0.269143424733952, 0.089912024955583, 0.0185682211419153, -0.171130227938083, 
0.178372427259196, -0.364404837845313, 0.108739125837403, 0.248914811410078, 
0.0824356055860262, 0.262827546081235, -0.404537572477447, -0.0174376038208363, 
0.18253548819937, -0.203894599480085, -0.0800345051184429, -0.0408731284827385, 
0.110348672407969, -0.267155156508677, -0.100205101711811, 193.030231287262, 
-118.661793200605, -13.0883293592025, -0.717611006093099, 16.1850455245446, 
-28.8544926101101, 46.0255567072626, 0.0386042582901353, -0.0926934667317251, 
-0.25119083076631, -0.205669043827711, -0.371583228701035, -0.494562471712445, 
-0.27914567537954, 0.168453691077759, 0.224231799390219, 0.129086490930229, 
-0.108350536719463, -0.0712921339685755, 0.383369305526861, 0.108933354331321, 
-0.338387101323246, 0.0125143633627865, 0.0146193166757508, 0.0346294658869293, 
0.0890501829309232, -0.0758073576142466), .Dim = c(27L, 7L), .Dimnames = list(
    c("1", "2", "3", "4", "5", "6", "7", "8", "9", "10", "11", 
    "12", "14", "15", "16", "17", "19", "20", "21", "22", "23", 
    "24", "26", "27", "28", "29", "30"), c("x1", "x2", "x3", 
    "x4", "x5", "x6", "x7")), assign = 1:7), qraux = c(1.03510044077244, 
1.29051397306737, 1.12007629586148, 1.17806509880577, 1.03483802765488, 
1.43450664015055, 1.15231471114723), pivot = 1:7, tol = 1e-07, 
    rank = 7L), .Names = c("qr", "qraux", "pivot", "tol", "rank"
), class = "qr"), df.residual = 20L, xlevels = structure(list(), .Names = character(0)), 
    call = quote(lm(formula = y ~ . + 0, data = structure(list(y = c(43, 
        63, 71, 61, 81, 43, 58, 71, 72, 67, 64, 67, 68, 77, 81, 
        74, 65, 50, 50, 64, 53, 40, 66, 78, 48, 85, 82), x1 = c(-0.25867795078543, 
        0.846654535438241, 2.57765409256505, 1.44117544180453, 
        1.32158287956416, 2.32632391985229, 1.41676939108228, 
        1.66629621698333, 1.81537972904105, 1.18781172932586, 
        1.4644952002684, 0.133225818563844, 2.10375374762637, 
        0.673020345793978, 1.45816254287071, 0.452632147737685, 
        1.40990884301146, 2.65742157178274, 0.809925941380608, 
        -0.156117948229687, 0.872404893140121, 1.34910073245774, 
        -0.0827569250108997, 0.945180486721588, 1.16621706360886, 
        2.02601454605116, 0.330849715194053), x2 = c(70, 82, 
        61, 78, 60, 55, 61, 37, 62, 57, 61, 62, 53, 54, 61, 37, 
        70, 85, 82, 75, 85, 58, 82, 61, 62, 82, 61), x3 = c(45, 
        64, 64, 44, 45, 33, 42, 57, 52, 45, 83, 42, 54, 66, 68, 
        71, 50, 33, 49, 42, 30, 56, 52, 50, 30, 52, 49), x4 = c(58, 
        45, 45, 72, 72, 56, 67, 58, 66, 66, 67, 34, 63, 47, 34, 
        54, 47, 63, 59, 54, 54, 47, 69, 72, 55, 59, 63),