
expected <- structure(list(coefficients = structure(c(27.7936297308601, 0.211606483139044, 
0.377958474792195, 0.548518208886001, -0.17001271707045, -0.408344578090385
), .Names = c("x1", "x2", "x3", "x4", "x5", "x6")), residuals = structure(c(-5.32513949942451, 
1.05115834684291, -4.72775580391555, 10.7696057332578, -10.196053403585, 
1.4050224049523, -8.52756972120522, 8.25504632905938, -3.46985329177165, 
11.4809794853542, 4.02145892791004, 0.655365926264446, -0.891498700818339, 
6.38303492704767, 2.40819515384524, 3.03825381801634, -1.97509514171546, 
3.14267017001019, -4.08964901034086, -10.5419709985381, -16.3289948055029, 
-1.79898574193501, -5.51886779205157, -0.647313340503302, -4.45872552353098, 
8.15124902998423, 17.7354325222936), .Names = c("1", "2", "3", 
"5", "7", "8", "9", "10", "11", "12", "13", "14", "15", "16", 
"17", "18", "19", "21", "22", "23", "24", "25", "26", "27", "28", 
"29", "30")), effects = structure(c(-343.523410167827, -30.5788101154836, 
-24.0623443325995, 12.991566470323, -9.44561037527458, -17.1968850156513, 
-12.537949077363, 8.80452446899811, -4.56967691577766, 12.9328077482443, 
2.77641787629706, -4.25373364006186, 2.44583977039067, 7.70110576245161, 
6.80114950143908, -1.2449890325103, 1.04342589961921, 2.84215623670568, 
-4.72631196557685, -11.3882713526037, -14.4567027840488, 0.136082156756179, 
3.85417004841895, 2.51815876981549, -7.95469753257889, 10.8031807392601, 
18.4857459389295), .Names = c("x1", "x2", "x3", "x4", "x5", "x6", 
"", "", "", "", "", "", "", "", "", "", "", "", "", "", "", "", 
"", "", "", "", "")), rank = 6L, fitted.values = structure(c(48.3251394994245, 
61.9488416531571, 75.7277558039155, 70.2303942667422, 68.196053403585, 
69.5949775950477, 80.5275697212052, 58.7449536709406, 67.4698532917717, 
55.5190205146458, 64.97854107209, 67.3446340737355, 77.8914987008183, 
74.6169650729523, 71.5918048461548, 61.9617461819837, 66.9750951417155, 
46.8573298299898, 68.0896490103409, 63.5419709985381, 56.3289948055029, 
64.798985741935, 71.5188677920516, 78.6473133405033, 52.458725523531, 
76.8487509700158, 64.2645674777064), .Names = c("1", "2", "3", 
"5", "7", "8", "9", "10", "11", "12", "13", "14", "15", "16", 
"17", "18", "19", "21", "22", "23", "24", "25", "26", "27", "28", 
"29", "30")), assign = 1:6, qr = structure(list(qr = structure(c(-5.19615242270663, 
0.192450089729875, 0.192450089729875, 0.192450089729875, 0.192450089729875, 
0.192450089729875, 0.192450089729875, 0.192450089729875, 0.192450089729875, 
0.192450089729875, 0.192450089729875, 0.192450089729875, 0.192450089729875, 
0.192450089729875, 0.192450089729875, 0.192450089729875, 0.192450089729875, 
0.192450089729875, 0.192450089729875, 0.192450089729875, 0.192450089729875, 
0.192450089729875, 0.192450089729875, 0.192450089729875, 0.192450089729875, 
0.192450089729875, 0.192450089729875, -275.588528493181, -63.5370991072378, 
0.294015962955034, 0.105149927699845, -0.115193780097875, 0.0107169100722504, 
0.356971308040096, -0.0679772712840782, 0.0579334188860476, -0.0364995987415467, 
0.120888763971111, 0.53009850702402, 0.0736722551573133, 0.0107169100722504, 
0.231060617869971, 0.246799454141236, -0.0522384350128125, -0.256843306539267, 
0.0421945826147819, 0.0421945826147819, -0.115193780097875, -0.115193780097875, 
0.262538290412502, 0.136627600242376, -0.0837161075553439, 0.341232471768831, 
-0.162410288911673, -297.527838722387, -30.9227328340038, -52.6400017027166, 
0.16245997945484, 0.097318590063413, 0.00699122486188654, 0.0387961286673019, 
-0.100402950781764, 0.037233202478768, -0.270211231088891, -0.302383358135487, 
-0.477216295841459, 0.294274340018291, 0.329939542683135, 0.148120453740666, 
0.253185912305484, 0.080650347270407, -0.240367821121128, 0.122137342632332, 
-0.105826175829726, 0.135312509807089, -0.0546570889112924, 0.0163060931772154, 
0.296603057097124, -0.129480569859229, 0.123700268820866, 0.181058371677561, 
-340.05930855269, -23.9947302753374, -24.1623520900267, 41.6064938099577, 
-0.029560176052307, -0.116754597124123, 0.0597143876871353, -0.0329277879673644, 
0.215265878670799, -0.0510130277100405, 0.106991270111201, 0.114458460818587, 
-0.119892093989395, 0.326332247543128, -0.129581840023144, 0.521415183311243, 
-0.22351155315579, 0.23738999066288, 0.0680828855479382, -0.00292339555647378, 
0.378846914040113, -0.124967116171412, -0.412231861033026, -0.109639926046668, 
0.204993497957335, -0.0393991860528953, 0.0464604889219131, -391.058582331106, 
-6.90526868405243, 1.1273668609269, 19.2623456334802, 40.6594827099836, 
0.3394722870354, -0.124259553069872, -0.0550624414277517, 0.196728577172476, 
0.0769012584794978, 0.290958461228001, -0.0616665311865313, 0.113403619540327, 
0.513700384834409, 0.0546493966653718, -0.198751132718779, -0.0803449215566405, 
0.208545324360288, -0.056571493350716, -0.0619518157123984, 0.387000760623596, 
0.106677083113295, 0.217450746407505, 0.0882216848592958, -0.222949149078819, 
0.145480531401275, -0.000521761585737382, -224.589254714764, 
-16.0186378049771, -22.7223470468607, 16.0538663319594, 6.20304855501387, 
42.1136607129013, 0.485926620752533, 0.011771902860055, 0.123920503823309, 
-0.0818520666679057, 0.228133155040546, 0.190446887787559, 0.128269735289189, 
0.0548722277437036, -0.251297527125469, -0.325652218705809, 0.0705185026630087, 
-0.1351018373784, 0.122393059741962, 0.143355960760677, -0.386904411840607, 
0.194667977141732, -0.439092782740656, 0.0892971078701778, 0.010066982577946, 
-0.0860782287256632, 0.0980606682283116), .Dim = c(27L, 6L), .Dimnames = list(
    c("1", "2", "3", "5", "7", "8", "9", "10", "11", "12", "13", 
    "14", "15", "16", "17", "18", "19", "21", "22", "23", "24", 
    "25", "26", "27", "28", "29", "30"), c("x1", "x2", "x3", 
    "x4", "x5", "x6")), assign = 1:6), qraux = c(1.19245008972988, 
1.02645574634352, 1.11245525107582, 1.00604794975478, 1.26438648964257, 
1.02125760715379), pivot = 1:6, tol = 1e-07, rank = 6L), .Names = c("qr", 
"qraux", "pivot", "tol", "rank"), class = "qr"), df.residual = 21L, 
    xlevels = structure(list(), .Names = character(0)), call = quote(lm(formula = y ~ 
        . + 0, data = structure(list(y = c(43, 63, 71, 81, 58, 
        71, 72, 67, 64, 67, 69, 68, 77, 81, 74, 65, 65, 50, 64, 
        53, 40, 63, 66, 78, 48, 85, 82), x1 = c(1, 1, 1, 1, 1, 
        1, 1, 1, 1, 1, 1, 1, 1, 1, 1, 1, 1, 1, 1, 1, 1, 1, 1, 
        1, 1, 1, 1), x2 = c(30, 51, 68, 56, 42, 50, 72, 45, 53, 
        47, 57, 83, 54, 50, 64, 65, 46, 33, 52, 52, 42, 42, 66, 
        58, 44, 71, 39), x3 = c(39, 54, 69, 66, 56, 55, 67, 47, 
        58, 39, 42, 45, 72, 72, 69, 75, 57, 34, 62, 50, 58, 48, 
        63, 74, 45, 71, 59), x4 = c(61, 63, 76, 71, 66, 70, 71, 
        62, 58, 59, 55, 59, 79, 60, 79, 55, 75, 43, 66, 63, 50, 
        66, 88, 80, 51, 77, 64), x5 = c(92, 73, 86, 83, 68, 66, 
        83, 80, 67, 74, 63, 77, 77, 54, 79, 80, 85, 64, 80, 80, 
        57, 75, 76, 78, 83, 74, 78), x6 = c(45, 47, 48, 47, 35, 
        41, 31, 41, 34, 41, 25, 35, 46, 36, 63, 60, 46, 33, 41, 
        37, 49, 33, 72, 49, 38, 55, 39)), .Names = c("y", "x1", 
        "x2", "x3", "x4", "x5", "x6"), row.names = c("1", "2", 
        "3", "5", "7", "8", "9", "10", "11", "12", "13", "14", 
        "15", "16", "17", "18", "19", "21", "22", "23", "24", 
        "25", "26", "27", "28", "29", "30"), class = "data.frame"))), 
    terms = y ~ x1 + x2 + x3 + x4 + x5 + x6 + 0, model = structure(list(
        y = c(43, 63, 71, 81, 58, 71, 72, 67, 64, 67, 69, 68, 
        77, 81, 74, 65, 65, 50, 64, 53, 40, 63, 66, 78, 48, 85, 
        82), x1 = c(1, 1, 1, 1, 1, 1, 1, 1, 1, 1, 1, 1, 1, 1, 
        1, 1, 1, 1, 1, 1, 1, 1, 1, 1, 1, 1, 1), x2 = c(30, 51, 
        68, 56, 42, 50, 72, 45, 53, 47, 57, 83, 54, 50, 64, 65, 
        46, 33, 52, 52, 42, 42, 66, 58, 44, 71, 39), x3 = c(39, 
        54, 69, 66, 56, 55, 67, 47, 58, 39, 42, 45, 72, 72, 69, 
        75, 57, 34, 62, 50, 58, 48, 63, 74, 45, 71, 59),