
expected <- structure(list(coefficients = structure(c(4.90905892119787, 0.58856654275511, 
-0.0760036675329231, 0.457056497532545, 0.103823778854021, 0.103543416626494, 
-0.366064638229876), .Names = c("x1", "x2", "x3", "x4", "x5", 
"x6", "x7")), residuals = structure(c(-5.18530141315424, 3.25531470789392, 
-1.53764458217465, -0.0100845037844438, 6.72873208729566, -7.45636904492173, 
-9.82708650815136, 1.66965386988569, 7.27493916105454, 3.15475709418881, 
8.89368777697238, -4.19364301443667, -5.2384058079147, -0.625800227367619, 
1.96397703177094, -2.50172502523042, -6.44857338953806, 10.5694627333059, 
-2.08415940695464, -10.6310500212362, -2.55111090052572, 4.79578633248146, 
1.49586908413071, 0.253320396883594, -5.53129023365205, 6.04087563204203, 
7.72586817113679), .Names = c("1", "2", "3", "4", "5", "6", "7", 
"8", "10", "11", "13", "14", "16", "17", "18", "19", "20", "21", 
"22", "23", "24", "25", "26", "27", "28", "29", "30")), effects = structure(c(-331.591504604575, 
-52.8406667457116, 10.4993017454062, 11.8227351832377, -1.7524978226721, 
2.51834943352941, -12.1521329117522, 3.85567806870098, 7.90610633874027, 
6.12169845631364, 11.6479509536877, -6.69290347945596, -7.34409239485424, 
-2.08177454987698, -2.94904106262293, 0.133494787780706, -6.5189633871279, 
11.4833046945977, 0.16257068269233, -9.20437359272934, -1.4374418395582, 
10.0745923567155, 2.76019939957932, 3.34857582278906, -6.59283542900573, 
5.53689656329604, 6.99342625913077), .Names = c("x1", "x2", "x3", 
"x4", "x5", "x6", "x7", "", "", "", "", "", "", "", "", "", "", 
"", "", "", "", "", "", "", "", "", "")), rank = 7L, fitted.values = structure(c(48.1853014131542, 
59.7446852921061, 72.5376445821747, 61.0100845037844, 74.2712679127043, 
50.4563690449217, 67.8270865081514, 69.3303461301143, 59.7250608389455, 
60.8452429058112, 60.1063122230276, 72.1936430144367, 86.2384058079147, 
74.6258002273676, 63.0360229682291, 67.5017250252304, 56.4485733895381, 
39.4305372666941, 66.0841594069546, 63.6310500212362, 42.5511109005257, 
58.2042136675185, 64.5041309158693, 77.7466796031164, 53.531290233652, 
78.959124367958, 74.2741318288632), .Names = c("1", "2", "3", 
"4", "5", "6", "7", "8", "10", "11", "13", "14", "16", "17", 
"18", "19", "20", "21", "22", "23", "24", "25", "26", "27", "28", 
"29", "30")), assign = 1:7, qr = structure(list(qr = structure(c(-5.19615242270663, 
0.192450089729875, 0.192450089729875, 0.192450089729875, 0.192450089729875, 
0.192450089729875, 0.192450089729875, 0.192450089729875, 0.192450089729875, 
0.192450089729875, 0.192450089729875, 0.192450089729875, 0.192450089729875, 
0.192450089729875, 0.192450089729875, 0.192450089729875, 0.192450089729875, 
0.192450089729875, 0.192450089729875, 0.192450089729875, 0.192450089729875, 
0.192450089729875, 0.192450089729875, 0.192450089729875, 0.192450089729875, 
0.192450089729875, 0.192450089729875, -342.368709629448, -68.8379740162845, 
0.0946285258367066, -0.00705953369775985, 0.210843451018954, 
-0.123274458880007, 0.0510479288933639, 0.167262854075611, -0.0361132649933217, 
-0.152328190175569, -0.0215863993455408, 0.283477779257859, 0.385165838792325, 
0.312531510553421, -0.0506401306411026, 0.0946285258367066, -0.0796938619366645, 
-0.341177443596721, -0.0361132649933217, 0.0365210632455829, 
-0.384758040540064, -0.137801324527788, 0.196316585371173, 0.167262854075611, 
-0.0942207275844454, 0.312531510553421, 0.268950913610078, -272.124426878044, 
-20.760505106862, -63.0658205687062, -0.00198611688423058, 0.224431375712176, 
0.300096540810481, -0.184740344762546, -0.0745553150547825, -0.338733139863028, 
-0.290353674415994, -0.0752209312807504, -0.233929927110176, 
-0.323831307922771, 0.118673545384102, -0.0789825144344716, 0.0508205479424931, 
-0.177882794681072, 0.0578225986985948, -0.14845574567727, 0.0432973816350508, 
0.123534246787672, -0.153693061957554, 0.167053010831136, -0.153837562632182, 
0.351427472510642, -0.135029646863576, 0.374662587658937, -291.176985761301, 
-32.7887498632246, 5.26563162674915, 47.2242942662061, -0.0872080747083329, 
0.154686195250356, -0.0490885582594918, 0.0703775423041052, 0.057115628793062, 
-0.250421960522678, 0.212581838687693, 0.340160842261717, -0.173403149846166, 
-0.0949274649226961, -0.507231079627856, -0.00439233115760166, 
-0.0977751157843507, 0.176817927980287, -0.232096782016245, 0.101796357008531, 
-0.352267376364146, -0.00802518393306775, -0.0424808498336013, 
-0.343799707773707, 0.161635882437328, -0.175172828759681, 0.124376350266911, 
-332.938655232684, -34.7369639562104, -1.19085648885916, 15.6321005283253, 
37.3552470324059, 0.133665904960123, -0.0391506485831699, -0.0818427447737683, 
-0.115520080798579, 0.0812213130875178, 0.0639033673123935, 0.115453381325579, 
0.460922348144543, -0.0410226573904079, 0.46279665040836, -0.203600039548053, 
-0.0736017352417282, 0.152047574259388, -0.000120172443020995, 
-1.18350232663631e-05, 0.256112125176033, -0.226523936715405, 
-0.40547555512899, -0.125601362896924, 0.250045216599537, -0.00823700126472897, 
0.259989494674057, -386.632230267319, -8.06563862688463, -6.14404427831474, 
0.412555853703811, 19.7092418290064, 47.655957614536, 0.150743270598469, 
0.262769230027875, -0.115490369502426, 0.0606489722539105, 0.279216361688628, 
-0.0389435851232635, 0.249897846079226, 0.0253231441407102, -0.298510745251348, 
-0.0733666661634653, -0.0618701641407875, 0.238619118966264, 
-0.131983796249792, -0.0299910144809964, 0.304035220051617, 0.0648484849759104, 
0.220077003401098, -0.0472129200380297, -0.0881026993454748, 
0.0350658975345395, 0.0448298849868304, -225.166604983954, -15.0934134080444, 
-11.0887287951342, 31.2161715447186, 20.9570173311237, 6.60023118367913, 
33.1966861659036, 0.0837269951158385, -0.0317137728469917, 0.283086002066225, 
0.198425704224001, -0.1180637013715, 0.108794947083315, -0.236991546456018, 
-0.312925561998355, 0.169936167700089, -0.199118554457314, -0.187364498551243, 
0.267104615756472, 0.133608769019571, -0.195611486455425, 0.349030589704726, 
-0.368152370545897, 0.33453431040723, -0.0864859689547731, -0.038727472320715, 
0.103204761583395), .Dim = c(27L, 7L), .Dimnames = list(c("1", 
"2", "3", "4", "5", "6", "7", "8", "10", "11", "13", "14", "16", 
"17", "18", "19", "20", "21", "22", "23", "24", "25", "26", "27", 
"28", "29", "30"), c("x1", "x2", "x3", "x4", "x5", "x6", "x7"
)), assign = 1:7), qraux = c(1.19245008972988, 1.00746733195002, 
1.03496409842701, 1.12787192350217, 1.10472910140468, 1.6455689531739, 
1.26947398377687), pivot = 1:7, tol = 1e-07, rank = 7L), .Names = c("qr", 
"qraux", "pivot", "tol", "rank"), class = "qr"), df.residual = 20L, 
    xlevels = structure(list(), .Names = character(0)), call = quote(lm(formula = y ~ 
        . + 0, data = structure(list(y = c(43, 63, 71, 61, 81, 
        43, 58, 71, 67, 64, 69, 68, 81, 74, 65, 65, 50, 50, 64, 
        53, 40, 63, 66, 78, 48, 85, 82), x1 = c(1, 1, 1, 1, 1, 
        1, 1, 1, 1, 1, 1, 1, 1, 1, 1, 1, 1, 1, 1, 1, 1, 1, 1, 
        1, 1, 1, 1), x2 = c(51, 64, 70, 63, 78, 55, 67, 75, 61, 
        53, 62, 83, 90, 85, 60, 70, 58, 40, 61, 66, 37, 54, 77, 
        75, 57, 85, 82), x3 = c(52, 58, 57, 52, 72, 68, 42, 52, 
        30, 30, 47, 45, 42, 68, 46, 58, 39, 47, 42, 56, 50, 39, 
        68, 47, 72, 52, 83), x4 = c(39, 54, 69, 47, 66, 44, 56, 
        55, 47, 58, 42, 45, 72, 69, 75, 57, 54, 34, 62, 50, 58, 
        48, 63, 74, 45, 71, 59), x5 = c(61, 63, 76, 54, 71, 54, 
        66, 70, 62, 58, 55, 59, 60, 79, 55, 75, 64, 43, 66, 63, 
        50, 66, 88, 80, 51, 77, 64), x6 = c(92, 73, 86, 84, 83, 
        49, 68, 66, 80, 67, 63, 77, 54, 79, 80, 85, 78, 64, 80, 
        80, 57, 75, 76, 78, 83, 74, 78), x7 = c(45, 47, 48, 35, 
        47, 34, 35, 41, 41, 34, 25, 35, 36, 63, 60, 46, 52, 33, 
        41, 37, 49, 33, 72, 49, 38, 55, 39)), .Names = c("y", 
        "x1", "x2", "x3", "x4", "x5", "x6", "x7"),