
expected <- structure(list(coefficients = structure(c(39.7556842008215, 0.752121509152404, 
-0.122602200478257, 0.0388031437431231, -0.317189176669938, 0.0339548287828422, 
-0.0586934019017006), .Names = c("x1", "x2", "x3", "x4", "x5", 
"x6", "x7")), residuals = structure(c(-9.00821231808794, -3.32601539590383, 
-2.20835451447929, 4.66872298392713, 2.68335175892816, -8.43246369424291, 
-4.36822327730933, -3.90074817082054, 7.26872972538457, 8.0155411920911, 
14.1724257615245, 6.33090705619864, -5.37769537871969, 1.95718816549011, 
-4.43396238908574, -0.9812041769147, 1.84060914535827, -1.35843747384635, 
2.63271251245893, -0.530128854133494, -4.59262945247688, -3.44481119703746, 
4.02092735293485, -0.0586677515750507, -11.583238256411, 6.37617257093826, 
3.63750407580967), .Names = c("1", "2", "3", "4", "5", "6", "7", 
"9", "10", "11", "12", "13", "14", "15", "16", "17", "18", "20", 
"21", "22", "23", "24", "25", "27", "28", "29", "30")), effects = structure(c(-334.285805860793, 
-54.1626149974308, 2.33757936933778, 11.6749073260769, -16.7139081951864, 
0.934643271615803, -1.97447939193223, -0.98440156749963, 7.69336913684307, 
11.4257570261478, 15.0399158214115, 6.72110568895862, -6.04206083919029, 
5.81646578929421, 1.11088794110229, 2.54195376409141, 5.67091955152503, 
1.31117246596554, 2.22363396319734, 1.4812289973698, -2.2894294279484, 
1.30738859715693, 4.49435925078525, 2.81638460962357, -12.2707289275406, 
9.83615020555212, 5.38388090654682), .Names = c("x1", "x2", "x3", 
"x4", "x5", "x6", "x7", "", "", "", "", "", "", "", "", "", "", 
"", "", "", "", "", "", "", "", "", "")), rank = 7L, fitted.values = structure(c(52.0082123180879, 
66.3260153959038, 73.2083545144793, 56.3312770160729, 78.3166482410718, 
51.4324636942429, 62.3682232773093, 75.9007481708205, 59.7312702746154, 
55.9844588079089, 52.8275742384755, 62.6690929438014, 73.3776953787197, 
75.0428118345099, 85.4339623890857, 74.9812041769147, 63.1593908546417, 
51.3584374738464, 47.3672874875411, 64.5301288541335, 57.5926294524769, 
43.4448111970375, 58.9790726470652, 78.058667751575, 59.583238256411, 
78.6238274290617, 78.3624959241903), .Names = c("1", "2", "3", 
"4", "5", "6", "7", "9", "10", "11", "12", "13", "14", "15", 
"16", "17", "18", "20", "21", "22", "23", "24", "25", "27", "28", 
"29", "30")), assign = 1:7, qr = structure(list(qr = structure(c(-5.19615242270663, 
0.192450089729875, 0.192450089729875, 0.192450089729875, 0.192450089729875, 
0.192450089729875, 0.192450089729875, 0.192450089729875, 0.192450089729875, 
0.192450089729875, 0.192450089729875, 0.192450089729875, 0.192450089729875, 
0.192450089729875, 0.192450089729875, 0.192450089729875, 0.192450089729875, 
0.192450089729875, 0.192450089729875, 0.192450089729875, 0.192450089729875, 
0.192450089729875, 0.192450089729875, 0.192450089729875, 0.192450089729875, 
0.192450089729875, 0.192450089729875, -341.791359360259, -70.2329457353646, 
0.0940757185871527, -0.00559260554061164, 0.207982374733169, 
-0.119499261686628, 0.0513607225323965, 0.264935702806177, -0.0340692695771157, 
-0.147975925723132, -0.0483076015953678, -0.0198309375588637, 
0.279174034824429, 0.193744042714917, 0.378842358952194, 0.307650698860933, 
-0.0483076015953678, -0.0767842656318719, -0.333074241960409, 
-0.0340692695771157, 0.0371223905141445, -0.375789238015165, 
-0.13373759370488, 0.165267378678413, -0.0910225976501239, 0.307650698860933, 
0.264935702806177, -275.588528493181, -36.3393873843611, -52.8621971496863, 
-0.0777165698770799, -0.0219221343711548, 0.0791752168329003, 
-0.175079573263807, 0.240139952845125, -0.057410733231322, 0.175149493605607, 
-0.00942359484496873, 0.159441668826645, 0.438075244871355, -0.0496034361117502, 
-0.257259814436125, 0.0583443176225902, 0.331084385726301, 0.40814155246727, 
-0.0712047688317108, 0.0750090369908383, 0.0242444453764436, 
0.129507976422561, -0.0430916350663811, 0.0463708406609564, -0.0357161699715435, 
0.190764087844751, -0.384124678202203, -291.754336030491, -37.5876144912945, 
-11.4059006342731, 49.0355388976436, -0.104841902340487, 0.128440571929882, 
-0.0788666194452232, 0.0162392709473075, 0.0824488170952767, 
-0.143365288721313, 0.252446471064487, 0.276076731016642, 0.549517961724093, 
-0.248497668427881, -0.18275230798564, -0.0591726046853306, -0.355056995026528, 
0.0798686223314672, 0.111453037419439, -0.174195903115328, 0.10663670604758, 
-0.336326214380228, -0.00961120964501627, -0.27558306164323, 
0.0873092962742401, -0.0507034851737676, -0.0528199671590905, 
-338.327257745121, 14.0437414806693, 13.4268000081314, -35.5747891456021, 
51.2990780685033, -0.0888183284054755, -0.243615202035024, -0.191019046682069, 
0.0503659703021699, -0.0555506124298782, -0.134977465460512, 
0.32934473997641, 0.172225176505352, -0.158314771399152, -0.0623175810292418, 
-0.326336849549194, -0.160549127583448, -0.351666704820789, 0.398047556803729, 
0.0445730135968825, -0.338165804115275, -0.137328773588292, 0.240046292961248, 
0.0915455472159309, 0.229318669673946, -0.134850414845713, 0.0338414124441405, 
-387.979380895428, -10.5506040255248, -3.0821807510087, -1.39477922235196, 
-0.0597514989189465, 50.3312620266367, 0.129119045227187, -0.0526228842871695, 
-0.0466504223773281, 0.192430174511023, 0.0882312550881218, 0.38628581769499, 
0.219545930538764, -0.0297270235193384, 0.433281234005049, -0.0235469657076507, 
-0.0702453185212058, 0.0292987128999849, 0.270201201889736, -0.0647197157056752, 
-0.0568547652380909, 0.318166118365583, 0.046591079415715, -0.0174167948353237, 
-0.0918283937246664, 0.117689772095605, -0.0495311027050846, 
-217.276151305029, -8.12850554553101, -11.28973643718, 24.9500673066765, 
7.50283664820133, 13.1930692008598, 33.6405682403463, 0.569287032972973, 
-0.0591243172921678, 0.323788074654056, -0.196872268381427, 0.13035975637761, 
-0.0939931117178177, 0.200430800335019, 0.258765350230293, -0.348983072567356, 
-0.0638706852693062, -0.169784200812328, -0.145656684501879, 
0.213872692447588, 0.182793504157969, -0.0862393854925425, 0.151974123677026, 
0.100596169997672, -0.0107751677731992, -0.159045812280137, 0.113174071082306
), .Dim = c(27L, 7L), .Dimnames = list(c("1", "2", "3", "4", 
"5", "6", "7", "9", "10", "11", "12", "13", "14", "15", "16", 
"17", "18", "20", "21", "22", "23", "24", "25", "27", "28", "29", 
"30"), c("x1", "x2", "x3", "x4", "x5", "x6", "x7")), assign = 1:7), 
    qraux = c(1.19245008972988, 1.00864572647764, 1.28630653259272, 
    1.0968936737861, 1.1336104115851, 1.57647007768255, 1.24883651361544
    ), pivot = 1:7, tol = 1e-07, rank = 7L), .Names = c("qr", 
"qraux", "pivot", "tol", "rank"), class = "qr"), df.residual = 20L, 
    xlevels = structure(list(), .Names = character(0)), call = quote(lm(formula = y ~ 
        . + 0, data = structure(list(y = c(43, 63, 71, 61, 81, 
        43, 58, 72, 67, 64, 67, 69, 68, 77, 81, 74, 65, 50, 50, 
        64, 53, 40, 63, 78, 48, 85, 82), x1 = c(1, 1, 1, 1, 1, 
        1, 1, 1, 1, 1, 1, 1, 1, 1, 1, 1, 1, 1, 1, 1, 1, 1, 1, 
        1, 1, 1, 1), x2 = c(51, 64, 70, 63, 78, 55, 67, 82, 61, 
        53, 60, 62, 83, 77, 90, 85, 60, 58, 40, 61, 66, 37, 54, 
        75, 57, 85, 82), x3 = c(30, 51, 68, 45, 56, 49, 42, 72, 
        45, 53, 47, 57, 83, 54, 50, 64, 65, 68, 33, 52, 52, 42, 
        42, 58, 44, 71, 39), x4 = c(39, 54, 69, 47, 66, 44, 56, 
        67, 47, 58, 39, 42, 45, 72, 72, 69, 75, 54, 34, 62, 50, 
        58, 48, 74, 45, 71, 59), x5 = c(77, 54, 43, 88, 50, 79, 
        79, 64, 71, 62, 88, 60, 66, 59, 58, 71, 50, 80, 63, 55, 
        88, 64, 59, 43, 63, 58, 66), x6 = c(92, 73, 86, 84, 83, 
        49, 68, 83, 80, 67, 74, 63, 77, 77, 54, 79, 80, 78, 64, 
        80, 80, 57, 75, 78, 83, 74, 78), x7 = c(45, 47, 48, 35, 
        47, 34, 35, 31, 41, 34, 41, 25, 35, 46, 36, 63, 60, 52, 
        33, 41, 37, 49, 33, 49, 38, 55, 39)), .Names = c("y", 
        "x1", "x2", "x3", "x4", "x5", "x6", "x7"),