
expected <- structure(list(coefficients = structure(c(0.655082701363684, 
-0.0550040738162474, 0.378703663042981, 0.16329825165938, 0.526534907975439, 
0.19597780272842, -0.2032110671607), .Names = c("x1", "x2", "x3", 
"x4", "x5", "x6", "x7")), residuals = structure(c(-14.6322759826249, 
-3.45454796988311, 3.88465162527728, 14.1938029096673, -7.96094759348542, 
-4.28695587301015, 3.16283554725745, 7.63414392514763, -11.8553723385965, 
3.55214161555047, 4.43387584639285, 4.19669479720578, 2.42453767906341, 
13.7190614358489, 0.67118390030212, -12.8409288104073, -5.4344287491296, 
-5.0028256956501, -11.2082479651271, -1.49289379148446, -21.3674730307053, 
13.6234408331246, 3.29838643685872, 7.11823465607766, -3.3343959745638, 
13.4307944081337, 10.1068885795216), .Names = c("1", "2", "3", 
"5", "7", "8", "9", "10", "11", "12", "13", "14", "15", "16", 
"17", "18", "19", "21", "22", "23", "24", "25", "26", "27", "28", 
"29", "30")), effects = structure(c(279.366236873328, -185.56946373045, 
-69.1863581391111, -25.1332494931855, -35.116078835465, -2.77503716687419, 
9.37673367451616, 3.49764548146111, -18.610259065919, 11.9583381940454, 
6.18478538740939, 1.07254608472397, 3.77360673717444, 14.0118989881141, 
-0.960901550915107, -18.1504281952819, -3.78371285299463, -12.4687994116685, 
-7.27164445556773, -1.89198318095029, -22.9777607478595, 15.935483800837, 
-1.56252045139429, 2.68841417023449, -6.12009595915917, 8.9587565087786, 
10.2384433617865), .Names = c("x1", "x2", "x3", "x4", "x5", "x6", 
"x7", "", "", "", "", "", "", "", "", "", "", "", "", "", "", 
"", "", "", "", "", "")), rank = 7L, fitted.values = structure(c(57.6322759826249, 
66.4545479698831, 67.1153483747227, 66.8061970903327, 65.9609475934854, 
75.2869558730101, 68.8371644527425, 59.3658560748524, 75.8553723385965, 
63.4478583844495, 64.5661241536071, 63.8033052027942, 74.5754623209366, 
67.2809385641511, 73.3288160996979, 77.8409288104073, 70.4344287491296, 
55.0028256956501, 75.2082479651271, 54.4928937914845, 61.3674730307053, 
49.3765591668754, 62.7016135631413, 70.8817653439223, 51.3343959745638, 
71.5692055918663, 71.8931114204784), .Names = c("1", "2", "3", 
"5", "7", "8", "9", "10", "11", "12", "13", "14", "15", "16", 
"17", "18", "19", "21", "22", "23", "24", "25", "26", "27", "28", 
"29", "30")), assign = 1:7, qr = structure(list(qr = structure(c(6.94102084614737, 
-0.121978388223424, -0.371365271723076, -0.190401802394486, -0.204115420841685, 
-0.240065006851004, -0.261543621504707, -0.17112925543008, -0.210991327173621, 
-0.0191939804701482, 0.0149032427740651, -0.303089962450417, 
-0.0969627322424107, -0.210078974720277, -0.0652111782647821, 
-0.414966100779922, -0.203127014637052, -0.116686861966444, 0.0224920730956082, 
-0.125688268696722, -0.194366327714829, -0.0477681743639589, 
0.0119228751570216, -0.13617312318637, -0.168018089767901, -0.291889995860725, 
-0.0476658581680664, 266.550462980948, -219.749518053265, -0.0426371184142262, 
0.108855886606529, 0.10158135693282, -0.0386329974531733, 0.0566120229625735, 
0.111822573358642, 0.0956523069360934, 0.265588566419671, 0.254034662442818, 
-0.0201688419938963, 0.162123984267074, 0.0964390226139067, 0.112142339172879, 
0.0289814225010383, 0.143389374495057, 0.272533792875865, 0.360692447438903, 
0.278423844571263, 0.0963360304290081, 0.345613842914152, 0.383433145580726, 
0.160167565098552, 0.137258490041754, 0.121457252519625, 0.236486812923346, 
217.192215914904, -136.297519818744, -94.1250627475642, -0.021938803242418, 
-0.0670232132235673, 0.240463732789731, 0.0057748785857452, 0.00757605366077951, 
0.365385216602988, 0.0116954759217435, 0.195503591106227, 0.0695809711733865, 
0.285603900802324, 0.206445020343104, 0.470126394525914, -0.361242231624394, 
-0.0433583596486803, -0.0963582107727553, -0.0582580282448421, 
-0.322978559957498, 0.106822359381438, -0.286916236024799, -0.00496364318222877, 
0.0494145738465945, -0.184672003840128, -0.145571765687522, 0.079752600334197, 
240.0175409236, -160.683917107417, -33.5323978515727, -65.25976652064, 
0.270039186660091, 0.263104653816623, 0.180410151594371, 0.3000764461112, 
0.145759831873071, -0.125302784165703, 0.140733985943521, 0.176158385328163, 
0.0198272876420517, -0.315471561877527, 0.272998837288824, 0.022343937527682, 
-0.133389794599264, 0.00990002860348863, 0.100708249266712, -0.0416742885380191, 
-0.046373147540458, -0.0989743248403174, 0.236829398063037, 0.366832402508866, 
0.136143772134334, -0.111214009614236, 0.288597943018957, 274.629545803343, 
-199.515192598713, -41.6485722237275, -11.9619273861731, -67.168513598866, 
0.274422355403791, -0.0176421241745654, -0.0770258225607324, 
-0.289403593291459, 0.516472806923803, 0.203193761413297, -0.0318457440468373, 
0.288794596409189, -0.0259717461357301, 0.0485601400039786, 0.10116061159354, 
0.183554551192425, -0.343974921354645, 0.372601501039188, -0.0711041281507853, 
0.024599903157662, -0.0710267690864408, -0.260791428729018, 0.0294300484426215, 
-0.0425807451036476, -0.0320577464373103, 0.235935320899369, 
297.084975267265, -220.837172830859, -53.5871830394007, -38.60734125356, 
-10.297521774105, -40.8694094288905, -0.223008981862305, 0.120725186626117, 
-0.000151899081783369, -0.257966512836614, -0.181116860714438, 
0.254906528925863, -0.460492009233339, 0.107047172393731, 0.156853812574864, 
0.032827545962283, 0.107418610064836, -0.400051985062432, -0.102343688850833, 
0.239921845851778, -0.203788506227481, 0.304793917753173, -0.139152548504268, 
-0.0480992504616091, 0.172711331388583, -0.194722049522326, -0.166061036453696, 
171.198256140872, -140.3963286811, -21.4863070267418, 3.0111030942779, 
-11.1636340170591, -25.7587343295062, -46.1428297460836, 0.258572769655373, 
0.100851154738865, 0.404686503461531, -0.0541875339339173, 0.565248282240837, 
0.193870903193867, -0.144595501088299, -0.29026583162541, -0.111750536982753, 
-0.0351880775830655, -0.0535353344349107, -0.362648606990605, 
-0.0159594863358408, 0.312192537941193, 0.126121493579431, -0.136715231220898, 
-0.0404969469852975, 0.0335129137997168, -0.056244671957075, 
0.0432767691158384), .Dim = c(27L, 7L), .Dimnames = list(c("1", 
"2", "3", "5", "7", "8", "9", "10", "11", "12", "13", "14", "15", 
"16", "17", "18", "19", "21", "22", "23", "24", "25", "26", "27", 
"28", "29", "30"), c("x1", "x2", "x3", "x4", "x5", "x6", "x7"
)), assign = 1:7), qraux = c(1.03726799796733, 1.2679709436714, 
1.08930319871936, 1.35492355256254, 1.00678538916784, 1.17642843276666, 
1.07606309102403), pivot = 1:7, tol = 1e-07, rank = 7L), .Names = c("qr", 
"qraux", "pivot", "tol", "rank"), class = "qr"), df.residual = 20L, 
    xlevels = structure(list(), .Names = character(0)), call = quote(lm(formula = y ~ 
        . + 0, data = structure(list(y = c(43, 63, 71, 81, 58, 
        71, 72, 67, 64, 67, 69, 68, 77, 81, 74, 65, 65, 50, 64, 
        53, 40, 63, 66, 78, 48, 85, 82), x1 = c(-0.25867795078543, 
        0.846654535438241, 2.57765409256505, 1.32158287956416, 
        1.41676939108228, 1.66629621698333, 1.81537972904105, 
        1.18781172932586, 1.4644952002684, 0.133225818563844, 
        -0.103443718769981, 2.10375374762637, 0.673020345793978, 
        1.45816254287071, 0.452632147737685, 2.88028835595793, 
        1.40990884301146, 0.809925941380608, -0.156117948229687, 
        0.872404893140121, 1.34910073245774, 0.331559894042641, 
        -0.0827569250108997, 0.945180486721588, 1.16621706360886, 
        2.02601454605116, 0.330849715194053), x2 = c(70, 82, 
        61, 60, 61, 37, 62, 57, 61, 62, 53, 53, 54, 61, 37, 85, 
        70, 82, 75, 85, 58, 85, 82, 61, 62, 82, 61), x3 = c(45, 
        64, 64, 45, 42, 57, 52, 45, 83, 42, 52, 54, 66, 68, 71, 
        39, 50, 49, 42, 30, 56, 30, 52, 50, 30, 52, 49), x4 = c(58, 
        45, 45, 72, 67, 58, 66, 66, 67, 34, 47, 63, 47, 34, 54, 
        72, 47, 59, 54, 54, 47, 47, 69, 72, 55, 59, 63),