
expected <- structure(list(coefficients = structure(c(24.1090150569944, -0.282377899633002, 
0.142425884723395, 0.636950086134123, 0.458360217437033, 0.0449312306939135, 
-0.397306299741499), .Names = c("x1", "x2", "x3", "x4", "x5", 
"x6", "x7")), residuals = structure(c(-4.6712549827484, 7.75080418833675, 
-0.958280171768572, -2.77967256146687, 6.50201009348287, -11.7685473758535, 
3.20136969008315, -4.99358535289751, 1.26987472136252, 11.6785822723253, 
3.20809988224318, 2.34043001347966, -11.6065089001414, 5.22708577015986, 
5.53381052836276, 2.33347921540502, -3.24990041678854, -6.93167652342606, 
5.30905417602213, -10.1615080385992, -9.04296807642213, -0.385207434353923, 
-4.1444565852184, 0.945520323275407, -6.95099142848467, 7.70780895931436, 
14.6366280143162), .Names = c("1", "2", "3", "4", "5", "6", "8", 
"9", "10", "12", "13", "14", "15", "16", "17", "18", "19", "20", 
"21", "22", "24", "25", "26", "27", "28", "29", "30")), effects = structure(c(-339.4819582835, 
6.39511873737274, -30.5135725291966, 38.0341393802079, 13.1650955032637, 
0.70446750985119, -15.5317609844449, -9.69552145866917, 4.94924008069663, 
15.8818439117565, 7.1025031641447, 5.40804190359014, -7.78811452050401, 
5.16344129116442, 7.81193873630994, -1.27962669023119, -2.43492472939024, 
-5.94085231692063, 6.91447570093579, -9.79633105828175, -9.7837302894616, 
0.159682329839835, 4.91049663798511, 0.0116130714280245, -8.15560688652783, 
10.9564077016287, 13.3624960022441), .Names = c("x1", "x2", "x3", 
"x4", "x5", "x6", "x7", "", "", "", "", "", "", "", "", "", "", 
"", "", "", "", "", "", "", "", "", "")), rank = 7L, fitted.values = structure(c(47.6712549827484, 
55.2491958116632, 71.9582801717686, 63.7796725614669, 74.4979899065171, 
54.7685473758535, 67.7986303099168, 76.9935853528975, 65.7301252786375, 
55.3214177276747, 65.7919001177568, 65.6595699865203, 88.6065089001414, 
75.7729142298401, 68.4661894716372, 62.666520784595, 68.2499004167885, 
56.9316765234261, 44.6909458239779, 74.1615080385992, 49.0429680764221, 
63.3852074343539, 70.1444565852184, 77.0544796767246, 54.9509914284847, 
77.2921910406856, 67.3633719856838), .Names = c("1", "2", "3", 
"4", "5", "6", "8", "9", "10", "12", "13", "14", "15", "16", 
"17", "18", "19", "20", "21", "22", "24", "25", "26", "27", "28", 
"29", "30")), assign = 1:7, qr = structure(list(qr = structure(c(-5.19615242270663, 
0.192450089729875, 0.192450089729875, 0.192450089729875, 0.192450089729875, 
0.192450089729875, 0.192450089729875, 0.192450089729875, 0.192450089729875, 
0.192450089729875, 0.192450089729875, 0.192450089729875, 0.192450089729875, 
0.192450089729875, 0.192450089729875, 0.192450089729875, 0.192450089729875, 
0.192450089729875, 0.192450089729875, 0.192450089729875, 0.192450089729875, 
0.192450089729875, 0.192450089729875, 0.192450089729875, 0.192450089729875, 
0.192450089729875, 0.192450089729875, -334.093355771064, -81.7290011539945, 
0.303236059266858, -0.308541881170583, -0.0515951461868577, -0.02712402856936, 
-0.0515951461868577, 0.242058265223114, -0.345248557596829, -0.173950734274346, 
-0.308541881170583, -0.125008499039351, -0.345248557596829, -0.0638307049956065, 
0.217587147605617, 0.217587147605617, 0.00958264785688647, 0.217587147605617, 
-0.137244057848099, -0.173950734274346, 0.242058265223114, -0.02712402856936, 
0.00958264785688647, 0.205351588796868, -0.100537381421853, 0.0218182066656353, 
-0.0515951461868577, -278.475279839129, -20.6690310098901, -61.5086146456797, 
0.0105885109547533, 0.115822666877196, -0.00499229972820426, 
0.0182753552597418, 0.29183159456996, 0.0211031655323089, 0.00455054804286712, 
0.205683134189661, 0.575814878310849, 0.16742413295849, 0.021780240118927, 
0.168778282131726, 0.185036167401301, -0.0642806101144868, 0.233809823210028, 
-0.233574500308747, 0.0858399743907453, -0.195904963517309, -0.118797496615234, 
0.260877095277026, 0.0747358553734573, -0.0652524169209711, 0.338661636765719, 
-0.16056138270559, -293.87128701752, -27.4022137054601, -23.9760546516699, 
51.2341112350658, -0.20133362263231, 0.175344653154748, -0.0377964908852443, 
-0.00080328687483494, -0.00789921144807744, 0.214075170559475, 
0.202470721126466, 0.417882551742802, -0.419110002278967, -0.373090526321743, 
-0.115025580244485, -0.223607794952472, -0.0935227897346, 0.211857165064902, 
0.20273626897634, -0.19220817916022, -0.0809569561010796, 0.0375808281490824, 
-0.0400870102504369, -0.267264237673884, 0.0922869985381182, 
-0.150112817053701, -0.209669367299784, -337.172557206741, -13.5189329771331, 
-22.3278404295722, 26.5425596537634, 41.217292324999, 0.0949440823309784, 
-0.109064384003111, 0.0770640842338265, -0.00814064361577608, 
-0.0874665811990247, 0.11230452052341, 0.112554316133334, 0.00928377354108299, 
0.40893760177732, -0.105537117061428, 0.576300922729385, -0.221299887472044, 
0.0297280219472832, 0.17039107496181, 0.127973436143961, 0.348496346058473, 
-0.153691399585243, -0.377993067051049, -0.0659824168494293, 
0.180984779829243, 0.0309198199759987, 0.0665573569827672, -390.288781972187, 
-4.98123194169509, -5.51573119808029, 3.19301095613589, 19.7268499914378, 
47.4139934492922, 0.284676209140655, -0.0622964411617018, -0.0394572861329068, 
0.121123761347894, 0.339318529792306, 0.145577804977698, 0.0283740720216155, 
0.36099573941574, 0.0412086231886134, -0.189544868290904, -0.104864694646141, 
0.0565713167833256, 0.196510105447944, -0.0761354465134203, 0.282757447181429, 
0.0804229623277494, 0.213127564778273, 0.0186417699278967, -0.17399425989344, 
0.143062297881011, -0.0747073254250813, -227.476006060713, -25.5084211031727, 
-10.0688531570471, 17.3894839185295, 16.6461574385333, 3.58892262434903, 
39.0926622471137, 0.495024684606209, -0.11128092828499, -0.110870350726655, 
0.145436554210341, -0.0281168389563629, -0.0300970574795594, 
0.139874876677735, -0.238694261301837, -0.355356553069981, 0.0944250904081878, 
-0.166169169483208, -0.0302713046153501, 0.0390824496121404, 
-0.155046042702193, 0.280909847592703, -0.524849155667464, 0.15989344193189, 
-0.0132832273398942, -0.175176875527454, 0.158573324020087), .Dim = c(27L, 
7L), .Dimnames = list(c("1", "2", "3", "4", "5", "6", "8", "9", 
"10", "12", "13", "14", "15", "16", "17", "18", "19", "20", "21", 
"22", "24", "25", "26", "27", "28", "29", "30"), c("x1", "x2", 
"x3", "x4", "x5", "x6", "x7")), assign = 1:7), qraux = c(1.19245008972988, 
1.24205826522311, 1.20927562919573, 1.00255233559967, 1.06216879710793, 
1.58877001430532, 1.07513562243836), pivot = 1:7, tol = 1e-07, 
    rank = 7L), .Names = c("qr", "qraux", "pivot", "tol", "rank"
), class = "qr"), df.residual = 20L, xlevels = structure(list(), .Names = character(0)), 
    call = quote(lm(formula = y ~ . + 0, data = structure(list(y = c(43, 
        63, 71, 61, 81, 43, 71, 72, 67, 67, 69, 68, 77, 81, 74, 
        65, 65, 50, 50, 64, 40, 63, 66, 78, 48, 85, 82), x1 = c(1, 
        1, 1, 1, 1, 1, 1, 1, 1, 1, 1, 1, 1, 1, 1, 1, 1, 1, 1, 
        1, 1, 1, 1, 1, 1, 1, 1), x2 = c(70, 85, 90, 40, 61, 63, 
        61, 85, 37, 51, 40, 55, 37, 60, 83, 83, 66, 83, 54, 51, 
        85, 63, 66, 82, 57, 67, 61), x3 = c(30, 51, 68, 45, 56, 
        49, 50, 72, 45, 47, 57, 83, 54, 50, 64, 65, 46, 68, 33, 
        52, 42, 42, 66, 58, 44, 71, 39), x4 = c(39, 54, 69, 47, 
        66, 44, 55, 67, 47, 39, 42, 45, 72, 72, 69, 75, 57, 54, 
        34, 62, 58, 48, 63, 74, 45, 71, 59), x5 = c(61, 63, 76, 
        54, 71, 54, 70, 71, 62, 59, 55, 59, 79, 60, 79, 55, 75, 
        64, 43, 66, 50, 66, 88, 80, 51, 77, 64), x6 = c(92, 73, 
        86, 84, 83, 49, 66, 83, 80, 74, 63, 77, 77, 54, 79, 80, 
        85, 78, 64, 80, 57, 75, 76, 78, 83, 74, 78), x7 = c(45, 
        47, 48, 35, 47, 34, 41, 31, 41, 41, 25, 35, 46, 36, 63, 
        60, 46, 52, 33, 41, 49, 33, 72, 49, 38, 55, 39)), .Names = c("y", 
        "x1", "x2", "x3", "x4", "x5", "x6", "x7"),