
expected <- structure(list(coefficients = structure(c(15.2740826041099, 0.699511258922702, 
-0.0549593896532985, -0.066499773812283, 0.247281458486796, -0.0552189785498555, 
-0.0389454798779642), .Names = c("x1", "x2", "x3", "x4", "x5", 
"x6", "x7")), residuals = structure(c(-10.1628663945575, 0.165802777252581, 
1.51418125514824, 1.56615156827234, 6.09088406339664, -12.656030304668, 
-9.44464872363869, -3.85494384439403, 6.66722051423032, 7.83965278974772, 
8.15318015187001, 8.92934137478437, -5.35755558851302, -0.0670331189324185, 
-0.0141685542880368, -6.27702179775942, 7.67335819087451, -7.01378079476683, 
7.46672358644433, 3.52830882454221, -12.1786789070544, -3.22997740404864, 
3.96014292526525, 4.80409300065304, -8.1507727766074, 4.94809834120199, 
5.10033884554488), .Names = c("1", "2", "3", "4", "5", "6", "7", 
"9", "10", "11", "12", "13", "14", "15", "16", "17", "18", "20", 
"21", "22", "23", "24", "25", "27", "28", "29", "30")), effects = structure(c(-334.285805860793, 
-54.1626149974308, 2.33757936933778, 6.06232182000809, 6.76746260081752, 
-2.7816973074312, -1.52169826794497, -2.46117839768803, 8.43053545351618, 
11.1464952757452, 9.85251873702643, 11.9188942848324, -8.38267977352278, 
4.50629884365328, 1.90182398928057, -5.33661887668346, 3.56058237211747, 
-6.57088173715414, 9.43307555987952, 6.2939708202044, -10.8713022359053, 
-0.227517593911841, 9.42170459553485, 9.62647986982857, -9.89063468855949, 
6.45548312547696, 5.79129345887805), .Names = c("x1", "x2", "x3", 
"x4", "x5", "x6", "x7", "", "", "", "", "", "", "", "", "", "", 
"", "", "", "", "", "", "", "", "", "")), rank = 7L, fitted.values = structure(c(53.1628663945575, 
62.8341972227474, 69.4858187448518, 59.4338484317277, 74.9091159366034, 
55.656030304668, 67.4446487236387, 75.854943844394, 60.3327794857697, 
56.1603472102523, 58.84681984813, 60.0706586252156, 73.357555588513, 
77.0670331189324, 81.014168554288, 80.2770217977594, 57.3266418091255, 
57.0137807947668, 42.5332764135557, 60.4716911754578, 65.1786789070544, 
43.2299774040486, 59.0398570747348, 73.195906999347, 56.1507727766074, 
80.051901658798, 76.8996611544551), .Names = c("1", "2", "3", 
"4", "5", "6", "7", "9", "10", "11", "12", "13", "14", "15", 
"16", "17", "18", "20", "21", "22", "23", "24", "25", "27", "28", 
"29", "30")), assign = 1:7, qr = structure(list(qr = structure(c(-5.19615242270663, 
0.192450089729875, 0.192450089729875, 0.192450089729875, 0.192450089729875, 
0.192450089729875, 0.192450089729875, 0.192450089729875, 0.192450089729875, 
0.192450089729875, 0.192450089729875, 0.192450089729875, 0.192450089729875, 
0.192450089729875, 0.192450089729875, 0.192450089729875, 0.192450089729875, 
0.192450089729875, 0.192450089729875, 0.192450089729875, 0.192450089729875, 
0.192450089729875, 0.192450089729875, 0.192450089729875, 0.192450089729875, 
0.192450089729875, 0.192450089729875, -341.791359360259, -70.2329457353646, 
0.0940757185871527, -0.00559260554061164, 0.207982374733169, 
-0.119499261686628, 0.0513607225323965, 0.264935702806177, -0.0340692695771157, 
-0.147975925723132, -0.0483076015953678, -0.0198309375588637, 
0.279174034824429, 0.193744042714917, 0.378842358952194, 0.307650698860933, 
-0.0483076015953678, -0.0767842656318719, -0.333074241960409, 
-0.0340692695771157, 0.0371223905141445, -0.375789238015165, 
-0.13373759370488, 0.165267378678413, -0.0910225976501239, 0.307650698860933, 
0.264935702806177, -275.588528493181, -36.3393873843611, -52.8621971496863, 
-0.0777165698770799, -0.0219221343711548, 0.0791752168329003, 
-0.175079573263807, 0.240139952845125, -0.057410733231322, 0.175149493605607, 
-0.00942359484496873, 0.159441668826645, 0.438075244871355, -0.0496034361117502, 
-0.257259814436125, 0.0583443176225902, 0.331084385726301, 0.40814155246727, 
-0.0712047688317108, 0.0750090369908383, 0.0242444453764436, 
0.129507976422561, -0.0430916350663811, 0.0463708406609564, -0.0357161699715435, 
0.190764087844751, -0.384124678202203, -305.610742491042, -4.17024924445694, 
1.97417291042534, -62.9824240295094, -0.261971186863123, 0.200909277077018, 
-0.131260964829475, 0.160522333669927, 0.104576677235208, -0.287182792831108, 
0.178079550697711, 0.173826008201801, 0.146992470967798, -0.360810633867225, 
0.139613027153066, -0.0985251106884002, -0.126046295818891, 0.223974275012303, 
0.194775191794166, 0.23946256113307, -0.20527425847944, -0.193760659536886, 
-0.327703583691522, 0.214886139420145, -0.203527563145822, -0.0906587901571653, 
-0.189574244273653, -328.319853079167, -33.1911339714365, -4.23117750984152, 
10.9417239815843, 34.0117408104211, 0.0754089852526011, -0.0389896192562616, 
0.0208521693531286, -0.0762961069370956, 0.189668169006433, -0.0206324801840493, 
0.18179968236412, 0.458482701888818, -0.134452718545297, 0.302371692903439, 
-0.111073340302711, 0.350371887274219, -0.0804249737325562, 0.144906854632584, 
-0.213725709949375, 0.135069295214071, 0.144771758541045, -0.0840247178309428, 
-0.429376680226554, 0.34288363545899, -0.0127036628537333, 0.186488850475594, 
-387.979380895428, -10.5506040255248, -3.0821807510087, 7.32872010725936, 
17.3249017694648, 46.7046309993189, 0.18726410069526, -0.0457311535895691, 
-0.0499097412062497, 0.189091988677148, 0.0711789640998991, 0.289650898703548, 
0.00902583334453181, 0.0608483757707716, 0.426418231861444, 0.0461805249005066, 
-0.0890815959659644, 0.0738848373284475, 0.194748492212942, 0.00938837201178892, 
-0.0792607397464609, 0.376707037388316, 0.0495987223714095, 0.127918889374796, 
-0.224257892974194, 0.15240971183924, -0.0953026664314778, -217.276151305029, 
-8.12850554553101, -11.28973643718, 10.9639465110469, 17.6232747785501, 
5.20510443666641, 39.0725258159154, 0.387991161962147, 0.00741035209249779, 
0.214999695039256, -0.052057495779552, 0.29848691987998, 0.150515219943126, 
0.14151318214249, -0.045499365477928, -0.329749634464556, -0.463797264466627, 
-0.20222304613789, -0.0581209750465806, 0.0525778300731606, 0.182712575747305, 
-0.298127309102442, 0.336104956521863, -0.0056269039974327, 0.0217486207939073, 
-0.146081116023813, 0.0503503705661846), .Dim = c(27L, 7L), .Dimnames = list(
    c("1", "2", "3", "4", "5", "6", "7", "9", "10", "11", "12", 
    "13", "14", "15", "16", "17", "18", "20", "21", "22", "23", 
    "24", "25", "27", "28", "29", "30"), c("x1", "x2", "x3", 
    "x4", "x5", "x6", "x7")), assign = 1:7), qraux = c(1.19245008972988, 
1.00864572647764, 1.28630653259272, 1.17754558703929, 1.07743165967473, 
1.58894359467307, 1.19010115921763), pivot = 1:7, tol = 1e-07, 
    rank = 7L), .Names = c("qr", "qraux", "pivot", "tol", "rank"
), class = "qr"), df.residual = 20L, xlevels = structure(list(), .Names = character(0)), 
    call = quote(lm(formula = y ~ . + 0, data = structure(list(y = c(43, 
        63, 71, 61, 81, 43, 58, 72, 67, 64, 67, 69, 68, 77, 81, 
        74, 65, 50, 50, 64, 53, 40, 63, 78, 48, 85, 82), x1 = c(1, 
        1, 1, 1, 1, 1, 1, 1, 1, 1, 1, 1, 1, 1, 1, 1, 1, 1, 1, 
        1, 1, 1, 1, 1, 1, 1, 1), x2 = c(51, 64, 70, 63, 78, 55, 
        67, 82, 61, 53, 60, 62, 83, 77, 90, 85, 60, 58, 40, 61, 
        66, 37, 54, 75, 57, 85, 82), x3 = c(30, 51, 68, 45, 56, 
        49, 42, 72, 45, 53, 47, 57, 83, 54, 50, 64, 65, 68, 33, 
        52, 52, 42, 42, 58, 44, 71, 39), x4 = c(66, 62, 48, 72, 
        45, 71, 54, 69, 67, 39, 71, 69, 66, 39, 74, 55, 48, 69, 
        71, 74, 47, 44, 39, 74, 47, 54, 54), x5 = c(61, 63, 76, 
        54, 71, 54, 66, 71, 62, 58, 59, 55, 59, 79, 60, 79, 55, 
        64, 43, 66, 63, 50, 66, 80, 51, 77, 64), x6 = c(92, 73, 
        86, 84, 83, 49, 68, 83, 80, 67, 74, 63, 77, 77, 54, 79, 
        80, 78, 64, 80, 80, 57, 75, 78, 83, 74, 78), x7 = c(45, 
        47, 48, 35, 47, 34, 35, 31, 41, 34, 41, 25, 35, 46, 36, 
        63, 60, 52, 33, 41, 37, 49, 33, 49, 38, 55, 39)), .Names = c("y", 
        "x1", "x2", "x3", "x4", "x5", "x6", "x7"),