
expected <- structure(list(coefficients = structure(c(19.33469410183, 0.632517959669525, 
-0.0850790166241417, 0.285728054160565, 0.157509550766854, -0.083013193128226, 
-0.272397789886218), .Names = c("x1", "x2", "x3", "x4", "x5", 
"x6", "x7")), residuals = structure(c(-9.80256370210296, 2.02958724472073, 
1.45364920056618, -0.197539196732925, 3.92244288379035, -11.8802403077718, 
-0.699976522139838, -8.06800881488186, 7.35879386266038, 10.836809748035, 
8.08609297672832, -2.33290824514982, -0.288630723797848, -4.58297670029021, 
-4.58344663134023, 6.05364469465126, -3.62567812362841, -3.94338996408988, 
5.40540961010579, 0.204414349809932, -3.95575020887412, 4.35322076102868, 
-1.61630749108194, 2.65398855199312, -8.12441148382892, 6.65181698735724, 
4.6919572442637), .Names = c("1", "2", "3", "4", "5", "6", "8", 
"9", "10", "12", "13", "14", "15", "16", "17", "18", "19", "20", 
"21", "22", "24", "25", "26", "27", "28", "29", "30")), effects = structure(c(-339.4819582835, 
54.8283956586102, 5.80475161533608, 9.31821960428338, 0.160620560741982, 
1.30555034283033, -9.77175954573513, -6.44451617128668, 9.93220479034578, 
12.6564338493063, 7.95125079133622, -1.79939120678113, 4.1548080434807, 
1.49943597921592, -5.98450512378521, 7.24871228385692, 0.988896636876744, 
-1.5253944189141, 1.64848959464382, 2.21836016286895, -3.9678567735601, 
5.58101717480702, 3.99994926605668, 7.08063287738873, -7.30416258842373, 
8.89244524161594, 12.2071252310611), .Names = c("x1", "x2", "x3", 
"x4", "x5", "x6", "x7", "", "", "", "", "", "", "", "", "", "", 
"", "", "", "", "", "", "", "", "", "")), rank = 7L, fitted.values = structure(c(52.802563702103, 
60.9704127552793, 69.5463507994338, 61.1975391967329, 77.0775571162096, 
54.8802403077718, 71.6999765221398, 80.0680088148819, 59.6412061373396, 
56.1631902519649, 60.9139070232717, 70.3329082451498, 77.2886307237979, 
85.5829767002902, 78.5834466313402, 58.9463553053487, 68.6256781236284, 
53.9433899640899, 44.5945903898942, 63.7955856501901, 43.9557502088741, 
58.6467792389713, 67.6163074910819, 75.3460114480069, 56.1244114838289, 
78.3481830126428, 77.3080427557363), .Names = c("1", "2", "3", 
"4", "5", "6", "8", "9", "10", "12", "13", "14", "15", "16", 
"17", "18", "19", "20", "21", "22", "24", "25", "26", "27", "28", 
"29", "30")), assign = 1:7, qr = structure(list(qr = structure(c(-5.19615242270663, 
0.192450089729875, 0.192450089729875, 0.192450089729875, 0.192450089729875, 
0.192450089729875, 0.192450089729875, 0.192450089729875, 0.192450089729875, 
0.192450089729875, 0.192450089729875, 0.192450089729875, 0.192450089729875, 
0.192450089729875, 0.192450089729875, 0.192450089729875, 0.192450089729875, 
0.192450089729875, 0.192450089729875, 0.192450089729875, 0.192450089729875, 
0.192450089729875, 0.192450089729875, 0.192450089729875, 0.192450089729875, 
0.192450089729875, 0.192450089729875, -348.719562590534, 70.3467601717852, 
-0.0780287364412797, 0.0214783337195374, -0.191751102339356, 
0.135200699617614, -0.149105215127578, -0.248612285288395, 0.0499089251940565, 
0.0641242209313161, 0.035693629456797, -0.262827581025654, -0.177535806602097, 
-0.362334651186471, -0.291258172500173, 0.0641242209313161, -0.0780287364412797, 
0.0925548124058353, 0.348430135676508, 0.0499089251940565, 0.391076022888286, 
0.149415995354874, -0.177535806602097, -0.149105215127578, 0.106770108143095, 
-0.291258172500173, -0.248612285288395, -278.475279839129, 37.4320326308127, 
-53.0034098114856, -0.075706467318834, -0.012820834695724, 0.0769060743699957, 
-0.0970914619501152, 0.250473687390347, -0.0564200426149869, 
-0.0090434088263427, 0.160337273653413, 0.448364292940387, -0.040911043780521, 
-0.241739647228969, 0.0706103645876936, 0.330557384104143, -0.124342243063939, 
0.406443940963071, -0.0803131118449159, 0.0756469324135353, 0.118416921676098, 
-0.0455176883066029, 0.185489484839803, 0.0538422237967673, -0.0367139039256529, 
0.202677339616216, -0.372127766315544, -293.87128701752, 38.6703428372584, 
-11.1993092197911, 48.2684858320112, -0.107781713378168, 0.123670080364893, 
0.0546436939298392, 0.0157286801850715, 0.0785726316673404, 0.250959607742599, 
0.275155952383693, 0.557391283462209, -0.253908605931057, -0.183741834899432, 
-0.0598830973881054, -0.366755652799726, -0.0531978074521516, 
0.0744881674426076, 0.103155243763194, -0.182367420860423, -0.35276932207614, 
-0.0166088494611066, 0.0179571101637227, -0.282048775483992, 
0.0825405083636648, -0.0514962842411523, -0.0534055120873466, 
-337.172557206741, 36.836569687152, -5.16778260521913, 16.2281513297429, 
37.9166840284646, 0.0835594819560166, -0.0630539048863254, 0.132268331220139, 
-0.0533339485690291, -0.0782152081012886, 0.0894348825868988, 
0.194679742628102, -0.0710853329627902, 0.515030941716979, -0.042145077543721, 
0.494384023059033, -0.208951813517518, -0.0141880208886574, 0.128431879702814, 
0.0352417991869256, 0.231231700849824, -0.197927926993655, -0.406850176221955, 
-0.0819328808918057, 0.183295735263701, 0.0432338267840593, 0.180789086275012, 
-397.216985202463, 4.77160093580678, -17.9663566994174, -0.79548579792566, 
-1.38126632433071, -51.8514013678699, 0.100954608983599, 0.160919350309987, 
0.0769385349583533, 0.0023325493951512, 0.0509906323679142, 0.0646461523824061, 
0.179450695429505, 0.494734740478041, -0.467009129400841, 0.196005558378543, 
0.122290981789533, 0.16128849863108, -0.294020775868041, 0.12931124469128, 
0.0852073028442137, -1.49833683961794e-05, 0.0183873666789258, 
0.193588418004311, 0.0513454647642735, -0.0102098950797521, 0.450859041242684, 
-227.476006060713, 10.7846710326676, -14.0153888247995, 26.0485431054199, 
21.7559864849447, 11.0089000874142, 35.8731234560194, 0.355835291721819, 
-0.0130638730991134, -0.104106882357581, 0.271211712298874, -0.147228514473314, 
0.161603631037811, -0.128668115343076, -0.190371378711954, -0.392317955466808, 
0.04056519780107, -0.206098398284111, 0.143363184553628, 0.18852556039091, 
-0.047118857007299, 0.391035884721153, -0.448896131423348, 0.133144569927783, 
-0.0715927920950974, -0.146456152617132, -0.179267883609113), .Dim = c(27L, 
7L), .Dimnames = list(c("1", "2", "3", "4", "5", "6", "8", "9", 
"10", "12", "13", "14", "15", "16", "17", "18", "19", "20", "21", 
"22", "24", "25", "26", "27", "28", "29", "30"), c("x1", "x2", 
"x3", "x4", "x5", "x6", "x7")), assign = 1:7), qraux = c(1.19245008972988, 
1.00726303798228, 1.29072539273999, 1.09374745055647, 1.07450307990198, 
1.15000083905127, 1.03195476776945), pivot = 1:7, tol = 1e-07, 
    rank = 7L), .Names = c("qr", "qraux", "pivot", "tol", "rank"
), class = "qr"), df.residual = 20L, xlevels = structure(list(), .Names = character(0)), 
    call = quote(lm(formula = y ~ . + 0, data = structure(list(y = c(43, 
        63, 71, 61, 81, 43, 71, 72, 67, 67, 69, 68, 77, 81, 74, 
        65, 65, 50, 50, 64, 40, 63, 66, 78, 48, 85, 82), x1 = c(1, 
        1, 1, 1, 1, 1, 1, 1, 1, 1, 1, 1, 1, 1, 1, 1, 1, 1, 1, 
        1, 1, 1, 1, 1, 1, 1, 1), x2 = c(51, 64, 70, 63, 78, 55, 
        75, 82, 61, 60, 62, 83, 77, 90, 85, 60, 70, 58, 40, 61, 
        37, 54, 77, 75, 57, 85, 82), x3 = c(30, 51, 68, 45, 56, 
        49, 50, 72, 45, 47, 57, 83, 54, 50, 64, 65, 46, 68, 33, 
        52, 42, 42, 66, 58, 44, 71, 39), x4 = c(39, 54, 69, 47, 
        66, 44, 55, 67, 47, 39, 42, 45, 72, 72, 69, 75, 57, 54, 
        34, 62, 58, 48, 63, 74, 45, 71, 59), x5 = c(61, 63, 76, 
        54, 71, 54, 70, 71, 62, 59, 55, 59, 79, 60, 79, 55, 75, 
        64, 43, 66, 50, 66, 88, 80, 51, 77, 64), x6 = c(57, 85, 
        83, 79, 49, 83, 77, 83, 78, 77, 80, 85, 80, 80, 49, 79, 
        80, 92, 57, 80, 76, 77, 85, 83, 73, 74, 83), x7 = c(45, 
        47, 48, 35, 47, 34, 41, 31, 41, 41, 25, 35, 46, 36, 63, 
        60, 46, 52, 33, 41, 49, 33, 72, 49, 38, 55, 39)), .Names = c("y", 
        "x1", "x2", "x3", "x4", "x5", "x6", "x7"),