
expected <- structure(list(coefficients = structure(c(-1.07889466515491, 
0.211809662827802, -0.0660008356354513, 0.094734218930685, 0.423660311769172, 
0.34252486378716, -0.130216012295375), .Names = c("x1", "x2", 
"x3", "x4", "x5", "x6", "x7")), residuals = structure(c(-12.2161171540286, 
5.63937419974655, 11.5987147191137, 1.30647202820695, 7.17727738851003, 
-23.4433454652494, -16.3102289854374, 7.35508729185924, 9.53584777899194, 
4.43353577471956, 6.6906949718735, 4.56055153390438, 8.19151605674445, 
14.4700022540418, 6.0390767711739, 7.31654894161327, -14.575148424106, 
-11.9180931408951, -10.9107289844242, -11.0996992444547, -19.5952751499183, 
-9.14167844944343, -0.0959348094912267, 0.91570182297978, -5.22528155299517, 
23.5887775947888, 25.0410871190556), .Names = c("1", "2", "3", 
"4", "5", "6", "7", "8", "9", "11", "12", "13", "14", "15", "18", 
"19", "20", "21", "22", "23", "24", "25", "26", "27", "28", "29", 
"30")), effects = structure(c(-196.687205328277, -261.219408386162, 
14.1006734924537, -24.6447783391617, -32.7206725744846, -14.4240899266124, 
-5.62426413909015, 3.71424395241318, 1.73134708705538, 12.5166169507673, 
15.2307972134037, 9.3936451332229, 14.9992303732939, 13.8854022722629, 
-3.21681093725809, -6.09288428156324, -17.8784739402985, -7.91288729477895, 
-14.3103387044037, -16.9428006923075, -11.7477131307339, -11.9497998346183, 
0.948519979286927, -5.53020195636925, -6.41616045928107, 28.3517670240564, 
32.6609041389489), .Names = c("x1", "x2", "x3", "x4", "x5", "x6", 
"x7", "", "", "", "", "", "", "", "", "", "", "", "", "", "", 
"", "", "", "", "", "")), rank = 7L, fitted.values = structure(c(55.2161171540286, 
57.3606258002534, 59.4012852808863, 59.6935279717931, 73.82272261149, 
66.4433454652494, 74.3102289854374, 63.6449127081408, 62.4641522210081, 
59.5664642252804, 60.3093050281265, 64.4394484660956, 59.8084839432556, 
62.5299977459582, 58.9609232288261, 57.6834510583867, 64.575148424106, 
61.9180931408951, 74.9107289844242, 64.0996992444547, 59.5952751499183, 
72.1416784494434, 66.0959348094912, 77.0842981770202, 53.2252815529952, 
61.4112224052112, 56.9589128809444), .Names = c("1", "2", "3", 
"4", "5", "6", "7", "8", "9", "11", "12", "13", "14", "15", "18", 
"19", "20", "21", "22", "23", "24", "25", "26", "27", "28", "29", 
"30")), assign = 1:7, qr = structure(list(qr = structure(c(-6.67016281750709, 
0.221668859702503, -0.0121175542089223, 0.288735126879811, 0.0239637577902606, 
-0.00733578283668887, 0.016421787401399, 0.0563880550765459, 
-0.312045653458553, 0.232831634739264, 0.173954679097913, 0.396510691320364, 
0.0435669059285514, -0.0920489275700379, 0.131584836235455, 0.215813524083705, 
0.163136180020005, 0.305016690580391, 0.00577926527193697, 0.183742695025885, 
0.188801166584814, -0.147571742921675, 0.162818900527184, 0.264339852074297, 
0.0787184100568218, 0.169496177074715, 0.212025875542954, -211.504374647822, 
-287.332385060984, 0.294674116719585, -0.019512009510499, 0.225247645451166, 
0.249244526540275, 0.231029959279863, 0.14470379203231, 0.416735435189656, 
0.0337892161964135, 0.0789292813575531, -0.0708192841117649, 
0.234580239697236, 0.331594253919121, 0.142736203736671, 0.0955608011541476, 
0.108105399277413, -0.0180736767899517, 0.291393767526538, 0.172353365957652, 
0.074507285337898, 0.398524780162324, 0.0735457535511455, 0.065316984383189, 
0.172827217778162, 0.113670156126212, 0.0392998051645122, -152.852926749116, 
-221.506313328832, 49.9293094254152, 0.263879969917365, -0.331846668171425, 
0.0461844109158908, 0.248370430991973, 0.183084786440768, -0.23354525441359, 
0.0256450104773099, -0.119268940370012, 0.172089574243729, 0.05894431087818, 
0.0770744413187339, 0.0372829115279977, 0.101732617659764, 0.173425809604947, 
-0.173338473241163, -0.340447714630449, 0.472557357095412, 0.153352678550812, 
-0.0989446327784583, -0.0421480394132467, 0.176768653469245, 
0.00643785650637998, 0.260630891056474, -0.122802049953144, -198.317738453922, 
-222.626943820329, 23.5789297167219, -74.8020893635715, -0.329977194126675, 
0.204866454385886, 0.0612883506417311, 0.351002638831251, 0.381492681971576, 
-0.231238380250157, 0.153589852749384, 0.10500235971263, 0.0463573788917102, 
-0.229125303441022, -0.163203972042242, 0.0180403126133641, 0.200505180430146, 
0.0643587662362545, -0.103567277593071, -0.216419273515767, -0.109492013160459, 
-0.364678375577526, -0.123308319149416, 0.117942504004448, -0.136378509694263, 
0.00471160559416363, -0.0578463521819495, -195.179545735515, 
-259.785099473981, 22.3555174979081, -14.4534996903275, -63.3953799726321, 
-0.240758159612407, 0.342673609912242, 0.234818127791878, -0.13546493865418, 
0.173204613356136, -0.195938595487055, 0.140247841093206, -0.447986614421666, 
-0.0601340011014641, 0.0482334776591527, -0.0152293429183098, 
0.0438387132374288, 0.00377230304639342, -0.195871393682217, 
-0.0111932953581551, 0.0903726048195797, 0.047451398744122, 0.441680535893446, 
0.354978069457895, -0.134588582183772, 0.00700893155471207, -0.0270748925423052, 
-247.491485479218, -309.670864682282, 17.9083293596732, -35.9978030338328, 
-19.3263878258417, -53.4870155468192, -0.00199952036364648, -0.0348362415803137, 
0.0598367052664907, 0.350497610704909, 0.110528053281819, -0.0288816265771016, 
0.0439378391333236, 0.0831114756751732, 0.0929327207134221, -0.557645827135864, 
0.0424446098033406, -0.130885282758435, -0.404609969348702, 0.040303547414969, 
0.354011870334095, -0.0415766532494227, 0.0490367430345558, -0.356003170827223, 
-0.0636456202257828, 0.109300104592027, 0.170999081319629, -131.135420899828, 
-170.806659325876, 3.40108280386488, -6.8736242268704, -5.8149701687411, 
-29.9236838792523, 43.1918013764113, 0.0722988754975023, -0.277822059422987, 
-0.000701014737323112, 0.189067033503316, 0.20056775375412, 0.27581736055386, 
0.0563932898787035, -0.641298059615948, -0.16562542463198, -0.173413324618982, 
0.138513873070518, 0.16865036163096, -0.236084290012211, 0.0593622231895943, 
0.0886258551158804, 0.0917550696419534, 0.154872914116248, -0.0268173198496917, 
0.22095690877616, 0.0698809417871242), .Dim = c(27L, 7L), .Dimnames = list(
    c("1", "2", "3", "4", "5", "6", "7", "8", "9", "11", "12", 
    "13", "14", "15", "18", "19", "20", "21", "22", "23", "24", 
    "25", "26", "27", "28", "29", "30"), c("x1", "x2", "x3", 
    "x4", "x5", "x6", "x7")), assign = 1:7), qraux = c(1.25062494123641, 
1.0075446467207, 1.23235760132809, 1.33012804457167, 1.255654225391, 
1.21250757964379, 1.30334568806138), pivot = 1:7, tol = 1e-07, 
    rank = 7L), .Names = c("qr", "qraux", "pivot", "tol", "rank"
), class = "qr"), df.residual = 20L, xlevels = structure(list(), .Names = character(0)), 
    call = quote(lm(formula = y ~ . + 0, data = structure(list(y = c(43, 
        63, 71, 61, 81, 43, 58, 71, 72, 64, 67, 69, 68, 77, 65, 
        65, 50, 50, 64, 53, 40, 63, 66, 78, 48, 85, 82), x1 = c(1.67170916417502, 
        1.47856738578683, -0.08082605952348, 1.92591030742191, 
        0.159842166180342, -0.0489308659145888, 0.109535995721818, 
        0.376117508323118, -2.08139531506394, 1.55302491277723, 
        1.16030603245028, 2.64479086998912, 0.290598355998453, 
        -0.61398133406907, 0.877692282005491, 1.4395113438583, 
        1.08814488215958, 2.03451098822839, 0.038548640329384, 
        1.2255936923502, 1.25933452125599, -0.98432755255087, 
        1.08602857628381, 1.7631898524913, 0.525064611814289, 
        1.13056709803336, 1.414247111396), x2 = c(64, 51, 82, 
        58, 70, 70, 70, 54, 51, 61, 61, 67, 77, 75, 70, 75, 67, 
        62, 85, 90, 63, 82, 57, 77, 67, 70, 58), x3 = c(66, 42, 
        52, 33, 71, 52, 42, 33, 50, 47, 54, 45, 57, 54, 53, 54, 
        44, 58, 83, 47, 42, 68, 47, 52, 52, 42, 52), x4 = c(66, 
        62, 48, 72, 45, 71, 54, 66, 69, 39, 71, 69, 66, 39, 48, 
        66, 69, 71, 74, 47, 44, 39, 44, 74, 47, 54, 54),