
expected <- structure(list(coefficients = structure(c(0.237735733841218, 
0.550932668072846, 0.0285736334789519, 0.491277783626017, 0.119378178833074, 
0.113322810396379, -0.411693524657746), .Names = c("x1", "x2", 
"x3", "x4", "x5", "x6", "x7")), residuals = structure(c(-5.16252316356252, 
2.47247681670187, -2.70141074753479, 0.207093373769952, 5.5758942629521, 
-8.78561159373799, -9.49468866647365, 1.8369954594555, 8.96307570051457, 
4.34964597136062, 8.67211334939147, -2.94694561009412, -4.51211806131254, 
-1.04056279421739, 2.50177554782446, -2.65384893365587, -4.99224277801873, 
10.7070750840911, -1.65501470137637, -10.8029842003602, -3.22896850499518, 
5.03815883234925, 1.48538723008532, 0.385478422130601, -6.88393803010896, 
6.91730835310093, 5.74837938172058), .Names = c("1", "2", "3", 
"4", "5", "6", "7", "8", "10", "11", "13", "14", "16", "17", 
"18", "19", "20", "21", "22", "23", "24", "25", "26", "27", "28", 
"29", "30")), effects = structure(c(-331.591504604575, -52.8406667457116, 
-0.935461667930724, 12.8962863202636, -2.39816133322271, 2.02773632433179, 
-14.5477139913894, 4.45337883369307, 9.84904560104369, 7.84791562824858, 
11.4693922681018, -4.62308293264008, -5.09993185394195, -2.20480661041206, 
-1.83629651697972, -0.228832690098084, -4.5782003382396, 11.7407499895483, 
0.591436940924742, -9.42515531886067, -2.10547501559315, 9.88068536321494, 
2.98959277508824, 3.5280290054548, -8.31891129564007, 7.37247038306993, 
4.96159237540031), .Names = c("x1", "x2", "x3", "x4", "x5", "x6", 
"x7", "", "", "", "", "", "", "", "", "", "", "", "", "", "", 
"", "", "", "", "", "")), rank = 7L, fitted.values = structure(c(48.1625231635625, 
60.5275231832981, 73.7014107475348, 60.79290662623, 75.4241057370479, 
51.785611593738, 67.4946886664736, 69.1630045405445, 58.0369242994854, 
59.6503540286394, 60.3278866506085, 70.9469456100941, 85.5121180613125, 
75.0405627942174, 62.4982244521755, 67.6538489336559, 54.9922427780187, 
39.2929249159089, 65.6550147013764, 63.8029842003602, 43.2289685049952, 
57.9618411676507, 64.5146127699147, 77.6145215778694, 54.883938030109, 
78.0826916468991, 76.2516206182794), .Names = c("1", "2", "3", 
"4", "5", "6", "7", "8", "10", "11", "13", "14", "16", "17", 
"18", "19", "20", "21", "22", "23", "24", "25", "26", "27", "28", 
"29", "30")), assign = 1:7, qr = structure(list(qr = structure(c(-5.19615242270663, 
0.192450089729875, 0.192450089729875, 0.192450089729875, 0.192450089729875, 
0.192450089729875, 0.192450089729875, 0.192450089729875, 0.192450089729875, 
0.192450089729875, 0.192450089729875, 0.192450089729875, 0.192450089729875, 
0.192450089729875, 0.192450089729875, 0.192450089729875, 0.192450089729875, 
0.192450089729875, 0.192450089729875, 0.192450089729875, 0.192450089729875, 
0.192450089729875, 0.192450089729875, 0.192450089729875, 0.192450089729875, 
0.192450089729875, 0.192450089729875, -342.368709629448, -68.8379740162845, 
0.0946285258367066, -0.00705953369775985, 0.210843451018954, 
-0.123274458880007, 0.0510479288933639, 0.167262854075611, -0.0361132649933217, 
-0.152328190175569, -0.0215863993455408, 0.283477779257859, 0.385165838792325, 
0.312531510553421, -0.0506401306411026, 0.0946285258367066, -0.0796938619366645, 
-0.341177443596721, -0.0361132649933217, 0.0365210632455829, 
-0.384758040540064, -0.137801324527788, 0.196316585371173, 0.167262854075611, 
-0.0942207275844454, 0.312531510553421, 0.268950913610078, -273.856477685613, 
1.39296500600389, -45.0298709538644, -0.232376513919511, -0.27450050360548, 
0.146889807347446, 0.0998661270471771, 0.0315045386484042, 0.0234443030611097, 
-0.174683879569989, 0.306372291575186, -0.103479492507837, 0.122625434477371, 
-0.0261880957011169, -0.0374088762614062, -0.272761357964175, 
-0.20353019674475, 0.144598835195104, -0.154215544292138, -0.183061861466899, 
0.428396396529832, 0.130451589863242, -0.135486354655592, -0.0795328659473758, 
-0.13113849055233, -0.359300309488457, -0.164332671830353, -291.176985761301, 
-32.7887498632246, -1.02087517624646, 47.5059855096637, -0.180190204352778, 
0.141412081655442, 0.000525186265253608, 0.0879365406277619, 
0.112211148554514, -0.244119789893268, 0.289652864917763, 0.35019275810979, 
-0.0974109028619107, -0.117726051859741, -0.500696924817059, 
-0.0717067165400412, -0.115401316524044, 0.19888293626438, -0.242485066300044, 
0.054633239514981, -0.274607901832794, 0.0434401378759414, -0.0967340818508561, 
-0.336354642067691, 0.0797497319302233, -0.232850751881221, 0.0319843915183683, 
-332.938655232684, -34.7369639562104, 3.908961506506, 15.4914135056747, 
37.228098453905, 0.0767635267485517, -0.00797321689985576, -0.0691398861086773, 
-0.0548234276852907, 0.137517510712342, 0.0715802529044926, 0.161128504266427, 
0.518353329852595, -0.0623113040011012, 0.478631688148966, -0.20768123202029, 
-0.0373672760574084, 0.139278481385916, 0.0297310663629954, -0.00376951815853551, 
0.224760190248777, -0.202206816392546, -0.434356882732622, -0.0969979954220574, 
0.190194582467559, 0.0236455056896199, 0.196601262205389, -386.632230267319, 
-8.06563862688463, 23.440120214065, 0.232809021950205, 17.5882289362286, 
42.8791879500453, 0.195975840766706, 0.298801275502257, -0.0462025874917174, 
0.206614608738844, 0.248575325780156, 0.0347755260797887, 0.363874229768841, 
0.00449576828820798, -0.258638302052153, -0.0365178210056873, 
0.032796841540755, 0.210548700904444, -0.056062357229396, -0.00592556225024193, 
0.225716995999554, 0.075543755472441, 0.218202481085917, 0.0224586053135242, 
-0.163361312610599, 0.172661375789597, -0.0118393715031469, -225.166604983954, 
-15.0934134080444, 5.51431153087656, 29.9204809321318, 21.4614292715968, 
6.87757662459174, 35.3362710853503, 0.0862159092932226, -0.0137145051870877, 
0.322886108315284, 0.115490269651462, -0.0889577175886557, 0.0657861223734184, 
-0.217264996954883, -0.312878907857114, 0.23538761054926, -0.123623416213164, 
-0.221542501863749, 0.296248599174936, 0.164869985323777, -0.297768828187002, 
0.322306224216121, -0.286655094657659, 0.354874132752288, -0.0905092854631175, 
0.061459912957689, 0.0977894100599257), .Dim = c(27L, 7L), .Dimnames = list(
    c("1", "2", "3", "4", "5", "6", "7", "8", "10", "11", "13", 
    "14", "16", "17", "18", "19", "20", "21", "22", "23", "24", 
    "25", "26", "27", "28", "29", "30"), c("x1", "x2", "x3", 
    "x4", "x5", "x6", "x7")), assign = 1:7), qraux = c(1.19245008972988, 
1.00746733195002, 1.30463314593388, 1.07646709401236, 1.07007603815426, 
1.5948451153862, 1.24605653169522), pivot = 1:7, tol = 1e-07, 
    rank = 7L), .Names = c("qr", "qraux", "pivot", "tol", "rank"
), class = "qr"), df.residual = 20L, xlevels = structure(list(), .Names = character(0)), 
    call = quote(lm(formula = y ~ . + 0, data = structure(list(y = c(43, 
        63, 71, 61, 81, 43, 58, 71, 67, 64, 69, 68, 81, 74, 65, 
        65, 50, 50, 64, 53, 40, 63, 66, 78, 48, 85, 82), x1 = c(1, 
        1, 1, 1, 1, 1, 1, 1, 1, 1, 1, 1, 1, 1, 1, 1, 1, 1, 1, 
        1, 1, 1, 1, 1, 1, 1, 1), x2 = c(51, 64, 70, 63, 78, 55, 
        67, 75, 61, 53, 62, 83, 90, 85, 60, 70, 58, 40, 61, 66, 
        37, 54, 77, 75, 57, 85, 82), x3 = c(52, 72, 68, 42, 44, 
        57, 58, 57, 53, 42, 66, 53, 65, 57, 50, 42, 42, 53, 45, 
        45, 65, 56, 50, 52, 45, 42, 50), x4 = c(39, 54, 69, 47, 
        66, 44, 56, 55, 47, 58, 42, 45, 72, 69, 75, 57, 54, 34, 
        62, 50, 58, 48, 63, 74, 45, 71, 59), x5 = c(61, 63, 76, 
        54, 71, 54, 66, 70, 62, 58, 55, 59, 60, 79, 55, 75, 64, 
        43, 66, 63, 50, 66, 88, 80, 51, 77, 64), x6 = c(92, 73, 
        86, 84, 83, 49, 68, 66, 80, 67, 63, 77, 54, 79, 80, 85, 
        78, 64, 80, 80, 57, 75, 76, 78, 83, 74, 78), x7 = c(45, 
        47, 48, 35, 47, 34, 35, 41, 41, 34, 25, 35, 36, 63, 60, 
        46, 52, 33, 41, 37, 49, 33, 72, 49, 38, 55, 39)), .Names = c("y", 
        "x1", "x2", "x3", "x4", "x5", "x6", "x7"),