
expected <- structure(list(coefficients = structure(c(18.6303538842616, 0.616918643724908, 
-0.168990837376589, 0.238077642340894, 0.0692522837979909, 0.0540265177934124, 
-0.176376178636297), .Names = c("x1", "x2", "x3", "x4", "x5", 
"x6", "x7")), residuals = structure(c(-7.83466510772258, 3.16690621550433, 
-3.61568866956768, -4.7208370751229, 4.5230499499087, -12.821840493519, 
0.94999600982055, -5.94894102847444, 10.1619694173746, 10.0045992478259, 
4.89498509593694, -2.62250612693519, 1.33315744584757, -2.56810675703525, 
-4.34954347471149, 4.76569159459393, -3.60841376962636, -5.92706757648296, 
5.08074424987424, -1.0799661247221, -0.997199617686105, 5.95159207039075, 
-1.14173544165691, 1.97577164654379, -6.33060620268499, 5.17192896807938, 
5.58672555424725), .Names = c("1", "2", "3", "4", "5", "6", "8", 
"9", "10", "12", "13", "14", "15", "16", "17", "18", "19", "20", 
"21", "22", "24", "25", "26", "27", "28", "29", "30")), effects = structure(c(-339.4819582835, 
54.8283956586102, -12.6986316394363, 8.09598973460045, -0.228738356585608, 
2.10355690466753, -6.29752009643061, -8.50915643440228, 10.316064635109, 
13.6590099092489, 8.14837485437598, -0.610150228788609, 2.45685800738404, 
-0.26098081766462, 1.04163965975218, 0.821042283893059, -1.57216695911586, 
-4.87056979207787, 6.53419951467791, -2.0330989709227, -2.4350966522982, 
6.49593178637052, 6.63611694237274, 3.45661395468692, -8.59333736898592, 
9.45344226091094, 6.82158709271158), .Names = c("x1", "x2", "x3", 
"x4", "x5", "x6", "x7", "", "", "", "", "", "", "", "", "", "", 
"", "", "", "", "", "", "", "", "", "")), rank = 7L, fitted.values = structure(c(50.8346651077226, 
59.8330937844957, 74.6156886695677, 65.7208370751229, 76.4769500500913, 
55.821840493519, 70.0500039901794, 77.9489410284744, 56.8380305826254, 
56.9954007521741, 64.1050149040631, 70.6225061269352, 75.6668425541524, 
83.5681067570353, 78.3495434747115, 60.2343084054061, 68.6084137696264, 
55.927067576483, 44.9192557501258, 65.0799661247221, 40.9971996176861, 
57.0484079296092, 67.1417354416569, 76.0242283534562, 54.330606202685, 
79.8280710319206, 76.4132744457527), .Names = c("1", "2", "3", 
"4", "5", "6", "8", "9", "10", "12", "13", "14", "15", "16", 
"17", "18", "19", "20", "21", "22", "24", "25", "26", "27", "28", 
"29", "30")), assign = 1:7, qr = structure(list(qr = structure(c(-5.19615242270663, 
0.192450089729875, 0.192450089729875, 0.192450089729875, 0.192450089729875, 
0.192450089729875, 0.192450089729875, 0.192450089729875, 0.192450089729875, 
0.192450089729875, 0.192450089729875, 0.192450089729875, 0.192450089729875, 
0.192450089729875, 0.192450089729875, 0.192450089729875, 0.192450089729875, 
0.192450089729875, 0.192450089729875, 0.192450089729875, 0.192450089729875, 
0.192450089729875, 0.192450089729875, 0.192450089729875, 0.192450089729875, 
0.192450089729875, 0.192450089729875, -348.719562590534, 70.3467601717852, 
-0.0780287364412797, 0.0214783337195374, -0.191751102339356, 
0.135200699617614, -0.149105215127578, -0.248612285288395, 0.0499089251940565, 
0.0641242209313161, 0.035693629456797, -0.262827581025654, -0.177535806602097, 
-0.362334651186471, -0.291258172500173, 0.0641242209313161, -0.0780287364412797, 
0.0925548124058353, 0.348430135676508, 0.0499089251940565, 0.391076022888286, 
0.149415995354874, -0.177535806602097, -0.149105215127578, 0.106770108143095, 
-0.291258172500173, -0.248612285288395, -276.550778941831, -6.53429760722697, 
63.5292816065698, 0.38389648775405, 0.133225038961453, 0.180735385119655, 
-0.0433078023390198, -0.261028758912895, -0.253237581789789, 
0.0499559165514995, 0.340792980310767, -0.343851435391274, -0.0515454253937003, 
-0.0421268832882923, 0.0414302663092401, -0.138933359330994, 
0.0402493472585126, -0.130695736276314, 0.289739877000382, 0.156022515955614, 
-0.170126878123831, 0.0431872397351253, -0.27191624725661, 0.0983591545728504, 
-0.189540016709805, 0.0414302663092401, -0.0249171640597781, 
-293.87128701752, 38.6703428372584, 1.2805149575373, 49.5341451219165, 
-0.0784358537131784, 0.121920227013618, 0.0818267316120683, -0.119616458149936, 
0.0557174573798607, 0.256075702738515, 0.265151028344309, 0.321858520022957, 
-0.240846794529994, -0.0971001667461047, -0.0775059705136402, 
-0.501716031728296, 0.00048045561686659, -0.0982901278041008, 
0.177625659335833, -0.179893234709972, -0.415225562574006, 0.00764055869477222, 
-0.0953443346857456, -0.278481812032352, 0.0628005710138254, 
-0.117882159404707, 0.0806637154488487, -337.172557206741, 36.836569687152, 
0.115974486812263, 16.9789017006526, 37.9399162796684, 0.0876476848325298, 
-0.0626112553896602, 0.103232813791274, -0.0687481379926006, 
-0.0817327888092824, 0.0952512326685041, 0.135426932788629, -0.0650822315723341, 
0.528959417947298, -0.0412146400442393, 0.479833530292852, -0.198778015966771, 
-0.0441320906879228, 0.147519807289562, 0.0465782906297282, 0.224716775015763, 
-0.192420747340594, -0.433168698480262, -0.0702625502231197, 
0.170680350569844, 0.0375014063869915, 0.198585159068184, -390.288781972187, 
8.70923785502774, 2.88437206869438, 1.85428935585847, 19.39109645033, 
47.3185294557988, 0.315343970818252, -0.0970729065563221, -0.0504900954328114, 
0.108737542317946, 0.310510081086948, 0.0444891900661051, 0.0716219940725013, 
0.423179249422404, 0.0698446506618711, -0.262224984219276, -0.0608061077036725, 
-0.0297575869208968, 0.174527737313497, -0.0759390708472377, 
0.218458984917193, 0.0844128343210739, 0.208749764810377, 0.0517218992382589, 
-0.204573047411424, 0.147034557966501, 0.0048159843862683, -227.476006060713, 
10.7846710326676, 13.7858253912044, 28.1953680246245, 22.1333609427762, 
2.56779839792432, 35.7050489761241, 0.519837028983971, 0.124887359472046, 
-0.111357650303487, 0.156166409371918, 0.0418774224245198, 0.217413920624204, 
0.05453900620042, -0.399193124681296, -0.275137939759713, 0.0682383686420328, 
-0.109988664497217, -0.0713814919209422, 0.164725986181003, 0.00103415388456028, 
0.360653063077778, -0.38583331075338, 0.130173099113424, 0.0559617095972165, 
-0.193544160782417, 0.0210597536914938), .Dim = c(27L, 7L), .Dimnames = list(
    c("1", "2", "3", "4", "5", "6", "8", "9", "10", "12", "13", 
    "14", "15", "16", "17", "18", "19", "20", "21", "22", "24", 
    "25", "26", "27", "28", "29", "30"), c("x1", "x2", "x3", 
    "x4", "x5", "x6", "x7")), assign = 1:7), qraux = c(1.19245008972988, 
1.00726303798228, 1.35506480706267, 1.18222767943955, 1.08652613740529, 
1.56134837131708, 1.06654673126933), pivot = 1:7, tol = 1e-07, 
    rank = 7L), .Names = c("qr", "qraux", "pivot", "tol", "rank"
), class = "qr"), df.residual = 20L, xlevels = structure(list(), .Names = character(0)), 
    call = quote(lm(formula = y ~ . + 0, data = structure(list(y = c(43, 
        63, 71, 61, 81, 43, 71, 72, 67, 67, 69, 68, 77, 81, 74, 
        65, 65, 50, 50, 64, 40, 63, 66, 78, 48, 85, 82), x1 = c(1, 
        1, 1, 1, 1, 1, 1, 1, 1, 1, 1, 1, 1, 1, 1, 1, 1, 1, 1, 
        1, 1, 1, 1, 1, 1, 1, 1), x2 = c(51, 64, 70, 63, 78, 55, 
        75, 82, 61, 60, 62, 83, 77, 90, 85, 60, 70, 58, 40, 61, 
        37, 54, 77, 75, 57, 85, 82), x3 = c(58, 66, 30, 30, 42, 
        45, 54, 66, 71, 52, 33, 71, 54, 50, 46, 64, 50, 64, 42, 
        45, 72, 54, 68, 45, 68, 46, 51), x4 = c(39, 54, 69, 47, 
        66, 44, 55, 67, 47, 39, 42, 45, 72, 72, 69, 75, 57, 54, 
        34, 62, 58, 48, 63, 74, 45, 71, 59), x5 = c(61, 63, 76, 
        54, 71, 54, 70, 71, 62, 59, 55, 59, 79, 60, 79, 55, 75, 
        64, 43, 66, 50, 66, 88, 80, 51, 77, 64), x6 = c(92, 73, 
        86, 84, 83, 49, 66, 83, 80, 74, 63, 77, 77, 54, 79, 80, 
        85, 78, 64, 80, 57, 75, 76, 78, 83, 74, 78), x7 = c(45, 
        47, 48, 35, 47, 34, 41, 31, 41, 41, 25, 35, 46, 36, 63, 
        60, 46, 52, 33, 41, 49, 33, 72, 49, 38, 55, 39)), .Names = c("y", 
        "x1", "x2", "x3", "x4", "x5", "x6", "x7"),