
expected <- structure(list(coefficients = structure(c(-1.12465023129049, 
0.365661972078841, -0.276145867387142, 0.0632395468311004, 0.504583526029812, 
0.391126645450687, -0.242414595969475), .Names = c("x1", "x2", 
"x3", "x4", "x5", "x6", "x7")), residuals = structure(c(-8.66531754480481, 
4.58046659629566, 8.34378023772817, -1.61642140501771, 6.87062960826833, 
-24.6194666525714, 3.00359611048811, 11.0450041090289, 9.40056764808416, 
6.70866662385545, 0.943764918439923, 6.74981242008584, 11.54640394079, 
5.40565206825856, -1.53447018268535, 7.14820193083672, 5.72993573455052, 
-16.6308114980383, -11.9800554136549, -10.5342873549036, -22.5028823415437, 
-11.8195810855037, -3.50355927716582, -4.52873246742208, -6.07562217861757, 
19.0828839862927, 25.0255690276588), .Names = c("1", "2", "3", 
"4", "5", "6", "8", "9", "10", "12", "13", "14", "15", "16", 
"17", "18", "19", "20", "21", "22", "24", "25", "26", "27", "28", 
"29", "30")), effects = structure(c(-215.334047321345, -259.769023815988, 
2.78419300059004, -21.7764578789397, -33.7602745467803, -12.9227557410971, 
-9.79804554772426, 8.03295959715999, 15.4880811510685, 11.4380712433515, 
2.54417931646185, 9.04733745468926, 11.1230385345306, 2.12278164816743, 
-3.87126602614235, 8.8155608575643, -5.61717555078221, -16.3603621294878, 
-11.636329503766, -18.402271162741, -14.5321879018695, -15.5065709837696, 
-3.55781313821879, -13.1826222457496, -6.90281665705972, 21.3414432073803, 
30.9780659134715), .Names = c("x1", "x2", "x3", "x4", "x5", "x6", 
"x7", "", "", "", "", "", "", "", "", "", "", "", "", "", "", 
"", "", "", "", "", "")), rank = 7L, fitted.values = structure(c(51.6653175448048, 
58.4195334037043, 62.6562197622718, 62.6164214050177, 74.1293703917317, 
67.6194666525714, 67.9964038895119, 60.9549958909711, 57.5994323519158, 
60.2913333761446, 68.0562350815601, 61.2501875799142, 65.45359605921, 
75.5943479317414, 75.5344701826853, 57.8517980691633, 59.2700642654495, 
66.6308114980383, 61.9800554136549, 74.5342873549036, 62.5028823415437, 
74.8195810855037, 69.5035592771658, 82.5287324674221, 54.0756221786176, 
65.9171160137073, 56.9744309723412), .Names = c("1", "2", "3", 
"4", "5", "6", "8", "9", "10", "12", "13", "14", "15", "16", 
"17", "18", "19", "20", "21", "22", "24", "25", "26", "27", "28", 
"29", "30")), assign = 1:7, qr = structure(list(qr = structure(c(-7.08865491703719, 
0.208582220899648, -0.0114021715642017, 0.271689104627324, 0.0225490121963999, 
-0.00690270107478164, 0.0530590799982575, -0.2936234503476, 0.306809751551016, 
0.163684936850509, 0.373101935549509, 0.0409948515479313, -0.0866146456915824, 
0.268740377823299, 0.162372891506818, 0.123816477495047, 0.203072566051779, 
0.153505128249971, 0.287009455536981, 0.00543807545726827, 0.177654933974745, 
-0.138859567022383, 0.153206579949829, 0.248734050835733, 0.0740711203972315, 
0.159489650894996, 0.19950852847935, -217.316889244624, -278.390678092927, 
0.303873407783308, -0.0138141417369803, 0.233007349236417, 0.257089394060909, 
0.15058672144008, 0.423285492297748, -0.0676760741515817, 0.085274811415447, 
-0.0644086061562694, 0.243069095505898, 0.340228541598873, 0.049662233075576, 
0.143820832014922, 0.150203078526264, 0.103357417869986, 0.115151072019651, 
-0.0119729723816068, 0.30087971584216, 0.0810359879840681, 0.40809263205643, 
0.0794744456734158, 0.0732051333319833, 0.18010258502961, 0.121033876961, 
0.0452063931381179, -160.287926153005, -216.913608309829, 51.4029888195117, 
0.267240444085327, -0.312892766201603, 0.053939176458443, 0.185555824677089, 
-0.223775586200829, -0.244582380262067, -0.105856181137814, 0.180503890224043, 
0.0678372157011274, 0.0836202536084554, 0.253539212840297, 0.429535960054993, 
0.0468965273121337, 0.111125359712248, 0.179107821645284, -0.156731744886611, 
-0.319493533344385, 0.159382808349497, -0.0870770901737944, -0.0315984469619899, 
0.184832163005109, 0.0159327795144131, 0.264278948233449, -0.109241240747396, 
-218.478380558093, -220.003623646722, 19.3329930311551, -69.8558386355924, 
-0.341881951275672, 0.213038446567994, 0.35548197124126, 0.454315510522391, 
0.0617272643145272, 0.147215397429831, 0.0526886912588911, 0.0362681928799427, 
-0.24400638221053, 0.123757199844001, -0.0298582871499716, -0.196580180933096, 
-0.0161714546314957, 0.181740289264527, 0.0395755963272556, -0.097838874228906, 
-0.151763917212107, -0.373260475207545, -0.152111401465307, 0.0808415160883329, 
-0.159828773671527, -0.033780182804521, -0.0831784134213257, 
-207.036972371777, -251.259739315666, 19.4116413558441, -10.8159793409963, 
-59.3838213734941, -0.237148589894655, 0.263842030750402, -0.0852828535070673, 
0.0410100850327036, -0.197523187645757, 0.130824731418202, -0.468821591814635, 
-0.0599301032182496, 0.130397903635768, 0.249549764788589, 0.0448253002518474, 
-0.0222774781333893, 0.0482163076193057, 0.00533334136685057, 
-0.183501930708845, 0.0816681095535633, 0.0619611388007146, 0.466294510952329, 
0.371105091992892, -0.144492160791611, -0.00459942199883423, 
-0.0302530991752745, -258.662272994703, -299.899838743805, 19.1468347814902, 
-37.7873726533866, -16.0517102958624, -51.1054892652004, -0.0536531728334708, 
-0.0136079644718672, 0.113382235300791, 0.107158979198613, 0.00445156972562878, 
0.0513773428315164, 0.119643977986217, -0.149699335324925, 0.0485104321355708, 
0.135739526911715, -0.556395028468163, 0.0510374745160968, -0.127437840422427, 
-0.4250156302524, 0.413628555451758, -0.00819333605022454, 0.0847361519143648, 
-0.345089532415267, -0.0389333394180751, 0.149608620232087, 0.198702209133819, 
-129.319752827428, -165.507099279667, 6.30046832809701, -11.8739013549489, 
-10.2389669352306, -29.1482565687033, 40.4185462040331, -0.200783287122817, 
0.118407292464197, 0.181798439160572, 0.180962723279505, 0.242154876834884, 
0.0502412422255538, 0.254632009002217, 0.00399543331278313, -0.708365401083913, 
-0.211509975177725, -0.18251403095588, 0.12409493885601, 0.16981277187534, 
0.0377175705619459, 0.102729561054376, 0.128807785706321, 0.181756281047113, 
-0.0649418860164205, 0.207699360667118, 0.0478501941880446), .Dim = c(27L, 
7L), .Dimnames = list(c("1", "2", "3", "4", "5", "6", "8", "9", 
"10", "12", "13", "14", "15", "16", "17", "18", "19", "20", "21", 
"22", "24", "25", "26", "27", "28", "29", "30"), c("x1", "x2", 
"x3", "x4", "x5", "x6", "x7")), assign = 1:7), qraux = c(1.23582882560091, 
1.01264250610772, 1.23629063101611, 1.30155161805542, 1.28353799573386, 
1.20633059533604, 1.13614998184934), pivot = 1:7, tol = 1e-07, 
    rank = 7L), .Names = c("qr", "qraux", "pivot", "tol", "rank"
), class = "qr"), df.residual = 20L, xlevels = structure(list(), .Names = character(0)), 
    call = quote(lm(formula = y ~ . + 0, data = structure(list(y = c(43, 
        63, 71, 61, 81, 43, 71, 72, 67, 67, 69, 68, 77, 81, 74, 
        65, 65, 50, 50, 64, 40, 63, 66, 78, 48, 85, 82), x1 = c(1.67170916417502, 
        1.47856738578683, -0.08082605952348, 1.92591030742191, 
        0.159842166180342, -0.0489308659145888, 0.376117508323118, 
        -2.08139531506394, 2.17486845392707, 1.16030603245028, 
        2.64479086998912, 0.290598355998453, -0.61398133406907, 
        1.90500780066356, 1.15100539577335, 0.877692282005491, 
        1.4395113438583, 1.08814488215958, 2.03451098822839, 
        0.038548640329384, 1.25933452125599, -0.98432755255087, 
        1.08602857628381, 1.7631898524913, 0.525064611814289, 
        1.13056709803336, 1.414247111396), x2 = c(64, 51, 82, 
        58, 70, 70, 54, 51, 51, 61, 67, 77, 75, 75, 77, 70, 75, 
        67, 62, 85, 63, 82, 57, 77, 67, 70, 58), x3 = c(66, 42, 
        52, 33, 71, 52, 33, 50, 54, 54, 45, 57, 54, 47, 39, 53, 
        54, 44, 58, 83, 42, 68, 47, 52, 52, 42, 52), x4 = c(66, 
        62, 48, 72, 45, 71, 66, 69, 67, 71, 69, 66, 39, 74, 55, 
        48, 66, 69, 71, 74, 44, 39, 44, 74, 47, 54, 54), x5 = c(50, 
        59, 54, 55, 88, 54, 66, 61, 58, 51, 63, 43, 61, 70, 71, 
        63, 64, 62, 63, 79, 55, 79, 79, 88, 51, 55, 54),