
expected <- structure(list(coefficients = structure(c(-1.97650434402501, 
0.62745587879351, 0.0770689373298045, 0.3393207517513, -0.0186044460284524, 
0.105975481683259, -0.134498698921645), .Names = c("x1", "x2", 
"x3", "x4", "x5", "x6", "x7")), residuals = structure(c(-6.82727118954486, 
0.704352805156094, -0.843242759146094, 1.07196736627117, 7.09513247766091, 
-8.47181424808148, -6.80598485266786, 2.68411874707535, -6.98305990934056, 
8.85885050172087, 8.35550015874955, 11.7790157612515, -3.81141641479921, 
0.795474858756051, -2.69955588793147, -3.59220043672805, -0.949227729744064, 
-6.05762326996833, 9.71272737016988, 1.46000850820362, -9.19922999852027, 
-4.44939160671014, -2.30129158496289, 3.61269742190825, -7.26220442909174, 
7.30187104470265, 6.8217972956111), .Names = c("1", "2", "3", 
"4", "5", "6", "7", "8", "9", "10", "11", "12", "14", "15", "16", 
"17", "19", "20", "21", "22", "23", "24", "26", "27", "28", "29", 
"30")), effects = structure(c(-335.248056309443, 55.507881731414, 
-2.41081542114094, 11.7180589812862, -2.2426997434266, 4.66987434505415, 
-4.29710336642827, 6.61134466725954, -5.75929004962888, 10.2952906336277, 
9.69116567346253, 13.830214701746, -3.71416858337146, 3.27445876513303, 
-4.58893975557641, -3.20403467277952, 2.39954010823629, -5.49378051106811, 
10.1794531451465, 2.24191536095, -7.5597715921376, -6.12723359016528, 
2.63436987837253, 6.12219220032565, -9.35474465944963, 8.4719003523234, 
6.18835012306463), .Names = c("x1", "x2", "x3", "x4", "x5", "x6", 
"x7", "", "", "", "", "", "", "", "", "", "", "", "", "", "", 
"", "", "", "", "", "")), rank = 7L, fitted.values = structure(c(49.8272711895449, 
62.2956471948439, 71.8432427591461, 59.9280326337288, 73.9048675223391, 
51.4718142480815, 64.8059848526679, 68.3158812529246, 78.9830599093406, 
58.1411494982791, 55.6444998412505, 55.2209842387485, 71.8114164147992, 
76.2045251412439, 83.6995558879315, 77.592200436728, 65.9492277297441, 
56.0576232699683, 40.2872726298301, 62.5399914917964, 62.1992299985203, 
44.4493916067101, 68.3012915849629, 74.3873025780917, 55.2622044290917, 
77.6981289552973, 75.1782027043889), .Names = c("1", "2", "3", 
"4", "5", "6", "7", "8", "9", "10", "11", "12", "14", "15", "16", 
"17", "19", "20", "21", "22", "23", "24", "26", "27", "28", "29", 
"30")), assign = 1:7, qr = structure(list(qr = structure(c(-5.19615242270663, 
0.192450089729875, 0.192450089729875, 0.192450089729875, 0.192450089729875, 
0.192450089729875, 0.192450089729875, 0.192450089729875, 0.192450089729875, 
0.192450089729875, 0.192450089729875, 0.192450089729875, 0.192450089729875, 
0.192450089729875, 0.192450089729875, 0.192450089729875, 0.192450089729875, 
0.192450089729875, 0.192450089729875, 0.192450089729875, 0.192450089729875, 
0.192450089729875, 0.192450089729875, 0.192450089729875, 0.192450089729875, 
0.192450089729875, 0.192450089729875, -350.644063487833, 69.9767157041593, 
-0.0740027970375246, 0.0260304773103873, -0.188326539149424, 
0.140354219422287, -0.0311313937455624, -0.145455135857462, -0.245488410205373, 
0.0546114128383621, 0.168935154950261, 0.0689018806023495, -0.259778877969361, 
-0.174036071385436, -0.359812152317273, -0.288359813497336, -0.0740027970375246, 
0.0974828161303243, 0.354711235882098, 0.0546114128383621, -0.0168409259815749, 
0.39758263917406, -0.174036071385436, -0.145455135857462, 0.111773283894312, 
-0.288359813497336, -0.245488410205373, -274.433827954802, -1.46609613726833, 
-46.860693936287, -0.239390816573939, -0.102746625459779, 0.0305924766230488, 
0.127103921812631, 0.155878474989723, -0.0563495796168666, -0.0171811085452575, 
-0.302033815757276, 0.253972591740912, 0.120633489658084, 0.317785998013431, 
0.420561743121346, 0.21852147417306, -0.195540717145603, -0.270712316165607, 
-0.148731406830266, -0.187899877901875, -0.156578378310206, 0.088553847449659, 
0.0190281516393506, 0.0491792441418374, -0.212957077575209, -0.101576218370597, 
0.0503496512310192, -293.67883692779, 37.9020254461815, -4.01531838068198, 
43.7955982505035, -0.149877687933902, 0.110720728622071, 0.00908245738401215, 
0.136921470993573, -0.111296179773868, 0.101665571585759, -0.325803040688144, 
0.347701449438457, 0.452436551298711, -0.181919218063786, 0.00431102632445862, 
-0.044061589479297, -0.0672072899468707, -0.165127777013423, 
0.107263142202153, -0.288365368365588, 0.0549766545172472, -0.411046116210386, 
-0.0595979552178919, -0.32661881114828, 0.0443279876951221, -0.178848466349076, 
0.101077308456829, -339.28950819377, 36.8715239374229, 0.778078953509299, 
21.0402571233106, 33.6574289791832, 0.0711447058363797, 0.0079230851858388, 
-0.08135728532692, 0.168677938416913, -0.0704143982861376, 0.220140118163706, 
-0.152314333422593, 0.110674488711717, -0.028178414999822, 0.611514733742101, 
-0.028647884633724, -0.203710299606572, -0.0034114781507726, 
0.128009667831307, 0.100484187786775, -0.0050052049581942, 0.33581328534193, 
-0.446548257183893, -0.0177069276792613, 0.205300717840297, 0.0863610491106452, 
0.221233825570065, -389.711431702997, 9.93187509597131, 19.8767631899001, 
-3.91881049436187, 22.5146050056596, 40.694073621586, 0.219694888207684, 
0.366021789951441, -0.12280655930493, -0.0210955721775174, 0.11565020467981, 
0.141582869029744, 0.122394679279716, -0.0154168872288061, 0.352491756400713, 
0.0256476290318242, -0.0321799470622982, -0.00917125093003519, 
0.210861272392126, -0.130488717638095, -0.000795157151645178, 
0.124027814786754, 0.281517132678793, -0.0208447187518904, -0.200103303973115, 
0.14651657475563, -0.00628121038206869, -225.166604983954, 11.2561251087674, 
-3.50334607576338, 17.3678719672423, 29.7587862559308, -2.65653344022841, 
31.9490329711787, 0.103158503696652, 0.384551711270837, 0.0527262093565954, 
0.252041717392547, -0.0171009763558592, -0.0709574017425972, 
0.176337277682235, -0.138423209313519, -0.444777595361609, 0.132969914987689, 
-0.210139285486367, 0.0279741140641465, 0.162263807446501, 0.149036998638499, 
-0.244640052333413, -0.42794445417443, 0.125595889727272, -0.088834798416089, 
-0.252923707961845, -0.0489862714014463), .Dim = c(27L, 7L), .Dimnames = list(
    c("1", "2", "3", "4", "5", "6", "7", "8", "9", "10", "11", 
    "12", "14", "15", "16", "17", "19", "20", "21", "22", "23", 
    "24", "26", "27", "28", "29", "30"), c("x1", "x2", "x3", 
    "x4", "x5", "x6", "x7")), assign = 1:7), qraux = c(1.19245008972988, 
1.0117400095464, 1.3592952832634, 1.06404752136434, 1.12772024346729, 
1.63989171819268, 1.27852835115583), pivot = 1:7, tol = 1e-07, 
    rank = 7L), .Names = c("qr", "qraux", "pivot", "tol", "rank"
), class = "qr"), df.residual = 20L, xlevels = structure(list(), .Names = character(0)), 
    call = quote(lm(formula = y ~ . + 0, data = structure(list(y = c(43, 
        63, 71, 61, 81, 43, 58, 71, 72, 67, 64, 67, 68, 77, 81, 
        74, 65, 50, 50, 64, 53, 40, 66, 78, 48, 85, 82), x1 = c(1, 
        1, 1, 1, 1, 1, 1, 1, 1, 1, 1, 1, 1, 1, 1, 1, 1, 1, 1, 
        1, 1, 1, 1, 1, 1, 1, 1), x2 = c(51, 64, 70, 63, 78, 55, 
        67, 75, 82, 61, 53, 60, 83, 77, 90, 85, 70, 58, 40, 61, 
        66, 37, 77, 75, 57, 85, 82), x3 = c(52, 72, 68, 42, 44, 
        57, 58, 57, 45, 53, 42, 66, 53, 64, 65, 57, 42, 42, 53, 
        45, 45, 65, 50, 52, 45, 42, 50), x4 = c(39, 54, 69, 47, 
        66, 44, 56, 55, 67, 47, 58, 39, 45, 72, 72, 69, 57, 54, 
        34, 62, 50, 58, 63, 74, 45, 71, 59), x5 = c(61, 63, 76, 
        54, 71, 54, 66, 70, 71, 62, 58, 59, 59, 79, 60, 79, 75, 
        64, 43, 66, 63, 50, 88, 80, 51, 77, 64), x6 = c(92, 73, 
        86, 84, 83, 49, 68, 66, 83, 80, 67, 74, 77, 77, 54, 79, 
        85, 78, 64, 80, 80, 57, 76, 78, 83, 74, 78), x7 = c(45, 
        47, 48, 35, 47, 34, 35, 41, 31, 41, 34, 41, 35, 46, 36, 
        63, 46, 52, 33, 41, 37, 49, 72, 49, 38, 55, 39)), .Names = c("y", 
        "x1", "x2", "x3", "x4", "x5", "x6", "x7"),