
expected <- structure(list(coefficients = structure(c(5.82512433073348, 0.706605726284151, 
0.0222445084145838, 0.166587752847859, 0.140567074310767, -0.0446975526166444, 
-0.109860601375111), .Names = c("x1", "x2", "x3", "x4", "x5", 
"x6", "x7")), residuals = structure(c(-8.87671867203206, 2.5586587981546, 
5.13760012244903, -2.16092496234368, 7.87834198560959, -11.9400505546421, 
-8.15693928880988, -0.480477702081875, 6.60717632769688, 10.2932950084286, 
3.60116171141048, -7.6557062378462, -0.592978738663909, -1.79235831447278, 
6.77409856205681, -2.32933765481268, -6.44740305008397, 9.9542532608729, 
1.22331894307314, -9.66252030826286, 0.00255855763397883, 3.29010502003678, 
-7.25985648086531, 4.01892239002438, -8.69317084615247, 8.0641039483147, 
6.64484817530788), .Names = c("1", "2", "3", "4", "5", "6", "7", 
"8", "10", "11", "13", "14", "16", "17", "18", "19", "20", "21", 
"22", "23", "24", "25", "26", "27", "28", "29", "30")), effects = structure(c(-331.591504604575, 
-52.8406667457116, 1.16535851229253, -9.02314366002278, -1.53591495258792, 
-2.85500443620719, -4.10224605322368, 2.32218715508366, 8.21911494070586, 
13.8661045089261, 9.66483926196559, -5.11621255163079, 5.12594640545722, 
-3.88634823061102, 6.30687651947285, -2.59427036349897, -6.75293759830037, 
14.6893879888204, 2.68439125357576, -7.89807567035239, 3.1981330364298, 
6.42545686964836, -10.5626515190022, 4.04808464864831, -6.34757965402503, 
7.5357586121863, 9.14450338818406), .Names = c("x1", "x2", "x3", 
"x4", "x5", "x6", "x7", "", "", "", "", "", "", "", "", "", "", 
"", "", "", "", "", "", "", "", "", "")), rank = 7L, fitted.values = structure(c(51.8767186720321, 
60.4413412018454, 65.862399877551, 63.1609249623437, 73.1216580143904, 
54.9400505546421, 66.1569392888099, 71.4804777020819, 60.3928236723031, 
53.7067049915714, 65.3988382885895, 75.6557062378462, 81.5929787386639, 
75.7923583144728, 58.2259014379432, 67.3293376548127, 56.447403050084, 
40.0457467391271, 62.7766810569269, 62.6625203082629, 39.997441442366, 
59.7098949799632, 73.2598564808653, 73.9810776099756, 56.6931708461525, 
76.9358960516853, 75.3551518246921), .Names = c("1", "2", "3", 
"4", "5", "6", "7", "8", "10", "11", "13", "14", "16", "17", 
"18", "19", "20", "21", "22", "23", "24", "25", "26", "27", "28", 
"29", "30")), assign = 1:7, qr = structure(list(qr = structure(c(-5.19615242270663, 
0.192450089729875, 0.192450089729875, 0.192450089729875, 0.192450089729875, 
0.192450089729875, 0.192450089729875, 0.192450089729875, 0.192450089729875, 
0.192450089729875, 0.192450089729875, 0.192450089729875, 0.192450089729875, 
0.192450089729875, 0.192450089729875, 0.192450089729875, 0.192450089729875, 
0.192450089729875, 0.192450089729875, 0.192450089729875, 0.192450089729875, 
0.192450089729875, 0.192450089729875, 0.192450089729875, 0.192450089729875, 
0.192450089729875, 0.192450089729875, -342.368709629448, -68.8379740162845, 
0.0946285258367066, -0.00705953369775985, 0.210843451018954, 
-0.123274458880007, 0.0510479288933639, 0.167262854075611, -0.0361132649933217, 
-0.152328190175569, -0.0215863993455408, 0.283477779257859, 0.385165838792325, 
0.312531510553421, -0.0506401306411026, 0.0946285258367066, -0.0796938619366645, 
-0.341177443596721, -0.0361132649933217, 0.0365210632455829, 
-0.384758040540064, -0.137801324527788, 0.196316585371173, 0.167262854075611, 
-0.0942207275844454, 0.312531510553421, 0.268950913610078, -273.471577506153, 
-33.2358545059397, -53.2510494878393, -0.070052322797673, -0.00669154004805236, 
0.0814411228608679, -0.164578018240964, -0.0907237925312555, 
-0.0509579339970586, 0.175651402117566, 0.164842542970884, 0.452604748528973, 
-0.233931708535864, 0.0767098800619636, 0.334168712683665, -0.118103710985803, 
0.409600019326341, -0.0758145229588567, 0.080494874301087, 0.032758902299551, 
0.121837813768252, -0.0404644910369705, 0.190645380492463, 0.0595079883809109, 
-0.0315481290098505, 0.208162688360109, -0.364122852087635, -291.369435851031, 
-3.57683714172027, 6.68791510248538, -51.5977701019667, 0.0699968279170554, 
-0.216390721201764, -0.00949345449173212, -0.0347562340389315, 
0.0299295964821936, -0.156047960233136, 0.379385299550068, 0.0253913420748953, 
-0.0669913215276443, -0.128835133788038, 0.26578871083463, -0.0309582251821556, 
-0.0276876820041872, -0.496193724922156, 0.258504503256186, -0.172155313383954, 
-0.177591469501699, 0.331118632314869, 0.198045206509074, 0.276308271557216, 
0.0865326164832884, -0.0746863695045892, -0.0566291484595159, 
-332.938655232684, -34.7369639562104, -5.90088014670624, -5.8542835056021, 
-39.6497435689947, -0.171663820851021, 0.0653713489161013, 0.043788413202588, 
0.00768082363243744, -0.0704478975510385, -0.226167661747219, 
-0.489743108915533, -0.354321810462195, 0.0922482717756333, -0.257224702003763, 
0.240266716728808, -0.0432514491327844, -0.231394093347996, 0.0820637836034027, 
-0.0646331428316956, -0.0587650025567793, 0.208499292843065, 
0.402515184364661, 0.268369180751006, -0.222752686412083, 0.0060013581311286, 
-0.115183939386385, -386.632230267319, -8.06563862688463, -1.53998245972937, 
-15.0904773555933, -16.4585730847494, 46.8666759145241, 0.198740304888154, 
0.244126806819732, -0.0553870838345701, 0.145872471694774, 0.376728784524632, 
-0.0967597023750543, 0.312509068699214, -0.00912995633656173, 
-0.0169474392626132, -0.0864813328096382, 0.0155974529504128, 
-0.0441174408299009, 0.0845032190325264, -0.143255678566177, 
0.328443893313377, 0.2445724460009, 0.320287506050983, 0.226322208078204, 
-0.197636471677002, 0.102859761250195, -0.124472837164499, -225.166604983954, 
-15.0934134080444, -18.1722398077161, 2.54117476442825, -30.0551382415368, 
6.91948445607858, 37.3404660258219, 0.10043644327786, 0.0422556929063307, 
0.201698435252789, 0.213614454565245, 0.189376094315824, -0.0471969449168017, 
-0.229935008549124, -0.57780461277133, 0.149456732583793, -0.11987539368418, 
0.0126071645740163, 0.0790261011568238, 0.225442988997115, -0.364484091683969, 
0.241176246079039, -0.373324330528074, 0.0691873592461946, -0.061905554659331, 
-0.0645016534761154, 0.0462456911326162), .Dim = c(27L, 7L), .Dimnames = list(
    c("1", "2", "3", "4", "5", "6", "7", "8", "10", "11", "13", 
    "14", "16", "17", "18", "19", "20", "21", "22", "23", "24", 
    "25", "26", "27", "28", "29", "30"), c("x1", "x2", "x3", 
    "x4", "x5", "x6", "x7")), assign = 1:7), qraux = c(1.19245008972988, 
1.00746733195002, 1.29503368652266, 1.26078386580428, 1.01259477937888, 
1.45086145600273, 1.1943049414232), pivot = 1:7, tol = 1e-07, 
    rank = 7L), .Names = c("qr", "qraux", "pivot", "tol", "rank"
), class = "qr"), df.residual = 20L, xlevels = structure(list(), .Names = character(0)), 
    call = quote(lm(formula = y ~ . + 0, data = structure(list(y = c(43, 
        63, 71, 61, 81, 43, 58, 71, 67, 64, 69, 68, 81, 74, 65, 
        65, 50, 50, 64, 53, 40, 63, 66, 78, 48, 85, 82), x1 = c(1, 
        1, 1, 1, 1, 1, 1, 1, 1, 1, 1, 1, 1, 1, 1, 1, 1, 1, 1, 
        1, 1, 1, 1, 1, 1, 1, 1), x2 = c(51, 64, 70, 63, 78, 55, 
        67, 75, 61, 53, 62, 83, 90, 85, 60, 70, 58, 40, 61, 66, 
        37, 54, 77, 75, 57, 85, 82), x3 = c(30, 51, 68, 45, 56, 
        49, 42, 50, 45, 53, 57, 83, 50, 64, 65, 46, 68, 33, 52, 
        52, 42, 42, 66, 58, 44, 71, 39), x4 = c(59, 47, 45, 71, 
        59, 45, 58, 55, 59, 47, 74, 50, 54, 47, 66, 56, 50, 34, 
        69, 47, 48, 75, 63, 69, 62, 48, 57), x5 = c(61, 63, 76, 
        54, 71, 54, 66, 70, 62, 58, 55, 59, 60, 79, 55, 75, 64, 
        43, 66, 63, 50, 66, 88, 80, 51, 77, 64), x6 = c(92, 73, 
        86, 84, 83, 49, 68, 66, 80, 67, 63, 77, 54, 79, 80, 85, 
        78, 64, 80, 80, 57, 75, 76, 78, 83, 74, 78), x7 = c(45, 
        47, 48, 35, 47, 34, 35, 41, 41, 34, 25, 35, 36, 63, 60, 
        46, 52, 33, 41, 37, 49, 33, 72, 49, 38, 55, 39)), .Names = c("y", 
        "x1", "x2", "x3", "x4", "x5", "x6", "x7"),