
expected <- structure(list(coefficients = structure(c(-0.588639629529936, 
-0.0487754934883053, 0.440132361190531, 0.113205824323947, 0.4726379473366, 
0.221022158785346, -0.184291060823357), .Names = c("x1", "x2", 
"x3", "x4", "x5", "x6", "x7")), residuals = structure(c(-15.2828920359409, 
-4.24624838664821, 5.84515791580696, -8.38278292745643, 17.170102583206, 
-10.2123752248553, -5.04783178485466, -1.73600125353503, 6.47630018083881, 
9.47607743328795, -12.1409486784198, 4.63500662875765, 4.42731799979292, 
6.46403320388983, 3.27990611698378, 13.6583148251332, -0.139942806167232, 
-6.48771112087197, -3.29972783138194, 3.79763932407263, -3.91783977175078, 
-9.59838056596501, 0.436941838410245, -20.0577470664937, 14.1351131610574, 
3.13186548751864, 11.7514134718844), .Names = c("1", "2", "3", 
"4", "5", "6", "7", "8", "9", "10", "11", "12", "13", "14", "15", 
"16", "17", "18", "19", "20", "21", "22", "23", "24", "25", "26", 
"30")), effects = structure(c(260.786406449687, -188.602953720122, 
-80.0836983467158, -22.4571162142983, 33.9148363757271, -3.60664870744183, 
-8.85281901905313, 2.95939591554532, 1.9057952590185, 8.74180169868539, 
-19.2891610279538, 10.5988728560672, 9.14001657966384, 3.2755407419959, 
3.29925396681461, 9.6560454994448, 4.47516069467058, -9.33856231193431, 
-2.00876048772372, -5.68771316312986, -13.6250839684873, 0.341768393712023, 
0.848015374969926, -25.0340518486822, 15.6690513931747, 1.52111108503182, 
17.0825017492453), .Names = c("x1", "x2", "x3", "x4", "x5", "x6", 
"x7", "", "", "", "", "", "", "", "", "", "", "", "", "", "", 
"", "", "", "", "", "")), rank = 7L, fitted.values = structure(c(58.2828920359409, 
67.2462483866482, 65.154842084193, 69.3827829274564, 63.829897416794, 
53.2123752248553, 63.0478317848547, 72.736001253535, 65.5236998191612, 
57.523922566712, 76.1409486784198, 62.3649933712423, 64.5726820002071, 
61.5359667961102, 73.7200938830162, 67.3416851748668, 74.1399428061672, 
71.487711120872, 68.2997278313819, 46.2023606759274, 53.9178397717508, 
73.598380565965, 52.5630581615898, 60.0577470664937, 48.8648868389426, 
62.8681345124814, 70.2485865281156), .Names = c("1", "2", "3", 
"4", "5", "6", "7", "8", "9", "10", "11", "12", "13", "14", "15", 
"16", "17", "18", "19", "20", "21", "22", "23", "24", "25", "26", 
"30")), assign = 1:7, qr = structure(list(qr = structure(c(7.50801345884671, 
-0.112766784460226, -0.343320387835452, -0.191951632706037, -0.176022976891036, 
-0.309845464796174, -0.188700965821112, -0.221935699252101, -0.241792284868907, 
-0.158205860423207, -0.195057615212821, -0.017744483183746, 0.0137777748184632, 
-0.280201115668954, -0.0896402689583563, -0.194214162090047, 
-0.0602865392049008, -0.38362855524241, -0.187787202399079, -0.353944700065967, 
-0.107874865411472, 0.020793509373073, -0.116196500968197, -0.179688107893319, 
-0.0441608017700026, 0.0110224795765899, -0.0440662123220107, 
269.08289448585, -221.310632133019, -0.022921505650312, 0.18552421357351, 
0.118042165442065, -0.0209228513009151, 0.111535893338446, -0.0258099636577468, 
0.0698860979871555, 0.119980363000884, 0.106008136654597, 0.264718572919974, 
0.251463578130701, -0.00418112974353358, 0.166049549162884, 0.106741605397266, 
0.114760511419105, 0.0504712784916746, 0.152997325698302, 0.076284426070336, 
0.276711703459285, 0.356972262949495, 0.283030797570694, 0.105817887763818, 
0.345673204471087, 0.380105103495932, 0.237310602010334, 206.154761814771, 
-141.200988301628, -100.903394807799, -0.131418353640361, 0.00170117973026104, 
-0.120756766665511, -0.038096012714602, 0.259962522707763, 0.0399054990725261, 
0.0263770527688189, 0.366497147788887, 0.00199112469738528, 0.169134321945755, 
0.108665867260811, 0.273032839147683, 0.218070465600771, 0.442857545598678, 
-0.279542963425303, -0.0179920698120711, -0.330898739092106, 
-0.0853166212748624, -0.0733260834265774, -0.295698074439431, 
0.122921875443398, -0.276024204050725, -0.0231128283161933, 0.0707788728857707, 
241.834048850406, -160.971001739708, -33.4923788583157, -62.3930282479167, 
0.375671919159099, 0.0994517420315675, 0.286339861746554, 0.281623274469188, 
0.193746704544865, 0.318475041090649, 0.162456542881493, -0.126142860867692, 
0.153992971879822, 0.189548993134044, 0.0289771523830701, -0.322209837674253, 
0.295057803821397, 0.0251321625718538, -0.134604900603867, -0.0799501259162634, 
0.0153611528807658, 0.110221820039228, -0.0415427876414985, -0.0423957053959663, 
-0.101035529051104, 0.253893041735822, 0.307683981578559, 268.68287716139, 
-202.71522105482, -49.4746079442798, -14.473370990736, 70.8931264220815, 
-0.100823001276151, 0.00674491464471987, -0.22284712490455, 0.0220221903315084, 
0.0990071392426427, 0.313483303989466, -0.500079813086282, -0.152941597976012, 
0.0372146724591197, -0.248120030927757, -0.00457010795268617, 
0.0276696932836745, -0.154061369061504, -0.204558157645744, 0.312498997745569, 
0.314343966047686, -0.340110255338518, 0.0278240639797732, -0.0297406293968768, 
0.0305833269775229, 0.280486154364963, -0.182137408178013, 304.802741472769, 
-220.205399115183, -50.9818669289833, -36.3362911922686, 11.1931837955845, 
-43.1868824361262, 0.146457758027409, 0.216093296446024, -0.257096345225224, 
0.0988108595940018, 0.00698888598751246, -0.165385913078158, 
-0.063953699568588, 0.1896720170261, -0.344224007487834, 0.0684828237303983, 
0.273825239640749, -0.13312173620821, 0.06588083934888, 0.201424581768105, 
-0.451915385314856, -0.0137202824909776, 0.135668624674323, -0.211781524222548, 
0.224891598723902, -0.111692946756079, -0.0739479609676768, 185.248902345156, 
-138.116677278598, -15.0326491076029, 2.83286741865001, 11.2099144344334, 
-32.2240767038172, 48.037159151949, 0.0382624130134688, -0.115005042065752, 
-0.229730796625143, -0.153559054051236, -0.389623504316526, 0.000617351865313108, 
-0.470204175438568, -0.284583318831654, 0.175174694971136, 0.271591091146066, 
0.196766923938137, 0.107258640044823, -0.114206416704068, -0.0751672144541906, 
0.357229470517669, 0.0999905529821768, -0.337955919780658, -0.0304091652050202, 
0.0444267906179419, -0.0756087498175147), .Dim = c(27L, 7L), .Dimnames = list(
    c("1", "2", "3", "4", "5", "6", "7", "8", "9", "10", "11", 
    "12", "13", "14", "15", "16", "17", "18", "19", "20", "21", 
    "22", "23", "24", "25", "26", "30"), c("x1", "x2", "x3", 
    "x4", "x5", "x6", "x7")), assign = 1:7), qraux = c(1.03445358112413, 
1.27245767959352, 1.13770577176837, 1.21132780442908, 1.04691543949322, 
1.43765046920045, 1.1458205068976), pivot = 1:7, tol = 1e-07, 
    rank = 7L), .Names = c("qr", "qraux", "pivot", "tol", "rank"
), class = "qr"), df.residual = 20L, xlevels = structure(list(), .Names = character(0)), 
    call = quote(lm(formula = y ~ . + 0, data = structure(list(y = c(43, 
        63, 71, 61, 81, 43, 58, 71, 72, 67, 64, 67, 69, 68, 77, 
        81, 74, 65, 65, 50, 50, 64, 53, 40, 63, 66, 82), x1 = c(-0.25867795078543, 
        0.846654535438241, 2.57765409256505, 1.44117544180453, 
        1.32158287956416, 2.32632391985229, 1.41676939108228, 
        1.66629621698333, 1.81537972904105, 1.18781172932586, 
        1.4644952002684, 0.133225818563844, -0.103443718769981, 
        2.10375374762637, 0.673020345793978, 1.45816254287071, 
        0.452632147737685, 2.88028835595793, 1.40990884301146, 
        2.65742157178274, 0.809925941380608, -0.156117948229687, 
        0.872404893140121, 1.34910073245774, 0.331559894042641, 
        -0.0827569250108997, 0.330849715194053), x2 = c(70, 82, 
        61, 78, 60, 55, 61, 37, 62, 57, 61, 62, 53, 53, 54, 61, 
        37, 85, 70, 85, 82, 75, 85, 58, 85, 82, 61), x3 = c(45, 
        64, 64, 44, 45, 33, 42, 57, 52, 45, 83, 42, 52, 54, 66, 
        68, 71, 39, 50, 33, 49, 42, 30, 56, 30, 52, 49), x4 = c(58, 
        45, 45, 72, 72, 56, 67, 58, 66, 66, 67, 34, 47, 63, 47, 
        34, 54, 72, 47, 63, 59, 54, 54, 47, 47, 69, 63),