
expected <- structure(list(coefficients = structure(c(10.9339414352911, 0.73933714368429, 
-0.110551657571415, 0.258919718115044, -0.0251001397351094, -0.126365388283539
), .Names = c("x1", "x2", "x3", "x4", "x5", "x6")), residuals = structure(c(-10.1220335126759, 
1.84615711379798, 4.37622329975069, 1.01217865277291, 8.22783904250574, 
-11.6357878464795, -8.78546374782077, -1.14343445895294, -3.98252922362542, 
7.07728696598194, 10.7012167139466, 8.66388574074353, -4.04390080192012, 
2.39774889943265, -0.577323051305865, -3.21301979403714, -4.07482436500758, 
-4.34003392340402, 7.78369639465083, 3.81546969652167, -10.6099184206888, 
1.03037995143199, -6.34550871710886, 5.46390640355757, -6.53159496323212, 
7.94225744024899, 5.06712651091596), .Names = c("1", "2", "3", 
"4", "5", "6", "7", "8", "9", "10", "11", "12", "14", "15", "16", 
"17", "19", "20", "21", "22", "23", "24", "26", "27", "28", "29", 
"30")), effects = structure(c(-335.248056309443, 55.507881731414, 
5.01730832808559, 5.47612987873575, 0.747638892662943, -4.02937349247373, 
-2.69056611714767, 4.85747586795197, -1.45378700161285, 8.30890665580695, 
13.9631300222765, 10.2370977072626, -4.73729246892539, 7.1511661596652, 
6.67315671221152, -2.31899353919977, -1.44016992132974, -6.04206025261071, 
9.64621538327695, 5.41000105870246, -8.98352200664109, 2.62912735516775, 
-4.44621660230694, 9.37223539324637, -8.11584470763439, 10.092873128638, 
8.51834042782008), .Names = c("x1", "x2", "x3", "x4", "x5", "x6", 
"", "", "", "", "", "", "", "", "", "", "", "", "", "", "", "", 
"", "", "", "", "")), rank = 6L, fitted.values = structure(c(53.1220335126759, 
61.153842886202, 66.6237767002493, 59.9878213472271, 72.7721609574943, 
54.6357878464795, 66.7854637478208, 72.1434344589529, 75.9825292236254, 
59.9227130340181, 53.2987832860534, 58.3361142592565, 72.0439008019201, 
74.6022511005674, 81.5773230513059, 77.2130197940371, 69.0748243650076, 
54.340033923404, 42.2163036053492, 60.1845303034783, 63.6099184206888, 
38.969620048568, 72.3455087171089, 72.5360935964424, 54.5315949632321, 
77.057742559751, 76.932873489084), .Names = c("1", "2", "3", 
"4", "5", "6", "7", "8", "9", "10", "11", "12", "14", "15", "16", 
"17", "19", "20", "21", "22", "23", "24", "26", "27", "28", "29", 
"30")), assign = 1:6, qr = structure(list(qr = structure(c(-5.19615242270663, 
0.192450089729875, 0.192450089729875, 0.192450089729875, 0.192450089729875, 
0.192450089729875, 0.192450089729875, 0.192450089729875, 0.192450089729875, 
0.192450089729875, 0.192450089729875, 0.192450089729875, 0.192450089729875, 
0.192450089729875, 0.192450089729875, 0.192450089729875, 0.192450089729875, 
0.192450089729875, 0.192450089729875, 0.192450089729875, 0.192450089729875, 
0.192450089729875, 0.192450089729875, 0.192450089729875, 0.192450089729875, 
0.192450089729875, 0.192450089729875, -350.644063487833, 69.9767157041593, 
-0.0740027970375246, 0.0260304773103873, -0.188326539149424, 
0.140354219422287, -0.0311313937455624, -0.145455135857462, -0.245488410205373, 
0.0546114128383621, 0.168935154950261, 0.0689018806023495, -0.259778877969361, 
-0.174036071385436, -0.359812152317273, -0.288359813497336, -0.0740027970375246, 
0.0974828161303243, 0.354711235882098, 0.0546114128383621, -0.0168409259815749, 
0.39758263917406, -0.174036071385436, -0.145455135857462, 0.111773283894312, 
-0.288359813497336, -0.245488410205373, -275.203628313722, 37.1192253786653, 
-51.7989002803227, -0.0646111375218958, 0.00305168115368953, 
0.0897822602435688, -0.161113265566024, -0.0838415133947335, 
0.273352707176091, -0.045318217241926, 0.186296897169124, 0.00293910122085157, 
0.476065967811465, -0.0259127170291181, -0.228538415494507, 0.0899698934649654, 
-0.112830929340394, 0.427646033890144, -0.074407704238998, 0.0898197868878481, 
0.0415874861879235, 0.128280538633523, 0.205752432907637, 0.0706019198964369, 
-0.0260378058433825, 0.22510789759474, -0.363726455149987, -339.28950819377, 
36.8715239374229, -8.58423415944909, 38.7612083926369, 0.0207560217548118, 
0.166155835120867, -0.0598928811487481, -0.024840655343611, 0.168090504343366, 
-0.00172526788067256, 0.0675030278018471, 0.0779432748854246, 
0.560134724562812, -0.209434447987341, 0.394601591635969, -0.0581511998557613, 
-0.233723183517254, 0.0642895323619181, 0.184211841641182, -0.0592984968703086, 
0.0719159223611774, 0.0299862391564656, -0.363414960437692, -0.230690287450997, 
0.232492120561788, 0.0390695068653314, 0.133604853770924, -389.711431702997, 
9.93187509597131, -2.61272901832825, 17.2432279509079, -47.6361479759629, 
-0.545928203671679, -0.199152122298225, -0.281983736342103, 0.0218875148634076, 
0.0708001811035007, -0.191593029948176, -0.0445550623788932, 
-0.0722240513161815, -0.100853117342981, -0.503764715337462, 
-0.0856158503848323, 0.106959957105893, -0.0208211895409474, 
-0.136902753088911, 0.0396360752664948, 0.0481879886402353, -0.329304856953581, 
-0.184854370828502, -0.0899713334239672, 0.188767918670742, -0.194905353788059, 
0.0108068612355402, -225.166604983954, 11.2561251087674, -11.4580557756746, 
32.6600811906795, 3.5455521805605, 31.8866862770413, 0.285951266594031, 
0.120095326116323, 0.38096280290508, 0.0515062341474248, 0.263935991663628, 
-0.0131755473649705, -0.0684169336253239, 0.176527427606304, 
-0.149798609749731, -0.442825875460145, 0.139500819948851, -0.196569408365107, 
0.032928790628889, 0.161116011768086, 0.150831822059483, -0.240751005935614, 
-0.393090134338602, 0.132339868791227, -0.106124057899262, -0.239669395514847, 
-0.0667788552887302), .Dim = c(27L, 6L), .Dimnames = list(c("1", 
"2", "3", "4", "5", "6", "7", "8", "9", "10", "11", "12", "14", 
"15", "16", "17", "19", "20", "21", "22", "23", "24", "26", "27", 
"28", "29", "30"), c("x1", "x2", "x3", "x4", "x5", "x6")), assign = 1:6), 
    qraux = c(1.19245008972988, 1.0117400095464, 1.31188851221032, 
    1.22619362695075, 1.05611865138673, 1.14408202118735), pivot = 1:6, 
    tol = 1e-07, rank = 6L), .Names = c("qr", "qraux", "pivot", 
"tol", "rank"), class = "qr"), df.residual = 21L, xlevels = structure(list(), .Names = character(0)), 
    call = quote(lm(formula = y ~ . + 0, data = structure(list(y = c(43, 
        63, 71, 61, 81, 43, 58, 71, 72, 67, 64, 67, 68, 77, 81, 
        74, 65, 50, 50, 64, 53, 40, 66, 78, 48, 85, 82), x1 = c(1, 
        1, 1, 1, 1, 1, 1, 1, 1, 1, 1, 1, 1, 1, 1, 1, 1, 1, 1, 
        1, 1, 1, 1, 1, 1, 1, 1), x2 = c(51, 64, 70, 63, 78, 55, 
        67, 75, 82, 61, 53, 60, 83, 77, 90, 85, 70, 58, 40, 61, 
        66, 37, 77, 75, 57, 85, 82), x3 = c(30, 51, 68, 45, 56, 
        49, 42, 50, 72, 45, 53, 47, 83, 54, 50, 64, 46, 68, 33, 
        52, 52, 42, 66, 58, 44, 71, 39), x4 = c(61, 63, 76, 54, 
        71, 54, 66, 70, 71, 62, 58, 59, 59, 79, 60, 79, 75, 64, 
        43, 66, 63, 50, 88, 80, 51, 77, 64), x5 = c(92, 73, 86, 
        84, 83, 49, 68, 66, 83, 80, 67, 74, 77, 77, 54, 79, 85, 
        78, 64, 80, 80, 57, 76, 78, 83, 74, 78), x6 = c(45, 47, 
        48, 35, 47, 34, 35, 41, 31, 41, 34, 41, 35, 46, 36, 63, 
        46, 52, 33, 41, 37, 49, 72, 49, 38, 55, 39)), .Names = c("y", 
        "x1", "x2", "x3", "x4", "x5", "x6"), row.names = c("1", 
        "2", "3", "4", "5", "6", "7", "8", "9", "10", "11", "12", 
        "14", "15", "16", "17", "19", "20", "21", "22", "23", 
        "24", "26", "27", "28", "29", "30"), class = "data.frame"))), 
    terms = y ~ x1 + x2 + x3 + x4 + x5 + x6 + 0, model = structure(list(
        y = c(43, 63, 71, 61, 81, 43, 58, 71, 72, 67, 64, 67, 
        68, 77, 81, 74, 65, 50, 50, 64, 53, 40, 66, 78, 48, 85, 
        82), x1 = c(1, 1, 1, 1, 1, 1, 1, 1, 1, 1, 1, 1, 1, 1, 
        1, 1, 1, 1, 1, 1, 1, 1, 1, 1, 1, 1, 1), x2 = c(51, 64, 
        70, 63, 78, 55, 67, 75, 82, 61, 53, 60, 83, 77, 90, 85, 
        70, 58, 40, 61, 66, 37, 77, 75, 57, 85, 82), x3 = c(30, 
        51, 68, 45, 56, 49, 42, 50, 72, 45, 53, 47, 83, 54, 50, 
        64, 46, 68, 33, 52, 52, 42, 66, 58, 44, 71, 39),