
expected <- structure(list(coefficients = structure(c(18.0749500232815, 0.570338474122156, 
0.000246580736339302, 0.283564261342828, 0.073982949391121, -0.0386625229101625, 
-0.203841970857875), .Names = c("x1", "x2", "x3", "x4", "x5", 
"x6", "x7")), residuals = structure(c(-7.55301025523327, -0.0875476558880641, 
0.441392408246169, 7.05305923587185, -8.60101152510498, -0.0762208394420631, 
-8.2025634994788, 7.8140165063958, 5.12458278027059, 10.101074299758, 
7.25768659269081, -4.17677444656075, 1.66807505816516, -2.61005759008594, 
-1.9290549597546, 3.13980232351074, -3.14137556123781, 4.90217079896654, 
-0.896980963770358, -11.4367084356932, -6.87104654588135, 4.55300562311522, 
-2.8833487960939, 3.1209172344882, -9.17885608153925, 6.40072021776201, 
6.06805407652322), .Names = c("1", "2", "3", "5", "7", "8", "9", 
"10", "11", "12", "13", "14", "15", "16", "17", "18", "19", "21", 
"22", "23", "24", "25", "26", "27", "28", "29", "30")), effects = structure(c(-343.523410167827, 
49.3571362451374, -0.900494662017867, -9.30463239602708, 1.26437505230766, 
-2.92280688146637, -8.03522144479504, 10.4912231599769, 6.65947907813824, 
12.6414783635625, 10.9926924878698, -1.4370487195264, 3.47080631241253, 
-4.974961244052, -2.8618913812001, -2.71052810177932, -1.04016493058001, 
5.66619623653414, -0.639364102056475, -9.13821422677898, -9.83053904595142, 
8.60201492034697, -1.93181761090152, 3.91361639594367, -9.31382859307277, 
5.40888124001192, 5.6742584098887), .Names = c("x1", "x2", "x3", 
"x4", "x5", "x6", "x7", "", "", "", "", "", "", "", "", "", "", 
"", "", "", "", "", "", "", "", "", "")), rank = 7L, fitted.values = structure(c(50.5530102552333, 
63.0875476558881, 70.5586075917538, 73.9469407641281, 66.601011525105, 
71.0762208394421, 80.2025634994788, 59.1859834936042, 58.8754172197294, 
56.898925700242, 61.7423134073092, 72.1767744465608, 75.3319249418348, 
83.6100575900859, 75.9290549597546, 61.8601976764893, 68.1413755612378, 
45.0978292010335, 64.8969809637704, 64.4367084356932, 46.8710465458813, 
58.4469943768848, 68.8833487960939, 74.8790827655118, 57.1788560815393, 
78.599279782238, 75.9319459234768), .Names = c("1", "2", "3", 
"5", "7", "8", "9", "10", "11", "12", "13", "14", "15", "16", 
"17", "18", "19", "21", "22", "23", "24", "25", "26", "27", "28", 
"29", "30")), assign = 1:7, qr = structure(list(qr = structure(c(-5.19615242270663, 
0.192450089729875, 0.192450089729875, 0.192450089729875, 0.192450089729875, 
0.192450089729875, 0.192450089729875, 0.192450089729875, 0.192450089729875, 
0.192450089729875, 0.192450089729875, 0.192450089729875, 0.192450089729875, 
0.192450089729875, 0.192450089729875, 0.192450089729875, 0.192450089729875, 
0.192450089729875, 0.192450089729875, 0.192450089729875, 0.192450089729875, 
0.192450089729875, 0.192450089729875, 0.192450089729875, 0.192450089729875, 
0.192450089729875, 0.192450089729875, -350.644063487833, 69.9910047130397, 
-0.0739876890014511, -0.188288091357435, -0.0311250381179571, 
-0.145425440473941, -0.245438292535427, 0.0546002636490308, 0.168900666005015, 
0.0688878139435288, 0.0403127133545328, -0.259725842829925, -0.174000541062937, 
-0.359738694891411, -0.288300943418921, 0.0688878139435288, -0.0739876890014511, 
0.354638819833489, 0.0546002636490308, -0.0168374878234591, 0.397501470716983, 
0.154613115710517, -0.174000541062937, -0.145425440473941, 0.111750464827023, 
-0.288300943418921, -0.245438292535427, -275.588528493181, 38.4409186516115, 
-50.5891167760729, -0.00316766421737167, -0.167031203886066, 
-0.0909859330561284, 0.272060140307717, -0.0461612801759294, 
0.194067007807626, 0.00363435324785844, 0.18078245036209, 0.479236773419893, 
-0.0324404204969572, -0.244907511637645, 0.0831390451846672, 
0.359442106913039, -0.118747129898996, -0.0678762392719259, 0.092208401804974, 
0.0409012089444684, 0.140811953276968, -0.0336325024487515, 0.204764748613163, 
0.0671508463506184, -0.0248826233133682, 0.221508727165571, -0.380254074745113, 
-297.527838722387, 35.5135583468277, -11.8516979838765, -48.2235379626031, 
0.0750897993545926, -0.058236441180571, -0.0196557085553235, 
-0.0941457096375501, 0.127353894350043, -0.268315037800077, -0.293849248636085, 
-0.564434550492817, 0.251241851319996, 0.194927838781171, 0.0615428067064411, 
0.344114840428868, 0.0461558654104395, -0.135222990778853, 0.164758226616937, 
-0.117203131244745, 0.315284649387418, -0.00469171660190341, 
-0.0247846889873241, 0.276164899973097, -0.101673414793717, 0.0508688449211501, 
0.0602883418434414, -340.05930855269, 35.7220507474215, -2.99208838484361, 
-14.719169466044, -37.2692261040187, 0.0382911526672781, -0.132676681248276, 
0.024011503696874, -0.101795034596905, 0.00541059234602756, -0.163214563459382, 
-0.331718342334546, 0.132082992480758, -0.493056580896258, 0.0561061679297304, 
-0.394413959658618, 0.214317372691583, -0.168689338295681, 0.0105167711067292, 
-0.0327006506859377, -0.140994803015213, 0.197213518869501, 0.411976513253235, 
0.155391497678627, -0.216810835825468, -0.0264316019198206, -0.194482151548384, 
-367.194771204602, 22.3362036270652, -11.1824278178948, -16.7462724526557, 
8.66250973693843, 58.2629436230845, 0.292721578571458, -0.275862266088183, 
-0.291464015041937, 0.0223464904195492, -0.00230492884005657, 
-0.0984978981034347, -0.150316309730865, 0.00831300994084483, 
0.0585216061779213, -0.303289790200837, 0.322328790033191, 0.0685095623384343, 
0.314480181706556, 0.0726731492913463, -0.0909476391346118, 0.145499467016306, 
0.16532489905573, 0.139924157769498, 0.12701136794523, 0.342720882684422, 
0.289512098325454, -224.589254714764, 11.8745418003161, -11.0954592247823, 
-23.6033527970351, -21.3723247662718, 3.28791213117072, 39.4188763529836, 
0.0178046219058182, 0.332110049471373, -0.10767476247926, 0.289029684149448, 
-0.0186620312209511, 0.168016873945718, 0.151975795014533, -0.361498476457714, 
-0.223579439107491, -0.0175797634010113, 0.0327731937269151, 
0.148558060186324, 0.0942754449301864, -0.0333400450323828, 0.270453766759625, 
-0.526326603681057, 0.108759614849216, -0.0318731615785452, -0.17852860972729, 
0.00180199606408867), .Dim = c(27L, 7L), .Dimnames = list(c("1", 
"2", "3", "5", "7", "8", "9", "10", "11", "12", "13", "14", "15", 
"16", "17", "18", "19", "21", "22", "23", "24", "25", "26", "27", 
"28", "29", "30"), c("x1", "x2", "x3", "x4", "x5", "x6", "x7"
)), assign = 1:7), qraux = c(1.19245008972988, 1.01173761276554, 
1.31612901346956, 1.10529795744899, 1.01687850927921, 1.3441725444632, 
1.36547661580224), pivot = 1:7, tol = 1e-07, rank = 7L), .Names = c("qr", 
"qraux", "pivot", "tol", "rank"), class = "qr"), df.residual = 20L, 
    xlevels = structure(list(), .Names = character(0)), call = quote(lm(formula = y ~ 
        . + 0, data = structure(list(y = c(43, 63, 71, 81, 58, 
        71, 72, 67, 64, 67, 69, 68, 77, 81, 74, 65, 65, 50, 64, 
        53, 40, 63, 66, 78, 48, 85, 82), x1 = c(1, 1, 1, 1, 1, 
        1, 1, 1, 1, 1, 1, 1, 1, 1, 1, 1, 1, 1, 1, 1, 1, 1, 1, 
        1, 1, 1, 1), x2 = c(51, 64, 70, 78, 67, 75, 82, 61, 53, 
        60, 62, 83, 77, 90, 85, 60, 70, 40, 61, 66, 37, 54, 77, 
        75, 57, 85, 82), x3 = c(30, 51, 68, 56, 42, 50, 72, 45, 
        53, 47, 57, 83, 54, 50, 64, 65, 46, 33, 52, 52, 42, 42, 
        66, 58, 44, 71, 39), x4 = c(39, 54, 69, 66, 56, 55, 67, 
        47, 58, 39, 42, 45, 72, 72, 69, 75, 57, 34, 62, 50, 58, 
        48, 63, 74, 45, 71, 59), x5 = c(61, 63, 76, 71, 66, 70, 
        71, 62, 58, 59, 55, 59, 79, 60, 79, 55, 75, 43, 66, 63, 
        50, 66, 88, 80, 51, 77, 64), x6 = c(78, 49, 74, 78, 86, 
        57, 67, 84, 84, 64, 67, 84, 92, 86, 83, 92, 57, 49, 54, 
        67, 64, 57, 73, 75, 57, 67, 63), x7 = c(45, 47, 48, 47, 
        35, 41, 31, 41, 34, 41, 25, 35, 46, 36, 63, 60, 46, 33, 
        41, 37, 49, 33, 72, 49, 38, 55, 39)), .Names = c("y", 
        "x1", "x2", "x3", "x4", "x5", "x6", "x7"),