
expected <- structure(list(coefficients = structure(c(4.8465, -0.1855), .Names = c("(Intercept)", 
"group1")), residuals = structure(c(-0.861999999999998, 0.547999999999999, 
0.148, 1.078, -0.532, -0.422, 0.138, -0.502, 0.298, 0.108, 0.149, 
-0.491, -0.251, -1.071, 1.209, -0.831, 1.369, 0.229, -0.341, 
0.0290000000000004), .Names = c("1", "2", "3", "4", "5", "6", 
"7", "8", "9", "10", "11", "12", "13", "14", "15", "16", "17", 
"18", "19", "20")), effects = structure(c(-21.6742069059055, 
-0.829581219652421, 0.196515668116866, 1.12651566811687, -0.483484331883134, 
-0.373484331883133, 0.186515668116866, -0.453484331883133, 0.346515668116867, 
0.156515668116866, 0.464285584827469, -0.17571441517253, 0.0642855848274699, 
-0.75571441517253, 1.52428558482747, -0.51571441517253, 1.68428558482747, 
0.544285584827469, -0.0257144151725299, 0.34428558482747), .Names = c("(Intercept)", 
"group1", "", "", "", "", "", "", "", "", "", "", "", "", "", 
"", "", "", "", "")), rank = 2L, fitted.values = structure(c(5.032, 
5.032, 5.032, 5.032, 5.032, 5.032, 5.032, 5.032, 5.032, 5.032, 
4.661, 4.661, 4.661, 4.661, 4.661, 4.661, 4.661, 4.661, 4.661, 
4.661), .Names = c("1", "2", "3", "4", "5", "6", "7", "8", "9", 
"10", "11", "12", "13", "14", "15", "16", "17", "18", "19", "20"
)), assign = 0:1, qr = structure(list(qr = structure(c(-4.47213595499958, 
0.223606797749979, 0.223606797749979, 0.223606797749979, 0.223606797749979, 
0.223606797749979, 0.223606797749979, 0.223606797749979, 0.223606797749979, 
0.223606797749979, 0.223606797749979, 0.223606797749979, 0.223606797749979, 
0.223606797749979, 0.223606797749979, 0.223606797749979, 0.223606797749979, 
0.223606797749979, 0.223606797749979, 0.223606797749979, 2.22044604925031e-16, 
4.47213595499958, 0.182743997631557, 0.182743997631557, 0.182743997631557, 
0.182743997631557, 0.182743997631557, 0.182743997631557, 0.182743997631557, 
0.182743997631557, -0.264469597868401, -0.264469597868401, -0.264469597868401, 
-0.264469597868401, -0.264469597868401, -0.264469597868401, -0.264469597868401, 
-0.264469597868401, -0.264469597868401, -0.264469597868401), .Dim = c(20L, 
2L), .Dimnames = list(c("1", "2", "3", "4", "5", "6", "7", "8", 
"9", "10", "11", "12", "13", "14", "15", "16", "17", "18", "19", 
"20"), c("(Intercept)", "group1")), assign = 0:1, contrasts = structure(list(
    group = "contr.helmert"), .Names = "group")), qraux = c(1.22360679774998, 
1.18274399763156), pivot = 1:2, tol = 1e-07, rank = 2L), .Names = c("qr", 
"qraux", "pivot", "tol", "rank"), class = "qr"), df.residual = 18L, 
    contrasts = structure(list(group = "contr.helmert"), .Names = "group"), 
    xlevels = structure(list(group = c("Ctl", "Trt")), .Names = "group"), 
    call = quote(lm(formula = weight ~ group)), terms = weight ~ 
        group, model = structure(list(weight = c(4.17, 5.58, 
    5.18, 6.11, 4.5, 4.61, 5.17, 4.53, 5.33, 5.14, 4.81, 4.17, 
    4.41, 3.59, 5.87, 3.83, 6.03, 4.89, 4.32, 4.69), group = structure(c(1L, 
    1L, 1L, 1L, 1L, 1L, 1L, 1L, 1L, 1L, 2L, 2L, 2L, 2L, 2L, 2L, 
    2L, 2L, 2L, 2L), .Label = c("Ctl", "Trt"), class = "factor")), .Names = c("weight", 
    "group"), terms = weight ~ group, row.names = c(NA, 20L), class = "data.frame")), .Names = c("coefficients", 
"residuals", "effects", "rank", "fitted.values", "assign", "qr", 
"df.residual", "contrasts", "xlevels", "call", "terms", "model"
), class = "lm")
test(id=1100, code={
require(stats)
lm(formula = weight ~ group)}, o = expected)