
expected <- structure(list(coefficients = structure(c(19.8333789733529, 0.0571449057839257, 
0.0738217380524806, 0.630394236724555, 0.35107171952371, -0.0482146960628934, 
-0.383998569718834), .Names = c("x1", "x2", "x3", "x4", "x5", 
"x6", "x7")), residuals = structure(c(-8.47613508355086, 1.32467160940782, 
3.83383504841306, 7.69292754407582, -14.9846515602469, -9.60254363924131, 
5.04058052213074, -9.14830180542194, 7.76491618747059, -3.47044545821153, 
12.8529045295166, 7.52490160255903, 6.68223185375375, -3.25222018510066, 
4.13598347023909, 3.12520758384408, -2.86619856535169, -3.13000375429488, 
-11.1774482338834, 3.30143506133627, -10.2443601585499, -1.07563722233688, 
-2.28841592980856, -1.30195465733016, -6.0745729089081, 8.36527060619567, 
15.4480235432942), .Names = c("1", "2", "4", "5", "6", "7", "8", 
"9", "10", "11", "12", "13", "14", "15", "16", "17", "18", "19", 
"20", "21", "23", "25", "26", "27", "28", "29", "30")), effects = structure(c(-339.4819582835, 
1.93825414352371, 23.2386995487932, -34.9469243473985, 5.71563639962947, 
-6.21628971392085, -15.4148378659856, -8.75376217125169, 9.40483277330869, 
-1.40455124947742, 18.7175815104039, 14.7229801839684, 11.0737680735959, 
-3.42487554470696, 8.40438806551306, 1.8596359814015, -0.426803329123977, 
-4.84428414168642, -8.18987291772512, 9.79407608585054, -9.36226073050467, 
-0.585027599544805, 0.164947849350085, -5.05563869046331, -5.90464312448953, 
11.4830783126381, 12.3458676191287), .Names = c("x1", "x2", "x3", 
"x4", "x5", "x6", "x7", "", "", "", "", "", "", "", "", "", "", 
"", "", "", "", "", "", "", "", "", "")), rank = 7L, fitted.values = structure(c(51.4761350835509, 
61.6753283905922, 57.1661649515869, 73.3070724559242, 57.9846515602469, 
67.6025436392413, 65.9594194778693, 81.1483018054219, 59.2350838125294, 
67.4704454582115, 54.1470954704834, 61.475098397441, 61.3177681462463, 
80.2522201851007, 76.8640165297609, 70.8747924161559, 67.8661985653517, 
68.1300037542949, 61.1774482338834, 46.6985649386637, 63.2443601585499, 
64.0756372223369, 68.2884159298086, 79.3019546573302, 54.0745729089081, 
76.6347293938043, 66.5519764567058), .Names = c("1", "2", "4", 
"5", "6", "7", "8", "9", "10", "11", "12", "13", "14", "15", 
"16", "17", "18", "19", "20", "21", "23", "25", "26", "27", "28", 
"29", "30")), assign = 1:7, qr = structure(list(qr = structure(c(-5.19615242270663, 
0.192450089729875, 0.192450089729875, 0.192450089729875, 0.192450089729875, 
0.192450089729875, 0.192450089729875, 0.192450089729875, 0.192450089729875, 
0.192450089729875, 0.192450089729875, 0.192450089729875, 0.192450089729875, 
0.192450089729875, 0.192450089729875, 0.192450089729875, 0.192450089729875, 
0.192450089729875, 0.192450089729875, 0.192450089729875, 0.192450089729875, 
0.192450089729875, 0.192450089729875, 0.192450089729875, 0.192450089729875, 
0.192450089729875, 0.192450089729875, -342.176259539718, 68.2745004185853, 
0.274613990647029, -0.223375738923291, 0.186733450134619, 0.274613990647029, 
0.479668585175984, -0.194082225419155, -0.076908171402609, 0.230673720390824, 
-0.223375738923291, -0.076908171402609, 0.142793179878415, -0.179435468667087, 
0.172086693382551, 0.230673720390824, 0.113499666374278, -0.106201684906746, 
0.113499666374278, 0.0842061528701416, -0.00367438764226784, 
-0.00367438764226784, -0.076908171402609, 0.245320477142892, 
0.172086693382551, -0.120848441658814, 0.274613990647029, -275.588528493181, 
2.65323286201355, 63.1500064793575, -0.10274585384052, 0.00250418562006642, 
0.112151976679228, -0.0173290815013199, -0.3565106274033, 0.0694435905096278, 
-0.0614367522704666, 0.0397719462636164, -0.120580142962554, 
-0.535296699151311, -0.0716749249949622, -0.0131312277026802, 
-0.235625174619967, -0.249861303343167, 0.0540080749868164, -0.297367236711212, 
0.257268448182522, -0.0424030763488212, 0.115950034877997, -0.263097943066691, 
-0.140813205683811, 0.0818806390334108, -0.341674805280294, 0.159657910047273, 
-289.060034774273, -4.15208430297519, 30.0932164988783, -53.5112587498082, 
-0.181639879258717, 0.106834183279791, -0.0143265651232462, 0.045923166740794, 
-0.0590056016526351, 0.0343270372479214, -0.215305186728551, 
-0.276878063521999, -0.511333529174726, 0.324618649959392, 0.332639045280944, 
0.125826587803048, 0.23873556422497, 0.120289582803476, -0.184813758850308, 
-0.192845712449761, -0.0824995861709523, -0.0161797471152057, 
0.0222370780909886, 0.280087889559355, -0.109710578186103, 0.124072959278752, 
0.194005696889607, -336.210306758092, 10.1767835803259, 20.3688802485213, 
-29.3270390923636, 37.5645604404632, -0.12683242227221, -0.282580853497529, 
0.147334146106996, -0.0127340010148012, 0.167652392461742, 0.017760552845308, 
0.153511548143508, 0.112663800689125, -0.0727763159346758, 0.304430548256252, 
-0.206842681185276, 0.551817760724488, -0.215341146821761, 0.0499679500315892, 
0.22666002964498, 0.00231983270457298, -0.141111215019608, -0.417690707463058, 
-0.19558424930618, 0.169840488614366, 0.0122931075240626, -0.0457725041841952, 
-388.749181254348, 18.9420537877303, 1.70906562989559, -5.16463033746235, 
9.32991797289349, 43.5273591106324, 0.226925761428161, -0.207835544579421, 
-0.00192235828298571, 0.00696768180573571, 0.157450385760062, 
0.201373189175329, -0.321685668816329, 0.177111387251311, 0.289215046283853, 
-0.0355412357718449, -0.517704471643699, 0.0583980088350957, 
-0.19007682821153, 0.146591308732687, -0.0757738616667513, 0.183221358971065, 
0.307313716933241, 0.0144494290663862, -0.320964212753661, 0.0714047081603796, 
-0.0475035129046786, -221.317603189357, 5.73230661478166, 19.4330663057506, 
-23.0030745570792, 18.2875141257514, 10.7230381795334, 40.1429564627609, 
0.562179817955926, -0.0136340354513111, 0.179069453929774, -0.150194371585635, 
0.222878318626181, 0.349000701959899, 0.10469226899279, 0.0605589162903818, 
-0.17081673008654, -0.228586574341504, 0.0451404391213009, -0.0813284240739884, 
-0.195125837099288, 0.164815011162492, 0.166206956750112, -0.448510689015337, 
0.168092593495017, 0.0540456896559469, -0.0529887142146517, 0.129292209832246
), .Dim = c(27L, 7L), .Dimnames = list(c("1", "2", "4", "5", 
"6", "7", "8", "9", "10", "11", "12", "13", "14", "15", "16", 
"17", "18", "19", "20", "21", "23", "25", "26", "27", "28", "29", 
"30"), c("x1", "x2", "x3", "x4", "x5", "x6", "x7")), assign = 1:7), 
    qraux = c(1.19245008972988, 1.12814642312635, 1.06464604331118, 
    1.19593589137292, 1.09098035718846, 1.21627405653712, 1.09073313921764
    ), pivot = 1:7, tol = 1e-07, rank = 7L), .Names = c("qr", 
"qraux", "pivot", "tol", "rank"), class = "qr"), df.residual = 20L, 
    xlevels = structure(list(), .Names = character(0)), call = quote(lm(formula = y ~ 
        . + 0, data = structure(list(y = c(43, 63, 61, 81, 43, 
        58, 71, 72, 67, 64, 67, 69, 68, 77, 81, 74, 65, 65, 50, 
        50, 53, 63, 66, 78, 48, 85, 82), x1 = c(1, 1, 1, 1, 1, 
        1, 1, 1, 1, 1, 1, 1, 1, 1, 1, 1, 1, 1, 1, 1, 1, 1, 1, 
        1, 1, 1, 1), x2 = c(90, 61, 51, 85, 57, 51, 37, 83, 75, 
        54, 85, 75, 60, 82, 58, 54, 62, 77, 62, 64, 70, 70, 75, 
        53, 58, 78, 51), x3 = c(30, 51, 45, 56, 49, 42, 50, 72, 
        45, 53, 47, 57, 83, 54, 50, 64, 65, 46, 68, 33, 52, 42, 
        66, 58, 44, 71, 39), x4 = c(39, 54, 47, 66, 44, 56, 55, 
        67, 47, 58, 39, 42, 45, 72, 72, 69, 75, 57, 54, 34, 50, 
        48, 63, 74, 45, 71, 59), x5 = c(61, 63, 54, 71, 54, 66, 
        70, 71, 62, 58, 59, 55, 59, 79, 60, 79, 55, 75, 64, 43, 
        63, 66, 88, 80, 51, 77, 64), x6 = c(92, 73, 84, 83, 49, 
        68, 66, 83, 80, 67, 74, 63, 77, 77, 54, 79, 80, 85, 78, 
        64, 80, 75, 76, 78, 83, 74, 78), x7 = c(45, 47, 35, 47, 
        34, 35, 41, 31, 41, 34, 41, 25, 35, 46, 36, 63, 60, 46, 
        52, 33, 37, 33, 72, 49, 38, 55, 39)), .Names = c("y", 
        "x1", "x2", "x3", "x4", "x5", "x6", "x7"),