
expected <- structure(list(coefficients = structure(c(13.2120423596524, 0.713714657095398, 
-0.110199451902159, 0.383232588764313, -0.0200243485576729, -0.0264869902514028, 
-0.196840268437722), .Names = c("x1", "x2", "x3", "x4", "x5", 
"x6", "x7")), residuals = structure(c(-6.47711255845588, 0.846720938004394, 
1.14649164599149, -0.139338655441189, 5.60280448750292, -11.0359660932141, 
-9.69251869722443, 0.600497079376247, -7.86261785270359, 6.44115421910998, 
12.5162543026757, 9.86455403248213, -2.46541366575573, -0.0545118400084075, 
2.25739098647973, -2.19225244756968, -4.06633008754111, 8.4012412886075, 
0.652870813164217, -9.9524496045537, -4.63865697093716, 7.33741298900902, 
-1.11739395316086, 2.65779525813324, -7.8027721788592, 6.06498595164516, 
3.10716061324334), .Names = c("1", "2", "3", "4", "5", "6", "7", 
"8", "9", "11", "12", "13", "14", "15", "18", "19", "20", "21", 
"22", "23", "24", "25", "26", "27", "28", "29", "30")), effects = structure(c(-330.436804066196, 
-51.0689079508119, 2.68611967430661, 13.3743426997647, -4.06745681732396, 
0.2414719112751, -7.31166518807669, 5.4765999304421, -2.73921708151459, 
9.4533939403091, 13.3152180587267, 13.1735402878316, -2.26525924007026, 
4.65384942536882, -1.6491496936703, 2.29909025009383, -1.07418082172923, 
8.60820294223327, 3.82511717499728, -6.36438470666268, -6.00445399086468, 
12.5819043296065, 1.23638397962996, 7.66738243966304, -9.33989407011183, 
6.98156709661095, 2.96569756376762), .Names = c("x1", "x2", "x3", 
"x4", "x5", "x6", "x7", "", "", "", "", "", "", "", "", "", "", 
"", "", "", "", "", "", "", "", "", "")), rank = 7L, fitted.values = structure(c(49.4771125584559, 
62.1532790619956, 69.8535083540085, 61.1393386554412, 75.3971955124971, 
54.0359660932141, 67.6925186972244, 70.3995029206237, 79.8626178527036, 
57.55884578089, 54.4837456973243, 59.1354459675179, 70.4654136657557, 
77.0545118400084, 62.7426090135203, 67.1922524475697, 54.0663300875411, 
41.5987587113925, 63.3471291868358, 62.9524496045537, 44.6386569709372, 
55.662587010991, 67.1173939531609, 75.3422047418668, 55.8027721788592, 
78.9350140483548, 78.8928393867567), .Names = c("1", "2", "3", 
"4", "5", "6", "7", "8", "9", "11", "12", "13", "14", "15", "18", 
"19", "20", "21", "22", "23", "24", "25", "26", "27", "28", "29", 
"30")), assign = 1:7, qr = structure(list(qr = structure(c(-5.19615242270663, 
0.192450089729875, 0.192450089729875, 0.192450089729875, 0.192450089729875, 
0.192450089729875, 0.192450089729875, 0.192450089729875, 0.192450089729875, 
0.192450089729875, 0.192450089729875, 0.192450089729875, 0.192450089729875, 
0.192450089729875, 0.192450089729875, 0.192450089729875, 0.192450089729875, 
0.192450089729875, 0.192450089729875, 0.192450089729875, 0.192450089729875, 
0.192450089729875, 0.192450089729875, 0.192450089729875, 0.192450089729875, 
0.192450089729875, 0.192450089729875, -339.09705810404, -64.6156729066964, 
0.108983611697181, 0.000650761707243416, 0.232792583114252, -0.123158209709828, 
0.062555247415779, 0.18636421883285, 0.294697068822788, -0.154110452564096, 
-0.0457776025741583, -0.0148253597198905, 0.310173190249921, 
0.217316461687118, -0.0457776025741583, 0.108983611697181, -0.0767298454284261, 
-0.355300031116836, -0.0303014811470244, 0.0470791259886451, 
-0.401728395398238, -0.138634331136962, 0.217316461687118, 0.18636421883285, 
-0.09220596685556, 0.341125433104189, 0.294697068822788, -276.165878762371, 
-38.1635422496297, -51.8743814456437, -0.0855473432092191, -0.04856337822439, 
0.0849309466482844, -0.190063826433519, -0.12921405674444, 0.213189566166732, 
0.185382533999306, -0.011979315364881, 0.157451833421777, 0.413569170333353, 
-0.0754469377310734, 0.335012773954993, -0.147967824504566, 0.416187023010466, 
-0.0484397098142874, 0.0727362590284481, 0.0143806736063798, 
0.160069686098891, -0.0383393043361418, 0.155881121815509, 0.0250046496199481, 
-0.0347979789982857, 0.158898876617943, -0.42296259758637, -289.252484864003, 
-31.3907329613699, -13.3466992843226, 48.2336760195802, -0.136472883490647, 
0.140388076539147, -0.101260795485054, 0.0269506847315662, -0.00615291317959386, 
-0.128078914877611, 0.254458693873492, 0.284006477751736, 0.544488861880237, 
-0.282411587864147, -0.345938555488481, -0.0735791413930778, 
0.103119148399489, 0.13807943157391, -0.176514074493189, 0.0989021682106239, 
-0.302490055363458, -0.0046328365620625, 0.00149287179026787, 
-0.302089745621851, 0.0897596230145777, -0.0812154818399324, 
-0.107903985368068, -334.478255950523, -38.7894653829049, 0.555667010559441, 
19.0140992758694, 32.1220941799484, 0.0644213454757995, 0.0522421677534954, 
-0.0210833672358523, 0.163670913661582, 0.140162659569243, -0.111606539492539, 
0.0561403290095904, 0.14546592893897, -0.00441921145649144, 0.56382389376036, 
-0.188644216175881, -0.101678496626264, 0.114186051183665, 0.0536649202013496, 
0.00290461537673168, 0.238031508303309, -0.23220855273184, -0.472311567154308, 
-0.0370957764954307, 0.212842629828227, 0.0817780411828128, 0.347018395759617, 
-395.100034215434, -3.2924015362021, 8.05403055678899, -8.44892767570838, 
-6.06770760883508, -45.7499092062708, -0.0582788594725564, 0.408079658022041, 
0.327276561352647, 0.0712941120059348, 0.0166504344974031, 0.124008861617513, 
0.242227830507833, 0.26183755963833, 0.12787073078175, 0.222959575310522, 
0.394677547997219, -0.0541049811170185, 0.120746945107407, 0.243034352343169, 
-0.0999163286364729, 0.025067052770621, 0.296480553305168, 0.311619802708002, 
-0.105843195544835, 0.245760805603248, 0.0680847484228189, -220.932703009897, 
-10.2044959173061, -11.7299946118344, 25.1646453224406, 18.2124732291761, 
4.92940542895546, 37.1451697668763, -0.0110064553638458, 0.361552379908795, 
0.260634752655391, -0.120158467410991, 0.250390703539224, -0.086820294193895, 
0.149532398075596, -0.395304304573709, 0.0171237447851645, -0.249345698938044, 
-0.0376720389595984, 0.153641356944012, 0.0540044003076767, -0.120740648251243, 
0.314323937244376, -0.479427646913743, 0.111179689231665, -0.0679475179908444, 
-0.168882569922126, -0.0165681813038213), .Dim = c(27L, 7L), .Dimnames = list(
    c("1", "2", "3", "4", "5", "6", "7", "8", "9", "11", "12", 
    "13", "14", "15", "18", "19", "20", "21", "22", "23", "24", 
    "25", "26", "27", "28", "29", "30"), c("x1", "x2", "x3", 
    "x4", "x5", "x6", "x7")), assign = 1:7), qraux = c(1.19245008972988, 
1.01612688313438, 1.2761336179975, 1.08835711112596, 1.14919751195942, 
1.06878977801267, 1.24191187104954), pivot = 1:7, tol = 1e-07, 
    rank = 7L), .Names = c("qr", "qraux", "pivot", "tol", "rank"
), class = "qr"), df.residual = 20L, xlevels = structure(list(), .Names = character(0)), 
    call = quote(lm(formula = y ~ . + 0, data = structure(list(y = c(43, 
        63, 71, 61, 81, 43, 58, 71, 72, 64, 67, 69, 68, 77, 65, 
        65, 50, 50, 64, 53, 40, 63, 66, 78, 48, 85, 82), x1 = c(1, 
        1, 1, 1, 1, 1, 1, 1, 1, 1, 1, 1, 1, 1, 1, 1, 1, 1, 1, 
        1, 1, 1, 1, 1, 1, 1, 1), x2 = c(51, 64, 70, 63, 78, 55, 
        67, 75, 82, 53, 60, 62, 83, 77, 60, 70, 58, 40, 61, 66, 
        37, 54, 77, 75, 57, 85, 82), x3 = c(30, 51, 68, 45, 56, 
        49, 42, 50, 72, 53, 47, 57, 83, 54, 65, 46, 68, 33, 52, 
        52, 42, 42, 66, 58, 44, 71, 39), x4 = c(39, 54, 69, 47, 
        66, 44, 56, 55, 67, 58, 39, 42, 45, 72, 75, 57, 54, 34, 
        62, 50, 58, 48, 63, 74, 45, 71, 59), x5 = c(61, 63, 76, 
        54, 71, 54, 66, 70, 71, 58, 59, 55, 59, 79, 55, 75, 64, 
        43, 66, 63, 50, 66, 88, 80, 51, 77, 64), x6 = c(64, 49, 
        49, 80, 73, 80, 74, 92, 79, 76, 78, 80, 76, 80, 74, 83, 
        84, 83, 77, 85, 73, 77, 75, 80, 75, 74, 83), x7 = c(45, 
        47, 48, 35, 47, 34, 35, 41, 31, 34, 41, 25, 35, 46, 60, 
        46, 52, 33, 41, 37, 49, 33, 72, 49, 38, 55, 39)), .Names = c("y", 
        "x1", "x2", "x3", "x4", "x5", "x6", "x7"),