
expected <- structure(list(coefficients = structure(c(21.7777746335646, 0.631838746529029, 
-0.10055583825271, 0.268775015490009, 0.0189844157329529, -0.0242188393728862, 
-0.200257868059235), .Names = c("x1", "x2", "x3", "x4", "x5", 
"x6", "x7")), residuals = structure(c(-9.06354074025397, 0.801867239884739, 
2.64211924218734, -0.769654589227196, 7.66298061294742, -12.7066540855733, 
-9.39077825454428, 1.18928214887073, -5.5830688293258, 7.47103826820399, 
6.02358352321207, 10.5353609017303, 8.39116619745909, -2.2395550713811, 
2.29845627171832, -4.10485860407345, -1.09701982008618, 4.45342723120443, 
-1.90289979519955, -4.86768672803078, 4.93101107834074, 1.067366240691, 
-10.416854816129, -5.89002392446978, 5.64546635625336, -0.161147898759981, 
5.08061784435096), .Names = c("1", "2", "3", "4", "5", "6", "7", 
"8", "9", "10", "11", "12", "13", "14", "15", "16", "17", "18", 
"19", "20", "21", "22", "23", "24", "25", "26", "30")), effects = structure(c(-332.553755053224, 
-47.3569455303206, 4.84740410534456, 8.393226700135, -3.79798831725931, 
-0.513580715408057, -7.6156807767626, 8.27483285752677, -0.133887295944531, 
9.56471039476418, 8.28204280155614, 11.6068738040541, 10.4466807078511, 
-3.45148143275467, 9.69879702910689, -5.65093661453957, -2.23568569134383, 
0.342967512489829, 5.15891275782086, -1.955602935931, 3.99477089735585, 
4.91965371551043, -6.16665158279008, -8.02379799286679, 11.4349210728605, 
5.63884973882694, 7.4617948355721), .Names = c("x1", "x2", "x3", 
"x4", "x5", "x6", "x7", "", "", "", "", "", "", "", "", "", "", 
"", "", "", "", "", "", "", "", "", "")), rank = 7L, fitted.values = structure(c(52.063540740254, 
62.1981327601153, 68.3578807578127, 61.7696545892272, 73.3370193870526, 
55.7066540855733, 67.3907782545443, 69.8107178511293, 77.5830688293258, 
59.528961731796, 57.9764164767879, 56.4646390982697, 60.6088338025409, 
70.2395550713811, 74.7015437282817, 85.1048586040735, 75.0970198200862, 
60.5465727687956, 66.9028997951995, 54.8676867280308, 45.0689889216593, 
62.932633759309, 63.416854816129, 45.8900239244698, 57.3545336437466, 
66.16114789876, 76.919382155649), .Names = c("1", "2", "3", "4", 
"5", "6", "7", "8", "9", "10", "11", "12", "13", "14", "15", 
"16", "17", "18", "19", "20", "21", "22", "23", "24", "25", "26", 
"30")), assign = 1:7, qr = structure(list(qr = structure(c(-5.19615242270663, 
0.192450089729875, 0.192450089729875, 0.192450089729875, 0.192450089729875, 
0.192450089729875, 0.192450089729875, 0.192450089729875, 0.192450089729875, 
0.192450089729875, 0.192450089729875, 0.192450089729875, 0.192450089729875, 
0.192450089729875, 0.192450089729875, 0.192450089729875, 0.192450089729875, 
0.192450089729875, 0.192450089729875, 0.192450089729875, 0.192450089729875, 
0.192450089729875, 0.192450089729875, 0.192450089729875, 0.192450089729875, 
0.192450089729875, 0.192450089729875, -342.753609808908, -68.0364825881156, 
0.0948302518508885, -0.00805572540306698, 0.212414225855409, 
-0.125639699407587, 0.0507362615991933, 0.168320235603714, 0.271206212857669, 
-0.0374517189041971, -0.155035692908718, -0.0521497156547622, 
-0.022753722153632, 0.285904209608234, 0.197716229104844, 0.38879018686219, 
0.315300203109364, -0.0521497156547622, 0.0948302518508885, -0.0815457091558923, 
-0.346109650666063, -0.0374517189041971, 0.0360382648486282, 
-0.390203640917759, -0.140337696158153, 0.197716229104844, 0.271206212857669, 
-273.471577506153, -31.9186052397271, -53.7540597150277, -0.068940024584522, 
-0.00259405148006831, 0.0792274842913807, -0.161627025089866, 
-0.0865555811570526, 0.258180623295055, -0.0505013934329394, 
0.172079099712536, -0.00407558572236198, 0.163518243799986, 0.453597014460587, 
-0.0305812280390631, -0.224845314793922, 0.0816967080285368, 
0.330782843490713, -0.114871987547668, 0.405031212844475, -0.0801347191500383, 
0.0797213290388119, 0.0336247511598553, 0.114952442183873, -0.0417759226045793, 
0.192657724769653, -0.355726496928915, -288.867584684543, -31.8151748922231, 
-10.7420708495204, 46.8713246981527, -0.13207290309552, 0.133572442022195, 
-0.0936583501173797, 0.0390282479705255, -0.0104238354988438, 
0.0803242194515253, -0.149301402981008, 0.258912388977911, 0.280950787064172, 
0.545622146599228, -0.281277578713764, -0.22401796861094, -0.0913695887295397, 
-0.378185415255976, -0.0659608194573539, 0.0783902646598316, 
0.130862578649903, -0.188771043885741, 0.100465325642289, -0.335626137821619, 
-0.00934067039045085, -0.00195424574144852, -0.0798415502449372, 
-333.131105322414, -32.1902459944875, -3.50937878261533, 12.5105472128115, 
36.7100149615495, 0.105468531550408, -0.0163289196565963, -0.0743779624692305, 
0.10616874208099, -0.0442868132532681, 0.14586505507458, -0.0567084134011468, 
0.111337397184802, 0.205441270383676, -0.110224244778494, 0.487591828964769, 
-0.0793765462796747, 0.479426441905598, -0.225703681410317, -0.0115209159943874, 
0.174779033093848, 0.0241286688068917, 0.00353639775883807, 0.245564261049768, 
-0.191502340867816, -0.44201655452141, 0.166482574751288, -391.058582331107, 
3.08276872586854, 7.5344956557357, -12.4198161580015, -7.34738459843737, 
-48.2977970879188, -0.000459793980864059, 0.447767550946407, 
0.362492919729517, 0.0154553622708591, 0.0522615530751954, -0.00485907240209263, 
0.0759387808199099, 0.190696997444429, 0.356939381741539, 0.0571510143482627, 
-0.0707140005914517, 0.121225135830688, 0.284674042612616, 0.34063677230448, 
-0.129120692544131, 0.144362754179504, 0.241781945082459, -0.138176110198275, 
0.0332908699268943, 0.363875394761336, 0.161829627212651, -220.547802830437, 
-8.28150461356839, -12.875499479707, 23.6840296439762, 23.3341724624296, 
8.40564878403032, 38.0293710832372, -0.027099901076221, 0.331118075975531, 
-0.0154689744487691, 0.244043072478935, -0.122147116948378, 0.220425278710661, 
-0.128205394354354, 0.152532105998951, 0.0675394304272302, -0.262696962822797, 
-0.415186910636603, 0.0251932082044027, -0.269572326567833, -0.0537085585944615, 
0.148588560244468, 0.0365146808322795, -0.122136080269692, 0.319539788033874, 
-0.449954013708375, -0.0232200380531489), .Dim = c(27L, 7L), .Dimnames = list(
    c("1", "2", "3", "4", "5", "6", "7", "8", "9", "10", "11", 
    "12", "13", "14", "15", "16", "17", "18", "19", "20", "21", 
    "22", "23", "24", "25", "26", "30"), c("x1", "x2", "x3", 
    "x4", "x5", "x6", "x7")), assign = 1:7), qraux = c(1.19245008972988, 
1.0066422713475, 1.29439942593498, 1.09361073781378, 1.04916408911488, 
1.02775062413302, 1.24707825801043), pivot = 1:7, tol = 1e-07, 
    rank = 7L), .Names = c("qr", "qraux", "pivot", "tol", "rank"
), class = "qr"), df.residual = 20L, xlevels = structure(list(), .Names = character(0)), 
    call = quote(lm(formula = y ~ . + 0, data = structure(list(y = c(43, 
        63, 71, 61, 81, 43, 58, 71, 72, 67, 64, 67, 69, 68, 77, 
        81, 74, 65, 65, 50, 50, 64, 53, 40, 63, 66, 82), x1 = c(1, 
        1, 1, 1, 1, 1, 1, 1, 1, 1, 1, 1, 1, 1, 1, 1, 1, 1, 1, 
        1, 1, 1, 1, 1, 1, 1, 1), x2 = c(51, 64, 70, 63, 78, 55, 
        67, 75, 82, 61, 53, 60, 62, 83, 77, 90, 85, 60, 70, 58, 
        40, 61, 66, 37, 54, 77, 82), x3 = c(30, 51, 68, 45, 56, 
        49, 42, 50, 72, 45, 53, 47, 57, 83, 54, 50, 64, 65, 46, 
        68, 33, 52, 52, 42, 42, 66, 39), x4 = c(39, 54, 69, 47, 
        66, 44, 56, 55, 67, 47, 58, 39, 42, 45, 72, 72, 69, 75, 
        57, 54, 34, 62, 50, 58, 48, 63, 59), x5 = c(61, 63, 76, 
        54, 71, 54, 66, 70, 71, 62, 58, 59, 55, 59, 79, 60, 79, 
        55, 75, 64, 43, 66, 63, 50, 66, 88, 64), x6 = c(64, 49, 
        49, 80, 73, 80, 74, 92, 79, 77, 76, 78, 80, 76, 80, 74, 
        57, 74, 83, 84, 83, 77, 85, 73, 77, 75, 83), x7 = c(45, 
        47, 48, 35, 47, 34, 35, 41, 31, 41, 34, 41, 25, 35, 46, 
        36, 63, 60, 46, 52, 33, 41, 37, 49, 33, 72, 39)), .Names = c("y", 
        "x1", "x2", "x3", "x4", "x5", "x6", "x7"),