
expected <- structure(list(coefficients = structure(c(22.642012297812, 0.666480132044132, 
-0.0379812893818552, -0.106338793576619, 0.162328479947927, -0.0302640276363839, 
-0.0620894631443342), .Names = c("x1", "x2", "x3", "x4", "x5", 
"x6", "x7")), residuals = structure(c(-10.8618088030976, -0.141970762810527, 
0.196119047354991, 6.87051592364837, -13.7604615499122, -7.90957275694775, 
-0.700223868750913, -2.52266554531234, 6.48193214018031, 10.1086055594394, 
4.97764507917477, 7.58059057949619, -7.20242830028415, 1.59971562765289, 
-0.811144633058105, -1.51440583097349, 9.71278032931206, -1.42548984702857, 
-7.24091993490895, 5.12554041219862, -11.3143022076225, 6.69304857540495, 
-6.6946273336475, 7.86066276157171, -6.39223215731914, 6.55693688469003, 
4.72816061154934), .Names = c("1", "2", "4", "5", "6", "7", "8", 
"9", "10", "11", "12", "13", "14", "15", "16", "17", "18", "19", 
"20", "21", "23", "25", "26", "27", "28", "29", "30")), effects = structure(c(-339.4819582835, 
47.9679701362602, -3.77147328366682, -5.15109553225557, 4.03824466737752, 
-1.84646209730651, 2.46265201392318, 3.309760653029, 7.92890169011057, 
14.9897997952295, 3.30241082427836, 12.8026763402832, -2.52975082462096, 
-0.346261953180068, 5.50867751912972, 2.79465432362301, 14.2107842884192, 
1.21161481863098, -5.81720444016132, 8.21430067118823, -9.33778346193798, 
8.96776335573279, -7.56060211837479, 11.3793234572168, -1.01755105542389, 
7.80732664976904, 5.43538469890835), .Names = c("x1", "x2", "x3", 
"x4", "x5", "x6", "x7", "", "", "", "", "", "", "", "", "", "", 
"", "", "", "", "", "", "", "", "", "")), rank = 7L, fitted.values = structure(c(53.8618088030976, 
63.1419707628105, 60.803880952645, 74.1294840763516, 56.7604615499122, 
65.9095727569478, 71.7002238687509, 74.5226655453123, 60.5180678598197, 
53.8913944405606, 62.0223549208252, 61.4194094205038, 75.2024283002842, 
75.4002843723471, 81.8111446330581, 75.5144058309735, 55.2872196706879, 
66.4254898470286, 57.2409199349089, 44.8744595878014, 64.3143022076225, 
56.3069514245951, 72.6946273336475, 70.1393372384283, 54.3922321573191, 
78.44306311531, 77.2718393884507), .Names = c("1", "2", "4", 
"5", "6", "7", "8", "9", "10", "11", "12", "13", "14", "15", 
"16", "17", "18", "19", "20", "21", "23", "25", "26", "27", "28", 
"29", "30")), assign = 1:7, qr = structure(list(qr = structure(c(-5.19615242270663, 
0.192450089729875, 0.192450089729875, 0.192450089729875, 0.192450089729875, 
0.192450089729875, 0.192450089729875, 0.192450089729875, 0.192450089729875, 
0.192450089729875, 0.192450089729875, 0.192450089729875, 0.192450089729875, 
0.192450089729875, 0.192450089729875, 0.192450089729875, 0.192450089729875, 
0.192450089729875, 0.192450089729875, 0.192450089729875, 0.192450089729875, 
0.192450089729875, 0.192450089729875, 0.192450089729875, 0.192450089729875, 
0.192450089729875, 0.192450089729875, -352.183664205672, 64.6889995800419, 
0.0319993232125807, -0.199879359366827, 0.155667953921598, -0.0298349921419281, 
-0.153503622850946, -0.261713674721336, 0.0629164808898351, 0.186585111598853, 
0.0783750597284623, 0.0474579020512079, -0.277172253559963, -0.1844207805282, 
-0.385382305430354, -0.308089411237218, 0.0783750597284623, -0.0762107286578097, 
0.109292217405717, 0.387546636501006, -0.0143764133033009, 0.171126532760225, 
-0.1844207805282, -0.153503622850946, 0.124750796244344, -0.308089411237218, 
-0.261713674721336, -275.588528493181, 34.8470719420076, 52.7318171508579, 
-0.00302588873069625, -0.0902646576236263, 0.157257799394405, 
0.0820635886736593, -0.268189587627373, 0.0429785122827351, -0.185249401711592, 
-0.00451385976124781, -0.17502347479897, -0.467227691914387, 
0.0253372704040889, 0.225532685492643, -0.0877847059060403, -0.345863750065704, 
0.110096087579433, -0.421884611358978, 0.069688370272463, -0.0419456350071147, 
0.0329179154846191, -0.202229323132215, -0.0696474736838769, 
0.0236839692590316, -0.220531885468885, 0.357618544597464, -296.180688094278, 
-16.0150876768178, 12.2332008886808, 57.0075939039793, 0.0738384355359949, 
-0.0721447723832601, -0.00745292375486613, -0.169368193437913, 
-0.0184737898766528, -0.149025135571398, 0.413881626888956, 0.0726066713868419, 
0.268984523339694, 0.278959273424389, 0.104325135135265, -0.333351866319979, 
-0.188648677306466, -0.333762255367609, 0.0585506656884836, 0.0279198737122152, 
0.037845772034059, -0.157324741651066, -0.0291728085434308, -0.312276273447695, 
-0.30326796123742, 0.165176628543303, 0.204373920276133, -336.210306758092, 
34.3214802614943, 2.22433458214142, 11.6730200001052, 38.3465586726282, 
-0.0475551591683925, -0.0349291680920921, 0.174240580311828, 
-0.00948106644696491, 0.0778995955578236, -0.0402430260385021, 
0.224387557878971, 0.446510946253627, -0.297471745296074, 0.369157558442461, 
-0.000940560659447029, 0.308606782707468, -0.161756694197219, 
0.00497692777289467, 0.172016082678306, 0.0440016609399704, -0.174676510566921, 
-0.392522757669877, -0.177772737078397, 0.297647775483674, -0.0367882954255933, 
0.0910814629769518, -388.749181254348, 2.79628514992061, 1.15192001105823, 
11.3965708504853, 12.9855516424387, 45.4138917635777, 0.317003976611082, 
-0.219720885172526, -0.0485052889077306, 0.141936055578299, 0.0419821932112167, 
0.110976068591267, -0.376085418896117, 0.23771007665803, 0.308114828012717, 
0.0532446959751455, -0.317987611550655, 0.0306669324323446, -0.0862077398790278, 
0.108756984790928, -0.094552554082601, 0.189021258909315, 0.348099677650737, 
0.186199827160236, -0.325695547947019, 0.109603444273652, -0.0239063409313609, 
-221.317603189357, 16.3019301952679, 12.7879695700635, 10.2905420224849, 
28.8857195501039, 7.60281693530667, -39.6629619457082, -0.462101220632819, 
-0.0355162005546623, -0.1792697078649, 0.0249493851562206, -0.291289697413611, 
-0.203608278375276, -0.0947006462499277, 0.23224767361606, 0.323556279310059, 
0.414234103516577, -0.0790510753463356, 0.0457148029839567, 0.080228123463381, 
-0.160069206382737, -0.30108648284346, 0.349092655408047, -0.0774104461197613, 
0.0205470284530249, 0.133918638477044, 0.0982037742242826), .Dim = c(27L, 
7L), .Dimnames = list(c("1", "2", "4", "5", "6", "7", "8", "9", 
"10", "11", "12", "13", "14", "15", "16", "17", "18", "19", "20", 
"21", "23", "25", "26", "27", "28", "29", "30"), c("x1", "x2", 
"x3", "x4", "x5", "x6", "x7")), assign = 1:7), qraux = c(1.19245008972988, 
1.01654074437395, 1.06210772519193, 1.22920862280394, 1.12847231500047, 
1.28008374696417, 1.00633077860782), pivot = 1:7, tol = 1e-07, 
    rank = 7L), .Names = c("qr", "qraux", "pivot", "tol", "rank"
), class = "qr"), df.residual = 20L, xlevels = structure(list(), .Names = character(0)), 
    call = quote(lm(formula = y ~ . + 0, data = structure(list(y = c(43, 
        63, 61, 81, 43, 58, 71, 72, 67, 64, 67, 69, 68, 77, 81, 
        74, 65, 65, 50, 50, 53, 63, 66, 78, 48, 85, 82), x1 = c(1, 
        1, 1, 1, 1, 1, 1, 1, 1, 1, 1, 1, 1, 1, 1, 1, 1, 1, 1, 
        1, 1, 1, 1, 1, 1, 1, 1), x2 = c(51, 64, 63, 78, 55, 67, 
        75, 82, 61, 53, 60, 62, 83, 77, 90, 85, 60, 70, 58, 40, 
        66, 54, 77, 75, 57, 85, 82), x3 = c(30, 51, 45, 56, 49, 
        42, 50, 72, 45, 53, 47, 57, 83, 54, 50, 64, 65, 46, 68, 
        33, 52, 42, 66, 58, 44, 71, 39), x4 = c(56, 50, 58, 42, 
        55, 59, 55, 67, 58, 69, 34, 55, 44, 39, 45, 74, 72, 74, 
        59, 58, 55, 67, 59, 74, 75, 47, 39), x5 = c(61, 63, 54, 
        71, 54, 66, 70, 71, 62, 58, 59, 55, 59, 79, 60, 79, 55, 
        75, 64, 43, 63, 66, 88, 80, 51, 77, 64), x6 = c(92, 73, 
        84, 83, 49, 68, 66, 83, 80, 67, 74, 63, 77, 77, 54, 79, 
        80, 85, 78, 64, 80, 75, 76, 78, 83, 74, 78), x7 = c(45, 
        47, 35, 47, 34, 35, 41, 31, 41, 34, 41, 25, 35, 46, 36, 
        63, 60, 46, 52, 33, 37, 33, 72, 49, 38, 55, 39)), .Names = c("y", 
        "x1", "x2", "x3", "x4", "x5", "x6", "x7"),