
expected <- structure(list(coefficients = structure(c(13.7765867725449, 0.750198151727752, 
-0.131138171263299, -0.149840894564848, 0.330184754553709, 0.0240973226256039, 
-0.187349377360725), .Names = c("x1", "x2", "x3", "x4", "x5", 
"x6", "x7")), residuals = structure(c(-10.1894363215346, 1.18597694325628, 
2.19613752926581, 3.20392725073363, 8.2545331474767, -11.5097411945418, 
-8.71487139194515, -1.2653220281546, -2.24818444395556, 7.48524033764805, 
10.0603987576209, 6.6360351400202, -4.44568657606717, 2.50773416233562, 
-0.0138666683950079, -4.293337987445, -5.06106907585558, -4.14788703208468, 
6.07999358429441, 5.58087746392478, -12.2254562209224, 2.46358211903008, 
-4.84524854491887, 6.78933546770112, -5.19789034287788, 7.05653120931258, 
4.6576947160781), .Names = c("1", "2", "3", "4", "5", "6", "7", 
"8", "9", "10", "11", "12", "14", "15", "16", "17", "19", "20", 
"21", "22", "23", "24", "26", "27", "28", "29", "30")), effects = structure(c(-335.248056309443, 
55.507881731414, 5.01730832808559, 3.23242135628813, 6.37728321736275, 
1.01996912896118, -5.69598108628565, 4.05339984532067, -1.82598909417959, 
8.66063215067929, 12.3766322571844, 7.86585049509327, -9.15122954209079, 
8.3331525617782, 2.82090305560635, -2.03353809538504, -0.637983833727349, 
-5.37354049903367, 6.46817731441615, 7.31808639919243, -11.1173418054567, 
3.9422092813263, 0.529900899590063, 12.0276361974633, -8.34196457169941, 
9.34253267441016, 6.56588448203231), .Names = c("x1", "x2", "x3", 
"x4", "x5", "x6", "x7", "", "", "", "", "", "", "", "", "", "", 
"", "", "", "", "", "", "", "", "", "")), rank = 7L, fitted.values = structure(c(53.1894363215346, 
61.8140230567437, 68.8038624707342, 57.7960727492664, 72.7454668525233, 
54.5097411945418, 66.7148713919452, 72.2653220281546, 74.2481844439556, 
59.514759662352, 53.9396012423791, 60.3639648599798, 72.4456865760672, 
74.4922658376644, 81.013866668395, 78.293337987445, 70.0610690758556, 
54.1478870320847, 43.9200064157056, 58.4191225360752, 65.2254562209224, 
37.5364178809699, 70.8452485449189, 71.2106645322989, 53.1978903428779, 
77.9434687906874, 77.3423052839219), .Names = c("1", "2", "3", 
"4", "5", "6", "7", "8", "9", "10", "11", "12", "14", "15", "16", 
"17", "19", "20", "21", "22", "23", "24", "26", "27", "28", "29", 
"30")), assign = 1:7, qr = structure(list(qr = structure(c(-5.19615242270663, 
0.192450089729875, 0.192450089729875, 0.192450089729875, 0.192450089729875, 
0.192450089729875, 0.192450089729875, 0.192450089729875, 0.192450089729875, 
0.192450089729875, 0.192450089729875, 0.192450089729875, 0.192450089729875, 
0.192450089729875, 0.192450089729875, 0.192450089729875, 0.192450089729875, 
0.192450089729875, 0.192450089729875, 0.192450089729875, 0.192450089729875, 
0.192450089729875, 0.192450089729875, 0.192450089729875, 0.192450089729875, 
0.192450089729875, 0.192450089729875, -350.644063487833, 69.9767157041593, 
-0.0740027970375246, 0.0260304773103873, -0.188326539149424, 
0.140354219422287, -0.0311313937455624, -0.145455135857462, -0.245488410205373, 
0.0546114128383621, 0.168935154950261, 0.0689018806023495, -0.259778877969361, 
-0.174036071385436, -0.359812152317273, -0.288359813497336, -0.0740027970375246, 
0.0974828161303243, 0.354711235882098, 0.0546114128383621, -0.0168409259815749, 
0.39758263917406, -0.174036071385436, -0.145455135857462, 0.111773283894312, 
-0.288359813497336, -0.245488410205373, -275.203628313722, 37.1192253786653, 
-51.7989002803227, -0.0646111375218958, 0.00305168115368953, 
0.0897822602435688, -0.161113265566024, -0.0838415133947335, 
0.273352707176091, -0.045318217241926, 0.186296897169124, 0.00293910122085157, 
0.476065967811465, -0.0259127170291181, -0.228538415494507, 0.0899698934649654, 
-0.112830929340394, 0.427646033890144, -0.074407704238998, 0.0898197868878481, 
0.0415874861879235, 0.128280538633523, 0.205752432907637, 0.0706019198964369, 
-0.0260378058433825, 0.22510789759474, -0.363726455149987, -283.863882351566, 
16.1884535936785, 6.83939670396378, -47.5547360340421, -0.017993209944576, 
-0.11849108106444, -0.00881156414649389, -0.106674229748255, 
0.371508335579606, 0.0911268471897131, -0.0325219737322042, -0.30748499419023, 
-0.0998522731004094, 0.0435695157652896, -0.280955231909284, 
-0.294894633263425, -0.058040256669628, 0.0675238778277946, -0.290465386010381, 
0.342498442928479, -0.171210552680657, 0.0874096430063875, 0.135033797982733, 
0.234680621918016, 0.189209750250077, -0.232778635401542, -0.20070153692086, 
-339.28950819377, 36.8715239374229, -8.58423415944909, -8.80629410475942, 
37.7475887997883, 0.170525593340251, -0.0615079966555662, -0.025590472667838, 
0.172892465814464, -0.00170087892166951, 0.0692904193572785, 
0.0797976353298944, 0.575098290839107, -0.215024489087392, 0.40497962799862, 
-0.0599415547292708, -0.240044291326775, 0.0660682715303514, 
0.188932993375981, -0.0606250258397194, 0.0737141854751341, 0.0308592787805789, 
-0.373068794616097, -0.236702795129017, 0.238881962145894, 0.0399379810129416, 
0.137036737164804, -389.711431702997, 9.93187509597131, -2.61272901832825, 
-21.0302458714322, 12.8000181492482, 44.2766281250146, 0.212344401482219, 
0.253101771074207, 0.148399379632178, -0.0323358661316436, 0.18790165473151, 
-0.102765372072279, 0.00810408925514851, 0.137523515064827, 0.391796513790817, 
-0.0472840549395629, -0.133923979672751, 0.0523501441084276, 
0.000658637975499288, 0.124154814600664, -0.136857729721556, 
0.395116893564584, 0.277778817604826, 0.218430942247128, -0.121192097235131, 
0.0963772949547144, -0.113188467231425, -225.166604983954, 11.2561251087674, 
-11.4580557756746, 2.55536560315707, 34.1332401662217, 0.25075644447289, 
30.4029891453471, 0.115325926540513, 0.290435810354802, 0.0366494453729525, 
0.258495557493058, 0.0757089463799366, -0.0434856884909688, 0.153017743514886, 
-0.141502677100304, -0.387160027062367, 0.177170331131775, -0.229292877133144, 
0.106222243669196, 0.0681377668707364, 0.219675949331208, -0.329651095269367, 
-0.487927032004207, 0.0488594617449442, -0.137401292335446, -0.208627878951502, 
-0.00423208702367555), .Dim = c(27L, 7L), .Dimnames = list(c("1", 
"2", "3", "4", "5", "6", "7", "8", "9", "10", "11", "12", "14", 
"15", "16", "17", "19", "20", "21", "22", "23", "24", "26", "27", 
"28", "29", "30"), c("x1", "x2", "x3", "x4", "x5", "x6", "x7"
)), assign = 1:7), qraux = c(1.19245008972988, 1.0117400095464, 
1.31188851221032, 1.3230339640393, 1.02129941098056, 1.52401872428482, 
1.27116447304403), pivot = 1:7, tol = 1e-07, rank = 7L), .Names = c("qr", 
"qraux", "pivot", "tol", "rank"), class = "qr"), df.residual = 20L, 
    xlevels = structure(list(), .Names = character(0)), call = quote(lm(formula = y ~ 
        . + 0, data = structure(list(y = c(43, 63, 71, 61, 81, 
        43, 58, 71, 72, 67, 64, 67, 68, 77, 81, 74, 65, 50, 50, 
        64, 53, 40, 66, 78, 48, 85, 82), x1 = c(1, 1, 1, 1, 1, 
        1, 1, 1, 1, 1, 1, 1, 1, 1, 1, 1, 1, 1, 1, 1, 1, 1, 1, 
        1, 1, 1, 1), x2 = c(51, 64, 70, 63, 78, 55, 67, 75, 82, 
        61, 53, 60, 83, 77, 90, 85, 70, 58, 40, 61, 66, 37, 77, 
        75, 57, 85, 82), x3 = c(30, 51, 68, 45, 56, 49, 42, 50, 
        72, 45, 53, 47, 83, 54, 50, 64, 46, 68, 33, 52, 52, 42, 
        66, 58, 44, 71, 39), x4 = c(59, 47, 45, 71, 59, 45, 58, 
        55, 75, 59, 47, 39, 50, 62, 54, 47, 56, 50, 34, 69, 47, 
        48, 63, 69, 62, 48, 57), x5 = c(61, 63, 76, 54, 71, 54, 
        66, 70, 71, 62, 58, 59, 59, 79, 60, 79, 75, 64, 43, 66, 
        63, 50, 88, 80, 51, 77, 64), x6 = c(92, 73, 86, 84, 83, 
        49, 68, 66, 83, 80, 67, 74, 77, 77, 54, 79, 85, 78, 64, 
        80, 80, 57, 76, 78, 83, 74, 78), x7 = c(45, 47, 48, 35, 
        47, 34, 35, 41, 31, 41, 34, 41, 35, 46, 36, 63, 46, 52, 
        33, 41, 37, 49, 72, 49, 38, 55, 39)), .Names = c("y", 
        "x1", "x2", "x3", "x4", "x5", "x6", "x7"),