
expected <- structure(list(coefficients = structure(c(19.5897078030737, 0.585415735477822, 
-0.270927015452857, 0.176861673248007, 0.153000441275619, 0.0786011407293765, 
-0.139216625657764), .Names = c("x1", "x2", "x3", "x4", "x5", 
"x6", "x7")), residuals = structure(c(3.27319199952545, 1.96524153207835, 
0.312869270586418, -5.52656427873087, -9.90820592872292, 1.67510028553394, 
1.97220144699902, 1.44900718823833, 1.84615488131285, 9.52753777150761, 
8.53341555250363, -6.15300542191648, -0.757183176381288, -1.04491937315819, 
1.34365871603768, 3.13324729644452, -1.68832304280325, -11.2118498978456, 
6.69859227883993, -1.56479549014997, -9.67442105102719, -3.27038871961967, 
2.47566973569309, -0.80009627902427, 2.60060832031092, -2.44712031946398, 
7.24037670323196), .Names = c("2", "3", "4", "6", "7", "8", "9", 
"10", "11", "12", "13", "14", "15", "16", "17", "18", "19", "20", 
"21", "22", "23", "24", "25", "26", "27", "28", "29")), effects = structure(c(-333.516005501874, 
-45.8271796854879, 17.7848330744514, 7.66875599011611, -4.08821566776087, 
3.0722278420458, -5.49899443109141, 3.55981371776088, 0.361086792329455, 
11.981193762913, 8.86470930830946, -6.0943894876004, -1.33585665198208, 
-8.26297128964284, 0.241351680282585, -3.47057339059716, 0.477712231132823, 
-10.4324375825556, 6.974028185031, -2.12148463566134, -8.88324869712558, 
-7.02355588796457, 5.43208086174982, 2.02184895936596, 1.83265302498818, 
-3.38068360288455, 5.41984293560183), .Names = c("x1", "x2", 
"x3", "x4", "x5", "x6", "x7", "", "", "", "", "", "", "", "", 
"", "", "", "", "", "", "", "", "", "", "", "")), rank = 7L, 
    fitted.values = structure(c(59.7268080004745, 69.0347584679216, 
    60.6871307294136, 48.5265642787309, 67.9082059287229, 69.3248997144661, 
    70.027798553001, 65.5509928117617, 62.1538451186872, 57.4724622284924, 
    60.4665844474964, 74.1530054219165, 77.7571831763813, 82.0449193731582, 
    72.6563412839623, 61.8667527035555, 66.6883230428032, 61.2118498978456, 
    43.3014077211601, 65.56479549015, 62.6744210510272, 43.2703887196197, 
    60.5243302643069, 66.8000962790243, 75.3993916796891, 50.447120319464, 
    77.759623296768), .Names = c("2", "3", "4", "6", "7", "8", 
    "9", "10", "11", "12", "13", "14", "15", "16", "17", "18", 
    "19", "20", "21", "22", "23", "24", "25", "26", "27", "28", 
    "29")), assign = 1:7, qr = structure(list(qr = structure(c(-5.19615242270663, 
    0.192450089729875, 0.192450089729875, 0.192450089729875, 
    0.192450089729875, 0.192450089729875, 0.192450089729875, 
    0.192450089729875, 0.192450089729875, 0.192450089729875, 
    0.192450089729875, 0.192450089729875, 0.192450089729875, 
    0.192450089729875, 0.192450089729875, 0.192450089729875, 
    0.192450089729875, 0.192450089729875, 0.192450089729875, 
    0.192450089729875, 0.192450089729875, 0.192450089729875, 
    0.192450089729875, 0.192450089729875, 0.192450089729875, 
    0.192450089729875, 0.192450089729875, -343.908310347287, 
    -67.2761032913922, -0.0421028710864252, -0.16101582247051, 
    0.0173536046056173, 0.136266555989702, 0.240315388450777, 
    -0.0718311089324464, -0.190744060316531, -0.0866952278554571, 
    -0.0569669900094358, 0.255179507373787, 0.165994793835724, 
    0.359228339834862, 0.284907745219808, -0.0866952278554571, 
    0.0619459613746492, -0.116423465701478, -0.38397760631567, 
    -0.0718311089324464, 0.00248948568260667, -0.428569963084701, 
    -0.175879941393521, 0.165994793835724, 0.136266555989702, 
    -0.131287584624489, 0.284907745219808, -265.773573916958, 
    -16.3543844757732, -61.9188300586017, 0.305970636243987, 
    -0.171172169982409, -0.047829231528509, 0.419437254482952, 
    -0.336355165593142, -0.29819634455747, -0.0247319699334953, 
    -0.0665720270903279, -0.199039284206882, -0.218870696277, 
    -0.280878780459967, 0.162875057360217, -0.073182497780367, 
    0.0729210873125296, -0.17669402416415, 0.0383647307577708, 
    -0.142553054205655, 0.0597001459324512, 0.10112481649302, 
    -0.157614613646314, 0.201033878395889, -0.128580111273295, 
    0.361031634780898, -0.0955277578230994, -293.87128701752, 
    -33.9678148766177, 4.1141753853427, 49.2130854557315, 0.0577408597384155, 
    0.156295130730506, -0.101557319198896, 0.198622526955197, 
    -0.140194913380903, 0.276344619114862, 0.251623171546859, 
    0.500738398360105, -0.123251357292385, 0.0641105778105746, 
    -0.0433617769442666, -0.444048587412561, 0.0213541420158471, 
    -0.0202120972817287, 0.0971075187737738, -0.150652672975354, 
    0.11335594422869, -0.444924578692756, 0.0440568699682261, 
    -0.0367426358798378, -0.211248458339412, 0.0259385413850246, 
    -0.0246970863002941, -335.440506399173, -38.1446322939837, 
    -2.06634711014214, 17.4034642383177, -36.3112012463021, 0.0486648309017688, 
    -0.104013914144514, 0.0686342296266726, -0.0463018922905649, 
    0.0963163919299063, -0.071453663575631, -0.266069944916494, 
    0.0927449637938169, -0.599621704605538, 0.0431731375319689, 
    -0.372929592889959, 0.237342096933875, 0.102062423542015, 
    -0.0365794603441844, 0.0418179279184968, 0.0262572903658832, 
    -0.0393955185758448, 0.268547060750951, 0.454470262694375, 
    0.131283201539863, -0.122397189120051, -0.0469653439248665, 
    -382.975678562452, -12.3443755040988, -4.769155389376, 4.22152202695131, 
    -15.9798883524091, 44.5569646625073, 0.0985313104949844, 
    -0.409977199988431, 0.0176535679963876, -0.213001457385145, 
    -0.00250515776473216, -0.424737862034121, 0.0412443332949162, 
    0.295496004451977, 0.12804029855203, -0.0441018504232339, 
    -0.136396104779916, -0.177960974951474, -0.0466656982791887, 
    -0.121324683759818, -0.186640295226853, 0.461802881933562, 
    -0.124147432508117, 0.272489543884342, 0.105179338108293, 
    -0.205708452185312, 0.106777535932289, -222.664753817466, 
    -13.9386898893224, -6.98711359120618, 28.9455859554274, -19.5626893449755, 
    3.0887144824417, 39.4995526224689, -0.082544199504045, 0.269441408815565, 
    -0.168492255408551, 0.204507830892178, -0.155529288248126, 
    0.147550665062899, 0.0900219094577404, -0.329446370255748, 
    -0.180873465277154, 0.0281831534795999, -0.200010003531303, 
    0.0045942756321214, 0.187861168236571, 0.0881389141620812, 
    0.0120965350616704, 0.246633707748168, -0.498368541174222, 
    0.140578558346037, 0.0290517132434642, -0.164457052361878
    ), .Dim = c(27L, 7L), .Dimnames = list(c("2", "3", "4", "6", 
    "7", "8", "9", "10", "11", "12", "13", "14", "15", "16", 
    "17", "18", "19", "20", "21", "22", "23", "24", "25", "26", 
    "27", "28", "29"), c("x1", "x2", "x3", "x4", "x5", "x6", 
    "x7")), assign = 1:7), qraux = c(1.19245008972988, 1.06194596137465, 
    1.009409000025, 1.03225949931213, 1.02313687070137, 1.13802569255522, 
    1.46279823880387), pivot = 1:7, tol = 1e-07, rank = 7L), .Names = c("qr", 
    "qraux", "pivot", "tol", "rank"), class = "qr"), df.residual = 20L, 
    xlevels = structure(list(), .Names = character(0)), call = quote(lm(formula = y ~ 
        . + 0, data = structure(list(y = c(63, 71, 61, 43, 58, 
        71, 72, 67, 64, 67, 69, 68, 77, 81, 74, 65, 65, 50, 50, 
        64, 53, 40, 63, 66, 78, 48, 85), x1 = c(1, 1, 1, 1, 1, 
        1, 1, 1, 1, 1, 1, 1, 1, 1, 1, 1, 1, 1, 1, 1, 1, 1, 1, 
        1, 1, 1, 1), x2 = c(64, 70, 63, 55, 67, 75, 82, 61, 53, 
        60, 62, 83, 77, 90, 85, 60, 70, 58, 40, 61, 66, 37, 54, 
        77, 75, 57, 85), x3 = c(58, 57, 52, 68, 42, 52, 83, 30, 
        30, 49, 47, 45, 42, 42, 68, 46, 58, 39, 47, 42, 56, 50, 
        39, 68, 47, 72, 52), x4 = c(54, 69, 47, 44, 56, 55, 67, 
        47, 58, 39, 42, 45, 72, 72, 69, 75, 57, 54, 34, 62, 50, 
        58, 48, 63, 74, 45, 71), x5 = c(63, 76, 54, 54, 66, 70, 
        71, 62, 58, 59, 55, 59, 79, 60, 79, 55, 75, 64, 43, 66, 
        63, 50, 66, 88, 80, 51, 77), x6 = c(73, 86, 84, 49, 68, 
        66, 83, 80, 67, 74, 63, 77, 77, 54, 79, 80, 85, 78, 64, 
        80, 80, 57, 75, 76, 78, 83, 74),