
expected <- structure(list(coefficients = structure(c(0.548730775501379, 
0.200498618232498, 0.177724576370747, 0.127840744264858, 0.222718829500709, 
0.351729908438686, -0.218868275599211), .Names = c("x1", "x2", 
"x3", "x4", "x5", "x6", "x7")), residuals = structure(c(-23.1290312980807, 
-6.66681972039083, 15.3905079796786, 8.27602241236083, 2.82125933127555, 
-20.682801975686, -7.60495286642483, 9.60815108517192, 8.89677718796636, 
-2.44079460580622, 2.09036319079692, 2.67001601862461, 4.83204271382426, 
11.8802410467916, -4.05745034549307, -2.57800027490898, -19.7859480306988, 
-4.21053390272374, -4.05292455715281, -6.25256084774026, -15.8539684726503, 
3.47653154175446, 3.19232414510199, 14.1269648995476, -10.3766654674405, 
29.4419264599524, 18.4386742502808), .Names = c("1", "2", "3", 
"4", "5", "6", "7", "8", "9", "11", "12", "13", "14", "15", "18", 
"19", "20", "21", "22", "23", "24", "25", "26", "27", "28", "29", 
"30")), effects = structure(c(-289.377086751283, -154.099584563826, 
-26.7554536625134, 13.4065968765854, -19.9948035564403, 15.8146008269452, 
7.51419601845326, 13.125537951191, 15.8766785510562, -4.69885603388019, 
3.23185290702689, 10.9670659058584, 9.59582864247917, 13.9649283569394, 
3.34392309136216, -7.1290936495991, -14.9447105142643, 0.357194042303937, 
6.28237887542519, -13.3733236192392, -19.6310831330275, 7.53466137338877, 
12.0957713389094, 23.707920452219, -14.436945801209, 27.5701053381115, 
22.8072688316302), .Names = c("x1", "x2", "x3", "x4", "x5", "x6", 
"x7", "", "", "", "", "", "", "", "", "", "", "", "", "", "", 
"", "", "", "", "", "")), rank = 7L, fitted.values = structure(c(66.1290312980807, 
69.6668197203908, 55.6094920203214, 52.7239775876392, 78.1787406687244, 
63.682801975686, 65.6049528664248, 61.3918489148281, 63.1032228120336, 
66.4407946058062, 64.9096368092031, 66.3299839813754, 63.1679572861757, 
65.1197589532084, 69.0574503454931, 67.578000274909, 69.7859480306988, 
54.2105339027237, 68.0529245571528, 59.2525608477403, 55.8539684726503, 
59.5234684582455, 62.807675854898, 63.8730351004524, 58.3766654674405, 
55.5580735400476, 63.5613257497192), .Names = c("1", "2", "3", 
"4", "5", "6", "7", "8", "9", "11", "12", "13", "14", "15", "18", 
"19", "20", "21", "22", "23", "24", "25", "26", "27", "28", "29", 
"30")), assign = 1:7, qr = structure(list(qr = structure(c(-6.63432261317191, 
0.158420781378133, -0.0123088940270818, 0.232007696457758, 0.329287472559917, 
0.189883563096983, 0.0627097957551818, 0.0766077486615313, 0.0719544385927968, 
0.139486404876641, 0.150496047878447, 0.224029128333916, 0.147904950201225, 
0.159211125130143, 0.294783288972769, 0.149713842031452, 0.184002367382107, 
0.0868519831538012, 0.259195193948874, 0.118410940056339, 0.0375371670318879, 
0.339097701242357, 0.269276533489136, 0.0712491759504683, 0.221245017644172, 
0.0412100576842938, 0.365826232482057, -320.319731636926, -196.553477517056, 
0.318285633602623, -0.162567723567669, -0.162770258438661, 0.0236715386004452, 
0.304077725307215, 0.272794350601817, 0.322266581686083, 0.0270850149544959, 
0.09791150549255, 0.0101886546675681, 0.138409080232802, -0.00500565484029634, 
-0.138436081160755, 0.0739474847392142, 0.00931840182580897, 
0.126293551070778, -0.056094469121653, 0.0820723453169239, 0.198894398462972, 
-0.359329756740459, -0.12597312572216, 0.287982185909522, -0.142281576691997, 
0.232672903694139, -0.379183262807229, -235.751232941589, -138.396067445387, 
-65.1911395986644, 0.122998681722854, -0.146126663264091, 0.259082694361073, 
-0.0503106061915041, -0.0863578891062718, -0.184593541080845, 
0.278650626219448, 0.229559537052852, -0.0911423350690398, -0.073110655217046, 
0.114297622094778, -0.169457966085049, 0.25079891276306, -0.0109789457927955, 
0.418250796838823, -0.0154767722513519, 0.478224458850934, 0.200442695517893, 
0.216853506789892, -0.00401879058517813, 0.225549940751657, 0.200012060662598, 
0.132641720227321, 0.046418056810728, -259.678051577662, -141.015038536973, 
-43.7429443031004, 59.0306975982943, 0.0928031970422326, 0.000271178551576341, 
-0.198015868014734, 0.0378208386254745, -0.113300393130736, -0.262337997551309, 
0.275131149015716, -0.00578568844798739, 0.189441287646411, -0.434891492326809, 
-0.120524756287026, 0.288046854870712, -0.379539189380579, -0.21956914832658, 
-0.0562697546128313, 0.35777087448447, -0.193237323823083, 0.0737200300223191, 
-0.135963839467969, -0.0540887713572634, 0.187599948330352, 0.00857830575532514, 
-0.129038515357791, -295.794273804411, -157.571659308567, -34.925563173385, 
7.97887803166705, -64.1050880168144, -0.0743009802416544, -0.104951351352384, 
-0.223483676459128, -0.186320281820789, -0.055082004214569, -0.0437448617876878, 
-0.170144842086663, 0.0522446636433005, 0.170584624414899, -0.186259491988917, 
-0.131294225480504, 0.18172839004895, -0.397989857842159, -0.252432466480077, 
-0.374218493381491, -0.0140372595967315, 0.315102034073928, -0.23698715260078, 
-0.332387656811418, 0.106408959125197, -0.110910649010605, 0.130630589896522, 
-330.426022931232, -174.975408439807, -16.7929150647833, 16.0743257447474, 
-19.186495057622, 58.8195739023555, 0.0224843547629457, -0.128962638872568, 
-0.118545476583026, -0.23054436228636, 0.244266034732915, 0.0469471977049112, 
0.154474750135236, -0.129786509811, -0.236348197844237, -0.131675498322032, 
-0.069793136371659, 0.251888419813355, 0.16637941355031, -0.146863654172828, 
-0.281329006019564, 0.319730058981237, 0.0241594193696708, 0.528035514867899, 
-0.168136997293447, -0.139933271731093, -0.117827620057002, -163.033798944772, 
-112.264903948837, -18.7688031916357, 7.17691466663808, -4.71091919904079, 
22.2691137068125, -34.3320474284412, 0.142448173803688, 0.6084542500962, 
-0.199817141950713, -0.232192115754265, 0.00177122495951846, 
-0.0517833821070958, -0.0221071657576846, 0.0073301666468788, 
-0.34326700623066, -0.0628878454824124, -0.212407495127701, -0.19732338355709, 
-0.0419969641959415, 0.233744761966241, -0.109491945249962, 0.0255144807687323, 
-0.415955243167423, -0.00193117509169348, -0.0755315672885541, 
0.219214217189538), .Dim = c(27L, 7L), .Dimnames = list(c("1", 
"2", "3", "4", "5", "6", "7", "8", "9", "11", "12", "13", "14", 
"15", "18", "19", "20", "21", "22", "23", "24", "25", "26", "27", 
"28", "29", "30"), c("x1", "x2", "x3", "x4", "x5", "x6", "x7"
)), assign = 1:7), qraux = c(1.10754781463767, 1.0931498371242, 
1.04263347623671, 1.17694610020195, 1.28132920579644, 1.31591202595431, 
1.10373987718998), pivot = 1:7, tol = 1e-07, rank = 7L), .Names = c("qr", 
"qraux", "pivot", "tol", "rank"), class = "qr"), df.residual = 20L, 
    xlevels = structure(list(), .Names = character(0)), call = quote(lm(formula = y ~ 
        . + 0, data = structure(list(y = c(43, 63, 71, 61, 81, 
        43, 58, 71, 72, 64, 67, 69, 68, 77, 65, 65, 50, 50, 64, 
        53, 40, 63, 66, 78, 48, 85, 82), x1 = c(0.713506898647887, 
        1.05101457229331, -0.0816611739870052, 1.53921390703963, 
        2.18459932543848, 1.25974881652397, 0.416037016045994, 
        0.508240519289387, 0.477368959074281, 0.925397810103153, 
        0.998439333632985, 1.48628151211489, 0.981249155720053, 
        1.05625796771945, 1.95568744001723, 0.993249927694108, 
        1.22073106680028, 0.576204075836089, 1.71958453644049, 
        0.785576377262714, 0.249033676074065, 2.24968354742678, 
        1.78646739532352, 0.472690019178056, 1.46781082360835, 
        0.273400817585029, 2.42700924664719), x2 = c(90, 77, 
        58, 54, 90, 75, 83, 82, 90, 57, 75, 85, 82, 58, 82, 70, 
        70, 57, 85, 60, 53, 55, 75, 83, 54, 61, 61), x3 = c(44, 
        47, 42, 45, 52, 68, 53, 50, 49, 57, 66, 52, 51, 47, 45, 
        64, 47, 66, 57, 72, 49, 52, 51, 71, 50, 50, 45), x4 = c(47, 
        45, 48, 39, 57, 69, 66, 50, 59, 72, 50, 59, 44, 75, 62, 
        47, 74, 75, 67, 47, 58, 54, 66, 72, 42, 48, 62),