
expected <- structure(list(coefficients = structure(c(15.2432163634174, 0.739713463124325, 
-0.0901455247093512, -0.120696992616857, 0.253481638400334, -0.00453295625230342, 
-0.127507497609385), .Names = c("x1", "x2", "x3", "x4", "x5", 
"x6", "x7")), residuals = structure(c(-10.0541102149534, 2.97086926650288, 
3.14578214824804, 2.93639281537167, 6.91053899452603, -10.5198422586386, 
-9.54532638013282, 0.052031506584326, -4.19774251296954, 8.04860686151304, 
10.7843484623033, 10.9088284779118, -3.2142733643947, 0.56322111020463, 
-1.01124190860463, -3.34518609396259, -2.55024284870815, -4.49653435210209, 
7.53464924267006, 1.88966815068945, -9.78245340998101, -0.8906407430271, 
-4.46340159355503, 5.83004680569109, -8.07725026470372, 6.54310116749837, 
4.03016093601864), .Names = c("1", "2", "3", "4", "5", "6", "7", 
"8", "9", "10", "11", "12", "14", "15", "16", "17", "19", "20", 
"21", "22", "23", "24", "26", "27", "28", "29", "30")), effects = structure(c(-335.248056309443, 
55.507881731414, 5.01730832808559, 6.357258203115, 5.58098063592833, 
0.229955511966347, -4.06572639123345, 5.43010132986667, -2.83873928682675, 
9.27918684744842, 12.7052992691243, 11.6703214170527, -7.53882104231109, 
6.61173913394314, 2.38472060237531, -1.31528258357469, 1.87316138347078, 
-6.23704215334275, 7.18146128855921, 3.88369384579851, -8.73044013375203, 
-0.340626382030736, 0.480059099965618, 11.2778132586825, -10.9178703573261, 
8.72511008289053, 6.5508248158074), .Names = c("x1", "x2", "x3", 
"x4", "x5", "x6", "x7", "", "", "", "", "", "", "", "", "", "", 
"", "", "", "", "", "", "", "", "", "")), rank = 7L, fitted.values = structure(c(53.0541102149534, 
60.0291307334971, 67.854217851752, 58.0636071846283, 74.089461005474, 
53.5198422586386, 67.5453263801328, 70.9479684934157, 76.1977425129695, 
58.951393138487, 53.2156515376967, 56.0911715220882, 71.2142733643947, 
76.4367788897954, 82.0112419086046, 77.3451860939626, 67.5502428487082, 
54.4965343521021, 42.4653507573299, 62.1103318493105, 62.782453409981, 
40.8906407430271, 70.463401593555, 72.1699531943089, 56.0772502647037, 
78.4568988325016, 77.9698390639814), .Names = c("1", "2", "3", 
"4", "5", "6", "7", "8", "9", "10", "11", "12", "14", "15", "16", 
"17", "19", "20", "21", "22", "23", "24", "26", "27", "28", "29", 
"30")), assign = 1:7, qr = structure(list(qr = structure(c(-5.19615242270663, 
0.192450089729875, 0.192450089729875, 0.192450089729875, 0.192450089729875, 
0.192450089729875, 0.192450089729875, 0.192450089729875, 0.192450089729875, 
0.192450089729875, 0.192450089729875, 0.192450089729875, 0.192450089729875, 
0.192450089729875, 0.192450089729875, 0.192450089729875, 0.192450089729875, 
0.192450089729875, 0.192450089729875, 0.192450089729875, 0.192450089729875, 
0.192450089729875, 0.192450089729875, 0.192450089729875, 0.192450089729875, 
0.192450089729875, 0.192450089729875, -350.644063487833, 69.9767157041593, 
-0.0740027970375246, 0.0260304773103873, -0.188326539149424, 
0.140354219422287, -0.0311313937455624, -0.145455135857462, -0.245488410205373, 
0.0546114128383621, 0.168935154950261, 0.0689018806023495, -0.259778877969361, 
-0.174036071385436, -0.359812152317273, -0.288359813497336, -0.0740027970375246, 
0.0974828161303243, 0.354711235882098, 0.0546114128383621, -0.0168409259815749, 
0.39758263917406, -0.174036071385436, -0.145455135857462, 0.111773283894312, 
-0.288359813497336, -0.245488410205373, -275.203628313722, 37.1192253786653, 
-51.7989002803227, -0.0646111375218958, 0.00305168115368953, 
0.0897822602435688, -0.161113265566024, -0.0838415133947335, 
0.273352707176091, -0.045318217241926, 0.186296897169124, 0.00293910122085157, 
0.476065967811465, -0.0259127170291181, -0.228538415494507, 0.0899698934649654, 
-0.112830929340394, 0.427646033890144, -0.074407704238998, 0.0898197868878481, 
0.0415874861879235, 0.128280538633523, 0.205752432907637, 0.0706019198964369, 
-0.0260378058433825, 0.22510789759474, -0.363726455149987, -282.131831543997, 
6.41853713236575, -8.70762057568281, -53.912979463391, -0.163603077176124, 
0.0787918314378132, -0.164222529247395, 0.153117068754315, 0.0513724258031388, 
0.14312764763267, -0.0187612388750272, 0.326206226484334, 0.229930490758566, 
-0.274427801606856, -0.110560702592973, 0.0229277659502315, 0.243880901851363, 
0.0124178745905843, -0.128304063759906, -0.28851043677612, 0.142952428152892, 
-0.397351760499334, 0.310507562309983, 0.0731809469758245, -0.231002288241586, 
-0.167580999890151, -0.166069140919666, -339.28950819377, 36.8715239374229, 
-8.58423415944909, -0.634728973573184, 38.7560110845728, 0.153575874155417, 
-0.0336345832975963, -0.0493340697774175, 0.159896359125603, 
-0.02461783927059, 0.070512818797585, 0.0257791546448858, 0.523433948009022, 
-0.165569584770827, 0.412337977144971, -0.0618261457547139, -0.272761696897862, 
0.0623119952038546, 0.20475794886858, -0.0131610736659997, 0.049061251716824, 
0.0935441003674233, -0.413127368628405, -0.242426042160558, 0.269470618036484, 
0.0658782415193325, 0.160184453876507, -389.711431702997, 9.93187509597131, 
-2.61272901832825, -7.48430604206923, 17.1229656382014, 47.0884350448858, 
0.16088622202605, 0.329903269972609, -0.0220376832051051, -0.0317084037585151, 
0.182917987026315, 0.129143260260581, 0.0897337779997221, 0.0434282843793848, 
0.44563857471443, 0.0978846324574971, -0.0207357092325367, 0.0190942156848828, 
0.0873151139926122, -0.115264557607261, -0.0150898528777262, 
0.220198056518862, 0.303919001940422, 0.130799355118731, -0.274749682112449, 
0.147314309454922, -0.0683399269630115, -225.166604983954, 11.2561251087674, 
-11.4580557756746, 0.179677064221755, 32.6674036868279, -3.4774843544699, 
31.8861750678274, 0.0983569983758839, 0.393645607580993, 0.0489935586262964, 
0.260997674796763, -0.022120231412934, -0.0355144894747167, 0.165688924023373, 
-0.137375979547952, -0.452607577349321, 0.11575686699611, -0.192834267916862, 
0.0465415778279797, 0.169825872640639, 0.153242998927841, -0.238098033038675, 
-0.444110879458411, 0.106271269108014, -0.0687988699899132, -0.239089668357736, 
-0.0486756614727806), .Dim = c(27L, 7L), .Dimnames = list(c("1", 
"2", "3", "4", "5", "6", "7", "8", "9", "10", "11", "12", "14", 
"15", "16", "17", "19", "20", "21", "22", "23", "24", "26", "27", 
"28", "29", "30"), c("x1", "x2", "x3", "x4", "x5", "x6", "x7"
)), assign = 1:7), qraux = c(1.19245008972988, 1.0117400095464, 
1.31188851221032, 1.31200311178015, 1.04692605754223, 1.56016455671277, 
1.27813562675621), pivot = 1:7, tol = 1e-07, rank = 7L), .Names = c("qr", 
"qraux", "pivot", "tol", "rank"), class = "qr"), df.residual = 20L, 
    xlevels = structure(list(), .Names = character(0)), call = quote(lm(formula = y ~ 
        . + 0, data = structure(list(y = c(43, 63, 71, 61, 81, 
        43, 58, 71, 72, 67, 64, 67, 68, 77, 81, 74, 65, 50, 50, 
        64, 53, 40, 66, 78, 48, 85, 82), x1 = c(1, 1, 1, 1, 1, 
        1, 1, 1, 1, 1, 1, 1, 1, 1, 1, 1, 1, 1, 1, 1, 1, 1, 1, 
        1, 1, 1, 1), x2 = c(51, 64, 70, 63, 78, 55, 67, 75, 82, 
        61, 53, 60, 83, 77, 90, 85, 70, 58, 40, 61, 66, 37, 77, 
        75, 57, 85, 82), x3 = c(30, 51, 68, 45, 56, 49, 42, 50, 
        72, 45, 53, 47, 83, 54, 50, 64, 46, 68, 33, 52, 52, 42, 
        66, 58, 44, 71, 39), x4 = c(54, 63, 48, 71, 45, 59, 45, 
        62, 57, 62, 54, 72, 67, 39, 47, 55, 67, 56, 48, 39, 62, 
        34, 71, 58, 42, 45, 44), x5 = c(61, 63, 76, 54, 71, 54, 
        66, 70, 71, 62, 58, 59, 59, 79, 60, 79, 75, 64, 43, 66, 
        63, 50, 88, 80, 51, 77, 64), x6 = c(92, 73, 86, 84, 83, 
        49, 68, 66, 83, 80, 67, 74, 77, 77, 54, 79, 85, 78, 64, 
        80, 80, 57, 76, 78, 83, 74, 78), x7 = c(45, 47, 48, 35, 
        47, 34, 35, 41, 31, 41, 34, 41, 35, 46, 36, 63, 46, 52, 
        33, 41, 37, 49, 72, 49, 38, 55, 39)), .Names = c("y", 
        "x1", "x2", "x3", "x4", "x5", "x6", "x7"),