
expected <- structure(list(coefficients = structure(c(5.97952129009977, 0.765106952711629, 
0.0872237063492538, 0.0357414809694168, 0.0936179679302152, 0.0163807074939864, 
-0.140073707044586), .Names = c("x1", "x2", "x3", "x4", "x5", 
"x6", "x7")), residuals = structure(c(-7.63983876224956, 1.69434710404111, 
-0.314945653377372, 6.35398755617809, -11.8238019540811, -7.3324414501291, 
-0.831062341928617, -8.73559369248978, 7.12209921406171, 8.50872364734179, 
7.77022357410465, 6.32459960407968, 3.78950203096484, -1.446389226963, 
-3.67639164460366, 7.45945824914691, -3.09300230948151, -7.666266702677, 
3.49447620759024, -11.9679142900498, 1.90322095661079, 7.86248322602451, 
-6.15627668533325, 5.03009172277105, -8.8846444845142, 5.39695297532282, 
6.85840312963972), .Names = c("1", "3", "4", "5", "6", "7", "8", 
"9", "10", "11", "12", "13", "15", "16", "17", "18", "19", "20", 
"22", "23", "24", "25", "26", "27", "28", "29", "30")), effects = structure(c(-338.327257745121, 
-53.1510040063286, 2.38481266822958, -3.14694228728241, 0.195357445642992, 
0.0185702243924695, 5.75270794006024, -6.99232508407986, 8.16865579323659, 
10.9860508404454, 9.35607102757288, 11.5014142010841, 5.118502009153, 
3.47859951363804, -2.10618836443995, 9.77241656051651, -4.68258557785095, 
-4.63886908798518, 5.19448194584333, -10.4534004378235, 6.85241022392571, 
9.98127814000215, -6.49838798692609, 4.38728938935073, -8.39750120786438, 
7.60770550706442, 8.85389389137335), .Names = c("x1", "x2", "x3", 
"x4", "x5", "x6", "x7", "", "", "", "", "", "", "", "", "", "", 
"", "", "", "", "", "", "", "", "", "")), rank = 7L, fitted.values = structure(c(50.6398387622496, 
69.3056528959589, 61.3149456533774, 74.6460124438219, 54.8238019540811, 
65.3324414501291, 71.8310623419286, 80.7355936924898, 59.8779007859383, 
55.4912763526582, 59.2297764258954, 62.6754003959203, 73.2104979690352, 
82.446389226963, 77.6763916446037, 57.5405417508531, 68.0930023094815, 
57.666266702677, 60.5055237924098, 64.9679142900498, 38.0967790433892, 
55.1375167739755, 72.1562766853333, 72.969908277229, 56.8846444845142, 
79.6030470246772, 75.1415968703603), .Names = c("1", "3", "4", 
"5", "6", "7", "8", "9", "10", "11", "12", "13", "15", "16", 
"17", "18", "19", "20", "22", "23", "24", "25", "26", "27", "28", 
"29", "30")), assign = 1:7, qr = structure(list(qr = structure(c(-5.19615242270663, 
0.192450089729875, 0.192450089729875, 0.192450089729875, 0.192450089729875, 
0.192450089729875, 0.192450089729875, 0.192450089729875, 0.192450089729875, 
0.192450089729875, 0.192450089729875, 0.192450089729875, 0.192450089729875, 
0.192450089729875, 0.192450089729875, 0.192450089729875, 0.192450089729875, 
0.192450089729875, 0.192450089729875, 0.192450089729875, 0.192450089729875, 
0.192450089729875, 0.192450089729875, 0.192450089729875, 0.192450089729875, 
0.192450089729875, 0.192450089729875, -348.527112500804, -64.4348651884355, 
-0.0229669383926948, 0.209826285526274, -0.147123324482811, 0.0391112546523634, 
0.16326764074248, 0.271904478571332, -0.0540060349152239, -0.17816242100534, 
-0.0695255831764885, -0.0384864866539594, 0.194306737265009, 
0.396060864661448, 0.318463123355125, -0.0695255831764885, 0.0856698994361571, 
-0.100564679699018, -0.0540060349152239, 0.0235917063910989, 
-0.426475193185573, -0.162642872744076, 0.194306737265009, 0.16326764074248, 
-0.116084227960282, 0.318463123355125, 0.271904478571332, -274.626278044532, 
-24.9910710853059, 49.1208079475144, 0.0332697122450195, -0.1175759361763, 
0.17798279240609, 0.117154307922394, -0.241440185980785, 0.0403824137808932, 
-0.224516643047355, -0.0130879396546342, -0.191158831431529, 
0.0612312441374779, 0.308470469495412, -0.0403131830102102, -0.37953142363057, 
0.134814139392708, -0.466114159169628, -0.102123385543082, -0.0383513316854092, 
-0.204649530739946, 0.0121754523761407, -0.183064411846479, -0.0457094627335769, 
0.00972274202675147, -0.182818982334185, 0.430372867975097, -277.12812921102, 
-1.54160846061895, -1.99901258539198, -65.7238723146894, -0.231802990022075, 
0.0526251552846641, 0.116751210999107, 0.0229504265919955, 0.00245157999124892, 
0.264291517529696, 0.136385046251852, -0.152466972005749, -0.239183057429274, 
-0.065752708523014, -0.330206587792787, -0.0275323232847084, 
0.274872619633867, -0.260267121135287, -0.160192679563991, -0.00801491604283842, 
-0.221404215756673, -0.221315656520699, 0.0471331595993304, 0.287341793459905, 
0.308233110593504, -0.142901898967829, -0.292748848506834, -341.406459180799, 
-33.9194097202031, 10.8534948345161, -5.11340063505924, 36.1546408872378, 
-0.0771722035549682, -0.00839619777493843, 0.276188673041335, 
-0.00211872633429889, 0.126904437377241, 0.100874259082367, 0.324265371289317, 
-0.215092184226607, 0.419343012837749, -0.0239339633428948, 0.398878709068253, 
-0.234679505300747, 0.145801393927059, -0.0464413078578841, 0.10103136827475, 
0.0207343838505576, -0.236796883183416, -0.312901388503046, -0.18558225647835, 
0.267845085922454, 0.120882231039322, 0.0854666469257885, -390.481232061917, 
-5.97042769591686, 1.69755370724668, -15.2890570907172, 16.3483393231857, 
46.603178503156, 0.351044458294657, -0.249543135835679, -0.0547238295221503, 
0.147017524451458, 0.0290875776851489, 0.0126862543699642, 0.164473568377363, 
0.331096963512497, -0.0173734487810103, -0.396375547641352, 0.131900654285499, 
-0.255299124422587, -0.0833028924543817, -0.117870784106632, 
0.230626325689978, 0.124000224348694, 0.315641764863847, 0.254785859175556, 
-0.245472324980003, 0.0261078439143187, -0.0319982191188743, 
-225.743955253144, -11.8276201693348, 20.5044038044349, 0.490613180955295, 
24.6810340275495, 5.31736345580317, -41.0691489604763, -0.422450592344436, 
-0.0333430925695638, -0.197342798005014, 0.0291790924704624, 
-0.327259467836698, -0.0903919496815774, 0.252425052293772, 0.310636064146264, 
0.372822618954662, -0.0298493662263275, -0.0173100872196018, 
-0.164096030190505, -0.149887803232585, 0.21793191268926, -0.335187540357532, 
0.341405234334466, -0.040734302542271, 0.0456292632205089, 0.134765752393893, 
0.129148315128209), .Dim = c(27L, 7L), .Dimnames = list(c("1", 
"3", "4", "5", "6", "7", "8", "9", "10", "11", "12", "13", "15", 
"16", "17", "18", "19", "20", "22", "23", "24", "25", "26", "27", 
"28", "29", "30"), c("x1", "x2", "x3", "x4", "x5", "x6", "x7"
)), assign = 1:7), qraux = c(1.19245008972988, 1.08566989943616, 
1.06589123532396, 1.30557046261999, 1.18238749400057, 1.31033428016207, 
1.02406995532488), pivot = 1:7, tol = 1e-07, rank = 7L), .Names = c("qr", 
"qraux", "pivot", "tol", "rank"), class = "qr"), df.residual = 20L, 
    xlevels = structure(list(), .Names = character(0)), call = quote(lm(formula = y ~ 
        . + 0, data = structure(list(y = c(43, 71, 61, 81, 43, 
        58, 71, 72, 67, 64, 67, 69, 77, 81, 74, 65, 65, 50, 64, 
        53, 40, 63, 66, 78, 48, 85, 82), x1 = c(1, 1, 1, 1, 1, 
        1, 1, 1, 1, 1, 1, 1, 1, 1, 1, 1, 1, 1, 1, 1, 1, 1, 1, 
        1, 1, 1, 1), x2 = c(51, 70, 63, 78, 55, 67, 75, 82, 61, 
        53, 60, 62, 77, 90, 85, 60, 70, 58, 61, 66, 37, 54, 77, 
        75, 57, 85, 82), x3 = c(30, 68, 45, 56, 49, 42, 50, 72, 
        45, 53, 47, 57, 54, 50, 64, 65, 46, 68, 52, 52, 42, 42, 
        66, 58, 44, 71, 39), x4 = c(59, 57, 47, 75, 39, 57, 62, 
        58, 54, 72, 63, 45, 39, 50, 34, 54, 72, 39, 44, 54, 39, 
        39, 59, 74, 74, 47, 34), x5 = c(61, 76, 54, 71, 54, 66, 
        70, 71, 62, 58, 59, 55, 79, 60, 79, 55, 75, 64, 66, 63, 
        50, 66, 88, 80, 51, 77, 64), x6 = c(92, 86, 84, 83, 49, 
        68, 66, 83, 80, 67, 74, 63, 77, 54, 79, 80, 85, 78, 80, 
        80, 57, 75, 76, 78, 83, 74, 78), x7 = c(45, 48, 35, 47, 
        34, 35, 41, 31, 41, 34, 41, 25, 46, 36, 63, 60, 46, 52, 
        41, 37, 49, 33, 72, 49, 38, 55, 39)), .Names = c("y", 
        "x1", "x2", "x3", "x4", "x5", "x6", "x7"),