
expected <- structure(list(coefficients = structure(c(27.5118363540529, 0.0129200653705983, 
0.2103667393386, 0.381479252161801, 0.546473510642413, -0.177780441741256, 
-0.408418672097906), .Names = c("x1", "x2", "x3", "x4", "x5", 
"x6", "x7")), residuals = structure(c(-5.46357851646096, 1.11727500057592, 
-4.83706094700701, 10.5836250413202, -10.0525290018027, 1.73595435737396, 
-8.6725806630845, 8.20937385679552, -3.38269286366254, 11.2840116231865, 
3.86071755687038, 0.82776442092734, -1.09264620454636, 6.26876214288031, 
2.60856429807671, 3.07385020366797, -2.01478560405784, 3.10628598360124, 
-3.97747516301237, -10.5231789472411, -16.464675570078, -1.81855047855666, 
-5.57044991253658, -0.465826823084446, -4.2783658622455, 7.99965248528384, 
17.9385595868167), .Names = c("1", "2", "3", "5", "7", "8", "9", 
"10", "11", "12", "13", "14", "15", "16", "17", "18", "19", "21", 
"22", "23", "24", "25", "26", "27", "28", "29", "30")), effects = structure(c(-343.523410167827, 
-0.654912763345925, -30.7429720203088, -23.8537735935458, -13.3057199595461, 
-8.99673384542553, -17.1998627820877, 10.1206747397411, -3.57087943296988, 
13.0899314529219, 6.40767959087608, 8.36665937822732, -2.22521325269142, 
0.232833136630987, 3.55155503352404, -2.70145824508381, 0.333793832493071, 
2.20283754471917, -2.95610902228115, -7.4347359170422, -23.7890926998343, 
1.07358182832405, -4.15699171945164, 0.542332031533425, -2.27779269487741, 
7.28485968800913, 18.4363936476105), .Names = c("x1", "x2", "x3", 
"x4", "x5", "x6", "x7", "", "", "", "", "", "", "", "", "", "", 
"", "", "", "", "", "", "", "", "", "")), rank = 7L, fitted.values = structure(c(48.463578516461, 
61.8827249994241, 75.837060947007, 70.4163749586798, 68.0525290018027, 
69.264045642626, 80.6725806630845, 58.7906261432045, 67.3826928636625, 
55.7159883768135, 65.1392824431296, 67.1722355790727, 78.0926462045464, 
74.7312378571197, 71.3914357019233, 61.926149796332, 67.0147856040578, 
46.8937140163988, 67.9774751630124, 63.5231789472411, 56.464675570078, 
64.8185504785567, 71.5704499125366, 78.4658268230844, 52.2783658622455, 
77.0003475147162, 64.0614404131833), .Names = c("1", "2", "3", 
"5", "7", "8", "9", "10", "11", "12", "13", "14", "15", "16", 
"17", "18", "19", "21", "22", "23", "24", "25", "26", "27", "28", 
"29", "30")), assign = 1:7, qr = structure(list(qr = structure(c(-5.19615242270663, 
0.192450089729875, 0.192450089729875, 0.192450089729875, 0.192450089729875, 
0.192450089729875, 0.192450089729875, 0.192450089729875, 0.192450089729875, 
0.192450089729875, 0.192450089729875, 0.192450089729875, 0.192450089729875, 
0.192450089729875, 0.192450089729875, 0.192450089729875, 0.192450089729875, 
0.192450089729875, 0.192450089729875, 0.192450089729875, 0.192450089729875, 
0.192450089729875, 0.192450089729875, 0.192450089729875, 0.192450089729875, 
0.192450089729875, 0.192450089729875, -348.912012680264, 67.8631520591801, 
-0.164504303502044, -0.208710915027896, 0.29229734893176, 0.498594869385736, 
-0.179239840677328, -0.0613555432750562, 0.248090737405908, -0.208710915027896, 
-0.0613555432750562, 0.159677514354204, -0.164504303502044, 0.189148588704772, 
0.248090737405908, 0.130206440003636, -0.0908266176256242, 0.100735365653068, 
0.159677514354204, 0.0123221426013638, 0.115470902828352, 0.0123221426013638, 
-0.0613555432750562, 0.262826274581192, 0.189148588704772, -0.105562154800908, 
0.29229734893176, -275.588528493181, 5.34681695208365, -63.3117249128775, 
0.0949692504498139, -0.100821700621714, 0.0359701350136944, 0.349177472258215, 
-0.0713221429036545, 0.0706861598947124, -0.0471845135233648, 
0.118216209060584, 0.540060782237058, 0.0656151539065658, 0.0203207335248195, 
0.244429649195264, 0.254262835101284, -0.0570176994293847, -0.252663189326101, 
0.0504200396627759, 0.0429679437156927, -0.109764215758214, -0.114980682921172, 
0.260369973033762, 0.150405682807853, -0.0744484424572995, 0.33710865756807, 
-0.148206288612774, -297.527838722387, -5.98317385380141, -31.5381026006982, 
-51.9300962849888, 0.0755960415037445, -0.05963533545914, 0.0156019791859691, 
-0.0847508702011916, -0.00241261754872466, -0.241742331047135, 
-0.314465504621064, -0.574747323879125, 0.310102256206191, 0.308258543483635, 
0.0870985235043029, 0.206959456900132, 0.100556479461412, -0.22288642452463, 
0.0973134936892758, -0.114466032067432, 0.137269768930353, -0.0417865486929677, 
-0.0101492445345809, 0.24816744608473, -0.14495549118889, 0.094097709608941, 
0.16672384810174, -340.05930855269, 9.27192744707039, -23.2971105862741, 
-25.7002754524184, -40.0179773112494, 0.263236554460435, -0.119094420228696, 
0.0123111821207348, -0.152423994038278, -0.0218096286487146, 
-0.149886422689773, -0.11512548634141, 0.0940320676373119, -0.265761793225164, 
0.208754150260685, -0.495574462836849, 0.212705896957932, -0.226713749984096, 
-0.0189948514326799, -0.000880840247202869, -0.350137682806036, 
0.13283237696078, 0.405948396326871, 0.203453255468829, -0.165266916869828, 
0.0104154466817864, 0.0495810078885119, -391.058582331106, 20.6144707475861, 
-5.18891152533579, -2.19288489039509, -14.2812970272269, 37.583770290405, 
0.00968673184901735, -0.0320922379326098, 0.116578518480628, 
0.204004333433268, 0.403864849119745, -0.0181779201171723, 0.174950230931414, 
0.469799112088907, -0.0663413768365738, -0.20754122153637, -0.0824559689609519, 
0.190607442625083, -0.140265155849771, -0.0581463770619099, 0.377911462817199, 
0.0831323318982674, 0.250108988234795, -0.0617252798380237, -0.312272152509397, 
0.241522542675076, -0.183527401888243, -224.589254714764, 4.34862074861714, 
-15.7084094614299, -23.5325881626098, -14.7498381145467, 5.66838570088802, 
42.113311552917, -0.00149117128911761, 0.204055087072403, -0.118688689362928, 
0.22824567420893, 0.0929999607240291, 0.107026997612819, 0.217006148909979, 
-0.291519320165633, -0.222432413213195, 0.0169136557060891, -0.0259818135122136, 
0.148666918094494, 0.12236623157575, -0.220434327806928, 0.18791509152067, 
-0.575585148024007, 0.0866576932871845, 0.061263258599305, -0.141349262001279, 
0.173044128704117), .Dim = c(27L, 7L), .Dimnames = list(c("1", 
"2", "3", "5", "7", "8", "9", "10", "11", "12", "13", "14", "15", 
"16", "17", "18", "19", "21", "22", "23", "24", "25", "26", "27", 
"28", "29", "30"), c("x1", "x2", "x3", "x4", "x5", "x6", "x7"
)), assign = 1:7), qraux = c(1.19245008972988, 1.14494197717892, 
1.28674323119818, 1.17811386501544, 1.12241991353726, 1.09813226112768, 
1.41963833873542), pivot = 1:7, tol = 1e-07, rank = 7L), .Names = c("qr", 
"qraux", "pivot", "tol", "rank"), class = "qr"), df.residual = 20L, 
    xlevels = structure(list(), .Names = character(0)), call = quote(lm(formula = y ~ 
        . + 0, data = structure(list(y = c(43, 63, 71, 81, 58, 
        71, 72, 67, 64, 67, 69, 68, 77, 81, 74, 65, 65, 50, 64, 
        53, 40, 63, 66, 78, 48, 85, 82), x1 = c(1, 1, 1, 1, 1, 
        1, 1, 1, 1, 1, 1, 1, 1, 1, 1, 1, 1, 1, 1, 1, 1, 1, 1, 
        1, 1, 1, 1), x2 = c(90, 61, 82, 85, 51, 37, 83, 75, 54, 
        85, 75, 60, 82, 58, 54, 62, 77, 64, 60, 70, 63, 70, 75, 
        53, 58, 78, 51), x3 = c(30, 51, 68, 56, 42, 50, 72, 45, 
        53, 47, 57, 83, 54, 50, 64, 65, 46, 33, 52, 52, 42, 42, 
        66, 58, 44, 71, 39), x4 = c(39, 54, 69, 66, 56, 55, 67, 
        47, 58, 39, 42, 45, 72, 72, 69, 75, 57, 34, 62, 50, 58, 
        48, 63, 74, 45, 71, 59), x5 = c(61, 63, 76, 71, 66, 70, 
        71, 62, 58, 59, 55, 59, 79, 60, 79, 55, 75, 43, 66, 63, 
        50, 66, 88, 80, 51, 77, 64), x6 = c(92, 73, 86, 83, 68, 
        66, 83, 80, 67, 74, 63, 77, 77, 54, 79, 80, 85, 64, 80, 
        80, 57, 75, 76, 78, 83, 74, 78), x7 = c(45, 47, 48, 47, 
        35, 41, 31, 41, 34, 41, 25, 35, 46, 36, 63, 60, 46, 33, 
        41, 37, 49, 33, 72, 49, 38, 55, 39)), .Names = c("y", 
        "x1", "x2", "x3", "x4", "x5", "x6", "x7"),