
expected <- structure(list(coefficients = structure(c(0.401375574429433, 
-0.0268888791832103, 0.442715412459287, 0.106782074966629, 0.536963850421827, 
0.183558633542331, -0.248480296160883), .Names = c("x1", "x2", 
"x3", "x4", "x5", "x6", "x7")), residuals = structure(c(-13.1369213440672, 
-4.04008107057533, 3.20906761512487, -10.4921226135944, 15.7971308703096, 
-10.6488415441594, -6.30992560484641, 3.88212613088656, 9.71324191665245, 
-12.1856539627794, 3.58215586836804, 3.93611509851921, 6.52870259820178, 
1.24859664961209, 11.8832927321859, -0.207949710354571, -11.2013544418016, 
3.25798585181848, -5.22457889017496, -11.4030136855504, 0.125413850544314, 
-21.4057524789053, 15.2505865229936, 8.37639207030531, -1.55920185123998, 
13.4049216446041, 10.8822013306922), .Names = c("1", "2", "3", 
"4", "5", "6", "7", "9", "10", "11", "12", "13", "14", "15", 
"16", "17", "18", "20", "21", "22", "23", "24", "25", "27", "28", 
"29", "30")), effects = structure(c(269.988521929591, -182.195261290193, 
-74.992754758786, -23.2710406402149, 32.6158558933979, 0.837187094471984, 
-11.8952088860237, 0.676606528372567, 9.26482848520973, -18.5108930740266, 
10.0775277483461, 8.9055170955497, 4.69959550703658, 2.8196648697199, 
8.93007924825864, 5.68648346937553, -12.3480648829063, -6.76033012539292, 
-16.0138241985615, -1.56293593660197, -0.703997441044756, -25.4263253197759, 
14.840535939008, 10.8473229334857, -1.55146806726269, 7.94037048861506, 
16.7119460578294), .Names = c("x1", "x2", "x3", "x4", "x5", "x6", 
"x7", "", "", "", "", "", "", "", "", "", "", "", "", "", "", 
"", "", "", "", "", "")), rank = 7L, fitted.values = structure(c(56.1369213440672, 
67.0400810705753, 67.7909323848751, 71.4921226135944, 65.2028691296904, 
53.6488415441594, 64.3099256048464, 68.1178738691134, 57.2867580833476, 
76.1856539627794, 63.417844131632, 65.0638849014808, 61.4712974017982, 
75.7514033503879, 69.1167072678141, 74.2079497103546, 76.2013544418016, 
46.7420141481815, 55.224578890175, 75.4030136855504, 52.8745861494557, 
61.4057524789053, 47.7494134770064, 69.6236079296947, 49.55920185124, 
71.5950783553959, 71.1177986693078), .Names = c("1", "2", "3", 
"4", "5", "6", "7", "9", "10", "11", "12", "13", "14", "15", 
"16", "17", "18", "20", "21", "22", "23", "24", "25", "27", "28", 
"29", "30")), assign = 1:7, qr = structure(list(qr = structure(c(7.61296228113563, 
-0.111212233053642, -0.338587529712618, -0.189305475133597, -0.173596404495389, 
-0.305574076679291, -0.186099620458246, -0.238459046820635, -0.156024906660732, 
-0.192368639983586, -0.0174998658398673, 0.0135878407050968, 
-0.27633839101493, -0.0884045291360071, -0.191536814320482, -0.0594554564994069, 
-0.378340027126507, -0.349065380025281, -0.106387751767475, 0.0205068595461895, 
-0.114594669055681, -0.177211009675, -0.0435520211185365, -0.124154100837157, 
-0.153188341218853, -0.266126964936038, -0.0434587356374896, 
284.096001358914, -204.864496709108, -0.0444589531950191, 0.189404888801879, 
0.117419385357084, -0.0403792907945224, 0.109663426570633, 0.0616240510513218, 
0.120535400828189, 0.103327211373197, 0.284951624826479, 0.272441073472238, 
-0.0205927874264558, 0.174236754377282, 0.104167953117081, 0.120514443660502, 
0.0325130610308041, 0.0621014939767508, 0.292736482527738, 0.386822310906391, 
0.29908542363177, 0.104003485822366, 0.370889555634532, 0.172272920965995, 
0.147808746847236, 0.131285074374696, 0.253833234707883, 206.784165532048, 
-133.143838323221, -98.9091866399408, -0.121877832535708, 0.0146591061372468, 
-0.0927803790816865, -0.0245068500777716, 0.061553451766611, 
0.038059132218276, 0.389038433943351, -0.00513592223452081, 0.162798717613792, 
0.137864486932837, 0.281570033195306, 0.237513722331664, 0.453722404627129, 
-0.250085052900546, -0.306187354910674, -0.0859634401419886, 
-0.0887576679184262, -0.300000374238451, 0.139084833271405, -0.288935778622048, 
0.0660231804669986, -0.147592247386456, -0.080511302242672, 0.0684808621379755, 
250.917099863778, -151.121623089654, -30.6483557102817, -63.4786761279368, 
0.368472183484227, 0.0937246064646807, 0.279330685973712, 0.191339843031054, 
0.313096898613353, 0.171687827785709, -0.125818252218357, 0.155436448380213, 
0.190142900576114, 0.0367977151487125, -0.309860702023012, 0.304604621025166, 
0.0146425222948274, -0.0906180952221269, 0.0101483767406194, 
0.103216019010425, -0.0531492119237391, -0.0381382394364382, 
-0.111396267866992, 0.383353759670699, 0.135795186535084, -0.114372774539997, 
0.30318243266885, 272.097919485638, -199.146605446139, -42.870793725693, 
-16.7725864044093, 62.3869148259693, -0.145304918874277, 0.00901043176175447, 
0.0102586744740375, 0.116626223495319, 0.339216187269869, -0.535902043989771, 
-0.140736758270411, 0.0104784149406901, -0.278123204787852, -0.0254922777373156, 
0.030102939843976, -0.199624684929927, 0.337323542617083, 0.387072726424986, 
-0.330065815068799, 0.068016719169555, -0.0440777964929489, 0.0859443682494119, 
0.0287850390150443, 0.045033829227649, -0.0245643216421693, -0.175862474312303, 
309.128257506045, -209.015709521816, -46.3153883807247, -38.8658131991102, 
4.61022269406658, -44.0594234482661, 0.148640390236089, -0.23540073167108, 
0.0842391750274438, -0.0210669354414222, -0.108708147913706, 
-0.0686924735097375, 0.21018600804453, -0.307545413760008, 0.100458244468464, 
0.250876337107104, -0.0630202995189043, 0.206759951213373, -0.484460199005736, 
-0.000704264224509857, 0.131032874887948, -0.185022270801064, 
0.207220475914261, -0.0306114696764583, 0.0999737924786444, -0.252844244417776, 
-0.0726432617926563, 187.612481230682, -131.516415533904, -14.4487009464881, 
1.41752788046673, 6.96195357245445, -35.9170316326417, 47.8718396179064, 
-0.121708685479368, -0.23079685064984, -0.156623489810057, -0.370569804285966, 
0.00941153783414271, -0.459541484569808, -0.275841362257078, 
0.190657183192568, 0.29353629424219, 0.198788983688229, -0.126826443526491, 
-0.109824676342774, 0.371192708627596, 0.0963065141700142, -0.338219179553991, 
-0.0319565166402395, 0.0178153066512159, 0.0257509303571416, 
0.0376302761594856, -0.0688592578830327), .Dim = c(27L, 7L), .Dimnames = list(
    c("1", "2", "3", "4", "5", "6", "7", "9", "10", "11", "12", 
    "13", "14", "15", "16", "17", "18", "20", "21", "22", "23", 
    "24", "25", "27", "28", "29", "30"), c("x1", "x2", "x3", 
    "x4", "x5", "x6", "x7")), assign = 1:7), qraux = c(1.03397861978463, 
1.28786028912595, 1.17417005042439, 1.20182177264119, 1.05714398924645, 
1.4803306673548, 1.15140602189669), pivot = 1:7, tol = 1e-07, 
    rank = 7L), .Names = c("qr", "qraux", "pivot", "tol", "rank"
), class = "qr"), df.residual = 20L, xlevels = structure(list(), .Names = character(0)), 
    call = quote(lm(formula = y ~ . + 0, data = structure(list(y = c(43, 
        63, 71, 61, 81, 43, 58, 72, 67, 64, 67, 69, 68, 77, 81, 
        74, 65, 50, 50, 64, 53, 40, 63, 78, 48, 85, 82), x1 = c(-0.25867795078543, 
        0.846654535438241, 2.57765409256505, 1.44117544180453, 
        1.32158287956416, 2.32632391985229, 1.41676939108228, 
        1.81537972904105, 1.18781172932586, 1.4644952002684, 
        0.133225818563844, -0.103443718769981, 2.10375374762637, 
        0.673020345793978, 1.45816254287071, 0.452632147737685, 
        2.88028835595793, 2.65742157178274, 0.809925941380608, 
        -0.156117948229687, 0.872404893140121, 1.34910073245774, 
        0.331559894042641, 0.945180486721588, 1.16621706360886, 
        2.02601454605116, 0.330849715194053), x2 = c(70, 82, 
        61, 78, 60, 55, 61, 62, 57, 61, 62, 53, 53, 54, 61, 37, 
        85, 85, 82, 75, 85, 58, 85, 61, 62, 82, 61), x3 = c(45, 
        64, 64, 44, 45, 33, 42, 52, 45, 83, 42, 52, 54, 66, 68, 
        71, 39, 33, 49, 42, 30, 56, 30, 50, 30, 52, 49), x4 = c(58, 
        45, 45, 72, 72, 56, 67, 66, 66, 67, 34, 47, 63, 47, 34, 
        54, 72, 63, 59, 54, 54, 47, 47, 72, 55, 59, 63),