
expected <- structure(list(coefficients = structure(c(10.4231545914604, 0.555055003367968, 
0.00505910219022508, 0.270647405179983, 0.0820805883888601, 0.0683305288226805, 
-0.18531275849956), .Names = c("x1", "x2", "x3", "x4", "x5", 
"x6", "x7")), residuals = structure(c(-7.47897723484466, 2.37077777023888, 
2.01299704454188, 7.03036595112119, -8.96840821824127, -0.625068978893157, 
-7.91643441150329, 7.01777846010048, 4.5400877854238, 9.90580573687176, 
7.15981965261075, -4.6416869438715, 0.651383560420517, -2.42770830727334, 
-1.30578621547136, 2.19402219130611, -3.23971675369476, 4.92010496290606, 
-0.405668686486291, -11.9748283405794, -6.88205436552392, 4.83686896351502, 
-3.55243994964012, 2.6738200351454, -8.73203835945332, 6.63754537763277, 
6.19943927364178), .Names = c("1", "2", "3", "5", "7", "8", "9", 
"10", "11", "12", "13", "14", "15", "16", "17", "18", "19", "21", 
"22", "23", "24", "25", "26", "27", "28", "29", "30")), effects = structure(c(-343.523410167827, 
49.3571362451374, -0.900494662017867, -9.30463239602708, 1.26437505230766, 
-5.32993874408543, -7.0325829458433, 8.84074340999112, 3.72847892852127, 
12.213028499668, 9.9935798966656, -2.00272030683505, 2.03050725729535, 
-2.70688993683557, -0.156072042749752, -5.94181069030999, -0.59300906060102, 
4.19098239015158, -0.502426681722433, -10.2725103282891, -12.3606997208795, 
8.23490550541667, -2.32210292920419, 3.22460393988202, -8.87186348863178, 
6.76512742225067, 7.9528232726191), .Names = c("x1", "x2", "x3", 
"x4", "x5", "x6", "x7", "", "", "", "", "", "", "", "", "", "", 
"", "", "", "", "", "", "", "", "", "")), rank = 7L, fitted.values = structure(c(50.4789772348447, 
60.6292222297611, 68.9870029554581, 73.9696340488788, 66.9684082182413, 
71.6250689788932, 79.9164344115033, 59.9822215398995, 59.4599122145762, 
57.0941942631282, 61.8401803473892, 72.6416869438715, 76.3486164395795, 
83.4277083072733, 75.3057862154714, 62.8059778086939, 68.2397167536948, 
45.0798950370939, 64.4056686864863, 64.9748283405794, 46.8820543655239, 
58.163131036485, 69.5524399496401, 75.3261799648546, 56.7320383594533, 
78.3624546223672, 75.8005607263582), .Names = c("1", "2", "3", 
"5", "7", "8", "9", "10", "11", "12", "13", "14", "15", "16", 
"17", "18", "19", "21", "22", "23", "24", "25", "26", "27", "28", 
"29", "30")), assign = 1:7, qr = structure(list(qr = structure(c(-5.19615242270663, 
0.192450089729875, 0.192450089729875, 0.192450089729875, 0.192450089729875, 
0.192450089729875, 0.192450089729875, 0.192450089729875, 0.192450089729875, 
0.192450089729875, 0.192450089729875, 0.192450089729875, 0.192450089729875, 
0.192450089729875, 0.192450089729875, 0.192450089729875, 0.192450089729875, 
0.192450089729875, 0.192450089729875, 0.192450089729875, 0.192450089729875, 
0.192450089729875, 0.192450089729875, 0.192450089729875, 0.192450089729875, 
0.192450089729875, 0.192450089729875, -350.644063487833, 69.9910047130397, 
-0.0739876890014511, -0.188288091357435, -0.0311250381179571, 
-0.145425440473941, -0.245438292535427, 0.0546002636490308, 0.168900666005015, 
0.0688878139435288, 0.0403127133545328, -0.259725842829925, -0.174000541062937, 
-0.359738694891411, -0.288300943418921, 0.0688878139435288, -0.0739876890014511, 
0.354638819833489, 0.0546002636490308, -0.0168374878234591, 0.397501470716983, 
0.154613115710517, -0.174000541062937, -0.145425440473941, 0.111750464827023, 
-0.288300943418921, -0.245438292535427, -275.588528493181, 38.4409186516115, 
-50.5891167760729, -0.00316766421737167, -0.167031203886066, 
-0.0909859330561284, 0.272060140307717, -0.0461612801759294, 
0.194067007807626, 0.00363435324785844, 0.18078245036209, 0.479236773419893, 
-0.0324404204969572, -0.244907511637645, 0.0831390451846672, 
0.359442106913039, -0.118747129898996, -0.0678762392719259, 0.092208401804974, 
0.0409012089444684, 0.140811953276968, -0.0336325024487515, 0.204764748613163, 
0.0671508463506184, -0.0248826233133682, 0.221508727165571, -0.380254074745113, 
-297.527838722387, 35.5135583468277, -11.8516979838765, -48.2235379626031, 
0.0750897993545926, -0.058236441180571, -0.0196557085553235, 
-0.0941457096375501, 0.127353894350043, -0.268315037800077, -0.293849248636085, 
-0.564434550492817, 0.251241851319996, 0.194927838781171, 0.0615428067064411, 
0.344114840428868, 0.0461558654104395, -0.135222990778853, 0.164758226616937, 
-0.117203131244745, 0.315284649387418, -0.00469171660190341, 
-0.0247846889873241, 0.276164899973097, -0.101673414793717, 0.0508688449211501, 
0.0602883418434414, -340.05930855269, 35.7220507474215, -2.99208838484361, 
-14.719169466044, -37.2692261040187, 0.0382911526672781, -0.132676681248276, 
0.024011503696874, -0.101795034596905, 0.00541059234602756, -0.163214563459382, 
-0.331718342334546, 0.132082992480758, -0.493056580896258, 0.0561061679297304, 
-0.394413959658618, 0.214317372691583, -0.168689338295681, 0.0105167711067292, 
-0.0327006506859377, -0.140994803015213, 0.197213518869501, 0.411976513253235, 
0.155391497678627, -0.216810835825468, -0.0264316019198206, -0.194482151548384, 
-388.171830985158, -0.430743182952646, 11.0131501705046, 8.50423238153476, 
5.31081213608639, -47.7454492000854, 0.136625867421444, 0.065164887988668, 
0.271855667865849, 0.0760546974038961, 0.170709675437444, 0.0181337586970485, 
0.128915140083375, -0.338416526976439, -0.401305648904717, 0.278044784972643, 
0.154636118797259, 0.279420837223579, 0.207094629778985, 0.232835707700886, 
0.328357679947827, 0.174545182659329, 0.145709582122107, 0.211361956051877, 
0.0181134498946029, 0.0180225154174369, -0.152256480032168, -224.589254714764, 
11.8745418003161, -11.0954592247823, -23.6033527970351, -21.3723247662718, 
11.1566357767648, 37.9498044429575, -0.0266656224254283, 0.242498097462014, 
-0.130122068401771, 0.253943908270904, -0.034124200626027, 0.124719931486296, 
0.249968031559099, -0.261400508774295, -0.337554422031111, -0.0277395345868392, 
-0.0344734822027797, 0.129895723107697, 0.0423908588634639, -0.132289250243503, 
0.248393184336509, -0.569471410308545, 0.0699519919301764, -0.0252928438764091, 
-0.156032374659315, 0.0718864578445407), .Dim = c(27L, 7L), .Dimnames = list(
    c("1", "2", "3", "5", "7", "8", "9", "10", "11", "12", "13", 
    "14", "15", "16", "17", "18", "19", "21", "22", "23", "24", 
    "25", "26", "27", "28", "29", "30"), c("x1", "x2", "x3", 
    "x4", "x5", "x6", "x7")), assign = 1:7), qraux = c(1.19245008972988, 
1.01173761276554, 1.31612901346956, 1.10529795744899, 1.01687850927921, 
1.26704419361375, 1.372042653093), pivot = 1:7, tol = 1e-07, 
    rank = 7L), .Names = c("qr", "qraux", "pivot", "tol", "rank"
), class = "qr"), df.residual = 20L, xlevels = structure(list(), .Names = character(0)), 
    call = quote(lm(formula = y ~ . + 0, data = structure(list(y = c(43, 
        63, 71, 81, 58, 71, 72, 67, 64, 67, 69, 68, 77, 81, 74, 
        65, 65, 50, 64, 53, 40, 63, 66, 78, 48, 85, 82), x1 = c(1, 
        1, 1, 1, 1, 1, 1, 1, 1, 1, 1, 1, 1, 1, 1, 1, 1, 1, 1, 
        1, 1, 1, 1, 1, 1, 1, 1), x2 = c(51, 64, 70, 78, 67, 75, 
        82, 61, 53, 60, 62, 83, 77, 90, 85, 60, 70, 40, 61, 66, 
        37, 54, 77, 75, 57, 85, 82), x3 = c(30, 51, 68, 56, 42, 
        50, 72, 45, 53, 47, 57, 83, 54, 50, 64, 65, 46, 33, 52, 
        52, 42, 42, 66, 58, 44, 71, 39), x4 = c(39, 54, 69, 66, 
        56, 55, 67, 47, 58, 39, 42, 45, 72, 72, 69, 75, 57, 34, 
        62, 50, 58, 48, 63, 74, 45, 71, 59), x5 = c(61, 63, 76, 
        71, 66, 70, 71, 62, 58, 59, 55, 59, 79, 60, 79, 55, 75, 
        43, 66, 63, 50, 66, 88, 80, 51, 77, 64), x6 = c(64, 49, 
        49, 73, 74, 92, 79, 77, 76, 78, 80, 76, 80, 74, 57, 74, 
        83, 83, 77, 85, 73, 77, 75, 80, 75, 74, 83), x7 = c(45, 
        47, 48, 47, 35, 41, 31, 41, 34, 41, 25, 35, 46, 36, 63, 
        60, 46, 33, 41, 37, 49, 33, 72, 49, 38, 55, 39)), .Names = c("y", 
        "x1", "x2", "x3", "x4", "x5", "x6", "x7"),