
expected <- structure(list(coefficients = structure(c(17.6752727857335, 0.686610411085363, 
-0.0454432870028084, -0.15439690502191, 0.231941739138831, -0.0348156501851124, 
0.0184032305776216), .Names = c("x1", "x2", "x3", "x4", "x5", 
"x6", "x7")), residuals = structure(c(-11.7652239162509, -2.44300657647078, 
3.95193778970233, 1.59577187923122, 8.83300312768025, -10.5401440647788, 
-9.01692304394362, -1.89189423537432, 5.47420465888793, 7.08185750152259, 
9.3633803456572, 6.8063286416402, -6.20258182855645, 2.76511476102866, 
-0.55958810122071, -6.75173451725079, 9.43154970346467, -8.69352810672738, 
5.41839090281235, 0.474968566155067, -11.027088679238, -0.723412879911901, 
5.18952831261713, 1.67104104004201, -6.7242090657609, 2.68744598841329, 
5.59481179662963), .Names = c("1", "2", "3", "4", "5", "6", "7", 
"9", "10", "11", "12", "13", "14", "15", "16", "17", "18", "20", 
"21", "22", "23", "24", "25", "27", "28", "29", "30")), effects = structure(c(-334.285805860793, 
-54.1626149974308, 2.33757936933778, 8.58664740098295, -7.99817249917089, 
-1.53517866055354, 0.707420543811382, 0.882474848015461, 7.35460769218559, 
11.721176265885, 11.181492337032, 14.2043788084366, -0.783317697978876, 
2.84265687772663, 7.30854086283585, -7.96660926374519, 8.53211884418273, 
-8.63873707075105, 10.8033026988653, 2.40149495050172, -8.55515514614837, 
0.847029625345033, 7.53065053689353, 2.21076088067842, -4.2273033342554, 
4.1664062561542, 9.33427117283882), .Names = c("x1", "x2", "x3", 
"x4", "x5", "x6", "x7", "", "", "", "", "", "", "", "", "", "", 
"", "", "", "", "", "", "", "", "", "")), rank = 7L, fitted.values = structure(c(54.7652239162509, 
65.4430065764708, 67.0480622102977, 59.4042281207688, 72.1669968723197, 
53.5401440647788, 67.0169230439436, 73.8918942353743, 61.5257953411121, 
56.9181424984774, 57.6366196543428, 62.1936713583598, 74.2025818285564, 
74.2348852389713, 81.5595881012207, 80.7517345172508, 55.5684502965353, 
58.6935281067274, 44.5816090971877, 63.5250314338449, 64.027088679238, 
40.7234128799119, 57.8104716873829, 76.328958959958, 54.7242090657609, 
82.3125540115867, 76.4051882033704), .Names = c("1", "2", "3", 
"4", "5", "6", "7", "9", "10", "11", "12", "13", "14", "15", 
"16", "17", "18", "20", "21", "22", "23", "24", "25", "27", "28", 
"29", "30")), assign = 1:7, qr = structure(list(qr = structure(c(-5.19615242270663, 
0.192450089729875, 0.192450089729875, 0.192450089729875, 0.192450089729875, 
0.192450089729875, 0.192450089729875, 0.192450089729875, 0.192450089729875, 
0.192450089729875, 0.192450089729875, 0.192450089729875, 0.192450089729875, 
0.192450089729875, 0.192450089729875, 0.192450089729875, 0.192450089729875, 
0.192450089729875, 0.192450089729875, 0.192450089729875, 0.192450089729875, 
0.192450089729875, 0.192450089729875, 0.192450089729875, 0.192450089729875, 
0.192450089729875, 0.192450089729875, -341.791359360259, -70.2329457353646, 
0.0940757185871527, -0.00559260554061164, 0.207982374733169, 
-0.119499261686628, 0.0513607225323965, 0.264935702806177, -0.0340692695771157, 
-0.147975925723132, -0.0483076015953678, -0.0198309375588637, 
0.279174034824429, 0.193744042714917, 0.378842358952194, 0.307650698860933, 
-0.0483076015953678, -0.0767842656318719, -0.333074241960409, 
-0.0340692695771157, 0.0371223905141445, -0.375789238015165, 
-0.13373759370488, 0.165267378678413, -0.0910225976501239, 0.307650698860933, 
0.264935702806177, -275.588528493181, -36.3393873843611, -52.8621971496863, 
-0.0777165698770799, -0.0219221343711548, 0.0791752168329003, 
-0.175079573263807, 0.240139952845125, -0.057410733231322, 0.175149493605607, 
-0.00942359484496873, 0.159441668826645, 0.438075244871355, -0.0496034361117502, 
-0.257259814436125, 0.0583443176225902, 0.331084385726301, 0.40814155246727, 
-0.0712047688317108, 0.0750090369908383, 0.0242444453764436, 
0.129507976422561, -0.0430916350663811, 0.0463708406609564, -0.0357161699715435, 
0.190764087844751, -0.384124678202203, -300.222139978606, 0.716662711585375, 
-6.58817311615499, -53.429851545892, 0.319710326760684, 0.220639881435654, 
0.0118042316346347, 0.247769335493375, -0.0490969450416457, -0.379901346787486, 
0.249548572450005, -0.34169430919553, -0.132156353350281, 0.250326416380646, 
0.123338485199034, 0.0942664601563109, 0.193155184069644, -0.157824044816456, 
-0.233870618436528, -0.26130835316767, 0.0358376327892278, 0.119257356265912, 
-0.0795082321546365, -0.200485778941688, 0.0975043951406001, 
-0.230241722645317, 0.173353987620997, -328.319853079167, -33.1911339714365, 
-4.23117750984152, 1.27228073388817, -35.7057577762834, -0.111934611819455, 
0.0982424798869558, -0.0359072770071387, 0.0151124550683233, 
-0.137783359557219, -0.00381226553541504, -0.327061707637579, 
-0.5317736420223, 0.344792756264664, -0.32260458465301, 0.170780837923854, 
-0.234383714513421, -0.0584641760018435, -0.277119397271398, 
0.0384550589215825, -0.0292158947481159, -0.0249172303719297, 
0.208197437672994, 0.268432218717748, -0.214148100328743, 0.000952112256911999, 
-0.0544132152056552, -387.979380895428, -10.5506040255248, -3.0821807510087, 
-5.67576505179693, -18.9510070579119, 46.3015111965308, 0.219169617265211, 
0.00672719873245232, -0.0761502323306531, 0.0929211119128092, 
0.12671627619567, 0.129953172955924, -0.108647714399739, 0.219818002553431, 
0.415111434774005, 0.106400815592636, -0.0419403566350499, -0.0070975989821642, 
0.0704108844359708, -0.0948524360434339, -0.0478122066765931, 
0.436823341522047, 0.0880266871740977, 0.0721193478702414, -0.196136839101031, 
0.0940159317489054, -0.0265151925028905, -217.276151305029, -8.12850554553101, 
-11.28973643718, -8.44725438255653, -20.4479628762211, 4.17527542149984, 
38.4400195839315, 0.45127945688831, 0.0227870210865675, 0.118676293359243, 
0.00532681348129895, 0.288124337285342, 0.158790073340383, 0.107455121688126, 
-0.0204671806836987, -0.341959201706379, -0.47492232488349, -0.183618072796664, 
-0.0561574422009812, 0.0696840662831082, 0.153042871902856, -0.334298401824627, 
0.274202504796171, 0.0129779856813021, -0.00285589490154479, 
-0.193344468285525, 0.0362766645992991), .Dim = c(27L, 7L), .Dimnames = list(
    c("1", "2", "3", "4", "5", "6", "7", "9", "10", "11", "12", 
    "13", "14", "15", "16", "17", "18", "20", "21", "22", "23", 
    "24", "25", "27", "28", "29", "30"), c("x1", "x2", "x3", 
    "x4", "x5", "x6", "x7")), assign = 1:7), qraux = c(1.19245008972988, 
1.00864572647764, 1.28630653259272, 1.13339628832396, 1.11446750768413, 
1.62526168921103, 1.16753531554539), pivot = 1:7, tol = 1e-07, 
    rank = 7L), .Names = c("qr", "qraux", "pivot", "tol", "rank"
), class = "qr"), df.residual = 20L, xlevels = structure(list(), .Names = character(0)), 
    call = quote(lm(formula = y ~ . + 0, data = structure(list(y = c(43, 
        63, 71, 61, 81, 43, 58, 72, 67, 64, 67, 69, 68, 77, 81, 
        74, 65, 50, 50, 64, 53, 40, 63, 78, 48, 85, 82), x1 = c(1, 
        1, 1, 1, 1, 1, 1, 1, 1, 1, 1, 1, 1, 1, 1, 1, 1, 1, 1, 
        1, 1, 1, 1, 1, 1, 1, 1), x2 = c(51, 64, 70, 63, 78, 55, 
        67, 82, 61, 53, 60, 62, 83, 77, 90, 85, 60, 58, 40, 61, 
        66, 37, 54, 75, 57, 85, 82), x3 = c(30, 51, 68, 45, 56, 
        49, 42, 72, 45, 53, 47, 57, 83, 54, 50, 64, 65, 68, 33, 
        52, 52, 42, 42, 58, 44, 71, 39), x4 = c(54, 44, 72, 63, 
        71, 72, 54, 71, 54, 42, 71, 42, 54, 67, 54, 59, 74, 57, 
        48, 45, 59, 71, 54, 45, 63, 44, 56), x5 = c(61, 63, 76, 
        54, 71, 54, 66, 71, 62, 58, 59, 55, 59, 79, 60, 79, 55, 
        64, 43, 66, 63, 50, 66, 80, 51, 77, 64), x6 = c(92, 73, 
        86, 84, 83, 49, 68, 83, 80, 67, 74, 63, 77, 77, 54, 79, 
        80, 78, 64, 80, 80, 57, 75, 78, 83, 74, 78), x7 = c(45, 
        47, 48, 35, 47, 34, 35, 31, 41, 34, 41, 25, 35, 46, 36, 
        63, 60, 52, 33, 41, 37, 49, 33, 49, 38, 55, 39)), .Names = c("y", 
        "x1", "x2", "x3", "x4", "x5", "x6", "x7"),