
expected <- structure(list(coefficients = structure(c(22.8095555344914, 0.802929193587165, 
-0.124795187538647, -0.253606112412346, 0.0836672749162856, -0.02679388005752, 
0.125495326557302), .Names = c("x1", "x2", "x3", "x4", "x5", 
"x6", "x7")), residuals = structure(c(-7.0414051872688, 1.93135029865855, 
4.84880719109724, 0.256735428869641, 10.4345548018505, -10.618516298085, 
-6.49404572594899, 3.99735120513641, -4.61987878209633, 4.81147146266572, 
6.54759688271787, 5.95422957573391, -0.100614827966908, -2.59292646718986, 
-1.46887390083416, -3.9720269974277, -0.545549537831486, -9.27164088249887, 
7.62283604419105, 3.87200535024518, -9.62883914947555, 2.93853702648912, 
-5.74021145261387, 5.1508755438553, -5.15948928317844, 8.93886707734621, 
-0.0511993964407493), .Names = c("1", "2", "3", "4", "5", "6", 
"7", "8", "9", "10", "11", "12", "14", "15", "16", "17", "19", 
"20", "21", "22", "23", "24", "26", "27", "28", "29", "30")), 
    effects = structure(c(-335.248056309443, 55.507881731414, 
    5.01730832808559, -13.3633044697157, 6.66890645560613, -1.59577244353302, 
    3.45938126404661, 8.04812197555874, -4.77077857960439, 6.12166669403922, 
    8.64010444831305, 6.79182332431926, -7.46282934849026, 4.07577685717522, 
    0.769768388493651, -2.22652594826453, 3.27027186726623, -10.7631731890618, 
    7.07249419018322, 5.42819554613746, -9.47339131837722, 3.39286774400303, 
    -0.5127228196967, 10.4719419377588, -9.03047261613885, 10.0730284327959, 
    2.64772486069652), .Names = c("x1", "x2", "x3", "x4", "x5", 
    "x6", "x7", "", "", "", "", "", "", "", "", "", "", "", "", 
    "", "", "", "", "", "", "", "")), rank = 7L, fitted.values = structure(c(50.0414051872688, 
    61.0686497013414, 66.1511928089028, 60.7432645711304, 70.5654451981495, 
    53.618516298085, 64.494045725949, 67.0026487948636, 76.6198787820963, 
    62.1885285373343, 57.4524031172821, 61.0457704242661, 68.1006148279669, 
    79.5929264671899, 82.4688739008342, 77.9720269974277, 65.5455495378315, 
    59.2716408824989, 42.377163955809, 60.1279946497548, 62.6288391494755, 
    37.0614629735109, 71.7402114526139, 72.8491244561447, 53.1594892831784, 
    76.0611329226538, 82.0511993964408), .Names = c("1", "2", 
    "3", "4", "5", "6", "7", "8", "9", "10", "11", "12", "14", 
    "15", "16", "17", "19", "20", "21", "22", "23", "24", "26", 
    "27", "28", "29", "30")), assign = 1:7, qr = structure(list(
        qr = structure(c(-5.19615242270663, 0.192450089729875, 
        0.192450089729875, 0.192450089729875, 0.192450089729875, 
        0.192450089729875, 0.192450089729875, 0.192450089729875, 
        0.192450089729875, 0.192450089729875, 0.192450089729875, 
        0.192450089729875, 0.192450089729875, 0.192450089729875, 
        0.192450089729875, 0.192450089729875, 0.192450089729875, 
        0.192450089729875, 0.192450089729875, 0.192450089729875, 
        0.192450089729875, 0.192450089729875, 0.192450089729875, 
        0.192450089729875, 0.192450089729875, 0.192450089729875, 
        0.192450089729875, -350.644063487833, 69.9767157041593, 
        -0.0740027970375246, 0.0260304773103873, -0.188326539149424, 
        0.140354219422287, -0.0311313937455624, -0.145455135857462, 
        -0.245488410205373, 0.0546114128383621, 0.168935154950261, 
        0.0689018806023495, -0.259778877969361, -0.174036071385436, 
        -0.359812152317273, -0.288359813497336, -0.0740027970375246, 
        0.0974828161303243, 0.354711235882098, 0.0546114128383621, 
        -0.0168409259815749, 0.39758263917406, -0.174036071385436, 
        -0.145455135857462, 0.111773283894312, -0.288359813497336, 
        -0.245488410205373, -275.203628313722, 37.1192253786653, 
        -51.7989002803227, -0.0646111375218958, 0.00305168115368953, 
        0.0897822602435688, -0.161113265566024, -0.0838415133947335, 
        0.273352707176091, -0.045318217241926, 0.186296897169124, 
        0.00293910122085157, 0.476065967811465, -0.0259127170291181, 
        -0.228538415494507, 0.0899698934649654, -0.112830929340394, 
        0.427646033890144, -0.074407704238998, 0.0898197868878481, 
        0.0415874861879235, 0.128280538633523, 0.205752432907637, 
        0.0706019198964369, -0.0260378058433825, 0.22510789759474, 
        -0.363726455149987, -302.339090965634, 1.09454397540468, 
        -2.52045043367211, 63.3602665490872, -0.139906940914751, 
        0.0405272804210189, 0.0231270525816924, -0.23278566056759, 
        0.282344746323319, 0.197637358900112, 0.419066385330573, 
        0.197513768718672, -0.193385527479505, 0.413095675662638, 
        0.0476863505843584, -0.143054283695586, -0.136153647578827, 
        0.241514325884597, 0.062845908055865, 0.101664091293077, 
        0.0531099046998968, -0.222161731995176, -0.236186183887358, 
        0.0971932575727307, -0.0853052491227809, -0.144330979984512, 
        0.335711743058741, -339.28950819377, 36.8715239374229, 
        -8.58423415944909, 3.38579505900115, 38.6130504865372, 
        0.155223022368962, -0.0667253561020136, 0.0415232606627913, 
        0.0881273468876903, -0.0581564395299829, -0.0518794783845245, 
        0.0218530750993032, 0.617494629762454, -0.328174950631311, 
        0.382501441652942, -0.0175329891435479, -0.195748740523353, 
        -0.00441501225434433, 0.166976444656894, -0.0885506524631686, 
        0.0570292309317968, 0.0935274429662237, -0.297379317128765, 
        -0.259323669360397, 0.25773844466204, 0.0804252433863718, 
        0.0382733444792903, -389.711431702997, 9.93187509597131, 
        -2.61272901832825, -1.3802992443273, 17.4304219388968, 
        47.547940745977, 0.211190102449546, 0.229057696010439, 
        0.0288333792155611, -0.023226379590498, 0.285845800858646, 
        0.0841900118840513, -0.0312608926532124, 0.221738650700335, 
        0.475933021622392, 0.0573011562523817, -0.116070797122968, 
        0.0723858325769743, 0.133487828852362, -0.00921453672435707, 
        -0.0428377957667546, 0.273431285531586, 0.165451923101911, 
        0.137033504575658, -0.233338174669733, 0.156573601960738, 
        0.0562848730335149, -225.166604983954, 11.2561251087674, 
        -11.4580557756746, 19.0045530636683, 31.1189785875588, 
        -2.56406856757583, 27.5658174606768, 0.251107403092815, 
        0.295133748227453, -0.0479401693781902, 0.0614083104315181, 
        -0.123819042067364, 0.0684781637770753, -0.0517797172410706, 
        -0.201623582042937, -0.44108997346466, 0.227247305824054, 
        -0.360411118570195, 0.00803617009268003, 0.126808109683014, 
        0.152923527509061, -0.1710846603836, -0.36035334365819, 
        0.0748820706271422, -0.0449741173873043, -0.204777597892146, 
        -0.256304408757532), .Dim = c(27L, 7L), .Dimnames = list(
            c("1", "2", "3", "4", "5", "6", "7", "8", "9", "10", 
            "11", "12", "14", "15", "16", "17", "19", "20", "21", 
            "22", "23", "24", "26", "27", "28", "29", "30"), 
            c("x1", "x2", "x3", "x4", "x5", "x6", "x7")), assign = 1:7), 
        qraux = c(1.19245008972988, 1.0117400095464, 1.31188851221032, 
        1.10245842720835, 1.06077844691687, 1.53974574814165, 
        1.30068192104657), pivot = 1:7, tol = 1e-07, rank = 7L), .Names = c("qr", 
    "qraux", "pivot", "tol", "rank"), class = "qr"), df.residual = 20L, 
    xlevels = structure(list(), .Names = character(0)), call = quote(lm(formula = y ~ 
        . + 0, data = structure(list(y = c(43, 63, 71, 61, 81, 
        43, 58, 71, 72, 67, 64, 67, 68, 77, 81, 74, 65, 50, 50, 
        64, 53, 40, 66, 78, 48, 85, 82), x1 = c(1, 1, 1, 1, 1, 
        1, 1, 1, 1, 1, 1, 1, 1, 1, 1, 1, 1, 1, 1, 1, 1, 1, 1, 
        1, 1, 1, 1), x2 = c(51, 64, 70, 63, 78, 55, 67, 75, 82, 
        61, 53, 60, 83, 77, 90, 85, 70, 58, 40, 61, 66, 37, 77, 
        75, 57, 85, 82), x3 = c(30, 51, 68, 45, 56, 49, 42, 50, 
        72, 45, 53, 47, 83, 54, 50, 64, 46, 68, 33, 52, 52, 42, 
        66, 58, 44, 71, 39),