
expected <- structure(list(coefficients = structure(c(0.0742439500660977, 
0.59099924959979, -0.0532242151413455, 0.376336842057261, 0.0956168292100544, 
0.132130704441638, -0.215402825552897), .Names = c("x1", "x2", 
"x3", "x4", "x5", "x6", "x7")), residuals = structure(c(-8.6137238899548, 
2.01196100306201, -0.275984377083592, 5.14973928675178, -7.90716056670045, 
-8.20608946736907, 1.98358181996001, -9.01025603056515, 7.94358245772202, 
6.48148909314083, 12.6631720150483, 11.3283652071515, -1.98420924851631, 
-0.66521300828143, -1.87737250622532, -3.41704071723309, 1.91461244713203, 
-3.98673832869115, -6.19571307266449, 9.80131906844483, -10.8685520004924, 
6.05423720481696, -2.76959924004029, 1.32615628360094, -8.00146243782463, 
6.32410691744653, 5.36991628139554), .Names = c("1", "2", "4", 
"5", "6", "7", "8", "9", "10", "11", "12", "13", "14", "15", 
"16", "17", "18", "19", "20", "21", "23", "25", "26", "27", "28", 
"29", "30")), effects = structure(c(-285.893772345918, -188.725303480387, 
0.288608530676783, -14.5960037894227, 4.36058635936571, 6.98175273910281, 
8.14547820293058, -4.10456369319684, 7.68985624363128, 7.02259592567053, 
14.5349736158935, 16.1179937961023, 5.83360539580494, 1.27497955272141, 
3.3411630389205, -0.947997483497686, -5.44977132639075, -2.91441189822121, 
-8.05608122670066, 8.10287695349823, -7.72770619881836, 7.22746239967361, 
-1.56261006606054, 3.48326288949213, -9.54443488458175, 10.5904143043084, 
6.45532910268494), .Names = c("x1", "x2", "x3", "x4", "x5", "x6", 
"x7", "", "", "", "", "", "", "", "", "", "", "", "", "", "", 
"", "", "", "", "", "")), rank = 7L, fitted.values = structure(c(51.6137238899548, 
60.988038996938, 61.2759843770836, 75.8502607132482, 50.9071605667004, 
66.2060894673691, 69.01641818004, 81.0102560305651, 59.056417542278, 
57.5185109068592, 54.3368279849517, 57.6716347928485, 69.9842092485163, 
77.6652130082814, 82.8773725062253, 77.4170407172331, 63.085387552868, 
68.9867383286911, 56.1957130726645, 40.1986809315552, 63.8685520004924, 
56.945762795183, 68.7695992400403, 76.6738437163991, 56.0014624378246, 
78.6758930825535, 76.6300837186045), .Names = c("1", "2", "4", 
"5", "6", "7", "8", "9", "10", "11", "12", "13", "14", "15", 
"16", "17", "18", "19", "20", "21", "23", "25", "26", "27", "28", 
"29", "30")), assign = 1:7, qr = structure(list(qr = structure(c(-8.44748447113515, 
0.0173215878270671, 0.0432107745078298, 0.419234402381627, 0.218998187413888, 
0.0210370270869962, 0.114593626785835, 0.139892277458543, 0.0726073753091091, 
0.181863257043595, 0.181329207531394, 0.0944312242852375, 0.219022296978662, 
0.186330890308843, 0.214983348115272, 0.318149068601009, -0.0724981860401653, 
0.191434187804683, -0.0158031471672355, 0.0957658661053036, 0.301361944006337, 
0.144826678299191, 0.189776657794095, 0.296847682743803, 0.100790745324298, 
0.329968366161924, 0.0240031099174984, -299.956837446263, -195.560465506799, 
0.254975130397154, -0.252892080013937, -0.059213680857668, 0.309900676320605, 
0.205364779873612, 0.201829818010874, 0.199047885364658, -0.0117103885882775, 
0.0249144055779497, 0.170233834694376, 0.083927061493835, 0.104068378579645, 
0.126000604797485, -0.0599493238958432, 0.419516832979496, 0.0603401889903585, 
0.321151182163554, 0.0556618126506541, -0.131008555358939, 0.0509805292540991, 
0.0987115563911112, -0.0779690710273811, 0.134779724248528, -0.0783237138389192, 
0.381992195986632, -230.989458848158, -153.533754190409, 54.9113487836018, 
-0.00426057035331796, -0.157041841580367, 0.192456465424558, 
0.138256344513415, -0.168160011077009, 0.0386951959519349, -0.249313773674547, 
-0.0393429423920766, -0.170941380213094, -0.373947906072437, 
0.0761666139897173, 0.328602984073539, -0.0240452462327031, -0.303527959613691, 
0.120007007995705, -0.401105071410889, -0.0502847551806157, -0.0742794633155024, 
-0.0253413713641314, -0.143231049580998, -0.0531108699993187, 
-0.00762569918906915, -0.154485686585167, 0.461853643021381, 
-242.046748279372, -163.445217770033, 9.95048787533512, -44.0683585640722, 
-0.0417581631488372, 0.0634777221488023, -0.104582917202212, 
-0.0577487144891552, -0.0627781699154169, 0.274555172880153, 
-0.222181572368913, -0.257223433306525, -0.621809079202078, 0.241756086253613, 
0.0832960685019276, 0.0234199609842969, 0.443467084313941, 0.0500398062297621, 
-0.0117430875351116, 0.0191191472708467, -0.0667806151626083, 
0.091232987504022, -0.0323598396017206, 0.312235947077627, -0.0396652759827256, 
0.0297947253598741, -0.0661711114960951, -284.946545341398, -179.772201539036, 
9.98428743274968, -19.7956115115159, 42.6950772473388, -0.122109472883054, 
-0.0278153609449974, 0.225897535401258, -0.118634224186963, 0.0170751391401211, 
-0.0416677342155904, 0.100183178507737, 0.494242123917698, -0.0657898217402516, 
0.551405635928012, 0.139898814149325, 0.20555446121782, -0.183505793860878, 
-0.102722517153106, -0.0752364594973784, 0.0884221550680023, 
-0.281019883562399, -0.265848895095012, -0.0321261214351841, 
0.0829245964913317, 0.236692908185566, 0.13233548018154, -313.117982581098, 
-220.750753919221, 19.5470459597372, -12.6315754781714, 48.6953204810029, 
61.7199780207222, 0.324104532458378, -0.0332085141420909, -0.0616356554705541, 
-0.0658943098526845, -0.0477313980127584, 0.0299809851758077, 
-0.185946936894121, 0.256758939923085, 0.228152160422305, 0.180944402732248, 
-0.345432069107108, 0.0979522349771768, -0.059412988557962, -0.212468029909947, 
-0.135283707185968, 0.0753260824043885, 0.475658405449276, 0.201808825323278, 
-0.371666320997847, 0.182735018731686, 0.0582813216794205, -183.018625718938, 
-123.242250283701, 18.8992138803248, -25.7673299508693, 28.5786805826169, 
5.44724254143764, -37.8150944957325, -0.493907287975243, -0.0308090161997798, 
-0.316817523557274, 0.0954662580000005, -0.28800979285278, -0.059993897331318, 
-0.161874572410582, 0.0882985763373847, 0.353552340747561, 0.179691487009869, 
-0.0600345210729529, 0.0225164382234813, 0.0124112716285641, 
-0.13257442401654, -0.327762350900272, 0.439665328210161, -0.149172088937417, 
-0.0134500494125341, 0.138835522462117, 0.0582266921847636), .Dim = c(27L, 
7L), .Dimnames = list(c("1", "2", "4", "5", "6", "7", "8", "9", 
"10", "11", "12", "13", "14", "15", "16", "17", "18", "19", "20", 
"21", "23", "25", "26", "27", "28", "29", "30"), c("x1", "x2", 
"x3", "x4", "x5", "x6", "x7")), assign = 1:7), qraux = c(1.15438688278072, 
1.30033620883325, 1.07479705900975, 1.12121539376099, 1.06223677766669, 
1.23188572365457, 1.01040464460565), pivot = 1:7, tol = 1e-07, 
    rank = 7L), .Names = c("qr", "qraux", "pivot", "tol", "rank"
), class = "qr"), df.residual = 20L, xlevels = structure(list(), .Names = character(0)), 
    call = quote(lm(formula = y ~ . + 0, data = structure(list(y = c(43, 
        63, 61, 81, 43, 58, 71, 72, 67, 64, 67, 69, 68, 77, 81, 
        74, 65, 65, 50, 50, 53, 63, 66, 78, 48, 85, 82), x1 = c(1.30418079483706, 
        0.146323844184553, 0.365022346640615, 3.54147610388442, 
        1.84998378738556, 0.17770995963625, 0.968027882764394, 
        1.18173784146277, 0.613349675413581, 1.53628703974583, 
        1.53177566478469, 0.797706300739824, 1.8501874525596, 
        1.57402730237674, 1.8160684947564, 2.68755931651313, 
        -0.612427300759763, 1.61713732872443, -0.133496840290285, 
        0.80898066678936, 2.54575034218463, 1.2234211159385, 
        1.60313536969955, 2.50761619027073, 0.851428255961143, 
        2.78740264911869, 0.202765898287018), x2 = c(51, 64, 
        63, 78, 55, 67, 75, 82, 61, 53, 60, 62, 83, 77, 90, 85, 
        60, 70, 58, 40, 66, 54, 77, 75, 57, 85, 82), x3 = c(30, 
        51, 45, 56, 49, 42, 50, 72, 45, 53, 47, 57, 83, 54, 50, 
        64, 65, 46, 68, 33, 52, 42, 66, 58, 44, 71, 39), x4 = c(39, 
        54, 47, 66, 44, 56, 55, 67, 47, 58, 39, 42, 45, 72, 72, 
        69, 75, 57, 54, 34, 50, 48, 63, 74, 45, 71, 59),