
expected <- structure(list(coefficients = structure(c(0.782135583754159, 
0.279351076246271, 0.26000161390953, -0.149347915167358, 0.0819305859966652, 
0.285557128072915, 0.276252150317815), .Names = c("x1", "x2", 
"x3", "x4", "x5", "x6", "x7")), residuals = structure(c(-8.64600311384566, 
4.03422197223477, 3.83784343491531, -4.21350606121446, 27.0870579319246, 
-27.8720617792754, -1.74802045366793, 4.49006008662271, 5.75941931926834, 
10.0902769035173, -2.01561493323727, 4.32083023870342, -2.50124346775644, 
3.3795713751222, 0.498689485693623, 6.25397720676884, -7.32092593486474, 
-11.0886464078938, 2.37572349395735, -16.1262186778212, -24.0848092316026, 
-5.71881491048858, 4.34985958426143, 10.4616443946234, -8.68613642002179, 
20.2691724449453, 19.4378693388649), .Names = c("1", "2", "3", 
"4", "5", "6", "7", "8", "9", "11", "12", "13", "14", "15", "18", 
"19", "20", "21", "22", "23", "24", "25", "26", "27", "28", "29", 
"30")), effects = structure(c(258.72033396336, -199.212894143605, 
-34.6629351770692, -6.97386823620024, 22.0158234090207, 25.5543957202899, 
12.8673436913784, -5.85686440254334, 7.24920402559982, 17.6731465536603, 
-4.41478275614854, 6.37118690798121, -9.50601018887487, -7.10189168339444, 
3.73016076404733, 10.1583346627205, -2.79527998274299, -16.9121396439112, 
5.16842479207755, -25.6893248830116, -31.2201391385812, 6.33748451894154, 
5.14470306609533, -5.35746244088744, -9.59735269262741, 18.1922964453463, 
26.99618920943), .Names = c("x1", "x2", "x3", "x4", "x5", "x6", 
"x7", "", "", "", "", "", "", "", "", "", "", "", "", "", "", 
"", "", "", "", "", "")), rank = 7L, fitted.values = structure(c(51.6460031138457, 
58.9657780277652, 67.1621565650847, 65.2135060612145, 53.9129420680754, 
70.8720617792754, 59.7480204536679, 66.5099399133773, 66.2405806807317, 
53.9097230964827, 69.0156149332373, 64.6791697612966, 70.5012434677564, 
73.6204286248778, 64.5013105143064, 58.7460227932312, 57.3209259348647, 
61.0886464078938, 61.6242765060427, 69.1262186778212, 64.0848092316026, 
68.7188149104886, 61.6501404157386, 67.5383556053766, 56.6861364200218, 
64.7308275550547, 62.5621306611351), .Names = c("1", "2", "3", 
"4", "5", "6", "7", "8", "9", "11", "12", "13", "14", "15", "18", 
"19", "20", "21", "22", "23", "24", "25", "26", "27", "28", "29", 
"30")), assign = 1:7, qr = structure(list(qr = structure(c(7.51613763838695, 
-0.222439192548526, -0.107066837040589, -0.106891431028611, -0.106096987900269, 
-0.329317618362888, -0.079190177750675, -0.270256101590956, -0.127140299025747, 
-0.166524196111648, -0.0450311152530563, -0.298668261259587, 
-0.30834310732714, -0.111617745034398, -0.127656988853071, -0.166459394231541, 
-0.114753707634313, -0.178742398768388, 0.0845395838780137, 0.0306581531153341, 
-0.145601712608562, -0.387338386561076, -0.181899108157352, -0.100785010546599, 
-0.265836148820169, -0.215341834473498, -0.139976345566613, 285.753121190068, 
-233.17194027184, 0.177157848475246, 0.275942886580728, 0.130786202183437, 
0.0572796358942319, 0.221706302125547, 0.127675078187454, 0.194829778759333, 
0.123589042460244, 0.284327850832342, -0.0116681903814422, 0.108973414541681, 
0.229138762194656, 0.22871097561285, 0.213705046990048, 0.0764357534709498, 
0.237833952917066, 0.391720112952739, 0.355638853424388, 0.0980434464576572, 
0.0434996477822437, 0.149443959101809, 0.281004079531136, 0.0455648597698306, 
0.053106686705876, 0.21421162541586, 221.132256191687, -150.836192195427, 
-62.864683213697, -0.213018187043618, 0.213967190446148, 0.0590939144655715, 
-0.0134147069806551, -0.14891823608145, 0.00797981259369921, 
-0.0977551350124526, -0.0754522387457451, 0.0148831340711482, 
-0.3445626490291, 0.299912457648003, -0.0262407444286178, -0.184779952346393, 
0.416703739624232, -0.305290522041805, -0.0487976217394448, 0.265727185503491, 
0.0640332292673504, 0.230472609980179, -0.0234528357829962, -0.0981627011600238, 
0.105454239981875, 0.120641402032774, 0.0405221192295596, 232.1345971125, 
-169.333472513342, -29.4909080973341, -70.8942187317493, -0.0602354074996395, 
-0.0810223410291994, 0.126237238949554, -0.0265358911173813, 
0.194880449790743, 0.37091304435642, -0.278619401147988, 0.17562347544555, 
-0.11540168421828, -0.400780378809692, 0.19795643262711, 0.26300217018792, 
0.192971604074024, 0.0132900014806171, -0.28799627762478, -0.17437798009413, 
0.0569284410364982, -0.0854237528323268, 0.0962373464242005, 
0.189333972347621, 0.338602005004429, 0.0223636897500009, -0.291212038106102, 
255.052960990022, -200.083338818307, -20.6595225238054, -10.8091892073562, 
70.8095344943656, -0.135565786815474, -0.12234328596864, 0.215697864241622, 
-0.096479727795149, -0.263928281372506, -0.127547786786967, -0.349970567140993, 
0.0637890492181675, 0.261014525620677, -0.0650414115998674, 0.234392232103771, 
-0.267316575098888, 0.286163676306529, -0.0966743177580004, 0.320866848316302, 
-0.132682187374848, -0.0225819481230533, 0.0119908123131808, 
0.4792652783297, 0.0300700210308193, -0.218503442632106, -0.0576084072148684, 
299.018735765034, -216.2372663797, -51.4900621423121, -32.6501990158183, 
39.7577749965849, 60.409416668633, -0.0665806754175585, -0.128545311057498, 
-0.0141299022699715, 0.0242372422042676, -0.125178251312931, 
-0.191454072692432, -0.112768613542901, -0.00823598669846263, 
0.0743947059276309, 0.389581857483387, -0.0361834870995282, 0.0814062126436118, 
0.0834652881220353, -0.00338500164652518, -0.356042770541562, 
0.613700225416656, 0.0932597127701265, -0.174078050983138, 0.00546516817092817, 
-0.211187785109367, 0.37624916960303, 158.937253189932, -152.060251273222, 
-22.9008920314505, -26.6157990982986, 17.597114453443, 30.0596979183024, 
46.5782571341982, 0.0710018845348969, -0.0673597414245199, 0.231493299376018, 
-0.0356764596349722, -0.21706674760512, -0.353437558239074, -0.261906861156037, 
0.314162123797838, -0.390441420479715, -0.113266396302827, 0.129321930192238, 
0.128200173839885, 0.0773965025454216, -0.381524440539882, -0.0236121131935517, 
-0.174820028571964, 0.0563454248860127, 0.214206911109225, -0.234740629545792, 
-0.166381825075875), .Dim = c(27L, 7L), .Dimnames = list(c("1", 
"2", "3", "4", "5", "6", "7", "8", "9", "11", "12", "13", "14", 
"15", "18", "19", "20", "21", "22", "23", "24", "25", "26", "27", 
"28", "29", "30"), c("x1", "x2", "x3", "x4", "x5", "x6", "x7"
)), assign = 1:7), qraux = c(1.19400215078427, 1.06437889637657, 
1.43519873113231, 1.0217561485297, 1.07400666667659, 1.11106708074126, 
1.28858433089575), pivot = 1:7, tol = 1e-07, rank = 7L), .Names = c("qr", 
"qraux", "pivot", "tol", "rank"), class = "qr"), df.residual = 20L, 
    xlevels = structure(list(), .Names = character(0)), call = quote(lm(formula = y ~ 
        . + 0, data = structure(list(y = c(43, 63, 71, 61, 81, 
        43, 58, 71, 72, 64, 67, 69, 68, 77, 65, 65, 50, 50, 64, 
        53, 40, 63, 66, 78, 48, 85, 82), x1 = c(-1.45814686743768, 
        1.67188358736638, 0.804729083703814, 0.803410707975183, 
        0.797439564076696, 2.47519654636125, 0.595204275582401, 
        2.03128205717151, 0.955603986863188, 1.25161877809689, 
        0.338460060252037, 2.24483175984477, 2.3175492345187, 
        0.838934334564916, 0.959487498721707, 1.25113171824678, 
        0.862504661094714, 1.34345247095865, -0.635411148319109, 
        -0.230430898553593, 1.09436251235081, 2.91128862602378, 
        1.36717873321049, 0.757514011154519, 1.99806108379111, 
        1.61853886720555, 1.05208147939708), x2 = c(55, 58, 62, 
        85, 51, 77, 67, 82, 70, 61, 75, 55, 85, 75, 78, 82, 40, 
        90, 75, 77, 51, 85, 70, 85, 62, 54, 77), x3 = c(30, 44, 
        71, 45, 50, 65, 45, 53, 50, 39, 45, 47, 44, 71, 53, 47, 
        56, 45, 42, 65, 42, 83, 50, 52, 56, 50, 57), x4 = c(56, 
        50, 69, 58, 42, 55, 59, 55, 67, 69, 34, 55, 44, 39, 72, 
        74, 59, 58, 34, 55, 45, 67, 59, 74, 75, 47, 39),