
expected <- structure(list(coefficients = structure(c(16.5982600209245, 0.701891622691241, 
-0.0184859732736505, -0.0776858185233417, 0.178463531006751, 
-0.0224159557998534, -0.0772807741681414), .Names = c("x1", "x2", 
"x3", "x4", "x5", "x6", "x7")), residuals = structure(c(-9.83612036292021, 
0.333110395825891, 3.96071505375247, 0.470950729903434, 6.77402230627458, 
-12.9348690782051, -7.81460552703781, -0.887595387089772, -4.03211553571871, 
10.3200925999691, 6.09634533194081, 7.73961023182336, -8.00124554448219, 
1.56639976982721, 9.69783852277432, -2.05606123878051, -7.12208583683129, 
6.75284454925909, 1.37213459336968, -11.2796538347487, -2.15468648496375, 
6.93382225839774, -7.27733978691109, 6.83892530391878, -6.27070963260114, 
5.87222104426329, 4.93805555899038), .Names = c("1", "2", "3", 
"4", "5", "6", "7", "8", "9", "11", "12", "13", "14", "15", "18", 
"19", "20", "21", "22", "23", "24", "25", "26", "27", "28", "29", 
"30")), effects = structure(c(-330.436804066196, -51.0689079508119, 
2.68611967430661, 3.76613952158267, 4.16915181131571, -1.56460162989953, 
-2.96243029683141, 3.54703862510788, -3.9451558897927, 13.4128462607373, 
7.36961228251241, 10.0915622212868, -11.9430446851133, 5.5807854613452, 
6.08285005279992, 1.1734232120775, -7.50676581406322, 9.0370661380671, 
3.04843512230589, -10.3303509183307, 1.32371417064372, 11.9324265159833, 
-3.46687666687486, 10.8935358171268, -7.5833632469711, 6.97200833629409, 
6.0951594532457), .Names = c("x1", "x2", "x3", "x4", "x5", "x6", 
"x7", "", "", "", "", "", "", "", "", "", "", "", "", "", "", 
"", "", "", "", "", "")), rank = 7L, fitted.values = structure(c(52.8361203629202, 
62.6668896041741, 67.0392849462475, 60.5290492700966, 74.2259776937254, 
55.9348690782051, 65.8146055270378, 71.8875953870898, 76.0321155357187, 
53.6799074000308, 60.9036546680592, 61.2603897681766, 76.0012455444822, 
75.4336002301728, 55.3021614772257, 67.0560612387805, 57.1220858368313, 
43.2471554507409, 62.6278654066303, 64.2796538347487, 42.1546864849638, 
56.0661777416023, 73.2773397869111, 71.1610746960812, 54.2707096326011, 
79.1277789557367, 77.0619444410096), .Names = c("1", "2", "3", 
"4", "5", "6", "7", "8", "9", "11", "12", "13", "14", "15", "18", 
"19", "20", "21", "22", "23", "24", "25", "26", "27", "28", "29", 
"30")), assign = 1:7, qr = structure(list(qr = structure(c(-5.19615242270663, 
0.192450089729875, 0.192450089729875, 0.192450089729875, 0.192450089729875, 
0.192450089729875, 0.192450089729875, 0.192450089729875, 0.192450089729875, 
0.192450089729875, 0.192450089729875, 0.192450089729875, 0.192450089729875, 
0.192450089729875, 0.192450089729875, 0.192450089729875, 0.192450089729875, 
0.192450089729875, 0.192450089729875, 0.192450089729875, 0.192450089729875, 
0.192450089729875, 0.192450089729875, 0.192450089729875, 0.192450089729875, 
0.192450089729875, 0.192450089729875, -339.09705810404, -64.6156729066964, 
0.108983611697181, 0.000650761707243416, 0.232792583114252, -0.123158209709828, 
0.062555247415779, 0.18636421883285, 0.294697068822788, -0.154110452564096, 
-0.0457776025741583, -0.0148253597198905, 0.310173190249921, 
0.217316461687118, -0.0457776025741583, 0.108983611697181, -0.0767298454284261, 
-0.355300031116836, -0.0303014811470244, 0.0470791259886451, 
-0.401728395398238, -0.138634331136962, 0.217316461687118, 0.18636421883285, 
-0.09220596685556, 0.341125433104189, 0.294697068822788, -276.165878762371, 
-38.1635422496297, -51.8743814456437, -0.0855473432092191, -0.04856337822439, 
0.0849309466482844, -0.190063826433519, -0.12921405674444, 0.213189566166732, 
0.185382533999306, -0.011979315364881, 0.157451833421777, 0.413569170333353, 
-0.0754469377310734, 0.335012773954993, -0.147967824504566, 0.416187023010466, 
-0.0484397098142874, 0.0727362590284481, 0.0143806736063798, 
0.160069686098891, -0.0383393043361418, 0.155881121815509, 0.0250046496199481, 
-0.0347979789982857, 0.158898876617943, -0.42296259758637, -290.599635492112, 
8.92169740790145, -10.6368472622529, -61.7665981541253, -0.154955359267943, 
-0.0715958038832984, 0.125374208483565, 0.0704014579220337, 0.180458675790315, 
0.115502598835797, -0.362168124514746, -0.0692177845360554, -0.252545017585921, 
-0.198562941536334, 0.141707540539795, 0.365708345472343, -0.102137767097238, 
-0.0351910528506081, -0.385687746432177, -0.00865240853053922, 
-0.323560038587316, 0.158575089307324, 0.0510076075315054, 0.328525044996314, 
0.297950874118938, -0.114927720841779, -0.068730869243105, -334.478255950523, 
-38.7894653829049, 0.555667010559441, -7.62093384917688, 36.5415691103237, 
0.159919952432537, -0.0318569735231806, -0.00244618266899709, 
0.131464327303675, 0.0267458483660875, 0.0994422007447851, 0.254944614724465, 
0.527360553717334, -0.196434616144672, 0.24265365273924, -0.23455725080738, 
-0.0113084213424202, 0.200400953740234, -0.0615425585891245, 
0.0734621579413788, 0.00793389917070995, -0.21447900498837, -0.416391977587431, 
-0.26262819133211, 0.237856991090805, 0.019085525669898, 0.231161800592049, 
-390.673682151647, -18.1024765522868, 4.6765930061464, -12.0391832517967, 
5.13427084634901, 42.8625853642641, 0.293513836725846, 0.357654447020778, 
0.0497154087398112, 0.260568660673139, -0.0695238479783484, 0.319288018032317, 
0.0250382849457582, 0.00570942565222756, 0.00461559743863674, 
0.0104782926423119, -0.0512834443979655, 0.199232728132803, -0.210018088350191, 
-0.0382106622048083, 0.241652860836197, 0.089401262484571, 0.139324920989466, 
0.18886244859743, -0.0302374881693821, 0.153914862330953, 0.0422176826477518, 
-220.932703009897, -10.2044959173061, -11.7299946118344, -0.749730471196171, 
28.9476402942906, 7.8130145227719, 38.333341361022, -0.000739098999915723, 
0.35480308456067, 0.146581862062206, 0.0269845948269078, 0.277427183930001, 
0.1066654772827, 0.144809324993357, -0.553173775668751, 0.0233057992088922, 
-0.101505745623783, -0.0632288955706088, 0.204960821435925, 0.132541526813828, 
-0.259890929082513, 0.307462252763263, -0.368176271274164, 0.0182433510769971, 
-0.125202741842442, -0.166716631238225, -0.0845263005554636), .Dim = c(27L, 
7L), .Dimnames = list(c("1", "2", "3", "4", "5", "6", "7", "8", 
"9", "11", "12", "13", "14", "15", "18", "19", "20", "21", "22", 
"23", "24", "25", "26", "27", "28", "29", "30"), c("x1", "x2", 
"x3", "x4", "x5", "x6", "x7")), assign = 1:7), qraux = c(1.19245008972988, 
1.01612688313438, 1.2761336179975, 1.06099036139047, 1.04072851451401, 
1.61012241711053, 1.1165634631078), pivot = 1:7, tol = 1e-07, 
    rank = 7L), .Names = c("qr", "qraux", "pivot", "tol", "rank"
), class = "qr"), df.residual = 20L, xlevels = structure(list(), .Names = character(0)), 
    call = quote(lm(formula = y ~ . + 0, data = structure(list(y = c(43, 
        63, 71, 61, 81, 43, 58, 71, 72, 64, 67, 69, 68, 77, 65, 
        65, 50, 50, 64, 53, 40, 63, 66, 78, 48, 85, 82), x1 = c(1, 
        1, 1, 1, 1, 1, 1, 1, 1, 1, 1, 1, 1, 1, 1, 1, 1, 1, 1, 
        1, 1, 1, 1, 1, 1, 1, 1), x2 = c(51, 64, 70, 63, 78, 55, 
        67, 75, 82, 53, 60, 62, 83, 77, 60, 70, 58, 40, 61, 66, 
        37, 54, 77, 75, 57, 85, 82), x3 = c(30, 51, 68, 45, 56, 
        49, 42, 50, 72, 53, 47, 57, 83, 54, 65, 46, 68, 33, 52, 
        52, 42, 42, 66, 58, 44, 71, 39), x4 = c(56, 50, 69, 58, 
        42, 55, 59, 55, 67, 69, 34, 55, 44, 39, 72, 74, 59, 58, 
        34, 55, 45, 67, 59, 74, 75, 47, 39), x5 = c(61, 63, 76, 
        54, 71, 54, 66, 70, 71, 58, 59, 55, 59, 79, 55, 75, 64, 
        43, 66, 63, 50, 66, 88, 80, 51, 77, 64), x6 = c(92, 73, 
        86, 84, 83, 49, 68, 66, 83, 67, 74, 63, 77, 77, 80, 85, 
        78, 64, 80, 80, 57, 75, 76, 78, 83, 74, 78), x7 = c(45, 
        47, 48, 35, 47, 34, 35, 41, 31, 34, 41, 25, 35, 46, 60, 
        46, 52, 33, 41, 37, 49, 33, 72, 49, 38, 55, 39)), .Names = c("y", 
        "x1", "x2", "x3", "x4", "x5", "x6", "x7"),