
expected <- structure(list(coefficients = structure(c(4.63212315733336, 0.670732133962804, 
-0.0640343549735805, 0.322492526908757, 0.174542312004774, -0.0463956990748701, 
-0.177486463593965), .Names = c("x1", "x2", "x3", "x4", "x5", 
"x6", "x7")), residuals = structure(c(-4.53834112133577, 1.50113314869365, 
3.55582089943227, -1.49434346418024, 7.72327096394502, -12.2626149550048, 
-8.5705466242621, -0.525847441891276, -6.79555308476021, 8.05155243547839, 
7.90685822168796, 8.7280546795499, -2.36278850207046, -1.09210073561623, 
-0.899637354768289, -3.70069714143493, -2.47380220755808, 9.78624172253871, 
-2.58265606185914, -9.58733677502935, -5.11910985870354, 8.04779292287012, 
0.33601210872836, 3.70842104430502, -5.38846309374265, 4.93493676527636, 
3.11374350971132), .Names = c("1", "2", "3", "4", "5", "6", "7", 
"8", "9", "11", "12", "13", "14", "15", "18", "19", "20", "21", 
"22", "23", "24", "25", "26", "27", "28", "29", "30")), effects = structure(c(-330.436804066196, 
-51.0689079508119, 2.68611967430661, 13.3743426997647, 9.29477331334446, 
-3.59645633438321, -7.22547503479892, 2.50546059539815, -5.09056350255941, 
10.6141978556924, 11.6755090331097, 13.2303382125971, -2.57882170902937, 
1.75809629307525, 1.37214436519683, -2.4894760383981, -5.11537921689714, 
11.4483542806264, 1.67505989638887, -8.838046657425, -1.59851841730286, 
9.99918176456289, -4.15889498300642, 4.41497981992301, -6.41734077003607, 
6.00668154922336, 5.66482180568902), .Names = c("x1", "x2", "x3", 
"x4", "x5", "x6", "x7", "", "", "", "", "", "", "", "", "", "", 
"", "", "", "", "", "", "", "", "", "")), rank = 7L, fitted.values = structure(c(47.5383411213358, 
61.4988668513064, 67.4441791005677, 62.4943434641802, 73.276729036055, 
55.2626149550048, 66.5705466242621, 71.5258474418913, 78.7955530847602, 
55.9484475645216, 59.093141778312, 60.2719453204501, 70.3627885020705, 
78.0921007356162, 65.8996373547683, 68.7006971414349, 52.4738022075581, 
40.2137582774613, 66.5826560618591, 62.5873367750293, 45.1191098587035, 
54.9522070771299, 65.6639878912716, 74.291578955695, 53.3884630937427, 
80.0650632347236, 78.8862564902887), .Names = c("1", "2", "3", 
"4", "5", "6", "7", "8", "9", "11", "12", "13", "14", "15", "18", 
"19", "20", "21", "22", "23", "24", "25", "26", "27", "28", "29", 
"30")), assign = 1:7, qr = structure(list(qr = structure(c(-5.19615242270663, 
0.192450089729875, 0.192450089729875, 0.192450089729875, 0.192450089729875, 
0.192450089729875, 0.192450089729875, 0.192450089729875, 0.192450089729875, 
0.192450089729875, 0.192450089729875, 0.192450089729875, 0.192450089729875, 
0.192450089729875, 0.192450089729875, 0.192450089729875, 0.192450089729875, 
0.192450089729875, 0.192450089729875, 0.192450089729875, 0.192450089729875, 
0.192450089729875, 0.192450089729875, 0.192450089729875, 0.192450089729875, 
0.192450089729875, 0.192450089729875, -339.09705810404, -64.6156729066964, 
0.108983611697181, 0.000650761707243416, 0.232792583114252, -0.123158209709828, 
0.062555247415779, 0.18636421883285, 0.294697068822788, -0.154110452564096, 
-0.0457776025741583, -0.0148253597198905, 0.310173190249921, 
0.217316461687118, -0.0457776025741583, 0.108983611697181, -0.0767298454284261, 
-0.355300031116836, -0.0303014811470244, 0.0470791259886451, 
-0.401728395398238, -0.138634331136962, 0.217316461687118, 0.18636421883285, 
-0.09220596685556, 0.341125433104189, 0.294697068822788, -276.165878762371, 
-38.1635422496297, -51.8743814456437, -0.0855473432092191, -0.04856337822439, 
0.0849309466482844, -0.190063826433519, -0.12921405674444, 0.213189566166732, 
0.185382533999306, -0.011979315364881, 0.157451833421777, 0.413569170333353, 
-0.0754469377310734, 0.335012773954993, -0.147967824504566, 0.416187023010466, 
-0.0484397098142874, 0.0727362590284481, 0.0143806736063798, 
0.160069686098891, -0.0383393043361418, 0.155881121815509, 0.0250046496199481, 
-0.0347979789982857, 0.158898876617943, -0.42296259758637, -289.252484864003, 
-31.3907329613699, -13.3466992843226, 48.2336760195802, -0.136472883490647, 
0.140388076539147, -0.101260795485054, 0.0269506847315662, -0.00615291317959386, 
-0.128078914877611, 0.254458693873492, 0.284006477751736, 0.544488861880237, 
-0.282411587864147, -0.345938555488481, -0.0735791413930778, 
0.103119148399489, 0.13807943157391, -0.176514074493189, 0.0989021682106239, 
-0.302490055363458, -0.0046328365620625, 0.00149287179026787, 
-0.302089745621851, 0.0897596230145777, -0.0812154818399324, 
-0.107903985368068, -347.564862052155, -15.472682289039, 10.3335770927715, 
14.2684606451697, 51.4285036213783, -0.0195777200248321, 0.128333607411488, 
-0.0153584235119358, 0.0250639322669782, 0.119128552283691, -0.464456765399572, 
-0.0750045508928699, 0.032980263282488, -0.153445390557868, -0.51403661029118, 
-0.182027400732762, 0.160917658149986, 0.198795928965939, -0.451147960679364, 
0.0346296422365445, -0.092050680465857, 0.0583311902934016, 0.230328119330983, 
0.0643593986530744, 0.200701865677289, -0.135223923288366, 0.00911414236054103, 
-390.673682151647, -18.1024765522868, 4.6765930061464, 4.41255482406476, 
1.11174512145687, 44.5847202224302, 0.232897571622141, 0.317270073652879, 
-0.0206171243299229, 0.204205402605878, 0.0718494985839662, 0.344196278679314, 
0.146327811676457, 0.0665230286486205, -0.0741427344202329, -0.13993233146741, 
-0.0021490305506071, 0.216504715815215, -0.0710170495594956, 
-0.0283514973795996, 0.343752832085649, 0.0245157328867266, 0.117115239969137, 
0.0432063714757886, -0.134251766276947, 0.186135791649221, 0.0648786864656703, 
-220.932703009897, -10.2044959173061, -11.7299946118344, 25.1646453224406, 
-2.08412277159615, 8.60864000931059, 40.7100062082965, -0.00685891318069342, 
0.465376864215855, 0.272433263072073, -0.164820009099016, 0.210452018838841, 
0.000650215759788031, 0.170558894408756, -0.0662763053498222, 
0.000711259190295872, -0.203244698115315, -0.0371744519756979, 
0.204694998070844, 0.0993517489689481, -0.0871495307119908, 0.182462687192771, 
-0.61972091083915, 0.131931860697802, 0.0372919278943891, -0.107679588577627, 
0.139158721398803), .Dim = c(27L, 7L), .Dimnames = list(c("1", 
"2", "3", "4", "5", "6", "7", "8", "9", "11", "12", "13", "14", 
"15", "18", "19", "20", "21", "22", "23", "24", "25", "26", "27", 
"28", "29", "30"), c("x1", "x2", "x3", "x4", "x5", "x6", "x7"
)), assign = 1:7), qraux = c(1.19245008972988, 1.01612688313438, 
1.2761336179975, 1.08835711112596, 1.16394536547805, 1.62005603205537, 
1.18723877356371), pivot = 1:7, tol = 1e-07, rank = 7L), .Names = c("qr", 
"qraux", "pivot", "tol", "rank"), class = "qr"), df.residual = 20L, 
    xlevels = structure(list(), .Names = character(0)), call = quote(lm(formula = y ~ 
        . + 0, data = structure(list(y = c(43, 63, 71, 61, 81, 
        43, 58, 71, 72, 64, 67, 69, 68, 77, 65, 65, 50, 50, 64, 
        53, 40, 63, 66, 78, 48, 85, 82), x1 = c(1, 1, 1, 1, 1, 
        1, 1, 1, 1, 1, 1, 1, 1, 1, 1, 1, 1, 1, 1, 1, 1, 1, 1, 
        1, 1, 1, 1), x2 = c(51, 64, 70, 63, 78, 55, 67, 75, 82, 
        53, 60, 62, 83, 77, 60, 70, 58, 40, 61, 66, 37, 54, 77, 
        75, 57, 85, 82), x3 = c(30, 51, 68, 45, 56, 49, 42, 50, 
        72, 53, 47, 57, 83, 54, 65, 46, 68, 33, 52, 52, 42, 42, 
        66, 58, 44, 71, 39), x4 = c(39, 54, 69, 47, 66, 44, 56, 
        55, 67, 58, 39, 42, 45, 72, 75, 57, 54, 34, 62, 50, 58, 
        48, 63, 74, 45, 71, 59), x5 = c(59, 66, 60, 77, 62, 63, 
        63, 71, 66, 55, 88, 66, 61, 79, 88, 79, 50, 50, 88, 64, 
        63, 61, 55, 66, 54, 76, 76), x6 = c(92, 73, 86, 84, 83, 
        49, 68, 66, 83, 67, 74, 63, 77, 77, 80, 85, 78, 64, 80, 
        80, 57, 75, 76, 78, 83, 74, 78), x7 = c(45, 47, 48, 35, 
        47, 34, 35, 41, 31, 34, 41, 25, 35, 46, 60, 46, 52, 33, 
        41, 37, 49, 33, 72, 49, 38, 55, 39)), .Names = c("y", 
        "x1", "x2", "x3", "x4", "x5", "x6", "x7"),