
expected <- structure(list(coefficients = structure(c(2.17677534365358, 0.281329701032592, 
-0.0347635250576466, 0.599409385582482, 0.433888042078396, 0.0946447518107923, 
-0.531812702960961), .Names = c("x1", "x2", "x3", "x4", "x5", 
"x6", "x7")), residuals = structure(c(-7.94555558553283, 3.81812935588259, 
-6.85976093392943, 2.00623187683683, 3.62956967466375, -8.74376494647505, 
-10.1850836445465, 5.89970689663606, -4.92007612432884, 7.82325306418599, 
-3.09288605873076, 13.4322690319307, 5.43602030629075, 4.11121393079149, 
-0.719549392887625, 7.68131216634475, 7.55917016218363, 5.12735602809718, 
-2.74679295475172, -10.7775548189213, 2.85811087774326, 1.65447701438608, 
-15.6380335906994, -11.9859157238569, 4.91729529733064, -0.392195188384781, 
8.05305327974137), .Names = c("1", "2", "3", "4", "5", "6", "7", 
"8", "9", "10", "11", "12", "13", "14", "15", "16", "17", "18", 
"19", "20", "21", "22", "23", "24", "25", "26", "30")), effects = structure(c(-332.553755053224, 
16.3400249199808, -15.6397376813288, 28.7429833723206, 11.1022060077572, 
1.42484781433161, -22.7856321958889, 10.3717327915175, -0.837617699334572, 
8.73231717012719, -0.836421199813987, 14.7281154915593, 9.9510266700868, 
7.70151754894866, 3.95051771909454, 10.9201981720401, 9.80782471372178, 
0.260361854631105, 0.118484553418422, -9.58323707541001, 1.55735793971808, 
1.80343286544337, -12.6090011225587, -14.1141446162198, 7.0367634958871, 
4.77036640537562, 10.685065933654), .Names = c("x1", "x2", "x3", 
"x4", "x5", "x6", "x7", "", "", "", "", "", "", "", "", "", "", 
"", "", "", "", "", "", "", "", "", "")), rank = 7L, fitted.values = structure(c(50.9455555855328, 
59.1818706441174, 77.8597609339294, 58.9937681231632, 77.3704303253362, 
51.743764946475, 68.1850836445465, 65.1002931033639, 76.9200761243288, 
59.176746935814, 67.0928860587308, 53.5677309680693, 63.5639796937092, 
63.8887860692085, 77.7195493928876, 73.3186878336552, 66.4408298378164, 
59.8726439719028, 67.7467929547517, 60.7775548189213, 47.1418891222567, 
62.3455229856139, 68.6380335906994, 51.9859157238568, 58.0827047026694, 
66.3921951883848, 73.9469467202586), .Names = c("1", "2", "3", 
"4", "5", "6", "7", "8", "9", "10", "11", "12", "13", "14", "15", 
"16", "17", "18", "19", "20", "21", "22", "23", "24", "25", "26", 
"30")), assign = 1:7, qr = structure(list(qr = structure(c(-5.19615242270663, 
0.192450089729875, 0.192450089729875, 0.192450089729875, 0.192450089729875, 
0.192450089729875, 0.192450089729875, 0.192450089729875, 0.192450089729875, 
0.192450089729875, 0.192450089729875, 0.192450089729875, 0.192450089729875, 
0.192450089729875, 0.192450089729875, 0.192450089729875, 0.192450089729875, 
0.192450089729875, 0.192450089729875, 0.192450089729875, 0.192450089729875, 
0.192450089729875, 0.192450089729875, 0.192450089729875, 0.192450089729875, 
0.192450089729875, 0.192450089729875, -333.323555412144, 64.1981885056534, 
-0.194548578720884, 0.00794934688421669, -0.35031621380173, 0.148140218456978, 
0.00794934688421669, 0.0391028739003859, 0.148140218456978, -0.00762741662386794, 
-0.0543577071481218, -0.0699344706562065, -0.225702105737053, 
-0.319162686785561, 0.0235261103923013, -0.00762741662386794, 
0.0391028739003859, 0.116986691440809, 0.0391028739003859, -0.194548578720884, 
-0.0543577071481218, 0.397368434586332, -0.303585923277476, 0.116986691440809, 
0.397368434586332, -0.225702105737053, -0.319162686785561, -273.471577506153, 
19.8055663419461, -59.2961705186015, -0.0647480096913485, 0.015786834166833, 
0.0437869921759392, -0.115341496146918, 0.0287026943849401, 0.431670388335305, 
-0.0693121230165184, 0.0519115008894905, -0.0538395853468181, 
0.0691642362533815, 0.480256438917297, 0.0915965630005295, 0.0150103544094306, 
0.264805631177597, 0.304490693288636, -0.0387552875558191, 0.263801913240809, 
-0.285378408814306, 0.167406291834226, -0.0379788077984167, -0.0833927028707291, 
-0.00123866301767202, 0.22094469562009, -0.261781362431054, -288.867584684543, 
-2.27997664385002, -27.6254291006855, 50.5584403638504, -0.270639289612322, 
0.216351382978813, -0.14056636741448, -0.0187796156749597, 0.0306637959383084, 
0.068381647126673, -0.0680854904737901, 0.233301975356558, 0.249212288610945, 
0.469137923058551, -0.312382253056156, -0.367567042479472, -0.13180684256918, 
-0.217870876008262, -0.105160669134074, 0.148988008872599, 0.172498341089595, 
-0.0376597582134222, 0.0115461748759867, -0.15085783582522, 0.122190339854091, 
-0.0607971652502654, -0.322820935848422, -333.131105322414, 4.7595666274703, 
-18.9193532853847, 22.4773284534313, 40.8269637500109, 0.0913759266847009, 
-0.0294126420673422, -0.131635221664581, 0.0319932444498323, 
-0.0479166126024543, 0.222254148044384, -0.0721901744735827, 
0.106925976416024, 0.109143313107282, -0.108704774700954, 0.354144679660549, 
-0.134768066640091, 0.52630038089827, -0.233552757204513, 0.066533403810174, 
0.224123272315629, 0.0148842014218685, 0.0235840134396592, 0.374398698049999, 
-0.195429706483338, -0.396386207682241, 0.102545875814856, -386.439780177589, 
5.1016785074812, -8.15671682232458, 4.2796608852827, 22.4384052934172, 
46.2810934829584, 0.169630247336158, 0.292220045036127, -0.0525831017616344, 
-0.0533084276297933, 0.153502552740049, 0.113224576361989, 0.344580071891195, 
0.181080470684216, 0.0451249345554145, 0.34389715659042, 0.0661494863593736, 
-0.224423126234929, -0.101852657112754, 0.0738268889089645, 0.146370978796978, 
-0.103259418605122, -0.0187279447710281, 0.235778484703426, 0.0539576483538396, 
0.278630919006948, -0.0839216673611855, -220.547802830437, 4.16245735966039, 
-14.739646952209, 22.0376679854865, 16.4264648232884, 5.55724745843841, 
42.8452198847937, 0.0901634279583474, 0.407852461501215, 0.00180593725095867, 
0.154458012071444, -0.104266770979132, 0.200319127862913, -0.00288685880548773, 
0.198846836492193, 0.20350146577232, -0.238820482620275, -0.355608029375829, 
0.0917140166664881, -0.247382051928112, -0.0972167119068479, 
0.1334137998196, 0.107462510603756, -0.268937047683359, 0.23175009373704, 
-0.419365275500054, 0.16164981984854), .Dim = c(27L, 7L), .Dimnames = list(
    c("1", "2", "3", "4", "5", "6", "7", "8", "9", "10", "11", 
    "12", "13", "14", "15", "16", "17", "18", "19", "20", "21", 
    "22", "23", "24", "25", "26", "30"), c("x1", "x2", "x3", 
    "x4", "x5", "x6", "x7")), assign = 1:7), qraux = c(1.19245008972988, 
1.0235261103923, 1.26380191324081, 1.07256260625168, 1.06170143933237, 
1.57081678930044, 1.22309758688742), pivot = 1:7, tol = 1e-07, 
    rank = 7L), .Names = c("qr", "qraux", "pivot", "tol", "rank"
), class = "qr"), df.residual = 20L, xlevels = structure(list(), .Names = character(0)), 
    call = quote(lm(formula = y ~ . + 0, data = structure(list(y = c(43, 
        63, 71, 61, 81, 43, 58, 71, 72, 67, 64, 67, 69, 68, 77, 
        81, 74, 65, 65, 50, 50, 64, 53, 40, 63, 66, 82), x1 = c(1, 
        1, 1, 1, 1, 1, 1, 1, 1, 1, 1, 1, 1, 1, 1, 1, 1, 1, 1, 
        1, 1, 1, 1, 1, 1, 1, 1), x2 = c(54, 61, 75, 62, 85, 53, 
        62, 60, 53, 63, 66, 67, 77, 83, 61, 63, 60, 55, 60, 75, 
        66, 37, 82, 55, 37, 77, 83), x3 = c(30, 51, 68, 45, 56, 
        49, 42, 50, 72, 45, 53, 47, 57, 83, 54, 50, 64, 65, 46, 
        68, 33, 52, 52, 42, 42, 66, 39), x4 = c(39, 54, 69, 47, 
        66, 44, 56, 55, 67, 47, 58, 39, 42, 45, 72, 72, 69, 75, 
        57, 54, 34, 62, 50, 58, 48, 63, 59), x5 = c(61, 63, 76, 
        54, 71, 54, 66, 70, 71, 62, 58, 59, 55, 59, 79, 60, 79, 
        55, 75, 64, 43, 66, 63, 50, 66, 88, 64), x6 = c(92, 73, 
        86, 84, 83, 49, 68, 66, 83, 80, 67, 74, 63, 77, 77, 54, 
        79, 80, 85, 78, 64, 80, 80, 57, 75, 76, 78), x7 = c(45, 
        47, 48, 35, 47, 34, 35, 41, 31, 41, 34, 41, 25, 35, 46, 
        36, 63, 60, 46, 52, 33, 41, 37, 49, 33, 72, 39)), .Names = c("y", 
        "x1", "x2", "x3", "x4", "x5", "x6", "x7"),