
expected <- structure(list(coefficients = structure(c(14.0229556250725, 0.589925961505458, 
-0.00256831673943777, 0.255902450530405, 0.112120884439311, -0.0401928325049082, 
-0.14933954541664), .Names = c("x1", "x2", "x3", "x4", "x5", 
"x6", "x7")), residuals = structure(c(-6.64883335587598, -0.361391839663778, 
1.42450692365553, 7.39631050827708, -9.21064464566287, -1.29552324348165, 
-4.21309687388486, 8.69990265751023, 3.81462859836844, 10.2040607861939, 
7.22638902588726, -6.60082632388704, 0.261254441646179, -5.72376604222251, 
-2.47591241216884, -0.126007062431438, -0.10610441055645, 3.30404053294899, 
0.982377041215733, -10.3816606571739, -6.69422495669131, 4.92767877265584, 
-2.09550889671435, 4.44596211921646, -9.44041031747142, 6.97094303140668, 
5.71585659890412), .Names = c("1", "2", "3", "5", "7", "8", "9", 
"10", "11", "12", "13", "14", "15", "16", "17", "18", "19", "21", 
"22", "23", "24", "25", "26", "27", "28", "29", "30")), effects = structure(c(-343.523410167827, 
49.3571362451374, -0.900494662017867, -9.30463239602708, -6.92545143680402, 
-3.49010470095714, -6.42126130246729, 8.78606583064393, 5.37113288001651, 
12.075623180879, 10.2024335559655, 0.396420456662853, 2.55503314737822, 
-3.81585431136908, -3.45508726270464, -0.513357319847003, -1.00966205584102, 
6.59106105397323, 0.754387774476315, -8.60668419974131, -12.2610576674979, 
8.41316675199238, -5.46648057877706, 3.0626328271487, -6.13749285659381, 
5.80563511171021, 8.80448271367653), .Names = c("x1", "x2", "x3", 
"x4", "x5", "x6", "x7", "", "", "", "", "", "", "", "", "", "", 
"", "", "", "", "", "", "", "", "", "")), rank = 7L, fitted.values = structure(c(49.648833355876, 
63.3613918396638, 69.5754930763445, 73.6036894917229, 67.2106446456629, 
72.2955232434817, 76.2130968738849, 58.3000973424898, 60.1853714016316, 
56.7959392138061, 61.7736109741127, 74.600826323887, 76.7387455583538, 
86.7237660422225, 76.4759124121688, 65.1260070624314, 65.1061044105565, 
46.695959467051, 63.0176229587843, 63.3816606571739, 46.6942249566913, 
58.0723212273442, 68.0955088967143, 73.5540378807835, 57.4404103174714, 
78.0290569685933, 76.2841434010959), .Names = c("1", "2", "3", 
"5", "7", "8", "9", "10", "11", "12", "13", "14", "15", "16", 
"17", "18", "19", "21", "22", "23", "24", "25", "26", "27", "28", 
"29", "30")), assign = 1:7, qr = structure(list(qr = structure(c(-5.19615242270663, 
0.192450089729875, 0.192450089729875, 0.192450089729875, 0.192450089729875, 
0.192450089729875, 0.192450089729875, 0.192450089729875, 0.192450089729875, 
0.192450089729875, 0.192450089729875, 0.192450089729875, 0.192450089729875, 
0.192450089729875, 0.192450089729875, 0.192450089729875, 0.192450089729875, 
0.192450089729875, 0.192450089729875, 0.192450089729875, 0.192450089729875, 
0.192450089729875, 0.192450089729875, 0.192450089729875, 0.192450089729875, 
0.192450089729875, 0.192450089729875, -350.644063487833, 69.9910047130397, 
-0.0739876890014511, -0.188288091357435, -0.0311250381179571, 
-0.145425440473941, -0.245438292535427, 0.0546002636490308, 0.168900666005015, 
0.0688878139435288, 0.0403127133545328, -0.259725842829925, -0.174000541062937, 
-0.359738694891411, -0.288300943418921, 0.0688878139435288, -0.0739876890014511, 
0.354638819833489, 0.0546002636490308, -0.0168374878234591, 0.397501470716983, 
0.154613115710517, -0.174000541062937, -0.145425440473941, 0.111750464827023, 
-0.288300943418921, -0.245438292535427, -275.588528493181, 38.4409186516115, 
-50.5891167760729, -0.00316766421737167, -0.167031203886066, 
-0.0909859330561284, 0.272060140307717, -0.0461612801759294, 
0.194067007807626, 0.00363435324785844, 0.18078245036209, 0.479236773419893, 
-0.0324404204969572, -0.244907511637645, 0.0831390451846672, 
0.359442106913039, -0.118747129898996, -0.0678762392719259, 0.092208401804974, 
0.0409012089444684, 0.140811953276968, -0.0336325024487515, 0.204764748613163, 
0.0671508463506184, -0.0248826233133682, 0.221508727165571, -0.380254074745113, 
-297.527838722387, 35.5135583468277, -11.8516979838765, -48.2235379626031, 
0.0750897993545926, -0.058236441180571, -0.0196557085553235, 
-0.0941457096375501, 0.127353894350043, -0.268315037800077, -0.293849248636085, 
-0.564434550492817, 0.251241851319996, 0.194927838781171, 0.0615428067064411, 
0.344114840428868, 0.0461558654104395, -0.135222990778853, 0.164758226616937, 
-0.117203131244745, 0.315284649387418, -0.00469171660190341, 
-0.0247846889873241, 0.276164899973097, -0.101673414793717, 0.0508688449211501, 
0.0602883418434414, -335.632956488902, 9.99123100408951, 1.79217777712097, 
-3.42712383540798, -49.211144495667, 0.324971860558882, -0.42143659177672, 
-0.230580396047917, 0.161959023043932, -0.0552015555379838, -0.0173751578437181, 
0.305254816759257, 0.319809261433332, 0.296575914630701, 0.0407249406381561, 
0.299916679443877, -0.267423375451956, 0.196556092747823, -0.0894926451194333, 
-0.0922578558437229, -0.244200665360763, 0.174791871320189, -0.110967156715936, 
-0.0478639989588111, 0.0777169005791812, -0.0218307520350481, 
0.132548715503216, -391.058582331106, 6.68128185253085, -3.59575616558608, 
2.60675033656675, 16.2874587911174, 41.7557149908888, 0.240972689485557, 
0.0581926537653904, 0.162320028492581, 0.106431395368621, 0.390732704697756, 
0.0106818487138727, -0.1165059664732, 0.456730570462818, 0.048007369454105, 
-0.166444334097151, -0.018423965508683, 0.110159626454371, 0.00637993089884727, 
0.0157987768496785, 0.561570687831829, -0.0781765171048526, 0.198330372089656, 
0.081407650409812, -0.201394914213661, 0.2305703811167, -0.0832454344201224, 
-224.589254714764, 11.8745418003161, -11.0954592247823, -23.6033527970351, 
5.04364256939281, 12.132246935337, 42.9977289977193, 0.0429011023058035, 
0.22873444691483, -0.102224817334151, 0.24256013983873, -0.0224843197571055, 
0.0287181766941057, 0.107383835703408, -0.364061802665182, -0.174474463755711, 
0.0334439426386712, 0.00526729385253385, 0.186474604308943, 0.127010248019044, 
-0.0321244515489921, 0.165819172771421, -0.5930836281354, 0.0653817623554609, 
0.0607057396496258, -0.163466036025835, 0.0602593888569966), .Dim = c(27L, 
7L), .Dimnames = list(c("1", "2", "3", "5", "7", "8", "9", "10", 
"11", "12", "13", "14", "15", "16", "17", "18", "19", "21", "22", 
"23", "24", "25", "26", "27", "28", "29", "30"), c("x1", "x2", 
"x3", "x4", "x5", "x6", "x7")), assign = 1:7), qraux = c(1.19245008972988, 
1.01173761276554, 1.31612901346956, 1.10529795744899, 1.05887750712426, 
1.1226648501052, 1.47965792035244), pivot = 1:7, tol = 1e-07, 
    rank = 7L), .Names = c("qr", "qraux", "pivot", "tol", "rank"
), class = "qr"), df.residual = 20L, xlevels = structure(list(), .Names = character(0)), 
    call = quote(lm(formula = y ~ . + 0, data = structure(list(y = c(43, 
        63, 71, 81, 58, 71, 72, 67, 64, 67, 69, 68, 77, 81, 74, 
        65, 65, 50, 64, 53, 40, 63, 66, 78, 48, 85, 82), x1 = c(1, 
        1, 1, 1, 1, 1, 1, 1, 1, 1, 1, 1, 1, 1, 1, 1, 1, 1, 1, 
        1, 1, 1, 1, 1, 1, 1, 1), x2 = c(51, 64, 70, 78, 67, 75, 
        82, 61, 53, 60, 62, 83, 77, 90, 85, 60, 70, 40, 61, 66, 
        37, 54, 77, 75, 57, 85, 82), x3 = c(30, 51, 68, 56, 42, 
        50, 72, 45, 53, 47, 57, 83, 54, 50, 64, 65, 46, 33, 52, 
        52, 42, 42, 66, 58, 44, 71, 39), x4 = c(39, 54, 69, 66, 
        56, 55, 67, 47, 58, 39, 42, 45, 72, 72, 69, 75, 57, 34, 
        62, 50, 58, 48, 63, 74, 45, 71, 59), x5 = c(54, 70, 66, 
        64, 66, 79, 43, 51, 71, 59, 61, 77, 80, 79, 66, 79, 50, 
        71, 59, 58, 51, 71, 58, 62, 66, 63, 70), x6 = c(92, 73, 
        86, 83, 68, 66, 83, 80, 67, 74, 63, 77, 77, 54, 79, 80, 
        85, 64, 80, 80, 57, 75, 76, 78, 83, 74, 78), x7 = c(45, 
        47, 48, 47, 35, 41, 31, 41, 34, 41, 25, 35, 46, 36, 63, 
        60, 46, 33, 41, 37, 49, 33, 72, 49, 38, 55, 39)), .Names = c("y", 
        "x1", "x2", "x3", "x4", "x5", "x6", "x7"),