
expected <- structure(list(coefficients = structure(c(23.495312470484, 0.737575229678657, 
-0.0434255332370132, -0.136058988197127, -0.00971216829913593, 
0.0905780335565001, -0.106566250037571), .Names = c("x1", "x2", 
"x3", "x4", "x5", "x6", "x7")), residuals = structure(c(-12.4069533936003, 
2.09457518657557, 3.42178305226777, -0.702493761855422, 6.70850486053923, 
-11.1972327254037, -8.75481041691276, 1.86439705144022, -4.61933966861881, 
6.62753278457227, 9.17976899509557, 9.32688065913781, 9.53843522747444, 
-6.66545696881939, 3.05747439225561, -0.783132747197754, -1.60145811812376, 
6.14950742865418, -1.08072453801888, -6.60449903699867, 3.10286771313996, 
0.841003461893969, -11.1729174630131, -3.79131121986013, 4.17013490475636, 
-0.118821537366576, 3.41628587798622), .Names = c("1", "2", "3", 
"4", "5", "6", "7", "8", "9", "10", "11", "12", "13", "14", "15", 
"16", "17", "18", "19", "20", "21", "22", "23", "24", "25", "26", 
"30")), effects = structure(c(-332.553755053224, -47.3569455303206, 
4.84740410534456, 6.74074245150829, -1.57155342421977, 3.94953161245614, 
-4.42830927373231, 6.14542820222531, -4.35266912075751, 8.90847537825384, 
12.7414285259173, 11.7506294252186, 12.5564459825896, -10.6883476299947, 
6.85649664635888, -0.424524310337335, -1.2338753349418, 2.06513138288334, 
3.09003597219368, -6.30396945320872, 5.64921439732392, 2.9833293416078, 
-9.49483887975365, -0.50572126621365, 9.6683028377512, 4.25948178051073, 
3.63300432740961), .Names = c("x1", "x2", "x3", "x4", "x5", "x6", 
"x7", "", "", "", "", "", "", "", "", "", "", "", "", "", "", 
"", "", "", "", "", "")), rank = 7L, fitted.values = structure(c(55.4069533936003, 
60.9054248134244, 67.5782169477322, 61.7024937618554, 74.2914951394608, 
54.1972327254037, 66.7548104169128, 69.1356029485598, 76.6193396686188, 
60.3724672154277, 54.8202310049044, 57.6731193408622, 59.4615647725256, 
74.6654569688194, 73.9425256077444, 81.7831327471978, 75.6014581181238, 
58.8504925713458, 66.0807245380189, 56.6044990369987, 46.89713228686, 
63.158996538106, 64.1729174630131, 43.7913112198601, 58.8298650952436, 
66.1188215373666, 78.5837141220138), .Names = c("1", "2", "3", 
"4", "5", "6", "7", "8", "9", "10", "11", "12", "13", "14", "15", 
"16", "17", "18", "19", "20", "21", "22", "23", "24", "25", "26", 
"30")), assign = 1:7, qr = structure(list(qr = structure(c(-5.19615242270663, 
0.192450089729875, 0.192450089729875, 0.192450089729875, 0.192450089729875, 
0.192450089729875, 0.192450089729875, 0.192450089729875, 0.192450089729875, 
0.192450089729875, 0.192450089729875, 0.192450089729875, 0.192450089729875, 
0.192450089729875, 0.192450089729875, 0.192450089729875, 0.192450089729875, 
0.192450089729875, 0.192450089729875, 0.192450089729875, 0.192450089729875, 
0.192450089729875, 0.192450089729875, 0.192450089729875, 0.192450089729875, 
0.192450089729875, 0.192450089729875, -342.753609808908, -68.0364825881156, 
0.0948302518508885, -0.00805572540306698, 0.212414225855409, 
-0.125639699407587, 0.0507362615991933, 0.168320235603714, 0.271206212857669, 
-0.0374517189041971, -0.155035692908718, -0.0521497156547622, 
-0.022753722153632, 0.285904209608234, 0.197716229104844, 0.38879018686219, 
0.315300203109364, -0.0521497156547622, 0.0948302518508885, -0.0815457091558923, 
-0.346109650666063, -0.0374517189041971, 0.0360382648486282, 
-0.390203640917759, -0.140337696158153, 0.197716229104844, 0.271206212857669, 
-273.471577506153, -31.9186052397271, -53.7540597150277, -0.068940024584522, 
-0.00259405148006831, 0.0792274842913807, -0.161627025089866, 
-0.0865555811570526, 0.258180623295055, -0.0505013934329394, 
0.172079099712536, -0.00407558572236198, 0.163518243799986, 0.453597014460587, 
-0.0305812280390631, -0.224845314793922, 0.0816967080285368, 
0.330782843490713, -0.114871987547668, 0.405031212844475, -0.0801347191500383, 
0.0797213290388119, 0.0336247511598553, 0.114952442183873, -0.0417759226045793, 
0.192657724769653, -0.355726496928915, -284.633682710486, -9.38875370211095, 
-10.8661905307922, -56.2178252330725, -0.238176789826138, 0.113945999171955, 
-0.181946784115201, 0.080972343000304, -0.0522610642006368, 0.144204201297629, 
0.0309744173948196, 0.325067815569728, 0.309997685342485, 0.114182559125656, 
-0.339319857033946, -0.250112473789077, -0.0954889608941676, 
-0.131333501817463, 0.19393450572251, 0.0353763894667852, -0.00705371826986711, 
-0.269469679168054, 0.118231382795379, -0.249083199463426, -0.232977705408618, 
0.222092948800123, -0.262049849280326, -333.131105322414, -32.1902459944875, 
-3.50937878261533, 3.89010428944701, 38.5876415275461, 0.138752057576559, 
-0.0168392123267825, -0.0715094711137608, 0.1088975119991, -0.0380393109961612, 
0.0560593765047757, -0.00565672335952684, 0.169057456291669, 
0.440592086392249, -0.160797788933566, 0.41425989443705, -0.0973855023204065, 
0.299288314754964, -0.296533744200106, 0.0194953269884358, 0.233720835819047, 
-0.0041008656988957, 0.0240883423940741, 0.127738896506256, -0.128356098001591, 
-0.477271161018305, 0.184130032945512, -386.439780177589, -11.4110891809387, 
-4.10160002706479, -3.12209781019992, 21.2843881240296, 46.3302012154939, 
0.146922160761337, 0.287064386638491, -0.0736781336393821, -0.0387879841815604, 
0.21958716454027, 0.119772589391084, 0.338657525814892, 0.0237814833239203, 
0.0191229383515119, 0.341786732798646, 0.0402733486890228, -0.117437255165272, 
-0.049933626425735, 0.0531118656647283, 0.141343757667949, -0.0960133132043884, 
-0.0343066999441187, 0.315628056621836, 0.0165336249492334, 0.284189816711508, 
-0.151304746194225, -220.547802830437, -8.28150461356839, -12.875499479707, 
5.51415800368363, 29.3214950893344, 2.31749646659425, 41.55451911061, 
0.0743828866208091, 0.389323110925699, 0.0143153064618394, 0.15635053131657, 
-0.0529829708651896, 0.256826600780285, 0.0816486041107556, 0.161615688571843, 
-0.0492309218195569, -0.279282924056624, -0.492291609392628, 
0.0822645228337411, -0.143547329616145, -0.0634445473226114, 
0.131429499361333, 0.121170264573556, -0.285933220054086, 0.323776582671319, 
-0.325654220206844, 0.00700598937520931), .Dim = c(27L, 7L), .Dimnames = list(
    c("1", "2", "3", "4", "5", "6", "7", "8", "9", "10", "11", 
    "12", "13", "14", "15", "16", "17", "18", "19", "20", "21", 
    "22", "23", "24", "25", "26", "30"), c("x1", "x2", "x3", 
    "x4", "x5", "x6", "x7")), assign = 1:7), qraux = c(1.19245008972988, 
1.0066422713475, 1.29439942593498, 1.29572703560043, 1.04031123258801, 
1.58259758634202, 1.19461273366444), pivot = 1:7, tol = 1e-07, 
    rank = 7L), .Names = c("qr", "qraux", "pivot", "tol", "rank"
), class = "qr"), df.residual = 20L, xlevels = structure(list(), .Names = character(0)), 
    call = quote(lm(formula = y ~ . + 0, data = structure(list(y = c(43, 
        63, 71, 61, 81, 43, 58, 71, 72, 67, 64, 67, 69, 68, 77, 
        81, 74, 65, 65, 50, 50, 64, 53, 40, 63, 66, 82), x1 = c(1, 
        1, 1, 1, 1, 1, 1, 1, 1, 1, 1, 1, 1, 1, 1, 1, 1, 1, 1, 
        1, 1, 1, 1, 1, 1, 1, 1), x2 = c(51, 64, 70, 63, 78, 55, 
        67, 75, 82, 61, 53, 60, 62, 83, 77, 90, 85, 60, 70, 58, 
        40, 61, 66, 37, 54, 77, 82), x3 = c(30, 51, 68, 45, 56, 
        49, 42, 50, 72, 45, 53, 47, 57, 83, 54, 50, 64, 65, 46, 
        68, 33, 52, 52, 42, 42, 66, 39), x4 = c(54, 63, 48, 71, 
        45, 59, 45, 62, 57, 62, 54, 72, 72, 67, 39, 47, 55, 47, 
        67, 56, 48, 39, 62, 34, 39, 71, 44), x5 = c(61, 63, 76, 
        54, 71, 54, 66, 70, 71, 62, 58, 59, 55, 59, 79, 60, 79, 
        55, 75, 64, 43, 66, 63, 50, 66, 88, 64), x6 = c(92, 73, 
        86, 84, 83, 49, 68, 66, 83, 80, 67, 74, 63, 77, 77, 54, 
        79, 80, 85, 78, 64, 80, 80, 57, 75, 76, 78), x7 = c(45, 
        47, 48, 35, 47, 34, 35, 41, 31, 41, 34, 41, 25, 35, 46, 
        36, 63, 60, 46, 52, 33, 41, 37, 49, 33, 72, 39)), .Names = c("y", 
        "x1", "x2", "x3", "x4", "x5", "x6", "x7"),