
expected <- structure(list(coefficients = structure(c(9.85381017398, 0.596493622497172, 
0.0722008987509846, 0.257375657729991, -0.0645703189067995, 0.125884654719872, 
-0.201176372677901), .Names = c("x1", "x2", "x3", "x4", "x5", 
"x6", "x7")), residuals = structure(c(-8.06832454574289, 2.22911273617723, 
0.244181876075716, -1.82494548018125, 7.61420474000671, -11.520100959516, 
-6.73830258734031, 2.88662572153878, -7.24796737055839, 5.6457769047378, 
6.9392079354536, 10.8122970269503, 8.61040897470901, -4.96382153834062, 
2.22091964924898, -1.51574567691047, 0.122148238569786, 1.77792803559648, 
-1.2755270706835, -7.61730740515461, 5.64535822881043, 1.20945027694468, 
-12.3435470614859, -3.97356721473176, 4.04794028603053, 0.991122657096067, 
6.09247362269962), .Names = c("1", "2", "3", "4", "5", "6", "7", 
"8", "9", "10", "11", "12", "13", "14", "15", "16", "17", "18", 
"19", "20", "21", "22", "23", "24", "25", "26", "30")), effects = structure(c(-332.553755053224, 
-47.3569455303206, -6.05517078541123, 6.32698040290998, -4.41872028635809, 
5.24096042628472, -7.58125442444032, 6.45404001427384, -7.13247916986265, 
5.88289775929628, 9.90034371856449, 13.2892736382661, 12.0687693207097, 
-5.8688915284779, 3.81186279609236, -3.40124650534568, 0.565533242397366, 
-3.79880363047314, 1.35555361348043, -6.83521831254337, 7.81767270894477, 
2.76904386873742, -12.0096636541694, -1.61895018288085, 7.28622069114182, 
5.71857292231637, 4.41188586508919), .Names = c("x1", "x2", "x3", 
"x4", "x5", "x6", "x7", "", "", "", "", "", "", "", "", "", "", 
"", "", "", "", "", "", "", "", "", "")), rank = 7L, fitted.values = structure(c(51.0683245457429, 
60.7708872638228, 70.7558181239243, 62.8249454801813, 73.3857952599933, 
54.520100959516, 64.7383025873403, 68.1133742784612, 79.2479673705584, 
61.3542230952622, 57.0607920645464, 56.1877029730497, 60.389591025291, 
72.9638215383406, 74.779080350751, 82.5157456769105, 73.8778517614302, 
63.2220719644035, 66.2755270706835, 57.6173074051546, 44.3546417711896, 
62.7905497230553, 65.3435470614859, 43.9735672147318, 58.9520597139695, 
65.0088773429039, 75.9075263773004), .Names = c("1", "2", "3", 
"4", "5", "6", "7", "8", "9", "10", "11", "12", "13", "14", "15", 
"16", "17", "18", "19", "20", "21", "22", "23", "24", "25", "26", 
"30")), assign = 1:7, qr = structure(list(qr = structure(c(-5.19615242270663, 
0.192450089729875, 0.192450089729875, 0.192450089729875, 0.192450089729875, 
0.192450089729875, 0.192450089729875, 0.192450089729875, 0.192450089729875, 
0.192450089729875, 0.192450089729875, 0.192450089729875, 0.192450089729875, 
0.192450089729875, 0.192450089729875, 0.192450089729875, 0.192450089729875, 
0.192450089729875, 0.192450089729875, 0.192450089729875, 0.192450089729875, 
0.192450089729875, 0.192450089729875, 0.192450089729875, 0.192450089729875, 
0.192450089729875, 0.192450089729875, -342.753609808908, -68.0364825881156, 
0.0948302518508885, -0.00805572540306698, 0.212414225855409, 
-0.125639699407587, 0.0507362615991933, 0.168320235603714, 0.271206212857669, 
-0.0374517189041971, -0.155035692908718, -0.0521497156547622, 
-0.022753722153632, 0.285904209608234, 0.197716229104844, 0.38879018686219, 
0.315300203109364, -0.0521497156547622, 0.0948302518508885, -0.0815457091558923, 
-0.346109650666063, -0.0374517189041971, 0.0360382648486282, 
-0.390203640917759, -0.140337696158153, 0.197716229104844, 0.271206212857669, 
-274.048927775342, -12.3719026722256, -61.2872026564613, -0.0654650951612464, 
-0.00997383405693851, 0.274782953504124, -0.0724229189405487, 
0.0441943939435531, -0.0169316578362408, 0.378562558222539, -0.14597025604502, 
-0.0602467273267696, -0.0310923991057442, -0.116570834113096, 
0.334414643049992, 0.230218615490567, -0.0710998858367325, 0.0702862331159368, 
-0.0450080466643488, 0.122715005171603, -0.025457608430258, -0.11093604343761, 
0.255648938111043, -0.0691891007617962, 0.57022157044504, -0.00823437811211293, 
0.0972846825511273, -288.867584684543, -31.8151748922231, -6.600625960191, 
47.6313436933016, -0.132012902036271, 0.184860893733199, -0.0520764956536496, 
0.0852127940971241, -0.11479068913168, 0.214080831360711, -0.257720269976971, 
0.237951958937515, 0.204041900174149, 0.326748397500101, -0.162899113404958, 
-0.0636077449191699, -0.143065175785221, -0.477991751533598, 
-0.0344431988209034, -0.0412660691553315, 0.15184089441456, -0.250317079036864, 
0.163989598019765, -0.3956395141266, 0.181015917233587, -0.0785833634769078, 
0.0880444280343479, -333.131105322414, -32.1902459944875, -5.24617168679144, 
12.3753783401949, 36.5483573235623, 0.140159570681845, -0.0161845114627136, 
-0.0618179528009836, 0.0856199412492426, 0.0125935820675, 0.111804644791348, 
-0.0611631605584927, 0.0999500552997252, 0.165759304639428, -0.0664976933154011, 
0.534362055133692, -0.0967552828953155, 0.461932249094908, -0.22564657158619, 
-0.0225367309263148, 0.179719260125235, 0.000411781809799209, 
0.0379185592606474, 0.223894850248683, -0.110761079267456, -0.458962353255812, 
0.20499884757763, -386.439780177589, -11.4110891809387, 7.17252987711166, 
2.40118069553744, 22.7500217676518, 45.2913788264571, 0.211803996922997, 
0.305958043443298, -0.127932515778746, -0.0470567239393794, 0.133290636679757, 
0.106452110504945, 0.290362609128206, 0.0148075857635206, 0.0515725891570566, 
0.369449964155504, 0.0330035602553292, -0.286591124247059, -0.0752822313468938, 
-0.0234979293271141, 0.182433728542694, -0.0918102485727154, 
-0.0514436236408499, 0.263277851021353, 0.0937522531841962, 0.224574828820383, 
-0.0426913708238134, -220.547802830437, -8.28150461356839, 5.83069290909902, 
27.0178729893806, 24.4693736546687, 2.28918114458749, 37.6846163569044, 
0.0750831207368053, 0.441165299676815, -0.166034580517262, 0.330277652203994, 
-0.123346235966797, 0.228291195305936, -0.082836940910458, 0.15233005161149, 
-0.011760001621368, -0.24137909345489, -0.391537731181269, 0.13333022879054, 
-0.223666961173603, -0.101607769790905, 0.251136012637231, -0.00659882622930662, 
-0.108011830564182, 0.119014050471693, -0.324956582730891, -0.0279103894374811
), .Dim = c(27L, 7L), .Dimnames = list(c("1", "2", "3", "4", 
"5", "6", "7", "8", "9", "10", "11", "12", "13", "14", "15", 
"16", "17", "18", "19", "20", "21", "22", "23", "24", "25", "26", 
"30"), c("x1", "x2", "x3", "x4", "x5", "x6", "x7")), assign = 1:7), 
    qraux = c(1.19245008972988, 1.0066422713475, 1.34659083466377, 
    1.09865792209052, 1.04624119077803, 1.57096802799099, 1.28378840257667
    ), pivot = 1:7, tol = 1e-07, rank = 7L), .Names = c("qr", 
"qraux", "pivot", "tol", "rank"), class = "qr"), df.residual = 20L, 
    xlevels = structure(list(), .Names = character(0)), call = quote(lm(formula = y ~ 
        . + 0, data = structure(list(y = c(43, 63, 71, 61, 81, 
        43, 58, 71, 72, 67, 64, 67, 69, 68, 77, 81, 74, 65, 65, 
        50, 50, 64, 53, 40, 63, 66, 82), x1 = c(1, 1, 1, 1, 1, 
        1, 1, 1, 1, 1, 1, 1, 1, 1, 1, 1, 1, 1, 1, 1, 1, 1, 1, 
        1, 1, 1, 1), x2 = c(51, 64, 70, 63, 78, 55, 67, 75, 82, 
        61, 53, 60, 62, 83, 77, 90, 85, 60, 70, 58, 40, 61, 66, 
        37, 54, 77, 82), x3 = c(30, 44, 71, 45, 50, 65, 45, 53, 
        50, 72, 39, 45, 47, 44, 71, 66, 47, 53, 47, 56, 45, 42, 
        65, 42, 83, 50, 57), x4 = c(39, 54, 69, 47, 66, 44, 56, 
        55, 67, 47, 58, 39, 42, 45, 72, 72, 69, 75, 57, 54, 34, 
        62, 50, 58, 48, 63, 59), x5 = c(61, 63, 76, 54, 71, 54, 
        66, 70, 71, 62, 58, 59, 55, 59, 79, 60, 79, 55, 75, 64, 
        43, 66, 63, 50, 66, 88, 64), x6 = c(92, 73, 86, 84, 83, 
        49, 68, 66, 83, 80, 67, 74, 63, 77, 77, 54, 79, 80, 85, 
        78, 64, 80, 80, 57, 75, 76, 78), x7 = c(45, 47, 48, 35, 
        47, 34, 35, 41, 31, 41, 34, 41, 25, 35, 46, 36, 63, 60, 
        46, 52, 33, 41, 37, 49, 33, 72, 39)), .Names = c("y", 
        "x1", "x2", "x3", "x4", "x5", "x6", "x7"),