
expected <- structure(list(coefficients = structure(c(-0.736695834621118, 
0.157781563857234, 0.510869514573438, 0.124239423531739, 0.450760157236928, 
0.102024516141604, -0.329207028656061), .Names = c("x1", "x2", 
"x3", "x4", "x5", "x6", "x7")), residuals = structure(c(-13.7407535568721, 
3.51443920325276, -11.0417563951183, 15.9392321234393, -4.58772404700516, 
-5.2970889531242, 1.60141582391593, 3.37400154952822, 11.0508667213862, 
-13.3883191372582, 5.90516039673054, 3.39940948728275, 1.49100430234217, 
11.0918211153416, 0.893300242892025, -10.6028320917927, -4.40510743084516, 
2.91295337766574, -12.5458443358499, -1.4915470169958, -21.3459565149009, 
13.8512239605014, -1.59307166420437, 8.39708427556436, -1.42018039226774, 
11.0755800519095, 11.449272345593), .Names = c("1", "3", "4", 
"5", "6", "7", "8", "9", "10", "11", "12", "13", "15", "16", 
"17", "18", "19", "20", "22", "23", "24", "25", "26", "27", "28", 
"29", "30")), effects = structure(c(268.119374188842, 191.280880119022, 
79.9181408169867, -16.2479280342147, -27.9458884888124, 5.14609688843139, 
-14.2466824317108, -4.96706840626495, 4.87586226440873, -24.2193544362687, 
8.17895543018401, 1.45950837401315, -4.80492110905107, 10.7609955352609, 
-4.16364734464814, -12.3622263574994, -2.71175956607535, 1.4154211712086, 
-7.89349482906442, 2.49275376170262, -27.4296688551966, 19.5846969341833, 
-5.48999347521691, 2.39534807427021, -2.30042917277004, 7.61642998894684, 
8.01239697650437), .Names = c("x1", "x2", "x3", "x4", "x5", "x6", 
"x7", "", "", "", "", "", "", "", "", "", "", "", "", "", "", 
"", "", "", "", "", "")), rank = 7L, fitted.values = structure(c(56.7407535568721, 
67.4855607967472, 72.0417563951183, 65.0607678765607, 47.5877240470052, 
63.2970889531242, 69.3985841760841, 68.6259984504718, 55.9491332786138, 
77.3883191372582, 61.0948396032695, 65.6005905127172, 75.5089956976578, 
69.9081788846584, 73.106699757108, 75.6028320917927, 69.4051074308452, 
47.0870466223343, 76.5458443358499, 54.4915470169958, 61.3459565149009, 
49.1487760394986, 67.5930716642044, 69.6029157244356, 49.4201803922677, 
73.9244199480905, 70.550727654407), .Names = c("1", "3", "4", 
"5", "6", "7", "8", "9", "10", "11", "12", "13", "15", "16", 
"17", "18", "19", "20", "22", "23", "24", "25", "26", "27", "28", 
"29", "30")), assign = 1:7, qr = structure(list(qr = structure(c(7.54518692064117, 
-0.34162892446222, -0.191005929602876, -0.175155750740746, -0.308318924941174, 
-0.187771278032418, -0.220842271306081, -0.24060102793143, -0.157426415252403, 
-0.194096609623019, -0.0176570600523337, 0.0137098947790137, 
-0.0891986312430264, -0.193257312006632, -0.0599895208029149, 
-0.381738502472139, -0.186862016520016, -0.352200893063749, 0.0206910643661589, 
-0.115624026590184, -0.178802824455818, -0.0439432312982998, 
0.0109681742654385, -0.125269326878554, -0.154564370091147, -0.268517475757777, 
-0.0438491078715301, 274.219065451064, 210.285292265401, -0.19157749977876, 
-0.120862204937242, 0.0279500710967313, -0.113772158566066, 0.0314108849326496, 
-0.0689225173094364, -0.123243030158298, -0.107832917598776, 
-0.278258253858874, -0.264911608603117, -0.173039939413021, -0.108620985499343, 
-0.119623607379086, -0.0457751237606373, -0.157424918787051, 
-0.0735097930600016, -0.376086431183185, -0.295646292490472, 
-0.107926855557397, -0.362951778355932, -0.400245124869723, -0.172459065886504, 
-0.149707601160707, -0.137818942366609, -0.24890949277177, 202.504731990428, 
134.281106110495, 101.343071116022, -0.0393187879653158, 0.104943975051238, 
0.000938647660585711, -0.267375057179395, -0.0708658937361156, 
-0.063172167937576, -0.401077239305654, -0.0620865814111599, 
-0.223522770089352, -0.314604450085242, -0.253403568359622, -0.470378686082987, 
0.242388977015109, -0.0282540830644952, 0.289683665819272, -0.00516287084270119, 
0.22389361412253, -0.157526791021458, 0.194990500186731, -0.0609398277025909, 
-0.103203157415578, 0.111526826802203, 0.0517543123826054, -0.126165926738763, 
245.057085271248, 162.977042880881, 35.5134593465009, -61.2315495264367, 
0.133580442395564, 0.215980076821184, 0.256825077287533, 0.137094518098471, 
0.231709931990563, 0.0223931344436923, -0.319087857362914, -0.0531449216081087, 
-0.13887661754935, -0.445848180814098, 0.139538608360648, 0.0336135513158016, 
-0.246231353352284, -0.0825574686421574, -0.130680753981963, 
-0.194891504767271, -0.143121237861656, -0.30299297524779, -0.00985358111800237, 
0.265393708347616, 0.0684941586836742, -0.197414912344174, 0.130182531504047, 
274.599548523648, 203.160040202156, 49.5518544132028, -7.32064882410619, 
-65.1928511469898, -0.01105196185057, 0.266816339017231, -0.0388743150933476, 
-0.115695616082939, -0.420740551627703, 0.381252366528014, 0.0484816817634455, 
0.150076285417934, -0.15609615865002, -0.0890764987222767, 0.16112980043862, 
0.10785660173878, -0.372699208996248, 0.221225762031829, -0.151449234969588, 
-0.0570396438646619, -0.197109729659319, -0.442848374539268, 
-0.0332249362749678, -0.0652794733115063, -0.0805452869277338, 
0.128756123951028, 304.238424814588, 219.297426730339, 50.262718872661, 
-37.4605781159407, -4.4014826998635, -39.2888104245929, 0.167118284861084, 
-0.252859766511666, 0.146395325980193, 0.172371053775762, -0.190521561892334, 
-0.0225006573791801, -0.345217235136673, 0.222900794954938, 0.358474444328331, 
-0.164263067136182, 0.119764346668572, 0.355149086201298, 0.00170436113495729, 
0.256849646500261, -0.156821700212368, 0.386217215143961, 0.0581590111077109, 
-0.00113554254623447, 0.148369549881421, -0.233217914430434, 
-0.0807634095917758, 177.111619244561, 135.770871004131, 11.333742542245, 
4.61351464335763, -5.73958124588414, -27.8077864836351, 43.2757541352345, 
-0.085540618613552, -0.335680993713129, -0.299830627575947, -0.239298058094386, 
0.0804455327335707, -0.126988132392017, 0.10184681978768, 0.232433242962856, 
0.2186816853602, 0.101296666770193, -0.418419405104711, 0.498776327114186, 
-0.0206915464518439, -0.339042987632794, -0.192545750678315, 
-0.0282289428799144, 0.0210784825099312, -0.056636113037701, 
0.0649670028378957, 0.00878269350594291), .Dim = c(27L, 7L), .Dimnames = list(
    c("1", "3", "4", "5", "6", "7", "8", "9", "10", "11", "12", 
    "13", "15", "16", "17", "18", "19", "20", "22", "23", "24", 
    "25", "26", "27", "28", "29", "30"), c("x1", "x2", "x3", 
    "x4", "x5", "x6", "x7")), assign = 1:7), qraux = c(1.03428383597466, 
1.03069420240142, 1.0771671585161, 1.29549541382901, 1.13860203547328, 
1.17123932413267, 1.05205292990883), pivot = 1:7, tol = 1e-07, 
    rank = 7L), .Names = c("qr", "qraux", "pivot", "tol", "rank"
), class = "qr"), df.residual = 20L, xlevels = structure(list(), .Names = character(0)), 
    call = quote(lm(formula = y ~ . + 0, data = structure(list(y = c(43, 
        71, 61, 81, 43, 58, 71, 72, 67, 64, 67, 69, 77, 81, 74, 
        65, 65, 50, 64, 53, 40, 63, 66, 78, 48, 85, 82), x1 = c(-0.25867795078543, 
        2.57765409256505, 1.44117544180453, 1.32158287956416, 
        2.32632391985229, 1.41676939108228, 1.66629621698333, 
        1.81537972904105, 1.18781172932586, 1.4644952002684, 
        0.133225818563844, -0.103443718769981, 0.673020345793978, 
        1.45816254287071, 0.452632147737685, 2.88028835595793, 
        1.40990884301146, 2.65742157178274, -0.156117948229687, 
        0.872404893140121, 1.34910073245774, 0.331559894042641, 
        -0.0827569250108997, 0.945180486721588, 1.16621706360886, 
        2.02601454605116, 0.330849715194053), x2 = c(70, 61, 
        78, 60, 55, 61, 37, 62, 57, 61, 62, 53, 54, 61, 37, 85, 
        70, 85, 75, 85, 58, 85, 82, 61, 62, 82, 61), x3 = c(45, 
        64, 44, 45, 33, 42, 57, 52, 45, 83, 42, 52, 66, 68, 71, 
        39, 50, 33, 42, 30, 56, 30, 52, 50, 30, 52, 49), x4 = c(58, 
        45, 72, 72, 56, 67, 58, 66, 66, 67, 34, 47, 47, 34, 54, 
        72, 47, 63, 54, 54, 47, 47, 69, 72, 55, 59, 63),