
expected <- structure(list(coefficients = structure(c(-2.66842222914729, 
0.479605316015681, 0.135723395855758, 0.556390025705916, 0.160328718809098, 
0.0963166028386218, -0.491324417531374), .Names = c("x1", "x2", 
"x3", "x4", "x5", "x6", "x7")), residuals = structure(c(-4.62275057770218, 
3.01708998817222, -4.40869101595717, 1.7791358537905, 3.61573533049784, 
-10.5495627762611, -8.66539801777247, 5.18209506570619, 7.53156815135361, 
4.23108847838254, 6.73240556328579, -3.08497928982463, -2.93255492315689, 
-3.0755253676151, 2.24695167092099, -1.47209951207453, -5.29056776107903, 
11.071810605659, -1.19823560893334, -11.3040209362196, -3.15818140281575, 
3.73504549087652, 2.76065330815614, 2.78219349539032, -4.90772939513204, 
5.31202044280248, 4.6725031395496), .Names = c("1", "2", "3", 
"4", "5", "6", "7", "8", "10", "11", "13", "14", "16", "17", 
"18", "19", "20", "21", "22", "23", "24", "25", "26", "27", "28", 
"29", "30")), effects = structure(c(-331.591504604575, -52.8406667457116, 
-0.193324488093258, 13.1111766386706, -2.57532448720316, 1.40070513425091, 
-16.3113863130706, 5.74143367980456, 9.14422596639745, 7.22847903660167, 
10.7670011340895, -4.70795505661566, -4.02329264906621, -3.10427625679835, 
-1.12129705612416, -0.561156662063101, -4.91192233454335, 12.4618678235837, 
0.263200113109, -10.1656728295073, -0.936297743846504, 8.83252752720256, 
3.21310217248997, 3.97284893250849, -7.25448699396331, 5.91650077546588, 
4.18997095782134), .Names = c("x1", "x2", "x3", "x4", "x5", "x6", 
"x7", "", "", "", "", "", "", "", "", "", "", "", "", "", "", 
"", "", "", "", "", "")), rank = 7L, fitted.values = structure(c(47.6227505777022, 
59.9829100118278, 75.4086910159572, 59.2208641462095, 77.3842646695022, 
53.5495627762611, 66.6653980177725, 65.8179049342938, 59.4684318486464, 
59.7689115216175, 62.2675944367142, 71.0849792898246, 83.9325549231569, 
77.0755253676151, 62.753048329079, 66.4720995120745, 55.290567761079, 
38.928189394341, 65.1982356089333, 64.3040209362196, 43.1581814028157, 
59.2649545091235, 63.2393466918439, 75.2178065046097, 52.907729395132, 
79.6879795571975, 77.3274968604504), .Names = c("1", "2", "3", 
"4", "5", "6", "7", "8", "10", "11", "13", "14", "16", "17", 
"18", "19", "20", "21", "22", "23", "24", "25", "26", "27", "28", 
"29", "30")), assign = 1:7, qr = structure(list(qr = structure(c(-5.19615242270663, 
0.192450089729875, 0.192450089729875, 0.192450089729875, 0.192450089729875, 
0.192450089729875, 0.192450089729875, 0.192450089729875, 0.192450089729875, 
0.192450089729875, 0.192450089729875, 0.192450089729875, 0.192450089729875, 
0.192450089729875, 0.192450089729875, 0.192450089729875, 0.192450089729875, 
0.192450089729875, 0.192450089729875, 0.192450089729875, 0.192450089729875, 
0.192450089729875, 0.192450089729875, 0.192450089729875, 0.192450089729875, 
0.192450089729875, 0.192450089729875, -342.368709629448, -68.8379740162845, 
0.0946285258367066, -0.00705953369775985, 0.210843451018954, 
-0.123274458880007, 0.0510479288933639, 0.167262854075611, -0.0361132649933217, 
-0.152328190175569, -0.0215863993455408, 0.283477779257859, 0.385165838792325, 
0.312531510553421, -0.0506401306411026, 0.0946285258367066, -0.0796938619366645, 
-0.341177443596721, -0.0361132649933217, 0.0365210632455829, 
-0.384758040540064, -0.137801324527788, 0.196316585371173, 0.167262854075611, 
-0.0942207275844454, 0.312531510553421, 0.268950913610078, -289.252484864002, 
-19.5386342962653, -61.5486942983911, -0.187941907648208, 0.17406404715283, 
0.177895313411908, -0.19214023620654, -0.427999070378128, 0.212216066477074, 
-0.169322437071844, 0.207104659747225, 0.0997651184203842, -0.293455292632014, 
0.333251780376675, 0.0548544895962641, -0.191227158035023, 0.0650773030559632, 
0.0108569389436614, -0.177719094188509, 0.0241860492171669, -0.00630343758892188, 
0.0692756316142955, -0.0320394248111781, -0.427999070378128, 
-0.189768063991243, 0.138284200043883, 0.104876525150234, -291.176985761301, 
-32.7887498632246, 7.56009635265482, 46.9116807256831, -0.105608101018439, 
0.126871665573409, -0.0392186831600407, 0.0428953606353667, 0.127845610898114, 
-0.223925933079982, 0.24425845458612, 0.386729693332707, -0.152718161801679, 
-0.0829117381976319, -0.49371628803168, -0.0295599887962714, 
-0.0657257454100273, 0.17029541076873, -0.22758268794327, 0.0981775111935077, 
-0.373766202698153, 0.0213692423438956, -0.0708135837171734, 
-0.36212103839546, 0.0925088736080532, -0.14338429842519, 0.0784669764195726, 
-332.938655232684, -34.7369639562104, 0.585652856606915, 15.5082209905654, 
37.4212142961199, 0.107898915905406, -0.0343476070101387, -0.128864904859899, 
-0.0206741770511344, 0.103808589895533, 0.11290648246655, 0.180878403556163, 
0.472677803341876, -0.0163204142393013, 0.472533760626614, -0.240631117390948, 
-0.033565303422934, 0.146911788953165, -0.00427475378253053, 
-0.0020337835913666, 0.223701321257405, -0.187931691010803, -0.441162760795591, 
-0.167754807989026, 0.161076816630426, 0.0326726383124822, 0.208903562627462, 
-386.632230267319, -8.06563862688463, -6.01272061720747, 0.694648579460409, 
19.8485806571136, 47.6115793908114, 0.152976775233024, 0.185758124002971, 
0.0211569780452208, 0.0909902286098057, 0.354585441268099, 0.0582585425367689, 
0.270095338273287, 0.0664839872700319, -0.274422329595163, -0.13406223172868, 
-0.00517968783989452, 0.234791467858984, -0.141619568684487, 
-0.0324142276902838, 0.26337126491414, 0.11659920861516, 0.160786714072349, 
-0.118393944206446, -0.213468340476735, 0.0959226930471655, -0.0203336080337536, 
-225.166604983954, -15.0934134080444, -9.03504650223602, 31.6355822046508, 
21.3438765049219, 6.48264229255409, 33.1988106657228, 0.0646898509744173, 
0.00235166656902206, 0.29301762477894, 0.216435585003298, -0.100122099192056, 
0.112122952122219, -0.223262036313181, -0.306550636767894, 0.15566955179096, 
-0.183163614465316, -0.190466397302675, 0.266186169066376, 0.131397521932296, 
-0.200719918789587, 0.365057079687278, -0.376274022167301, 0.320891014731187, 
-0.123876183551037, -0.0201828377992525, 0.0835195278564491), .Dim = c(27L, 
7L), .Dimnames = list(c("1", "2", "3", "4", "5", "6", "7", "8", 
"10", "11", "13", "14", "16", "17", "18", "19", "20", "21", "22", 
"23", "24", "25", "26", "27", "28", "29", "30"), c("x1", "x2", 
"x3", "x4", "x5", "x6", "x7")), assign = 1:7), qraux = c(1.19245008972988, 
1.00746733195002, 1.16621340590843, 1.11182626233559, 1.08665057863511, 
1.61588561755445, 1.27143050771281), pivot = 1:7, tol = 1e-07, 
    rank = 7L), .Names = c("qr", "qraux", "pivot", "tol", "rank"
), class = "qr"), df.residual = 20L, xlevels = structure(list(), .Names = character(0)), 
    call = quote(lm(formula = y ~ . + 0, data = structure(list(y = c(43, 
        63, 71, 61, 81, 43, 58, 71, 67, 64, 69, 68, 81, 74, 65, 
        65, 50, 50, 64, 53, 40, 63, 66, 78, 48, 85, 82), x1 = c(1, 
        1, 1, 1, 1, 1, 1, 1, 1, 1, 1, 1, 1, 1, 1, 1, 1, 1, 1, 
        1, 1, 1, 1, 1, 1, 1, 1), x2 = c(51, 64, 70, 63, 78, 55, 
        67, 75, 61, 53, 62, 83, 90, 85, 60, 70, 58, 40, 61, 66, 
        37, 54, 77, 75, 57, 85, 82), x3 = c(56, 58, 68, 44, 71, 
        64, 45, 33, 68, 42, 68, 68, 46, 83, 58, 46, 58, 49, 44, 
        58, 47, 57, 58, 33, 42, 71, 68), x4 = c(39, 54, 69, 47, 
        66, 44, 56, 55, 47, 58, 42, 45, 72, 69, 75, 57, 54, 34, 
        62, 50, 58, 48, 63, 74, 45, 71, 59), x5 = c(61, 63, 76, 
        54, 71, 54, 66, 70, 62, 58, 55, 59, 60, 79, 55, 75, 64, 
        43, 66, 63, 50, 66, 88, 80, 51, 77, 64), x6 = c(92, 73, 
        86, 84, 83, 49, 68, 66, 80, 67, 63, 77, 54, 79, 80, 85, 
        78, 64, 80, 80, 57, 75, 76, 78, 83, 74, 78), x7 = c(45, 
        47, 48, 35, 47, 34, 35, 41, 41, 34, 25, 35, 36, 63, 60, 
        46, 52, 33, 41, 37, 49, 33, 72, 49, 38, 55, 39)), .Names = c("y", 
        "x1", "x2", "x3", "x4", "x5", "x6", "x7"),