
expected <- structure(list(coefficients = structure(c(1.8214934391043, 0.560980931233356, 
-0.0609309442774326, 0.297146542534839, 0.165265688039822, 0.134005709897969, 
-0.208541253802892), .Names = c("x1", "x2", "x3", "x4", "x5", 
"x6", "x7")), residuals = structure(c(1.85165287417295, 1.44556972256051, 
-1.25134460988377, -8.63763133384369, -7.1456176106749, 2.84137715044628, 
-6.78331005444925, 6.36454480657508, 7.10385534447574, 11.6806259317424, 
10.1863980572131, -1.43325360407202, -0.00531007705460396, 1.12574963232207, 
-1.55447324781309, 2.15579856713455, -4.40490717012548, -6.84836093547786, 
9.61802087822898, -1.68452608762702, -10.5607504504556, -1.56839589992121, 
2.82920923219938, -4.86120442805002, 3.15540003046276, -8.96661009826338, 
8.87520402105507), .Names = c("2", "3", "4", "6", "7", "8", "9", 
"10", "11", "12", "13", "14", "15", "16", "17", "18", "19", "20", 
"21", "22", "23", "24", "25", "26", "27", "28", "29")), effects = structure(c(-285.002681010979, 
-178.511484581492, 2.05340233635714, 15.4490754645229, -5.72137202244436, 
7.00950274466753, -8.03549562102891, 7.69861992412211, 6.44353709070628, 
13.9887310642313, 12.744844582403, 1.33707185187381, -1.23825625116041, 
-4.58264893778075, -4.0278998531877, -5.50992262732326, -2.93846280510918, 
-6.95193185600325, 10.5347301271943, -2.36358923500217, -8.66951847683126, 
-6.12915530410229, 5.40243824632994, -5.90610943010937, 1.85707188633501, 
-8.7032041768799, 6.74279682465784), .Names = c("x1", "x2", "x3", 
"x4", "x5", "x6", "x7", "", "", "", "", "", "", "", "", "", "", 
"", "", "", "", "", "", "", "", "", "")), rank = 7L, fitted.values = structure(c(61.1483471258271, 
69.5544302774395, 62.2513446098838, 51.6376313338437, 65.1456176106749, 
68.1586228495537, 78.7833100544492, 60.6354551934249, 56.8961446555243, 
55.3193740682576, 58.8136019427869, 69.433253604072, 77.0053100770546, 
79.8742503676779, 75.5544732478131, 62.8442014328655, 69.4049071701255, 
56.8483609354779, 40.381979121771, 65.684526087627, 63.5607504504556, 
41.5683958999212, 60.1707907678006, 70.86120442805, 74.8445999695372, 
56.9666100982634, 76.1247959789449), .Names = c("2", "3", "4", 
"6", "7", "8", "9", "10", "11", "12", "13", "14", "15", "16", 
"17", "18", "19", "20", "21", "22", "23", "24", "25", "26", "27", 
"28", "29")), assign = 1:7, qr = structure(list(qr = structure(c(-5.99363572947164, 
-0.0136246474882457, 0.256808050491136, 0.210181077626988, 0.0694131299972528, 
0.084796698069302, 0.0796459746005223, 0.254171637072998, 0.154396738786248, 
0.166583252419479, 0.2479766170651, 0.1637151805698, 0.176229923771587, 
0.127613011483173, 0.069908940809518, 0.326294010562038, 0.165717433044879, 
0.203671214251102, 0.0961359852089115, 0.286901742791112, 0.131068422026369, 
0.0415496849182088, 0.375345391172963, 0.298060722399124, 0.0788653232384086, 
0.244894900167339, 0.0456151874964097, -290.68742435632, -195.703401403983, 
-0.0740767826357204, -0.0430571781645636, 0.235321250965675, 
0.252478305334459, 0.29618902280187, -0.0802310362399874, 0.0327415272051833, 
0.0497185975989553, -0.0655686752823883, 0.171665886874907, 0.121709782437443, 
0.2631030684091, 0.326532639347752, -0.19655195963712, 0.102151404692744, 
-0.0176897890542653, 0.0561513054413574, -0.130700155962033, 
0.135140342266049, 0.124992887887796, -0.302846773870508, -0.0661506911803611, 
0.261624357871986, -0.0863656001564227, 0.363993084939242, -241.664529824517, 
-150.498969643511, 49.2677902989015, -0.0729580293192633, 0.267057498441466, 
0.238475687545806, -0.0913053770624756, 0.109124511830205, -0.188470681755437, 
0.0503628534374852, -0.117854530985944, -0.296467061198306, 0.192210802471816, 
0.489578643965004, 0.120984915917033, -0.312297749311897, 0.237566772575223, 
-0.408638778342158, -0.000504748791695721, -0.0324049436249922, 
0.0484313299663983, -0.234175535012746, 0.0552120006236275, -0.0493043091653366, 
0.0759979050578692, 0.0624970153838811, -0.0215048670896169, 
-247.440099681803, -160.560698054306, 15.7158464699146, 51.9583629409889, 
-0.0687947815173004, 0.0928227822468881, 0.101180198246705, 0.0484577265764634, 
-0.177628075632148, 0.214698139893228, 0.246144697819834, 0.610667835562062, 
-0.191297332448562, -0.0817494410815522, 0.0344701432264489, 
-0.356298307175083, -0.0349770570469204, 0.0603056856369367, 
0.00302784644165977, -0.190289819193461, 0.106315812119406, -0.417532397985886, 
-0.0768966573015357, 0.0618279335891896, -0.212008873974412, 
0.0385260049288104, 0.0508777617050952, -286.470402846488, -177.072325742069, 
9.90631420530381, 24.0421859483576, -38.7935301687798, 0.0970107073199298, 
-0.179997895640248, 0.111010815007066, -0.0332491017254678, 0.157943420335496, 
-0.0654615929189779, -0.307420787905106, 0.0630771767953448, 
-0.542742077610323, 0.00235138677960222, -0.487072103811545, 
0.249479894900487, 0.0407369297656188, 0.10330665398662, 0.000306695676477525, 
0.0552058491619044, 0.0155402272476711, 0.256150707345703, 0.319421666154627, 
0.101376151509238, -0.0974576069302297, -0.092320889172339, -336.336244899599, 
-177.668262293939, 24.8756660765254, 19.4856730125204, -27.7000745744383, 
51.4794579745918, -0.0805354604831275, -0.146324540256323, 0.0182331045092401, 
-0.20149580458853, 0.0454059593823292, -0.204882032838884, 0.260069521940758, 
0.472415707662037, 0.119109470149683, -0.0040117381350965, -0.0663266361710017, 
-0.113894307574056, -0.333185644375041, 0.0260978879736625, -0.212662263751524, 
-0.00945525768060995, 0.0943371937126188, 0.414739966073401, 
0.174268737818359, -0.370632950316845, 0.176272902353972, -192.770571878682, 
-109.747806194511, 21.9871567905378, 31.5271543010652, -21.1077449171157, 
-0.532083851977586, 38.5319234180104, -0.039316435418482, 0.311443497977127, 
-0.200969703828979, 0.299904599500196, -0.017243160229728, 0.189473278779387, 
0.0508520633115502, -0.385282712264734, -0.106179591376167, -0.0331591639619352, 
-0.0820641344394296, -0.153851810164462, 0.255502322410367, 0.0244847263755536, 
-0.12836142085859, 0.368266497592589, -0.341116000947486, 0.130815004998881, 
-0.0960356067159544, -0.147742580726049), .Dim = c(27L, 7L), .Dimnames = list(
    c("2", "3", "4", "6", "7", "8", "9", "10", "11", "12", "13", 
    "14", "15", "16", "17", "18", "19", "20", "21", "22", "23", 
    "24", "25", "26", "27", "28", "29"), c("x1", "x2", "x3", 
    "x4", "x5", "x6", "x7")), assign = 1:7), qraux = c(1.17535509659443, 
1.37869303922275, 1.14255316385985, 1.07765054996998, 1.10689497115484, 
1.16738306197825, 1.39827086382953), pivot = 1:7, tol = 1e-07, 
    rank = 7L), .Names = c("qr", "qraux", "pivot", "tol", "rank"
), class = "qr"), df.residual = 20L, xlevels = structure(list(), .Names = character(0)), 
    call = quote(lm(formula = y ~ . + 0, data = structure(list(y = c(63, 
        71, 61, 43, 58, 71, 72, 67, 64, 67, 69, 68, 77, 81, 74, 
        65, 65, 50, 50, 64, 53, 40, 63, 66, 78, 48, 85), x1 = c(1.05101457229331, 
        -0.0816611739870052, 1.53921390703963, 1.25974881652397, 
        0.416037016045994, 0.508240519289387, 0.477368959074281, 
        1.52341220537902, 0.925397810103153, 0.998439333632985, 
        1.48628151211489, 0.981249155720053, 1.05625796771945, 
        0.764865905171018, 0.419008725445445, 1.95568744001723, 
        0.993249927694108, 1.22073106680028, 0.576204075836089, 
        1.71958453644049, 0.785576377262714, 0.249033676074065, 
        2.24968354742678, 1.78646739532352, 0.472690019178056, 
        1.46781082360835, 0.273400817585029), x2 = c(64, 70, 
        63, 55, 67, 75, 82, 61, 53, 60, 62, 83, 77, 90, 85, 60, 
        70, 58, 40, 61, 66, 37, 54, 77, 75, 57, 85), x3 = c(51, 
        68, 45, 49, 42, 50, 72, 45, 53, 47, 57, 83, 54, 50, 64, 
        65, 46, 68, 33, 52, 52, 42, 42, 66, 58, 44, 71), x4 = c(54, 
        69, 47, 44, 56, 55, 67, 47, 58, 39, 42, 45, 72, 72, 69, 
        75, 57, 54, 34, 62, 50, 58, 48, 63, 74, 45, 71),