
expected <- structure(list(coefficients = structure(c(21.0942309723567, -0.227240407909003, 
0.0971712723234796, 0.581521030914287, 0.554872577117152, 0.0805819043723326, 
-0.497603330841328), .Names = c("x1", "x2", "x3", "x4", "x5", 
"x6", "x7")), residuals = structure(c(-8.01391576008312, -0.314935554884959, 
-3.40851493144128, 2.06563442668173, 9.29372380213672, -9.52883935277098, 
-8.51881659511688, 1.57678121598955, -14.1217586296855, 5.34391855691879, 
-2.77394713321653, 14.2222574962616, 8.64344633550971, -1.31795032070157, 
10.4906642259686, 5.20747368018241, -2.24292960490948, -9.80076610261223, 
7.4204545021379, -1.55241225262237, -4.76375343411976, -12.5417326985598, 
-4.31622834052432, -0.557841144971557, -4.39097893973741, 10.3053778860918, 
13.595588668079), .Names = c("1", "2", "3", "4", "5", "6", "7", 
"8", "9", "10", "11", "12", "14", "15", "16", "17", "19", "20", 
"21", "22", "23", "24", "26", "27", "28", "29", "30")), effects = structure(c(-335.248056309443, 
3.94520918109496, -28.1081434603665, 37.4149973457351, 9.10216793468704, 
5.6294985108538, -17.4032597926481, 6.90954604559968, -12.5925165404311, 
6.9914654702357, -2.89767586953576, 17.237602702874, 10.1346811842776, 
2.07478609707782, 9.69596561004732, 6.68042159756376, 1.8493987778672, 
-10.2824849144472, 6.90826318792975, -1.45951892549252, -2.68321064675906, 
-16.7009246478929, 1.78346864658354, 2.24784154234623, -7.23290043476277, 
11.9536504272315, 14.0309575820087), .Names = c("x1", "x2", "x3", 
"x4", "x5", "x6", "x7", "", "", "", "", "", "", "", "", "", "", 
"", "", "", "", "", "", "", "", "", "")), rank = 7L, fitted.values = structure(c(51.0139157600831, 
63.314935554885, 74.4085149314413, 58.9343655733183, 71.7062761978633, 
52.528839352771, 66.5188165951169, 69.4232187840105, 86.1217586296855, 
61.6560814430812, 66.7739471332165, 52.7777425037384, 59.3565536644903, 
78.3179503207016, 70.5093357740314, 68.7925263198176, 67.2429296049095, 
59.8007661026122, 42.5795454978621, 65.5524122526224, 57.7637534341198, 
52.5417326985598, 70.3162283405243, 78.5578411449716, 52.3909789397374, 
74.6946221139082, 68.4044113319211), .Names = c("1", "2", "3", 
"4", "5", "6", "7", "8", "9", "10", "11", "12", "14", "15", "16", 
"17", "19", "20", "21", "22", "23", "24", "26", "27", "28", "29", 
"30")), assign = 1:7, qr = structure(list(qr = structure(c(-5.19615242270663, 
0.192450089729875, 0.192450089729875, 0.192450089729875, 0.192450089729875, 
0.192450089729875, 0.192450089729875, 0.192450089729875, 0.192450089729875, 
0.192450089729875, 0.192450089729875, 0.192450089729875, 0.192450089729875, 
0.192450089729875, 0.192450089729875, 0.192450089729875, 0.192450089729875, 
0.192450089729875, 0.192450089729875, 0.192450089729875, 0.192450089729875, 
0.192450089729875, 0.192450089729875, 0.192450089729875, 0.192450089729875, 
0.192450089729875, 0.192450089729875, -349.874263128913, 54.0740233383831, 
-0.28118186861815, 0.162654164255035, -0.0592638521815573, -0.0592638521815573, 
-0.0592638521815573, 0.236626836400566, 0.292106340509714, 0.292106340509714, 
0.107174660145887, 0.107174660145887, -0.188716028436236, -0.151729692363471, 
-0.151729692363471, -0.188716028436236, -0.151729692363471, -0.00378434807240915, 
0.0886814921095045, -0.336661372727298, -0.429127212909212, 0.0701883240731218, 
0.181147332291418, -0.188716028436236, -0.00378434807240915, 
-0.0592638521815573, 0.162654164255035, -275.203628313722, 14.8376851545244, 
-61.9742370845997, -0.0420911490169947, 0.0991128068959098, -0.0138373531914899, 
-0.12678751327889, 0.0506839210250083, 0.414742426641517, -0.0209224765527392, 
0.0779224600267813, -0.0188919629052757, 0.513609037625911, 0.0517208522536131, 
-0.0128220963677582, 0.207030031674397, -0.0773650449891295, 
0.30181394095899, -0.247816379146397, -0.0107915827202947, -0.0259120630519057, 
-0.105618840814634, 0.299783427311527, 0.11021560874234, -0.0854437507692374, 
0.341148864226052, -0.138905571949052, -293.67883692779, 16.705495126199, 
-24.9885712892522, 49.6713043743693, -0.174334855768824, 0.202103579772184, 
-0.105957826763518, -0.0569736755641592, -0.0984805487800598, 
0.0477696845132975, -0.0682682448854931, 0.257269321049139, 0.525455140808698, 
-0.299397046312877, -0.337381747443858, -0.138148548676432, -0.073381224129231, 
0.172372877300796, 0.227929458532512, -0.087617414315269, 0.168695015040897, 
-0.166836473075818, -0.0572591075314193, -0.295787341854772, 
0.125655805182276, -0.132553968009516, -0.230181597020107, -339.28950819377, 
11.0465857070659, -26.6141321480221, 29.5193381399401, 35.1269016514917, 
0.10617570659731, -0.0190940215754584, -0.122402960868348, 0.165810827549786, 
-0.0715640209880899, 0.288294190739975, -0.141490321018007, 0.0994772696188143, 
-0.0282950303228495, 0.498841564147934, -0.0543885839054875, 
-0.242475615720099, 0.0877847806443541, 0.165472409700692, 0.13263009117527, 
-0.023355736486534, 0.477816453587244, -0.420085678515862, -0.00331766079924338, 
0.194994386382729, 0.0680458863836964, 0.0899403595363053, -389.711431702997, 
4.86370319356869, -6.96795835887884, -2.62465211713051, 25.487716607669, 
44.0826434205685, 0.185237008361449, 0.276826968091508, -0.16134885349927, 
-0.0648828036953052, 0.108593862681813, 0.178909566784998, 0.246477754456415, 
-0.000413365189026795, 0.277648761092486, 0.0442207920681292, 
-0.0726226923877164, 0.0683117563656048, 0.219987288864284, -0.0718741762100825, 
0.0625124856173381, 0.197062118094729, 0.242515240284283, -0.0126010708117808, 
-0.192105038900059, 0.11779092795318, -0.155171155531682, -225.166604983954, 
2.90342738171209, -15.6234790055216, 15.3493396649489, 25.0051285471255, 
-4.17448000347145, 34.9741625789028, 0.231566142146643, 0.49215868807647, 
0.0868792164786375, 0.15296365921604, 0.0123931420808644, 0.0882827070355706, 
0.160552883271172, 0.0754950901631071, -0.335550250745104, 0.10992200341799, 
-0.269671832017543, -0.062121732699322, 0.0240754895496017, 0.0854286045957282, 
-0.430484946777449, -0.330978349192975, 0.0807927476977592, -0.102041133074825, 
-0.131974781196297, 0.14470281734608), .Dim = c(27L, 7L), .Dimnames = list(
    c("1", "2", "3", "4", "5", "6", "7", "8", "9", "10", "11", 
    "12", "14", "15", "16", "17", "19", "20", "21", "22", "23", 
    "24", "26", "27", "28", "29", "30"), c("x1", "x2", "x3", 
    "x4", "x5", "x6", "x7")), assign = 1:7), qraux = c(1.19245008972988, 
1.29210634050971, 1.25645249996416, 1.06838363423285, 1.08707922144798, 
1.65965302407062, 1.27292918283672), pivot = 1:7, tol = 1e-07, 
    rank = 7L), .Names = c("qr", "qraux", "pivot", "tol", "rank"
), class = "qr"), df.residual = 20L, xlevels = structure(list(), .Names = character(0)), 
    call = quote(lm(formula = y ~ . + 0, data = structure(list(y = c(43, 
        63, 71, 61, 81, 43, 58, 71, 72, 67, 64, 67, 68, 77, 81, 
        74, 65, 50, 50, 64, 53, 40, 66, 78, 48, 85, 82), x1 = c(1, 
        1, 1, 1, 1, 1, 1, 1, 1, 1, 1, 1, 1, 1, 1, 1, 1, 1, 1, 
        1, 1, 1, 1, 1, 1, 1, 1), x2 = c(64, 51, 82, 58, 70, 70, 
        70, 54, 51, 51, 61, 61, 77, 75, 75, 77, 75, 67, 62, 85, 
        90, 63, 57, 77, 67, 70, 58), x3 = c(30, 51, 68, 45, 56, 
        49, 42, 50, 72, 45, 53, 47, 83, 54, 50, 64, 46, 68, 33, 
        52, 52, 42, 66, 58, 44, 71, 39), x4 = c(39, 54, 69, 47, 
        66, 44, 56, 55, 67, 47, 58, 39, 45, 72, 72, 69, 57, 54, 
        34, 62, 50, 58, 63, 74, 45, 71, 59), x5 = c(61, 63, 76, 
        54, 71, 54, 66, 70, 71, 62, 58, 59, 59, 79, 60, 79, 75, 
        64, 43, 66, 63, 50, 88, 80, 51, 77, 64), x6 = c(92, 73, 
        86, 84, 83, 49, 68, 66, 83, 80, 67, 74, 77, 77, 54, 79, 
        85, 78, 64, 80, 80, 57, 76, 78, 83, 74, 78), x7 = c(45, 
        47, 48, 35, 47, 34, 35, 41, 31, 41, 34, 41, 35, 46, 36, 
        63, 46, 52, 33, 41, 37, 49, 72, 49, 38, 55, 39)), .Names = c("y", 
        "x1", "x2", "x3", "x4", "x5", "x6", "x7"),