
expected <- structure(list(coefficients = structure(c(18.8802876257586, 0.632760012408227, 
-0.0608463981722244, 0.0989248526024743, 0.169308879662163, -0.0318599426680418, 
-0.153845222893057), .Names = c("x1", "x2", "x3", "x4", "x5", 
"x6", "x7")), residuals = structure(c(-8.34973912525662, 2.27432561599892, 
0.85685043686945, 0.185661258930971, 5.34312657318577, -10.4041372497203, 
-9.88277863463384, -5.31329595829402, 7.04618703602936, 8.46223076022375, 
10.7549483232967, 8.28176329936889, -0.644495246823949, 0.9457757634736, 
-1.34709040409223, -8.60886947721537, 3.61884384482431, -5.90473470694585, 
4.28944488986417, 0.15717039504637, -9.54239078470357, -4.89320258762915, 
8.66518618717479, 2.19631140142154, -8.71239910905461, 4.7985115483791, 
5.72679595028175), .Names = c("1", "2", "3", "4", "5", "6", "7", 
"9", "10", "11", "12", "13", "14", "15", "16", "17", "18", "20", 
"21", "22", "23", "24", "25", "27", "28", "29", "30")), effects = structure(c(-334.285805860793, 
-54.1626149974308, 2.33757936933778, 11.6749073260769, 3.28831564061342, 
-0.524101117343566, -7.17115105212034, -5.15862961589123, 9.07464798961298, 
10.0145821244875, 12.9244620507077, 12.8238464104032, -3.11911691985629, 
3.59597524739996, -2.50627735968943, -4.76587789510171, -0.920600445181784, 
-5.57591869207997, 8.79680263289062, 2.22145515363144, -8.77907053457108, 
-2.89148901616614, 11.6440920842922, 5.48682176369897, -9.06828436366814, 
6.79138950203784, 5.29088151803133), .Names = c("x1", "x2", "x3", 
"x4", "x5", "x6", "x7", "", "", "", "", "", "", "", "", "", "", 
"", "", "", "", "", "", "", "", "", "")), rank = 7L, fitted.values = structure(c(51.3497391252566, 
60.7256743840011, 70.1431495631305, 60.814338741069, 75.6568734268142, 
53.4041372497203, 67.8827786346338, 77.313295958294, 59.9538129639706, 
55.5377692397763, 56.2450516767033, 60.7182367006311, 68.644495246824, 
76.0542242365264, 82.3470904040922, 82.6088694772154, 61.3811561551757, 
55.9047347069458, 45.7105551101358, 63.8428296049536, 62.5423907847036, 
44.8932025876291, 54.3348138128252, 75.8036885985785, 56.7123991090546, 
80.2014884516209, 76.2732040497183), .Names = c("1", "2", "3", 
"4", "5", "6", "7", "9", "10", "11", "12", "13", "14", "15", 
"16", "17", "18", "20", "21", "22", "23", "24", "25", "27", "28", 
"29", "30")), assign = 1:7, qr = structure(list(qr = structure(c(-5.19615242270663, 
0.192450089729875, 0.192450089729875, 0.192450089729875, 0.192450089729875, 
0.192450089729875, 0.192450089729875, 0.192450089729875, 0.192450089729875, 
0.192450089729875, 0.192450089729875, 0.192450089729875, 0.192450089729875, 
0.192450089729875, 0.192450089729875, 0.192450089729875, 0.192450089729875, 
0.192450089729875, 0.192450089729875, 0.192450089729875, 0.192450089729875, 
0.192450089729875, 0.192450089729875, 0.192450089729875, 0.192450089729875, 
0.192450089729875, 0.192450089729875, -341.791359360259, -70.2329457353646, 
0.0940757185871527, -0.00559260554061164, 0.207982374733169, 
-0.119499261686628, 0.0513607225323965, 0.264935702806177, -0.0340692695771157, 
-0.147975925723132, -0.0483076015953678, -0.0198309375588637, 
0.279174034824429, 0.193744042714917, 0.378842358952194, 0.307650698860933, 
-0.0483076015953678, -0.0767842656318719, -0.333074241960409, 
-0.0340692695771157, 0.0371223905141445, -0.375789238015165, 
-0.13373759370488, 0.165267378678413, -0.0910225976501239, 0.307650698860933, 
0.264935702806177, -275.588528493181, -36.3393873843611, -52.8621971496863, 
-0.0777165698770799, -0.0219221343711548, 0.0791752168329003, 
-0.175079573263807, 0.240139952845125, -0.057410733231322, 0.175149493605607, 
-0.00942359484496873, 0.159441668826645, 0.438075244871355, -0.0496034361117502, 
-0.257259814436125, 0.0583443176225902, 0.331084385726301, 0.40814155246727, 
-0.0712047688317108, 0.0750090369908383, 0.0242444453764436, 
0.129507976422561, -0.0430916350663811, 0.0463708406609564, -0.0357161699715435, 
0.190764087844751, -0.384124678202203, -291.754336030491, -37.5876144912945, 
-11.4059006342731, 49.0355388976436, -0.104841902340487, 0.128440571929882, 
-0.0788666194452232, 0.0162392709473075, 0.0824488170952767, 
-0.143365288721313, 0.252446471064487, 0.276076731016642, 0.549517961724093, 
-0.248497668427881, -0.18275230798564, -0.0591726046853306, -0.355056995026528, 
0.0798686223314672, 0.111453037419439, -0.174195903115328, 0.10663670604758, 
-0.336326214380228, -0.00961120964501627, -0.27558306164323, 
0.0873092962742401, -0.0507034851737676, -0.0528199671590905, 
-328.319853079167, -33.1911339714365, -4.23117750984152, 16.4660843730949, 
31.7078523722841, 0.0920963072891978, -0.0526649888326148, 0.0915521565704131, 
-0.0868781912010935, 0.159378311641052, -0.108836439303373, 0.0896949376999101, 
0.182367089603522, -0.151916698189229, 0.521786779560287, -0.127299736131187, 
0.560176297707196, -0.0296258597273708, 0.175411962343915, 0.0123019712487866, 
-0.0324213082725737, 0.292616097387037, -0.24778359605908, -0.160652023158982, 
0.204844843458486, -0.0237423754240145, 0.141789519461196, -387.979380895428, 
-10.5506040255248, -3.0821807510087, -1.39477922235196, 21.8370340989502, 
45.3473643026457, 0.187430451582139, -0.0711026496551495, -0.0260959977601139, 
0.162628805702551, 0.150730284308214, 0.36250908291429, 0.160818052630695, 
0.0375742691422449, 0.301643967964063, 0.0531699571428093, -0.26065775443977, 
0.0796914830522541, 0.195996905131477, -0.0808543442533988, -0.0163416817801724, 
0.263270572095794, 0.114917488395217, 0.0283239200069594, -0.198725879380189, 
0.153121130965417, -0.108974139382017, -230.170307316931, 19.0540523142031, 
-5.63949869785499, -25.9467399090407, 8.99851578466601, -5.98434772411177, 
46.6127639017122, 0.204387906138968, 0.0435142155859544, -0.0541718863868758, 
-0.0965415815969891, 0.406652742247869, -0.223874246256477, 0.0780316807729276, 
-0.0827946845119717, 0.469603177000626, -0.230175617191448, -0.228420284839053, 
0.359410616444253, 0.183869388355308, -0.0655679239590276, -0.151270717817424, 
-0.201959329520094, 0.196927328005387, 0.0826193523897033, 0.16930476431339, 
0.00350457507559726), .Dim = c(27L, 7L), .Dimnames = list(c("1", 
"2", "3", "4", "5", "6", "7", "9", "10", "11", "12", "13", "14", 
"15", "16", "17", "18", "20", "21", "22", "23", "24", "25", "27", 
"28", "29", "30"), c("x1", "x2", "x3", "x4", "x5", "x6", "x7"
)), assign = 1:7), qraux = c(1.19245008972988, 1.00864572647764, 
1.28630653259272, 1.0968936737861, 1.02477083856026, 1.61629271433104, 
1.29107936328174), pivot = 1:7, tol = 1e-07, rank = 7L), .Names = c("qr", 
"qraux", "pivot", "tol", "rank"), class = "qr"), df.residual = 20L, 
    xlevels = structure(list(), .Names = character(0)), call = quote(lm(formula = y ~ 
        . + 0, data = structure(list(y = c(43, 63, 71, 61, 81, 
        43, 58, 72, 67, 64, 67, 69, 68, 77, 81, 74, 65, 50, 50, 
        64, 53, 40, 63, 78, 48, 85, 82), x1 = c(1, 1, 1, 1, 1, 
        1, 1, 1, 1, 1, 1, 1, 1, 1, 1, 1, 1, 1, 1, 1, 1, 1, 1, 
        1, 1, 1, 1), x2 = c(51, 64, 70, 63, 78, 55, 67, 82, 61, 
        53, 60, 62, 83, 77, 90, 85, 60, 58, 40, 61, 66, 37, 54, 
        75, 57, 85, 82), x3 = c(30, 51, 68, 45, 56, 49, 42, 72, 
        45, 53, 47, 57, 83, 54, 50, 64, 65, 68, 33, 52, 52, 42, 
        42, 58, 44, 71, 39), x4 = c(39, 54, 69, 47, 66, 44, 56, 
        67, 47, 58, 39, 42, 45, 72, 72, 69, 75, 54, 34, 62, 50, 
        58, 48, 74, 45, 71, 59), x5 = c(61, 63, 76, 54, 71, 54, 
        66, 71, 62, 58, 59, 55, 59, 79, 60, 79, 55, 64, 43, 66, 
        63, 50, 66, 80, 51, 77, 64), x6 = c(92, 73, 86, 84, 83, 
        49, 68, 83, 80, 67, 74, 63, 77, 77, 54, 79, 80, 78, 64, 
        80, 80, 57, 75, 78, 83, 74, 78), x7 = c(60, 60, 38, 41, 
        33, 60, 35, 33, 48, 46, 60, 35, 63, 41, 39, 25, 37, 60, 
        33, 34, 52, 47, 63, 35, 39, 38, 41)), .Names = c("y", 
        "x1", "x2", "x3", "x4", "x5", "x6", "x7"),