
expected <- structure(list(coefficients = structure(c(5.29514788882372, -0.0131378753731337, 
0.0905138146980609, 0.0307760853068631, 0.812101813662738, 0.0588887175157781, 
-0.133797883774498), .Names = c("x1", "x2", "x3", "x4", "x5", 
"x6", "x7")), residuals = structure(c(-12.3385832984211, 1.14155408372291, 
6.92075300820795, 0.789761741384596, 2.78359778540577, -16.4555941028355, 
0.490276269205949, -3.45593353958536, 19.2772884499557, -3.80081483836961, 
9.63577541397621, -7.7638348887636, 2.34501795425018, 2.26962592647603, 
3.50977438325998, 9.46182029019506, -4.58292423379649, -16.5840077421385, 
7.97194758258878, -11.2834572239623, -11.6625762036349, -5.77372583721125, 
3.87513471540092, 11.1281161318341, -17.0451674725301, 14.1505262697516, 
17.5312381872722), .Names = c("1", "2", "3", "4", "5", "6", "7", 
"8", "10", "11", "13", "14", "16", "17", "18", "19", "20", "21", 
"22", "23", "24", "25", "26", "27", "28", "29", "30")), effects = structure(c(-277.247555197198, 
-179.34789045232, 26.8009107524766, -23.4246305958689, -30.905594741904, 
-2.36742715920776, 4.65593977944637, -2.39816893993512, 22.9868738208939, 
-5.12215277853547, 11.5580741354071, -9.09577878863443, 0.298128458268066, 
3.03936493962822, 2.19868506835321, 16.8005751037007, -2.08293401037304, 
-14.8682084382872, 11.5325533654816, -4.97790874221028, -6.67443197728037, 
-6.65508903713643, 8.56231922064662, 14.3491927649762, -13.764463380368, 
17.5430494891119, 20.3987481517834), .Names = c("x1", "x2", "x3", 
"x4", "x5", "x6", "x7", "", "", "", "", "", "", "", "", "", "", 
"", "", "", "", "", "", "", "", "", "")), rank = 7L, fitted.values = structure(c(55.3385832984211, 
61.8584459162771, 64.079246991792, 60.2102382586154, 78.2164022145942, 
59.4555941028355, 57.5097237307941, 74.4559335395854, 47.7227115500443, 
67.8008148383696, 59.3642245860238, 75.7638348887636, 78.6549820457498, 
71.730374073524, 61.49022561674, 55.5381797098049, 54.5829242337965, 
66.5840077421385, 56.0280524174112, 64.2834572239623, 51.6625762036349, 
68.7737258372112, 62.1248652845991, 66.8718838681659, 65.0451674725301, 
70.8494737302484, 64.4687618127278), .Names = c("1", "2", "3", 
"4", "5", "6", "7", "8", "10", "11", "13", "14", "16", "17", 
"18", "19", "20", "21", "22", "23", "24", "25", "26", "27", "28", 
"29", "30")), assign = 1:7, qr = structure(list(qr = structure(c(-8.3491005274587, 
0.0175257015654944, 0.19191895560963, 0.0437199606640406, 0.424174567336582, 
0.221578813346575, 0.0212849227353047, 0.115943972596895, 0.073462964471009, 
0.184006293216048, 0.0955439808295889, 0.221603207013099, 0.217516664074612, 
0.321898066465271, -0.0733524885400049, 0.193690005696536, -0.0159893679386465, 
0.0968943497720224, 0.0864076157735384, 0.304913126128032, 0.14570596913179, 
0.146533283665095, 0.192012943720958, 0.300345669814806, 0.10197844105014, 
0.333856639999892, 0.0242859572261895, -262.990952642766, -222.285309519209, 
0.10969051514116, 0.189007220479091, -0.28474085225382, -0.0438584852599659, 
0.356138806196747, 0.203397387817222, 0.152322462415032, 0.0519690803430243, 
0.111591763428322, 0.0235922704794729, 0.100612141945028, -0.140599028491653, 
0.472863752976677, 0.0625188891661819, 0.298641961499794, 0.154913458755708, 
0.239827269317783, -0.00718188205107303, 0.103707084463014, 0.134177741942086, 
0.0196001341389721, -0.0870241558472178, 0.162138954034548, -0.14185245887991, 
0.212976948585929, -227.481028149323, -141.730228448278, 81.3936371968092, 
-0.166361690485755, -0.141112454578349, -0.256917590985584, 0.192879618686205, 
0.074218214619842, 0.125751001537342, 0.272101743815823, -0.0913790573060962, 
0.148020243018229, 0.312378759730342, -0.134380200558691, 0.0743039123318786, 
-0.0240200686491145, 0.0147988929890073, -0.00882663273607964, 
0.175408256122037, 0.204494553538339, 0.0064389925941735, 0.199284858118179, 
-0.229671901728179, 0.156750090036611, -0.287777434005821, 0.095437418863743, 
-0.561484820647818, -225.81581042441, -177.382324454864, 30.1467042033638, 
-69.1585638878594, -0.104017855521006, -0.245874603303619, 0.217899946195502, 
0.166708233389013, 0.00762286037986395, 0.231253931248085, 0.30782487889362, 
0.134231868868972, 0.219443140444686, -0.314409292871958, -0.287081166120445, 
-0.0979427130368835, 0.124328488988553, -0.0929356980115882, 
-0.134429187259895, -0.169219267958817, -0.176783062861711, 0.358565935274101, 
-0.131266799221649, 0.0113921115933183, -0.196967094665152, -0.23543546153109, 
0.0269071560376745, -262.77425643782, -206.643201337846, 23.9607653450687, 
-23.6735516230662, -39.1755302711511, 0.0317299209996925, -0.310673356919472, 
0.0968569221274344, 0.0848355851185777, 0.326528588307956, 0.043773478208923, 
0.326819613809252, 0.0806255955619763, 0.256352256325491, 0.28719879181566, 
-0.364743087160055, 0.0657540848514709, 0.373232947553339, -0.133642373656876, 
-0.349235087965518, -0.147054384960961, 0.0225578783177346, -0.0659691241806191, 
0.0547356776579554, 0.0156529874050971, 0.23580240991216, 0.0416463924585352, 
-307.897512581639, -229.438193464645, 36.1800971209169, -38.3160487770854, 
-13.4174952060296, -62.5307038705684, -0.019757806197184, 0.170585394111898, 
0.477279244714435, 0.221444037773347, 0.118996396355774, 0.0522054545676042, 
-0.0801325604354747, -0.231928944957794, 0.256774584874927, 0.181545977302179, 
0.373341430734372, 0.351739353480991, 0.279427263441477, 0.161356652548699, 
0.206262543519853, 0.0132302515886837, -0.0094328179086101, 0.178574854852291, 
-0.0389050321268768, 0.177802306199627, -0.119441948421869, -168.747561553937, 
-129.643826184996, 23.0445789438739, -1.38654246611032, -12.6987324427199, 
-9.82770250167097, -34.7983065807936, -0.030227187055881, -0.0548033572130252, 
0.233322368940179, 0.0252666478605061, 0.146109027039138, -0.307834248496606, 
0.183014213452053, 0.385685598536897, -0.326085943762376, -0.183521915109092, 
-0.125797667256394, -0.347088637936272, 0.0120652696071815, -0.0163296348230731, 
-0.090020191605005, -0.125054280139109, 0.170026754013686, -0.206298174703554, 
-0.274584142814503, 0.423073901881196), .Dim = c(27L, 7L), .Dimnames = list(
    c("1", "2", "3", "4", "5", "6", "7", "8", "10", "11", "13", 
    "14", "16", "17", "18", "19", "20", "21", "22", "23", "24", 
    "25", "26", "27", "28", "29", "30"), c("x1", "x2", "x3", 
    "x4", "x5", "x6", "x7")), assign = 1:7), qraux = c(1.15620614346993, 
1.32478561360981, 1.06852826390563, 1.32433444413207, 1.11088445222203, 
1.16845335774166, 1.12778678758813), pivot = 1:7, tol = 1e-07, 
    rank = 7L), .Names = c("qr", "qraux", "pivot", "tol", "rank"
), class = "qr"), df.residual = 20L, xlevels = structure(list(), .Names = character(0)), 
    call = quote(lm(formula = y ~ . + 0, data = structure(list(y = c(43, 
        63, 71, 61, 81, 43, 58, 71, 67, 64, 69, 68, 81, 74, 65, 
        65, 50, 50, 64, 53, 40, 63, 66, 78, 48, 85, 82), x1 = c(1.30418079483706, 
        0.146323844184553, 1.60235065350968, 0.365022346640615, 
        3.54147610388442, 1.84998378738556, 0.17770995963625, 
        0.968027882764394, 0.613349675413581, 1.53628703974583, 
        0.797706300739824, 1.8501874525596, 1.8160684947564, 
        2.68755931651313, -0.612427300759763, 1.61713732872443, 
        -0.133496840290285, 0.80898066678936, 0.721425870431298, 
        2.54575034218463, 1.21651378373211, 1.2234211159385, 
        1.60313536969955, 2.50761619027073, 0.851428255961143, 
        2.78740264911869, 0.202765898287018), x2 = c(54, 77, 
        77, 54, 53, 51, 85, 77, 54, 62, 51, 66, 82, 57, 85, 67, 
        62, 61, 77, 82, 63, 70, 57, 63, 64, 60, 54), x3 = c(52, 
        58, 57, 52, 72, 68, 42, 52, 30, 30, 47, 45, 42, 68, 46, 
        58, 39, 47, 42, 56, 50, 39, 68, 47, 72, 52, 83), x4 = c(66, 
        54, 45, 74, 58, 44, 72, 72, 39, 58, 69, 62, 72, 42, 39, 
        54, 55, 45, 45, 54, 42, 75, 54, 54, 54, 39, 72),