
expected <- structure(list(coefficients = structure(c(0.048467755118794, 
0.699596169201482, 0.120398698228735, 0.276894261349942, 0.0509389323468368, 
0.0190617848515192, -0.201422667098749), .Names = c("x1", "x2", 
"x3", "x4", "x5", "x6", "x7")), residuals = structure(c(-7.27000172019173, 
0.770979724886925, 2.58768733439172, 3.82777523816895, -10.8066959915881, 
-7.09261260916003, 2.71400442554485, -8.94189371076348, 8.33577869321514, 
7.77110232234462, 11.5177164593658, 9.56210231014567, 0.418220292394942, 
-4.44170492443584, -2.15582403276037, 3.58633744415106, -2.47993115237035, 
-5.14781060324706, -2.51295320505465, -10.0067236499828, -0.813896165516857, 
5.55064769915354, -2.44933972955697, 3.03868878865338, -7.17237581085718, 
6.51499680201481, 5.09572577105404), .Names = c("1", "3", "4", 
"5", "6", "7", "8", "9", "10", "11", "12", "13", "15", "16", 
"17", "18", "19", "20", "22", "23", "24", "25", "26", "27", "28", 
"29", "30")), effects = structure(c(-338.327257745121, -53.1510040063286, 
9.01584526522591, 7.93896246903237, -2.8069974330168, -0.87360553668605, 
7.64428272718497, -6.716443279713, 8.53817327206262, 12.2679202501476, 
11.082691836173, 11.647207314892, 2.86246419376327, 1.51197716429771, 
-3.2220145939486, 8.41093963455035, -2.93015843583939, -4.89344140238599, 
2.11429088677718, -9.76054748556194, 4.85559843922228, 7.9866891233998, 
-4.91645620572408, 5.44080544517291, -6.29605902554685, 7.30477754129661, 
6.42166201243197), .Names = c("x1", "x2", "x3", "x4", "x5", "x6", 
"x7", "", "", "", "", "", "", "", "", "", "", "", "", "", "", 
"", "", "", "", "", "")), rank = 7L, fitted.values = structure(c(50.2700017201917, 
70.2290202751131, 58.4123126656083, 77.172224761831, 53.8066959915881, 
65.09261260916, 68.2859955744552, 80.9418937107635, 58.6642213067849, 
56.2288976776554, 55.4822835406342, 59.4378976898543, 76.5817797076051, 
85.4417049244358, 76.1558240327604, 61.4136625558489, 67.4799311523704, 
55.1478106032471, 66.5129532050546, 63.0067236499828, 40.8138961655169, 
57.4493523008465, 68.449339729557, 74.9613112113466, 55.1723758108572, 
78.4850031979852, 76.904274228946), .Names = c("1", "3", "4", 
"5", "6", "7", "8", "9", "10", "11", "12", "13", "15", "16", 
"17", "18", "19", "20", "22", "23", "24", "25", "26", "27", "28", 
"29", "30")), assign = 1:7, qr = structure(list(qr = structure(c(-5.19615242270663, 
0.192450089729875, 0.192450089729875, 0.192450089729875, 0.192450089729875, 
0.192450089729875, 0.192450089729875, 0.192450089729875, 0.192450089729875, 
0.192450089729875, 0.192450089729875, 0.192450089729875, 0.192450089729875, 
0.192450089729875, 0.192450089729875, 0.192450089729875, 0.192450089729875, 
0.192450089729875, 0.192450089729875, 0.192450089729875, 0.192450089729875, 
0.192450089729875, 0.192450089729875, 0.192450089729875, 0.192450089729875, 
0.192450089729875, 0.192450089729875, -348.527112500804, -64.4348651884355, 
-0.0229669383926948, 0.209826285526274, -0.147123324482811, 0.0391112546523634, 
0.16326764074248, 0.271904478571332, -0.0540060349152239, -0.17816242100534, 
-0.0695255831764885, -0.0384864866539594, 0.194306737265009, 
0.396060864661448, 0.318463123355125, -0.0695255831764885, 0.0856698994361571, 
-0.100564679699018, -0.0540060349152239, 0.0235917063910989, 
-0.426475193185573, -0.162642872744076, 0.194306737265009, 0.16326764074248, 
-0.116084227960282, 0.318463123355125, 0.271904478571332, -264.618873378578, 
9.57326208486522, 55.46354212369, -0.356163301292635, 0.0512079721791522, 
0.197695860329453, 0.337424129987025, 0.0111935534061361, -0.00175711641781208, 
0.146992402889449, 0.00106044441158126, 0.157694079045513, -0.0468380896881056, 
0.0427426522018956, 0.201069350831279, 0.0190903062218834, -0.0271151638823522, 
0.186994184173389, -0.524623108916573, 0.110364112107336, 0.282222685211253, 
-0.234452255956288, 0.0793709429840091, -0.00514324440871471, 
0.0455728505203655, 0.146979765400373, -0.0248661702144681, -299.837239799146, 
-35.2696104189331, 4.43629494542961, 45.2548726402304, 0.0784936778693267, 
-0.0248585449248194, 0.097607111186129, 0.000289188227121245, 
0.115628193835502, -0.279281110097426, 0.276239471649608, 0.213325256418922, 
-0.178154242780466, 0.00947479885388666, -0.0307968133565859, 
-0.522472038353771, 0.0401449121629474, -0.119717686670536, -0.122533073405336, 
0.107643899114239, -0.554010676862358, 0.0254131065635293, -0.0018000536299599, 
-0.261113032847117, 0.088727142883308, -0.0653397680558645, 0.183499853493855, 
-341.406459180799, -33.9194097202031, 7.98951508424422, 9.80803595011443, 
35.9315091999003, -0.0448869989450105, -0.120963036683249, 0.140735331202821, 
-0.0333935866866507, 0.0639701911748974, -0.0434415250204588, 
0.0757285081692955, -0.0672898129286613, 0.574232467053165, -0.08309053397057, 
0.432377712570709, -0.189834661135576, -0.102282787256696, 0.15676643946228, 
-0.00897322255057991, 0.078614820134797, -0.143123251587544, 
-0.44576301956682, -0.107581418961877, 0.196397357453932, 0.00836088548759132, 
0.263592784503587, -390.481232061917, -5.97042769591686, 18.2183237257841, 
-2.96567691638569, 15.8970137430146, 45.632705328961, 0.352357226985178, 
-0.158804014186649, -0.0271922892121478, 0.0906693758082566, 
0.115960092188999, 0.230232722296079, 0.13251704420874, 0.131867463883478, 
0.098262983803949, -0.469634485208408, 0.0392652474776603, 0.0157464740493051, 
-0.104816447642317, -0.0477272991811093, 0.187425897591872, 0.185679176773947, 
0.466494546232537, 0.124641716798349, -0.319468470898062, 0.137272032557638, 
-0.139583817172495, -225.743955253144, -11.8276201693348, -1.76480260080653, 
24.996848269815, 24.527207767531, 8.65566111784598, -37.9514522237822, 
-0.401451016297556, -0.00654887937519518, -0.274299646622379, 
0.16001267828936, -0.163978222867393, -0.137933686085975, 0.12441867223811, 
0.367883587881141, 0.227005387258622, -0.0708522295079885, 0.132368355935167, 
-0.128416478675964, -0.124152909719287, 0.0978366614111708, -0.259272914277228, 
0.54369414683725, -0.130445643143414, -0.0250835607134162, 0.208898522247076, 
0.0266547141970633), .Dim = c(27L, 7L), .Dimnames = list(c("1", 
"3", "4", "5", "6", "7", "8", "9", "10", "11", "12", "13", "15", 
"16", "17", "18", "19", "20", "22", "23", "24", "25", "26", "27", 
"28", "29", "30"), c("x1", "x2", "x3", "x4", "x5", "x6", "x7"
)), assign = 1:7), qraux = c(1.19245008972988, 1.08566989943616, 
1.37123485993975, 1.02528345986078, 1.07981752951024, 1.22770619561107, 
1.02910736929436), pivot = 1:7, tol = 1e-07, rank = 7L), .Names = c("qr", 
"qraux", "pivot", "tol", "rank"), class = "qr"), df.residual = 20L, 
    xlevels = structure(list(), .Names = character(0)), call = quote(lm(formula = y ~ 
        . + 0, data = structure(list(y = c(43, 71, 61, 81, 43, 
        58, 71, 72, 67, 64, 67, 69, 77, 81, 74, 65, 65, 50, 64, 
        53, 40, 63, 66, 78, 48, 85, 82), x1 = c(1, 1, 1, 1, 1, 
        1, 1, 1, 1, 1, 1, 1, 1, 1, 1, 1, 1, 1, 1, 1, 1, 1, 1, 
        1, 1, 1, 1), x2 = c(51, 70, 63, 78, 55, 67, 75, 82, 61, 
        53, 60, 62, 77, 90, 85, 60, 70, 58, 61, 66, 37, 54, 77, 
        75, 57, 85, 82), x3 = c(66, 52, 33, 71, 52, 42, 33, 50, 
        54, 47, 54, 45, 54, 47, 39, 53, 54, 44, 83, 47, 42, 68, 
        47, 52, 52, 42, 52), x4 = c(39, 69, 47, 66, 44, 56, 55, 
        67, 47, 58, 39, 42, 72, 72, 69, 75, 57, 54, 62, 50, 58, 
        48, 63, 74, 45, 71, 59), x5 = c(61, 76, 54, 71, 54, 66, 
        70, 71, 62, 58, 59, 55, 79, 60, 79, 55, 75, 64, 66, 63, 
        50, 66, 88, 80, 51, 77, 64), x6 = c(92, 86, 84, 83, 49, 
        68, 66, 83, 80, 67, 74, 63, 77, 54, 79, 80, 85, 78, 80, 
        80, 57, 75, 76, 78, 83, 74, 78), x7 = c(45, 48, 35, 47, 
        34, 35, 41, 31, 41, 34, 41, 25, 46, 36, 63, 60, 46, 52, 
        41, 37, 49, 33, 72, 49, 38, 55, 39)), .Names = c("y", 
        "x1", "x2", "x3", "x4", "x5", "x6", "x7"),