
expected <- structure(list(coefficients = structure(c(11.9778292977036, 0.499307870969402, 
-0.0029232392403312, 0.247861746346601, 0.161671629570244, 0.0556272374516965, 
-0.215708790162565), .Names = c("x1", "x2", "x3", "x4", "x5", 
"x6", "x7")), residuals = structure(c(1.67061169321055, 0.403203336638737, 
0.200516710183531, -11.3711159117393, -8.06872452870827, 1.98442029684555, 
-6.69395677840792, 7.42252110634256, 5.62346491930851, 10.708885065304, 
8.84408731374196, -2.71180794144098, 1.74282919036186, 1.48685173872229, 
-0.975639494415981, 4.20309878196659, -2.80149554962127, -7.59249157357737, 
6.34292962504442, 0.0871407852658771, -10.8333405600438, -5.3812593411526, 
4.62528887154438, -2.84078989089518, 3.62585387598759, -8.12891379237773, 
8.42783205191192), .Names = c("2", "3", "4", "6", "7", "8", "9", 
"10", "11", "12", "13", "14", "15", "16", "17", "18", "19", "20", 
"21", "22", "23", "24", "25", "26", "27", "28", "29")), effects = structure(c(-333.516005501874, 
-45.8271796854879, 4.97862023894785, 8.9133921774363, -2.69364177090032, 
1.39380846908404, -7.19415110834644, 9.64225977903466, 4.09845939116311, 
13.5980518520013, 11.4213639222194, -0.107887942539343, 1.26371736072885, 
-4.13136690642982, -3.38490878608274, -4.66523886209907, -0.481360402078642, 
-8.86472333296282, 7.17715991957905, -0.264738384522957, -8.45084153664179, 
-11.5829776484657, 8.24203946074721, -3.45473956289965, 2.85946646258015, 
-7.292963525631, 5.87546717422281), .Names = c("x1", "x2", "x3", 
"x4", "x5", "x6", "x7", "", "", "", "", "", "", "", "", "", "", 
"", "", "", "", "", "", "", "", "", "")), rank = 7L, fitted.values = structure(c(61.3293883067894, 
70.5967966633613, 60.7994832898165, 54.3711159117393, 66.0687245287083, 
69.0155797031544, 78.6939567784079, 59.5774788936574, 58.3765350806915, 
56.291114934696, 60.155912686258, 70.711807941441, 75.2571708096381, 
79.5131482612777, 74.975639494416, 60.7969012180334, 67.8014955496213, 
57.5924915735774, 43.6570703749556, 63.9128592147341, 63.8333405600438, 
45.3812593411526, 58.3747111284556, 68.8407898908952, 74.3741461240124, 
56.1289137923777, 76.5721679480881), .Names = c("2", "3", "4", 
"6", "7", "8", "9", "10", "11", "12", "13", "14", "15", "16", 
"17", "18", "19", "20", "21", "22", "23", "24", "25", "26", "27", 
"28", "29")), assign = 1:7, qr = structure(list(qr = structure(c(-5.19615242270663, 
0.192450089729875, 0.192450089729875, 0.192450089729875, 0.192450089729875, 
0.192450089729875, 0.192450089729875, 0.192450089729875, 0.192450089729875, 
0.192450089729875, 0.192450089729875, 0.192450089729875, 0.192450089729875, 
0.192450089729875, 0.192450089729875, 0.192450089729875, 0.192450089729875, 
0.192450089729875, 0.192450089729875, 0.192450089729875, 0.192450089729875, 
0.192450089729875, 0.192450089729875, 0.192450089729875, 0.192450089729875, 
0.192450089729875, 0.192450089729875, -343.908310347287, -67.2761032913922, 
-0.0421028710864252, -0.16101582247051, 0.0173536046056173, 0.136266555989702, 
0.240315388450777, -0.0718311089324464, -0.190744060316531, -0.0866952278554571, 
-0.0569669900094358, 0.255179507373787, 0.165994793835724, 0.359228339834862, 
0.284907745219808, -0.0866952278554571, 0.0619459613746492, -0.116423465701478, 
-0.38397760631567, -0.0718311089324464, 0.00248948568260667, 
-0.428569963084701, -0.175879941393521, 0.165994793835724, 0.136266555989702, 
-0.131287584624489, 0.284907745219808, -267.698074814256, -10.4406672361073, 
64.2630003065965, 0.208838589485325, -0.019340399849279, -0.212955869326539, 
-0.487406517731314, 0.00916329935625318, -0.404102326259034, 
0.0839386576319564, -0.283466811003954, 0.091382380246496, 0.010958703409776, 
-0.167507214437957, 0.159686415779594, 0.0528165501913129, -0.228105420956067, 
-0.32670855974822, 0.0700236122748115, -0.146447237846964, -0.0223703101751845, 
-0.0324324410248354, -0.276583986170555, 0.13544713317235, 0.269436796003435, 
0.0437268192135964, 0.03519798601702, -293.87128701752, -33.9678148766177, 
2.17194294838169, 49.3369727790779, 0.0220621764054479, 0.185167754581847, 
0.0867598176785919, 0.11939261582782, -0.131797564422635, 0.254137953038542, 
0.289280945032221, 0.436658955606789, -0.175116708884033, 0.0312808515851617, 
-0.0361215102743937, -0.469660862135769, 0.0810694473158211, 
0.00108412381665043, 0.0924231721017656, -0.155253586516095, 
0.130962674895133, -0.414532628541056, 0.0600939989271188, -0.01620607198213, 
-0.291033780067531, 0.100265933226206, -0.0531507222387604, -335.440506399173, 
-38.1446322939837, -1.33876709759071, 17.2463881790077, -36.4200973538078, 
0.0292954878282897, -0.176389515724042, 0.0882590488713046, -0.0668786628179624, 
0.103774529429543, -0.0969716381377035, -0.247874828256095, 0.10771040741523, 
-0.597780384583369, 0.049223386588814, -0.358929225116165, 0.209586825766461, 
0.0804266218511681, -0.0326068186356589, 0.0370055723699339, 
0.019528582398704, -0.0453455315306853, 0.249725175527068, 0.454542373440502, 
0.166769358673227, -0.139788720162914, -0.0373887075227731, -382.975678562452, 
-12.3443755040988, 1.98037176392519, 3.72604393238914, -16.528325847743, 
44.6122762477417, -0.278312677332237, -0.224424894156482, 0.0213730945260053, 
-0.15367076756515, -0.0367035535545777, -0.22884717531977, 0.136820556253801, 
0.428166249717456, 0.09302316630369, -0.00339881238352534, -0.264778063501971, 
-0.208480057788706, -0.0307530914473488, -0.11581134196317, -0.215438891138439, 
0.361778193947508, -0.153412891068658, 0.181210503337981, 0.231825230861971, 
-0.360702852562642, 0.167543656207869, -222.664753817466, -13.9386898893224, 
-21.9481683400776, 29.2564677682731, -19.0714519371593, 5.04313808533223, 
33.3512190343504, -0.0568005643208462, 0.139649077093149, -0.176993273691471, 
0.0583035446445371, -0.131286242320719, 0.242354967497043, 0.105206263607744, 
-0.314545944512327, -0.119860238563283, -0.153791747522573, -0.423212995474352, 
0.0333325082143232, 0.161163201430427, 0.0531407602776053, 0.0343221785261112, 
0.126769959708081, -0.545939177834386, 0.3903760427147, -0.0355689917727072, 
-0.137585089369397), .Dim = c(27L, 7L), .Dimnames = list(c("2", 
"3", "4", "6", "7", "8", "9", "10", "11", "12", "13", "14", "15", 
"16", "17", "18", "19", "20", "21", "22", "23", "24", "25", "26", 
"27", "28", "29"), c("x1", "x2", "x3", "x4", "x5", "x6", "x7"
)), assign = 1:7), qraux = c(1.19245008972988, 1.06194596137465, 
1.01522312000806, 1.06278644052928, 1.03111162608122, 1.10077144601866, 
1.14711803062309), pivot = 1:7, tol = 1e-07, rank = 7L), .Names = c("qr", 
"qraux", "pivot", "tol", "rank"), class = "qr"), df.residual = 20L, 
    xlevels = structure(list(), .Names = character(0)), call = quote(lm(formula = y ~ 
        . + 0, data = structure(list(y = c(63, 71, 61, 43, 58, 
        71, 72, 67, 64, 67, 69, 68, 77, 81, 74, 65, 65, 50, 50, 
        64, 53, 40, 63, 66, 78, 48, 85), x1 = c(1, 1, 1, 1, 1, 
        1, 1, 1, 1, 1, 1, 1, 1, 1, 1, 1, 1, 1, 1, 1, 1, 1, 1, 
        1, 1, 1, 1), x2 = c(64, 70, 63, 55, 67, 75, 82, 61, 53, 
        60, 62, 83, 77, 90, 85, 60, 70, 58, 40, 61, 66, 37, 54, 
        77, 75, 57, 85), x3 = c(33, 52, 47, 33, 50, 64, 83, 47, 
        72, 42, 66, 46, 50, 64, 42, 44, 64, 68, 39, 57, 50, 45, 
        64, 42, 33, 44, 50), x4 = c(54, 69, 47, 44, 56, 55, 67, 
        47, 58, 39, 42, 45, 72, 72, 69, 75, 57, 54, 34, 62, 50, 
        58, 48, 63, 74, 45, 71), x5 = c(63, 76, 54, 54, 66, 70, 
        71, 62, 58, 59, 55, 59, 79, 60, 79, 55, 75, 64, 43, 66, 
        63, 50, 66, 88, 80, 51, 77), x6 = c(73, 86, 84, 49, 68, 
        66, 83, 80, 67, 74, 63, 77, 77, 54, 79, 80, 85, 78, 64, 
        80, 80, 57, 75, 76, 78, 83, 74), x7 = c(47, 48, 35, 34, 
        35, 41, 31, 41, 34, 41, 25, 35, 46, 36, 63, 60, 46, 52, 
        33, 41, 37, 49, 33, 72, 49, 38, 55)), .Names = c("y", 
        "x1", "x2", "x3", "x4", "x5", "x6", "x7"),