
expected <- structure(list(coefficients = structure(c(9.7250654811369, 0.570871196403082, 
-0.0380994948250263, 0.29089171052654, 0.146383203127808, 0.0410213190428107, 
-0.23000679797291), .Names = c("x1", "x2", "x3", "x4", "x5", 
"x6", "x7")), residuals = structure(c(-7.06083687855639, 0.881930327408212, 
-0.389034097478009, 0.128569168051881, 6.77024160662167, -11.7594396881687, 
-8.75889986067295, -7.5317562864581, 7.64337199984429, 6.47178250016006, 
11.0361569299748, 9.29278583580528, -4.18993761612107, 0.136022072526796, 
-1.327207335479, -3.0349953982646, 3.34978840040912, -6.56081598377468, 
7.70603098288387, 0.0754584776852156, -11.0357710242951, -4.39158393262211, 
5.77578947508431, 1.55090550400255, -7.80852739460666, 6.34583575696892, 
6.6841364590704), .Names = c("1", "2", "3", "4", "5", "6", "7", 
"9", "10", "11", "12", "13", "14", "15", "16", "17", "18", "20", 
"21", "22", "23", "24", "25", "27", "28", "29", "30")), effects = structure(c(-334.285805860793, 
-54.1626149974308, 2.26873131368611, 10.7674695591318, 3.18246875180094, 
-1.13552729283239, -6.64247665558204, -5.5214462931069, 9.07193149441395, 
9.51889447706745, 12.6617167696561, 12.9085113466674, -5.17346789702896, 
3.73791107810938, -1.76115302860482, -3.30393113164674, -2.01616435397705, 
-6.09598207898796, 9.05278137954686, 2.11236301243536, -9.39926741556842, 
-3.2512209509516, 11.2500960475945, 5.14431846287344, -9.44249431936911, 
7.13995716290891, 6.07955001572511), .Names = c("x1", "x2", "x3", 
"x4", "x5", "x6", "x7", "", "", "", "", "", "", "", "", "", "", 
"", "", "", "", "", "", "", "", "", "")), rank = 7L, fitted.values = structure(c(50.0608368785564, 
62.1180696725918, 71.389034097478, 60.8714308319481, 74.2297583933783, 
54.7594396881687, 66.758899860673, 79.5317562864581, 59.3566280001557, 
57.5282174998399, 55.9638430700251, 59.7072141641947, 72.1899376161211, 
76.8639779274732, 82.327207335479, 77.0349953982646, 61.6502115995909, 
56.5608159837747, 42.2939690171161, 63.9245415223148, 64.0357710242951, 
44.3915839326221, 57.2242105249157, 76.4490944959975, 55.8085273946067, 
78.6541642430311, 75.3158635409296), .Names = c("1", "2", "3", 
"4", "5", "6", "7", "9", "10", "11", "12", "13", "14", "15", 
"16", "17", "18", "20", "21", "22", "23", "24", "25", "27", "28", 
"29", "30")), assign = 1:7, qr = structure(list(qr = structure(c(-5.19615242270663, 
0.192450089729875, 0.192450089729875, 0.192450089729875, 0.192450089729875, 
0.192450089729875, 0.192450089729875, 0.192450089729875, 0.192450089729875, 
0.192450089729875, 0.192450089729875, 0.192450089729875, 0.192450089729875, 
0.192450089729875, 0.192450089729875, 0.192450089729875, 0.192450089729875, 
0.192450089729875, 0.192450089729875, 0.192450089729875, 0.192450089729875, 
0.192450089729875, 0.192450089729875, 0.192450089729875, 0.192450089729875, 
0.192450089729875, 0.192450089729875, -341.791359360259, -70.2329457353646, 
0.0940757185871527, -0.00559260554061164, 0.207982374733169, 
-0.119499261686628, 0.0513607225323965, 0.264935702806177, -0.0340692695771157, 
-0.147975925723132, -0.0483076015953678, -0.0198309375588637, 
0.279174034824429, 0.193744042714917, 0.378842358952194, 0.307650698860933, 
-0.0483076015953678, -0.0767842656318719, -0.333074241960409, 
-0.0340692695771157, 0.0371223905141445, -0.375789238015165, 
-0.13373759370488, 0.165267378678413, -0.0910225976501239, 0.307650698860933, 
0.264935702806177, -268.660325262906, -7.53524171143717, 63.2680785387058, 
0.10942995530236, -0.108993610105737, 0.354476029825053, 0.0501299539287391, 
-0.516020308861845, 0.115371317531274, -0.256007207851352, 0.197370793505387, 
-0.187908784049876, 0.065822091985154, 0.0204231427841703, -0.239476337310807, 
0.123103765643965, 0.165759275561525, -0.207637577535911, 0.304201692710318, 
-0.0426862721880383, 0.053100635043196, 0.218279182222102, -0.132531817190359, 
0.295062407535915, 0.174671318904895, -0.00334230613148469, -0.0260417807319766, 
-291.754336030491, -37.5876144912945, 1.80112036383797, 50.3123703446399, 
-0.116237683032501, 0.168040116652742, -0.00327359155996685, 
-0.175405473441308, 0.124460803784466, -0.254906760078887, 0.289301792328404, 
0.173332995613364, 0.390046102506652, -0.220085585708036, -0.133196542310862, 
-0.0539699168663484, -0.432609798853856, -0.112039231840927, 
0.195851130377023, -0.205585595232388, 0.105861249372025, -0.330674497616002, 
-0.0205011713272273, -0.225832216408313, 0.133304655352626, -0.119248759904411, 
0.0825190002355686, -328.319853079167, -33.1911339714365, 1.38107978538589, 
16.9579809943769, 31.7008233171472, 0.127104608358798, -0.0303521517648872, 
0.00720539987436464, -0.06905756508195, 0.11514339714688, -0.0876377870910906, 
0.0486555830937132, 0.144661602336979, -0.141338258848191, 0.517115708617131, 
-0.116189606550556, 0.558075151261138, -0.0912552326292389, 0.217309756682576, 
0.00336072411454379, -0.0296023275619194, 0.313812917869435, 
-0.260368649982129, -0.123947221246756, 0.228122321058952, -0.0396194578035866, 
0.172148721573349, -387.979380895428, -10.5506040255248, 7.236381953962, 
-0.919700224998648, 21.7055054435703, 44.9482448583727, 0.228828858049625, 
-0.123798074618626, -0.016086008296082, 0.130212456983437, 0.147310577319121, 
0.323365528434045, 0.0524162032950948, 0.0563830376991659, 0.361730060745735, 
0.0436106319992727, -0.325543449478242, -0.00851929679659871, 
0.20889278224188, -0.0925108111532234, -0.0245639092443814, 0.246573718279514, 
0.126490410333423, 0.0275873409935976, -0.196349955210729, 0.11555547512795, 
-0.0275127421846803, -217.276151305029, -8.12850554553101, -15.8963534020483, 
27.4453547759607, 10.2100798395294, 12.9533718648306, 28.8794797115709, 
0.395890469677022, 0.00266967470524134, 0.233771052321694, -0.195857723054462, 
0.108481137724164, -0.0840747628131005, 0.240196618703228, 0.0366858585323418, 
-0.41487679433897, -0.0766647210699215, -0.354585228228113, 0.00679396704220334, 
0.270233142150678, 0.140338289354794, -0.0867043878740337, 0.225467850398146, 
0.328987572351455, 0.0935356891832079, -0.21030596677926, 0.0762844263719597
), .Dim = c(27L, 7L), .Dimnames = list(c("1", "2", "3", "4", 
"5", "6", "7", "9", "10", "11", "12", "13", "14", "15", "16", 
"17", "18", "20", "21", "22", "23", "24", "25", "27", "28", "29", 
"30"), c("x1", "x2", "x3", "x4", "x5", "x6", "x7")), assign = 1:7), 
    qraux = c(1.19245008972988, 1.00864572647764, 1.00960639264151, 
    1.14470105333099, 1.01482905594252, 1.60090173282486, 1.22471435008482
    ), pivot = 1:7, tol = 1e-07, rank = 7L), .Names = c("qr", 
"qraux", "pivot", "tol", "rank"), class = "qr"), df.residual = 20L, 
    xlevels = structure(list(), .Names = character(0)), call = quote(lm(formula = y ~ 
        . + 0, data = structure(list(y = c(43, 63, 71, 61, 81, 
        43, 58, 72, 67, 64, 67, 69, 68, 77, 81, 74, 65, 50, 50, 
        64, 53, 40, 63, 78, 48, 85, 82), x1 = c(1, 1, 1, 1, 1, 
        1, 1, 1, 1, 1, 1, 1, 1, 1, 1, 1, 1, 1, 1, 1, 1, 1, 1, 
        1, 1, 1, 1), x2 = c(51, 64, 70, 63, 78, 55, 67, 82, 61, 
        53, 60, 62, 83, 77, 90, 85, 60, 58, 40, 61, 66, 37, 54, 
        75, 57, 85, 82), x3 = c(65, 33, 52, 47, 58, 33, 50, 83, 
        47, 72, 42, 66, 46, 50, 64, 42, 44, 68, 39, 57, 50, 45, 
        64, 33, 44, 50, 52), x4 = c(39, 54, 69, 47, 66, 44, 56, 
        67, 47, 58, 39, 42, 45, 72, 72, 69, 75, 54, 34, 62, 50, 
        58, 48, 74, 45, 71, 59), x5 = c(61, 63, 76, 54, 71, 54, 
        66, 71, 62, 58, 59, 55, 59, 79, 60, 79, 55, 64, 43, 66, 
        63, 50, 66, 80, 51, 77, 64), x6 = c(92, 73, 86, 84, 83, 
        49, 68, 83, 80, 67, 74, 63, 77, 77, 54, 79, 80, 78, 64, 
        80, 80, 57, 75, 78, 83, 74, 78), x7 = c(45, 47, 48, 35, 
        47, 34, 35, 31, 41, 34, 41, 25, 35, 46, 36, 63, 60, 52, 
        33, 41, 37, 49, 33, 49, 38, 55, 39)), .Names = c("y", 
        "x1", "x2", "x3", "x4", "x5", "x6", "x7"),