
expected <- structure(list(coefficients = structure(c(21.83804083335, 0.64355051916079, 
-0.0968724265243376, 0.292826673272215, 0.00295380705265378, 
-0.0513250556004118, -0.189807814364477), .Names = c("x1", "x2", 
"x3", "x4", "x5", "x6", "x7")), residuals = structure(c(-7.80866101941487, 
0.352384491634483, 3.18004724119054, -1.52999706634303, 7.77791543272925, 
-11.8170043890952, -8.4233003874278, 0.134706590317094, -6.14065513423288, 
8.41207206975653, 6.79752275690247, 10.5743411372934, 8.50634970957882, 
-1.60921926234048, 2.97587356682813, -3.9276790316063, -0.560518957605771, 
4.831549834879, -2.68641382996162, -6.19339587771731, 4.31219347945005, 
0.146212060120708, -10.6407645699113, -6.12701906841246, 5.41742750669929, 
-0.292974401835202, 4.33900711852443), .Names = c("1", "2", "3", 
"4", "5", "6", "7", "8", "9", "10", "11", "12", "13", "14", "15", 
"16", "17", "18", "19", "20", "21", "22", "23", "24", "25", "26", 
"30")), effects = structure(c(-332.553755053224, -47.3569455303206, 
4.84740410534456, 8.393226700135, -3.79798831725931, 3.62802065388593, 
-7.38427894322244, 0.632056191137161, -6.66372306870799, 12.5796645950427, 
8.20551480042257, 12.1510357041219, 9.48994222419652, -0.801396127233319, 
7.79361114245282, -5.8182999182195, 0.862595881289579, -0.209306486874855, 
-0.871600000446229, -10.0576384403478, 1.71329250970353, -1.87579808074715, 
-9.44499134174885, -10.4154668664155, 8.0547989536282, 3.16517824760826, 
3.49151460654705), .Names = c("x1", "x2", "x3", "x4", "x5", "x6", 
"x7", "", "", "", "", "", "", "", "", "", "", "", "", "", "", 
"", "", "", "", "", "")), rank = 7L, fitted.values = structure(c(50.8086610194149, 
62.6476155083655, 67.8199527588095, 62.529997066343, 73.2220845672708, 
54.8170043890952, 66.4233003874278, 70.8652934096829, 78.1406551342329, 
58.5879279302435, 57.2024772430975, 56.4256588627066, 60.4936502904212, 
69.6092192623405, 74.0241264331719, 84.9276790316063, 74.5605189576058, 
60.168450165121, 67.6864138299616, 56.1933958777173, 45.6878065205499, 
63.8537879398793, 63.6407645699113, 46.1270190684125, 57.5825724933007, 
66.2929744018352, 77.6609928814756), .Names = c("1", "2", "3", 
"4", "5", "6", "7", "8", "9", "10", "11", "12", "13", "14", "15", 
"16", "17", "18", "19", "20", "21", "22", "23", "24", "25", "26", 
"30")), assign = 1:7, qr = structure(list(qr = structure(c(-5.19615242270663, 
0.192450089729875, 0.192450089729875, 0.192450089729875, 0.192450089729875, 
0.192450089729875, 0.192450089729875, 0.192450089729875, 0.192450089729875, 
0.192450089729875, 0.192450089729875, 0.192450089729875, 0.192450089729875, 
0.192450089729875, 0.192450089729875, 0.192450089729875, 0.192450089729875, 
0.192450089729875, 0.192450089729875, 0.192450089729875, 0.192450089729875, 
0.192450089729875, 0.192450089729875, 0.192450089729875, 0.192450089729875, 
0.192450089729875, 0.192450089729875, -342.753609808908, -68.0364825881156, 
0.0948302518508885, -0.00805572540306698, 0.212414225855409, 
-0.125639699407587, 0.0507362615991933, 0.168320235603714, 0.271206212857669, 
-0.0374517189041971, -0.155035692908718, -0.0521497156547622, 
-0.022753722153632, 0.285904209608234, 0.197716229104844, 0.38879018686219, 
0.315300203109364, -0.0521497156547622, 0.0948302518508885, -0.0815457091558923, 
-0.346109650666063, -0.0374517189041971, 0.0360382648486282, 
-0.390203640917759, -0.140337696158153, 0.197716229104844, 0.271206212857669, 
-273.471577506153, -31.9186052397271, -53.7540597150277, -0.068940024584522, 
-0.00259405148006831, 0.0792274842913807, -0.161627025089866, 
-0.0865555811570526, 0.258180623295055, -0.0505013934329394, 
0.172079099712536, -0.00407558572236198, 0.163518243799986, 0.453597014460587, 
-0.0305812280390631, -0.224845314793922, 0.0816967080285368, 
0.330782843490713, -0.114871987547668, 0.405031212844475, -0.0801347191500383, 
0.0797213290388119, 0.0336247511598553, 0.114952442183873, -0.0417759226045793, 
0.192657724769653, -0.355726496928915, -288.867584684543, -31.8151748922231, 
-10.7420708495204, 46.8713246981527, -0.13207290309552, 0.133572442022195, 
-0.0936583501173797, 0.0390282479705255, -0.0104238354988438, 
0.0803242194515253, -0.149301402981008, 0.258912388977911, 0.280950787064172, 
0.545622146599228, -0.281277578713764, -0.22401796861094, -0.0913695887295397, 
-0.378185415255976, -0.0659608194573539, 0.0783902646598316, 
0.130862578649903, -0.188771043885741, 0.100465325642289, -0.335626137821619, 
-0.00934067039045085, -0.00195424574144852, -0.0798415502449372, 
-333.131105322414, -32.1902459944875, -3.50937878261533, 12.5105472128115, 
36.7100149615495, 0.105468531550408, -0.0163289196565963, -0.0743779624692305, 
0.10616874208099, -0.0442868132532681, 0.14586505507458, -0.0567084134011468, 
0.111337397184802, 0.205441270383676, -0.110224244778494, 0.487591828964769, 
-0.0793765462796747, 0.479426441905598, -0.225703681410317, -0.0115209159943874, 
0.174779033093848, 0.0241286688068917, 0.00353639775883807, 0.245564261049768, 
-0.191502340867816, -0.44201655452141, 0.166482574751288, -364.692920038114, 
-22.9022007886304, -6.86172444860885, 17.0187292228279, -10.1818819410605, 
-63.8997038058946, 0.203252038785331, -0.184566020408124, -0.125712326255838, 
0.249777642010776, 0.0781769093585162, 0.0207508897334118, 0.027736977145989, 
0.369726928494264, 0.207661757002594, 0.0502835085530999, 0.13977782256854, 
0.0109488030249524, -0.203518707678981, -0.35633813585385, -0.308879200583208, 
-0.378058179661171, -0.0254861351367598, -0.335900964176142, 
-0.189023550265699, 0.0829189152295875, -0.163779864380127, -220.547802830437, 
-8.28150461356839, -12.875499479707, 23.6840296439762, 23.3341724624296, 
-1.83535543236169, 38.9039775203504, 0.091384554134282, 0.418995071792402, 
-0.0121945552379359, 0.251870030077498, -0.120763847522448, 0.235197607911171, 
-0.0771208112416591, 0.241485878877187, 0.0807369206238727, -0.27589997612165, 
-0.374211984177897, 0.0999517456821554, -0.17287640832903, -0.0848779193808371, 
0.184671942367342, 0.0990124173850585, -0.154013846869749, 0.321901557605458, 
-0.345086351837437, 0.0203365603309555), .Dim = c(27L, 7L), .Dimnames = list(
    c("1", "2", "3", "4", "5", "6", "7", "8", "9", "10", "11", 
    "12", "13", "14", "15", "16", "17", "18", "19", "20", "21", 
    "22", "23", "24", "25", "26", "30"), c("x1", "x2", "x3", 
    "x4", "x5", "x6", "x7")), assign = 1:7), qraux = c(1.19245008972988, 
1.0066422713475, 1.29439942593498, 1.09361073781378, 1.04916408911488, 
1.21788308265081, 1.24049730283747), pivot = 1:7, tol = 1e-07, 
    rank = 7L), .Names = c("qr", "qraux", "pivot", "tol", "rank"
), class = "qr"), df.residual = 20L, xlevels = structure(list(), .Names = character(0)), 
    call = quote(lm(formula = y ~ . + 0, data = structure(list(y = c(43, 
        63, 71, 61, 81, 43, 58, 71, 72, 67, 64, 67, 69, 68, 77, 
        81, 74, 65, 65, 50, 50, 64, 53, 40, 63, 66, 82), x1 = c(1, 
        1, 1, 1, 1, 1, 1, 1, 1, 1, 1, 1, 1, 1, 1, 1, 1, 1, 1, 
        1, 1, 1, 1, 1, 1, 1, 1), x2 = c(51, 64, 70, 63, 78, 55, 
        67, 75, 82, 61, 53, 60, 62, 83, 77, 90, 85, 60, 70, 58, 
        40, 61, 66, 37, 54, 77, 82), x3 = c(30, 51, 68, 45, 56, 
        49, 42, 50, 72, 45, 53, 47, 57, 83, 54, 50, 64, 65, 46, 
        68, 33, 52, 52, 42, 42, 66, 39), x4 = c(39, 54, 69, 47, 
        66, 44, 56, 55, 67, 47, 58, 39, 42, 45, 72, 72, 69, 75, 
        57, 54, 34, 62, 50, 58, 48, 63, 59), x5 = c(61, 63, 76, 
        54, 71, 54, 66, 70, 71, 62, 58, 59, 55, 59, 79, 60, 79, 
        55, 75, 64, 43, 66, 63, 50, 66, 88, 64), x6 = c(78, 49, 
        74, 54, 78, 83, 86, 57, 67, 84, 84, 64, 67, 84, 92, 86, 
        83, 92, 57, 49, 49, 54, 67, 64, 57, 73, 63), x7 = c(45, 
        47, 48, 35, 47, 34, 35, 41, 31, 41, 34, 41, 25, 35, 46, 
        36, 63, 60, 46, 52, 33, 41, 37, 49, 33, 72, 39)), .Names = c("y", 
        "x1", "x2", "x3", "x4", "x5", "x6", "x7"),