
expected <- structure(list(coefficients = structure(c(18.9393619512839, 0.655554975553119, 
-0.0913586616345522, 0.356041392509244, -0.139815904706869, 0.123829230059816, 
-0.319923685293025), .Names = c("x1", "x2", "x3", "x4", "x5", 
"x6", "x7")), residuals = structure(c(-8.66454961822173, -0.535855595519368, 
0.910888737601416, -0.317161718177474, 7.23021944949283, -6.66529266700695, 
0.371460821447234, -2.64645588849, 5.40855553789273, 9.4186866430272, 
10.7558970425693, -4.51774939167163, 1.50876925297708, -5.74669945615061, 
-3.40199979122912, 6.78058977877193, -3.80226283877393, -4.04982714590311, 
4.39236230845428, -2.05321478476961, -5.67913806351414, 8.46527487023637, 
-5.40800032886859, 1.56967562849194, -11.2981920225868, 4.34578185785632, 
3.62823738206447), .Names = c("1", "2", "3", "4", "5", "6", "8", 
"9", "10", "12", "13", "14", "15", "16", "17", "18", "19", "20", 
"21", "22", "24", "25", "26", "27", "28", "29", "30")), effects = structure(c(-339.4819582835, 
54.8283956586102, 5.80475161533608, 9.31821960428338, 0.160620560741982, 
1.46428018795245, -9.92032133802357, -2.35052294767515, 6.51274247554396, 
11.398658039701, 11.6393002303983, -6.08376567908917, 4.06659201617687, 
-7.41148151364075, -0.607623202752837, 4.52348326665357, -0.718289656989724, 
-2.47383881095976, 4.10086504229011, -2.58519275855008, -6.04803919741566, 
12.0052011634286, 0.191338358250916, 3.16333569525254, -13.0239890439893, 
5.14587587648467, 4.1350396638188), .Names = c("x1", "x2", "x3", 
"x4", "x5", "x6", "x7", "", "", "", "", "", "", "", "", "", "", 
"", "", "", "", "", "", "", "", "", "")), rank = 7L, fitted.values = structure(c(51.6645496182217, 
63.5358555955194, 70.0891112623986, 61.3171617181775, 73.7697805505072, 
49.665292667007, 70.6285391785528, 74.64645588849, 61.5914444621073, 
57.5813133569728, 58.2441029574307, 72.5177493916716, 75.4912307470229, 
86.7466994561506, 77.4019997912291, 58.2194102212281, 68.8022628387739, 
54.0498271459031, 45.6076376915457, 66.0532147847696, 45.6791380635141, 
54.5347251297636, 71.4080003288686, 76.4303243715081, 59.2981920225868, 
80.6542181421437, 78.3717626179355), .Names = c("1", "2", "3", 
"4", "5", "6", "8", "9", "10", "12", "13", "14", "15", "16", 
"17", "18", "19", "20", "21", "22", "24", "25", "26", "27", "28", 
"29", "30")), assign = 1:7, qr = structure(list(qr = structure(c(-5.19615242270663, 
0.192450089729875, 0.192450089729875, 0.192450089729875, 0.192450089729875, 
0.192450089729875, 0.192450089729875, 0.192450089729875, 0.192450089729875, 
0.192450089729875, 0.192450089729875, 0.192450089729875, 0.192450089729875, 
0.192450089729875, 0.192450089729875, 0.192450089729875, 0.192450089729875, 
0.192450089729875, 0.192450089729875, 0.192450089729875, 0.192450089729875, 
0.192450089729875, 0.192450089729875, 0.192450089729875, 0.192450089729875, 
0.192450089729875, 0.192450089729875, -348.719562590534, 70.3467601717852, 
-0.0780287364412797, 0.0214783337195374, -0.191751102339356, 
0.135200699617614, -0.149105215127578, -0.248612285288395, 0.0499089251940565, 
0.0641242209313161, 0.035693629456797, -0.262827581025654, -0.177535806602097, 
-0.362334651186471, -0.291258172500173, 0.0641242209313161, -0.0780287364412797, 
0.0925548124058353, 0.348430135676508, 0.0499089251940565, 0.391076022888286, 
0.149415995354874, -0.177535806602097, -0.149105215127578, 0.106770108143095, 
-0.291258172500173, -0.248612285288395, -278.475279839129, 37.4320326308127, 
-53.0034098114856, -0.075706467318834, -0.012820834695724, 0.0769060743699957, 
-0.0970914619501152, 0.250473687390347, -0.0564200426149869, 
-0.0090434088263427, 0.160337273653413, 0.448364292940387, -0.040911043780521, 
-0.241739647228969, 0.0706103645876936, 0.330557384104143, -0.124342243063939, 
0.406443940963071, -0.0803131118449159, 0.0756469324135353, 0.118416921676098, 
-0.0455176883066029, 0.185489484839803, 0.0538422237967673, -0.0367139039256529, 
0.202677339616216, -0.372127766315544, -293.87128701752, 38.6703428372584, 
-11.1993092197911, 48.2684858320112, -0.107781713378168, 0.123670080364893, 
0.0546436939298392, 0.0157286801850715, 0.0785726316673404, 0.250959607742599, 
0.275155952383693, 0.557391283462209, -0.253908605931057, -0.183741834899432, 
-0.0598830973881054, -0.366755652799726, -0.0531978074521516, 
0.0744881674426076, 0.103155243763194, -0.182367420860423, -0.35276932207614, 
-0.0166088494611066, 0.0179571101637227, -0.282048775483992, 
0.0825405083636648, -0.0514962842411523, -0.0534055120873466, 
-337.172557206741, 36.836569687152, -5.16778260521913, 16.2281513297429, 
37.9166840284646, 0.0835594819560166, -0.0630539048863254, 0.132268331220139, 
-0.0533339485690291, -0.0782152081012886, 0.0894348825868988, 
0.194679742628102, -0.0710853329627902, 0.515030941716979, -0.042145077543721, 
0.494384023059033, -0.208951813517518, -0.0141880208886574, 0.128431879702814, 
0.0352417991869256, 0.231231700849824, -0.197927926993655, -0.406850176221955, 
-0.0819328808918057, 0.183295735263701, 0.0432338267840593, 0.180789086275012, 
-390.288781972187, 8.70923785502774, -2.19264660625914, 1.47069026615051, 
19.3138508743374, 47.400636895048, 0.303001241674094, -0.0404045713339937, 
-0.0431504995965444, 0.112843387880001, 0.328348675829138, 0.158339166419882, 
0.0571912122684996, 0.386592502734037, 0.0757680892764942, -0.208851015600529, 
-0.0875479561874719, 0.0445475483136631, 0.151258476009571, -0.0788666106869306, 
0.235978880442139, 0.0712976801649317, 0.247797338127966, 0.0428687006568403, 
-0.193917201934557, 0.175259214484552, -0.0523275775621523, -212.272448972052, 
-7.61308060595457, -14.0621792953395, 18.0684343011051, -9.59715363241931, 
13.7698594559242, 31.0083991716253, -0.123154711012851, 0.155196243540087, 
0.0611691831436397, 0.136687398920762, 0.223471896521247, 0.0490154603593245, 
0.376463837366323, -0.159732097076448, -0.450915696358252, 0.0148322414306405, 
-0.22761923872469, 0.280270343890175, 0.385736986403547, 0.183453294099462, 
-0.0671847892158458, -0.00665256425432092, 0.288182121357931, 
0.202002177013354, 0.254549114283688, 0.038356128106307), .Dim = c(27L, 
7L), .Dimnames = list(c("1", "2", "3", "4", "5", "6", "8", "9", 
"10", "12", "13", "14", "15", "16", "17", "18", "19", "20", "21", 
"22", "24", "25", "26", "27", "28", "29", "30"), c("x1", "x2", 
"x3", "x4", "x5", "x6", "x7")), assign = 1:7), qraux = c(1.19245008972988, 
1.00726303798228, 1.29072539273999, 1.09374745055647, 1.07450307990198, 
1.56848671571265, 1.08778936400806), pivot = 1:7, tol = 1e-07, 
    rank = 7L), .Names = c("qr", "qraux", "pivot", "tol", "rank"
), class = "qr"), df.residual = 20L, xlevels = structure(list(), .Names = character(0)), 
    call = quote(lm(formula = y ~ . + 0, data = structure(list(y = c(43, 
        63, 71, 61, 81, 43, 71, 72, 67, 67, 69, 68, 77, 81, 74, 
        65, 65, 50, 50, 64, 40, 63, 66, 78, 48, 85, 82), x1 = c(1, 
        1, 1, 1, 1, 1, 1, 1, 1, 1, 1, 1, 1, 1, 1, 1, 1, 1, 1, 
        1, 1, 1, 1, 1, 1, 1, 1), x2 = c(51, 64, 70, 63, 78, 55, 
        75, 82, 61, 60, 62, 83, 77, 90, 85, 60, 70, 58, 40, 61, 
        37, 54, 77, 75, 57, 85, 82), x3 = c(30, 51, 68, 45, 56, 
        49, 50, 72, 45, 47, 57, 83, 54, 50, 64, 65, 46, 68, 33, 
        52, 42, 42, 66, 58, 44, 71, 39), x4 = c(39, 54, 69, 47, 
        66, 44, 55, 67, 47, 39, 42, 45, 72, 72, 69, 75, 57, 54, 
        34, 62, 58, 48, 63, 74, 45, 71, 59), x5 = c(61, 63, 76, 
        54, 71, 54, 70, 71, 62, 59, 55, 59, 79, 60, 79, 55, 75, 
        64, 43, 66, 50, 66, 88, 80, 51, 77, 64), x6 = c(92, 73, 
        86, 84, 83, 49, 66, 83, 80, 74, 63, 77, 77, 54, 79, 80, 
        85, 78, 64, 80, 57, 75, 76, 78, 83, 74, 78), x7 = c(46, 
        38, 41, 45, 47, 47, 34, 49, 35, 35, 35, 33, 41, 33, 46, 
        72, 38, 52, 33, 34, 45, 41, 36, 35, 38, 35, 39)), .Names = c("y", 
        "x1", "x2", "x3", "x4", "x5", "x6", "x7"),