
expected <- structure(list(coefficients = structure(c(2.67275133823407, 0.645769107269309, 
-0.0217271062484035, 0.3000766863629, 0.136314893953734, 0.0530916430955261, 
-0.232921270497029), .Names = c("x1", "x2", "x3", "x4", "x5", 
"x6", "x7")), residuals = structure(c(-5.57996126683678, 1.1056203316435, 
1.06181917217365, 6.23125081043566, -11.6549104732329, -8.9229074803597, 
0.608742746671877, -8.76555071750486, 8.66036585806458, 6.45502776926353, 
11.9998724213085, 9.00316938731427, 0.187489952763595, -4.35219644515355, 
-3.2200500439418, 4.82442155545149, -1.35770041316952, -5.87291092268124, 
0.925320659831543, -10.3846199695737, -2.92041811717019, 6.56613679333703, 
-3.02197560765031, 2.3689572078208, -5.5279651348524, 5.84732923719351, 
5.7356426888534), .Names = c("1", "3", "4", "5", "6", "7", "8", 
"9", "10", "11", "12", "13", "15", "16", "17", "18", "19", "20", 
"22", "23", "24", "25", "26", "27", "28", "29", "30")), effects = structure(c(-338.327257745121, 
-53.1510040063286, 2.38481266822958, -8.69855043732628, -0.829499312810364, 
-1.62223388256883, -9.19680738683512, -5.45106359350522, 10.8442990703149, 
7.56351406509316, 16.9731489522896, 14.14528453737, -2.02136856443444, 
-2.7620936975397, -0.237544432697968, 4.91759692230711, -7.68696339725445, 
-1.04319825249112, 0.0737368249083508, -7.33117178180318, -4.08644837808536, 
5.88141087309286, -1.57952150719354, 0.925718287771079, -7.0964034041592, 
8.85553844260286, 6.5102200317328), .Names = c("x1", "x2", "x3", 
"x4", "x5", "x6", "x7", "", "", "", "", "", "", "", "", "", "", 
"", "", "", "", "", "", "", "", "", "")), rank = 7L, fitted.values = structure(c(48.5799612668368, 
69.8943796683565, 59.9381808278264, 74.7687491895643, 54.6549104732329, 
66.9229074803597, 70.3912572533281, 80.7655507175049, 58.3396341419354, 
57.5449722307365, 55.0001275786915, 59.9968306126857, 76.8125100472364, 
85.3521964451535, 77.2200500439418, 60.1755784445485, 66.3577004131695, 
55.8729109226812, 63.0746793401685, 63.3846199695737, 42.9204181171702, 
56.433863206663, 69.0219756076503, 75.6310427921792, 53.5279651348524, 
79.1526707628065, 76.2643573111466), .Names = c("1", "3", "4", 
"5", "6", "7", "8", "9", "10", "11", "12", "13", "15", "16", 
"17", "18", "19", "20", "22", "23", "24", "25", "26", "27", "28", 
"29", "30")), assign = 1:7, qr = structure(list(qr = structure(c(-5.19615242270663, 
0.192450089729875, 0.192450089729875, 0.192450089729875, 0.192450089729875, 
0.192450089729875, 0.192450089729875, 0.192450089729875, 0.192450089729875, 
0.192450089729875, 0.192450089729875, 0.192450089729875, 0.192450089729875, 
0.192450089729875, 0.192450089729875, 0.192450089729875, 0.192450089729875, 
0.192450089729875, 0.192450089729875, 0.192450089729875, 0.192450089729875, 
0.192450089729875, 0.192450089729875, 0.192450089729875, 0.192450089729875, 
0.192450089729875, 0.192450089729875, -348.527112500804, -64.4348651884355, 
-0.0229669383926948, 0.209826285526274, -0.147123324482811, 0.0391112546523634, 
0.16326764074248, 0.271904478571332, -0.0540060349152239, -0.17816242100534, 
-0.0695255831764885, -0.0384864866539594, 0.194306737265009, 
0.396060864661448, 0.318463123355125, -0.0695255831764885, 0.0856698994361571, 
-0.100564679699018, -0.0540060349152239, 0.0235917063910989, 
-0.426475193185573, -0.162642872744076, 0.194306737265009, 0.16326764074248, 
-0.116084227960282, 0.318463123355125, 0.271904478571332, -274.626278044532, 
-24.9910710853059, 49.1208079475144, 0.0332697122450195, -0.1175759361763, 
0.17798279240609, 0.117154307922394, -0.241440185980785, 0.0403824137808932, 
-0.224516643047355, -0.0130879396546342, -0.191158831431529, 
0.0612312441374779, 0.308470469495412, -0.0403131830102102, -0.37953142363057, 
0.134814139392708, -0.466114159169628, -0.102123385543082, -0.0383513316854092, 
-0.204649530739946, 0.0121754523761407, -0.183064411846479, -0.0457094627335769, 
0.00972274202675147, -0.182818982334185, 0.430372867975097, -299.837239799146, 
-35.2696104189331, 21.7298843053379, -39.9436645615164, -0.177617837000547, 
0.106779989075908, -0.100743421629851, -0.163450290946938, -0.103742940267717, 
0.137116691742865, -0.321904565512506, -0.400929011325126, 0.252106902281073, 
0.186143551267977, -0.0326140735118242, 0.335221351322635, 0.0498186683736243, 
-0.212714672469972, 0.17684128669816, -0.169819303439769, 0.434275378359838, 
0.0267153585700828, -0.135972710318455, 0.266418319331288, -0.103259952891661, 
-0.0774882175469095, 0.083863901372416, -341.406459180799, -33.9194097202031, 
10.8534948345161, -6.09508613613382, 36.0021506126074, -0.0695628717457221, 
-0.0269904980245857, 0.258323896605004, -0.0134030192056276, 
0.124544792448818, 0.0577472715425807, 0.292838251078639, -0.173085739565426, 
0.445432283286562, -0.00555906672223858, 0.438306537640187, -0.248625408909153, 
0.140950833621688, -0.0170379189003488, 0.0838027136617085, 0.0820694063042763, 
-0.220213486708983, -0.331927055773234, -0.176949199072772, 0.237411397649097, 
0.122601952847488, 0.114289035146602, -403.182937984089, 6.940112063204, 
4.29168845323441, 3.12295092248085, -12.2326002968331, -32.5967090486564, 
-0.0209136495682633, -0.0160317187158384, 0.0797723425796016, 
-0.0315928267122911, 0.149982311440334, -0.0799292183282532, 
0.0594010537655719, -0.0424794152888133, 0.231149858979912, -0.381852628809021, 
-0.517810348822807, 0.0354778854364532, -0.0640701148555996, 
0.0579370507040601, -0.135289485931697, 0.0500211368013725, 0.211360098187939, 
0.130658731706165, -0.60632050702374, 0.0842670331773789, 0.0796717922570325, 
-225.743955253144, -11.8276201693348, 20.5044038044349, -16.9699421678191, 
21.8429162597646, -0.465302975979267, 39.4846179879154, 0.35819500413247, 
-0.0292141388761662, 0.317673375769597, -0.148957226544222, 0.24582189175191, 
0.180698734289204, -0.0629014882469531, -0.390831226115626, -0.248516745573489, 
0.147648967656154, -0.115181602433058, 0.215463246400131, 0.068975753244719, 
0.00264423541131246, 0.343965683050181, -0.401736648694077, 0.162957530404828, 
0.00119569738223641, -0.166270692541791, -0.12374020927459), .Dim = c(27L, 
7L), .Dimnames = list(c("1", "3", "4", "5", "6", "7", "8", "9", 
"10", "11", "12", "13", "15", "16", "17", "18", "19", "20", "22", 
"23", "24", "25", "26", "27", "28", "29", "30"), c("x1", "x2", 
"x3", "x4", "x5", "x6", "x7")), assign = 1:7), qraux = c(1.19245008972988, 
1.08566989943616, 1.06589123532396, 1.06552080427392, 1.17955741520268, 
1.13421871967163, 1.02676976689861), pivot = 1:7, tol = 1e-07, 
    rank = 7L), .Names = c("qr", "qraux", "pivot", "tol", "rank"
), class = "qr"), df.residual = 20L, xlevels = structure(list(), .Names = character(0)), 
    call = quote(lm(formula = y ~ . + 0, data = structure(list(y = c(43, 
        71, 61, 81, 43, 58, 71, 72, 67, 64, 67, 69, 77, 81, 74, 
        65, 65, 50, 64, 53, 40, 63, 66, 78, 48, 85, 82), x1 = c(1, 
        1, 1, 1, 1, 1, 1, 1, 1, 1, 1, 1, 1, 1, 1, 1, 1, 1, 1, 
        1, 1, 1, 1, 1, 1, 1, 1), x2 = c(51, 70, 63, 78, 55, 67, 
        75, 82, 61, 53, 60, 62, 77, 90, 85, 60, 70, 58, 61, 66, 
        37, 54, 77, 75, 57, 85, 82), x3 = c(30, 68, 45, 56, 49, 
        42, 50, 72, 45, 53, 47, 57, 54, 50, 64, 65, 46, 68, 52, 
        52, 42, 42, 66, 58, 44, 71, 39), x4 = c(39, 69, 47, 66, 
        44, 56, 55, 67, 47, 58, 39, 42, 72, 72, 69, 75, 57, 54, 
        62, 50, 58, 48, 63, 74, 45, 71, 59), x5 = c(61, 76, 54, 
        71, 54, 66, 70, 71, 62, 58, 59, 55, 79, 60, 79, 55, 75, 
        64, 66, 63, 50, 66, 88, 80, 51, 77, 64), x6 = c(77, 68, 
        80, 83, 92, 80, 73, 78, 80, 83, 83, 80, 74, 80, 80, 78, 
        54, 83, 77, 80, 84, 77, 74, 77, 64, 78, 78), x7 = c(45, 
        48, 35, 47, 34, 35, 41, 31, 41, 34, 41, 25, 46, 36, 63, 
        60, 46, 52, 41, 37, 49, 33, 72, 49, 38, 55, 39)), .Names = c("y", 
        "x1", "x2", "x3", "x4", "x5", "x6", "x7"),