
expected <- structure(list(coefficients = structure(c(12.8480136568495, 0.75282298445583, 
-0.0409777678610152, 0.0331579677400166, 0.142230603402945, -0.0632232121399138, 
-0.0575711447825704), .Names = c("x1", "x2", "x3", "x4", "x5", 
"x6", "x7")), residuals = structure(c(-9.23780270041934, -0.0318978372631151, 
3.74194681958262, 0.655000695781803, 7.09469854609591, -13.1636241848869, 
-8.5291428580987, -1.73963639875349, -4.61840197089202, 8.98081532495492, 
7.46693943131261, 7.92024332388301, -7.39591492949056, 3.38449758862469, 
8.54507439979114, -3.69306848776208, -6.1960678247808, 6.13259874516243, 
3.93273172224104, -10.9665556463597, -0.961379557239429, 7.18181955456165, 
-7.63337743026305, 4.98723180116451, -8.22812226190805, 6.40620389812445, 
5.96519023683649), .Names = c("1", "2", "3", "4", "5", "6", "7", 
"8", "9", "11", "12", "13", "14", "15", "18", "19", "20", "21", 
"22", "23", "24", "25", "26", "27", "28", "29", "30")), effects = structure(c(-330.436804066196, 
-51.0689079508119, 2.68611967430661, 1.52995163299828, 3.23516110670573, 
-3.04897786378121, -2.24212254354761, 2.78314385693157, -4.45815565464837, 
12.2928892229174, 8.90599579215817, 10.3125916731848, -11.2841759798498, 
7.48448224641716, 4.28525707058832, -0.505968982321552, -6.78994173403464, 
8.28332348879844, 5.74160060098072, -10.0946540196563, 2.37067135306081, 
12.1011036720053, -3.77153114435541, 9.20324599220441, -9.91050118448544, 
7.44498828924827, 6.59968760270505), .Names = c("x1", "x2", "x3", 
"x4", "x5", "x6", "x7", "", "", "", "", "", "", "", "", "", "", 
"", "", "", "", "", "", "", "", "", "")), rank = 7L, fitted.values = structure(c(52.2378027004193, 
63.0318978372631, 67.2580531804174, 60.3449993042182, 73.9053014539041, 
56.1636241848869, 66.5291428580987, 72.7396363987535, 76.618401970892, 
55.0191846750451, 59.5330605686874, 61.079756676117, 75.3959149294906, 
73.6155024113753, 56.4549256002089, 68.6930684877621, 56.1960678247808, 
43.8674012548376, 60.067268277759, 63.9665556463597, 40.9613795572394, 
55.8181804454384, 73.6333774302631, 73.0127681988355, 56.228122261908, 
78.5937961018755, 76.0348097631635), .Names = c("1", "2", "3", 
"4", "5", "6", "7", "8", "9", "11", "12", "13", "14", "15", "18", 
"19", "20", "21", "22", "23", "24", "25", "26", "27", "28", "29", 
"30")), assign = 1:7, qr = structure(list(qr = structure(c(-5.19615242270663, 
0.192450089729875, 0.192450089729875, 0.192450089729875, 0.192450089729875, 
0.192450089729875, 0.192450089729875, 0.192450089729875, 0.192450089729875, 
0.192450089729875, 0.192450089729875, 0.192450089729875, 0.192450089729875, 
0.192450089729875, 0.192450089729875, 0.192450089729875, 0.192450089729875, 
0.192450089729875, 0.192450089729875, 0.192450089729875, 0.192450089729875, 
0.192450089729875, 0.192450089729875, 0.192450089729875, 0.192450089729875, 
0.192450089729875, 0.192450089729875, -339.09705810404, -64.6156729066964, 
0.108983611697181, 0.000650761707243416, 0.232792583114252, -0.123158209709828, 
0.062555247415779, 0.18636421883285, 0.294697068822788, -0.154110452564096, 
-0.0457776025741583, -0.0148253597198905, 0.310173190249921, 
0.217316461687118, -0.0457776025741583, 0.108983611697181, -0.0767298454284261, 
-0.355300031116836, -0.0303014811470244, 0.0470791259886451, 
-0.401728395398238, -0.138634331136962, 0.217316461687118, 0.18636421883285, 
-0.09220596685556, 0.341125433104189, 0.294697068822788, -276.165878762371, 
-38.1635422496297, -51.8743814456437, -0.0855473432092191, -0.04856337822439, 
0.0849309466482844, -0.190063826433519, -0.12921405674444, 0.213189566166732, 
0.185382533999306, -0.011979315364881, 0.157451833421777, 0.413569170333353, 
-0.0754469377310734, 0.335012773954993, -0.147967824504566, 0.416187023010466, 
-0.0484397098142874, 0.0727362590284481, 0.0143806736063798, 
0.160069686098891, -0.0383393043361418, 0.155881121815509, 0.0250046496199481, 
-0.0347979789982857, 0.158898876617943, -0.42296259758637, -288.290234415353, 
-6.1382883097473, 3.06865829990042, 65.739223402818, -0.20159977814882, 
0.210175295471203, 0.0187492215981389, -0.0160715890202613, 0.064651872718561, 
-0.308599696560617, -0.121567621579509, 0.153907830088353, 0.0437911573271339, 
0.341944210375832, -0.0041098159779986, -0.195041453518902, 0.208353265267777, 
-0.23114308300743, 0.168286291248674, 0.047345284579547, 0.105507276237043, 
0.211502889342468, 0.0247473279251163, -0.207254019054838, -0.304359408352709, 
0.251765162312498, 0.465383119775848, -334.478255950523, -38.7894653829049, 
0.555667010559441, 1.9984889431229, 37.2742665618294, 0.0976812650934802, 
-0.0307588611428321, 0.00495100155762314, 0.119528385128119, 
0.113441747795424, 0.114076169573379, 0.20592693138269, 0.494322978146397, 
-0.292296024330623, 0.245155574509464, -0.162061147111155, -0.0710274030847684, 
0.256486036285626, -0.121963703503734, 0.0590318810700369, -0.0344253111666029, 
-0.259678281643236, -0.412574250059338, -0.187948698420355, 0.327226969815651, 
-0.0533499596198989, 0.0996802735535108, -390.673682151647, -18.1024765522868, 
4.6765930061464, 11.2888998080077, 6.88956254178041, 42.8205390404009, 
0.244951182198815, 0.330746473738171, -0.0430122267083078, 0.232774387760765, 
0.0754971964012322, 0.308394691748584, 0.0659869947765802, 0.0841518098890315, 
-0.0798769301486767, -0.0984190644939977, -0.023309159545687, 
0.207872449256958, -0.0582430790174362, -0.0462907550413111, 
0.365286424912034, 0.0337559839835832, 0.163369971966487, 0.0992873839074832, 
-0.156485631960244, 0.18081779784015, 0.0113207891359328, -220.932703009897, 
-10.2044959173061, -11.7299946118344, 3.82749374821185, 28.3266912585179, 
5.93571382634616, 38.9452485618527, 0.0267293885136775, 0.38754443929786, 
0.191911669674062, -0.0308672456375112, 0.278606144125776, 0.0851013040143118, 
0.0798986709187304, -0.505891695251267, 0.0872140451207098, -0.131224946359503, 
-0.0392191262256275, 0.112097455129463, 0.128856118690906, -0.309830921687734, 
0.313563108936619, -0.370295260784952, 0.0816231076970809, -0.043221709683339, 
-0.190249959217728, -0.104868453915945), .Dim = c(27L, 7L), .Dimnames = list(
    c("1", "2", "3", "4", "5", "6", "7", "8", "9", "11", "12", 
    "13", "14", "15", "18", "19", "20", "21", "22", "23", "24", 
    "25", "26", "27", "28", "29", "30"), c("x1", "x2", "x3", 
    "x4", "x5", "x6", "x7")), assign = 1:7), qraux = c(1.19245008972988, 
1.01612688313438, 1.2761336179975, 1.14268413721674, 1.08686356875356, 
1.60707531590316, 1.14644283965984), pivot = 1:7, tol = 1e-07, 
    rank = 7L), .Names = c("qr", "qraux", "pivot", "tol", "rank"
), class = "qr"), df.residual = 20L, xlevels = structure(list(), .Names = character(0)), 
    call = quote(lm(formula = y ~ . + 0, data = structure(list(y = c(43, 
        63, 71, 61, 81, 43, 58, 71, 72, 64, 67, 69, 68, 77, 65, 
        65, 50, 50, 64, 53, 40, 63, 66, 78, 48, 85, 82), x1 = c(1, 
        1, 1, 1, 1, 1, 1, 1, 1, 1, 1, 1, 1, 1, 1, 1, 1, 1, 1, 
        1, 1, 1, 1, 1, 1, 1, 1), x2 = c(51, 64, 70, 63, 78, 55, 
        67, 75, 82, 53, 60, 62, 83, 77, 60, 70, 58, 40, 61, 66, 
        37, 54, 77, 75, 57, 85, 82), x3 = c(30, 51, 68, 45, 56, 
        49, 42, 50, 72, 53, 47, 57, 83, 54, 65, 46, 68, 33, 52, 
        52, 42, 42, 66, 58, 44, 71, 39), x4 = c(59, 74, 57, 47, 
        75, 39, 57, 62, 58, 72, 63, 45, 59, 39, 54, 72, 39, 63, 
        44, 54, 39, 39, 59, 74, 74, 47, 34), x5 = c(61, 63, 76, 
        54, 71, 54, 66, 70, 71, 58, 59, 55, 59, 79, 55, 75, 64, 
        43, 66, 63, 50, 66, 88, 80, 51, 77, 64), x6 = c(92, 73, 
        86, 84, 83, 49, 68, 66, 83, 67, 74, 63, 77, 77, 80, 85, 
        78, 64, 80, 80, 57, 75, 76, 78, 83, 74, 78), x7 = c(45, 
        47, 48, 35, 47, 34, 35, 41, 31, 34, 41, 25, 35, 46, 60, 
        46, 52, 33, 41, 37, 49, 33, 72, 49, 38, 55, 39)), .Names = c("y", 
        "x1", "x2", "x3", "x4", "x5", "x6", "x7"),