
expected <- structure(list(coefficients = structure(c(-0.255087174979672, 
0.00575958689859576, 0.229272603585378, 0.357966845557029, 0.49609837670309, 
-0.00437012755770795, 0.0407804182646138), .Names = c("x1", "x2", 
"x3", "x4", "x5", "x6", "x7")), residuals = structure(c(0.304770350117293, 
11.4265664403281, -4.50879115665729, -16.9151833306812, -6.79390896745971, 
5.65420754790901, -1.83186341989625, 4.21178423379016, 5.90058449791754, 
-2.92513745885732, -1.74008277933236, 12.2768822523817, 6.38173821463537, 
13.6966312356245, 3.23301435655951, -0.251653717211917, 3.67197492251699, 
-0.722038633974342, -5.85276774731409, 2.44902345211744, -8.02526006881438, 
-20.227787594608, -7.23932794036267, -9.94283012077761, 14.5996995971259, 
-15.2021299151545, 19.1437199833457), .Names = c("2", "3", "4", 
"6", "7", "8", "9", "10", "11", "12", "13", "14", "15", "16", 
"17", "18", "19", "20", "21", "22", "23", "24", "25", "26", "27", 
"28", "29")), effects = structure(c(-225.260962270063, -231.744115916965, 
-69.8233285976536, 42.5865104880359, 29.6596483487361, -0.57001685258372, 
-2.84736625061664, 8.43717878450675, -4.78147669027326, -0.699130990213614, 
0.0636999813081053, 13.4089611217483, 6.15641658954638, 15.7463193213586, 
-4.10478323486782, -3.37125398054748, -4.01380510789634, -10.2853499963015, 
0.386120521047016, -3.62655535964036, -10.810788946989, -22.1062005216218, 
-13.8311324385832, -17.7771956667781, 10.6405473971424, -19.3213899053074, 
11.7940905722875), .Names = c("x1", "x2", "x3", "x4", "x5", "x6", 
"x7", "", "", "", "", "", "", "", "", "", "", "", "", "", "", 
"", "", "", "", "", "")), rank = 7L, fitted.values = structure(c(62.6952296498827, 
59.5734335596719, 65.5087911566573, 59.9151833306812, 64.7939089674597, 
65.345792452091, 73.8318634198963, 62.7882157662098, 58.0994155020825, 
69.9251374588573, 70.7400827793324, 55.7231177476183, 70.6182617853646, 
67.3033687643755, 70.7669856434405, 65.2516537172119, 61.328025077483, 
50.7220386339743, 55.8527677473141, 61.5509765478826, 61.0252600688144, 
60.227787594608, 70.2393279403627, 75.9428301207776, 63.4003004028741, 
63.2021299151545, 65.8562800166543), .Names = c("2", "3", "4", 
"6", "7", "8", "9", "10", "11", "12", "13", "14", "15", "16", 
"17", "18", "19", "20", "21", "22", "23", "24", "25", "26", "27", 
"28", "29")), assign = 1:7, qr = structure(list(qr = structure(c(-7.77961469729593, 
0.268504488216279, 0.0927791721006562, 0.278104030894967, 0.0138101565255024, 
-0.218596382998932, 0.358571320551627, 0.152110696646321, 0.0753333642881122, 
0.123874749305769, -0.00329512043300633, 0.279778435744852, 0.155532963950477, 
0.105092651470043, 0.136344759134603, 0.0880403095570261, 0.288359884471779, 
-0.170476313296148, 0.325372438207108, 0.193071261617037, 0.134200867313366, 
0.145683357324047, 0.0516376300485331, -0.0684451518386651, 0.138138942918097, 
0.334852567398984, 0.211529146610148, -229.45772607657, -261.124782324026, 
0.0476881946476529, -0.0749563730058014, 0.252368125600429, 0.48216149618782, 
-0.0822014183685251, -0.0312639338503362, 0.167094340044626, 
0.0544561823491218, 0.156930211149903, -0.107496961776521, -0.0351552493256468, 
0.110278792312011, 0.162823836547357, 0.217748784092892, -0.0751291103665992, 
0.511697107156916, -0.163169561216459, -0.0242242465195804, 0.134624871502995, 
0.159864484785425, 0.182548997536513, 0.330578812500015, 0.156954159291044, 
-0.162460255172871, 0.016061460363936, -186.706891100789, -197.685799355237, 
-80.1552340696429, 0.0436299491588756, 0.0753612990142887, 0.219218504569516, 
-0.33390258186117, 0.272749825757088, -0.106929589876934, 0.315098227716091, 
0.456522740809938, 0.0667813432454017, 0.408900477554311, 0.225783945969655, 
-0.095468183555688, -0.167511654604341, -0.174346804292169, -0.185504368655647, 
0.0615501151368376, 0.0312077516541412, -0.170914733576389, -0.0170133840061539, 
0.10282473584958, 0.0383788105942346, -0.149216894998027, -0.0688506006690805, 
-0.159229982191665, -193.576924955008, -203.298509266175, -56.6104745804282, 
79.9246171269689, -0.0354311091066276, 0.0161766684679066, -0.467789230107931, 
-0.0797252078944326, -0.113483274947351, 0.329600931530148, -0.0848692994486828, 
-0.000177703554765957, 0.0317718461729775, 0.117271775571956, 
0.0627547004691626, -0.266767530083966, -0.240131720029022, -0.158089210924898, 
0.198374507725894, -0.3352611885635, -0.0889784712767868, 0.155440501344413, 
-0.268179499380929, -0.195642997804092, -0.279098439671682, -0.265238960469911, 
-0.136341907611134, -219.290393043999, -214.602859839438, -59.4974817372763, 
26.2099206798365, 58.7998791854367, -0.120346518573731, -0.123217298602102, 
0.0186524066222552, -0.266891483123301, -0.374549230220619, 0.186097262413886, 
0.117912224829166, -0.0389792308613903, -0.00934182591249367, 
-0.379823820358907, 0.0615253224386903, -0.149527272217697, 0.0141337364448056, 
-0.108468239599086, 0.0896589302121769, -0.240420677231937, 0.137721777290887, 
0.06733422923249, -0.433998103192823, 0.198109101074385, -0.04842172293877, 
-0.454514864771744, -253.845900222672, -279.747852007399, -54.0331951995509, 
35.4975127511695, 18.0462556964899, -45.2114067214492, -0.0205682953771099, 
-0.0232302938885125, 0.355668058212334, -0.352487258873035, -0.1355323777005, 
0.112852317593219, 0.177986750752214, -0.0192731104398315, 0.0185930193400464, 
0.124975044049083, 0.3138400269407, 0.0987565675496742, 0.455975140688251, 
0.438020208973075, -0.171976098766159, 0.0893082739170576, -0.0343690239384017, 
-0.0284584878464993, 0.0762414043367377, 0.113394476751633, -0.0184324404964915, 
-150.628548543961, -169.210732798467, -46.6102190449154, 27.6744824277889, 
13.927963419853, -18.8226727357019, -69.8218991316078, 0.352259161776638, 
-0.384750071773855, 0.0148209547188389, 0.0814226666230754, -0.129842147303004, 
-0.231895293686993, 0.0632777783852067, -0.223789912985529, 0.321356360521206, 
-0.250488329735901, -0.0966264810635784, 0.252580329664143, -0.218531140292767, 
0.290842819368565, -0.341421271330275, -0.175965671532396, 0.248252973840291, 
0.0592520034162667, -0.109903895677272, -0.00511026953192315), .Dim = c(27L, 
7L), .Dimnames = list(c("2", "3", "4", "6", "7", "8", "9", "10", 
"11", "12", "13", "14", "15", "16", "17", "18", "19", "20", "21", 
"22", "23", "24", "25", "26", "27", "28", "29"), c("x1", "x2", 
"x3", "x4", "x5", "x6", "x7")), assign = 1:7), qraux = c(1.05908706910757, 
1.03935770273325, 1.12669878890775, 1.10581482988372, 1.00888499966118, 
1.32030183261809, 1.00634038459555), pivot = 1:7, tol = 1e-07, 
    rank = 7L), .Names = c("qr", "qraux", "pivot", "tol", "rank"
), class = "qr"), df.residual = 20L, xlevels = structure(list(), .Names = character(0)), 
    call = quote(lm(formula = y ~ . + 0, data = structure(list(y = c(63, 
        71, 61, 43, 58, 71, 72, 67, 64, 67, 69, 68, 77, 81, 74, 
        65, 65, 50, 50, 64, 53, 40, 63, 66, 78, 48, 85), x1 = c(0.459674631249372, 
        2.08886146281729, 0.721786210877214, 2.16354220612773, 
        0.107437696677756, -1.70059563395422, 2.78954671539225, 
        1.18336261124564, 0.586064548012546, 0.963697820323011, 
        -0.0256347673499762, 2.17656843070712, 1.20998653226313, 
        0.817580335954143, 1.06070969206283, 0.684919686184324, 
        2.24332879534721, -1.32624003245954, 2.53127220237103, 
        1.50202002450137, 1.04403103974092, 1.13336038778957, 
        0.401720865659098, -0.532476909202731, 1.07466775059455, 
        2.60502395476441, 1.64561525787477), x2 = c(85, 90, 40, 
        63, 70, 61, 85, 37, 66, 51, 40, 55, 37, 60, 83, 83, 66, 
        83, 54, 51, 75, 85, 63, 66, 82, 57, 67), x3 = c(72, 68, 
        42, 57, 58, 57, 45, 53, 42, 66, 66, 53, 64, 65, 57, 50, 
        42, 42, 53, 45, 45, 65, 56, 50, 52, 45, 42), x4 = c(47, 
        45, 71, 45, 58, 55, 75, 59, 47, 39, 74, 50, 62, 54, 47, 
        66, 56, 50, 34, 69, 47, 48, 75, 63, 69, 62, 48),