
expected <- structure(list(coefficients = structure(c(15.0353253408049, 0.714839975016839, 
-0.0972274187979491, 0.4246498999893, -0.0322969827759889, -0.0877337808472445, 
-0.199981905301234), .Names = c("x1", "x2", "x3", "x4", "x5", 
"x6", "x7")), residuals = structure(c(-4.32415100833201, -0.0247652570490839, 
1.78249971514573, -1.17252729925731, 6.16046889361134, -9.44665038469405, 
-7.95037377519852, -0.681824606619071, -8.73268427981757, 7.64376235263243, 
12.8023608174633, 10.0053082820592, -1.13188674599614, 1.41962151986458, 
3.39207208955392, -3.18443976631916, -6.05065277810074, 7.42861227504093, 
-0.844548692358221, -10.0792291860895, -5.00162255350989, 6.79550164476222, 
-0.768539807937995, 2.52967976938798, -8.36515895785816, 5.32031640026232, 
2.47885133935348), .Names = c("1", "2", "3", "4", "5", "6", "7", 
"8", "9", "11", "12", "13", "14", "15", "18", "19", "20", "21", 
"22", "23", "24", "25", "26", "27", "28", "29", "30")), effects = structure(c(-330.436804066196, 
-51.0689079508119, 2.68611967430661, 13.3743426997647, -4.06745681732396, 
5.03836777572443, -7.48368995974515, -0.467126208668783, -8.37677839654548, 
9.1381023539844, 14.0677509044619, 11.7099012580436, 0.440167562252618, 
4.75176134786822, -1.4093078966986, -2.08903687668517, -8.70761232519824, 
5.48480196193554, -2.34849597318945, -8.96337180944843, -8.78577401918089, 
9.29003878126451, 1.22190265605941, 3.67347652304756, -10.5643933825855, 
3.71356804465509, 0.882955395295166), .Names = c("x1", "x2", 
"x3", "x4", "x5", "x6", "x7", "", "", "", "", "", "", "", "", 
"", "", "", "", "", "", "", "", "", "", "", "")), rank = 7L, 
    fitted.values = structure(c(47.324151008332, 63.0247652570491, 
    69.2175002848543, 62.1725272992573, 74.8395311063887, 52.4466503846941, 
    65.9503737751985, 71.6818246066191, 80.7326842798176, 56.3562376473676, 
    54.1976391825367, 58.9946917179408, 69.1318867459961, 75.5803784801354, 
    61.6079279104461, 68.1844397663192, 56.0506527781007, 42.5713877249591, 
    64.8445486923582, 63.0792291860895, 45.0016225535099, 56.2044983552378, 
    66.768539807938, 75.470320230612, 56.3651589578582, 79.6796835997377, 
    79.5211486606465), .Names = c("1", "2", "3", "4", "5", "6", 
    "7", "8", "9", "11", "12", "13", "14", "15", "18", "19", 
    "20", "21", "22", "23", "24", "25", "26", "27", "28", "29", 
    "30")), assign = 1:7, qr = structure(list(qr = structure(c(-5.19615242270663, 
    0.192450089729875, 0.192450089729875, 0.192450089729875, 
    0.192450089729875, 0.192450089729875, 0.192450089729875, 
    0.192450089729875, 0.192450089729875, 0.192450089729875, 
    0.192450089729875, 0.192450089729875, 0.192450089729875, 
    0.192450089729875, 0.192450089729875, 0.192450089729875, 
    0.192450089729875, 0.192450089729875, 0.192450089729875, 
    0.192450089729875, 0.192450089729875, 0.192450089729875, 
    0.192450089729875, 0.192450089729875, 0.192450089729875, 
    0.192450089729875, 0.192450089729875, -339.09705810404, -64.6156729066964, 
    0.108983611697181, 0.000650761707243416, 0.232792583114252, 
    -0.123158209709828, 0.062555247415779, 0.18636421883285, 
    0.294697068822788, -0.154110452564096, -0.0457776025741583, 
    -0.0148253597198905, 0.310173190249921, 0.217316461687118, 
    -0.0457776025741583, 0.108983611697181, -0.0767298454284261, 
    -0.355300031116836, -0.0303014811470244, 0.0470791259886451, 
    -0.401728395398238, -0.138634331136962, 0.217316461687118, 
    0.18636421883285, -0.09220596685556, 0.341125433104189, 0.294697068822788, 
    -276.165878762371, -38.1635422496297, -51.8743814456437, 
    -0.0855473432092191, -0.04856337822439, 0.0849309466482844, 
    -0.190063826433519, -0.12921405674444, 0.213189566166732, 
    0.185382533999306, -0.011979315364881, 0.157451833421777, 
    0.413569170333353, -0.0754469377310734, 0.335012773954993, 
    -0.147967824504566, 0.416187023010466, -0.0484397098142874, 
    0.0727362590284481, 0.0143806736063798, 0.160069686098891, 
    -0.0383393043361418, 0.155881121815509, 0.0250046496199481, 
    -0.0347979789982857, 0.158898876617943, -0.42296259758637, 
    -289.252484864003, -31.3907329613699, -13.3466992843226, 
    48.2336760195802, -0.136472883490647, 0.140388076539147, 
    -0.101260795485054, 0.0269506847315662, -0.00615291317959386, 
    -0.128078914877611, 0.254458693873492, 0.284006477751736, 
    0.544488861880237, -0.282411587864147, -0.345938555488481, 
    -0.0735791413930778, 0.103119148399489, 0.13807943157391, 
    -0.176514074493189, 0.0989021682106239, -0.302490055363458, 
    -0.0046328365620625, 0.00149287179026787, -0.302089745621851, 
    0.0897596230145777, -0.0812154818399324, -0.107903985368068, 
    -334.478255950523, -38.7894653829049, 0.555667010559441, 
    19.0140992758694, 32.1220941799484, 0.0644213454757995, 0.0522421677534954, 
    -0.0210833672358523, 0.163670913661582, 0.140162659569243, 
    -0.111606539492539, 0.0561403290095904, 0.14546592893897, 
    -0.00441921145649144, 0.56382389376036, -0.188644216175881, 
    -0.101678496626264, 0.114186051183665, 0.0536649202013496, 
    0.00290461537673168, 0.238031508303309, -0.23220855273184, 
    -0.472311567154308, -0.0370957764954307, 0.212842629828227, 
    0.0817780411828128, 0.347018395759617, -354.300615192701, 
    -16.4929599238648, -11.1968465010423, 16.6584778329095, -6.97741503718759, 
    -61.7939946203938, 0.248531629634188, -0.151533571352603, 
    -0.100200763498442, 0.0973475522688325, 0.0447971833559725, 
    0.0447206131252954, 0.395649960766418, 0.258869772223492, 
    0.0257352191089876, -0.169557425135873, -0.358675791959279, 
    -0.306835572941023, -0.363932190423157, 0.00108700980533681, 
    -0.337122665934792, -0.168467981531532, 0.121908971529429, 
    -0.0418406293966793, -0.202601033870942, -0.106272453819409, 
    -0.117424190233289, -220.932703009897, -10.2044959173061, 
    -11.7299946118344, 25.1646453224406, 18.2124732291761, 1.91543832628261, 
    37.4218354829274, 0.0846448674343046, 0.433316970482804, 
    0.26258159501285, -0.120650161054361, 0.268181656700332, 
    -0.0797383722575875, 0.172870244755284, -0.370017580887464, 
    0.0781983948303436, -0.133104009220069, -0.0162081606859567, 
    0.213829105365458, 0.10106390455005, -0.104493179727258, 
    0.334353200815834, -0.430475175079642, 0.175686922240795, 
    -0.0671815088306806, -0.108523429463877, 0.00904158474869339
    ), .Dim = c(27L, 7L), .Dimnames = list(c("1", "2", "3", "4", 
    "5", "6", "7", "8", "9", "11", "12", "13", "14", "15", "18", 
    "19", "20", "21", "22", "23", "24", "25", "26", "27", "28", 
    "29", "30"), c("x1", "x2", "x3", "x4", "x5", "x6", "x7")), assign = 1:7), 
        qraux = c(1.19245008972988, 1.01612688313438, 1.2761336179975, 
        1.08835711112596, 1.14919751195942, 1.2424096082541, 
        1.20297804063239), pivot = 1:7, tol = 1e-07, rank = 7L), .Names = c("qr", 
    "qraux", "pivot", "tol", "rank"), class = "qr"), df.residual = 20L, 
    xlevels = structure(list(), .Names = character(0)), call = quote(lm(formula = y ~ 
        . + 0, data = structure(list(y = c(43, 63, 71, 61, 81, 
        43, 58, 71, 72, 64, 67, 69, 68, 77, 65, 65, 50, 50, 64, 
        53, 40, 63, 66, 78, 48, 85, 82), x1 = c(1, 1, 1, 1, 1, 
        1, 1, 1, 1, 1, 1, 1, 1, 1, 1, 1, 1, 1, 1, 1, 1, 1, 1, 
        1, 1, 1, 1), x2 = c(51, 64, 70, 63, 78, 55, 67, 75, 82, 
        53, 60, 62, 83, 77, 60, 70, 58, 40, 61, 66, 37, 54, 77, 
        75, 57, 85, 82), x3 = c(30, 51, 68, 45, 56, 49, 42, 50, 
        72, 53, 47, 57, 83, 54, 65, 46, 68, 33, 52, 52, 42, 42, 
        66, 58, 44, 71, 39), x4 = c(39, 54, 69, 47, 66, 44, 56, 
        55, 67, 58, 39, 42, 45, 72, 75, 57, 54, 34, 62, 50, 58, 
        48, 63, 74, 45, 71, 59), x5 = c(61, 63, 76, 54, 71, 54, 
        66, 70, 71, 58, 59, 55, 59, 79, 55, 75, 64, 43, 66, 63, 
        50, 66, 88, 80, 51, 77, 64),