
expected <- structure(list(coefficients = structure(c(9.49958466143361, 0.669344007134134, 
-0.0176406646066218, 0.235202743429153, 0.0391332302797436, 0.0117747210575988, 
-0.127306475188193), .Names = c("x1", "x2", "x3", "x4", "x5", 
"x6", "x7")), residuals = structure(c(-8.42179730877766, 1.86817650782316, 
0.169886532509659, 5.20143141731854, -10.5232364335582, -6.93998760563892, 
1.9670567200719, -6.17428377056481, 8.26105939027592, 7.71547203021989, 
11.0353546912413, 10.6896810943752, 3.61913494885337, -3.44851819756998, 
-7.18712002887424, -0.0469793160211334, -2.66502904254086, -4.07980879398376, 
4.11879299854167, -9.7069174537156, -2.79212860972901, 7.92415101119389, 
-6.41122853797043, 3.08824915477681, -8.10480371534883, 5.1307769046196, 
5.71261541247248), .Names = c("1", "3", "4", "5", "6", "7", "8", 
"9", "10", "11", "12", "13", "15", "16", "17", "18", "19", "20", 
"22", "23", "24", "25", "26", "27", "28", "29", "30")), effects = structure(c(-338.327257745121, 
-53.1510040063286, 2.38481266822958, -8.69855043732628, -0.829499312810364, 
1.82284843614976, 5.34787754146405, -3.68272319859529, 9.83810404027847, 
11.1875736618555, 14.7684658282041, 17.308579169494, 1.53198469662815, 
-1.01284609896551, -5.31414509647323, 0.956400551744247, -2.89939123388798, 
-3.06996638401063, 2.73875651993806, -7.65404469249867, -1.37933189722317, 
10.2927463924452, -4.49740385048767, 3.04789279774545, -6.25577078633696, 
7.11815959826784, 5.18278704018042), .Names = c("x1", "x2", "x3", 
"x4", "x5", "x6", "x7", "", "", "", "", "", "", "", "", "", "", 
"", "", "", "", "", "", "", "", "", "")), rank = 7L, fitted.values = structure(c(51.4217973087777, 
69.1318234921768, 60.8301134674903, 75.7985685826815, 53.5232364335582, 
64.9399876056389, 69.0329432799281, 78.1742837705648, 58.7389406097241, 
56.2845279697801, 55.9646453087587, 58.3103189056248, 73.3808650511466, 
84.44851819757, 81.1871200288742, 65.0469793160211, 67.6650290425409, 
54.0798087939838, 59.8812070014583, 62.7069174537156, 42.792128609729, 
55.0758489888061, 72.4112285379704, 74.9117508452232, 56.1048037153488, 
79.8692230953804, 76.2873845875275), .Names = c("1", "3", "4", 
"5", "6", "7", "8", "9", "10", "11", "12", "13", "15", "16", 
"17", "18", "19", "20", "22", "23", "24", "25", "26", "27", "28", 
"29", "30")), assign = 1:7, qr = structure(list(qr = structure(c(-5.19615242270663, 
0.192450089729875, 0.192450089729875, 0.192450089729875, 0.192450089729875, 
0.192450089729875, 0.192450089729875, 0.192450089729875, 0.192450089729875, 
0.192450089729875, 0.192450089729875, 0.192450089729875, 0.192450089729875, 
0.192450089729875, 0.192450089729875, 0.192450089729875, 0.192450089729875, 
0.192450089729875, 0.192450089729875, 0.192450089729875, 0.192450089729875, 
0.192450089729875, 0.192450089729875, 0.192450089729875, 0.192450089729875, 
0.192450089729875, 0.192450089729875, -348.527112500804, -64.4348651884355, 
-0.0229669383926948, 0.209826285526274, -0.147123324482811, 0.0391112546523634, 
0.16326764074248, 0.271904478571332, -0.0540060349152239, -0.17816242100534, 
-0.0695255831764885, -0.0384864866539594, 0.194306737265009, 
0.396060864661448, 0.318463123355125, -0.0695255831764885, 0.0856698994361571, 
-0.100564679699018, -0.0540060349152239, 0.0235917063910989, 
-0.426475193185573, -0.162642872744076, 0.194306737265009, 0.16326764074248, 
-0.116084227960282, 0.318463123355125, 0.271904478571332, -274.626278044532, 
-24.9910710853059, 49.1208079475144, 0.0332697122450195, -0.1175759361763, 
0.17798279240609, 0.117154307922394, -0.241440185980785, 0.0403824137808932, 
-0.224516643047355, -0.0130879396546342, -0.191158831431529, 
0.0612312441374779, 0.308470469495412, -0.0403131830102102, -0.37953142363057, 
0.134814139392708, -0.466114159169628, -0.102123385543082, -0.0383513316854092, 
-0.204649530739946, 0.0121754523761407, -0.183064411846479, -0.0457094627335769, 
0.00972274202675147, -0.182818982334185, 0.430372867975097, -299.837239799146, 
-35.2696104189331, 21.7298843053379, -39.9436645615164, -0.177617837000547, 
0.106779989075908, -0.100743421629851, -0.163450290946938, -0.103742940267717, 
0.137116691742865, -0.321904565512506, -0.400929011325126, 0.252106902281073, 
0.186143551267977, -0.0326140735118242, 0.335221351322635, 0.0498186683736243, 
-0.212714672469972, 0.17684128669816, -0.169819303439769, 0.434275378359838, 
0.0267153585700828, -0.135972710318455, 0.266418319331288, -0.103259952891661, 
-0.0774882175469095, 0.083863901372416, -341.406459180799, -33.9194097202031, 
10.8534948345161, -6.09508613613382, 36.0021506126074, -0.0695628717457221, 
-0.0269904980245857, 0.258323896605004, -0.0134030192056276, 
0.124544792448818, 0.0577472715425807, 0.292838251078639, -0.173085739565426, 
0.445432283286562, -0.00555906672223858, 0.438306537640187, -0.248625408909153, 
0.140950833621688, -0.0170379189003488, 0.0838027136617085, 0.0820694063042763, 
-0.220213486708983, -0.331927055773234, -0.176949199072772, 0.237411397649097, 
0.122601952847488, 0.114289035146602, -390.481232061917, -5.97042769591686, 
1.69755370724668, 2.26011109235466, 18.9717272921903, 48.0400371913597, 
0.323646588179304, -0.262616822006367, -0.0445100512644525, 0.0574977290392323, 
0.0142397001202486, 0.0467718823165919, 0.214952406176322, 0.275505987526269, 
0.0632733652196996, -0.44948658492757, 0.0863865198625524, -0.185964115172575, 
-0.0547762919689539, -0.108695068457711, 0.23437966344769, 0.193302576600981, 
0.340478187709449, 0.178954604361484, -0.327555880010766, 0.0514867096717799, 
0.0189678602166177, -219.585552381788, 6.04515144680443, 18.1005134833202, 
-7.13410123469502, 19.3373240167617, -9.87530600282794, -42.0078989191906, 
-0.107633611474039, 0.0308193538763349, -0.215826678629905, 0.0190621671583073, 
-0.123390457212248, 0.348487726185277, 0.147684569461553, -0.220410485902435, 
-0.0848149380932568, -0.0639134175215159, 0.584084799207871, 
0.403438943155319, 0.0432779008166573, 0.222848040785485, -0.254913350259501, 
-0.0934138119998949, -0.157689236033703, 0.0373897606689616, 
0.0468361828225987, 0.195553198475921), .Dim = c(27L, 7L), .Dimnames = list(
    c("1", "3", "4", "5", "6", "7", "8", "9", "10", "11", "12", 
    "13", "15", "16", "17", "18", "19", "20", "22", "23", "24", 
    "25", "26", "27", "28", "29", "30"), c("x1", "x2", "x3", 
    "x4", "x5", "x6", "x7")), assign = 1:7), qraux = c(1.19245008972988, 
1.08566989943616, 1.06589123532396, 1.06552080427392, 1.17955741520268, 
1.28817402091645, 1.16224657685337), pivot = 1:7, tol = 1e-07, 
    rank = 7L), .Names = c("qr", "qraux", "pivot", "tol", "rank"
), class = "qr"), df.residual = 20L, xlevels = structure(list(), .Names = character(0)), 
    call = quote(lm(formula = y ~ . + 0, data = structure(list(y = c(43, 
        71, 61, 81, 43, 58, 71, 72, 67, 64, 67, 69, 77, 81, 74, 
        65, 65, 50, 64, 53, 40, 63, 66, 78, 48, 85, 82), x1 = c(1, 
        1, 1, 1, 1, 1, 1, 1, 1, 1, 1, 1, 1, 1, 1, 1, 1, 1, 1, 
        1, 1, 1, 1, 1, 1, 1, 1), x2 = c(51, 70, 63, 78, 55, 67, 
        75, 82, 61, 53, 60, 62, 77, 90, 85, 60, 70, 58, 61, 66, 
        37, 54, 77, 75, 57, 85, 82), x3 = c(30, 68, 45, 56, 49, 
        42, 50, 72, 45, 53, 47, 57, 54, 50, 64, 65, 46, 68, 52, 
        52, 42, 42, 66, 58, 44, 71, 39), x4 = c(39, 69, 47, 66, 
        44, 56, 55, 67, 47, 58, 39, 42, 72, 72, 69, 75, 57, 54, 
        62, 50, 58, 48, 63, 74, 45, 71, 59), x5 = c(61, 76, 54, 
        71, 54, 66, 70, 71, 62, 58, 59, 55, 79, 60, 79, 55, 75, 
        64, 66, 63, 50, 66, 88, 80, 51, 77, 64), x6 = c(92, 86, 
        84, 83, 49, 68, 66, 83, 80, 67, 74, 63, 77, 54, 79, 80, 
        85, 78, 80, 80, 57, 75, 76, 78, 83, 74, 78), x7 = c(34, 
        49, 33, 33, 39, 41, 49, 35, 41, 35, 41, 35, 60, 34, 34, 
        33, 41, 72, 60, 41, 55, 36, 52, 41, 34, 46, 37)), .Names = c("y", 
        "x1", "x2", "x3", "x4", "x5", "x6", "x7"),