
expected <- structure(list(coefficients = structure(c(0.0132026199086918, 
0.557810639946869, -0.0646937411391189, 0.27869536097911, 0.153118220359935, 
0.178911136314539, -0.19184276038338), .Names = c("x1", "x2", 
"x3", "x4", "x5", "x6", "x7")), residuals = structure(c(1.85766739490658, 
-0.713595505021222, -0.916775919150966, -7.30898812293794, -7.82272540020458, 
2.39700645665605, -7.54460672255703, 6.837322134087, 7.33494135162897, 
11.2747789938601, 11.4907118959859, -1.59005705083662, 0.407465543889432, 
1.9997314003978, -2.68319296740742, 3.61856094671417, -4.84436486527747, 
-6.78044089992308, 8.63255981521312, -0.504151862989556, -11.280962974019, 
-2.55579918521974, 5.00850620503814, -3.5195766933353, 2.45564417161926, 
-8.86984285244826, 7.87700434426291), .Names = c("2", "3", "4", 
"6", "7", "8", "9", "10", "11", "12", "13", "14", "15", "16", 
"17", "18", "19", "20", "21", "22", "23", "24", "25", "26", "27", 
"28", "29")), effects = structure(c(-288.372490582029, 172.698313525039, 
3.8065402687676, 15.5792338444936, -8.44721691459318, 9.42325460645126, 
-7.43182551200862, 8.46225041508946, 7.03136767589476, 13.1278862070603, 
14.3963500721046, 0.50029732107495, -0.427356204734407, -3.60257781334047, 
-5.89108807150933, -2.62619205515713, -3.47317892175665, -6.30552935782992, 
9.36583363834309, -0.3467698397358, -9.99336982834784, -6.89840849765186, 
8.30211935131935, -4.42016166531655, 1.04411878332429, -8.51466292193742, 
5.1168684048112), .Names = c("x1", "x2", "x3", "x4", "x5", "x6", 
"x7", "", "", "", "", "", "", "", "", "", "", "", "", "", "", 
"", "", "", "", "", "")), rank = 7L, fitted.values = structure(c(61.1423326050934, 
71.7135955050212, 61.916775919151, 50.3089881229379, 65.8227254002046, 
68.602993543344, 79.544606722557, 60.162677865913, 56.665058648371, 
55.7252210061399, 57.5092881040141, 69.5900570508366, 76.5925344561106, 
79.0002685996022, 76.6831929674074, 61.3814390532858, 69.8443648652775, 
56.7804408999231, 41.3674401847869, 64.5041518629896, 64.280962974019, 
42.5557991852197, 57.9914937949619, 69.5195766933353, 75.5443558283807, 
56.8698428524483, 77.1229956557371), .Names = c("2", "3", "4", 
"6", "7", "8", "9", "10", "11", "12", "13", "14", "15", "16", 
"17", "18", "19", "20", "21", "22", "23", "24", "25", "26", "27", 
"28", "29")), assign = 1:7, qr = structure(list(qr = structure(c(-7.85135835571755, 
0.204085787568569, 0.0464916171320593, 0.23562595204158, 0.0226342948041389, 
0.12329431913644, 0.150513807665167, 0.0781201987764225, 0.195671496592315, 
0.195096898572871, 0.101601056097371, 0.235651892161087, 0.200478341589197, 
0.231306280069855, 0.342305012043678, -0.0780027191490729, 0.20596911457325, 
-0.0170030247305002, 0.103037032591977, 0.091885485000941, 0.324243299929209, 
0.154943097565559, 0.1558228602631, 0.204185734119766, 0.319386286634672, 
0.108443433274334, 0.355021707433445, -302.583068081327, 176.755443793086, 
-0.261767191348218, 0.168572794783014, -0.332971115290889, -0.173286407135082, 
-0.157469951779296, -0.186055961586651, 0.0985401263962333, 0.0577674974735107, 
-0.14390619668443, 0.0102146465464495, -0.0274539062493386, -0.0382358109947455, 
0.216046573395636, -0.498266508425949, 0.023328112221696, -0.362755350602248, 
-0.0165167754524616, -0.158029678336542, 0.286765870147222, 0.106137181173015, 
0.011750303833571, -0.0199056118305853, 0.225959125034652, -0.101687365076276, 
0.241937913480097, -242.441039282274, 149.038954273919, 49.8871985650397, 
-0.0850635579678598, 0.204251683161708, 0.186121426245501, -0.141180025814635, 
0.060598590187422, -0.203416967422094, 0.0256340753648561, -0.160238412085941, 
-0.33107137700068, 0.150694898629591, 0.438533995447223, 0.099752079465557, 
-0.383461422302715, 0.203146106550324, -0.463921847561878, -0.0210975449593879, 
-0.0772843924837527, 0.0415666744509356, -0.23899144564679, 0.0255900802833555, 
-0.0891923397705115, 0.0604268948230283, 0.0237868002004219, 
-0.0383162843836732, -251.417754050505, 154.310634082709, 15.7098995231512, 
51.802897739072, -0.0999278059669406, 0.0655535524975718, 0.065464959041275, 
0.0391560613042391, -0.187182428472508, 0.206868176893562, 0.234200356925465, 
0.586164140705323, -0.207657017940942, -0.10299504590362, 0.0140156137529652, 
-0.378966190376587, -0.0460786301891131, 0.0325515486237997, 
-0.00654975931729034, -0.198811793917722, 0.10103452387024, -0.431174908126181, 
-0.0665146059111275, 0.053001803813912, -0.228488182054669, 0.0324937131679109, 
0.0269189041728018, -292.092528441985, 167.150419508309, 12.8261382955491, 
24.8667162454929, -39.5073244621023, 0.100457459464952, -0.178142256538663, 
0.179203003636582, -0.0614014316911285, 0.148229327879496, 0.00461402984559047, 
-0.295229734399773, 0.0446836897983461, -0.572084143188723, -0.102308364111966, 
-0.321212929134438, 0.224331838261616, 0.148712852307505, 0.100257229042621, 
0.0646285832408979, -0.0294483427130887, -0.0452678087656792, 
0.310032522334488, 0.345073059791976, -0.00668289304437792, -0.0454620535328871, 
-0.206229848467584, -315.891060478233, 209.078221004007, 30.0526712445983, 
19.2510803794358, -38.4459902500017, 53.3973229733707, 0.0139953083693362, 
-0.19284097442254, -0.106443137639056, -0.233660200885284, 0.00821561212166813, 
-0.1508102334405, 0.178110687015342, 0.413801972774034, 0.0825403784314395, 
-0.0992932299420267, -0.117629631007783, -0.0566830982355033, 
-0.338841144438503, -0.10554445295432, -0.314901949044452, -0.100882214770218, 
-0.143443698142532, 0.291051337313671, 0.080817855199843, -0.44997877630082, 
0.146684582049634, -188.388049105885, 116.041495930933, 24.4211424077758, 
31.8478186621373, -23.3550126762048, 0.67826965484066, 38.7391502142527, 
-0.0458147911318454, 0.285281331500904, -0.188209259464288, 0.295630637878292, 
0.0946459431220818, 0.169427955784539, 0.0927014751655778, -0.341591663023994, 
-0.0913611944981809, -0.0361829655563707, -0.0233107914184832, 
-0.114037243313123, 0.205190252642605, 0.028487177282181, -0.127663993909002, 
0.212468281313063, -0.438405410711773, 0.127140446639075, -0.0812441837468831, 
-0.0925621584577418), .Dim = c(27L, 7L), .Dimnames = list(c("2", 
"3", "4", "6", "7", "8", "9", "10", "11", "12", "13", "14", "15", 
"16", "17", "18", "19", "20", "21", "22", "23", "24", "25", "26", 
"27", "28", "29"), c("x1", "x2", "x3", "x4", "x5", "x6", "x7"
)), assign = 1:7), qraux = c(1.01863675526643, 1.01949363648143, 
1.08611588921229, 1.07742620963957, 1.14419256295494, 1.25708287551296, 
1.5288303124448), pivot = 1:7, tol = 1e-07, rank = 7L), .Names = c("qr", 
"qraux", "pivot", "tol", "rank"), class = "qr"), df.residual = 20L, 
    xlevels = structure(list(), .Names = character(0)), call = quote(lm(formula = y ~ 
        . + 0, data = structure(list(y = c(63, 71, 61, 43, 58, 
        71, 72, 67, 64, 67, 69, 68, 77, 81, 74, 65, 65, 50, 50, 
        64, 53, 40, 63, 66, 78, 48, 85), x1 = c(0.146323844184553, 
        1.60235065350968, 0.365022346640615, 1.84998378738556, 
        0.17770995963625, 0.968027882764394, 1.18173784146277, 
        0.613349675413581, 1.53628703974583, 1.53177566478469, 
        0.797706300739824, 1.8501874525596, 1.57402730237674, 
        1.8160684947564, 2.68755931651313, -0.612427300759763, 
        1.61713732872443, -0.133496840290285, 0.80898066678936, 
        0.721425870431298, 2.54575034218463, 1.21651378373211, 
        1.2234211159385, 1.60313536969955, 2.50761619027073, 
        0.851428255961143, 2.78740264911869), x2 = c(64, 70, 
        63, 55, 67, 75, 82, 61, 53, 60, 62, 83, 77, 90, 85, 60, 
        70, 58, 40, 61, 66, 37, 54, 77, 75, 57, 85), x3 = c(51, 
        68, 45, 49, 42, 50, 72, 45, 53, 47, 57, 83, 54, 50, 64, 
        65, 46, 68, 33, 52, 52, 42, 42, 66, 58, 44, 71), x4 = c(54, 
        69, 47, 44, 56, 55, 67, 47, 58, 39, 42, 45, 72, 72, 69, 
        75, 57, 54, 34, 62, 50, 58, 48, 63, 74, 45, 71), x5 = c(63, 
        76, 54, 54, 66, 70, 71, 62, 58, 59, 55, 59, 79, 60, 79, 
        55, 75, 64, 43, 66, 63, 50, 66, 88, 80, 51, 77),