
expected <- structure(list(coefficients = structure(c(2.6069661229862, 0.648573740867761, 
0.0206585576439767, 0.305077332133028, 0.0823351692641128, 0.0696335101488858, 
-0.238319561711975), .Names = c("x1", "x2", "x3", "x4", "x5", 
"x6", "x7")), residuals = structure(c(-5.90634757151888, -0.330837268332677, 
0.310489165264256, 6.2118913267031, -9.80000677077508, -7.90338765619122, 
1.28767500136108, -9.50059395629257, 8.0996256473669, 7.18043670010505, 
12.4114056703719, 9.43990537825194, 0.11697150931762, -3.42845100142062, 
-2.74841550896413, 3.70296454112175, -2.49877434329183, -6.16354567205611, 
0.81388171763433, -10.9494785659752, -1.57454923766132, 6.21959074721663, 
-2.17857719967839, 2.75946692774557, -7.38356015626971, 6.18573554941474, 
5.62648502655284), .Names = c("1", "3", "4", "5", "6", "7", "8", 
"9", "10", "11", "12", "13", "15", "16", "17", "18", "19", "20", 
"22", "23", "24", "25", "26", "27", "28", "29", "30")), effects = structure(c(-338.327257745121, 
-53.1510040063286, 3.09391857237031, -8.75610183544757, -1.21859731039668, 
2.34020672561823, 9.17791051748589, -6.86072382635145, 9.68029980687215, 
8.90127172017818, 14.8866201912661, 14.8550102375912, 0.757409575409475, 
1.8698511825167, -3.54504923907836, 0.51737052073263, -2.23699747488396, 
-6.72483777590837, 0.896411909658529, -8.72069022934851, -2.176714571158, 
8.55045506830558, -4.08924602453288, 2.42270738372447, -6.00659647740989, 
6.69431283714264, 8.51983249999006), .Names = c("x1", "x2", "x3", 
"x4", "x5", "x6", "x7", "", "", "", "", "", "", "", "", "", "", 
"", "", "", "", "", "", "", "", "", "")), rank = 7L, fitted.values = structure(c(48.9063475715189, 
71.3308372683327, 60.6895108347357, 74.7881086732969, 52.8000067707751, 
65.9033876561912, 69.7123249986389, 81.5005939562926, 58.9003743526331, 
56.819563299895, 54.5885943296281, 59.5600946217481, 76.8830284906824, 
84.4284510014206, 76.7484155089641, 61.2970354588782, 67.4987743432918, 
56.1635456720561, 63.1861182823657, 63.9494785659752, 41.5745492376613, 
56.7804092527834, 68.1785771996784, 75.2405330722544, 55.3835601562697, 
78.8142644505853, 76.3735149734472), .Names = c("1", "3", "4", 
"5", "6", "7", "8", "9", "10", "11", "12", "13", "15", "16", 
"17", "18", "19", "20", "22", "23", "24", "25", "26", "27", "28", 
"29", "30")), assign = 1:7, qr = structure(list(qr = structure(c(-5.19615242270663, 
0.192450089729875, 0.192450089729875, 0.192450089729875, 0.192450089729875, 
0.192450089729875, 0.192450089729875, 0.192450089729875, 0.192450089729875, 
0.192450089729875, 0.192450089729875, 0.192450089729875, 0.192450089729875, 
0.192450089729875, 0.192450089729875, 0.192450089729875, 0.192450089729875, 
0.192450089729875, 0.192450089729875, 0.192450089729875, 0.192450089729875, 
0.192450089729875, 0.192450089729875, 0.192450089729875, 0.192450089729875, 
0.192450089729875, 0.192450089729875, -348.527112500804, -64.4348651884355, 
-0.0229669383926948, 0.209826285526274, -0.147123324482811, 0.0391112546523634, 
0.16326764074248, 0.271904478571332, -0.0540060349152239, -0.17816242100534, 
-0.0695255831764885, -0.0384864866539594, 0.194306737265009, 
0.396060864661448, 0.318463123355125, -0.0695255831764885, 0.0856698994361571, 
-0.100564679699018, -0.0540060349152239, 0.0235917063910989, 
-0.426475193185573, -0.162642872744076, 0.194306737265009, 0.16326764074248, 
-0.116084227960282, 0.318463123355125, 0.271904478571332, -278.860180018589, 
-10.191170024897, 59.901085578841, 0.0985779995140819, -0.323875017458398, 
0.0997688485499524, 0.0260554095442964, 0.128498033075858, -0.395854284978791, 
0.0952138606806418, 0.0474087898168438, 0.0289804300654298, -0.259479962465535, 
-0.0787689120590066, 0.201020623045644, -0.0861447163123649, 
0.0888204971889825, -0.151187297891706, 0.104971363005741, -0.241594925163513, 
-0.0745488383649168, -0.631850414639562, 0.0910979911236378, 
0.0427495978104474, -0.15866730628215, 0.15093805824719, 0.0116387152128006, 
-299.837239799146, -35.2696104189331, 0.36551485887991, -45.4703266913077, 
-0.133830831289116, 0.00399285328104046, -0.153315620656921, 
0.0162191187170563, -0.171743615817875, 0.265558405232945, -0.268295320539925, 
-0.236147254294299, 0.148280811896289, -0.0283575365994576, 0.0238770831840981, 
0.504207434051835, -0.0223555271421457, 0.0641828258661366, 0.230225734314586, 
-0.161505537740433, 0.490537498684221, -0.0745999848439988, 0.00080824860830839, 
0.266942101529187, -0.119236737320832, 0.0606534240340551, -0.176539370042732, 
-341.406459180799, -33.9194097202031, 0.444981279938851, -10.5374790715931, 
36.6041910215055, -0.0102444732359332, 0.00444238106954131, 0.111772639635965, 
0.0853200197273509, 0.0238129302648067, 0.00934933332271137, 
0.166063036962658, -0.0608017267741925, 0.597784836203941, -0.0716584456113174, 
0.331968266683739, -0.20657059992903, -0.0329407718535022, -0.0649608039673108, 
0.107058784477833, 0.0583596509179153, -0.0616491048855824, -0.434051473168984, 
-0.176503699772544, 0.264436994909625, 0.00479113506776603, 0.289804262495619, 
-390.481232061917, -5.97042769591686, -7.0368058669374, 1.11759515003672, 
19.1939683610309, 47.5035506395325, 0.297922164374882, -0.0829352179509064, 
-0.228312572694017, 0.187797858381558, 0.0677472427532946, 0.186127872160831, 
0.0481073688960937, 0.144250177443464, 0.169957088217827, -0.333690810731606, 
0.0507826005410669, -0.0457276388783699, 0.0168089558211144, 
-0.182410827555844, 0.259887115227572, -0.105654790033302, 0.440141109988562, 
0.185016388319893, -0.379053790116874, 0.20498994369202, -0.141538570739259, 
-225.743955253144, -11.8276201693348, -9.22416151220417, -24.7803710701911, 
23.3675864649497, 4.06023006670855, -38.5109407366987, -0.403828997862402, 
0.0507827632176512, -0.280296680767377, 0.145519073302788, -0.173515067759409, 
-0.123480361497616, 0.0661866509877363, 0.364943486156395, 0.246414723118322, 
-0.0708153526110102, 0.185421250027112, -0.226940417591228, -0.0664429198804287, 
0.111705983419037, -0.222918691711203, 0.52263734042382, -0.143247486044149, 
0.0240723956478644, 0.191533397986057, 0.0148530037908405), .Dim = c(27L, 
7L), .Dimnames = list(c("1", "3", "4", "5", "6", "7", "8", "9", 
"10", "11", "12", "13", "15", "16", "17", "18", "19", "20", "22", 
"23", "24", "25", "26", "27", "28", "29", "30"), c("x1", "x2", 
"x3", "x4", "x5", "x6", "x7")), assign = 1:7), qraux = c(1.19245008972988, 
1.08566989943616, 1.06984881498818, 1.05227362460121, 1.18802867143578, 
1.25250212579453, 1.04820271140679), pivot = 1:7, tol = 1e-07, 
    rank = 7L), .Names = c("qr", "qraux", "pivot", "tol", "rank"
), class = "qr"), df.residual = 20L, xlevels = structure(list(), .Names = character(0)), 
    call = quote(lm(formula = y ~ . + 0, data = structure(list(y = c(43, 
        71, 61, 81, 43, 58, 71, 72, 67, 64, 67, 69, 77, 81, 74, 
        65, 65, 50, 64, 53, 40, 63, 66, 78, 48, 85, 82), x1 = c(1, 
        1, 1, 1, 1, 1, 1, 1, 1, 1, 1, 1, 1, 1, 1, 1, 1, 1, 1, 
        1, 1, 1, 1, 1, 1, 1, 1), x2 = c(51, 70, 63, 78, 55, 67, 
        75, 82, 61, 53, 60, 62, 77, 90, 85, 60, 70, 58, 61, 66, 
        37, 54, 77, 75, 57, 85, 82), x3 = c(30, 71, 45, 50, 65, 
        45, 53, 50, 72, 39, 45, 47, 71, 66, 47, 53, 47, 56, 42, 
        65, 42, 83, 50, 52, 56, 50, 57), x4 = c(39, 69, 47, 66, 
        44, 56, 55, 67, 47, 58, 39, 42, 72, 72, 69, 75, 57, 54, 
        62, 50, 58, 48, 63, 74, 45, 71, 59), x5 = c(61, 76, 54, 
        71, 54, 66, 70, 71, 62, 58, 59, 55, 79, 60, 79, 55, 75, 
        64, 66, 63, 50, 66, 88, 80, 51, 77, 64), x6 = c(92, 86, 
        84, 83, 49, 68, 66, 83, 80, 67, 74, 63, 77, 54, 79, 80, 
        85, 78, 80, 80, 57, 75, 76, 78, 83, 74, 78), x7 = c(45, 
        48, 35, 47, 34, 35, 41, 31, 41, 34, 41, 25, 46, 36, 63, 
        60, 46, 52, 41, 37, 49, 33, 72, 49, 38, 55, 39)), .Names = c("y", 
        "x1", "x2", "x3", "x4", "x5", "x6", "x7"),