
expected <- structure(list(coefficients = structure(c(-5.41583615820324, 
0.666678289232099, -0.10596517806374, 0.478623987037242, -0.0130154447028729, 
0.2426076345493, -0.307500857155359), .Names = c("x1", "x2", 
"x3", "x4", "x5", "x6", "x7")), residuals = structure(c(-6.57708971389962, 
5.05257912001623, 0.269537091652499, -0.769821921753757, 4.72782252147285, 
-13.0972019644322, -7.26674664153458, 0.22673249420923, -3.12124881693041, 
7.86349397756311, 12.6960022957159, 8.01435004348011, -1.32656283873689, 
1.01874084741323, -1.7479251399288, -1.73318796756996, -5.93279134711252, 
6.54309864651497, -1.11548605758469, -10.731831787479, 1.26962582997316, 
4.03408570583602, 0.798808541286859, -0.612709241660552, -5.60893680749997, 
5.06770885443024, 2.05895427655858), .Names = c("1", "2", "3", 
"4", "5", "6", "7", "8", "9", "11", "12", "13", "14", "15", "18", 
"19", "20", "21", "22", "23", "24", "25", "26", "27", "28", "29", 
"30")), effects = structure(c(-330.436804066196, -51.0689079508119, 
2.68611967430661, 13.3743426997647, -4.06745681732396, -9.01112633609388, 
-10.8579647565441, 1.37440994481315, -7.32148913109622, 7.82207640933563, 
13.5622894404735, 11.0486344362991, -4.4244862322383, 1.47757785386307, 
-1.57212682053331, -0.0227427504848164, -4.21401202433618, 9.28825613642218, 
2.06918628326365, -9.01727982367613, -4.58426420725619, 11.2425730772188, 
-0.111396555992562, 4.12543225348176, -8.03463359758725, 5.07587898661314, 
2.33548264255618), .Names = c("x1", "x2", "x3", "x4", "x5", "x6", 
"x7", "", "", "", "", "", "", "", "", "", "", "", "", "", "", 
"", "", "", "", "", "")), rank = 7L, fitted.values = structure(c(49.5770897138996, 
57.9474208799838, 70.7304629083475, 61.7698219217538, 76.2721774785272, 
56.0972019644322, 65.2667466415346, 70.7732675057908, 75.1212488169304, 
56.1365060224369, 54.3039977042841, 60.9856499565199, 69.3265628387369, 
75.9812591525868, 66.7479251399288, 66.73318796757, 55.9327913471125, 
43.456901353485, 65.1154860575847, 63.731831787479, 38.7303741700268, 
58.965914294164, 65.2011914587131, 78.6127092416606, 53.6089368075, 
79.9322911455698, 79.9410457234414), .Names = c("1", "2", "3", 
"4", "5", "6", "7", "8", "9", "11", "12", "13", "14", "15", "18", 
"19", "20", "21", "22", "23", "24", "25", "26", "27", "28", "29", 
"30")), assign = 1:7, qr = structure(list(qr = structure(c(-5.19615242270663, 
0.192450089729875, 0.192450089729875, 0.192450089729875, 0.192450089729875, 
0.192450089729875, 0.192450089729875, 0.192450089729875, 0.192450089729875, 
0.192450089729875, 0.192450089729875, 0.192450089729875, 0.192450089729875, 
0.192450089729875, 0.192450089729875, 0.192450089729875, 0.192450089729875, 
0.192450089729875, 0.192450089729875, 0.192450089729875, 0.192450089729875, 
0.192450089729875, 0.192450089729875, 0.192450089729875, 0.192450089729875, 
0.192450089729875, 0.192450089729875, -339.09705810404, -64.6156729066964, 
0.108983611697181, 0.000650761707243416, 0.232792583114252, -0.123158209709828, 
0.062555247415779, 0.18636421883285, 0.294697068822788, -0.154110452564096, 
-0.0457776025741583, -0.0148253597198905, 0.310173190249921, 
0.217316461687118, -0.0457776025741583, 0.108983611697181, -0.0767298454284261, 
-0.355300031116836, -0.0303014811470244, 0.0470791259886451, 
-0.401728395398238, -0.138634331136962, 0.217316461687118, 0.18636421883285, 
-0.09220596685556, 0.341125433104189, 0.294697068822788, -276.165878762371, 
-38.1635422496297, -51.8743814456437, -0.0855473432092191, -0.04856337822439, 
0.0849309466482844, -0.190063826433519, -0.12921405674444, 0.213189566166732, 
0.185382533999306, -0.011979315364881, 0.157451833421777, 0.413569170333353, 
-0.0754469377310734, 0.335012773954993, -0.147967824504566, 0.416187023010466, 
-0.0484397098142874, 0.0727362590284481, 0.0143806736063798, 
0.160069686098891, -0.0383393043361418, 0.155881121815509, 0.0250046496199481, 
-0.0347979789982857, 0.158898876617943, -0.42296259758637, -289.252484864003, 
-31.3907329613699, -13.3466992843226, 48.2336760195802, -0.136472883490647, 
0.140388076539147, -0.101260795485054, 0.0269506847315662, -0.00615291317959386, 
-0.128078914877611, 0.254458693873492, 0.284006477751736, 0.544488861880237, 
-0.282411587864147, -0.345938555488481, -0.0735791413930778, 
0.103119148399489, 0.13807943157391, -0.176514074493189, 0.0989021682106239, 
-0.302490055363458, -0.0046328365620625, 0.00149287179026787, 
-0.302089745621851, 0.0897596230145777, -0.0812154818399324, 
-0.107903985368068, -334.478255950523, -38.7894653829049, 0.555667010559441, 
19.0140992758694, 32.1220941799484, 0.0644213454757995, 0.0522421677534954, 
-0.0210833672358523, 0.163670913661582, 0.140162659569243, -0.111606539492539, 
0.0561403290095904, 0.14546592893897, -0.00441921145649144, 0.56382389376036, 
-0.188644216175881, -0.101678496626264, 0.114186051183665, 0.0536649202013496, 
0.00290461537673168, 0.238031508303309, -0.23220855273184, -0.472311567154308, 
-0.0370957764954307, 0.212842629828227, 0.0817780411828128, 0.347018395759617, 
-394.137783766785, -2.69341831800379, -0.0925738039413488, -7.11364531060367, 
8.04169932958087, -53.0365106087308, -0.224337308832881, 0.0391326400432584, 
-0.480011178543585, -0.283031214320713, 0.00873643767614877, 
0.0039168162369362, -0.0797670828130245, -0.0825704366179219, 
0.317143563082858, -0.00164756866449221, 0.111669565444732, 0.0307157171556233, 
0.0542725278459776, 0.0125535902390761, -0.565080643674484, 0.140503043669577, 
0.0767600319277962, 0.246745321491487, -0.193199572838606, 0.182243731750049, 
0.163132427430472, -220.932703009897, -10.2044959173061, -11.7299946118344, 
25.1646453224406, 18.2124732291761, -12.5395944684831, 35.3103560653112, 
0.0831037870631366, 0.325218562008197, 0.216435076615522, -0.120709280590326, 
0.290130271722925, -0.0615249208650142, 0.190458746829927, -0.308044884134796, 
0.0638429206934336, -0.151811296860049, -0.0429818009365095, 
0.20058158691088, 0.110443709046584, -0.292554931279034, 0.37186372343506, 
-0.423165511421094, 0.24483393709737, -0.142946037241197, -0.0799729277337749, 
0.0385006226531968), .Dim = c(27L, 7L), .Dimnames = list(c("1", 
"2", "3", "4", "5", "6", "7", "8", "9", "11", "12", "13", "14", 
"15", "18", "19", "20", "21", "22", "23", "24", "25", "26", "27", 
"28", "29", "30"), c("x1", "x2", "x3", "x4", "x5", "x6", "x7"
)), assign = 1:7), qraux = c(1.19245008972988, 1.01612688313438, 
1.2761336179975, 1.08835711112596, 1.14919751195942, 1.06533482396556, 
1.18490167595746), pivot = 1:7, tol = 1e-07, rank = 7L), .Names = c("qr", 
"qraux", "pivot", "tol", "rank"), class = "qr"), df.residual = 20L, 
    xlevels = structure(list(), .Names = character(0)), call = quote(lm(formula = y ~ 
        . + 0, data = structure(list(y = c(43, 63, 71, 61, 81, 
        43, 58, 71, 72, 64, 67, 69, 68, 77, 65, 65, 50, 50, 64, 
        53, 40, 63, 66, 78, 48, 85, 82), x1 = c(1, 1, 1, 1, 1, 
        1, 1, 1, 1, 1, 1, 1, 1, 1, 1, 1, 1, 1, 1, 1, 1, 1, 1, 
        1, 1, 1, 1), x2 = c(51, 64, 70, 63, 78, 55, 67, 75, 82, 
        53, 60, 62, 83, 77, 60, 70, 58, 40, 61, 66, 37, 54, 77, 
        75, 57, 85, 82), x3 = c(30, 51, 68, 45, 56, 49, 42, 50, 
        72, 53, 47, 57, 83, 54, 65, 46, 68, 33, 52, 52, 42, 42, 
        66, 58, 44, 71, 39), x4 = c(39, 54, 69, 47, 66, 44, 56, 
        55, 67, 58, 39, 42, 45, 72, 75, 57, 54, 34, 62, 50, 58, 
        48, 63, 74, 45, 71, 59), x5 = c(61, 63, 76, 54, 71, 54, 
        66, 70, 71, 58, 59, 55, 59, 79, 55, 75, 64, 43, 66, 63, 
        50, 66, 88, 80, 51, 77, 64), x6 = c(83, 64, 80, 78, 80, 
        83, 63, 77, 49, 63, 80, 80, 75, 68, 92, 75, 86, 83, 79, 
        78, 49, 86, 80, 86, 68, 83, 80), x7 = c(45, 47, 48, 35, 
        47, 34, 35, 41, 31, 34, 41, 25, 35, 46, 60, 46, 52, 33, 
        41, 37, 49, 33, 72, 49, 38, 55, 39)), .Names = c("y", 
        "x1", "x2", "x3", "x4", "x5", "x6", "x7"),