
expected <- structure(list(coefficients = structure(c(2.76372231294763, 0.650233543305716, 
0.185036203981823, 0.282013034554358, -0.0149079151026128, 0.0299846565633697, 
-0.177376950575816), .Names = c("x1", "x2", "x3", "x4", "x5", 
"x6", "x7")), residuals = structure(c(-6.11801335500013, -1.36265460588353, 
-1.5128720724472, 0.369868393908798, 7.48502400402602, -8.67473988304021, 
-6.74046119609437, -0.251996890721002, -8.53120784083703, -0.0543576370111721, 
12.3853935528261, 7.82069367530694, -6.63670627145839, -1.3207866339874, 
3.91865538196454, -1.87788596174026, -3.97326163744785, 7.14718048322483, 
2.17330768110824, -7.22750072059727, -5.81340593316045, 10.6244670940015, 
-2.41620585979455, 3.89328775749118, -5.05680565841968, 6.00639560453399, 
5.74458852924839), .Names = c("1", "2", "3", "4", "5", "6", "7", 
"8", "9", "11", "12", "13", "14", "15", "18", "19", "20", "21", 
"22", "23", "24", "25", "26", "27", "28", "29", "30")), effects = structure(c(-330.436804066196, 
-51.0689079508119, -14.5937370722787, 8.54701633338452, -3.34497877172778, 
0.592640661708538, -6.6530753038667, 2.70416675046493, -7.41253518335541, 
0.844444449967555, 13.7992705427084, 10.1177561492131, -7.68957414194586, 
1.2429892150979, -0.67401598119141, 0.570644946696237, -3.08287418239803, 
7.37174382420798, 3.52523086886898, -5.77953435888677, -5.68079645512353, 
15.1263146366119, 1.46221918959708, 6.81499467068962, -6.63791820700826, 
7.10879358309288, 5.05028440505816), .Names = c("x1", "x2", "x3", 
"x4", "x5", "x6", "x7", "", "", "", "", "", "", "", "", "", "", 
"", "", "", "", "", "", "", "", "", "")), rank = 7L, fitted.values = structure(c(49.1180133550001, 
64.3626546058835, 72.5128720724472, 60.6301316060912, 73.514975995974, 
51.6747398830402, 64.7404611960944, 71.251996890721, 80.531207840837, 
64.0543576370112, 54.6146064471739, 61.1793063246931, 74.6367062714584, 
78.3207866339874, 61.0813446180355, 66.8778859617403, 53.9732616374478, 
42.8528195167752, 61.8266923188918, 60.2275007205973, 45.8134059331604, 
52.3755329059985, 68.4162058597945, 74.1067122425088, 53.0568056584197, 
78.993604395466, 76.2554114707516), .Names = c("1", "2", "3", 
"4", "5", "6", "7", "8", "9", "11", "12", "13", "14", "15", "18", 
"19", "20", "21", "22", "23", "24", "25", "26", "27", "28", "29", 
"30")), assign = 1:7, qr = structure(list(qr = structure(c(-5.19615242270663, 
0.192450089729875, 0.192450089729875, 0.192450089729875, 0.192450089729875, 
0.192450089729875, 0.192450089729875, 0.192450089729875, 0.192450089729875, 
0.192450089729875, 0.192450089729875, 0.192450089729875, 0.192450089729875, 
0.192450089729875, 0.192450089729875, 0.192450089729875, 0.192450089729875, 
0.192450089729875, 0.192450089729875, 0.192450089729875, 0.192450089729875, 
0.192450089729875, 0.192450089729875, 0.192450089729875, 0.192450089729875, 
0.192450089729875, 0.192450089729875, -339.09705810404, -64.6156729066964, 
0.108983611697181, 0.000650761707243416, 0.232792583114252, -0.123158209709828, 
0.062555247415779, 0.18636421883285, 0.294697068822788, -0.154110452564096, 
-0.0457776025741583, -0.0148253597198905, 0.310173190249921, 
0.217316461687118, -0.0457776025741583, 0.108983611697181, -0.0767298454284261, 
-0.355300031116836, -0.0303014811470244, 0.0470791259886451, 
-0.401728395398238, -0.138634331136962, 0.217316461687118, 0.18636421883285, 
-0.09220596685556, 0.341125433104189, 0.294697068822788, -251.147367097487, 
-11.0602681132584, -61.9327899360496, -0.0615639378675762, -0.145992105357333, 
-0.18553598824056, -0.120676929982652, 0.0678812629511678, -0.059786276710528, 
0.635200754187218, -0.0737420685220009, 0.0743133274627601, -0.0341981856387744, 
0.19979012329572, -0.122181675442628, -0.0116195854869731, -0.205650928866553, 
0.17338328513275, -0.0804470487306653, -0.307730377456495, 0.306523975240206, 
-0.227270614952522, -0.0262613756672059, -0.0451444865302951, 
-0.247385555578515, -0.0799012173365212, -0.108225883631155, 
-289.252484864003, -31.3907329613699, -13.5277302708413, 48.1832169730014, 
-0.181219312287235, 0.0220949323485157, -0.0751025419236288, 
0.111640229280728, -0.122576545997566, 0.0767657855370218, 0.22691032938445, 
0.251113245521542, 0.355661916072609, -0.161909352242388, -0.541822476849709, 
-0.0165230338783979, -0.163671751740253, 0.235882098511185, -0.243176149647445, 
-0.0441747516948381, -0.233626842200841, -0.0897643647340492, 
-0.075850855647714, -0.333052212178927, -0.00572756087214126, 
-0.183818543339869, 0.0218716839090256, -334.478255950523, -38.7894653829049, 
-5.96848260741155, 17.2044046251517, 32.5892520390359, 0.07809373889563, 
0.0174506714624199, -0.0339103614583701, 0.186781099329567, 0.171372891432761, 
-0.097784785784873, 0.0952421633218812, 0.229473946401358, -0.0261445472056406, 
0.574135571036315, -0.209878005983346, -0.0458085819315522, 0.119582487387848, 
0.0491378951044452, 0.00247575061745492, 0.24482917536111, -0.240287224350556, 
-0.446081740860885, -0.053293433370897, 0.204143612043222, 0.0938689745271891, 
0.277925529022245, -390.673682151647, -18.1024765522868, 8.71727095463334, 
5.56919123098096, 7.30845313655128, 43.2429673546472, 0.249782274214538, 
0.333284975412627, -0.0488807450716216, 0.162838580489822, 0.0921085371872234, 
0.328880303045013, 0.0930372133796044, 0.0798196248336027, -0.12603928348253, 
-0.107903868110617, -0.0138089682830067, 0.196780402632497, -0.0621795497480062, 
-0.0231974465676905, 0.321512859453977, 0.0600078227233478, 0.158991135403903, 
0.0583645130092001, -0.15876895246425, 0.183728601021149, 0.0597994064124642, 
-220.932703009897, -10.2044959173061, -1.86442226559643, 27.9167466040073, 
17.3544669495567, 3.96886326501968, 37.508116371766, 0.00582872014389851, 
0.437485671618875, 0.0794054122021237, -0.132823924573751, 0.171336821079637, 
-0.114509114767277, 0.165884063980692, -0.297321106323192, 0.0938791742850628, 
-0.128424894744743, -0.139632837394241, 0.223426314364144, 0.178870957300904, 
-0.242884524912919, 0.378724453739272, -0.423034879125173, 0.209947337851547, 
-0.0118254556885937, -0.117469697061817, 0.0322782336211231), .Dim = c(27L, 
7L), .Dimnames = list(c("1", "2", "3", "4", "5", "6", "7", "8", 
"9", "11", "12", "13", "14", "15", "18", "19", "20", "21", "22", 
"23", "24", "25", "26", "27", "28", "29", "30"), c("x1", "x2", 
"x3", "x4", "x5", "x6", "x7")), assign = 1:7), qraux = c(1.19245008972988, 
1.01612688313438, 1.21443191347595, 1.09704166471475, 1.12837384799169, 
1.63000658476193, 1.24306134858945), pivot = 1:7, tol = 1e-07, 
    rank = 7L), .Names = c("qr", "qraux", "pivot", "tol", "rank"
), class = "qr"), df.residual = 20L, xlevels = structure(list(), .Names = character(0)), 
    call = quote(lm(formula = y ~ . + 0, data = structure(list(y = c(43, 
        63, 71, 61, 81, 43, 58, 71, 72, 64, 67, 69, 68, 77, 65, 
        65, 50, 50, 64, 53, 40, 63, 66, 78, 48, 85, 82), x1 = c(1, 
        1, 1, 1, 1, 1, 1, 1, 1, 1, 1, 1, 1, 1, 1, 1, 1, 1, 1, 
        1, 1, 1, 1, 1, 1, 1, 1), x2 = c(51, 64, 70, 63, 78, 55, 
        67, 75, 82, 53, 60, 62, 83, 77, 60, 70, 58, 40, 61, 66, 
        37, 54, 77, 75, 57, 85, 82), x3 = c(45, 64, 64, 44, 45, 
        33, 42, 57, 52, 83, 42, 52, 54, 66, 39, 50, 33, 49, 42, 
        30, 56, 30, 52, 50, 30, 52, 49), x4 = c(39, 54, 69, 47, 
        66, 44, 56, 55, 67, 58, 39, 42, 45, 72, 75, 57, 54, 34, 
        62, 50, 58, 48, 63, 74, 45, 71, 59), x5 = c(61, 63, 76, 
        54, 71, 54, 66, 70, 71, 58, 59, 55, 59, 79, 55, 75, 64, 
        43, 66, 63, 50, 66, 88, 80, 51, 77, 64), x6 = c(92, 73, 
        86, 84, 83, 49, 68, 66, 83, 67, 74, 63, 77, 77, 80, 85, 
        78, 64, 80, 80, 57, 75, 76, 78, 83, 74, 78), x7 = c(45, 
        47, 48, 35, 47, 34, 35, 41, 31, 34, 41, 25, 35, 46, 60, 
        46, 52, 33, 41, 37, 49, 33, 72, 49, 38, 55, 39)), .Names = c("y", 
        "x1", "x2", "x3", "x4", "x5", "x6", "x7"),