
expected <- structure(list(coefficients = structure(c(1.58545106029825, 0.301384762309539, 
0.132854735074701, 0.150087266012561, -0.159683183756287, 0.380308295741122, 
0.196732127091842), .Names = c("x1", "x2", "x3", "x4", "x5", 
"x6", "x7")), residuals = structure(c(-23.2419281264683, -1.48998143068653, 
1.45755719890412, 0.594326203201492, 20.7178027003882, -20.1611283363066, 
-3.60631000500444, -5.7454277648875, -3.45823063693668, 3.00295671545108, 
-8.20229471407916, -0.850145671177638, 4.04238158372751, 11.4564425045413, 
20.3928562815616, 23.6971449260937, -4.53863059875663, -17.1359316767641, 
-1.32908173981767, -2.92088132598054, -7.95415549919906, -19.1271142187802, 
-4.02377080616472, 14.9468811418919, -6.61285849786401, 18.6796711759355, 
21.1275129916509), .Names = c("1", "2", "3", "4", "5", "6", "7", 
"9", "10", "11", "12", "13", "14", "15", "16", "17", "18", "20", 
"21", "22", "23", "24", "25", "27", "28", "29", "30")), effects = structure(c(-188.717783731074, 
-271.137516074757, 32.0316219017179, -26.5554669709207, -1.87198390760766, 
-24.1139281514147, -8.94244220424391, -4.28970489752361, -3.21847093356657, 
11.6272301389402, -13.3159297743237, 1.88200976623185, 11.5258046174958, 
14.143999951405, 30.1654192724376, 24.1561613135756, 12.245821403043, 
-14.2594039280802, -3.54724197117943, 7.800832018815, -12.1452975482222, 
-5.67230362405957, -1.27495308059517, 14.2438042358635, 4.6583446325167, 
24.2781007872463, 29.6588751150462), .Names = c("x1", "x2", "x3", 
"x4", "x5", "x6", "x7", "", "", "", "", "", "", "", "", "", "", 
"", "", "", "", "", "", "", "", "", "")), rank = 7L, fitted.values = structure(c(66.2419281264683, 
64.4899814306865, 69.5424428010959, 60.4056737967985, 60.2821972996118, 
63.1611283363066, 61.6063100050044, 77.7454277648875, 70.4582306369367, 
60.9970432845489, 75.2022947140792, 69.8501456711776, 63.9576184162725, 
65.5435574954587, 60.6071437184384, 50.3028550739063, 69.5386305987566, 
67.135931676764, 51.3290817398177, 66.9208813259805, 60.9541554991991, 
59.1271142187802, 67.0237708061647, 63.0531188581081, 54.612858497864, 
66.3203288240645, 60.8724870083491), .Names = c("1", "2", "3", 
"4", "5", "6", "7", "9", "10", "11", "12", "13", "14", "15", 
"16", "17", "18", "20", "21", "22", "23", "24", "25", "27", "28", 
"29", "30")), assign = 1:7, qr = structure(list(qr = structure(c(-6.50025585176899, 
-0.0905280823436944, 0.13276682100208, 0.0466153622016853, 0.0116278255346112, 
-0.106786532735552, 0.133021061444516, 0.207508936290854, -0.0078050389059899, 
0.0723458049516663, 0.113461641204661, 0.16817875430511, 0.250384281435458, 
-0.0354155832905902, 0.114817021595985, 0.281595370135265, 0.622616256096093, 
-0.0988560747775599, -0.00822813355470408, 0.293251064226277, 
0.01719161211735, 0.240013919874964, 0.103776773162221, -0.181581763815611, 
0.154119099118167, 0.22712696523984, 0.0486922886994831, -195.452149128753, 
-291.400853466409, 0.171588562633653, 0.136461321148668, 0.282077095598057, 
0.283929428094402, 0.0649956145349396, 0.11320144487856, 0.263832927792177, 
0.125474901949634, 0.197850873742257, 0.11827764330741, -0.00118960679416547, 
0.310691358723445, 0.104073974251851, -0.047594330352216, -0.302197348508313, 
0.294528682065617, 0.22643417884455, -0.0366445009649022, 0.225999832410978, 
0.0176827623966888, 0.154385693869664, 0.332065380825088, 0.0715674293581322, 
0.0798169799756771, 0.13474350599237, -177.4560755333, -230.609580794548, 
78.5465626369637, -0.283583553361379, 0.248899129986707, -0.011994335671832, 
-0.32582553288042, -0.0776840786263277, 0.22312495231426, 0.137870848794968, 
-0.0255023143522423, 0.265337955381893, -0.253274497879279, -0.0411034261451095, 
0.0956097131274128, -0.0173456539065721, -0.380759983597155, 
-0.0114917251361924, 0.0175587160537268, -0.478031055801198, 
0.10164641320412, -0.0412417066505012, -0.335300774583829, -0.0398439162173582, 
0.0115897163613089, 0.0437766082180695, -0.13121125532693, -142.298483146487, 
-229.702332216997, 19.3860945058695, -69.0952936754087, -0.242262843423973, 
0.12001488565824, -0.0405182991228136, -0.10049322428857, 0.102001621351539, 
0.235208470936269, 0.0722396832661469, 0.348433032783699, 0.258679800270836, 
-0.446606253414058, 0.0871278997114266, 0.277735305290796, 0.0625299168529145, 
0.0210448489322304, -0.0628568850161593, -0.228055806812048, 
0.118312741561993, -0.16362172326857, -0.371475798921166, 0.105438327523757, 
-0.00477433780745148, -0.150536737631124, -0.00658631436177881, 
-180.398923454689, -252.849783498527, 32.5097922936909, -37.5435694271568, 
52.8186444432882, 0.321006730614091, 0.264356050503402, 0.420404044358403, 
-0.0969076427607213, 0.0291732854981018, 0.191645423095151, 0.0699972480814447, 
-0.152884500878467, -0.178764407306183, -0.0642082454842626, 
0.0567068414341155, 0.0622810076010604, 0.202086665475869, -0.271653774430067, 
-0.0817055343092003, 0.120271305428253, -0.205597702917373, 0.148892231771195, 
0.0574397392617379, -0.457357936707756, 0.139885069917984, 0.0146857914530948, 
-212.804397786856, -320.846428541042, 61.6106697069163, -46.7426018669448, 
14.4557202168405, -60.8288112411997, 0.193920808461549, 0.155135937680204, 
-0.0227298065910434, 0.401565689411018, -0.222920228028354, 0.10161224695774, 
-0.0242657720695774, -0.0762327763896351, 0.323193266142702, 
-0.163620547131256, 0.231274171629527, 0.343463668015084, -0.335788279958773, 
0.0614690595150071, -0.11952148076355, 0.226305619602039, 0.0207871138435156, 
0.149526249112941, 0.0341265032378484, 0.13771852350774, 0.329119438846555, 
-114.104256492346, -185.816469648996, 2.27187880353456, -22.3838411911636, 
5.41159746071257, -4.9825446957018, -45.4549154550097, -0.106619402246075, 
0.548567002478846, 0.113246926997652, -0.0680138434793066, 0.0313870032185891, 
-0.463354436414213, -0.338164380318307, 0.0840415801274318, 0.00569283115520686, 
-0.0890227050115416, -0.140718541546604, -0.0609273044910852, 
0.0714417099238608, -0.129047731551402, -0.130870035483514, -0.158967947686862, 
0.366146296495641, -0.0139575007553469, -0.282067145334535, 0.119357404516119
), .Dim = c(27L, 7L), .Dimnames = list(c("1", "2", "3", "4", 
"5", "6", "7", "9", "10", "11", "12", "13", "14", "15", "16", 
"17", "18", "20", "21", "22", "23", "24", "25", "27", "28", "29", 
"30"), c("x1", "x2", "x3", "x4", "x5", "x6", "x7")), assign = 1:7), 
    qraux = c(1.18436944486133, 1.28420894368854, 1.10447496646502, 
    1.31430904932732, 1.31534008886404, 1.27236724920841, 1.09727740479442
    ), pivot = 1:7, tol = 1e-07, rank = 7L), .Names = c("qr", 
"qraux", "pivot", "tol", "rank"), class = "qr"), df.residual = 20L, 
    xlevels = structure(list(), .Names = character(0)), call = quote(lm(formula = y ~ 
        . + 0, data = structure(list(y = c(43, 63, 71, 61, 81, 
        43, 58, 72, 67, 64, 67, 69, 68, 77, 81, 74, 65, 50, 50, 
        64, 53, 40, 63, 78, 48, 85, 82), x1 = c(1.19844856284726, 
        -0.588455697004025, 0.863018305139535, 0.303011780933836, 
        0.0755838409747057, -0.694139784304391, 0.864670933063239, 
        1.34886117741898, -0.0507347498219455, 0.470266241988007, 
        0.737529697191911, 1.09320493181501, 1.62756189059181, 
        -0.230210352528471, 0.746340016511991, 1.83044195255281, 
        4.04716496209513, -0.642589778555747, -0.053484973288102, 
        1.90620694627434, 0.111749877267147, 1.56015188717325, 
        0.674575577025432, -1.18032792281696, 1.00181357591223, 
        1.4763833848948, 0.31651233455484), x2 = c(90, 61, 82, 
        51, 85, 57, 51, 83, 75, 54, 85, 75, 60, 82, 58, 54, 62, 
        62, 64, 60, 70, 63, 70, 53, 58, 78, 51), x3 = c(42, 64, 
        58, 64, 51, 50, 66, 72, 45, 33, 71, 39, 66, 72, 39, 42, 
        72, 54, 52, 83, 50, 52, 83, 50, 45, 58, 52), x4 = c(54, 
        63, 48, 71, 45, 59, 45, 57, 62, 54, 72, 72, 67, 39, 47, 
        55, 47, 56, 48, 39, 62, 34, 39, 58, 42, 45, 44),