
expected <- structure(list(coefficients = structure(c(3.7950098026154, 0.64942647556187, 
-0.00959456288929021, 0.311358191754428, 0.089963065702872, 0.0662272916787061, 
-0.243777397098495), .Names = c("x1", "x2", "x3", "x4", "x5", 
"x6", "x7")), residuals = structure(c(-6.38156762089868, 0.0824269364106065, 
0.200153404027625, 6.11067475895945, -9.55780415300075, -8.24848003425274, 
1.17948955925793, -9.54531468238974, 8.50687537883419, 6.86846885208997, 
12.3336094613909, 9.38454168159813, 0.306644785566937, -3.37952566231468, 
-2.84698564745484, 3.89167574784938, -2.72371958291603, -5.86959777027241, 
0.543812179931311, -10.6722422881103, -1.80760933181483, 6.73378384613906, 
-2.181224709058, 2.59630143865289, -7.22271724189878, 6.15830332227265, 
5.54002737140071), .Names = c("1", "3", "4", "5", "6", "7", "8", 
"9", "10", "11", "12", "13", "15", "16", "17", "18", "19", "20", 
"22", "23", "24", "25", "26", "27", "28", "29", "30")), effects = structure(c(-338.327257745121, 
-53.1510040063286, 2.38481266822958, -8.69855043732628, -0.829499312810364, 
1.82284843614976, 9.52975315705864, -5.81127232050352, 9.82142116527864, 
9.8727617661117, 15.4220488234836, 16.291134973247, 0.402295283785178, 
-0.429482986834647, -3.0897889528437, 2.0824526279601, -3.02025383228397, 
-3.46154504935437, 1.08608769339789, -8.27840040537547, -1.21022366598563, 
9.00525521380901, -1.95846094268152, 2.51087418827583, -6.22961670360811, 
7.94151991051907, 5.5582714661711), .Names = c("x1", "x2", "x3", 
"x4", "x5", "x6", "x7", "", "", "", "", "", "", "", "", "", "", 
"", "", "", "", "", "", "", "", "", "")), rank = 7L, fitted.values = structure(c(49.3815676208987, 
70.9175730635894, 60.7998465959724, 74.8893252410406, 52.5578041530007, 
66.2484800342527, 69.8205104407421, 81.5453146823897, 58.4931246211658, 
57.13153114791, 54.6663905386091, 59.6154583184019, 76.6933552144331, 
84.3795256623147, 76.8469856474548, 61.1083242521506, 67.723719582916, 
55.8695977702724, 63.4561878200687, 63.6722422881103, 41.8076093318148, 
56.2662161538609, 68.181224709058, 75.4036985613471, 55.2227172418988, 
78.8416966777274, 76.4599726285993), .Names = c("1", "3", "4", 
"5", "6", "7", "8", "9", "10", "11", "12", "13", "15", "16", 
"17", "18", "19", "20", "22", "23", "24", "25", "26", "27", "28", 
"29", "30")), assign = 1:7, qr = structure(list(qr = structure(c(-5.19615242270663, 
0.192450089729875, 0.192450089729875, 0.192450089729875, 0.192450089729875, 
0.192450089729875, 0.192450089729875, 0.192450089729875, 0.192450089729875, 
0.192450089729875, 0.192450089729875, 0.192450089729875, 0.192450089729875, 
0.192450089729875, 0.192450089729875, 0.192450089729875, 0.192450089729875, 
0.192450089729875, 0.192450089729875, 0.192450089729875, 0.192450089729875, 
0.192450089729875, 0.192450089729875, 0.192450089729875, 0.192450089729875, 
0.192450089729875, 0.192450089729875, -348.527112500804, -64.4348651884355, 
-0.0229669383926948, 0.209826285526274, -0.147123324482811, 0.0391112546523634, 
0.16326764074248, 0.271904478571332, -0.0540060349152239, -0.17816242100534, 
-0.0695255831764885, -0.0384864866539594, 0.194306737265009, 
0.396060864661448, 0.318463123355125, -0.0695255831764885, 0.0856698994361571, 
-0.100564679699018, -0.0540060349152239, 0.0235917063910989, 
-0.426475193185573, -0.162642872744076, 0.194306737265009, 0.16326764074248, 
-0.116084227960282, 0.318463123355125, 0.271904478571332, -274.626278044532, 
-24.9910710853059, 49.1208079475144, 0.0332697122450195, -0.1175759361763, 
0.17798279240609, 0.117154307922394, -0.241440185980785, 0.0403824137808932, 
-0.224516643047355, -0.0130879396546342, -0.191158831431529, 
0.0612312441374779, 0.308470469495412, -0.0403131830102102, -0.37953142363057, 
0.134814139392708, -0.466114159169628, -0.102123385543082, -0.0383513316854092, 
-0.204649530739946, 0.0121754523761407, -0.183064411846479, -0.0457094627335769, 
0.00972274202675147, -0.182818982334185, 0.430372867975097, -299.837239799146, 
-35.2696104189331, 21.7298843053379, -39.9436645615164, -0.177617837000547, 
0.106779989075908, -0.100743421629851, -0.163450290946938, -0.103742940267717, 
0.137116691742865, -0.321904565512506, -0.400929011325126, 0.252106902281073, 
0.186143551267977, -0.0326140735118242, 0.335221351322635, 0.0498186683736243, 
-0.212714672469972, 0.17684128669816, -0.169819303439769, 0.434275378359838, 
0.0267153585700828, -0.135972710318455, 0.266418319331288, -0.103259952891661, 
-0.0774882175469095, 0.083863901372416, -341.406459180799, -33.9194097202031, 
10.8534948345161, -6.09508613613382, 36.0021506126074, -0.0695628717457221, 
-0.0269904980245857, 0.258323896605004, -0.0134030192056276, 
0.124544792448818, 0.0577472715425807, 0.292838251078639, -0.173085739565426, 
0.445432283286562, -0.00555906672223858, 0.438306537640187, -0.248625408909153, 
0.140950833621688, -0.0170379189003488, 0.0838027136617085, 0.0820694063042763, 
-0.220213486708983, -0.331927055773234, -0.176949199072772, 0.237411397649097, 
0.122601952847488, 0.114289035146602, -390.481232061917, -5.97042769591686, 
1.69755370724668, 2.26011109235466, 18.9717272921903, 48.0400371913597, 
0.323646588179304, -0.262616822006367, -0.0445100512644525, 0.0574977290392323, 
0.0142397001202486, 0.0467718823165919, 0.214952406176322, 0.275505987526269, 
0.0632733652196996, -0.44948658492757, 0.0863865198625524, -0.185964115172575, 
-0.0547762919689539, -0.108695068457711, 0.23437966344769, 0.193302576600981, 
0.340478187709449, 0.178954604361484, -0.327555880010766, 0.0514867096717799, 
0.0189678602166177, -225.743955253144, -11.8276201693348, 20.5044038044349, 
-16.9699421678191, 21.8429162597646, 5.57358120707695, -39.0920293287415, 
-0.429897071703671, 0.00393076052091992, -0.299980660364698, 
0.128777420779995, -0.222077091119333, -0.134642927562253, 0.14506892413126, 
0.372496709458441, 0.194742641056879, -0.0377369590547869, 0.0601447571095085, 
-0.221500965793791, -0.108842201420066, 0.0835622037633857, -0.303793045885358, 
0.461645411815366, -0.138555823706937, 0.0135978643867056, 0.167491036335911, 
0.116544323285177), .Dim = c(27L, 7L), .Dimnames = list(c("1", 
"3", "4", "5", "6", "7", "8", "9", "10", "11", "12", "13", "15", 
"16", "17", "18", "19", "20", "22", "23", "24", "25", "26", "27", 
"28", "29", "30"), c("x1", "x2", "x3", "x4", "x5", "x6", "x7"
)), assign = 1:7), qraux = c(1.19245008972988, 1.08566989943616, 
1.06589123532396, 1.06552080427392, 1.17955741520268, 1.28817402091645, 
1.06381250747511), pivot = 1:7, tol = 1e-07, rank = 7L), .Names = c("qr", 
"qraux", "pivot", "tol", "rank"), class = "qr"), df.residual = 20L, 
    xlevels = structure(list(), .Names = character(0)), call = quote(lm(formula = y ~ 
        . + 0, data = structure(list(y = c(43, 71, 61, 81, 43, 
        58, 71, 72, 67, 64, 67, 69, 77, 81, 74, 65, 65, 50, 64, 
        53, 40, 63, 66, 78, 48, 85, 82), x1 = c(1, 1, 1, 1, 1, 
        1, 1, 1, 1, 1, 1, 1, 1, 1, 1, 1, 1, 1, 1, 1, 1, 1, 1, 
        1, 1, 1, 1), x2 = c(51, 70, 63, 78, 55, 67, 75, 82, 61, 
        53, 60, 62, 77, 90, 85, 60, 70, 58, 61, 66, 37, 54, 77, 
        75, 57, 85, 82), x3 = c(30, 68, 45, 56, 49, 42, 50, 72, 
        45, 53, 47, 57, 54, 50, 64, 65, 46, 68, 52, 52, 42, 42, 
        66, 58, 44, 71, 39), x4 = c(39, 69, 47, 66, 44, 56, 55, 
        67, 47, 58, 39, 42, 72, 72, 69, 75, 57, 54, 62, 50, 58, 
        48, 63, 74, 45, 71, 59), x5 = c(61, 76, 54, 71, 54, 66, 
        70, 71, 62, 58, 59, 55, 79, 60, 79, 55, 75, 64, 66, 63, 
        50, 66, 88, 80, 51, 77, 64), x6 = c(92, 86, 84, 83, 49, 
        68, 66, 83, 80, 67, 74, 63, 77, 54, 79, 80, 85, 78, 80, 
        80, 57, 75, 76, 78, 83, 74, 78), x7 = c(45, 48, 35, 47, 
        34, 35, 41, 31, 41, 34, 41, 25, 46, 36, 63, 60, 46, 52, 
        41, 37, 49, 33, 72, 49, 38, 55, 39)), .Names = c("y", 
        "x1", "x2", "x3", "x4", "x5", "x6", "x7"),