
expected <- structure(list(coefficients = structure(c(-1.01777624217336, 
0.663325740368908, 0.0638031840265113, 0.32139505329086, 0.0574469012276331, 
0.0779834556247553, -0.228618457315463), .Names = c("x1", "x2", 
"x3", "x4", "x5", "x6", "x7")), residuals = structure(c(-5.54449200531826, 
0.630126284280128, 0.600446880338309, 5.94224009663331, -10.0954327798966, 
-7.89746455770267, 1.60662417494822, -9.49894368310105, 7.49228493295757, 
6.80003317290465, 11.6860284572173, 9.71814669271353, 0.775918504001627, 
-3.18458690722791, -2.32552992375161, 3.56131096345893, -3.23860968259132, 
-5.68035066307111, 0.334816105055299, -11.8242528432756, -1.40764288318016, 
7.35761257344232, -2.08169751770858, 1.47892847661546, -7.15964495974503, 
6.00570836743039, 5.94842272457278), .Names = c("1", "3", "4", 
"5", "6", "7", "8", "9", "10", "11", "12", "13", "15", "16", 
"17", "18", "19", "20", "22", "23", "24", "25", "26", "27", "28", 
"29", "30")), effects = structure(c(-338.327257745121, -53.1510040063286, 
1.95570089105486, -9.49349664876388, -1.97493747234111, 2.90652637448988, 
8.78551735972575, -7.02644550798261, 8.73174628234075, 8.72007260857952, 
14.0930683325706, 15.2122144812213, 1.10657884507219, 1.76424723120059, 
-3.35907695871289, 0.307356372308336, -3.15507070192911, -6.29212808945856, 
0.45489898467089, -9.91471268278979, -1.66509078193281, 9.51457454430044, 
-4.2611309717474, 0.858240048280274, -5.82839298241842, 6.23210869641881, 
8.58492833445319), .Names = c("x1", "x2", "x3", "x4", "x5", "x6", 
"x7", "", "", "", "", "", "", "", "", "", "", "", "", "", "", 
"", "", "", "", "", "")), rank = 7L, fitted.values = structure(c(48.5444920053183, 
70.3698737157199, 60.3995531196617, 75.0577599033667, 53.0954327798966, 
65.8974645577027, 69.3933758250518, 81.4989436831011, 59.5077150670424, 
57.1999668270954, 55.3139715427827, 59.2818533072865, 76.2240814959984, 
84.1845869072279, 76.3255299237516, 61.4386890365411, 68.2386096825913, 
55.6803506630711, 63.6651838949447, 64.8242528432755, 41.4076428831802, 
55.6423874265577, 68.0816975177086, 76.5210715233845, 55.159644959745, 
78.9942916325696, 76.0515772754272), .Names = c("1", "3", "4", 
"5", "6", "7", "8", "9", "10", "11", "12", "13", "15", "16", 
"17", "18", "19", "20", "22", "23", "24", "25", "26", "27", "28", 
"29", "30")), assign = 1:7, qr = structure(list(qr = structure(c(-5.19615242270663, 
0.192450089729875, 0.192450089729875, 0.192450089729875, 0.192450089729875, 
0.192450089729875, 0.192450089729875, 0.192450089729875, 0.192450089729875, 
0.192450089729875, 0.192450089729875, 0.192450089729875, 0.192450089729875, 
0.192450089729875, 0.192450089729875, 0.192450089729875, 0.192450089729875, 
0.192450089729875, 0.192450089729875, 0.192450089729875, 0.192450089729875, 
0.192450089729875, 0.192450089729875, 0.192450089729875, 0.192450089729875, 
0.192450089729875, 0.192450089729875, -348.527112500804, -64.4348651884355, 
-0.0229669383926948, 0.209826285526274, -0.147123324482811, 0.0391112546523634, 
0.16326764074248, 0.271904478571332, -0.0540060349152239, -0.17816242100534, 
-0.0695255831764885, -0.0384864866539594, 0.194306737265009, 
0.396060864661448, 0.318463123355125, -0.0695255831764885, 0.0856698994361571, 
-0.100564679699018, -0.0540060349152239, 0.0235917063910989, 
-0.426475193185573, -0.162642872744076, 0.194306737265009, 0.16326764074248, 
-0.116084227960282, 0.318463123355125, 0.271904478571332, -275.973428672641, 
9.96699877223436, 47.2580744650155, -0.0877921515703705, -0.289944636459875, 
-0.0437110799722828, -0.0276782113582276, -0.0480351096109844, 
-0.389012111782589, -0.0453180936699139, -0.277279042938394, 
0.00710454181095333, 0.0239409172738241, -0.0320022409969292, 
0.145775811395741, 0.167089464194625, -0.294268666098577, 0.136630740664146, 
-0.0927664403605758, -0.439827733565825, 0.218861840523989, 0.0545528885016153, 
-0.0607007031324654, -0.472046718491247, 0.0790805686957618, 
-0.086988644721555, 0.0366065107953051, -299.837239799146, -35.2696104189331, 
-10.5501325014313, -44.2309723466324, -0.0673351465618128, -0.00729185989488287, 
-0.159335703609519, 0.0013590551685013, -0.0880323412591237, 
0.262400474389584, -0.261478792154188, -0.247599155476397, 0.188985772205731, 
-0.0150332375700731, -0.0164214158615237, 0.518216638787675, 
-0.0134670478397412, 0.0778315635162635, 0.228287286238025, -0.0964195558003903, 
0.498461728217163, 0.0125999509685995, -0.00797462570321719, 
0.304441416062521, -0.105189622097854, 0.046717321323812, -0.186026608021393, 
-341.406459180799, -33.9194097202031, 4.08318802891379, -11.8103539256913, 
35.9853635459344, 0.0290032809665469, 0.0226028104149279, 0.161379543726237, 
0.133116411349752, 0.0597685819372772, 0.123269235946722, 0.176352503616145, 
-0.134389220781891, 0.601002701811119, -0.0771255261440479, 0.250945981334945, 
-0.0835509501227056, -0.11927627574078, -0.010807499097699, 0.21014755029719, 
-0.0428959710630517, -0.232418041939973, -0.398061758409576, 
-0.00425640197321421, 0.204323487064399, 0.0712603346334535, 
0.286776042108907, -390.481232061917, -5.97042769591686, -6.51607587519228, 
2.76129895132561, 20.7553852256632, 46.8496677465241, 0.272294129606043, 
-0.171169863737895, -0.25866519479364, 0.128601308209715, -0.102621452080038, 
0.168060758570289, 0.185097238943313, 0.144064346518851, 0.158941594698858, 
-0.213029870585286, -0.134444684626949, 0.0959009538085632, -0.0714308820815388, 
-0.309373459587528, 0.4196056710561, 0.210118726290781, 0.388562851830609, 
-0.0638031196867, -0.282951424963087, 0.0951370770603458, -0.144022616803892, 
-225.743955253144, -11.8276201693348, -11.3937663293016, -22.6808094489449, 
24.7607381608475, 3.26733291802853, -38.4287317082317, -0.372873604563104, 
0.0479622164464857, -0.26026196946214, 0.179124773537319, -0.174284711220593, 
-0.164709575882314, 0.0790005148914495, 0.36940279273289, 0.248739544310041, 
-0.0327173114912237, 0.148685430969827, -0.199073649884151, -0.0412828837719821, 
0.0800736258546862, -0.322196249083966, 0.513409986750669, -0.0864459170310016, 
0.0110288227865591, 0.219897198381656, 0.0243918874471844), .Dim = c(27L, 
7L), .Dimnames = list(c("1", "3", "4", "5", "6", "7", "8", "9", 
"10", "11", "12", "13", "15", "16", "17", "18", "19", "20", "22", 
"23", "24", "25", "26", "27", "28", "29", "30"), c("x1", "x2", 
"x3", "x4", "x5", "x6", "x7")), assign = 1:7), qraux = c(1.19245008972988, 
1.08566989943616, 1.14929633418563, 1.04591193748998, 1.21896883879992, 
1.18831637448025, 1.04357731231349), pivot = 1:7, tol = 1e-07, 
    rank = 7L), .Names = c("qr", "qraux", "pivot", "tol", "rank"
), class = "qr"), df.residual = 20L, xlevels = structure(list(), .Names = character(0)), 
    call = quote(lm(formula = y ~ . + 0, data = structure(list(y = c(43, 
        71, 61, 81, 43, 58, 71, 72, 67, 64, 67, 69, 77, 81, 74, 
        65, 65, 50, 64, 53, 40, 63, 66, 78, 48, 85, 82), x1 = c(1, 
        1, 1, 1, 1, 1, 1, 1, 1, 1, 1, 1, 1, 1, 1, 1, 1, 1, 1, 
        1, 1, 1, 1, 1, 1, 1, 1), x2 = c(51, 70, 63, 78, 55, 67, 
        75, 82, 61, 53, 60, 62, 77, 90, 85, 60, 70, 58, 61, 66, 
        37, 54, 77, 75, 57, 85, 82), x3 = c(44, 42, 45, 52, 68, 
        53, 50, 49, 71, 57, 66, 52, 47, 46, 39, 45, 64, 47, 57, 
        72, 49, 52, 51, 71, 50, 50, 45), x4 = c(39, 69, 47, 66, 
        44, 56, 55, 67, 47, 58, 39, 42, 72, 72, 69, 75, 57, 54, 
        62, 50, 58, 48, 63, 74, 45, 71, 59), x5 = c(61, 76, 54, 
        71, 54, 66, 70, 71, 62, 58, 59, 55, 79, 60, 79, 55, 75, 
        64, 66, 63, 50, 66, 88, 80, 51, 77, 64), x6 = c(92, 86, 
        84, 83, 49, 68, 66, 83, 80, 67, 74, 63, 77, 54, 79, 80, 
        85, 78, 80, 80, 57, 75, 76, 78, 83, 74, 78), x7 = c(45, 
        48, 35, 47, 34, 35, 41, 31, 41, 34, 41, 25, 46, 36, 63, 
        60, 46, 52, 41, 37, 49, 33, 72, 49, 38, 55, 39)), .Names = c("y", 
        "x1", "x2", "x3", "x4", "x5", "x6", "x7"),