
expected <- structure(list(coefficients = structure(c(49.0308055718329, -0.30095819918894, 
0.156062149378722, 0.249578858222168, 0.526948083158968, -0.0492449797798615, 
-0.417013455733095), .Names = c("x1", "x2", "x3", "x4", "x5", 
"x6", "x7")), residuals = structure(c(-9.12973560316068, -5.43211886221684, 
-6.31144497210459, 3.35628527773516, 9.28290401339556, -9.43681771260691, 
-11.2416584652141, 4.96767822963754, -0.709054949325351, 4.73717763504207, 
-2.50434079830978, 13.1243061582606, 6.20403935719009, 2.24658424272312, 
-5.04392762550918, 8.20202204921457, 4.95298654454912, 2.43386966315486, 
3.9931235772302, -8.14537793725853, 6.26638982187628, -4.30385801901055, 
-14.2018704889337, -7.58632367113973, 0.682907932957059, 3.02035279273105, 
10.5759018090926), .Names = c("1", "2", "3", "4", "5", "6", "7", 
"8", "9", "10", "11", "12", "13", "14", "15", "16", "17", "18", 
"19", "20", "21", "22", "23", "24", "25", "26", "30")), effects = structure(c(-332.553755053224, 
-31.1558020889693, -19.3399200663021, 13.0239663946767, 13.6063805943283, 
-5.62186520576276, -17.4855959112295, 10.5449780475492, 2.53949970252604, 
6.45138940484976, -0.968934581897427, 14.182507829855, 9.42197253210835, 
3.63675367718683, 2.10540695534189, 11.1724796334974, 8.40278513227063, 
-4.06809143555425, 7.28379285275213, -8.70887708301214, 3.14557511925456, 
-2.52963154701752, -11.599079884834, -11.6247692825445, 4.87566888511091, 
8.90009790197917, 13.474566493071), .Names = c("x1", "x2", "x3", 
"x4", "x5", "x6", "x7", "", "", "", "", "", "", "", "", "", "", 
"", "", "", "", "", "", "", "", "", "")), rank = 7L, fitted.values = structure(c(52.1297356031607, 
68.4321188622168, 77.3114449721046, 57.6437147222648, 71.7170959866044, 
52.4368177126069, 69.241658465214, 66.0323217703625, 72.7090549493253, 
62.2628223649579, 66.5043407983098, 53.8756938417394, 62.7959606428099, 
65.7534157572769, 82.0439276255092, 72.7979779507854, 69.0470134554509, 
62.5661303368451, 61.0068764227698, 58.1453779372585, 43.7336101781237, 
68.3038580190105, 67.2018704889337, 47.5863236711397, 62.3170920670429, 
62.979647207269, 71.4240981909074), .Names = c("1", "2", "3", 
"4", "5", "6", "7", "8", "9", "10", "11", "12", "13", "14", "15", 
"16", "17", "18", "19", "20", "21", "22", "23", "24", "25", "26", 
"30")), assign = 1:7, qr = structure(list(qr = structure(c(-5.19615242270663, 
0.192450089729875, 0.192450089729875, 0.192450089729875, 0.192450089729875, 
0.192450089729875, 0.192450089729875, 0.192450089729875, 0.192450089729875, 
0.192450089729875, 0.192450089729875, 0.192450089729875, 0.192450089729875, 
0.192450089729875, 0.192450089729875, 0.192450089729875, 0.192450089729875, 
0.192450089729875, 0.192450089729875, 0.192450089729875, 0.192450089729875, 
0.192450089729875, 0.192450089729875, 0.192450089729875, 0.192450089729875, 
0.192450089729875, 0.192450089729875, -337.365007296471, 74.3360736913906, 
0.191840394892655, -0.00994588806699026, 0.151483138300726, -0.332803940802423, 
0.111125881708797, -0.0637555635228957, -0.225184589890612, 0.111125881708797, 
0.0573162062528916, -0.131017657842778, -0.0637555635228957, 
-0.0233983069309666, 0.339817002396395, 0.164935557164702, 0.0438637873889152, 
0.191840394892655, -0.265541846482541, -0.15792249557073, -0.225184589890612, 
0.0707686251168679, 0.151483138300726, -0.265541846482541, -0.131017657842778, 
-0.225184589890612, 0.339817002396395, -273.471577506153, -1.3552066411117, 
-62.501677667533, -0.0632358790185232, 0.1062479677897, 0.0137852611096638, 
-0.116118162359553, 0.0189324499602801, 0.377434430597168, -0.0681194507736338, 
0.0620475897910887, -0.0263531662061332, 0.130929443660758, 0.545290420153688, 
0.0666521595578039, 0.00970792553396018, 0.238585484690027, 0.248616245295754, 
-0.0369265458957612, 0.310723053063103, -0.246548820019781, 0.0455054001785478, 
0.0422496856751408, -0.10092482801032, -0.106351018849332, 0.28143700742533, 
-0.173341398371792, -288.867584684543, -24.7096022644461, -24.9503592068855, 
45.7321948948307, -0.155447119129032, 0.0635087310374058, -0.0938073395437516, 
-0.0605153677293856, -0.165105572314269, 0.13321768613315, -0.0479936114889181, 
0.232512704391226, 0.294278223916939, 0.506611974573398, -0.232295462748601, 
-0.341778419976139, -0.183013140912758, -0.245599004976255, -0.224374288237588, 
0.105462972317636, 0.163534123881873, -0.140213505474165, 0.15411298556766, 
-0.286543553607094, -0.0146637372037753, -0.138094085935346, 
-0.0991674462013751, -333.131105322414, -8.76798767289837, -19.2671416340742, 
20.7916246244442, 40.8934549477456, 0.152057408889172, -0.0477081353082907, 
-0.115550441033388, 0.110100272640633, -0.0698807950900522, 0.212576540856623, 
-0.0731126853550852, 0.0850074702733958, 0.093434635836698, -0.136422569019979, 
0.340587083810605, -0.113665636648843, 0.541716144906849, -0.193464526620542, 
0.0770358733589163, 0.222348718548353, 0.0693891903838686, -0.0384431488242565, 
0.421495389594659, -0.129601492453963, -0.378375773495969, 0.00583430914779392, 
-386.439780177589, -14.209241984509, -9.04691307022084, -3.20899477917851, 
23.4442037472238, 43.7334970656097, 0.194799195360151, 0.286089702987537, 
-0.145894163306008, -0.00434783449889816, 0.16037956219422, 0.127729369881021, 
0.383454949890846, 0.235108327582381, 0.086699728047398, 0.339426805276614, 
0.0418736390318141, -0.244474139995719, -0.203482049128126, 0.0365501135447649, 
0.135838830416659, -0.0998971804911795, 0.0259390781809265, 0.143826561875358, 
0.0490344708291004, 0.199260302379259, -0.0352853145635176, -220.547802830437, 
-3.63364780648072, -15.2239129622582, 22.7905265049236, 16.277263170595, 
8.31678205914768, 41.9305316671148, 0.0852724086751265, 0.468062983412467, 
-0.019252622570146, 0.150356279173623, -0.123402600626983, 0.169261535612855, 
-0.0341145058127378, 0.193527601228273, 0.203094381197804, -0.226753353323538, 
-0.335596182292744, 0.142127088005016, -0.239199123991185, -0.112258633602378, 
0.147271319927115, 0.08804880510418, -0.245068147253998, 0.238594831402364, 
-0.400696614372287, 0.145561526635512), .Dim = c(27L, 7L), .Dimnames = list(
    c("1", "2", "3", "4", "5", "6", "7", "8", "9", "10", "11", 
    "12", "13", "14", "15", "16", "17", "18", "19", "20", "21", 
    "22", "23", "24", "25", "26", "30"), c("x1", "x2", "x3", 
    "x4", "x5", "x6", "x7")), assign = 1:7), qraux = c(1.19245008972988, 
1.3398170023964, 1.29661495688167, 1.08532375316991, 1.00397198154578, 
1.54260299728036, 1.21140668436344), pivot = 1:7, tol = 1e-07, 
    rank = 7L), .Names = c("qr", "qraux", "pivot", "tol", "rank"
), class = "qr"), df.residual = 20L, xlevels = structure(list(), .Names = character(0)), 
    call = quote(lm(formula = y ~ . + 0, data = structure(list(y = c(43, 
        63, 71, 61, 81, 43, 58, 71, 72, 67, 64, 67, 69, 68, 77, 
        81, 74, 65, 65, 50, 50, 64, 53, 40, 63, 66, 82), x1 = c(1, 
        1, 1, 1, 1, 1, 1, 1, 1, 1, 1, 1, 1, 1, 1, 1, 1, 1, 1, 
        1, 1, 1, 1, 1, 1, 1, 1), x2 = c(67, 40, 51, 66, 54, 90, 
        57, 70, 82, 57, 61, 75, 70, 67, 40, 53, 62, 51, 85, 77, 
        82, 60, 54, 85, 75, 82, 40), x3 = c(30, 51, 68, 45, 56, 
        49, 42, 50, 72, 45, 53, 47, 57, 83, 54, 50, 64, 65, 46, 
        68, 33, 52, 52, 42, 42, 66, 39), x4 = c(39, 54, 69, 47, 
        66, 44, 56, 55, 67, 47, 58, 39, 42, 45, 72, 72, 69, 75, 
        57, 54, 34, 62, 50, 58, 48, 63, 59), x5 = c(61, 63, 76, 
        54, 71, 54, 66, 70, 71, 62, 58, 59, 55, 59, 79, 60, 79, 
        55, 75, 64, 43, 66, 63, 50, 66, 88, 64), x6 = c(92, 73, 
        86, 84, 83, 49, 68, 66, 83, 80, 67, 74, 63, 77, 77, 54, 
        79, 80, 85, 78, 64, 80, 80, 57, 75, 76, 78), x7 = c(45, 
        47, 48, 35, 47, 34, 35, 41, 31, 41, 34, 41, 25, 35, 46, 
        36, 63, 60, 46, 52, 33, 41, 37, 49, 33, 72, 39)), .Names = c("y", 
        "x1", "x2", "x3", "x4", "x5", "x6", "x7"),