
expected <- structure(list(coefficients = structure(c(34.5970822285308, 0.587706419863756, 
-0.166928268078347, 0.402730271877471, 0.179636220408987, -0.34122542593646, 
-0.201363093982333), .Names = c("x1", "x2", "x3", "x4", "x5", 
"x6", "x7")), residuals = structure(c(-7.20840376921613, -1.43529904005251, 
0.43118455609199, -2.85335774743304, 7.3375299336191, -9.70000963144908, 
5.59527534314495, -6.33188493592302, 1.70456591136137, 6.38687970362854, 
7.55787208852592, -1.35693251602094, -2.51080722681165, -5.76047193534291, 
-0.499558232241547, 6.30960348309809, -3.6078877688483, -3.49062102873432, 
9.24667242654493, 0.961749624650368, -3.48289733568125, 4.38637838172035, 
-2.2170285474957, 1.65743833269462, -9.86313815752703, 4.15223997452789, 
4.59090811316932), .Names = c("1", "2", "3", "4", "5", "6", "8", 
"9", "10", "12", "13", "14", "15", "16", "17", "18", "19", "20", 
"21", "22", "24", "25", "26", "27", "28", "29", "30")), effects = structure(c(-339.4819582835, 
54.8283956586102, 5.80475161533608, 9.31821960428338, 0.160620560741982, 
13.0695143398696, -7.50591551492803, -10.5148797168348, 0.121019639608418, 
7.45266722384881, 5.11595815922275, 0.876039847832565, -5.65880985934941, 
-10.8539631842944, 5.16558640755979, 6.00430973455483, -1.81707360102422, 
0.190114225034986, 11.443991053026, -0.795784487720209, -4.08126521789812, 
3.0017413282083, 6.47862901918295, -0.416340539312682, -10.3321078453913, 
3.85806965585069, 4.4870662755111), .Names = c("x1", "x2", "x3", 
"x4", "x5", "x6", "x7", "", "", "", "", "", "", "", "", "", "", 
"", "", "", "", "", "", "", "", "", "")), rank = 7L, fitted.values = structure(c(50.2084037692161, 
64.4352990400525, 70.568815443908, 63.853357747433, 73.6624700663809, 
52.7000096314491, 65.4047246568551, 78.331884935923, 65.2954340886386, 
60.6131202963715, 61.4421279114741, 69.3569325160209, 79.5108072268117, 
86.7604719353429, 74.4995582322415, 58.6903965169019, 68.6078877688483, 
53.4906210287343, 40.7533275734551, 63.0382503753496, 43.4828973356813, 
58.6136216182797, 68.2170285474957, 76.3425616673054, 57.863138157527, 
80.8477600254721, 77.4090918868307), .Names = c("1", "2", "3", 
"4", "5", "6", "8", "9", "10", "12", "13", "14", "15", "16", 
"17", "18", "19", "20", "21", "22", "24", "25", "26", "27", "28", 
"29", "30")), assign = 1:7, qr = structure(list(qr = structure(c(-5.19615242270663, 
0.192450089729875, 0.192450089729875, 0.192450089729875, 0.192450089729875, 
0.192450089729875, 0.192450089729875, 0.192450089729875, 0.192450089729875, 
0.192450089729875, 0.192450089729875, 0.192450089729875, 0.192450089729875, 
0.192450089729875, 0.192450089729875, 0.192450089729875, 0.192450089729875, 
0.192450089729875, 0.192450089729875, 0.192450089729875, 0.192450089729875, 
0.192450089729875, 0.192450089729875, 0.192450089729875, 0.192450089729875, 
0.192450089729875, 0.192450089729875, -348.719562590534, 70.3467601717852, 
-0.0780287364412797, 0.0214783337195374, -0.191751102339356, 
0.135200699617614, -0.149105215127578, -0.248612285288395, 0.0499089251940565, 
0.0641242209313161, 0.035693629456797, -0.262827581025654, -0.177535806602097, 
-0.362334651186471, -0.291258172500173, 0.0641242209313161, -0.0780287364412797, 
0.0925548124058353, 0.348430135676508, 0.0499089251940565, 0.391076022888286, 
0.149415995354874, -0.177535806602097, -0.149105215127578, 0.106770108143095, 
-0.291258172500173, -0.248612285288395, -278.475279839129, 37.4320326308127, 
-53.0034098114856, -0.075706467318834, -0.012820834695724, 0.0769060743699957, 
-0.0970914619501152, 0.250473687390347, -0.0564200426149869, 
-0.0090434088263427, 0.160337273653413, 0.448364292940387, -0.040911043780521, 
-0.241739647228969, 0.0706103645876936, 0.330557384104143, -0.124342243063939, 
0.406443940963071, -0.0803131118449159, 0.0756469324135353, 0.118416921676098, 
-0.0455176883066029, 0.185489484839803, 0.0538422237967673, -0.0367139039256529, 
0.202677339616216, -0.372127766315544, -293.87128701752, 38.6703428372584, 
-11.1993092197911, 48.2684858320112, -0.107781713378168, 0.123670080364893, 
0.0546436939298392, 0.0157286801850715, 0.0785726316673404, 0.250959607742599, 
0.275155952383693, 0.557391283462209, -0.253908605931057, -0.183741834899432, 
-0.0598830973881054, -0.366755652799726, -0.0531978074521516, 
0.0744881674426076, 0.103155243763194, -0.182367420860423, -0.35276932207614, 
-0.0166088494611066, 0.0179571101637227, -0.282048775483992, 
0.0825405083636648, -0.0514962842411523, -0.0534055120873466, 
-337.172557206741, 36.836569687152, -5.16778260521913, 16.2281513297429, 
37.9166840284646, 0.0835594819560166, -0.0630539048863254, 0.132268331220139, 
-0.0533339485690291, -0.0782152081012886, 0.0894348825868988, 
0.194679742628102, -0.0710853329627902, 0.515030941716979, -0.042145077543721, 
0.494384023059033, -0.208951813517518, -0.0141880208886574, 0.128431879702814, 
0.0352417991869256, 0.231231700849824, -0.197927926993655, -0.406850176221955, 
-0.0819328808918057, 0.183295735263701, 0.0432338267840593, 0.180789086275012, 
-386.439780177589, 0.837122971194223, 1.2501297659025, 22.832147786864, 
6.65172148616359, -35.7558432386248, 0.466874280847611, 0.0112043542642849, 
-0.438229824540182, -0.287663393116683, -0.0406158915554433, 
0.161248896767574, -0.309830761633734, -0.227686865679954, 0.119783749217958, 
0.0213622839288624, -0.0275881262283105, 0.18378784878913, 0.275865717191533, 
0.000618132740891425, 0.0584923186353624, -0.0457286889627474, 
0.0438905345634241, -0.184999931500263, -0.125982311253524, -0.299346242797266, 
-0.0398993929044718, -227.476006060713, 10.7846710326676, -14.0153888247995, 
26.0485431054199, 21.7559864849447, -4.31415451497202, 37.2755273396155, 
0.40002339603283, 0.0151028567037652, -0.0992599746305477, 0.27926668758463, 
-0.118611591689172, 0.219836620939148, 0.0532716175926688, -0.350351548189062, 
-0.307431364189991, 0.0828056833548865, -0.140694078347294, 0.0326729694910451, 
0.227701973142889, -0.0148771271510464, 0.376333902755843, -0.425442777185857, 
0.197465501182719, -0.0504852971017706, -0.144499943817762, -0.0111861683874925
), .Dim = c(27L, 7L), .Dimnames = list(c("1", "2", "3", "4", 
"5", "6", "8", "9", "10", "12", "13", "14", "15", "16", "17", 
"18", "19", "20", "21", "22", "24", "25", "26", "27", "28", "29", 
"30"), c("x1", "x2", "x3", "x4", "x5", "x6", "x7")), assign = 1:7), 
    qraux = c(1.19245008972988, 1.00726303798228, 1.29072539273999, 
    1.09374745055647, 1.07450307990198, 1.23966362100707, 1.06672056146677
    ), pivot = 1:7, tol = 1e-07, rank = 7L), .Names = c("qr", 
"qraux", "pivot", "tol", "rank"), class = "qr"), df.residual = 20L, 
    xlevels = structure(list(), .Names = character(0)), call = quote(lm(formula = y ~ 
        . + 0, data = structure(list(y = c(43, 63, 71, 61, 81, 
        43, 71, 72, 67, 67, 69, 68, 77, 81, 74, 65, 65, 50, 50, 
        64, 40, 63, 66, 78, 48, 85, 82), x1 = c(1, 1, 1, 1, 1, 
        1, 1, 1, 1, 1, 1, 1, 1, 1, 1, 1, 1, 1, 1, 1, 1, 1, 1, 
        1, 1, 1, 1), x2 = c(51, 64, 70, 63, 78, 55, 75, 82, 61, 
        60, 62, 83, 77, 90, 85, 60, 70, 58, 40, 61, 37, 54, 77, 
        75, 57, 85, 82), x3 = c(30, 51, 68, 45, 56, 49, 50, 72, 
        45, 47, 57, 83, 54, 50, 64, 65, 46, 68, 33, 52, 42, 42, 
        66, 58, 44, 71, 39), x4 = c(39, 54, 69, 47, 66, 44, 55, 
        67, 47, 39, 42, 45, 72, 72, 69, 75, 57, 54, 34, 62, 58, 
        48, 63, 74, 45, 71, 59), x5 = c(61, 63, 76, 54, 71, 54, 
        70, 71, 62, 59, 55, 59, 79, 60, 79, 55, 75, 64, 43, 66, 
        50, 66, 88, 80, 51, 77, 64), x6 = c(79, 67, 75, 64, 80, 
        78, 92, 76, 57, 57, 64, 64, 74, 73, 84, 83, 78, 78, 78, 
        80, 83, 74, 80, 79, 66, 68, 77), x7 = c(45, 47, 48, 35, 
        47, 34, 41, 31, 41, 41, 25, 35, 46, 36, 63, 60, 46, 52, 
        33, 41, 49, 33, 72, 49, 38, 55, 39)), .Names = c("y", 
        "x1", "x2", "x3", "x4", "x5", "x6", "x7"),