
expected <- structure(list(coefficients = structure(c(0.414007143979003, 
0.220389627208865, 0.319818523135695, -0.109446926709774, 0.126506201966768, 
0.370687327650114, 0.103918155850688), .Names = c("x1", "x2", 
"x3", "x4", "x5", "x6", "x7")), residuals = structure(c(-6.51712431032726, 
-0.503208004939784, -0.233027450361552, 24.389644180851, -6.35316985959827, 
1.64769640895821, 3.60495269685469, -6.1181325928644, 5.54163660824889, 
-3.92390348189929, 1.21468870314903, -1.82121170770669, 1.95989403389506, 
6.66352582586577, 14.6429441165575, -4.54183357455042, 8.64065635379011, 
-12.5551376604128, 0.229285201261355, -18.530949424267, -24.1601898098005, 
-11.7161328205188, 3.1399824101639, 9.92327784761549, -14.0382022751966, 
17.7530243199155, 17.4909874839577), .Names = c("1", "2", "3", 
"5", "7", "8", "9", "10", "11", "12", "13", "14", "15", "16", 
"17", "18", "19", "21", "22", "23", "24", "25", "26", "27", "28", 
"29", "30")), effects = structure(c(265.648891059603, -211.690936543325, 
-38.1111961426773, 10.770230095455, -25.1434875083007, -25.5468351681961, 
-5.17301234117073, -8.85539626893677, 13.5469778040722, -8.95236324328591, 
2.78840046531502, -7.85396543327811, -7.68205137603423, -0.853611066141182, 
24.3340240821546, 0.553600868724292, 9.41722764135067, -13.3941939500216, 
-3.46995385985646, -21.6322861548394, -25.5820241528483, -14.8125325200377, 
2.98361066928622, 11.8095167764337, -7.80892413230129, 16.5806323496907, 
10.8913083274809), .Names = c("x1", "x2", "x3", "x4", "x5", "x6", 
"x7", "", "", "", "", "", "", "", "", "", "", "", "", "", "", 
"", "", "", "", "", "")), rank = 7L, fitted.values = structure(c(49.5171243103273, 
63.5032080049398, 71.2330274503615, 56.610355819149, 64.3531698595983, 
69.3523035910418, 68.3950473031453, 73.1181325928644, 58.4583633917511, 
70.9239034818993, 67.785311296851, 69.8212117077067, 75.0401059661049, 
74.3364741741342, 59.3570558834425, 69.5418335745504, 56.3593436462099, 
62.5551376604128, 63.7707147987386, 71.530949424267, 64.1601898098005, 
74.7161328205188, 62.8600175898361, 68.0767221523845, 62.0382022751966, 
67.2469756800844, 64.5090125160423), .Names = c("1", "2", "3", 
"5", "7", "8", "9", "10", "11", "12", "13", "14", "15", "16", 
"17", "18", "19", "21", "22", "23", "24", "25", "26", "27", "28", 
"29", "30")), assign = 1:7, qr = structure(list(qr = structure(c(7.20799775477766, 
-0.231948405680095, -0.111643914313155, -0.110632604393936, -0.0825755356524471, 
-0.281809474180971, -0.132575511171572, -0.158360485624491, -0.173643058818558, 
-0.0469561828078673, -0.311436245711485, -0.321524688736559, 
-0.116389372348076, -0.178245559978287, 0.0220485730553284, -0.133114289344185, 
-0.17357548667624, -0.186383586214101, 0.0881536273922867, 0.0319687805675102, 
-0.151826145010303, -0.403896994015307, -0.189675244044615, -0.105093541497348, 
-0.27720056966815, -0.224547637536754, -0.145960295104106, 281.642099724239, 
-237.606244999835, 0.172361853380036, 0.126869108839582, 0.216466820981765, 
0.121531820938376, 0.189424666667953, 0.126881409540468, 0.118965438918821, 
0.278395013924868, -0.0156063133811254, 0.10264920607908, 0.223309353546879, 
0.237364653093488, 0.240550612281911, 0.222666369212074, 0.207400563488197, 
0.230908251589512, 0.385586015342285, 0.349428375012081, 0.0941877153563401, 
0.0372981417943331, 0.14412390324995, 0.274357473421941, 0.0410154792527215, 
0.0491191708186792, 0.208266191642408, 218.678074983894, -161.830964492992, 
-62.901815972247, 0.196512732815369, -0.0406377427789535, -0.16929539549269, 
-0.0171801516599153, 0.427158309904598, -0.115482980190378, -0.109126508863046, 
0.00985930393043636, -0.36348049999573, 0.270957625756882, 0.00143254786877131, 
0.190985968884348, -0.0552952676777551, -0.212838123195456, -0.336319199027738, 
-0.092102354384209, 0.225246748555009, 0.0495987098997135, 0.217077103433821, 
-0.0445308949786742, -0.13262775167147, 0.0944816895226611, 0.10986608243564, 
0.0128364731408609, 225.221235090652, -178.077046950561, -28.5154502311888, 
78.7516965640828, -0.113147448054574, 0.0136149864127472, -0.17812357457258, 
0.0356987440244122, -0.339281297283541, 0.254810105836189, -0.17388426070133, 
0.0927262909018331, 0.357424382864283, 0.303456468644388, -0.330043457588723, 
-0.179978384848003, -0.239660946255515, -0.0141115839734846, 
0.271922994467103, 0.163780109525208, -0.0572669320520538, 0.0560426983364735, 
-0.0928369695376906, -0.169232562667263, -0.318421752754042, 
-0.0310870761592031, 0.2589550197485, 244.704776072646, -206.921468138956, 
-18.7296638042326, 21.0184590255013, -73.4132322161966, -0.18552154627555, 
0.0324948471004331, 0.192403732810804, 0.139807144763922, 0.208055378467152, 
0.302306438838017, -0.00914940772276943, -0.114870203123232, 
-0.312658265627625, 0.00713876304216887, -0.000311928062070392, 
-0.30937017181748, -0.278799916528542, 0.16894390781559, -0.261718289463202, 
0.117811108214869, 0.0800249494486392, -0.0347657953756482, -0.527044688284001, 
-0.12069059303215, 0.219203151084373, 0.155430547825269, 291.666781620353, 
-229.305232295853, -44.2305632958742, 37.8048257310488, -37.0852413655415, 
-61.3737422339902, 0.0131179051431623, -0.19867382094449, -0.0340639741507858, 
0.0757199730299174, 0.16337540289556, 0.0748730843638141, 0.0165486300087884, 
0.0579402165195131, 0.0599448337881141, -0.0739755211528993, 
-0.361460109931415, -0.0820735396713469, -0.125527949603525, 
0.0325634297525943, 0.341333535651188, -0.604702307761709, -0.0918308976604793, 
0.217604494002114, 0.0255342473621647, 0.191443562739158, -0.403656740762889, 
156.203238573869, -152.822548516578, -22.6123210867084, 26.1419767345248, 
-20.2970240590473, -26.9093177096904, -49.7796780439736, 0.309586068034539, 
-0.082346723848337, 0.0224658581543658, 0.293091090511009, 0.341366970481027, 
0.137394404611266, -0.170149262741976, -0.226413877885517, -0.214943794898139, 
0.417289755310173, -0.100472851286138, -0.14370806669148, -0.113305342808288, 
0.422330950544505, -0.0513607318892843, 0.200426421155538, 0.0117629951238009, 
-0.114588276715519, 0.263405266347593, 0.0803503338236), .Dim = c(27L, 
7L), .Dimnames = list(c("1", "2", "3", "5", "7", "8", "9", "10", 
"11", "12", "13", "14", "15", "16", "17", "18", "19", "21", "22", 
"23", "24", "25", "26", "27", "28", "29", "30"), c("x1", "x2", 
"x3", "x4", "x5", "x6", "x7")), assign = 1:7), qraux = c(1.20229568835134, 
1.06008225629654, 1.41225012730446, 1.0497931052472, 1.07535478975218, 
1.12673580390137, 1.14542970247532), pivot = 1:7, tol = 1e-07, 
    rank = 7L), .Names = c("qr", "qraux", "pivot", "tol", "rank"
), class = "qr"), df.residual = 20L, xlevels = structure(list(), .Names = character(0)), 
    call = quote(lm(formula = y ~ . + 0, data = structure(list(y = c(43, 
        63, 71, 81, 58, 71, 72, 67, 64, 67, 69, 68, 77, 81, 74, 
        65, 65, 50, 64, 53, 40, 63, 66, 78, 48, 85, 82), x1 = c(-1.45814686743768, 
        1.67188358736638, 0.804729083703814, 0.797439564076696, 
        0.595204275582401, 2.03128205717151, 0.955603986863188, 
        1.14146202482683, 1.25161877809689, 0.338460060252037, 
        2.24483175984477, 2.3175492345187, 0.838934334564916, 
        1.28479359612258, -0.158926065078858, 0.959487498721707, 
        1.25113171824678, 1.34345247095865, -0.635411148319109, 
        -0.230430898553593, 1.09436251235081, 2.91128862602378, 
        1.36717873321049, 0.757514011154519, 1.99806108379111, 
        1.61853886720555, 1.05208147939708), x2 = c(55, 58, 62, 
        51, 67, 82, 70, 60, 61, 75, 55, 85, 75, 90, 53, 78, 82, 
        90, 75, 77, 51, 85, 70, 85, 62, 54, 77), x3 = c(30, 44, 
        71, 50, 45, 53, 50, 72, 39, 45, 47, 44, 71, 66, 47, 53, 
        47, 45, 42, 65, 42, 83, 50, 52, 56, 50, 57), x4 = c(56, 
        50, 69, 42, 59, 55, 67, 58, 69, 34, 55, 44, 39, 45, 74, 
        72, 74, 58, 34, 55, 45, 67, 59, 74, 75, 47, 39),