
expected <- structure(list(coefficients = structure(c(0.353730315273961, 
0.140660275038148, -0.0371676478331597, 0.119676106810577, 0.513278877444779, 
0.295874846678789, -0.143379537243409), .Names = c("x1", "x2", 
"x3", "x4", "x5", "x6", "x7")), residuals = structure(c(-13.8899984579499, 
13.7247247056101, -0.677942942126131, 5.36340267813116, -21.5919038442969, 
-17.0739662890891, 5.99884485950588, 11.8006573756399, 4.62388407326842, 
3.33437584260798, 5.8027859829358, 1.06683843692664, 16.6811588490074, 
7.79948347998148, 4.11203639175954, 5.97726594951092, 4.67104304225708, 
-15.3565898643153, -12.1973665808985, -9.83480011495007, -19.643515819843, 
-7.77875765601366, -3.20277279097192, -3.31046970289338, -4.96681955288169, 
23.5621038356364, 23.6081544202805), .Names = c("1", "3", "4", 
"5", "6", "7", "8", "9", "10", "11", "12", "13", "15", "16", 
"17", "18", "19", "20", "22", "23", "24", "25", "26", "27", "28", 
"29", "30")), effects = structure(c(-214.505255737864, -257.324220206855, 
17.5441182519416, 26.5967370956066, 34.7225910580262, -11.5330698836344, 
5.95219606069323, 7.49042972924534, 10.9117393404118, 11.2125780547818, 
12.9707415068838, 3.58328573745642, 15.4152575983287, 4.8484739470896, 
0.980258726232016, 6.96290928676839, -7.08601793044705, -14.2317501742639, 
-21.715029251145, -8.16448844445582, -11.0379751625275, -15.2560187021865, 
-8.14272695917357, -15.0817678952063, -5.15741002936698, 27.2767121857972, 
30.1327722491124), .Names = c("x1", "x2", "x3", "x4", "x5", "x6", 
"x7", "", "", "", "", "", "", "", "", "", "", "", "", "", "", 
"", "", "", "", "", "")), rank = 7L, fitted.values = structure(c(56.8899984579499, 
57.2752752943899, 61.6779429421261, 75.6365973218688, 64.5919038442969, 
75.0739662890891, 65.0011551404941, 60.1993426243601, 62.3761159267316, 
60.665624157392, 61.1972140170642, 67.9331615630734, 60.3188411509926, 
73.2005165200185, 69.8879636082405, 59.0227340504891, 60.3289569577429, 
65.3565898643153, 76.1973665808985, 62.8348001149501, 59.643515819843, 
70.7787576560137, 69.2027727909719, 81.3104697028934, 52.9668195528817, 
61.4378961643636, 58.3918455797195), .Names = c("1", "3", "4", 
"5", "6", "7", "8", "9", "10", "11", "12", "13", "15", "16", 
"17", "18", "19", "20", "22", "23", "24", "25", "26", "27", "28", 
"29", "30")), assign = 1:7, qr = structure(list(qr = structure(c(-6.91123354153121, 
-0.0116948818235959, 0.278663757467993, 0.0231278780003328, -0.00707990340950741, 
0.0158489790662681, 0.0544211834346127, -0.301161189613453, 0.314686002268304, 
0.224710234930529, 0.167886966266981, 0.382680002650172, -0.0888381691024494, 
0.27563933257586, 0.166541238818901, 0.126995025812864, 0.208285732960396, 
0.157445827234844, 0.00557767873097273, 0.177333566429975, 0.182215593452074, 
-0.142424293237353, 0.157139614767409, 0.255119414196595, 0.0759726333452709, 
0.163583981244378, 0.204630201381195, -221.272686944189, -283.043102746735, 
-0.0212398730554072, 0.228542221469291, 0.253058006331885, 0.234449570899659, 
0.14661696305729, 0.424598512850748, -0.0752057283004376, 0.0331463791246422, 
0.0792625440572693, -0.0738592517576134, 0.337075866789076, 0.0412761886475164, 
0.136883191379021, 0.144246568785779, 0.0959384736889513, 0.108934463320956, 
0.295780931067491, 0.174053842570732, 0.0746998952722564, 0.40529607197386, 
0.0738526687283382, 0.0649956382476508, 0.17505581352427, 0.114552002755391, 
0.038843676577454, -155.508535756581, -214.52636669517, 54.6491838860709, 
-0.359075846907296, -0.0172468142237816, 0.170173698939665, 0.128459533641151, 
-0.291495461106267, -0.245565468168182, -0.00121607233152823, 
-0.140297216435513, 0.146135566994623, -0.00282660177317027, 
0.195764505426027, 0.347782553491967, -0.0096110591778064, 0.054646465550487, 
0.120866759012659, -0.381557350521444, 0.377244765363289, 0.108789564366589, 
-0.175806677537056, -0.0677518592655378, 0.12703539247002, -0.041280987487199, 
0.198750274796721, -0.136691988996408, -205.101261217725, -215.817634282263, 
25.0219699114508, 74.3177125687826, -0.276221968917884, -0.0510113087067918, 
-0.337139356545995, -0.611283881428971, -0.15904596449978, 0.226853628896534, 
-0.228908101067341, -0.0233798037844296, 0.144490624938242, -0.0926195071941875, 
0.0904796404905432, 0.12610367956164, -0.0172936127529791, -0.178051067499554, 
-0.123542554176295, 0.329299145417298, 0.137914431872034, 0.193337846900867, 
0.0803357100580316, -0.080287685616935, 0.0779875925054135, 0.0491882271794235, 
-0.00411512009321759, -204.766376703253, -261.676730195114, 20.540515510841, 
15.699364584099, 56.96171539218, -0.387509467694421, -0.398624018858967, 
-0.318901816801383, -0.162529848673489, -0.0784793332303724, 
0.0621538735208857, -0.0842569760661828, 0.0731626050763846, 
-0.117200045934159, -0.136468638932961, -0.0135715569216169, 
0.0234736677934401, -0.101426391129803, -0.0122385515374132, 
0.271891088531141, -0.00167863949339365, -0.0943134347867619, 
-0.478471476261212, -0.386676648540043, 0.148867853076619, 0.0710221251944125, 
-0.0102124977351327, -258.348587648387, -303.365505145825, 23.5445386178533, 
35.504624241025, 17.9275734974068, -54.1669273170727, 0.137087187183646, 
0.321055574446125, 0.176683487475646, 0.33505447060129, 0.145052653866796, 
-0.0264740380874305, 0.0865197439634778, -0.130447627586595, 
0.0170687331467327, 0.0948372764906203, -0.547959941729235, 0.101320988548104, 
-0.311271911841967, -0.0902370778582366, 0.329332495283646, 0.0240320517508661, 
0.181031307476961, -0.235745867470274, -0.0903606395272911, 0.0804630835633439, 
0.184447054640377, -135.100678544404, -170.281167012301, 6.47569092366806, 
6.0008207046736, -1.26257670942133, -31.3403259471889, -41.5135672434793, 
0.467087096773454, -0.0194074453968976, 0.0501246339727054, -0.138933733991277, 
-0.184667251496306, -0.090587362149864, -0.252558835632097, -0.0127452466221743, 
0.670835369746883, 0.0822355359360217, 0.233781613605374, -0.194078679793205, 
0.119681182667287, -0.025329393182883, -0.10596811236439, 0.015163188189982, 
-0.122515072574373, -0.0221841662126572, -0.243858356403884, 
-0.0224213644210287), .Dim = c(27L, 7L), .Dimnames = list(c("1", 
"3", "4", "5", "6", "7", "8", "9", "10", "11", "12", "13", "15", 
"16", "17", "18", "19", "20", "22", "23", "24", "25", "26", "27", 
"28", "29", "30"), c("x1", "x2", "x3", "x4", "x5", "x6", "x7"
)), assign = 1:7), qraux = c(1.24188289313758, 1.2991997624849, 
1.22530058275703, 1.13038300347933, 1.09071145815761, 1.13235595115023, 
1.04880867693749), pivot = 1:7, tol = 1e-07, rank = 7L), .Names = c("qr", 
"qraux", "pivot", "tol", "rank"), class = "qr"), df.residual = 20L, 
    xlevels = structure(list(), .Names = character(0)), call = quote(lm(formula = y ~ 
        . + 0, data = structure(list(y = c(43, 71, 61, 81, 43, 
        58, 71, 72, 67, 64, 67, 69, 77, 81, 74, 65, 65, 50, 64, 
        53, 40, 63, 66, 78, 48, 85, 82), x1 = c(1.67170916417502, 
        -0.08082605952348, 1.92591030742191, 0.159842166180342, 
        -0.0489308659145888, 0.109535995721818, 0.376117508323118, 
        -2.08139531506394, 2.17486845392707, 1.55302491277723, 
        1.16030603245028, 2.64479086998912, -0.61398133406907, 
        1.90500780066356, 1.15100539577335, 0.877692282005491, 
        1.4395113438583, 1.08814488215958, 0.038548640329384, 
        1.2255936923502, 1.25933452125599, -0.98432755255087, 
        1.08602857628381, 1.7631898524913, 0.525064611814289, 
        1.13056709803336, 1.414247111396), x2 = c(64, 82, 58, 
        70, 70, 70, 54, 51, 51, 61, 61, 67, 75, 75, 77, 70, 75, 
        67, 85, 90, 63, 82, 57, 77, 67, 70, 58), x3 = c(66, 52, 
        33, 71, 52, 42, 33, 50, 54, 47, 54, 45, 54, 47, 39, 53, 
        54, 44, 83, 47, 42, 68, 47, 52, 52, 42, 52), x4 = c(66, 
        48, 72, 45, 71, 54, 66, 69, 67, 39, 71, 69, 39, 74, 55, 
        48, 66, 69, 74, 47, 44, 39, 44, 74, 47, 54, 54),