
expected <- structure(list(coefficients = structure(c(-0.287580393121709, 
0.692423561774732, -0.129532053273264, 0.362552964692019, -0.0201732275150867, 
0.117378316919952, -0.0709524041521286), .Names = c("x1", "x2", 
"x3", "x4", "x5", "x6", "x7")), residuals = structure(c(-8.47608025124074, 
1.97588204265445, 1.48137806061162, 0.506766610111097, 5.80113962221086, 
-6.60763432214656, -7.11253546487828, 2.77590163881054, -5.89674070776396, 
8.48116887704871, 8.68911530538925, 13.0707784659043, -0.177538300748555, 
1.03358927128616, -3.14745631316654, -4.47201561359741, -2.9796638992735, 
-4.4282907474608, 10.7371137240152, 0.591344774885624, -9.44417548372999, 
-3.17002355032432, -2.93099065160605, 3.16197885403683, -8.0584914883503, 
6.32561342711888, 3.90359022742778), .Names = c("1", "2", "3", 
"4", "5", "6", "7", "8", "9", "10", "11", "12", "14", "15", "16", 
"17", "19", "20", "21", "22", "23", "24", "26", "27", "28", "29", 
"30")), effects = structure(c(-249.565110953864, -230.361038298292, 
1.23069872264019, 16.4932549810487, 2.7464781101517, 7.15115061005949, 
-2.1951374520314, 6.79530378784981, -6.15748183201647, 9.39774601910023, 
7.71912635635181, 14.5225758597424, -2.12023871770782, 4.60931516609063, 
-4.97982386582658, -4.64611043882251, 0.596712575424402, -4.57039363676294, 
11.8079696974193, -0.419820306710554, -8.70082894582523, -5.83397005000911, 
1.48071234001423, 5.87304318608633, -10.8806127078757, 5.23344369888455, 
3.45391756200605), .Names = c("x1", "x2", "x3", "x4", "x5", "x6", 
"x7", "", "", "", "", "", "", "", "", "", "", "", "", "", "", 
"", "", "", "", "", "")), rank = 7L, fitted.values = structure(c(51.4760802512407, 
61.0241179573456, 69.5186219393884, 60.4932333898889, 75.1988603777891, 
49.6076343221466, 65.1125354648783, 68.2240983611895, 77.896740707764, 
58.5188311229513, 55.3108846946107, 53.9292215340957, 68.1775383007486, 
75.9664107287138, 84.1474563131665, 78.4720156135974, 67.9796638992735, 
54.4282907474608, 39.2628862759848, 63.4086552251144, 62.44417548373, 
43.1700235503243, 68.9309906516061, 74.8380211459632, 56.0584914883503, 
78.6743865728811, 78.0964097725722), .Names = c("1", "2", "3", 
"4", "5", "6", "7", "8", "9", "10", "11", "12", "14", "15", "16", 
"17", "19", "20", "21", "22", "23", "24", "26", "27", "28", "29", 
"30")), assign = 1:7, qr = structure(list(qr = structure(c(-7.37952855930252, 
0.10633086321351, 0.148268657727811, 0.295724178244265, 0.2168573214634, 
0.155839086745252, 0.145801631490683, 0.281439738411892, -0.0201164197977267, 
0.0756428148541493, -0.0789953280254668, 0.11991180085172, 0.104568533801817, 
0.301535490554514, 0.17511195996059, 0.150452233909091, 0.187250400080806, 
0.318938359069462, 0.37208110697294, -0.131192222905631, 0.0668521383165862, 
0.114319080300253, 0.336573947084308, 0.223724093639311, 0.0200258168647046, 
-0.0205561433752939, 0.0558265468728184, -263.602732718616, -241.581454799986, 
0.131467807142843, -0.0549293670635675, 0.0913586389690523, 0.0612948647781984, 
0.121683397899739, 0.00999318706964402, 0.360906035023573, 0.171747620404225, 
0.303722002433847, 0.120347282902679, 0.231933522540803, -0.00318197414548599, 
0.185598086906009, 0.191227510723885, 0.0898514471909493, -0.100409452996247, 
-0.231652933899991, 0.392561798080745, 0.201829375991218, 0.0311120092136204, 
-0.0405885376053332, 0.0716095977975452, 0.214565982990736, 0.373793649492421, 
0.279830391760715, -202.95891291724, -188.737483856805, -54.6245535895209, 
-0.0184633103427358, -0.0517311887577747, 0.138340689911215, 
-0.165400197005478, -0.103492990184295, 0.129274040224236, -0.0398574291952452, 
0.186803384867411, 0.0213110706167495, 0.34469122166505, -0.05455836875441, 
-0.344408949612185, -0.0215389820946489, -0.126029181162511, 
0.48010450573939, 0.111457945855552, 0.041038681666524, 0.0140733719649696, 
0.260658459455631, 0.173127583117016, 0.0297761777749188, -0.0131031201606142, 
0.0675417163803644, -0.457500746739253, -217.846762713041, -199.535175723022, 
-13.625573142908, 46.4848941179624, -0.0649361343657943, 0.0827817300327321, 
-0.0889541506660653, 0.0908791827641838, 0.0810422270157471, 
0.0563549014767912, -0.214588211467089, 0.232959897702706, 0.653539682059032, 
-0.219933302644833, -0.10033859229301, 0.0138461482564393, -0.0434778251199526, 
0.0531562910617573, 0.000863559242047846, -0.215272369861365, 
0.104801235423332, -0.484896391204045, 0.0674823372158163, -0.256625487553567, 
0.0437256879167163, 0.0224567270896502, -0.00204539026649486, 
-260.871359320066, -218.491923723664, -18.3656709042961, 27.5563002861744, 
34.1140088644904, 0.0144828561954568, -0.0282638486763774, 0.0303115921671889, 
0.0846272409272486, -0.208086574502926, -0.010814795554305, -0.259078221163718, 
0.0937851373109555, 0.195625522305956, 0.689891345688037, 0.0540435237423637, 
-0.201052316224086, 0.178774468621481, 0.189735127478691, -0.163780960345816, 
-0.129773623788956, 0.291026327156808, -0.204232169395485, 0.137143374922321, 
-0.0099198643311982, 0.0129551993460456, 0.0851717778853706, 
-293.777950399364, -247.967417498378, -24.3187358702995, 16.4966625203843, 
45.8360608195535, 61.5564006277138, 0.108815475353382, 0.33588351631996, 
-0.0126132562778695, -0.0919819586666018, -0.143776830716353, 
0.0534827676490692, 0.178690034814983, 0.163636858161169, 0.165604272265216, 
0.215401842737223, 0.0471228464623564, 0.0158209402718602, -0.158933841625472, 
-0.210953364429742, -0.0585012604032399, -0.231496587875355, 
0.531584788154366, 0.132156224441826, -0.38144651081429, 0.220900184749606, 
-0.0857216688119746, -179.68768767115, -134.01208516109, -22.2551655996713, 
24.5295727735127, 27.4196755425184, 1.04628013890371, 30.9381687380855, 
0.173304581535452, 0.432044080563234, 0.0158550944328848, 0.177745511113021, 
-0.072570740353586, -0.0456042249219833, 0.302302756367618, -0.0297347903043616, 
-0.372340040041103, 0.180864407889007, -0.157631923971, 0.0109292618937896, 
0.0982876701556148, 0.136559169643783, -0.32081773775604, -0.337956203607993, 
0.229176222572323, -0.145599878406497, -0.221396535623179, -0.0127674746518779
), .Dim = c(27L, 7L), .Dimnames = list(c("1", "2", "3", "4", 
"5", "6", "7", "8", "9", "10", "11", "12", "14", "15", "16", 
"17", "19", "20", "21", "22", "23", "24", "26", "27", "28", "29", 
"30"), c("x1", "x2", "x3", "x4", "x5", "x6", "x7")), assign = 1:7), 
    qraux = c(1.21982085453989, 1.15140366329023, 1.26781474071267, 
    1.08339407055437, 1.22283070799379, 1.28234767001093, 1.29525770233408
    ), pivot = 1:7, tol = 1e-07, rank = 7L), .Names = c("qr", 
"qraux", "pivot", "tol", "rank"), class = "qr"), df.residual = 20L, 
    xlevels = structure(list(), .Names = character(0)), call = quote(lm(formula = y ~ 
        . + 0, data = structure(list(y = c(43, 63, 71, 61, 81, 
        43, 58, 71, 72, 67, 64, 67, 68, 77, 81, 74, 65, 50, 50, 
        64, 53, 40, 66, 78, 48, 85, 82), x1 = c(1.62217427400739, 
        0.784671641819387, 1.09415279415183, 2.18230501902982, 
        1.60030479703301, 1.15001899129221, 1.0759473035784, 
        2.07689258733319, -0.148449694408243, 0.558208312522228, 
        -0.582948279215403, 0.884892558982667, 0.771666481594897, 
        2.22518976419033, 1.29224370960461, 1.110266556943, 1.38181967513713, 
        2.35361472941018, 2.74578315528371, -0.968136755690484, 
        0.49333726395769, 0.843620917948916, 2.48375705482583, 
        1.65097833841537, 0.14778108747645, -0.151694647107099, 
        0.411973597015204), x2 = c(51, 64, 70, 63, 78, 55, 67, 
        75, 82, 61, 53, 60, 83, 77, 90, 85, 70, 58, 40, 61, 66, 
        37, 77, 75, 57, 85, 82), x3 = c(30, 51, 68, 45, 56, 49, 
        42, 50, 72, 45, 53, 47, 83, 54, 50, 64, 46, 68, 33, 52, 
        52, 42, 66, 58, 44, 71, 39), x4 = c(39, 54, 69, 47, 66, 
        44, 56, 55, 67, 47, 58, 39, 45, 72, 72, 69, 57, 54, 34, 
        62, 50, 58, 63, 74, 45, 71, 59),