
expected <- structure(list(coefficients = structure(c(0.564138876592055, 
0.69245823068636, -0.139262597831612, 0.350671880438493, -0.000639744304855762, 
0.099344156649039, -0.0627997106186173), .Names = c("x1", "x2", 
"x3", "x4", "x5", "x6", "x7")), residuals = structure(c(-7.9910516636614, 
2.32923070663668, 1.14242200030352, 0.640809232023306, 5.0489853880368, 
-7.60956372522663, -6.75909708948403, 3.76403717432938, -6.07672773905528, 
8.54462534617749, 9.52727743276854, 13.0390509713926, -0.337124292339058, 
0.559747112047383, -3.13312533249878, -4.58215747766169, -3.82732862306668, 
-3.32313433988095, 9.28837693947042, 1.08217726650899, -9.16680000569565, 
-3.30371104128193, -2.8921690901788, 2.96640350885354, -8.4189437904151, 
6.35441258715957, 4.51030397893566), .Names = c("1", "2", "3", 
"4", "5", "6", "7", "8", "9", "10", "11", "12", "14", "15", "16", 
"17", "19", "20", "21", "22", "23", "24", "26", "27", "28", "29", 
"30")), effects = structure(c(234.106659308045, -246.112183270941, 
2.28438854654011, 16.3227377890658, -3.15551423029702, 5.50009901946989, 
-1.98728674565599, 8.0325425790214, -6.96714855238094, 6.04674753427614, 
8.62614281595323, 11.7176681859932, -0.86606332354664, 0.316190071151906, 
-4.59726629144847, -6.9408770819206, -6.17283308471832, -3.32247364602216, 
3.72601634447591, -1.84927178836412, -10.4304377025444, -9.26855667822647, 
-0.909155619126821, 2.58194580517074, -15.602916229946, 4.98656175591763, 
2.14498272954027), .Names = c("x1", "x2", "x3", "x4", "x5", "x6", 
"x7", "", "", "", "", "", "", "", "", "", "", "", "", "", "", 
"", "", "", "", "", "")), rank = 7L, fitted.values = structure(c(50.9910516636614, 
60.6707692933633, 69.8575779996965, 60.3591907679767, 75.9510146119632, 
50.6095637252266, 64.759097089484, 67.2359628256706, 78.0767277390553, 
58.4553746538225, 54.4727225672315, 53.9609490286074, 68.3371242923391, 
76.4402528879526, 84.1331253324988, 78.5821574776617, 68.8273286230667, 
53.3231343398809, 40.7116230605296, 62.917822733491, 62.1668000056956, 
43.3037110412819, 68.8921690901788, 75.0335964911465, 56.4189437904151, 
78.6455874128404, 77.4896960210643), .Names = c("1", "2", "3", 
"4", "5", "6", "7", "8", "9", "10", "11", "12", "14", "15", "16", 
"17", "19", "20", "21", "22", "23", "24", "26", "27", "28", "29", 
"30")), assign = 1:7, qr = structure(list(qr = structure(c(8.10682010261943, 
-0.0567022118945065, -0.257667178545426, -0.0890344428198172, 
-0.294110585701017, -0.266879266930897, -0.0132527545101243, 
0.209773451541713, -0.344098756365755, -0.145971243504377, -0.0722927782526197, 
-0.118874948268758, -0.268486089879291, -0.149255382128458, -0.100850928675471, 
-0.130841646741378, -0.276721176361414, 0.163595591819166, -0.312239838842994, 
-0.185278568598808, -0.128784286135026, -0.139803322812525, 0.0656825860772068, 
-0.132563414136612, -0.32133733347835, -0.202991461145542, -0.0417655920530511, 
242.249223430135, -262.98918941184, 0.0826949366698607, 0.17615528997948, 
0.0871643745284416, 0.0190987687788029, 0.245326505176388, 0.434555093181453, 
0.0667793138635498, 0.128007729215652, 0.150052061522532, 0.143499606662479, 
0.124422861585102, 0.186508212740776, 0.270407004647238, 0.230039484894173, 
0.0691272575884547, 0.337032029382771, -0.0702374578917946, 0.100018370888853, 
0.159258143055111, 0.0411411837386153, 0.339557950816054, 0.190789098448288, 
-0.0120740222552266, 0.178664149540806, 0.282060085315031, 195.565049410646, 
-196.664048305047, -53.6242813777679, -0.0811927722089597, -0.16707040822948, 
0.0363366923972657, -0.163742224621063, -0.039831949266509, 0.0555362670987078, 
-0.0753351402317024, 0.215102926433587, -0.0133906358459639, 
0.276166175512631, -0.133689327029132, -0.372097278215887, -0.0524615221220323, 
-0.234303465049604, 0.516748318092311, -0.0689178214733062, 0.0398382760618859, 
-0.00836199605050094, 0.208488320950378, 0.174104937904752, -0.0244585771539116, 
-0.10630435432443, 0.0498744083041103, -0.441680482206284, 203.015065776327, 
-214.642883600317, -13.106193380737, 46.4708863982763, -0.0686834888869991, 
0.0792652140674759, -0.0884451917017647, 0.0923888549527608, 
0.0805440591632645, 0.0560123125264598, -0.212119530186449, 0.232219943829238, 
0.652073157233969, -0.223298813293704, -0.10027994516454, 0.0135198534107795, 
-0.0468257351593465, 0.0523410756337521, -0.00733408456332332, 
-0.212944897449241, 0.105010976398652, -0.487189838106362, 0.0661934007135938, 
-0.258694412761141, 0.04186937733731, 0.0238946854577281, 0.000417562480185846, 
227.41498214361, -252.705813984081, -18.9173513559305, 27.9722092929721, 
-36.536102695982, 0.190375026436478, 0.0875596658005045, -0.0762268683643283, 
-0.0343273922069469, 0.25312094150754, -0.107253627692161, 0.27733902816223, 
-0.138730148764485, 0.118291066097116, -0.498019319625139, 0.0240392664065261, 
0.472296046198168, -0.208199418908816, 0.319094367039726, 0.0851808798276815, 
0.128581601512053, -0.080252482156137, 0.257840511370582, 0.0818063112641725, 
0.15833313063194, -0.0614827096374639, -0.0754746160595197, 272.327670131138, 
-271.394552573881, -20.9359325469159, 16.3775743515852, -52.3716808928038, 
57.2739534289434, 0.0342676156674711, 0.216470461614738, -0.0611371511026079, 
-0.100344322721479, -0.227176478001194, 0.0722372911855475, 0.158512098967598, 
0.0477724280646916, -0.0569432992473329, 0.136887155741065, 0.0578594344011054, 
-0.14888426015975, -0.204064855156855, -0.248307726608799, -0.088595222358734, 
-0.373509163485747, 0.491013512270339, 0.020518494198711, -0.409214700910876, 
0.167459492954957, -0.193151440378115, 144.580842146596, -170.03133614396, 
-23.571216704543, 25.1978323562209, -32.2283726586119, 3.02124930219945, 
31.644839221072, 0.258828281199474, 0.402076578744626, 0.0435917364577463, 
0.241283908914263, -0.0338573299116952, -0.0475641265040829, 
0.234489313924741, -0.101781115263829, -0.352202893660925, 0.134347909347744, 
-0.0909774853866607, -0.15342458295337, 0.154956957711176, 0.170169758202862, 
-0.368956350765568, -0.261045507641585, 0.196339117116771, -0.188443453335463, 
-0.180618069363748, 0.0226467934535528), .Dim = c(27L, 7L), .Dimnames = list(
    c("1", "2", "3", "4", "5", "6", "7", "8", "9", "10", "11", 
    "12", "14", "15", "16", "17", "19", "20", "21", "22", "23", 
    "24", "26", "27", "28", "29", "30"), c("x1", "x2", "x3", 
    "x4", "x5", "x6", "x7")), assign = 1:7), qraux = c(1.02127413352202, 
1.20298036769447, 1.18340627766098, 1.08033600400118, 1.09268299725738, 
1.2853935633411, 1.32267621359398), pivot = 1:7, tol = 1e-07, 
    rank = 7L), .Names = c("qr", "qraux", "pivot", "tol", "rank"
), class = "qr"), df.residual = 20L, xlevels = structure(list(), .Names = character(0)), 
    call = quote(lm(formula = y ~ . + 0, data = structure(list(y = c(43, 
        63, 71, 61, 81, 43, 58, 71, 72, 67, 64, 67, 68, 77, 81, 
        74, 65, 50, 50, 64, 53, 40, 66, 78, 48, 85, 82), x1 = c(-0.172465573302085, 
        0.459674631249372, 2.08886146281729, 0.721786210877214, 
        2.38430160855418, 2.16354220612773, 0.107437696677756, 
        -1.70059563395422, 2.78954671539225, 1.18336261124564, 
        0.586064548012546, 0.963697820323011, 2.17656843070712, 
        1.20998653226313, 0.817580335954143, 1.06070969206283, 
        2.24332879534721, -1.32624003245954, 2.53127220237103, 
        1.50202002450137, 1.04403103974092, 1.13336038778957, 
        -0.532476909202731, 1.07466775059455, 2.60502395476441, 
        1.64561525787477, 0.338586141253477), x2 = c(51, 64, 
        70, 63, 78, 55, 67, 75, 82, 61, 53, 60, 83, 77, 90, 85, 
        70, 58, 40, 61, 66, 37, 77, 75, 57, 85, 82), x3 = c(30, 
        51, 68, 45, 56, 49, 42, 50, 72, 45, 53, 47, 83, 54, 50, 
        64, 46, 68, 33, 52, 52, 42, 66, 58, 44, 71, 39), x4 = c(39, 
        54, 69, 47, 66, 44, 56, 55, 67, 47, 58, 39, 45, 72, 72, 
        69, 57, 54, 34, 62, 50, 58, 63, 74, 45, 71, 59),