
expected <- structure(list(coefficients = structure(c(24.437145133681, 0.614511016192047, 
-0.00368165033305673, 0.254735100401675, -0.0228765445855802, 
-0.0899483142558561, -0.139474253642548), .Names = c("x1", "x2", 
"x3", "x4", "x5", "x6", "x7")), residuals = structure(c(-6.79163008748866, 
0.0459453894076298, 1.8863666362753, 7.18947862919482, -9.39499569420248, 
-0.347070082743573, -6.21557475262972, 7.44332691673287, 4.60127009579037, 
10.1353057659088, 6.38596180591555, -5.64761571358342, 1.95507631650231, 
-5.58047689339344, -2.28875944386532, 1.64889894754757, -1.32369293108817, 
4.15197387909918, 0.55656578469682, -10.719670026401, -8.5745569488199, 
6.005094556599, -2.874350615823, 3.8317011112295, -8.62703556326083, 
6.57050012890074, 5.97796278949905), .Names = c("1", "2", "3", 
"5", "7", "8", "9", "10", "11", "12", "13", "14", "15", "16", 
"17", "18", "19", "21", "22", "23", "24", "25", "26", "27", "28", 
"29", "30")), effects = structure(c(-343.523410167827, 49.3571362451374, 
-0.900494662017867, -9.30463239602708, -3.16235810220582, -6.08822804831506, 
-5.35915327310095, 10.1078075326168, 3.86798373597706, 10.3436653745797, 
10.6644332909055, 1.40735687900161, 0.845046530238112, -5.30722975092634, 
-5.43260380744962, -1.74573695721908, -0.132075093744116, 5.41066205176066, 
1.63662422860863, -8.49058521224711, -12.8075256396726, 7.7356429468557, 
-7.15522013589589, 3.96620672215653, -6.2282779721667, 4.27546186639298, 
9.49521625481279), .Names = c("x1", "x2", "x3", "x4", "x5", "x6", 
"x7", "", "", "", "", "", "", "", "", "", "", "", "", "", "", 
"", "", "", "", "", "")), rank = 7L, fitted.values = structure(c(49.7916300874887, 
62.9540546105924, 69.1136333637247, 73.8105213708052, 67.3949956942025, 
71.3470700827436, 78.2155747526297, 59.5566730832671, 59.3987299042096, 
56.8646942340912, 62.6140381940845, 73.6476157135834, 75.0449236834977, 
86.5804768933934, 76.2887594438653, 63.3511010524524, 66.3236929310882, 
45.8480261209008, 63.4434342153032, 63.719670026401, 48.5745569488199, 
56.994905443401, 68.874350615823, 74.1682988887705, 56.6270355632608, 
78.4294998710993, 76.022037210501), .Names = c("1", "2", "3", 
"5", "7", "8", "9", "10", "11", "12", "13", "14", "15", "16", 
"17", "18", "19", "21", "22", "23", "24", "25", "26", "27", "28", 
"29", "30")), assign = 1:7, qr = structure(list(qr = structure(c(-5.19615242270663, 
0.192450089729875, 0.192450089729875, 0.192450089729875, 0.192450089729875, 
0.192450089729875, 0.192450089729875, 0.192450089729875, 0.192450089729875, 
0.192450089729875, 0.192450089729875, 0.192450089729875, 0.192450089729875, 
0.192450089729875, 0.192450089729875, 0.192450089729875, 0.192450089729875, 
0.192450089729875, 0.192450089729875, 0.192450089729875, 0.192450089729875, 
0.192450089729875, 0.192450089729875, 0.192450089729875, 0.192450089729875, 
0.192450089729875, 0.192450089729875, -350.644063487833, 69.9910047130397, 
-0.0739876890014511, -0.188288091357435, -0.0311250381179571, 
-0.145425440473941, -0.245438292535427, 0.0546002636490308, 0.168900666005015, 
0.0688878139435288, 0.0403127133545328, -0.259725842829925, -0.174000541062937, 
-0.359738694891411, -0.288300943418921, 0.0688878139435288, -0.0739876890014511, 
0.354638819833489, 0.0546002636490308, -0.0168374878234591, 0.397501470716983, 
0.154613115710517, -0.174000541062937, -0.145425440473941, 0.111750464827023, 
-0.288300943418921, -0.245438292535427, -275.588528493181, 38.4409186516115, 
-50.5891167760729, -0.00316766421737167, -0.167031203886066, 
-0.0909859330561284, 0.272060140307717, -0.0461612801759294, 
0.194067007807626, 0.00363435324785844, 0.18078245036209, 0.479236773419893, 
-0.0324404204969572, -0.244907511637645, 0.0831390451846672, 
0.359442106913039, -0.118747129898996, -0.0678762392719259, 0.092208401804974, 
0.0409012089444684, 0.140811953276968, -0.0336325024487515, 0.204764748613163, 
0.0671508463506184, -0.0248826233133682, 0.221508727165571, -0.380254074745113, 
-297.527838722387, 35.5135583468277, -11.8516979838765, -48.2235379626031, 
0.0750897993545926, -0.058236441180571, -0.0196557085553235, 
-0.0941457096375501, 0.127353894350043, -0.268315037800077, -0.293849248636085, 
-0.564434550492817, 0.251241851319996, 0.194927838781171, 0.0615428067064411, 
0.344114840428868, 0.0461558654104395, -0.135222990778853, 0.164758226616937, 
-0.117203131244745, 0.315284649387418, -0.00469171660190341, 
-0.0247846889873241, 0.276164899973097, -0.101673414793717, 0.0508688449211501, 
0.0602883418434414, -315.040796887806, 13.1561879785855, -2.68109876518748, 
3.40924860727099, 44.882064875778, 0.0993471477615959, -0.16817130910175, 
0.118341966943063, -0.173830079372847, -0.390146146925527, 0.173558132482381, 
0.470943066676952, -0.152409770135614, 0.021886723306274, -0.364872840683846, 
-0.0626175755411349, -0.0282301644705315, -0.07367013662127, 
0.111335824390233, -0.0528121630934146, -0.166330597483896, -0.0407720920238196, 
-0.367885691232379, 0.177227341730264, -0.0146279840547721, -0.282390421898061, 
0.232068283184037, -391.058582331106, 6.68128185253085, -3.59575616558608, 
2.60675033656675, -4.16280412419165, 44.626137073427, 0.0176619004701686, 
-0.0810829902547965, 0.256491751616938, 0.110573394143817, 0.338298842852564, 
0.124279108127747, 0.0777509866969593, 0.583606783189543, 0.104558667467128, 
0.0110720391057922, -0.157251746844173, 0.215783364262083, -0.0534217543354508, 
-0.029049524179988, 0.412183481642814, 0.0245133401039823, 0.164443045025315, 
0.0321923499682967, -0.145381441936164, 0.233380700057645, -0.0311280079215927, 
-224.589254714764, 11.8745418003161, -11.0954592247823, -23.6033527970351, 
17.9965025227052, 14.8714346385775, 38.4239609328591, -0.0732060343636435, 
0.389804002113316, 0.119441322614565, 0.139790231089935, -0.269133472556827, 
0.194390620626703, 0.140968172064218, -0.169132709541304, -0.0917456157609081, 
0.00631786106953104, 0.0846428998789224, 0.120622962646121, 0.157881570958372, 
-0.000793752960759321, 0.247755373599216, -0.45861870901419, 
-0.052542656572352, 0.10088001288304, -0.0172228071276617, -0.0521315497048294
), .Dim = c(27L, 7L), .Dimnames = list(c("1", "2", "3", "5", 
"7", "8", "9", "10", "11", "12", "13", "14", "15", "16", "17", 
"18", "19", "21", "22", "23", "24", "25", "26", "27", "28", "29", 
"30"), c("x1", "x2", "x3", "x4", "x5", "x6", "x7")), assign = 1:7), 
    qraux = c(1.19245008972988, 1.01173761276554, 1.31612901346956, 
    1.10529795744899, 1.03796610527821, 1.27816707626883, 1.55445770766547
    ), pivot = 1:7, tol = 1e-07, rank = 7L), .Names = c("qr", 
"qraux", "pivot", "tol", "rank"), class = "qr"), df.residual = 20L, 
    xlevels = structure(list(), .Names = character(0)), call = quote(lm(formula = y ~ 
        . + 0, data = structure(list(y = c(43, 63, 71, 81, 58, 
        71, 72, 67, 64, 67, 69, 68, 77, 81, 74, 65, 65, 50, 64, 
        53, 40, 63, 66, 78, 48, 85, 82), x1 = c(1, 1, 1, 1, 1, 
        1, 1, 1, 1, 1, 1, 1, 1, 1, 1, 1, 1, 1, 1, 1, 1, 1, 1, 
        1, 1, 1, 1), x2 = c(51, 64, 70, 78, 67, 75, 82, 61, 53, 
        60, 62, 83, 77, 90, 85, 60, 70, 40, 61, 66, 37, 54, 77, 
        75, 57, 85, 82), x3 = c(30, 51, 68, 56, 42, 50, 72, 45, 
        53, 47, 57, 83, 54, 50, 64, 65, 46, 33, 52, 52, 42, 42, 
        66, 58, 44, 71, 39), x4 = c(39, 54, 69, 66, 56, 55, 67, 
        47, 58, 39, 42, 45, 72, 72, 69, 75, 57, 34, 62, 50, 58, 
        48, 63, 74, 45, 71, 59), x5 = c(55, 55, 54, 50, 58, 59, 
        71, 55, 62, 80, 55, 50, 66, 63, 80, 55, 62, 59, 51, 64, 
        55, 59, 79, 50, 60, 76, 54), x6 = c(92, 73, 86, 83, 68, 
        66, 83, 80, 67, 74, 63, 77, 77, 54, 79, 80, 85, 64, 80, 
        80, 57, 75, 76, 78, 83, 74, 78), x7 = c(45, 47, 48, 47, 
        35, 41, 31, 41, 34, 41, 25, 35, 46, 36, 63, 60, 46, 33, 
        41, 37, 49, 33, 72, 49, 38, 55, 39)), .Names = c("y", 
        "x1", "x2", "x3", "x4", "x5", "x6", "x7"),