
expected <- structure(list(coefficients = structure(c(18.7871053660356, 0.607520648606085, 
-0.124227413571666, 0.251100792052652, -0.0474020939973707, 0.0974449925894236, 
-0.153996552165725), .Names = c("x1", "x2", "x3", "x4", "x5", 
"x6", "x7")), residuals = structure(c(-8.50196608477244, 3.08182506265728, 
-1.29855872787998, -4.37160802339676, 5.98663537790499, -11.638151066351, 
-6.45528515688908, 2.74721846619091, -5.17703491750359, 9.62973326558475, 
4.00634868864387, 10.3282030662948, 6.41788024290561, -3.007370036862, 
3.38817039240495, -1.20587817181136, -2.28946032722063, 2.93095967488207, 
-2.05875115755421, -6.19134598097067, 4.47588986757361, -0.177082992078887, 
-12.3323514618475, -2.52327034796264, 6.96427190466716, 0.915235505756756, 
6.35574293763395), .Names = c("1", "2", "3", "4", "5", "6", "7", 
"8", "9", "10", "11", "12", "13", "14", "15", "16", "17", "18", 
"19", "20", "21", "22", "23", "24", "25", "26", "30")), effects = structure(c(-332.553755053224, 
-47.3569455303206, -10.2903098923819, 7.74547530138231, -2.99841116316379, 
3.73503742693526, -5.59764475133341, 6.07041874104654, -5.08741765037603, 
11.4171361464238, 6.3348949089264, 13.150878372409, 10.3899435166458, 
-3.05314876059458, 4.92262369085571, -2.263886732448, -2.97573167507468, 
-2.36123513321066, -0.0534520016207813, -5.19271784307996, 7.57538559453077, 
0.731711845965765, -10.8625935111652, -0.727036721690354, 11.7381488973279, 
3.87042872153131, 5.4556910088621), .Names = c("x1", "x2", "x3", 
"x4", "x5", "x6", "x7", "", "", "", "", "", "", "", "", "", "", 
"", "", "", "", "", "", "", "", "", "")), rank = 7L, fitted.values = structure(c(51.5019660847724, 
59.9181749373427, 72.29855872788, 65.3716080233968, 75.013364622095, 
54.638151066351, 64.4552851568891, 68.2527815338091, 77.1770349175036, 
57.3702667344153, 59.9936513113561, 56.6717969337052, 62.5821197570944, 
71.007370036862, 73.6118296075951, 82.2058781718114, 76.2894603272206, 
62.0690403251179, 67.0587511575542, 56.1913459809707, 45.5241101324264, 
64.1770829920789, 65.3323514618475, 42.5232703479626, 56.0357280953328, 
65.0847644942432, 75.6442570623661), .Names = c("1", "2", "3", 
"4", "5", "6", "7", "8", "9", "10", "11", "12", "13", "14", "15", 
"16", "17", "18", "19", "20", "21", "22", "23", "24", "25", "26", 
"30")), assign = 1:7, qr = structure(list(qr = structure(c(-5.19615242270663, 
0.192450089729875, 0.192450089729875, 0.192450089729875, 0.192450089729875, 
0.192450089729875, 0.192450089729875, 0.192450089729875, 0.192450089729875, 
0.192450089729875, 0.192450089729875, 0.192450089729875, 0.192450089729875, 
0.192450089729875, 0.192450089729875, 0.192450089729875, 0.192450089729875, 
0.192450089729875, 0.192450089729875, 0.192450089729875, 0.192450089729875, 
0.192450089729875, 0.192450089729875, 0.192450089729875, 0.192450089729875, 
0.192450089729875, 0.192450089729875, -342.753609808908, -68.0364825881156, 
0.0948302518508885, -0.00805572540306698, 0.212414225855409, 
-0.125639699407587, 0.0507362615991933, 0.168320235603714, 0.271206212857669, 
-0.0374517189041971, -0.155035692908718, -0.0521497156547622, 
-0.022753722153632, 0.285904209608234, 0.197716229104844, 0.38879018686219, 
0.315300203109364, -0.0521497156547622, 0.0948302518508885, -0.0815457091558923, 
-0.346109650666063, -0.0374517189041971, 0.0360382648486282, 
-0.390203640917759, -0.140337696158153, 0.197716229104844, 0.271206212857669, 
-271.547076608854, -2.22320810108548, 65.3317880585282, 0.353050522624409, 
0.2197835373665, 0.0965674802129803, -0.0620881552269861, 0.0260235578991412, 
-0.134129202562968, -0.281236784876401, 0.273523850177714, 0.00622569835223117, 
0.303770347282439, -0.207300903064853, 0.0327450017001911, 0.137660324328943, 
0.182082652748246, -0.177452115413552, 0.0704458863184444, -0.184173559214602, 
0.0920761051465522, 0.11673181161613, 0.1794548745602, -0.377200594969482, 
-0.0445516020118824, -0.181545781026557, 0.0954680646442617, 
-288.867584684543, -31.8151748922231, 2.95598977209995, 47.9955757290504, 
-0.0946234011847934, 0.114843529136801, -0.0391587111135131, 
0.0751234096703105, -0.129150320649395, 0.0550368459074437, -0.170004190749971, 
0.25534934206968, 0.258031135435459, 0.32812600345826, -0.258037845273376, 
-0.111995830525215, -0.0927905863087699, -0.522603685477649, 
-0.00984761494740798, -0.106101415466632, 0.172381596596954, 
-0.197076861388782, 0.112512304529719, -0.428931312299115, 7.05655672218181e-05, 
-0.103051768636794, 0.0723865744119572, -333.131105322414, -32.1902459944875, 
3.94381684947179, 12.7600518279262, 36.5798047491714, 0.102385085134378, 
-0.00710178856590202, -0.068761520423785, 0.0868671088419535, 
-0.0489071828111656, 0.143411145457271, -0.058216795155489, 0.107206976022104, 
0.168564489003214, -0.105979034826508, 0.50854503585697, -0.079610993883325, 
0.458204391802884, -0.217008593687387, -0.0424001823256049, 0.181938613446571, 
0.0233797185586809, 0.00529864710131645, 0.231833120529974, -0.19060522906877, 
-0.460377961705225, 0.192552935594009, -386.439780177589, -11.4110891809387, 
0.85774755541564, 1.34372350141156, 21.952942226286, 46.2775360611738, 
0.199977018265039, 0.30246125237271, -0.140011019907457, -0.0756924569726836, 
0.16207070677298, 0.101381313204338, 0.31485875718388, -0.0167284363993982, 
0.0618318155851191, 0.376810211479238, 0.0548531831817406, -0.297436571117836, 
-0.0638302103437357, -0.0415290669409957, 0.185097795916939, 
-0.0747747449278849, -0.0286387114493644, 0.216841512567202, 
0.0934911513008854, 0.203994656931207, -0.0324311579220013, -220.547802830437, 
-8.28150461356839, 18.2679430061464, 24.8858670911002, 22.1021579037153, 
5.02918228175098, 36.349156345458, 0.0522560553498023, 0.513712192531552, 
0.116164344852574, 0.13302889274821, -0.122410293628081, 0.127687183891423, 
0.0604041403022879, 0.196879953869868, 0.0412439594534667, -0.399392092476862, 
-0.295525574744063, 0.0562548511001224, -0.126876518951533, -0.108856546453919, 
0.135075100965438, 0.0459315633695148, -0.0511375754709447, 0.32805990185629, 
-0.388262647402882, 0.0218066847243701), .Dim = c(27L, 7L), .Dimnames = list(
    c("1", "2", "3", "4", "5", "6", "7", "8", "9", "10", "11", 
    "12", "13", "14", "15", "16", "17", "18", "19", "20", "21", 
    "22", "23", "24", "25", "26", "30"), c("x1", "x2", "x3", 
    "x4", "x5", "x6", "x7")), assign = 1:7), qraux = c(1.19245008972988, 
1.0066422713475, 1.37657557592808, 1.17134486913287, 1.05595127645342, 
1.57013021679186, 1.25884423130741), pivot = 1:7, tol = 1e-07, 
    rank = 7L), .Names = c("qr", "qraux", "pivot", "tol", "rank"
), class = "qr"), df.residual = 20L, xlevels = structure(list(), .Names = character(0)), 
    call = quote(lm(formula = y ~ . + 0, data = structure(list(y = c(43, 
        63, 71, 61, 81, 43, 58, 71, 72, 67, 64, 67, 69, 68, 77, 
        81, 74, 65, 65, 50, 50, 64, 53, 40, 63, 66, 82), x1 = c(1, 
        1, 1, 1, 1, 1, 1, 1, 1, 1, 1, 1, 1, 1, 1, 1, 1, 1, 1, 
        1, 1, 1, 1, 1, 1, 1, 1), x2 = c(51, 64, 70, 63, 78, 55, 
        67, 75, 82, 61, 53, 60, 62, 83, 77, 90, 85, 60, 70, 58, 
        40, 61, 66, 37, 54, 77, 82), x3 = c(58, 66, 30, 30, 42, 
        45, 58, 54, 66, 71, 33, 52, 33, 71, 54, 50, 46, 64, 50, 
        64, 42, 45, 42, 72, 54, 68, 51), x4 = c(39, 54, 69, 47, 
        66, 44, 56, 55, 67, 47, 58, 39, 42, 45, 72, 72, 69, 75, 
        57, 54, 34, 62, 50, 58, 48, 63, 59), x5 = c(61, 63, 76, 
        54, 71, 54, 66, 70, 71, 62, 58, 59, 55, 59, 79, 60, 79, 
        55, 75, 64, 43, 66, 63, 50, 66, 88, 64), x6 = c(92, 73, 
        86, 84, 83, 49, 68, 66, 83, 80, 67, 74, 63, 77, 77, 54, 
        79, 80, 85, 78, 64, 80, 80, 57, 75, 76, 78), x7 = c(45, 
        47, 48, 35, 47, 34, 35, 41, 31, 41, 34, 41, 25, 35, 46, 
        36, 63, 60, 46, 52, 33, 41, 37, 49, 33, 72, 39)), .Names = c("y", 
        "x1", "x2", "x3", "x4", "x5", "x6", "x7"),