
expected <- structure(list(coefficients = structure(c(-0.0968907062360458, 
0.676306883875798, -0.104596979163013, 0.297339897816889, 0.133076069724865, 
0.1378012953143, -0.234588962762826), .Names = c("x1", "x2", 
"x3", "x4", "x5", "x6", "x7")), residuals = structure(c(-10.0624908171678, 
1.59102260699512, -0.294509834633827, -1.39088042112054, 4.96396954402584, 
-7.93768240404662, 0.45486829454564, -9.34710633366959, 6.87992435692884, 
11.4591673054619, 10.4840742599327, -2.9045256802428, -1.01597416986307, 
-2.85091454545956, -3.66813907618304, 4.5926100688504, -5.2244324714995, 
-5.24923720019924, 9.5681330125987, -0.369827956220294, -0.771744916065679, 
5.34204245704986, -3.04250133873082, 1.68369332883833, -8.55503169654613, 
6.55748078725201, 2.98230992027464), .Names = c("1", "2", "3", 
"4", "5", "6", "8", "9", "10", "12", "13", "14", "15", "16", 
"17", "18", "19", "20", "21", "22", "24", "25", "26", "27", "28", 
"29", "30")), effects = structure(c(-290.65898414364, -183.294706497921, 
1.30094693737941, 13.2526929506866, 5.94893946175018, 6.93266543015417, 
-8.77779772085592, -10.9157758380469, 7.89245362828111, 14.4165680034317, 
11.1483192247105, -1.76724033049851, 0.420072106729929, -3.82509948871238, 
0.301114976707957, -0.159661541407892, -2.62778700533947, -4.61933378209287, 
9.85222185055934, -1.19397660195378, -1.10065281365193, 7.15282527867799, 
4.15382746205883, 3.70756942008607, -9.86451850970026, 9.52877711999322, 
2.17870106389152), .Names = c("x1", "x2", "x3", "x4", "x5", "x6", 
"x7", "", "", "", "", "", "", "", "", "", "", "", "", "", "", 
"", "", "", "", "", "")), rank = 7L, fitted.values = structure(c(53.0624908171678, 
61.4089773930049, 71.2945098346338, 62.3908804211205, 76.0360304559742, 
50.9376824040466, 70.5451317054544, 81.3471063336696, 60.1200756430712, 
55.5408326945381, 58.5159257400673, 70.9045256802428, 78.0159741698631, 
83.8509145454596, 77.668139076183, 60.4073899311496, 70.2244324714995, 
55.2492372001992, 40.4318669874013, 64.3698279562203, 40.7717449160657, 
57.6579575429501, 69.0425013387308, 76.3163066711617, 56.5550316965461, 
78.442519212748, 79.0176900797254), .Names = c("1", "2", "3", 
"4", "5", "6", "8", "9", "10", "12", "13", "14", "15", "16", 
"17", "18", "19", "20", "21", "22", "24", "25", "26", "27", "28", 
"29", "30")), assign = 1:7, qr = structure(list(qr = structure(c(-8.18872878268856, 
0.0178689327815924, 0.195677582691118, 0.0445761920229051, 0.43248179270161, 
0.225918312412121, 0.118214671465351, 0.144312734347855, 0.0749016961839348, 
0.18705903021516, 0.097415157090832, 0.225943183815173, 0.192218761195794, 
0.22177660818315, 0.328202262870738, -0.0747890566426463, 0.197483317818896, 
-0.0163025109065164, 0.0987919722655354, 0.0880998613553343, 
0.148559540316427, 0.149403057349375, 0.195773411507861, 0.306227774397898, 
0.103975632672206, 0.340395038484046, 0.0247615843274327, -302.087664989152, 
-187.875071953151, 0.0553599482216626, 0.263063299774937, -0.285960187461158, 
-0.0735059268095015, 0.207554495412087, 0.202503708268352, 0.203254907287131, 
0.0161052911465749, 0.172079280182428, 0.0754889579646555, 0.0982261127401366, 
0.119502517463042, -0.0796457735903901, 0.44060748022776, 0.0524325313218823, 
0.335145044821824, 0.0527481283819269, 0.181858340772759, -0.0439019837536311, 
0.0452161861548355, 0.092463394146322, -0.0972480896614236, 0.134830156131861, 
-0.099412425319397, 0.396317325544851, -235.394459528776, -152.405729359926, 
-55.8653925200966, -0.0926939033969045, 0.00793298908345751, 
0.151243179380119, -0.153975858739414, 0.146617555601592, -0.0542876535743943, 
0.030944021434847, 0.153052989829365, 0.354481747156491, -0.0882672742080412, 
-0.33886609325822, 0.0172920548217627, 0.271542524069792, -0.128484202675466, 
0.372425627546018, 0.0423868907943811, 0.0751267212074383, 0.262431432670226, 
0.0165738085596017, 0.127642562055812, 0.0478194896674161, -0.00521626894305157, 
0.146393101508179, -0.481345971039079, -249.634671875021, -158.549213385635, 
-17.0154148386929, 50.6572126208513, -0.0692792787520228, 0.0789048038889855, 
0.0768051539643924, 0.0861453431553965, 0.052744061720275, 0.213726871589906, 
0.25673537205964, 0.616364486140035, -0.208211905953336, -0.107823712139216, 
0.00927704321873927, -0.347363541996714, -0.0475454095719863, 
0.0692517595215021, -0.00155130667890432, -0.187912670904601, 
-0.435484323339188, -0.0642412452521049, 0.064961963102527, -0.23897280180553, 
0.0426652532489783, 0.0252708674755229, -0.0159901425376641, 
-290.16520744968, -173.065376275896, -15.529523393885, 23.9271572677561, 
42.5306121330205, 0.0503777885065853, -0.057368445871791, 0.204229914076359, 
-0.139032544212663, -0.106582268843473, 0.0185888776805037, 0.304176041738454, 
0.00855647807424394, 0.587244231690892, 0.152351214476193, 0.322765894940119, 
-0.164698258431606, -0.1218320251497, -0.0706121139272146, -0.0256324908445009, 
0.0781632193276376, -0.254390738007824, -0.278864843509514, 0.064723409790966, 
0.0705073039016738, 0.248723201629467, 0.118451177397548, -316.439992026734, 
-218.876199337995, -22.9442996123241, 20.5212714739986, 50.220357463011, 
59.3067705928484, 0.329033409171482, 0.0890883670711978, -0.077506202030241, 
-0.00905878776188409, 0.160889810100435, 0.147646426416315, 0.189095645980933, 
0.28149401949559, 0.213789377677499, -0.281526991083923, 0.016510853960463, 
0.0424449155464976, -0.228441082747784, -0.0882730999333754, 
-0.150946935072244, -0.00217901003239304, 0.474927440556975, 
0.143141696873926, -0.34786854855417, 0.270257282984168, 0.0184601794533991, 
-190.444834226976, -120.042347740261, -24.4910051454341, 33.3421795342041, 
28.2677303968442, 5.2853483124093, 37.4177779614057, 0.459434726149748, 
0.0242742237212124, -0.131420503977445, 0.235037910665006, -0.102998829841342, 
0.256990862122516, 0.0713055002690513, -0.313448662132599, -0.266498457699613, 
0.114518780722261, -0.138798886059815, -0.0585783047460612, 0.240295585005246, 
-0.12831496981672, 0.342741100125557, -0.404157475773683, 0.212635647831895, 
-0.0482914738246165, -0.125218013472834, 0.0715484487934713), .Dim = c(27L, 
7L), .Dimnames = list(c("1", "2", "3", "4", "5", "6", "8", "9", 
"10", "12", "13", "14", "15", "16", "17", "18", "19", "20", "21", 
"22", "24", "25", "26", "27", "28", "29", "30"), c("x1", "x2", 
"x3", "x4", "x5", "x6", "x7")), assign = 1:7), qraux = c(1.15926535478793, 
1.31168318961214, 1.26475677362779, 1.07391351991938, 1.27446169684371, 
1.25453353382167, 1.07503369237045), pivot = 1:7, tol = 1e-07, 
    rank = 7L), .Names = c("qr", "qraux", "pivot", "tol", "rank"
), class = "qr"), df.residual = 20L, xlevels = structure(list(), .Names = character(0)), 
    call = quote(lm(formula = y ~ . + 0, data = structure(list(y = c(43, 
        63, 71, 61, 81, 43, 71, 72, 67, 67, 69, 68, 77, 81, 74, 
        65, 65, 50, 50, 64, 40, 63, 66, 78, 48, 85, 82), x1 = c(1.30418079483706, 
        0.146323844184553, 1.60235065350968, 0.365022346640615, 
        3.54147610388442, 1.84998378738556, 0.968027882764394, 
        1.18173784146277, 0.613349675413581, 1.53177566478469, 
        0.797706300739824, 1.8501874525596, 1.57402730237674, 
        1.8160684947564, 2.68755931651313, -0.612427300759763, 
        1.61713732872443, -0.133496840290285, 0.80898066678936, 
        0.721425870431298, 1.21651378373211, 1.2234211159385, 
        1.60313536969955, 2.50761619027073, 0.851428255961143, 
        2.78740264911869, 0.202765898287018), x2 = c(51, 64, 
        70, 63, 78, 55, 75, 82, 61, 60, 62, 83, 77, 90, 85, 60, 
        70, 58, 40, 61, 37, 54, 77, 75, 57, 85, 82), x3 = c(30, 
        51, 68, 45, 56, 49, 50, 72, 45, 47, 57, 83, 54, 50, 64, 
        65, 46, 68, 33, 52, 42, 42, 66, 58, 44, 71, 39), x4 = c(39, 
        54, 69, 47, 66, 44, 55, 67, 47, 39, 42, 45, 72, 72, 69, 
        75, 57, 54, 34, 62, 58, 48, 63, 74, 45, 71, 59), x5 = c(61, 
        63, 76, 54, 71, 54, 70, 71, 62, 59, 55, 59, 79, 60, 79, 
        55, 75, 64, 43, 66, 50, 66, 88, 80, 51, 77, 64),