
expected <- structure(list(coefficients = structure(c(26.8651305494148, 0.606505867282266, 
0.0432075667138085, 0.00827261138202031, 0.215085593440016, -0.185037105618362, 
-0.10641421457888), .Names = c("x1", "x2", "x3", "x4", "x5", 
"x6", "x7")), residuals = structure(c(-7.94731696034001, -0.439209454942495, 
3.01882713947484, 9.12399127169459, -9.65109094866727, -2.54000105474362, 
-4.89452337128598, 6.47005053557233, 5.91803055748576, 6.49208497050877, 
3.9858495702662, -8.05503329238855, 2.92922634488741, -2.30543036094837, 
-3.30814218354346, 7.89705391591564, -2.36229333903385, 2.96679297237301, 
2.24934691514146, -11.3402219919508, -6.47742847903649, 4.44000580690328, 
-7.98466538011603, 4.96906057014098, -7.29345599998577, 6.05134940299909, 
8.08714284361934), .Names = c("1", "2", "3", "5", "7", "8", "9", 
"10", "11", "12", "13", "14", "15", "16", "17", "18", "19", "21", 
"22", "23", "24", "25", "26", "27", "28", "29", "30")), effects = structure(c(-343.523410167827, 
49.3571362451374, -0.900494662017867, 0.405458376145654, -2.47719671539194, 
-7.7749537384294, -4.39697479075936, 9.15788014336395, 3.74168817802314, 
9.05562754732318, 5.39895949275263, -9.9345800712896, 2.91420033129541, 
-2.07380646927891, -2.91349274011843, 3.78771597533448, 2.21640610570635, 
4.57018526845049, 6.79184483807155, -12.3074026018755, -8.63871128249084, 
4.78649285454474, -6.94226226501631, 10.8587705488145, -10.040378393507, 
5.88791415350785, 7.33330320148174), .Names = c("x1", "x2", "x3", 
"x4", "x5", "x6", "x7", "", "", "", "", "", "", "", "", "", "", 
"", "", "", "", "", "", "", "", "", "")), rank = 7L, fitted.values = structure(c(50.94731696034, 
63.4392094549425, 67.9811728605252, 71.8760087283054, 67.6510909486673, 
73.5400010547436, 76.894523371286, 60.5299494644277, 58.0819694425142, 
60.5079150294912, 65.0141504297338, 76.0550332923886, 74.0707736551126, 
83.3054303609484, 77.3081421835435, 57.1029460840844, 67.3622933390339, 
47.033207027627, 61.7506530848585, 64.3402219919508, 46.4774284790365, 
58.5599941930967, 73.984665380116, 73.030939429859, 55.2934559999858, 
78.9486505970009, 73.9128571563807), .Names = c("1", "2", "3", 
"5", "7", "8", "9", "10", "11", "12", "13", "14", "15", "16", 
"17", "18", "19", "21", "22", "23", "24", "25", "26", "27", "28", 
"29", "30")), assign = 1:7, qr = structure(list(qr = structure(c(-5.19615242270663, 
0.192450089729875, 0.192450089729875, 0.192450089729875, 0.192450089729875, 
0.192450089729875, 0.192450089729875, 0.192450089729875, 0.192450089729875, 
0.192450089729875, 0.192450089729875, 0.192450089729875, 0.192450089729875, 
0.192450089729875, 0.192450089729875, 0.192450089729875, 0.192450089729875, 
0.192450089729875, 0.192450089729875, 0.192450089729875, 0.192450089729875, 
0.192450089729875, 0.192450089729875, 0.192450089729875, 0.192450089729875, 
0.192450089729875, 0.192450089729875, -350.644063487833, 69.9910047130397, 
-0.0739876890014511, -0.188288091357435, -0.0311250381179571, 
-0.145425440473941, -0.245438292535427, 0.0546002636490308, 0.168900666005015, 
0.0688878139435288, 0.0403127133545328, -0.259725842829925, -0.174000541062937, 
-0.359738694891411, -0.288300943418921, 0.0688878139435288, -0.0739876890014511, 
0.354638819833489, 0.0546002636490308, -0.0168374878234591, 0.397501470716983, 
0.154613115710517, -0.174000541062937, -0.145425440473941, 0.111750464827023, 
-0.288300943418921, -0.245438292535427, -275.588528493181, 38.4409186516115, 
-50.5891167760729, -0.00316766421737167, -0.167031203886066, 
-0.0909859330561284, 0.272060140307717, -0.0461612801759294, 
0.194067007807626, 0.00363435324785844, 0.18078245036209, 0.479236773419893, 
-0.0324404204969572, -0.244907511637645, 0.0831390451846672, 
0.359442106913039, -0.118747129898996, -0.0678762392719259, 0.092208401804974, 
0.0409012089444684, 0.140811953276968, -0.0336325024487515, 0.204764748613163, 
0.0671508463506184, -0.0248826233133682, 0.221508727165571, -0.380254074745113, 
-298.682539260766, 7.59727257696696, 10.0125807854854, 60.6528681609216, 
0.126673645913114, -0.0830686610715692, -0.221662957855836, -0.125974052408439, 
0.263591956346216, -0.206181085013104, -0.218166610307096, -0.226170898249501, 
0.348617186276374, -0.158545845987928, 0.062429243147323, 0.0785569118661266, 
-0.0808825029051396, -0.207933022581344, -0.27812291357051, 0.185840263626242, 
0.178704416880217, 0.325084489093284, 0.203201432484612, -0.256953073828221, 
0.193973976419399, 0.0421785138060716, 0.198839448168512, -340.05930855269, 
35.7220507474215, -2.99208838484361, -12.0061825553174, -38.2295794459079, 
0.0377844061441541, -0.0829926228007479, 0.0221600665727276, 
-0.119781956301016, -0.0347502681568969, -0.204770233373066, 
-0.457104206137013, 0.129128841179535, -0.37802711535393, 0.0602653841660363, 
-0.28882667928994, 0.243578829947602, -0.159803978994965, 0.13139443470449, 
-0.115190544221486, -0.0752543125101789, 0.113136943454236, 0.344904044482351, 
0.304622929285905, -0.291452571049556, -0.0189165501343578, -0.216991419328467, 
-391.058582331106, 6.68128185253085, -3.59575616558608, -4.43717006029653, 
-16.667395108697, 41.4502793444925, -0.0450108797475556, -0.0877236521168736, 
0.273522200602461, 0.0420223048663195, 0.32037339637619, 0.0818131692113759, 
0.136184046351744, 0.544099684162187, 0.0903145038327608, -0.034104539551196, 
-0.143764276035839, 0.168768961520499, -0.0638731062935563, -0.029124510140278, 
0.436102845112727, 0.0869610373275533, 0.22236920672888, 0.0667716838659122, 
-0.178350559060092, 0.222242743440448, -0.0157332153858614, -224.589254714764, 
11.8745418003161, -11.0954592247823, -15.6465615989407, -25.00933289894, 
0.987781772086447, 41.3194309440691, 0.00757610321643655, 0.277508456310818, 
-0.038810247125185, 0.316290284714896, 0.128860910889469, 0.127931523614209, 
-0.0471090533363117, -0.351205630995427, -0.39805833495257, -0.00231325591096035, 
0.0209931594057955, 0.0348626945478515, 0.192509090259688, -0.167060688116265, 
0.364825423031092, -0.40640221198542, -0.0580089235045003, 0.066810947873207, 
-0.165003026938766, 0.0378494851957297), .Dim = c(27L, 7L), .Dimnames = list(
    c("1", "2", "3", "5", "7", "8", "9", "10", "11", "12", "13", 
    "14", "15", "16", "17", "18", "19", "21", "22", "23", "24", 
    "25", "26", "27", "28", "29", "30"), c("x1", "x2", "x3", 
    "x4", "x5", "x6", "x7")), assign = 1:7), qraux = c(1.19245008972988, 
1.01173761276554, 1.31612901346956, 1.2429584136371, 1.01119952387994, 
1.30540718203659, 1.32096886497912), pivot = 1:7, tol = 1e-07, 
    rank = 7L), .Names = c("qr", "qraux", "pivot", "tol", "rank"
), class = "qr"), df.residual = 20L, xlevels = structure(list(), .Names = character(0)), 
    call = quote(lm(formula = y ~ . + 0, data = structure(list(y = c(43, 
        63, 71, 81, 58, 71, 72, 67, 64, 67, 69, 68, 77, 81, 74, 
        65, 65, 50, 64, 53, 40, 63, 66, 78, 48, 85, 82), x1 = c(1, 
        1, 1, 1, 1, 1, 1, 1, 1, 1, 1, 1, 1, 1, 1, 1, 1, 1, 1, 
        1, 1, 1, 1, 1, 1, 1, 1), x2 = c(51, 64, 70, 78, 67, 75, 
        82, 61, 53, 60, 62, 83, 77, 90, 85, 60, 70, 40, 61, 66, 
        37, 54, 77, 75, 57, 85, 82), x3 = c(30, 51, 68, 56, 42, 
        50, 72, 45, 53, 47, 57, 83, 54, 50, 64, 65, 46, 33, 52, 
        52, 42, 42, 66, 58, 44, 71, 39), x4 = c(66, 62, 48, 45, 
        54, 66, 69, 67, 39, 71, 69, 66, 39, 74, 55, 48, 66, 71, 
        74, 47, 44, 39, 44, 74, 47, 54, 54), x5 = c(61, 63, 76, 
        71, 66, 70, 71, 62, 58, 59, 55, 59, 79, 60, 79, 55, 75, 
        43, 66, 63, 50, 66, 88, 80, 51, 77, 64), x6 = c(92, 73, 
        86, 83, 68, 66, 83, 80, 67, 74, 63, 77, 77, 54, 79, 80, 
        85, 64, 80, 80, 57, 75, 76, 78, 83, 74, 78), x7 = c(45, 
        47, 48, 47, 35, 41, 31, 41, 34, 41, 25, 35, 46, 36, 63, 
        60, 46, 33, 41, 37, 49, 33, 72, 49, 38, 55, 39)), .Names = c("y", 
        "x1", "x2", "x3", "x4", "x5", "x6", "x7"),