
expected <- structure(list(coefficients = structure(c(16.9297259254076, 0.524962845809886, 
0.0584589794411235, 0.509031468321933, 0.129530494870993, -0.137459945666718, 
-0.406997868846237), .Names = c("x1", "x2", "x3", "x4", "x5", 
"x6", "x7")), residuals = structure(c(-4.47244673254816, 3.69389912278261, 
-0.674751463547875, 0.490196911842813, 5.25798345740684, -10.2244805726555, 
-8.64548744708862, 2.12003465281869, 10.5953852055727, 2.98482704554168, 
9.68341896730332, -3.48549130416152, -5.56000722832387, -0.286281413184691, 
2.88780010438829, -4.63837969146985, -5.3821275491637, 9.35663896717054, 
-2.61694100282877, -9.72325825478636, -3.45690719931911, 4.37538637232212, 
-0.164160832212953, 1.21636281256637, -5.02439965806057, 6.97682056138926, 
4.71636616824636), .Names = c("1", "2", "3", "4", "5", "6", "7", 
"8", "10", "11", "13", "14", "16", "17", "18", "19", "20", "21", 
"22", "23", "24", "25", "26", "27", "28", "29", "30")), effects = structure(c(-331.591504604575, 
-52.8406667457116, 1.16535851229253, 13.6513149923323, -2.20715077266605, 
2.69785603766793, -13.9174418747476, 4.7550262236052, 13.220460960695, 
4.86034727620236, 13.3885795481368, -6.99681844405413, -7.34793723504996, 
-1.2761372134504, -0.682479885995681, -5.50970471416495, -5.61597586872051, 
10.1178455194756, -2.18367312916133, -7.61595420817329, -1.05190180522298, 
7.85315119973795, -1.17206926543244, 4.17370191760743, -4.04846532002911, 
6.70635843836788, 2.25637300192837), .Names = c("x1", "x2", "x3", 
"x4", "x5", "x6", "x7", "", "", "", "", "", "", "", "", "", "", 
"", "", "", "", "", "", "", "", "", "")), rank = 7L, fitted.values = structure(c(47.4724467325482, 
59.3061008772174, 71.6747514635479, 60.5098030881572, 75.7420165425932, 
53.2244805726555, 66.6454874470886, 68.8799653471813, 56.4046147944273, 
61.0151729544583, 59.3165810326967, 71.4854913041615, 86.5600072283239, 
74.2862814131847, 62.1121998956117, 69.6383796914699, 55.3821275491637, 
40.6433610328295, 66.6169410028288, 62.7232582547864, 43.4569071993191, 
58.6246136276779, 66.164160832213, 76.7836371874336, 53.0243996580606, 
78.0231794386107, 77.2836338317536), .Names = c("1", "2", "3", 
"4", "5", "6", "7", "8", "10", "11", "13", "14", "16", "17", 
"18", "19", "20", "21", "22", "23", "24", "25", "26", "27", "28", 
"29", "30")), assign = 1:7, qr = structure(list(qr = structure(c(-5.19615242270663, 
0.192450089729875, 0.192450089729875, 0.192450089729875, 0.192450089729875, 
0.192450089729875, 0.192450089729875, 0.192450089729875, 0.192450089729875, 
0.192450089729875, 0.192450089729875, 0.192450089729875, 0.192450089729875, 
0.192450089729875, 0.192450089729875, 0.192450089729875, 0.192450089729875, 
0.192450089729875, 0.192450089729875, 0.192450089729875, 0.192450089729875, 
0.192450089729875, 0.192450089729875, 0.192450089729875, 0.192450089729875, 
0.192450089729875, 0.192450089729875, -342.368709629448, -68.8379740162845, 
0.0946285258367066, -0.00705953369775985, 0.210843451018954, 
-0.123274458880007, 0.0510479288933639, 0.167262854075611, -0.0361132649933217, 
-0.152328190175569, -0.0215863993455408, 0.283477779257859, 0.385165838792325, 
0.312531510553421, -0.0506401306411026, 0.0946285258367066, -0.0796938619366645, 
-0.341177443596721, -0.0361132649933217, 0.0365210632455829, 
-0.384758040540064, -0.137801324527788, 0.196316585371173, 0.167262854075611, 
-0.0942207275844454, 0.312531510553421, 0.268950913610078, -273.471577506153, 
-33.2358545059397, -53.2510494878393, -0.070052322797673, -0.00669154004805236, 
0.0814411228608679, -0.164578018240964, -0.0907237925312555, 
-0.0509579339970586, 0.175651402117566, 0.164842542970884, 0.452604748528973, 
-0.233931708535864, 0.0767098800619636, 0.334168712683665, -0.118103710985803, 
0.409600019326341, -0.0758145229588567, 0.080494874301087, 0.032758902299551, 
0.121837813768252, -0.0404644910369705, 0.190645380492463, 0.0595079883809109, 
-0.0315481290098505, 0.208162688360109, -0.364122852087635, -291.176985761301, 
-32.7887498632246, -12.0111858195518, 45.9738214702459, -0.126776264009074, 
0.146469422888452, -0.0900171792328606, 0.0462799188113019, 0.0896046789845458, 
-0.14017645812747, 0.29795177230988, 0.572139119503493, -0.225001870218563, 
-0.0840514605148644, -0.370965020032825, -0.0610621517971232, 
0.0959399796426184, 0.141459594833629, -0.182404373202978, 0.111445026063237, 
-0.3305079318491, -0.00136645725563106, 0.00943141373069283, 
-0.304983229318835, 0.099090725323558, -0.0732908932916216, -0.0800336620639995, 
-332.938655232684, -34.7369639562104, -5.90088014670624, 14.3792209278217, 
37.4113994119425, 0.0883967215325639, -0.0198516122366531, -0.0740628466497124, 
-0.0561869391807157, 0.143650962410509, 0.0957585162115162, 0.202891328143994, 
0.496629964955771, -0.0583953227028631, 0.493560590913973, -0.222497273825623, 
-0.00898153041147046, 0.138662389187789, 0.0288922640220551, 
-0.00309501892698088, 0.235702240135178, -0.201494975093204, 
-0.420636300880987, -0.0995109703715286, 0.185968080392418, 0.0301001084210261, 
0.163299733683782, -376.817275691096, -2.08541226854808, -27.3586105899287, 
7.36275675723491, -12.1831453281484, -39.3352133062295, 0.310892947238386, 
0.262734169134914, 0.243289856637527, -0.0617020312375471, 0.356353269585381, 
-0.201532758977912, 0.0995549621978624, 0.0590237451397368, -0.13701154722725, 
-0.440856676796621, -0.0844310568584758, 0.000916705960962, -0.242509938480869, 
0.156942055914059, 0.237762578554646, -0.0718020923047358, -0.208708429223299, 
0.113045042464412, 0.214447447163919, 0.0744788836188804, -0.222586393565779, 
-225.166604983954, -15.0934134080444, -18.1722398077161, 26.0474835996643, 
21.444245818559, 6.65644823614213, 34.1953679369402, 0.0813055671645041, 
-0.056208906925554, 0.316774136720576, 0.206168118489733, 0.00740432588983655, 
0.146991576854839, -0.259676654205423, -0.342124424748471, 0.225854447622548, 
-0.157156093291946, -0.132220544411927, 0.284857675795294, 0.0997682736492263, 
-0.229187575059102, 0.375260955463068, -0.304075279204838, 0.277434485944863, 
-0.16427447732726, -0.0391083683010073, 0.108207299241251), .Dim = c(27L, 
7L), .Dimnames = list(c("1", "2", "3", "4", "5", "6", "7", "8", 
"10", "11", "13", "14", "16", "17", "18", "19", "20", "21", "22", 
"23", "24", "25", "26", "27", "28", "29", "30"), c("x1", "x2", 
"x3", "x4", "x5", "x6", "x7")), assign = 1:7), qraux = c(1.19245008972988, 
1.00746733195002, 1.29503368652266, 1.1027371946009, 1.06098135991712, 
1.25984332401806, 1.2322594459286), pivot = 1:7, tol = 1e-07, 
    rank = 7L), .Names = c("qr", "qraux", "pivot", "tol", "rank"
), class = "qr"), df.residual = 20L, xlevels = structure(list(), .Names = character(0)), 
    call = quote(lm(formula = y ~ . + 0, data = structure(list(y = c(43, 
        63, 71, 61, 81, 43, 58, 71, 67, 64, 69, 68, 81, 74, 65, 
        65, 50, 50, 64, 53, 40, 63, 66, 78, 48, 85, 82), x1 = c(1, 
        1, 1, 1, 1, 1, 1, 1, 1, 1, 1, 1, 1, 1, 1, 1, 1, 1, 1, 
        1, 1, 1, 1, 1, 1, 1, 1), x2 = c(51, 64, 70, 63, 78, 55, 
        67, 75, 61, 53, 62, 83, 90, 85, 60, 70, 58, 40, 61, 66, 
        37, 54, 77, 75, 57, 85, 82), x3 = c(30, 51, 68, 45, 56, 
        49, 42, 50, 45, 53, 57, 83, 50, 64, 65, 46, 68, 33, 52, 
        52, 42, 42, 66, 58, 44, 71, 39), x4 = c(39, 54, 69, 47, 
        66, 44, 56, 55, 47, 58, 42, 45, 72, 69, 75, 57, 54, 34, 
        62, 50, 58, 48, 63, 74, 45, 71, 59), x5 = c(61, 63, 76, 
        54, 71, 54, 66, 70, 62, 58, 55, 59, 60, 79, 55, 75, 64, 
        43, 66, 63, 50, 66, 88, 80, 51, 77, 64), x6 = c(54, 78, 
        83, 64, 66, 80, 78, 78, 76, 73, 86, 74, 75, 78, 80, 49, 
        77, 63, 64, 76, 83, 63, 67, 80, 76, 83, 54), x7 = c(45, 
        47, 48, 35, 47, 34, 35, 41, 41, 34, 25, 35, 36, 63, 60, 
        46, 52, 33, 41, 37, 49, 33, 72, 49, 38, 55, 39)), .Names = c("y", 
        "x1", "x2", "x3", "x4", "x5", "x6", "x7"),