
expected <- structure(list(coefficients = structure(c(16.9396332881746, 0.729571023171856, 
-0.0674207213438948, 0.0248151699417192, 0.127033871944586, -0.0583482062462274, 
-0.0650990887124333), .Names = c("x1", "x2", "x3", "x4", "x5", 
"x6", "x7")), residuals = structure(c(-10.0159859081495, 1.00553766293791, 
-0.335479178719429, 8.02584844373059, -13.9394716962319, -8.78992734900462, 
-1.09803060214903, -3.70639850720314, 6.41348461900759, 9.05851859078223, 
8.10299490135865, 7.82018265888244, -6.18518250505959, 3.80949797101114, 
-1.20136707019663, -3.30318826991297, 8.46869883855537, -2.64794949978886, 
-6.42735439128696, 5.05841319638989, -10.8520736349381, 6.46903861736261, 
-6.43646385880418, 6.0445552546264, -8.08556519629814, 7.48621493274427, 
5.26145198035393), .Names = c("1", "2", "4", "5", "6", "7", "8", 
"9", "10", "11", "12", "13", "14", "15", "16", "17", "18", "19", 
"20", "21", "23", "25", "26", "27", "28", "29", "30")), effects = structure(c(-339.4819582835, 
47.9679701362602, -3.77147328366682, -0.46515435860217, 2.32110814591088, 
-2.96623647887275, 2.57605447813796, -0.26940807236678, 6.60949139649762, 
11.4065522520937, 12.384928615057, 14.7046975844582, -0.0826919933216837, 
6.47668923078815, 9.53802942578174, -1.35185295536633, 8.40697174063323, 
-1.91732524439138, -5.69868271968389, 7.51578083743627, -8.41614722541844, 
8.39037549718706, -7.70970540098926, 5.946942644467, -6.52804837350323, 
10.811407808565, 7.9196364031036), .Names = c("x1", "x2", "x3", 
"x4", "x5", "x6", "x7", "", "", "", "", "", "", "", "", "", "", 
"", "", "", "", "", "", "", "", "", "")), rank = 7L, fitted.values = structure(c(53.0159859081495, 
61.9944623370621, 61.3354791787194, 72.9741515562694, 56.9394716962319, 
66.7899273490046, 72.098030602149, 75.7063985072031, 60.5865153809924, 
54.9414814092178, 58.8970050986414, 61.1798173411176, 74.1851825050596, 
73.1905020289889, 82.2013670701966, 77.303188269913, 56.5313011614446, 
67.6479494997889, 56.427354391287, 44.9415868036101, 63.8520736349381, 
56.5309613826374, 72.4364638588042, 71.9554447453736, 56.0855651962981, 
77.5137850672557, 76.7385480196461), .Names = c("1", "2", "4", 
"5", "6", "7", "8", "9", "10", "11", "12", "13", "14", "15", 
"16", "17", "18", "19", "20", "21", "23", "25", "26", "27", "28", 
"29", "30")), assign = 1:7, qr = structure(list(qr = structure(c(-5.19615242270663, 
0.192450089729875, 0.192450089729875, 0.192450089729875, 0.192450089729875, 
0.192450089729875, 0.192450089729875, 0.192450089729875, 0.192450089729875, 
0.192450089729875, 0.192450089729875, 0.192450089729875, 0.192450089729875, 
0.192450089729875, 0.192450089729875, 0.192450089729875, 0.192450089729875, 
0.192450089729875, 0.192450089729875, 0.192450089729875, 0.192450089729875, 
0.192450089729875, 0.192450089729875, 0.192450089729875, 0.192450089729875, 
0.192450089729875, 0.192450089729875, -352.183664205672, 64.6889995800419, 
0.0319993232125807, -0.199879359366827, 0.155667953921598, -0.0298349921419281, 
-0.153503622850946, -0.261713674721336, 0.0629164808898351, 0.186585111598853, 
0.0783750597284623, 0.0474579020512079, -0.277172253559963, -0.1844207805282, 
-0.385382305430354, -0.308089411237218, 0.0783750597284623, -0.0762107286578097, 
0.109292217405717, 0.387546636501006, -0.0143764133033009, 0.171126532760225, 
-0.1844207805282, -0.153503622850946, 0.124750796244344, -0.308089411237218, 
-0.261713674721336, -275.588528493181, 34.8470719420076, 52.7318171508579, 
-0.00302588873069625, -0.0902646576236263, 0.157257799394405, 
0.0820635886736593, -0.268189587627373, 0.0429785122827351, -0.185249401711592, 
-0.00451385976124781, -0.17502347479897, -0.467227691914387, 
0.0253372704040889, 0.225532685492643, -0.0877847059060403, -0.345863750065704, 
0.110096087579433, -0.421884611358978, 0.069688370272463, -0.0419456350071147, 
0.0329179154846191, -0.202229323132215, -0.0696474736838769, 
0.0236839692590316, -0.220531885468885, 0.357618544597464, -301.376840516985, 
-0.541050259351969, 16.15445974249, -53.4858924861979, -0.00452208385369769, 
0.166310410974015, -0.0326294106868506, 0.0812811296906969, 0.165322643740408, 
0.205277670664988, -0.43089693792443, -0.200216301793376, 0.0154747768499252, 
-0.2471354869551, -0.530029920216137, -0.14810758657904, 0.268981556515556, 
-0.219709939157225, 0.105439223160041, 0.109664172177174, -0.0793816332521346, 
-0.165427118743446, 0.157128446322741, 0.224415532228613, -0.02676835910724, 
-0.0587430235866835, 0.0446051501937118, -336.210306758092, 34.3214802614943, 
2.22433458214142, -5.54607408696303, 39.6983503458027, -0.0445958797630518, 
-0.0392174581871183, 0.136596141685149, 0.00502344806888764, 
0.0624260133559361, 0.0124307760502282, 0.211695431410384, 0.497968726007316, 
-0.247882235538629, 0.322004208886805, -0.0980596839903792, 0.282897043886121, 
-0.26157200561991, 0.0308265252263796, 0.185261584771948, 0.042686824083569, 
-0.225349605429585, -0.368481093480911, -0.221781910107204, 0.211302807540859, 
-0.00229474893060281, 0.142333353296216, -388.749181254348, 2.79628514992061, 
1.15192001105823, -16.5820227378508, 13.5778561605826, 43.6074109266585, 
0.320298541821365, -0.191912810911109, -0.000675475534719609, 
0.218566981955902, -0.108486564478116, 0.0560297669869043, -0.394847956001199, 
0.15305555004709, 0.164405500286184, 0.0308909530481593, -0.235225367014358, 
-0.0166046408376556, -0.0618712525957628, 0.147114573332338, 
-0.123387890940952, 0.153937979302451, 0.403855422560184, 0.275308873914934, 
-0.324351318224552, 0.0865509965223182, -0.0219316253544067, 
-221.317603189357, 16.3019301952679, 12.7879695700635, -9.20312630249802, 
29.6422499124984, 6.47969550116798, -39.5712832404973, -0.467979147216071, 
-0.0428571925362522, -0.191854486480133, 0.0483877224235639, 
-0.28435256628861, -0.202299917866533, -0.080945548176347, 0.253364607692822, 
0.32747102422587, 0.401583447399491, -0.0717003659813144, 0.0421796654040631, 
0.073914041111464, -0.156094191303454, -0.296058057277764, 0.342460337698541, 
-0.0909363979344547, 0.0193958572297447, 0.137913421599806, 0.0979710534532312
), .Dim = c(27L, 7L), .Dimnames = list(c("1", "2", "4", "5", 
"6", "7", "8", "9", "10", "11", "12", "13", "14", "15", "16", 
"17", "18", "19", "20", "21", "23", "25", "26", "27", "28", "29", 
"30"), c("x1", "x2", "x3", "x4", "x5", "x6", "x7")), assign = 1:7), 
    qraux = c(1.19245008972988, 1.01654074437395, 1.06210772519193, 
    1.21585530150244, 1.1414081158437, 1.34425920356622, 1.00574539077772
    ), pivot = 1:7, tol = 1e-07, rank = 7L), .Names = c("qr", 
"qraux", "pivot", "tol", "rank"), class = "qr"), df.residual = 20L, 
    xlevels = structure(list(), .Names = character(0)), call = quote(lm(formula = y ~ 
        . + 0, data = structure(list(y = c(43, 63, 61, 81, 43, 
        58, 71, 72, 67, 64, 67, 69, 68, 77, 81, 74, 65, 65, 50, 
        50, 53, 63, 66, 78, 48, 85, 82), x1 = c(1, 1, 1, 1, 1, 
        1, 1, 1, 1, 1, 1, 1, 1, 1, 1, 1, 1, 1, 1, 1, 1, 1, 1, 
        1, 1, 1, 1), x2 = c(51, 64, 63, 78, 55, 67, 75, 82, 61, 
        53, 60, 62, 83, 77, 90, 85, 60, 70, 58, 40, 66, 54, 77, 
        75, 57, 85, 82), x3 = c(30, 51, 45, 56, 49, 42, 50, 72, 
        45, 53, 47, 57, 83, 54, 50, 64, 65, 46, 68, 33, 52, 42, 
        66, 58, 44, 71, 39), x4 = c(58, 45, 72, 72, 56, 67, 58, 
        66, 66, 67, 34, 47, 63, 47, 34, 54, 72, 47, 63, 59, 54, 
        47, 69, 72, 55, 59, 63), x5 = c(61, 63, 54, 71, 54, 66, 
        70, 71, 62, 58, 59, 55, 59, 79, 60, 79, 55, 75, 64, 43, 
        63, 66, 88, 80, 51, 77, 64), x6 = c(92, 73, 84, 83, 49, 
        68, 66, 83, 80, 67, 74, 63, 77, 77, 54, 79, 80, 85, 78, 
        64, 80, 75, 76, 78, 83, 74, 78), x7 = c(45, 47, 35, 47, 
        34, 35, 41, 31, 41, 34, 41, 25, 35, 46, 36, 63, 60, 46, 
        52, 33, 37, 33, 72, 49, 38, 55, 39)), .Names = c("y", 
        "x1", "x2", "x3", "x4", "x5", "x6", "x7"),