
expected <- structure(list(coefficients = structure(c(17.3235992967822, 0.613145714275015, 
-0.0746681734026973, 0.269223718747085, 0.146993230195575, -0.0857075587890633, 
-0.168114538385049), .Names = c("x1", "x2", "x3", "x4", "x5", 
"x6", "x7")), residuals = structure(c(-8.65566134170828, 0.602532614189602, 
-0.0166737529236272, 0.557752841941054, 6.84227860271391, -10.5703614269231, 
-9.30576676643775, -6.80320760679618, 7.61678565923679, 6.8261296828947, 
11.2311598372478, 9.58489661673779, -2.06428956774045, -0.424682751350193, 
-3.06827838793637, -3.40330307000187, 4.23674443975422, -5.89857910269414, 
7.11615319458204, 0.256011494699911, -10.5533882382964, -4.40151732000533, 
5.22556551597683, 2.17630699464322, -8.72559124320052, 6.35858174205547, 
5.2604013393409), .Names = c("1", "2", "3", "4", "5", "6", "7", 
"9", "10", "11", "12", "13", "14", "15", "16", "17", "18", "20", 
"21", "22", "23", "24", "25", "27", "28", "29", "30")), effects = structure(c(-334.285805860793, 
-54.1626149974308, 2.33757936933778, 11.6749073260769, 3.28831564061342, 
2.11271497410209, -5.98369605999809, -3.86947915212422, 9.85677929743541, 
9.97992748573076, 13.3381734221684, 11.3886870756033, -3.64783371303935, 
3.1286801435475, -5.0175662892036, -2.18206850548144, -0.489363711441704, 
-4.22997939876631, 5.50473627692286, 2.75450035077738, -8.18128185073856, 
-4.01881163387359, 10.3639538872098, 6.48248267008602, -13.4763458990536, 
7.3681756087998, 5.36196226413276), .Names = c("x1", "x2", "x3", 
"x4", "x5", "x6", "x7", "", "", "", "", "", "", "", "", "", "", 
"", "", "", "", "", "", "", "", "", "")), rank = 7L, fitted.values = structure(c(51.6556613417083, 
62.3974673858104, 71.0166737529236, 60.4422471580589, 74.1577213972861, 
53.5703614269231, 67.3057667664378, 78.8032076067962, 59.3832143407632, 
57.1738703171053, 55.7688401627522, 59.4151033832622, 70.0642895677404, 
77.4246827513502, 84.0682783879364, 77.4033030700019, 60.7632555602458, 
55.8985791026941, 42.883846805418, 63.7439885053001, 63.5533882382964, 
44.4015173200053, 57.7744344840232, 75.8236930053568, 56.7255912432005, 
78.6414182579445, 76.7395986606591), .Names = c("1", "2", "3", 
"4", "5", "6", "7", "9", "10", "11", "12", "13", "14", "15", 
"16", "17", "18", "20", "21", "22", "23", "24", "25", "27", "28", 
"29", "30")), assign = 1:7, qr = structure(list(qr = structure(c(-5.19615242270663, 
0.192450089729875, 0.192450089729875, 0.192450089729875, 0.192450089729875, 
0.192450089729875, 0.192450089729875, 0.192450089729875, 0.192450089729875, 
0.192450089729875, 0.192450089729875, 0.192450089729875, 0.192450089729875, 
0.192450089729875, 0.192450089729875, 0.192450089729875, 0.192450089729875, 
0.192450089729875, 0.192450089729875, 0.192450089729875, 0.192450089729875, 
0.192450089729875, 0.192450089729875, 0.192450089729875, 0.192450089729875, 
0.192450089729875, 0.192450089729875, -341.791359360259, -70.2329457353646, 
0.0940757185871527, -0.00559260554061164, 0.207982374733169, 
-0.119499261686628, 0.0513607225323965, 0.264935702806177, -0.0340692695771157, 
-0.147975925723132, -0.0483076015953678, -0.0198309375588637, 
0.279174034824429, 0.193744042714917, 0.378842358952194, 0.307650698860933, 
-0.0483076015953678, -0.0767842656318719, -0.333074241960409, 
-0.0340692695771157, 0.0371223905141445, -0.375789238015165, 
-0.13373759370488, 0.165267378678413, -0.0910225976501239, 0.307650698860933, 
0.264935702806177, -275.588528493181, -36.3393873843611, -52.8621971496863, 
-0.0777165698770799, -0.0219221343711548, 0.0791752168329003, 
-0.175079573263807, 0.240139952845125, -0.057410733231322, 0.175149493605607, 
-0.00942359484496873, 0.159441668826645, 0.438075244871355, -0.0496034361117502, 
-0.257259814436125, 0.0583443176225902, 0.331084385726301, 0.40814155246727, 
-0.0712047688317108, 0.0750090369908383, 0.0242444453764436, 
0.129507976422561, -0.0430916350663811, 0.0463708406609564, -0.0357161699715435, 
0.190764087844751, -0.384124678202203, -291.754336030491, -37.5876144912945, 
-11.4059006342731, 49.0355388976436, -0.104841902340487, 0.128440571929882, 
-0.0788666194452232, 0.0162392709473075, 0.0824488170952767, 
-0.143365288721313, 0.252446471064487, 0.276076731016642, 0.549517961724093, 
-0.248497668427881, -0.18275230798564, -0.0591726046853306, -0.355056995026528, 
0.0798686223314672, 0.111453037419439, -0.174195903115328, 0.10663670604758, 
-0.336326214380228, -0.00961120964501627, -0.27558306164323, 
0.0873092962742401, -0.0507034851737676, -0.0528199671590905, 
-328.319853079167, -33.1911339714365, -4.23117750984152, 16.4660843730949, 
31.7078523722841, 0.0920963072891978, -0.0526649888326148, 0.0915521565704131, 
-0.0868781912010935, 0.159378311641052, -0.108836439303373, 0.0896949376999101, 
0.182367089603522, -0.151916698189229, 0.521786779560287, -0.127299736131187, 
0.560176297707196, -0.0296258597273708, 0.175411962343915, 0.0123019712487866, 
-0.0324213082725737, 0.292616097387037, -0.24778359605908, -0.160652023158982, 
0.204844843458486, -0.0237423754240145, 0.141789519461196, -408.379090406795, 
2.11360128626498, -2.16060605656742, -2.88706520224985, -3.07221652567028, 
-26.0309302508938, 0.0694302713386758, 0.080895386617585, 0.0607785500660909, 
0.139753120831253, 0.16639210083356, 0.0226403298485234, 0.0977355837343089, 
-0.0330586240514359, -0.0465436586221315, 0.218162344402766, 
-0.102358426201245, 0.247816885306057, -0.317070475663964, -0.0238537597752914, 
0.0763190763891461, 0.083149661025287, -0.00896025804787616, 
0.1025214561609, -0.670130287968379, 0.132700992696854, -0.0667014932075023, 
-217.276151305029, -8.12850554553101, -11.28973643718, 24.9500673066765, 
9.73048610996956, 0.703880294037182, 35.5929720146692, 0.45023165237558, 
-0.0403335897387676, 0.300336711440862, -0.166627271280776, 0.286368775026724, 
-0.0430315958084965, 0.193656401986651, 0.225055322906575, -0.383618025766131, 
-0.267748066497876, -0.232597598549203, 0.0032823707806455, 0.188750735832838, 
0.089468087741943, -0.0973657821850626, 0.278712005374793, 0.146279468305509, 
-0.00127362241311906, -0.143198572166231, 0.0624897390935128), .Dim = c(27L, 
7L), .Dimnames = list(c("1", "2", "3", "4", "5", "6", "7", "9", 
"10", "11", "12", "13", "14", "15", "16", "17", "18", "20", "21", 
"22", "23", "24", "25", "27", "28", "29", "30"), c("x1", "x2", 
"x3", "x4", "x5", "x6", "x7")), assign = 1:7), qraux = c(1.19245008972988, 
1.00864572647764, 1.28630653259272, 1.0968936737861, 1.02477083856026, 
1.45754722250922, 1.2368969932185), pivot = 1:7, tol = 1e-07, 
    rank = 7L), .Names = c("qr", "qraux", "pivot", "tol", "rank"
), class = "qr"), df.residual = 20L, xlevels = structure(list(), .Names = character(0)), 
    call = quote(lm(formula = y ~ . + 0, data = structure(list(y = c(43, 
        63, 71, 61, 81, 43, 58, 72, 67, 64, 67, 69, 68, 77, 81, 
        74, 65, 50, 50, 64, 53, 40, 63, 78, 48, 85, 82), x1 = c(1, 
        1, 1, 1, 1, 1, 1, 1, 1, 1, 1, 1, 1, 1, 1, 1, 1, 1, 1, 
        1, 1, 1, 1, 1, 1, 1, 1), x2 = c(51, 64, 70, 63, 78, 55, 
        67, 82, 61, 53, 60, 62, 83, 77, 90, 85, 60, 58, 40, 61, 
        66, 37, 54, 75, 57, 85, 82), x3 = c(30, 51, 68, 45, 56, 
        49, 42, 72, 45, 53, 47, 57, 83, 54, 50, 64, 65, 68, 33, 
        52, 52, 42, 42, 58, 44, 71, 39), x4 = c(39, 54, 69, 47, 
        66, 44, 56, 67, 47, 58, 39, 42, 45, 72, 72, 69, 75, 54, 
        34, 62, 50, 58, 48, 74, 45, 71, 59), x5 = c(61, 63, 76, 
        54, 71, 54, 66, 71, 62, 58, 59, 55, 59, 79, 60, 79, 55, 
        64, 43, 66, 63, 50, 66, 80, 51, 77, 64), x6 = c(77, 73, 
        68, 80, 83, 92, 80, 78, 80, 83, 83, 80, 80, 74, 80, 80, 
        78, 83, 75, 77, 80, 84, 77, 77, 64, 78, 78), x7 = c(45, 
        47, 48, 35, 47, 34, 35, 31, 41, 34, 41, 25, 35, 46, 36, 
        63, 60, 52, 33, 41, 37, 49, 33, 49, 38, 55, 39)), .Names = c("y", 
        "x1", "x2", "x3", "x4", "x5", "x6", "x7"),