
expected <- structure(list(coefficients = structure(c(-0.0797399107427069, 
0.133458149233642, 0.278966439705935, -0.0557212418299426, 0.194143812677157, 
0.365813590874695, 0.1270547292148), .Names = c("x1", "x2", "x3", 
"x4", "x5", "x6", "x7")), residuals = structure(c(-26.462604834667, 
10.5692434884791, 6.00344364215365, 5.20836415021192, 13.8662004515772, 
-21.5490053526073, -14.8471687029859, -1.42831110570876, 0.949136026363078, 
-11.0334441985383, 2.8012252260254, 2.35482851444704, 1.14226341973906, 
6.86804371104982, 9.07447895267131, 13.0088761380422, -7.01870843012947, 
-8.1151318240542, -7.8135288604062, 6.86972443628976, -7.30098596971145, 
-20.324302461581, 3.73285014985615, 13.5998511625898, -7.42124381159923, 
24.6627636878252, 19.1324618903355), .Names = c("1", "2", "3", 
"4", "5", "6", "7", "9", "10", "11", "12", "13", "14", "15", 
"16", "17", "18", "20", "21", "22", "23", "24", "25", "27", "28", 
"29", "30")), effects = structure(c(-231.777276150578, -229.018990586651, 
57.4359595690413, 23.6196720260038, -31.9327733562646, -28.3078997144817, 
6.51375265282049, 1.8157612601342, 3.42594867351947, -8.86859366531821, 
-6.1465401379735, 2.58883593372225, 7.41208957684854, 18.2769005162065, 
17.2738237163002, 27.6678717089725, -0.776535963159878, -6.53842273822029, 
-20.1911275537452, 7.59608272513025, -7.68984982328974, -19.1136734850157, 
9.27001193289147, 9.84250170759971, -6.35756838216029, 32.398983051536, 
17.6402432185998), .Names = c("x1", "x2", "x3", "x4", "x5", "x6", 
"x7", "", "", "", "", "", "", "", "", "", "", "", "", "", "", 
"", "", "", "", "", "")), rank = 7L, fitted.values = structure(c(69.462604834667, 
52.4307565115209, 64.9965563578464, 55.7916358497881, 67.1337995484228, 
64.5490053526073, 72.847168702986, 73.4283111057088, 66.0508639736369, 
75.0334441985383, 64.1987747739746, 66.645171485553, 66.8577365802609, 
70.1319562889502, 71.9255210473287, 60.9911238619578, 72.0187084301295, 
58.1151318240542, 57.8135288604062, 57.1302755637102, 60.3009859697114, 
60.324302461581, 59.2671498501439, 64.4001488374102, 55.4212438115992, 
60.3372363121748, 62.8675381096645), .Names = c("1", "2", "3", 
"4", "5", "6", "7", "9", "10", "11", "12", "13", "14", "15", 
"16", "17", "18", "20", "21", "22", "23", "24", "25", "27", "28", 
"29", "30")), assign = 1:7, qr = structure(list(qr = structure(c(-7.5524465600237, 
-0.0434874396947084, 0.262722004557473, 0.261970941435756, -0.129737989654386, 
-0.0452074147188258, 0.244441439728084, 0.29792452099752, -0.145494843370834, 
-0.0632611794762042, 0.198813175506844, 0.0345449494567411, 0.0732319455286132, 
0.251872482756831, 0.0124776202815711, 0.141011671873545, 0.18206562801954, 
0.216074209397242, 0.22813210889949, 0.142096703211301, -0.0815516769605469, 
0.15087606357477, 0.243447029650302, 0.226151636887109, 0.208899534063883, 
0.225550080905888, 0.221490450164475, -248.732305580159, -248.278553565906, 
0.042705285838591, 0.0071971729503005, 0.277111214086868, 0.274212290346586, 
0.0406142750207767, -0.0444092734578433, 0.409471605590047, 0.304119241935093, 
0.0695502720403433, 0.308252573082372, 0.133115512064114, -0.043249040346223, 
0.241428601080176, 0.130643084860012, 0.150528191813442, 0.056536887920857, 
0.0889376883585293, 0.117488675113108, 0.350370846593759, 0.193403585326522, 
-0.0792360076902181, -0.0178558930806974, 0.0273705466715338, 
0.107597756263354, 0.111605664937217, -192.683047005356, -177.874813743929, 
86.4395397505926, 0.0607561011057112, -0.456184127358813, 0.0185218723110897, 
0.047700243735457, -0.369105946062009, -0.122021233643568, -0.418623653506929, 
0.0902692577750438, -0.120877306068024, -0.123014364709147, -0.0891565193353922, 
-0.269963904978115, 0.0717196064864969, 0.177674066476833, -0.195397790340964, 
0.226668344712764, -0.123460657755214, -0.120666095840216, 0.174249833640863, 
-0.336061547516081, 0.0959751114268427, 0.0126287299554564, 0.127767252309432, 
0.102808660118319, -202.030975757735, -198.041147312054, 24.9946241731797, 
80.3583073996967, -0.357732639371879, -0.179889896289547, -0.0216459526922952, 
0.27123000393278, 0.0641647661466694, 0.301508494011782, 0.0523603140148756, 
0.395052658255068, -0.339839108166797, 0.154280904223402, 0.00543633312378918, 
-0.203345681269729, 0.186666682934494, 0.20515321338149, 0.0141735619461353, 
0.0242142522509707, -0.0265993873707652, -0.137058685072588, 
-0.227102359274257, -0.165813875853793, -0.22007452255939, -0.0610806916551439, 
0.320440778301547, -242.699876011231, -224.790661432997, 49.7833672065034, 
56.4097270241723, -77.0875331249455, 0.150526076275362, 0.311970809823171, 
0.116418939249847, 0.117517924952555, 0.0859108085913634, 0.454342859749212, 
-0.178056102272275, 0.0859474882946572, 0.283450117065489, -0.0322016143445387, 
-0.248300624297907, 0.0792537304947491, -0.127120388155865, 0.374623380729233, 
-0.0518550728388542, -0.0698347654203711, -0.267094918982846, 
0.061368151742609, 0.306970356417703, 0.0560635196568434, -0.288096418315505, 
0.162799617325978, -245.381600690186, -259.58210158604, 59.6834220077326, 
39.3812906187787, -38.6256238465744, -73.3830147105307, 0.0839419281268932, 
-0.108791290521774, 0.230066496822889, 0.231828868294668, -0.150104187013124, 
0.0901955402513476, 0.121203303455744, 0.429735903453031, 0.187092295249279, 
0.305601919707413, 0.388074811018123, -0.178080322131685, -0.391371312549037, 
-0.157794550729721, 0.0129480918631166, -0.0519050575720349, 
-0.22370527262362, 0.124301731810396, -0.169914087872484, 0.0345497938033737, 
-0.0311701161417056, -155.892378226571, -147.163453373478, 25.3183867705291, 
21.56177823141, -22.3283904814302, -11.5178364713825, 51.2672979044193, 
-0.00316972237083962, 0.458569873707222, 0.0841371726204637, 
-0.0453311949340035, -0.0415521089887066, 0.00783212210809122, 
0.238360987198388, 0.242614647949013, 0.110716028281967, 0.0630381761488186, 
-0.0756192728478012, 0.0266993116279914, 0.00426156248391575, 
0.0744221977992002, -0.314602905686896, 0.00139497622379271, 
-0.617687154859221, -0.0529807306795688, -0.0709602184523996, 
0.221544325478478), .Dim = c(27L, 7L), .Dimnames = list(c("1", 
"2", "3", "4", "5", "6", "7", "9", "10", "11", "12", "13", "14", 
"15", "16", "17", "18", "20", "21", "22", "23", "24", "25", "27", 
"28", "29", "30"), c("x1", "x2", "x3", "x4", "x5", "x6", "x7"
)), assign = 1:7), qraux = c(1.32073458125108, 1.38529078400436, 
1.06965495054778, 1.00008266224895, 1.06623389594845, 1.2371479213689, 
1.31216267948352), pivot = 1:7, tol = 1e-07, rank = 7L), .Names = c("qr", 
"qraux", "pivot", "tol", "rank"), class = "qr"), df.residual = 20L, 
    xlevels = structure(list(), .Names = character(0)), call = quote(lm(formula = y ~ 
        . + 0, data = structure(list(y = c(43, 63, 71, 61, 81, 
        43, 58, 72, 67, 64, 67, 69, 68, 77, 81, 74, 65, 50, 50, 
        64, 53, 40, 63, 78, 48, 85, 82), x1 = c(2.42233078485034, 
        -0.328436564326539, 1.98419389956262, 1.97852153547265, 
        -0.979839233669655, -0.341426583780761, 1.84613091060161, 
        2.25005902375443, -1.09884202931724, -0.477776677318101, 
        1.50152588344405, 0.260898884690757, 0.553080355091418, 
        1.90225346596146, 0.0942365603728335, 1.06498311616455, 
        1.37504092603473, 1.63188891947204, 1.72295556108891, 
        1.0731777573589, -0.615914682124847, 1.13948340733519, 
        1.83862068163041, 1.70799815205178, 1.57770256743133, 
        1.70345493265074, 1.67279478842279), x2 = c(75, 85, 75, 
        66, 37, 57, 70, 62, 66, 60, 66, 85, 51, 51, 63, 67, 82, 
        67, 78, 64, 67, 85, 40, 51, 58, 82, 82), x3 = c(65, 33, 
        52, 47, 58, 33, 50, 83, 47, 72, 42, 66, 46, 50, 64, 42, 
        44, 68, 39, 57, 50, 45, 64, 33, 44, 50, 52), x4 = c(72, 
        63, 57, 54, 69, 58, 59, 42, 48, 34, 48, 39, 72, 34, 57, 
        69, 47, 45, 57, 54, 57, 75, 63, 54, 66, 69, 39), x5 = c(62, 
        63, 64, 55, 80, 70, 88, 71, 66, 61, 88, 43, 79, 66, 66, 
        50, 60, 50, 88, 59, 59, 55, 75, 77, 71, 50, 63),