
expected <- structure(list(coefficients = structure(c(12.7270934642193, 0.80241067456186, 
-0.1434812768506, 0.328138544550206, -0.114677544952254, -0.063888030189016, 
0.00104209186104687), .Names = c("x1", "x2", "x3", "x4", "x5", 
"x6", "x7")), residuals = structure(c(-6.31061536191817, 0.362472846978345, 
3.39375945767816, 0.260173089325439, 5.46059954682686, -12.0014081053254, 
-8.96152272238507, -0.571801056371863, -4.78564963380538, 8.19834600187545, 
11.5191939052902, 11.2012069954116, -2.54184026857887, 0.547561130036496, 
0.211403102396578, -2.00581585729594, -4.94976370329294, 7.73502004899323, 
2.084537096598, -9.33388637646559, -6.10080418758273, 9.54318270650491, 
-4.8342169770883, 3.21420704118892, -7.80381424632262, 4.47249262035838, 
1.99698290697026), .Names = c("1", "2", "3", "4", "5", "6", "7", 
"8", "9", "11", "12", "13", "14", "15", "18", "19", "20", "21", 
"22", "23", "24", "25", "26", "27", "28", "29", "30")), effects = structure(c(-330.436804066196, 
-51.0689079508119, 2.68611967430661, 13.3743426997647, -4.06745681732396, 
-2.83519168264449, 0.0455324346639037, 4.53969131629245, -6.73854708799918, 
9.29217260743275, 13.2981165302448, 13.4280307425289, -3.38089172220807, 
2.92547064614162, -4.07733016777801, 0.154295878320882, -4.34272622548675, 
10.8973303910442, 3.05335552375386, -8.09112825484184, -4.00501227613225, 
13.5730678386251, -2.73085095258901, 1.71810992080281, -8.54370932922592, 
5.99131303806312, 3.11334103362421), .Names = c("x1", "x2", "x3", 
"x4", "x5", "x6", "x7", "", "", "", "", "", "", "", "", "", "", 
"", "", "", "", "", "", "", "", "", "")), rank = 7L, fitted.values = structure(c(49.3106153619182, 
62.6375271530217, 67.6062405423218, 60.7398269106746, 75.5394004531731, 
55.0014081053254, 66.9615227223851, 71.5718010563719, 76.7856496338054, 
55.8016539981246, 55.4808060947098, 57.7987930045884, 70.5418402685789, 
76.4524388699635, 64.7885968976034, 67.0058158572959, 54.9497637032929, 
42.2649799510068, 61.915462903402, 62.3338863764656, 46.1008041875827, 
53.4568172934951, 70.8342169770883, 74.7857929588111, 55.8038142463226, 
80.5275073796416, 80.0030170930297), .Names = c("1", "2", "3", 
"4", "5", "6", "7", "8", "9", "11", "12", "13", "14", "15", "18", 
"19", "20", "21", "22", "23", "24", "25", "26", "27", "28", "29", 
"30")), assign = 1:7, qr = structure(list(qr = structure(c(-5.19615242270663, 
0.192450089729875, 0.192450089729875, 0.192450089729875, 0.192450089729875, 
0.192450089729875, 0.192450089729875, 0.192450089729875, 0.192450089729875, 
0.192450089729875, 0.192450089729875, 0.192450089729875, 0.192450089729875, 
0.192450089729875, 0.192450089729875, 0.192450089729875, 0.192450089729875, 
0.192450089729875, 0.192450089729875, 0.192450089729875, 0.192450089729875, 
0.192450089729875, 0.192450089729875, 0.192450089729875, 0.192450089729875, 
0.192450089729875, 0.192450089729875, -339.09705810404, -64.6156729066964, 
0.108983611697181, 0.000650761707243416, 0.232792583114252, -0.123158209709828, 
0.062555247415779, 0.18636421883285, 0.294697068822788, -0.154110452564096, 
-0.0457776025741583, -0.0148253597198905, 0.310173190249921, 
0.217316461687118, -0.0457776025741583, 0.108983611697181, -0.0767298454284261, 
-0.355300031116836, -0.0303014811470244, 0.0470791259886451, 
-0.401728395398238, -0.138634331136962, 0.217316461687118, 0.18636421883285, 
-0.09220596685556, 0.341125433104189, 0.294697068822788, -276.165878762371, 
-38.1635422496297, -51.8743814456437, -0.0855473432092191, -0.04856337822439, 
0.0849309466482844, -0.190063826433519, -0.12921405674444, 0.213189566166732, 
0.185382533999306, -0.011979315364881, 0.157451833421777, 0.413569170333353, 
-0.0754469377310734, 0.335012773954993, -0.147967824504566, 0.416187023010466, 
-0.0484397098142874, 0.0727362590284481, 0.0143806736063798, 
0.160069686098891, -0.0383393043361418, 0.155881121815509, 0.0250046496199481, 
-0.0347979789982857, 0.158898876617943, -0.42296259758637, -289.252484864003, 
-31.3907329613699, -13.3466992843226, 48.2336760195802, -0.136472883490647, 
0.140388076539147, -0.101260795485054, 0.0269506847315662, -0.00615291317959386, 
-0.128078914877611, 0.254458693873492, 0.284006477751736, 0.544488861880237, 
-0.282411587864147, -0.345938555488481, -0.0735791413930778, 
0.103119148399489, 0.13807943157391, -0.176514074493189, 0.0989021682106239, 
-0.302490055363458, -0.0046328365620625, 0.00149287179026787, 
-0.302089745621851, 0.0897596230145777, -0.0812154818399324, 
-0.107903985368068, -334.478255950523, -38.7894653829049, 0.555667010559441, 
19.0140992758694, 32.1220941799484, 0.0644213454757995, 0.0522421677534954, 
-0.0210833672358523, 0.163670913661582, 0.140162659569243, -0.111606539492539, 
0.0561403290095904, 0.14546592893897, -0.00441921145649144, 0.56382389376036, 
-0.188644216175881, -0.101678496626264, 0.114186051183665, 0.0536649202013496, 
0.00290461537673168, 0.238031508303309, -0.23220855273184, -0.472311567154308, 
-0.0370957764954307, 0.212842629828227, 0.0817780411828128, 0.347018395759617, 
-390.673682151647, -18.1024765522868, 4.6765930061464, 4.41255482406476, 
6.08501349703637, 44.1815104457549, 0.228045641893625, 0.322082794613773, 
-0.033366387115158, 0.192903192390164, 0.0921048360592925, 0.345090965494565, 
0.136235267493024, 0.0712373206703007, -0.103282363785743, -0.122954502947308, 
0.00128171055295606, 0.205245247242783, -0.0644534994841034, 
-0.0296763245446865, 0.331791493147698, 0.0402447626546307, 0.146967137411694, 
0.0447201027819572, -0.155958195944128, 0.185202534441576, 0.0399243915521937, 
-226.513755612063, -0.632228219782538, -14.2170670897606, 9.03386063269442, 
4.78423077966459, -12.0162242484019, 43.6933022566383, 0.316530602749538, 
-0.145826951958263, -0.0607985574560301, -0.0568267294790932, 
-0.00876942443120961, 0.119704190796108, 0.0958865197089953, 
-0.167948190730101, 0.105177220832802, 0.0912087835665689, 0.181349627352979, 
0.139216112350272, 0.147887512672857, -0.0845246983898337, 0.225675205177248, 
-0.382922637002149, -0.656341027941401, 0.0957942140019592, 0.106412464202668, 
0.127747875271136), .Dim = c(27L, 7L), .Dimnames = list(c("1", 
"2", "3", "4", "5", "6", "7", "8", "9", "11", "12", "13", "14", 
"15", "18", "19", "20", "21", "22", "23", "24", "25", "26", "27", 
"28", "29", "30"), c("x1", "x2", "x3", "x4", "x5", "x6", "x7"
)), assign = 1:7), qraux = c(1.19245008972988, 1.01612688313438, 
1.2761336179975, 1.08835711112596, 1.14919751195942, 1.62149691531514, 
1.23234203939452), pivot = 1:7, tol = 1e-07, rank = 7L), .Names = c("qr", 
"qraux", "pivot", "tol", "rank"), class = "qr"), df.residual = 20L, 
    xlevels = structure(list(), .Names = character(0)), call = quote(lm(formula = y ~ 
        . + 0, data = structure(list(y = c(43, 63, 71, 61, 81, 
        43, 58, 71, 72, 64, 67, 69, 68, 77, 65, 65, 50, 50, 64, 
        53, 40, 63, 66, 78, 48, 85, 82), x1 = c(1, 1, 1, 1, 1, 
        1, 1, 1, 1, 1, 1, 1, 1, 1, 1, 1, 1, 1, 1, 1, 1, 1, 1, 
        1, 1, 1, 1), x2 = c(51, 64, 70, 63, 78, 55, 67, 75, 82, 
        53, 60, 62, 83, 77, 60, 70, 58, 40, 61, 66, 37, 54, 77, 
        75, 57, 85, 82), x3 = c(30, 51, 68, 45, 56, 49, 42, 50, 
        72, 53, 47, 57, 83, 54, 65, 46, 68, 33, 52, 52, 42, 42, 
        66, 58, 44, 71, 39), x4 = c(39, 54, 69, 47, 66, 44, 56, 
        55, 67, 58, 39, 42, 45, 72, 75, 57, 54, 34, 62, 50, 58, 
        48, 63, 74, 45, 71, 59), x5 = c(61, 63, 76, 54, 71, 54, 
        66, 70, 71, 58, 59, 55, 59, 79, 55, 75, 64, 43, 66, 63, 
        50, 66, 88, 80, 51, 77, 64), x6 = c(92, 73, 86, 84, 83, 
        49, 68, 66, 83, 67, 74, 63, 77, 77, 80, 85, 78, 64, 80, 
        80, 57, 75, 76, 78, 83, 74, 78), x7 = c(39, 41, 34, 52, 
        45, 55, 35, 33, 49, 49, 47, 49, 41, 39, 49, 36, 41, 38, 
        36, 36, 52, 34, 63, 72, 36, 41, 35)), .Names = c("y", 
        "x1", "x2", "x3", "x4", "x5", "x6", "x7"),