
expected <- structure(list(coefficients = structure(c(3.83318341148185, 0.678568171016582, 
-0.1299933627029, 0.346999254008948, 0.015809534586569, 0.0749964828571032, 
-0.103739910480642), .Names = c("x1", "x2", "x3", "x4", "x5", 
"x6", "x7")), residuals = structure(c(-8.34813989252772, 1.63994892522517, 
1.89193830331788, 0.419426102247923, 5.87600546782911, -8.40192055358096, 
-7.78178111074624, 2.13876652039013, -5.30673473167954, 8.63574970024708, 
8.45697740674951, 12.5473249724986, -0.246168200741018, 0.827592464019858, 
-3.74719953616751, -3.74129321011966, -2.77831262027703, -4.72951379498295, 
9.34906149442447, 1.35652396361973, -9.2240473469321, -3.73074768800357, 
-2.40106905037964, 3.3259746703644, -7.70122932331768, 7.36753471212764, 
4.30533235639416), .Names = c("1", "2", "3", "4", "5", "6", "7", 
"8", "9", "10", "11", "12", "14", "15", "16", "17", "19", "20", 
"21", "22", "23", "24", "26", "27", "28", "29", "30")), effects = structure(c(-335.248056309443, 
55.507881731414, 5.01730832808559, 12.937982009321, -0.730343947170342, 
2.75609855753692, -4.33253783809293, 6.17854382388941, -1.4128168264267, 
10.1358515511742, 12.1002343931637, 12.2682923791252, 0.491442157012562, 
3.17510872967033, 2.40183331443368, -4.2475106165605, -1.94431593972511, 
-5.53564199418444, 12.7525019482905, 4.17135742454798, -6.59815692257502, 
-0.309292121115746, -1.70450158157601, 5.84926193118334, -6.85503450511328, 
10.3556670244676, 7.12411373874459), .Names = c("x1", "x2", "x3", 
"x4", "x5", "x6", "x7", "", "", "", "", "", "", "", "", "", "", 
"", "", "", "", "", "", "", "", "", "")), rank = 7L, fitted.values = structure(c(51.3481398925277, 
61.3600510747748, 69.1080616966821, 60.5805738977521, 75.1239945321709, 
51.401920553581, 65.7817811107462, 68.8612334796099, 77.3067347316795, 
58.3642502997529, 55.5430225932505, 54.4526750275014, 68.246168200741, 
76.1724075359801, 84.7471995361675, 77.7412932101197, 67.778312620277, 
54.7295137949829, 40.6509385055755, 62.6434760363803, 62.2240473469321, 
43.7307476880036, 68.4010690503796, 74.6740253296356, 55.7012293233177, 
77.6324652878724, 77.6946676436058), .Names = c("1", "2", "3", 
"4", "5", "6", "7", "8", "9", "10", "11", "12", "14", "15", "16", 
"17", "19", "20", "21", "22", "23", "24", "26", "27", "28", "29", 
"30")), assign = 1:7, qr = structure(list(qr = structure(c(-5.19615242270663, 
0.192450089729875, 0.192450089729875, 0.192450089729875, 0.192450089729875, 
0.192450089729875, 0.192450089729875, 0.192450089729875, 0.192450089729875, 
0.192450089729875, 0.192450089729875, 0.192450089729875, 0.192450089729875, 
0.192450089729875, 0.192450089729875, 0.192450089729875, 0.192450089729875, 
0.192450089729875, 0.192450089729875, 0.192450089729875, 0.192450089729875, 
0.192450089729875, 0.192450089729875, 0.192450089729875, 0.192450089729875, 
0.192450089729875, 0.192450089729875, -350.644063487833, 69.9767157041593, 
-0.0740027970375246, 0.0260304773103873, -0.188326539149424, 
0.140354219422287, -0.0311313937455624, -0.145455135857462, -0.245488410205373, 
0.0546114128383621, 0.168935154950261, 0.0689018806023495, -0.259778877969361, 
-0.174036071385436, -0.359812152317273, -0.288359813497336, -0.0740027970375246, 
0.0974828161303243, 0.354711235882098, 0.0546114128383621, -0.0168409259815749, 
0.39758263917406, -0.174036071385436, -0.145455135857462, 0.111773283894312, 
-0.288359813497336, -0.245488410205373, -275.203628313722, 37.1192253786653, 
-51.7989002803227, -0.0646111375218958, 0.00305168115368953, 
0.0897822602435688, -0.161113265566024, -0.0838415133947335, 
0.273352707176091, -0.045318217241926, 0.186296897169124, 0.00293910122085157, 
0.476065967811465, -0.0259127170291181, -0.228538415494507, 0.0899698934649654, 
-0.112830929340394, 0.427646033890144, -0.074407704238998, 0.0898197868878481, 
0.0415874861879235, 0.128280538633523, 0.205752432907637, 0.0706019198964369, 
-0.0260378058433825, 0.22510789759474, -0.363726455149987, -293.67883692779, 
37.9020254461815, -7.52187192325024, 43.33126643185, -0.121492937648673, 
0.135014367433991, -0.0835009050119497, 0.064907370321727, -6.93956314350381e-05, 
0.0915809510779477, -0.178492309224744, 0.280997970441483, 0.591510443853834, 
-0.282447065505078, -0.194720363674145, -0.0742433357923988, 
-0.0527603812070296, 0.0603482267727822, 0.123980681013588, -0.206851483211803, 
0.114317693405659, -0.395054295483173, 0.00709158923035469, -0.31901745600949, 
0.0955309830565158, -0.0726614600816332, -0.0404954151910349, 
-341.214009091069, 7.59300187193198, -6.25149022719327, 1.24283484236719, 
-51.3197871592112, 0.164338941331713, 0.0395526425183172, -0.152231674986036, 
-0.133008684905394, -0.116090792733811, -0.166000214741202, 0.217196715278104, 
0.171089387370896, 0.101949676037108, 0.12773634027007, 0.262862883836822, 
0.0452494916401298, 0.0535812149995278, -0.362209763431578, -0.231064838123313, 
-0.211450918894939, -0.356581222947624, -0.289984348733664, -0.0361718229243451, 
-0.0390766186827388, -0.200840523757731, 0.122863506967639, -389.711431702997, 
9.93187509597131, -2.61272901832825, -6.25623984676714, -1.75428001025371, 
50.2425464002389, 0.162020596689232, 0.266991068491182, -0.00349647657769052, 
-0.0544774574324948, 0.13699476148865, 0.139393356436267, 0.315802925228538, 
0.00136334038567418, 0.50572103072119, 0.074272152756608, -0.148965799321949, 
0.0489615771419787, 0.161621970253431, -0.114953900296819, -0.0229040423537214, 
0.194591784524485, 0.0946462741814687, -0.0319789852309579, -0.120879988633709, 
0.158141451565493, 0.011566971016268, -225.166604983954, 11.2561251087674, 
-11.4580557756746, 15.8896201680194, -2.0489976579822, 9.75435305059978, 
41.7634622781112, -0.0371598189432292, 0.421574745626396, 0.00399900886720464, 
0.303174362867574, -0.122421346613763, 0.0114353870376084, 0.113177913405348, 
0.16058267301211, -0.360689993681485, -0.0100557211189205, -0.141632769788453, 
0.0556199739656198, 0.205850700279524, 0.115718846354846, -0.0233452103848552, 
-0.62398358218869, 0.0867631556214199, 0.0869000326795929, -0.163621532469458, 
0.0748509511420371), .Dim = c(27L, 7L), .Dimnames = list(c("1", 
"2", "3", "4", "5", "6", "7", "8", "9", "10", "11", "12", "14", 
"15", "16", "17", "19", "20", "21", "22", "23", "24", "26", "27", 
"28", "29", "30"), c("x1", "x2", "x3", "x4", "x5", "x6", "x7"
)), assign = 1:7), qraux = c(1.19245008972988, 1.0117400095464, 
1.31188851221032, 1.1092741072632, 1.46211525645352, 1.59011339842601, 
1.16963959037102), pivot = 1:7, tol = 1e-07, rank = 7L), .Names = c("qr", 
"qraux", "pivot", "tol", "rank"), class = "qr"), df.residual = 20L, 
    xlevels = structure(list(), .Names = character(0)), call = quote(lm(formula = y ~ 
        . + 0, data = structure(list(y = c(43, 63, 71, 61, 81, 
        43, 58, 71, 72, 67, 64, 67, 68, 77, 81, 74, 65, 50, 50, 
        64, 53, 40, 66, 78, 48, 85, 82), x1 = c(1, 1, 1, 1, 1, 
        1, 1, 1, 1, 1, 1, 1, 1, 1, 1, 1, 1, 1, 1, 1, 1, 1, 1, 
        1, 1, 1, 1), x2 = c(51, 64, 70, 63, 78, 55, 67, 75, 82, 
        61, 53, 60, 83, 77, 90, 85, 70, 58, 40, 61, 66, 37, 77, 
        75, 57, 85, 82), x3 = c(30, 51, 68, 45, 56, 49, 42, 50, 
        72, 45, 53, 47, 83, 54, 50, 64, 46, 68, 33, 52, 52, 42, 
        66, 58, 44, 71, 39), x4 = c(39, 54, 69, 47, 66, 44, 56, 
        55, 67, 47, 58, 39, 45, 72, 72, 69, 57, 54, 34, 62, 50, 
        58, 63, 74, 45, 71, 59), x5 = c(66, 88, 76, 55, 88, 76, 
        66, 54, 59, 59, 64, 75, 71, 71, 66, 77, 66, 75, 50, 58, 
        54, 59, 51, 66, 64, 55, 64), x6 = c(92, 73, 86, 84, 83, 
        49, 68, 66, 83, 80, 67, 74, 77, 77, 54, 79, 85, 78, 64, 
        80, 80, 57, 76, 78, 83, 74, 78), x7 = c(45, 47, 48, 35, 
        47, 34, 35, 41, 31, 41, 34, 41, 35, 46, 36, 63, 46, 52, 
        33, 41, 37, 49, 72, 49, 38, 55, 39)), .Names = c("y", 
        "x1", "x2", "x3", "x4", "x5", "x6", "x7"),