
expected <- structure(list(coefficients = structure(c(6.92687172359934, 0.762594449269559, 
0.0866403423531086, 0.100471256192316, 0.0297445118128746, -0.14689469365365
), .Names = c("x1", "x2", "x3", "x4", "x5", "x6")), residuals = structure(c(-7.67337940704163, 
1.65707535637206, -0.651809982260245, 7.04069899319946, -12.0034525377192, 
-7.17200963758096, -0.426915809783919, -8.74623937998691, 7.06995507591374, 
9.23788875400643, 8.13914967993128, 6.12631691411356, 3.20437645486031, 
-1.2386593134179, -4.32506179434096, 7.59404065088668, -2.60041073116164, 
-8.16060130896782, 3.06158765467271, -12.0375495977127, 1.6970792806756, 
7.23971723292589, -5.89054241230007, 5.69347229694275, -8.21776058293901, 
5.24296333140709, 6.14007081930546), .Names = c("1", "3", "4", 
"5", "6", "7", "8", "9", "10", "11", "12", "13", "15", "16", 
"17", "18", "19", "20", "22", "23", "24", "25", "26", "27", "28", 
"29", "30")), effects = structure(c(-338.327257745121, -53.1510040063286, 
2.38481266822958, 0.634123097977085, 0.838826487755053, -6.08125656119975, 
2.84401718922974, -9.77547913534472, 8.11133573322616, 12.0249076084806, 
9.13901885775241, 7.6904926861897, 6.59635164606752, -0.969060754855443, 
-4.49989450419507, 3.49079843987999, -0.0226595545905014, -8.51511742773202, 
4.76759495516175, -11.6569669416544, 5.52297127104748, 12.1329846771467, 
-2.55085230053393, 8.96402450733296, -10.1679391261401, 5.25034812935608, 
5.79847010657499), .Names = c("x1", "x2", "x3", "x4", "x5", "x6", 
"", "", "", "", "", "", "", "", "", "", "", "", "", "", "", "", 
"", "", "", "", "")), rank = 6L, fitted.values = structure(c(50.6733794070416, 
69.3429246436279, 61.6518099822602, 73.9593010068005, 55.0034525377192, 
65.172009637581, 71.4269158097839, 80.7462393799869, 59.9300449240863, 
54.7621112459936, 58.8608503200687, 62.8736830858864, 73.7956235451397, 
82.2386593134179, 78.325061794341, 57.4059593491133, 67.6004107311616, 
58.1606013089678, 60.9384123453273, 65.0375495977127, 38.3029207193244, 
55.7602827670741, 71.8905424123001, 72.3065277030572, 56.217760582939, 
79.7570366685929, 75.8599291806945), .Names = c("1", "3", "4", 
"5", "6", "7", "8", "9", "10", "11", "12", "13", "15", "16", 
"17", "18", "19", "20", "22", "23", "24", "25", "26", "27", "28", 
"29", "30")), assign = 1:6, qr = structure(list(qr = structure(c(-5.19615242270663, 
0.192450089729875, 0.192450089729875, 0.192450089729875, 0.192450089729875, 
0.192450089729875, 0.192450089729875, 0.192450089729875, 0.192450089729875, 
0.192450089729875, 0.192450089729875, 0.192450089729875, 0.192450089729875, 
0.192450089729875, 0.192450089729875, 0.192450089729875, 0.192450089729875, 
0.192450089729875, 0.192450089729875, 0.192450089729875, 0.192450089729875, 
0.192450089729875, 0.192450089729875, 0.192450089729875, 0.192450089729875, 
0.192450089729875, 0.192450089729875, -348.527112500804, -64.4348651884355, 
-0.0229669383926948, 0.209826285526274, -0.147123324482811, 0.0391112546523634, 
0.16326764074248, 0.271904478571332, -0.0540060349152239, -0.17816242100534, 
-0.0695255831764885, -0.0384864866539594, 0.194306737265009, 
0.396060864661448, 0.318463123355125, -0.0695255831764885, 0.0856698994361571, 
-0.100564679699018, -0.0540060349152239, 0.0235917063910989, 
-0.426475193185573, -0.162642872744076, 0.194306737265009, 0.16326764074248, 
-0.116084227960282, 0.318463123355125, 0.271904478571332, -274.626278044532, 
-24.9910710853059, 49.1208079475144, 0.0332697122450195, -0.1175759361763, 
0.17798279240609, 0.117154307922394, -0.241440185980785, 0.0403824137808932, 
-0.224516643047355, -0.0130879396546342, -0.191158831431529, 
0.0612312441374779, 0.308470469495412, -0.0403131830102102, -0.37953142363057, 
0.134814139392708, -0.466114159169628, -0.102123385543082, -0.0383513316854092, 
-0.204649530739946, 0.0121754523761407, -0.183064411846479, -0.0457094627335769, 
0.00972274202675147, -0.182818982334185, 0.430372867975097, -341.406459180799, 
-33.9194097202031, 10.8534948345161, 36.5144481505575, 0.195796464997672, 
-0.0798639514861814, -0.0159722975132688, 0.271961616919256, 
-0.00225867146248349, 0.108316520542694, 0.0909334545135614, 
0.331071889199369, -0.197282385398434, 0.419524229293852, -0.00203669711543282, 
0.39675433480174, -0.25039855067801, 0.161438114269597, -0.0354751049098964, 
0.100561597478908, 0.0350541019650216, -0.219945304499561, -0.312910027681228, 
-0.202603070931292, 0.244985811938313, 0.129065387281395, 0.103828684574393, 
-390.481232061917, -5.97042769591686, 1.69755370724668, 18.3282904567024, 
48.3420467179556, 0.256161878890856, 0.305165133251932, -0.141017310341569, 
-0.0541953161095642, 0.122168400075295, 0.0314585747044272, 0.175280891669057, 
0.137984173942655, 0.496225264254159, 0.0590926766407253, -0.222729948027163, 
-0.0331900670200027, -0.123464526736063, -0.0568128478574463, 
-0.0729918574439638, 0.287226755312583, 0.0860809966388233, 0.172684228279573, 
0.10081258162823, -0.21369722277366, 0.10810106298277, 0.0771261139547332, 
-225.743955253144, -11.8276201693348, 20.5044038044349, 24.3691268883957, 
4.07832357320029, 41.3987490626327, 0.00375463163933422, 0.441067390708349, 
0.0297306444531367, 0.238550840054921, -0.00513121661850337, 
0.356430706428967, 0.055806472370095, -0.181779382921115, -0.334592142322354, 
-0.344348667847084, 0.0261092865066445, 0.00301900964592046, 
0.141090286661175, 0.154048856326144, -0.214871464809407, 0.29469667532687, 
-0.356688144155334, 0.05129317216572, -0.0048006484302258, -0.126404740773176, 
-0.138932244669059), .Dim = c(27L, 6L), .Dimnames = list(c("1", 
"3", "4", "5", "6", "7", "8", "9", "10", "11", "12", "13", "15", 
"16", "17", "18", "19", "20", "22", "23", "24", "25", "26", "27", 
"28", "29", "30"), c("x1", "x2", "x3", "x4", "x5", "x6")), assign = 1:6), 
    qraux = c(1.19245008972988, 1.08566989943616, 1.06589123532396, 
    1.05439281616782, 1.48509887810589, 1.10674668055245), pivot = 1:6, 
    tol = 1e-07, rank = 6L), .Names = c("qr", "qraux", "pivot", 
"tol", "rank"), class = "qr"), df.residual = 21L, xlevels = structure(list(), .Names = character(0)), 
    call = quote(lm(formula = y ~ . + 0, data = structure(list(y = c(43, 
        71, 61, 81, 43, 58, 71, 72, 67, 64, 67, 69, 77, 81, 74, 
        65, 65, 50, 64, 53, 40, 63, 66, 78, 48, 85, 82), x1 = c(1, 
        1, 1, 1, 1, 1, 1, 1, 1, 1, 1, 1, 1, 1, 1, 1, 1, 1, 1, 
        1, 1, 1, 1, 1, 1, 1, 1), x2 = c(51, 70, 63, 78, 55, 67, 
        75, 82, 61, 53, 60, 62, 77, 90, 85, 60, 70, 58, 61, 66, 
        37, 54, 77, 75, 57, 85, 82), x3 = c(30, 68, 45, 56, 49, 
        42, 50, 72, 45, 53, 47, 57, 54, 50, 64, 65, 46, 68, 52, 
        52, 42, 42, 66, 58, 44, 71, 39), x4 = c(61, 76, 54, 71, 
        54, 66, 70, 71, 62, 58, 59, 55, 79, 60, 79, 55, 75, 64, 
        66, 63, 50, 66, 88, 80, 51, 77, 64), x5 = c(92, 86, 84, 
        83, 49, 68, 66, 83, 80, 67, 74, 63, 77, 54, 79, 80, 85, 
        78, 80, 80, 57, 75, 76, 78, 83, 74, 78), x6 = c(45, 48, 
        35, 47, 34, 35, 41, 31, 41, 34, 41, 25, 46, 36, 63, 60, 
        46, 52, 41, 37, 49, 33, 72, 49, 38, 55, 39)), .Names = c("y", 
        "x1", "x2", "x3", "x4", "x5", "x6"), row.names = c("1", 
        "3", "4", "5", "6", "7", "8", "9", "10", "11", "12", 
        "13", "15", "16", "17", "18", "19", "20", "22", "23", 
        "24", "25", "26", "27", "28", "29", "30"), class = "data.frame"))), 
    terms = y ~ x1 + x2 + x3 + x4 + x5 + x6 + 0, model = structure(list(
        y = c(43, 71, 61, 81, 43, 58, 71, 72, 67, 64, 67, 69, 
        77, 81, 74, 65, 65, 50, 64, 53, 40, 63, 66, 78, 48, 85, 
        82), x1 = c(1, 1, 1, 1, 1, 1, 1, 1, 1, 1, 1, 1, 1, 1, 
        1, 1, 1, 1, 1, 1, 1, 1, 1, 1, 1, 1, 1), x2 = c(51, 70, 
        63, 78, 55, 67, 75, 82, 61, 53, 60, 62, 77, 90, 85, 60, 
        70, 58, 61, 66, 37, 54, 77, 75, 57, 85, 82), x3 = c(30, 
        68, 45, 56, 49, 42, 50, 72, 45, 53, 47, 57, 54, 50, 64, 
        65, 46, 68, 52, 52, 42, 42, 66, 58, 44, 71, 39),