
expected <- structure(list(coefficients = structure(c(9.93640644780068, 0.709149247639188, 
-0.111272444123682, 0.38228269129676, 0.0479406447311014, -0.0430696321711353, 
-0.18522914420884), .Names = c("x1", "x2", "x3", "x4", "x5", 
"x6", "x7")), residuals = structure(c(-5.54023461737296, 0.340747213545449, 
1.56366500756834, 0.891298135022629, 4.81232399336547, -12.5429898430306, 
-9.93612161635629, 0.263669984500402, -7.19958419264865, 6.31898186644155, 
12.0214179454813, 9.89861387202314, -2.36730629936329, -0.623423771830193, 
3.19049205956542, -2.23105794086934, -4.74800348711263, 8.84398877991278, 
1.14953777209057, -9.35797016845521, -4.97118299161517, 6.64888088860319, 
-1.11590920879443, 2.31385940580255, -7.11936144279693, 6.28220020551942, 
3.21346845080348), .Names = c("1", "2", "3", "4", "5", "6", "7", 
"8", "9", "11", "12", "13", "14", "15", "18", "19", "20", "21", 
"22", "23", "24", "25", "26", "27", "28", "29", "30")), effects = structure(c(-330.436804066196, 
-51.0689079508119, 2.68611967430661, 13.3743426997647, -2.96738267569633, 
-3.53007398771543, -7.53253408930601, 4.86949280553593, -3.36188651098191, 
10.3800166201385, 11.2490947818059, 14.4188540701309, -2.24954732465922, 
2.23428138087115, 4.57983663386802, -2.03597337672609, -6.68577170204393, 
11.9477549541547, 3.52674253956233, -7.41440683552927, -1.18841228131697, 
7.60121693711256, -1.67644545209837, 5.02505025055198, -7.23701236379982, 
9.1668090262878, 6.59523271789622), .Names = c("x1", "x2", "x3", 
"x4", "x5", "x6", "x7", "", "", "", "", "", "", "", "", "", "", 
"", "", "", "", "", "", "", "", "", "")), rank = 7L, fitted.values = structure(c(48.540234617373, 
62.6592527864546, 69.4363349924317, 60.1087018649774, 76.1876760066345, 
55.5429898430306, 67.9361216163563, 70.7363300154996, 79.1995841926486, 
57.6810181335585, 54.9785820545187, 59.1013861279769, 70.3673062993633, 
77.6234237718302, 61.8095079404346, 67.2310579408693, 54.7480034871126, 
41.1560112200872, 62.8504622279094, 62.3579701684552, 44.9711829916152, 
56.3511191113968, 67.1159092087944, 75.6861405941975, 55.1193614427969, 
78.7177997944806, 78.7865315491965), .Names = c("1", "2", "3", 
"4", "5", "6", "7", "8", "9", "11", "12", "13", "14", "15", "18", 
"19", "20", "21", "22", "23", "24", "25", "26", "27", "28", "29", 
"30")), assign = 1:7, qr = structure(list(qr = structure(c(-5.19615242270663, 
0.192450089729875, 0.192450089729875, 0.192450089729875, 0.192450089729875, 
0.192450089729875, 0.192450089729875, 0.192450089729875, 0.192450089729875, 
0.192450089729875, 0.192450089729875, 0.192450089729875, 0.192450089729875, 
0.192450089729875, 0.192450089729875, 0.192450089729875, 0.192450089729875, 
0.192450089729875, 0.192450089729875, 0.192450089729875, 0.192450089729875, 
0.192450089729875, 0.192450089729875, 0.192450089729875, 0.192450089729875, 
0.192450089729875, 0.192450089729875, -339.09705810404, -64.6156729066964, 
0.108983611697181, 0.000650761707243416, 0.232792583114252, -0.123158209709828, 
0.062555247415779, 0.18636421883285, 0.294697068822788, -0.154110452564096, 
-0.0457776025741583, -0.0148253597198905, 0.310173190249921, 
0.217316461687118, -0.0457776025741583, 0.108983611697181, -0.0767298454284261, 
-0.355300031116836, -0.0303014811470244, 0.0470791259886451, 
-0.401728395398238, -0.138634331136962, 0.217316461687118, 0.18636421883285, 
-0.09220596685556, 0.341125433104189, 0.294697068822788, -276.165878762371, 
-38.1635422496297, -51.8743814456437, -0.0855473432092191, -0.04856337822439, 
0.0849309466482844, -0.190063826433519, -0.12921405674444, 0.213189566166732, 
0.185382533999306, -0.011979315364881, 0.157451833421777, 0.413569170333353, 
-0.0754469377310734, 0.335012773954993, -0.147967824504566, 0.416187023010466, 
-0.0484397098142874, 0.0727362590284481, 0.0143806736063798, 
0.160069686098891, -0.0383393043361418, 0.155881121815509, 0.0250046496199481, 
-0.0347979789982857, 0.158898876617943, -0.42296259758637, -289.252484864003, 
-31.3907329613699, -13.3466992843226, 48.2336760195802, -0.136472883490647, 
0.140388076539147, -0.101260795485054, 0.0269506847315662, -0.00615291317959386, 
-0.128078914877611, 0.254458693873492, 0.284006477751736, 0.544488861880237, 
-0.282411587864147, -0.345938555488481, -0.0735791413930778, 
0.103119148399489, 0.13807943157391, -0.176514074493189, 0.0989021682106239, 
-0.302490055363458, -0.0046328365620625, 0.00149287179026787, 
-0.302089745621851, 0.0897596230145777, -0.0812154818399324, 
-0.107903985368068, -338.71215792458, -3.40016119650958, 0.935007509826564, 
-4.44891700415345, -54.386081641892, 0.258909364699932, -0.00719605026740988, 
-0.280634203625659, -0.277152416880002, 0.0182374886983521, 0.224147469857207, 
-0.0989180214886193, -0.0334731090020775, -0.0163677409199314, 
-0.306854638769065, -0.0307914583668223, 0.182022011869462, -0.0964406570039806, 
-0.143673460975474, -0.222687801627372, 0.0297436289530743, 0.320444935102417, 
-0.381286953152005, -0.105555516568959, 0.0310117488232813, -0.374048441336763, 
-0.130821498869334, -390.673682151647, -18.1024765522868, 4.6765930061464, 
4.41255482406476, -2.42306804184525, 44.5327070341794, 0.229431976512731, 
0.294725294800964, -0.044256730431222, 0.203042398080916, 0.101901945011156, 
0.338224008174305, 0.14291358483035, 0.0689971651837214, -0.0871179595094388, 
-0.138197008843834, 0.00901760828918598, 0.203888894941449, -0.0719843528718566, 
-0.0477139360998307, 0.348875413654563, 0.0497122297288708, 0.0799709758482765, 
0.0329213772857451, -0.136746019078038, 0.158618119363174, 0.0538739363733405, 
-220.932703009897, -10.2044959173061, -11.7299946118344, 25.1646453224406, 
2.50737813780524, 8.70309412189929, 40.6660308315915, 0.0295102081111149, 
0.496932267280848, 0.275948835915126, -0.196249515879342, 0.226232241140177, 
0.00733261040346954, 0.171236777428428, -0.0414120276526848, 
-0.00104233110846694, -0.221302500291508, -0.0197017607145513, 
0.212652819254843, 0.124444559182416, -0.0863575145521779, 0.148153990709656, 
-0.572162997676523, 0.145613418578518, 0.034833219143332, -0.0650389849394248, 
0.155154695070606), .Dim = c(27L, 7L), .Dimnames = list(c("1", 
"2", "3", "4", "5", "6", "7", "8", "9", "11", "12", "13", "14", 
"15", "18", "19", "20", "21", "22", "23", "24", "25", "26", "27", 
"28", "29", "30"), c("x1", "x2", "x3", "x4", "x5", "x6", "x7"
)), assign = 1:7), qraux = c(1.19245008972988, 1.01612688313438, 
1.2761336179975, 1.08835711112596, 1.29957490574684, 1.64274744126695, 
1.19412611737301), pivot = 1:7, tol = 1e-07, rank = 7L), .Names = c("qr", 
"qraux", "pivot", "tol", "rank"), class = "qr"), df.residual = 20L, 
    xlevels = structure(list(), .Names = character(0)), call = quote(lm(formula = y ~ 
        . + 0, data = structure(list(y = c(43, 63, 71, 61, 81, 
        43, 58, 71, 72, 64, 67, 69, 68, 77, 65, 65, 50, 50, 64, 
        53, 40, 63, 66, 78, 48, 85, 82), x1 = c(1, 1, 1, 1, 1, 
        1, 1, 1, 1, 1, 1, 1, 1, 1, 1, 1, 1, 1, 1, 1, 1, 1, 1, 
        1, 1, 1, 1), x2 = c(51, 64, 70, 63, 78, 55, 67, 75, 82, 
        53, 60, 62, 83, 77, 60, 70, 58, 40, 61, 66, 37, 54, 77, 
        75, 57, 85, 82), x3 = c(30, 51, 68, 45, 56, 49, 42, 50, 
        72, 53, 47, 57, 83, 54, 65, 46, 68, 33, 52, 52, 42, 42, 
        66, 58, 44, 71, 39), x4 = c(39, 54, 69, 47, 66, 44, 56, 
        55, 67, 58, 39, 42, 45, 72, 75, 57, 54, 34, 62, 50, 58, 
        48, 63, 74, 45, 71, 59), x5 = c(66, 88, 76, 55, 88, 76, 
        66, 54, 59, 64, 75, 59, 71, 71, 51, 66, 75, 50, 58, 54, 
        59, 79, 51, 66, 64, 55, 64), x6 = c(92, 73, 86, 84, 83, 
        49, 68, 66, 83, 67, 74, 63, 77, 77, 80, 85, 78, 64, 80, 
        80, 57, 75, 76, 78, 83, 74, 78), x7 = c(45, 47, 48, 35, 
        47, 34, 35, 41, 31, 34, 41, 25, 35, 46, 60, 46, 52, 33, 
        41, 37, 49, 33, 72, 49, 38, 55, 39)), .Names = c("y", 
        "x1", "x2", "x3", "x4", "x5", "x6", "x7"),