
expected <- structure(list(coefficients = structure(c(1.07352448783491, 0.180376366736177, 
0.283034605607675, 0.121263631073157, -0.14547264576, 0.34462913492835, 
0.286514424681973), .Names = c("x1", "x2", "x3", "x4", "x5", 
"x6", "x7")), residuals = structure(c(-21.0492012250761, -4.39680656742772, 
3.43308620105762, -1.88705208513205, 21.5975576351086, -20.219460656473, 
-7.25891112148491, 10.8279197012922, -6.07456931933817, -4.05569078608973, 
4.93425112941249, -9.05682142241383, 3.80671777364504, 10.3652377783251, 
21.6827894767584, 24.1053603383925, -0.517150233790639, -17.0283839069195, 
-2.51448923022291, -8.23889542664605, -7.09771581116712, -18.6522941857877, 
-6.52058654207886, 12.1606265694135, -6.50195698978802, 20.3708300257608, 
19.4754176185366), .Names = c("1", "2", "3", "4", "5", "6", "7", 
"8", "9", "10", "11", "12", "14", "15", "16", "17", "19", "20", 
"21", "22", "23", "24", "26", "27", "28", "29", "30")), effects = structure(c(-180.91479299122, 
-275.355865947798, 46.8613452405553, -24.2994256049242, 0.12033899287316, 
-22.5245923976862, -13.2544289599422, 9.80779932236107, -3.72422222549255, 
-2.9154676575704, 14.0980670135272, -13.1106278544765, 12.7090625004652, 
11.9551934171425, 31.9034154493349, 26.3417504876621, 7.19608600231461, 
-14.3548732348121, -4.6140868559438, 4.6872657051672, -11.0651330595921, 
-4.8925184776055, -2.63171158711211, 12.2658991138288, 5.22619712938959, 
25.9700274093299, 28.8704364189102), .Names = c("x1", "x2", "x3", 
"x4", "x5", "x6", "x7", "", "", "", "", "", "", "", "", "", "", 
"", "", "", "", "", "", "", "", "", "")), rank = 7L, fitted.values = structure(c(64.0492012250761, 
67.3968065674277, 67.5669137989424, 62.8870520851321, 59.4024423648914, 
63.219460656473, 65.2589111214849, 60.1720802987078, 78.0745693193382, 
71.0556907860897, 59.0657488705875, 76.0568214224138, 64.193282226355, 
66.6347622216749, 59.3172105232416, 49.8946396616075, 65.5171502337906, 
67.0283839069195, 52.5144892302229, 72.2388954266461, 60.0977158111671, 
58.6522941857877, 72.5205865420789, 65.8393734305865, 54.501956989788, 
64.6291699742392, 62.5245823814634), .Names = c("1", "2", "3", 
"4", "5", "6", "7", "8", "9", "10", "11", "12", "14", "15", "16", 
"17", "19", "20", "21", "22", "23", "24", "26", "27", "28", "29", 
"30")), assign = 1:7, qr = structure(list(qr = structure(c(-5.5619478675689, 
-0.105800289937136, 0.155164759844604, 0.0544794356489143, 0.0135894551287377, 
-0.124801562479908, 0.155461890986976, -0.162795029622667, 0.242515969141682, 
-0.00912175932424218, 0.084550638226956, 0.132602770603508, 0.292624441894169, 
-0.0413902391769621, 0.134186805465009, 0.329100882664851, 0.31219421493993, 
-0.1155332257432, -0.00961623060150689, 0.342722907812427, 0.0200918598893651, 
0.280504586580238, 0.304942374294912, -0.212214848272729, 0.180119195606578, 
0.265443585601265, 0.0569067424023135, -200.965762287527, -285.101319513244, 
0.15733322192891, 0.13314020858834, 0.286729260431131, 0.304718343307827, 
0.0483504618936784, 0.266468993709275, 0.087496452744295, 0.270723443179919, 
0.118413549481838, 0.186799932721527, -0.0352501156271185, 0.32237029220825, 
0.090766726089243, -0.0869226468959423, 0.0079460824125524, 0.314473825046449, 
0.232555850366914, -0.0773152072391183, 0.22865665264593, -0.0145511248079569, 
0.00702002810352441, 0.364084659976652, 0.0521996729100952, 0.0507076937203476, 
0.131102124605514, -156.507164068054, -234.928475897471, 83.4932261196475, 
-0.272926185825576, 0.249275690751109, 0.0428473912633054, -0.345837430892523, 
-0.322315849935359, -0.133620112534441, 0.230184647695001, 0.114371757782807, 
-0.0479634296609, -0.320567688014722, -0.00617619588024484, 0.0592310834258546, 
-0.111981584271821, 0.23852474936535, 0.041427820836691, 0.0344250968607843, 
-0.548465208612887, 0.105154642681788, -0.116424470684241, -0.149639850713523, 
0.0444406365519884, -0.0348994711762705, -0.028039235560963, 
-0.130378731672565, -145.697659443064, -235.711847708212, 35.0189771318212, 
-67.8806903576759, -0.220257377546418, 0.112080131930829, -0.128363215820978, 
0.129219764366482, -0.15358699760486, 0.128991875940215, 0.247716788208129, 
0.03846255091411, 0.18026392596799, -0.481866511910048, 0.0846598941197586, 
0.245967655983407, 0.370041622438167, 0.00958867844829583, -0.0767254231373716, 
-0.362726915401386, 0.121084320020898, -0.207568975257931, 0.177992873964851, 
0.0978416304884285, -0.0282417435669425, -0.180425850996242, 
-0.0494479199458749, -175.052046171935, -255.356699945697, 44.7526168831419, 
-32.0936063622712, 54.064226958652, 0.303193491634054, 0.275051471955334, 
0.0426178668967981, 0.420267358640514, -0.114559623880858, 0.00291536761475276, 
0.180857665980791, -0.158882859975272, -0.14057795325838, -0.0750084104029985, 
0.0339939004017312, -0.00186506539301566, 0.194505086123591, 
-0.263019823171514, -0.0416045202819303, 0.102021763349137, -0.187501614238031, 
0.281743585869252, 0.0480188692593021, -0.44814305706872, 0.144761910761542, 
0.0195572303242256, -204.517729927615, -326.490732006093, 69.0899165195177, 
-43.0616352328835, 15.2633140480507, -61.78681339936, 0.23119227180311, 
-0.0352674602159222, 0.180541982950946, -0.0504686153705855, 
0.383493729587164, -0.211230597861024, 0.00823136106412223, -0.0780873940643253, 
0.313695805349573, -0.141510832315982, 0.195889642416677, 0.328898246266057, 
-0.341828338562405, 0.12324604100373, -0.129347164719953, 0.241364131270024, 
0.140049036977318, 0.129699240574415, 0.0335746417508044, 0.151058243298778, 
0.33561442140152, -110.68265421854, -186.668992321139, 5.87484561569731, 
-20.5798167039426, 9.51094317859446, -4.29666446026855, -46.2609482041066, 
0.0304179675469832, -0.0637711446699298, 0.524412348386455, 0.117184332802095, 
-0.0495717090543222, -0.445126309932968, -0.358744160113714, 
0.0834307332893883, 0.0310109074632909, 0.068913291805892, -0.13479377506102, 
-0.086580369014826, 0.0862328859827526, -0.121953582340945, -0.129897317391219, 
-0.284518043136116, 0.347674527540796, -0.0389891236414304, -0.256579795820751, 
0.12069920859058), .Dim = c(27L, 7L), .Dimnames = list(c("1", 
"2", "3", "4", "5", "6", "7", "8", "9", "10", "11", "12", "14", 
"15", "16", "17", "19", "20", "21", "22", "23", "24", "26", "27", 
"28", "29", "30"), c("x1", "x2", "x3", "x4", "x5", "x6", "x7"
)), assign = 1:7), qraux = c(1.21547281480923, 1.302794057088, 
1.0662104395666, 1.24707073699628, 1.3133408116543, 1.25940975015473, 
1.12532592328469), pivot = 1:7, tol = 1e-07, rank = 7L), .Names = c("qr", 
"qraux", "pivot", "tol", "rank"), class = "qr"), df.residual = 20L, 
    xlevels = structure(list(), .Names = character(0)), call = quote(lm(formula = y ~ 
        . + 0, data = structure(list(y = c(43, 63, 71, 61, 81, 
        43, 58, 71, 72, 67, 64, 67, 68, 77, 81, 74, 65, 50, 50, 
        64, 53, 40, 66, 78, 48, 85, 82), x1 = c(1.19844856284726, 
        -0.588455697004025, 0.863018305139535, 0.303011780933836, 
        0.0755838409747057, -0.694139784304391, 0.864670933063239, 
        -0.905457467860607, 1.34886117741898, -0.0507347498219455, 
        0.470266241988007, 0.737529697191911, 1.62756189059181, 
        -0.230210352528471, 0.746340016511991, 1.83044195255281, 
        1.73640794805249, -0.642589778555747, -0.053484973288102, 
        1.90620694627434, 0.111749877267147, 1.56015188717325, 
        1.69607358844098, -1.18032792281696, 1.00181357591223, 
        1.4763833848948, 0.31651233455484), x2 = c(90, 61, 82, 
        51, 85, 57, 51, 37, 83, 75, 54, 85, 60, 82, 58, 54, 77, 
        62, 64, 60, 70, 63, 75, 53, 58, 78, 51), x3 = c(42, 64, 
        58, 64, 51, 50, 66, 65, 72, 45, 33, 71, 66, 72, 39, 42, 
        33, 54, 52, 83, 50, 52, 64, 50, 45, 58, 52), x4 = c(54, 
        63, 48, 71, 45, 59, 45, 62, 57, 62, 54, 72, 67, 39, 47, 
        55, 67, 56, 48, 39, 62, 34, 71, 58, 42, 45, 44), x5 = c(66, 
        77, 62, 71, 43, 43, 43, 59, 51, 70, 51, 71, 80, 71, 55, 
        54, 64, 50, 71, 66, 59, 61, 61, 55, 75, 54, 51),