
expected <- structure(list(coefficients = structure(c(-0.423460444232383, 
0.647436311511748, -0.0835205121935588, 0.326172822785548, 0.0131030231134811, 
0.218474051457543, -0.216877699642298), .Names = c("x1", "x2", 
"x3", "x4", "x5", "x6", "x7")), residuals = structure(c(-10.8215082913007, 
1.69140778539824, 0.156991771545085, -2.67427880546872, 6.27897609642077, 
-6.12365126350637, -8.19111183381852, 2.64420518154912, -8.7699127844688, 
6.79608883728812, 7.82110070649423, 11.9590192110107, 11.1955673667805, 
-2.70416800663109, 0.958340127536326, -0.584835473786369, -1.68591722188828, 
1.67442574681352, -3.96230237594504, -6.14370341178359, 8.7226145807763, 
-0.518506018040981, -10.8972861801692, -1.33132507437442, 6.3146863494177, 
-0.352165171815822, 3.58785001770039), .Names = c("1", "2", "3", 
"4", "5", "6", "7", "8", "9", "10", "11", "12", "13", "14", "15", 
"16", "17", "18", "19", "20", "21", "22", "23", "24", "25", "26", 
"30")), effects = structure(c(-274.989342506819, -192.100002679418, 
-2.27752314802867, 14.4752252066303, 4.88708790822312, 11.3692935631265, 
-8.39017174759656, 5.74877263201481, -6.70176786719265, 8.23786845875367, 
9.37995666793232, 14.2793789282941, 13.9152405568886, -2.21557907403848, 
4.12115580811009, -2.20390712977703, -0.700541070629041, -6.37134390803999, 
-0.172919527839581, -6.85030653719583, 8.88290813408752, 0.539815986552666, 
-8.01291230939018, -3.17329136329528, 11.4134294987329, 3.1508504102966, 
2.89646586386182), .Names = c("x1", "x2", "x3", "x4", "x5", "x6", 
"x7", "", "", "", "", "", "", "", "", "", "", "", "", "", "", 
"", "", "", "", "", "")), rank = 7L, fitted.values = structure(c(53.8215082913007, 
61.3085922146018, 70.8430082284549, 63.6742788054687, 74.7210239035792, 
49.1236512635064, 66.1911118338185, 68.3557948184509, 80.7699127844688, 
60.2039111627119, 56.1788992935058, 55.0409807889893, 57.8044326332195, 
70.7041680066311, 76.0416598724637, 81.5848354737864, 75.6859172218883, 
63.3255742531865, 68.962302375945, 56.1437034117836, 41.2773854192237, 
64.518506018041, 63.8972861801692, 41.3313250743744, 56.6853136505823, 
66.3521651718158, 78.4121499822996), .Names = c("1", "2", "3", 
"4", "5", "6", "7", "8", "9", "10", "11", "12", "13", "14", "15", 
"16", "17", "18", "19", "20", "21", "22", "23", "24", "25", "26", 
"30")), assign = 1:7, qr = structure(list(qr = structure(c(-7.81953962956511, 
0.0187125906532033, 0.204916239243971, 0.0466807975830817, 0.452900844762568, 
0.236584744757978, 0.0227263967004325, 0.123796019794356, 0.151126267970394, 
0.078438080049438, 0.1964677094208, 0.195890773287107, 0.102014484039924, 
0.236610790431213, 0.201294114096622, 0.232247495477864, 0.343697895762516, 
-0.0783201223821694, 0.206807229751756, -0.0170722122547398, 
0.103456303710088, 0.0922593790181252, 0.325562688186825, 0.155573581228818, 
0.156456923795467, 0.205016592490715, 0.0259306695652996, -289.215416415607, 
-196.120990481761, 0.0522624827852202, 0.251827412080119, -0.275638485228702, 
-0.071304194911055, 0.307837287491259, 0.198362763206987, 0.193421659247931, 
0.194414357502441, -0.0218578170862537, 0.0146921979861192, 0.164460936886946, 
0.0714260933570069, 0.093339944927728, 0.113605492703282, -0.0775883066240258, 
0.422376355071131, 0.0494510450072278, 0.321117990661516, 0.0501416535553874, 
0.173865485415807, -0.147504685763505, -0.0426405992087212, 0.0427272733835156, 
0.0878055351346419, 0.379556721029334, -226.105032854277, -155.577119483411, 
-58.0282173706113, -0.0777627424194618, -0.00743053699421628, 
0.141114269007367, -0.189353818569612, -0.139629884460228, 0.149394178199245, 
-0.0436152573684571, 0.228927083205893, 0.029499577730873, 0.154487496238832, 
0.343413692096961, -0.0816387143874635, -0.322108939210773, 0.0113309003547181, 
0.281449012325154, -0.122424661677327, 0.373559517232639, 0.0426238228933426, 
0.079951459183021, 0.0610018668136285, 0.249893882267262, 0.0171645406777281, 
0.125947912536696, -0.44588716643675, -236.427101311491, -167.226554188305, 
-19.2323138490232, 50.3649028964081, -0.10516824913928, 0.0682819427316613, 
-0.0780103505243881, 0.0770913287312122, 0.0927617304306777, 
0.0574982884125542, -0.190582716284516, 0.206999011205829, 0.265452572695201, 
0.621267090978384, -0.21685055883463, -0.122916685323719, -0.0107584501729094, 
-0.317474971898092, -0.0587527065372601, 0.0961819974829638, 
-0.00298006284409617, -0.182869394097594, 0.0741467678495268, 
-0.440831813484873, -0.0696489579639077, 0.0630899903739896, 
-0.0110255786196558, -278.614589365567, -182.501451931546, -16.005815219787, 
23.4298565618897, 42.3200465048615, 0.057960504953944, -0.0913544694324904, 
-0.0431244858222559, 0.213393599411223, -0.130256078326634, 0.10022776897237, 
-0.0973767260888426, 0.0231368423404093, 0.309758151184066, 0.0239911040949249, 
0.613928907114953, 0.169677025298493, 0.322227979961505, -0.149944867162849, 
-0.126607105595033, -0.065447034983479, -0.0188883391541368, 
0.0865847610162509, 0.0800782585370227, -0.246652083694174, -0.270792207526719, 
0.140515874466512, -311.704591106592, -219.661479266581, -27.7920476335776, 
21.7780507427773, 48.1314088715769, 55.8369813269416, 0.140932858344462, 
0.332823680058866, 0.086863058075671, -0.0949071301284306, -0.028206755633515, 
0.0171034155106987, 0.169474424128595, 0.181614597188018, 0.206657594671304, 
0.268270350427373, 0.270417002266774, -0.360341880957208, 0.0347488082431493, 
0.0278660188059389, -0.2319793921322, -0.100253370467085, -0.0533132790578343, 
-0.126978551349185, 0.021523743239571, 0.535226963325978, -0.0559150374595375, 
-179.5007020733, -123.610581628341, -25.0397082451199, 32.3563846475853, 
28.5086781537438, 3.8253724098787, 38.6861893197627, 0.0672267723425074, 
0.428870490407905, 0.00667632855896886, 0.250570704623912, -0.13413194329022, 
0.224053980320704, -0.0957161927543995, 0.230438447907791, 0.0561313177474277, 
-0.31315249790448, -0.298161383422059, 0.0943315402225754, -0.15017160555618, 
-0.0738244763879613, 0.207336435541235, 0.0826533766574322, -0.151616619084241, 
0.316578099819225, -0.392605771353475, 0.0487493406575602), .Dim = c(27L, 
7L), .Dimnames = list(c("1", "2", "3", "4", "5", "6", "7", "8", 
"9", "10", "11", "12", "13", "14", "15", "16", "17", "18", "19", 
"20", "21", "22", "23", "24", "25", "26", "30"), c("x1", "x2", 
"x3", "x4", "x5", "x6", "x7")), assign = 1:7), qraux = c(1.16678485647749, 
1.2985081500164, 1.25629957519948, 1.08218550235801, 1.29468680257193, 
1.31224913062268, 1.24840469643879), pivot = 1:7, tol = 1e-07, 
    rank = 7L), .Names = c("qr", "qraux", "pivot", "tol", "rank"
), class = "qr"), df.residual = 20L, xlevels = structure(list(), .Names = character(0)), 
    call = quote(lm(formula = y ~ . + 0, data = structure(list(y = c(43, 
        63, 71, 61, 81, 43, 58, 71, 72, 67, 64, 67, 69, 68, 77, 
        81, 74, 65, 65, 50, 50, 64, 53, 40, 63, 66, 82), x1 = c(1.30418079483706, 
        0.146323844184553, 1.60235065350968, 0.365022346640615, 
        3.54147610388442, 1.84998378738556, 0.17770995963625, 
        0.968027882764394, 1.18173784146277, 0.613349675413581, 
        1.53628703974583, 1.53177566478469, 0.797706300739824, 
        1.8501874525596, 1.57402730237674, 1.8160684947564, 2.68755931651313, 
        -0.612427300759763, 1.61713732872443, -0.133496840290285, 
        0.80898066678936, 0.721425870431298, 2.54575034218463, 
        1.21651378373211, 1.2234211159385, 1.60313536969955, 
        0.202765898287018), x2 = c(51, 64, 70, 63, 78, 55, 67, 
        75, 82, 61, 53, 60, 62, 83, 77, 90, 85, 60, 70, 58, 40, 
        61, 66, 37, 54, 77, 82), x3 = c(30, 51, 68, 45, 56, 49, 
        42, 50, 72, 45, 53, 47, 57, 83, 54, 50, 64, 65, 46, 68, 
        33, 52, 52, 42, 42, 66, 39), x4 = c(39, 54, 69, 47, 66, 
        44, 56, 55, 67, 47, 58, 39, 42, 45, 72, 72, 69, 75, 57, 
        54, 34, 62, 50, 58, 48, 63, 59), x5 = c(61, 63, 76, 54, 
        71, 54, 66, 70, 71, 62, 58, 59, 55, 59, 79, 60, 79, 55, 
        75, 64, 43, 66, 63, 50, 66, 88, 64),