
expected <- structure(list(coefficients = structure(c(-2.06475099097251, 
0.656402463513414, -0.0119868913365144, 0.367814946659305, 0.0330167682419244, 
0.15463281028123, -0.237620061860831), .Names = c("x1", "x2", 
"x3", "x4", "x5", "x6", "x7")), residuals = structure(c(-10.5431459989217, 
1.28758882244668, 1.40798558620781, -0.580938546116316, 4.91425595045707, 
-5.17618693749587, 2.80530778312611, -9.66973204434844, 7.98885087084821, 
10.4611365524107, 7.70719903331605, -3.23245100797694, -1.57328252907685, 
-2.72566637617223, -5.32595980310483, 4.82661399971703, -3.14064036970159, 
-3.44951672138329, 9.83129722623792, -3.35141229618364, -1.15267711278418, 
5.15208215290201, -4.64399367746829, 1.13899359772026, -8.52005804631994, 
7.20919850203198, 2.71727722158826), .Names = c("1", "2", "3", 
"4", "5", "6", "8", "9", "10", "12", "13", "14", "15", "16", 
"17", "18", "19", "20", "21", "22", "24", "25", "26", "27", "28", 
"29", "30")), effects = structure(c(267.99842192436, -215.120922253628, 
-1.9181881674998, 14.4639790575107, -2.25878416117898, 8.38194562974888, 
-8.89554949039854, -12.4344305933292, 4.63554095476436, 10.8654610230377, 
10.0551814159684, -2.70425143577757, -3.23904077073621, -4.86389820206912, 
-4.38191201170405, -2.96806868686695, -7.04225418528938, -7.31840606297459, 
6.58835037398234, -4.63898872992602, -5.59805653279966, 3.40199518569047, 
-0.732725478757772, -0.891596886329176, -13.1891590306504, 5.77636014770724, 
0.273946995623443), .Names = c("x1", "x2", "x3", "x4", "x5", 
"x6", "x7", "", "", "", "", "", "", "", "", "", "", "", "", "", 
"", "", "", "", "", "", "")), rank = 7L, fitted.values = structure(c(53.5431459989217, 
61.7124111775533, 69.5920144137922, 61.5809385461163, 76.0857440495429, 
48.1761869374959, 68.1946922168739, 81.6697320443485, 59.0111491291518, 
56.5388634475893, 61.292800966684, 71.2324510079769, 78.5732825290768, 
83.7256663761722, 79.3259598031048, 60.173386000283, 68.1406403697016, 
53.4495167213833, 40.1687027737621, 67.3514122961836, 41.1526771127842, 
57.847917847098, 70.6439936774683, 76.8610064022797, 56.5200580463199, 
77.790801497968, 79.2827227784117), .Names = c("1", "2", "3", 
"4", "5", "6", "8", "9", "10", "12", "13", "14", "15", "16", 
"17", "18", "19", "20", "21", "22", "24", "25", "26", "27", "28", 
"29", "30")), assign = 1:7, qr = structure(list(qr = structure(c(7.6036410642714, 
-0.111348566861812, -0.339002600303838, -0.18953754255661, -0.173809214347863, 
-0.305948676454943, -0.219144512858853, -0.238751371046603, -0.156216175814406, 
-0.0175213187258215, 0.0136044978840533, -0.276677151096947, 
-0.0885129032400569, -0.191771617116758, -0.059528342265464, 
-0.378803829850946, -0.185425486433921, -0.349493295293704, -0.106518171299057, 
0.0205319986714347, -0.177428250630741, -0.0436054110445325, 
0.0108838547626564, -0.124306299933446, -0.153376133059302, -0.266453206947282, 
-0.0435120112058782, 280.646407179038, -218.612886485445, -0.0241951171278846, 
0.095627722125678, 0.180220710013407, -0.0592297721179716, 0.120441281244785, 
0.132542566274222, 0.120330609695728, 0.25665767885437, 0.297427270150275, 
0.0985877176466913, 0.262299711353481, 0.216864091043664, 0.328339756170339, 
-0.110372505305196, 0.131825267614317, -0.0897442585775585, 0.0747590528460948, 
0.299890685353356, -0.0110020280241661, 0.20271283800905, 0.363277780513228, 
0.21678828306055, 0.104918651878525, 0.118122906882947, 0.33088800506774, 
239.835070904586, -148.363390450259, -47.1852004159793, -0.165154133489019, 
-0.133034250590917, -0.0892447147734315, -0.265322646545672, 
0.0781703887528674, -0.100298173696888, 0.105635718272462, 0.321955957166324, 
0.256018047961681, -0.0692468231028497, -0.45381518995531, 0.0576113900308711, 
0.0989309054064398, -0.241231088285091, 0.223056679871688, 0.00384759802067828, 
0.237960680356125, 0.161976639839926, 0.0588055616722613, 0.29186715272855, 
0.00612105282600197, -0.0603322050256188, -0.0163676381789839, 
-0.411426315750487, 243.6454372679, -168.429153455461, -9.61231521656312, 
49.8710794046799, -0.0590997387398552, 0.103735586612351, 0.098641738266033, 
0.078608656609195, 0.057739660910523, 0.193003718912495, 0.212157437159956, 
0.607175647544078, -0.21946102855621, -0.0781500585163359, -0.0118710117724978, 
-0.347314710414361, -0.0293746970711637, 0.0644179252016459, 
-0.00325272289597894, -0.232811156305785, -0.44846438694896, 
-0.0815458749270843, 0.0172795023670267, -0.250261643773396, 
0.0458908991156253, 0.0312671301968996, -0.00491015025609492, 
263.782319933345, -211.060017436014, -20.5396779407106, 26.7799977138285, 
-38.7751219602345, 0.309693282919988, 0.318522528817301, -0.127852993561578, 
0.265452166113851, 0.0412545635041466, -0.303392948864365, -0.281897008853511, 
0.0729660805166714, -0.275569795289409, -0.130623428135032, -0.178910549318349, 
0.458909937997228, 0.224686184408077, 0.15276882903424, -0.189294233988807, 
0.0488405075010558, 0.265166497920651, 0.0813843534017854, 0.0858760383542398, 
0.0398524461565957, 0.0193417010525829, -0.044359952905952, 306.481118424006, 
-231.922171017423, -25.7351798535727, 22.9480554254053, -45.0304432733159, 
63.9748160516421, 0.217720846582004, -0.0731659630126953, -0.138508923272768, 
-0.0162617248159764, 0.0726951991497273, 0.0599481706064911, 
0.0556916159001141, 0.0355301832623701, 0.114716918199824, -0.545598917324571, 
-0.0240751742212476, -0.073342140345881, -0.24642624872903, -0.209845609713, 
-0.243723515068084, -0.0198318787243914, 0.405746015693429, 0.0465783477383632, 
-0.413014521857201, 0.155833702635212, -0.166155459894558, 182.483660279254, 
-132.062738102447, -24.027508858245, 34.9804665794103, -25.1857061177009, 
6.3574596846374, 37.4360204299942, 0.432839463208721, -0.0193149436140378, 
-0.127841664526366, 0.246459031643207, -0.0913335848380125, 0.230967502354565, 
0.0547561929138561, -0.300708940870528, -0.34205718221049, 0.0704459787522779, 
-0.203501535368236, -0.0806059397239983, 0.227273827402338, -0.154548916202493, 
0.320156129985083, -0.408215355689105, 0.201824908341296, -0.0759928281439602, 
-0.132259668974504, 0.0283636636368209), .Dim = c(27L, 7L), .Dimnames = list(
    c("1", "2", "3", "4", "5", "6", "8", "9", "10", "12", "13", 
    "14", "15", "16", "17", "18", "19", "20", "21", "22", "24", 
    "25", "26", "27", "28", "29", "30"), c("x1", "x2", "x3", 
    "x4", "x5", "x6", "x7")), assign = 1:7), qraux = c(1.03402027378711, 
1.1796349083945, 1.0600057146549, 1.08665391447034, 1.03732460611787, 
1.20959096538892, 1.02682756739526), pivot = 1:7, tol = 1e-07, 
    rank = 7L), .Names = c("qr", "qraux", "pivot", "tol", "rank"
), class = "qr"), df.residual = 20L, xlevels = structure(list(), .Names = character(0)), 
    call = quote(lm(formula = y ~ . + 0, data = structure(list(y = c(43, 
        63, 71, 61, 81, 43, 71, 72, 67, 67, 69, 68, 77, 81, 74, 
        65, 65, 50, 50, 64, 40, 63, 66, 78, 48, 85, 82), x1 = c(-0.25867795078543, 
        0.846654535438241, 2.57765409256505, 1.44117544180453, 
        1.32158287956416, 2.32632391985229, 1.66629621698333, 
        1.81537972904105, 1.18781172932586, 0.133225818563844, 
        -0.103443718769981, 2.10375374762637, 0.673020345793978, 
        1.45816254287071, 0.452632147737685, 2.88028835595793, 
        1.40990884301146, 2.65742157178274, 0.809925941380608, 
        -0.156117948229687, 1.34910073245774, 0.331559894042641, 
        -0.0827569250108997, 0.945180486721588, 1.16621706360886, 
        2.02601454605116, 0.330849715194053), x2 = c(51, 64, 
        70, 63, 78, 55, 75, 82, 61, 60, 62, 83, 77, 90, 85, 60, 
        70, 58, 40, 61, 37, 54, 77, 75, 57, 85, 82), x3 = c(30, 
        51, 68, 45, 56, 49, 50, 72, 45, 47, 57, 83, 54, 50, 64, 
        65, 46, 68, 33, 52, 42, 42, 66, 58, 44, 71, 39), x4 = c(39, 
        54, 69, 47, 66, 44, 55, 67, 47, 39, 42, 45, 72, 72, 69, 
        75, 57, 54, 34, 62, 58, 48, 63, 74, 45, 71, 59),