
expected <- structure(list(coefficients = structure(c(16.4839186227559, 0.587983944318811, 
-0.0302086849754463, 0.290809383822713, 0.150970455565873, -0.105305886211988, 
-0.174661841758239), .Names = c("x1", "x2", "x3", "x4", "x5", 
"x6", "x7")), residuals = structure(c(-9.56930225778789, 1.6338721346837, 
0.99595070647458, -0.135220752065014, 5.5919934541542, -10.927853968511, 
-8.53243009849365, -6.88771980850061, 8.14462517713892, 5.956594260763, 
11.7830247011119, 10.6884549545882, -2.86714425743834, -0.0599687847914872, 
-2.70277456266862, -3.30415636959334, 3.99071180114632, -6.7076436878075, 
7.01247317875369, -0.873607242180989, -10.305879723694, -4.08720803184548, 
4.5089242715363, 2.55475957687128, -6.81533947696597, 6.75686126571513, 
4.1580035394067), .Names = c("1", "2", "3", "4", "5", "6", "7", 
"9", "10", "11", "12", "13", "14", "15", "16", "17", "18", "20", 
"21", "22", "23", "24", "25", "27", "28", "29", "30")), effects = structure(c(-334.285805860793, 
-54.1626149974308, 2.33757936933778, 11.6749073260769, 3.28831564061342, 
3.1375254665506, -6.19963656182952, -5.7303354948077, 11.8352348348964, 
7.56448578192968, 15.4424154961439, 15.0035947683791, -6.34567496252541, 
2.91878026446644, -2.60157896020199, -3.06770027691579, 1.02579474886107, 
-7.08690640245766, 8.48566500648328, -0.691497878637403, -7.49055543011423, 
-0.913683530262473, 7.77945775025271, 5.90220917779157, -4.56287120017412, 
7.2583211095063, 3.05195930370424), .Names = c("x1", "x2", "x3", 
"x4", "x5", "x6", "x7", "", "", "", "", "", "", "", "", "", "", 
"", "", "", "", "", "", "", "", "", "")), rank = 7L, fitted.values = structure(c(52.5693022577879, 
61.3661278653163, 70.0040492935254, 61.135220752065, 75.4080065458458, 
53.927853968511, 66.5324300984936, 78.8877198085006, 58.8553748228611, 
58.043405739237, 55.2169752988881, 58.3115450454118, 70.8671442574383, 
77.0599687847915, 83.7027745626686, 77.3041563695933, 61.0092881988537, 
56.7076436878075, 42.9875268212463, 64.873607242181, 63.305879723694, 
44.0872080318455, 58.4910757284637, 75.4452404231287, 54.815339476966, 
78.2431387342849, 77.8419964605933), .Names = c("1", "2", "3", 
"4", "5", "6", "7", "9", "10", "11", "12", "13", "14", "15", 
"16", "17", "18", "20", "21", "22", "23", "24", "25", "27", "28", 
"29", "30")), assign = 1:7, qr = structure(list(qr = structure(c(-5.19615242270663, 
0.192450089729875, 0.192450089729875, 0.192450089729875, 0.192450089729875, 
0.192450089729875, 0.192450089729875, 0.192450089729875, 0.192450089729875, 
0.192450089729875, 0.192450089729875, 0.192450089729875, 0.192450089729875, 
0.192450089729875, 0.192450089729875, 0.192450089729875, 0.192450089729875, 
0.192450089729875, 0.192450089729875, 0.192450089729875, 0.192450089729875, 
0.192450089729875, 0.192450089729875, 0.192450089729875, 0.192450089729875, 
0.192450089729875, 0.192450089729875, -341.791359360259, -70.2329457353646, 
0.0940757185871527, -0.00559260554061164, 0.207982374733169, 
-0.119499261686628, 0.0513607225323965, 0.264935702806177, -0.0340692695771157, 
-0.147975925723132, -0.0483076015953678, -0.0198309375588637, 
0.279174034824429, 0.193744042714917, 0.378842358952194, 0.307650698860933, 
-0.0483076015953678, -0.0767842656318719, -0.333074241960409, 
-0.0340692695771157, 0.0371223905141445, -0.375789238015165, 
-0.13373759370488, 0.165267378678413, -0.0910225976501239, 0.307650698860933, 
0.264935702806177, -275.588528493181, -36.3393873843611, -52.8621971496863, 
-0.0777165698770799, -0.0219221343711548, 0.0791752168329003, 
-0.175079573263807, 0.240139952845125, -0.057410733231322, 0.175149493605607, 
-0.00942359484496873, 0.159441668826645, 0.438075244871355, -0.0496034361117502, 
-0.257259814436125, 0.0583443176225902, 0.331084385726301, 0.40814155246727, 
-0.0712047688317108, 0.0750090369908383, 0.0242444453764436, 
0.129507976422561, -0.0430916350663811, 0.0463708406609564, -0.0357161699715435, 
0.190764087844751, -0.384124678202203, -291.754336030491, -37.5876144912945, 
-11.4059006342731, 49.0355388976436, -0.104841902340487, 0.128440571929882, 
-0.0788666194452232, 0.0162392709473075, 0.0824488170952767, 
-0.143365288721313, 0.252446471064487, 0.276076731016642, 0.549517961724093, 
-0.248497668427881, -0.18275230798564, -0.0591726046853306, -0.355056995026528, 
0.0798686223314672, 0.111453037419439, -0.174195903115328, 0.10663670604758, 
-0.336326214380228, -0.00961120964501627, -0.27558306164323, 
0.0873092962742401, -0.0507034851737676, -0.0528199671590905, 
-328.319853079167, -33.1911339714365, -4.23117750984152, 16.4660843730949, 
31.7078523722841, 0.0920963072891978, -0.0526649888326148, 0.0915521565704131, 
-0.0868781912010935, 0.159378311641052, -0.108836439303373, 0.0896949376999101, 
0.182367089603522, -0.151916698189229, 0.521786779560287, -0.127299736131187, 
0.560176297707196, -0.0296258597273708, 0.175411962343915, 0.0123019712487866, 
-0.0324213082725737, 0.292616097387037, -0.24778359605908, -0.160652023158982, 
0.204844843458486, -0.0237423754240145, 0.141789519461196, -384.322829190561, 
-5.29349543700793, -25.8724519501433, 6.77222426239279, -1.90788336105007, 
-34.322806684905, 0.307173194732968, -0.00724199027232109, 0.223701868616342, 
-0.0432861492471061, 0.293921724606643, 0.415440186951093, -0.178986225174848, 
-0.0039580347353566, 0.234651704102562, 0.0122561662254168, -0.00224616203254871, 
-0.112644397838007, 0.0172651718967737, -0.296665959952871, 0.145810421592114, 
0.333627109187939, -0.185139706517719, 0.0621750026402101, 0.276266081036633, 
0.0668589489342607, -0.254332499646682, -217.276151305029, -8.12850554553101, 
-11.28973643718, 24.9500673066765, 9.73048610996956, 2.73023634633441, 
35.4950829524106, 0.458485393762943, -0.0645510555625636, 0.317224061647332, 
-0.192252111545718, 0.235604571816833, -0.012855278346188, 0.192211702480923, 
0.192094928108267, -0.369840309777124, -0.275896354552698, -0.200161830561931, 
-0.0227670294902855, 0.225507927208624, 0.0767624668290912, -0.134149791416861, 
0.302540444917799, 0.14642255739813, -0.0870894876145547, -0.142184620144556, 
0.0902495139227293), .Dim = c(27L, 7L), .Dimnames = list(c("1", 
"2", "3", "4", "5", "6", "7", "9", "10", "11", "12", "13", "14", 
"15", "16", "17", "18", "20", "21", "22", "23", "24", "25", "27", 
"28", "29", "30"), c("x1", "x2", "x3", "x4", "x5", "x6", "x7"
)), assign = 1:7), qraux = c(1.19245008972988, 1.00864572647764, 
1.28630653259272, 1.0968936737861, 1.02477083856026, 1.30040177432699, 
1.20339427121257), pivot = 1:7, tol = 1e-07, rank = 7L), .Names = c("qr", 
"qraux", "pivot", "tol", "rank"), class = "qr"), df.residual = 20L, 
    xlevels = structure(list(), .Names = character(0)), call = quote(lm(formula = y ~ 
        . + 0, data = structure(list(y = c(43, 63, 71, 61, 81, 
        43, 58, 72, 67, 64, 67, 69, 68, 77, 81, 74, 65, 50, 50, 
        64, 53, 40, 63, 78, 48, 85, 82), x1 = c(1, 1, 1, 1, 1, 
        1, 1, 1, 1, 1, 1, 1, 1, 1, 1, 1, 1, 1, 1, 1, 1, 1, 1, 
        1, 1, 1, 1), x2 = c(51, 64, 70, 63, 78, 55, 67, 82, 61, 
        53, 60, 62, 83, 77, 90, 85, 60, 58, 40, 61, 66, 37, 54, 
        75, 57, 85, 82), x3 = c(30, 51, 68, 45, 56, 49, 42, 72, 
        45, 53, 47, 57, 83, 54, 50, 64, 65, 68, 33, 52, 52, 42, 
        42, 58, 44, 71, 39), x4 = c(39, 54, 69, 47, 66, 44, 56, 
        67, 47, 58, 39, 42, 45, 72, 72, 69, 75, 54, 34, 62, 50, 
        58, 48, 74, 45, 71, 59), x5 = c(61, 63, 76, 54, 71, 54, 
        66, 71, 62, 58, 59, 55, 59, 79, 60, 79, 55, 64, 43, 66, 
        63, 50, 66, 80, 51, 77, 64), x6 = c(54, 78, 83, 64, 66, 
        80, 78, 80, 76, 73, 78, 86, 74, 75, 75, 78, 80, 77, 63, 
        64, 76, 83, 63, 80, 76, 83, 54), x7 = c(45, 47, 48, 35, 
        47, 34, 35, 31, 41, 34, 41, 25, 35, 46, 36, 63, 60, 52, 
        33, 41, 37, 49, 33, 49, 38, 55, 39)), .Names = c("y", 
        "x1", "x2", "x3", "x4", "x5", "x6", "x7"),