
expected <- structure(list(coefficients = structure(c(13.8549086799537, 0.685797096310462, 
-0.0705402941752623, 0.355436116376167, -0.00650572502598018, 
-0.0197973434990815, -0.212968389490625), .Names = c("x1", "x2", 
"x3", "x4", "x5", "x6", "x7")), residuals = structure(c(-3.94053030106471, 
2.01644499215803, 1.83043189072181, -0.193670635983434, 7.31709530677464, 
-11.1360550448245, -9.30393257010906, -1.01711820427023, -7.34253989659025, 
5.08992212976174, 11.4668736401638, 9.42335171905317, -4.61182604859773, 
-0.455099476531781, 2.15059960116426, -1.90846103212627, -5.69843804000467, 
8.65958693867501, 0.123071474254182, -9.9245072253709, -4.64011625123382, 
8.01404676855175, -1.55159741385109, 1.23596807275639, -7.90950576382399, 
6.30394042530971, 6.00206494503789), .Names = c("1", "2", "3", 
"4", "5", "6", "7", "8", "9", "11", "12", "13", "14", "15", "18", 
"19", "20", "21", "22", "23", "24", "25", "26", "27", "28", "29", 
"30")), effects = structure(c(-330.436804066196, -51.0689079508119, 
4.77647483500438, 11.7898610440175, -3.96284328369634, -2.00165700615893, 
-8.06153754724714, 2.03705503954765, -6.75444847511421, 7.99107811768881, 
12.6883391889363, 12.6983929295563, -6.41199721532868, 1.89835545783441, 
-3.63262121404043, -0.286942401216154, -5.90748730533455, 10.2706752947386, 
1.37594177555601, -9.17543788695169, -3.21577740185673, 12.6348810452684, 
-0.139148389084032, 3.54831690874499, -9.83411409297943, 5.72917758733182, 
4.41706067913706), .Names = c("x1", "x2", "x3", "x4", "x5", "x6", 
"x7", "", "", "", "", "", "", "", "", "", "", "", "", "", "", 
"", "", "", "", "", "")), rank = 7L, fitted.values = structure(c(46.9405303010647, 
60.983555007842, 69.1695681092782, 61.1936706359834, 73.6829046932254, 
54.1360550448245, 67.3039325701091, 72.0171182042702, 79.3425398965902, 
58.9100778702383, 55.5331263598362, 59.5766482809468, 72.6118260485977, 
77.4550994765318, 62.8494003988357, 66.9084610321263, 55.6984380400047, 
41.340413061325, 63.8769285257458, 62.9245072253709, 44.6401162512338, 
54.9859532314482, 67.5515974138511, 76.7640319272436, 55.909505763824, 
78.6960595746903, 75.9979350549621), .Names = c("1", "2", "3", 
"4", "5", "6", "7", "8", "9", "11", "12", "13", "14", "15", "18", 
"19", "20", "21", "22", "23", "24", "25", "26", "27", "28", "29", 
"30")), assign = 1:7, qr = structure(list(qr = structure(c(-5.19615242270663, 
0.192450089729875, 0.192450089729875, 0.192450089729875, 0.192450089729875, 
0.192450089729875, 0.192450089729875, 0.192450089729875, 0.192450089729875, 
0.192450089729875, 0.192450089729875, 0.192450089729875, 0.192450089729875, 
0.192450089729875, 0.192450089729875, 0.192450089729875, 0.192450089729875, 
0.192450089729875, 0.192450089729875, 0.192450089729875, 0.192450089729875, 
0.192450089729875, 0.192450089729875, 0.192450089729875, 0.192450089729875, 
0.192450089729875, 0.192450089729875, -339.09705810404, -64.6156729066964, 
0.108983611697181, 0.000650761707243416, 0.232792583114252, -0.123158209709828, 
0.062555247415779, 0.18636421883285, 0.294697068822788, -0.154110452564096, 
-0.0457776025741583, -0.0148253597198905, 0.310173190249921, 
0.217316461687118, -0.0457776025741583, 0.108983611697181, -0.0767298454284261, 
-0.355300031116836, -0.0303014811470244, 0.0470791259886451, 
-0.401728395398238, -0.138634331136962, 0.217316461687118, 0.18636421883285, 
-0.09220596685556, 0.341125433104189, 0.294697068822788, -282.901631902917, 
-22.933892385965, -61.8280134461366, -0.173259654480929, 0.166483450521487, 
0.201926123498239, -0.18293966244963, -0.428734254231793, 0.334716323573667, 
-0.140972685421862, -0.234738716171561, 0.221377380670919, 0.0856443728934508, 
-0.296096122881825, 0.0725653510463261, -0.1861561938575, 0.0854923041679897, 
0.0562697977913316, -0.160332701359265, 0.0337844916813352, 0.0433124309245757, 
0.0951723121366914, -0.0373137504878149, -0.428734254231793, 
-0.166826591665189, 0.121239114595664, 0.0921078494542826, -289.252484864003, 
-31.3907329613699, 4.52726322666789, 49.841004923902, -0.0893999795889153, 
0.129061867545803, -0.0457846169370988, 0.0197085201823632, -0.046701310864028, 
-0.218810625832902, 0.218838844631026, 0.241200867561943, 0.370345125056395, 
-0.283320226898951, -0.461185308772284, -0.0365755885241906, 
-0.057877457280889, 0.161086951407786, -0.222488203188468, 0.094505616926224, 
-0.35194197764433, 0.0242165350411072, -0.0671479728934828, -0.361503697127651, 
0.078082721292241, -0.126607097401645, 0.0804359284812852, -334.478255950523, 
-38.7894653829049, 9.52703857707248, 17.3867315415958, 31.6324323101492, 
0.055270723504083, 0.0484483821965434, 0.025862963291642, 0.145347883221409, 
0.180763850381628, -0.0656290659262727, 0.0621153119843609, 0.222540718628029, 
0.012600165849682, 0.587135703103481, -0.188397806607365, -0.0536022410004495, 
0.109103088264115, 0.0777435712708428, 0.00564023723761523, 0.239468991430102, 
-0.255282206477576, -0.452957447281875, 0.011410694333182, 0.241214148994929, 
0.0819624713799901, 0.275372276838062, -390.673682151647, -18.1024765522868, 
0.766359272291679, 2.94831834444093, 7.06237207695591, 44.398394450703, 
0.21123840180841, 0.272431754730199, -0.0105415758553195, 0.146106823075576, 
0.0730505128655824, 0.369469538137937, 0.126590811050996, 0.025298608356482, 
-0.155929722010163, -0.131299380593129, -0.0138001041122512, 
0.216633098672313, -0.101498787345377, -0.022516422957912, 0.302339267376328, 
0.0659967277231016, 0.147017650938701, -0.027725227903216, -0.181305733175866, 
0.181885947636123, 0.0704458443391716, -220.932703009897, -10.2044959173061, 
5.24440323034511, 27.0178594610315, 16.9848454031578, 5.271612106829, 
37.8532117678525, 0.0770026231294367, 0.387407134058041, 0.271953191829739, 
-0.121915457802999, 0.184989463673947, -0.106741547712853, 0.242402147429934, 
-0.324341829862812, 0.0963300257490961, -0.197082071663891, -0.0821005232124779, 
0.21111015206321, 0.0924669879159072, -0.154472573975373, 0.292839327113259, 
-0.443672079051597, 0.229609692053854, -0.0511603224904481, -0.147080408515701, 
0.0102454209038679), .Dim = c(27L, 7L), .Dimnames = list(c("1", 
"2", "3", "4", "5", "6", "7", "8", "9", "11", "12", "13", "14", 
"15", "18", "19", "20", "21", "22", "23", "24", "25", "26", "27", 
"28", "29", "30"), c("x1", "x2", "x3", "x4", "x5", "x6", "x7"
)), assign = 1:7), qraux = c(1.19245008972988, 1.01612688313438, 
1.16966956818426, 1.09650077811806, 1.11250388509927, 1.6423739366945, 
1.23254459574559), pivot = 1:7, tol = 1e-07, rank = 7L), .Names = c("qr", 
"qraux", "pivot", "tol", "rank"), class = "qr"), df.residual = 20L, 
    xlevels = structure(list(), .Names = character(0)), call = quote(lm(formula = y ~ 
        . + 0, data = structure(list(y = c(43, 63, 71, 61, 81, 
        43, 58, 71, 72, 64, 67, 69, 68, 77, 65, 65, 50, 50, 64, 
        53, 40, 63, 66, 78, 48, 85, 82), x1 = c(1, 1, 1, 1, 1, 
        1, 1, 1, 1, 1, 1, 1, 1, 1, 1, 1, 1, 1, 1, 1, 1, 1, 1, 
        1, 1, 1, 1), x2 = c(51, 64, 70, 63, 78, 55, 67, 75, 82, 
        53, 60, 62, 83, 77, 60, 70, 58, 40, 61, 66, 37, 54, 77, 
        75, 57, 85, 82), x3 = c(56, 58, 68, 44, 71, 64, 45, 33, 
        83, 42, 39, 68, 68, 42, 58, 46, 58, 49, 44, 58, 47, 57, 
        58, 33, 42, 71, 68), x4 = c(39, 54, 69, 47, 66, 44, 56, 
        55, 67, 58, 39, 42, 45, 72, 75, 57, 54, 34, 62, 50, 58, 
        48, 63, 74, 45, 71, 59), x5 = c(61, 63, 76, 54, 71, 54, 
        66, 70, 71, 58, 59, 55, 59, 79, 55, 75, 64, 43, 66, 63, 
        50, 66, 88, 80, 51, 77, 64), x6 = c(92, 73, 86, 84, 83, 
        49, 68, 66, 83, 67, 74, 63, 77, 77, 80, 85, 78, 64, 80, 
        80, 57, 75, 76, 78, 83, 74, 78), x7 = c(45, 47, 48, 35, 
        47, 34, 35, 41, 31, 34, 41, 25, 35, 46, 60, 46, 52, 33, 
        41, 37, 49, 33, 72, 49, 38, 55, 39)), .Names = c("y", 
        "x1", "x2", "x3", "x4", "x5", "x6", "x7"),