
expected <- structure(list(coefficients = structure(c(6.73740575989486, 0.763844703528735, 
-0.110902155751911, 0.0930933363957699, 0.22021993922635, -0.0519168183755384, 
-0.0817221676818263), .Names = c("x1", "x2", "x3", "x4", "x5", 
"x6", "x7")), residuals = structure(c(-9.83849927122914, -0.0993502844733247, 
4.67928645748612, 2.08500001021589, 6.42564997843276, -10.5146978582061, 
-8.70732699983729, -1.89071445159625, -3.58026230783273, 7.48194228128098, 
9.4381430446529, 7.97891017617742, -4.55924960329594, 4.16406788895953, 
-1.06067823443012, -1.87909101243026, -5.15210222950531, -2.92470365060601, 
7.05374756863697, 5.30831097859665, -10.108074756053, 1.98023853418485, 
-7.27609288161814, 3.95396252736737, -8.10244450470041, 8.21408914980851, 
6.92993945001405), .Names = c("1", "2", "3", "4", "5", "6", "7", 
"8", "9", "10", "11", "12", "14", "15", "16", "17", "19", "20", 
"21", "22", "23", "24", "26", "27", "28", "29", "30")), effects = structure(c(-335.248056309443, 
55.507881731414, 5.01730832808559, 6.7049519265068, 4.94774259222378, 
-2.26677704315518, -2.53192325504815, 3.06261603814183, -3.23988432129753, 
8.86305902822592, 11.6611954661923, 9.08098146787373, -9.54701009013909, 
9.20280032412232, 1.75081226467316, -0.846380117999561, -0.924001697096248, 
-4.85832124151881, 7.91350261912208, 7.04403891436462, -9.18507403889876, 
3.35415634668323, -3.14152824632287, 8.78579017262913, -10.1903070511644, 
9.32708451870377, 8.98605326995568), .Names = c("x1", "x2", "x3", 
"x4", "x5", "x6", "x7", "", "", "", "", "", "", "", "", "", "", 
"", "", "", "", "", "", "", "", "", "")), rank = 7L, fitted.values = structure(c(52.8384992712291, 
63.0993502844733, 66.3207135425139, 58.9149999897841, 74.5743500215672, 
53.5146978582061, 66.7073269998373, 72.8907144515963, 75.5802623078327, 
59.518057718719, 54.5618569553471, 59.0210898238226, 72.5592496032959, 
72.8359321110405, 82.0606782344301, 75.8790910124303, 70.1521022295053, 
52.924703650606, 42.946252431363, 58.6916890214033, 63.108074756053, 
38.0197614658152, 73.2760928816181, 74.0460374726326, 56.1024445047004, 
76.7859108501915, 75.070060549986), .Names = c("1", "2", "3", 
"4", "5", "6", "7", "8", "9", "10", "11", "12", "14", "15", "16", 
"17", "19", "20", "21", "22", "23", "24", "26", "27", "28", "29", 
"30")), assign = 1:7, qr = structure(list(qr = structure(c(-5.19615242270663, 
0.192450089729875, 0.192450089729875, 0.192450089729875, 0.192450089729875, 
0.192450089729875, 0.192450089729875, 0.192450089729875, 0.192450089729875, 
0.192450089729875, 0.192450089729875, 0.192450089729875, 0.192450089729875, 
0.192450089729875, 0.192450089729875, 0.192450089729875, 0.192450089729875, 
0.192450089729875, 0.192450089729875, 0.192450089729875, 0.192450089729875, 
0.192450089729875, 0.192450089729875, 0.192450089729875, 0.192450089729875, 
0.192450089729875, 0.192450089729875, -350.644063487833, 69.9767157041593, 
-0.0740027970375246, 0.0260304773103873, -0.188326539149424, 
0.140354219422287, -0.0311313937455624, -0.145455135857462, -0.245488410205373, 
0.0546114128383621, 0.168935154950261, 0.0689018806023495, -0.259778877969361, 
-0.174036071385436, -0.359812152317273, -0.288359813497336, -0.0740027970375246, 
0.0974828161303243, 0.354711235882098, 0.0546114128383621, -0.0168409259815749, 
0.39758263917406, -0.174036071385436, -0.145455135857462, 0.111773283894312, 
-0.288359813497336, -0.245488410205373, -275.203628313722, 37.1192253786653, 
-51.7989002803227, -0.0646111375218958, 0.00305168115368953, 
0.0897822602435688, -0.161113265566024, -0.0838415133947335, 
0.273352707176091, -0.045318217241926, 0.186296897169124, 0.00293910122085157, 
0.476065967811465, -0.0259127170291181, -0.228538415494507, 0.0899698934649654, 
-0.112830929340394, 0.427646033890144, -0.074407704238998, 0.0898197868878481, 
0.0415874861879235, 0.128280538633523, 0.205752432907637, 0.0706019198964369, 
-0.0260378058433825, 0.22510789759474, -0.363726455149987, -288.290234415353, 
-5.49124455745811, 0.978549233797464, 66.690549670459, -0.349528461231517, 
0.306141815723996, -0.0281767712465267, -0.141378976463172, -0.109267987181042, 
0.0488286558385979, -0.176890487578649, -0.0802277839485988, 
-0.125319310249604, 0.194684594895352, -0.0387058396967123, 0.232173059799552, 
-0.267059900147317, 0.297761017816546, 0.0175780388921742, 0.201380295047807, 
0.0256798784902585, 0.396251341659658, -0.10074164426358, -0.318336964904394, 
-0.230832795692439, 0.0398482492921085, 0.238320694800967, -339.28950819377, 
36.8715239374229, -8.58423415944909, 3.1491538170243, 38.6330701121998, 
0.084124634924936, -0.0524907992239005, 0.0132141867169229, 0.198123263828857, 
-0.0149026081398157, 0.115443449765319, 0.0998433866326284, 0.595797690786526, 
-0.262645621010007, 0.406351377347617, -0.12097317710635, -0.16245850804048, 
-0.0158188029512841, 0.180081128357697, -0.113817875708833, 0.0652272598143215, 
-0.0768038157241155, -0.337445096202781, -0.14558347185309, 0.295530813632713, 
0.0284499556805464, 0.0697605579446704, -389.711431702997, 9.93187509597131, 
-2.61272901832825, 12.41697726495, 16.2882571535092, 46.3361938300685, 
0.212534411130058, 0.295670634502358, -0.0406858099866042, -0.0735352116826404, 
0.192273476276115, 0.0379526300304339, 0.00897211430888359, 0.125191621111707, 
0.470938752103307, 0.0904976511525827, -0.076461116811902, 0.0077928536578139, 
0.118122744413305, -0.0375257092840777, -0.0587399554526121, 
0.327148083470986, 0.235962249522158, 0.126633669664526, -0.217652396218797, 
0.194867544237084, -0.0319391592905243, -225.166604983954, 11.2561251087674, 
-11.4580557756746, -5.47770152887896, 33.2149201216432, -1.69905816344507, 
30.9820863404632, 0.055120458637356, 0.398542715393973, 0.0715912314799926, 
0.221927313762444, -0.0235605236747736, -0.0229622465014294, 
0.174879639992012, -0.172270931463218, -0.431478190649744, 0.0732968009126986, 
-0.139102488829005, 0.045459733461412, 0.200928982707174, 0.177018745808249, 
-0.212309689073989, -0.501219479606809, 0.0300880960513353, -0.0941333728251634, 
-0.259664636707565, -0.00255590035937386), .Dim = c(27L, 7L), .Dimnames = list(
    c("1", "2", "3", "4", "5", "6", "7", "8", "9", "10", "11", 
    "12", "14", "15", "16", "17", "19", "20", "21", "22", "23", 
    "24", "26", "27", "28", "29", "30"), c("x1", "x2", "x3", 
    "x4", "x5", "x6", "x7")), assign = 1:7), qraux = c(1.19245008972988, 
1.0117400095464, 1.31188851221032, 1.14348939994963, 1.11511079754076, 
1.5351489732264, 1.25345775194922), pivot = 1:7, tol = 1e-07, 
    rank = 7L), .Names = c("qr", "qraux", "pivot", "tol", "rank"
), class = "qr"), df.residual = 20L, xlevels = structure(list(), .Names = character(0)), 
    call = quote(lm(formula = y ~ . + 0, data = structure(list(y = c(43, 
        63, 71, 61, 81, 43, 58, 71, 72, 67, 64, 67, 68, 77, 81, 
        74, 65, 50, 50, 64, 53, 40, 66, 78, 48, 85, 82), x1 = c(1, 
        1, 1, 1, 1, 1, 1, 1, 1, 1, 1, 1, 1, 1, 1, 1, 1, 1, 1, 
        1, 1, 1, 1, 1, 1, 1, 1), x2 = c(51, 64, 70, 63, 78, 55, 
        67, 75, 82, 61, 53, 60, 83, 77, 90, 85, 70, 58, 40, 61, 
        66, 37, 77, 75, 57, 85, 82), x3 = c(30, 51, 68, 45, 56, 
        49, 42, 50, 72, 45, 53, 47, 83, 54, 50, 64, 46, 68, 33, 
        52, 52, 42, 66, 58, 44, 71, 39), x4 = c(59, 74, 57, 47, 
        75, 39, 57, 62, 58, 54, 72, 63, 59, 39, 50, 34, 72, 39, 
        63, 44, 54, 39, 59, 74, 74, 47, 34), x5 = c(61, 63, 76, 
        54, 71, 54, 66, 70, 71, 62, 58, 59, 59, 79, 60, 79, 75, 
        64, 43, 66, 63, 50, 88, 80, 51, 77, 64), x6 = c(92, 73, 
        86, 84, 83, 49, 68, 66, 83, 80, 67, 74, 77, 77, 54, 79, 
        85, 78, 64, 80, 80, 57, 76, 78, 83, 74, 78), x7 = c(45, 
        47, 48, 35, 47, 34, 35, 41, 31, 41, 34, 41, 35, 46, 36, 
        63, 46, 52, 33, 41, 37, 49, 72, 49, 38, 55, 39)), .Names = c("y", 
        "x1", "x2", "x3", "x4", "x5", "x6", "x7"),