
expected <- structure(list(coefficients = structure(c(0.996592035160299, 
-0.0437209561137346, 0.132226363423724, 0.363270112229244, 0.467331435068015, 
0.0848557442725217, 0.10730342019983), .Names = c("x1", "x2", 
"x3", "x4", "x5", "x6", "x7")), residuals = structure(c(-18.1315117879696, 
3.01774836732503, 12.1588975696039, -6.07511538582041, 20.3438615564667, 
-19.7349767727242, -6.38292076074426, -5.14663958419328, 1.69728991528768, 
4.97415205046454, -0.3894242687104, -0.904496532790667, 10.6183432776754, 
5.54775872052243, 13.7029463020166, 3.9057363458587, -3.11299368259997, 
0.87123068726576, -11.438044139473, -1.3047594876178, -8.94209478349033, 
-18.8737368836715, -6.68875896060397, 12.9227510374675, -18.2948801321787, 
17.6120044459902, 18.8038364884491), .Names = c("1", "2", "3", 
"4", "5", "6", "7", "9", "10", "11", "12", "13", "14", "15", 
"16", "17", "18", "20", "21", "22", "23", "24", "25", "27", "28", 
"29", "30")), effects = structure(c(259.139509869731, -195.682229357254, 
65.4603407480614, -44.0724382268647, 26.393755880809, -4.48040208231659, 
-7.23543425270195, -15.0536958381431, -0.983753184330459, 16.7299379648324, 
-1.23217760823955, -4.64877938730769, 1.90331153895129, 6.91136127850789, 
13.0734681860357, 9.55969230219129, -1.43611856609616, 10.7723239625196, 
-6.63458583895463, 0.44485594488424, -9.38199942953652, -23.6559268780918, 
-9.40778778868339, 7.32810430448749, -26.0013251316228, 21.1883514140052, 
25.2234920210039), .Names = c("x1", "x2", "x3", "x4", "x5", "x6", 
"x7", "", "", "", "", "", "", "", "", "", "", "", "", "", "", 
"", "", "", "", "", "")), rank = 7L, fitted.values = structure(c(61.1315117879696, 
59.982251632675, 58.8411024303961, 67.0751153858204, 60.6561384435333, 
62.7349767727242, 64.3829207607443, 77.1466395841933, 65.3027100847123, 
59.0258479495355, 67.3894242687104, 69.9044965327907, 57.3816567223246, 
71.4522412794776, 67.2970536979834, 70.0942636541413, 68.1129936826, 
49.1287693127342, 61.438044139473, 65.3047594876178, 61.9420947834903, 
58.8737368836715, 69.688758960604, 65.0772489625325, 66.2948801321787, 
67.3879955540098, 63.1961635115509), .Names = c("1", "2", "3", 
"4", "5", "6", "7", "9", "10", "11", "12", "13", "14", "15", 
"16", "17", "18", "20", "21", "22", "23", "24", "25", "27", "28", 
"29", "30")), assign = 1:7, qr = structure(list(qr = structure(c(7.62519525617988, 
-0.060283653835202, -0.273942029369591, -0.094658062728589, -0.312687285826787, 
-0.283735974416429, -0.014089828924798, -0.365832824166889, -0.155191122520643, 
-0.0768589561739507, -0.126383363041357, 0.0033618506134909, 
-0.285444287992902, -0.158682694883451, -0.107220904971782, -0.139105905675422, 
-0.0898232324777818, 0.173928665155778, -0.331961624237694, -0.196981188551736, 
-0.136918597447689, -0.148633621791, -0.0526833546109552, -0.14093642385401, 
-0.341633737529954, -0.21581286807588, -0.0444036027771313, 253.099927955557, 
-238.089114553547, 0.171997052231772, 0.0968186022786697, 0.0210563179566355, 
0.0512287935193914, 0.283411585162031, 0.0818918624790751, 0.0386955912236581, 
0.219406875904574, 0.11916140766854, 0.17053253395624, 0.0163432260008921, 
0.0360698234809232, 0.171373126385287, 0.243997128528383, 0.28105918542187, 
0.47940856871645, -0.0228393221076402, 0.0660697132482897, 0.212041186121005, 
0.24523221464286, 0.224987333488969, 0.238420415617075, -0.0175127190038231, 
0.119109450527231, 0.222813740588832, 209.137730344672, -173.692340342902, 
77.9960297225746, -0.128251344844101, 0.100564352647359, -0.0534196304476926, 
-0.0609010063945528, 0.333038464413109, -0.28434926806464, 0.119985197734857, 
-0.321821878958988, -0.458717321783765, -0.0793903654158139, 
-0.424571423679708, -0.226091270808227, 0.107130610362585, 0.185436446464934, 
0.226768545511947, -0.0782965957485033, -0.0361861868007294, 
0.182824723577411, 0.0261864141921637, -0.0942436567810534, 0.161954938871524, 
0.0556378842855673, 0.161953656411468, -0.0386520423952615, 217.3326667056, 
-178.479884702442, 55.0406282551418, -79.7368922175599, 0.1849030015952, 
-0.143274990861662, 0.0564008053770864, 0.377760164450562, 0.0881594568907932, 
0.100887922047523, -0.30866241449398, 0.145843334926051, -0.0364925363169844, 
-0.00894264284982983, -0.100182509907184, -0.0830269061953172, 
0.248839635270206, 0.189724071259881, -0.245462383057165, 0.311893743104429, 
0.0592579322146701, -0.168528939471531, 0.283689492327998, 0.252997287394839, 
0.203295344828702, 0.0908083707662197, 0.131392481396966, 240.954134473396, 
-179.174617051195, 57.2483067315841, -20.3512777345072, 53.3668301070383, 
0.0326323120595661, -0.0195963479338477, -0.122248185132564, 
0.0760105093224039, -0.325185440809073, -0.371755487942846, 0.236571039395297, 
0.185130895585602, 0.029489471607952, 0.010234649769242, -0.442334018939271, 
0.0235558045802743, -0.106258258093469, -0.0526480161284754, 
0.129532077563824, -0.292644606185639, 0.138371328116994, 0.0651250372044948, 
0.191460221522745, 0.00173363643804194, -0.499527578879348, -0.0305189812099157, 
288.79091072833, -240.540359889322, 48.8346181665153, -35.4390221222571, 
11.7110311803457, -42.7814524444793, 0.0783946706012072, -0.226847153850333, 
-0.117373724234137, 0.508090969764307, -0.13149620997042, -0.195978407984365, 
-0.0447841515668944, 0.14673142383459, 0.0344125067941657, 0.2374746314635, 
0.101138998668671, 0.315817205829579, 0.439587534710052, 0.262293592705671, 
-0.0782561242724312, 0.121243598900859, -0.0867305969304779, 
-0.0494121740481205, -0.0909184263373051, 0.0877259769299945, 
0.245289836665543, 176.052906205846, -131.807882866799, 39.6516993973765, 
-24.1223626399866, 4.28700514850498, -7.92286110263382, -67.429670361182, 
0.0188296049626621, 0.286084027016935, -0.260351634862062, -0.26649928252681, 
-0.0299388925405006, -0.136806015837164, -0.274720237776271, 
-0.00904597603701135, -0.267701650729471, 0.42742509262929, 0.022104436629614, 
0.358176717988507, -0.0527080380510942, 0.224200929144937, -0.33278706769478, 
-0.197121348923442, 0.137409336770805, -0.0989289149308918, -0.0529870006783226, 
0.256138478752551), .Dim = c(27L, 7L), .Dimnames = list(c("1", 
"2", "3", "4", "5", "6", "7", "9", "10", "11", "12", "13", "14", 
"15", "16", "17", "18", "20", "21", "22", "23", "24", "25", "27", 
"28", "29", "30"), c("x1", "x2", "x3", "x4", "x5", "x6", "x7"
)), assign = 1:7), qraux = c(1.02261785665912, 1.31167405568878, 
1.06534921337291, 1.38454984051152, 1.13951365576285, 1.23393811575865, 
1.03105913661241), pivot = 1:7, tol = 1e-07, rank = 7L), .Names = c("qr", 
"qraux", "pivot", "tol", "rank"), class = "qr"), df.residual = 20L, 
    xlevels = structure(list(), .Names = character(0)), call = quote(lm(formula = y ~ 
        . + 0, data = structure(list(y = c(43, 63, 71, 61, 81, 
        43, 58, 72, 67, 64, 67, 69, 68, 77, 81, 74, 65, 50, 50, 
        64, 53, 40, 63, 78, 48, 85, 82), x1 = c(-0.172465573302085, 
        0.459674631249372, 2.08886146281729, 0.721786210877214, 
        2.38430160855418, 2.16354220612773, 0.107437696677756, 
        2.78954671539225, 1.18336261124564, 0.586064548012546, 
        0.963697820323011, -0.0256347673499762, 2.17656843070712, 
        1.20998653226313, 0.817580335954143, 1.06070969206283, 
        0.684919686184324, -1.32624003245954, 2.53127220237103, 
        1.50202002450137, 1.04403103974092, 1.13336038778957, 
        0.401720865659098, 1.07466775059455, 2.60502395476441, 
        1.64561525787477, 0.338586141253477), x2 = c(70, 85, 
        90, 40, 61, 63, 70, 85, 37, 66, 51, 40, 55, 37, 60, 83, 
        83, 83, 54, 51, 75, 85, 63, 82, 57, 67, 61), x3 = c(52, 
        72, 68, 42, 44, 57, 58, 45, 53, 42, 66, 66, 53, 64, 65, 
        57, 50, 42, 53, 45, 45, 65, 56, 52, 45, 42, 50), x4 = c(59, 
        47, 45, 71, 59, 45, 58, 75, 59, 47, 39, 74, 50, 62, 54, 
        47, 66, 50, 34, 69, 47, 48, 75, 69, 62, 48, 57),