
expected <- structure(list(coefficients = structure(c(13.2945766906947, 0.651622018415771, 
-0.0359777998806397, -0.079725843862647, 0.28963187414454, -0.035406809071352, 
-0.0274020161016154), .Names = c("x1", "x2", "x3", "x4", "x5", 
"x6", "x7")), residuals = structure(c(-11.1603455408515, -0.551442134380548, 
2.38771555663617, 1.18945740951892, 5.90494495385788, -12.9594731088192, 
-8.48732965479955, -3.57118448277464, 6.19843131351843, 10.0826390083181, 
5.66504344699746, 8.72644046925534, -6.28799541163142, -0.311464022761619, 
-0.033477559424312, -4.83760974421859, 9.23383256856653, -8.28814257943091, 
7.16804063647367, 0.378328163401217, -11.4462516495349, -3.42656760445307, 
5.81460696680289, 4.75407673201679, -5.66575407253498, 4.44465064477382, 
5.07882969547807), .Names = c("1", "2", "3", "4", "5", "6", "7", 
"9", "10", "11", "12", "13", "14", "15", "16", "17", "18", "20", 
"21", "22", "23", "24", "25", "27", "28", "29", "30")), effects = structure(c(-334.285805860793, 
-54.1626149974308, 2.33757936933778, 3.66615216880639, -9.05247051270193, 
-1.7759575412082, -1.07885386065923, -0.905678457856393, 7.72088869485956, 
13.9110704775773, 8.60129932633209, 14.9980610308651, -1.97236143755729, 
0.93187440288915, 6.78602718572395, -6.25785111735003, 8.77060698182743, 
-7.86585824916609, 11.993344400118, 2.21710612982556, -9.17879819492527, 
0.109183186820116, 8.21732934285632, 4.69633719577597, -3.94099995410809, 
5.38863932123755, 8.02712329514746), .Names = c("x1", "x2", "x3", 
"x4", "x5", "x6", "x7", "", "", "", "", "", "", "", "", "", "", 
"", "", "", "", "", "", "", "", "", "")), rank = 7L, fitted.values = structure(c(54.1603455408515, 
63.5514421343806, 68.6122844433638, 59.8105425904811, 75.0950550461421, 
55.9594731088192, 66.4873296547996, 75.5711844827746, 60.8015686864816, 
53.9173609916819, 61.3349565530025, 60.2735595307447, 74.2879954116314, 
77.3114640227616, 81.0334775594243, 78.8376097442186, 55.7661674314335, 
58.2881425794309, 42.8319593635263, 63.6216718365988, 64.4462516495349, 
43.4265676044531, 57.1853930331971, 73.2459232679832, 53.665754072535, 
80.5553493552262, 76.9211703045219), .Names = c("1", "2", "3", 
"4", "5", "6", "7", "9", "10", "11", "12", "13", "14", "15", 
"16", "17", "18", "20", "21", "22", "23", "24", "25", "27", "28", 
"29", "30")), assign = 1:7, qr = structure(list(qr = structure(c(-5.19615242270663, 
0.192450089729875, 0.192450089729875, 0.192450089729875, 0.192450089729875, 
0.192450089729875, 0.192450089729875, 0.192450089729875, 0.192450089729875, 
0.192450089729875, 0.192450089729875, 0.192450089729875, 0.192450089729875, 
0.192450089729875, 0.192450089729875, 0.192450089729875, 0.192450089729875, 
0.192450089729875, 0.192450089729875, 0.192450089729875, 0.192450089729875, 
0.192450089729875, 0.192450089729875, 0.192450089729875, 0.192450089729875, 
0.192450089729875, 0.192450089729875, -341.791359360259, -70.2329457353646, 
0.0940757185871527, -0.00559260554061164, 0.207982374733169, 
-0.119499261686628, 0.0513607225323965, 0.264935702806177, -0.0340692695771157, 
-0.147975925723132, -0.0483076015953678, -0.0198309375588637, 
0.279174034824429, 0.193744042714917, 0.378842358952194, 0.307650698860933, 
-0.0483076015953678, -0.0767842656318719, -0.333074241960409, 
-0.0340692695771157, 0.0371223905141445, -0.375789238015165, 
-0.13373759370488, 0.165267378678413, -0.0910225976501239, 0.307650698860933, 
0.264935702806177, -275.588528493181, -36.3393873843611, -52.8621971496863, 
-0.0777165698770799, -0.0219221343711548, 0.0791752168329003, 
-0.175079573263807, 0.240139952845125, -0.057410733231322, 0.175149493605607, 
-0.00942359484496873, 0.159441668826645, 0.438075244871355, -0.0496034361117502, 
-0.257259814436125, 0.0583443176225902, 0.331084385726301, 0.40814155246727, 
-0.0712047688317108, 0.0750090369908383, 0.0242444453764436, 
0.129507976422561, -0.0430916350663811, 0.0463708406609564, -0.0357161699715435, 
0.190764087844751, -0.384124678202203, -288.482684505083, 8.62684716616982, 
-15.5872412988323, -61.6389175554233, -0.164615792103852, -0.0672857803352911, 
0.133917948094436, 0.153794038950069, 0.0531563632750841, 0.116630185170526, 
-0.357814667482442, -0.0751769124768693, -0.29177604243762, -0.205958872354198, 
0.0131308940997034, 0.346645605829856, 0.128475500078233, -0.118409956005655, 
-0.00997254823600067, -0.386842713910609, -0.010450956656582, 
-0.307398740166222, 0.170891516193745, 0.318650941013526, 0.307631343025202, 
-0.142024021050395, -0.0617580780423039, -328.319853079167, -33.1911339714365, 
-4.23117750984152, -6.06418602809934, -35.2100196600492, -0.166662920988587, 
0.103075897917244, -0.0856037116215636, 0.0289003122542512, -0.0481691906533861, 
-0.0768757431222057, -0.257561883363651, -0.52262259397458, 0.283411008405633, 
-0.354536597370971, 0.167657327624013, -0.275639026850361, -0.0288895049976536, 
-0.228402060944711, 0.080593864664008, -0.0382386774056381, -0.0664016727949367, 
0.236993938789109, 0.332294481606944, -0.225211623324348, 0.0467173030471896, 
-0.0973474313782254, -387.979380895428, -10.5506040255248, -3.0821807510087, 
-11.2208722580366, -17.0801791688022, 46.0167841319352, 0.282787056050905, 
-0.0267426909467079, -0.0355293607155182, 0.259868373037394, 
-0.106613643816966, 0.181434271788236, -0.248609538377213, 0.0938682826889924, 
0.335059768293715, 0.233916359567133, -0.0924094598451017, -0.00479901696587105, 
0.114991915026101, -0.149696390417647, -0.069209318649903, 0.270115059906551, 
0.213461192623039, 0.308472033868082, -0.138553567543515, 0.121773257311578, 
-0.121638865963911, -217.276151305029, -8.12850554553101, -11.28973643718, 
-4.05166299930806, -19.7328118254072, 5.35179786871593, 39.371331534822, 
0.398551871884736, 0.023273269910419, 0.143649885201403, 0.0111502274861714, 
0.32055157581695, 0.191311414123423, 0.100000015731995, -0.0417106249168346, 
-0.375742526731483, -0.4995189568277, -0.151537655730281, -0.0324453781003605, 
0.134411266690489, 0.146509111756809, -0.313620873198511, 0.262050327149037, 
0.00696119466346131, -0.0438861478712904, -0.150918763821784, 
0.021972881734133), .Dim = c(27L, 7L), .Dimnames = list(c("1", 
"2", "3", "4", "5", "6", "7", "9", "10", "11", "12", "13", "14", 
"15", "16", "17", "18", "20", "21", "22", "23", "24", "25", "27", 
"28", "29", "30"), c("x1", "x2", "x3", "x4", "x5", "x6", "x7"
)), assign = 1:7), qraux = c(1.19245008972988, 1.00864572647764, 
1.28630653259272, 1.06743552703193, 1.03598884379283, 1.50709801663878, 
1.14916610914431), pivot = 1:7, tol = 1e-07, rank = 7L), .Names = c("qr", 
"qraux", "pivot", "tol", "rank"), class = "qr"), df.residual = 20L, 
    xlevels = structure(list(), .Names = character(0)), call = quote(lm(formula = y ~ 
        . + 0, data = structure(list(y = c(43, 63, 71, 61, 81, 
        43, 58, 72, 67, 64, 67, 69, 68, 77, 81, 74, 65, 50, 50, 
        64, 53, 40, 63, 78, 48, 85, 82), x1 = c(1, 1, 1, 1, 1, 
        1, 1, 1, 1, 1, 1, 1, 1, 1, 1, 1, 1, 1, 1, 1, 1, 1, 1, 
        1, 1, 1, 1), x2 = c(51, 64, 70, 63, 78, 55, 67, 82, 61, 
        53, 60, 62, 83, 77, 90, 85, 60, 58, 40, 61, 66, 37, 54, 
        75, 57, 85, 82), x3 = c(30, 51, 68, 45, 56, 49, 42, 72, 
        45, 53, 47, 57, 83, 54, 50, 64, 65, 68, 33, 52, 52, 42, 
        42, 58, 44, 71, 39), x4 = c(56, 50, 69, 58, 42, 55, 59, 
        67, 58, 69, 34, 55, 44, 39, 45, 74, 72, 59, 58, 34, 55, 
        45, 67, 74, 75, 47, 39), x5 = c(61, 63, 76, 54, 71, 54, 
        66, 71, 62, 58, 59, 55, 59, 79, 60, 79, 55, 64, 43, 66, 
        63, 50, 66, 80, 51, 77, 64), x6 = c(92, 73, 86, 84, 83, 
        49, 68, 83, 80, 67, 74, 63, 77, 77, 54, 79, 80, 78, 64, 
        80, 80, 57, 75, 78, 83, 74, 78), x7 = c(45, 47, 48, 35, 
        47, 34, 35, 31, 41, 34, 41, 25, 35, 46, 36, 63, 60, 52, 
        33, 41, 37, 49, 33, 49, 38, 55, 39)), .Names = c("y", 
        "x1", "x2", "x3", "x4", "x5", "x6", "x7"),