
expected <- structure(list(coefficients = structure(c(11.8659621008445, 0.499587055776501, 
0.246573867225852, 0.16073111429026, 0.0551554065276151, -0.213115757862715
), .Names = c("x1", "x2", "x3", "x4", "x5", "x6")), residuals = structure(c(1.7095132420088, 
0.419973886192331, 0.217598830822242, -11.3286596506844, -8.04620106435771, 
1.94975725972661, -6.73576914130599, 7.43024020133991, 5.58275854504858, 
10.7155439769597, 8.81643006689051, -2.69856227601408, 1.77111669423159, 
1.46779291216002, -0.973201079691932, 4.20007617421596, -2.831484702005, 
-7.66389378094698, 6.35848025963757, 0.0887077357910896, -10.8206108249613, 
-5.38970921498845, 4.60870223712488, -2.86013341838987, 3.70060382410316, 
-8.11503507708051, 8.42596438417324), .Names = c("2", "3", "4", 
"6", "7", "8", "9", "10", "11", "12", "13", "14", "15", "16", 
"17", "18", "19", "20", "21", "22", "23", "24", "25", "26", "27", 
"28", "29")), effects = structure(c(-333.516005501874, -45.8271796854879, 
9.1237275256638, 2.42594667703566, 1.6832815594829, 8.55594796739497, 
-5.77306259121973, 5.4765921425588, 6.65466371023984, 9.25703561083107, 
11.1116218986298, -1.47350420625163, 1.48217073248988, 8.70730103432703, 
-2.36815374074832, 3.64367464458288, -5.7118918999895, -10.1375426015082, 
6.48417542545051, -1.1242133159628, -11.8596804355127, -4.64698138592952, 
2.99520933284182, -6.74397049166313, 2.88542388813119, -9.59984124243358, 
8.7781915067786), .Names = c("x1", "x2", "x3", "x4", "x5", "x6", 
"", "", "", "", "", "", "", "", "", "", "", "", "", "", "", "", 
"", "", "", "", "")), rank = 6L, fitted.values = structure(c(61.2904867579912, 
70.5800261138077, 60.7824011691778, 54.3286596506844, 66.0462010643577, 
69.0502427402734, 78.735769141306, 59.5697597986601, 58.4172414549514, 
56.2844560230403, 60.1835699331095, 70.6985622760141, 75.2288833057684, 
79.53220708784, 74.9732010796919, 60.799923825784, 67.831484702005, 
57.663893780947, 43.6415197403624, 63.9112922642089, 63.8206108249613, 
45.3897092149885, 58.3912977628751, 68.8601334183899, 74.2993961758968, 
56.1150350770805, 76.5740356158268), .Names = c("2", "3", "4", 
"6", "7", "8", "9", "10", "11", "12", "13", "14", "15", "16", 
"17", "18", "19", "20", "21", "22", "23", "24", "25", "26", "27", 
"28", "29")), assign = 1:6, qr = structure(list(qr = structure(c(-5.19615242270663, 
0.192450089729875, 0.192450089729875, 0.192450089729875, 0.192450089729875, 
0.192450089729875, 0.192450089729875, 0.192450089729875, 0.192450089729875, 
0.192450089729875, 0.192450089729875, 0.192450089729875, 0.192450089729875, 
0.192450089729875, 0.192450089729875, 0.192450089729875, 0.192450089729875, 
0.192450089729875, 0.192450089729875, 0.192450089729875, 0.192450089729875, 
0.192450089729875, 0.192450089729875, 0.192450089729875, 0.192450089729875, 
0.192450089729875, 0.192450089729875, -343.908310347287, -67.2761032913922, 
-0.0421028710864252, -0.16101582247051, 0.0173536046056173, 0.136266555989702, 
0.240315388450777, -0.0718311089324464, -0.190744060316531, -0.0866952278554571, 
-0.0569669900094358, 0.255179507373787, 0.165994793835724, 0.359228339834862, 
0.284907745219808, -0.0866952278554571, 0.0619459613746492, -0.116423465701478, 
-0.38397760631567, -0.0718311089324464, 0.00248948568260667, 
-0.428569963084701, -0.175879941393521, 0.165994793835724, 0.136266555989702, 
-0.131287584624489, 0.284907745219808, -293.87128701752, -33.9678148766177, 
49.3847569516596, 0.102124513735308, 0.0183921308936972, 0.144813010566489, 
-0.00527669510993187, 0.121005811725791, -0.207906699317962, 
0.269727652255599, 0.235523091978234, 0.453476358473146, -0.172879833630222, 
-0.00035079425971743, -0.00596062768323845, -0.459242220679863, 
0.0379573614574868, -0.0605527239347676, 0.105544176601841, -0.182731635330651, 
0.126615645149312, -0.420250132389352, 0.00785639661996171, 0.00936263460364323, 
-0.239921089038338, 0.108418279732136, -0.0464589539574308, -335.440506399173, 
-38.1446322939837, 17.1708217415754, 36.4803587501889, -0.0353540457962141, 
-0.0690224984726776, 0.12884842030219, -0.102947601857561, 0.0540612679433347, 
-0.130423106367537, 0.0383054716669223, 0.197482840353274, -0.0839734811231634, 
0.58036438481479, -0.0326619727140057, 0.423250439790927, -0.23661049165248, 
-0.104550944705645, 0.0257147792460594, -0.0275850206814204, 
-0.0381614668813036, 0.0967300898713752, -0.277536034008802, 
-0.441687956683795, -0.108795817212526, 0.129759620348205, 0.0468301329661346, 
-382.975678562452, -12.3443755040988, 3.80953545519961, 16.39676654, 
44.6976454602673, 0.320061028547699, -0.193838580828201, -0.0767988966830325, 
-0.0280246085279625, 0.0946682374899267, 0.209966216767554, -0.0414975069394947, 
0.0550232206956901, 0.13973024151559, 0.0540109665888659, -0.610815112311261, 
-0.0192780828634227, -0.0808037770933427, 0.00838178185869731, 
-0.184783651954889, -0.091445142923904, 0.00456568234695478, 
0.110229425136343, 0.403787009229193, 0.0280170085037868, -0.371590354328486, 
0.0933422942698592, -222.664753817466, -13.9386898893224, 28.2628784789884, 
20.373680493583, 3.66953272037783, -40.146951371407, -0.396904243874803, 
-0.0184590455922234, -0.293336665060046, 0.134885538352089, -0.172752623117518, 
0.137111028394248, -0.17961292270908, 0.036176164445606, 0.352958201494765, 
0.170880659564053, -0.0795620883978009, 0.130681200960449, 0.00378881761369295, 
-0.241281901554007, -0.111736337763079, 0.0507906917169242, -0.312978092931128, 
0.49542605743329, -0.166444264552696, -0.0208934966836126, 0.179402246213186
), .Dim = c(27L, 6L), .Dimnames = list(c("2", "3", "4", "6", 
"7", "8", "9", "10", "11", "12", "13", "14", "15", "16", "17", 
"18", "19", "20", "21", "22", "23", "24", "25", "26", "27", "28", 
"29"), c("x1", "x2", "x3", "x4", "x5", "x6")), assign = 1:6), 
    qraux = c(1.19245008972988, 1.06194596137465, 1.14754874085972, 
    1.01311113686626, 1.16643008110522, 1.03823985389552), pivot = 1:6, 
    tol = 1e-07, rank = 6L), .Names = c("qr", "qraux", "pivot", 
"tol", "rank"), class = "qr"), df.residual = 21L, xlevels = structure(list(), .Names = character(0)), 
    call = quote(lm(formula = y ~ . + 0, data = structure(list(y = c(63, 
        71, 61, 43, 58, 71, 72, 67, 64, 67, 69, 68, 77, 81, 74, 
        65, 65, 50, 50, 64, 53, 40, 63, 66, 78, 48, 85), x1 = c(1, 
        1, 1, 1, 1, 1, 1, 1, 1, 1, 1, 1, 1, 1, 1, 1, 1, 1, 1, 
        1, 1, 1, 1, 1, 1, 1, 1), x2 = c(64, 70, 63, 55, 67, 75, 
        82, 61, 53, 60, 62, 83, 77, 90, 85, 60, 70, 58, 40, 61, 
        66, 37, 54, 77, 75, 57, 85), x3 = c(54, 69, 47, 44, 56, 
        55, 67, 47, 58, 39, 42, 45, 72, 72, 69, 75, 57, 54, 34, 
        62, 50, 58, 48, 63, 74, 45, 71), x4 = c(63, 76, 54, 54, 
        66, 70, 71, 62, 58, 59, 55, 59, 79, 60, 79, 55, 75, 64, 
        43, 66, 63, 50, 66, 88, 80, 51, 77), x5 = c(73, 86, 84, 
        49, 68, 66, 83, 80, 67, 74, 63, 77, 77, 54, 79, 80, 85, 
        78, 64, 80, 80, 57, 75, 76, 78, 83, 74), x6 = c(47, 48, 
        35, 34, 35, 41, 31, 41, 34, 41, 25, 35, 46, 36, 63, 60, 
        46, 52, 33, 41, 37, 49, 33, 72, 49, 38, 55)), .Names = c("y", 
        "x1", "x2", "x3", "x4", "x5", "x6"), row.names = c("2", 
        "3", "4", "6", "7", "8", "9", "10", "11", "12", "13", 
        "14", "15", "16", "17", "18", "19", "20", "21", "22", 
        "23", "24", "25", "26", "27", "28", "29"), class = "data.frame"))), 
    terms = y ~ x1 + x2 + x3 + x4 + x5 + x6 + 0, model = structure(list(
        y = c(63, 71, 61, 43, 58, 71, 72, 67, 64, 67, 69, 68, 
        77, 81, 74, 65, 65, 50, 50, 64, 53, 40, 63, 66, 78, 48, 
        85), x1 = c(1, 1, 1, 1, 1, 1, 1, 1, 1, 1, 1, 1, 1, 1, 
        1, 1, 1, 1, 1, 1, 1, 1, 1, 1, 1, 1, 1), x2 = c(64, 70, 
        63, 55, 67, 75, 82, 61, 53, 60, 62, 83, 77, 90, 85, 60, 
        70, 58, 40, 61, 66, 37, 54, 77, 75, 57, 85), x3 = c(54, 
        69, 47, 44, 56, 55, 67, 47, 58, 39, 42, 45, 72, 72, 69, 
        75, 57, 54, 34, 62, 50, 58, 48, 63, 74, 45, 71),