
expected <- structure(list(coefficients = structure(c(19.3445339227079, -0.0711578450604714, 
0.162709571845012, 0.373311927494382, 0.495536729467573, 0.0537852672548923, 
-0.382053051217434), .Names = c("x1", "x2", "x3", "x4", "x5", 
"x6", "x7")), residuals = structure(c(3.84473206461368, -4.77445722161179, 
4.43309761869765, -13.2340040198863, -7.73414085677736, 3.04744813844971, 
-7.46337623053644, 7.48194841301135, -0.634543950283214, 12.3081357065108, 
7.38161963822846, 2.11662484051056, 0.11878720076837, 12.0994588981438, 
1.78927523495999, 4.49520774736587, -2.2894670112571, -10.562054931225, 
6.28580218531294, -2.95800320910128, -8.808283645031, -12.8252699186185, 
0.819539871409893, -1.95416661852911, 0.816267130752695, -6.10953986612619, 
12.3093627902475), .Names = c("2", "3", "4", "6", "7", "8", "9", 
"10", "11", "12", "13", "14", "15", "16", "17", "18", "19", "20", 
"21", "22", "23", "24", "25", "26", "27", "28", "29")), effects = structure(c(-333.516005501874, 
-12.208397735945, 25.4349450756971, 23.8589057084372, -15.5853780357386, 
2.41457935077501, -15.6569350570882, 9.50247843518328, -2.59694383800344, 
15.6858817329854, 11.4996528194689, 10.342503130211, -1.64145223564526, 
4.00770648797529, 1.5429921942191, -4.52786835628417, -1.17275747869466, 
-9.71582674097223, 4.64665844580405, -4.70119967442991, -7.34316811016497, 
-20.7945243892148, 2.01979879959995, -1.46240029103397, -1.34000946275634, 
-5.55071237921686, 10.3155964407951), .Names = c("x1", "x2", 
"x3", "x4", "x5", "x6", "x7", "", "", "", "", "", "", "", "", 
"", "", "", "", "", "", "", "", "", "", "", "")), rank = 7L, 
    fitted.values = structure(c(59.1552679353863, 75.7744572216118, 
    56.5669023813023, 56.2340040198863, 65.7341408567774, 67.9525518615503, 
    79.4633762305364, 59.5180515869887, 64.6345439502832, 54.6918642934892, 
    61.6183803617715, 65.8833751594894, 76.8812127992316, 68.9005411018562, 
    72.21072476504, 60.5047922526341, 67.2894670112571, 60.562054931225, 
    43.7141978146871, 66.9580032091013, 61.808283645031, 52.8252699186185, 
    62.1804601285901, 67.9541666185291, 77.1837328692473, 54.1095398661262, 
    72.6906372097525), .Names = c("2", "3", "4", "6", "7", "8", 
    "9", "10", "11", "12", "13", "14", "15", "16", "17", "18", 
    "19", "20", "21", "22", "23", "24", "25", "26", "27", "28", 
    "29")), assign = 1:7, qr = structure(list(qr = structure(c(-5.19615242270663, 
    0.192450089729875, 0.192450089729875, 0.192450089729875, 
    0.192450089729875, 0.192450089729875, 0.192450089729875, 
    0.192450089729875, 0.192450089729875, 0.192450089729875, 
    0.192450089729875, 0.192450089729875, 0.192450089729875, 
    0.192450089729875, 0.192450089729875, 0.192450089729875, 
    0.192450089729875, 0.192450089729875, 0.192450089729875, 
    0.192450089729875, 0.192450089729875, 0.192450089729875, 
    0.192450089729875, 0.192450089729875, 0.192450089729875, 
    0.192450089729875, 0.192450089729875, -343.715860257557, 
    72.8794031768058, -0.127519072638088, 0.188070778505477, 
    0.105742991250634, 0.435054140270006, 0.0920216933748269, 
    0.160628182753863, 0.105742991250634, 0.0920216933748269, 
    0.215513374257092, 0.215513374257092, 0.201792076381284, 
    0.105742991250634, 0.435054140270006, -0.223568157768738, 
    -0.0177486896316305, -0.223568157768738, -0.182404264141317, 
    -0.0863551790106664, -0.223568157768738, 0.146906884878056, 
    -0.223568157768738, -0.182404264141317, 0.105742991250634, 
    0.0920216933748269, -0.182404264141317, -282.709181813187, 
    -3.26058693226587, 59.5305559471408, 0.131319092668424, 0.227139747068848, 
    0.179819051572476, -0.280430805811879, 0.191256137644009, 
    0.0423606899109195, 0.139521596819777, 0.00418966327177357, 
    -0.432560835465149, 0.0509562818648324, 0.0927549782267182, 
    -0.055354293901252, -0.246280536698033, 0.127298335143124, 
    -0.296674825013832, 0.302141547838707, 0.00837140989782723, 
    -0.0279052873295717, 0.238022756237068, 0.140075673723091, 
    -0.25219562363508, -0.0416297906154118, 0.189915885135576, 
    -0.336186104161411, -293.87128701752, -3.04917730573493, 
    27.6487722149469, 53.0934513799097, -0.102773398681093, 0.0332250491959712, 
    -0.0139691750527579, 0.102797524561741, -0.0313368839283509, 
    0.265434777599769, 0.322298089174541, 0.523680721864226, 
    -0.274075094633291, -0.32477905380081, -0.0915988438838864, 
    -0.270316320953884, -0.0961134580645459, 0.154968850608398, 
    0.189234609905751, -0.138652605221965, 0.0716081540885383, 
    -0.135716083230856, 0.0100903615000669, -0.0296542799597291, 
    -0.28309870554088, 0.122670323944252, -0.130738385355317, 
    -335.440506399173, -5.42296183824957, 25.4861864843341, 26.7918037497342, 
    -41.03549319661, 0.131818797190637, -0.0890032210080731, 
    0.099658859393138, -0.185108071081468, 0.132974207489539, 
    -0.0695799308273415, -0.147808352462123, 0.119489392051306, 
    -0.313426300528411, 0.0861813577758217, -0.521818483244739, 
    0.291222814227092, -0.0291551964528882, -0.0888666572415416, 
    -0.021173784755035, 0.0842277963700992, -0.327217683477296, 
    0.236552868397319, 0.438216641080533, 0.105080585752153, 
    -0.128996150305676, 0.0342627694675567, -382.975678562452, 
    12.6672989204581, 17.0595095649394, 3.28467609931904, -16.5796589865835, 
    41.1882035527685, -0.200438788951897, -0.218243932499028, 
    0.129029703825291, -0.146054275940273, 0.0637129470762837, 
    -0.340135071153339, 0.0850402218797929, 0.568954766110901, 
    -0.0564807908578908, -0.087401540391446, -0.177912188490194, 
    -0.153810869088121, 0.0667255782897208, -0.0853481638971506, 
    -0.170609043891174, 0.36841334299543, -0.00603401118455891, 
    0.0932366467336541, 0.0764808780098119, -0.352403708449337, 
    0.119031225011527, -222.664753817466, 8.76231918424696, 21.2529500678869, 
    24.6418734834189, -14.7648537987369, -0.521552738043824, 
    40.9810496400865, -0.138822380755211, 0.182119149943629, 
    -0.182780226985378, 0.222993686054098, 0.0931656148015107, 
    0.0876085524958451, 0.286710898966547, -0.409412418207811, 
    -0.1809899068836, -0.0336441449783881, -0.103250414643484, 
    -0.0554313516385919, 0.135946708539306, 0.159785956929332, 
    -0.265837377313301, 0.232596393470527, -0.384237683719092, 
    0.0862389006595414, -0.134294234490618, 0.0572812866023727
    ), .Dim = c(27L, 7L), .Dimnames = list(c("2", "3", "4", "6", 
    "7", "8", "9", "10", "11", "12", "13", "14", "15", "16", 
    "17", "18", "19", "20", "21", "22", "23", "24", "25", "26", 
    "27", "28", "29"), c("x1", "x2", "x3", "x4", "x5", "x6", 
    "x7")), assign = 1:7), qraux = c(1.19245008972988, 1.10574299125063, 
    1.11507507346647, 1.20212771980316, 1.09423351920229, 1.16695235701251, 
    1.45326743191883), pivot = 1:7, tol = 1e-07, rank = 7L), .Names = c("qr", 
    "qraux", "pivot", "tol", "rank"), class = "qr"), df.residual = 20L, 
    xlevels = structure(list(), .Names = character(0)), call = quote(lm(formula = y ~ 
        . + 0, data = structure(list(y = c(63, 71, 61, 43, 58, 
        71, 72, 67, 64, 67, 69, 68, 77, 81, 74, 65, 65, 50, 50, 
        64, 53, 40, 63, 66, 78, 48, 85), x1 = c(1, 1, 1, 1, 1, 
        1, 1, 1, 1, 1, 1, 1, 1, 1, 1, 1, 1, 1, 1, 1, 1, 1, 1, 
        1, 1, 1, 1), x2 = c(82, 61, 78, 55, 61, 37, 62, 57, 61, 
        62, 53, 53, 54, 61, 37, 85, 70, 85, 82, 75, 85, 58, 85, 
        82, 61, 62, 82), x3 = c(51, 68, 45, 49, 42, 50, 72, 45, 
        53, 47, 57, 83, 54, 50, 64, 65, 46, 68, 33, 52, 52, 42, 
        42, 66, 58, 44, 71), x4 = c(54, 69, 47, 44, 56, 55, 67, 
        47, 58, 39, 42, 45, 72, 72, 69, 75, 57, 54, 34, 62, 50, 
        58, 48, 63, 74, 45, 71), x5 = c(63, 76, 54, 54, 66, 70, 
        71, 62, 58, 59, 55, 59, 79, 60, 79, 55, 75, 64, 43, 66, 
        63, 50, 66, 88, 80, 51, 77), x6 = c(73, 86, 84, 49, 68, 
        66, 83, 80, 67, 74, 63, 77, 77, 54, 79, 80, 85, 78, 64, 
        80, 80, 57, 75, 76, 78, 83, 74),