
expected <- structure(list(coefficients = structure(c(-0.128323883159425, 
0.561408684235152, -0.0673062806960476, 0.27511083116233, 0.153061006620732, 
0.17837897923345, -0.184960001047467), .Names = c("x1", "x2", 
"x3", "x4", "x5", "x6", "x7")), residuals = structure(c(1.77578290184924, 
-0.659170890988762, -0.765660262309689, -7.25399585164453, -7.81385185172312, 
2.49115887503668, -7.57996194026028, 6.74753458040786, 7.24104826111257, 
11.2158207616695, 11.5459787072799, -1.58364441156575, 0.564794743269643, 
2.03881310261437, -2.7835886462026, 3.64541486203814, -4.84014457737022, 
-6.6303812490019, 8.86914326977817, -0.716094474831977, -11.3149228850496, 
-2.55104111879339, 4.92711917148897, -3.50856210224345, 2.55637054957775, 
-8.98292878430983, 7.69373079527381), .Names = c("2", "3", "4", 
"6", "7", "8", "9", "10", "11", "12", "13", "14", "15", "16", 
"17", "18", "19", "20", "21", "22", "23", "24", "25", "26", "27", 
"28", "29")), effects = structure(c(-243.986862854527, -231.177211934677, 
4.17076045026424, 15.8572226761879, -8.62288026812818, 9.94668343025517, 
-6.45471803395228, 8.09452613687299, 7.26760584614918, 13.0650703262186, 
14.5046292080341, 0.552359949982539, 0.271758403839436, -3.43936390550769, 
-5.76500436014179, -2.74085583041509, -3.27485574807506, -6.05554598391034, 
10.1267141862477, -0.807052642603618, -9.5834228581362, -6.33939001615674, 
8.32532977276379, -4.26551643112136, 1.95470283275633, -8.84096704449212, 
5.120160198507), .Names = c("x1", "x2", "x3", "x4", "x5", "x6", 
"x7", "", "", "", "", "", "", "", "", "", "", "", "", "", "", 
"", "", "", "", "", "")), rank = 7L, fitted.values = structure(c(61.2242170981508, 
71.6591708909888, 61.7656602623097, 50.2539958516445, 65.8138518517231, 
68.5088411249633, 79.5799619402603, 60.2524654195921, 56.7589517388874, 
55.7841792383305, 57.4540212927201, 69.5836444115658, 76.4352052567304, 
78.9611868973856, 76.7835886462026, 61.3545851379619, 69.8401445773702, 
56.6303812490019, 41.1308567302218, 64.716094474832, 64.3149228850496, 
42.5510411187934, 58.072880828511, 69.5085621022434, 75.4436294504223, 
56.9829287843098, 77.3062692047262), .Names = c("2", "3", "4", 
"6", "7", "8", "9", "10", "11", "12", "13", "14", "15", "16", 
"17", "18", "19", "20", "21", "22", "23", "24", "25", "26", "27", 
"28", "29")), assign = 1:7, qr = structure(list(qr = structure(c(-7.19053757907411, 
0.152165645769801, 0.303496782407585, 0.15993505056409, 0.149633777968092, 
0.288836900508991, -0.0206451454812309, 0.0776309568490018, -0.0810715850942631, 
0.123063477417583, 0.112434245269998, 0.10731693883926, 0.309460835121156, 
0.179714478283974, 0.154406613515809, 0.194440452632578, 0.192171956538896, 
0.327321108265906, 0.381860622392752, -0.134640386069041, 0.0686092324158627, 
0.117323761773253, -0.0017187579009342, 0.345420217544521, 0.229604298741174, 
0.0205521612050985, -0.0210964264408492, -255.512549714037, -239.817299081263, 
-0.101869894022949, 0.0372222433095753, 0.0996345474592049, -0.0342218913670188, 
0.366726557601916, 0.161107553737492, 0.318387308110236, 0.102362740894132, 
0.123470590625766, 0.217184320427368, -0.050656327984321, 0.15940700706252, 
0.168958404899416, 0.016622474544763, 0.0610458731029261, -0.151337628027295, 
-0.291909344368587, 0.416094563558381, 0.192793937593058, 0.0133511253493041, 
0.227236038619231, -0.0938518685273502, 0.0369301718416198, 0.212993033429333, 
0.379778173398749, -205.802925478009, -196.469437163248, 50.2385919931046, 
-0.0851108337598438, 0.263519904192322, 0.195129217335517, -0.0195535755681716, 
0.124869980987859, -0.118721022624415, 0.0527634393828242, -0.108433900741014, 
-0.263999478545561, 0.14294623107815, 0.488824600083806, 0.132812674689661, 
-0.329314665664823, 0.221188766243509, -0.467625278879493, -0.0979198660003819, 
0.0562785494876321, 0.0743175852779801, -0.24036842732966, 0.0909434464203179, 
-0.107898151924947, 0.0556295386144954, 0.0951768121906798, 0.0519674685770044, 
-215.927821516222, -200.893479973133, 16.4812282138401, 51.9456900628539, 
-0.0770552986447325, 0.0800204740032473, 0.103329024974751, 0.0613901370605147, 
-0.163224673992827, 0.218934364006426, 0.259553746574398, 0.617259731456728, 
-0.196696167923863, -0.090405032450938, 0.0262057483446878, -0.337248485059012, 
-0.0364725799486691, 0.0646476145174892, -0.00713848697733479, 
-0.16452791612176, 0.109152479862448, -0.419187514957321, -0.0491131371734468, 
0.0682603708524798, -0.221276831445161, 0.0537624196246659, 0.049074513455751, 
-251.26272372164, -224.029796931308, 12.7668443357428, 24.0414294000115, 
-39.2136597757809, 0.0455658854904852, -0.154064887612761, 0.167601144598457, 
0.0266967154975972, 0.168801589137638, -0.0368905779868436, -0.313549892671892, 
0.0305245742883584, -0.521162573560615, -0.0172364279589322, 
-0.467621999269899, 0.251598953557041, -0.0329398616398578, 0.00868515102636239, 
0.126950013043119, 0.0747035714811146, -0.0236429579489689, 0.368889807386865, 
0.290023248124764, 0.0573718960578497, -0.0263583817217157, -0.0719539596143945, 
-280.312873681988, -254.008126858292, 32.8623228251744, 20.3186030155943, 
-34.5389431457413, 57.6441484843976, -0.00627445905258577, -0.212828414309131, 
-0.0223850211081472, -0.187683552380699, -0.0329856588133328, 
-0.156553676129296, 0.220651957238762, 0.430733077330105, 0.19092281223219, 
-0.186020491944338, -0.0584338842737127, -0.144646809655118, 
-0.293677685715121, -0.101364772854549, -0.173889442894668, 0.00556240525173432, 
-0.0955228438962737, 0.299714788045234, 0.213876644374062, -0.425275122098763, 
0.254492660069035, -175.984462954738, -135.718988100815, 25.9412023506725, 
31.0219307404227, -19.1404810365822, 1.81564085894936, 34.897913048215, 
-0.17544739569839, 0.112380643218955, -0.23152028571346, 0.260922245062387, 
0.0131250501334135, 0.300532202435358, -0.0494303640369657, -0.437526406333927, 
-0.054245924625031, -0.037190067797513, 0.20527346694763, 0.244965785406911, 
-0.13031513120593, -0.0295442963111211, -0.0331895974430176, 
0.0749792067813218, -0.313302162658477, 0.225350063216056, -0.2346734104045, 
-0.358827291143683), .Dim = c(27L, 7L), .Dimnames = list(c("2", 
"3", "4", "6", "7", "8", "9", "10", "11", "12", "13", "14", "15", 
"16", "17", "18", "19", "20", "21", "22", "23", "24", "25", "26", 
"27", "28", "29"), c("x1", "x2", "x3", "x4", "x5", "x6", "x7"
)), assign = 1:7), qraux = c(1.10912558806492, 1.10910271118924, 
1.0839060827789, 1.08590371098762, 1.0981407421598, 1.21591350930131, 
1.29448792669843), pivot = 1:7, tol = 1e-07, rank = 7L), .Names = c("qr", 
"qraux", "pivot", "tol", "rank"), class = "qr"), df.residual = 20L, 
    xlevels = structure(list(), .Names = character(0)), call = quote(lm(formula = y ~ 
        . + 0, data = structure(list(y = c(63, 71, 61, 43, 58, 
        71, 72, 67, 64, 67, 69, 68, 77, 81, 74, 65, 65, 50, 50, 
        64, 53, 40, 63, 66, 78, 48, 85), x1 = c(0.784671641819387, 
        1.09415279415183, 2.18230501902982, 1.15001899129221, 
        1.0759473035784, 2.07689258733319, -0.148449694408243, 
        0.558208312522228, -0.582948279215403, 0.884892558982667, 
        0.808462665788754, 0.771666481594897, 2.22518976419033, 
        1.29224370960461, 1.110266556943, 1.39813138154673, 1.38181967513713, 
        2.35361472941018, 2.74578315528371, -0.968136755690484, 
        0.49333726395769, 0.843620917948916, -0.0123587932759979, 
        2.48375705482583, 1.65097833841537, 0.14778108747645, 
        -0.151694647107099), x2 = c(64, 70, 63, 55, 67, 75, 82, 
        61, 53, 60, 62, 83, 77, 90, 85, 60, 70, 58, 40, 61, 66, 
        37, 54, 77, 75, 57, 85), x3 = c(51, 68, 45, 49, 42, 50, 
        72, 45, 53, 47, 57, 83, 54, 50, 64, 65, 46, 68, 33, 52, 
        52, 42, 42, 66, 58, 44, 71), x4 = c(54, 69, 47, 44, 56, 
        55, 67, 47, 58, 39, 42, 45, 72, 72, 69, 75, 57, 54, 34, 
        62, 50, 58, 48, 63, 74, 45, 71),