
expected <- structure(list(coefficients = structure(c(13.4500990833558, 0.566613028932526, 
-0.0805403778236735, 0.380634500544559, 0.0596080333535395, 0.0108479496525044, 
-0.184334377306706), .Names = c("x1", "x2", "x3", "x4", "x5", 
"x6", "x7")), residuals = structure(c(-7.7573039691155, 1.43333687890142, 
-0.388622962568356, 7.52540302667239, -12.1963098576488, -9.0892314888769, 
1.47091593258854, -7.03415628175514, 8.13243329116111, 4.55610751008139, 
10.480089944174, 9.67054240602073, -0.286672235080781, 0.574153083641891, 
-4.52899463477448, -2.73396781998846, 1.15444103014688, -2.24271269205731, 
-5.21506998598748, 5.4735309145116, -10.5525625197782, 5.81760145606792, 
-2.00501455154214, 3.76415536763677, -8.80397311748867, 6.88654268691116, 
5.89533858814645), .Names = c("1", "2", "4", "5", "6", "7", "8", 
"9", "10", "11", "12", "13", "14", "15", "16", "17", "18", "19", 
"20", "21", "23", "25", "26", "27", "28", "29", "30")), effects = structure(c(-339.4819582835, 
47.9679701362602, -3.77147328366682, -12.3774262568539, -0.236472110701337, 
-2.55603446202721, 7.33464585675424, -2.0724794441713, 8.53096329129913, 
7.66774257886479, 16.5127071902791, 14.7222830363068, 3.55368061513712, 
2.0055054293151, 0.125480800108363, 0.228167815084943, -1.34478193898898, 
-2.01322732067486, -7.08138278447664, 8.49932112137261, -7.75359696526569, 
7.76782544461812, 0.378204084653533, 2.01527845170228, -7.59889365666768, 
10.8288655369003, 6.11123918714773), .Names = c("x1", "x2", "x3", 
"x4", "x5", "x6", "x7", "", "", "", "", "", "", "", "", "", "", 
"", "", "", "", "", "", "", "", "", "")), rank = 7L, fitted.values = structure(c(50.7573039691155, 
61.5666631210986, 61.3886229625684, 73.4745969733276, 55.1963098576488, 
67.0892314888769, 69.5290840674115, 79.0341562817551, 58.8675667088389, 
59.4438924899186, 56.519910055826, 59.3294575939793, 68.2866722350808, 
76.4258469163581, 85.5289946347745, 76.7339678199885, 63.8455589698531, 
67.2427126920573, 55.2150699859875, 44.5264690854884, 63.5525625197782, 
57.1823985439321, 68.0050145515421, 74.2358446323632, 56.8039731174887, 
78.1134573130888, 76.1046614118536), .Names = c("1", "2", "4", 
"5", "6", "7", "8", "9", "10", "11", "12", "13", "14", "15", 
"16", "17", "18", "19", "20", "21", "23", "25", "26", "27", "28", 
"29", "30")), assign = 1:7, qr = structure(list(qr = structure(c(-5.19615242270663, 
0.192450089729875, 0.192450089729875, 0.192450089729875, 0.192450089729875, 
0.192450089729875, 0.192450089729875, 0.192450089729875, 0.192450089729875, 
0.192450089729875, 0.192450089729875, 0.192450089729875, 0.192450089729875, 
0.192450089729875, 0.192450089729875, 0.192450089729875, 0.192450089729875, 
0.192450089729875, 0.192450089729875, 0.192450089729875, 0.192450089729875, 
0.192450089729875, 0.192450089729875, 0.192450089729875, 0.192450089729875, 
0.192450089729875, 0.192450089729875, -352.183664205672, 64.6889995800419, 
0.0319993232125807, -0.199879359366827, 0.155667953921598, -0.0298349921419281, 
-0.153503622850946, -0.261713674721336, 0.0629164808898351, 0.186585111598853, 
0.0783750597284623, 0.0474579020512079, -0.277172253559963, -0.1844207805282, 
-0.385382305430354, -0.308089411237218, 0.0783750597284623, -0.0762107286578097, 
0.109292217405717, 0.387546636501006, -0.0143764133033009, 0.171126532760225, 
-0.1844207805282, -0.153503622850946, 0.124750796244344, -0.308089411237218, 
-0.261713674721336, -275.588528493181, 34.8470719420076, 52.7318171508579, 
-0.00302588873069625, -0.0902646576236263, 0.157257799394405, 
0.0820635886736593, -0.268189587627373, 0.0429785122827351, -0.185249401711592, 
-0.00451385976124781, -0.17502347479897, -0.467227691914387, 
0.0253372704040889, 0.225532685492643, -0.0877847059060403, -0.345863750065704, 
0.110096087579433, -0.421884611358978, 0.069688370272463, -0.0419456350071147, 
0.0329179154846191, -0.202229323132215, -0.0696474736838769, 
0.0236839692590316, -0.220531885468885, 0.357618544597464, -289.060034774273, 
42.7395352490623, 7.58598380241519, -43.6128567367463, -0.082562417843346, 
0.083462585487816, -0.0755820515145921, 0.00542536610869037, 
-0.065835650466478, 0.242456890713533, -0.247261274047552, -0.252524263626296, 
-0.566053919392197, 0.270177073640488, 0.134034117241475, 0.0552691144573855, 
0.488135826620449, 0.0503456045159889, 0.0156421294048419, -0.0516331758695666, 
-0.0921261415763596, 0.0561839639606067, 0.00378419612822483, 
0.320048159909756, -0.0586438059743317, 0.0661086535406638, -0.0129195773925251, 
-315.233246977536, 13.8818037970872, -1.12658515253979, 0.575264295841507, 
-46.4725230671112, -0.0299110648063983, -0.0988156789179918, 
0.145494216473211, -0.0961202231821613, 0.191288258640001, 0.399681594772178, 
-0.148572286689898, -0.46349870476131, 0.134433206883531, -0.0501861324918577, 
0.330861339051353, 0.0676938061438137, 0.0298111556194272, -0.304910391364593, 
0.121329265506308, 0.0615828911221943, 0.0659022035151595, 0.346397435246544, 
-0.182295032145233, 0.0381852055687397, 0.250311505086613, -0.237470181010598, 
-388.749181254348, 2.79628514992061, 1.15192001105823, -2.77206729659743, 
2.61642220243146, 48.439631723252, 0.31948332178761, -0.185743179931798, 
-0.00652332306482329, 0.0890619042066099, -0.203557761471546, 
0.330819698996947, 0.204651722541385, -0.00244179110803973, 0.615077448773926, 
-0.179407167968144, -0.0769366936112399, -0.140993720773862, 
0.11084666082861, 0.152212324982555, -0.0997780079874273, -0.00031602799829921, 
-0.163806530400803, 0.154133728156208, -0.157648734468476, -0.041760004144387, 
0.206568113801356, -221.317603189357, 16.3019301952679, 12.7879695700635, 
-22.8872802742183, -13.5909579894371, 16.7169314436651, -39.7898968381271, 
-0.625045285365713, 0.0388341480452492, -0.380797265803051, -0.0530633205296247, 
-0.200432575426536, -0.0246975485556759, -0.14014163103496, 0.0438326472508762, 
0.197674723434533, -0.0328189725800984, 0.00589095082245433, 
0.149806619085959, -0.0179208144222329, -0.181528856347998, -0.224846218095964, 
0.439627796991149, -0.00293376887258077, -0.124853085527367, 
0.00528637580056585, 0.136977443414509), .Dim = c(27L, 7L), .Dimnames = list(
    c("1", "2", "4", "5", "6", "7", "8", "9", "10", "11", "12", 
    "13", "14", "15", "16", "17", "18", "19", "20", "21", "23", 
    "25", "26", "27", "28", "29", "30"), c("x1", "x2", "x3", 
    "x4", "x5", "x6", "x7")), assign = 1:7), qraux = c(1.19245008972988, 
1.01654074437395, 1.06210772519193, 1.1105858676205, 1.02459798799917, 
1.24721523982839, 1.1533779198042), pivot = 1:7, tol = 1e-07, 
    rank = 7L), .Names = c("qr", "qraux", "pivot", "tol", "rank"
), class = "qr"), df.residual = 20L, xlevels = structure(list(), .Names = character(0)), 
    call = quote(lm(formula = y ~ . + 0, data = structure(list(y = c(43, 
        63, 61, 81, 43, 58, 71, 72, 67, 64, 67, 69, 68, 77, 81, 
        74, 65, 65, 50, 50, 53, 63, 66, 78, 48, 85, 82), x1 = c(1, 
        1, 1, 1, 1, 1, 1, 1, 1, 1, 1, 1, 1, 1, 1, 1, 1, 1, 1, 
        1, 1, 1, 1, 1, 1, 1, 1), x2 = c(51, 64, 63, 78, 55, 67, 
        75, 82, 61, 53, 60, 62, 83, 77, 90, 85, 60, 70, 58, 40, 
        66, 54, 77, 75, 57, 85, 82), x3 = c(30, 51, 45, 56, 49, 
        42, 50, 72, 45, 53, 47, 57, 83, 54, 50, 64, 65, 46, 68, 
        33, 52, 42, 66, 58, 44, 71, 39), x4 = c(39, 54, 47, 66, 
        44, 56, 55, 67, 47, 58, 39, 42, 45, 72, 72, 69, 75, 57, 
        54, 34, 50, 48, 63, 74, 45, 71, 59), x5 = c(55, 55, 59, 
        50, 59, 58, 59, 71, 55, 62, 80, 55, 50, 66, 63, 80, 55, 
        62, 43, 59, 64, 59, 79, 50, 60, 76, 54), x6 = c(92, 73, 
        84, 83, 49, 68, 66, 83, 80, 67, 74, 63, 77, 77, 54, 79, 
        80, 85, 78, 64, 80, 75, 76, 78, 83, 74, 78), x7 = c(45, 
        47, 35, 47, 34, 35, 41, 31, 41, 34, 41, 25, 35, 46, 36, 
        63, 60, 46, 52, 33, 37, 33, 72, 49, 38, 55, 39)), .Names = c("y", 
        "x1", "x2", "x3", "x4", "x5", "x6", "x7"),