
expected <- structure(list(coefficients = structure(c(16.5862599016126, 0.584614783713458, 
-0.0852979802263052, 0.368791903696397, 0.000421152082145161, 
-0.162003069924366), .Names = c("x1", "x2", "x3", "x4", "x5", 
"x6")), residuals = structure(c(-7.97416655333019, 1.01722831711081, 
-0.277070966654759, 6.82939688107572, -12.299847812002, -9.18381274214076, 
1.1633054573689, -6.10513559264348, 7.86586162864693, 5.03990628710199, 
11.573934514877, 9.56389259273773, -0.987511520356516, 0.871188124726686, 
-4.68034018580781, -2.09316474707881, 0.908321041950328, -2.19038289230075, 
-6.21710772755014, 5.62420494588644, -10.2145144191229, 6.03956047128162, 
-1.57360800917443, 3.12961386335698, -8.63066607535228, 7.47241850812833, 
5.32849660926527), .Names = c("1", "2", "4", "5", "6", "7", "8", 
"9", "10", "11", "12", "13", "14", "15", "16", "17", "18", "19", 
"20", "21", "23", "25", "26", "27", "28", "29", "30")), effects = structure(c(-339.4819582835, 
47.9679701362602, -3.77147328366682, -12.3774262568539, -2.56506819093876, 
-6.8592531017956, 4.60706337170278, -1.37941668584646, 9.02971717674606, 
7.5070492256868, 14.0789683855849, 16.291993088512, 6.59602609862879, 
1.53299800862155, 0.513713032984189, -2.43339264389793, -1.70658814001139, 
-2.25975140583436, -5.52961525229576, 7.83129163653976, -7.68792843156289, 
7.95236878103327, -3.02066814544172, 3.21647213534965, -7.55494123134556, 
9.22848599131427, 7.30275007946822), .Names = c("x1", "x2", "x3", 
"x4", "x5", "x6", "", "", "", "", "", "", "", "", "", "", "", 
"", "", "", "", "", "", "", "", "", "")), rank = 6L, fitted.values = structure(c(50.9741665533302, 
61.9827716828892, 61.2770709666548, 74.1706031189243, 55.299847812002, 
67.1838127421408, 69.8366945426311, 78.1051355926435, 59.1341383713531, 
58.960093712898, 55.426065485123, 59.4361074072623, 68.9875115203565, 
76.1288118752733, 85.6803401858078, 76.0931647470788, 64.0916789580497, 
67.1903828923008, 56.2171077275501, 44.3757950541136, 63.2145144191229, 
56.9604395287184, 67.5736080091744, 74.870386136643, 56.6306660753523, 
77.5275814918717, 76.6715033907347), .Names = c("1", "2", "4", 
"5", "6", "7", "8", "9", "10", "11", "12", "13", "14", "15", 
"16", "17", "18", "19", "20", "21", "23", "25", "26", "27", "28", 
"29", "30")), assign = 1:6, qr = structure(list(qr = structure(c(-5.19615242270663, 
0.192450089729875, 0.192450089729875, 0.192450089729875, 0.192450089729875, 
0.192450089729875, 0.192450089729875, 0.192450089729875, 0.192450089729875, 
0.192450089729875, 0.192450089729875, 0.192450089729875, 0.192450089729875, 
0.192450089729875, 0.192450089729875, 0.192450089729875, 0.192450089729875, 
0.192450089729875, 0.192450089729875, 0.192450089729875, 0.192450089729875, 
0.192450089729875, 0.192450089729875, 0.192450089729875, 0.192450089729875, 
0.192450089729875, 0.192450089729875, -352.183664205672, 64.6889995800419, 
0.0319993232125807, -0.199879359366827, 0.155667953921598, -0.0298349921419281, 
-0.153503622850946, -0.261713674721336, 0.0629164808898351, 0.186585111598853, 
0.0783750597284623, 0.0474579020512079, -0.277172253559963, -0.1844207805282, 
-0.385382305430354, -0.308089411237218, 0.0783750597284623, -0.0762107286578097, 
0.109292217405717, 0.387546636501006, -0.0143764133033009, 0.171126532760225, 
-0.1844207805282, -0.153503622850946, 0.124750796244344, -0.308089411237218, 
-0.261713674721336, -275.588528493181, 34.8470719420076, 52.7318171508579, 
-0.00302588873069625, -0.0902646576236263, 0.157257799394405, 
0.0820635886736593, -0.268189587627373, 0.0429785122827351, -0.185249401711592, 
-0.00451385976124781, -0.17502347479897, -0.467227691914387, 
0.0253372704040889, 0.225532685492643, -0.0877847059060403, -0.345863750065704, 
0.110096087579433, -0.421884611358978, 0.069688370272463, -0.0419456350071147, 
0.0329179154846191, -0.202229323132215, -0.0696474736838769, 
0.0236839692590316, -0.220531885468885, 0.357618544597464, -289.060034774273, 
42.7395352490623, 7.58598380241519, -43.6128567367463, -0.082562417843346, 
0.083462585487816, -0.0755820515145921, 0.00542536610869037, 
-0.065835650466478, 0.242456890713533, -0.247261274047552, -0.252524263626296, 
-0.566053919392197, 0.270177073640488, 0.134034117241475, 0.0552691144573855, 
0.488135826620449, 0.0503456045159889, 0.0156421294048419, -0.0516331758695666, 
-0.0921261415763596, 0.0561839639606067, 0.00378419612822483, 
0.320048159909756, -0.0586438059743317, 0.0661086535406638, -0.0129195773925251, 
-388.749181254348, 2.79628514992061, 1.15192001105823, -2.77206729659743, 
48.510242079644, 0.229339972531593, 0.261153456200399, -0.100273800914055, 
-0.062800246659386, 0.200947519950383, 0.0307854881605194, 0.243336682845962, 
-0.0670633674406819, 0.076283633812955, 0.584793984445376, 0.014600920930598, 
-0.0371843289943377, -0.123331572171288, -0.0678651856885914, 
0.223039186906147, -0.0635708472343388, 0.0382756764206494, 0.0392765325023786, 
0.0471604078665864, -0.135058637564041, 0.104879073373449, 0.0672088132873591, 
-221.317603189357, 16.3019301952679, 12.7879695700635, -22.8872802742183, 
15.9595641095138, 42.3402661751902, -0.0775305447161036, 0.517230496032558, 
-0.00281083414161874, 0.298284262197588, -0.112812729258875, 
0.2738472235579, 0.208785449106364, 0.0834558745858985, 0.037031388912889, 
-0.321504691626718, -0.000873687639876291, -0.0300045620603433, 
-0.0210346737158664, -0.0115612303652948, 0.138821415481556, 
0.187738505762764, -0.552902005460967, 0.0829644187230552, 0.0882409244840648, 
-0.0984461810456718, -0.0236759546309945), .Dim = c(27L, 6L), .Dimnames = list(
    c("1", "2", "4", "5", "6", "7", "8", "9", "10", "11", "12", 
    "13", "14", "15", "16", "17", "18", "19", "20", "21", "23", 
    "25", "26", "27", "28", "29", "30"), c("x1", "x2", "x3", 
    "x4", "x5", "x6")), assign = 1:6), qraux = c(1.19245008972988, 
1.01654074437395, 1.06210772519193, 1.1105858676205, 1.54605223843297, 
1.08860983368459), pivot = 1:6, tol = 1e-07, rank = 6L), .Names = c("qr", 
"qraux", "pivot", "tol", "rank"), class = "qr"), df.residual = 21L, 
    xlevels = structure(list(), .Names = character(0)), call = quote(lm(formula = y ~ 
        . + 0, data = structure(list(y = c(43, 63, 61, 81, 43, 
        58, 71, 72, 67, 64, 67, 69, 68, 77, 81, 74, 65, 65, 50, 
        50, 53, 63, 66, 78, 48, 85, 82), x1 = c(1, 1, 1, 1, 1, 
        1, 1, 1, 1, 1, 1, 1, 1, 1, 1, 1, 1, 1, 1, 1, 1, 1, 1, 
        1, 1, 1, 1), x2 = c(51, 64, 63, 78, 55, 67, 75, 82, 61, 
        53, 60, 62, 83, 77, 90, 85, 60, 70, 58, 40, 66, 54, 77, 
        75, 57, 85, 82), x3 = c(30, 51, 45, 56, 49, 42, 50, 72, 
        45, 53, 47, 57, 83, 54, 50, 64, 65, 46, 68, 33, 52, 42, 
        66, 58, 44, 71, 39), x4 = c(39, 54, 47, 66, 44, 56, 55, 
        67, 47, 58, 39, 42, 45, 72, 72, 69, 75, 57, 54, 34, 50, 
        48, 63, 74, 45, 71, 59), x5 = c(92, 73, 84, 83, 49, 68, 
        66, 83, 80, 67, 74, 63, 77, 77, 54, 79, 80, 85, 78, 64, 
        80, 75, 76, 78, 83, 74, 78), x6 = c(45, 47, 35, 47, 34, 
        35, 41, 31, 41, 34, 41, 25, 35, 46, 36, 63, 60, 46, 52, 
        33, 37, 33, 72, 49, 38, 55, 39)), .Names = c("y", "x1", 
        "x2", "x3", "x4", "x5", "x6"), row.names = c("1", "2", 
        "4", "5", "6", "7", "8", "9", "10", "11", "12", "13", 
        "14", "15", "16", "17", "18", "19", "20", "21", "23", 
        "25", "26", "27", "28", "29", "30"), class = "data.frame"))), 
    terms = y ~ x1 + x2 + x3 + x4 + x5 + x6 + 0, model = structure(list(
        y = c(43, 63, 61, 81, 43, 58, 71, 72, 67, 64, 67, 69, 
        68, 77, 81, 74, 65, 65, 50, 50, 53, 63, 66, 78, 48, 85, 
        82), x1 = c(1, 1, 1, 1, 1, 1, 1, 1, 1, 1, 1, 1, 1, 1, 
        1, 1, 1, 1, 1, 1, 1, 1, 1, 1, 1, 1, 1), x2 = c(51, 64, 
        63, 78, 55, 67, 75, 82, 61, 53, 60, 62, 83, 77, 90, 85, 
        60, 70, 58, 40, 66, 54, 77, 75, 57, 85, 82), x3 = c(30, 
        51, 45, 56, 49, 42, 50, 72, 45, 53, 47, 57, 83, 54, 50, 
        64, 65, 46, 68, 33, 52, 42, 66, 58, 44, 71, 39),