
expected <- structure(list(coefficients = structure(c(-0.376503093218241, 
0.594810012256936, -0.0579149125596048, 0.369154817573506, 0.10044285918589, 
0.130531528644705, -0.198722981967305), .Names = c("x1", "x2", 
"x3", "x4", "x5", "x6", "x7")), residuals = structure(c(-8.57752835890291, 
1.73016934012111, 0.171250023713287, 5.46077616637504, -7.74992413720408, 
-8.23748507514354, 2.26499745267689, -9.19895928605634, 7.66031374743704, 
6.09938160137879, 12.5317075041252, 11.4430466016434, -1.90547727718704, 
-0.258978112474155, -1.65101533372294, -3.63338903228771, 1.87215742406102, 
-3.9813173032202, -5.88519073983559, 10.4861213046279, -10.9355553161509, 
5.72736634850318, -2.75091109174638, 1.57299410723692, -8.31747068150976, 
5.82233292949309, 4.99962975606043), .Names = c("1", "2", "4", 
"5", "6", "7", "8", "9", "10", "11", "12", "13", "14", "15", 
"16", "17", "18", "19", "20", "21", "23", "25", "26", "27", "28", 
"29", "30")), effects = structure(c(-263.205160776739, -219.254135600917, 
0.383573707161181, -14.9284800762311, 5.29794236302591, 7.32120835080308, 
-6.92493192660882, -12.8278899997369, 6.5384099931629, 0.431086121444399, 
14.524444645919, 12.3212862747667, 3.52817855154616, 0.856213678043575, 
2.88361952617288, 1.34696993727204, 1.83037683953888, -4.24414582466878, 
-2.26952142686184, 12.8152098967263, -12.2521558177937, 0.757203117760431, 
6.01897752815034, 1.47932101920028, -11.0468449017062, 7.8218102222673, 
5.03983937430082), .Names = c("x1", "x2", "x3", "x4", "x5", "x6", 
"x7", "", "", "", "", "", "", "", "", "", "", "", "", "", "", 
"", "", "", "", "", "")), rank = 7L, fitted.values = structure(c(51.5775283589029, 
61.2698306598789, 60.8287499762867, 75.539223833625, 50.7499241372041, 
66.2374850751435, 68.7350025473231, 81.1989592860563, 59.339686252563, 
57.9006183986212, 54.4682924958748, 57.5569533983566, 69.905477277187, 
77.2589781124742, 82.6510153337229, 77.6333890322877, 63.127842575939, 
68.9813173032202, 55.8851907398356, 39.5138786953721, 63.9355553161509, 
57.2726336514968, 68.7509110917464, 76.4270058927631, 56.3174706815098, 
79.1776670705069, 77.0003702439396), .Names = c("1", "2", "4", 
"5", "6", "7", "8", "9", "10", "11", "12", "13", "14", "15", 
"16", "17", "18", "19", "20", "21", "23", "25", "26", "27", "28", 
"29", "30")), assign = 1:7, qr = structure(list(qr = structure(c(-7.3634110554486, 
0.106563606990101, 0.296371478190805, 0.217331992602648, 0.156180197279798, 
0.146120771402847, 0.282055771665277, -0.0201604519006713, 0.0758083866728014, 
-0.0791682380388158, 0.120174271450985, 0.109794585647983, 0.104797420079366, 
0.302195510672162, 0.175495256189508, 0.150781553356505, 0.189875503488587, 
0.18766026570181, 0.319636471695901, 0.372895541836137, 0.0669984685416472, 
-0.00167840599729292, 0.337310661610825, 0.224213795207551, 0.0200696506501696, 
-0.0206011379732565, 0.0559487435799692, -275.668537991288, -228.527585122116, 
-0.0714885777579125, 0.0867350411684229, 0.0577233109980277, 
0.122016889725093, -0.00220923629312094, 0.382434569849258, 0.178125047380504, 
0.324656333580363, 0.121779473554482, 0.142689807896808, 0.240436061891252, 
-0.0170490377048541, 0.188252229863379, 0.195322406715942, 0.0401321776735261, 
0.0864854776213159, -0.120620145141177, -0.261772372484868, 0.210324090308518, 
0.238261392280379, -0.058182559090054, 0.0655462513521412, 0.225913463719186, 
0.39607830297222, 0.293281052457814, -213.853547975594, -176.605835412612, 
54.9639783536764, 0.0531169490310149, -0.1361193738328, 0.163567316641995, 
0.108594697050827, -0.140635852972957, 0.0356610904510721, -0.197220845629853, 
-0.0225054913542871, -0.174237835238088, -0.347844982705559, 
0.0608234535948467, 0.340025585347128, 0.0184350984631584, -0.361871604698607, 
0.12636701232032, -0.467003476400735, -0.0952237651371046, -0.0191035394927623, 
0.00392195993905022, -0.163485888609163, -0.0270973982259154, 
0.0064820990347389, -0.0797129733868516, 0.446786382505917, -228.348842764317, 
-182.115469084046, 10.0999828653214, -43.9403262916368, -0.0641559441488622, 
0.0883617566398486, -0.109572120857191, -0.0240364137009249, 
-0.0432188188622042, 0.28888586619135, -0.229480408530194, -0.247101444473498, 
-0.620832098454141, 0.223360683107832, 0.0865498908197082, 0.00588725225395074, 
0.472685531258167, 0.0406803827651584, -0.0130541333062851, -0.0195992477839662, 
-0.0840302845115619, 0.103358811140429, -0.0580472480665628, 
0.28251190800151, -0.0207492442079733, 0.0320805313075963, -0.0183093507406161, 
-269.469542218221, -202.792696727431, 9.59917240259998, -17.3713618112584, 
41.162843059319, -0.0904875585522996, 0.0577603502668888, 0.111593303279547, 
-0.150391167739552, -0.129392693620085, -0.0913042863702065, 
0.112770276491738, 0.448270926265404, 0.0183583166461258, 0.48950388880055, 
0.0384567963427759, 0.431848443579021, -0.208071898363864, 0.177567855581743, 
0.146413291736184, -0.056592959192551, -0.399211735092309, -0.143437413389395, 
-0.0461466930631869, 0.00941173360797828, 0.0166520890914131, 
0.0451302662792132, -307.61109420847, -228.827077316322, 19.9599626018516, 
-11.4659324062002, 42.3668788901417, 64.6897462263918, 0.315496030773232, 
-0.0835443828618247, -0.0960795371976963, -0.0971622241455606, 
-0.0284531613281802, 0.0212388193046954, -0.144859803793634, 
0.260569955973968, 0.21701417988035, 0.201743395634508, -0.393352959412621, 
0.0985862085273676, -0.0591965431458316, -0.142736577913168, 
-0.0968179193494134, 0.038746895009049, 0.487939095294742, 0.227342144526143, 
-0.385617927103964, 0.173616534356632, -0.0266479662499372, -186.807292138116, 
-120.34480159355, 18.7759983259562, -22.8146636478005, 21.9742312050544, 
5.65029319029953, 34.8471619037406, 0.44907067938125, -0.0201440602090301, 
0.226991510893114, -0.0955631004877746, 0.334438109578072, 0.134147142399825, 
0.229321593355485, -0.0809144173385176, -0.378817624547095, -0.188942697882381, 
0.057425003601373, 0.0906635904856426, 0.135580665433655, 0.119611558875841, 
0.255728455848525, -0.37444410470178, 0.18603860217183, -0.055954831234564, 
-0.225952968468005, -0.164577815796761), .Dim = c(27L, 7L), .Dimnames = list(
    c("1", "2", "4", "5", "6", "7", "8", "9", "10", "11", "12", 
    "13", "14", "15", "16", "17", "18", "19", "20", "21", "23", 
    "25", "26", "27", "28", "29", "30"), c("x1", "x2", "x3", 
    "x4", "x5", "x6", "x7")), assign = 1:7), qraux = c(1.22030201244939, 
1.15522622128564, 1.026507433324, 1.07237767635797, 1.05290445100713, 
1.1683797277601, 1.05827878251399), pivot = 1:7, tol = 1e-07, 
    rank = 7L), .Names = c("qr", "qraux", "pivot", "tol", "rank"
), class = "qr"), df.residual = 20L, xlevels = structure(list(), .Names = character(0)), 
    call = quote(lm(formula = y ~ . + 0, data = structure(list(y = c(43, 
        63, 61, 81, 43, 58, 71, 72, 67, 64, 67, 69, 68, 77, 81, 
        74, 65, 65, 50, 50, 53, 63, 66, 78, 48, 85, 82), x1 = c(1.62217427400739, 
        0.784671641819387, 2.18230501902982, 1.60030479703301, 
        1.15001899129221, 1.0759473035784, 2.07689258733319, 
        -0.148449694408243, 0.558208312522228, -0.582948279215403, 
        0.884892558982667, 0.808462665788754, 0.771666481594897, 
        2.22518976419033, 1.29224370960461, 1.110266556943, 1.39813138154673, 
        1.38181967513713, 2.35361472941018, 2.74578315528371, 
        0.49333726395769, -0.0123587932759979, 2.48375705482583, 
        1.65097833841537, 0.14778108747645, -0.151694647107099, 
        0.411973597015204), x2 = c(51, 64, 63, 78, 55, 67, 75, 
        82, 61, 53, 60, 62, 83, 77, 90, 85, 60, 70, 58, 40, 66, 
        54, 77, 75, 57, 85, 82), x3 = c(30, 51, 45, 56, 49, 42, 
        50, 72, 45, 53, 47, 57, 83, 54, 50, 64, 65, 46, 68, 33, 
        52, 42, 66, 58, 44, 71, 39), x4 = c(39, 54, 47, 66, 44, 
        56, 55, 67, 47, 58, 39, 42, 45, 72, 72, 69, 75, 57, 54, 
        34, 50, 48, 63, 74, 45, 71, 59),