
expected <- structure(list(coefficients = structure(c(7.93749686704977, 0.647429981055906, 
-0.0145827181214991, 0.303103550427851, 0.11633734635279, -0.00780598423208734, 
-0.231620898966668), .Names = c("x1", "x2", "x3", "x4", "x5", 
"x6", "x7")), residuals = structure(c(-5.40475372785956, 0.673691972539459, 
0.930807681102021, 6.60985992764343, -10.9273583029173, -8.57684901214344, 
0.361478900467457, -8.84144026708371, 8.91887379315414, 6.72483942451151, 
12.2131899682925, 8.93767949075283, 0.356467279349463, -4.2710886612195, 
-2.90053331225467, 4.64866510335312, -2.48949140452532, -5.88321285207391, 
0.774870651213092, -10.3010304107234, -2.82779820724988, 6.57495380434227, 
-2.91381459379329, 2.5492746316933, -6.5256953611737, 5.85015036699896, 
5.73826311760415), .Names = c("1", "3", "4", "5", "6", "7", "8", 
"9", "10", "11", "12", "13", "15", "16", "17", "18", "19", "20", 
"22", "23", "24", "25", "26", "27", "28", "29", "30")), effects = structure(c(-338.327257745121, 
-53.1510040063286, 2.38481266822958, -8.69855043732628, -0.829499312810364, 
1.07731592229075, -9.1248881585197, -6.54406528084561, 12.4592506934478, 
8.91898640420397, 15.7539002317704, 14.7314494116279, -0.144185915788152, 
-2.44019087367729, -1.43596100177237, 6.86946898139805, -5.43494295513762, 
-4.97733380964028, -2.28793067960542, -8.01925524208797, -5.63376416878395, 
4.80686889506091, -2.95280906788346, -0.203948116972534, -5.00742472980812, 
6.37011113034297, 4.4749330586314), .Names = c("x1", "x2", "x3", 
"x4", "x5", "x6", "x7", "", "", "", "", "", "", "", "", "", "", 
"", "", "", "", "", "", "", "", "", "")), rank = 7L, fitted.values = structure(c(48.4047537278596, 
70.3263080274605, 60.069192318898, 74.3901400723566, 53.9273583029173, 
66.5768490121434, 70.6385210995325, 80.8414402670837, 58.0811262068459, 
57.2751605754885, 54.7868100317075, 60.0623205092472, 76.6435327206505, 
85.2710886612195, 76.9005333122547, 60.3513348966469, 67.4894914045253, 
55.8832128520739, 63.2251293487869, 63.3010304107234, 42.8277982072499, 
56.4250461956577, 68.9138145937933, 75.4507253683067, 54.5256953611737, 
79.149849633001, 76.2617368823959), .Names = c("1", "3", "4", 
"5", "6", "7", "8", "9", "10", "11", "12", "13", "15", "16", 
"17", "18", "19", "20", "22", "23", "24", "25", "26", "27", "28", 
"29", "30")), assign = 1:7, qr = structure(list(qr = structure(c(-5.19615242270663, 
0.192450089729875, 0.192450089729875, 0.192450089729875, 0.192450089729875, 
0.192450089729875, 0.192450089729875, 0.192450089729875, 0.192450089729875, 
0.192450089729875, 0.192450089729875, 0.192450089729875, 0.192450089729875, 
0.192450089729875, 0.192450089729875, 0.192450089729875, 0.192450089729875, 
0.192450089729875, 0.192450089729875, 0.192450089729875, 0.192450089729875, 
0.192450089729875, 0.192450089729875, 0.192450089729875, 0.192450089729875, 
0.192450089729875, 0.192450089729875, -348.527112500804, -64.4348651884355, 
-0.0229669383926948, 0.209826285526274, -0.147123324482811, 0.0391112546523634, 
0.16326764074248, 0.271904478571332, -0.0540060349152239, -0.17816242100534, 
-0.0695255831764885, -0.0384864866539594, 0.194306737265009, 
0.396060864661448, 0.318463123355125, -0.0695255831764885, 0.0856698994361571, 
-0.100564679699018, -0.0540060349152239, 0.0235917063910989, 
-0.426475193185573, -0.162642872744076, 0.194306737265009, 0.16326764074248, 
-0.116084227960282, 0.318463123355125, 0.271904478571332, -274.626278044532, 
-24.9910710853059, 49.1208079475144, 0.0332697122450195, -0.1175759361763, 
0.17798279240609, 0.117154307922394, -0.241440185980785, 0.0403824137808932, 
-0.224516643047355, -0.0130879396546342, -0.191158831431529, 
0.0612312441374779, 0.308470469495412, -0.0403131830102102, -0.37953142363057, 
0.134814139392708, -0.466114159169628, -0.102123385543082, -0.0383513316854092, 
-0.204649530739946, 0.0121754523761407, -0.183064411846479, -0.0457094627335769, 
0.00972274202675147, -0.182818982334185, 0.430372867975097, -299.837239799146, 
-35.2696104189331, 21.7298843053379, -39.9436645615164, -0.177617837000547, 
0.106779989075908, -0.100743421629851, -0.163450290946938, -0.103742940267717, 
0.137116691742865, -0.321904565512506, -0.400929011325126, 0.252106902281073, 
0.186143551267977, -0.0326140735118242, 0.335221351322635, 0.0498186683736243, 
-0.212714672469972, 0.17684128669816, -0.169819303439769, 0.434275378359838, 
0.0267153585700828, -0.135972710318455, 0.266418319331288, -0.103259952891661, 
-0.0774882175469095, 0.083863901372416, -341.406459180799, -33.9194097202031, 
10.8534948345161, -6.09508613613382, 36.0021506126074, -0.0695628717457221, 
-0.0269904980245857, 0.258323896605004, -0.0134030192056276, 
0.124544792448818, 0.0577472715425807, 0.292838251078639, -0.173085739565426, 
0.445432283286562, -0.00555906672223858, 0.438306537640187, -0.248625408909153, 
0.140950833621688, -0.0170379189003488, 0.0838027136617085, 0.0820694063042763, 
-0.220213486708983, -0.331927055773234, -0.176949199072772, 0.237411397649097, 
0.122601952847488, 0.114289035146602, -367.964571563522, -12.6231407172456, 
-0.167068663325246, -23.9571320355257, -5.30130741177244, -58.263663160899, 
-0.208619092161166, -0.222378667804458, 0.280664143050142, 0.0851708567294667, 
0.00151937761587378, -0.0409250140661543, 0.256367872918091, 
0.0167672016711779, 0.120376740966439, -0.0306107106473003, -0.185126666663956, 
-0.450521478351802, -0.39846056263814, -0.0514873141518472, -0.314594086130126, 
-0.160549186659568, 0.083110470052766, -0.0635563179974401, -0.253860289057551, 
-0.213526777110979, -0.168078707153078, -225.743955253144, -11.8276201693348, 
20.5044038044349, -16.9699421678191, 21.8429162597646, -2.68762745128068, 
39.3957894094558, 0.38022094787057, -0.0460084287523222, 0.303893070705165, 
-0.124136869431528, 0.237285629799497, 0.163552642027415, -0.0720185074872257, 
-0.36564104930908, -0.310247347551205, 0.0804832319028319, -0.0609824039023574, 
0.248001495909566, 0.0844513756409166, 0.0136567058669332, 0.370458481446819, 
-0.375902612338129, 0.192220225776257, -0.0738476025276011, -0.129447420372422, 
-0.0924863553163453), .Dim = c(27L, 7L), .Dimnames = list(c("1", 
"3", "4", "5", "6", "7", "8", "9", "10", "11", "12", "13", "15", 
"16", "17", "18", "19", "20", "22", "23", "24", "25", "26", "27", 
"28", "29", "30"), c("x1", "x2", "x3", "x4", "x5", "x6", "x7"
)), assign = 1:7), qraux = c(1.19245008972988, 1.08566989943616, 
1.06589123532396, 1.06552080427392, 1.17955741520268, 1.25542970259615, 
1.04574393323114), pivot = 1:7, tol = 1e-07, rank = 7L), .Names = c("qr", 
"qraux", "pivot", "tol", "rank"), class = "qr"), df.residual = 20L, 
    xlevels = structure(list(), .Names = character(0)), call = quote(lm(formula = y ~ 
        . + 0, data = structure(list(y = c(43, 71, 61, 81, 43, 
        58, 71, 72, 67, 64, 67, 69, 77, 81, 74, 65, 65, 50, 64, 
        53, 40, 63, 66, 78, 48, 85, 82), x1 = c(1, 1, 1, 1, 1, 
        1, 1, 1, 1, 1, 1, 1, 1, 1, 1, 1, 1, 1, 1, 1, 1, 1, 1, 
        1, 1, 1, 1), x2 = c(51, 70, 63, 78, 55, 67, 75, 82, 61, 
        53, 60, 62, 77, 90, 85, 60, 70, 58, 61, 66, 37, 54, 77, 
        75, 57, 85, 82), x3 = c(30, 68, 45, 56, 49, 42, 50, 72, 
        45, 53, 47, 57, 54, 50, 64, 65, 46, 68, 52, 52, 42, 42, 
        66, 58, 44, 71, 39), x4 = c(39, 69, 47, 66, 44, 56, 55, 
        67, 47, 58, 39, 42, 72, 72, 69, 75, 57, 54, 62, 50, 58, 
        48, 63, 74, 45, 71, 59), x5 = c(61, 76, 54, 71, 54, 66, 
        70, 71, 62, 58, 59, 55, 79, 60, 79, 55, 75, 64, 66, 63, 
        50, 66, 88, 80, 51, 77, 64), x6 = c(78, 74, 54, 78, 83, 
        86, 57, 67, 84, 84, 64, 67, 92, 86, 83, 92, 57, 49, 54, 
        67, 64, 57, 73, 75, 57, 67, 63), x7 = c(45, 48, 35, 47, 
        34, 35, 41, 31, 41, 34, 41, 25, 46, 36, 63, 60, 46, 52, 
        41, 37, 49, 33, 72, 49, 38, 55, 39)), .Names = c("y", 
        "x1", "x2", "x3", "x4", "x5", "x6", "x7"),