
expected <- structure(list(coefficients = structure(c(20.609192224086, 0.529301639950479, 
-0.0572228292645241, 0.233710185602636, 0.179748541686793, -0.0577268708794666, 
-0.205364306449917), .Names = c("x1", "x2", "x3", "x4", "x5", 
"x6", "x7")), residuals = structure(c(-0.0299019609961719, 0.130056777279917, 
0.734932197631193, -12.3059971153489, -9.16067824590634, 1.8486768019914, 
-5.38589558869308, 7.41455237009891, 5.75965323290822, 10.5249536493394, 
8.88606711058318, -1.33886291007301, 1.76225389041857, -0.332340743722646, 
-2.03532520031125, 5.53140640018364, -2.59258970061916, -6.01379055245228, 
6.00011433644547, 0.590465224163862, -10.0719173820605, -6.05569933218919, 
4.35237655800954, -3.01457974986404, 4.01867249383531, -7.81235623071239, 
8.59575367006033), .Names = c("2", "3", "4", "6", "7", "8", "9", 
"10", "11", "12", "13", "14", "15", "16", "17", "18", "19", "20", 
"21", "22", "23", "24", "25", "26", "27", "28", "29")), effects = structure(c(-333.516005501874, 
-45.8271796854879, -2.82732660593055, 9.77007444774788, -2.39921901489119, 
1.09489112960554, -7.81762113440818, 8.95678606253928, 5.22343866075082, 
13.504583981694, 12.3718149039388, 1.66345812788187, 0.171374873513135, 
-7.35003650256701, -3.52161414529412, -3.68142373438906, -1.48826787823611, 
-5.85712019463818, 6.75010154924466, -0.28008305480472, -8.92227481089392, 
-10.407443215908, 8.25953926417585, -1.66846187182826, 2.21943593394327, 
-8.33799871013001, 6.41641571929354), .Names = c("x1", "x2", 
"x3", "x4", "x5", "x6", "x7", "", "", "", "", "", "", "", "", 
"", "", "", "", "", "", "", "", "", "", "", "")), rank = 7L, 
    fitted.values = structure(c(63.0299019609962, 70.8699432227201, 
    60.2650678023688, 55.3059971153489, 67.1606782459063, 69.1513231980086, 
    77.3858955886931, 59.5854476299011, 58.2403467670918, 56.4750463506606, 
    60.1139328894168, 69.338862910073, 75.2377461095814, 81.3323407437226, 
    76.0353252003112, 59.4685935998164, 67.5925897006192, 56.0137905524523, 
    43.9998856635545, 63.4095347758361, 63.0719173820604, 46.0556993321892, 
    58.6476234419905, 69.014579749864, 73.9813275061647, 55.8123562307124, 
    76.4042463299397), .Names = c("2", "3", "4", "6", "7", "8", 
    "9", "10", "11", "12", "13", "14", "15", "16", "17", "18", 
    "19", "20", "21", "22", "23", "24", "25", "26", "27", "28", 
    "29")), assign = 1:7, qr = structure(list(qr = structure(c(-5.19615242270663, 
    0.192450089729875, 0.192450089729875, 0.192450089729875, 
    0.192450089729875, 0.192450089729875, 0.192450089729875, 
    0.192450089729875, 0.192450089729875, 0.192450089729875, 
    0.192450089729875, 0.192450089729875, 0.192450089729875, 
    0.192450089729875, 0.192450089729875, 0.192450089729875, 
    0.192450089729875, 0.192450089729875, 0.192450089729875, 
    0.192450089729875, 0.192450089729875, 0.192450089729875, 
    0.192450089729875, 0.192450089729875, 0.192450089729875, 
    0.192450089729875, 0.192450089729875, -343.908310347287, 
    -67.2761032913922, -0.0421028710864252, -0.16101582247051, 
    0.0173536046056173, 0.136266555989702, 0.240315388450777, 
    -0.0718311089324464, -0.190744060316531, -0.0866952278554571, 
    -0.0569669900094358, 0.255179507373787, 0.165994793835724, 
    0.359228339834862, 0.284907745219808, -0.0866952278554571, 
    0.0619459613746492, -0.116423465701478, -0.38397760631567, 
    -0.0718311089324464, 0.00248948568260667, -0.428569963084701, 
    -0.175879941393521, 0.165994793835724, 0.136266555989702, 
    -0.131287584624489, 0.284907745219808, -282.709181813187, 
    -36.8030079304512, 46.9047665572452, -0.0611248653510839, 
    0.270548232368535, 0.221612896213294, -0.141002445516607, 
    0.115371580928528, -0.176809800349899, 0.0575291134291201, 
    -0.125263079326525, -0.360317310932056, 0.166739472495275, 
    0.44965606351628, 0.0751645466608243, -0.326227193683757, 
    0.230877686470715, -0.420592333842968, 0.0519486847795985, 
    -0.0338669829487023, 0.0421474061522932, -0.185538102237438, 
    0.0729108207059471, -0.0890980655799771, 0.0510545374964592, 
    0.0758798644873358, -0.0740740172164058, -293.87128701752, 
    -33.9678148766177, 8.65095721368538, 48.6211390082697, -0.0587193222030677, 
    0.083686816614506, 0.0349793870888135, 0.0898999650193316, 
    -0.160589001185979, 0.257505525574979, 0.275058221743037, 
    0.563680488069739, -0.22329697497344, -0.128997021398142, 
    -0.0275578357153437, -0.373125503892762, -0.0274975862114396, 
    0.0588222318240993, 0.0923399585590692, -0.175912621133539, 
    0.116546382071625, -0.373770335132734, -0.0128790470077565, 
    0.0349994702567816, -0.258295198339626, 0.0884128033691762, 
    -0.0259970064122555, -335.440506399173, -38.1446322939837, 
    2.79399501774129, 16.9433736810265, -36.479711813135, 0.0812892749230983, 
    -0.14581047142189, 0.10452663123928, -0.0541116618666219, 
    0.109140947644488, -0.0786925208474974, -0.290045866391337, 
    0.12291073052868, -0.524479386135571, 0.0426281205645648, 
    -0.415376334890659, 0.261294415036636, 0.0586875518273713, 
    -0.0303869572671198, 0.0426394687616735, 0.0300517964425614, 
    -0.0754831700613124, 0.285770154765615, 0.429640743106909, 
    0.140429171622168, -0.131763752497732, -0.0511357064154046, 
    -392.790633138675, 6.77748770596976, -8.67900246833866, -12.0028196388741, 
    0.678370612452532, -46.5911067597383, 0.336572672455504, 
    0.0164304574576163, 0.0947709353683183, -0.00827357751626989, 
    0.100267760519427, 0.172650072537948, 0.308016536740785, 
    0.170151775891233, -0.152918915778186, 0.225047453299229, 
    0.228663411576671, 0.313173602025075, -0.0209508028196999, 
    0.14855734262228, 0.244665400848484, -0.0369036472033391, 
    0.0035366950672938, 0.19631170601877, 0.337356032745897, 
    -0.0510229034807801, 0.255981277659568, -222.664753817466, 
    -13.9386898893224, 15.4279398067065, 25.9617311116737, -20.437418117989, 
    7.76506736741137, 38.0670880424622, -0.0619988081746498, 
    0.35276580592308, -0.1663922225677, 0.26642567542298, -0.0471164538400783, 
    0.107184408766059, 0.00535527304718434, -0.364839001948326, 
    -0.186859543028836, -0.0679140583987064, -0.115571073046344, 
    -0.00845497779239171, 0.188923948672238, 0.0381674256789458, 
    0.0328553605906111, 0.275031824315658, -0.515323249832776, 
    0.107185216521781, -0.0687823698157334, -0.162865780042294
    ), .Dim = c(27L, 7L), .Dimnames = list(c("2", "3", "4", "6", 
    "7", "8", "9", "10", "11", "12", "13", "14", "15", "16", 
    "17", "18", "19", "20", "21", "22", "23", "24", "25", "26", 
    "27", "28", "29"), c("x1", "x2", "x3", "x4", "x5", "x6", 
    "x7")), assign = 1:7), qraux = c(1.19245008972988, 1.06194596137465, 
    1.14577733656893, 1.12121545183186, 1.06702475408641, 1.4302270344008, 
    1.38867445368061), pivot = 1:7, tol = 1e-07, rank = 7L), .Names = c("qr", 
    "qraux", "pivot", "tol", "rank"), class = "qr"), df.residual = 20L, 
    xlevels = structure(list(), .Names = character(0)), call = quote(lm(formula = y ~ 
        . + 0, data = structure(list(y = c(63, 71, 61, 43, 58, 
        71, 72, 67, 64, 67, 69, 68, 77, 81, 74, 65, 65, 50, 50, 
        64, 53, 40, 63, 66, 78, 48, 85), x1 = c(1, 1, 1, 1, 1, 
        1, 1, 1, 1, 1, 1, 1, 1, 1, 1, 1, 1, 1, 1, 1, 1, 1, 1, 
        1, 1, 1, 1), x2 = c(64, 70, 63, 55, 67, 75, 82, 61, 53, 
        60, 62, 83, 77, 90, 85, 60, 70, 58, 40, 61, 66, 37, 54, 
        77, 75, 57, 85), x3 = c(51, 68, 45, 49, 42, 50, 72, 45, 
        53, 47, 57, 83, 54, 50, 64, 65, 46, 68, 33, 52, 52, 42, 
        42, 66, 58, 44, 71), x4 = c(54, 69, 47, 44, 56, 55, 67, 
        47, 58, 39, 42, 45, 72, 72, 69, 75, 57, 54, 34, 62, 50, 
        58, 48, 63, 74, 45, 71), x5 = c(63, 76, 54, 54, 66, 70, 
        71, 62, 58, 59, 55, 59, 79, 60, 79, 55, 75, 64, 43, 66, 
        63, 50, 66, 88, 80, 51, 77),