
expected <- structure(list(coefficients = structure(c(23.1698452442606, -0.234612910649871, 
0.136327145837776, 0.494896183834171, 0.629405970125793, 0.0232850538386469, 
-0.461036018678246), .Names = c("x1", "x2", "x3", "x4", "x5", 
"x6", "x7")), residuals = structure(c(-8.33475279764264, -1.56535733615766, 
-4.05730863562589, 2.23525511502536, 9.00379973159813, -11.6560691233504, 
-9.17478495426157, -14.5065523868399, 4.41707330689398, -3.17819532582753, 
12.4776458257998, 8.43454645369509, 6.51822676944734, -1.8764319831347, 
10.5527860841129, 3.50525314114268, 3.45660869089645, -11.5697633909297, 
6.71037760832257, -1.50144438989057, -5.34555179496676, -13.0257323207458, 
1.51467202998324, -1.21189008078411, -4.23249815536891, 8.60582943807966, 
13.8042584805289), .Names = c("1", "2", "3", "4", "5", "6", "7", 
"9", "10", "11", "12", "13", "14", "15", "16", "17", "18", "20", 
"21", "22", "23", "24", "25", "27", "28", "29", "30")), effects = structure(c(-334.285805860793, 
5.61251832683972, -28.2386237222188, 31.7471589441492, -20.1329826576256, 
-3.92342863808759, -16.9059210719428, -9.11309401963606, 4.18053797254556, 
3.04081576644041, 11.5682953330379, 13.3699326480372, 9.41176850577151, 
0.195845633986474, 20.6371989846468, 2.28138620520576, 9.48671608711006, 
-11.0925072999542, 9.75814578018943, 1.3078954481823, -4.23965639076375, 
-7.01450987455878, 2.19970676240394, 0.722174021265111, -2.48159891579474, 
10.51725588601, 16.3494186031874), .Names = c("x1", "x2", "x3", 
"x4", "x5", "x6", "x7", "", "", "", "", "", "", "", "", "", "", 
"", "", "", "", "", "", "", "", "", "")), rank = 7L, fitted.values = structure(c(51.3347527976426, 
64.5653573361577, 75.0573086356259, 58.7647448849746, 71.9962002684019, 
54.6560691233504, 67.1747849542616, 86.5065523868399, 62.582926693106, 
67.1781953258275, 54.5223541742002, 60.5654535463049, 61.4817732305527, 
78.8764319831347, 70.4472139158871, 70.4947468588573, 61.5433913091035, 
61.5697633909297, 43.2896223916774, 65.5014443898906, 58.3455517949668, 
53.0257323207458, 61.4853279700168, 79.2118900807841, 52.2324981553689, 
76.3941705619203, 68.1957415194711), .Names = c("1", "2", "3", 
"4", "5", "6", "7", "9", "10", "11", "12", "13", "14", "15", 
"16", "17", "18", "20", "21", "22", "23", "24", "25", "27", "28", 
"29", "30")), assign = 1:7, qr = structure(list(qr = structure(c(-5.19615242270663, 
0.192450089729875, 0.192450089729875, 0.192450089729875, 0.192450089729875, 
0.192450089729875, 0.192450089729875, 0.192450089729875, 0.192450089729875, 
0.192450089729875, 0.192450089729875, 0.192450089729875, 0.192450089729875, 
0.192450089729875, 0.192450089729875, 0.192450089729875, 0.192450089729875, 
0.192450089729875, 0.192450089729875, 0.192450089729875, 0.192450089729875, 
0.192450089729875, 0.192450089729875, 0.192450089729875, 0.192450089729875, 
0.192450089729875, 0.192450089729875, -356.225116089999, 52.5610755851387, 
-0.269775067848742, 0.186836592639915, -0.0414692376044131, -0.0414692376044131, 
-0.0414692376044131, 0.320014993615774, 0.320014993615774, 0.129760135078833, 
0.129760135078833, 0.0156072199566691, -0.174647638580271, -0.136596666872883, 
-0.136596666872883, -0.174647638580271, -0.0414692376044131, 
0.0156072199566691, 0.110734649225139, -0.326851525409824, -0.421978954678294, 
0.0917091633714453, -0.269775067848742, -0.174647638580271, 0.0156072199566691, 
-0.0414692376044131, 0.186836592639915, -275.588528493181, 15.5713031998122, 
-62.2293940161921, -0.0378119767798476, 0.100347190583055, -0.0121398440517126, 
-0.12462687868648, 0.418586852836338, -0.0152917093263371, 0.0810930910369538, 
-0.0153243672214185, 0.126068310153812, 0.51170548529222, 0.0521221325063283, 
-0.0121561729992532, 0.206383534140708, 0.244973377970613, 0.302833650294161, 
-0.243515617555741, -0.0121888308943345, -0.0282747362182706, 
-0.10210661123297, -0.163233051463927, 0.109966075882335, -0.0828361827393278, 
0.341390836228986, -0.13422943503822, -291.754336030491, 16.890403552335, 
-27.4122267127878, 53.9508248490549, -0.165564284031184, 0.176226220132384, 
-0.11218680076833, -0.0800006746651406, 0.0361811843389419, -0.0676976450154651, 
0.227913558238451, 0.281333533578979, 0.49542195120336, -0.283332752476633, 
-0.321040322390126, -0.128538552989934, -0.247540831889898, 0.162604577288987, 
0.191073593178734, -0.0922371528986004, 0.142485323940847, -0.166474380962634, 
0.0656108694893721, -0.277776896840216, 0.103177737972099, -0.116837885835624, 
-0.22558815948111, -328.319853079167, 16.6705534935812, -18.8051416916109, 
24.2108638663053, -34.3273569780342, -0.118892793445924, 0.0673377453031684, 
0.0104714007439931, 0.132316444016356, -0.203246556869757, 0.133901945915593, 
-0.0740045323330852, -0.106167276753134, 0.152763439745581, -0.389166983909104, 
0.16422363875132, -0.610270519349632, -0.0272057595609151, -0.217994894225621, 
-0.0948029486856306, -0.0124282355714225, -0.410021195342314, 
0.156573781168367, 0.134208460534931, -0.19884219326339, 0.0744657141439902, 
0.00500455955742393, -387.979380895428, 1.9976760146379, -8.27947825235698, 
1.90234059718687, -23.2354105041692, 45.1658757178949, 0.207119260536048, 
-0.0464747203140145, -0.00919330861755024, 0.106436924419545, 
0.169475829229687, 0.343154343109585, 0.16657708912698, 0.0973110912481549, 
0.251446519505977, 0.125943858886264, -0.390676383752724, 0.0731061712408463, 
0.109816924429826, -0.0939260950701148, -0.0077594982429489, 
0.142419896880931, 0.143593810039194, 0.084421339567085, -0.255959110743431, 
0.205496722960207, -0.0942679852869761, -217.276151305029, 6.67371764890135, 
-12.6671120081789, 22.2014253469372, -4.36820219234652, 10.7911709373851, 
36.6694149416152, 0.530248957444586, 0.00307455170296254, 0.261764513137223, 
-0.174130790009819, 0.223962514402245, -0.0100873221570251, 0.12553701367942, 
0.320446370178491, -0.397323176480344, -0.156846172941926, -0.286883362179589, 
-0.0309969851706508, 0.128323495223022, 0.0467184619627812, -0.169072922246661, 
0.131562311194595, 0.0652900708708704, 0.0535039489068267, -0.167037859435869, 
0.221324194025599), .Dim = c(27L, 7L), .Dimnames = list(c("1", 
"2", "3", "4", "5", "6", "7", "9", "10", "11", "12", "13", "14", 
"15", "16", "17", "18", "20", "21", "22", "23", "24", "25", "27", 
"28", "29", "30"), c("x1", "x2", "x3", "x4", "x5", "x6", "x7"
)), assign = 1:7), qraux = c(1.19245008972988, 1.32001499361577, 
1.25457593432235, 1.05339796894123, 1.01953536830978, 1.58066531852892, 
1.19233661314529), pivot = 1:7, tol = 1e-07, rank = 7L), .Names = c("qr", 
"qraux", "pivot", "tol", "rank"), class = "qr"), df.residual = 20L, 
    xlevels = structure(list(), .Names = character(0)), call = quote(lm(formula = y ~ 
        . + 0, data = structure(list(y = c(43, 63, 71, 61, 81, 
        43, 58, 72, 67, 64, 67, 69, 68, 77, 81, 74, 65, 50, 50, 
        64, 53, 40, 63, 78, 48, 85, 82), x1 = c(1, 1, 1, 1, 1, 
        1, 1, 1, 1, 1, 1, 1, 1, 1, 1, 1, 1, 1, 1, 1, 1, 1, 1, 
        1, 1, 1, 1), x2 = c(64, 51, 82, 58, 70, 70, 70, 51, 51, 
        61, 61, 67, 77, 75, 75, 77, 70, 67, 62, 85, 90, 63, 82, 
        77, 67, 70, 58), x3 = c(30, 51, 68, 45, 56, 49, 42, 72, 
        45, 53, 47, 57, 83, 54, 50, 64, 65, 68, 33, 52, 52, 42, 
        42, 58, 44, 71, 39), x4 = c(39, 54, 69, 47, 66, 44, 56, 
        67, 47, 58, 39, 42, 45, 72, 72, 69, 75, 54, 34, 62, 50, 
        58, 48, 74, 45, 71, 59), x5 = c(61, 63, 76, 54, 71, 54, 
        66, 71, 62, 58, 59, 55, 59, 79, 60, 79, 55, 64, 43, 66, 
        63, 50, 66, 80, 51, 77, 64), x6 = c(92, 73, 86, 84, 83, 
        49, 68, 83, 80, 67, 74, 63, 77, 77, 54, 79, 80, 78, 64, 
        80, 80, 57, 75, 78, 83, 74, 78), x7 = c(45, 47, 48, 35, 
        47, 34, 35, 31, 41, 34, 41, 25, 35, 46, 36, 63, 60, 52, 
        33, 41, 37, 49, 33, 49, 38, 55, 39)), .Names = c("y", 
        "x1", "x2", "x3", "x4", "x5", "x6", "x7"),