
expected <- structure(list(coefficients = structure(c(30.1963725834253, 0.449897570985972, 
-0.0600958432203919, 0.357568764628097, 0.207115173603351, -0.245321743392867, 
-0.186539256928286), .Names = c("x1", "x2", "x3", "x4", "x5", 
"x6", "x7")), residuals = structure(c(-0.0779964662643298, 0.337331920372722, 
-0.596092353091904, -10.4358569678664, -8.33561021087564, 6.11946747307001, 
-4.99618778569242, 4.04876473787288, 7.09650686474468, 8.10074963313446, 
8.29029141679305, -0.630840069197006, 0.0342550464416469, -0.230322763469615, 
0.733124006351617, 5.06107118875542, -2.12394956501336, -5.93286141724221, 
8.01848840438644, 0.919843574616718, -12.3341002493578, -5.91117603215298, 
4.50988632832446, -2.5685613751983, 3.03840734618481, -8.57005846275963, 
6.4354257771327), .Names = c("2", "3", "4", "6", "7", "8", "9", 
"10", "11", "12", "13", "14", "15", "16", "17", "18", "19", "20", 
"21", "22", "23", "24", "25", "26", "27", "28", "29")), effects = structure(c(-333.516005501874, 
-45.8271796854879, -2.82732660593055, 9.77007444774788, -2.39921901489119, 
8.96138226587848, -7.24547767211835, 7.33281768910058, 5.99495209842399, 
12.1573448719356, 11.9365907382088, 1.78274788298758, -0.0203750173352331, 
-6.42968591932061, -2.31722415422567, -3.14854028143672, -0.888311512941543, 
-5.59448284496864, 7.70034555821747, 0.163164612760484, -9.71756625403465, 
-10.1256347533954, 8.17691702057637, -1.33454361700109, 2.38852904677388, 
-8.69947356281633, 5.80887539996386), .Names = c("x1", "x2", 
"x3", "x4", "x5", "x6", "x7", "", "", "", "", "", "", "", "", 
"", "", "", "", "", "", "", "", "", "", "", "")), rank = 7L, 
    fitted.values = structure(c(63.0779964662643, 70.6626680796273, 
    61.5960923530919, 53.4358569678664, 66.3356102108756, 64.88053252693, 
    76.9961877856924, 62.9512352621271, 56.9034931352553, 58.8992503668655, 
    60.709708583207, 68.630840069197, 76.9657449535584, 81.2303227634696, 
    73.2668759936484, 59.9389288112446, 67.1239495650134, 55.9328614172422, 
    41.9815115956136, 63.0801564253833, 65.3341002493578, 45.911176032153, 
    58.4901136716755, 68.5685613751983, 74.9615926538152, 56.5700584627596, 
    78.5645742228673), .Names = c("2", "3", "4", "6", "7", "8", 
    "9", "10", "11", "12", "13", "14", "15", "16", "17", "18", 
    "19", "20", "21", "22", "23", "24", "25", "26", "27", "28", 
    "29")), assign = 1:7, qr = structure(list(qr = structure(c(-5.19615242270663, 
    0.192450089729875, 0.192450089729875, 0.192450089729875, 
    0.192450089729875, 0.192450089729875, 0.192450089729875, 
    0.192450089729875, 0.192450089729875, 0.192450089729875, 
    0.192450089729875, 0.192450089729875, 0.192450089729875, 
    0.192450089729875, 0.192450089729875, 0.192450089729875, 
    0.192450089729875, 0.192450089729875, 0.192450089729875, 
    0.192450089729875, 0.192450089729875, 0.192450089729875, 
    0.192450089729875, 0.192450089729875, 0.192450089729875, 
    0.192450089729875, 0.192450089729875, -343.908310347287, 
    -67.2761032913922, -0.0421028710864252, -0.16101582247051, 
    0.0173536046056173, 0.136266555989702, 0.240315388450777, 
    -0.0718311089324464, -0.190744060316531, -0.0866952278554571, 
    -0.0569669900094358, 0.255179507373787, 0.165994793835724, 
    0.359228339834862, 0.284907745219808, -0.0866952278554571, 
    0.0619459613746492, -0.116423465701478, -0.38397760631567, 
    -0.0718311089324464, 0.00248948568260667, -0.428569963084701, 
    -0.175879941393521, 0.165994793835724, 0.136266555989702, 
    -0.131287584624489, 0.284907745219808, -282.709181813187, 
    -36.8030079304512, 46.9047665572452, -0.0611248653510839, 
    0.270548232368535, 0.221612896213294, -0.141002445516607, 
    0.115371580928528, -0.176809800349899, 0.0575291134291201, 
    -0.125263079326525, -0.360317310932056, 0.166739472495275, 
    0.44965606351628, 0.0751645466608243, -0.326227193683757, 
    0.230877686470715, -0.420592333842968, 0.0519486847795985, 
    -0.0338669829487023, 0.0421474061522932, -0.185538102237438, 
    0.0729108207059471, -0.0890980655799771, 0.0510545374964592, 
    0.0758798644873358, -0.0740740172164058, -293.87128701752, 
    -33.9678148766177, 8.65095721368538, 48.6211390082697, -0.0587193222030677, 
    0.083686816614506, 0.0349793870888135, 0.0898999650193316, 
    -0.160589001185979, 0.257505525574979, 0.275058221743037, 
    0.563680488069739, -0.22329697497344, -0.128997021398142, 
    -0.0275578357153437, -0.373125503892762, -0.0274975862114396, 
    0.0588222318240993, 0.0923399585590692, -0.175912621133539, 
    0.116546382071625, -0.373770335132734, -0.0128790470077565, 
    0.0349994702567816, -0.258295198339626, 0.0884128033691762, 
    -0.0259970064122555, -335.440506399173, -38.1446322939837, 
    2.79399501774129, 16.9433736810265, -36.479711813135, 0.0812892749230983, 
    -0.14581047142189, 0.10452663123928, -0.0541116618666219, 
    0.109140947644488, -0.0786925208474974, -0.290045866391337, 
    0.12291073052868, -0.524479386135571, 0.0426281205645648, 
    -0.415376334890659, 0.261294415036636, 0.0586875518273713, 
    -0.0303869572671198, 0.0426394687616735, 0.0300517964425614, 
    -0.0754831700613124, 0.285770154765615, 0.429640743106909, 
    0.140429171622168, -0.131763752497732, -0.0511357064154046, 
    -383.745478921371, 1.32676024460946, 3.27170154970306, 25.6058587657231, 
    -5.47812037546115, -35.8785907980261, 0.101697907786276, 
    -0.385444029474874, 0.17044898646478, -0.316328258814814, 
    -0.114833826241278, 0.0163750221937522, -0.0697944119527545, 
    0.205745005921925, 0.302717119500025, 0.112860016104457, 
    0.126614361138865, 0.041153796021874, 0.22708063774427, 0.0912376290877794, 
    -0.207214883188014, 0.0690342652126855, -0.0242303453770482, 
    0.0729933318584784, 0.0136483982681074, -0.0809080048099084, 
    -0.160313075513971, -222.664753817466, -13.9386898893224, 
    15.4279398067065, 25.9617311116737, -20.437418117989, -0.855497247363777, 
    38.8415703559055, -0.0699518791313064, 0.362273442715136, 
    -0.1732767056865, 0.270038582566985, -0.0245880026647025, 
    0.140686475804896, 0.0320338413901962, -0.367469556571468, 
    -0.152333811502749, -0.0349182365201822, -0.0737732632283564, 
    -0.00425091834287458, 0.205974622995527, 0.0613059379188721, 
    0.0296930262843694, 0.269276340185027, -0.478920450565652, 
    0.146699486913076, -0.076001100144541, -0.132972284316179
    ), .Dim = c(27L, 7L), .Dimnames = list(c("2", "3", "4", "6", 
    "7", "8", "9", "10", "11", "12", "13", "14", "15", "16", 
    "17", "18", "19", "20", "21", "22", "23", "24", "25", "26", 
    "27", "28", "29"), c("x1", "x2", "x3", "x4", "x5", "x6", 
    "x7")), assign = 1:7), qraux = c(1.19245008972988, 1.06194596137465, 
    1.14577733656893, 1.12121545183186, 1.06702475408641, 1.61909245271878, 
    1.42503832829769), pivot = 1:7, tol = 1e-07, rank = 7L), .Names = c("qr", 
    "qraux", "pivot", "tol", "rank"), class = "qr"), df.residual = 20L, 
    xlevels = structure(list(), .Names = character(0)), call = quote(lm(formula = y ~ 
        . + 0, data = structure(list(y = c(63, 71, 61, 43, 58, 
        71, 72, 67, 64, 67, 69, 68, 77, 81, 74, 65, 65, 50, 50, 
        64, 53, 40, 63, 66, 78, 48, 85), x1 = c(1, 1, 1, 1, 1, 
        1, 1, 1, 1, 1, 1, 1, 1, 1, 1, 1, 1, 1, 1, 1, 1, 1, 1, 
        1, 1, 1, 1), x2 = c(64, 70, 63, 55, 67, 75, 82, 61, 53, 
        60, 62, 83, 77, 90, 85, 60, 70, 58, 40, 61, 66, 37, 54, 
        77, 75, 57, 85), x3 = c(51, 68, 45, 49, 42, 50, 72, 45, 
        53, 47, 57, 83, 54, 50, 64, 65, 46, 68, 33, 52, 52, 42, 
        42, 66, 58, 44, 71), x4 = c(54, 69, 47, 44, 56, 55, 67, 
        47, 58, 39, 42, 45, 72, 72, 69, 75, 57, 54, 34, 62, 50, 
        58, 48, 63, 74, 45, 71), x5 = c(63, 76, 54, 54, 66, 70, 
        71, 62, 58, 59, 55, 59, 79, 60, 79, 55, 75, 64, 43, 66, 
        63, 50, 66, 88, 80, 51, 77),