
expected <- structure(list(coefficients = structure(c(10.7283250708321, 0.0713066840064998, 
0.515002758762131, 0.573072947000969, 0.0545792413586163, -0.475536849766393
), .Names = c("x1", "x2", "x3", "x4", "x5", "x6")), residuals = structure(c(-8.53221491531427, 
3.08723673046176, -5.5339598779889, 3.97093881670289, 9.42029421568978, 
-11.3345430452515, -9.45377346241053, 4.16086361761131, -8.84420508343863, 
8.45789330472797, -1.10452653640633, 14.4819962959666, 6.80798029648563, 
-2.25975394649245, 9.41381283613621, 3.54715545304039, -4.10860123587354, 
-9.59326180261083, 6.96596843333879, -5.05858665275336, -10.0614821056705, 
-12.056724276245, -2.21952851343516, -1.77602783910311, -4.72734035010564, 
10.6327504501345, 15.7176391928039), .Names = c("1", "2", "3", 
"4", "5", "6", "7", "8", "9", "10", "11", "12", "14", "15", "16", 
"17", "19", "20", "21", "22", "23", "24", "26", "27", "28", "29", 
"30")), effects = structure(c(-335.248056309443, -28.254204108236, 
-36.0603849087193, 9.56759025607663, -4.53606333014735, -16.6684992874299, 
-3.2392412932404, 10.3252376341608, -8.41382134128439, 9.6729693412713, 
1.21914165622785, 16.1944810254589, 3.57454079859146, 2.33570329529374, 
14.9327575630509, 4.07224460425005, -0.977244247581659, -12.1871586947333, 
8.85145456161251, -4.12275922541355, -9.01769265823193, -10.7408922969999, 
0.789577007309679, 1.8712187166988, -7.28328538553496, 11.7576671083879, 
18.6063540862633), .Names = c("x1", "x2", "x3", "x4", "x5", "x6", 
"", "", "", "", "", "", "", "", "", "", "", "", "", "", "", "", 
"", "", "", "", "")), rank = 6L, fitted.values = structure(c(51.5322149153143, 
59.9127632695382, 76.5339598779889, 57.0290611832971, 71.5797057843102, 
54.3345430452515, 67.4537734624105, 66.8391363823887, 80.8442050834386, 
58.542106695272, 65.1045265364063, 52.5180037040334, 61.1920197035144, 
79.2597539464925, 71.5861871638638, 70.4528445469596, 69.1086012358735, 
59.5932618026108, 43.0340315666612, 69.0585866527534, 63.0614821056705, 
52.056724276245, 68.2195285134352, 79.7760278391031, 52.7273403501056, 
74.3672495498655, 66.2823608071961), .Names = c("1", "2", "3", 
"4", "5", "6", "7", "8", "9", "10", "11", "12", "14", "15", "16", 
"17", "19", "20", "21", "22", "23", "24", "26", "27", "28", "29", 
"30")), assign = 1:6, qr = structure(list(qr = structure(c(-5.19615242270663, 
0.192450089729875, 0.192450089729875, 0.192450089729875, 0.192450089729875, 
0.192450089729875, 0.192450089729875, 0.192450089729875, 0.192450089729875, 
0.192450089729875, 0.192450089729875, 0.192450089729875, 0.192450089729875, 
0.192450089729875, 0.192450089729875, 0.192450089729875, 0.192450089729875, 
0.192450089729875, 0.192450089729875, 0.192450089729875, 0.192450089729875, 
0.192450089729875, 0.192450089729875, 0.192450089729875, 0.192450089729875, 
0.192450089729875, 0.192450089729875, -275.203628313722, -63.7256852686808, 
0.294120659859934, -0.0668013122307103, 0.105813543986554, -0.00403227360625045, 
-0.113878091199055, 0.0116599860498645, 0.356889698484394, -0.0668013122307103, 
0.0587367650182094, -0.0354167929184804, 0.529504554701658, 0.0744290246743244, 
0.0116599860498645, 0.231351621235474, -0.0511090525745954, 0.294120659859934, 
-0.25510842810409, 0.0430445053620945, 0.0430445053620945, -0.113878091199055, 
0.262736140547704, 0.137198063298784, -0.0824935718868253, 0.341197438828279, 
-0.1609548701674, -293.67883692779, -28.1914350696116, -50.754149874238, 
-0.0953228720201079, 0.184682093563041, -0.188739942660511, 0.107733982022533, 
0.0194139526397561, 0.0671505019363049, -0.0953228720201079, 
0.0527909671523843, -0.270099752807747, -0.460660250044381, 0.320053329591468, 
0.354361933093054, 0.175173353698687, 0.0931282009005531, -0.154677585496984, 
-0.248533752450226, 0.140179407546204, -0.0962544610090652, 0.147139626781744, 
0.0398021176702602, 0.325150370849094, -0.126151365903923, 0.154538942330124, 
0.192573901787539, -339.28950819377, -28.4547163149531, -29.8236216779379, 
35.1640489573713, 0.0511002624081615, 0.1407662891252, -0.034321779165927, 
-0.128588636037802, 0.139479150782018, -0.0553087108981055, 0.27555958117801, 
-0.0927589638551647, 0.167852929498672, -0.0865785074420393, 
0.435768643887272, -0.0910424502372833, -0.255818400490846, 0.106469438039555, 
0.216984347868744, 0.109436824869212, -0.00287883013099398, 0.453626737589118, 
-0.436811989215477, -0.0641008703894355, 0.220078082028106, 0.0302326661000904, 
0.0584789362266057, -389.711431702997, -7.90889886668199, 1.93015170414492, 
25.2962519096906, -44.3376078790574, -0.578001212475128, -0.235529266122183, 
-0.313237313697696, 0.135887861556926, 0.0461851801771512, -0.154594591194369, 
-0.0858386711113225, 0.0551580136721094, -0.0868585975506868, 
-0.420180038579513, -0.0387093856854113, 0.0667583378731231, 
0.0395729589092268, -0.188877664635931, 0.07158383984505, 0.0571949128186148, 
-0.315273897994138, -0.216337059116395, -0.0612625810371192, 
0.215638371200335, -0.114010879761567, 0.0170146544049107, -225.166604983954, 
-15.8701052655509, -14.8545940195983, 25.1602481547654, 4.45002386143607, 
35.0519613687526, 0.271267193801789, 0.216658185827067, 0.453487215575205, 
0.0433496582830185, 0.128649823823281, 0.0419101520926461, 0.236855187835204, 
0.156136219395961, 0.0542916167999753, -0.296073586127449, 0.124820134521738, 
-0.220566379617916, -0.0661067602984774, 0.054724845581259, 0.174798186473853, 
-0.479068824455797, -0.300835781860041, 0.0861653557319121, -0.11721363940749, 
-0.101184971439051, 0.0649875378595053), .Dim = c(27L, 6L), .Dimnames = list(
    c("1", "2", "3", "4", "5", "6", "7", "8", "9", "10", "11", 
    "12", "14", "15", "16", "17", "19", "20", "21", "22", "23", 
    "24", "26", "27", "28", "29", "30"), c("x1", "x2", "x3", 
    "x4", "x5", "x6")), assign = 1:6), qraux = c(1.19245008972988, 
1.02735224570598, 1.1408647501971, 1.17219637560937, 1.10948416616363, 
1.15737504449147), pivot = 1:6, tol = 1e-07, rank = 6L), .Names = c("qr", 
"qraux", "pivot", "tol", "rank"), class = "qr"), df.residual = 21L, 
    xlevels = structure(list(), .Names = character(0)), call = quote(lm(formula = y ~ 
        . + 0, data = structure(list(y = c(43, 63, 71, 61, 81, 
        43, 58, 71, 72, 67, 64, 67, 68, 77, 81, 74, 65, 50, 50, 
        64, 53, 40, 66, 78, 48, 85, 82), x1 = c(1, 1, 1, 1, 1, 
        1, 1, 1, 1, 1, 1, 1, 1, 1, 1, 1, 1, 1, 1, 1, 1, 1, 1, 
        1, 1, 1, 1), x2 = c(30, 51, 68, 45, 56, 49, 42, 50, 72, 
        45, 53, 47, 83, 54, 50, 64, 46, 68, 33, 52, 52, 42, 66, 
        58, 44, 71, 39), x3 = c(39, 54, 69, 47, 66, 44, 56, 55, 
        67, 47, 58, 39, 45, 72, 72, 69, 57, 54, 34, 62, 50, 58, 
        63, 74, 45, 71, 59), x4 = c(61, 63, 76, 54, 71, 54, 66, 
        70, 71, 62, 58, 59, 59, 79, 60, 79, 75, 64, 43, 66, 63, 
        50, 88, 80, 51, 77, 64), x5 = c(92, 73, 86, 84, 83, 49, 
        68, 66, 83, 80, 67, 74, 77, 77, 54, 79, 85, 78, 64, 80, 
        80, 57, 76, 78, 83, 74, 78), x6 = c(45, 47, 48, 35, 47, 
        34, 35, 41, 31, 41, 34, 41, 35, 46, 36, 63, 46, 52, 33, 
        41, 37, 49, 72, 49, 38, 55, 39)), .Names = c("y", "x1", 
        "x2", "x3", "x4", "x5", "x6"), row.names = c("1", "2", 
        "3", "4", "5", "6", "7", "8", "9", "10", "11", "12", 
        "14", "15", "16", "17", "19", "20", "21", "22", "23", 
        "24", "26", "27", "28", "29", "30"), class = "data.frame"))), 
    terms = y ~ x1 + x2 + x3 + x4 + x5 + x6 + 0, model = structure(list(
        y = c(43, 63, 71, 61, 81, 43, 58, 71, 72, 67, 64, 67, 
        68, 77, 81, 74, 65, 50, 50, 64, 53, 40, 66, 78, 48, 85, 
        82), x1 = c(1, 1, 1, 1, 1, 1, 1, 1, 1, 1, 1, 1, 1, 1, 
        1, 1, 1, 1, 1, 1, 1, 1, 1, 1, 1, 1, 1), x2 = c(30, 51, 
        68, 45, 56, 49, 42, 50, 72, 45, 53, 47, 83, 54, 50, 64, 
        46, 68, 33, 52, 52, 42, 66, 58, 44, 71, 39), x3 = c(39, 
        54, 69, 47, 66, 44, 56, 55, 67, 47, 58, 39, 45, 72, 72, 
        69, 57, 54, 34, 62, 50, 58, 63, 74, 45, 71, 59),