
expected <- structure(list(coefficients = structure(c(8.03884895740339, 0.678056363256949, 
-0.126458699197575, 0.315342408483265, 0.0554211643997049, 0.00909076885969796, 
-0.108552106682778), .Names = c("x1", "x2", "x3", "x4", "x5", 
"x6", "x7")), residuals = structure(c(-7.20197187310563, 2.15141537791582, 
2.89081592697053, 1.19246777012354, 6.84526311867683, -10.0397714082636, 
-8.34772481648464, 0.820830422546924, -4.95034387575565, 8.78379612811556, 
8.2220608141149, 12.3946818819732, -0.173286855100772, 0.762790828740734, 
-4.53575102046509, -3.39657236250903, -2.57793574377252, -4.46128609725896, 
8.73496733339702, 1.71718623765079, -9.22965776124435, -4.22115984292885, 
-3.51260496608561, 3.26428869072703, -6.69759427501987, 6.94583611962979, 
4.61926024741185), .Names = c("1", "2", "3", "4", "5", "6", "7", 
"8", "9", "10", "11", "12", "14", "15", "16", "17", "19", "20", 
"21", "22", "23", "24", "26", "27", "28", "29", "30")), effects = structure(c(-335.248056309443, 
55.507881731414, 5.01730832808559, 12.937982009321, -1.27807960301797, 
-1.51856587432804, -3.3126834540881, 5.51810034481838, -2.28094596001597, 
10.8902829899003, 10.2575253171841, 13.906155489038, -2.76131293169912, 
5.18462537304567, -8.01237023102022, -6.45242498264296, 2.6614875900473, 
-3.26785428597502, 9.86420850708133, 4.44094458179958, -6.0481847653492, 
-5.4986065004608, -0.959777805819031, 7.59209313115951, -7.79089738022621, 
6.51455892860333, 5.44530841623211), .Names = c("x1", "x2", "x3", 
"x4", "x5", "x6", "x7", "", "", "", "", "", "", "", "", "", "", 
"", "", "", "", "", "", "", "", "", "")), rank = 7L, fitted.values = structure(c(50.2019718731056, 
60.8485846220842, 68.1091840730295, 59.8075322298765, 74.1547368813232, 
53.0397714082636, 66.3477248164846, 70.1791695774531, 76.9503438757556, 
58.2162038718844, 55.7779391858851, 54.6053181180268, 68.1732868551008, 
76.2372091712593, 85.5357510204651, 77.396572362509, 67.5779357437725, 
54.461286097259, 41.265032666603, 62.2828137623492, 62.2296577612444, 
44.2211598429288, 69.5126049660856, 74.735711309273, 54.6975942750199, 
78.0541638803702, 77.3807397525882), .Names = c("1", "2", "3", 
"4", "5", "6", "7", "8", "9", "10", "11", "12", "14", "15", "16", 
"17", "19", "20", "21", "22", "23", "24", "26", "27", "28", "29", 
"30")), assign = 1:7, qr = structure(list(qr = structure(c(-5.19615242270663, 
0.192450089729875, 0.192450089729875, 0.192450089729875, 0.192450089729875, 
0.192450089729875, 0.192450089729875, 0.192450089729875, 0.192450089729875, 
0.192450089729875, 0.192450089729875, 0.192450089729875, 0.192450089729875, 
0.192450089729875, 0.192450089729875, 0.192450089729875, 0.192450089729875, 
0.192450089729875, 0.192450089729875, 0.192450089729875, 0.192450089729875, 
0.192450089729875, 0.192450089729875, 0.192450089729875, 0.192450089729875, 
0.192450089729875, 0.192450089729875, -350.644063487833, 69.9767157041593, 
-0.0740027970375246, 0.0260304773103873, -0.188326539149424, 
0.140354219422287, -0.0311313937455624, -0.145455135857462, -0.245488410205373, 
0.0546114128383621, 0.168935154950261, 0.0689018806023495, -0.259778877969361, 
-0.174036071385436, -0.359812152317273, -0.288359813497336, -0.0740027970375246, 
0.0974828161303243, 0.354711235882098, 0.0546114128383621, -0.0168409259815749, 
0.39758263917406, -0.174036071385436, -0.145455135857462, 0.111773283894312, 
-0.288359813497336, -0.245488410205373, -275.203628313722, 37.1192253786653, 
-51.7989002803227, -0.0646111375218958, 0.00305168115368953, 
0.0897822602435688, -0.161113265566024, -0.0838415133947335, 
0.273352707176091, -0.045318217241926, 0.186296897169124, 0.00293910122085157, 
0.476065967811465, -0.0259127170291181, -0.228538415494507, 0.0899698934649654, 
-0.112830929340394, 0.427646033890144, -0.074407704238998, 0.0898197868878481, 
0.0415874861879235, 0.128280538633523, 0.205752432907637, 0.0706019198964369, 
-0.0260378058433825, 0.22510789759474, -0.363726455149987, -293.67883692779, 
37.9020254461815, -7.52187192325024, 43.33126643185, -0.121492937648673, 
0.135014367433991, -0.0835009050119497, 0.064907370321727, -6.93956314350381e-05, 
0.0915809510779477, -0.178492309224744, 0.280997970441483, 0.591510443853834, 
-0.282447065505078, -0.194720363674145, -0.0742433357923988, 
-0.0527603812070296, 0.0603482267727822, 0.123980681013588, -0.206851483211803, 
0.114317693405659, -0.395054295483173, 0.00709158923035469, -0.31901745600949, 
0.0955309830565158, -0.0726614600816332, -0.0404954151910349, 
-339.28950819377, 36.8715239374229, -8.58423415944909, 19.7034837366774, 
33.3796944967433, 0.0891282688594576, -0.00534326791010281, -0.0787541470762473, 
0.195243614382479, -0.0724219506765863, 0.215632463139881, -0.125555909291352, 
0.195615399430647, -0.0260201866444669, 0.607944339783501, -0.0104391317533713, 
-0.230835737455126, 0.0282513371371344, 0.118579321337855, 0.0901938159779225, 
-0.00439100325568319, 0.338586271621436, -0.427458024109425, 
-0.0225831698730062, 0.196518979383285, 0.101239274755126, 0.186282569069957, 
-390.673682151647, -2.19226361031247, 7.78857631322029, -10.2677979342478, 
-3.21989252648273, -49.222055534582, -0.0613800969961586, 0.251571947434023, 
0.146027815721274, 0.0483513598465877, 0.275584952562682, 0.0459952974742055, 
0.0136621042390181, 0.125341639160109, -0.216709673114392, -0.392596830851244, 
0.120862521662399, 0.465253029497315, 0.277559103627245, 0.203864539574487, 
0.217305036520378, 0.347634262388005, 0.0650190822095649, 0.199127969632494, 
0.0395995509812844, 0.0219845687146578, -0.0943126791225817, 
-225.166604983954, 11.2561251087674, -11.4580557756746, 15.8896201680194, 
28.5461971703421, 9.86714654736294, 30.5169890785148, 0.0152337761113676, 
0.355966518608465, 0.0337387597839732, 0.175368274434514, -0.0367358667620979, 
-0.0544850943074259, 0.125983367538697, -0.0482006547703582, 
-0.315304720132274, 0.0848955157061831, -0.383097915205008, -0.0665610019126449, 
0.0932466490164299, 0.0766373907866375, -0.379190479922155, -0.471523739817202, 
0.0511508913607683, -0.104970397345259, -0.258919095940821, -0.0204930108244492
), .Dim = c(27L, 7L), .Dimnames = list(c("1", "2", "3", "4", 
"5", "6", "7", "8", "9", "10", "11", "12", "14", "15", "16", 
"17", "19", "20", "21", "22", "23", "24", "26", "27", "28", "29", 
"30"), c("x1", "x2", "x3", "x4", "x5", "x6", "x7")), assign = 1:7), 
    qraux = c(1.19245008972988, 1.0117400095464, 1.31188851221032, 
    1.1092741072632, 1.1175208252798, 1.20411306190686, 1.31472040561412
    ), pivot = 1:7, tol = 1e-07, rank = 7L), .Names = c("qr", 
"qraux", "pivot", "tol", "rank"), class = "qr"), df.residual = 20L, 
    xlevels = structure(list(), .Names = character(0)), call = quote(lm(formula = y ~ 
        . + 0, data = structure(list(y = c(43, 63, 71, 61, 81, 
        43, 58, 71, 72, 67, 64, 67, 68, 77, 81, 74, 65, 50, 50, 
        64, 53, 40, 66, 78, 48, 85, 82), x1 = c(1, 1, 1, 1, 1, 
        1, 1, 1, 1, 1, 1, 1, 1, 1, 1, 1, 1, 1, 1, 1, 1, 1, 1, 
        1, 1, 1, 1), x2 = c(51, 64, 70, 63, 78, 55, 67, 75, 82, 
        61, 53, 60, 83, 77, 90, 85, 70, 58, 40, 61, 66, 37, 77, 
        75, 57, 85, 82), x3 = c(30, 51, 68, 45, 56, 49, 42, 50, 
        72, 45, 53, 47, 83, 54, 50, 64, 46, 68, 33, 52, 52, 42, 
        66, 58, 44, 71, 39), x4 = c(39, 54, 69, 47, 66, 44, 56, 
        55, 67, 47, 58, 39, 45, 72, 72, 69, 57, 54, 34, 62, 50, 
        58, 63, 74, 45, 71, 59), x5 = c(61, 63, 76, 54, 71, 54, 
        66, 70, 71, 62, 58, 59, 59, 79, 60, 79, 75, 64, 43, 66, 
        63, 50, 88, 80, 51, 77, 64), x6 = c(64, 49, 49, 80, 73, 
        80, 74, 92, 79, 77, 76, 78, 76, 80, 74, 57, 83, 84, 83, 
        77, 85, 73, 75, 80, 75, 74, 83), x7 = c(45, 47, 48, 35, 
        47, 34, 35, 41, 31, 41, 34, 41, 35, 46, 36, 63, 46, 52, 
        33, 41, 37, 49, 72, 49, 38, 55, 39)), .Names = c("y", 
        "x1", "x2", "x3", "x4", "x5", "x6", "x7"),