
expected <- structure(list(coefficients = structure(c(11.2646992833491, 0.758140415570362, 
-0.0972014515023441, 0.0530782637822797, 0.158375765856417, -0.00791909930167575, 
-0.09838882524012), .Names = c("x1", "x2", "x3", "x4", "x5", 
"x6", "x7")), residuals = structure(c(-11.6503019412036, 0.901605535353758, 
4.25379640506449, -1.8655150067199, 6.94889267565848, -12.4071083186071, 
-1.71416360522817, -5.95191918694385, 5.57935541719086, 8.0210767131707, 
6.59124293193895, -6.06733714600401, 1.9404858489758, -2.03640723425785, 
-3.66800077614406, 8.88799505688935, -4.51481741351766, -5.68319823017849, 
6.75616668122148, 2.0954798764588, -0.427537553762982, 4.28527258930488, 
-6.82136653254466, 4.61873444881557, -9.17379491677162, 7.44937655387356, 
3.65198712796733), .Names = c("1", "2", "3", "4", "5", "6", "8", 
"9", "10", "12", "13", "14", "15", "16", "17", "18", "19", "20", 
"21", "22", "24", "25", "26", "27", "28", "29", "30")), effects = structure(c(-339.4819582835, 
54.8283956586102, 5.80475161533608, -4.7557188524712, 3.19898813225864, 
-0.911030681288361, -3.68265913025589, -5.8754212508998, 7.03046819310797, 
7.9098459132748, 8.55307889477929, -10.8053474757667, 7.2361595674719, 
2.12272332884666, -0.0525241681664448, 8.7594358770401, -1.25980872843536, 
-5.82106156714453, 5.85781480188599, 4.61319542223714, 3.40015552810753, 
8.97821107510953, 1.66685704144493, 10.4440634088532, -10.6189396679713, 
10.2452319772953, 5.83664229935857), .Names = c("x1", "x2", "x3", 
"x4", "x5", "x6", "x7", "", "", "", "", "", "", "", "", "", "", 
"", "", "", "", "", "", "", "", "", "")), rank = 7L, fitted.values = structure(c(54.6503019412036, 
62.0983944646462, 66.7462035949355, 62.8655150067199, 74.0511073243415, 
55.4071083186071, 72.7141636052282, 77.9519191869439, 61.4206445828091, 
58.9789232868293, 62.408757068061, 74.067337146004, 75.0595141510242, 
83.0364072342579, 77.6680007761441, 56.1120049431107, 69.5148174135177, 
55.6831982301785, 43.2438333187785, 61.9045201235412, 40.427537553763, 
58.7147274106951, 72.8213665325447, 73.3812655511844, 57.1737949167716, 
77.5506234461264, 78.3480128720327), .Names = c("1", "2", "3", 
"4", "5", "6", "8", "9", "10", "12", "13", "14", "15", "16", 
"17", "18", "19", "20", "21", "22", "24", "25", "26", "27", "28", 
"29", "30")), assign = 1:7, qr = structure(list(qr = structure(c(-5.19615242270663, 
0.192450089729875, 0.192450089729875, 0.192450089729875, 0.192450089729875, 
0.192450089729875, 0.192450089729875, 0.192450089729875, 0.192450089729875, 
0.192450089729875, 0.192450089729875, 0.192450089729875, 0.192450089729875, 
0.192450089729875, 0.192450089729875, 0.192450089729875, 0.192450089729875, 
0.192450089729875, 0.192450089729875, 0.192450089729875, 0.192450089729875, 
0.192450089729875, 0.192450089729875, 0.192450089729875, 0.192450089729875, 
0.192450089729875, 0.192450089729875, -348.719562590534, 70.3467601717852, 
-0.0780287364412797, 0.0214783337195374, -0.191751102339356, 
0.135200699617614, -0.149105215127578, -0.248612285288395, 0.0499089251940565, 
0.0641242209313161, 0.035693629456797, -0.262827581025654, -0.177535806602097, 
-0.362334651186471, -0.291258172500173, 0.0641242209313161, -0.0780287364412797, 
0.0925548124058353, 0.348430135676508, 0.0499089251940565, 0.391076022888286, 
0.149415995354874, -0.177535806602097, -0.149105215127578, 0.106770108143095, 
-0.291258172500173, -0.248612285288395, -278.475279839129, 37.4320326308127, 
-53.0034098114856, -0.075706467318834, -0.012820834695724, 0.0769060743699957, 
-0.0970914619501152, 0.250473687390347, -0.0564200426149869, 
-0.0090434088263427, 0.160337273653413, 0.448364292940387, -0.040911043780521, 
-0.241739647228969, 0.0706103645876936, 0.330557384104143, -0.124342243063939, 
0.406443940963071, -0.0803131118449159, 0.0756469324135353, 0.118416921676098, 
-0.0455176883066029, 0.185489484839803, 0.0538422237967673, -0.0367139039256529, 
0.202677339616216, -0.372127766315544, -295.988238004548, 8.10429804754208, 
1.41062163054713, -56.1007438697118, -0.0346520234369414, -0.15902026215244, 
-0.109674222707493, 0.287043481871842, 0.0349110565545123, -0.307065204164818, 
0.342942531025633, -0.121869537997318, 0.0175825710192805, -0.227133938744903, 
-0.263517329351784, 0.245158311731185, -0.0744034836432542, -0.0149338664393022, 
-0.318524986526559, 0.240752108275809, -0.0135737626947857, 0.354784018994866, 
0.0827052966268702, 0.171408602199328, 0.111014049935686, -0.218101957919177, 
-0.16387641626042, -337.172557206741, 36.836569687152, -5.16778260521913, 
-5.59073041434975, 40.8628383342313, 0.155893934056866, -0.0215120766004973, 
0.11419855043718, -0.00788855983286861, 0.0854943027907611, 0.215380789694807, 
0.498000706098612, -0.20824218109886, 0.389375875127891, -0.0565480629199144, 
0.239990951112028, -0.218995664628327, 0.0291641822548696, 0.195723890482245, 
-0.083226127400768, 0.019167881075566, -0.21425545000019, -0.372508469144864, 
-0.243220354002764, 0.209305535014552, 0.0246056002628417, 0.147916715961468, 
-390.288781972187, 8.70923785502774, -2.19264660625914, -15.9288769605856, 
16.3260736522201, 45.8447198855886, 0.248305876435862, 0.0838471855751515, 
-0.0543553347817114, -0.0848145804371926, 0.416766400178057, 
-0.0231673589723447, 0.129435293180552, 0.387045926949192, -0.0196256602677647, 
0.017897336547278, -0.121594360452344, 0.0189873198113931, 0.00314175834249042, 
0.0708676529971048, 0.347540452611085, 0.214599966079935, 0.259297777104121, 
0.18626080462718, -0.163502064428475, 0.105824794680863, -0.0969842488348449, 
-227.476006060713, 10.7846710326676, -14.0153888247995, 10.3537664550017, 
31.9488252640709, 5.56955315524415, 37.4296483494776, 0.263196324433741, 
0.0543328535066107, 0.133984141262805, 0.150098458060243, 0.104586059657204, 
0.0994492931596993, -0.117686541472197, -0.268950056889121, -0.61726485447923, 
0.152673830823139, -0.109021872894938, 0.157786584880812, 0.0530033528707245, 
-0.26392903511992, 0.230403475119807, -0.436143240092113, 0.00235646406248634, 
-0.050671795030994, -0.120745174486789, 0.0167239224149979), .Dim = c(27L, 
7L), .Dimnames = list(c("1", "2", "3", "4", "5", "6", "8", "9", 
"10", "12", "13", "14", "15", "16", "17", "18", "19", "20", "21", 
"22", "24", "25", "26", "27", "28", "29", "30"), c("x1", "x2", 
"x3", "x4", "x5", "x6", "x7")), assign = 1:7), qraux = c(1.19245008972988, 
1.00726303798228, 1.29072539273999, 1.23552734487946, 1.01126980113938, 
1.49334556484099, 1.07724800744741), pivot = 1:7, tol = 1e-07, 
    rank = 7L), .Names = c("qr", "qraux", "pivot", "tol", "rank"
), class = "qr"), df.residual = 20L, xlevels = structure(list(), .Names = character(0)), 
    call = quote(lm(formula = y ~ . + 0, data = structure(list(y = c(43, 
        63, 71, 61, 81, 43, 71, 72, 67, 67, 69, 68, 77, 81, 74, 
        65, 65, 50, 50, 64, 40, 63, 66, 78, 48, 85, 82), x1 = c(1, 
        1, 1, 1, 1, 1, 1, 1, 1, 1, 1, 1, 1, 1, 1, 1, 1, 1, 1, 
        1, 1, 1, 1, 1, 1, 1, 1), x2 = c(51, 64, 70, 63, 78, 55, 
        75, 82, 61, 60, 62, 83, 77, 90, 85, 60, 70, 58, 40, 61, 
        37, 54, 77, 75, 57, 85, 82), x3 = c(30, 51, 68, 45, 56, 
        49, 50, 72, 45, 47, 57, 83, 54, 50, 64, 65, 46, 68, 33, 
        52, 42, 42, 66, 58, 44, 71, 39), x4 = c(59, 47, 45, 71, 
        59, 45, 55, 75, 59, 39, 74, 50, 62, 54, 47, 66, 56, 50, 
        34, 69, 48, 75, 63, 69, 62, 48, 57), x5 = c(61, 63, 76, 
        54, 71, 54, 70, 71, 62, 59, 55, 59, 79, 60, 79, 55, 75, 
        64, 43, 66, 50, 66, 88, 80, 51, 77, 64), x6 = c(92, 73, 
        86, 84, 83, 49, 66, 83, 80, 74, 63, 77, 77, 54, 79, 80, 
        85, 78, 64, 80, 57, 75, 76, 78, 83, 74, 78), x7 = c(45, 
        47, 48, 35, 47, 34, 41, 31, 41, 41, 25, 35, 46, 36, 63, 
        60, 46, 52, 33, 41, 49, 33, 72, 49, 38, 55, 39)), .Names = c("y", 
        "x1", "x2", "x3", "x4", "x5", "x6", "x7"),