
expected <- structure(list(coefficients = structure(c(29.0195458273928, 0.600349975905699, 
-0.0248042584748987, 0.266408448126132, 0.10651044667588, -0.208786750492185, 
-0.19686325953385), .Names = c("x1", "x2", "x3", "x4", "x5", 
"x6", "x7")), residuals = structure(c(-7.21854685008622, 2.30873204641306, 
1.94440531590757, 4.42949396681999, -8.97419731072515, -0.183377083022391, 
-9.99125840187215, 7.70721269717555, 3.73808510787759, 5.7970881032553, 
8.12353028729667, -4.09554302211905, 0.838278909984437, -1.96648816672509, 
-2.15300405507395, 3.20382610144528, -1.48281631492625, 6.09386632373834, 
-0.167686253572219, -7.89108169532774, -7.3329164049325, 4.73274644002155, 
-3.5153299778766, 2.25431132940009, -10.7253641334817, 8.37864417803215, 
6.14738886237344), .Names = c("1", "2", "3", "5", "7", "8", "9", 
"10", "11", "12", "13", "14", "15", "16", "17", "18", "19", "21", 
"22", "23", "24", "25", "26", "27", "28", "29", "30")), effects = structure(c(-343.523410167827, 
49.3571362451374, -0.900494662017867, -9.30463239602708, 1.26437505230766, 
-8.27119731378928, -7.77336049971419, 9.5263436928503, 4.15796662714746, 
5.59694675204285, 11.216200658799, -3.11921704604331, 3.55006338704514, 
-1.86658353848552, -2.66343665583647, -3.29650179899049, 2.17892141082384, 
5.98303477831451, 1.06815853783592, -4.46677515175633, -11.3381954008417, 
8.88182970018678, -3.14909051251603, 4.109991464929, -11.9528000537125, 
9.01427183724739, 7.7301723751747), .Names = c("x1", "x2", "x3", 
"x4", "x5", "x6", "x7", "", "", "", "", "", "", "", "", "", "", 
"", "", "", "", "", "", "", "", "", "")), rank = 7L, fitted.values = structure(c(50.2185468500862, 
60.6912679535869, 69.0555946840924, 76.57050603318, 66.9741973107252, 
71.1833770830224, 81.9912584018721, 59.2927873028245, 60.2619148921224, 
61.2029118967447, 60.8764697127033, 72.0955430221191, 76.1617210900156, 
82.9664881667251, 76.1530040550739, 61.7961738985547, 66.4828163149262, 
43.9061336762617, 64.1676862535722, 60.8910816953277, 47.3329164049325, 
58.2672535599784, 69.5153299778766, 75.7456886705999, 58.7253641334817, 
76.6213558219679, 75.8526111376266), .Names = c("1", "2", "3", 
"5", "7", "8", "9", "10", "11", "12", "13", "14", "15", "16", 
"17", "18", "19", "21", "22", "23", "24", "25", "26", "27", "28", 
"29", "30")), assign = 1:7, qr = structure(list(qr = structure(c(-5.19615242270663, 
0.192450089729875, 0.192450089729875, 0.192450089729875, 0.192450089729875, 
0.192450089729875, 0.192450089729875, 0.192450089729875, 0.192450089729875, 
0.192450089729875, 0.192450089729875, 0.192450089729875, 0.192450089729875, 
0.192450089729875, 0.192450089729875, 0.192450089729875, 0.192450089729875, 
0.192450089729875, 0.192450089729875, 0.192450089729875, 0.192450089729875, 
0.192450089729875, 0.192450089729875, 0.192450089729875, 0.192450089729875, 
0.192450089729875, 0.192450089729875, -350.644063487833, 69.9910047130397, 
-0.0739876890014511, -0.188288091357435, -0.0311250381179571, 
-0.145425440473941, -0.245438292535427, 0.0546002636490308, 0.168900666005015, 
0.0688878139435288, 0.0403127133545328, -0.259725842829925, -0.174000541062937, 
-0.359738694891411, -0.288300943418921, 0.0688878139435288, -0.0739876890014511, 
0.354638819833489, 0.0546002636490308, -0.0168374878234591, 0.397501470716983, 
0.154613115710517, -0.174000541062937, -0.145425440473941, 0.111750464827023, 
-0.288300943418921, -0.245438292535427, -275.588528493181, 38.4409186516115, 
-50.5891167760729, -0.00316766421737167, -0.167031203886066, 
-0.0909859330561284, 0.272060140307717, -0.0461612801759294, 
0.194067007807626, 0.00363435324785844, 0.18078245036209, 0.479236773419893, 
-0.0324404204969572, -0.244907511637645, 0.0831390451846672, 
0.359442106913039, -0.118747129898996, -0.0678762392719259, 0.092208401804974, 
0.0409012089444684, 0.140811953276968, -0.0336325024487515, 0.204764748613163, 
0.0671508463506184, -0.0248826233133682, 0.221508727165571, -0.380254074745113, 
-297.527838722387, 35.5135583468277, -11.8516979838765, -48.2235379626031, 
0.0750897993545926, -0.058236441180571, -0.0196557085553235, 
-0.0941457096375501, 0.127353894350043, -0.268315037800077, -0.293849248636085, 
-0.564434550492817, 0.251241851319996, 0.194927838781171, 0.0615428067064411, 
0.344114840428868, 0.0461558654104395, -0.135222990778853, 0.164758226616937, 
-0.117203131244745, 0.315284649387418, -0.00469171660190341, 
-0.0247846889873241, 0.276164899973097, -0.101673414793717, 0.0508688449211501, 
0.0602883418434414, -340.05930855269, 35.7220507474215, -2.99208838484361, 
-14.719169466044, -37.2692261040187, 0.0382911526672781, -0.132676681248276, 
0.024011503696874, -0.101795034596905, 0.00541059234602756, -0.163214563459382, 
-0.331718342334546, 0.132082992480758, -0.493056580896258, 0.0561061679297304, 
-0.394413959658618, 0.214317372691583, -0.168689338295681, 0.0105167711067292, 
-0.0327006506859377, -0.140994803015213, 0.197213518869501, 0.411976513253235, 
0.155391497678627, -0.216810835825468, -0.0264316019198206, -0.194482151548384, 
-393.752883587325, 12.6286069547479, 4.13592969678768, -2.22062875935974, 
-4.91655458110689, 37.4028787335479, 0.309445466603923, -0.0259680261754307, 
0.158713269195014, 0.651340391715335, 0.0221265727663545, 0.111884156312901, 
-0.0465703764935812, -0.263671465070379, -0.0483654038360639, 
-0.109925744068249, -0.164574036216888, 0.00489798148722426, 
-0.00145124741992371, -0.390757063148378, 0.0965986301884046, 
0.0777002969299057, 0.104803002977049, 0.0584788424756356, 0.296389044170799, 
-0.216381378509098, -0.0670935036139545, -224.589254714764, 11.8745418003161, 
-11.0954592247823, -23.6033527970351, -21.3723247662718, 2.34666338986994, 
39.4860905895829, -0.00620101881698552, 0.28804394884852, -0.168919203846787, 
0.286156487832444, -0.03901642253536, 0.157831260697423, 0.17825207209102, 
-0.350538489923712, -0.241615100332497, 0.0294890486237862, 0.0388230058338714, 
0.17866794821679, 0.139239270120533, -0.0514519115054314, 0.276391622787167, 
-0.51977265680163, 0.116313074215546, -0.0485428479635563, -0.124169429757339, 
0.036169422251254), .Dim = c(27L, 7L), .Dimnames = list(c("1", 
"2", "3", "5", "7", "8", "9", "10", "11", "12", "13", "14", "15", 
"16", "17", "18", "19", "21", "22", "23", "24", "25", "26", "27", 
"28", "29", "30"), c("x1", "x2", "x3", "x4", "x5", "x6", "x7"
)), assign = 1:7), qraux = c(1.19245008972988, 1.01173761276554, 
1.31612901346956, 1.10529795744899, 1.01687850927921, 1.07918466846756, 
1.36278068082063), pivot = 1:7, tol = 1e-07, rank = 7L), .Names = c("qr", 
"qraux", "pivot", "tol", "rank"), class = "qr"), df.residual = 20L, 
    xlevels = structure(list(), .Names = character(0)), call = quote(lm(formula = y ~ 
        . + 0, data = structure(list(y = c(43, 63, 71, 81, 58, 
        71, 72, 67, 64, 67, 69, 68, 77, 81, 74, 65, 65, 50, 64, 
        53, 40, 63, 66, 78, 48, 85, 82), x1 = c(1, 1, 1, 1, 1, 
        1, 1, 1, 1, 1, 1, 1, 1, 1, 1, 1, 1, 1, 1, 1, 1, 1, 1, 
        1, 1, 1, 1), x2 = c(51, 64, 70, 78, 67, 75, 82, 61, 53, 
        60, 62, 83, 77, 90, 85, 60, 70, 40, 61, 66, 37, 54, 77, 
        75, 57, 85, 82), x3 = c(30, 51, 68, 56, 42, 50, 72, 45, 
        53, 47, 57, 83, 54, 50, 64, 65, 46, 33, 52, 52, 42, 42, 
        66, 58, 44, 71, 39), x4 = c(39, 54, 69, 66, 56, 55, 67, 
        47, 58, 39, 42, 45, 72, 72, 69, 75, 57, 34, 62, 50, 58, 
        48, 63, 74, 45, 71, 59), x5 = c(61, 63, 76, 71, 66, 70, 
        71, 62, 58, 59, 55, 59, 79, 60, 79, 55, 75, 43, 66, 63, 
        50, 66, 88, 80, 51, 77, 64), x6 = c(80, 83, 83, 66, 78, 
        75, 66, 78, 68, 54, 77, 77, 78, 83, 80, 75, 84, 74, 75, 
        92, 67, 74, 77, 74, 64, 86, 78), x7 = c(45, 47, 48, 47, 
        35, 41, 31, 41, 34, 41, 25, 35, 46, 36, 63, 60, 46, 33, 
        41, 37, 49, 33, 72, 49, 38, 55, 39)), .Names = c("y", 
        "x1", "x2", "x3", "x4", "x5", "x6", "x7"),