
expected <- structure(list(coefficients = structure(c(-2.02019284561788, 
0.251402650252849, 0.0110066984747397, 0.148076425204561, -0.195970976175885, 
0.701116021858806, 0.00929160519969864), .Names = c("x1", "x2", 
"x3", "x4", "x5", "x6", "x7")), residuals = structure(c(-5.95102739416554, 
-7.27592372671903, 1.55926035498967, -18.2336108100009, -3.49107006341486, 
12.9668201635457, 12.8920592136801, 2.3906728063771, 3.69737080026175, 
20.0052135297324, 1.75469977446796, -1.53135041769971, 12.0940905290994, 
12.1275516672548, 9.01747146241523, -0.690470528550804, -6.45581612657878, 
-9.35197495546359, -8.57276357670671, 3.23175086440653, -23.6314624289335, 
-18.0972791141561, 4.39483021041796, 1.22869934814796, 14.8848806728123, 
-9.92068262053805, 9.18443538868274), .Names = c("2", "3", "4", 
"6", "7", "8", "9", "10", "11", "12", "13", "14", "15", "16", 
"17", "18", "19", "20", "21", "22", "23", "24", "25", "26", "27", 
"28", "29")), effects = structure(c(-243.986862854527, -221.976990191045, 
26.9503501055889, -18.8031078384526, 7.36127130470004, -38.1472929584786, 
0.469039831729976, 2.88114459859337, 3.34687376736797, 34.8307271125641, 
-2.56799398690781, 1.47377083687482, 19.7702471501377, 5.49780179206334, 
6.84564339692983, -0.701798682291967, -9.93080368397821, 5.67958576986052, 
-11.5858148217076, 9.12461667544898, -26.9231959089019, -5.40362019655368, 
3.10625998539249, 8.62699145196957, 11.5287743034472, -5.27893125413196, 
6.078819923414), .Names = c("x1", "x2", "x3", "x4", "x5", "x6", 
"x7", "", "", "", "", "", "", "", "", "", "", "", "", "", "", 
"", "", "", "", "", "")), rank = 7L, fitted.values = structure(c(68.9510273941655, 
78.275923726719, 59.4407396450103, 61.2336108100009, 61.4910700634149, 
58.0331798364543, 59.1079407863199, 64.6093271936229, 60.3026291997382, 
46.9947864702676, 67.245300225532, 69.5313504176997, 64.9059094709006, 
68.8724483327452, 64.9825285375848, 65.6904705285508, 71.4558161265788, 
59.3519749554636, 58.5727635767067, 60.7682491355935, 76.6314624289335, 
58.0972791141561, 58.605169789582, 64.771300651852, 63.1151193271877, 
57.920682620538, 75.8155646113173), .Names = c("2", "3", "4", 
"6", "7", "8", "9", "10", "11", "12", "13", "14", "15", "16", 
"17", "18", "19", "20", "21", "22", "23", "24", "25", "26", "27", 
"28", "29")), assign = 1:7, qr = structure(list(qr = structure(c(-7.19053757907411, 
0.152165645769801, 0.303496782407585, 0.15993505056409, 0.149633777968092, 
0.288836900508991, -0.0206451454812309, 0.0776309568490018, -0.0810715850942631, 
0.123063477417583, 0.112434245269998, 0.10731693883926, 0.309460835121156, 
0.179714478283974, 0.154406613515809, 0.194440452632578, 0.192171956538896, 
0.327321108265906, 0.381860622392752, -0.134640386069041, 0.0686092324158627, 
0.117323761773253, -0.0017187579009342, 0.345420217544521, 0.229604298741174, 
0.0205521612050985, -0.0210964264408492, -255.224026793104, -215.336239744992, 
-0.113916284307822, 0.0343682991892396, 0.089802569200793, -0.103793997444952, 
0.27346144987044, 0.189780186666551, 0.413838421560778, 0.148201879414099, 
0.208714277068549, 0.243353132665047, -0.126456754450853, 0.0546187940717975, 
0.0741954032095425, -0.00203000269764967, 0.024193049420537, 
-0.0850896454058765, -0.199096565020445, 0.350091883842989, 0.289959301369661, 
0.100074618913441, 0.174099989004136, -0.0997655639969564, -0.0160806017780097, 
0.260710183229198, 0.37622476198743, -198.775581056591, -200.786898785824, 
73.3681787397356, -0.272240589282598, 0.108097905952555, 0.173517973344026, 
-0.437343579837189, -0.155072044776839, 0.320469997108808, 0.268141742161345, 
0.00730679939676903, 0.0873108069321559, 0.0530194249102537, 
0.0917228659657739, -0.438100059073781, -0.182615685891371, 0.046575492396053, 
0.00612698575873215, -0.0155695296162058, -0.0527745129462475, 
0.230839115073329, 0.00739802181119692, -0.299055179033429, 0.0225004915758117, 
0.230088194343715, 0.216083677456214, 0.0100444980708266, -233.110469473136, 
-183.274340353354, 36.8040286663487, -67.1452802807728, 0.0374252920226861, 
0.136577334816454, 0.187306242732916, -0.0822655390944418, -0.111904995233804, 
0.288889479426103, -0.378787506328072, -0.246675202345241, 0.224384722192831, 
0.0181957849552978, -0.0808722351760053, 0.311074494526979, 0.158723950827841, 
-0.12652085421652, -0.150542777542918, 0.162276507938988, -0.102115148712933, 
0.341468248758042, 0.199492207963518, 0.0328222242767175, -0.0465234585226784, 
0.212881913584192, -0.323649758038771, -260.538802370234, -214.382111333815, 
18.7564814178634, -38.7015041800786, -64.5463459737298, 0.0701268002907847, 
0.166623049765474, 0.287209075525506, 0.189344859661837, 0.139758221954031, 
0.140803532299994, 0.0426615004778057, -0.266604892638425, -0.070043763211205, 
0.302007845961739, -0.316067458205771, -0.272590224503185, 0.150610032697012, 
-0.001365282931271, 0.30125757734829, 0.290965058132116, -0.0932889978562544, 
0.274439072000215, -0.0797950782453973, -0.273263061112802, -0.0571704906756359, 
0.166440424473736, -295.379681592294, -255.604947389864, 34.6145631809322, 
-23.1456365239828, -7.46726801633385, -54.15077105938, -0.264909570952142, 
-0.0342494872110812, 0.0379668782112757, -0.467165504008348, 
-0.115790262961458, -0.235150937305862, 0.0644589224376854, 0.205194711417595, 
-0.104970474718852, 0.0049349907535771, 0.244085378119721, -0.29597368356772, 
-0.0648444593995243, 0.45733247702568, 0.0360652945138913, -0.0841705696610527, 
0.269924780040015, -0.278603940361975, 0.19585114311155, -0.111396652007864, 
0.0912798630863828, -172.814804711207, -139.505127830395, 10.7517292934549, 
-23.3619176678926, -5.65218575950952, -19.5143647240937, 50.4799570848306, 
0.0624936964791052, -0.0123776219065682, -0.164718163402374, 
0.153344237611814, -0.0512300279246448, -0.265677303727216, 0.243630384359657, 
0.272484376453732, 0.250014539029275, 0.133165617572994, -0.548618431181903, 
0.148624012662061, -0.429335269182967, 0.167497625841495, -0.302253555846895, 
0.106235410198207, -0.0924716563615639, 0.00416148177243363, 
0.0348961326039431, -0.00897497387731166), .Dim = c(27L, 7L), .Dimnames = list(
    c("2", "3", "4", "6", "7", "8", "9", "10", "11", "12", "13", 
    "14", "15", "16", "17", "18", "19", "20", "21", "22", "23", 
    "24", "25", "26", "27", "28", "29"), c("x1", "x2", "x3", 
    "x4", "x5", "x6", "x7")), assign = 1:7), qraux = c(1.10912558806492, 
1.14682100872093, 1.04175041668937, 1.27104716393294, 1.26883236939689, 
1.06677389068287, 1.10137410578087), pivot = 1:7, tol = 1e-07, 
    rank = 7L), .Names = c("qr", "qraux", "pivot", "tol", "rank"
), class = "qr"), df.residual = 20L, xlevels = structure(list(), .Names = character(0)), 
    call = quote(lm(formula = y ~ . + 0, data = structure(list(y = c(63, 
        71, 61, 43, 58, 71, 72, 67, 64, 67, 69, 68, 77, 81, 74, 
        65, 65, 50, 50, 64, 53, 40, 63, 66, 78, 48, 85), x1 = c(0.784671641819387, 
        1.09415279415183, 2.18230501902982, 1.15001899129221, 
        1.0759473035784, 2.07689258733319, -0.148449694408243, 
        0.558208312522228, -0.582948279215403, 0.884892558982667, 
        0.808462665788754, 0.771666481594897, 2.22518976419033, 
        1.29224370960461, 1.110266556943, 1.39813138154673, 1.38181967513713, 
        2.35361472941018, 2.74578315528371, -0.968136755690484, 
        0.49333726395769, 0.843620917948916, -0.0123587932759979, 
        2.48375705482583, 1.65097833841537, 0.14778108747645, 
        -0.151694647107099), x2 = c(61, 75, 62, 53, 62, 60, 53, 
        63, 66, 67, 77, 83, 61, 63, 60, 55, 60, 75, 66, 37, 82, 
        55, 37, 77, 62, 62, 75), x3 = c(58, 68, 44, 64, 45, 33, 
        83, 68, 42, 39, 68, 68, 42, 46, 83, 58, 46, 58, 49, 44, 
        58, 47, 57, 58, 33, 42, 71), x4 = c(44, 72, 63, 72, 54, 
        57, 71, 54, 42, 71, 42, 54, 67, 54, 59, 74, 62, 57, 48, 
        45, 59, 71, 54, 69, 45, 63, 44),