
expected <- structure(list(coefficients = structure(c(1.90441970463188, 0.0445231444676566, 
0.361609022575243, 0.0274666926719315, 0.628740982077814, 0.0624249638896851, 
-0.164812512248713), .Names = c("x1", "x2", "x3", "x4", "x5", 
"x6", "x7")), residuals = structure(c(-14.0239510390458, -4.6305354093658, 
6.02772680089901, -2.40059201791233, 4.90926635438466, -20.0907119837462, 
-1.65824651841361, -2.88534324342839, 14.4943727670157, 20.4041289228274, 
4.06895946061336, 5.03348768680788, 8.9053796021441, -2.01337925049514, 
5.32009869688218, 7.87419269896115, 3.12717302286435, 0.275401109742869, 
5.46602072282172, -6.90644587258099, -16.0471820312179, 6.31061285662349, 
-10.4352298837789, -14.2212625908597, -2.12336272989818, -0.714263060342609, 
7.0899955058855), .Names = c("1", "2", "3", "4", "5", "6", "7", 
"8", "9", "10", "11", "12", "13", "14", "15", "16", "17", "18", 
"19", "20", "21", "22", "23", "24", "25", "26", "30")), effects = structure(c(-274.989342506819, 
-181.384323353736, 39.8012454669121, -23.9661113246483, -31.5906282368093, 
-2.27926605475709, 5.89272136692436, 0.515725038001845, 22.2908261442564, 
27.0661722508885, 5.58199859720507, 10.6516526847166, 12.6056384707379, 
-1.84880666734144, 6.29124538153169, 7.65704836873331, 1.62160723265082, 
1.07488316480647, 13.4732715915982, -1.32605298988965, -12.3300029735333, 
11.9609422785095, -3.36852410236166, -8.45794400482127, -0.644592740086757, 
3.24629417362823, 9.01739902837294), .Names = c("x1", "x2", "x3", 
"x4", "x5", "x6", "x7", "", "", "", "", "", "", "", "", "", "", 
"", "", "", "", "", "", "", "", "", "")), rank = 7L, fitted.values = structure(c(57.0239510390458, 
67.6305354093658, 64.972273199101, 63.4005920179123, 76.0907336456153, 
63.0907119837462, 59.6582465184136, 73.8853432434284, 57.5056272329843, 
46.5958710771726, 59.9310405393866, 61.9665123131921, 60.0946203978559, 
70.0133792504951, 71.6799013031178, 73.1258073010388, 70.8728269771357, 
64.7245988902571, 59.5339792771783, 56.906445872581, 66.0471820312179, 
57.6893871433765, 63.4352298837789, 54.2212625908597, 65.1233627298982, 
66.7142630603426, 74.9100044941145), .Names = c("1", "2", "3", 
"4", "5", "6", "7", "8", "9", "10", "11", "12", "13", "14", "15", 
"16", "17", "18", "19", "20", "21", "22", "23", "24", "25", "26", 
"30")), assign = 1:7, qr = structure(list(qr = structure(c(-7.81953962956511, 
0.0187125906532033, 0.204916239243971, 0.0466807975830817, 0.452900844762568, 
0.236584744757978, 0.0227263967004325, 0.123796019794356, 0.151126267970394, 
0.078438080049438, 0.1964677094208, 0.195890773287107, 0.102014484039924, 
0.236610790431213, 0.201294114096622, 0.232247495477864, 0.343697895762516, 
-0.0783201223821694, 0.206807229751756, -0.0170722122547398, 
0.103456303710088, 0.0922593790181252, 0.325562688186825, 0.155573581228818, 
0.156456923795467, 0.205016592490715, 0.0259306695652996, -267.486485562879, 
-219.148306042323, 0.0937220693321169, 0.187717397430019, -0.327580194399207, 
-0.0647353932434205, 0.359291629650335, 0.19571332439129, 0.060962768426319, 
0.147789434734799, 0.035897482478816, 0.127885254100375, 0.104457810095967, 
0.00367865866552575, -0.00667564424403074, 0.0821744837002025, 
-0.172028458144756, 0.48633592724369, 0.0457133557001032, 0.30437807541475, 
0.148276230663819, 0.235363877544882, -0.0351493313122419, 0.0918761864156847, 
0.122707412256043, 0.00233349834277358, 0.213806227237569, -232.03496881553, 
-134.273370373024, 86.8759762848441, -0.162281643186958, -0.0927664063066033, 
-0.225137179774466, 0.164902429174978, 0.0668134071958926, -0.432712636642332, 
0.114965461061459, 0.263614732074537, 0.192985608743893, -0.0851654903789693, 
0.151010009280182, 0.0697322862418465, 0.301050543551272, -0.0995931224236381, 
0.0424557757848435, -0.0137383903912022, -0.00144453485990724, 
-0.00982044558348402, 0.15807432048779, 0.210459415797231, 0.0099058203360206, 
0.189169413840405, -0.20445380572166, -0.534801898437525, -230.295575359932, 
-170.186329886975, 27.7278178695346, -70.0337718920907, -0.103232907991112, 
-0.227726089106635, 0.208378742513903, 0.162151300059841, -0.35358667085022, 
0.000776029338123845, 0.20775882823621, -0.111664681445399, 0.311766919795853, 
0.119870137061483, -0.0248542645509322, 0.193816912299307, -0.307353416632779, 
-0.278281041388093, -0.0959018329115732, 0.128035065236691, -0.0890515662814152, 
-0.141421790259671, -0.185432474075061, -0.17455739231688, 0.340837798692204, 
-0.114870567280317, 0.0710926694905072, -265.203275548018, -199.480017223834, 
18.0799348783845, -30.5105644617714, -50.9820240672929, 0.0863213178988027, 
-0.272833652583476, 0.0578038115201921, -0.208767373051592, 0.0582956039265771, 
0.204658323138166, -0.23246081283204, 0.0148074952940458, 0.229486083463068, 
0.564033201542083, 0.0154931325015408, 0.255069866309361, 0.256190597695172, 
-0.2575107781403, 0.0425952549418061, 0.306338352474963, -0.0956104856465609, 
-0.258994224869207, -0.0850777095342905, -0.0349655511156635, 
-0.00399282157626759, 0.094277847153691, -311.871435569358, -225.119722087081, 
41.9257141835872, -38.5753955574515, -17.551606457278, -63.5407968308071, 
-0.00424230864826455, 0.165326413181724, 0.0365000288168434, 
0.468917052061711, 0.232285397925583, 0.146588494113583, 0.112968933131934, 
0.0551458487205941, 0.290242916320568, -0.0541271114996271, -0.247257978462875, 
0.211911455707591, 0.187316912404998, 0.353591400219645, 0.320508358050855, 
0.277867873501124, 0.187233208461308, 0.200072164909892, 0.0330441437323998, 
-0.0271589203342456, -0.172672356820758, -171.442137432079, -127.879360269811, 
38.5910631002705, 2.73768836557973, -9.4623765004161, -10.2374866441066, 
-35.7540898231795, 0.0333460524233904, 0.291457691738698, 0.0316600983785235, 
0.392012635276448, -0.329780224578054, 0.0443144842952485, 0.245372157899637, 
-0.0595965093030029, -0.178007714801356, 0.117101561972246, 0.409648787387643, 
-0.364247978967342, -0.128453851730342, -0.0662219592502579, 
-0.297256608721228, 0.0285651084815899, -0.0359728096868278, 
0.0150339734591663, -0.214673572197514, 0.234361798658647), .Dim = c(27L, 
7L), .Dimnames = list(c("1", "2", "3", "4", "5", "6", "7", "8", 
"9", "10", "11", "12", "13", "14", "15", "16", "17", "18", "19", 
"20", "21", "22", "23", "24", "25", "26", "30"), c("x1", "x2", 
"x3", "x4", "x5", "x6", "x7")), assign = 1:7), qraux = c(1.16678485647749, 
1.32783316944034, 1.07059728852297, 1.33564829929742, 1.11983006464069, 
1.1420958967344, 1.16218655884864), pivot = 1:7, tol = 1e-07, 
    rank = 7L), .Names = c("qr", "qraux", "pivot", "tol", "rank"
), class = "qr"), df.residual = 20L, xlevels = structure(list(), .Names = character(0)), 
    call = quote(lm(formula = y ~ . + 0, data = structure(list(y = c(43, 
        63, 71, 61, 81, 43, 58, 71, 72, 67, 64, 67, 69, 68, 77, 
        81, 74, 65, 65, 50, 50, 64, 53, 40, 63, 66, 82), x1 = c(1.30418079483706, 
        0.146323844184553, 1.60235065350968, 0.365022346640615, 
        3.54147610388442, 1.84998378738556, 0.17770995963625, 
        0.968027882764394, 1.18173784146277, 0.613349675413581, 
        1.53628703974583, 1.53177566478469, 0.797706300739824, 
        1.8501874525596, 1.57402730237674, 1.8160684947564, 2.68755931651313, 
        -0.612427300759763, 1.61713732872443, -0.133496840290285, 
        0.80898066678936, 0.721425870431298, 2.54575034218463, 
        1.21651378373211, 1.2234211159385, 1.60313536969955, 
        0.202765898287018), x2 = c(54, 77, 77, 54, 53, 51, 85, 
        77, 55, 54, 62, 82, 51, 66, 54, 82, 57, 85, 67, 62, 61, 
        77, 82, 63, 70, 57, 54), x3 = c(52, 58, 57, 52, 72, 68, 
        42, 52, 83, 30, 30, 49, 47, 45, 42, 42, 68, 46, 58, 39, 
        47, 42, 56, 50, 39, 68, 83), x4 = c(66, 54, 45, 74, 58, 
        44, 72, 72, 44, 39, 58, 54, 69, 62, 45, 72, 42, 39, 54, 
        55, 45, 45, 54, 42, 75, 54, 72), x5 = c(54, 70, 66, 64, 
        64, 55, 66, 79, 43, 51, 71, 59, 61, 77, 80, 79, 66, 79, 
        50, 62, 71, 59, 58, 51, 71, 58, 70),