
expected <- structure(list(coefficients = structure(c(0.747208923301001, 
0.0932449674561988, 0.0162325924684737, 0.630583722883639, 0.608102542124148, 
0.0719544654303998, -0.563873952927574), .Names = c("x1", "x2", 
"x3", "x4", "x5", "x6", "x7")), residuals = structure(c(-8.16006245646104, 
-6.6926021372693, 4.58459756958503, 11.6297510583232, -8.79484458739572, 
-10.5608970873905, 2.91562876620066, -9.61366157730213, 9.3908388118789, 
-0.695272526252944, 16.6590778289659, 9.03527239535229, -2.4236831357668, 
8.09246910061498, 4.25577089780816, 2.88824614296131, -3.91074178227303, 
-7.35952451372183, -5.42746541223919, -9.57138382534197, -12.8053639102939, 
0.649692555496669, -2.3200201077975, -1.7382161001798, -2.80415870194404, 
9.54728658089829, 13.2292661535442), .Names = c("1", "3", "4", 
"5", "6", "7", "8", "9", "10", "11", "12", "13", "15", "16", 
"17", "18", "19", "20", "22", "23", "24", "25", "26", "27", "28", 
"29", "30")), effects = structure(c(-338.327257745121, 5.8687756510728, 
27.2146580018813, -28.6979977705991, 16.1173248176184, -1.69357353341487, 
-21.4690124225559, -10.8982616729142, 11.1296290639992, 0.870123503595963, 
22.7283955117634, 15.8566756167078, -4.40363544693392, 8.25729889997481, 
8.0366118906, 3.00301489814475, -4.86889751823781, -0.472684632849227, 
-6.87477774625799, -8.03921512673938, -8.52880410298558, 1.29336781712609, 
6.77358921304661, -3.17645738097552, -2.51885145099349, 13.8561263090835, 
10.1647289703975), .Names = c("x1", "x2", "x3", "x4", "x5", "x6", 
"x7", "", "", "", "", "", "", "", "", "", "", "", "", "", "", 
"", "", "", "", "", "")), rank = 7L, fitted.values = structure(c(51.160062456461, 
77.6926021372693, 56.415402430415, 69.3702489416768, 51.7948445873957, 
68.5608970873905, 68.0843712337993, 81.6136615773021, 57.6091611881211, 
64.6952725262529, 50.3409221710341, 59.9647276046477, 79.4236831357668, 
72.907530899385, 69.7442291021918, 62.1117538570387, 68.910741782273, 
57.3595245137218, 69.4274654122392, 62.571383825342, 52.8053639102939, 
62.3503074445033, 68.3200201077975, 79.7382161001798, 50.804158701944, 
75.4527134191017, 68.7707338464558), .Names = c("1", "3", "4", 
"5", "6", "7", "8", "9", "10", "11", "12", "13", "15", "16", 
"17", "18", "19", "20", "22", "23", "24", "25", "26", "27", "28", 
"29", "30")), assign = 1:7, qr = structure(list(qr = structure(c(-5.19615242270663, 
0.192450089729875, 0.192450089729875, 0.192450089729875, 0.192450089729875, 
0.192450089729875, 0.192450089729875, 0.192450089729875, 0.192450089729875, 
0.192450089729875, 0.192450089729875, 0.192450089729875, 0.192450089729875, 
0.192450089729875, 0.192450089729875, 0.192450089729875, 0.192450089729875, 
0.192450089729875, 0.192450089729875, 0.192450089729875, 0.192450089729875, 
0.192450089729875, 0.192450089729875, 0.192450089729875, 0.192450089729875, 
0.192450089729875, 0.192450089729875, -348.527112500804, -68.3655750495222, 
-0.034421462037489, -0.458611560328817, -0.166066664955487, 0.024087517037177, 
0.199614454261175, -0.092930441112155, -0.034421462037489, -0.122184930649488, 
-0.034421462037489, 0.243496188567174, -0.253830133567486, -0.0783031963434885, 
-0.0197942172688225, 0.199614454261175, -0.107557685880821, -0.0197942172688225, 
-0.063675951574822, -0.0197942172688225, 0.243496188567174, -0.414729826022818, 
0.316632412410507, -0.253830133567486, -0.151439420186821, 0.199614454261175, 
0.199614454261175, -274.626278044532, -7.1278022007905, 54.6498110078508, 
-0.323670264322596, -0.0689099900200916, 0.141515084391585, 0.0711316846450901, 
-0.458103463831181, 0.0612857096192154, -0.123102489846551, 0.0246890597293798, 
-0.0379557900161226, -0.198403214651104, -0.0492067150585856, 
-0.280048864349819, -0.203343189528677, 0.0113193847522777, -0.35324216412949, 
-0.0794697649640172, -0.0604689650108052, 0.236519084157644, 
-0.0484929151405347, -0.170972714598363, -0.271596514430776, 
0.0289152346889013, -0.313133139198184, 0.272413259039186, -299.837239799146, 
1.19076607413074, 35.8153545961476, -45.027459188128, -0.255322539615653, 
0.150405198129855, 0.0181055465393964, -0.114880456918304, -0.106271835003465, 
-0.00492248519379094, -0.316939784055038, -0.380626378596584, 
0.273072085764875, 0.360972619745009, 0.0706576282670935, 0.214789560548507, 
0.0901891751124619, -0.328469599437354, 0.107712610084052, -0.153315594136292, 
0.222201741747464, -0.0820225707001601, -0.0536115356627571, 
0.251492254838308, -0.148792124373985, 0.0269591213677654, 0.288432450375094, 
-341.406459180799, 3.10693513882603, 25.6718259050065, -16.7116791025112, 
40.6651413369053, -0.0896091440148074, -0.142522833967609, 0.181376057466639, 
-0.0216142985162693, 0.251062931805119, 0.0111385041131361, 0.19007663990544, 
-0.13052418335106, 0.272236008740525, -0.0890765613311544, 0.524722107376806, 
-0.245209308840995, 0.205324221484658, 0.066409487421654, 0.0429516993985904, 
0.287367855544189, -0.0869499849901317, -0.384767139773809, -0.100798966693336, 
0.24081543799147, 0.0121648571960502, -0.0723798411243614, -390.481232061917, 
6.79137557111119, 5.14183249955589, 0.778598422369051, 18.4456823545979, 
47.9374255751807, 0.36843624315501, -0.273491026887446, -0.0377690124766174, 
0.0224106544334381, 0.0395448476834511, 0.127144860687566, 0.138191040630886, 
0.31641181818561, 0.0476410966437039, -0.436065218107426, 0.0513751755682089, 
-0.205647252751249, -0.089271089087327, -0.0955810188236686, 
0.241887032168994, 0.108634190211905, 0.341894921945045, 0.0902031985936456, 
-0.315442499771404, 0.0725367407437258, 0.0940929015519641, -225.743955253144, 
-16.3695121455565, 21.703627353998, -17.3832749987554, 17.6253933470698, 
9.12062942096413, 38.0741339639668, 0.587939497128243, -0.0193190801137186, 
0.157649783443708, -0.140509838706044, 0.315977156300067, 0.102325398815712, 
0.131170168020123, -0.252686599713248, -0.151651752443605, 0.0163413150028759, 
-0.146532898727297, 0.153894085735638, 0.151501614190841, -0.308411091969947, 
0.0700833729606272, -0.438698592764855, 0.0712370350829813, -0.0117397614016065, 
0.0125517309999179, 0.161290864436918), .Dim = c(27L, 7L), .Dimnames = list(
    c("1", "3", "4", "5", "6", "7", "8", "9", "10", "11", "12", 
    "13", "15", "16", "17", "18", "19", "20", "22", "23", "24", 
    "25", "26", "27", "28", "29", "30"), c("x1", "x2", "x3", 
    "x4", "x5", "x6", "x7")), assign = 1:7), qraux = c(1.19245008972988, 
1.09722374088051, 1.06128570961922, 1.0812675548785, 1.21053240030668, 
1.29524487145074, 1.05239844234019), pivot = 1:7, tol = 1e-07, 
    rank = 7L), .Names = c("qr", "qraux", "pivot", "tol", "rank"
), class = "qr"), df.residual = 20L, xlevels = structure(list(), .Names = character(0)), 
    call = quote(lm(formula = y ~ . + 0, data = structure(list(y = c(43, 
        71, 61, 81, 43, 58, 71, 72, 67, 64, 67, 69, 77, 81, 74, 
        65, 65, 50, 64, 53, 40, 63, 66, 78, 48, 85, 82), x1 = c(1, 
        1, 1, 1, 1, 1, 1, 1, 1, 1, 1, 1, 1, 1, 1, 1, 1, 1, 1, 
        1, 1, 1, 1, 1, 1, 1, 1), x2 = c(75, 75, 66, 37, 57, 70, 
        82, 62, 66, 60, 66, 85, 51, 63, 67, 82, 61, 67, 64, 67, 
        85, 40, 90, 51, 58, 82, 82), x3 = c(30, 68, 45, 56, 49, 
        42, 50, 72, 45, 53, 47, 57, 54, 50, 64, 65, 46, 68, 52, 
        52, 42, 42, 66, 58, 44, 71, 39), x4 = c(39, 69, 47, 66, 
        44, 56, 55, 67, 47, 58, 39, 42, 72, 72, 69, 75, 57, 54, 
        62, 50, 58, 48, 63, 74, 45, 71, 59), x5 = c(61, 76, 54, 
        71, 54, 66, 70, 71, 62, 58, 59, 55, 79, 60, 79, 55, 75, 
        64, 66, 63, 50, 66, 88, 80, 51, 77, 64), x6 = c(92, 86, 
        84, 83, 49, 68, 66, 83, 80, 67, 74, 63, 77, 54, 79, 80, 
        85, 78, 80, 80, 57, 75, 76, 78, 83, 74, 78), x7 = c(45, 
        48, 35, 47, 34, 35, 41, 31, 41, 34, 41, 25, 46, 36, 63, 
        60, 46, 52, 41, 37, 49, 33, 72, 49, 38, 55, 39)), .Names = c("y", 
        "x1", "x2", "x3", "x4", "x5", "x6", "x7"),