
expected <- structure(list(coefficients = structure(c(5.28670795386427, 0.613245940757261, 
-0.0802608552633757, 0.265143381134265, 0.165100916202167, 0.0495153193536626, 
-0.14448821688462), .Names = c("x1", "x2", "x3", "x4", "x5", 
"x6", "x7")), residuals = structure(c(-8.23318370597839, 2.20445069936398, 
1.91043518354029, 0.409209919721373, 6.32941623736279, -11.7128372066489, 
-9.35496591761021, -6.71344060886241, 7.33036973098727, 6.66034837264544, 
10.6710718605982, 9.7013199442621, -1.90295293674323, -0.620622601189882, 
-2.92473609697084, -3.33339939903864, 4.17434659753657, -6.92733512577231, 
7.37618793511693, 0.25464133600826, -11.1086404679281, -4.77390944218787, 
5.30085596947808, 1.66498967356131, -7.28494453270123, 6.03067549385157, 
4.8726490875978), .Names = c("1", "2", "3", "4", "5", "6", "7", 
"9", "10", "11", "12", "13", "14", "15", "16", "17", "18", "20", 
"21", "22", "23", "24", "25", "27", "28", "29", "30")), effects = structure(c(-334.285805860793, 
-54.1626149974308, 2.33757936933778, 11.6749073260769, 3.28831564061342, 
-4.06891809280617, -4.8050766016389, -1.83260784760486, 9.60930015041278, 
9.367024741089, 11.9740825283584, 12.1543483658303, -3.36125708813369, 
5.93920402423462, -4.26947657958454, -4.91854685745391, 0.15279909931926, 
-4.58148890319206, 7.54325619478151, 4.07322791440563, -7.06814431269491, 
-5.99089361712684, 11.3285489318153, 8.26539318415279, -8.49073626756433, 
7.93168331135763, 7.11589767693752), .Names = c("x1", "x2", "x3", 
"x4", "x5", "x6", "x7", "", "", "", "", "", "", "", "", "", "", 
"", "", "", "", "", "", "", "", "", "")), rank = 7L, fitted.values = structure(c(51.2331837059784, 
60.795549300636, 69.0895648164597, 60.5907900802786, 74.6705837626372, 
54.7128372066489, 67.3549659176102, 78.7134406088624, 59.6696302690127, 
57.3396516273546, 56.3289281394018, 59.2986800557379, 69.9029529367432, 
77.6206226011899, 83.9247360969708, 77.3333993990386, 60.8256534024634, 
56.9273351257723, 42.6238120648831, 63.7453586639917, 64.1086404679282, 
44.7739094421879, 57.6991440305219, 76.3350103264387, 55.2849445327012, 
78.9693245061484, 77.1273509124022), .Names = c("1", "2", "3", 
"4", "5", "6", "7", "9", "10", "11", "12", "13", "14", "15", 
"16", "17", "18", "20", "21", "22", "23", "24", "25", "27", "28", 
"29", "30")), assign = 1:7, qr = structure(list(qr = structure(c(-5.19615242270663, 
0.192450089729875, 0.192450089729875, 0.192450089729875, 0.192450089729875, 
0.192450089729875, 0.192450089729875, 0.192450089729875, 0.192450089729875, 
0.192450089729875, 0.192450089729875, 0.192450089729875, 0.192450089729875, 
0.192450089729875, 0.192450089729875, 0.192450089729875, 0.192450089729875, 
0.192450089729875, 0.192450089729875, 0.192450089729875, 0.192450089729875, 
0.192450089729875, 0.192450089729875, 0.192450089729875, 0.192450089729875, 
0.192450089729875, 0.192450089729875, -341.791359360259, -70.2329457353646, 
0.0940757185871527, -0.00559260554061164, 0.207982374733169, 
-0.119499261686628, 0.0513607225323965, 0.264935702806177, -0.0340692695771157, 
-0.147975925723132, -0.0483076015953678, -0.0198309375588637, 
0.279174034824429, 0.193744042714917, 0.378842358952194, 0.307650698860933, 
-0.0483076015953678, -0.0767842656318719, -0.333074241960409, 
-0.0340692695771157, 0.0371223905141445, -0.375789238015165, 
-0.13373759370488, 0.165267378678413, -0.0910225976501239, 0.307650698860933, 
0.264935702806177, -275.588528493181, -36.3393873843611, -52.8621971496863, 
-0.0777165698770799, -0.0219221343711548, 0.0791752168329003, 
-0.175079573263807, 0.240139952845125, -0.057410733231322, 0.175149493605607, 
-0.00942359484496873, 0.159441668826645, 0.438075244871355, -0.0496034361117502, 
-0.257259814436125, 0.0583443176225902, 0.331084385726301, 0.40814155246727, 
-0.0712047688317108, 0.0750090369908383, 0.0242444453764436, 
0.129507976422561, -0.0430916350663811, 0.0463708406609564, -0.0357161699715435, 
0.190764087844751, -0.384124678202203, -291.754336030491, -37.5876144912945, 
-11.4059006342731, 49.0355388976436, -0.104841902340487, 0.128440571929882, 
-0.0788666194452232, 0.0162392709473075, 0.0824488170952767, 
-0.143365288721313, 0.252446471064487, 0.276076731016642, 0.549517961724093, 
-0.248497668427881, -0.18275230798564, -0.0591726046853306, -0.355056995026528, 
0.0798686223314672, 0.111453037419439, -0.174195903115328, 0.10663670604758, 
-0.336326214380228, -0.00961120964501627, -0.27558306164323, 
0.0873092962742401, -0.0507034851737676, -0.0528199671590905, 
-328.319853079167, -33.1911339714365, -4.23117750984152, 16.4660843730949, 
31.7078523722841, 0.0920963072891978, -0.0526649888326148, 0.0915521565704131, 
-0.0868781912010935, 0.159378311641052, -0.108836439303373, 0.0896949376999101, 
0.182367089603522, -0.151916698189229, 0.521786779560287, -0.127299736131187, 
0.560176297707196, -0.0296258597273708, 0.175411962343915, 0.0123019712487866, 
-0.0324213082725737, 0.292616097387037, -0.24778359605908, -0.160652023158982, 
0.204844843458486, -0.0237423754240145, 0.141789519461196, -387.017130446779, 
5.2982415476807, 3.76349527926455, -8.88848418423403, -10.9206454984459, 
-45.102547947206, 0.028328903986107, 0.369347942579084, 0.0569155434619759, 
0.0310228356161904, 0.0495149978555467, 0.099790403359083, 0.205536383349495, 
0.394459874125332, 0.00807403969772694, -0.0613160048891848, 
0.0221196858834235, 0.362489569312074, -0.118240208892457, 0.149696072122592, 
0.286404811440696, -0.196526124868508, 0.0891422686759463, 0.428666415091219, 
-0.130121227189275, 0.329308345752568, 0.19124074230977, -217.276151305029, 
-8.12850554553101, -11.28973643718, 24.9500673066765, 9.73048610996956, 
12.7045032952564, 33.2558370865353, 0.319284150000111, -0.0643446160454465, 
0.318459583759898, -0.187648595554652, 0.262628784976789, -0.132302149374432, 
0.0240346668904017, 0.23343947031872, -0.364996605737792, -0.304906930774252, 
-0.394994394096687, 0.0321908872825893, 0.131572320152287, -0.0292301581221147, 
-0.00756737536512776, 0.256771943378538, -0.0314482339683323, 
0.00441409075258805, -0.293362941528036, -0.026019827952434), .Dim = c(27L, 
7L), .Dimnames = list(c("1", "2", "3", "4", "5", "6", "7", "9", 
"10", "11", "12", "13", "14", "15", "16", "17", "18", "20", "21", 
"22", "23", "24", "25", "27", "28", "29", "30"), c("x1", "x2", 
"x3", "x4", "x5", "x6", "x7")), assign = 1:7), qraux = c(1.19245008972988, 
1.00864572647764, 1.28630653259272, 1.0968936737861, 1.02477083856026, 
1.0438364144158, 1.24615001868316), pivot = 1:7, tol = 1e-07, 
    rank = 7L), .Names = c("qr", "qraux", "pivot", "tol", "rank"
), class = "qr"), df.residual = 20L, xlevels = structure(list(), .Names = character(0)), 
    call = quote(lm(formula = y ~ . + 0, data = structure(list(y = c(43, 
        63, 71, 61, 81, 43, 58, 72, 67, 64, 67, 69, 68, 77, 81, 
        74, 65, 50, 50, 64, 53, 40, 63, 78, 48, 85, 82), x1 = c(1, 
        1, 1, 1, 1, 1, 1, 1, 1, 1, 1, 1, 1, 1, 1, 1, 1, 1, 1, 
        1, 1, 1, 1, 1, 1, 1, 1), x2 = c(51, 64, 70, 63, 78, 55, 
        67, 82, 61, 53, 60, 62, 83, 77, 90, 85, 60, 58, 40, 61, 
        66, 37, 54, 75, 57, 85, 82), x3 = c(30, 51, 68, 45, 56, 
        49, 42, 72, 45, 53, 47, 57, 83, 54, 50, 64, 65, 68, 33, 
        52, 52, 42, 42, 58, 44, 71, 39), x4 = c(39, 54, 69, 47, 
        66, 44, 56, 67, 47, 58, 39, 42, 45, 72, 72, 69, 75, 54, 
        34, 62, 50, 58, 48, 74, 45, 71, 59), x5 = c(61, 63, 76, 
        54, 71, 54, 66, 71, 62, 58, 59, 55, 59, 79, 60, 79, 55, 
        64, 43, 66, 63, 50, 66, 80, 51, 77, 64), x6 = c(64, 49, 
        49, 80, 73, 80, 74, 79, 77, 76, 78, 80, 76, 80, 74, 57, 
        74, 84, 83, 77, 85, 73, 77, 80, 75, 74, 83), x7 = c(45, 
        47, 48, 35, 47, 34, 35, 31, 41, 34, 41, 25, 35, 46, 36, 
        63, 60, 52, 33, 41, 37, 49, 33, 49, 38, 55, 39)), .Names = c("y", 
        "x1", "x2", "x3", "x4", "x5", "x6", "x7"),