
expected <- structure(list(coefficients = structure(c(-4.33620554365745, 
0.638979534697098, -0.0841469410715244, 0.317880787549976, 0.17099253289527, 
0.0516232227411054, -0.0650145065695217), .Names = c("x1", "x2", 
"x3", "x4", "x5", "x6", "x7")), residuals = structure(c(-7.03693634557212, 
1.5691261675712, 2.81740295266166, -1.30055782214542, 7.39731584073976, 
-8.76279766772965, -6.74997684770669, 1.25463641257587, -4.85433426514764, 
10.3358169013263, 9.84014039407325, 8.35312236946895, -0.149560094757438, 
-0.701431461348526, -2.07168359302237, -1.912335009874, -4.54652421572024, 
-3.36366168056389, 11.0378922510346, -2.4861199099666, -9.02268536964399, 
-4.73829383976823, -1.9849198975053, 3.64367702183779, -5.73557098089351, 
5.1880888728754, 3.98016981720085), .Names = c("1", "2", "3", 
"4", "5", "6", "7", "8", "9", "10", "11", "12", "14", "15", "16", 
"17", "19", "20", "21", "22", "23", "24", "26", "27", "28", "29", 
"30")), effects = structure(c(-335.248056309443, 55.507881731414, 
5.01730832808559, 12.937982009321, 9.37312685317384, 1.90088211526877, 
-2.67148991505471, 4.87644354492111, -1.66538695152517, 9.6583682192085, 
11.4215643610002, 12.9185977644581, 1.20827584895357, 3.72504584910174, 
2.89055172251804, -3.12656433055082, -1.69567017856453, -5.36425018741938, 
10.680007266768, 2.84116546851538, -7.65246341079588, -2.77874781092403, 
-4.2603488465344, 5.73762098772281, -6.68701841461599, 8.59228559579939, 
7.88148462738214), .Names = c("x1", "x2", "x3", "x4", "x5", "x6", 
"x7", "", "", "", "", "", "", "", "", "", "", "", "", "", "", 
"", "", "", "", "", "")), rank = 7L, fitted.values = structure(c(50.0369363455721, 
61.4308738324288, 68.1825970473383, 62.3005578221454, 73.6026841592602, 
51.7627976677297, 64.7499768477067, 69.7453635874241, 76.8543342651476, 
56.6641830986737, 54.1598596059268, 58.6468776305311, 68.1495600947574, 
77.7014314613485, 83.0716835930224, 75.912335009874, 69.5465242157202, 
53.3636616805639, 38.9621077489654, 66.4861199099666, 62.022685369644, 
44.7382938397682, 67.9849198975053, 74.3563229781622, 53.7355709808935, 
79.8119111271246, 78.0198301827991), .Names = c("1", "2", "3", 
"4", "5", "6", "7", "8", "9", "10", "11", "12", "14", "15", "16", 
"17", "19", "20", "21", "22", "23", "24", "26", "27", "28", "29", 
"30")), assign = 1:7, qr = structure(list(qr = structure(c(-5.19615242270663, 
0.192450089729875, 0.192450089729875, 0.192450089729875, 0.192450089729875, 
0.192450089729875, 0.192450089729875, 0.192450089729875, 0.192450089729875, 
0.192450089729875, 0.192450089729875, 0.192450089729875, 0.192450089729875, 
0.192450089729875, 0.192450089729875, 0.192450089729875, 0.192450089729875, 
0.192450089729875, 0.192450089729875, 0.192450089729875, 0.192450089729875, 
0.192450089729875, 0.192450089729875, 0.192450089729875, 0.192450089729875, 
0.192450089729875, 0.192450089729875, -350.644063487833, 69.9767157041593, 
-0.0740027970375246, 0.0260304773103873, -0.188326539149424, 
0.140354219422287, -0.0311313937455624, -0.145455135857462, -0.245488410205373, 
0.0546114128383621, 0.168935154950261, 0.0689018806023495, -0.259778877969361, 
-0.174036071385436, -0.359812152317273, -0.288359813497336, -0.0740027970375246, 
0.0974828161303243, 0.354711235882098, 0.0546114128383621, -0.0168409259815749, 
0.39758263917406, -0.174036071385436, -0.145455135857462, 0.111773283894312, 
-0.288359813497336, -0.245488410205373, -275.203628313722, 37.1192253786653, 
-51.7989002803227, -0.0646111375218958, 0.00305168115368953, 
0.0897822602435688, -0.161113265566024, -0.0838415133947335, 
0.273352707176091, -0.045318217241926, 0.186296897169124, 0.00293910122085157, 
0.476065967811465, -0.0259127170291181, -0.228538415494507, 0.0899698934649654, 
-0.112830929340394, 0.427646033890144, -0.074407704238998, 0.0898197868878481, 
0.0415874861879235, 0.128280538633523, 0.205752432907637, 0.0706019198964369, 
-0.0260378058433825, 0.22510789759474, -0.363726455149987, -293.67883692779, 
37.9020254461815, -7.52187192325024, 43.33126643185, -0.121492937648673, 
0.135014367433991, -0.0835009050119497, 0.064907370321727, -6.93956314350381e-05, 
0.0915809510779477, -0.178492309224744, 0.280997970441483, 0.591510443853834, 
-0.282447065505078, -0.194720363674145, -0.0742433357923988, 
-0.0527603812070296, 0.0603482267727822, 0.123980681013588, -0.206851483211803, 
0.114317693405659, -0.395054295483173, 0.00709158923035469, -0.31901745600949, 
0.0955309830565158, -0.0726614600816332, -0.0404954151910349, 
-339.4819582835, 12.2135864489546, 14.2672051095256, 3.04006250774351, 
50.8333865128584, -0.00750767117214402, 0.0656308206197604, -0.0671702985798118, 
-0.0623044250110605, 0.19970612278146, 0.0661658135845412, -0.436278594084008, 
0.0742376931196185, -0.290740216969465, 0.134769249371009, 0.20427240422106, 
-0.249469652035895, 0.147104968557042, 0.250245463997649, -0.536136878040569, 
0.0156806963355779, -0.155606422408711, 0.160218323685259, -0.0746688739732903, 
0.202714766300221, -0.247798188938996, -0.0806170740398006, -389.711431702997, 
9.93187509597131, -2.61272901832825, -6.25623984676714, 4.76049113610857, 
50.0472645733766, 0.158581802049009, 0.280935986344566, 0.00781760308391912, 
-0.0485924370830802, 0.149520344635159, 0.129463401122406, 0.302552354175167, 
-0.00226574403097695, 0.495698087552101, 0.0509650642587155, 
-0.149364161870542, 0.0427698188379596, 0.186837920911132, -0.089342231287237, 
-0.0066961542710314, 0.225549031074041, 0.11529696987453, -0.0281622962310522, 
-0.121319861513747, 0.178155656127636, 0.00320899075903742, -225.166604983954, 
11.2561251087674, -11.4580557756746, 15.8896201680194, -6.69458965983401, 
10.5010251928259, 41.0906743127861, -0.0499360993430251, 0.419982371915727, 
0.0331959267339915, 0.316330385302236, -0.188215994619571, 0.0182317361821892, 
0.0736364982207432, 0.1763594940658, -0.339073671478047, -0.0439687178395127, 
-0.123789259554811, 0.0909296210667254, 0.135104036374057, 0.120544833468034, 
-0.0471653878060894, -0.611952650384858, 0.0780485194225348, 
0.118457171020735, -0.20271755066561, 0.064269754657742), .Dim = c(27L, 
7L), .Dimnames = list(c("1", "2", "3", "4", "5", "6", "7", "8", 
"9", "10", "11", "12", "14", "15", "16", "17", "19", "20", "21", 
"22", "23", "24", "26", "27", "28", "29", "30"), c("x1", "x2", 
"x3", "x4", "x5", "x6", "x7")), assign = 1:7), qraux = c(1.19245008972988, 
1.0117400095464, 1.31188851221032, 1.1092741072632, 1.0638008897802, 
1.57968003082503, 1.17981104661355), pivot = 1:7, tol = 1e-07, 
    rank = 7L), .Names = c("qr", "qraux", "pivot", "tol", "rank"
), class = "qr"), df.residual = 20L, xlevels = structure(list(), .Names = character(0)), 
    call = quote(lm(formula = y ~ . + 0, data = structure(list(y = c(43, 
        63, 71, 61, 81, 43, 58, 71, 72, 67, 64, 67, 68, 77, 81, 
        74, 65, 50, 50, 64, 53, 40, 66, 78, 48, 85, 82), x1 = c(1, 
        1, 1, 1, 1, 1, 1, 1, 1, 1, 1, 1, 1, 1, 1, 1, 1, 1, 1, 
        1, 1, 1, 1, 1, 1, 1, 1), x2 = c(51, 64, 70, 63, 78, 55, 
        67, 75, 82, 61, 53, 60, 83, 77, 90, 85, 70, 58, 40, 61, 
        66, 37, 77, 75, 57, 85, 82), x3 = c(30, 51, 68, 45, 56, 
        49, 42, 50, 72, 45, 53, 47, 83, 54, 50, 64, 46, 68, 33, 
        52, 52, 42, 66, 58, 44, 71, 39), x4 = c(39, 54, 69, 47, 
        66, 44, 56, 55, 67, 47, 58, 39, 45, 72, 72, 69, 57, 54, 
        34, 62, 50, 58, 63, 74, 45, 71, 59), x5 = c(59, 66, 60, 
        77, 62, 63, 63, 71, 66, 55, 55, 88, 61, 79, 63, 55, 79, 
        50, 50, 88, 64, 63, 55, 66, 54, 76, 76), x6 = c(92, 73, 
        86, 84, 83, 49, 68, 66, 83, 80, 67, 74, 77, 77, 54, 79, 
        85, 78, 64, 80, 80, 57, 76, 78, 83, 74, 78), x7 = c(45, 
        47, 48, 35, 47, 34, 35, 41, 31, 41, 34, 41, 35, 46, 36, 
        63, 46, 52, 33, 41, 37, 49, 72, 49, 38, 55, 39)), .Names = c("y", 
        "x1", "x2", "x3", "x4", "x5", "x6", "x7"),