
expected <- structure(list(coefficients = structure(c(11.6484120731323, 0.566529694506823, 
-0.0899977136240506, 0.360497376293386, 0.0601629151073235, 0.0487905353043591, 
-0.180103298978177), .Names = c("x1", "x2", "x3", "x4", "x5", 
"x6", "x7")), residuals = structure(c(-8.22305334566517, 1.32959487640956, 
-0.0816871756769466, 6.5529905320115, -12.8735563588765, -9.58423046250474, 
1.14551294729675, -6.27136231145341, 7.65068868634717, 4.77099377383589, 
11.3153099578581, 9.50610605889631, -0.572187771049323, 0.554248739412371, 
-4.1213089582413, -2.22750668071869, 1.86393027406556, -1.57610209711502, 
-6.38881759820067, 6.10052727105138, -10.4140440307188, 5.45079958438776, 
-1.98008277299186, 2.66007960624958, -7.55006476254704, 7.45856307106084, 
5.50465894687669), .Names = c("1", "2", "4", "5", "6", "7", "8", 
"9", "10", "11", "12", "13", "14", "15", "16", "17", "18", "19", 
"20", "21", "23", "25", "26", "27", "28", "29", "30")), effects = structure(c(-339.4819582835, 
47.9679701362602, -3.77147328366682, -12.3774262568539, -2.46364215164805, 
-2.24260548706693, -6.90081265214892, -4.63797443383132, 9.94419793046786, 
5.22543999700554, 16.0943766498253, 13.6128646933439, 7.85129129534151, 
-1.90760019373703, -0.303087713100327, 0.129531921354247, 1.61323604028286, 
-8.09317420292401, -3.80439048194974, 7.28094085870708, -7.73753749083623, 
4.36643344633645, -2.61945869045034, 0.481346769008622, -8.58021029601483, 
9.15918055542768, 8.50705892571123), .Names = c("x1", "x2", "x3", 
"x4", "x5", "x6", "x7", "", "", "", "", "", "", "", "", "", "", 
"", "", "", "", "", "", "", "", "", "")), rank = 7L, fitted.values = structure(c(51.2230533456652, 
61.6704051235904, 61.0816871756769, 74.4470094679885, 55.8735563588765, 
67.5842304625047, 69.8544870527032, 78.2713623114534, 59.3493113136528, 
59.2290062261641, 55.6846900421419, 59.4938939411037, 68.5721877710493, 
76.4457512605876, 85.1213089582413, 76.2275066807187, 63.1360697259344, 
66.576102097115, 56.3888175982007, 43.8994727289486, 63.4140440307188, 
57.5492004156122, 67.9800827729919, 75.3399203937504, 55.550064762547, 
77.5414369289392, 76.4953410531233), .Names = c("1", "2", "4", 
"5", "6", "7", "8", "9", "10", "11", "12", "13", "14", "15", 
"16", "17", "18", "19", "20", "21", "23", "25", "26", "27", "28", 
"29", "30")), assign = 1:7, qr = structure(list(qr = structure(c(-5.19615242270663, 
0.192450089729875, 0.192450089729875, 0.192450089729875, 0.192450089729875, 
0.192450089729875, 0.192450089729875, 0.192450089729875, 0.192450089729875, 
0.192450089729875, 0.192450089729875, 0.192450089729875, 0.192450089729875, 
0.192450089729875, 0.192450089729875, 0.192450089729875, 0.192450089729875, 
0.192450089729875, 0.192450089729875, 0.192450089729875, 0.192450089729875, 
0.192450089729875, 0.192450089729875, 0.192450089729875, 0.192450089729875, 
0.192450089729875, 0.192450089729875, -352.183664205672, 64.6889995800419, 
0.0319993232125807, -0.199879359366827, 0.155667953921598, -0.0298349921419281, 
-0.153503622850946, -0.261713674721336, 0.0629164808898351, 0.186585111598853, 
0.0783750597284623, 0.0474579020512079, -0.277172253559963, -0.1844207805282, 
-0.385382305430354, -0.308089411237218, 0.0783750597284623, -0.0762107286578097, 
0.109292217405717, 0.387546636501006, -0.0143764133033009, 0.171126532760225, 
-0.1844207805282, -0.153503622850946, 0.124750796244344, -0.308089411237218, 
-0.261713674721336, -275.588528493181, 34.8470719420076, 52.7318171508579, 
-0.00302588873069625, -0.0902646576236263, 0.157257799394405, 
0.0820635886736593, -0.268189587627373, 0.0429785122827351, -0.185249401711592, 
-0.00451385976124781, -0.17502347479897, -0.467227691914387, 
0.0253372704040889, 0.225532685492643, -0.0877847059060403, -0.345863750065704, 
0.110096087579433, -0.421884611358978, 0.069688370272463, -0.0419456350071147, 
0.0329179154846191, -0.202229323132215, -0.0696474736838769, 
0.0236839692590316, -0.220531885468885, 0.357618544597464, -289.060034774273, 
42.7395352490623, 7.58598380241519, -43.6128567367463, -0.082562417843346, 
0.083462585487816, -0.0755820515145921, 0.00542536610869037, 
-0.065835650466478, 0.242456890713533, -0.247261274047552, -0.252524263626296, 
-0.566053919392197, 0.270177073640488, 0.134034117241475, 0.0552691144573855, 
0.488135826620449, 0.0503456045159889, 0.0156421294048419, -0.0516331758695666, 
-0.0921261415763596, 0.0561839639606067, 0.00378419612822483, 
0.320048159909756, -0.0586438059743317, 0.0661086535406638, -0.0129195773925251, 
-336.210306758092, 34.3214802614943, 2.22433458214142, -15.0478369131155, 
37.1521272902704, -0.0374601498146478, -0.0653487120640131, 0.138130185142434, 
-0.0383945646106891, 0.129786979720916, -0.0243578643669359, 
0.158865371339088, 0.325217087068073, -0.137242779638185, 0.456474543060338, 
-0.0669189733086741, 0.446674051791264, -0.234794352486996, 0.0259014783272711, 
0.166045712013644, 0.0218094808812521, -0.200514755944425, -0.411294858343322, 
-0.148102529415978, 0.207769606822958, 0.0285686891143607, 0.142034990875549, 
-402.990487894359, -1.64891507612023, 8.3802214792645, 2.62635409369405, 
-8.53468807329868, -32.1866586859045, -0.0912394674563103, -0.140160147753144, 
0.120346537210818, 0.0576068557898156, 0.209735233810436, -0.0321609159326787, 
-0.195641994115835, -0.048829328535905, -0.218351254253265, 0.0767793448701856, 
-0.353655427415168, -0.569596599070543, 0.0926398113794704, -0.134758144088403, 
0.0624488454762402, 0.130887673994297, 0.10624481659981, 0.0347542324082179, 
-0.53322249442396, -0.06974055405502, -0.0360714929695038, -221.317603189357, 
16.3019301952679, 12.7879695700635, -22.8872802742183, 23.7775235457291, 
3.73230909115329, 38.3158592391197, 0.47259184516544, -0.0333479579783552, 
0.298580609038614, -0.15346587559996, 0.292092213290937, 0.02598625095072, 
0.233684919515344, 0.00127654986174139, -0.322969876588948, -0.237279360508278, 
0.245276084978861, -0.0938276418617017, -0.00784231698117988, 
0.0957929415107274, 0.329644292981167, -0.330547385488674, 0.206434841428735, 
0.0442234105988356, -0.069225996312643, -0.091848458455193), .Dim = c(27L, 
7L), .Dimnames = list(c("1", "2", "4", "5", "6", "7", "8", "9", 
"10", "11", "12", "13", "14", "15", "16", "17", "18", "19", "20", 
"21", "23", "25", "26", "27", "28", "29", "30"), c("x1", "x2", 
"x3", "x4", "x5", "x6", "x7")), assign = 1:7), qraux = c(1.19245008972988, 
1.01654074437395, 1.06210772519193, 1.1105858676205, 1.1217415644853, 
1.12124481570378, 1.08775029037577), pivot = 1:7, tol = 1e-07, 
    rank = 7L), .Names = c("qr", "qraux", "pivot", "tol", "rank"
), class = "qr"), df.residual = 20L, xlevels = structure(list(), .Names = character(0)), 
    call = quote(lm(formula = y ~ . + 0, data = structure(list(y = c(43, 
        63, 61, 81, 43, 58, 71, 72, 67, 64, 67, 69, 68, 77, 81, 
        74, 65, 65, 50, 50, 53, 63, 66, 78, 48, 85, 82), x1 = c(1, 
        1, 1, 1, 1, 1, 1, 1, 1, 1, 1, 1, 1, 1, 1, 1, 1, 1, 1, 
        1, 1, 1, 1, 1, 1, 1, 1), x2 = c(51, 64, 63, 78, 55, 67, 
        75, 82, 61, 53, 60, 62, 83, 77, 90, 85, 60, 70, 58, 40, 
        66, 54, 77, 75, 57, 85, 82), x3 = c(30, 51, 45, 56, 49, 
        42, 50, 72, 45, 53, 47, 57, 83, 54, 50, 64, 65, 46, 68, 
        33, 52, 42, 66, 58, 44, 71, 39), x4 = c(39, 54, 47, 66, 
        44, 56, 55, 67, 47, 58, 39, 42, 45, 72, 72, 69, 75, 57, 
        54, 34, 50, 48, 63, 74, 45, 71, 59), x5 = c(61, 63, 54, 
        71, 54, 66, 70, 71, 62, 58, 59, 55, 59, 79, 60, 79, 55, 
        75, 64, 43, 63, 66, 88, 80, 51, 77, 64), x6 = c(77, 73, 
        80, 83, 92, 80, 73, 78, 80, 83, 83, 80, 80, 74, 80, 80, 
        78, 54, 83, 75, 80, 77, 74, 77, 64, 78, 78), x7 = c(45, 
        47, 35, 47, 34, 35, 41, 31, 41, 34, 41, 25, 35, 46, 36, 
        63, 60, 46, 52, 33, 37, 33, 72, 49, 38, 55, 39)), .Names = c("y", 
        "x1", "x2", "x3", "x4", "x5", "x6", "x7"),