
expected <- structure(list(coefficients = structure(c(0.89075732688789, 0.713652397505124, 
-0.149586377796176, 0.46318195945671, 0.225477235205996, -0.0662710123693102, 
-0.276822149727726), .Names = c("x1", "x2", "x3", "x4", "x5", 
"x6", "x7")), residuals = structure(c(-4.19110233244724, -2.94100306823809, 
2.4711660624762, -2.44618476512938, 7.45916168685754, -8.80654195721325, 
-9.46898261743784, 0.10815311715104, -6.89440221352448, 5.31980337593941, 
15.2071683374252, 6.66945567659262, -1.76866564500096, 0.420101348086463, 
3.30407886991551, -4.81267010506188, -5.59683656853919, 5.31508477002992, 
-0.494360751653465, -8.13147823734352, -4.29020012148376, 9.32611595373616, 
-1.99466430681738, 2.5142162560965, -3.98636652201762, 5.52936927321282, 
2.17958448438867), .Names = c("1", "2", "3", "4", "5", "6", "7", 
"8", "9", "11", "12", "13", "14", "15", "18", "19", "20", "21", 
"22", "23", "24", "25", "26", "27", "28", "29", "30")), effects = structure(c(-330.436804066196, 
-51.0689079508119, 2.68611967430661, 13.3743426997647, 5.99117332091022, 
-4.53734693665259, -10.627713567625, 2.35704068151254, -6.26698499986919, 
9.405866860833, 13.1705896325489, 12.4919985896345, -2.65387563062553, 
1.63026877698698, 2.68583931420094, -2.08064317649931, -5.0089093667266, 
10.7841376553941, 2.09922026677981, -9.06958870282352, -1.51855400077186, 
9.42724473533695, -3.13299318899155, 3.89830099971674, -6.73887237387004, 
6.4645268096735, 5.24050718271398), .Names = c("x1", "x2", "x3", 
"x4", "x5", "x6", "x7", "", "", "", "", "", "", "", "", "", "", 
"", "", "", "", "", "", "", "", "", "")), rank = 7L, fitted.values = structure(c(47.1911023324472, 
65.9410030682381, 68.5288339375238, 63.4461847651294, 73.5408383131425, 
51.8065419572133, 67.4689826174378, 70.891846882849, 78.8944022135245, 
58.6801966240606, 51.7928316625748, 62.3305443234074, 69.768665645001, 
76.5798986519135, 61.6959211300845, 69.8126701050619, 55.5968365685392, 
44.6849152299701, 64.4943607516535, 61.1314782373435, 44.2902001214838, 
53.6738840462638, 67.9946643068174, 75.4857837439035, 51.9863665220176, 
79.4706307267872, 79.8204155156113), .Names = c("1", "2", "3", 
"4", "5", "6", "7", "8", "9", "11", "12", "13", "14", "15", "18", 
"19", "20", "21", "22", "23", "24", "25", "26", "27", "28", "29", 
"30")), assign = 1:7, qr = structure(list(qr = structure(c(-5.19615242270663, 
0.192450089729875, 0.192450089729875, 0.192450089729875, 0.192450089729875, 
0.192450089729875, 0.192450089729875, 0.192450089729875, 0.192450089729875, 
0.192450089729875, 0.192450089729875, 0.192450089729875, 0.192450089729875, 
0.192450089729875, 0.192450089729875, 0.192450089729875, 0.192450089729875, 
0.192450089729875, 0.192450089729875, 0.192450089729875, 0.192450089729875, 
0.192450089729875, 0.192450089729875, 0.192450089729875, 0.192450089729875, 
0.192450089729875, 0.192450089729875, -339.09705810404, -64.6156729066964, 
0.108983611697181, 0.000650761707243416, 0.232792583114252, -0.123158209709828, 
0.062555247415779, 0.18636421883285, 0.294697068822788, -0.154110452564096, 
-0.0457776025741583, -0.0148253597198905, 0.310173190249921, 
0.217316461687118, -0.0457776025741583, 0.108983611697181, -0.0767298454284261, 
-0.355300031116836, -0.0303014811470244, 0.0470791259886451, 
-0.401728395398238, -0.138634331136962, 0.217316461687118, 0.18636421883285, 
-0.09220596685556, 0.341125433104189, 0.294697068822788, -276.165878762371, 
-38.1635422496297, -51.8743814456437, -0.0855473432092191, -0.04856337822439, 
0.0849309466482844, -0.190063826433519, -0.12921405674444, 0.213189566166732, 
0.185382533999306, -0.011979315364881, 0.157451833421777, 0.413569170333353, 
-0.0754469377310734, 0.335012773954993, -0.147967824504566, 0.416187023010466, 
-0.0484397098142874, 0.0727362590284481, 0.0143806736063798, 
0.160069686098891, -0.0383393043361418, 0.155881121815509, 0.0250046496199481, 
-0.0347979789982857, 0.158898876617943, -0.42296259758637, -289.252484864003, 
-31.3907329613699, -13.3466992843226, 48.2336760195802, -0.136472883490647, 
0.140388076539147, -0.101260795485054, 0.0269506847315662, -0.00615291317959386, 
-0.128078914877611, 0.254458693873492, 0.284006477751736, 0.544488861880237, 
-0.282411587864147, -0.345938555488481, -0.0735791413930778, 
0.103119148399489, 0.13807943157391, -0.176514074493189, 0.0989021682106239, 
-0.302490055363458, -0.0046328365620625, 0.00149287179026787, 
-0.302089745621851, 0.0897596230145777, -0.0812154818399324, 
-0.107903985368068, -346.795061693235, -0.662607272954332, -8.1109323071469, 
-7.5753553506385, 47.4718116908071, 0.356153093397293, 0.133289916789755, 
0.161085233108069, 0.310821651042577, -0.0919304147807127, 0.238508289131502, 
-0.100585144498228, 0.298242147085269, 0.142585736640173, -0.115298439350621, 
-0.252368641803467, -0.241189863306148, -0.373000642474525, -0.14816428490383, 
0.222098321266798, -0.170364153258039, 0.176392189176661, -0.147686227008561, 
0.0449557761583692, 0.256029278461195, 0.0662576629981016, 0.0695943938395595, 
-390.673682151647, -18.1024765522868, 4.6765930061464, 4.41255482406476, 
8.16610215545515, 43.8445895192797, 0.219093194794844, 0.30542800220684, 
-0.0555087137602433, 0.214724223974498, 0.0585773100535051, 0.362847842217379, 
0.115430453087865, 0.055899121510784, -0.0500354485285663, -0.110228791605061, 
0.0201367111032192, 0.255924838399251, -0.0448333477113849, -0.0539288406675681, 
0.370435709279019, 0.00422974367926105, 0.12948484966777, 0.0374299924108692, 
-0.169447383611785, 0.185407994972553, 0.0581523825687939, -220.932703009897, 
-10.2044959173061, -11.7299946118344, 25.1646453224406, 15.0691108948556, 
5.89447630508608, 38.3918468160084, -0.0278985202356227, 0.375381913883965, 
0.350361025794588, -0.261296490823034, 0.302603459287013, -0.0917429111036665, 
0.133837977784275, -0.0438491681433867, 0.0747704401954217, -0.123587870136583, 
0.129508363322325, 0.257018602401152, 0.0195008876570251, 0.0127487368439485, 
0.131611656282274, -0.584182566402498, 0.129450201872243, -0.0698334790981421, 
-0.117541086082179, 0.129852805152248), .Dim = c(27L, 7L), .Dimnames = list(
    c("1", "2", "3", "4", "5", "6", "7", "8", "9", "11", "12", 
    "13", "14", "15", "18", "19", "20", "21", "22", "23", "24", 
    "25", "26", "27", "28", "29", "30"), c("x1", "x2", "x3", 
    "x4", "x5", "x6", "x7")), assign = 1:7), qraux = c(1.19245008972988, 
1.01612688313438, 1.2761336179975, 1.08835711112596, 1.20922600676317, 
1.59214193484787, 1.17977602106129), pivot = 1:7, tol = 1e-07, 
    rank = 7L), .Names = c("qr", "qraux", "pivot", "tol", "rank"
), class = "qr"), df.residual = 20L, xlevels = structure(list(), .Names = character(0)), 
    call = quote(lm(formula = y ~ . + 0, data = structure(list(y = c(43, 
        63, 71, 61, 81, 43, 58, 71, 72, 64, 67, 69, 68, 77, 65, 
        65, 50, 50, 64, 53, 40, 63, 66, 78, 48, 85, 82), x1 = c(1, 
        1, 1, 1, 1, 1, 1, 1, 1, 1, 1, 1, 1, 1, 1, 1, 1, 1, 1, 
        1, 1, 1, 1, 1, 1, 1, 1), x2 = c(51, 64, 70, 63, 78, 55, 
        67, 75, 82, 53, 60, 62, 83, 77, 60, 70, 58, 40, 61, 66, 
        37, 54, 77, 75, 57, 85, 82), x3 = c(30, 51, 68, 45, 56, 
        49, 42, 50, 72, 53, 47, 57, 83, 54, 65, 46, 68, 33, 52, 
        52, 42, 42, 66, 58, 44, 71, 39), x4 = c(39, 54, 69, 47, 
        66, 44, 56, 55, 67, 58, 39, 42, 45, 72, 75, 57, 54, 34, 
        62, 50, 58, 48, 63, 74, 45, 71, 59), x5 = c(66, 88, 66, 
        79, 59, 50, 59, 63, 59, 66, 59, 77, 71, 59, 66, 79, 80, 
        79, 70, 59, 61, 55, 79, 63, 54, 70, 66), x6 = c(92, 73, 
        86, 84, 83, 49, 68, 66, 83, 67, 74, 63, 77, 77, 80, 85, 
        78, 64, 80, 80, 57, 75, 76, 78, 83, 74, 78), x7 = c(45, 
        47, 48, 35, 47, 34, 35, 41, 31, 34, 41, 25, 35, 46, 60, 
        46, 52, 33, 41, 37, 49, 33, 72, 49, 38, 55, 39)), .Names = c("y", 
        "x1", "x2", "x3", "x4", "x5", "x6", "x7"),