
expected <- structure(list(coefficients = structure(c(10.3812114796646, 0.708316870474881, 
-0.108524812904687, 0.384276737947319, -0.0158275510131458, 0.00708512508383734, 
-0.192013848635075), .Names = c("x1", "x2", "x3", "x4", "x5", 
"x6", "x7")), residuals = structure(c(-6.17587109776369, 1.57490288748336, 
1.83897005202913, -0.174201972164702, 5.64553906725744, -11.1977728925461, 
-9.60160392214641, 0.249325526689247, -7.87240409885643, 6.40016209856709, 
12.4519776402725, 9.85348540756541, -2.36890526032386, -0.170481430536342, 
2.19184025188643, -2.23791847361572, -4.42522852693753, 8.2876807542209, 
0.601223469127788, -10.16583345071, -4.71403871944926, 7.31795697558695, 
-1.27488501052399, 2.48231180780438, -7.62235119211828, 6.06031119834563, 
3.04580891085604), .Names = c("1", "2", "3", "4", "5", "6", "7", 
"8", "9", "11", "12", "13", "14", "15", "18", "19", "20", "21", 
"22", "23", "24", "25", "26", "27", "28", "29", "30")), effects = structure(c(-330.436804066196, 
-51.0689079508119, 2.68611967430661, 13.3743426997647, -4.06745681732396, 
-0.892200820461813, -7.16479438360503, 1.15181830854155, -5.92189813511899, 
9.10937307749539, 14.3927366227496, 11.7610724384171, -4.44253889518505, 
2.20820335480971, -3.82014742838709, -3.64847716503597, -3.4483151195047, 
7.42088096664097, 2.4852752453686, -8.20287475884141, -4.77867418981371, 
12.4834427217927, 0.136295507348982, 5.44678227942292, -11.9308959885915, 
5.51677667526664, 2.18904707206369), .Names = c("x1", "x2", "x3", 
"x4", "x5", "x6", "x7", "", "", "", "", "", "", "", "", "", "", 
"", "", "", "", "", "", "", "", "", "")), rank = 7L, fitted.values = structure(c(49.1758710977637, 
61.4250971125166, 69.1610299479709, 61.1742019721647, 75.3544609327426, 
54.1977728925461, 67.6016039221464, 70.7506744733108, 79.8724040988564, 
57.5998379014329, 54.5480223597275, 59.1465145924346, 70.3689052603239, 
77.1704814305363, 62.8081597481136, 67.2379184736157, 54.4252285269375, 
41.7123192457791, 63.3987765308722, 63.16583345071, 44.7140387194493, 
55.682043024413, 67.274885010524, 75.5176881921956, 55.6223511921183, 
78.9396888016544, 78.954191089144), .Names = c("1", "2", "3", 
"4", "5", "6", "7", "8", "9", "11", "12", "13", "14", "15", "18", 
"19", "20", "21", "22", "23", "24", "25", "26", "27", "28", "29", 
"30")), assign = 1:7, qr = structure(list(qr = structure(c(-5.19615242270663, 
0.192450089729875, 0.192450089729875, 0.192450089729875, 0.192450089729875, 
0.192450089729875, 0.192450089729875, 0.192450089729875, 0.192450089729875, 
0.192450089729875, 0.192450089729875, 0.192450089729875, 0.192450089729875, 
0.192450089729875, 0.192450089729875, 0.192450089729875, 0.192450089729875, 
0.192450089729875, 0.192450089729875, 0.192450089729875, 0.192450089729875, 
0.192450089729875, 0.192450089729875, 0.192450089729875, 0.192450089729875, 
0.192450089729875, 0.192450089729875, -339.09705810404, -64.6156729066964, 
0.108983611697181, 0.000650761707243416, 0.232792583114252, -0.123158209709828, 
0.062555247415779, 0.18636421883285, 0.294697068822788, -0.154110452564096, 
-0.0457776025741583, -0.0148253597198905, 0.310173190249921, 
0.217316461687118, -0.0457776025741583, 0.108983611697181, -0.0767298454284261, 
-0.355300031116836, -0.0303014811470244, 0.0470791259886451, 
-0.401728395398238, -0.138634331136962, 0.217316461687118, 0.18636421883285, 
-0.09220596685556, 0.341125433104189, 0.294697068822788, -276.165878762371, 
-38.1635422496297, -51.8743814456437, -0.0855473432092191, -0.04856337822439, 
0.0849309466482844, -0.190063826433519, -0.12921405674444, 0.213189566166732, 
0.185382533999306, -0.011979315364881, 0.157451833421777, 0.413569170333353, 
-0.0754469377310734, 0.335012773954993, -0.147967824504566, 0.416187023010466, 
-0.0484397098142874, 0.0727362590284481, 0.0143806736063798, 
0.160069686098891, -0.0383393043361418, 0.155881121815509, 0.0250046496199481, 
-0.0347979789982857, 0.158898876617943, -0.42296259758637, -289.252484864003, 
-31.3907329613699, -13.3466992843226, 48.2336760195802, -0.136472883490647, 
0.140388076539147, -0.101260795485054, 0.0269506847315662, -0.00615291317959386, 
-0.128078914877611, 0.254458693873492, 0.284006477751736, 0.544488861880237, 
-0.282411587864147, -0.345938555488481, -0.0735791413930778, 
0.103119148399489, 0.13807943157391, -0.176514074493189, 0.0989021682106239, 
-0.302490055363458, -0.0046328365620625, 0.00149287179026787, 
-0.302089745621851, 0.0897596230145777, -0.0812154818399324, 
-0.107903985368068, -334.478255950523, -38.7894653829049, 0.555667010559441, 
19.0140992758694, 32.1220941799484, 0.0644213454757995, 0.0522421677534954, 
-0.0210833672358523, 0.163670913661582, 0.140162659569243, -0.111606539492539, 
0.0561403290095904, 0.14546592893897, -0.00441921145649144, 0.56382389376036, 
-0.188644216175881, -0.101678496626264, 0.114186051183665, 0.0536649202013496, 
0.00290461537673168, 0.238031508303309, -0.23220855273184, -0.472311567154308, 
-0.0370957764954307, 0.212842629828227, 0.0817780411828128, 0.347018395759617, 
-400.87353690733, 6.65530540335006, -8.21980762891882, -3.92794139295941, 
-8.75011441728995, -33.0991820750442, 0.102588260418762, -0.0592540910494856, 
0.0435216169986475, 0.0851120935930978, 0.167392538424027, 0.000857026749648049, 
0.011946775327941, 0.0313219298743266, -0.19088021203556, -0.559800851736962, 
0.178915576265326, -0.257852839164485, -0.00578488075773807, 
0.0817703595962997, 0.0229547243869327, 0.0625678845276523, 0.197072533292011, 
0.130598911662593, -0.543372898599691, 0.111621571272399, -0.0199786269191667, 
-220.932703009897, -10.2044959173061, -11.7299946118344, 25.1646453224406, 
18.2124732291761, 3.42521635789597, 37.3139460228301, 0.0765776736881451, 
0.418708593267996, 0.262784298103475, -0.137325452817373, 0.27349431459916, 
-0.0403743029951222, 0.196330564924326, -0.344491891291252, 0.130973359643392, 
-0.193163861703648, -0.0158064350592204, 0.177374667959389, 0.0912208654410817, 
-0.142685486928755, 0.309981461280867, -0.443757271483762, 0.155481611028471, 
-0.0203176681118355, -0.133863944368852, -0.000623966914305553
), .Dim = c(27L, 7L), .Dimnames = list(c("1", "2", "3", "4", 
"5", "6", "7", "8", "9", "11", "12", "13", "14", "15", "18", 
"19", "20", "21", "22", "23", "24", "25", "26", "27", "28", "29", 
"30"), c("x1", "x2", "x3", "x4", "x5", "x6", "x7")), assign = 1:7), 
    qraux = c(1.19245008972988, 1.01612688313438, 1.2761336179975, 
    1.08835711112596, 1.14919751195942, 1.35242402707086, 1.21652000547592
    ), pivot = 1:7, tol = 1e-07, rank = 7L), .Names = c("qr", 
"qraux", "pivot", "tol", "rank"), class = "qr"), df.residual = 20L, 
    xlevels = structure(list(), .Names = character(0)), call = quote(lm(formula = y ~ 
        . + 0, data = structure(list(y = c(43, 63, 71, 61, 81, 
        43, 58, 71, 72, 64, 67, 69, 68, 77, 65, 65, 50, 50, 64, 
        53, 40, 63, 66, 78, 48, 85, 82), x1 = c(1, 1, 1, 1, 1, 
        1, 1, 1, 1, 1, 1, 1, 1, 1, 1, 1, 1, 1, 1, 1, 1, 1, 1, 
        1, 1, 1, 1), x2 = c(51, 64, 70, 63, 78, 55, 67, 75, 82, 
        53, 60, 62, 83, 77, 60, 70, 58, 40, 61, 66, 37, 54, 77, 
        75, 57, 85, 82), x3 = c(30, 51, 68, 45, 56, 49, 42, 50, 
        72, 53, 47, 57, 83, 54, 65, 46, 68, 33, 52, 52, 42, 42, 
        66, 58, 44, 71, 39), x4 = c(39, 54, 69, 47, 66, 44, 56, 
        55, 67, 58, 39, 42, 45, 72, 75, 57, 54, 34, 62, 50, 58, 
        48, 63, 74, 45, 71, 59), x5 = c(61, 63, 76, 54, 71, 54, 
        66, 70, 71, 58, 59, 55, 59, 79, 55, 75, 64, 43, 66, 63, 
        50, 66, 88, 80, 51, 77, 64), x6 = c(77, 73, 68, 80, 83, 
        92, 80, 73, 78, 83, 83, 80, 80, 74, 78, 54, 83, 75, 77, 
        80, 84, 77, 74, 77, 64, 78, 78), x7 = c(45, 47, 48, 35, 
        47, 34, 35, 41, 31, 34, 41, 25, 35, 46, 60, 46, 52, 33, 
        41, 37, 49, 33, 72, 49, 38, 55, 39)), .Names = c("y", 
        "x1", "x2", "x3", "x4", "x5", "x6", "x7"),