
expected <- structure(list(coefficients = structure(c(-0.419595486417038, 
0.17629193296743, -0.0560552454413012, 0.0172325467780932, 0.3968094357956, 
0.501114463810957, -0.236597550865739), .Names = c("x1", "x2", 
"x3", "x4", "x5", "x6", "x7")), residuals = structure(c(-12.5617421416537, 
4.91300839115135, 12.7948642778968, 0.925464606991265, 6.53944560943401, 
-24.079759849382, -17.370099607484, 12.0504601150223, 5.9708889244572, 
1.57937979072113, 4.98765625406685, 2.82438584021824, 7.26101215732709, 
14.2880488403606, 9.8787273443535, 4.7677026232915, 8.12070720526872, 
-13.9692066265852, -12.8235948642785, -9.48070496855368, -10.2292237490748, 
-22.2531365855615, -8.96253009167349, 1.58088218352271, -4.80420167982472, 
21.9271754605121, 23.0654616029866), .Names = c("1", "2", "3", 
"4", "5", "6", "7", "9", "10", "11", "12", "13", "14", "15", 
"16", "17", "18", "20", "21", "22", "23", "24", "25", "27", "28", 
"29", "30")), effects = structure(c(-211.219726463943, -255.79613514787, 
17.6597236136606, -21.3261429576037, -27.7572895769041, -14.8113186607443, 
-9.94247956388646, 5.45216611037592, 15.0087670350682, 11.587439181025, 
13.2035335746348, 6.5138321543424, 13.367283141092, 14.6232263364444, 
8.65155425559937, 0.908158287485327, -1.0756278609309, -17.3434449509217, 
-10.9144246255453, -16.2425807486324, -16.2360160612004, -12.3341075662869, 
-11.3563753136536, -7.19109298211853, -7.02118929320999, 27.1390381405396, 
30.9328376233457), .Names = c("x1", "x2", "x3", "x4", "x5", "x6", 
"x7", "", "", "", "", "", "", "", "", "", "", "", "", "", "", 
"", "", "", "", "", "")), rank = 7L, fitted.values = structure(c(55.5617421416537, 
58.0869916088486, 58.2051357221032, 60.0745353930087, 74.460554390566, 
67.079759849382, 75.370099607484, 59.9495398849777, 61.0291110755428, 
62.4206202092789, 62.0123437459332, 66.1756141597818, 60.7389878426729, 
62.7119511596394, 71.1212726556465, 69.2322973767085, 56.8792927947313, 
63.9692066265852, 62.8235948642785, 73.4807049685537, 63.2292237490748, 
62.2531365855615, 71.9625300916735, 76.4191178164773, 52.8042016798247, 
63.0728245394879, 58.9345383970134), .Names = c("1", "2", "3", 
"4", "5", "6", "7", "9", "10", "11", "12", "13", "14", "15", 
"16", "17", "18", "20", "21", "22", "23", "24", "25", "27", "28", 
"29", "30")), assign = 1:7, qr = structure(list(qr = structure(c(-7.12614044121786, 
0.20748501913248, -0.0113421929009396, 0.270259942714905, 0.0224303979831507, 
-0.0068663909051765, 0.015371012769866, -0.292078907542303, 0.305195845053453, 
0.217933525951085, 0.162823907558575, 0.371139313321914, 0.04077920697684, 
-0.0861590280368009, 0.267326727051985, 0.161518763946314, 0.123165167631119, 
0.152697647644679, 0.285499704224282, 0.00540946963470117, 0.171985621453841, 
0.176720418527251, -0.13812912623185, 0.247425639030764, 0.0736814852507391, 
0.158650689999613, 0.198459056913325, -219.335079766751, -285.571572086076, 
0.29625850251929, -0.0140910888517633, 0.227096403575052, 0.250640565751054, 
0.232769629775985, 0.413316402938201, -0.0666793294387723, 0.0384659221567367, 
0.0827543865968731, -0.0636463567036539, 0.236862753684927, 0.331872291861481, 
0.0477959046355422, 0.139831242102421, 0.146141601245198, 0.111902780176329, 
-0.012331421537453, 0.293301391893755, 0.176942362814608, 0.0785900497055006, 
0.398149946374091, 0.07079277489253, 0.175403573693993, 0.117623906124117, 
0.0436111974341781, -158.603743221483, -216.963596469383, 55.9075168756818, 
0.23407631216051, -0.308901725319366, 0.0276816445974379, 0.209025665633382, 
-0.228495974164116, -0.233507641244128, 0.0189146001486816, -0.11243126429338, 
0.153916518919842, 0.0394112479208772, 0.0515434036002944, 0.216127697865892, 
0.374821646520614, 0.0242801850142412, 0.147469291626023, -0.156618557464434, 
-0.320033572267644, 0.410911348714464, 0.131144222988303, -0.108804099232347, 
0.151864607347353, -0.00442639042485291, 0.224986699077513, -0.113769111091758, 
-211.220493945177, -216.285310407386, 32.3498575288678, -70.3281889244868, 
-0.354161650901945, 0.231807686417447, 0.0846989891274269, 0.432579949836619, 
0.0570147892171351, -0.255315540777686, 0.153639365485084, 0.0945435090217445, 
0.0603970180368046, -0.22038374020663, 0.171099660282556, 0.0331135936148361, 
-0.172171503599316, 0.216593324583563, 0.0453737496137276, -0.109617481885589, 
-0.213508898082292, -0.116790468715391, -0.36523809833091, 0.121694475375554, 
-0.140678917776679, 0.0115945740089244, -0.075206209261909, -202.121319524296, 
-253.532603860704, 22.7779134878637, -11.3979171786383, -56.057516128501, 
-0.260110168298497, 0.378165514307813, -0.109461932656285, 0.0630593471352225, 
0.187073030967155, -0.202954829846562, 0.149954482265704, -0.501920653666516, 
-0.0735904211361242, 0.140375117351567, 0.257323097802659, 0.0502645777340645, 
0.0486527796598172, 0.0212911381870562, -0.190958388409311, -0.0509571796053086, 
0.0895307400642915, 0.0577177710925463, 0.396272384266111, -0.152477331667381, 
-0.007261507239746, -0.0211529312085782, -264.339826914683, -305.965339406411, 
25.1553568252567, -33.5062029739809, -13.2579674178729, -45.3479401278792, 
0.0293490715306082, 0.0619038001358743, 0.0927651652407815, 0.408735454269131, 
0.0904505145075135, -0.0457309232826753, 0.00135378071740315, 
0.0914239067530724, -0.201452425354994, 0.0213624539683144, 0.0989535343868062, 
0.0435204225195751, -0.186133800749022, -0.519309082411971, 0.0428888609289768, 
0.412875612800787, -0.0505362703394035, -0.405173764749269, -0.100131350276175, 
0.121316786190833, 0.174809078346768, -134.720900167834, -169.235965129163, 
5.95120862840714, -5.06782452318959, -4.77866740311786, -33.4457817184242, 
42.0227492951881, -0.247038778383584, 0.116565215594699, 0.0487252020122989, 
0.187332840492794, 0.167312203281969, 0.265157607012008, 0.0807784523237552, 
0.205798008793668, 0.0040329817293749, -0.652611326230164, -0.18400467797104, 
0.0871630396779093, 0.0891760593971398, -0.254087624253948, 0.111759883937411, 
0.102225273707044, 0.0853584182697791, -0.0537349322455537, 0.230825616131833, 
0.0802609461721229), .Dim = c(27L, 7L), .Dimnames = list(c("1", 
"2", "3", "4", "5", "6", "7", "9", "10", "11", "12", "13", "14", 
"15", "16", "17", "18", "20", "21", "22", "23", "24", "25", "27", 
"28", "29", "30"), c("x1", "x2", "x3", "x4", "x5", "x6", "x7"
)), assign = 1:7), qraux = c(1.23458829894873, 1.01184530138693, 
1.1915065986112, 1.34542849424071, 1.30806572899665, 1.22276235204991, 
1.32865614950846), pivot = 1:7, tol = 1e-07, rank = 7L), .Names = c("qr", 
"qraux", "pivot", "tol", "rank"), class = "qr"), df.residual = 20L, 
    xlevels = structure(list(), .Names = character(0)), call = quote(lm(formula = y ~ 
        . + 0, data = structure(list(y = c(43, 63, 71, 61, 81, 
        43, 58, 72, 67, 64, 67, 69, 68, 77, 81, 74, 65, 50, 50, 
        64, 53, 40, 63, 78, 48, 85, 82), x1 = c(1.67170916417502, 
        1.47856738578683, -0.08082605952348, 1.92591030742191, 
        0.159842166180342, -0.0489308659145888, 0.109535995721818, 
        -2.08139531506394, 2.17486845392707, 1.55302491277723, 
        1.16030603245028, 2.64479086998912, 0.290598355998453, 
        -0.61398133406907, 1.90500780066356, 1.15100539577335, 
        0.877692282005491, 1.08814488215958, 2.03451098822839, 
        0.038548640329384, 1.2255936923502, 1.25933452125599, 
        -0.98432755255087, 1.7631898524913, 0.525064611814289, 
        1.13056709803336, 1.414247111396), x2 = c(64, 51, 82, 
        58, 70, 70, 70, 51, 51, 61, 61, 67, 77, 75, 75, 77, 70, 
        67, 62, 85, 90, 63, 82, 77, 67, 70, 58), x3 = c(66, 42, 
        52, 33, 71, 52, 42, 50, 54, 47, 54, 45, 57, 54, 47, 39, 
        53, 44, 58, 83, 47, 42, 68, 52, 52, 42, 52), x4 = c(66, 
        62, 48, 72, 45, 71, 54, 69, 67, 39, 71, 69, 66, 39, 74, 
        55, 48, 69, 71, 74, 47, 44, 39, 74, 47, 54, 54), x5 = c(50, 
        59, 54, 55, 88, 54, 80, 61, 58, 60, 51, 63, 43, 61, 70, 
        71, 63, 62, 63, 79, 60, 55, 79, 88, 51, 55, 54),