
expected <- structure(list(coefficients = structure(c(4.93709500729701, -0.0260230906206201, 
0.151101963554006, 0.0161711180406211, 0.558015158152913, 0.158739078341888, 
0.0773140474718646), .Names = c("x1", "x2", "x3", "x4", "x5", 
"x6", "x7")), residuals = structure(c(-14.2655808983194, 5.17625547338997, 
0.431043997895253, 3.22506718238315, -22.9711791059724, -0.385463686476952, 
-3.04072913810527, 12.9381018380326, 16.8256750034582, -2.6820395747481, 
5.28360075243906, 8.64986977147267, -5.80700824754701, 3.66843929034827, 
8.27593490637527, 1.82688591533963, 2.18547840490591, 5.41765315543089, 
-4.99225582144558, -15.9684520171784, -16.6476995070178, -2.94963134170045, 
1.28938083477494, 8.19962827571144, -17.8084231646606, 14.7814136515777, 
12.2097117314902), .Names = c("1", "2", "4", "5", "6", "7", "8", 
"9", "10", "11", "12", "13", "14", "15", "16", "17", "18", "19", 
"20", "21", "23", "25", "26", "27", "28", "29", "30")), effects = structure(c(-285.893772345918, 
-178.265853911403, -32.0425449044923, 19.8111321174897, -32.0412254525222, 
-10.2253682741992, 2.95786401979949, 7.05327310315978, 20.3056504590132, 
6.41694961908932, 0.918501932907616, 13.7213304769612, 2.37158192532341, 
17.426125079724, 11.6138908446729, 6.05534929198805, 2.170115015605, 
1.76955458786683, -2.56610696484658, -9.25261442867845, -19.8861377283117, 
1.03604669709366, 1.72883184124573, 13.2592735118941, -18.4264842957294, 
20.5894120339058, 14.101445104904), .Names = c("x1", "x2", "x3", 
"x4", "x5", "x6", "x7", "", "", "", "", "", "", "", "", "", "", 
"", "", "", "", "", "", "", "", "", "")), rank = 7L, fitted.values = structure(c(57.2655808983194, 
57.82374452661, 60.5689560021047, 77.7749328176169, 65.9711791059724, 
58.385463686477, 74.0407291381053, 59.0618981619674, 50.1743249965418, 
66.6820395747481, 61.7163992475609, 60.3501302285273, 73.807008247547, 
73.3315607096517, 72.7240650936247, 72.1731140846604, 62.8145215950941, 
59.5823468445691, 54.9922558214456, 65.9684520171784, 69.6476995070178, 
65.9496313417005, 64.7106191652251, 69.8003717242886, 65.8084231646606, 
70.2185863484223, 69.7902882685098), .Names = c("1", "2", "4", 
"5", "6", "7", "8", "9", "10", "11", "12", "13", "14", "15", 
"16", "17", "18", "19", "20", "21", "23", "25", "26", "27", "28", 
"29", "30")), assign = 1:7, qr = structure(list(qr = structure(c(-8.44748447113515, 
0.0173215878270671, 0.0432107745078298, 0.419234402381627, 0.218998187413888, 
0.0210370270869962, 0.114593626785835, 0.139892277458543, 0.0726073753091091, 
0.181863257043595, 0.181329207531394, 0.0944312242852375, 0.219022296978662, 
0.186330890308843, 0.214983348115272, 0.318149068601009, -0.0724981860401653, 
0.191434187804683, -0.0158031471672355, 0.0957658661053036, 0.301361944006337, 
0.144826678299191, 0.189776657794095, 0.296847682743803, 0.100790745324298, 
0.329968366161924, 0.0240031099174984, -262.298842738375, -215.898858491908, 
0.195278319123577, -0.286565097831573, -0.0417088971004607, 0.367004776103701, 
0.211217699704446, 0.0772116138668155, 0.157971090516707, 0.0563688292742355, 
0.149682560730326, 0.116379046526743, 0.0277374823294539, 0.0136445678431329, 
0.106972088018943, -0.139750498196022, 0.485710323133323, 0.0673813525151821, 
0.307227279870008, 0.16100323706513, -0.00265099546042822, 0.140426342215924, 
0.0231669394071745, -0.0849261168191188, 0.168521557791977, -0.140854974371658, 
0.21965476790824, -231.554471738072, -142.064345529448, -90.560743964435, 
0.12218002101565, 0.224447729868257, -0.187839252345429, -0.0787951764891494, 
0.411990914303278, -0.121583988331003, -0.25332564069244, -0.193243696640709, 
0.0743216041098246, -0.142095665040346, -0.0637213217585174, 
-0.292629560727506, 0.114345982250882, -0.0822759874297631, 0.0120588645736316, 
-0.0242018817351635, -0.00159068010892892, -0.19473379514832, 
-0.189664019055424, 0.198606205104885, -0.148582667770487, 0.248658047862871, 
-0.0925997611775478, 0.495561095681992, -229.090561287353, -177.994507059808, 
-24.9819386259536, 66.5084425322876, 0.234882614600987, -0.196132634222483, 
-0.157392087628948, 0.370789037130108, 0.010086477666231, -0.211027073645986, 
0.129561551589658, -0.322629441774571, -0.121635735687859, 0.0286416652273036, 
-0.19280916774101, 0.315394433435001, 0.320894694945097, 0.105278703835719, 
-0.117509260570645, 0.103081384254145, 0.199303896315193, -0.347636850505959, 
0.119919415416324, 0.00426902431938222, 0.186590931301857, 0.254043531617704, 
-0.0702635507285939, -266.431846528514, -203.063764640356, -16.5899001349068, 
25.0839760275094, -50.8699125776495, -0.253590135066926, 0.0678695563829043, 
-0.278042125744139, 0.0478771857059569, 0.221436189073344, -0.269679595086632, 
0.0529400874988149, 0.230482525001653, 0.546072407885173, 0.0254564333833745, 
0.186260233191954, 0.203901624627363, -0.290444607721674, 0.0547608139265773, 
0.280485122389879, -0.3128139658132, 0.00268339178757552, -0.0377312083155824, 
0.0114749855922036, 0.0330631392692665, 0.146433356024403, 0.0974990107114191, 
-318.030153134907, -228.422045495224, -38.3617375941166, 30.7490849353738, 
-19.5139289225225, -57.0812427262185, 0.12085506931134, 0.311730452744514, 
0.465626163684095, 0.0517647241413558, 0.214499976542796, 0.103390661263006, 
-0.1118553982272, 0.0551603104926426, -0.19573731379965, -0.335396986992148, 
0.185194086502806, 0.328139486841205, 0.376417755689909, 0.24607517675163, 
0.260097750839631, -0.0567105445158058, 0.0422794443127428, 0.126869715555956, 
-0.00048760385381149, 0.0798897524957531, -0.0624028575378571, 
-170.263460456697, -128.921901468138, -33.7290603792962, -1.84577078365881, 
-7.20981589397214, -15.0599334959588, 38.2577825960527, -0.424736767963792, 
0.0980722948598623, -0.206043270659325, 0.22141218875656, 0.098522311354387, 
-0.135406697368028, 0.258827496728894, 0.189873878565329, -0.227002798169911, 
-0.3571714232682, 0.275974423962529, 0.268076362424556, 0.191128870092794, 
-0.142576609736284, 0.0811862088124689, 0.152259058600946, -0.192732078792637, 
0.242691170144663, 0.194175169344585, -0.186772016181289), .Dim = c(27L, 
7L), .Dimnames = list(c("1", "2", "4", "5", "6", "7", "8", "9", 
"10", "11", "12", "13", "14", "15", "16", "17", "18", "19", "20", 
"21", "23", "25", "26", "27", "28", "29", "30"), c("x1", "x2", 
"x3", "x4", "x5", "x6", "x7")), assign = 1:7), qraux = c(1.15438688278072, 
1.33466565271856, 1.14064202200892, 1.09260589073233, 1.03467816971087, 
1.04929149626942, 1.07088457076342), pivot = 1:7, tol = 1e-07, 
    rank = 7L), .Names = c("qr", "qraux", "pivot", "tol", "rank"
), class = "qr"), df.residual = 20L, xlevels = structure(list(), .Names = character(0)), 
    call = quote(lm(formula = y ~ . + 0, data = structure(list(y = c(43, 
        63, 61, 81, 43, 58, 71, 72, 67, 64, 67, 69, 68, 77, 81, 
        74, 65, 65, 50, 50, 53, 63, 66, 78, 48, 85, 82), x1 = c(1.30418079483706, 
        0.146323844184553, 0.365022346640615, 3.54147610388442, 
        1.84998378738556, 0.17770995963625, 0.968027882764394, 
        1.18173784146277, 0.613349675413581, 1.53628703974583, 
        1.53177566478469, 0.797706300739824, 1.8501874525596, 
        1.57402730237674, 1.8160684947564, 2.68755931651313, 
        -0.612427300759763, 1.61713732872443, -0.133496840290285, 
        0.80898066678936, 2.54575034218463, 1.2234211159385, 
        1.60313536969955, 2.50761619027073, 0.851428255961143, 
        2.78740264911869, 0.202765898287018), x2 = c(54, 77, 
        54, 53, 51, 85, 77, 55, 54, 62, 82, 51, 66, 54, 82, 57, 
        85, 67, 62, 61, 82, 70, 57, 63, 64, 60, 54), x3 = c(52, 
        58, 52, 72, 68, 42, 52, 83, 30, 30, 49, 47, 45, 42, 42, 
        68, 46, 58, 39, 47, 56, 39, 68, 47, 72, 52, 83), x4 = c(66, 
        54, 74, 58, 44, 72, 72, 44, 39, 58, 54, 69, 62, 45, 72, 
        42, 39, 54, 55, 45, 54, 75, 54, 54, 54, 39, 72), x5 = c(54, 
        70, 64, 64, 55, 66, 79, 43, 51, 71, 59, 61, 77, 80, 79, 
        66, 79, 50, 62, 71, 58, 71, 58, 62, 66, 63, 70),