
expected <- structure(list(coefficients = structure(c(12.2562953498336, 0.577503214161206, 
-0.00392852491447666, 0.493969775800473, 0.129096643898212, -0.084100372365897, 
-0.37869865518654), .Names = c("x1", "x2", "x3", "x4", "x5", 
"x6", "x7")), residuals = structure(c(-2.1295515306961, 1.09615229537091, 
-0.908677109400106, 0.145860585323497, 6.50925025950605, -9.67627813090306, 
-8.47961363933887, -0.257346820596848, 11.0632969645564, 5.14657933264369, 
8.41757662245384, -1.38945224806372, -5.48099725996256, -0.536846174079581, 
4.65997088935276, -3.12547434460803, -6.60764686408125, 9.04506320814144, 
-2.35814774461916, -10.3522263541144, -4.62533748317041, 4.78337824217651, 
0.460269621777842, 0.641085143606311, -6.62942208867085, 5.38571203717056, 
5.20282259022514), .Names = c("1", "2", "3", "4", "5", "6", "7", 
"8", "10", "11", "13", "14", "16", "17", "18", "19", "20", "21", 
"22", "23", "24", "25", "26", "27", "28", "29", "30")), effects = structure(c(-331.591504604575, 
-52.8406667457116, 1.16535851229253, 13.6513149923323, -2.20715077266605, 
5.1138021333593, -13.1922679316461, -0.385776732507194, 13.809060291125, 
7.10575560670067, 9.59769592415256, -0.311470625141412, -7.50805032484285, 
-0.0746643982083337, 0.624398761328704, -2.20901677479954, -9.60304742468565, 
5.82690907746132, -3.6989188522026, -9.57042387050538, -8.40493638391023, 
7.02183186266539, 2.53029944229817, 2.66593435882221, -9.66603048060295, 
4.15815715688145, 3.21653148417951), .Names = c("x1", "x2", "x3", 
"x4", "x5", "x6", "x7", "", "", "", "", "", "", "", "", "", "", 
"", "", "", "", "", "", "", "", "", "")), rank = 7L, fitted.values = structure(c(45.1295515306961, 
61.9038477046291, 71.9086771094001, 60.8541394146765, 74.490749740494, 
52.6762781309031, 66.4796136393389, 71.2573468205969, 55.9367030354436, 
58.8534206673563, 60.5824233775462, 69.3894522480637, 86.4809972599625, 
74.5368461740796, 60.3400291106472, 68.125474344608, 56.6076468640813, 
40.9549367918586, 66.3581477446192, 63.3522263541144, 44.6253374831704, 
58.2166217578235, 65.5397303782222, 77.3589148563937, 54.6294220886709, 
79.6142879628294, 76.7971774097749), .Names = c("1", "2", "3", 
"4", "5", "6", "7", "8", "10", "11", "13", "14", "16", "17", 
"18", "19", "20", "21", "22", "23", "24", "25", "26", "27", "28", 
"29", "30")), assign = 1:7, qr = structure(list(qr = structure(c(-5.19615242270663, 
0.192450089729875, 0.192450089729875, 0.192450089729875, 0.192450089729875, 
0.192450089729875, 0.192450089729875, 0.192450089729875, 0.192450089729875, 
0.192450089729875, 0.192450089729875, 0.192450089729875, 0.192450089729875, 
0.192450089729875, 0.192450089729875, 0.192450089729875, 0.192450089729875, 
0.192450089729875, 0.192450089729875, 0.192450089729875, 0.192450089729875, 
0.192450089729875, 0.192450089729875, 0.192450089729875, 0.192450089729875, 
0.192450089729875, 0.192450089729875, -342.368709629448, -68.8379740162845, 
0.0946285258367066, -0.00705953369775985, 0.210843451018954, 
-0.123274458880007, 0.0510479288933639, 0.167262854075611, -0.0361132649933217, 
-0.152328190175569, -0.0215863993455408, 0.283477779257859, 0.385165838792325, 
0.312531510553421, -0.0506401306411026, 0.0946285258367066, -0.0796938619366645, 
-0.341177443596721, -0.0361132649933217, 0.0365210632455829, 
-0.384758040540064, -0.137801324527788, 0.196316585371173, 0.167262854075611, 
-0.0942207275844454, 0.312531510553421, 0.268950913610078, -273.471577506153, 
-33.2358545059397, -53.2510494878393, -0.070052322797673, -0.00669154004805236, 
0.0814411228608679, -0.164578018240964, -0.0907237925312555, 
-0.0509579339970586, 0.175651402117566, 0.164842542970884, 0.452604748528973, 
-0.233931708535864, 0.0767098800619636, 0.334168712683665, -0.118103710985803, 
0.409600019326341, -0.0758145229588567, 0.080494874301087, 0.032758902299551, 
0.121837813768252, -0.0404644910369705, 0.190645380492463, 0.0595079883809109, 
-0.0315481290098505, 0.208162688360109, -0.364122852087635, -291.176985761301, 
-32.7887498632246, -12.0111858195518, 45.9738214702459, -0.126776264009074, 
0.146469422888452, -0.0900171792328606, 0.0462799188113019, 0.0896046789845458, 
-0.14017645812747, 0.29795177230988, 0.572139119503493, -0.225001870218563, 
-0.0840514605148644, -0.370965020032825, -0.0610621517971232, 
0.0959399796426184, 0.141459594833629, -0.182404373202978, 0.111445026063237, 
-0.3305079318491, -0.00136645725563106, 0.00943141373069283, 
-0.304983229318835, 0.099090725323558, -0.0732908932916216, -0.0800336620639995, 
-332.938655232684, -34.7369639562104, -5.90088014670624, 14.3792209278217, 
37.4113994119425, 0.0883967215325639, -0.0198516122366531, -0.0740628466497124, 
-0.0561869391807157, 0.143650962410509, 0.0957585162115162, 0.202891328143994, 
0.496629964955771, -0.0583953227028631, 0.493560590913973, -0.222497273825623, 
-0.00898153041147046, 0.138662389187789, 0.0288922640220551, 
-0.00309501892698088, 0.235702240135178, -0.201494975093204, 
-0.420636300880987, -0.0995109703715286, 0.185968080392418, 0.0301001084210261, 
0.163299733683782, -360.074117884597, -20.7863306457914, -9.14745355428764, 
12.491329300088, -12.8901946828252, -62.2229198506567, 0.239960454050273, 
-0.16514634655712, 0.272985488279003, 0.0885713409458225, 0.0135151853094878, 
0.332534468539064, 0.0652132501139213, 0.17053774611361, 0.00705473601140105, 
-0.167968419262448, -0.371414108030106, -0.319206053316588, -0.364782990388822, 
-0.0169133510321926, -0.330925063583189, -0.164082676854403, 
0.123460375352606, -0.0386179676114118, -0.223829319581637, -0.125585206142761, 
-0.13893960553358, -225.166604983954, -15.0934134080444, -18.1722398077161, 
26.0474835996643, 21.444245818559, 0.314679215630135, 34.8357929212816, 
0.141384867574585, -0.0221110433644181, 0.293690145989883, 0.272535286312619, 
-0.0515398795648254, 0.160434085134416, -0.252747288431525, -0.363498033554692, 
0.143414238812272, -0.150181632832333, -0.111655648926426, 0.251874083474426, 
0.130118166927348, -0.159046537759643, 0.363300646865792, -0.346963194646707, 
0.297002887050302, -0.105989643526766, -0.0165046996953451, 0.0697351096366749
), .Dim = c(27L, 7L), .Dimnames = list(c("1", "2", "3", "4", 
"5", "6", "7", "8", "10", "11", "13", "14", "16", "17", "18", 
"19", "20", "21", "22", "23", "24", "25", "26", "27", "28", "29", 
"30"), c("x1", "x2", "x3", "x4", "x5", "x6", "x7")), assign = 1:7), 
    qraux = c(1.19245008972988, 1.00746733195002, 1.29503368652266, 
    1.1027371946009, 1.06098135991712, 1.22109145227007, 1.27636497265739
    ), pivot = 1:7, tol = 1e-07, rank = 7L), .Names = c("qr", 
"qraux", "pivot", "tol", "rank"), class = "qr"), df.residual = 20L, 
    xlevels = structure(list(), .Names = character(0)), call = quote(lm(formula = y ~ 
        . + 0, data = structure(list(y = c(43, 63, 71, 61, 81, 
        43, 58, 71, 67, 64, 69, 68, 81, 74, 65, 65, 50, 50, 64, 
        53, 40, 63, 66, 78, 48, 85, 82), x1 = c(1, 1, 1, 1, 1, 
        1, 1, 1, 1, 1, 1, 1, 1, 1, 1, 1, 1, 1, 1, 1, 1, 1, 1, 
        1, 1, 1, 1), x2 = c(51, 64, 70, 63, 78, 55, 67, 75, 61, 
        53, 62, 83, 90, 85, 60, 70, 58, 40, 61, 66, 37, 54, 77, 
        75, 57, 85, 82), x3 = c(30, 51, 68, 45, 56, 49, 42, 50, 
        45, 53, 57, 83, 50, 64, 65, 46, 68, 33, 52, 52, 42, 42, 
        66, 58, 44, 71, 39), x4 = c(39, 54, 69, 47, 66, 44, 56, 
        55, 47, 58, 42, 45, 72, 69, 75, 57, 54, 34, 62, 50, 58, 
        48, 63, 74, 45, 71, 59), x5 = c(61, 63, 76, 54, 71, 54, 
        66, 70, 62, 58, 55, 59, 60, 79, 55, 75, 64, 43, 66, 63, 
        50, 66, 88, 80, 51, 77, 64), x6 = c(78, 49, 74, 54, 78, 
        83, 86, 57, 84, 84, 67, 84, 86, 83, 92, 57, 49, 49, 54, 
        67, 64, 57, 73, 75, 57, 67, 63), x7 = c(45, 47, 48, 35, 
        47, 34, 35, 41, 41, 34, 25, 35, 36, 63, 60, 46, 52, 33, 
        41, 37, 49, 33, 72, 49, 38, 55, 39)), .Names = c("y", 
        "x1", "x2", "x3", "x4", "x5", "x6", "x7"),