
expected <- structure(list(coefficients = structure(c(7.96033364040036, 0.0236013766007861, 
0.0298342153258796, 0.611894269955791, 0.572435668868228, 0.0369990759591023, 
-0.499438178152967), .Names = c("x1", "x2", "x3", "x4", "x5", 
"x6", "x7")), residuals = structure(c(-7.69113329483913, -5.85907660589991, 
5.19531351127774, 8.73755005214115, -10.4344193193475, -9.49947508341984, 
4.98504928170302, -9.29549976027462, 9.19402049466727, -1.00519787296649, 
15.7327939200133, 10.5405043834705, -3.66027208048366, 7.75837249326474, 
3.95435799762916, 3.26748959218172, -4.13142735773573, -8.0456616778439, 
-5.12895508841188, -9.30268332095743, -12.4483851109575, -1.31061696720809, 
-1.47555391046441, -2.43007777064439, -3.46365275266761, 10.2896582043258, 
15.5269780434477), .Names = c("1", "3", "4", "5", "6", "7", "8", 
"9", "10", "11", "12", "13", "15", "16", "17", "18", "19", "20", 
"22", "23", "24", "25", "26", "27", "28", "29", "30")), effects = structure(c(-338.327257745121, 
-4.06508282214339, -25.9101479544707, -30.3087800413145, 15.4679619781417, 
-1.88856148652502, -21.0648747489243, -9.98417074992409, 11.7434872057045, 
-0.731793059197394, 22.9747425926804, 17.536773973577, -3.89918646917085, 
8.80829950516824, 1.97350780985728, 1.24250613699171, -4.29495105220121, 
-6.03066774385544, -7.4992038099785, -8.07692058070635, -7.5707626929519, 
0.515733189989047, 2.27157655759515, -7.0013952259336, -3.77015616973354, 
12.2467772843331, 12.0683971401935), .Names = c("x1", "x2", "x3", 
"x4", "x5", "x6", "x7", "", "", "", "", "", "", "", "", "", "", 
"", "", "", "", "", "", "", "", "", "")), rank = 7L, fitted.values = structure(c(50.6911332948391, 
76.8590766058999, 55.8046864887223, 72.2624499478589, 53.4344193193475, 
67.4994750834198, 66.014950718297, 81.2954997602746, 57.8059795053327, 
65.0051978729665, 51.2672060799867, 58.4594956165295, 80.6602720804837, 
73.2416275067353, 70.0456420023708, 61.7325104078183, 69.1314273577357, 
58.0456616778439, 69.1289550884119, 62.3026833209574, 52.4483851109575, 
64.3106169672081, 67.4755539104644, 80.4300777706444, 51.4636527526676, 
74.7103417956742, 66.4730219565523), .Names = c("1", "3", "4", 
"5", "6", "7", "8", "9", "10", "11", "12", "13", "15", "16", 
"17", "18", "19", "20", "22", "23", "24", "25", "26", "27", "28", 
"29", "30")), assign = 1:7, qr = structure(list(qr = structure(c(-5.19615242270663, 
0.192450089729875, 0.192450089729875, 0.192450089729875, 0.192450089729875, 
0.192450089729875, 0.192450089729875, 0.192450089729875, 0.192450089729875, 
0.192450089729875, 0.192450089729875, 0.192450089729875, 0.192450089729875, 
0.192450089729875, 0.192450089729875, 0.192450089729875, 0.192450089729875, 
0.192450089729875, 0.192450089729875, 0.192450089729875, 0.192450089729875, 
0.192450089729875, 0.192450089729875, 0.192450089729875, 0.192450089729875, 
0.192450089729875, 0.192450089729875, -346.025261334316, -69.9179413206547, 
-0.277043701404392, 0.209240639321126, -0.191228817746948, -0.277043701404392, 
-0.477278429938429, 0.180635678101978, 0.0662158332253851, -0.23413625957567, 
0.209240639321126, 0.0662158332253851, 0.166333197492403, -0.176926337137374, 
-0.23413625957567, -0.119716414699077, 0.0948207944445332, -0.119716414699077, 
-0.148321375918226, -0.00529656982248509, -0.105413934089503, 
-0.00529656982248509, 0.0662158332253851, -0.248438740185244, 
-0.176926337137374, 0.109123275054107, -0.277043701404392, -274.626278044532, 
-8.47236573590844, -54.4575653719886, 0.0355698677843231, 0.0792114141058234, 
-0.0124328944194316, 0.220561476412199, 0.341675326446874, -0.10492869873337, 
0.171111171367683, -0.129696426045062, 0.11542635970581, 0.0172920958265931, 
0.0914249786039328, 0.373103308270265, 0.342271373498952, -0.0988644912737491, 
0.397360138108747, 0.115852107600152, 0.054358537215263, -0.0862251788812981, 
-0.12927067815072, 0.280692653535195, 0.269075136089164, -0.0187525506156571, 
0.35405919010272, -0.0675216590292265, -299.837239799146, 3.76526045084635, 
-36.3717229170175, -44.4359113264781, -0.254864475388803, 0.0943547612205563, 
-0.0442539583578018, 0.0103368048089616, -0.115783501666067, 
0.00705865604503077, -0.30825657952791, -0.376658789484816, 0.344160224541926, 
0.364122407961807, 0.118615306772737, 0.251108105628613, 0.0993543189088821, 
-0.2585710505565, 0.11681100710819, -0.140953739599746, 0.15410792498769, 
-0.0623343108607106, -0.0153333175158133, 0.304085042289591, 
-0.16931740938439, 0.106573343739883, 0.198956144436167, -341.406459180799, 
-11.5813012432266, -23.5540055127813, -19.4107976482378, 39.1909791930018, 
-0.127470477780379, -0.28803298914145, 0.0899549988307577, 0.0100388425170447, 
0.139716868767333, 0.060570013985505, 0.169155878720718, -0.11497738409763, 
0.241381000329178, -0.257397025092206, 0.45724344740497, -0.208769464184279, 
0.0242601135903716, 0.00277063177790403, 0.00798161337721979, 
0.359983172558429, -0.114288273395537, -0.438787223451391, -0.252968124512155, 
0.184332371980023, -0.0501329284897615, -0.0539789656193884, 
-390.481232061917, -21.0479542422524, -0.996493800060295, -4.50518538957375, 
13.6639051933346, 45.3916184906755, 0.278641717047066, 0.0206869970377109, 
-0.0576649152076192, 0.0560019060525777, 0.0937561765146944, 
0.242940908871216, 0.227968568089531, 0.299304446908496, 0.160240493403361, 
-0.338992712544652, 0.030964467888258, 0.0119853053482255, -0.0879056720512288, 
-0.0500347242569189, 0.114834810734418, 0.103802674054233, 0.491934237623884, 
0.153623313210865, -0.367945525595273, 0.296224864388103, -0.120352859020615, 
-225.743955253144, -5.89103284663233, -23.0062946145458, -16.3371974110387, 
14.960618957053, 7.14404621641743, 42.1771415770153, 0.425204565395212, 
0.0133569935632007, 0.167953669719198, -0.107213239245297, 0.212843479616664, 
0.0767969084330905, 0.0960956255097287, -0.265315565502425, -0.279262448443415, 
0.0429224733739012, -0.174317313799992, 0.14657457338736, 0.143592647328117, 
-0.325745856032867, 0.196390961254222, -0.53227667127524, 0.0882199070879019, 
0.078771937171502, -0.154212599393599, 0.162028715721272), .Dim = c(27L, 
7L), .Dimnames = list(c("1", "3", "4", "5", "6", "7", "8", "9", 
"10", "11", "12", "13", "15", "16", "17", "18", "19", "20", "22", 
"23", "24", "25", "26", "27", "28", "29", "30"), c("x1", "x2", 
"x3", "x4", "x5", "x6", "x7")), assign = 1:7), qraux = c(1.19245008972988, 
1.1663331974924, 1.04265587019036, 1.18809481676426, 1.10562238011755, 
1.16431774784012, 1.0644403794611), pivot = 1:7, tol = 1e-07, 
    rank = 7L), .Names = c("qr", "qraux", "pivot", "tol", "rank"
), class = "qr"), df.residual = 20L, xlevels = structure(list(), .Names = character(0)), 
    call = quote(lm(formula = y ~ . + 0, data = structure(list(y = c(43, 
        71, 61, 81, 43, 58, 71, 72, 67, 64, 67, 69, 77, 81, 74, 
        65, 65, 50, 64, 53, 40, 63, 66, 78, 48, 85, 82), x1 = c(1, 
        1, 1, 1, 1, 1, 1, 1, 1, 1, 1, 1, 1, 1, 1, 1, 1, 1, 1, 
        1, 1, 1, 1, 1, 1, 1, 1), x2 = c(90, 82, 51, 85, 57, 51, 
        37, 83, 75, 54, 85, 75, 82, 58, 54, 62, 77, 62, 60, 70, 
        63, 70, 75, 53, 58, 78, 51), x3 = c(30, 68, 45, 56, 49, 
        42, 50, 72, 45, 53, 47, 57, 54, 50, 64, 65, 46, 68, 52, 
        52, 42, 42, 66, 58, 44, 71, 39), x4 = c(39, 69, 47, 66, 
        44, 56, 55, 67, 47, 58, 39, 42, 72, 72, 69, 75, 57, 54, 
        62, 50, 58, 48, 63, 74, 45, 71, 59), x5 = c(61, 76, 54, 
        71, 54, 66, 70, 71, 62, 58, 59, 55, 79, 60, 79, 55, 75, 
        64, 66, 63, 50, 66, 88, 80, 51, 77, 64), x6 = c(92, 86, 
        84, 83, 49, 68, 66, 83, 80, 67, 74, 63, 77, 54, 79, 80, 
        85, 78, 80, 80, 57, 75, 76, 78, 83, 74, 78), x7 = c(45, 
        48, 35, 47, 34, 35, 41, 31, 41, 34, 41, 25, 46, 36, 63, 
        60, 46, 52, 41, 37, 49, 33, 72, 49, 38, 55, 39)), .Names = c("y", 
        "x1", "x2", "x3", "x4", "x5", "x6", "x7"),