
expected <- structure(list(coefficients = structure(c(-0.945578609728407, 
0.618076876713189, -0.0713581787644062, 0.311879076097516, 0.181445911743416, 
0.0911339482261045, -0.181467415577542), .Names = c("x1", "x2", 
"x3", "x4", "x5", "x6", "x7")), residuals = structure(c(-7.61524947747188, 
0.361431997402881, 0.910383370267773, -1.35689361274491, 6.49993369226953, 
-8.54997467766236, -8.75493599263768, -3.23563653307918, 9.69139727971555, 
5.06175906949189, 12.042459518147, 10.3203532818318, -5.10392141684789, 
-1.43377855924676, -5.29135810640744, -2.28625362424183, -0.628581031855927, 
-5.81378307261855, 5.24662714691637, 1.06115109565633, -9.83110812530618, 
-2.57168191871306, 4.86699398595901, 4.18334446693022, -9.82338800756325, 
8.13776362665441, 3.91294562515417), .Names = c("1", "2", "3", 
"4", "5", "6", "7", "9", "10", "11", "12", "13", "14", "15", 
"16", "17", "18", "20", "21", "22", "23", "24", "25", "27", "28", 
"29", "30")), effects = structure(c(-334.285805860793, -54.1626149974308, 
2.33757936933778, 11.6749073260769, 7.2416843568796, 2.08694896198576, 
-6.23248397999462, -3.77071120057161, 9.02346566159777, 10.3832253193175, 
12.4245083558726, 14.2150806060728, -2.60645349552259, 2.1354748492965, 
0.427349403955623, -4.21685020543729, 1.62227541799502, -5.93779072888058, 
10.1952316064793, 2.51434338091501, -9.01990992658683, -0.728175423391708, 
9.13305527133253, 4.8880968448055, -7.96923879006751, 7.44343668444609, 
5.9608617371954), .Names = c("x1", "x2", "x3", "x4", "x5", "x6", 
"x7", "", "", "", "", "", "", "", "", "", "", "", "", "", "", 
"", "", "", "", "", "")), rank = 7L, fitted.values = structure(c(50.6152494774719, 
62.6385680025971, 70.0896166297322, 62.3568936127449, 74.5000663077305, 
51.5499746776624, 66.7549359926377, 75.2356365330792, 57.3086027202844, 
58.9382409305081, 54.957540481853, 58.6796467181682, 73.1039214168479, 
78.4337785592468, 86.2913581064074, 76.2862536242418, 65.6285810318559, 
55.8137830726186, 44.7533728530836, 62.9388489043437, 62.8311081253062, 
42.5716819187131, 58.133006014041, 73.8166555330698, 57.8233880075632, 
76.8622363733456, 78.0870543748458), .Names = c("1", "2", "3", 
"4", "5", "6", "7", "9", "10", "11", "12", "13", "14", "15", 
"16", "17", "18", "20", "21", "22", "23", "24", "25", "27", "28", 
"29", "30")), assign = 1:7, qr = structure(list(qr = structure(c(-5.19615242270663, 
0.192450089729875, 0.192450089729875, 0.192450089729875, 0.192450089729875, 
0.192450089729875, 0.192450089729875, 0.192450089729875, 0.192450089729875, 
0.192450089729875, 0.192450089729875, 0.192450089729875, 0.192450089729875, 
0.192450089729875, 0.192450089729875, 0.192450089729875, 0.192450089729875, 
0.192450089729875, 0.192450089729875, 0.192450089729875, 0.192450089729875, 
0.192450089729875, 0.192450089729875, 0.192450089729875, 0.192450089729875, 
0.192450089729875, 0.192450089729875, -341.791359360259, -70.2329457353646, 
0.0940757185871527, -0.00559260554061164, 0.207982374733169, 
-0.119499261686628, 0.0513607225323965, 0.264935702806177, -0.0340692695771157, 
-0.147975925723132, -0.0483076015953678, -0.0198309375588637, 
0.279174034824429, 0.193744042714917, 0.378842358952194, 0.307650698860933, 
-0.0483076015953678, -0.0767842656318719, -0.333074241960409, 
-0.0340692695771157, 0.0371223905141445, -0.375789238015165, 
-0.13373759370488, 0.165267378678413, -0.0910225976501239, 0.307650698860933, 
0.264935702806177, -275.588528493181, -36.3393873843611, -52.8621971496863, 
-0.0777165698770799, -0.0219221343711548, 0.0791752168329003, 
-0.175079573263807, 0.240139952845125, -0.057410733231322, 0.175149493605607, 
-0.00942359484496873, 0.159441668826645, 0.438075244871355, -0.0496034361117502, 
-0.257259814436125, 0.0583443176225902, 0.331084385726301, 0.40814155246727, 
-0.0712047688317108, 0.0750090369908383, 0.0242444453764436, 
0.129507976422561, -0.0430916350663811, 0.0463708406609564, -0.0357161699715435, 
0.190764087844751, -0.384124678202203, -291.754336030491, -37.5876144912945, 
-11.4059006342731, 49.0355388976436, -0.104841902340487, 0.128440571929882, 
-0.0788666194452232, 0.0162392709473075, 0.0824488170952767, 
-0.143365288721313, 0.252446471064487, 0.276076731016642, 0.549517961724093, 
-0.248497668427881, -0.18275230798564, -0.0591726046853306, -0.355056995026528, 
0.0798686223314672, 0.111453037419439, -0.174195903115328, 0.10663670604758, 
-0.336326214380228, -0.00961120964501627, -0.27558306164323, 
0.0873092962742401, -0.0507034851737676, -0.0528199671590905, 
-334.478255950523, -11.7782646528763, 1.95575095023044, 5.71236198623563, 
44.666684864919, 0.109756426687574, -0.0439155544675443, 0.549939447361544, 
0.240582826745995, -0.237217344139259, 0.0400653168609996, 0.00399190443218656, 
-0.253835326569279, -0.28299811581091, -0.186461567585506, 0.0611368239398344, 
-0.356575456714256, -0.0270509454598217, -0.336277159998346, 
0.0831605563025954, 0.11126726787792, 0.131450324061348, -0.241364357907956, 
0.109597333507485, -0.119952473636794, 0.12655656866854, -0.0437399400583833, 
-387.979380895428, -10.5506040255248, -3.0821807510087, -1.39477922235196, 
-7.70012398335845, 49.7387936934189, 0.14305049397234, 0.0993711512396725, 
0.00684366678056623, 0.141987861739339, 0.111896667201097, 0.360590224557914, 
0.143734299352124, -0.0842528339932234, 0.398762253994353, 0.0221104341733925, 
-0.143034255944006, 0.0564252973446826, 0.153389522267361, -0.0493869386168359, 
0.00178804184308264, 0.367141043240802, -0.0346710406687452, 
0.000484008204855861, -0.14403051906089, 0.162844648241592, -0.064030716469025, 
-217.276151305029, -8.12850554553101, -11.28973643718, 24.9500673066765, 
0.888094989640866, 13.4786935688408, 34.3449206027373, 0.445197975082762, 
-0.0752634753745469, 0.334923780820033, -0.228787448079117, 0.211787468872447, 
-0.0172181310794844, 0.191738362094015, 0.266960376400491, -0.427841238280567, 
-0.0594523993531442, -0.247098149599788, -0.00301015870709722, 
0.209321000665562, 0.0837179287941203, -0.128653310377172, 0.236040940855755, 
0.107156911156932, 0.057560058730458, -0.201635389289126, 0.123508772854336
), .Dim = c(27L, 7L), .Dimnames = list(c("1", "2", "3", "4", 
"5", "6", "7", "9", "10", "11", "12", "13", "14", "15", "16", 
"17", "18", "20", "21", "22", "23", "24", "25", "27", "28", "29", 
"30"), c("x1", "x2", "x3", "x4", "x5", "x6", "x7")), assign = 1:7), 
    qraux = c(1.19245008972988, 1.00864572647764, 1.28630653259272, 
    1.0968936737861, 1.06833893571774, 1.61861044600011, 1.19232120310197
    ), pivot = 1:7, tol = 1e-07, rank = 7L), .Names = c("qr", 
"qraux", "pivot", "tol", "rank"), class = "qr"), df.residual = 20L, 
    xlevels = structure(list(), .Names = character(0)), call = quote(lm(formula = y ~ 
        . + 0, data = structure(list(y = c(43, 63, 71, 61, 81, 
        43, 58, 72, 67, 64, 67, 69, 68, 77, 81, 74, 65, 50, 50, 
        64, 53, 40, 63, 78, 48, 85, 82), x1 = c(1, 1, 1, 1, 1, 
        1, 1, 1, 1, 1, 1, 1, 1, 1, 1, 1, 1, 1, 1, 1, 1, 1, 1, 
        1, 1, 1, 1), x2 = c(51, 64, 70, 63, 78, 55, 67, 82, 61, 
        53, 60, 62, 83, 77, 90, 85, 60, 58, 40, 61, 66, 37, 54, 
        75, 57, 85, 82), x3 = c(30, 51, 68, 45, 56, 49, 42, 72, 
        45, 53, 47, 57, 83, 54, 50, 64, 65, 68, 33, 52, 52, 42, 
        42, 58, 44, 71, 39), x4 = c(39, 54, 69, 47, 66, 44, 56, 
        67, 47, 58, 39, 42, 45, 72, 72, 69, 75, 54, 34, 62, 50, 
        58, 48, 74, 45, 71, 59), x5 = c(54, 70, 66, 64, 64, 55, 
        66, 43, 51, 71, 59, 61, 77, 80, 79, 66, 79, 62, 71, 59, 
        58, 51, 71, 62, 66, 63, 70), x6 = c(92, 73, 86, 84, 83, 
        49, 68, 83, 80, 67, 74, 63, 77, 77, 54, 79, 80, 78, 64, 
        80, 80, 57, 75, 78, 83, 74, 78), x7 = c(45, 47, 48, 35, 
        47, 34, 35, 31, 41, 34, 41, 25, 35, 46, 36, 63, 60, 52, 
        33, 41, 37, 49, 33, 49, 38, 55, 39)), .Names = c("y", 
        "x1", "x2", "x3", "x4", "x5", "x6", "x7"),