
expected <- structure(list(coefficients = structure(c(21.3671208432725, 0.716000212934257, 
-0.0945937092640301, 0.325595517694689, -0.0847591224910281, 
0.0245211792187234, -0.384735821146057), .Names = c("x1", "x2", 
"x3", "x4", "x5", "x6", "x7")), residuals = structure(c(-6.05501896427315, 
-1.47242416461685, 5.5098654295766, 0.23103226964717, 4.6564638394666, 
-2.90231858345423, -4.35977446257378, 4.76738369530672, 5.13770563149501, 
7.28498292888064, 6.78318663055859, 11.0725202308858, -2.63251195577529, 
-0.329832238200821, -6.29317440640906, -4.1062660852195, -3.72585358006683, 
-7.83670496083327, 6.81578433838661, 0.0175067971265772, -5.90805974778279, 
-2.61737209838594, -4.93805150155806, 1.12011829031463, -9.30033277831447, 
4.54937156847455, 4.53177387734453), .Names = c("1", "2", "3", 
"4", "5", "6", "7", "8", "9", "10", "11", "12", "14", "15", "16", 
"17", "19", "20", "21", "22", "23", "24", "26", "27", "28", "29", 
"30")), effects = structure(c(-335.248056309443, 55.507881731414, 
5.01730832808559, 12.937982009321, -1.27807960301797, 3.83656746731035, 
14.6681192080708, 7.07226086080108, 4.58778703334184, 8.50753837148563, 
5.90807641948312, 12.3218841641002, -6.108932051317, 0.846877434649489, 
-7.00473092896317, -3.56044717856372, -1.39726634462341, -9.53541471349867, 
7.65253206341238, -0.0424760706370422, -4.96450490049572, -2.62475720602599, 
-2.91501107753898, 1.71354503574055, -9.65473503516102, 3.6198936027538, 
6.23393647065323), .Names = c("x1", "x2", "x3", "x4", "x5", "x6", 
"x7", "", "", "", "", "", "", "", "", "", "", "", "", "", "", 
"", "", "", "", "", "")), rank = 7L, fitted.values = structure(c(49.0550189642731, 
64.4724241646169, 65.4901345704234, 60.7689677303528, 76.3435361605334, 
45.9023185834542, 62.3597744625738, 66.2326163046933, 66.862294368505, 
59.7150170711194, 57.2168133694414, 55.9274797691142, 70.6325119557753, 
77.3298322382008, 87.2931744064091, 78.1062660852195, 68.7258535800668, 
57.8367049608333, 43.1842156616134, 63.9824932028734, 58.9080597477828, 
42.6173720983859, 70.938051501558, 76.8798817096854, 57.3003327783145, 
80.4506284315254, 77.4682261226555), .Names = c("1", "2", "3", 
"4", "5", "6", "7", "8", "9", "10", "11", "12", "14", "15", "16", 
"17", "19", "20", "21", "22", "23", "24", "26", "27", "28", "29", 
"30")), assign = 1:7, qr = structure(list(qr = structure(c(-5.19615242270663, 
0.192450089729875, 0.192450089729875, 0.192450089729875, 0.192450089729875, 
0.192450089729875, 0.192450089729875, 0.192450089729875, 0.192450089729875, 
0.192450089729875, 0.192450089729875, 0.192450089729875, 0.192450089729875, 
0.192450089729875, 0.192450089729875, 0.192450089729875, 0.192450089729875, 
0.192450089729875, 0.192450089729875, 0.192450089729875, 0.192450089729875, 
0.192450089729875, 0.192450089729875, 0.192450089729875, 0.192450089729875, 
0.192450089729875, 0.192450089729875, -350.644063487833, 69.9767157041593, 
-0.0740027970375246, 0.0260304773103873, -0.188326539149424, 
0.140354219422287, -0.0311313937455624, -0.145455135857462, -0.245488410205373, 
0.0546114128383621, 0.168935154950261, 0.0689018806023495, -0.259778877969361, 
-0.174036071385436, -0.359812152317273, -0.288359813497336, -0.0740027970375246, 
0.0974828161303243, 0.354711235882098, 0.0546114128383621, -0.0168409259815749, 
0.39758263917406, -0.174036071385436, -0.145455135857462, 0.111773283894312, 
-0.288359813497336, -0.245488410205373, -275.203628313722, 37.1192253786653, 
-51.7989002803227, -0.0646111375218958, 0.00305168115368953, 
0.0897822602435688, -0.161113265566024, -0.0838415133947335, 
0.273352707176091, -0.045318217241926, 0.186296897169124, 0.00293910122085157, 
0.476065967811465, -0.0259127170291181, -0.228538415494507, 0.0899698934649654, 
-0.112830929340394, 0.427646033890144, -0.074407704238998, 0.0898197868878481, 
0.0415874861879235, 0.128280538633523, 0.205752432907637, 0.0706019198964369, 
-0.0260378058433825, 0.22510789759474, -0.363726455149987, -293.67883692779, 
37.9020254461815, -7.52187192325024, 43.33126643185, -0.121492937648673, 
0.135014367433991, -0.0835009050119497, 0.064907370321727, -6.93956314350381e-05, 
0.0915809510779477, -0.178492309224744, 0.280997970441483, 0.591510443853834, 
-0.282447065505078, -0.194720363674145, -0.0742433357923988, 
-0.0527603812070296, 0.0603482267727822, 0.123980681013588, -0.206851483211803, 
0.114317693405659, -0.395054295483173, 0.00709158923035469, -0.31901745600949, 
0.0955309830565158, -0.0726614600816332, -0.0404954151910349, 
-339.28950819377, 36.8715239374229, -8.58423415944909, 19.7034837366774, 
33.3796944967433, 0.0891282688594576, -0.00534326791010281, -0.0787541470762473, 
0.195243614382479, -0.0724219506765863, 0.215632463139881, -0.125555909291352, 
0.195615399430647, -0.0260201866444669, 0.607944339783501, -0.0104391317533713, 
-0.230835737455126, 0.0282513371371344, 0.118579321337855, 0.0901938159779225, 
-0.00439100325568319, 0.338586271621436, -0.427458024109425, 
-0.0225831698730062, 0.196518979383285, 0.101239274755126, 0.186282569069957, 
-389.711431702997, 9.93187509597131, -2.61272901832825, -6.25623984676714, 
23.716156902444, 44.3275858683189, 0.182279299001238, 0.347452835150716, 
-0.0700634810451851, -0.0226262379058824, 0.0839578858493574, 
0.188879609409066, 0.264852346800697, 0.00292032271933325, 0.319549858087797, 
0.0651426267113306, -0.0808066743243233, 0.0395020390664217, 
0.16788377950742, -0.145856573533361, -0.00554551552940012, 0.117042680194013, 
0.303292878343602, -0.0240498236872839, -0.211909929751971, 0.156608456154109, 
-0.0720024619440009, -200.72544358826, 1.41210992571552, -4.9463058414558, 
-1.69720680332315, -2.52018612374622, -7.14672936278559, -38.1251716161423, 
0.0232252901487039, 0.554277401975311, -0.107369559432742, -0.167498039367661, 
-0.177993728424943, -0.339646619101979, -0.194887396101122, -0.20334558924601, 
-0.06401014153722, -0.141313178319749, -0.243241566417369, -0.109118716867317, 
-0.0966581588107912, 0.170237707255663, 0.217965507954046, -0.301670935371449, 
-0.250839225834294, 0.00230690090021611, -0.276220538718108, 
0.0420983269869519), .Dim = c(27L, 7L), .Dimnames = list(c("1", 
"2", "3", "4", "5", "6", "7", "8", "9", "10", "11", "12", "14", 
"15", "16", "17", "19", "20", "21", "22", "23", "24", "26", "27", 
"28", "29", "30"), c("x1", "x2", "x3", "x4", "x5", "x6", "x7"
)), assign = 1:7), qraux = c(1.19245008972988, 1.0117400095464, 
1.31188851221032, 1.1092741072632, 1.1175208252798, 1.61881679450509, 
1.11535796346714), pivot = 1:7, tol = 1e-07, rank = 7L), .Names = c("qr", 
"qraux", "pivot", "tol", "rank"), class = "qr"), df.residual = 20L, 
    xlevels = structure(list(), .Names = character(0)), call = quote(lm(formula = y ~ 
        . + 0, data = structure(list(y = c(43, 63, 71, 61, 81, 
        43, 58, 71, 72, 67, 64, 67, 68, 77, 81, 74, 65, 50, 50, 
        64, 53, 40, 66, 78, 48, 85, 82), x1 = c(1, 1, 1, 1, 1, 
        1, 1, 1, 1, 1, 1, 1, 1, 1, 1, 1, 1, 1, 1, 1, 1, 1, 1, 
        1, 1, 1, 1), x2 = c(51, 64, 70, 63, 78, 55, 67, 75, 82, 
        61, 53, 60, 83, 77, 90, 85, 70, 58, 40, 61, 66, 37, 77, 
        75, 57, 85, 82), x3 = c(30, 51, 68, 45, 56, 49, 42, 50, 
        72, 45, 53, 47, 83, 54, 50, 64, 46, 68, 33, 52, 52, 42, 
        66, 58, 44, 71, 39), x4 = c(39, 54, 69, 47, 66, 44, 56, 
        55, 67, 47, 58, 39, 45, 72, 72, 69, 57, 54, 34, 62, 50, 
        58, 63, 74, 45, 71, 59), x5 = c(61, 63, 76, 54, 71, 54, 
        66, 70, 71, 62, 58, 59, 59, 79, 60, 79, 75, 64, 43, 66, 
        63, 50, 88, 80, 51, 77, 64), x6 = c(92, 73, 86, 84, 83, 
        49, 68, 66, 83, 80, 67, 74, 77, 77, 54, 79, 85, 78, 64, 
        80, 80, 57, 76, 78, 83, 74, 78), x7 = c(41, 31, 46, 37, 
        34, 55, 45, 46, 63, 34, 33, 35, 36, 33, 35, 41, 33, 33, 
        33, 33, 46, 45, 37, 31, 34, 35, 38)), .Names = c("y", 
        "x1", "x2", "x3", "x4", "x5", "x6", "x7"),