
expected <- structure(list(coefficients = structure(c(4.29012573466014, -0.0308509710073321, 
0.177263873652628, 0.708616816311, 0.541401337121018, 0.117821814775659, 
-0.711511773268114), .Names = c("x1", "x2", "x3", "x4", "x5", 
"x6", "x7")), residuals = structure(c(-3.31456911638584, 4.51141002218052, 
-9.57588572510715, 2.86416943744418, 8.01332263655594, -9.65891347319941, 
-9.69857913822597, 4.9001846385326, 9.39672052321669, -4.13031988874183, 
8.05420617688162, 3.52694907729613, 5.47614465226914, 3.85214020555496, 
2.05912854957338, -3.56626745156891, -9.29098417162424, 10.1847349036489, 
-6.80600796830281, -11.2957235294635, -10.1217157188458, -2.14124804590911, 
2.31249408792786, -4.08657585196326, -4.66477191033814, 8.42068478739864, 
14.7792722911955), .Names = c("1", "2", "3", "4", "5", "6", "7", 
"8", "10", "11", "13", "14", "16", "17", "18", "19", "20", "21", 
"22", "23", "24", "25", "26", "27", "28", "29", "30")), effects = structure(c(-331.591504604575, 
-5.47106512989737, -26.4523237945522, 31.6532730202562, 13.0093329766782, 
-0.65709374883302, -26.6344413333071, 8.43047835242043, 10.9796516624369, 
-0.664343464602479, 10.0124687994721, 4.58178003058736, 10.1550371741162, 
8.18482212697881, -4.11764755440077, -0.483140679662405, -9.27089293159739, 
8.58969176753032, -6.52815802195128, -8.58511749368923, -10.9414024862234, 
3.04724743224169, 6.10280915476905, -0.0689420401889445, -6.12107990590037, 
13.6106910090001, 17.0230328498583), .Names = c("x1", "x2", "x3", 
"x4", "x5", "x6", "x7", "", "", "", "", "", "", "", "", "", "", 
"", "", "", "", "", "", "", "", "", "")), rank = 7L, fitted.values = structure(c(46.3145691163858, 
58.4885899778195, 80.5758857251072, 58.1358305625558, 72.9866773634441, 
52.6589134731994, 67.698579138226, 66.0998153614674, 57.6032794767833, 
68.1303198887418, 60.9457938231184, 64.4730509227039, 75.5238553477309, 
70.147859794445, 62.9408714504266, 68.5662674515689, 59.2909841716242, 
39.8152650963511, 70.8060079683028, 64.2957235294635, 50.1217157188458, 
65.1412480459091, 63.6875059120721, 82.0865758519633, 52.6647719103381, 
76.5793152126014, 67.2207277088045), .Names = c("1", "2", "3", 
"4", "5", "6", "7", "8", "10", "11", "13", "14", "16", "17", 
"18", "19", "20", "21", "22", "23", "24", "25", "26", "27", "28", 
"29", "30")), assign = 1:7, qr = structure(list(qr = structure(c(-5.19615242270663, 
0.192450089729875, 0.192450089729875, 0.192450089729875, 0.192450089729875, 
0.192450089729875, 0.192450089729875, 0.192450089729875, 0.192450089729875, 
0.192450089729875, 0.192450089729875, 0.192450089729875, 0.192450089729875, 
0.192450089729875, 0.192450089729875, 0.192450089729875, 0.192450089729875, 
0.192450089729875, 0.192450089729875, 0.192450089729875, 0.192450089729875, 
0.192450089729875, 0.192450089729875, 0.192450089729875, 0.192450089729875, 
0.192450089729875, 0.192450089729875, -360.074117884597, -66.2542800853623, 
-0.220931793543498, -0.281305251603058, 0.262055870932987, 0.0356554032096349, 
0.156402319328756, 0.141308954813866, -0.220931793543498, -0.236025158058388, 
0.186589048358536, 0.141308954813866, -0.175651699998827, -0.296398616117948, 
0.141308954813866, -0.0398114193648158, -0.0398114193648158, 
-0.236025158058388, 0.186589048358536, -0.190745064513717, -0.296398616117948, 
-0.266211887088168, 0.0356554032096349, 0.156402319328756, -0.281305251603058, 
-0.175651699998827, -0.175651699998827, -273.471577506153, -10.1572753050205, 
-61.9445401522549, -0.0123146056198549, 0.0650250696803351, -0.00621318766488905, 
-0.141492725297598, -0.00956053928497793, -0.0234522195828956, 
0.108479966429724, 0.0950905599493685, 0.523174063617692, 0.048911934020986, 
0.297195781360321, 0.232591552943508, -0.0407215886567854, 0.314434813278328, 
-0.214389489874925, 0.0143731958732064, 0.083983283142211, -0.0579606205747919, 
-0.0635294275563123, 0.268225850194062, 0.116802839746121, -0.0284580784350873, 
0.387924863140867, -0.128666266946571, -291.176985761301, -2.57649322404181, 
-27.4955664403339, 50.6983083717259, -0.193033931863473, 0.18136956890485, 
-0.134863687447744, -0.0313192719353487, 0.0955056803952964, 
-0.0376441920360912, 0.295071884322031, 0.508095536491812, -0.348372624773789, 
-0.137078660763334, -0.270278129808014, -0.101807101945282, 0.185479515690003, 
0.228368887806622, -0.151262469595487, 0.107174145826771, -0.148221942464204, 
0.0472839112906702, -0.017127215368015, -0.324004722527536, 0.12806472598024, 
-0.110903829931378, -0.20601033565936, -332.938655232684, -9.93758299930379, 
-22.0810739895456, 24.4227117921338, 40.8050685107914, 0.112104482409588, 
-0.0256307095702501, -0.111519918280436, -0.0908569552215206, 
0.183972770823704, 0.108103759803253, 0.135789666019186, 0.324650542101032, 
-0.149440571493146, 0.582775608004849, -0.244642113007964, 0.060403323744705, 
0.152574175472556, 0.0955532692720271, -0.0457964910856025, 0.333675369419511, 
-0.191637083724137, -0.401186250918363, -0.0659918381538448, 
0.139756913736284, -0.0325326572536031, 0.0099179252092902, -386.632230267319, 
-4.69012326962694, -4.8823544426455, 2.07631031855431, 20.2195454593043, 
47.9952372034016, 0.158707560374445, 0.262354534124954, -0.0294832979412773, 
0.17857884893068, 0.315374291505096, 0.126113325605589, 0.368289411179218, 
0.0537275784407737, -0.197911583169893, -0.110374283289916, 0.0507858436403534, 
0.206320169183003, -0.0940112172231375, -0.0181639460929854, 
0.298155685522601, 0.0899917207090623, 0.195825377707804, -0.000984482851773265, 
-0.156195339795978, 0.147361409734721, -0.0665595201409754, -225.166604983954, 
-2.87277037933408, -23.2490839412569, 24.93215852092, 16.1134216566405, 
8.87122312500025, 37.4335918729354, 0.12102536369745, 0.00242541312128527, 
0.177913931807446, 0.236517069295254, 0.0648380424984356, 0.227142807531518, 
-0.218542312732321, -0.351336908401427, 0.137087672192823, -0.234821788262573, 
-0.173343259541268, 0.189553029140943, 0.140297588366, -0.345913284598387, 
0.254892058247498, -0.406726952654876, 0.232121097104089, -0.0551848621137486, 
-0.034493005006364, 0.187018908668474), .Dim = c(27L, 7L), .Dimnames = list(
    c("1", "2", "3", "4", "5", "6", "7", "8", "10", "11", "13", 
    "14", "16", "17", "18", "19", "20", "21", "22", "23", "24", 
    "25", "26", "27", "28", "29", "30"), c("x1", "x2", "x3", 
    "x4", "x5", "x6", "x7")), assign = 1:7), qraux = c(1.19245008972988, 
1.06584213223942, 1.34784765516745, 1.09898445279185, 1.0518828481056, 
1.57252069160756, 1.26080060397429), pivot = 1:7, tol = 1e-07, 
    rank = 7L), .Names = c("qr", "qraux", "pivot", "tol", "rank"
), class = "qr"), df.residual = 20L, xlevels = structure(list(), .Names = character(0)), 
    call = quote(lm(formula = y ~ . + 0, data = structure(list(y = c(43, 
        63, 71, 61, 81, 43, 58, 71, 67, 64, 69, 68, 81, 74, 65, 
        65, 50, 50, 64, 53, 40, 63, 66, 78, 48, 85, 82), x1 = c(1, 
        1, 1, 1, 1, 1, 1, 1, 1, 1, 1, 1, 1, 1, 1, 1, 1, 1, 1, 
        1, 1, 1, 1, 1, 1, 1, 1), x2 = c(90, 77, 58, 54, 90, 75, 
        83, 82, 58, 57, 85, 82, 61, 53, 82, 70, 70, 57, 85, 60, 
        53, 55, 75, 83, 54, 61, 61), x3 = c(30, 51, 68, 45, 56, 
        49, 42, 50, 45, 53, 57, 83, 50, 64, 65, 46, 68, 33, 52, 
        52, 42, 42, 66, 58, 44, 71, 39), x4 = c(39, 54, 69, 47, 
        66, 44, 56, 55, 47, 58, 42, 45, 72, 69, 75, 57, 54, 34, 
        62, 50, 58, 48, 63, 74, 45, 71, 59), x5 = c(61, 63, 76, 
        54, 71, 54, 66, 70, 62, 58, 55, 59, 60, 79, 55, 75, 64, 
        43, 66, 63, 50, 66, 88, 80, 51, 77, 64), x6 = c(92, 73, 
        86, 84, 83, 49, 68, 66, 80, 67, 63, 77, 54, 79, 80, 85, 
        78, 64, 80, 80, 57, 75, 76, 78, 83, 74, 78), x7 = c(45, 
        47, 48, 35, 47, 34, 35, 41, 41, 34, 25, 35, 36, 63, 60, 
        46, 52, 33, 41, 37, 49, 33, 72, 49, 38, 55, 39)), .Names = c("y", 
        "x1", "x2", "x3", "x4", "x5", "x6", "x7"),