
expected <- structure(list(coefficients = structure(c(-1.285950000885, 0.4153505824458, 
0.0345500392562937, -0.0193653912778826, -0.446774991002101, 
0.899206963287571, -0.0726041326443177), .Names = c("x1", "x2", 
"x3", "x4", "x5", "x6", "x7")), residuals = structure(c(-13.2983097582618, 
-9.57509629581191, -11.5646132344541, 8.42920243847201, 12.0620287911885, 
-9.46375899800133, 1.25670827797413, 18.338625663314, 4.8067204086099, 
4.29458458443751, -3.36970058876279, -3.19744203609957, 9.69841546380067, 
11.0346249683084, 0.676945375316313, -8.7505974084772, -3.69734928352655, 
-10.3537496749839, 8.22664408510303, -21.7197568728572, -9.66837659934748, 
9.12467251171725, 5.03568030035482, 9.74940956438086, -4.72665972769161, 
3.97359975104271, 8.82609752412622), .Names = c("1", "2", "3", 
"4", "5", "6", "7", "8", "10", "11", "13", "14", "16", "17", 
"18", "19", "20", "21", "22", "23", "24", "25", "26", "27", "28", 
"29", "30")), effects = structure(c(-246.768498147568, -219.390422761205, 
-21.9550958350422, -12.5301994431046, -7.41343011442887, 42.5357476714769, 
-3.62736504035783, 17.1480771334625, 12.0236049081729, 2.91955238768949, 
2.38752956471673, 0.495466651609618, 7.26576415856758, 22.5582207116282, 
-1.62633062478784, -13.5269766757805, 3.73788817049705, -7.14506133311069, 
10.7168429366562, -20.615194055549, -10.8812946255231, 14.2967187820161, 
7.15023689815626, 4.41059591171755, -8.89225816928169, 8.82191660474879, 
10.9632583149026), .Names = c("x1", "x2", "x3", "x4", "x5", "x6", 
"x7", "", "", "", "", "", "", "", "", "", "", "", "", "", "", 
"", "", "", "", "", "")), rank = 7L, fitted.values = structure(c(56.2983097582618, 
72.5750962958119, 82.564613234454, 52.570797561528, 68.9379712088115, 
52.4637589980013, 56.7432917220259, 52.661374336686, 62.1932795913901, 
59.7054154155625, 72.3697005887628, 71.1974420360996, 71.3015845361993, 
62.9653750316916, 64.3230546246837, 73.7505974084772, 53.6973492835265, 
60.3537496749839, 55.773355914897, 74.7197568728572, 49.6683765993475, 
53.8753274882827, 60.9643196996452, 68.2505904356191, 52.7266597276916, 
81.0264002489573, 73.1739024758738), .Names = c("1", "2", "3", 
"4", "5", "6", "7", "8", "10", "11", "13", "14", "16", "17", 
"18", "19", "20", "21", "22", "23", "24", "25", "26", "27", "28", 
"29", "30")), assign = 1:7, qr = structure(list(qr = structure(c(-7.16306052606025, 
0.109544187008422, 0.152749343687819, 0.304660977118688, 0.223410760136798, 
0.160548551433884, 0.150207763799279, 0.289944860828294, 0.0779287443532531, 
-0.0813825706336771, 0.112865536015988, 0.107728599917237, 0.180403851803742, 
0.154998907646206, 0.195186314070658, 0.192909116167575, 0.328576691603734, 
0.383325415902065, -0.135156858184886, 0.0688724131483822, 0.117773808399315, 
-0.00172535094894631, 0.346745227935679, 0.230485046497774, 0.0206309980124838, 
-0.0211773510157023, 0.0575136278014662, -266.067630259063, -216.166639721134, 
0.16254743445996, -0.0809871457303508, 0.12350182732126, 0.0513584809656755, 
0.105476975367171, -0.0724731901008187, 0.197362106613703, 0.403569368171866, 
0.219949406474832, 0.25390735281417, 0.073648715131103, 0.0904407306586626, 
0.0187940559612424, 0.0446735137737514, -0.0497206769599624, 
-0.157450790710756, 0.334332782949448, 0.296190544158603, 0.112250543668708, 
0.173247181758264, -0.0624025773986204, 0.00856197670335764, 
0.261908927981382, 0.372520976390886, 0.314529533734035, -215.84816001973, 
-192.757733670306, -63.9611438795797, -0.118487265682104, -0.044444010213978, 
0.286099037016682, -0.141760575302015, -0.265685023494526, 0.185380801025491, 
-0.303980700342277, -0.00523959479432761, -0.0919998556148529, 
-0.132763857836434, 0.48204579062644, 0.17252882528962, -0.0868805816992022, 
-0.0787566831544958, -0.0774761927197338, 0.126828968286002, 
-0.243888539204276, -0.018951318114991, 0.363689658648304, -0.102668650872117, 
-0.309152094094727, -0.221305309200439, 0.0363863221331639, -0.104649344333729, 
-237.203636612264, -170.42773373944, -34.1108311192936, -61.9699407027823, 
-0.00681750586089543, 0.217870527164303, 0.112655429047882, 0.179802161234434, 
-0.074113875462862, 0.127636925403494, -0.332705095908734, -0.150621046194294, 
0.0750450321117026, -0.206204660290953, 0.28017030854678, 0.201876080000085, 
-0.15451027002522, -0.225530615051792, 0.274433597267823, 0.0696343751716405, 
0.410469409723836, 0.174513210741698, 0.0191875689127815, 0.0290483638915932, 
0.394417830123246, -0.218347882950253, -0.0777030016185657, -266.069370464474, 
-198.303277375716, -26.3116873654817, -34.9602731531913, 72.721212116709, 
-0.212372801193478, -0.148481934588228, 0.0228108897025868, -0.212220885835363, 
0.00437866288720972, -0.0188798957181831, 0.0899821450737417, 
0.147622283180665, -0.301813733286563, 0.28006845193634, 0.306576442006221, 
-0.0611601864774897, 0.0524618858860975, -0.223725235740363, 
-0.100451351001083, 0.13235338235504, -0.270889892315177, 0.141934774271696, 
0.355939455554075, 0.171729453140182, -0.0325657845087718, 0.104625433305401, 
-304.32737121018, -249.74870122783, -36.8427314136089, -34.6877770103751, 
29.3137765603493, 48.7802330780315, 0.059154158171747, -0.0999561231580357, 
0.189912512741735, 0.144271945761025, 0.0756450270023611, 0.216130997297288, 
-0.300876812835822, 0.227824942629518, -0.11215586308161, -0.409978889283602, 
0.238477699087555, -0.156278469136176, -0.146782297511902, 0.129015465888192, 
0.167268250067869, -0.0212838235734076, 0.146947942766567, -0.462384549484116, 
0.23461401014141, -0.0342504358406289, 0.23104872899841, -167.699561991481, 
-134.052021083487, -13.3330062334847, -25.368298551126, 17.6651546121976, 
18.2879064141496, 49.9608618441601, -0.20698845819709, 0.0469868326461619, 
0.0778324630278958, 0.146845345348524, -0.064579400253662, 0.16598620653889, 
0.199029175453165, 0.0920407620309689, 0.00993172504876617, -0.649810685192163, 
0.0081533188472508, -0.383302051697078, 0.202355193664644, -0.384625788656814, 
0.0777217150725886, -0.232145504430482, -0.0975125542792264, 
0.0305004746437353, 0.0261197131239119, 0.132323007784486), .Dim = c(27L, 
7L), .Dimnames = list(c("1", "2", "3", "4", "5", "6", "7", "8", 
"10", "11", "13", "14", "16", "17", "18", "19", "20", "21", "22", 
"23", "24", "25", "26", "27", "28", "29", "30"), c("x1", "x2", 
"x3", "x4", "x5", "x6", "x7")), assign = 1:7), qraux = c(1.22646385132524, 
1.14994214392458, 1.03329614825642, 1.1434218058299, 1.49763211286921, 
1.24736845037593, 1.02708526548305), pivot = 1:7, tol = 1e-07, 
    rank = 7L), .Names = c("qr", "qraux", "pivot", "tol", "rank"
), class = "qr"), df.residual = 20L, xlevels = structure(list(), .Names = character(0)), 
    call = quote(lm(formula = y ~ . + 0, data = structure(list(y = c(43, 
        63, 71, 61, 81, 43, 58, 71, 67, 64, 69, 68, 81, 74, 65, 
        65, 50, 50, 64, 53, 40, 63, 66, 78, 48, 85, 82), x1 = c(1.62217427400739, 
        0.784671641819387, 1.09415279415183, 2.18230501902982, 
        1.60030479703301, 1.15001899129221, 1.0759473035784, 
        2.07689258733319, 0.558208312522228, -0.582948279215403, 
        0.808462665788754, 0.771666481594897, 1.29224370960461, 
        1.110266556943, 1.39813138154673, 1.38181967513713, 2.35361472941018, 
        2.74578315528371, -0.968136755690484, 0.49333726395769, 
        0.843620917948916, -0.0123587932759979, 2.48375705482583, 
        1.65097833841537, 0.14778108747645, -0.151694647107099, 
        0.411973597015204), x2 = c(54, 61, 75, 62, 85, 53, 62, 
        60, 63, 66, 77, 83, 63, 60, 55, 60, 75, 66, 37, 82, 55, 
        37, 77, 62, 62, 75, 83), x3 = c(56, 58, 68, 44, 71, 64, 
        45, 33, 68, 42, 68, 68, 46, 83, 58, 46, 58, 49, 44, 58, 
        47, 57, 58, 33, 42, 71, 68), x4 = c(54, 44, 72, 63, 71, 
        72, 54, 57, 54, 42, 42, 54, 54, 59, 74, 62, 57, 48, 45, 
        59, 71, 54, 69, 45, 63, 44, 56), x5 = c(77, 54, 43, 88, 
        50, 79, 79, 75, 71, 62, 60, 66, 58, 71, 50, 50, 80, 63, 
        55, 88, 64, 59, 76, 43, 63, 58, 66),