
expected <- structure(list(coefficients = structure(c(7.37303339984747, 0.762522551381744, 
0.0896779515185986, -0.0168908615594764, 0.0979891894068754, 
0.0353402555978092, -0.144426682584502), .Names = c("x1", "x2", 
"x3", "x4", "x5", "x6", "x7")), residuals = structure(c(-7.70179544794, 
1.35841645806414, -0.436383730681638, 7.24196475858257, -11.8726866473149, 
-6.91232057276776, -0.336658500930659, -8.65514476195088, 7.21132380536823, 
9.45136476814038, 7.75999198561701, 6.02762121579211, 3.04527300976194, 
-1.4980359007643, -4.44887779282075, 7.71166379068852, -2.79041080557203, 
-8.15097836928135, 2.98893104839682, -12.1074208706293, 1.60408213576396, 
7.12642020965171, -5.75073215601978, 5.93382844818677, -8.29612724581174, 
5.22509705047323, 6.27159411799764), .Names = c("1", "3", "4", 
"5", "6", "7", "8", "9", "10", "11", "12", "13", "15", "16", 
"17", "18", "19", "20", "22", "23", "24", "25", "26", "27", "28", 
"29", "30")), effects = structure(c(-338.327257745121, -53.1510040063286, 
2.38481266822958, 1.20100397069818, 0.728439657241863, 1.27287040042869, 
-5.9398503840492, -8.93862065460529, 7.49573781240037, 11.4637587314034, 
11.8841823245143, 10.6385034840839, 4.03284555705823, 6.07105433039426, 
-2.89249607211197, 9.89950092660988, -2.77397628248845, -6.58997381452413, 
3.89909569456202, -10.7833600625198, 7.47005953285537, 8.32942460096977, 
-6.10216027178971, 4.7755833931071, -6.30014595663539, 7.09991907565376, 
7.33087102243492), .Names = c("x1", "x2", "x3", "x4", "x5", "x6", 
"x7", "", "", "", "", "", "", "", "", "", "", "", "", "", "", 
"", "", "", "", "", "")), rank = 7L, fitted.values = structure(c(50.70179544794, 
69.6415835419359, 61.4363837306816, 73.7580352414174, 54.8726866473149, 
64.9123205727678, 71.3366585009307, 80.6551447619509, 59.7886761946318, 
54.5486352318596, 59.240008014383, 62.9723787842079, 73.9547269902381, 
82.4980359007643, 78.4488777928208, 57.2883362093115, 67.790410805572, 
58.1509783692813, 61.0110689516032, 65.1074208706293, 38.395917864236, 
55.8735797903483, 71.7507321560198, 72.0661715518132, 56.2961272458117, 
79.7749029495268, 75.7284058820024), .Names = c("1", "3", "4", 
"5", "6", "7", "8", "9", "10", "11", "12", "13", "15", "16", 
"17", "18", "19", "20", "22", "23", "24", "25", "26", "27", "28", 
"29", "30")), assign = 1:7, qr = structure(list(qr = structure(c(-5.19615242270663, 
0.192450089729875, 0.192450089729875, 0.192450089729875, 0.192450089729875, 
0.192450089729875, 0.192450089729875, 0.192450089729875, 0.192450089729875, 
0.192450089729875, 0.192450089729875, 0.192450089729875, 0.192450089729875, 
0.192450089729875, 0.192450089729875, 0.192450089729875, 0.192450089729875, 
0.192450089729875, 0.192450089729875, 0.192450089729875, 0.192450089729875, 
0.192450089729875, 0.192450089729875, 0.192450089729875, 0.192450089729875, 
0.192450089729875, 0.192450089729875, -348.527112500804, -64.4348651884355, 
-0.0229669383926948, 0.209826285526274, -0.147123324482811, 0.0391112546523634, 
0.16326764074248, 0.271904478571332, -0.0540060349152239, -0.17816242100534, 
-0.0695255831764885, -0.0384864866539594, 0.194306737265009, 
0.396060864661448, 0.318463123355125, -0.0695255831764885, 0.0856698994361571, 
-0.100564679699018, -0.0540060349152239, 0.0235917063910989, 
-0.426475193185573, -0.162642872744076, 0.194306737265009, 0.16326764074248, 
-0.116084227960282, 0.318463123355125, 0.271904478571332, -274.626278044532, 
-24.9910710853059, 49.1208079475144, 0.0332697122450195, -0.1175759361763, 
0.17798279240609, 0.117154307922394, -0.241440185980785, 0.0403824137808932, 
-0.224516643047355, -0.0130879396546342, -0.191158831431529, 
0.0612312441374779, 0.308470469495412, -0.0403131830102102, -0.37953142363057, 
0.134814139392708, -0.466114159169628, -0.102123385543082, -0.0383513316854092, 
-0.204649530739946, 0.0121754523761407, -0.183064411846479, -0.0457094627335769, 
0.00972274202675147, -0.182818982334185, 0.430372867975097, -297.335388632657, 
-2.94181659263524, 10.7972519887928, -55.6006450618378, -0.0399113227097813, 
0.168714179161484, 0.0299441649917294, 0.2128769727631, 0.144707797705777, 
0.159688775733842, -0.429944759841511, -0.180312776646657, -0.159608840134034, 
-0.377233906833675, -0.00810063541950757, 0.27610650831636, -0.181076011821743, 
0.11474266315173, -0.0623258298072081, -0.0541686309716015, -0.239937070795676, 
-0.212202594754613, 0.251140662480627, 0.291786898170053, -0.0609132793463767, 
0.0906175854694993, 0.117476504285402, -341.406459180799, -33.9194097202031, 
10.8534948345161, -2.8022188697609, 36.4067643872085, -0.0771779104970846, 
-0.015500883823326, 0.276453220291765, 0.000241100673165267, 
0.111402833799395, 0.0837554358166297, 0.328927973087252, -0.200630456941143, 
0.414231108321944, -0.00218303062306049, 0.402710234777966, -0.254275557265474, 
0.16390304833036, -0.0366595653871753, 0.0999207948427589, 0.0310018861275625, 
-0.224271373500723, -0.309485597830373, -0.198148350903981, 0.244655363979283, 
0.131016704124097, 0.106170574001828, -390.481232061917, -5.97042769591686, 
1.69755370724668, -15.8490659906627, 17.162603441959, 46.1208397827265, 
0.335766086162228, -0.209117324011778, -0.0138392700842928, 0.125345747204852, 
-0.13277920042325, -0.0182910726154815, 0.187599690106533, 0.221022987600321, 
0.0605118217768588, -0.332883412844277, 0.0259844336093666, -0.169172620429915, 
-0.0615686135639771, -0.137693832337438, 0.215656955092733, 0.128202961541016, 
0.395329439035476, 0.281884499721489, -0.352455864069287, 0.0811951635803122, 
0.0679286126392274, -225.743955253144, -11.8276201693348, 20.5044038044349, 
-7.59249157706441, 23.856813745857, 2.47220153152496, 41.1270983848424, 
0.44645810122874, 0.0454289108969868, 0.244421460870412, -0.0549596601742292, 
0.311178802372166, 0.0530726670275387, -0.263949807937929, -0.338755352626345, 
-0.34598717471117, 0.0291081467783611, 0.00426697180974813, 0.140014410402581, 
0.14349281190789, -0.248883836583638, 0.291361938327197, -0.313759185264574, 
0.0937949277098773, -0.0252960356761201, -0.130999916563923, 
-0.138307976271488), .Dim = c(27L, 7L), .Dimnames = list(c("1", 
"3", "4", "5", "6", "7", "8", "9", "10", "11", "12", "13", "15", 
"16", "17", "18", "19", "20", "22", "23", "24", "25", "26", "27", 
"28", "29", "30"), c("x1", "x2", "x3", "x4", "x5", "x6", "x7"
)), assign = 1:7), qraux = c(1.19245008972988, 1.08566989943616, 
1.06589123532396, 1.29416944414195, 1.19568429541077, 1.35352534549846, 
1.00112145169316), pivot = 1:7, tol = 1e-07, rank = 7L), .Names = c("qr", 
"qraux", "pivot", "tol", "rank"), class = "qr"), df.residual = 20L, 
    xlevels = structure(list(), .Names = character(0)), call = quote(lm(formula = y ~ 
        . + 0, data = structure(list(y = c(43, 71, 61, 81, 43, 
        58, 71, 72, 67, 64, 67, 69, 77, 81, 74, 65, 65, 50, 64, 
        53, 40, 63, 66, 78, 48, 85, 82), x1 = c(1, 1, 1, 1, 1, 
        1, 1, 1, 1, 1, 1, 1, 1, 1, 1, 1, 1, 1, 1, 1, 1, 1, 1, 
        1, 1, 1, 1), x2 = c(51, 70, 63, 78, 55, 67, 75, 82, 61, 
        53, 60, 62, 77, 90, 85, 60, 70, 58, 61, 66, 37, 54, 77, 
        75, 57, 85, 82), x3 = c(30, 68, 45, 56, 49, 42, 50, 72, 
        45, 53, 47, 57, 54, 50, 64, 65, 46, 68, 52, 52, 42, 42, 
        66, 58, 44, 71, 39), x4 = c(58, 45, 72, 72, 56, 67, 58, 
        66, 66, 67, 34, 47, 47, 34, 54, 72, 47, 63, 54, 54, 47, 
        47, 69, 72, 55, 59, 63), x5 = c(61, 76, 54, 71, 54, 66, 
        70, 71, 62, 58, 59, 55, 79, 60, 79, 55, 75, 64, 66, 63, 
        50, 66, 88, 80, 51, 77, 64), x6 = c(92, 86, 84, 83, 49, 
        68, 66, 83, 80, 67, 74, 63, 77, 54, 79, 80, 85, 78, 80, 
        80, 57, 75, 76, 78, 83, 74, 78), x7 = c(45, 48, 35, 47, 
        34, 35, 41, 31, 41, 34, 41, 25, 46, 36, 63, 60, 46, 52, 
        41, 37, 49, 33, 72, 49, 38, 55, 39)), .Names = c("y", 
        "x1", "x2", "x3", "x4", "x5", "x6", "x7"),