
expected <- structure(list(coefficients = structure(c(11.0406039406959, 0.73887615433114, 
-0.110097190451858, -0.00291111528398589, 0.259557180531282, 
-0.024384466196974, -0.127016972857014), .Names = c("x1", "x2", 
"x3", "x4", "x5", "x6", "x7")), residuals = structure(c(-10.1253807552782, 
1.81504046612321, 4.32320746432895, 1.05197366907492, 8.26724758813363, 
-11.6236794687634, -8.75321572155212, -1.13454328751925, -3.97644023937734, 
7.10036581413721, 10.7271755392506, 8.59864540469652, -4.03653338396841, 
2.36337026517229, -0.619679022637953, -3.21823178700717, -4.11196972642366, 
-4.33020028035796, 7.80052015076764, 3.79788404176725, -10.6258930797227, 
1.01776998303437, -6.30937670985388, 5.50016742197839, -6.53901756124994, 
7.94806036979735, 5.09273284544962), .Names = c("1", "2", "3", 
"4", "5", "6", "7", "8", "9", "10", "11", "12", "14", "15", "16", 
"17", "19", "20", "21", "22", "23", "24", "26", "27", "28", "29", 
"30")), effects = structure(c(-335.248056309443, 55.507881731414, 
5.01730832808559, -0.766673974187756, -5.42654675649615, -0.82096269967868, 
-4.0120109816797, 3.46506744595614, 0.0807842105577484, 8.28269780390676, 
13.4468030405942, 11.5358283501251, 1.07537775840336, 4.70633622191601, 
9.94551109657265, -2.82335251619045, -3.35084527893864, -5.53821958589924, 
10.9371169052621, 4.87466642123376, -8.00334636861259, 1.92904012017314, 
-9.1885606168712, 6.06025380609749, -4.73978556524667, 9.9562117442753, 
10.0564698353168), .Names = c("x1", "x2", "x3", "x4", "x5", "x6", 
"x7", "", "", "", "", "", "", "", "", "", "", "", "", "", "", 
"", "", "", "", "", "")), rank = 7L, fitted.values = structure(c(53.1253807552782, 
61.1849595338768, 66.676792535671, 59.9480263309251, 72.7327524118664, 
54.6236794687634, 66.7532157215521, 72.1345432875193, 75.9764402393773, 
59.8996341858628, 53.2728244607494, 58.4013545953035, 72.0365333839684, 
74.6366297348277, 81.619679022638, 77.2182317870072, 69.1119697264237, 
54.330200280358, 42.1994798492324, 60.2021159582327, 63.6258930797227, 
38.9822300169656, 72.3093767098539, 72.4998325780216, 54.5390175612499, 
77.0519396302027, 76.9072671545504), .Names = c("1", "2", "3", 
"4", "5", "6", "7", "8", "9", "10", "11", "12", "14", "15", "16", 
"17", "19", "20", "21", "22", "23", "24", "26", "27", "28", "29", 
"30")), assign = 1:7, qr = structure(list(qr = structure(c(-5.19615242270663, 
0.192450089729875, 0.192450089729875, 0.192450089729875, 0.192450089729875, 
0.192450089729875, 0.192450089729875, 0.192450089729875, 0.192450089729875, 
0.192450089729875, 0.192450089729875, 0.192450089729875, 0.192450089729875, 
0.192450089729875, 0.192450089729875, 0.192450089729875, 0.192450089729875, 
0.192450089729875, 0.192450089729875, 0.192450089729875, 0.192450089729875, 
0.192450089729875, 0.192450089729875, 0.192450089729875, 0.192450089729875, 
0.192450089729875, 0.192450089729875, -350.644063487833, 69.9767157041593, 
-0.0740027970375246, 0.0260304773103873, -0.188326539149424, 
0.140354219422287, -0.0311313937455624, -0.145455135857462, -0.245488410205373, 
0.0546114128383621, 0.168935154950261, 0.0689018806023495, -0.259778877969361, 
-0.174036071385436, -0.359812152317273, -0.288359813497336, -0.0740027970375246, 
0.0974828161303243, 0.354711235882098, 0.0546114128383621, -0.0168409259815749, 
0.39758263917406, -0.174036071385436, -0.145455135857462, 0.111773283894312, 
-0.288359813497336, -0.245488410205373, -275.203628313722, 37.1192253786653, 
-51.7989002803227, -0.0646111375218958, 0.00305168115368953, 
0.0897822602435688, -0.161113265566024, -0.0838415133947335, 
0.273352707176091, -0.045318217241926, 0.186296897169124, 0.00293910122085157, 
0.476065967811465, -0.0259127170291181, -0.228538415494507, 0.0899698934649654, 
-0.112830929340394, 0.427646033890144, -0.074407704238998, 0.0898197868878481, 
0.0415874861879235, 0.128280538633523, 0.205752432907637, 0.0706019198964369, 
-0.0260378058433825, 0.22510789759474, -0.363726455149987, -297.527838722387, 
2.70989610931908, -8.0439934548757, -53.8807555399866, 0.219470066765041, 
0.0201663066456535, 0.157551833262299, -0.0351820786304812, 0.113087905333974, 
0.171634161114126, 0.239657452603361, -0.414601597723536, 0.0690504729132032, 
-0.242790526062866, -0.551074676209562, -0.135601728415936, -0.221789770153817, 
0.164211321872408, 0.122543961356841, -0.0406825038575024, -0.0641706855963392, 
-0.0727091199401545, 0.18334256972414, 0.236533650439674, -0.0152151548099814, 
-0.0324068562974101, 0.00839326737169779, -339.28950819377, 36.8715239374229, 
-8.58423415944909, -3.89668632455782, -38.5648429498349, -0.165001972530354, 
0.0758223108892258, 0.0214781216399312, -0.157731428113756, 0.0187550672499442, 
-0.0440798352644922, -0.119456321364048, -0.556139075256357, 
0.186423237549128, -0.451261085747486, 0.0449996288649687, 0.212918298751668, 
-0.0483319941620288, -0.172997092346953, 0.055565937548172, -0.0786459330712657, 
-0.0373495105075255, 0.383447547155706, 0.2553220397947, -0.235184821586783, 
-0.0424822402638629, -0.133452783337315, -389.711431702997, 9.93187509597131, 
-2.61272901832825, -12.7887752925998, -16.0388182309197, 46.3220794052438, 
0.271992867296004, 0.280683753676106, -0.00579018514522869, -0.00909426945260865, 
0.275557705575775, -0.119103570277329, 0.0161846553532584, 0.0452139341638469, 
0.255404763693549, 0.046590635857579, -0.157104113004296, 0.0725270596227049, 
0.158594149018016, -0.046949505688293, -0.084015976014111, 0.307288097257703, 
0.31213510327216, 0.214412973864729, -0.234455019359855, 0.182620585368985, 
-0.0279549793394514, -225.166604983954, 11.2561251087674, -11.4580557756746, 
1.76324158198211, -33.0045428725704, -2.42941138346452, 31.5864162988369, 
0.114767597352108, 0.351576735424381, 0.0339419341108488, 0.218755518908607, 
0.0278460386399338, -0.1472126927009, 0.228620387923826, -0.152571361349231, 
-0.427231781395074, 0.20164146471091, -0.227811967220338, -0.0106548389796033, 
0.176716856018151, 0.154301858083224, -0.253526695140013, -0.386391162083113, 
0.126352414132732, -0.123272647124721, -0.252007210350737, -0.0836539935510066
), .Dim = c(27L, 7L), .Dimnames = list(c("1", "2", "3", "4", 
"5", "6", "7", "8", "9", "10", "11", "12", "14", "15", "16", 
"17", "19", "20", "21", "22", "23", "24", "26", "27", "28", "29", 
"30"), c("x1", "x2", "x3", "x4", "x5", "x6", "x7")), assign = 1:7), 
    qraux = c(1.19245008972988, 1.0117400095464, 1.31188851221032, 
    1.27359590150923, 1.00090320886552, 1.54406708078052, 1.26598357639305
    ), pivot = 1:7, tol = 1e-07, rank = 7L), .Names = c("qr", 
"qraux", "pivot", "tol", "rank"), class = "qr"), df.residual = 20L, 
    xlevels = structure(list(), .Names = character(0)), call = quote(lm(formula = y ~ 
        . + 0, data = structure(list(y = c(43, 63, 71, 61, 81, 
        43, 58, 71, 72, 67, 64, 67, 68, 77, 81, 74, 65, 50, 50, 
        64, 53, 40, 66, 78, 48, 85, 82), x1 = c(1, 1, 1, 1, 1, 
        1, 1, 1, 1, 1, 1, 1, 1, 1, 1, 1, 1, 1, 1, 1, 1, 1, 1, 
        1, 1, 1, 1), x2 = c(51, 64, 70, 63, 78, 55, 67, 75, 82, 
        61, 53, 60, 83, 77, 90, 85, 70, 58, 40, 61, 66, 37, 77, 
        75, 57, 85, 82), x3 = c(30, 51, 68, 45, 56, 49, 42, 50, 
        72, 45, 53, 47, 83, 54, 50, 64, 46, 68, 33, 52, 52, 42, 
        66, 58, 44, 71, 39), x4 = c(58, 45, 45, 72, 72, 56, 67, 
        58, 66, 66, 67, 34, 63, 47, 34, 54, 47, 63, 59, 54, 54, 
        47, 69, 72, 55, 59, 63), x5 = c(61, 63, 76, 54, 71, 54, 
        66, 70, 71, 62, 58, 59, 59, 79, 60, 79, 75, 64, 43, 66, 
        63, 50, 88, 80, 51, 77, 64), x6 = c(92, 73, 86, 84, 83, 
        49, 68, 66, 83, 80, 67, 74, 77, 77, 54, 79, 85, 78, 64, 
        80, 80, 57, 76, 78, 83, 74, 78), x7 = c(45, 47, 48, 35, 
        47, 34, 35, 41, 31, 41, 34, 41, 35, 46, 36, 63, 46, 52, 
        33, 41, 37, 49, 72, 49, 38, 55, 39)), .Names = c("y", 
        "x1", "x2", "x3", "x4", "x5", "x6", "x7"),