
expected <- structure(list(coefficients = structure(c(1.15231654257204, -0.0695724858637202, 
0.221847536860412, 0.316260233867137, 0.3418739977411, 0.241760598117709, 
0.01125591771553), .Names = c("x1", "x2", "x3", "x4", "x5", "x6", 
"x7")), residuals = structure(c(-20.4114751006894, 1.99414705321384, 
-4.85810117545129, 17.2698130105654, -21.5664714782912, -7.19550438547464, 
3.94095668610987, -2.20183549138656, 4.50075362784681, 2.19090920681664, 
0.959906088435458, -1.02627630813244, 8.79838039788563, 3.52559238904596, 
12.9959697927264, 3.01344706307132, -1.65990583133482, -0.468882092171306, 
-1.76845334435757, -11.5089985964129, -5.56241695994733, -7.65511800584719, 
-6.86942204567477, 12.3304635009108, -17.5238183745454, 20.3833619680868, 
18.9824360565727), .Names = c("1", "2", "4", "5", "6", "7", "8", 
"9", "10", "11", "12", "13", "14", "15", "16", "17", "18", "19", 
"20", "21", "23", "25", "26", "27", "28", "29", "30")), effects = structure(c(219.244219567987, 
-248.007761245468, -67.6037867675955, -32.2834388998173, 22.007608470488, 
-11.2210459422788, -0.765531027201307, -20.7082343329591, 0.443517209459437, 
-2.37595074808344, -0.843636925818176, 2.496358971774, 10.3943946876118, 
6.20369140053878, 15.6198649104135, -3.13310326126454, -8.54966260872976, 
-9.53855336016255, -1.32399834947735, -11.5855498706248, -16.966736973092, 
-10.7092193080311, -20.6632391124531, 9.03331106861125, -27.1888967737916, 
4.81341886165579, 16.409260277591), .Names = c("x1", "x2", "x3", 
"x4", "x5", "x6", "x7", "", "", "", "", "", "", "", "", "", "", 
"", "", "", "", "", "", "", "", "", "")), rank = 7L, fitted.values = structure(c(63.4114751006894, 
61.0058529467862, 65.8581011754513, 63.7301869894346, 64.5664714782912, 
65.1955043854746, 67.0590433138901, 74.2018354913866, 62.4992463721532, 
61.8090907931834, 66.0400939115645, 70.0262763081324, 59.2016196021144, 
73.474407610954, 68.0040302072736, 70.9865529369287, 66.6599058313348, 
65.4688820921713, 51.7684533443576, 61.5089985964129, 58.5624169599473, 
70.6551180058472, 72.8694220456748, 65.6695364990892, 65.5238183745454, 
64.6166380319132, 63.0175639434273), .Names = c("1", "2", "4", 
"5", "6", "7", "8", "9", "10", "11", "12", "13", "14", "15", 
"16", "17", "18", "19", "20", "21", "23", "25", "26", "27", "28", 
"29", "30")), assign = 1:7, qr = structure(list(qr = structure(c(7.64511424469926, 
-0.0601265875873716, -0.0944114355619558, -0.311872593690452, 
-0.282996713571393, -0.0140531185328261, 0.222442147955255, -0.364879663809653, 
-0.154786779290594, -0.0766587037491159, -0.126054077084746, 
0.00335309146854804, -0.284700576216535, -0.158269254524493, 
-0.106941545905741, -0.138743471727486, -0.0895892022358218, 
-0.293432998323422, 0.173475502132501, -0.331096713711779, -0.136561862429302, 
-0.052546090588199, 0.0696493070161671, -0.140569220576353, -0.340743626764061, 
-0.215250577715795, -0.044287911261527, 206.429887693241, -269.517534618725, 
0.101676572991042, 0.0719431316376865, 0.093658312694585, 0.252766603782627, 
0.336446561700844, 0.134750892202147, 0.0606577842001955, 0.206933438123305, 
0.126826092246302, 0.150073240203374, 0.0631321746018004, 0.0589338440340697, 
0.169680429499495, 0.239275102551492, 0.263608088092465, 0.0996230085292726, 
0.393833798166753, 0.03645422168854, 0.210672401295315, 0.207738976184241, 
0.27936073177038, 0.234660962887897, 0.0428096825646989, 0.142036220563942, 
0.204406380016003, 167.698754433911, -205.099697999652, -80.2573463414183, 
-0.079906276192511, 0.0658952593397056, 0.0407001782397651, 0.142436561770207, 
-0.306710499645933, 0.283255368436208, -0.126852065180252, 0.312402878944028, 
0.433940607183, 0.0936216585619423, 0.419921042088094, 0.214623800259439, 
-0.112204230699273, -0.193870485733319, -0.15134201478321, -0.26383025261409, 
0.0980999027646469, -0.183718221102705, 0.0794703656054192, -0.0106436543717681, 
-0.16499026565928, -0.0318287625655911, -0.152229222174948, 0.025083458783889, 
183.609052200973, -219.498163851862, -53.4279255554967, -69.0632231101195, 
-0.199615308876192, 0.0287310800745727, 0.0371760398044864, 0.414035586328652, 
0.0668179334335757, 0.0922956625646938, -0.399925433880317, 0.122608445920035, 
-0.0741357293604176, -0.0535959777188126, -0.157665965673342, 
-0.129097812029994, 0.258963642533754, 0.182517193362767, 0.194644344777244, 
-0.315132682273185, 0.0433998981832558, 0.292229772771047, 0.232331165373668, 
0.262554882339221, 0.209437284374369, 0.0818855569606507, 0.120661319009891, 
206.965060038392, -228.891326076874, -58.570032294844, -12.3631699833719, 
54.0085929738791, 0.0234368874833216, -0.176519335165219, -0.148745293144181, 
0.0361688609623512, -0.279261402045228, -0.251312583676186, 0.163758287173395, 
0.226338227207307, 0.00733563562853742, 0.0731069787410603, -0.316109926285955, 
0.0367683079086086, -0.131668089865549, -0.0499465561459458, 
0.0635747332424828, -0.218190180549782, 0.0112162549835657, -0.539158411467246, 
0.194273919562112, -0.025681411799879, -0.449354766496282, -0.0226298454107666, 
236.375624456577, -295.798959807159, -51.1208638469173, -25.1752712501512, 
14.4845788964073, -45.5477717455613, 0.498814658354641, -0.276487274129277, 
-0.0901555800991278, 0.405467241082394, -0.08351301880469, -0.192376694584034, 
0.0002158791163331, 0.180787456999099, 0.0404028045385579, 0.173450174196718, 
0.00166181997077718, 0.183358378636559, 0.139391595703161, 0.485651302143274, 
-0.136049615745006, -0.148863101927766, 0.107025424621842, -0.118506195574159, 
-0.0816512980424966, 0.0342082379636368, 0.175075491896933, 144.13628691243, 
-184.332950917007, -46.12526853113, -11.4120259634811, 3.70244539012268, 
-18.6026059744628, -68.0114271042588, 0.0577749415494213, 0.350884754861736, 
-0.324661454515187, -0.244254158217929, 0.0471073700086007, -0.16470168904, 
-0.224582382852567, -0.0403021362792276, -0.337257736148877, 
0.362960949424036, -0.162338773430962, -0.107214365773343, 0.259003250251807, 
0.194091294593164, -0.160351913577815, 0.254774657889408, 0.0830353766324654, 
-0.0554895710898126, -0.0380212038503852, 0.215543305148565), .Dim = c(27L, 
7L), .Dimnames = list(c("1", "2", "4", "5", "6", "7", "8", "9", 
"10", "11", "12", "13", "14", "15", "16", "17", "18", "19", "20", 
"21", "23", "25", "26", "27", "28", "29", "30"), c("x1", "x2", 
"x3", "x4", "x5", "x6", "x7")), assign = 1:7), qraux = c(1.02255892688872, 
1.28561372210427, 1.12385767105207, 1.18915141511477, 1.12593882297315, 
1.01598706428128, 1.30080197997691), pivot = 1:7, tol = 1e-07, 
    rank = 7L), .Names = c("qr", "qraux", "pivot", "tol", "rank"
), class = "qr"), df.residual = 20L, xlevels = structure(list(), .Names = character(0)), 
    call = quote(lm(formula = y ~ . + 0, data = structure(list(y = c(43, 
        63, 61, 81, 43, 58, 71, 72, 67, 64, 67, 69, 68, 77, 81, 
        74, 65, 65, 50, 50, 53, 63, 66, 78, 48, 85, 82), x1 = c(-0.172465573302085, 
        0.459674631249372, 0.721786210877214, 2.38430160855418, 
        2.16354220612773, 0.107437696677756, -1.70059563395422, 
        2.78954671539225, 1.18336261124564, 0.586064548012546, 
        0.963697820323011, -0.0256347673499762, 2.17656843070712, 
        1.20998653226313, 0.817580335954143, 1.06070969206283, 
        0.684919686184324, 2.24332879534721, -1.32624003245954, 
        2.53127220237103, 1.04403103974092, 0.401720865659098, 
        -0.532476909202731, 1.07466775059455, 2.60502395476441, 
        1.64561525787477, 0.338586141253477), x2 = c(70, 85, 
        40, 61, 63, 70, 61, 85, 37, 66, 51, 40, 55, 37, 60, 83, 
        83, 66, 83, 54, 75, 63, 66, 82, 57, 67, 61), x3 = c(52, 
        72, 42, 44, 57, 58, 57, 45, 53, 42, 66, 66, 53, 64, 65, 
        57, 50, 42, 42, 53, 45, 56, 50, 52, 45, 42, 50), x4 = c(59, 
        47, 71, 59, 45, 58, 55, 75, 59, 47, 39, 74, 50, 62, 54, 
        47, 66, 56, 50, 34, 47, 75, 63, 69, 62, 48, 57),