
expected <- structure(list(coefficients = structure(c(5.48760768811465, 0.605383620783661, 
-0.0229573870834861, 0.500512512291248, -0.0251284660121872, 
0.120481479407407, -0.362748732670245), .Names = c("x1", "x2", 
"x3", "x4", "x5", "x6", "x7")), residuals = structure(c(-5.3960769575004, 
2.74812745679004, -1.17996840547523, -1.15995445251038, 5.60376268187436, 
-8.49248836426161, -8.39803065859603, 2.43334341672292, 8.98564422884209, 
4.40811043011918, 8.8245625234382, -2.9477675942843, -5.64973184450649, 
-1.41974944382919, 0.777280371802065, -1.9572267015916, -5.34462902993297, 
10.508414341508, -1.53724100802753, -11.0090038951318, -3.66300790720598, 
6.58051863057077, 2.50054785880398, 1.7142476844033, -7.93880195669627, 
6.4403447768478, 4.56877381782708), .Names = c("1", "2", "3", 
"4", "5", "6", "7", "8", "10", "11", "13", "14", "16", "17", 
"18", "19", "20", "21", "22", "23", "24", "25", "26", "27", "28", 
"29", "30")), effects = structure(c(-331.591504604575, -52.8406667457116, 
1.16535851229253, 13.6513149923323, 0.10808693120593, 0.709240936188799, 
-13.6886590512274, 3.23210325695591, 9.48197051048365, 9.37568841744755, 
15.0104248873776, -3.9068750689118, -1.56623017180642, -2.33647063688558, 
1.77299539152785, -3.10653238731455, -4.17245495483356, 10.7799918893671, 
1.60695640180112, -8.90803656802026, 0.333006548818828, 8.5759417432793, 
-1.94566448905888, 2.18994438660512, -7.4877872080925, 7.65428893967112, 
6.02823767186968), .Names = c("x1", "x2", "x3", "x4", "x5", "x6", 
"x7", "", "", "", "", "", "", "", "", "", "", "", "", "", "", 
"", "", "", "", "", "")), rank = 7L, fitted.values = structure(c(48.3960769575004, 
60.25187254321, 72.1799684054752, 62.1599544525104, 75.3962373181256, 
51.4924883642616, 66.398030658596, 68.5666565832771, 58.0143557711579, 
59.5918895698808, 60.1754374765618, 70.9477675942843, 86.6497318445065, 
75.4197494438292, 64.2227196281979, 66.9572267015916, 55.344629029933, 
39.491585658492, 65.5372410080275, 64.0090038951318, 43.663007907206, 
56.4194813694292, 63.499452141196, 76.2857523155967, 55.9388019566963, 
78.5596552231522, 77.4312261821729), .Names = c("1", "2", "3", 
"4", "5", "6", "7", "8", "10", "11", "13", "14", "16", "17", 
"18", "19", "20", "21", "22", "23", "24", "25", "26", "27", "28", 
"29", "30")), assign = 1:7, qr = structure(list(qr = structure(c(-5.19615242270663, 
0.192450089729875, 0.192450089729875, 0.192450089729875, 0.192450089729875, 
0.192450089729875, 0.192450089729875, 0.192450089729875, 0.192450089729875, 
0.192450089729875, 0.192450089729875, 0.192450089729875, 0.192450089729875, 
0.192450089729875, 0.192450089729875, 0.192450089729875, 0.192450089729875, 
0.192450089729875, 0.192450089729875, 0.192450089729875, 0.192450089729875, 
0.192450089729875, 0.192450089729875, 0.192450089729875, 0.192450089729875, 
0.192450089729875, 0.192450089729875, -342.368709629448, -68.8379740162845, 
0.0946285258367066, -0.00705953369775985, 0.210843451018954, 
-0.123274458880007, 0.0510479288933639, 0.167262854075611, -0.0361132649933217, 
-0.152328190175569, -0.0215863993455408, 0.283477779257859, 0.385165838792325, 
0.312531510553421, -0.0506401306411026, 0.0946285258367066, -0.0796938619366645, 
-0.341177443596721, -0.0361132649933217, 0.0365210632455829, 
-0.384758040540064, -0.137801324527788, 0.196316585371173, 0.167262854075611, 
-0.0942207275844454, 0.312531510553421, 0.268950913610078, -273.471577506153, 
-33.2358545059397, -53.2510494878393, -0.070052322797673, -0.00669154004805236, 
0.0814411228608679, -0.164578018240964, -0.0907237925312555, 
-0.0509579339970586, 0.175651402117566, 0.164842542970884, 0.452604748528973, 
-0.233931708535864, 0.0767098800619636, 0.334168712683665, -0.118103710985803, 
0.409600019326341, -0.0758145229588567, 0.080494874301087, 0.032758902299551, 
0.121837813768252, -0.0404644910369705, 0.190645380492463, 0.0595079883809109, 
-0.0315481290098505, 0.208162688360109, -0.364122852087635, -291.176985761301, 
-32.7887498632246, -12.0111858195518, 45.9738214702459, -0.126776264009074, 
0.146469422888452, -0.0900171792328606, 0.0462799188113019, 0.0896046789845458, 
-0.14017645812747, 0.29795177230988, 0.572139119503493, -0.225001870218563, 
-0.0840514605148644, -0.370965020032825, -0.0610621517971232, 
0.0959399796426184, 0.141459594833629, -0.182404373202978, 0.111445026063237, 
-0.3305079318491, -0.00136645725563106, 0.00943141373069283, 
-0.304983229318835, 0.099090725323558, -0.0732908932916216, -0.0800336620639995, 
-340.25175864242, 0.894209285430096, 17.9802160649514, -6.83427547713578, 
-55.4972579453695, 0.11630033135804, 0.369728890961562, 0.0975662442973194, 
0.0104593579142226, -0.0421691282910368, -0.33328638574839, 0.423789184829986, 
-0.0369272615199522, -0.238865228783855, -0.0294792116997185, 
0.187710582903182, -0.1601916462158, 0.388562656879776, -0.0998697152397468, 
-0.0888426376299013, -0.188725211445125, 0.164118789901679, 0.0794140895717098, 
0.221025651191206, 0.103299932504747, -0.204057367368417, -0.120847016891456, 
-386.632230267319, -8.06563862688463, -1.53998245972937, -0.682271547394574, 
1.37047386667313, 51.8917021593928, 0.170517221379795, 0.228742047048381, 
-0.0499818114451395, 0.189796262776145, 0.315996116654547, 0.201597093663195, 
0.407534782390424, -0.0278492022035984, -0.0612517417553011, 
-0.155545232648034, 0.0425731420047257, 0.265731105111043, -0.0761880325084972, 
-0.0360982219188151, 0.320850678529469, 0.038380260311908, 0.0733471154468972, 
-0.0208875545324852, -0.101437832848076, 0.091844375877858, -0.0682266777616598, 
-225.166604983954, -15.0934134080444, -18.1722398077161, 26.0474835996643, 
4.00164250638306, 15.2798551993343, 37.7359252242267, -0.0142765160462349, 
-0.028266132990652, 0.315124094698216, 0.271000581941818, -0.0363244582920102, 
0.347487568065354, -0.212269902924255, 0.00532516231140124, -0.00191703070377676, 
-0.149713400836783, -0.180995239019517, 0.273172199918304, 0.143821474851582, 
-0.0818867516703695, 0.157633010349352, -0.620041653817283, 0.177229453628683, 
0.0239832924548259, 0.00345587468059452, 0.203933962534848), .Dim = c(27L, 
7L), .Dimnames = list(c("1", "2", "3", "4", "5", "6", "7", "8", 
"10", "11", "13", "14", "16", "17", "18", "19", "20", "21", "22", 
"23", "24", "25", "26", "27", "28", "29", "30"), c("x1", "x2", 
"x3", "x4", "x5", "x6", "x7")), assign = 1:7), qraux = c(1.19245008972988, 
1.00746733195002, 1.29503368652266, 1.1027371946009, 1.27208766570072, 
1.57587460368639, 1.1379213162486), pivot = 1:7, tol = 1e-07, 
    rank = 7L), .Names = c("qr", "qraux", "pivot", "tol", "rank"
), class = "qr"), df.residual = 20L, xlevels = structure(list(), .Names = character(0)), 
    call = quote(lm(formula = y ~ . + 0, data = structure(list(y = c(43, 
        63, 71, 61, 81, 43, 58, 71, 67, 64, 69, 68, 81, 74, 65, 
        65, 50, 50, 64, 53, 40, 63, 66, 78, 48, 85, 82), x1 = c(1, 
        1, 1, 1, 1, 1, 1, 1, 1, 1, 1, 1, 1, 1, 1, 1, 1, 1, 1, 
        1, 1, 1, 1, 1, 1, 1, 1), x2 = c(51, 64, 70, 63, 78, 55, 
        67, 75, 61, 53, 62, 83, 90, 85, 60, 70, 58, 40, 61, 66, 
        37, 54, 77, 75, 57, 85, 82), x3 = c(30, 51, 68, 45, 56, 
        49, 42, 50, 45, 53, 57, 83, 50, 64, 65, 46, 68, 33, 52, 
        52, 42, 42, 66, 58, 44, 71, 39), x4 = c(39, 54, 69, 47, 
        66, 44, 56, 55, 47, 58, 42, 45, 72, 69, 75, 57, 54, 34, 
        62, 50, 58, 48, 63, 74, 45, 71, 59), x5 = c(62, 63, 64, 
        55, 80, 70, 88, 71, 66, 61, 43, 79, 66, 50, 60, 77, 50, 
        88, 59, 59, 55, 75, 66, 77, 71, 50, 63), x6 = c(92, 73, 
        86, 84, 83, 49, 68, 66, 80, 67, 63, 77, 54, 79, 80, 85, 
        78, 64, 80, 80, 57, 75, 76, 78, 83, 74, 78), x7 = c(45, 
        47, 48, 35, 47, 34, 35, 41, 41, 34, 25, 35, 36, 63, 60, 
        46, 52, 33, 41, 37, 49, 33, 72, 49, 38, 55, 39)), .Names = c("y", 
        "x1", "x2", "x3", "x4", "x5", "x6", "x7"),