
expected <- structure(list(coefficients = structure(c(5.00980749073296, -0.00687727195526581, 
0.230763165859244, 0.0517830149713727, 0.616508815874244, -0.000463725173981292, 
0.074176106269492), .Names = c("x1", "x2", "x3", "x4", "x5", 
"x6", "x7")), residuals = structure(c(-14.7343514330363, 0.961067030761807, 
3.79103309102247, 1.69542334507162, 2.13349530478769, -21.3931857695992, 
0.132302205715318, -1.12177972683116, 13.8798359534132, -0.3454050047705, 
6.8523438727718, 10.695209460346, -5.25810899942765, 5.73209151280486, 
2.89762061430425, 7.86974487229048, -1.38505013671605, -13.3617570600361, 
10.1069317659831, -14.4840551369839, -13.8235946838341, -1.93794373982095, 
1.40517896615887, 10.4073643779518, -18.5617192850718, 16.1013360871425, 
11.277020958646), .Names = c("1", "2", "3", "4", "5", "6", "7", 
"8", "9", "11", "12", "13", "14", "15", "18", "19", "20", "21", 
"22", "23", "24", "25", "26", "27", "28", "29", "30")), effects = structure(c(-277.351611501148, 
-175.147051628614, 35.5192071153228, -22.5356982093354, -31.6849036561785, 
-0.706022672536957, -2.91353923849117, 1.9141172647151, 20.6286479878579, 
1.90654879861782, 12.4650276769915, 13.420723181416, -4.96514909848651, 
8.44632803382038, 4.28890331496748, 15.6606570761422, 4.36153387956195, 
-8.52408395511447, 16.3315112160107, -6.9956276237333, -7.75883110875636, 
-1.37884623284197, 4.58765578924828, 15.5057292925453, -17.0438523474204, 
21.1663641745273, 10.7145861987995), .Names = c("x1", "x2", "x3", 
"x4", "x5", "x6", "x7", "", "", "", "", "", "", "", "", "", "", 
"", "", "", "", "", "", "", "", "", "")), rank = 7L, fitted.values = structure(c(57.7343514330363, 
62.0389329692382, 67.2089669089775, 59.3045766549284, 78.8665046952123, 
64.3931857695992, 57.8676977942847, 72.1217797268312, 58.1201640465868, 
64.3454050047705, 60.1476561272282, 58.304790539654, 73.2581089994276, 
71.2679084871951, 62.1023793856957, 57.1302551277095, 51.385050136716, 
63.3617570600361, 53.8930682340169, 67.4840551369839, 53.8235946838341, 
64.937943739821, 64.5948210338411, 67.5926356220482, 66.5617192850718, 
68.8986639128575, 70.722979041354), .Names = c("1", "2", "3", 
"4", "5", "6", "7", "8", "9", "11", "12", "13", "14", "15", "18", 
"19", "20", "21", "22", "23", "24", "25", "26", "27", "28", "29", 
"30")), assign = 1:7, qr = structure(list(qr = structure(c(-8.06415556011024, 
0.0181449679503148, 0.198700365037077, 0.0452647947971412, 0.439162672084665, 
0.229408246603848, 0.0220370202821113, 0.120040824553633, 0.146542044316245, 
0.19050811065019, 0.189948675142342, 0.0989200040591627, 0.229433502214621, 
0.195188112461861, -0.0759443808089673, 0.200533994746292, -0.0165543483499542, 
0.1003180879584, 0.0894608077750717, 0.315687156976152, 0.150854453967835, 
0.151711001458134, 0.198797674195367, 0.310958310709528, 0.105581824360231, 
0.345653382842305, 0.0251440955938412, -264.889133839441, -219.510242981485, 
0.102307431778403, 0.189398867299763, -0.307723366045834, -0.0545380646749385, 
0.359668520709661, 0.200670656308761, 0.0673079463277346, 0.0442178495698705, 
0.136029341274124, 0.108636602010231, 0.0137642943870652, 0.00192077033713509, 
0.482193601533764, 0.0544585295129627, 0.303148057161484, 0.152444268217943, 
0.238910760917111, -0.0212057816964768, 0.098360075712127, 0.129178141338021, 
0.0110738259555524, -0.101848716661558, 0.159528789577033, -0.158901458425934, 
0.214559665866322, -230.784606371548, -146.274110395261, 86.9962648049025, 
-0.143455812542485, -0.131128336484468, -0.23409178731773, 0.201029341533409, 
0.085267134027581, -0.427607502674305, 0.264691344258194, 0.203539822570931, 
-0.0755546754629303, 0.148506317099606, 0.0666843732352575, 0.0928377768224403, 
-0.0113947248265883, 0.0297658219526431, 0.00413496228732598, 
0.180798038219858, 0.202913333970076, 0.0174988087086593, 0.199646231676796, 
-0.206246587289861, 0.153639829188447, -0.256250945662266, 0.09455490105879, 
-0.512568442208438, -226.105189514793, -172.193295763478, 31.4034365907569, 
-69.2584748524051, -0.109336849471472, -0.233738263344722, 0.2368727970823, 
0.181304633298431, -0.365026039489975, 0.228762219120875, -0.0919620201827316, 
0.321289520796621, 0.135398921325197, -0.0157721296568469, -0.256566925239713, 
-0.0877208682062638, 0.145096715220531, -0.0788182449754585, 
-0.121267463233843, -0.170039824392016, -0.165720885344897, 0.363791253633851, 
-0.116378852049269, 0.00616274488329802, -0.171465017892612, 
-0.24120709667026, 0.0643579210452883, -261.516681254641, -201.799570791005, 
18.689572076464, -30.5561342258768, -50.5567128173252, 0.094834989978467, 
-0.283420575457034, 0.0545358329802117, -0.199954582060374, 0.200875974181454, 
-0.237534800672299, 0.0139018118441265, 0.229175127379518, 0.568904634401503, 
0.253521057718508, -0.25808376800918, 0.0386548177695385, 0.308643344688819, 
-0.100493366877674, -0.261556203535953, -0.0849361932356203, 
-0.0414568900469687, 0.00170392717322225, 0.0337295141008604, 
0.0785493220046213, 0.21200200275952, 0.102307909620729, -319.266830403533, 
-223.181775781081, 41.6272413205107, -37.6050563057522, -20.2614249433164, 
-55.5166024071775, 0.0178829156089057, 0.19551920534888, 0.0275109035543884, 
0.243495065841482, 0.138080428513224, 0.12715232332712, 0.0349322013789229, 
0.328946977688281, 0.332018383373931, 0.175596273893947, 0.447710793822767, 
0.387138830067598, 0.326476270705406, 0.142390665817105, 0.213342774865855, 
0.0206077119237222, -0.0572493143003842, 0.155775886207878, -0.0710271267344612, 
0.135563351011254, -0.157820197987161, -171.607510618314, -130.467875954143, 
31.2031295514511, -1.73368295553049, -7.08638215077388, -9.86526734078578, 
-39.2786759108907, -0.0147457163183009, 0.371464082094529, 0.27667283839047, 
-0.338456735686059, 0.0107110863566732, 0.193869156079531, -0.072106310077315, 
0.365032788663882, -0.339258931430293, -0.175524697258899, -0.0752336119547448, 
-0.316818015260663, -0.00360996494309337, -0.0358209062152402, 
-0.0565307324242916, -0.137856771273104, 0.183813363826702, -0.211983541382952, 
-0.187966158353324, 0.313350316346781), .Dim = c(27L, 7L), .Dimnames = list(
    c("1", "2", "3", "4", "5", "6", "7", "8", "9", "11", "12", 
    "13", "14", "15", "18", "19", "20", "21", "22", "23", "24", 
    "25", "26", "27", "28", "29", "30"), c("x1", "x2", "x3", 
    "x4", "x5", "x6", "x7")), assign = 1:7), qraux = c(1.16172564940194, 
1.3280907373337, 1.07773770621387, 1.34506696948919, 1.129543004112, 
1.12914717195245, 1.08287458609226), pivot = 1:7, tol = 1e-07, 
    rank = 7L), .Names = c("qr", "qraux", "pivot", "tol", "rank"
), class = "qr"), df.residual = 20L, xlevels = structure(list(), .Names = character(0)), 
    call = quote(lm(formula = y ~ . + 0, data = structure(list(y = c(43, 
        63, 71, 61, 81, 43, 58, 71, 72, 64, 67, 69, 68, 77, 65, 
        65, 50, 50, 64, 53, 40, 63, 66, 78, 48, 85, 82), x1 = c(1.30418079483706, 
        0.146323844184553, 1.60235065350968, 0.365022346640615, 
        3.54147610388442, 1.84998378738556, 0.17770995963625, 
        0.968027882764394, 1.18173784146277, 1.53628703974583, 
        1.53177566478469, 0.797706300739824, 1.8501874525596, 
        1.57402730237674, -0.612427300759763, 1.61713732872443, 
        -0.133496840290285, 0.80898066678936, 0.721425870431298, 
        2.54575034218463, 1.21651378373211, 1.2234211159385, 
        1.60313536969955, 2.50761619027073, 0.851428255961143, 
        2.78740264911869, 0.202765898287018), x2 = c(54, 77, 
        77, 54, 53, 51, 85, 77, 55, 62, 82, 51, 66, 54, 85, 67, 
        62, 61, 77, 82, 63, 70, 57, 63, 64, 60, 54), x3 = c(52, 
        58, 57, 52, 72, 68, 42, 52, 83, 30, 49, 47, 45, 42, 46, 
        58, 39, 47, 42, 56, 50, 39, 68, 47, 72, 52, 83), x4 = c(66, 
        54, 45, 74, 58, 44, 72, 72, 44, 58, 54, 69, 62, 45, 39, 
        54, 55, 45, 45, 54, 42, 75, 54, 54, 54, 39, 72), x5 = c(54, 
        70, 66, 64, 64, 55, 66, 79, 43, 71, 59, 61, 77, 80, 79, 
        50, 62, 71, 59, 58, 51, 71, 58, 62, 66, 63, 70),