
expected <- structure(list(coefficients = structure(c(-0.168385042709883, 
0.555327662792988, -0.00278637515926216, 0.506612707958149, 0.116037485825386, 
0.12547790306102, -0.408373495743621), .Names = c("x1", "x2", 
"x3", "x4", "x5", "x6", "x7")), residuals = structure(c(-5.03966075409116, 
2.86826711645452, -2.50244114990452, -0.133126236820087, 4.95699462640161, 
-8.34407360747347, -9.21253876570178, 1.81272733207725, 8.94181616417883, 
4.15846566740445, 9.55702169615479, -2.59937950162525, -4.22722343888396, 
-1.02476662014286, 2.62909934524735, -2.91255475818706, -5.46307342112653, 
11.1011334015902, -1.77250006130219, -11.0573271354735, -2.49474006037862, 
5.33252098671252, 1.44793585598582, -0.23602892018813, -6.9743426014439, 
6.51437094402569, 5.44783725804461), .Names = c("1", "2", "3", 
"4", "5", "6", "7", "8", "10", "11", "13", "14", "16", "17", 
"18", "19", "20", "21", "22", "23", "24", "25", "26", "27", "28", 
"29", "30")), effects = structure(c(-184.448425816075, -280.253375319087, 
-3.7152062846767, 18.0454805124638, 0.372044134398934, 7.01553543840204, 
-13.3811620332251, 1.99054027051295, 7.57988047697014, 5.4363106733705, 
13.9196701131528, 0.358230426523216, -3.98354689858997, 0.86516133561181, 
2.34824252339218, 0.772635942247952, -8.25903346366458, 8.38856282141445, 
1.25605030979727, -11.2066966022872, -2.93808665262811, 9.00080961966445, 
5.79827463529468, -1.0828980648185, -9.46971745459612, 9.34348852437852, 
3.63628954417114), .Names = c("x1", "x2", "x3", "x4", "x5", "x6", 
"x7", "", "", "", "", "", "", "", "", "", "", "", "", "", "", 
"", "", "", "", "", "")), rank = 7L, fitted.values = structure(c(48.0396607540912, 
60.1317328835455, 73.5024411499045, 61.1331262368201, 76.0430053735984, 
51.3440736074735, 67.2125387657018, 69.1872726679228, 58.0581838358212, 
59.8415343325956, 59.4429783038452, 70.5993795016253, 85.227223438884, 
75.0247666201429, 62.3709006547526, 67.9125547581871, 55.4630734211265, 
38.8988665984098, 65.7725000613022, 64.0573271354735, 42.4947400603786, 
57.6674790132875, 64.5520641440142, 78.2360289201881, 54.9743426014439, 
78.4856290559743, 76.5521627419554), .Names = c("1", "2", "3", 
"4", "5", "6", "7", "8", "10", "11", "13", "14", "16", "17", 
"18", "19", "20", "21", "22", "23", "24", "25", "26", "27", "28", 
"29", "30")), assign = 1:7, qr = structure(list(qr = structure(c(-6.82265228539672, 
-0.0862502839641354, 0.1264930805556, 0.0444126079211754, 0.0110783662735511, 
-0.10174046034709, 0.126735307164047, -0.13271341261208, -0.00743622094453482, 
0.0689271887700579, 0.160231664473788, 0.238552665812306, 0.10939147787283, 
0.268288911113162, 0.593195254982835, 0.254506293948047, -0.0941847468807919, 
-0.00783932275173715, 0.279393829047159, 0.0163792426453181, 
0.228672343527255, 0.098872923433208, 0.248594464072465, -0.173001330485997, 
0.146836381806607, 0.216394346822403, 0.0463913916926862, -190.769613635645, 
-292.50975114226, 0.150378444390568, 0.18415355269472, 0.258869231749629, 
0.259555630826512, 0.139952080815313, 0.349704673967816, 0.213768024324428, 
0.132731903698584, 0.0993093223007215, 0.116038928601251, 0.23077536057637, 
0.101970508994846, -0.211919195810586, 0.0603799116893904, 0.264499723109449, 
0.14225894297488, 0.0121147500275029, 0.21411822513575, -0.0342745147742425, 
0.11509751504023, 0.0884669963966822, 0.378028730509717, 0.091633307468575, 
0.138454513400056, 0.247717486181888, -163.431063226893, -221.320208845475, 
-55.0876821905084, -0.0643662012472315, -0.0688504576627313, 
0.138244633769145, -0.185015204490345, -0.11755870838024, -0.0298946997947585, 
0.216672311047866, 0.152450579672324, 0.32249724442459, -0.357195265988369, 
-0.0540313226363436, 0.269711693185506, -0.170549577152074, 0.440484580621515, 
0.0441647838807664, 0.0602379061681944, 0.024622312108607, 0.218774803352735, 
-0.00076296243226654, 0.0959886040033105, 0.032852536974631, 
-0.0123255983105302, 0.0797217307533402, -0.4375859242493, -173.924407016975, 
-235.094754287759, -16.3762403280391, 48.2656803835839, -0.0790144397976235, 
0.0486755496769638, -0.0761404362033411, 0.0359543083224217, 
0.0398907490717049, -0.19200477721446, 0.288702873335695, 0.678391021352712, 
-0.100905725234478, 0.0563427612764812, -0.254115130287151, -0.00364466296060432, 
0.0282580017771046, -0.0122972998652256, -0.149675519951328, 
0.0930015988134789, -0.415733110454288, -0.0558828033075868, 
0.106643957494728, -0.302415846407048, 0.0653399979079657, 0.0595154293879514, 
-0.0200103786830769, -183.778831748656, -278.00640134335, -17.3250223113561, 
25.0656431843357, 41.2957497435947, -0.0242264233295672, -0.0448767720751918, 
-0.0698954096860981, -0.128559476631415, 0.082297393252308, 0.0242212963143572, 
0.247932328624564, 0.564160251255024, 0.067340771198401, 0.525242918220048, 
-0.20248221852055, -0.0348117957733292, -0.0844654434107015, 
0.0254735852964516, -0.040827995364418, 0.102787891206281, -0.279404155744839, 
-0.304146191106332, -0.0157983134689961, 0.0766804208413602, 
0.164300360125405, 0.169961330265994, -222.425111120316, -309.371045359445, 
-22.9046346003101, 21.5109937557432, 46.8530475664255, 62.2982586556353, 
0.137078777889922, 0.152725493017226, -0.154732613779224, -0.0661840416598758, 
0.191677429250761, 0.257813465268656, 0.27242457869664, 0.331664952402731, 
-0.0569596004644186, 0.114484956803805, -0.134028023929762, -0.262549684550888, 
-0.00512458068111613, -0.0967390218453212, -0.0615373841750134, 
0.00299926659321051, 0.530051578205694, -0.0207468253781427, 
-0.299045850879379, 0.355088732307516, -0.0623666474177281, -140.151088490766, 
-175.694761618416, -22.8028701000668, 29.4197230189118, 25.21915136295, 
1.96271166080597, 32.7669698760907, 0.029538837313491, -0.0298727314277851, 
0.288759993509525, 0.345296582138964, 0.0477862715389177, 0.165526875229508, 
-0.210577335150944, -0.188415049122169, 0.222582110912897, -0.294004420344813, 
-0.128586283592307, 0.319698920376992, 0.115944219561973, -0.139924008705341, 
0.392144937974871, -0.333419509643576, 0.130020713487307, -0.0569602596714971, 
-0.0153638596496571, 0.0682665878876179), .Dim = c(27L, 7L), .Dimnames = list(
    c("1", "2", "3", "4", "5", "6", "7", "8", "10", "11", "13", 
    "14", "16", "17", "18", "19", "20", "21", "22", "23", "24", 
    "25", "26", "27", "28", "29", "30"), c("x1", "x2", "x3", 
    "x4", "x5", "x6", "x7")), assign = 1:7), qraux = c(1.17565728293268, 
1.27943360736184, 1.24529909867094, 1.07303043182188, 1.1168570109786, 
1.15785526166637, 1.32918053232058), pivot = 1:7, tol = 1e-07, 
    rank = 7L), .Names = c("qr", "qraux", "pivot", "tol", "rank"
), class = "qr"), df.residual = 20L, xlevels = structure(list(), .Names = character(0)), 
    call = quote(lm(formula = y ~ . + 0, data = structure(list(y = c(43, 
        63, 71, 61, 81, 43, 58, 71, 67, 64, 69, 68, 81, 74, 65, 
        65, 50, 50, 64, 53, 40, 63, 66, 78, 48, 85, 82), x1 = c(1.19844856284726, 
        -0.588455697004025, 0.863018305139535, 0.303011780933836, 
        0.0755838409747057, -0.694139784304391, 0.864670933063239, 
        -0.905457467860607, -0.0507347498219455, 0.470266241988007, 
        1.09320493181501, 1.62756189059181, 0.746340016511991, 
        1.83044195255281, 4.04716496209513, 1.73640794805249, 
        -0.642589778555747, -0.053484973288102, 1.90620694627434, 
        0.111749877267147, 1.56015188717325, 0.674575577025432, 
        1.69607358844098, -1.18032792281696, 1.00181357591223, 
        1.4763833848948, 0.31651233455484), x2 = c(51, 64, 70, 
        63, 78, 55, 67, 75, 61, 53, 62, 83, 90, 85, 60, 70, 58, 
        40, 61, 66, 37, 54, 77, 75, 57, 85, 82), x3 = c(30, 51, 
        68, 45, 56, 49, 42, 50, 45, 53, 57, 83, 50, 64, 65, 46, 
        68, 33, 52, 52, 42, 42, 66, 58, 44, 71, 39), x4 = c(39, 
        54, 69, 47, 66, 44, 56, 55, 47, 58, 42, 45, 72, 69, 75, 
        57, 54, 34, 62, 50, 58, 48, 63, 74, 45, 71, 59),