
expected <- structure(list(coefficients = structure(c(13.1760682115102, 0.495447900498419, 
-0.0294770945710689, 0.249647337818167, 0.173342752980563, 0.0549950903566095, 
-0.223260995116138), .Names = c("x1", "x2", "x3", "x4", "x5", 
"x6", "x7")), residuals = structure(c(1.48933381218751, 0.822686927076233, 
0.0377970134928463, -10.9585687102787, -8.39101221892533, 1.88705381096183, 
-7.00615007026262, 7.99737867618731, 5.08757726407476, 10.5441225268935, 
8.58937998557109, -2.88309154781682, 2.13401517416832, 1.87159642850486, 
-1.10262954980906, 4.39799449899731, -3.10717943570653, -7.51626687915209, 
6.23866421627876, -0.325015240139507, -10.5015292352019, -5.61121719008465, 
5.33563116107153, -2.93848158490949, 3.50699664468976, -7.92116653295184, 
8.32208005508288), .Names = c("2", "3", "4", "6", "7", "8", "9", 
"10", "11", "12", "13", "14", "15", "16", "17", "18", "19", "20", 
"21", "22", "23", "24", "25", "26", "27", "28", "29")), effects = structure(c(-333.516005501874, 
-45.8271796854879, 1.2297651777378, 9.07551265336333, -2.33399408153998, 
1.69558768125029, -8.69646667491765, 10.1588568448564, 4.00090644092282, 
13.5830967160591, 11.3567658059704, -0.529872338448079, 1.45116516079823, 
-4.17241642148936, -3.40237619059706, -4.56358760923519, -0.325357005295536, 
-8.13360191507386, 7.11940377684069, -0.496054765084456, -8.23926987785329, 
-11.5039993041937, 9.11829351893085, -2.96477837948114, 2.40685096281434, 
-7.23433850060583, 5.80932152712855), .Names = c("x1", "x2", 
"x3", "x4", "x5", "x6", "x7", "", "", "", "", "", "", "", "", 
"", "", "", "", "", "", "", "", "", "", "", "")), rank = 7L, 
    fitted.values = structure(c(61.5106661878125, 70.1773130729238, 
    60.9622029865072, 53.9585687102787, 66.3910122189253, 69.1129461890382, 
    79.0061500702626, 59.0026213238127, 58.9124227359252, 56.4558774731065, 
    60.4106200144289, 70.8830915478168, 74.8659848258317, 79.1284035714951, 
    75.1026295498091, 60.6020055010027, 68.1071794357065, 57.5162668791521, 
    43.7613357837212, 64.3250152401395, 63.5015292352019, 45.6112171900847, 
    57.6643688389285, 68.9384815849095, 74.4930033553102, 55.9211665329518, 
    76.6779199449171), .Names = c("2", "3", "4", "6", "7", "8", 
    "9", "10", "11", "12", "13", "14", "15", "16", "17", "18", 
    "19", "20", "21", "22", "23", "24", "25", "26", "27", "28", 
    "29")), assign = 1:7, qr = structure(list(qr = structure(c(-5.19615242270663, 
    0.192450089729875, 0.192450089729875, 0.192450089729875, 
    0.192450089729875, 0.192450089729875, 0.192450089729875, 
    0.192450089729875, 0.192450089729875, 0.192450089729875, 
    0.192450089729875, 0.192450089729875, 0.192450089729875, 
    0.192450089729875, 0.192450089729875, 0.192450089729875, 
    0.192450089729875, 0.192450089729875, 0.192450089729875, 
    0.192450089729875, 0.192450089729875, 0.192450089729875, 
    0.192450089729875, 0.192450089729875, 0.192450089729875, 
    0.192450089729875, 0.192450089729875, -343.908310347287, 
    -67.2761032913922, -0.0421028710864252, -0.16101582247051, 
    0.0173536046056173, 0.136266555989702, 0.240315388450777, 
    -0.0718311089324464, -0.190744060316531, -0.0866952278554571, 
    -0.0569669900094358, 0.255179507373787, 0.165994793835724, 
    0.359228339834862, 0.284907745219808, -0.0866952278554571, 
    0.0619459613746492, -0.116423465701478, -0.38397760631567, 
    -0.0718311089324464, 0.00248948568260667, -0.428569963084701, 
    -0.175879941393521, 0.165994793835724, 0.136266555989702, 
    -0.131287584624489, 0.284907745219808, -278.09037965967, 
    -5.55037211043678, 57.7748570762094, -0.289793369070468, 
    0.127802908953029, 0.0369509926226001, 0.130541238495706, 
    -0.375240873584513, 0.148325224401496, 0.0861383648785931, 
    0.0634253857959857, 0.240344719817964, -0.262699062719578, 
    -0.0987792159645087, 0.200323173469134, -0.0523301732511923, 
    0.111042007595342, -0.116160030499701, -0.0329031896197967, 
    0.144016144402182, -0.224320514096353, 0.00116627900411428, 
    -0.607299657587404, 0.100780849871109, 0.0542595598888232, 
    -0.12211210822462, 0.148397471670464, -293.87128701752, -33.9678148766177, 
    2.34856850791653, 49.3288804366987, -0.00419880221773006, 
    0.138439422384177, -0.0283789227414368, 0.187533066109297, 
    -0.234384917569295, 0.254792992183074, 0.224568223142539, 
    0.41146659174255, -0.126597142046246, 0.0171255042242991, 
    -0.0414099281926565, -0.450503807216284, 0.0183540440876143, 
    -0.0400694854200459, 0.111485187910267, -0.208418944959043, 
    0.166447389697738, -0.420932510203958, 0.115312913187329, 
    -0.00845759864801321, -0.249792829072065, 0.130145999880576, 
    -0.0727670772915276, -335.440506399173, -38.1446322939837, 
    6.18790486150839, 16.8956629970504, -36.0818527675404, 0.0720805766700019, 
    -0.0954417079121649, -0.00150478689762817, -0.00464604673168201, 
    0.140722932900001, -0.0341136041487263, -0.159481592370366, 
    0.0242957968179024, -0.612905016527789, 0.0863605844739976, 
    -0.418037919232128, 0.266656723449694, 0.0780858635141634, 
    -0.040164937316062, 0.07545988398401, -0.0273446592882076, 
    -0.0757653335828874, 0.119430186461108, 0.472760994402205, 
    0.136763505005881, -0.169122948278678, -0.00566177989096609, 
    -382.975678562452, -12.3443755040988, 1.43024621455041, 3.7457560297322, 
    -16.3914953231588, 44.6820837880888, -0.0650863560024824, 
    -0.336920469543345, 0.176938769431276, -0.118597213507116, 
    0.117837145318433, -0.100637414110188, 0.0158575538942995, 
    0.480967174879641, 0.102234688075693, -0.0874662275811118, 
    -0.157263831646085, -0.150823495998489, -0.047557021274749, 
    -0.0485332874174329, -0.26364444660484, 0.312815168494817, 
    -0.27216921267727, 0.147351105030462, 0.116064981428845, 
    -0.391674098676596, 0.199355202492856, -222.664753817466, 
    -13.9386898893224, -5.35338133568502, 28.5497695221814, -21.5979749337475, 
    3.41173590846454, 38.9520196772116, -0.0620312907214614, 
    0.318997026014363, -0.126648566300187, 0.244408781996551, 
    -0.0494452272946602, 0.132297105742754, 0.105589852826415, 
    -0.33506601266411, -0.219463838236618, 0.0418180465487995, 
    -0.191270417624544, 0.00426325972801423, 0.21957394664037, 
    0.0665586308606639, -0.0504456979089789, 0.198870353071485, 
    -0.524360149390297, 0.147275259533861, -0.0264362408944261, 
    -0.140149659122001), .Dim = c(27L, 7L), .Dimnames = list(
        c("2", "3", "4", "6", "7", "8", "9", "10", "11", "12", 
        "13", "14", "15", "16", "17", "18", "19", "20", "21", 
        "22", "23", "24", "25", "26", "27", "28", "29"), c("x1", 
        "x2", "x3", "x4", "x5", "x6", "x7")), assign = 1:7), 
        qraux = c(1.19245008972988, 1.06194596137465, 1.10399459805335, 
        1.15351242253871, 1.06862586576409, 1.20324856226298, 
        1.42073115064106), pivot = 1:7, tol = 1e-07, rank = 7L), .Names = c("qr", 
    "qraux", "pivot", "tol", "rank"), class = "qr"), df.residual = 20L, 
    xlevels = structure(list(), .Names = character(0)), call = quote(lm(formula = y ~ 
        . + 0, data = structure(list(y = c(63, 71, 61, 43, 58, 
        71, 72, 67, 64, 67, 69, 68, 77, 81, 74, 65, 65, 50, 50, 
        64, 53, 40, 63, 66, 78, 48, 85), x1 = c(1, 1, 1, 1, 1, 
        1, 1, 1, 1, 1, 1, 1, 1, 1, 1, 1, 1, 1, 1, 1, 1, 1, 1, 
        1, 1, 1, 1), x2 = c(64, 70, 63, 55, 67, 75, 82, 61, 53, 
        60, 62, 83, 77, 90, 85, 60, 70, 58, 40, 61, 66, 37, 54, 
        77, 75, 57, 85), x3 = c(44, 71, 45, 65, 45, 53, 50, 72, 
        39, 45, 47, 44, 71, 66, 47, 53, 47, 56, 45, 42, 65, 42, 
        83, 50, 52, 56, 50), x4 = c(54, 69, 47, 44, 56, 55, 67, 
        47, 58, 39, 42, 45, 72, 72, 69, 75, 57, 54, 34, 62, 50, 
        58, 48, 63, 74, 45, 71), x5 = c(63, 76, 54, 54, 66, 70, 
        71, 62, 58, 59, 55, 59, 79, 60, 79, 55, 75, 64, 43, 66, 
        63, 50, 66, 88, 80, 51, 77),