
expected <- structure(list(coefficients = structure(c(16.0679341685012, 0.564540893050067, 
-0.0814107246240441, 0.361612574777741, 0.0530569954316653, -0.00615090252969141, 
-0.182410203821595), .Names = c("x1", "x2", "x3", "x4", "x5", 
"x6", "x7")), residuals = structure(c(-7.98222290829342, 1.10602134621024, 
0.0696363558126911, 6.90720463114023, -12.4012476693182, -9.42237094891443, 
0.944131714598654, -6.32856318299861, 7.84411979127031, 4.88938923219755, 
11.5866483029072, 9.41284083146885, -0.712690114785662, 0.495477043822684, 
-4.12668734752158, -2.00862985997769, 1.74891592365646, -2.51839867818888, 
-6.23300244055584, 5.87390016409764, -10.276245136663, 5.48779716902302, 
-2.01407964974232, 2.72730109742632, -8.20105316572538, 7.45409791047725, 
5.67770958857583), .Names = c("1", "2", "4", "5", "6", "7", "8", 
"9", "10", "11", "12", "13", "14", "15", "16", "17", "18", "19", 
"20", "21", "23", "25", "26", "27", "28", "29", "30")), effects = structure(c(-339.4819582835, 
47.9679701362602, -3.77147328366682, -12.3774262568539, -2.46364215164805, 
-1.86188480005553, 6.84224957691869, -2.01672173395916, 8.88268959528815, 
7.39103526589067, 14.2408032227232, 16.3419028338533, 7.27532462068403, 
0.898177442973431, 2.20667109125689, -1.98485736036305, -0.150231168632057, 
-3.05540670668682, -5.41432060648729, 8.50298833297426, -7.92321373282229, 
6.86449919391511, -3.28325810832609, 2.53609509750716, -7.05267454870908, 
9.56718969116424, 7.87020747544118), .Names = c("x1", "x2", "x3", 
"x4", "x5", "x6", "x7", "", "", "", "", "", "", "", "", "", "", 
"", "", "", "", "", "", "", "", "", "")), rank = 7L, fitted.values = structure(c(50.9822229082934, 
61.8939786537898, 60.9303636441873, 74.0927953688598, 55.4012476693182, 
67.4223709489144, 70.0558682854013, 78.3285631829986, 59.1558802087297, 
59.1106107678025, 55.4133516970928, 59.5871591685311, 68.7126901147857, 
76.5045229561773, 85.1266873475216, 76.0086298599777, 63.2510840763435, 
67.5183986781889, 56.2330024405558, 44.1260998359024, 63.276245136663, 
57.512202830977, 68.0140796497423, 75.2726989025737, 56.2010531657254, 
77.5459020895228, 76.3222904114242), .Names = c("1", "2", "4", 
"5", "6", "7", "8", "9", "10", "11", "12", "13", "14", "15", 
"16", "17", "18", "19", "20", "21", "23", "25", "26", "27", "28", 
"29", "30")), assign = 1:7, qr = structure(list(qr = structure(c(-5.19615242270663, 
0.192450089729875, 0.192450089729875, 0.192450089729875, 0.192450089729875, 
0.192450089729875, 0.192450089729875, 0.192450089729875, 0.192450089729875, 
0.192450089729875, 0.192450089729875, 0.192450089729875, 0.192450089729875, 
0.192450089729875, 0.192450089729875, 0.192450089729875, 0.192450089729875, 
0.192450089729875, 0.192450089729875, 0.192450089729875, 0.192450089729875, 
0.192450089729875, 0.192450089729875, 0.192450089729875, 0.192450089729875, 
0.192450089729875, 0.192450089729875, -352.183664205672, 64.6889995800419, 
0.0319993232125807, -0.199879359366827, 0.155667953921598, -0.0298349921419281, 
-0.153503622850946, -0.261713674721336, 0.0629164808898351, 0.186585111598853, 
0.0783750597284623, 0.0474579020512079, -0.277172253559963, -0.1844207805282, 
-0.385382305430354, -0.308089411237218, 0.0783750597284623, -0.0762107286578097, 
0.109292217405717, 0.387546636501006, -0.0143764133033009, 0.171126532760225, 
-0.1844207805282, -0.153503622850946, 0.124750796244344, -0.308089411237218, 
-0.261713674721336, -275.588528493181, 34.8470719420076, 52.7318171508579, 
-0.00302588873069625, -0.0902646576236263, 0.157257799394405, 
0.0820635886736593, -0.268189587627373, 0.0429785122827351, -0.185249401711592, 
-0.00451385976124781, -0.17502347479897, -0.467227691914387, 
0.0253372704040889, 0.225532685492643, -0.0877847059060403, -0.345863750065704, 
0.110096087579433, -0.421884611358978, 0.069688370272463, -0.0419456350071147, 
0.0329179154846191, -0.202229323132215, -0.0696474736838769, 
0.0236839692590316, -0.220531885468885, 0.357618544597464, -289.060034774273, 
42.7395352490623, 7.58598380241519, -43.6128567367463, -0.082562417843346, 
0.083462585487816, -0.0755820515145921, 0.00542536610869037, 
-0.065835650466478, 0.242456890713533, -0.247261274047552, -0.252524263626296, 
-0.566053919392197, 0.270177073640488, 0.134034117241475, 0.0552691144573855, 
0.488135826620449, 0.0503456045159889, 0.0156421294048419, -0.0516331758695666, 
-0.0921261415763596, 0.0561839639606067, 0.00378419612822483, 
0.320048159909756, -0.0586438059743317, 0.0661086535406638, -0.0129195773925251, 
-336.210306758092, 34.3214802614943, 2.22433458214142, -15.0478369131155, 
37.1521272902704, -0.0374601498146478, -0.0653487120640131, 0.138130185142434, 
-0.0383945646106891, 0.129786979720916, -0.0243578643669359, 
0.158865371339088, 0.325217087068073, -0.137242779638185, 0.456474543060338, 
-0.0669189733086741, 0.446674051791264, -0.234794352486996, 0.0259014783272711, 
0.166045712013644, 0.0218094808812521, -0.200514755944425, -0.411294858343322, 
-0.148102529415978, 0.207769606822958, 0.0285686891143607, 0.142034990875549, 
-388.749181254348, 2.79628514992061, 1.15192001105823, -2.77206729659743, 
15.8610029576016, 45.8439982091944, 0.33015852274241, -0.219859986594344, 
-0.0348335730373915, 0.105750963544434, 0.0526353760230174, 0.126658511591116, 
-0.338789747600054, 0.193743768828583, 0.242884558756276, 0.0705598809213958, 
-0.407196430236826, 0.0628557797669603, -0.0931428063792149, 
0.099267306178326, -0.0852288304520473, 0.20563167693058, 0.380274486068049, 
0.171870093487489, -0.314018031744071, 0.0874515683341706, -0.0458524656678755, 
-221.317603189357, 16.3019301952679, 12.7879695700635, -22.8872802742183, 
23.7775235457291, 8.66126347320262, -37.5102348090718, -0.520565161671348, 
-0.0123322540174245, -0.284020467424751, 0.115881993558343, -0.244575234129515, 
-0.0905912263754664, -0.156526850831442, 0.146253773460683, 0.333032668328697, 
0.198986180897317, -0.0669321349831207, 0.0367325012307393, 0.0812189466253316, 
-0.145612175576736, -0.301291468510155, 0.441663988765664, -0.160096968509932, 
-0.00480179481747874, 0.121325340563628, 0.0878718357181365), .Dim = c(27L, 
7L), .Dimnames = list(c("1", "2", "4", "5", "6", "7", "8", "9", 
"10", "11", "12", "13", "14", "15", "16", "17", "18", "19", "20", 
"21", "23", "25", "26", "27", "28", "29", "30"), c("x1", "x2", 
"x3", "x4", "x5", "x6", "x7")), assign = 1:7), qraux = c(1.19245008972988, 
1.01654074437395, 1.06210772519193, 1.1105858676205, 1.1217415644853, 
1.27352772822241, 1.05267862864175), pivot = 1:7, tol = 1e-07, 
    rank = 7L), .Names = c("qr", "qraux", "pivot", "tol", "rank"
), class = "qr"), df.residual = 20L, xlevels = structure(list(), .Names = character(0)), 
    call = quote(lm(formula = y ~ . + 0, data = structure(list(y = c(43, 
        63, 61, 81, 43, 58, 71, 72, 67, 64, 67, 69, 68, 77, 81, 
        74, 65, 65, 50, 50, 53, 63, 66, 78, 48, 85, 82), x1 = c(1, 
        1, 1, 1, 1, 1, 1, 1, 1, 1, 1, 1, 1, 1, 1, 1, 1, 1, 1, 
        1, 1, 1, 1, 1, 1, 1, 1), x2 = c(51, 64, 63, 78, 55, 67, 
        75, 82, 61, 53, 60, 62, 83, 77, 90, 85, 60, 70, 58, 40, 
        66, 54, 77, 75, 57, 85, 82), x3 = c(30, 51, 45, 56, 49, 
        42, 50, 72, 45, 53, 47, 57, 83, 54, 50, 64, 65, 46, 68, 
        33, 52, 42, 66, 58, 44, 71, 39), x4 = c(39, 54, 47, 66, 
        44, 56, 55, 67, 47, 58, 39, 42, 45, 72, 72, 69, 75, 57, 
        54, 34, 50, 48, 63, 74, 45, 71, 59), x5 = c(61, 63, 54, 
        71, 54, 66, 70, 71, 62, 58, 59, 55, 59, 79, 60, 79, 55, 
        75, 64, 43, 63, 66, 88, 80, 51, 77, 64), x6 = c(92, 73, 
        84, 83, 49, 68, 66, 83, 80, 67, 74, 63, 77, 77, 54, 79, 
        80, 85, 78, 64, 80, 75, 76, 78, 83, 74, 78), x7 = c(45, 
        47, 35, 47, 34, 35, 41, 31, 41, 34, 41, 25, 35, 46, 36, 
        63, 60, 46, 52, 33, 37, 33, 72, 49, 38, 55, 39)), .Names = c("y", 
        "x1", "x2", "x3", "x4", "x5", "x6", "x7"),