
expected <- structure(list(coefficients = structure(c(3.83686204882599, 0.627397283299107, 
0.336400095617159, -0.0129497048983391, 0.0747638633036608, -0.125321508423249
), .Names = c("x1", "x2", "x3", "x4", "x5", "x6")), residuals = structure(c(-6.40260277224162, 
2.09228694002538, 0.603639255127415, 0.631676951140291, 6.62788283258208, 
-8.84853078841049, -6.55389477097193, 2.71658265499255, -7.2232505310035, 
9.04105366067936, 7.40271171967495, 12.7693857740427, -3.65537295599021, 
1.66373885276365, -2.27211645144147, -3.36530121018981, -1.54838845590785, 
-6.8775914296837, 9.53720320538782, 1.04685104601533, -9.59346937146232, 
-4.0350681273407, -2.85898986028872, 3.55988359499198, -7.51925988395236, 
6.3072464379115, 6.7536936835497), .Names = c("1", "2", "3", 
"4", "5", "6", "7", "8", "9", "10", "11", "12", "14", "15", "16", 
"17", "19", "20", "21", "22", "23", "24", "26", "27", "28", "29", 
"30")), effects = structure(c(-335.248056309443, 55.507881731414, 
-11.889225475549, -2.34179802586405, -3.83205873145172, -4.02001544236059, 
-2.81649831801755, 7.29035852652214, -5.14506934481977, 9.98148419213398, 
9.14001407737602, 14.8250810920705, -1.3961704001116, 4.16160167958696, 
1.47623932163165, -2.56728227167718, 0.0397565758128798, -7.15837394154507, 
10.68413660991, 1.3737237246955, -8.15537536244208, -4.42472531453403, 
-0.27402738819632, 5.52281991746701, -8.99951066710387, 8.20124811203662, 
8.07399525010242), .Names = c("x1", "x2", "x3", "x4", "x5", "x6", 
"", "", "", "", "", "", "", "", "", "", "", "", "", "", "", "", 
"", "", "", "", "")), rank = 6L, fitted.values = structure(c(49.4026027722416, 
60.9077130599746, 70.3963607448726, 60.3683230488597, 74.3721171674179, 
51.8485307884105, 64.5538947709719, 68.2834173450075, 79.2232505310035, 
57.9589463393206, 56.597288280325, 54.2306142259573, 71.6553729559902, 
75.3362611472363, 83.2721164514415, 77.3653012101898, 66.5483884559079, 
56.8775914296837, 40.4627967946122, 62.9531489539847, 62.5934693714623, 
44.0350681273407, 68.8589898602887, 74.440116405008, 55.5192598839524, 
78.6927535620885, 75.2463063164503), .Names = c("1", "2", "3", 
"4", "5", "6", "7", "8", "9", "10", "11", "12", "14", "15", "16", 
"17", "19", "20", "21", "22", "23", "24", "26", "27", "28", "29", 
"30")), assign = 1:6, qr = structure(list(qr = structure(c(-5.19615242270663, 
0.192450089729875, 0.192450089729875, 0.192450089729875, 0.192450089729875, 
0.192450089729875, 0.192450089729875, 0.192450089729875, 0.192450089729875, 
0.192450089729875, 0.192450089729875, 0.192450089729875, 0.192450089729875, 
0.192450089729875, 0.192450089729875, 0.192450089729875, 0.192450089729875, 
0.192450089729875, 0.192450089729875, 0.192450089729875, 0.192450089729875, 
0.192450089729875, 0.192450089729875, 0.192450089729875, 0.192450089729875, 
0.192450089729875, 0.192450089729875, -350.644063487833, 69.9767157041593, 
-0.0740027970375246, 0.0260304773103873, -0.188326539149424, 
0.140354219422287, -0.0311313937455624, -0.145455135857462, -0.245488410205373, 
0.0546114128383621, 0.168935154950261, 0.0689018806023495, -0.259778877969361, 
-0.174036071385436, -0.359812152317273, -0.288359813497336, -0.0740027970375246, 
0.0974828161303243, 0.354711235882098, 0.0546114128383621, -0.0168409259815749, 
0.39758263917406, -0.174036071385436, -0.145455135857462, 0.111773283894312, 
-0.288359813497336, -0.245488410205373, -293.67883692779, 37.9020254461815, 
-43.9792815745977, -0.130151785942573, 0.120764925122834, -0.101776445209294, 
0.026195389451706, -0.0931318690207289, 0.0952082650387998, -0.106004466183161, 
0.240702586637164, -0.275834641781768, -0.417100942406265, 0.269266461611274, 
0.112308883175099, 0.104463244269261, 0.0127123892473779, 0.0893823694994795, 
-0.148051341361599, 0.235065225338675, -0.0981588272773226, 0.433881144712456, 
0.0646246466981722, 0.338889740240263, -0.103185785533916, 0.149939203138839, 
-0.0866955704395127, -339.28950819377, 36.8715239374229, -20.8813418604499, 
33.7652175214184, 0.104617582955859, 0.086861191066342, 0.0114661728847684, 
-0.0592393799854835, 0.151648576986241, -0.0563713070333127, 
0.168675702792676, -0.0988948567983837, 0.175391895300203, -0.0476069626429879, 
0.617792037705532, -0.0307157030600934, -0.215948528818213, -0.0312624753375496, 
0.139810588426884, 0.0566757745559988, -0.000189085489155341, 
0.279218517142032, -0.453060757552812, -0.0621533713803179, 0.20694258881254, 
0.0593851402532008, 0.235489343149165, -389.711431702997, 9.93187509597131, 
5.71719622543876, 23.9944954599547, -44.3275953782749, -0.571699056114736, 
-0.226949081696725, -0.32935687667134, 0.0850200905060067, 0.0532027808441558, 
-0.138533830002448, -0.086910263506969, -0.0341286981427969, 
-0.0961027058944482, -0.455756278241241, -0.0786727986239373, 
0.0690666522705607, 0.0252367597722033, -0.144790114060046, 0.08112115421905, 
0.0478545190406606, -0.258397642045965, -0.244994145068109, -0.0707029371544141, 
0.224975384122991, -0.163395546182592, 0.00411397504313888, -225.166604983954, 
11.2561251087674, -17.6151898189009, 29.5118503461589, 4.13302119107188, 
32.0776177444638, 0.285715675022618, 0.133357837754428, 0.357922661198288, 
0.06363888248258, 0.230790986077133, 0.0158570705008494, -0.0480482487604619, 
0.154707147492849, -0.178679267614695, -0.449524449058828, 0.148753503818563, 
-0.21060011188593, 0.0419612355789633, 0.134793091045704, 0.157557987372939, 
-0.290984353755783, -0.379958966256381, 0.103214811483299, -0.10579842646277, 
-0.257765087817818, -0.0616029256794516), .Dim = c(27L, 6L), .Dimnames = list(
    c("1", "2", "3", "4", "5", "6", "7", "8", "9", "10", "11", 
    "12", "14", "15", "16", "17", "19", "20", "21", "22", "23", 
    "24", "26", "27", "28", "29", "30"), c("x1", "x2", "x3", 
    "x4", "x5", "x6")), assign = 1:6), qraux = c(1.19245008972988, 
1.0117400095464, 1.28556814246485, 1.19635732482268, 1.08780313369772, 
1.14935460895756), pivot = 1:6, tol = 1e-07, rank = 6L), .Names = c("qr", 
"qraux", "pivot", "tol", "rank"), class = "qr"), df.residual = 21L, 
    xlevels = structure(list(), .Names = character(0)), call = quote(lm(formula = y ~ 
        . + 0, data = structure(list(y = c(43, 63, 71, 61, 81, 
        43, 58, 71, 72, 67, 64, 67, 68, 77, 81, 74, 65, 50, 50, 
        64, 53, 40, 66, 78, 48, 85, 82), x1 = c(1, 1, 1, 1, 1, 
        1, 1, 1, 1, 1, 1, 1, 1, 1, 1, 1, 1, 1, 1, 1, 1, 1, 1, 
        1, 1, 1, 1), x2 = c(51, 64, 70, 63, 78, 55, 67, 75, 82, 
        61, 53, 60, 83, 77, 90, 85, 70, 58, 40, 61, 66, 37, 77, 
        75, 57, 85, 82), x3 = c(39, 54, 69, 47, 66, 44, 56, 55, 
        67, 47, 58, 39, 45, 72, 72, 69, 57, 54, 34, 62, 50, 58, 
        63, 74, 45, 71, 59), x4 = c(61, 63, 76, 54, 71, 54, 66, 
        70, 71, 62, 58, 59, 59, 79, 60, 79, 75, 64, 43, 66, 63, 
        50, 88, 80, 51, 77, 64), x5 = c(92, 73, 86, 84, 83, 49, 
        68, 66, 83, 80, 67, 74, 77, 77, 54, 79, 85, 78, 64, 80, 
        80, 57, 76, 78, 83, 74, 78), x6 = c(45, 47, 48, 35, 47, 
        34, 35, 41, 31, 41, 34, 41, 35, 46, 36, 63, 46, 52, 33, 
        41, 37, 49, 72, 49, 38, 55, 39)), .Names = c("y", "x1", 
        "x2", "x3", "x4", "x5", "x6"), row.names = c("1", "2", 
        "3", "4", "5", "6", "7", "8", "9", "10", "11", "12", 
        "14", "15", "16", "17", "19", "20", "21", "22", "23", 
        "24", "26", "27", "28", "29", "30"), class = "data.frame"))), 
    terms = y ~ x1 + x2 + x3 + x4 + x5 + x6 + 0, model = structure(list(
        y = c(43, 63, 71, 61, 81, 43, 58, 71, 72, 67, 64, 67, 
        68, 77, 81, 74, 65, 50, 50, 64, 53, 40, 66, 78, 48, 85, 
        82), x1 = c(1, 1, 1, 1, 1, 1, 1, 1, 1, 1, 1, 1, 1, 1, 
        1, 1, 1, 1, 1, 1, 1, 1, 1, 1, 1, 1, 1), x2 = c(51, 64, 
        70, 63, 78, 55, 67, 75, 82, 61, 53, 60, 83, 77, 90, 85, 
        70, 58, 40, 61, 66, 37, 77, 75, 57, 85, 82), x3 = c(39, 
        54, 69, 47, 66, 44, 56, 55, 67, 47, 58, 39, 45, 72, 72, 
        69, 57, 54, 34, 62, 50, 58, 63, 74, 45, 71, 59),