
expected <- structure(list(coefficients = structure(c(12.5933194145433, 0.637061387626901, 
-0.0348352575235705, 0.359925288973737, 0.0452712345146982, -0.0261685799886772, 
-0.229428425059146), .Names = c("x1", "x2", "x3", "x4", "x5", 
"x6", "x7")), residuals = structure(c(-5.10523554656071, 1.57289204631759, 
1.2732902553074, 0.706420104082208, 6.44345662076675, -11.5659365021728, 
-9.04310514118424, 0.642159559281581, -9.13556901966093, 5.05346503357324, 
12.3855351566474, 8.32368278675657, -4.75932856052614, 0.903896901437406, 
2.40414330789608, -1.68340665316571, -5.95400274691373, 8.55361590592938, 
0.205799188383035, -9.64109335571699, -5.10713653970762, 8.1661582054535, 
-2.05678654487711, 2.46548182644731, -6.57024276071677, 5.51268323599663, 
6.00916323692663), .Names = c("1", "2", "3", "4", "5", "6", "7", 
"8", "9", "11", "12", "13", "14", "15", "18", "19", "20", "21", 
"22", "23", "24", "25", "26", "27", "28", "29", "30")), effects = structure(c(-330.436804066196, 
-51.0689079508119, -1.92681913646696, 12.0203822982269, -2.99731810070604, 
-2.07354319806907, -8.4110631318, 3.58573533165426, -8.19943834983477, 
8.93573923375178, 13.6552287431887, 11.9875433016049, -6.08857076379452, 
2.05914703119642, -2.70644929872189, -0.0403256200975745, -6.33785208636607, 
10.4777294685305, 2.04580309122319, -10.0317808445826, -2.32238583655232, 
10.3326861423484, -0.0670477661767976, 4.85474983045935, -9.24431062640383, 
5.77434298311074, 4.26726911459165), .Names = c("x1", "x2", "x3", 
"x4", "x5", "x6", "x7", "", "", "", "", "", "", "", "", "", "", 
"", "", "", "", "", "", "", "", "", "")), rank = 7L, fitted.values = structure(c(48.1052355465607, 
61.4271079536824, 69.7267097446926, 60.2935798959178, 74.5565433792332, 
54.5659365021728, 67.0431051411842, 70.3578404407184, 81.1355690196609, 
58.9465349664268, 54.6144648433526, 60.6763172132434, 72.7593285605261, 
76.0961030985626, 62.5958566921039, 66.6834066531657, 55.9540027469137, 
41.4463840940706, 63.794200811617, 62.641093355717, 45.1071365397076, 
54.8338417945465, 68.0567865448771, 75.5345181735527, 54.5702427607168, 
79.4873167640034, 75.9908367630734), .Names = c("1", "2", "3", 
"4", "5", "6", "7", "8", "9", "11", "12", "13", "14", "15", "18", 
"19", "20", "21", "22", "23", "24", "25", "26", "27", "28", "29", 
"30")), assign = 1:7, qr = structure(list(qr = structure(c(-5.19615242270663, 
0.192450089729875, 0.192450089729875, 0.192450089729875, 0.192450089729875, 
0.192450089729875, 0.192450089729875, 0.192450089729875, 0.192450089729875, 
0.192450089729875, 0.192450089729875, 0.192450089729875, 0.192450089729875, 
0.192450089729875, 0.192450089729875, 0.192450089729875, 0.192450089729875, 
0.192450089729875, 0.192450089729875, 0.192450089729875, 0.192450089729875, 
0.192450089729875, 0.192450089729875, 0.192450089729875, 0.192450089729875, 
0.192450089729875, 0.192450089729875, -339.09705810404, -64.6156729066964, 
0.108983611697181, 0.000650761707243416, 0.232792583114252, -0.123158209709828, 
0.062555247415779, 0.18636421883285, 0.294697068822788, -0.154110452564096, 
-0.0457776025741583, -0.0148253597198905, 0.310173190249921, 
0.217316461687118, -0.0457776025741583, 0.108983611697181, -0.0767298454284261, 
-0.355300031116836, -0.0303014811470244, 0.0470791259886451, 
-0.401728395398238, -0.138634331136962, 0.217316461687118, 0.18636421883285, 
-0.09220596685556, 0.341125433104189, 0.294697068822788, -268.852775352636, 
-9.60780545783767, -56.8231929714402, -0.0569386352070393, 0.00944015965562214, 
0.306557492859517, -0.0627022204197399, 0.0665581922113209, 0.00367657444292151, 
-0.148120359467634, -0.0526159462975138, -0.0203008431397486, 
-0.1033550091526, 0.38044846148201, 0.0881716367589482, -0.0318280135651499, 
0.143848773011472, -0.0237980202340107, -0.106852186246862, 0.29070763352459, 
-0.0722706749706585, 0.624770451039732, 0.0108810559587973, 0.0489597443292631, 
0.145289669314647, -0.000646114466603952, 0.126865709617326, 
-289.252484864003, -31.3907329613699, -7.62137058036416, 49.4624766325416, 
-0.110392709811631, 0.191951364769351, -0.0391633323854781, 0.0988040104674076, 
-0.0923764999549889, -0.244377633469228, 0.23762282560223, 0.206408287084651, 
0.331001335125121, -0.132887600114357, -0.448918742027774, -0.0203847901252654, 
-0.0279901736335885, 0.147541776319018, -0.233298823569747, 0.175789567644317, 
-0.38183077454394, 0.194410084280429, -0.0592990610035762, -0.290485922632322, 
0.144407550677483, -0.144570716793307, 0.105484792096947, -334.478255950523, 
-38.7894653829049, -7.82974226041343, 17.1853549263984, 32.2029871874323, 
0.128946655984523, 0.0118185891021539, -0.0251030155944826, 0.188961095543227, 
0.130701780229804, -0.0982080092001709, 0.0965636689777167, 0.227436457471282, 
0.0148600483980093, 0.585328214963212, -0.216738715419275, -0.0224687246422268, 
0.116615078853465, 0.0323803377793456, 0.0533203337453034, 0.220790367749108, 
-0.150254049155541, -0.450685532268841, -0.0531428755561504, 
0.235904325214492, 0.0936837410735373, 0.303399102278118, -390.673682151647, 
-18.1024765522868, 4.1467007466752, 3.67996539483641, 7.8001722562808, 
44.0317437439247, 0.237347151191532, 0.335867537846354, -0.0543122242648118, 
0.168872179224107, 0.0959644568791844, 0.333201575485704, 0.0997546091782339, 
0.0918066250164285, -0.145235063046291, -0.107624552228527, -0.0179501226984398, 
0.204616630426516, -0.0767250156916416, -0.0185460503697082, 
0.309022524759849, 0.0774260381573493, 0.154253853982707, 0.0455508811473667, 
-0.155534281264558, 0.171395644998411, 0.0619892900607786, -220.932703009897, 
-10.2044959173061, 3.05180284441786, 28.1748726633673, 18.5289492922782, 
4.015609616061, 36.6609461300694, 0.0346121019246995, 0.425776964689375, 
0.325957137694093, -0.131208030825735, 0.234776055908715, -0.082205057728426, 
0.109762825051029, -0.37694178198397, 0.0916634062720894, -0.238454497963796, 
-0.066257297829141, 0.234290113596104, -0.000878117643570024, 
-0.107353067155557, 0.124057522646588, -0.432183428265959, 0.190219864473204, 
-0.14282395131982, -0.125535305957589, -0.0314256545013862), .Dim = c(27L, 
7L), .Dimnames = list(c("1", "2", "3", "4", "5", "6", "7", "8", 
"9", "11", "12", "13", "14", "15", "18", "19", "20", "21", "22", 
"23", "24", "25", "26", "27", "28", "29", "30"), c("x1", "x2", 
"x3", "x4", "x5", "x6", "x7")), assign = 1:7), qraux = c(1.19245008972988, 
1.01612688313438, 1.39053473560424, 1.10455922509523, 1.13255604966979, 
1.62842164861025, 1.2578179767645), pivot = 1:7, tol = 1e-07, 
    rank = 7L), .Names = c("qr", "qraux", "pivot", "tol", "rank"
), class = "qr"), df.residual = 20L, xlevels = structure(list(), .Names = character(0)), 
    call = quote(lm(formula = y ~ . + 0, data = structure(list(y = c(43, 
        63, 71, 61, 81, 43, 58, 71, 72, 64, 67, 69, 68, 77, 65, 
        65, 50, 50, 64, 53, 40, 63, 66, 78, 48, 85, 82), x1 = c(1, 
        1, 1, 1, 1, 1, 1, 1, 1, 1, 1, 1, 1, 1, 1, 1, 1, 1, 1, 
        1, 1, 1, 1, 1, 1, 1, 1), x2 = c(51, 64, 70, 63, 78, 55, 
        67, 75, 82, 53, 60, 62, 83, 77, 60, 70, 58, 40, 61, 66, 
        37, 54, 77, 75, 57, 85, 82), x3 = c(30, 44, 71, 45, 50, 
        65, 45, 53, 50, 39, 45, 47, 44, 71, 53, 47, 56, 45, 42, 
        65, 42, 83, 50, 52, 56, 50, 57), x4 = c(39, 54, 69, 47, 
        66, 44, 56, 55, 67, 58, 39, 42, 45, 72, 75, 57, 54, 34, 
        62, 50, 58, 48, 63, 74, 45, 71, 59), x5 = c(61, 63, 76, 
        54, 71, 54, 66, 70, 71, 58, 59, 55, 59, 79, 55, 75, 64, 
        43, 66, 63, 50, 66, 88, 80, 51, 77, 64), x6 = c(92, 73, 
        86, 84, 83, 49, 68, 66, 83, 67, 74, 63, 77, 77, 80, 85, 
        78, 64, 80, 80, 57, 75, 76, 78, 83, 74, 78), x7 = c(45, 
        47, 48, 35, 47, 34, 35, 41, 31, 34, 41, 25, 35, 46, 60, 
        46, 52, 33, 41, 37, 49, 33, 72, 49, 38, 55, 39)), .Names = c("y", 
        "x1", "x2", "x3", "x4", "x5", "x6", "x7"),