
expected <- structure(list(coefficients = structure(c(-2.28367136187392, 
0.253191473414348, 0.275889417460741, -0.167861420466621, 0.0575082590545207, 
0.548848102199445, -0.0117615150136181), .Names = c("x1", "x2", 
"x3", "x4", "x5", "x6", "x7")), residuals = structure(c(-5.65174465140108, 
1.89351701191725, 1.26890206868982, 0.496689306245737, 24.890618193719, 
-27.4104648328769, -6.53985481824809, 6.58929908825033, -0.803990513431811, 
8.48725046950881, -4.74820071045965, 5.80454026708771, 3.18402328395234, 
3.19219714851297, 6.79523873640596, 13.7558945520329, -2.89145071978928, 
-8.74795700169939, -9.92306954027145, -1.60049968060252, -19.9875164565684, 
-22.4588482572564, -2.17897550816583, 10.5150286852518, -10.2759273316822, 
20.5177886163151, 22.1884995725058), .Names = c("1", "2", "3", 
"4", "5", "6", "7", "9", "10", "11", "12", "13", "14", "15", 
"16", "17", "18", "20", "21", "22", "23", "24", "25", "27", "28", 
"29", "30")), effects = structure(c(249.494750671031, -215.460069542352, 
-40.7104907851469, -13.8717395255105, 21.5513252177826, 30.1778478048296, 
-0.516376309096182, 6.54708443896009, 4.27729828370426, 13.8212566829064, 
-4.82951953669755, 4.75313508275913, -3.49415588381573, -3.70758218689664, 
-2.93104260762235, 16.3508106595287, 0.695126492730499, -6.85618471520675, 
-13.4113251494591, 4.41529970784245, -25.9450411753357, -31.7138117952013, 
10.963693642876, -3.98285468497555, -12.2216459591555, 16.9385987477413, 
31.7020626492764), .Names = c("x1", "x2", "x3", "x4", "x5", "x6", 
"x7", "", "", "", "", "", "", "", "", "", "", "", "", "", "", 
"", "", "", "", "", "")), rank = 7L, fitted.values = structure(c(48.6517446514011, 
61.1064829880828, 69.7310979313102, 60.5033106937543, 56.109381806281, 
70.4104648328769, 64.5398548182481, 65.4107009117497, 67.8039905134318, 
55.5127495304912, 71.7482007104596, 63.1954597329123, 64.8159767160477, 
73.807802851487, 74.204761263594, 60.2441054479671, 67.8914507197893, 
58.7479570016994, 59.9230695402715, 65.6004996806025, 72.9875164565684, 
62.4588482572564, 65.1789755081658, 67.4849713147482, 58.2759273316822, 
64.4822113836849, 59.8115004274942), .Names = c("1", "2", "3", 
"4", "5", "6", "7", "9", "10", "11", "12", "13", "14", "15", 
"16", "17", "18", "20", "21", "22", "23", "24", "25", "27", "28", 
"29", "30")), assign = 1:7, qr = structure(list(qr = structure(c(7.20490094112089, 
-0.232048101844726, -0.111691901148973, -0.111508917963027, -0.110680156548084, 
-0.343543452795366, -0.082611028305103, -0.132632494835456, -0.158428552197312, 
-0.173717694153637, -0.0469763655347886, -0.311570107374097, 
-0.32166288661814, -0.116439398878731, -0.178322173562417, 0.0220580499825905, 
-0.133171504585938, -0.11971082852397, -0.186463697688208, 0.0881915176227609, 
0.0319825214026807, -0.151891402989998, -0.404070597196977, -0.105138712849072, 
-0.277319716137591, -0.224644152700002, -0.146023031821643, 271.842101404511, 
-241.426742313231, 0.173373802380933, 0.26877748317928, 0.128567091413583, 
0.0623133616882821, 0.215807177086023, 0.190867707078358, 0.130177844840549, 
0.122899032231086, 0.275562305408036, -0.00492777860801849, 0.111794299696751, 
0.223674024741871, 0.239578779477083, 0.236005461554904, 0.223601417213935, 
0.0762587827644534, 0.23349713189343, 0.37653153638882, 0.342827992400458, 
0.0977826494012034, 0.0502364579250207, 0.273535970894858, 0.0496512677242648, 
0.0558631089193965, 0.209859395130795, 220.232384652551, -163.787016218032, 
-67.1230963874944, -0.234490597455224, 0.176893864578691, 0.00976217098857213, 
-0.0398387756150052, -0.0236755801791394, 0.388256449670498, 
-0.122026996029457, -0.0985916970649946, -0.0224101937960724, 
-0.369724493974448, 0.248981240031502, -0.00936389841795311, 
0.188417445185855, -0.0584478397991428, 0.369952568971502, -0.326883836668327, 
-0.0658874578142949, 0.224791439505628, 0.0341119520239157, 0.164110235534266, 
-0.126556954020006, 0.0620209571026979, 0.081953032240379, 0.00367997920775498, 
218.191446387882, -179.132511548031, -38.9820794620083, -78.2523706380597, 
-0.0582360025456434, -0.0424965087779542, 0.122603984883761, 
0.188613189396204, -0.058805632608353, 0.359738186597294, -0.243989312187512, 
0.190053058107749, -0.0491034379475528, -0.37242141909489, -0.294765366575276, 
0.318443928880947, 0.193576944776503, 0.158778940221516, 0.0503741436055315, 
-0.26864122588533, -0.180841646740524, 0.0623356735577591, -0.051700883175817, 
0.187451427922168, 0.327847177566593, 0.0348997450503798, -0.252678594980086, 
248.25544628963, -210.563739991807, -22.1608424482792, -25.0739725513107, 
71.6193950733882, -0.126709344942777, -0.0925863965964908, -0.0525843728200722, 
-0.167904654309044, -0.185385779528737, -0.168066735367499, -0.297093368288233, 
0.0663995591382056, 0.196492746587036, 0.395416943174463, -0.0762642696284659, 
-0.0204489146766681, -0.226364616014278, 0.300590055891661, -0.146831321464681, 
0.28634740222842, -0.111842907421892, -0.0133363706789009, 0.51540614893899, 
0.104136643645672, -0.198850183180326, -0.0963159625761563, 292.416781635862, 
-234.91518400468, -50.672540429869, -47.1409559556852, 32.2309958714643, 
55.7446765608438, -0.0596161814943528, 0.00441321125307206, 0.171217074525874, 
0.0427447880703065, -0.145976072972771, -0.231819386290512, -0.0675522250392717, 
-0.0101741190853429, 0.00619914691316783, -0.034276556553568, 
0.110605130645852, -0.091180089240362, 0.183088030250101, 0.0826277931336298, 
0.0260665184082715, -0.392802093499103, 0.654398474123895, -0.0735194671084558, 
0.0412686464132505, -0.255770327441606, 0.394858233868107, 151.572133833682, 
-155.311347305667, -29.7948912754194, -26.1778440192332, 21.8766394617776, 
35.4981592786251, 43.9038940560202, -0.120849368606607, -0.349809715869001, 
0.188782999363471, -0.00363242276993017, -0.173148714755357, 
-0.429585103707301, -0.269453339721307, 0.0245392208127171, 0.361045772215906, 
0.251528014902981, -0.0617608023556557, -0.0233667998875605, 
0.122806993816278, 0.0267575192044439, -0.341478438362093, -0.123675192018562, 
-0.0959674293549352, 0.153163750622122, -0.180519555212402, -0.225868967382263
), .Dim = c(27L, 7L), .Dimnames = list(c("1", "2", "3", "4", 
"5", "6", "7", "9", "10", "11", "12", "13", "14", "15", "16", 
"17", "18", "20", "21", "22", "23", "24", "25", "27", "28", "29", 
"30"), c("x1", "x2", "x3", "x4", "x5", "x6", "x7")), assign = 1:7), 
    qraux = c(1.20238263917211, 1.06690059628136, 1.38033083392296, 
    1.04400191595395, 1.06918803619942, 1.1086681627167, 1.27873084741308
    ), pivot = 1:7, tol = 1e-07, rank = 7L), .Names = c("qr", 
"qraux", "pivot", "tol", "rank"), class = "qr"), df.residual = 20L, 
    xlevels = structure(list(), .Names = character(0)), call = quote(lm(formula = y ~ 
        . + 0, data = structure(list(y = c(43, 63, 71, 61, 81, 
        43, 58, 72, 67, 64, 67, 69, 68, 77, 81, 74, 65, 50, 50, 
        64, 53, 40, 63, 78, 48, 85, 82), x1 = c(-1.45814686743768, 
        1.67188358736638, 0.804729083703814, 0.803410707975183, 
        0.797439564076696, 2.47519654636125, 0.595204275582401, 
        0.955603986863188, 1.14146202482683, 1.25161877809689, 
        0.338460060252037, 2.24483175984477, 2.3175492345187, 
        0.838934334564916, 1.28479359612258, -0.158926065078858, 
        0.959487498721707, 0.862504661094714, 1.34345247095865, 
        -0.635411148319109, -0.230430898553593, 1.09436251235081, 
        2.91128862602378, 0.757514011154519, 1.99806108379111, 
        1.61853886720555, 1.05208147939708), x2 = c(55, 58, 62, 
        85, 51, 77, 67, 70, 60, 61, 75, 55, 85, 75, 90, 53, 78, 
        40, 90, 75, 77, 51, 85, 85, 62, 54, 77), x3 = c(30, 44, 
        71, 45, 50, 65, 45, 50, 72, 39, 45, 47, 44, 71, 66, 47, 
        53, 56, 45, 42, 65, 42, 83, 52, 56, 50, 57), x4 = c(56, 
        50, 69, 58, 42, 55, 59, 67, 58, 69, 34, 55, 44, 39, 45, 
        74, 72, 59, 58, 34, 55, 45, 67, 74, 75, 47, 39),