
expected <- structure(list(coefficients = structure(c(5.94433401639604, 0.653069396638967, 
-0.0195517038928736, 0.295493238790655, 0.115389083967354, 0.0199970910049537, 
-0.224721329800399), .Names = c("x1", "x2", "x3", "x4", "x5", 
"x6", "x7")), residuals = structure(c(-5.25466690930572, 0.638585502525535, 
0.958404266753065, 7.0980147832761, -11.157063722012, -8.6566511331808, 
0.397480933559224, -8.77237115075925, 8.70975545809951, 6.6288202078989, 
12.1320385157565, 8.94096083108349, 0.171277516692594, -4.45165215780973, 
-2.5311084733581, 4.53748000943172, -2.51969542024838, -5.98860264818174, 
0.912668285610485, -10.0995157163316, -2.70322593291974, 6.68776300083536, 
-3.23039552339761, 2.4634202803797, -6.41143079239171, 5.94784723071838, 
5.55186275727583), .Names = c("1", "3", "4", "5", "6", "7", "8", 
"9", "10", "11", "12", "13", "15", "16", "17", "18", "19", "20", 
"22", "23", "24", "25", "26", "27", "28", "29", "30")), effects = structure(c(-338.327257745121, 
-53.1510040063286, 2.38481266822958, -8.69855043732628, -0.829499312810364, 
-3.72598962925516, -8.43830510372626, -5.2130289146698, 10.8086989011883, 
9.57476735063196, 15.2912091252, 13.6195898119185, -0.136415696361189, 
-0.980791927131263, -6.28173466220572, 8.93263930507916, -2.2802555121655, 
0.388489832366787, 2.2511104633103, -9.66271282863211, -1.07017241287402, 
6.6068572876045, -1.39326706670478, 2.77062060747975, -3.5193177980268, 
7.54152111498997, 8.23546268086289), .Names = c("x1", "x2", "x3", 
"x4", "x5", "x6", "x7", "", "", "", "", "", "", "", "", "", "", 
"", "", "", "", "", "", "", "", "", "")), rank = 7L, fitted.values = structure(c(48.2546669093057, 
70.3614144974745, 60.0415957332469, 73.9019852167239, 54.157063722012, 
66.6566511331808, 70.6025190664408, 80.7723711507593, 58.2902445419005, 
57.3711797921011, 54.8679614842435, 60.0590391689165, 76.8287224833074, 
85.4516521578097, 76.5311084733581, 60.4625199905683, 67.5196954202484, 
55.9886026481817, 63.0873317143895, 63.0995157163316, 42.7032259329197, 
56.3122369991646, 69.2303955233976, 75.5365797196203, 54.4114307923917, 
79.0521527692816, 76.4481372427242), .Names = c("1", "3", "4", 
"5", "6", "7", "8", "9", "10", "11", "12", "13", "15", "16", 
"17", "18", "19", "20", "22", "23", "24", "25", "26", "27", "28", 
"29", "30")), assign = 1:7, qr = structure(list(qr = structure(c(-5.19615242270663, 
0.192450089729875, 0.192450089729875, 0.192450089729875, 0.192450089729875, 
0.192450089729875, 0.192450089729875, 0.192450089729875, 0.192450089729875, 
0.192450089729875, 0.192450089729875, 0.192450089729875, 0.192450089729875, 
0.192450089729875, 0.192450089729875, 0.192450089729875, 0.192450089729875, 
0.192450089729875, 0.192450089729875, 0.192450089729875, 0.192450089729875, 
0.192450089729875, 0.192450089729875, 0.192450089729875, 0.192450089729875, 
0.192450089729875, 0.192450089729875, -348.527112500804, -64.4348651884355, 
-0.0229669383926948, 0.209826285526274, -0.147123324482811, 0.0391112546523634, 
0.16326764074248, 0.271904478571332, -0.0540060349152239, -0.17816242100534, 
-0.0695255831764885, -0.0384864866539594, 0.194306737265009, 
0.396060864661448, 0.318463123355125, -0.0695255831764885, 0.0856698994361571, 
-0.100564679699018, -0.0540060349152239, 0.0235917063910989, 
-0.426475193185573, -0.162642872744076, 0.194306737265009, 0.16326764074248, 
-0.116084227960282, 0.318463123355125, 0.271904478571332, -274.626278044532, 
-24.9910710853059, 49.1208079475144, 0.0332697122450195, -0.1175759361763, 
0.17798279240609, 0.117154307922394, -0.241440185980785, 0.0403824137808932, 
-0.224516643047355, -0.0130879396546342, -0.191158831431529, 
0.0612312441374779, 0.308470469495412, -0.0403131830102102, -0.37953142363057, 
0.134814139392708, -0.466114159169628, -0.102123385543082, -0.0383513316854092, 
-0.204649530739946, 0.0121754523761407, -0.183064411846479, -0.0457094627335769, 
0.00972274202675147, -0.182818982334185, 0.430372867975097, -299.837239799146, 
-35.2696104189331, 21.7298843053379, -39.9436645615164, -0.177617837000547, 
0.106779989075908, -0.100743421629851, -0.163450290946938, -0.103742940267717, 
0.137116691742865, -0.321904565512506, -0.400929011325126, 0.252106902281073, 
0.186143551267977, -0.0326140735118242, 0.335221351322635, 0.0498186683736243, 
-0.212714672469972, 0.17684128669816, -0.169819303439769, 0.434275378359838, 
0.0267153585700828, -0.135972710318455, 0.266418319331288, -0.103259952891661, 
-0.0774882175469095, 0.083863901372416, -341.406459180799, -33.9194097202031, 
10.8534948345161, -6.09508613613382, 36.0021506126074, -0.0695628717457221, 
-0.0269904980245857, 0.258323896605004, -0.0134030192056276, 
0.124544792448818, 0.0577472715425807, 0.292838251078639, -0.173085739565426, 
0.445432283286562, -0.00555906672223858, 0.438306537640187, -0.248625408909153, 
0.140950833621688, -0.0170379189003488, 0.0838027136617085, 0.0820694063042763, 
-0.220213486708983, -0.331927055773234, -0.176949199072772, 0.237411397649097, 
0.122601952847488, 0.114289035146602, -396.639634933273, 5.9388138013106, 
13.9808500694466, -0.28350081081523, -3.75981207577486, -49.0413066956228, 
0.0407668651758932, 0.0254076908686008, 0.0614065153907489, 0.222077233883724, 
-0.0793106004421289, -0.121940432906081, 0.27890381901152, 0.174539068810027, 
-0.537368962550862, 0.151811974831869, 0.215526521125743, 0.196424215685024, 
0.211769399024873, -0.226897075252502, 0.245925236841142, 0.137999400746833, 
0.186578068312684, 0.333019285543498, -0.0800613251690425, -0.0908489671138616, 
0.267913054600493, -225.743955253144, -11.8276201693348, 20.5044038044349, 
-16.9699421678191, 21.8429162597646, 12.2164912369439, 37.5500853044137, 
0.361387407222958, -0.046612064817765, 0.219869844656627, -0.0912919509311893, 
0.303946560994839, 0.0641722424437374, -0.158998420047034, -0.10730514963079, 
-0.403173345504269, -0.0418281180596199, -0.210864173917978, 
0.111681264967208, 0.193721364280954, -0.141414850106915, 0.303077662043206, 
-0.476216861201105, 0.0316807132488271, -0.0669894344779859, 
-0.115495460082814, -0.246987331872058), .Dim = c(27L, 7L), .Dimnames = list(
    c("1", "3", "4", "5", "6", "7", "8", "9", "10", "11", "12", 
    "13", "15", "16", "17", "18", "19", "20", "22", "23", "24", 
    "25", "26", "27", "28", "29", "30"), c("x1", "x2", "x3", 
    "x4", "x5", "x6", "x7")), assign = 1:7), qraux = c(1.19245008972988, 
1.08566989943616, 1.06589123532396, 1.06552080427392, 1.17955741520268, 
1.10168855320883, 1.00451376029006), pivot = 1:7, tol = 1e-07, 
    rank = 7L), .Names = c("qr", "qraux", "pivot", "tol", "rank"
), class = "qr"), df.residual = 20L, xlevels = structure(list(), .Names = character(0)), 
    call = quote(lm(formula = y ~ . + 0, data = structure(list(y = c(43, 
        71, 61, 81, 43, 58, 71, 72, 67, 64, 67, 69, 77, 81, 74, 
        65, 65, 50, 64, 53, 40, 63, 66, 78, 48, 85, 82), x1 = c(1, 
        1, 1, 1, 1, 1, 1, 1, 1, 1, 1, 1, 1, 1, 1, 1, 1, 1, 1, 
        1, 1, 1, 1, 1, 1, 1, 1), x2 = c(51, 70, 63, 78, 55, 67, 
        75, 82, 61, 53, 60, 62, 77, 90, 85, 60, 70, 58, 61, 66, 
        37, 54, 77, 75, 57, 85, 82), x3 = c(30, 68, 45, 56, 49, 
        42, 50, 72, 45, 53, 47, 57, 54, 50, 64, 65, 46, 68, 52, 
        52, 42, 42, 66, 58, 44, 71, 39), x4 = c(39, 69, 47, 66, 
        44, 56, 55, 67, 47, 58, 39, 42, 72, 72, 69, 75, 57, 54, 
        62, 50, 58, 48, 63, 74, 45, 71, 59), x5 = c(61, 76, 54, 
        71, 54, 66, 70, 71, 62, 58, 59, 55, 79, 60, 79, 55, 75, 
        64, 66, 63, 50, 66, 88, 80, 51, 77, 64), x6 = c(57, 83, 
        79, 49, 83, 74, 77, 83, 78, 83, 77, 80, 80, 80, 49, 79, 
        80, 92, 80, 67, 76, 77, 85, 83, 73, 74, 83), x7 = c(45, 
        48, 35, 47, 34, 35, 41, 31, 41, 34, 41, 25, 46, 36, 63, 
        60, 46, 52, 41, 37, 49, 33, 72, 49, 38, 55, 39)), .Names = c("y", 
        "x1", "x2", "x3", "x4", "x5", "x6", "x7"),