
expected <- structure(list(coefficients = structure(c(-1.17809688770045, 
0.56149836924147, 0.00114519934021258, 0.327357543331236, 0.155559951964778, 
0.125257344939835, -0.214507112303815), .Names = c("x1", "x2", 
"x3", "x4", "x5", "x6", "x7")), residuals = structure(c(-6.94398939347093, 
0.0792328919585269, -0.931203857789484, 3.01977068339261, -7.10229781289986, 
0.692353107990239, -8.19888423854849, 5.14620558203298, 4.50880862879848, 
12.6059831696775, 9.59583980710653, -4.09402719285948, 0.307355972443695, 
-1.42607422180951, -3.80428971887091, 2.59781735895688, -3.76241043003273, 
10.7751124584082, -0.835564020469187, -13.0960284860168, -2.87467144858965, 
6.50137791732579, -5.14625451883702, 1.90490928617388, -7.10684569589589, 
6.50651018917018, 7.20895777418655), .Names = c("1", "2", "3", 
"5", "7", "8", "9", "10", "11", "12", "13", "14", "15", "16", 
"17", "18", "19", "21", "22", "23", "24", "25", "26", "27", "28", 
"29", "30")), effects = structure(c(-234.402031345128, -255.239299352455, 
-6.58820710546098, -15.179367054588, 6.24218820405517, 5.85006728146946, 
-8.39013642586873, 3.60831691509318, 4.24628317407484, 13.4269775617153, 
11.1765194941724, -1.0791270097168, 1.90833519685424, 1.29327275323931, 
-3.87848218003893, 3.71227850921123, -3.26192708064121, 11.8616763490463, 
0.0865480843984262, -13.2915399574511, -3.76822572888802, 7.59298559399433, 
-8.24003138026113, 2.98229725770473, -5.06861751730343, 8.04718034156308, 
10.1750018207024), .Names = c("x1", "x2", "x3", "x4", "x5", "x6", 
"x7", "", "", "", "", "", "", "", "", "", "", "", "", "", "", 
"", "", "", "", "", "")), rank = 7L, fitted.values = structure(c(49.9439893934709, 
62.9207671080415, 71.9312038577895, 77.9802293166074, 65.1022978128999, 
70.3076468920098, 80.1988842385485, 61.853794417967, 59.4911913712015, 
54.3940168303225, 59.4041601928935, 72.0940271928595, 76.6926440275563, 
82.4260742218095, 77.8042897188709, 62.4021826410431, 68.7624104300327, 
39.2248875415918, 64.8355640204692, 66.0960284860168, 42.8746714485897, 
56.4986220826742, 71.146254518837, 76.0950907138261, 55.1068456958959, 
78.4934898108298, 74.7910422258134), .Names = c("1", "2", "3", 
"5", "7", "8", "9", "10", "11", "12", "13", "14", "15", "16", 
"17", "18", "19", "21", "22", "23", "24", "25", "26", "27", "28", 
"29", "30")), assign = 1:7, qr = structure(list(qr = structure(c(-7.25862404043497, 
-0.0452477718224483, 0.273356753085633, -0.134989665839056, 0.254336207567375, 
0.0266677331644383, 0.309984235472209, -0.15138434270683, -0.0658219346609761, 
0.206860952582698, 0.0359432976880179, 0.0761963082824544, 0.262068052480022, 
0.0129827030368123, 0.14671969649233, 0.18943547955851, 0.198924806350708, 
0.237366689814901, 0.147848648914814, -0.0848528148990533, 0.15698338982534, 
0.2533015446713, 0.0646154584807751, 0.2353060500912, 0.217355597788584, 
0.234680143669304, 0.230456182756443, -240.797634579058, -264.322717868008, 
0.038564967122498, 0.40682744771474, 0.0429588885039656, 0.261670642933574, 
0.0536467208001564, 0.356082328340629, 0.254994589792266, 0.055772322220388, 
0.20481077079937, 0.250940889404211, 0.0743916275469428, 0.329746825552635, 
0.2001337872862, 0.0701957326227624, 0.100173768979143, -0.0451429644126248, 
0.108401233078629, 0.319929130657678, 0.0100421286019583, -0.00536700345024092, 
0.237827064525406, 0.0889765607403233, 0.035735933542108, 0.127327176696701, 
0.119473670876574, -187.983439048639, -204.515271986744, -53.119960162207, 
-0.104038367325532, -0.158046605938763, -0.152919145099865, 0.19415380434859, 
-0.0643929977826625, 0.213953461845396, 0.0325907848818296, 0.170250883897124, 
0.357428149097039, -0.0775130694950762, -0.374129148888344, -0.0207203614835239, 
0.369272216886024, -0.133559733857924, 0.0655126488158114, 0.104720669667967, 
0.00251811623332119, 0.268811244725535, 0.0320597687595456, 0.123753788903147, 
0.0237159889678286, 0.0213247903795396, 0.122032011705946, -0.437004624698672, 
-210.330966251663, -212.485711787809, -18.1605649375971, -50.3080590245464, 
0.0521877236768149, -0.0580099287589171, -0.132326711623244, 
0.00348164017508969, 0.216817537494046, -0.245626987765407, -0.246338247894143, 
-0.613417964836715, 0.172778494563172, 0.13467233477384, -0.0195834891550065, 
0.329024003856983, 0.0231234335364979, -0.0414438904968541, 0.175192735686928, 
-0.0583383180660364, 0.411613966903905, 0.0220574049742464, -0.0565722232296108, 
0.206364328295435, -0.0749608876784486, -0.0568179536167574, 
-0.00685868022247422, -240.845557977724, -241.16337730729, -12.1315984904525, 
-21.2616532497967, 42.0167712621089, -0.0693439196513906, 0.285726538729009, 
-0.226854071293307, -0.0660088979317903, -0.0800119855655019, 
0.00839605308617354, 0.269027197874652, 0.0312550217231624, 0.523582592231464, 
0.0639561415083687, 0.405438899229466, -0.15719848779989, -0.00985311579254982, 
-0.0179950137417365, -0.114764397668121, 0.00921075224324153, 
-0.216531535041784, -0.34632497226245, -0.00277597706694708, 
0.1340056706333, 0.184662569561938, 0.277883260931857, -280.764020894452, 
-264.762289288571, -24.1544267264827, -15.0029772973556, 43.7740667855615, 
57.8601776754797, 0.0498981980716092, -0.229854458508423, -0.0517186027082369, 
-0.0281982839411518, -0.000528011800709065, -0.169580071548109, 
0.302984886885217, 0.126593133607982, 0.214951636610044, -0.276110415954188, 
0.0844071025758916, -0.160123277810227, -0.0348430988975736, 
-0.191162956574592, 0.0617174381697212, 0.128272406040643, 0.471638401914316, 
0.303089945831492, -0.367477576180267, 0.29533902654855, -0.0742183827893795, 
-158.299979815649, -156.867860776101, -20.1873679318782, -30.1903762005222, 
26.9313312548343, 6.51421268460841, 39.1135582207897, 0.0991647246764531, 
0.266206073538376, -0.0958844002647359, 0.241873095184698, -0.0584072320164406, 
0.156277559426388, -0.0398575096179637, -0.32729760059712, -0.416423446806644, 
0.109020811425792, -0.0670005980301006, 0.18032671673441, 0.177951448041628, 
-0.209841907125407, 0.318392372478462, -0.372252442095002, 0.133109233328777, 
-0.0582023884370938, -0.1861700295359, -0.0127329697221788), .Dim = c(27L, 
7L), .Dimnames = list(c("1", "2", "3", "5", "7", "8", "9", "10", 
"11", "12", "13", "14", "15", "16", "17", "18", "19", "21", "22", 
"23", "24", "25", "26", "27", "28", "29", "30"), c("x1", "x2", 
"x3", "x4", "x5", "x6", "x7")), assign = 1:7), qraux = c(1.3337176262824, 
1.27958074108776, 1.28988436574038, 1.12046170734041, 1.02824212193118, 
1.22207850388695, 1.34811506658781), pivot = 1:7, tol = 1e-07, 
    rank = 7L), .Names = c("qr", "qraux", "pivot", "tol", "rank"
), class = "qr"), df.residual = 20L, xlevels = structure(list(), .Names = character(0)), 
    call = quote(lm(formula = y ~ . + 0, data = structure(list(y = c(43, 
        63, 71, 81, 58, 71, 72, 67, 64, 67, 69, 68, 77, 81, 74, 
        65, 65, 50, 64, 53, 40, 63, 66, 78, 48, 85, 82), x1 = c(2.42233078485034, 
        -0.328436564326539, 1.98419389956262, -0.979839233669655, 
        1.84613091060161, 0.193571049051297, 2.25005902375443, 
        -1.09884202931724, -0.477776677318101, 1.50152588344405, 
        0.260898884690757, 0.553080355091418, 1.90225346596146, 
        0.0942365603728335, 1.06498311616455, 1.37504092603473, 
        1.44392038161612, 1.72295556108891, 1.0731777573589, 
        -0.615914682124847, 1.13948340733519, 1.83862068163041, 
        0.469019320312282, 1.70799815205178, 1.57770256743133, 
        1.70345493265074, 1.67279478842279), x2 = c(51, 64, 70, 
        78, 67, 75, 82, 61, 53, 60, 62, 83, 77, 90, 85, 60, 70, 
        40, 61, 66, 37, 54, 77, 75, 57, 85, 82), x3 = c(30, 51, 
        68, 56, 42, 50, 72, 45, 53, 47, 57, 83, 54, 50, 64, 65, 
        46, 33, 52, 52, 42, 42, 66, 58, 44, 71, 39), x4 = c(39, 
        54, 69, 66, 56, 55, 67, 47, 58, 39, 42, 45, 72, 72, 69, 
        75, 57, 34, 62, 50, 58, 48, 63, 74, 45, 71, 59),