
expected <- structure(list(coefficients = structure(c(6.18335710176299, 0.686066067730834, 
-0.0650903958902293, 0.0951968942193204, 0.2955515758841, -0.0939813155417355, 
-0.00647325580812159), .Names = c("x1", "x2", "x3", "x4", "x5", 
"x6", "x7")), residuals = structure(c(-10.9277000259935, -2.27141564153431, 
1.72313175530043, 2.21050377899534, 4.92931504381041, -12.5748502416114, 
-9.73132058106885, -4.25872778407076, 6.21475932053076, 7.42560334438849, 
6.49700096647005, 9.53415662550581, -5.31537235063712, 1.97751475552499, 
-0.859694418692532, -5.08611737650125, 8.39448619760919, -6.50986992647399, 
6.0442827908868, 3.44015473041917, -11.0813828460084, -1.65013812869585, 
6.54600509255567, 1.09596668395336, -8.4964131748966, 5.20136629747373, 
7.52875511276036), .Names = c("1", "2", "3", "4", "5", "6", "7", 
"9", "10", "11", "12", "13", "14", "15", "16", "17", "18", "20", 
"21", "22", "23", "24", "25", "27", "28", "29", "30")), effects = structure(c(-334.285805860793, 
-54.1626149974308, 2.33757936933778, 4.58989544192974, -8.58219881852192, 
-4.25628294098025, -0.252696233791252, -0.690360502491024, 7.6934770091249, 
12.8359897727324, 9.54966141862064, 15.3825581952908, -0.712945315107436, 
2.05619069353455, 5.99583467195254, -7.58313540295864, 7.6559736153977, 
-7.44581953824938, 11.2828031711184, 4.05825589872618, -8.7896497670913, 
0.109171868956506, 8.18349852134699, 3.06401109025542, -5.19661636044836, 
5.61167667237375, 8.92518834856393), .Names = c("x1", "x2", "x3", 
"x4", "x5", "x6", "x7", "", "", "", "", "", "", "", "", "", "", 
"", "", "", "", "", "", "", "", "", "")), rank = 7L, fitted.values = structure(c(53.9277000259935, 
65.2714156415343, 69.2768682446996, 58.7894962210047, 76.0706849561896, 
55.5748502416114, 67.7313205810688, 76.2587277840708, 60.7852406794692, 
56.5743966556115, 60.5029990335299, 59.4658433744942, 73.3153723506371, 
75.022485244475, 81.8596944186925, 79.0861173765012, 56.6055138023908, 
56.509869926474, 43.9557172091132, 60.5598452695808, 64.0813828460084, 
41.6501381286959, 56.4539949074443, 76.9040333160467, 56.4964131748966, 
79.7986337025263, 74.4712448872396), .Names = c("1", "2", "3", 
"4", "5", "6", "7", "9", "10", "11", "12", "13", "14", "15", 
"16", "17", "18", "20", "21", "22", "23", "24", "25", "27", "28", 
"29", "30")), assign = 1:7, qr = structure(list(qr = structure(c(-5.19615242270663, 
0.192450089729875, 0.192450089729875, 0.192450089729875, 0.192450089729875, 
0.192450089729875, 0.192450089729875, 0.192450089729875, 0.192450089729875, 
0.192450089729875, 0.192450089729875, 0.192450089729875, 0.192450089729875, 
0.192450089729875, 0.192450089729875, 0.192450089729875, 0.192450089729875, 
0.192450089729875, 0.192450089729875, 0.192450089729875, 0.192450089729875, 
0.192450089729875, 0.192450089729875, 0.192450089729875, 0.192450089729875, 
0.192450089729875, 0.192450089729875, -341.791359360259, -70.2329457353646, 
0.0940757185871527, -0.00559260554061164, 0.207982374733169, 
-0.119499261686628, 0.0513607225323965, 0.264935702806177, -0.0340692695771157, 
-0.147975925723132, -0.0483076015953678, -0.0198309375588637, 
0.279174034824429, 0.193744042714917, 0.378842358952194, 0.307650698860933, 
-0.0483076015953678, -0.0767842656318719, -0.333074241960409, 
-0.0340692695771157, 0.0371223905141445, -0.375789238015165, 
-0.13373759370488, 0.165267378678413, -0.0910225976501239, 0.307650698860933, 
0.264935702806177, -275.588528493181, -36.3393873843611, -52.8621971496863, 
-0.0777165698770799, -0.0219221343711548, 0.0791752168329003, 
-0.175079573263807, 0.240139952845125, -0.057410733231322, 0.175149493605607, 
-0.00942359484496873, 0.159441668826645, 0.438075244871355, -0.0496034361117502, 
-0.257259814436125, 0.0583443176225902, 0.331084385726301, 0.40814155246727, 
-0.0712047688317108, 0.0750090369908383, 0.0242444453764436, 
0.129507976422561, -0.0430916350663811, 0.0463708406609564, -0.0357161699715435, 
0.190764087844751, -0.384124678202203, -277.70547948021, 4.43286736834911, 
-2.26330433709941, 66.3166178799776, -0.265077095794056, 0.207379596589136, 
-0.0355913424181717, 0.0149920308564242, -0.00496925251594928, 
-0.292775132389708, -0.14195279166021, 0.142887227736778, 0.0112801053316645, 
0.273395762530234, 0.141133202494834, 0.379151840849931, 0.00773929446486985, 
0.230608409044455, -0.209310253394198, 0.151258985165166, 0.0145883481946645, 
0.151107057471934, 0.199118900003627, -0.256917319873986, -0.318626329545423, 
0.188559014139218, 0.351263196490984, -328.319853079167, -33.1911339714365, 
-4.23117750984152, -2.09098072796421, -35.6671786975046, -0.131562752777095, 
0.0905685126509263, -0.089291790765134, 0.0254111855558747, -0.0950674040507037, 
-0.0802071105854684, -0.230246061115663, -0.501113536868777, 
0.328533650168549, -0.330220752493417, 0.204556506114727, -0.276793974440583, 
0.0101064293075928, -0.255226512420304, 0.118864817440523, -0.035171340027907, 
-0.0298579097826107, 0.254967211028849, 0.276566341422473, -0.282200464532828, 
0.0797435264044218, -0.0426236924937482, -387.979380895428, -10.5506040255248, 
-3.0821807510087, 12.0753069266733, -19.4769578233417, 44.8332465151599, 
0.233748358552969, -0.0884364151974482, -0.0588097383478978, 
0.227512972707692, 0.04223136880407, 0.220088935207666, -0.122730287934085, 
0.166450705919698, 0.344241980850294, 0.0848238335356826, -0.140401024833768, 
0.0385358574872302, 0.133146761334787, -0.0014000983279652, -0.0661360574841651, 
0.400841221669369, 0.138261179561332, 0.184145634060802, -0.254248506762277, 
0.177174603984858, -0.105726108151548, -217.276151305029, -8.12850554553101, 
-11.28973643718, -4.57347358671769, -19.900640063566, 6.61111730281147, 
39.0369608867008, 0.417960083931568, 0.0301755846417869, 0.13693428233947, 
-0.0313241757693771, 0.313028698513005, 0.160035236232358, 0.0939789396370375, 
-0.0485210292315286, -0.328529961022063, -0.492407460816411, 
-0.155337722789341, -0.049761237477413, 0.106739454540043, 0.148349239071363, 
-0.349472823357914, 0.289935183838259, 0.0271221907425324, -0.0266720166353458, 
-0.160853675109805, 0.0326551242503497), .Dim = c(27L, 7L), .Dimnames = list(
    c("1", "2", "3", "4", "5", "6", "7", "9", "10", "11", "12", 
    "13", "14", "15", "16", "17", "18", "20", "21", "22", "23", 
    "24", "25", "27", "28", "29", "30"), c("x1", "x2", "x3", 
    "x4", "x5", "x6", "x7")), assign = 1:7), qraux = c(1.19245008972988, 
1.00864572647764, 1.28630653259272, 1.10623343653542, 1.00471563693767, 
1.54719200369338, 1.15778862477688), pivot = 1:7, tol = 1e-07, 
    rank = 7L), .Names = c("qr", "qraux", "pivot", "tol", "rank"
), class = "qr"), df.residual = 20L, xlevels = structure(list(), .Names = character(0)), 
    call = quote(lm(formula = y ~ . + 0, data = structure(list(y = c(43, 
        63, 71, 61, 81, 43, 58, 72, 67, 64, 67, 69, 68, 77, 81, 
        74, 65, 50, 50, 64, 53, 40, 63, 78, 48, 85, 82), x1 = c(1, 
        1, 1, 1, 1, 1, 1, 1, 1, 1, 1, 1, 1, 1, 1, 1, 1, 1, 1, 
        1, 1, 1, 1, 1, 1, 1, 1), x2 = c(51, 64, 70, 63, 78, 55, 
        67, 82, 61, 53, 60, 62, 83, 77, 90, 85, 60, 58, 40, 61, 
        66, 37, 54, 75, 57, 85, 82), x3 = c(30, 51, 68, 45, 56, 
        49, 42, 72, 45, 53, 47, 57, 83, 54, 50, 64, 65, 68, 33, 
        52, 52, 42, 42, 58, 44, 71, 39), x4 = c(59, 74, 57, 47, 
        75, 39, 57, 58, 54, 72, 63, 45, 59, 39, 50, 34, 54, 39, 
        63, 44, 54, 39, 39, 74, 74, 47, 34), x5 = c(61, 63, 76, 
        54, 71, 54, 66, 71, 62, 58, 59, 55, 59, 79, 60, 79, 55, 
        64, 43, 66, 63, 50, 66, 80, 51, 77, 64), x6 = c(92, 73, 
        86, 84, 83, 49, 68, 83, 80, 67, 74, 63, 77, 77, 54, 79, 
        80, 78, 64, 80, 80, 57, 75, 78, 83, 74, 78), x7 = c(45, 
        47, 48, 35, 47, 34, 35, 31, 41, 34, 41, 25, 35, 46, 36, 
        63, 60, 52, 33, 41, 37, 49, 33, 49, 38, 55, 39)), .Names = c("y", 
        "x1", "x2", "x3", "x4", "x5", "x6", "x7"),