
expected <- structure(list(coefficients = structure(c(0.61890591888139, -0.0691218027906104, 
0.292001150476421, 0.166194795152138, 0.0970983185759042, -0.166785206659883
), .Names = c("x1", "x2", "x3", "x4", "x5", "x6")), residuals = structure(c(-9.44418616138182, 
1.42762637057424, -0.746781024224711, 0.102058698162616, 5.30399716749464, 
-8.5625473446978, -8.64970518463375, -8.02624212041571, 7.3994166889712, 
7.4511866825827, 11.573749714157, 11.2154498312565, -2.21671461819849, 
-0.881101078485289, -1.48025486656821, -4.62397507413483, 3.55700894292776, 
-6.50162782342929, 9.73998686001257, -0.161527129249396, -10.9205993591224, 
-2.60433879913739, 5.71882232128459, 1.2862581757387, -7.57358696637484, 
5.75947477435133, 5.01188440352908), .Names = c("1", "2", "3", 
"4", "5", "6", "7", "9", "10", "11", "12", "13", "14", "15", 
"16", "17", "18", "20", "21", "22", "23", "24", "25", "27", "28", 
"29", "30")), effects = structure(c(-338.346088293688, -2.82002595576946, 
-15.574070737198, 8.3630499379435, 3.19746850359876, 5.71220905530971, 
-8.800427359666, -12.7962694227643, 9.79923738434588, 5.05068648379699, 
14.3719018047381, 8.20439611372328, -4.10726157294211, -1.39247945302055, 
-1.31553220187481, -0.710405358410434, 7.05402170845588, -5.52333930144059, 
12.5001886326371, -0.522651349029797, -10.4809797375341, -0.298903265014647, 
4.72737164559141, 0.590394131239817, -4.35453445272516, 6.37652677570672, 
8.42253784296813), .Names = c("x1", "x2", "x3", "x4", "x5", "x6", 
"", "", "", "", "", "", "", "", "", "", "", "", "", "", "", "", 
"", "", "", "", "")), rank = 6L, fitted.values = structure(c(52.4441861613818, 
61.5723736294258, 71.7467810242247, 60.8979413018374, 75.6960028325054, 
51.5625473446978, 66.6497051846338, 80.0262421204157, 59.6005833110288, 
56.5488133174173, 55.426250285843, 57.7845501687435, 70.2167146181985, 
77.8811010784853, 82.4802548665682, 78.6239750741348, 61.4429910570722, 
56.5016278234293, 40.2600131399874, 64.1615271292494, 63.9205993591224, 
42.6043387991374, 57.2811776787154, 76.7137418242613, 55.5735869663748, 
79.2405252256487, 76.9881155964709), .Names = c("1", "2", "3", 
"4", "5", "6", "7", "9", "10", "11", "12", "13", "14", "15", 
"16", "17", "18", "20", "21", "22", "23", "24", "25", "27", "28", 
"29", "30")), assign = 1:6, qr = structure(list(qr = structure(c(-348.932658259441, 
0.183416480186312, 0.200611775203779, 0.180550597683401, 0.223538835227068, 
0.157623537660112, 0.192014127695045, 0.235002365238712, 0.174818832677579, 
0.15189177265429, 0.171952950174668, 0.17768471518049, 0.237868247741623, 
0.220672952724157, 0.257929425262001, 0.243600012747446, 0.171952950174668, 
0.166221185168845, 0.114635300116445, 0.174818832677579, 0.189148245192134, 
0.106037652607712, 0.154757655157201, 0.214941187718334, 0.163355302665934, 
0.243600012747446, 0.235002365238712, -277.26266862664, -56.4748845597238, 
0.251792969576199, -0.0602395033780538, -0.0695231033711241, 
0.119420680188216, -0.16777658133382, 0.159372555953111, -0.033031443659118, 
0.217456684597679, 0.0159865585456135, 0.165848360552994, 0.340545373992591, 
-0.0913330458569197, -0.339013378720529, -0.0230954230063463, 
0.334712309652984, 0.415041327889814, 0.0401693493181283, 0.0909174595493037, 
0.0228973102519641, 0.240344314450217, 0.00907580683926252, 0.00670295855254297, 
0.00367768960612209, 0.100853480202075, -0.424957987743734, -293.34886711548, 
-18.385345504557, -51.7341399149784, -0.0818303862562299, 0.0478224033484605, 
-0.0759006141926526, 0.0665422200800675, -0.0793867456112312, 
-0.0594852207455514, 0.191596785464242, -0.215680453968886, -0.243692091291158, 
-0.585831214439996, 0.187703611008903, 0.0679221385582729, -0.0233210960661178, 
0.36560552019588, -0.037067398092521, 0.000240585244701341, 0.185900031410865, 
-0.101918028807256, 0.440378893813815, 0.0571490316051937, 0.223245864224372, 
-0.0470885549555704, -0.029220585887912, -0.0239611571130793, 
-328.281108943464, -15.7752190476891, -25.1492678830243, 39.2450035010197, 
0.128734036387767, -0.0133919892153894, -0.0442887790016072, 
0.237042189490795, -0.11959452936426, 0.051596855269555, -0.151159821709528, 
0.0428262031721909, 0.306875911295398, -0.0164163450917618, 0.610312026160434, 
0.0704070631605757, 0.464255311742438, -0.0479097234418087, -0.0870911500917151, 
-0.00906296133616449, -0.0263358724769135, 0.032200160721472, 
-0.300988271254671, -0.0281562229915127, 0.0846039833560123, 
0.167888463070136, 0.214337348623067, -382.162565880696, -26.7302385207681, 
-18.5486716490588, 52.7223343454007, 57.4244706491312, 0.32030850861268, 
0.176392914497987, 0.140027199829621, -0.0847450583758379, 0.0287868694467033, 
0.000826501913146448, 0.162495316182803, 0.169121135606462, 0.268661198826767, 
0.406011074288858, 0.318988125143537, -0.228347818031628, 0.0278564819651271, 
-0.21648908660494, -0.045765576773619, -0.029313320075418, -0.0447988678314894, 
0.0198357996181232, 0.265644432459765, -0.332937326648278, 0.391862114069408, 
0.0201736958578985, -214.465451222851, -23.1560750576278, -33.0549693241798, 
19.6571114527812, 14.2599639930494, -34.2488951490664, -0.115845358564795, 
-0.525816696945118, 0.0102940123684997, -0.289509646147149, 0.122546420774896, 
-0.306885761599382, -0.14422074821652, -0.083655888341565, 0.0827285818157165, 
0.433687242880499, 0.245547513425909, 0.0949044021834951, 0.0364053999631414, 
-0.194594199122651, -0.139074671869544, 0.206339319253215, -0.274133078204517, 
-0.072092086849776, -0.0228878343481959, 0.18924483263973, 0.0784758326679951
), .Dim = c(27L, 6L), .Dimnames = list(c("1", "2", "3", "4", 
"5", "6", "7", "9", "10", "11", "12", "13", "14", "15", "16", 
"17", "18", "20", "21", "22", "23", "24", "25", "27", "28", "29", 
"30"), c("x1", "x2", "x3", "x4", "x5", "x6")), assign = 1:6), 
    qraux = c(1.14616000764847, 1.03239838379827, 1.11880554189519, 
    1.10803540084935, 1.06608959902959, 1.03161155834501), pivot = 1:6, 
    tol = 1e-07, rank = 6L), .Names = c("qr", "qraux", "pivot", 
"tol", "rank"), class = "qr"), df.residual = 21L, xlevels = structure(list(), .Names = character(0)), 
    call = quote(lm(formula = y ~ . + 0, data = structure(list(y = c(43, 
        63, 71, 61, 81, 43, 58, 72, 67, 64, 67, 69, 68, 77, 81, 
        74, 65, 50, 50, 64, 53, 40, 63, 78, 48, 85, 82), x1 = c(51, 
        64, 70, 63, 78, 55, 67, 82, 61, 53, 60, 62, 83, 77, 90, 
        85, 60, 58, 40, 61, 66, 37, 54, 75, 57, 85, 82), x2 = c(30, 
        51, 68, 45, 56, 49, 42, 72, 45, 53, 47, 57, 83, 54, 50, 
        64, 65, 68, 33, 52, 52, 42, 42, 58, 44, 71, 39), x3 = c(39, 
        54, 69, 47, 66, 44, 56, 67, 47, 58, 39, 42, 45, 72, 72, 
        69, 75, 54, 34, 62, 50, 58, 48, 74, 45, 71, 59), x4 = c(61, 
        63, 76, 54, 71, 54, 66, 71, 62, 58, 59, 55, 59, 79, 60, 
        79, 55, 64, 43, 66, 63, 50, 66, 80, 51, 77, 64), x5 = c(92, 
        73, 86, 84, 83, 49, 68, 83, 80, 67, 74, 63, 77, 77, 54, 
        79, 80, 78, 64, 80, 80, 57, 75, 78, 83, 74, 78), x6 = c(45, 
        47, 48, 35, 47, 34, 35, 31, 41, 34, 41, 25, 35, 46, 36, 
        63, 60, 52, 33, 41, 37, 49, 33, 49, 38, 55, 39)), .Names = c("y", 
        "x1", "x2", "x3", "x4", "x5", "x6"), row.names = c("1", 
        "2", "3", "4", "5", "6", "7", "9", "10", "11", "12", 
        "13", "14", "15", "16", "17", "18", "20", "21", "22", 
        "23", "24", "25", "27", "28", "29", "30"), class = "data.frame"))), 
    terms = y ~ x1 + x2 + x3 + x4 + x5 + x6 + 0, model = structure(list(
        y = c(43, 63, 71, 61, 81, 43, 58, 72, 67, 64, 67, 69, 
        68, 77, 81, 74, 65, 50, 50, 64, 53, 40, 63, 78, 48, 85, 
        82), x1 = c(51, 64, 70, 63, 78, 55, 67, 82, 61, 53, 60, 
        62, 83, 77, 90, 85, 60, 58, 40, 61, 66, 37, 54, 75, 57, 
        85, 82), x2 = c(30, 51, 68, 45, 56, 49, 42, 72, 45, 53, 
        47, 57, 83, 54, 50, 64, 65, 68, 33, 52, 52, 42, 42, 58, 
        44, 71, 39),