
expected <- structure(list(coefficients = structure(c(13.3612997870886, 0.605713361190953, 
-0.092729886050171, 0.270737421494467, -0.0130473227881059, 0.102894831414304, 
-0.145888342336477), .Names = c("x1", "x2", "x3", "x4", "x5", 
"x6", "x7")), residuals = structure(c(1.14985925676894, 1.85222868679775, 
-1.89252658377981, -10.2125472865824, -7.95332752550798, 2.07285732430991, 
-5.58402332626453, 6.74933006894734, 6.60994220852727, 10.6108126640185, 
9.72497268036386, -1.90818372788875, 2.16217593290726, -1.17531960761159, 
-1.87846483935343, 2.32258791696107, -2.9582464053857, -6.59410015486697, 
5.64239016605872, 0.246046689364793, -11.1172244280023, -5.57968324650782, 
5.90518984111168, -1.39243690887777, 4.68133810276521, -10.0601844366619, 
8.57653693838853), .Names = c("2", "3", "4", "6", "7", "8", "9", 
"10", "11", "12", "13", "14", "15", "16", "17", "18", "19", "20", 
"21", "22", "23", "24", "25", "26", "27", "28", "29")), effects = structure(c(-333.516005501874, 
-45.8271796854879, -2.82732660593055, 9.77007444774788, 0.00795725149158777, 
3.51656285409275, -6.27613474943743, 7.74534161930329, 5.65383056469426, 
14.6188088345798, 9.88235237346397, 3.77068180335894, 0.304121608139486, 
-3.60354920746393, -5.48039085362922, -1.30040112304432, -1.88114921697238, 
-7.93176443969011, 8.95038485493176, -0.999510005381643, -10.3708014952252, 
-10.0905562542816, 7.67665840473526, -3.58468502307604, 3.7121982140169, 
-8.01262271233665, 5.44926979397139), .Names = c("x1", "x2", 
"x3", "x4", "x5", "x6", "x7", "", "", "", "", "", "", "", "", 
"", "", "", "", "", "", "", "", "", "", "", "")), rank = 7L, 
    fitted.values = structure(c(61.8501407432311, 69.1477713132023, 
    62.8925265837798, 53.2125472865823, 65.953327525508, 68.9271426756901, 
    77.5840233262645, 60.2506699310527, 57.3900577914727, 56.3891873359815, 
    59.2750273196361, 69.9081837278888, 74.8378240670927, 82.1753196076116, 
    75.8784648393534, 62.6774120830389, 67.9582464053857, 56.594100154867, 
    44.3576098339413, 63.7539533106352, 64.1172244280023, 45.5796832465078, 
    57.0948101588883, 67.3924369088778, 73.3186618972348, 58.0601844366619, 
    76.4234630616115), .Names = c("2", "3", "4", "6", "7", "8", 
    "9", "10", "11", "12", "13", "14", "15", "16", "17", "18", 
    "19", "20", "21", "22", "23", "24", "25", "26", "27", "28", 
    "29")), assign = 1:7, qr = structure(list(qr = structure(c(-5.19615242270663, 
    0.192450089729875, 0.192450089729875, 0.192450089729875, 
    0.192450089729875, 0.192450089729875, 0.192450089729875, 
    0.192450089729875, 0.192450089729875, 0.192450089729875, 
    0.192450089729875, 0.192450089729875, 0.192450089729875, 
    0.192450089729875, 0.192450089729875, 0.192450089729875, 
    0.192450089729875, 0.192450089729875, 0.192450089729875, 
    0.192450089729875, 0.192450089729875, 0.192450089729875, 
    0.192450089729875, 0.192450089729875, 0.192450089729875, 
    0.192450089729875, 0.192450089729875, -343.908310347287, 
    -67.2761032913922, -0.0421028710864252, -0.16101582247051, 
    0.0173536046056173, 0.136266555989702, 0.240315388450777, 
    -0.0718311089324464, -0.190744060316531, -0.0866952278554571, 
    -0.0569669900094358, 0.255179507373787, 0.165994793835724, 
    0.359228339834862, 0.284907745219808, -0.0866952278554571, 
    0.0619459613746492, -0.116423465701478, -0.38397760631567, 
    -0.0718311089324464, 0.00248948568260667, -0.428569963084701, 
    -0.175879941393521, 0.165994793835724, 0.136266555989702, 
    -0.131287584624489, 0.284907745219808, -282.709181813187, 
    -36.8030079304512, 46.9047665572452, -0.0611248653510839, 
    0.270548232368535, 0.221612896213294, -0.141002445516607, 
    0.115371580928528, -0.176809800349899, 0.0575291134291201, 
    -0.125263079326525, -0.360317310932056, 0.166739472495275, 
    0.44965606351628, 0.0751645466608243, -0.326227193683757, 
    0.230877686470715, -0.420592333842968, 0.0519486847795985, 
    -0.0338669829487023, 0.0421474061522932, -0.185538102237438, 
    0.0729108207059471, -0.0890980655799771, 0.0510545374964592, 
    0.0758798644873358, -0.0740740172164058, -293.87128701752, 
    -33.9678148766177, 8.65095721368538, 48.6211390082697, -0.0587193222030677, 
    0.083686816614506, 0.0349793870888135, 0.0898999650193316, 
    -0.160589001185979, 0.257505525574979, 0.275058221743037, 
    0.563680488069739, -0.22329697497344, -0.128997021398142, 
    -0.0275578357153437, -0.373125503892762, -0.0274975862114396, 
    0.0588222318240993, 0.0923399585590692, -0.175912621133539, 
    0.116546382071625, -0.373770335132734, -0.0128790470077565, 
    0.0349994702567816, -0.258295198339626, 0.0884128033691762, 
    -0.0259970064122555, -344.100760437017, 4.35683841321134, 
    -22.2386712979005, -15.2393644799777, -54.7621027249517, 
    0.0448440015126155, 0.136215498486672, -0.0509593808802526, 
    -0.0236353816286325, 0.307174819977133, -0.484050010046681, 
    0.157826441323181, 0.0626167573134238, 0.00229457482127584, 
    -0.261955675044591, 0.0623786346780898, 0.17980342919178, 
    -0.241557748161325, 0.32891063541582, -0.0687051658939151, 
    -0.166200388534985, -0.0896717856960523, 0.142366188325667, 
    0.0278172834925695, 0.292171559934533, 0.041725352306949, 
    -0.235576276074284, -382.975678562452, -12.3443755040988, 
    11.0852083455286, 1.89702095288471, -4.05371442123446, 46.2421116502593, 
    -0.105335060837695, -0.210988758684411, 0.116891032142722, 
    -0.180495117545081, 0.103373875276953, -0.20209934854401, 
    0.105594574780079, 0.66373062755061, 0.0522994364329651, 
    -0.0238472124828589, -0.211166760406886, -0.17012022280854, 
    -0.0428547353020002, -0.0944906149910257, -0.179833012096929, 
    0.309933132911885, -0.120236718954301, 0.0143147774299201, 
    0.0721170374662944, -0.310069288565021, 0.157554606989784, 
    -222.664753817466, -13.9386898893224, 15.4279398067065, 25.9617311116737, 
    1.98395096349826, 8.5100112080146, 43.0201251787627, -0.0566365806874223, 
    0.329545479665972, -0.199795424755251, 0.31869143424818, 
    0.0794168515142937, 0.0677229963602688, 0.119039314944026, 
    -0.328830189556109, -0.00648135714345958, -0.118366377865066, 
    -0.0380401698324983, -0.033911746792484, 0.188852850125866, 
    0.0921296288131268, 0.0239146905027428, 0.1456926369802, 
    -0.582754961565676, 0.0416320254140744, 0.0095140866550488, 
    -0.0893964948253339), .Dim = c(27L, 7L), .Dimnames = list(
        c("2", "3", "4", "6", "7", "8", "9", "10", "11", "12", 
        "13", "14", "15", "16", "17", "18", "19", "20", "21", 
        "22", "23", "24", "25", "26", "27", "28", "29"), c("x1", 
        "x2", "x3", "x4", "x5", "x6", "x7")), assign = 1:7), 
        qraux = c(1.19245008972988, 1.06194596137465, 1.14577733656893, 
        1.12121545183186, 1.3786580773936, 1.19518878340195, 
        1.42602408986702), pivot = 1:7, tol = 1e-07, rank = 7L), .Names = c("qr", 
    "qraux", "pivot", "tol", "rank"), class = "qr"), df.residual = 20L, 
    xlevels = structure(list(), .Names = character(0)), call = quote(lm(formula = y ~ 
        . + 0, data = structure(list(y = c(63, 71, 61, 43, 58, 
        71, 72, 67, 64, 67, 69, 68, 77, 81, 74, 65, 65, 50, 50, 
        64, 53, 40, 63, 66, 78, 48, 85), x1 = c(1, 1, 1, 1, 1, 
        1, 1, 1, 1, 1, 1, 1, 1, 1, 1, 1, 1, 1, 1, 1, 1, 1, 1, 
        1, 1, 1, 1), x2 = c(64, 70, 63, 55, 67, 75, 82, 61, 53, 
        60, 62, 83, 77, 90, 85, 60, 70, 58, 40, 61, 66, 37, 54, 
        77, 75, 57, 85), x3 = c(51, 68, 45, 49, 42, 50, 72, 45, 
        53, 47, 57, 83, 54, 50, 64, 65, 46, 68, 33, 52, 52, 42, 
        42, 66, 58, 44, 71), x4 = c(54, 69, 47, 44, 56, 55, 67, 
        47, 58, 39, 42, 45, 72, 72, 69, 75, 57, 54, 34, 62, 50, 
        58, 48, 63, 74, 45, 71), x5 = c(63, 64, 55, 70, 88, 71, 
        71, 66, 61, 88, 43, 79, 66, 66, 50, 60, 77, 50, 88, 59, 
        59, 55, 75, 66, 77, 71, 50),