
expected <- structure(list(coefficients = structure(c(11.6159472383186, 0.701005501872063, 
-0.10302383855705, 0.27987479486799, -0.083244131390465, 0.0725721293156587, 
-0.108990360321736), .Names = c("x1", "x2", "x3", "x4", "x5", 
"x6", "x7")), residuals = structure(c(-7.25095193985207, 3.14671394226781, 
2.23491236337971, -0.429607474225919, 5.48675059970854, -6.95900234825619, 
-7.55543266739153, 1.3097192448278, -4.9487647857349, 8.69157762015672, 
9.43767003493997, 13.3312138636702, 0.346951432476845, 2.27576836485013, 
-3.37985875651706, -6.351402903731, -1.81186366596042, -4.17546430621778, 
6.75943959787499, 1.02173404809377, -8.4127018312308, -4.31074555687997, 
-4.14730310682351, 3.88685497323087, -9.16198969731381, 6.4232614444123, 
4.5425215102453), .Names = c("1", "2", "3", "4", "5", "6", "7", 
"8", "9", "10", "11", "12", "14", "15", "16", "17", "19", "20", 
"21", "22", "23", "24", "26", "27", "28", "29", "30")), effects = structure(c(-335.248056309443, 
55.507881731414, 5.01730832808559, 12.937982009321, -1.27807960301797, 
3.83656746731035, -4.56845566066513, 6.51625624976265, -4.67328918571016, 
10.259608892965, 8.64927247472573, 15.3291484876726, -0.318568357996816, 
4.15486398843632, -3.4879344791673, -2.66982229022137, 0.982507728072244, 
-5.39485990308596, 9.0685435410654, 1.43079977772325, -7.73133136157134, 
-6.29504172931968, 2.00029866451969, 5.85664397509814, -9.83344559992848, 
8.2082180806413, 5.62907477011804), .Names = c("x1", "x2", "x3", 
"x4", "x5", "x6", "x7", "", "", "", "", "", "", "", "", "", "", 
"", "", "", "", "", "", "", "", "", "")), rank = 7L, fitted.values = structure(c(50.2509519398521, 
59.8532860577322, 68.7650876366203, 61.4296074742259, 75.5132494002915, 
49.9590023482562, 65.5554326673915, 69.6902807551722, 76.9487647857349, 
58.3084223798433, 54.56232996506, 53.6687861363298, 67.6530485675232, 
74.7242316351499, 84.3798587565171, 80.351402903731, 66.8118636659604, 
54.1754643062178, 43.240560402125, 62.9782659519062, 61.4127018312308, 
44.31074555688, 70.1473031068235, 74.1131450267691, 57.1619896973138, 
78.5767385555877, 77.4574784897547), .Names = c("1", "2", "3", 
"4", "5", "6", "7", "8", "9", "10", "11", "12", "14", "15", "16", 
"17", "19", "20", "21", "22", "23", "24", "26", "27", "28", "29", 
"30")), assign = 1:7, qr = structure(list(qr = structure(c(-5.19615242270663, 
0.192450089729875, 0.192450089729875, 0.192450089729875, 0.192450089729875, 
0.192450089729875, 0.192450089729875, 0.192450089729875, 0.192450089729875, 
0.192450089729875, 0.192450089729875, 0.192450089729875, 0.192450089729875, 
0.192450089729875, 0.192450089729875, 0.192450089729875, 0.192450089729875, 
0.192450089729875, 0.192450089729875, 0.192450089729875, 0.192450089729875, 
0.192450089729875, 0.192450089729875, 0.192450089729875, 0.192450089729875, 
0.192450089729875, 0.192450089729875, -350.644063487833, 69.9767157041593, 
-0.0740027970375246, 0.0260304773103873, -0.188326539149424, 
0.140354219422287, -0.0311313937455624, -0.145455135857462, -0.245488410205373, 
0.0546114128383621, 0.168935154950261, 0.0689018806023495, -0.259778877969361, 
-0.174036071385436, -0.359812152317273, -0.288359813497336, -0.0740027970375246, 
0.0974828161303243, 0.354711235882098, 0.0546114128383621, -0.0168409259815749, 
0.39758263917406, -0.174036071385436, -0.145455135857462, 0.111773283894312, 
-0.288359813497336, -0.245488410205373, -275.203628313722, 37.1192253786653, 
-51.7989002803227, -0.0646111375218958, 0.00305168115368953, 
0.0897822602435688, -0.161113265566024, -0.0838415133947335, 
0.273352707176091, -0.045318217241926, 0.186296897169124, 0.00293910122085157, 
0.476065967811465, -0.0259127170291181, -0.228538415494507, 0.0899698934649654, 
-0.112830929340394, 0.427646033890144, -0.074407704238998, 0.0898197868878481, 
0.0415874861879235, 0.128280538633523, 0.205752432907637, 0.0706019198964369, 
-0.0260378058433825, 0.22510789759474, -0.363726455149987, -293.67883692779, 
37.9020254461815, -7.52187192325024, 43.33126643185, -0.121492937648673, 
0.135014367433991, -0.0835009050119497, 0.064907370321727, -6.93956314350381e-05, 
0.0915809510779477, -0.178492309224744, 0.280997970441483, 0.591510443853834, 
-0.282447065505078, -0.194720363674145, -0.0742433357923988, 
-0.0527603812070296, 0.0603482267727822, 0.123980681013588, -0.206851483211803, 
0.114317693405659, -0.395054295483173, 0.00709158923035469, -0.31901745600949, 
0.0955309830565158, -0.0726614600816332, -0.0404954151910349, 
-339.28950819377, 36.8715239374229, -8.58423415944909, 19.7034837366774, 
33.3796944967433, 0.0891282688594576, -0.00534326791010281, -0.0787541470762473, 
0.195243614382479, -0.0724219506765863, 0.215632463139881, -0.125555909291352, 
0.195615399430647, -0.0260201866444669, 0.607944339783501, -0.0104391317533713, 
-0.230835737455126, 0.0282513371371344, 0.118579321337855, 0.0901938159779225, 
-0.00439100325568319, 0.338586271621436, -0.427458024109425, 
-0.0225831698730062, 0.196518979383285, 0.101239274755126, 0.186282569069957, 
-389.711431702997, 9.93187509597131, -2.61272901832825, -6.25623984676714, 
23.716156902444, 44.3275858683189, 0.182279299001238, 0.347452835150716, 
-0.0700634810451851, -0.0226262379058824, 0.0839578858493574, 
0.188879609409066, 0.264852346800697, 0.00292032271933325, 0.319549858087797, 
0.0651426267113306, -0.0808066743243233, 0.0395020390664217, 
0.16788377950742, -0.145856573533361, -0.00554551552940012, 0.117042680194013, 
0.303292878343602, -0.0240498236872839, -0.211909929751971, 0.156608456154109, 
-0.0720024619440009, -227.476006060713, -18.5220340518792, -11.5697694541298, 
-26.6526391231006, 2.02355450060954, -5.68509152180656, 41.9161442092601, 
0.282145712406889, 0.118184590710078, 0.0462623371874094, 0.0590632637490435, 
-0.0928766332065719, -0.262917757635882, -0.126940665698694, 
-0.240130133208037, 0.281589855367385, -0.060929242731463, -0.177932644702374, 
0.648782712387063, 0.213304220475163, -0.0917279337446556, 0.0934056278148947, 
0.142188012341767, 0.0257672333835088, 0.231832424487996, -0.0145439048562052, 
-0.153650063236164), .Dim = c(27L, 7L), .Dimnames = list(c("1", 
"2", "3", "4", "5", "6", "7", "8", "9", "10", "11", "12", "14", 
"15", "16", "17", "19", "20", "21", "22", "23", "24", "26", "27", 
"28", "29", "30"), c("x1", "x2", "x3", "x4", "x5", "x6", "x7"
)), assign = 1:7), qraux = c(1.19245008972988, 1.0117400095464, 
1.31188851221032, 1.1092741072632, 1.1175208252798, 1.61881679450509, 
1.22934734930029), pivot = 1:7, tol = 1e-07, rank = 7L), .Names = c("qr", 
"qraux", "pivot", "tol", "rank"), class = "qr"), df.residual = 20L, 
    xlevels = structure(list(), .Names = character(0)), call = quote(lm(formula = y ~ 
        . + 0, data = structure(list(y = c(43, 63, 71, 61, 81, 
        43, 58, 71, 72, 67, 64, 67, 68, 77, 81, 74, 65, 50, 50, 
        64, 53, 40, 66, 78, 48, 85, 82), x1 = c(1, 1, 1, 1, 1, 
        1, 1, 1, 1, 1, 1, 1, 1, 1, 1, 1, 1, 1, 1, 1, 1, 1, 1, 
        1, 1, 1, 1), x2 = c(51, 64, 70, 63, 78, 55, 67, 75, 82, 
        61, 53, 60, 83, 77, 90, 85, 70, 58, 40, 61, 66, 37, 77, 
        75, 57, 85, 82), x3 = c(30, 51, 68, 45, 56, 49, 42, 50, 
        72, 45, 53, 47, 83, 54, 50, 64, 46, 68, 33, 52, 52, 42, 
        66, 58, 44, 71, 39), x4 = c(39, 54, 69, 47, 66, 44, 56, 
        55, 67, 47, 58, 39, 45, 72, 72, 69, 57, 54, 34, 62, 50, 
        58, 63, 74, 45, 71, 59), x5 = c(61, 63, 76, 54, 71, 54, 
        66, 70, 71, 62, 58, 59, 59, 79, 60, 79, 75, 64, 43, 66, 
        63, 50, 88, 80, 51, 77, 64), x6 = c(92, 73, 86, 84, 83, 
        49, 68, 66, 83, 80, 67, 74, 77, 77, 54, 79, 85, 78, 64, 
        80, 80, 57, 76, 78, 83, 74, 78), x7 = c(60, 60, 38, 41, 
        33, 60, 35, 34, 33, 48, 46, 60, 63, 41, 39, 25, 46, 60, 
        33, 34, 52, 47, 41, 35, 39, 38, 41)), .Names = c("y", 
        "x1", "x2", "x3", "x4", "x5", "x6", "x7"),