
expected <- structure(list(coefficients = structure(c(16.3295880931597, 0.0800380107833985, 
0.511144367508777, 0.453678787896294, 0.101993353399765, -0.509582218974179
), .Names = c("x1", "x2", "x3", "x4", "x5", "x6")), residuals = structure(c(-9.79195347011828, 
2.90976336755004, -4.83220394627397, 1.81419758079095, 9.72647706635973, 
-11.9123362097987, -9.35823949479713, 4.95936565550389, -9.21859097727029, 
7.65023400506474, -2.03910491083613, 13.5523094076556, 8.00182273269103, 
5.24060144035624, -0.707365518872076, 9.48270843274389, 5.48459849158178, 
2.59524517493447, -3.40112759558617, -9.86661727579196, 4.43069978471201, 
-5.39191273463588, -10.9354728367384, -12.8655896704381, -2.00220246647362, 
1.20049961496791, 15.2741943527184), .Names = c("1", "2", "3", 
"4", "5", "6", "7", "8", "9", "10", "11", "12", "13", "14", "15", 
"16", "17", "18", "19", "20", "21", "22", "23", "24", "25", "26", 
"30")), effects = structure(c(-332.553755053224, -20.0107593495701, 
-25.8708886270627, 12.3839874386871, -1.85434483162637, -21.8689453762013, 
-3.35880350707044, 10.5963960112937, -7.34422828143899, 8.52506555498151, 
1.76745468068023, 14.4623576900312, 11.8014715482425, 3.06371985823286, 
4.32900259089776, 17.5666465482136, 6.76165090515361, -0.446520075533312, 
-1.14423333831087, -11.3363029666299, 6.47206698030933, -3.43748538380123, 
-9.85741062381636, -9.18877745498289, 2.15259016539019, 3.22322574387963, 
18.6196962923161), .Names = c("x1", "x2", "x3", "x4", "x5", "x6", 
"", "", "", "", "", "", "", "", "", "", "", "", "", "", "", "", 
"", "", "", "", "")), rank = 6L, fitted.values = structure(c(52.7919534701183, 
60.09023663245, 75.832203946274, 59.185802419209, 71.2735229336403, 
54.9123362097987, 67.3582394947971, 66.0406343444961, 81.2185909772703, 
59.3497659949353, 66.0391049108361, 53.4476905923444, 60.998177267309, 
62.7593985596438, 77.7073655188721, 71.5172915672561, 68.5154015084182, 
62.4047548250655, 68.4011275955862, 59.866617275792, 45.569300215288, 
69.3919127346359, 63.9354728367384, 52.8655896704381, 65.0022024664736, 
64.7995003850321, 66.7258056472816), .Names = c("1", "2", "3", 
"4", "5", "6", "7", "8", "9", "10", "11", "12", "13", "14", "15", 
"16", "17", "18", "19", "20", "21", "22", "23", "24", "25", "26", 
"30")), assign = 1:6, qr = structure(list(qr = structure(c(-5.19615242270663, 
0.192450089729875, 0.192450089729875, 0.192450089729875, 0.192450089729875, 
0.192450089729875, 0.192450089729875, 0.192450089729875, 0.192450089729875, 
0.192450089729875, 0.192450089729875, 0.192450089729875, 0.192450089729875, 
0.192450089729875, 0.192450089729875, 0.192450089729875, 0.192450089729875, 
0.192450089729875, 0.192450089729875, 0.192450089729875, 0.192450089729875, 
0.192450089729875, 0.192450089729875, 0.192450089729875, 0.192450089729875, 
0.192450089729875, 0.192450089729875, -273.471577506153, -62.5163682270195, 
0.304281544947944, -0.0636221041648558, 0.112331814976049, 0.000361139159109399, 
-0.11160953665783, 0.0163569499901007, 0.368264788271909, -0.0636221041648558, 
0.0643443824830746, -0.0316304825028732, 0.12832762580704, 0.544218707412814, 
0.0803401933140659, 0.0163569499901007, 0.240298301623979, 0.25629411245497, 
-0.0476262933338645, 0.304281544947944, -0.255571834136751, 0.0483485716520833, 
0.0483485716520833, -0.11160953665783, -0.11160953665783, 0.272289923285962, 
-0.159596969150804, -288.867584684543, -25.4801417788928, -51.7231175920984, 
-0.0827004398816345, 0.197100839875148, -0.172534056749676, 0.115177347135315, 
0.0321786870036176, 0.0891046637743827, -0.0827004398816345, 
0.0663054766371904, -0.253286394001355, -0.27486643160225, -0.423776360024788, 
0.329019364553114, 0.360851837258525, 0.191437038626957, 0.299481208775866, 
0.102678589150782, -0.130401154891607, -0.238541313136803, 0.151598453697051, 
-0.0804061229534722, 0.153844776577069, -0.0394923706316998, 
0.0595185139489908, 0.197052845827004, -333.131105322414, -19.4526832828, 
-22.2833647284373, 40.9598759293186, -0.00954450228138296, 0.128977031115484, 
-0.0374965946086553, -0.12901279655827, 0.0382963146707262, -0.0397727914021418, 
0.206264615202888, -0.0568589632700522, 0.098849862110729, 0.0952330364152378, 
-0.138235765496994, 0.316635966957993, -0.151303744393535, 0.508005003959835, 
-0.236373586131035, 0.0461045163511385, 0.24301132743331, 0.0561158141981099, 
-0.0128822933832933, 0.376836341448108, -0.132323605900483, -0.437652800863844, 
0.0401441624286377, -386.439780177589, -9.35280983662443, -3.7074941019247, 
22.6156983392618, -46.2990920058692, -0.538666546765733, -0.220925071566416, 
-0.286105270557431, 0.0776801500346521, 0.072934888162032, -0.184320558285898, 
-0.0299208695007605, -0.237410446013578, 0.0497232946722419, 
-0.118631072958266, -0.489780072863645, -0.0680928078988447, 
0.111241329475974, 0.0871689841633883, 0.0235959136785226, -0.142281794952319, 
0.0393970784492625, 0.0678357794431012, -0.352326848341232, -0.0642203596510802, 
-0.188202691314588, 0.00485753203033681, -220.547802830437, -15.2991044036859, 
-21.6936950406157, 16.6907125518023, -5.62785496556304, 42.9154404567429, 
0.180761173225653, 0.0967000771113132, 0.465392058856734, 0.00396836139324295, 
0.15627512965022, -0.0555233402392816, 0.292190702568901, 0.204430700347279, 
0.152407958592563, 0.139056942987655, -0.22184045439382, -0.374328294851164, 
0.0609085801023127, -0.153135813751044, -0.102733534781054, 0.107398651323092, 
0.135008222644151, -0.322696936689772, 0.21680370448045, -0.357500327386599, 
0.0861367367171909), .Dim = c(27L, 6L), .Dimnames = list(c("1", 
"2", "3", "4", "5", "6", "7", "8", "9", "10", "11", "12", "13", 
"14", "15", "16", "17", "18", "19", "20", "21", "22", "23", "24", 
"25", "26", "30"), c("x1", "x2", "x3", "x4", "x5", "x6")), assign = 1:6), 
    qraux = c(1.19245008972988, 1.03235276082109, 1.15960456592155, 
    1.15554030021476, 1.06993228761725, 1.03094414169224), pivot = 1:6, 
    tol = 1e-07, rank = 6L), .Names = c("qr", "qraux", "pivot", 
"tol", "rank"), class = "qr"), df.residual = 21L, xlevels = structure(list(), .Names = character(0)), 
    call = quote(lm(formula = y ~ . + 0, data = structure(list(y = c(43, 
        63, 71, 61, 81, 43, 58, 71, 72, 67, 64, 67, 69, 68, 77, 
        81, 74, 65, 65, 50, 50, 64, 53, 40, 63, 66, 82), x1 = c(1, 
        1, 1, 1, 1, 1, 1, 1, 1, 1, 1, 1, 1, 1, 1, 1, 1, 1, 1, 
        1, 1, 1, 1, 1, 1, 1, 1), x2 = c(30, 51, 68, 45, 56, 49, 
        42, 50, 72, 45, 53, 47, 57, 83, 54, 50, 64, 65, 46, 68, 
        33, 52, 52, 42, 42, 66, 39), x3 = c(39, 54, 69, 47, 66, 
        44, 56, 55, 67, 47, 58, 39, 42, 45, 72, 72, 69, 75, 57, 
        54, 34, 62, 50, 58, 48, 63, 59), x4 = c(61, 63, 76, 54, 
        71, 54, 66, 70, 71, 62, 58, 59, 55, 59, 79, 60, 79, 55, 
        75, 64, 43, 66, 63, 50, 66, 88, 64), x5 = c(92, 73, 86, 
        84, 83, 49, 68, 66, 83, 80, 67, 74, 63, 77, 77, 54, 79, 
        80, 85, 78, 64, 80, 80, 57, 75, 76, 78), x6 = c(45, 47, 
        48, 35, 47, 34, 35, 41, 31, 41, 34, 41, 25, 35, 46, 36, 
        63, 60, 46, 52, 33, 41, 37, 49, 33, 72, 39)), .Names = c("y", 
        "x1", "x2", "x3", "x4", "x5", "x6"), row.names = c("1", 
        "2", "3", "4", "5", "6", "7", "8", "9", "10", "11", "12", 
        "13", "14", "15", "16", "17", "18", "19", "20", "21", 
        "22", "23", "24", "25", "26", "30"), class = "data.frame"))), 
    terms = y ~ x1 + x2 + x3 + x4 + x5 + x6 + 0, model = structure(list(
        y = c(43, 63, 71, 61, 81, 43, 58, 71, 72, 67, 64, 67, 
        69, 68, 77, 81, 74, 65, 65, 50, 50, 64, 53, 40, 63, 66, 
        82), x1 = c(1, 1, 1, 1, 1, 1, 1, 1, 1, 1, 1, 1, 1, 1, 
        1, 1, 1, 1, 1, 1, 1, 1, 1, 1, 1, 1, 1), x2 = c(30, 51, 
        68, 45, 56, 49, 42, 50, 72, 45, 53, 47, 57, 83, 54, 50, 
        64, 65, 46, 68, 33, 52, 52, 42, 42, 66, 39), x3 = c(39, 
        54, 69, 47, 66, 44, 56, 55, 67, 47, 58, 39, 42, 45, 72, 
        72, 69, 75, 57, 54, 34, 62, 50, 58, 48, 63, 59),