
expected <- structure(list(coefficients = structure(c(28.5660865407468, -0.461193147122767, 
-1.69149767674953, -0.00033690186914135, 0.40969492787067), .Names = c("(Intercept)", 
"pop15", "pop75", "dpi", "ddpi")), residuals = structure(c(0.863579763089956, 
0.616385987736314, 2.218957928338, -0.698319121223193, 3.55280944158801, 
-0.316892362577826, -8.2422306716793, 2.53603608513497, -1.45170709733013, 
5.1250781784526, 5.40023884278033, -2.40563130331345, -1.68108565185996, 
2.47547182883964, -0.180699295374665, -3.11616846782401, -3.35528378971092, 
0.710024484173062, -6.21058197743013, 0.508673999894877, 3.39113064057356, 
1.92675489523614, 5.28148554984659, -6.10698144474573, -1.67080656669553, 
2.97490978233696, -0.871785361021597, 0.42554551021778, 2.28555481755543, 
0.646396607890595, -3.29416560287372, -6.1257588810932, 6.53944101694304, 
6.67500844049874, -0.768444679621795, 0.483165565323187, 1.2914342214096, 
-0.671156455550308, -4.26028339866931, 2.48682585582808, -2.66568240595431, 
-2.81792000502934, -2.69241276642556, -1.11159014595127, 3.63251769439362, 
9.75091377184124, -3.01853140824666, -2.26382733704987, -2.82952566381197, 
-2.97086904885857), .Names = c("Australia", "Austria", "Belgium", 
"Bolivia", "Brazil", "Canada", "Chile", "China", "Colombia", 
"Costa Rica", "Denmark", "Ecuador", "Finland", "France", "Germany", 
"Greece", "Guatamala", "Honduras", "Iceland", "India", "Ireland", 
"Italy", "Japan", "Korea", "Luxembourg", "Malta", "Norway", "Netherlands", 
"New Zealand", "Nicaragua", "Panama", "Paraguay", "Peru", "Philippines", 
"Portugal", "South Africa", "South Rhodesia", "Spain", "Sweden", 
"Switzerland", "Turkey", "Tunisia", "United Kingdom", "United States", 
"Venezuela", "Zambia", "Jamaica", "Uruguay", "Libya", "Malaysia"
)), effects = structure(c(-68.384296808551, -14.2869718756147, 
7.30360935931436, -3.52149771993956, -7.94065681116865, -0.655206619955559, 
-7.98426769818929, 2.11835129324918, -1.5354578825814, 4.94070903923897, 
4.9811476263448, -2.36103969775486, -1.5661521693604, 1.68196909708745, 
-0.182551082570305, -3.28374023011935, -3.03783031104655, 0.762019243487726, 
-6.28806559687962, 1.15942218549724, 2.92804205826621, 2.04415604780183, 
5.04587845254195, -6.2647879270342, -1.38102756737135, 2.31670197356863, 
-1.15880106817969, -0.209548919949983, 2.26101525601646, 0.709220205102216, 
-3.39023406360215, -5.44378328667935, 6.93989846010402, 6.81988853627436, 
-1.20929423152311, 0.996491767935397, 2.24569677287488, -0.520632156857349, 
-4.74503902147376, 2.40967313840561, -2.54148496023116, -2.56770845836587, 
-2.71221486177228, -1.81298485410907, 3.95072523713182, 9.62759991285485, 
-4.29977588639926, -1.63553230064561, -5.52474122081385, -3.28514163602414
), .Names = c("(Intercept)", "pop15", "pop75", "dpi", "ddpi", 
"", "", "", "", "", "", "", "", "", "", "", "", "", "", "", "", 
"", "", "", "", "", "", "", "", "", "", "", "", "", "", "", "", 
"", "", "", "", "", "", "", "", "", "", "", "", "")), rank = 5L, 
    fitted.values = structure(c(10.56642023691, 11.4536140122637, 
    10.951042071662, 6.44831912122319, 9.327190558412, 9.10689236257783, 
    8.8422306716793, 9.36396391486503, 6.43170709733013, 5.6549218215474, 
    11.4497611572197, 5.99563130331345, 12.92108565186, 10.1645281711604, 
    12.7306992953747, 13.786168467824, 6.36528378971092, 6.98997551582694, 
    7.48058197743013, 8.49132600010512, 7.94886935942644, 12.3532451047639, 
    15.8185144501534, 10.0869814447457, 12.0208065666955, 12.505090217663, 
    11.1217853610216, 14.2244544897822, 8.38444518244457, 6.6536033921094, 
    7.73416560287372, 8.1457588810932, 6.16055898305696, 6.10499155950126, 
    13.2584446796218, 10.6568344346768, 12.0085657785904, 12.4411564555503, 
    11.1202833986693, 11.6431741441719, 7.79568240595431, 5.62792000502934, 
    10.5024127664256, 8.67159014595127, 5.58748230560638, 8.80908622815876, 
    10.7385314082467, 11.5038273370499, 11.719525663812, 7.68086904885857
    ), .Names = c("Australia", "Austria", "Belgium", "Bolivia", 
    "Brazil", "Canada", "Chile", "China", "Colombia", "Costa Rica", 
    "Denmark", "Ecuador", "Finland", "France", "Germany", "Greece", 
    "Guatamala", "Honduras", "Iceland", "India", "Ireland", "Italy", 
    "Japan", "Korea", "Luxembourg", "Malta", "Norway", "Netherlands", 
    "New Zealand", "Nicaragua", "Panama", "Paraguay", "Peru", 
    "Philippines", "Portugal", "South Africa", "South Rhodesia", 
    "Spain", "Sweden", "Switzerland", "Turkey", "Tunisia", "United Kingdom", 
    "United States", "Venezuela", "Zambia", "Jamaica", "Uruguay", 
    "Libya", "Malaysia")),