
expected <- structure(list(coefficients = structure(c(7.66684237813032, 0.6472777056829, 
-0.0123585461636623, 0.298403721625213, 0.117007054420141, -0.00213256969562223, 
-0.231739859790728), .Names = c("x1", "x2", "x3", "x4", "x5", 
"x6", "x7")), residuals = structure(c(-5.48352517982774, 0.648101874686905, 
1.02335071811695, 6.61060307666222, -11.0961849951584, -8.67975847260052, 
0.470233192717089, -8.79341019481451, 8.81067510738719, 6.63837796525408, 
12.1718717386602, 8.89573706082304, 0.251486798462815, -4.33028039064598, 
-2.9640954646545, 4.58472166597592, -2.36169074052931, -5.751874904188, 
0.925377482430977, -10.3039720926878, -2.74389640726711, 6.61595036078499, 
-2.94453685786428, 2.5214346640987, -6.45163055958816, 5.88437644879894, 
5.85255810496629), .Names = c("1", "3", "4", "5", "6", "7", "8", 
"9", "10", "11", "12", "13", "15", "16", "17", "18", "19", "20", 
"22", "23", "24", "25", "26", "27", "28", "29", "30")), effects = structure(c(-338.327257745121, 
-53.1510040063286, 2.38481266822958, -8.69855043732628, -0.829499312810364, 
2.45859990662596, -8.84213190514882, -3.88704972075092, 12.7913896758596, 
7.31005192841952, 14.5467405208796, 15.4622053172448, -2.97010460140244, 
-3.51643379401971, -0.421436401419856, 9.84537407323547, -2.94704984010852, 
-0.838412221027777, -0.874389992480363, -7.57671559527822, -5.54844015918889, 
0.595895064831078, -2.54238130899703, -5.90256006957782, -2.83020327383496, 
7.29205933631645, 8.3085926880601), .Names = c("x1", "x2", "x3", 
"x4", "x5", "x6", "x7", "", "", "", "", "", "", "", "", "", "", 
"", "", "", "", "", "", "", "", "", "")), rank = 7L, fitted.values = structure(c(48.4835251798277, 
70.3518981253131, 59.976649281883, 74.3893969233378, 54.0961849951584, 
66.6797584726005, 70.5297668072829, 80.7934101948145, 58.1893248926128, 
57.3616220347459, 54.8281282613398, 60.104262939177, 76.7485132015372, 
85.330280390646, 76.9640954646545, 60.4152783340241, 67.3616907405293, 
55.751874904188, 63.074622517569, 63.3039720926878, 42.7438964072671, 
56.384049639215, 68.9445368578643, 75.4785653359013, 54.4516305595882, 
79.1156235512011, 76.1474418950337), .Names = c("1", "3", "4", 
"5", "6", "7", "8", "9", "10", "11", "12", "13", "15", "16", 
"17", "18", "19", "20", "22", "23", "24", "25", "26", "27", "28", 
"29", "30")), assign = 1:7, qr = structure(list(qr = structure(c(-5.19615242270663, 
0.192450089729875, 0.192450089729875, 0.192450089729875, 0.192450089729875, 
0.192450089729875, 0.192450089729875, 0.192450089729875, 0.192450089729875, 
0.192450089729875, 0.192450089729875, 0.192450089729875, 0.192450089729875, 
0.192450089729875, 0.192450089729875, 0.192450089729875, 0.192450089729875, 
0.192450089729875, 0.192450089729875, 0.192450089729875, 0.192450089729875, 
0.192450089729875, 0.192450089729875, 0.192450089729875, 0.192450089729875, 
0.192450089729875, 0.192450089729875, -348.527112500804, -64.4348651884355, 
-0.0229669383926948, 0.209826285526274, -0.147123324482811, 0.0391112546523634, 
0.16326764074248, 0.271904478571332, -0.0540060349152239, -0.17816242100534, 
-0.0695255831764885, -0.0384864866539594, 0.194306737265009, 
0.396060864661448, 0.318463123355125, -0.0695255831764885, 0.0856698994361571, 
-0.100564679699018, -0.0540060349152239, 0.0235917063910989, 
-0.426475193185573, -0.162642872744076, 0.194306737265009, 0.16326764074248, 
-0.116084227960282, 0.318463123355125, 0.271904478571332, -274.626278044532, 
-24.9910710853059, 49.1208079475144, 0.0332697122450195, -0.1175759361763, 
0.17798279240609, 0.117154307922394, -0.241440185980785, 0.0403824137808932, 
-0.224516643047355, -0.0130879396546342, -0.191158831431529, 
0.0612312441374779, 0.308470469495412, -0.0403131830102102, -0.37953142363057, 
0.134814139392708, -0.466114159169628, -0.102123385543082, -0.0383513316854092, 
-0.204649530739946, 0.0121754523761407, -0.183064411846479, -0.0457094627335769, 
0.00972274202675147, -0.182818982334185, 0.430372867975097, -299.837239799146, 
-35.2696104189331, 21.7298843053379, -39.9436645615164, -0.177617837000547, 
0.106779989075908, -0.100743421629851, -0.163450290946938, -0.103742940267717, 
0.137116691742865, -0.321904565512506, -0.400929011325126, 0.252106902281073, 
0.186143551267977, -0.0326140735118242, 0.335221351322635, 0.0498186683736243, 
-0.212714672469972, 0.17684128669816, -0.169819303439769, 0.434275378359838, 
0.0267153585700828, -0.135972710318455, 0.266418319331288, -0.103259952891661, 
-0.0774882175469095, 0.083863901372416, -341.406459180799, -33.9194097202031, 
10.8534948345161, -6.09508613613382, 36.0021506126074, -0.0695628717457221, 
-0.0269904980245857, 0.258323896605004, -0.0134030192056276, 
0.124544792448818, 0.0577472715425807, 0.292838251078639, -0.173085739565426, 
0.445432283286562, -0.00555906672223858, 0.438306537640187, -0.248625408909153, 
0.140950833621688, -0.0170379189003488, 0.0838027136617085, 0.0820694063042763, 
-0.220213486708983, -0.331927055773234, -0.176949199072772, 0.237411397649097, 
0.122601952847488, 0.114289035146602, -382.783228472722, 0.06725137579879, 
4.99477432948568, -0.630122326611707, -9.31713637187223, -47.810476073047, 
0.147038139135961, 0.213763001089947, 0.265449225486322, 0.000459945249327978, 
-0.168163027722008, 0.119440983904274, -0.0260155761750373, -0.123958200097545, 
0.0951565457735176, 0.191446906439124, 0.131024656492153, 0.0305127525430319, 
-0.115808163344159, 0.0298454912656255, -0.260821444563611, -0.470918795306442, 
-0.00535980337986989, -0.603375605825155, -0.0121962896880726, 
-0.129451644345831, 0.233958064562072, -225.743955253144, -11.8276201693348, 
20.5044038044349, -16.9699421678191, 21.8429162597646, -10.1693370158568, 
38.1554209670002, 0.379973244532311, -0.00130828919750903, 0.323259179011861, 
-0.137518025612846, 0.247211133556346, 0.195875644385405, -0.0795105560532854, 
-0.358771777497548, -0.312901470009567, 0.0699483926576903, -0.111283739300639, 
0.205249135177812, 0.0831660030798509, -0.0356023392240706, 0.338023185031384, 
-0.37919366418579, 0.157270722125831, -0.105137874633023, -0.164698942303921, 
-0.100926563197277), .Dim = c(27L, 7L), .Dimnames = list(c("1", 
"3", "4", "5", "6", "7", "8", "9", "10", "11", "12", "13", "15", 
"16", "17", "18", "19", "20", "22", "23", "24", "25", "26", "27", 
"28", "29", "30"), c("x1", "x2", "x3", "x4", "x5", "x6", "x7"
)), assign = 1:7), qraux = c(1.19245008972988, 1.08566989943616, 
1.06589123532396, 1.06552080427392, 1.17955741520268, 1.00087437664451, 
1.03237619174987), pivot = 1:7, tol = 1e-07, rank = 7L), .Names = c("qr", 
"qraux", "pivot", "tol", "rank"), class = "qr"), df.residual = 20L, 
    xlevels = structure(list(), .Names = character(0)), call = quote(lm(formula = y ~ 
        . + 0, data = structure(list(y = c(43, 71, 61, 81, 43, 
        58, 71, 72, 67, 64, 67, 69, 77, 81, 74, 65, 65, 50, 64, 
        53, 40, 63, 66, 78, 48, 85, 82), x1 = c(1, 1, 1, 1, 1, 
        1, 1, 1, 1, 1, 1, 1, 1, 1, 1, 1, 1, 1, 1, 1, 1, 1, 1, 
        1, 1, 1, 1), x2 = c(51, 70, 63, 78, 55, 67, 75, 82, 61, 
        53, 60, 62, 77, 90, 85, 60, 70, 58, 61, 66, 37, 54, 77, 
        75, 57, 85, 82), x3 = c(30, 68, 45, 56, 49, 42, 50, 72, 
        45, 53, 47, 57, 54, 50, 64, 65, 46, 68, 52, 52, 42, 42, 
        66, 58, 44, 71, 39), x4 = c(39, 69, 47, 66, 44, 56, 55, 
        67, 47, 58, 39, 42, 72, 72, 69, 75, 57, 54, 62, 50, 58, 
        48, 63, 74, 45, 71, 59), x5 = c(61, 76, 54, 71, 54, 66, 
        70, 71, 62, 58, 59, 55, 79, 60, 79, 55, 75, 64, 66, 63, 
        50, 66, 88, 80, 51, 77, 64), x6 = c(80, 67, 68, 86, 63, 
        74, 78, 83, 86, 80, 63, 77, 75, 64, 77, 92, 80, 79, 73, 
        74, 73, 54, 74, 49, 73, 67, 80), x7 = c(45, 48, 35, 47, 
        34, 35, 41, 31, 41, 34, 41, 25, 46, 36, 63, 60, 46, 52, 
        41, 37, 49, 33, 72, 49, 38, 55, 39)), .Names = c("y", 
        "x1", "x2", "x3", "x4", "x5", "x6", "x7"),