
expected <- structure(list(coefficients = structure(c(-1.80690613240477, 
0.196052186656715, 0.392522547305226, -0.0992394508626115, 0.32412385214699, 
0.305732612647801, -0.148956159119341), .Names = c("x1", "x2", 
"x3", "x4", "x5", "x6", "x7")), residuals = structure(c(-23.8292471761138, 
9.74745325415418, 6.82318390175631, 11.9552763225727, 12.9827811415128, 
-15.8611440869662, -15.7613056742182, 2.07100202447495, -0.698931367517046, 
-4.95982452873392, -11.6681535307503, 3.96237194221691, 3.648275497486, 
2.90978479376799, 10.4762614979643, 7.03143732997987, 16.4839569340274, 
-1.47442701074748, 0.354050480225953, -7.49247244113906, -9.67404519790865, 
6.10649004372823, -9.4628457840406, -14.4740309267106, 2.9392314734544, 
5.83337197438833, 17.9379782664805), .Names = c("1", "2", "3", 
"4", "5", "6", "7", "8", "9", "10", "11", "12", "13", "14", "15", 
"16", "17", "18", "19", "20", "21", "22", "23", "24", "25", "26", 
"30")), effects = structure(c(-214.82881873356, -242.431517796856, 
64.783550737393, -15.3153059290861, -33.1109571800228, -22.4522319209024, 
-6.63674700521891, 0.794091648185493, 6.30522329718134, 0.534533775349923, 
-4.46995831548376, -3.60276708141173, 10.1505364561505, 3.6056919966148, 
22.3600109214584, 15.7948792658557, 26.6409691340873, 6.05497442279288, 
-0.0385479244765413, -2.73550010543159, -20.0548588165437, 7.80850075208494, 
-8.88821935252027, -16.1700473792434, 5.03170650886618, -0.986726713192224, 
22.0147639696634), .Names = c("x1", "x2", "x3", "x4", "x5", "x6", 
"x7", "", "", "", "", "", "", "", "", "", "", "", "", "", "", 
"", "", "", "", "", "")), rank = 7L, fitted.values = structure(c(66.8292471761138, 
53.2525467458458, 64.1768160982437, 49.0447236774273, 68.0172188584872, 
58.8611440869662, 73.7613056742182, 68.928997975525, 72.698931367517, 
71.9598245287339, 75.6681535307503, 63.0376280577831, 65.351724502514, 
65.090215206232, 66.5237385020357, 73.9685626700201, 57.5160430659726, 
66.4744270107475, 64.645949519774, 57.4924724411391, 59.6740451979086, 
57.8935099562718, 62.4628457840406, 54.4740309267106, 60.0607685265456, 
60.1666280256117, 64.0620217335195), .Names = c("1", "2", "3", 
"4", "5", "6", "7", "8", "9", "10", "11", "12", "13", "14", "15", 
"16", "17", "18", "19", "20", "21", "22", "23", "24", "25", "26", 
"30")), assign = 1:7, qr = structure(list(qr = structure(c(-7.14658255378426, 
-0.0459571497082372, 0.277642339486018, 0.276848622482502, -0.137105984055387, 
-0.0477748044203266, 0.258323596867155, 0.0270858200537818, 0.314844054038525, 
-0.153757690623105, -0.0668538666869676, 0.210104042336846, 0.0365068034584734, 
0.0773908859135127, 0.266176658793954, 0.0131862410688775, 0.149019913804902, 
0.192405379170583, 0.202043476129935, 0.22834535348758, 0.241088037271265, 
0.150166565527272, -0.0861831060495772, 0.15944451753822, 0.257272712907629, 
0.0656284758179876, 0.234069189830741, -238.771913958783, -268.986938538769, 
0.0369414948358398, 0.00417410867852582, 0.257000101128399, 0.253527686440752, 
0.0351837513067777, 0.281250305834569, -0.0437981829098738, 0.379319020987424, 
0.281302354058515, 0.0623220942137391, 0.284195687840931, 0.122177219988519, 
-0.0422932488757677, 0.22272424138832, 0.119256337834059, 0.137223640130279, 
0.050756209293624, 0.0501478872426147, 0.0799406195931888, 0.107104415114298, 
0.324165586892043, 0.177092153674696, -0.0754302958544661, 0.27741310321873, 
0.100926061295836, -191.528058289105, -189.431052757816, 90.0104390560929, 
0.0750240168438878, -0.449320528464378, 0.0119898321975356, 0.0610108638310725, 
-0.120552308792093, -0.334938185207203, -0.13082499606375, -0.409284810230619, 
0.0986662446858601, -0.117139226871663, -0.114861234363987, -0.0690525093303515, 
-0.261014413982117, 0.0765083339080698, 0.180674259720657, -0.184818288132971, 
-0.174425954507782, 0.231323750382079, -0.110719929645316, -0.1248077741908, 
0.174936752935702, -0.306319789061604, 0.198633098510644, 0.111712838568347, 
-190.476253741523, -218.633739801315, 29.412515920644, -78.4218623108593, 
0.336344573821534, 0.171009809059097, 0.0354113782450608, 0.0706597293003938, 
-0.268787466542673, -0.0938081723214429, -0.335608309936769, 
-0.0430853655893324, -0.418599086504194, 0.343743305805203, -0.144472668570831, 
-0.021637116576794, 0.212718395441943, -0.182753209420482, 0.1604698269098, 
-0.205399630628852, 0.000351428782336542, -0.0248128175098348, 
0.00523925383066598, 0.145371665510142, 0.241068161731475, 0.115395357075726, 
-0.317924360200099, -232.300268496817, -241.741181304623, 53.8348020088474, 
-50.2171141279265, -71.2098452398512, 0.200766211281886, 0.34746749252535, 
-0.142863565566606, 0.0865102522393519, 0.125482111893016, 0.0508651958232919, 
0.48839417000739, -0.250759428253688, 0.15787623401509, 0.284828655577418, 
-0.0269605574272611, -0.227421524026448, 0.0605333589904341, 
0.0443741097676751, -0.165665562811362, 0.408999914171099, -0.0532012990868772, 
-0.06199194417993, -0.257877566951803, 0.110682365407418, -0.102973870913507, 
0.128055809423055, -230.690186157366, -269.517408962401, 60.0307044303339, 
-28.7514780518417, -38.4721191285999, -79.252554293604, 0.0509882558189157, 
-0.23784461666221, -0.14470825575888, 0.206455399925275, 0.172991615149256, 
-0.206146564655185, 0.0522830592044456, 0.193602584595096, 0.338225326846895, 
0.207302234084026, 0.378648038746664, 0.318926988681917, -0.22129939623137, 
-0.164528232453725, -0.412850685369291, -0.121060285004283, 0.0531391968165495, 
0.0356825402326084, -0.140603917486864, 0.0470428736379456, -0.107761895739941, 
-142.1198498653, -159.222494849706, 23.0348425204549, -13.2185235462966, 
-11.6278083124136, -11.9354484756046, 44.5550358203158, 0.273318063467723, 
-0.294800246883304, 0.430013081748799, -0.186503675063852, -0.276642248727176, 
-0.249002477130923, 0.16911557600062, -0.017335108322652, 0.250209012501814, 
0.337897898692263, -0.110730094186088, 0.106778528310369, -0.197077809969698, 
-0.104519669438199, -0.0025184253176572, 0.135499177169272, -0.148229821341672, 
0.078901242337707, -0.327256699840591, -0.0322352449621423), .Dim = c(27L, 
7L), .Dimnames = list(c("1", "2", "3", "4", "5", "6", "7", "8", 
"9", "10", "11", "12", "13", "14", "15", "16", "17", "18", "19", 
"20", "21", "22", "23", "24", "25", "26", "30"), c("x1", "x2", 
"x3", "x4", "x5", "x6", "x7")), assign = 1:7), qraux = c(1.33894952820039, 
1.35603841642578, 1.08324156711601, 1.01583144461989, 1.14155317969336, 
1.25165871834741, 1.21530244219694), pivot = 1:7, tol = 1e-07, 
    rank = 7L), .Names = c("qr", "qraux", "pivot", "tol", "rank"
), class = "qr"), df.residual = 20L, xlevels = structure(list(), .Names = character(0)), 
    call = quote(lm(formula = y ~ . + 0, data = structure(list(y = c(43, 
        63, 71, 61, 81, 43, 58, 71, 72, 67, 64, 67, 69, 68, 77, 
        81, 74, 65, 65, 50, 50, 64, 53, 40, 63, 66, 82), x1 = c(2.42233078485034, 
        -0.328436564326539, 1.98419389956262, 1.97852153547265, 
        -0.979839233669655, -0.341426583780761, 1.84613091060161, 
        0.193571049051297, 2.25005902375443, -1.09884202931724, 
        -0.477776677318101, 1.50152588344405, 0.260898884690757, 
        0.553080355091418, 1.90225346596146, 0.0942365603728335, 
        1.06498311616455, 1.37504092603473, 1.44392038161612, 
        1.63188891947204, 1.72295556108891, 1.0731777573589, 
        -0.615914682124847, 1.13948340733519, 1.83862068163041, 
        0.469019320312282, 1.67279478842279), x2 = c(75, 85, 
        75, 66, 37, 57, 70, 82, 62, 66, 60, 66, 85, 51, 51, 63, 
        67, 82, 61, 67, 78, 64, 67, 85, 40, 90, 82), x3 = c(65, 
        33, 52, 47, 58, 33, 50, 64, 83, 47, 72, 42, 66, 46, 50, 
        64, 42, 44, 64, 68, 39, 57, 50, 45, 64, 42, 52), x4 = c(72, 
        63, 57, 54, 69, 58, 59, 75, 42, 48, 34, 48, 39, 72, 34, 
        57, 69, 47, 69, 45, 57, 54, 57, 75, 63, 75, 39), x5 = c(62, 
        63, 64, 55, 80, 70, 88, 71, 71, 66, 61, 88, 43, 79, 66, 
        66, 50, 60, 77, 50, 88, 59, 59, 55, 75, 66, 63),