
expected <- structure(list(coefficients = structure(c(-0.408640399736123, 
0.596957047444469, -0.0467387362596917, 0.380378301540746, 0.0694515540801832, 
0.136713361099274, -0.197963713506307), .Names = c("x1", "x2", 
"x3", "x4", "x5", "x6", "x7")), residuals = structure(c(-8.29347350442179, 
1.34630072584518, -0.564584454393096, 5.00666346303808, -8.28131071442449, 
-7.93252181774897, 1.50616680389146, -8.66083010448685, 7.663797809556, 
6.51143873186436, 12.7480102694075, 11.6399256748577, -1.81589637875754, 
-0.830382612303544, -1.89437154320953, -3.06349453556592, 2.46697595059083, 
-3.33217963115431, -7.06271963784296, 9.50610863544808, -10.9298598036115, 
6.4403446143683, -2.40024969813591, 0.789199626163134, -8.04430649420946, 
6.59699758615895, 5.17139595956228), .Names = c("1", "2", "4", 
"5", "6", "7", "8", "9", "10", "11", "12", "13", "14", "15", 
"16", "17", "18", "19", "20", "21", "23", "25", "26", "27", "28", 
"29", "30")), effects = structure(c(-175.82710517871, -294.001870679477, 
0.892346768971262, -15.0058795863784, -3.49224997721275, 7.92650238065854, 
7.08089421860222, -7.93363467457009, 7.88071485303039, 5.58061625831603, 
15.1280931271058, 14.0647793153301, -0.985746613015673, -0.499132872299463, 
-3.95926531432438, -0.465822805219201, 0.381088624383708, 1.55347954015921, 
-9.86569077067081, 8.414676111105, -10.8253028497687, 10.1930215876623, 
3.83277564830776, -0.902595858595864, -9.27581709197961, 8.11823471447168, 
4.62346038833803), .Names = c("x1", "x2", "x3", "x4", "x5", "x6", 
"x7", "", "", "", "", "", "", "", "", "", "", "", "", "", "", 
"", "", "", "", "", "")), rank = 7L, fitted.values = structure(c(51.2934735044218, 
61.6536992741548, 61.5645844543931, 75.9933365369619, 51.2813107144245, 
65.932521817749, 69.4938331961085, 80.6608301044868, 59.336202190444, 
57.4885612681356, 54.2519897305925, 57.3600743251423, 69.8158963787575, 
77.8303826123035, 82.8943715432095, 77.0634945355659, 62.5330240494092, 
68.3321796311543, 57.062719637843, 40.4938913645519, 63.9298598036115, 
56.5596553856317, 68.4002496981359, 77.2108003738369, 56.0443064942095, 
78.4030024138411, 76.8286040404377), .Names = c("1", "2", "4", 
"5", "6", "7", "8", "9", "10", "11", "12", "13", "14", "15", 
"16", "17", "18", "19", "20", "21", "23", "25", "26", "27", "28", 
"29", "30")), assign = 1:7, qr = structure(list(qr = structure(c(-6.49249244250217, 
-0.090636331457513, 0.0466711026030947, 0.0116417295274627, -0.106914222920046, 
0.133180121612895, -0.139462229009796, 0.2077570654667, -0.00781437179500091, 
0.0724323125752872, 0.113597313161857, 0.168379854346614, 0.250683678880735, 
-0.0354579315366518, 0.114954314251671, 0.281932088294795, 0.623360750580308, 
0.267448589802792, -0.098974282102991, -0.00823797235988606, 
0.0172121690178016, 0.103900864421408, 0.261236128260678, -0.181798890529331, 
0.154303387302233, 0.227398552708336, 0.0487505125894083, -185.486764512679, 
-306.288524418754, 0.175268625806948, 0.247073872848309, 0.249254932510232, 
0.131942442876649, 0.335767324988717, 0.132307323860172, 0.204251954514164, 
0.125828757360288, 0.121852065237967, 0.0926751111943897, 0.107593056563654, 
0.274508093337766, 0.218914447239875, 0.0937554281689291, -0.210406946763324, 
0.0542222049347703, 0.253874440049204, 0.13596524959589, 0.204264367784806, 
0.1085827467816, 0.0811256968400126, 0.363361962609552, 0.0855255428738261, 
0.129299873542756, 0.235946298888058, -155.725937653729, -229.936462058303, 
53.1286717129026, 0.0627578504659823, -0.145794922523904, 0.180535495012002, 
0.118348936453169, -0.162453005648368, 0.0247808381671999, -0.232562901464926, 
-0.01557199129541, -0.169954843479415, -0.35109410852993, 0.0816003520468712, 
0.357202773048561, 0.0381200521385164, -0.305687429102448, 0.160981001858751, 
-0.459747779734205, -0.0497711705054458, -0.0330659738095737, 
-0.0082092727257131, -0.115930787875199, -0.0362722311930553, 
0.0018711203716807, -0.0988437427086504, 0.443494702525656, -157.253330762905, 
-246.168506022323, 8.64810389588498, -44.0416496706908, -0.045993450998057, 
0.0760099205356901, -0.0887088036597696, -0.0520590387398886, 
-0.0493100307005267, 0.269738167940331, -0.233827778603332, -0.249984431510279, 
-0.625960497371446, 0.241586565252872, 0.0660642463894259, -0.0124008023753795, 
0.460646868563325, 0.0268446497988973, 0.0379508996476782, 0.0218044656184181, 
-0.0914674675644587, 0.0839332815444848, -0.042278247312619, 
0.303287518194946, -0.0408544724469437, -0.000485918901351778, 
-0.0522353927997943, -170.281168612248, -290.716399335084, 11.3969540010142, 
-20.0704408969581, -42.2206775809174, 0.0748781702743747, 0.054836622425286, 
-0.241833960284542, 0.116459900625849, -0.0306643691763728, 0.110400082866843, 
-0.0906925155851477, -0.407893008489774, 0.0704411364357656, 
-0.511953380026412, -0.0630608816521762, -0.419314339767178, 
0.217412525217416, 0.0141256009009504, 0.0850444925456869, 0.0174305845086267, 
0.293922836617812, 0.28339765509181, 0.0836543075970681, -0.0824934294193427, 
-0.164107255123775, -0.149308876826456, -208.038884193842, -321.603757976199, 
17.8344266142495, -13.2429627462139, -48.3497430007888, 62.8943959011328, 
0.161943979550329, 0.0461796471952166, -0.165881545074888, -0.0753176775113873, 
-0.0480194415515939, 0.0645732561171932, -0.0196680785153701, 
0.156613145878021, 0.400370113481359, 0.323676908247699, -0.0469879357119951, 
0.152176551612659, -0.269975789733966, -0.275323878823676, -0.136170271368197, 
0.00734102937046177, 0.457089415255097, 0.0424810437625523, -0.313302143912403, 
0.3108524439693, 0.0594016041433828, -126.552180602743, -181.284119551471, 
15.8805765190868, -25.0097428666863, -30.5616492127055, 3.39457098167812, 
-35.7686471585442, -0.514358267002881, -0.015014836429478, -0.310076237327491, 
0.0685506324135032, -0.313712297241808, -0.0623440559965665, 
-0.151985616350857, 0.0938789762601918, 0.303656555431631, 0.155399463485471, 
-0.152448566112406, 0.128683077528286, 0.0330499211345525, -0.139534975169054, 
-0.383440002257294, 0.384255242895034, -0.0997067376735671, -0.016493613895609, 
0.110616498161502, 0.062591430203146), .Dim = c(27L, 7L), .Dimnames = list(
    c("1", "2", "4", "5", "6", "7", "8", "9", "10", "11", "12", 
    "13", "14", "15", "16", "17", "18", "19", "20", "21", "23", 
    "25", "26", "27", "28", "29", "30"), c("x1", "x2", "x3", 
    "x4", "x5", "x6", "x7")), assign = 1:7), qraux = c(1.18458990494957, 
1.26802921478138, 1.05859189999427, 1.07777799517638, 1.00365626099552, 
1.20073796405917, 1.04883225645171), pivot = 1:7, tol = 1e-07, 
    rank = 7L), .Names = c("qr", "qraux", "pivot", "tol", "rank"
), class = "qr"), df.residual = 20L, xlevels = structure(list(), .Names = character(0)), 
    call = quote(lm(formula = y ~ . + 0, data = structure(list(y = c(43, 
        63, 61, 81, 43, 58, 71, 72, 67, 64, 67, 69, 68, 77, 81, 
        74, 65, 65, 50, 50, 53, 63, 66, 78, 48, 85, 82), x1 = c(1.19844856284726, 
        -0.588455697004025, 0.303011780933836, 0.0755838409747057, 
        -0.694139784304391, 0.864670933063239, -0.905457467860607, 
        1.34886117741898, -0.0507347498219455, 0.470266241988007, 
        0.737529697191911, 1.09320493181501, 1.62756189059181, 
        -0.230210352528471, 0.746340016511991, 1.83044195255281, 
        4.04716496209513, 1.73640794805249, -0.642589778555747, 
        -0.053484973288102, 0.111749877267147, 0.674575577025432, 
        1.69607358844098, -1.18032792281696, 1.00181357591223, 
        1.4763833848948, 0.31651233455484), x2 = c(51, 64, 63, 
        78, 55, 67, 75, 82, 61, 53, 60, 62, 83, 77, 90, 85, 60, 
        70, 58, 40, 66, 54, 77, 75, 57, 85, 82), x3 = c(30, 51, 
        45, 56, 49, 42, 50, 72, 45, 53, 47, 57, 83, 54, 50, 64, 
        65, 46, 68, 33, 52, 42, 66, 58, 44, 71, 39), x4 = c(39, 
        54, 47, 66, 44, 56, 55, 67, 47, 58, 39, 42, 45, 72, 72, 
        69, 75, 57, 54, 34, 50, 48, 63, 74, 45, 71, 59),