
expected <- structure(list(coefficients = structure(c(17.9340523201622, 0.585839195284018, 
0.00974335192797876, 0.259474420006646, 0.123965859566123, -0.117614471318578, 
-0.137454844405967), .Names = c("x1", "x2", "x3", "x4", "x5", 
"x6", "x7")), residuals = structure(c(-6.39940158953217, -2.7990519955074, 
0.78219283625413, 5.01293418398248, -9.49810983303071, 1.07379464787208, 
-5.35005823108578, 8.42682880217087, 4.07037559313218, 8.37983607268265, 
6.82271796087304, -5.97809482251244, 1.32569150338925, -5.71109661414741, 
-3.8518661780009, 3.15588611895158, -1.04262594571987, 5.35376202610751, 
1.59047489814146, -9.27898397755825, -8.94351316038143, 4.1304305017732, 
-1.52043026512767, 4.08925594859917, -8.38047264184457, 7.60051931710405, 
6.93900484341491), .Names = c("1", "2", "3", "5", "7", "8", "9", 
"10", "11", "12", "13", "14", "15", "16", "17", "18", "19", "21", 
"22", "23", "24", "25", "26", "27", "28", "29", "30")), effects = structure(c(-343.523410167827, 
49.3571362451374, -0.900494662017867, -9.30463239602708, -5.53356711476684, 
-7.03364274566356, -5.88840021772438, 9.47554027759595, 4.21425774367117, 
12.5389607326443, 9.54615027924084, -0.354215909649238, 1.52292952235355, 
-5.65045547973604, -3.1762914594822, -1.95658446116077, 0.091916343723283, 
5.24011044412488, 0.723522216625496, -8.53777092552615, -12.5670554413623, 
8.0549011844935, -5.3457096867569, 3.01862784197125, -6.18556774897183, 
5.41992250248438, 8.43652977212543), .Names = c("x1", "x2", "x3", 
"x4", "x5", "x6", "x7", "", "", "", "", "", "", "", "", "", "", 
"", "", "", "", "", "", "", "", "", "")), rank = 7L, fitted.values = structure(c(49.3994015895322, 
65.7990519955074, 70.2178071637459, 75.9870658160175, 67.4981098330307, 
69.9262053521279, 77.3500582310858, 58.5731711978291, 59.9296244068678, 
58.6201639273173, 62.177282039127, 73.9780948225124, 75.6743084966107, 
86.7110966141474, 77.8518661780009, 61.8441138810484, 66.0426259457199, 
44.6462379738925, 62.4095251018585, 62.2789839775583, 48.9435131603814, 
58.8695694982268, 67.5204302651277, 73.9107440514008, 56.3804726418446, 
77.399480682896, 75.0609951565851), .Names = c("1", "2", "3", 
"5", "7", "8", "9", "10", "11", "12", "13", "14", "15", "16", 
"17", "18", "19", "21", "22", "23", "24", "25", "26", "27", "28", 
"29", "30")), assign = 1:7, qr = structure(list(qr = structure(c(-5.19615242270663, 
0.192450089729875, 0.192450089729875, 0.192450089729875, 0.192450089729875, 
0.192450089729875, 0.192450089729875, 0.192450089729875, 0.192450089729875, 
0.192450089729875, 0.192450089729875, 0.192450089729875, 0.192450089729875, 
0.192450089729875, 0.192450089729875, 0.192450089729875, 0.192450089729875, 
0.192450089729875, 0.192450089729875, 0.192450089729875, 0.192450089729875, 
0.192450089729875, 0.192450089729875, 0.192450089729875, 0.192450089729875, 
0.192450089729875, 0.192450089729875, -350.644063487833, 69.9910047130397, 
-0.0739876890014511, -0.188288091357435, -0.0311250381179571, 
-0.145425440473941, -0.245438292535427, 0.0546002636490308, 0.168900666005015, 
0.0688878139435288, 0.0403127133545328, -0.259725842829925, -0.174000541062937, 
-0.359738694891411, -0.288300943418921, 0.0688878139435288, -0.0739876890014511, 
0.354638819833489, 0.0546002636490308, -0.0168374878234591, 0.397501470716983, 
0.154613115710517, -0.174000541062937, -0.145425440473941, 0.111750464827023, 
-0.288300943418921, -0.245438292535427, -275.588528493181, 38.4409186516115, 
-50.5891167760729, -0.00316766421737167, -0.167031203886066, 
-0.0909859330561284, 0.272060140307717, -0.0461612801759294, 
0.194067007807626, 0.00363435324785844, 0.18078245036209, 0.479236773419893, 
-0.0324404204969572, -0.244907511637645, 0.0831390451846672, 
0.359442106913039, -0.118747129898996, -0.0678762392719259, 0.092208401804974, 
0.0409012089444684, 0.140811953276968, -0.0336325024487515, 0.204764748613163, 
0.0671508463506184, -0.0248826233133682, 0.221508727165571, -0.380254074745113, 
-297.527838722387, 35.5135583468277, -11.8516979838765, -48.2235379626031, 
0.0750897993545926, -0.058236441180571, -0.0196557085553235, 
-0.0941457096375501, 0.127353894350043, -0.268315037800077, -0.293849248636085, 
-0.564434550492817, 0.251241851319996, 0.194927838781171, 0.0615428067064411, 
0.344114840428868, 0.0461558654104395, -0.135222990778853, 0.164758226616937, 
-0.117203131244745, 0.315284649387418, -0.00469171660190341, 
-0.0247846889873241, 0.276164899973097, -0.101673414793717, 0.0508688449211501, 
0.0602883418434414, -337.942357565661, 9.53720440584213, 5.80472549195984, 
2.18074980444801, -52.1685172047044, -0.146724078856398, -0.0727824311545778, 
-0.0906791773267095, -0.133250002977953, 0.277901980587681, -0.0267892400237116, 
0.361157190749825, 0.0571951803793368, 0.0491055864751251, 0.266921176577262, 
-0.458561849601767, 0.0259132843778708, -0.320280838500708, -0.225654331317007, 
-0.166894076433156, -0.357258478432174, 0.230605086969704, -0.236182541290782, 
-0.0644858446852839, -0.00803891471669043, -0.162548762929002, 
0.0477687863315928, -391.058582331106, 6.68128185253085, -3.59575616558608, 
2.60675033656675, -9.07075229594551, 43.892396847954, 4.55353728839661e-05, 
-0.0701556581220152, 0.242133653431792, 0.0718806359250345, 0.362208510576101, 
0.176872537917082, 0.0630969818301497, 0.595783760926539, 0.0684074970340336, 
0.00360994723230405, -0.162800811869136, 0.210890454270424, -0.0430772721546336, 
-0.0354865232109141, 0.400711739683183, 0.0211432192418718, 0.127834738120548, 
0.0512866610580111, -0.149373624728433, 0.207113779800413, -0.0070505739409399, 
-224.589254714764, 11.8745418003161, -11.0954592247823, -23.6033527970351, 
0.969800471719081, 13.6136467475787, 42.8387973022854, 0.0257149144359078, 
0.267739644493404, -0.1815187263056, 0.212683681466339, -0.0609353440282324, 
0.0712771597051529, 0.0984578310081122, -0.423274450900843, -0.0163602029262005, 
-0.00816546026471479, 0.0944860839951798, 0.224221548606911, 
0.150250967005074, -0.0363864675862431, 0.146568174219323, -0.575752013923091, 
0.066096056727587, 0.0913178972843327, -0.151220653652383, 0.0757934418198899
), .Dim = c(27L, 7L), .Dimnames = list(c("1", "2", "3", "5", 
"7", "8", "9", "10", "11", "12", "13", "14", "15", "16", "17", 
"18", "19", "21", "22", "23", "24", "25", "26", "27", "28", "29", 
"30"), c("x1", "x2", "x3", "x4", "x5", "x6", "x7")), assign = 1:7), 
    qraux = c(1.19245008972988, 1.01173761276554, 1.31612901346956, 
    1.10529795744899, 1.00774046655313, 1.29296842276202, 1.41724441568221
    ), pivot = 1:7, tol = 1e-07, rank = 7L), .Names = c("qr", 
"qraux", "pivot", "tol", "rank"), class = "qr"), df.residual = 20L, 
    xlevels = structure(list(), .Names = character(0)), call = quote(lm(formula = y ~ 
        . + 0, data = structure(list(y = c(43, 63, 71, 81, 58, 
        71, 72, 67, 64, 67, 69, 68, 77, 81, 74, 65, 65, 50, 64, 
        53, 40, 63, 66, 78, 48, 85, 82), x1 = c(1, 1, 1, 1, 1, 
        1, 1, 1, 1, 1, 1, 1, 1, 1, 1, 1, 1, 1, 1, 1, 1, 1, 1, 
        1, 1, 1, 1), x2 = c(51, 64, 70, 78, 67, 75, 82, 61, 53, 
        60, 62, 83, 77, 90, 85, 60, 70, 40, 61, 66, 37, 54, 77, 
        75, 57, 85, 82), x3 = c(30, 51, 68, 56, 42, 50, 72, 45, 
        53, 47, 57, 83, 54, 50, 64, 65, 46, 33, 52, 52, 42, 42, 
        66, 58, 44, 71, 39), x4 = c(39, 54, 69, 66, 56, 55, 67, 
        47, 58, 39, 42, 45, 72, 72, 69, 75, 57, 34, 62, 50, 58, 
        48, 63, 74, 45, 71, 59), x5 = c(66, 88, 76, 88, 66, 54, 
        59, 59, 64, 75, 59, 71, 71, 66, 77, 51, 66, 50, 58, 54, 
        59, 79, 51, 66, 64, 55, 64), x6 = c(92, 73, 86, 83, 68, 
        66, 83, 80, 67, 74, 63, 77, 77, 54, 79, 80, 85, 64, 80, 
        80, 57, 75, 76, 78, 83, 74, 78), x7 = c(45, 47, 48, 47, 
        35, 41, 31, 41, 34, 41, 25, 35, 46, 36, 63, 60, 46, 33, 
        41, 37, 49, 33, 72, 49, 38, 55, 39)), .Names = c("y", 
        "x1", "x2", "x3", "x4", "x5", "x6", "x7"),