
expected <- structure(list(coefficients = structure(c(-0.173344145066736, 
0.621641250464152, -0.0687880834645351, 0.286813733070867, 0.177154628634908, 
0.0910232555696485, -0.164903260288493), .Names = c("x1", "x2", 
"x3", "x4", "x5", "x6", "x7")), residuals = structure(c(-9.35964990076088, 
1.20558899580735, -0.726082596057411, 0.0744047049021701, 5.66584729083492, 
-8.53855170226165, -8.90180110507605, -8.05442108495665, 7.29700884926363, 
7.56307626020954, 11.587543318481, 11.1158759878453, -2.16201134520532, 
-0.948016510465013, -1.45210845751291, -4.55849131156027, 3.42439032698267, 
-6.75142596487354, 9.79159207517595, -0.213564701459853, -10.691919346299, 
-2.50174498304969, 5.68834361233632, 1.38515492245642, -7.48939587078929, 
5.85690451649098, 4.81480773134702), .Names = c("1", "2", "3", 
"4", "5", "6", "7", "9", "10", "11", "12", "13", "14", "15", 
"16", "17", "18", "20", "21", "22", "23", "24", "25", "27", "28", 
"29", "30")), effects = structure(c(-280.555083584022, -189.129702013059, 
-2.77173177650482, 15.5056318821792, 8.66565536371625, 2.41784267301099, 
-5.62504458999205, -5.47518514363178, 8.67854142837053, 9.65139695151139, 
13.2802319663976, 13.8312630328232, -2.63159014698481, 3.00344236154698, 
-2.36560624618055, -3.74644191103786, -3.67170480815244, -7.2240349769685, 
9.68715448604405, 1.47348840689301, -8.26905931844323, -3.68423043031757, 
11.042959663848, 5.50386785046777, -9.21528436616118, 7.36482725759127, 
4.51551378328001), .Names = c("x1", "x2", "x3", "x4", "x5", "x6", 
"x7", "", "", "", "", "", "", "", "", "", "", "", "", "", "", 
"", "", "", "", "", "")), rank = 7L, fitted.values = structure(c(52.3596499007609, 
61.7944110041926, 71.7260825960574, 60.9255952950978, 75.3341527091651, 
51.5385517022616, 66.901801105076, 80.0544210849567, 59.7029911507364, 
56.4369237397905, 55.412456681519, 57.8841240121547, 70.1620113452053, 
77.948016510465, 82.4521084575129, 78.5584913115603, 61.5756096730173, 
56.7514259648735, 40.208407924824, 64.2135647014599, 63.691919346299, 
42.5017449830497, 57.3116563876637, 76.6148450775436, 55.4893958707893, 
79.143095483509, 77.185192268653), .Names = c("1", "2", "3", 
"4", "5", "6", "7", "9", "10", "11", "12", "13", "14", "15", 
"16", "17", "18", "20", "21", "22", "23", "24", "25", "27", "28", 
"29", "30")), assign = 1:7, qr = structure(list(qr = structure(c(-8.3549762683125, 
0.0175133763981483, 0.191783986219905, 0.0436892140585745, 0.42387626130262, 
0.221422985293435, 0.0212699538489704, 0.141441196660808, 0.073411300728621, 
0.183876888504451, 0.183336925874246, 0.0954767883381362, 0.22144736180481, 
0.188393988424177, 0.217363692778412, 0.321671687651119, -0.0733009024911878, 
-0.0159781232170092, 0.0968262076168355, 0.0863468485443117, 
0.304698692184174, 0.145603499598906, 0.146430232312988, 0.300134447991341, 
0.101906723444603, 0.333621851170342, 0.0242688778250679, -290.344347439211, 
-193.530772514602, 0.069108546829678, 0.258876133583384, -0.243640853408582, 
-0.0536165966925039, 0.313748134522422, 0.20791856403635, 0.20319700926191, 
-0.00666949039819684, 0.0303242502075873, 0.174700418345717, 
0.0910260476034479, 0.110450381157038, 0.133426166249332, -0.0515447259145072, 
0.421858131520212, 0.324070615107668, 0.0589646941206958, 0.183462174084102, 
-0.123825848664022, -0.0309527237105451, 0.0556273172895489, 
-0.070358277200346, 0.13905504409055, -0.0697762311247969, 0.38667994566257, 
-229.833182992594, -155.092826190594, -56.4528410242311, -0.0877358242556479, 
-0.0264744934163681, 0.133692160832066, -0.20231126386869, 0.141308221673174, 
-0.0531596306017039, 0.22510043940577, 0.0193745473917904, 0.149817215508586, 
0.338650162337135, -0.0968037084745371, -0.346089801647978, -0.00539998079535107, 
0.2847230143597, 0.378194873948803, 0.0371446810638443, 0.0735343681934394, 
0.0481046158714097, 0.249308438954636, 0.00825097638794211, 0.0257266009270004, 
-0.00817308408318203, 0.121088593203344, -0.467677608935833, 
-242.265039577729, -165.445085349689, -18.3003891576169, 51.6591723580164, 
-0.0716295658196593, 0.0802520233933277, -0.0731227333381321, 
0.0972521000174401, 0.0609731538002417, -0.176262788782824, 0.214108233486484, 
0.262460047437487, 0.615767206850942, -0.19747127135972, -0.100402637931083, 
0.0121350810101356, -0.320651450876766, 0.0857251432582741, 0.00300238178310082, 
-0.174206188404049, 0.093300911732269, -0.42313220896085, -0.0581251511988392, 
-0.232101819219253, 0.04933926979699, 0.028673840011667, -0.00412895322029815, 
-276.144027834739, -177.600399112208, -15.9317276356492, 25.4995599501763, 
38.5814284764316, 0.0318411688437888, -0.128510356465676, 0.202657644983587, 
-0.169669417781754, 0.0887652782824763, -0.142400069298949, 0.00259718825998896, 
0.303363766659193, -0.0151308183000344, 0.6142304815562, 0.131353058676525, 
0.358936718271283, -0.138565573260381, -0.090652857847314, -0.0410912531182507, 
0.0485101101877505, 0.0782835142847694, -0.298638414081867, 0.0412267411460417, 
0.0606747188515987, 0.238200103464594, 0.109636599170332, -309.60375261692, 
-224.549821803819, -26.3178532470203, 17.8001928229083, 56.1267137660244, 
52.4138305331362, 0.221920722838187, 0.0964711500363574, -0.0343999661034288, 
-0.0576963489841586, 0.0650535072505407, 0.220531872554883, 0.190654270227924, 
0.237332597393404, 0.218353746094678, 0.270983850802355, -0.411405582265114, 
0.0928140322945173, -0.220998891709992, -0.0824709283420718, 
-0.0686677437097576, -0.182031661645645, 0.0818655916200402, 
0.191214819808296, -0.383246073315658, 0.318737545123179, -0.00249862937510847, 
-177.456429749341, -120.448693521215, -23.1147909540507, 33.0407340247761, 
19.8786820582245, 14.2691831251508, 34.1111787611186, 0.488462123429552, 
-0.0183402506021465, 0.294703083608136, -0.197121498060606, 0.198426642098064, 
-0.1055216864079, 0.190808770416145, 0.115533126985604, -0.408929430252746, 
-0.197190683467129, -0.228241274374826, -0.0549496574721483, 
0.234084725781506, 0.106511521691454, -0.13859590455778, 0.277884605381839, 
0.156408845486105, 0.0136721323839323, -0.195457375019684, 0.0798466340584736
), .Dim = c(27L, 7L), .Dimnames = list(c("1", "2", "3", "4", 
"5", "6", "7", "9", "10", "11", "12", "13", "14", "15", "16", 
"17", "18", "20", "21", "22", "23", "24", "25", "27", "28", "29", 
"30"), c("x1", "x2", "x3", "x4", "x5", "x6", "x7")), assign = 1:7), 
    qraux = c(1.156096289559, 1.30397786386133, 1.25122753812684, 
    1.08322031112773, 1.26059349733586, 1.32737646825818, 1.20512920978674
    ), pivot = 1:7, tol = 1e-07, rank = 7L), .Names = c("qr", 
"qraux", "pivot", "tol", "rank"), class = "qr"), df.residual = 20L, 
    xlevels = structure(list(), .Names = character(0)), call = quote(lm(formula = y ~ 
        . + 0, data = structure(list(y = c(43, 63, 71, 61, 81, 
        43, 58, 72, 67, 64, 67, 69, 68, 77, 81, 74, 65, 50, 50, 
        64, 53, 40, 63, 78, 48, 85, 82), x1 = c(1.30418079483706, 
        0.146323844184553, 1.60235065350968, 0.365022346640615, 
        3.54147610388442, 1.84998378738556, 0.17770995963625, 
        1.18173784146277, 0.613349675413581, 1.53628703974583, 
        1.53177566478469, 0.797706300739824, 1.8501874525596, 
        1.57402730237674, 1.8160684947564, 2.68755931651313, 
        -0.612427300759763, -0.133496840290285, 0.80898066678936, 
        0.721425870431298, 2.54575034218463, 1.21651378373211, 
        1.2234211159385, 2.50761619027073, 0.851428255961143, 
        2.78740264911869, 0.202765898287018), x2 = c(51, 64, 
        70, 63, 78, 55, 67, 82, 61, 53, 60, 62, 83, 77, 90, 85, 
        60, 58, 40, 61, 66, 37, 54, 75, 57, 85, 82), x3 = c(30, 
        51, 68, 45, 56, 49, 42, 72, 45, 53, 47, 57, 83, 54, 50, 
        64, 65, 68, 33, 52, 52, 42, 42, 58, 44, 71, 39), x4 = c(39, 
        54, 69, 47, 66, 44, 56, 67, 47, 58, 39, 42, 45, 72, 72, 
        69, 75, 54, 34, 62, 50, 58, 48, 74, 45, 71, 59),