
expected <- structure(list(coefficients = structure(c(16.1317538672675, -0.389700581017693, 
0.15263460887959, 0.865696452314989, 0.461436645356236, 0.0855618122498402, 
-0.442820609006434), .Names = c("x1", "x2", "x3", "x4", "x5", 
"x6", "x7")), residuals = structure(c(-0.286307791127537, 10.9568697129891, 
-1.34302185747283, -3.70607104794393, 3.90541401103839, -8.20456394337241, 
-6.51666860988666, 3.60294643934571, 0.432504949191065, -2.1516101701696, 
3.69795122890201, 3.36246489349474, 1.92341132450148, 5.39654439569836, 
0.71018692220936, -3.28815973917341, -4.09246246157255, 9.73680439885624, 
-13.0113225448681, -4.65712367262067, -5.87889801271315, 1.19642503774765, 
-4.25031487587036, -0.981194152813214, -5.39880008179573, 5.16961741253836, 
13.6753782348877), .Names = c("1", "2", "3", "4", "5", "6", "7", 
"8", "10", "11", "13", "14", "16", "17", "18", "19", "20", "21", 
"22", "23", "24", "25", "26", "27", "28", "29", "30")), effects = structure(c(-331.591504604575, 
5.95286706515072, -29.496979891865, -42.2405839403837, -14.0154735567219, 
0.41628918769354, -15.2191065393118, 5.45649000067774, 2.83978031984642, 
0.937755090113702, 10.0876227748457, 7.68765662286654, 7.13211243137051, 
2.67472620168291, -0.482408812670973, -4.33102120420463, -5.63464347000495, 
11.4302476591096, -10.3957480331606, -4.71078567158725, -6.7698516795651, 
2.36876122967156, -6.9868752557902, -1.46322832933084, -4.70237349206492, 
6.31202712783478, 14.6446437478885), .Names = c("x1", "x2", "x3", 
"x4", "x5", "x6", "x7", "", "", "", "", "", "", "", "", "", "", 
"", "", "", "", "", "", "", "", "", "")), rank = 7L, fitted.values = structure(c(43.2863077911275, 
52.0431302870109, 72.3430218574728, 64.7060710479439, 77.0945859889616, 
51.2045639433724, 64.5166686098867, 67.3970535606543, 66.5674950508089, 
66.1516101701696, 65.302048771098, 64.6375351065053, 79.0765886754985, 
68.6034556043016, 64.2898130777906, 68.2881597391734, 54.0924624615726, 
40.2631956011438, 77.0113225448681, 57.6571236726207, 45.8788980127131, 
61.8035749622523, 70.2503148758704, 78.9811941528132, 53.3988000817957, 
79.8303825874616, 68.3246217651123), .Names = c("1", "2", "3", 
"4", "5", "6", "7", "8", "10", "11", "13", "14", "16", "17", 
"18", "19", "20", "21", "22", "23", "24", "25", "26", "27", "28", 
"29", "30")), assign = 1:7, qr = structure(list(qr = structure(c(-5.19615242270663, 
0.192450089729875, 0.192450089729875, 0.192450089729875, 0.192450089729875, 
0.192450089729875, 0.192450089729875, 0.192450089729875, 0.192450089729875, 
0.192450089729875, 0.192450089729875, 0.192450089729875, 0.192450089729875, 
0.192450089729875, 0.192450089729875, 0.192450089729875, 0.192450089729875, 
0.192450089729875, 0.192450089729875, 0.192450089729875, 0.192450089729875, 
0.192450089729875, 0.192450089729875, 0.192450089729875, 0.192450089729875, 
0.192450089729875, 0.192450089729875, -341.406459180799, -73.6588733937034, 
0.320435460071804, -0.358369383069799, -0.0732713489503259, -0.0461191552246618, 
0.0489135228151625, -0.0732713489503259, -0.399097673658295, 
-0.00539086463616567, -0.358369383069799, -0.154727930127318, 
-0.086847445813158, 0.225402782031979, 0.225402782031979, -0.00539086463616567, 
0.225402782031979, -0.16830402699015, -0.209032317578646, 0.116794007129323, 
0.252554975757643, -0.0461191552246618, -0.00539086463616567, 
0.211826685169147, -0.127575736401654, 0.00818523222666638, -0.0732713489503259, 
-273.471577506153, -16.0746015039954, -60.6786905163917, 0.0197824569159244, 
0.133180478216405, 0.0113535145511782, -0.126636480215058, 0.0342989771665568, 
0.0294802755765303, 0.0675766965904712, 0.217545459015621, 0.597542870261934, 
0.0375315833867588, 0.19390514277176, 0.210385392946734, -0.0477850546343517, 
0.259826143471658, -0.223237032266599, 0.0995855397185258, 0.0220029904336789, 
-0.175125573518088, -0.104008236673645, 0.281819948865142, 0.0982562479421134, 
-0.0516520990024835, 0.360988593519814, -0.146983774758165, -291.176985761301, 
-29.3283917709358, -20.7309707772896, -45.1999474526755, 0.251640982099085, 
-0.18684137102765, 0.0991832267524887, 0.0591290687057892, 0.0575040158670466, 
0.0723689136284169, -0.171441772311125, -0.408544158626801, 0.440776963231408, 
0.128303361800788, 0.252571678722603, 0.109571395721369, -0.237456232006603, 
-0.222605999254893, 0.252458730842421, -0.146018605672875, 0.060312126922716, 
-0.0390192913071785, 0.0728109082502328, 0.295315423407607, -0.0890938747937941, 
0.201885000706172, 0.240851949351093, -332.938655232684, -17.5212100474906, 
-19.5636105732843, -21.0505637258857, -41.412533833163, -0.153520404158021, 
0.0743183251194645, 0.138717167572543, 0.0551658073945919, -0.196059137413356, 
-0.144331611081805, -0.232001650108132, -0.240647714629645, 0.146865849317128, 
-0.487337902375168, 0.263000138054617, -0.116190607989969, -0.239450482052884, 
-0.0199753894922864, -0.0101933997338245, -0.338068120864527, 
0.144055173854833, 0.412572068787959, 0.16554834103117, -0.201357793328606, 
0.0522460965395601, 0.0247309131868193, -386.632230267319, -4.14422927198008, 
-4.67144622887391, -0.734633545574051, -20.5425360339243, 47.9685938843235, 
0.212814346378543, 0.315229974513367, -0.0161249488219911, 0.148565938685177, 
0.255150373251045, -0.0259594316917427, 0.445686507264072, 0.0936972113290058, 
-0.19933149347383, -0.0346611856528877, -0.0455008193251777, 
0.0825664789669481, -0.00710344490631843, -0.0785186979484154, 
0.23401863749297, 0.0844486241123753, 0.291658478529285, 0.12577688402906, 
-0.237680763466147, 0.202991959216368, -0.00248923006255623, 
-225.166604983954, -30.555268672614, -16.1204791541984, -15.0517120583108, 
-15.472278396431, 8.3284078498528, 34.3685597051575, 0.0437304977484008, 
-0.17723443581563, 0.20633951111273, 0.121361371451805, 0.0157931524049009, 
0.153267695075899, -0.231865654771221, -0.297590463829618, 0.0852779373509221, 
-0.14118680099486, -0.109894613033238, 0.0441047842598378, 0.238394305552092, 
-0.181434681469216, 0.270107571376474, -0.603795273110329, 0.213716560199457, 
-0.0267388743894703, -0.157437116514636, 0.154225400829099), .Dim = c(27L, 
7L), .Dimnames = list(c("1", "2", "3", "4", "5", "6", "7", "8", 
"10", "11", "13", "14", "16", "17", "18", "19", "20", "21", "22", 
"23", "24", "25", "26", "27", "28", "29", "30"), c("x1", "x2", 
"x3", "x4", "x5", "x6", "x7")), assign = 1:7), qraux = c(1.19245008972988, 
1.25255497575764, 1.23719789993024, 1.04088022809089, 1.03858659987195, 
1.49324895569673, 1.28256304197077), pivot = 1:7, tol = 1e-07, 
    rank = 7L), .Names = c("qr", "qraux", "pivot", "tol", "rank"
), class = "qr"), df.residual = 20L, xlevels = structure(list(), .Names = character(0)), 
    call = quote(lm(formula = y ~ . + 0, data = structure(list(y = c(43, 
        63, 71, 61, 81, 43, 58, 71, 67, 64, 69, 68, 81, 74, 65, 
        65, 50, 50, 64, 53, 40, 63, 66, 78, 48, 85, 82), x1 = c(1, 
        1, 1, 1, 1, 1, 1, 1, 1, 1, 1, 1, 1, 1, 1, 1, 1, 1, 1, 
        1, 1, 1, 1, 1, 1, 1, 1), x2 = c(70, 85, 90, 40, 61, 63, 
        70, 61, 37, 66, 40, 55, 60, 83, 83, 66, 83, 54, 51, 75, 
        85, 63, 66, 82, 57, 67, 61), x3 = c(30, 51, 68, 45, 56, 
        49, 42, 50, 45, 53, 57, 83, 50, 64, 65, 46, 68, 33, 52, 
        52, 42, 42, 66, 58, 44, 71, 39), x4 = c(39, 54, 69, 47, 
        66, 44, 56, 55, 47, 58, 42, 45, 72, 69, 75, 57, 54, 34, 
        62, 50, 58, 48, 63, 74, 45, 71, 59), x5 = c(61, 63, 76, 
        54, 71, 54, 66, 70, 62, 58, 55, 59, 60, 79, 55, 75, 64, 
        43, 66, 63, 50, 66, 88, 80, 51, 77, 64), x6 = c(92, 73, 
        86, 84, 83, 49, 68, 66, 80, 67, 63, 77, 54, 79, 80, 85, 
        78, 64, 80, 80, 57, 75, 76, 78, 83, 74, 78), x7 = c(45, 
        47, 48, 35, 47, 34, 35, 41, 41, 34, 25, 35, 36, 63, 60, 
        46, 52, 33, 41, 37, 49, 33, 72, 49, 38, 55, 39)), .Names = c("y", 
        "x1", "x2", "x3", "x4", "x5", "x6", "x7"),