
expected <- structure(list(coefficients = structure(c(27.4189788608239, 0.609544591259786, 
0.0421390533864828, 0.212666093665599, -0.184783699362252, -0.108437283093434
), .Names = c("x1", "x2", "x3", "x4", "x5", "x6")), residuals = structure(c(-7.86277824973737, 
-0.391125966257822, 2.98120873576318, 9.01106273347049, -9.70367243448809, 
-2.48674966648455, -4.83633701524732, 6.5458704184812, 5.77453002276671, 
6.6004329877913, 4.04300042358958, -8.03237113357102, 2.78641720291151, 
-2.26284840653955, -3.29832884971874, 7.86160497644576, -2.28072426161772, 
3.06859380067737, 2.40023267011342, -11.4432411375624, -6.52917592772163, 
4.29701858123803, -7.99866061964965, 5.1343796268621, -7.40544588396513, 
6.04061320234835, 7.98649417010201), .Names = c("1", "2", "3", 
"5", "7", "8", "9", "10", "11", "12", "13", "14", "15", "16", 
"17", "18", "19", "21", "22", "23", "24", "25", "26", "27", "28", 
"29", "30")), effects = structure(c(-343.523410167827, 49.3571362451374, 
-0.900494662017867, 2.24190025153959, -7.75292835456539, -4.55283554774575, 
-6.28712425813531, 7.32335353120981, 6.92296976215338, 7.29114930026104, 
3.64166219154352, -13.0729537034108, 7.1186090832879, -0.771814957262846, 
-0.278689599147398, 5.30934130202601, 0.942219237248492, 3.13587693402134, 
3.65670416631256, -11.5244340671583, -3.55298677072322, 7.52497721468873, 
-1.28168651558762, 9.44545782331985, -9.99016957600975, 8.31302833559632, 
8.71745201396294), .Names = c("x1", "x2", "x3", "x4", "x5", "x6", 
"", "", "", "", "", "", "", "", "", "", "", "", "", "", "", "", 
"", "", "", "", "")), rank = 6L, fitted.values = structure(c(50.8627782497374, 
63.3911259662578, 68.0187912642368, 71.9889372665295, 67.7036724344881, 
73.4867496664845, 76.8363370152473, 60.4541295815188, 58.2254699772333, 
60.3995670122087, 64.9569995764104, 76.032371133571, 74.2135827970885, 
83.2628484065395, 77.2983288497187, 57.1383950235542, 67.2807242616177, 
46.9314061993226, 61.5997673298866, 64.4432411375624, 46.5291759277216, 
58.702981418762, 73.9986606196497, 72.8656203731379, 55.4054458839651, 
78.9593867976516, 74.013505829898), .Names = c("1", "2", "3", 
"5", "7", "8", "9", "10", "11", "12", "13", "14", "15", "16", 
"17", "18", "19", "21", "22", "23", "24", "25", "26", "27", "28", 
"29", "30")), assign = 1:6, qr = structure(list(qr = structure(c(-5.19615242270663, 
0.192450089729875, 0.192450089729875, 0.192450089729875, 0.192450089729875, 
0.192450089729875, 0.192450089729875, 0.192450089729875, 0.192450089729875, 
0.192450089729875, 0.192450089729875, 0.192450089729875, 0.192450089729875, 
0.192450089729875, 0.192450089729875, 0.192450089729875, 0.192450089729875, 
0.192450089729875, 0.192450089729875, 0.192450089729875, 0.192450089729875, 
0.192450089729875, 0.192450089729875, 0.192450089729875, 0.192450089729875, 
0.192450089729875, 0.192450089729875, -350.644063487833, 69.9910047130397, 
-0.0739876890014511, -0.188288091357435, -0.0311250381179571, 
-0.145425440473941, -0.245438292535427, 0.0546002636490308, 0.168900666005015, 
0.0688878139435288, 0.0403127133545328, -0.259725842829925, -0.174000541062937, 
-0.359738694891411, -0.288300943418921, 0.0688878139435288, -0.0739876890014511, 
0.354638819833489, 0.0546002636490308, -0.0168374878234591, 0.397501470716983, 
0.154613115710517, -0.174000541062937, -0.145425440473941, 0.111750464827023, 
-0.288300943418921, -0.245438292535427, -275.588528493181, 38.4409186516115, 
-50.5891167760729, -0.00316766421737167, -0.167031203886066, 
-0.0909859330561284, 0.272060140307717, -0.0461612801759294, 
0.194067007807626, 0.00363435324785844, 0.18078245036209, 0.479236773419893, 
-0.0324404204969572, -0.244907511637645, 0.0831390451846672, 
0.359442106913039, -0.118747129898996, -0.0678762392719259, 0.092208401804974, 
0.0409012089444684, 0.140811953276968, -0.0336325024487515, 0.204764748613163, 
0.0671508463506184, -0.0248826233133682, 0.221508727165571, -0.380254074745113, 
-340.05930855269, 35.7220507474215, -2.99208838484361, 40.0705523316387, 
-0.039519675916065, -0.0171395647432468, 0.129636760687518, 0.0075334863814114, 
0.0542773987567026, 0.0800866829782759, 0.245023634701928, 0.48758656969267, 
-0.202551893456757, 0.396749064176808, -0.0717073496153106, 0.257675139195013, 
-0.21397675098909, 0.199793808464442, -0.0620486830414047, 0.0675955324548542, 
0.0311184337698503, -0.181937973242366, -0.375312717677181, -0.232137377281977, 
0.233908027091779, 0.00844637554954424, 0.161760339138492, -391.058582331106, 
6.68128185253085, -3.59575616558608, 17.2311320673263, 41.4572585112454, 
0.316727798288127, -0.0437352899722288, -0.0760218407310783, 
0.237408800049587, 0.0499090287925204, 0.302096834416014, 0.0241808145027219, 
0.133945949695179, 0.494506390674606, 0.0957778802214319, -0.0848892821315634, 
-0.0999561452038468, 0.15696633261054, -0.0250143226293806, -0.0594109322636558, 
0.412518924179511, 0.0837299014825299, 0.26369360718401, 0.131635953740837, 
-0.237022377279576, 0.216473625501483, -0.0629696640402888, -224.589254714764, 
11.8745418003161, -11.0954592247823, 28.5484398717871, 0.851208724592635, 
41.9858873061477, 0.346783914493517, 0.044675529290531, 0.171683139116047, 
-0.0111829997686728, 0.27807072854075, 0.0760544542747398, 0.069647024842204, 
-0.147419269167527, -0.356382248343943, -0.455037090048432, 0.0732944439488266, 
0.0108887423690815, 0.116850708245763, 0.137417573436634, -0.260395343775037, 
0.309773432886069, -0.399751609086788, 0.0383556476294388, -0.00305542607979671, 
-0.198725628467947, -0.0372535609907452), .Dim = c(27L, 6L), .Dimnames = list(
    c("1", "2", "3", "5", "7", "8", "9", "10", "11", "12", "13", 
    "14", "15", "16", "17", "18", "19", "21", "22", "23", "24", 
    "25", "26", "27", "28", "29", "30"), c("x1", "x2", "x3", 
    "x4", "x5", "x6")), assign = 1:6), qraux = c(1.19245008972988, 
1.01173761276554, 1.31612901346956, 1.01669172257747, 1.2293406040497, 
1.02078120854307), pivot = 1:6, tol = 1e-07, rank = 6L), .Names = c("qr", 
"qraux", "pivot", "tol", "rank"), class = "qr"), df.residual = 21L, 
    xlevels = structure(list(), .Names = character(0)), call = quote(lm(formula = y ~ 
        . + 0, data = structure(list(y = c(43, 63, 71, 81, 58, 
        71, 72, 67, 64, 67, 69, 68, 77, 81, 74, 65, 65, 50, 64, 
        53, 40, 63, 66, 78, 48, 85, 82), x1 = c(1, 1, 1, 1, 1, 
        1, 1, 1, 1, 1, 1, 1, 1, 1, 1, 1, 1, 1, 1, 1, 1, 1, 1, 
        1, 1, 1, 1), x2 = c(51, 64, 70, 78, 67, 75, 82, 61, 53, 
        60, 62, 83, 77, 90, 85, 60, 70, 40, 61, 66, 37, 54, 77, 
        75, 57, 85, 82), x3 = c(30, 51, 68, 56, 42, 50, 72, 45, 
        53, 47, 57, 83, 54, 50, 64, 65, 46, 33, 52, 52, 42, 42, 
        66, 58, 44, 71, 39), x4 = c(61, 63, 76, 71, 66, 70, 71, 
        62, 58, 59, 55, 59, 79, 60, 79, 55, 75, 43, 66, 63, 50, 
        66, 88, 80, 51, 77, 64), x5 = c(92, 73, 86, 83, 68, 66, 
        83, 80, 67, 74, 63, 77, 77, 54, 79, 80, 85, 64, 80, 80, 
        57, 75, 76, 78, 83, 74, 78), x6 = c(45, 47, 48, 47, 35, 
        41, 31, 41, 34, 41, 25, 35, 46, 36, 63, 60, 46, 33, 41, 
        37, 49, 33, 72, 49, 38, 55, 39)), .Names = c("y", "x1", 
        "x2", "x3", "x4", "x5", "x6"), row.names = c("1", "2", 
        "3", "5", "7", "8", "9", "10", "11", "12", "13", "14", 
        "15", "16", "17", "18", "19", "21", "22", "23", "24", 
        "25", "26", "27", "28", "29", "30"), class = "data.frame"))), 
    terms = y ~ x1 + x2 + x3 + x4 + x5 + x6 + 0, model = structure(list(
        y = c(43, 63, 71, 81, 58, 71, 72, 67, 64, 67, 69, 68, 
        77, 81, 74, 65, 65, 50, 64, 53, 40, 63, 66, 78, 48, 85, 
        82), x1 = c(1, 1, 1, 1, 1, 1, 1, 1, 1, 1, 1, 1, 1, 1, 
        1, 1, 1, 1, 1, 1, 1, 1, 1, 1, 1, 1, 1), x2 = c(51, 64, 
        70, 78, 67, 75, 82, 61, 53, 60, 62, 83, 77, 90, 85, 60, 
        70, 40, 61, 66, 37, 54, 77, 75, 57, 85, 82), x3 = c(30, 
        51, 68, 56, 42, 50, 72, 45, 53, 47, 57, 83, 54, 50, 64, 
        65, 46, 33, 52, 52, 42, 42, 66, 58, 44, 71, 39),