
expected <- structure(list(coefficients = structure(c(-1.46084239106071, 
0.617972413978841, -0.0242922069582114, 0.340516551071283, 0.13337769972854, 
0.13568541112703, -0.280773365286257), .Names = c("x1", "x2", 
"x3", "x4", "x5", "x6", "x7")), residuals = structure(c(-6.37025737399673, 
-0.155415074009414, 0.658661654932451, 6.01696391723163, -12.2380409731115, 
-7.51600481133613, 0.326603720595084, -5.69289307806584, 11.361618710447, 
7.50803839130747, 12.0316765901765, 8.05824113292107, 0.823682581276129, 
-4.80185368644524, -1.08247779789227, 2.45032028268676, -2.35338698944347, 
-6.72248444906872, -0.0946739506235922, -10.6856123584948, 0.306600571329205, 
4.55945779246488, -2.34867870922231, 0.742368130767793, -5.37745565969546, 
5.39182185893422, 5.20317957633537), .Names = c("1", "3", "4", 
"5", "6", "7", "8", "9", "10", "11", "12", "13", "15", "16", 
"17", "18", "19", "20", "22", "23", "24", "25", "26", "27", "28", 
"29", "30")), effects = structure(c(-338.327257745121, -53.1510040063286, 
2.38481266822958, -8.69855043732628, -0.829499312810364, 4.6545447248339, 
-10.7198772543005, 2.20149568900047, 15.4515850671769, 10.2434833782958, 
15.5515348246927, 13.9229427418278, -0.687414335055613, -1.66451626704877, 
1.93266525669865, 4.05004777301207, -3.95726006224631, -3.23739720931835, 
-0.949184035795899, -8.00201653994541, 2.83214726280792, 1.62825937085154, 
-2.72668122120697, -3.03954505133641, -0.379307529157867, 7.82320772599989, 
5.62526906928188), .Names = c("x1", "x2", "x3", "x4", "x5", "x6", 
"x7", "", "", "", "", "", "", "", "", "", "", "", "", "", "", 
"", "", "", "", "", "")), rank = 7L, fitted.values = structure(c(49.3702573739967, 
71.1554150740094, 60.3413383450675, 74.9830360827684, 55.2380409731115, 
65.5160048113361, 70.6733962794049, 77.6928930780658, 55.638381289553, 
56.4919616086925, 54.9683234098235, 60.9417588670789, 76.1763174187239, 
85.8018536864452, 75.0824777978923, 62.5496797173132, 67.3533869894435, 
56.7224844490687, 64.0946739506236, 63.6856123584948, 39.6933994286708, 
58.4405422075351, 68.3486787092223, 77.2576318692322, 53.3774556596955, 
79.6081781410658, 76.7968204236646), .Names = c("1", "3", "4", 
"5", "6", "7", "8", "9", "10", "11", "12", "13", "15", "16", 
"17", "18", "19", "20", "22", "23", "24", "25", "26", "27", "28", 
"29", "30")), assign = 1:7, qr = structure(list(qr = structure(c(-5.19615242270663, 
0.192450089729875, 0.192450089729875, 0.192450089729875, 0.192450089729875, 
0.192450089729875, 0.192450089729875, 0.192450089729875, 0.192450089729875, 
0.192450089729875, 0.192450089729875, 0.192450089729875, 0.192450089729875, 
0.192450089729875, 0.192450089729875, 0.192450089729875, 0.192450089729875, 
0.192450089729875, 0.192450089729875, 0.192450089729875, 0.192450089729875, 
0.192450089729875, 0.192450089729875, 0.192450089729875, 0.192450089729875, 
0.192450089729875, 0.192450089729875, -348.527112500804, -64.4348651884355, 
-0.0229669383926948, 0.209826285526274, -0.147123324482811, 0.0391112546523634, 
0.16326764074248, 0.271904478571332, -0.0540060349152239, -0.17816242100534, 
-0.0695255831764885, -0.0384864866539594, 0.194306737265009, 
0.396060864661448, 0.318463123355125, -0.0695255831764885, 0.0856698994361571, 
-0.100564679699018, -0.0540060349152239, 0.0235917063910989, 
-0.426475193185573, -0.162642872744076, 0.194306737265009, 0.16326764074248, 
-0.116084227960282, 0.318463123355125, 0.271904478571332, -274.626278044532, 
-24.9910710853059, 49.1208079475144, 0.0332697122450195, -0.1175759361763, 
0.17798279240609, 0.117154307922394, -0.241440185980785, 0.0403824137808932, 
-0.224516643047355, -0.0130879396546342, -0.191158831431529, 
0.0612312441374779, 0.308470469495412, -0.0403131830102102, -0.37953142363057, 
0.134814139392708, -0.466114159169628, -0.102123385543082, -0.0383513316854092, 
-0.204649530739946, 0.0121754523761407, -0.183064411846479, -0.0457094627335769, 
0.00972274202675147, -0.182818982334185, 0.430372867975097, -299.837239799146, 
-35.2696104189331, 21.7298843053379, -39.9436645615164, -0.177617837000547, 
0.106779989075908, -0.100743421629851, -0.163450290946938, -0.103742940267717, 
0.137116691742865, -0.321904565512506, -0.400929011325126, 0.252106902281073, 
0.186143551267977, -0.0326140735118242, 0.335221351322635, 0.0498186683736243, 
-0.212714672469972, 0.17684128669816, -0.169819303439769, 0.434275378359838, 
0.0267153585700828, -0.135972710318455, 0.266418319331288, -0.103259952891661, 
-0.0774882175469095, 0.083863901372416, -341.406459180799, -33.9194097202031, 
10.8534948345161, -6.09508613613382, 36.0021506126074, -0.0695628717457221, 
-0.0269904980245857, 0.258323896605004, -0.0134030192056276, 
0.124544792448818, 0.0577472715425807, 0.292838251078639, -0.173085739565426, 
0.445432283286562, -0.00555906672223858, 0.438306537640187, -0.248625408909153, 
0.140950833621688, -0.0170379189003488, 0.0838027136617085, 0.0820694063042763, 
-0.220213486708983, -0.331927055773234, -0.176949199072772, 0.237411397649097, 
0.122601952847488, 0.114289035146602, -390.288781972187, -5.35079536163376, 
3.5977082744192, 7.01010702419698, 3.69623937425459, 55.1569430338038, 
0.0171234918915426, 0.570932991552636, 0.350436547138995, 0.216911925869174, 
-0.0450428579587592, -0.0169767009656086, 0.149256984255981, 
0.0438403555405067, 0.203472487701251, -0.290053771396563, 0.0177026724251234, 
-0.150128527835567, -0.0684654984437311, -0.00595510829110326, 
0.40528573904099, -0.211827031049155, -0.0349160526929623, -0.179890480061232, 
0.154521130531785, -0.0541723070870831, -0.0397657454260601, 
-225.743955253144, -11.8276201693348, 20.5044038044349, -16.9699421678191, 
21.8429162597646, 10.0773368027028, 38.1798225176069, 0.147863920237391, 
-0.151216639041993, 0.239526663623808, -0.110582585222427, 0.246834788412527, 
0.13976520099168, -0.0893270987649799, -0.442249291756731, -0.21187064426957, 
0.0556805986013352, -0.0551461430496437, 0.238021735286897, 0.0837177183717461, 
-0.176846179009058, 0.445976596523894, -0.365207376255431, 0.260535181143644, 
-0.16386373680303, -0.136420604407126, -0.0987828904147477), .Dim = c(27L, 
7L), .Dimnames = list(c("1", "3", "4", "5", "6", "7", "8", "9", 
"10", "11", "12", "13", "15", "16", "17", "18", "19", "20", "22", 
"23", "24", "25", "26", "27", "28", "29", "30"), c("x1", "x2", 
"x3", "x4", "x5", "x6", "x7")), assign = 1:7), qraux = c(1.19245008972988, 
1.08566989943616, 1.06589123532396, 1.06552080427392, 1.17955741520268, 
1.23056928589688, 1.01744992187988), pivot = 1:7, tol = 1e-07, 
    rank = 7L), .Names = c("qr", "qraux", "pivot", "tol", "rank"
), class = "qr"), df.residual = 20L, xlevels = structure(list(), .Names = character(0)), 
    call = quote(lm(formula = y ~ . + 0, data = structure(list(y = c(43, 
        71, 61, 81, 43, 58, 71, 72, 67, 64, 67, 69, 77, 81, 74, 
        65, 65, 50, 64, 53, 40, 63, 66, 78, 48, 85, 82), x1 = c(1, 
        1, 1, 1, 1, 1, 1, 1, 1, 1, 1, 1, 1, 1, 1, 1, 1, 1, 1, 
        1, 1, 1, 1, 1, 1, 1, 1), x2 = c(51, 70, 63, 78, 55, 67, 
        75, 82, 61, 53, 60, 62, 77, 90, 85, 60, 70, 58, 61, 66, 
        37, 54, 77, 75, 57, 85, 82), x3 = c(30, 68, 45, 56, 49, 
        42, 50, 72, 45, 53, 47, 57, 54, 50, 64, 65, 46, 68, 52, 
        52, 42, 42, 66, 58, 44, 71, 39), x4 = c(39, 69, 47, 66, 
        44, 56, 55, 67, 47, 58, 39, 42, 72, 72, 69, 75, 57, 54, 
        62, 50, 58, 48, 63, 74, 45, 71, 59), x5 = c(61, 76, 54, 
        71, 54, 66, 70, 71, 62, 58, 59, 55, 79, 60, 79, 55, 75, 
        64, 66, 63, 50, 66, 88, 80, 51, 77, 64), x6 = c(83, 80, 
        78, 80, 83, 63, 77, 49, 57, 63, 80, 80, 68, 77, 68, 92, 
        75, 86, 79, 78, 49, 86, 80, 86, 68, 83, 80), x7 = c(45, 
        48, 35, 47, 34, 35, 41, 31, 41, 34, 41, 25, 46, 36, 63, 
        60, 46, 52, 41, 37, 49, 33, 72, 49, 38, 55, 39)), .Names = c("y", 
        "x1", "x2", "x3", "x4", "x5", "x6", "x7"),