
expected <- structure(list(coefficients = structure(c(4.32813414143899, 0.730866862062665, 
-0.14280009975457, 0.46557591121842, 0.170045146469478, -0.103192018289411, 
-0.219114666355616), .Names = c("x1", "x2", "x3", "x4", "x5", 
"x6", "x7")), residuals = structure(c(-4.34495564987333, -1.22397705607005, 
1.94607290026549, -0.564872330272851, 8.48443160206083, -9.8195805064376, 
-7.99673147023819, -0.848108039441306, -6.48600599478081, 7.1923860171017, 
11.9207035604112, 8.69952196965035, -4.07740440466683, -3.46328807993364, 
2.04310964084883, -2.49013000365361, -1.20842180996531, 7.08188144745361, 
-0.335030918818396, -9.08859693464679, -6.1301969394506, 8.47271806400472, 
-1.26526291026163, 2.11975258164104, -8.51734804031507, 6.1361780629246, 
3.76315524246361), .Names = c("1", "2", "3", "4", "5", "6", "7", 
"8", "9", "11", "12", "13", "14", "15", "18", "19", "20", "21", 
"22", "23", "24", "25", "26", "27", "28", "29", "30")), effects = structure(c(-330.436804066196, 
-51.0689079508119, 2.68611967430661, 13.3743426997647, 4.68074706311273, 
-5.50086795080287, -8.82848010355927, 2.16671628050824, -5.89399692255009, 
9.8443921983115, 12.8412636952712, 12.9574856928921, -2.7001859817134, 
2.58933626289609, 2.91708314528238, -1.85714268422092, -5.9626886222303, 
11.2753063808711, 2.96364577324989, -9.16672330623487, -1.15263151861791, 
9.56163346637847, -4.5479221641884, 4.17524831250785, -6.29035629152538, 
5.87969408569875, 5.16567273721236), .Names = c("x1", "x2", "x3", 
"x4", "x5", "x6", "x7", "", "", "", "", "", "", "", "", "", "", 
"", "", "", "", "", "", "", "", "", "")), rank = 7L, fitted.values = structure(c(47.3449556498733, 
64.2239770560701, 69.0539270997345, 61.5648723302728, 72.5155683979392, 
52.8195805064376, 65.9967314702382, 71.8481080394413, 78.4860059947808, 
56.8076139828983, 55.0792964395888, 60.3004780303496, 72.0774044046668, 
80.4632880799336, 62.9568903591512, 67.4901300036536, 51.2084218099653, 
42.9181185525464, 64.3350309188184, 62.0885969346468, 46.1301969394506, 
54.5272819359953, 67.2652629102616, 75.880247418359, 56.5173480403151, 
78.8638219370754, 78.2368447575364), .Names = c("1", "2", "3", 
"4", "5", "6", "7", "8", "9", "11", "12", "13", "14", "15", "18", 
"19", "20", "21", "22", "23", "24", "25", "26", "27", "28", "29", 
"30")), assign = 1:7, qr = structure(list(qr = structure(c(-5.19615242270663, 
0.192450089729875, 0.192450089729875, 0.192450089729875, 0.192450089729875, 
0.192450089729875, 0.192450089729875, 0.192450089729875, 0.192450089729875, 
0.192450089729875, 0.192450089729875, 0.192450089729875, 0.192450089729875, 
0.192450089729875, 0.192450089729875, 0.192450089729875, 0.192450089729875, 
0.192450089729875, 0.192450089729875, 0.192450089729875, 0.192450089729875, 
0.192450089729875, 0.192450089729875, 0.192450089729875, 0.192450089729875, 
0.192450089729875, 0.192450089729875, -339.09705810404, -64.6156729066964, 
0.108983611697181, 0.000650761707243416, 0.232792583114252, -0.123158209709828, 
0.062555247415779, 0.18636421883285, 0.294697068822788, -0.154110452564096, 
-0.0457776025741583, -0.0148253597198905, 0.310173190249921, 
0.217316461687118, -0.0457776025741583, 0.108983611697181, -0.0767298454284261, 
-0.355300031116836, -0.0303014811470244, 0.0470791259886451, 
-0.401728395398238, -0.138634331136962, 0.217316461687118, 0.18636421883285, 
-0.09220596685556, 0.341125433104189, 0.294697068822788, -276.165878762371, 
-38.1635422496297, -51.8743814456437, -0.0855473432092191, -0.04856337822439, 
0.0849309466482844, -0.190063826433519, -0.12921405674444, 0.213189566166732, 
0.185382533999306, -0.011979315364881, 0.157451833421777, 0.413569170333353, 
-0.0754469377310734, 0.335012773954993, -0.147967824504566, 0.416187023010466, 
-0.0484397098142874, 0.0727362590284481, 0.0143806736063798, 
0.160069686098891, -0.0383393043361418, 0.155881121815509, 0.0250046496199481, 
-0.0347979789982857, 0.158898876617943, -0.42296259758637, -289.252484864003, 
-31.3907329613699, -13.3466992843226, 48.2336760195802, -0.136472883490647, 
0.140388076539147, -0.101260795485054, 0.0269506847315662, -0.00615291317959386, 
-0.128078914877611, 0.254458693873492, 0.284006477751736, 0.544488861880237, 
-0.282411587864147, -0.345938555488481, -0.0735791413930778, 
0.103119148399489, 0.13807943157391, -0.176514074493189, 0.0989021682106239, 
-0.302490055363458, -0.0046328365620625, 0.00149287179026787, 
-0.302089745621851, 0.0897596230145777, -0.0812154818399324, 
-0.107903985368068, -315.233246977536, 7.16028551362062, -3.50067195002773, 
-18.3057954149384, 49.1871269895706, 0.433734464130203, 0.324819329601142, 
0.090120301679236, 0.270290209121906, 0.130557383216083, -0.0677886614161138, 
0.0627735121358514, -0.0190847804944645, -0.307749809418116, 
-0.181581661817993, -0.0778652412863889, 0.295926763967261, -0.181882590639961, 
-0.184655241105632, 0.111611723435365, -0.206330001232375, 0.105345613303839, 
0.0552982397145969, 0.00703763858415974, -0.244034245545938, 
0.175122535859504, 0.185876406305694, -390.673682151647, -18.1024765522868, 
4.6765930061464, 4.41255482406476, 16.5984915378899, 41.3947259103628, 
0.164309857770665, 0.319052413498584, -0.0920627710773754, 0.183381929807083, 
0.106968037385842, 0.356624892414923, 0.161621921021221, 0.154476048417992, 
-0.0198374036810017, -0.125989672551597, -0.0823111006942432, 
0.274519560688389, -0.0173395496296079, -0.0600217091328804, 
0.425489227246682, -0.00210014772858879, 0.105920072898073, 0.0430399797398602, 
-0.0874059305623198, 0.159206639999606, 0.022052256463592, -220.932703009897, 
-10.2044959173061, -11.7299946118344, 25.1646453224406, 8.99279514539245, 
5.61013399066817, 40.2915982320916, 0.00506875885150915, 0.417059921344018, 
0.270962738136755, -0.153505021461788, 0.231508608286564, 0.0183347690516108, 
0.235069109849662, -0.0464560662205295, 2.96280787303691e-05, 
-0.259762800697235, 0.0200464204457372, 0.229095919779433, 0.0769404932768222, 
-0.0180995594385128, 0.167348131531416, -0.622591731812802, 0.136875911601344, 
0.0746531490352071, -0.126880139855422, 0.1112686867382), .Dim = c(27L, 
7L), .Dimnames = list(c("1", "2", "3", "4", "5", "6", "7", "8", 
"9", "11", "12", "13", "14", "15", "18", "19", "20", "21", "22", 
"23", "24", "25", "26", "27", "28", "29", "30"), c("x1", "x2", 
"x3", "x4", "x5", "x6", "x7")), assign = 1:7), qraux = c(1.19245008972988, 
1.01612688313438, 1.2761336179975, 1.08835711112596, 1.3416748874566, 
1.55731430297856, 1.15059373871558), pivot = 1:7, tol = 1e-07, 
    rank = 7L), .Names = c("qr", "qraux", "pivot", "tol", "rank"
), class = "qr"), df.residual = 20L, xlevels = structure(list(), .Names = character(0)), 
    call = quote(lm(formula = y ~ . + 0, data = structure(list(y = c(43, 
        63, 71, 61, 81, 43, 58, 71, 72, 64, 67, 69, 68, 77, 65, 
        65, 50, 50, 64, 53, 40, 63, 66, 78, 48, 85, 82), x1 = c(1, 
        1, 1, 1, 1, 1, 1, 1, 1, 1, 1, 1, 1, 1, 1, 1, 1, 1, 1, 
        1, 1, 1, 1, 1, 1, 1, 1), x2 = c(51, 64, 70, 63, 78, 55, 
        67, 75, 82, 53, 60, 62, 83, 77, 60, 70, 58, 40, 61, 66, 
        37, 54, 77, 75, 57, 85, 82), x3 = c(30, 51, 68, 45, 56, 
        49, 42, 50, 72, 53, 47, 57, 83, 54, 65, 46, 68, 33, 52, 
        52, 42, 42, 66, 58, 44, 71, 39), x4 = c(39, 54, 69, 47, 
        66, 44, 56, 55, 67, 58, 39, 42, 45, 72, 75, 57, 54, 34, 
        62, 50, 58, 48, 63, 74, 45, 71, 59), x5 = c(66, 77, 62, 
        71, 43, 43, 43, 59, 51, 51, 71, 66, 80, 71, 62, 64, 50, 
        71, 66, 59, 61, 55, 61, 55, 75, 54, 51), x6 = c(92, 73, 
        86, 84, 83, 49, 68, 66, 83, 67, 74, 63, 77, 77, 80, 85, 
        78, 64, 80, 80, 57, 75, 76, 78, 83, 74, 78), x7 = c(45, 
        47, 48, 35, 47, 34, 35, 41, 31, 34, 41, 25, 35, 46, 60, 
        46, 52, 33, 41, 37, 49, 33, 72, 49, 38, 55, 39)), .Names = c("y", 
        "x1", "x2", "x3", "x4", "x5", "x6", "x7"),