
expected <- structure(list(coefficients = structure(c(14.5783484654606, 0.606502780884407, 
0.0876918071411594, 0.192398030519072, 0.0304993477029181, -0.245543684440793, 
0.267912181620488), .Names = c("x1", "x2", "x3", "x4", "x5", 
"x6", "x7")), residuals = structure(c(-8.79317637845983, -1.57703254994014, 
4.14982996098536, 7.12822299690758, -7.97176624657135, 0.125639046531882, 
-5.62534288978717, 0.899001265849328, 5.16831784340201, 6.84578424547775, 
4.40341992756454, -2.44481299798423, 4.52132268175813, -5.95584864830074, 
-3.94307272115139, 1.41912047677305, -1.57798879510497, 5.6809263956426, 
1.24290748939614, -8.51394673434485, -8.2311723937154, 8.97449648502554, 
-6.58734672465168, 0.587653476631781, -5.02136168928267, 5.96321756750617, 
9.13300890984257), .Names = c("1", "2", "3", "5", "7", "8", "9", 
"10", "11", "12", "13", "14", "15", "16", "17", "18", "19", "21", 
"22", "23", "24", "25", "26", "27", "28", "29", "30")), effects = structure(c(-343.523410167827, 
49.3571362451374, -0.900494662017867, -9.30463239602708, 1.26437505230766, 
-5.79748090168314, -11.0748889929185, 6.35189832537595, 3.97812424049378, 
11.0254016253684, 7.20601161260468, -1.77379835362038, 3.67334138347356, 
-8.75399407648221, -3.51521003375396, -3.74194543768881, 1.42646416494943, 
6.01306855602277, 1.26875055047876, -7.31026821124806, -12.1838002396936, 
10.6011752317406, -3.78969322354185, 2.06767392870864, -5.29910673013459, 
5.29865019029036, 9.11790209816205), .Names = c("x1", "x2", "x3", 
"x4", "x5", "x6", "x7", "", "", "", "", "", "", "", "", "", "", 
"", "", "", "", "", "", "", "", "", "")), rank = 7L, fitted.values = structure(c(51.7931763784598, 
64.5770325499401, 66.8501700390146, 73.8717770030924, 65.9717662465713, 
70.8743609534681, 77.6253428897872, 66.1009987341507, 58.831682156598, 
60.1542157545222, 64.5965800724355, 70.4448129979842, 72.4786773182419, 
86.9558486483007, 77.9430727211514, 63.5808795232269, 66.577988795105, 
44.3190736043574, 62.7570925106039, 61.5139467343448, 48.2311723937154, 
54.0255035149745, 72.5873467246517, 77.4123465233682, 53.0213616892827, 
79.0367824324938, 72.8669910901574), .Names = c("1", "2", "3", 
"5", "7", "8", "9", "10", "11", "12", "13", "14", "15", "16", 
"17", "18", "19", "21", "22", "23", "24", "25", "26", "27", "28", 
"29", "30")), assign = 1:7, qr = structure(list(qr = structure(c(-5.19615242270663, 
0.192450089729875, 0.192450089729875, 0.192450089729875, 0.192450089729875, 
0.192450089729875, 0.192450089729875, 0.192450089729875, 0.192450089729875, 
0.192450089729875, 0.192450089729875, 0.192450089729875, 0.192450089729875, 
0.192450089729875, 0.192450089729875, 0.192450089729875, 0.192450089729875, 
0.192450089729875, 0.192450089729875, 0.192450089729875, 0.192450089729875, 
0.192450089729875, 0.192450089729875, 0.192450089729875, 0.192450089729875, 
0.192450089729875, 0.192450089729875, -350.644063487833, 69.9910047130397, 
-0.0739876890014511, -0.188288091357435, -0.0311250381179571, 
-0.145425440473941, -0.245438292535427, 0.0546002636490308, 0.168900666005015, 
0.0688878139435288, 0.0403127133545328, -0.259725842829925, -0.174000541062937, 
-0.359738694891411, -0.288300943418921, 0.0688878139435288, -0.0739876890014511, 
0.354638819833489, 0.0546002636490308, -0.0168374878234591, 0.397501470716983, 
0.154613115710517, -0.174000541062937, -0.145425440473941, 0.111750464827023, 
-0.288300943418921, -0.245438292535427, -275.588528493181, 38.4409186516115, 
-50.5891167760729, -0.00316766421737167, -0.167031203886066, 
-0.0909859330561284, 0.272060140307717, -0.0461612801759294, 
0.194067007807626, 0.00363435324785844, 0.18078245036209, 0.479236773419893, 
-0.0324404204969572, -0.244907511637645, 0.0831390451846672, 
0.359442106913039, -0.118747129898996, -0.0678762392719259, 0.092208401804974, 
0.0409012089444684, 0.140811953276968, -0.0336325024487515, 0.204764748613163, 
0.0671508463506184, -0.0248826233133682, 0.221508727165571, -0.380254074745113, 
-297.527838722387, 35.5135583468277, -11.8516979838765, -48.2235379626031, 
0.0750897993545926, -0.058236441180571, -0.0196557085553235, 
-0.0941457096375501, 0.127353894350043, -0.268315037800077, -0.293849248636085, 
-0.564434550492817, 0.251241851319996, 0.194927838781171, 0.0615428067064411, 
0.344114840428868, 0.0461558654104395, -0.135222990778853, 0.164758226616937, 
-0.117203131244745, 0.315284649387418, -0.00469171660190341, 
-0.0247846889873241, 0.276164899973097, -0.101673414793717, 0.0508688449211501, 
0.0602883418434414, -340.05930855269, 35.7220507474215, -2.99208838484361, 
-14.719169466044, -37.2692261040187, 0.0382911526672781, -0.132676681248276, 
0.024011503696874, -0.101795034596905, 0.00541059234602756, -0.163214563459382, 
-0.331718342334546, 0.132082992480758, -0.493056580896258, 0.0561061679297304, 
-0.394413959658618, 0.214317372691583, -0.168689338295681, 0.0105167711067292, 
-0.0327006506859377, -0.140994803015213, 0.197213518869501, 0.411976513253235, 
0.155391497678627, -0.216810835825468, -0.0264316019198206, -0.194482151548384, 
-391.058582331106, 6.68128185253085, -3.59575616558608, 2.60675033656675, 
-19.5558173696067, 40.3285389678236, -0.0340174574237583, -0.0699338141886379, 
0.237584478614219, 0.0789438364433533, 0.352154179412984, 0.105988720675174, 
0.102625124813305, 0.521044460002814, 0.0882764219922455, -0.0967461512842099, 
-0.121931862443141, 0.186774877883945, -0.0436128075132857, -0.0466515042642281, 
0.400610526430522, 0.0733476359255051, 0.24605371077663, 0.0960876775845275, 
-0.218517327350709, 0.218994987573285, -0.0579912771124785, -221.510053279086, 
-10.2468194038022, 18.7536873333799, 3.96576772177336, -8.96094121883745, 
15.3219503486602, -41.3377582382821, 0.558777383268148, 0.0545896776905932, 
0.161604169217961, 0.316222850214847, -0.145958567154047, -0.212892537825497, 
0.0886008880306262, -0.0600478740373257, -0.0221394918016133, 
-0.0282241980766883, -0.206560018271976, 0.0213333387797504, 
-0.164575904211128, -0.145059781464089, -0.218110304842046, -0.00909213855217345, 
0.338174887565481, -0.329493062460448, -0.0229254196855914, -0.281760247360185
), .Dim = c(27L, 7L), .Dimnames = list(c("1", "2", "3", "5", 
"7", "8", "9", "10", "11", "12", "13", "14", "15", "16", "17", 
"18", "19", "21", "22", "23", "24", "25", "26", "27", "28", "29", 
"30"), c("x1", "x2", "x3", "x4", "x5", "x6", "x7")), assign = 1:7), 
    qraux = c(1.19245008972988, 1.01173761276554, 1.31612901346956, 
    1.10529795744899, 1.01687850927921, 1.32910388391468, 1.19379990687368
    ), pivot = 1:7, tol = 1e-07, rank = 7L), .Names = c("qr", 
"qraux", "pivot", "tol", "rank"), class = "qr"), df.residual = 20L, 
    xlevels = structure(list(), .Names = character(0)), call = quote(lm(formula = y ~ 
        . + 0, data = structure(list(y = c(43, 63, 71, 81, 58, 
        71, 72, 67, 64, 67, 69, 68, 77, 81, 74, 65, 65, 50, 64, 
        53, 40, 63, 66, 78, 48, 85, 82), x1 = c(1, 1, 1, 1, 1, 
        1, 1, 1, 1, 1, 1, 1, 1, 1, 1, 1, 1, 1, 1, 1, 1, 1, 1, 
        1, 1, 1, 1), x2 = c(51, 64, 70, 78, 67, 75, 82, 61, 53, 
        60, 62, 83, 77, 90, 85, 60, 70, 40, 61, 66, 37, 54, 77, 
        75, 57, 85, 82), x3 = c(30, 51, 68, 56, 42, 50, 72, 45, 
        53, 47, 57, 83, 54, 50, 64, 65, 46, 33, 52, 52, 42, 42, 
        66, 58, 44, 71, 39), x4 = c(39, 54, 69, 66, 56, 55, 67, 
        47, 58, 39, 42, 45, 72, 72, 69, 75, 57, 34, 62, 50, 58, 
        48, 63, 74, 45, 71, 59), x5 = c(61, 63, 76, 71, 66, 70, 
        71, 62, 58, 59, 55, 59, 79, 60, 79, 55, 75, 43, 66, 63, 
        50, 66, 88, 80, 51, 77, 64), x6 = c(92, 73, 86, 83, 68, 
        66, 83, 80, 67, 74, 63, 77, 77, 54, 79, 80, 85, 64, 80, 
        80, 57, 75, 76, 78, 83, 74, 78), x7 = c(63, 46, 35, 47, 
        41, 37, 46, 72, 41, 52, 49, 25, 34, 41, 37, 39, 49, 39, 
        46, 39, 33, 38, 35, 55, 38, 33, 41)), .Names = c("y", 
        "x1", "x2", "x3", "x4", "x5", "x6", "x7"),