
expected <- structure(list(coefficients = structure(c(0.59230548183764, -0.0530708870951713, 
0.374983471968707, 0.0989814988851827, 0.13061216242028, -0.216045365921816
), .Names = c("x1", "x2", "x3", "x4", "x5", "x6")), residuals = structure(c(-8.57195727582439, 
1.93356682981299, -0.306113394857682, 5.30886924065313, -7.87505525708177, 
-8.30738261910984, 1.91529461974984, -9.04292781989246, 7.90536642294815, 
6.52512572830653, 12.684298925903, 11.2813803446881, -1.96618473554053, 
-0.679092265993407, -1.86707252299665, -3.35032993800639, 1.85728487627622, 
-3.9817402141822, -6.28221067992077, 9.82379618215816, -10.7727781550524, 
6.04608055174355, -2.81043218671213, 1.38637773858512, -7.97969169014833, 
6.39386021021963, 5.27989491338876), .Names = c("1", "2", "4", 
"5", "6", "7", "8", "9", "10", "11", "12", "13", "14", "15", 
"16", "17", "18", "19", "20", "21", "23", "25", "26", "27", "28", 
"29", "30")), effects = structure(c(-342.561919121039, -0.375823071081959, 
14.7150967978644, 4.20871979233768, 7.03064578205922, -8.19363783760598, 
5.52987466576147, -6.58913447956585, 9.32106423147446, 8.09550747450338, 
14.0709844133845, 13.758084668814, -2.28726745930711, 3.10438585556572, 
-1.48619133463432, -2.29149113791277, -3.2685920745614, -0.614268056916106, 
-6.29370290147294, 9.61114931815209, -9.11497794260456, 10.3855934654664, 
0.735308784142513, 4.91183313421936, -9.41979646975918, 7.93458706222842, 
6.16516523523271), .Names = c("x1", "x2", "x3", "x4", "x5", "x6", 
"", "", "", "", "", "", "", "", "", "", "", "", "", "", "", "", 
"", "", "", "", "")), rank = 6L, fitted.values = structure(c(51.5719572758244, 
61.066433170187, 61.3061133948577, 75.6911307593469, 50.8750552570818, 
66.3073826191098, 69.0847053802502, 81.0429278198925, 59.0946335770519, 
57.4748742716935, 54.315701074097, 57.7186196553119, 69.9661847355405, 
77.6790922659934, 82.8670725229967, 77.3503299380064, 63.1427151237238, 
68.9817402141822, 56.2822106799208, 40.1762038178418, 63.7727781550524, 
56.9539194482565, 68.8104321867121, 76.6136222614149, 55.9796916901483, 
78.6061397897804, 76.7201050866112), .Names = c("1", "2", "4", 
"5", "6", "7", "8", "9", "10", "11", "12", "13", "14", "15", 
"16", "17", "18", "19", "20", "21", "23", "25", "26", "27", "28", 
"29", "30")), assign = 1:6, qr = structure(list(qr = structure(c(-358.075411051918, 
0.17873330037376, 0.17594059255542, 0.21783120983052, 0.1535989300087, 
0.18711142382878, 0.2094530863755, 0.22900204110388, 0.17035517691874, 
0.14801351437202, 0.1675624691004, 0.17314788473708, 0.23179474892222, 
0.21503850201218, 0.2513437036506, 0.2373801645589, 0.1675624691004, 
0.1954895472838, 0.16197705346372, 0.1117083127336, 0.18431871601044, 
0.15080622219036, 0.21503850201218, 0.2094530863755, 0.15918434564538, 
0.2373801645589, 0.22900204110388, -277.349398854982, -54.9664529943505, 
-0.0424549973152569, -0.0473653543323896, 0.139667286472123, 
-0.151709054078363, -0.115516359432746, 0.189045971423417, -0.0151173412378283, 
0.239776602027217, 0.0349373165397188, 0.189528809156455, 0.375499206948284, 
-0.0700823560325083, -0.320548780013459, 0.0024961683519424, 
0.362409784189215, -0.11994387871684, 0.444326184874893, 0.0536130691421733, 
0.0438889226545156, 0.0259857104249219, 0.148232622400489, 0.0300269595225861, 
0.0213650560476122, 0.129846572437858, -0.411320219267327, -292.025078440359, 
-10.1520111556941, 44.2751649505346, -0.0776563515965573, 0.0484677080814009, 
-0.0805082525844964, 0.0978883842843816, 0.0355531854498522, 
0.049325709908041, -0.277744171982278, 0.22501015082133, 0.234798231971427, 
0.600163951192177, -0.237473018467549, -0.0662919718255296, -0.00425595468824037, 
-0.501251378387252, -0.0398411106197637, -0.0417765576378389, 
-0.022641122525059, 0.0885976420070977, -0.0902978482912754, 
0.0236914668060112, -0.292652593775125, 0.0310650191410777, -0.0156586890688088, 
0.0570431826777577, -336.878758710717, -9.74919710800891, 19.1750862082852, 
43.3240251382567, -0.00651234524151445, -0.00932549633916614, 
-0.0130824234895397, 0.225807436950845, -0.0925719708116752, 
0.0609915313023206, -0.132105504179351, 0.0352535549862553, 0.253687549737911, 
0.0213236532251328, 0.598737947126107, 0.0877361824992802, 0.440100965179169, 
-0.165050797977929, -0.0495932359578922, -0.0695655917917124, 
-0.0116947177218573, -0.254823813515986, -0.281622711304861, 
0.00711727128838549, 0.0900961501564863, 0.169563632448693, 0.23722273281987, 
-382.857900231867, -20.150318302781, 13.8299969692151, 45.9944566985628, 
64.8308108786081, 0.118030064934192, 0.299180526336838, 0.0782635992681898, 
-0.081567663791892, -0.0529435425494637, 0.0295281680857806, 
0.158222032995299, 0.202600663199573, 0.163920201055393, 0.265674332052625, 
0.241726310426371, -0.357203362129103, 0.0279198966734924, -0.00525764543910729, 
-0.205913609395755, -0.0345746574472086, 0.00151604741757523, 
0.447177832090247, 0.15219279273072, -0.318897786103982, 0.296114567559936, 
-0.019263324310371, -220.621124941042, -19.0273078562984, 25.8820773034381, 
28.1746038678484, 6.65159658539527, 37.9255431036236, 0.00379377535652393, 
0.487345789664376, 0.00477189412552538, 0.332134693610172, -0.1079754580482, 
0.280706098693819, 0.0400807779768928, 0.189680035101959, -0.0665432752220172, 
-0.319939324444141, -0.212040188714088, 0.0612683376885543, -0.0356163274217105, 
-0.0381119569621739, 0.130910156536073, 0.331340930925524, -0.390100942097001, 
0.192538926228926, -0.0358230297460218, -0.0962208120298865, 
-0.0952293072374727), .Dim = c(27L, 6L), .Dimnames = list(c("1", 
"2", "4", "5", "6", "7", "8", "9", "10", "11", "12", "13", "14", 
"15", "16", "17", "18", "19", "20", "21", "23", "25", "26", "27", 
"28", "29", "30"), c("x1", "x2", "x3", "x4", "x5", "x6")), assign = 1:6), 
    qraux = c(1.14242809873534, 1.05303366386253, 1.07862998665843, 
    1.14464515795915, 1.270665997038, 1.17347671755923), pivot = 1:6, 
    tol = 1e-07, rank = 6L), .Names = c("qr", "qraux", "pivot", 
"tol", "rank"), class = "qr"), df.residual = 21L, xlevels = structure(list(), .Names = character(0)), 
    call = quote(lm(formula = y ~ . + 0, data = structure(list(y = c(43, 
        63, 61, 81, 43, 58, 71, 72, 67, 64, 67, 69, 68, 77, 81, 
        74, 65, 65, 50, 50, 53, 63, 66, 78, 48, 85, 82), x1 = c(51, 
        64, 63, 78, 55, 67, 75, 82, 61, 53, 60, 62, 83, 77, 90, 
        85, 60, 70, 58, 40, 66, 54, 77, 75, 57, 85, 82), x2 = c(30, 
        51, 45, 56, 49, 42, 50, 72, 45, 53, 47, 57, 83, 54, 50, 
        64, 65, 46, 68, 33, 52, 42, 66, 58, 44, 71, 39), x3 = c(39, 
        54, 47, 66, 44, 56, 55, 67, 47, 58, 39, 42, 45, 72, 72, 
        69, 75, 57, 54, 34, 50, 48, 63, 74, 45, 71, 59), x4 = c(61, 
        63, 54, 71, 54, 66, 70, 71, 62, 58, 59, 55, 59, 79, 60, 
        79, 55, 75, 64, 43, 63, 66, 88, 80, 51, 77, 64), x5 = c(92, 
        73, 84, 83, 49, 68, 66, 83, 80, 67, 74, 63, 77, 77, 54, 
        79, 80, 85, 78, 64, 80, 75, 76, 78, 83, 74, 78), x6 = c(45, 
        47, 35, 47, 34, 35, 41, 31, 41, 34, 41, 25, 35, 46, 36, 
        63, 60, 46, 52, 33, 37, 33, 72, 49, 38, 55, 39)), .Names = c("y", 
        "x1", "x2", "x3", "x4", "x5", "x6"), row.names = c("1", 
        "2", "4", "5", "6", "7", "8", "9", "10", "11", "12", 
        "13", "14", "15", "16", "17", "18", "19", "20", "21", 
        "23", "25", "26", "27", "28", "29", "30"), class = "data.frame"))), 
    terms = y ~ x1 + x2 + x3 + x4 + x5 + x6 + 0, model = structure(list(
        y = c(43, 63, 61, 81, 43, 58, 71, 72, 67, 64, 67, 69, 
        68, 77, 81, 74, 65, 65, 50, 50, 53, 63, 66, 78, 48, 85, 
        82), x1 = c(51, 64, 63, 78, 55, 67, 75, 82, 61, 53, 60, 
        62, 83, 77, 90, 85, 60, 70, 58, 40, 66, 54, 77, 75, 57, 
        85, 82), x2 = c(30, 51, 45, 56, 49, 42, 50, 72, 45, 53, 
        47, 57, 83, 54, 50, 64, 65, 46, 68, 33, 52, 42, 66, 58, 
        44, 71, 39), x3 = c(39, 54, 47, 66, 44, 56, 55, 67, 47, 
        58, 39, 42, 45, 72, 72, 69, 75, 57, 54, 34, 50, 48, 63, 
        74, 45, 71, 59),