
expected <- structure(list(coefficients = structure(c(2.4849581772047, 0.119154591119448, 
0.312470269169103, 0.123239384803666, 0.0077039592233335, 0.417597251287469, 
0.0220293928902774), .Names = c("x1", "x2", "x3", "x4", "x5", 
"x6", "x7")), residuals = structure(c(13.7615909031945, 1.71541853572581, 
2.75872653032119, -16.814249725179, -15.185357416258, 6.43026208627606, 
-1.69541091520779, 5.12741511165636, -5.27756974188198, 7.92577222819494, 
3.40443683091991, 0.711879218937651, 6.59588825586346, 9.02146162404077, 
5.97019525193791, -7.68916351761944, 0.452567076276222, -10.5829523221528, 
-4.76384670377898, 5.44372889482531, -5.32760134594765, -24.5592950988601, 
0.772902764768177, -0.637024166217307, 17.2132512214814, -9.8570649938382, 
17.6018593479786), .Names = c("2", "3", "4", "6", "7", "8", "9", 
"10", "11", "12", "13", "14", "15", "16", "17", "18", "19", "20", 
"21", "22", "23", "24", "25", "26", "27", "28", "29")), effects = structure(c(244.844197130084, 
-218.965473206428, 45.6967893682518, -19.172842129682, -19.6965182562262, 
33.7757304440973, -1.15944896954663, 5.17262104416955, -6.1605599789051, 
11.6075625051506, -3.76482445911408, 8.84295308720421, 11.6765311125309, 
11.1008837464996, 8.49878392577341, -8.33230889399236, 4.54391238472307, 
-12.905294829536, -3.26306286550062, 5.6016967470194, -6.02118800622989, 
-25.7526722815819, 8.6416146068257, -1.69517310955147, 24.7023142085427, 
-5.05856615933653, 16.476830897513), .Names = c("x1", "x2", "x3", 
"x4", "x5", "x6", "x7", "", "", "", "", "", "", "", "", "", "", 
"", "", "", "", "", "", "", "", "", "")), rank = 7L, fitted.values = structure(c(49.2384090968055, 
69.2845814642742, 58.2412734696788, 59.814249725179, 73.185357416258, 
64.5697379137239, 73.6954109152078, 61.8725848883436, 69.277569741882, 
59.0742277718051, 65.5955631690801, 67.2881207810623, 70.4041117441365, 
71.9785383759592, 68.0298047480621, 72.6891635176194, 64.5474329237238, 
60.5829523221528, 54.763846703779, 58.5562711051747, 58.3276013459476, 
64.5592950988601, 62.2270972352318, 66.6370241662173, 60.7867487785186, 
57.8570649938382, 67.3981406520214), .Names = c("2", "3", "4", 
"6", "7", "8", "9", "10", "11", "12", "13", "14", "15", "16", 
"17", "18", "19", "20", "21", "22", "23", "24", "25", "26", "27", 
"28", "29")), assign = 1:7, qr = structure(list(qr = structure(c(7.05377843606325, 
-0.2812951835031, -0.280491023840107, 0.0484033609611522, -0.261722270884361, 
-0.0274421787990452, -0.318986348118158, 0.155780627259184, 0.0677334398363596, 
-0.212868308390199, -0.0369871108166485, -0.0784090909722556, 
-0.2696786528247, -0.0133597278716664, -0.150980517153715, -0.194936790047824, 
-0.204701692107865, -0.231349614148471, -0.244259949005501, -0.152142254975313, 
0.0873169873008646, -0.161542273784707, -0.260657560808864, -0.066491926924493, 
-0.242139467171161, -0.223667723863447, -0.241495384082612, 246.9756088452, 
-259.499612014243, 0.0870467885255252, 0.248521963247818, 0.113655022029525, 
0.299625858027703, 0.0486733462018143, 0.347245430927192, 0.27161140923678, 
0.127377941629892, 0.305493835203113, 0.149767784259585, 0.0356918863611881, 
0.234806996982409, 0.168142274351033, 0.199729680160742, 0.112980776650905, 
0.12020899728297, 0.154898362619402, 0.15588868639898, 0.310266308746921, 
0.231207357439214, -0.00131707894168464, 0.307164593110031, 0.0521166499272894, 
0.0901084535624538, 0.17196146985082, 197.358130355856, -173.385059212892, 
82.996322955796, -0.00526628955840054, 0.114108054614124, -0.135750458746324, 
-0.301679308876425, -0.184890152064142, -0.466782463406406, 0.144778054986988, 
-0.130360644352587, -0.114242551647041, -0.0226493958345615, 
-0.288614840720398, 0.107051588731452, 0.227636372882973, -0.163781476359291, 
-0.147478092140278, 0.293912276941472, -0.0953416799873932, -0.163496338577148, 
0.213692909283478, -0.280466439905132, 0.217891218713359, 0.162052128472343, 
0.0685428316589701, 0.189371046251083, 213.093597906927, -203.276137896604, 
8.07506521551095, -69.7762396141202, 0.00453040221070861, 0.156652350339594, 
-0.233913122060657, 0.00536102286587052, -0.204162062439927, 
-0.0868708371093439, -0.394621709387946, 0.433266406776867, -0.170608562906093, 
0.0878657618172884, 0.221274921351319, -0.255824094290734, 0.226984762484548, 
-0.189718629291557, -0.0783299248524016, 0.00926093154918087, 
0.100656208513098, 0.123603742800036, 0.330516139705877, 0.106044439944566, 
0.153008981076776, 0.242708601922144, 0.036332994877973, 256.837538560428, 
-217.45077806374, 35.6438387712482, -46.6374252693787, -73.8519141768663, 
-0.147415073907316, 0.036745412541385, 0.206922610547788, 0.129970411896626, 
0.463250922785482, -0.111661519578929, 0.0343799776642489, 0.244698637819669, 
-0.0358891279475775, -0.284258019358839, 0.117034487322914, -0.0682818368730956, 
-0.169377105425249, 0.391052446456352, -0.0794012067123322, -0.0223708077938071, 
-0.273482487736058, -0.0742024479780872, -0.0796204902837384, 
0.263132851467258, -0.00680878279413603, -0.320713936534568, 
249.923704192459, -248.85178243995, 43.7771680236603, -23.9440524571352, 
-44.7533694151857, 79.9581784242635, 0.175944326972213, -0.128821061689714, 
-0.108187392124106, 0.20832140419389, -0.0308317060832322, -0.0640146592918959, 
-0.335831526125967, -0.104549085487433, -0.285495396430065, -0.324153843772181, 
0.324291327268994, 0.201351364008317, 0.410794279021873, 0.184547332059037, 
0.043774605554376, 0.0410869602578588, 0.254722752981509, 0.0273521707486541, 
-0.0755873231698122, 0.180584864898745, -0.0421307529101322, 
163.934848393718, -146.193247506412, 9.61970262039472, -9.77775345232125, 
-19.9134887372151, 17.4954851498401, -52.6319075301591, -0.137132263767998, 
0.443469713475025, 0.182859145330929, 0.314685200260651, -0.0588672051004001, 
-0.0311038274682249, -0.0328776988403583, -0.340157091390375, 
-0.00254826212921361, -0.0418178795310443, 0.179859050860582, 
-0.0286352995915113, 0.0385174984284746, 0.0631558803524994, 
0.0414714282090445, -0.0135498932470139, 0.250917086629549, 0.544514088255809, 
-0.0996477326356659, -0.177866209642753), .Dim = c(27L, 7L), .Dimnames = list(
    c("2", "3", "4", "6", "7", "8", "9", "10", "11", "12", "13", 
    "14", "15", "16", "17", "18", "19", "20", "21", "22", "23", 
    "24", "25", "26", "27", "28", "29"), c("x1", "x2", "x3", 
    "x4", "x5", "x6", "x7")), assign = 1:7), qraux = c(1.0465617919961, 
1.12124930899871, 1.13395602517683, 1.23132801452322, 1.28536579746407, 
1.35234765357198, 1.29584330717791), pivot = 1:7, tol = 1e-07, 
    rank = 7L), .Names = c("qr", "qraux", "pivot", "tol", "rank"
), class = "qr"), df.residual = 20L, xlevels = structure(list(), .Names = character(0)), 
    call = quote(lm(formula = y ~ . + 0, data = structure(list(y = c(63, 
        71, 61, 43, 58, 71, 72, 67, 64, 67, 69, 68, 77, 81, 74, 
        65, 65, 50, 50, 64, 53, 40, 63, 66, 78, 48, 85), x1 = c(-0.328436564326539, 
        1.98419389956262, 1.97852153547265, -0.341426583780761, 
        1.84613091060161, 0.193571049051297, 2.25005902375443, 
        -1.09884202931724, -0.477776677318101, 1.50152588344405, 
        0.260898884690757, 0.553080355091418, 1.90225346596146, 
        0.0942365603728335, 1.06498311616455, 1.37504092603473, 
        1.44392038161612, 1.63188891947204, 1.72295556108891, 
        1.0731777573589, -0.615914682124847, 1.13948340733519, 
        1.83862068163041, 0.469019320312282, 1.70799815205178, 
        1.57770256743133, 1.70345493265074), x2 = c(85, 75, 66, 
        57, 70, 82, 62, 66, 60, 66, 85, 51, 51, 63, 67, 82, 61, 
        67, 78, 64, 67, 85, 40, 90, 51, 58, 82), x3 = c(33, 52, 
        47, 33, 50, 64, 83, 47, 72, 42, 66, 46, 50, 64, 42, 44, 
        64, 68, 39, 57, 50, 45, 64, 42, 33, 44, 50), x4 = c(63, 
        57, 54, 58, 59, 75, 42, 48, 34, 48, 39, 72, 34, 57, 69, 
        47, 69, 45, 57, 54, 57, 75, 63, 75, 54, 66, 69),