
expected <- structure(list(coefficients = structure(c(8.87272387737162, 0.556328430337265, 
0.138615378893043, 0.34660230672122, 0.0537995086912705, -0.0432184161653402, 
-0.181523144635857), .Names = c("x1", "x2", "x3", "x4", "x5", 
"x6", "x7")), residuals = structure(c(-8.04871302798316, 2.28104923499484, 
3.29245264282793, 4.3151656338435, -13.5449729037009, -7.63690901199018, 
3.2941082627897, -7.25019775164659, 7.98005568037218, 4.97106201355283, 
11.211290593561, 9.14179036553279, -4.03920690052168, 0.277111953877113, 
-3.77191434128328, -0.882147594121434, 0.795671210328507, -2.06860906885593, 
-6.58830264545293, 5.49283203866025, -9.6509778264612, 3.70366180883055, 
-2.44097186723509, 2.50778330027693, -7.64731481685782, 7.44812343522598, 
6.85807958143613), .Names = c("1", "2", "4", "5", "6", "7", "8", 
"9", "10", "11", "12", "13", "14", "15", "16", "17", "18", "19", 
"20", "21", "23", "25", "26", "27", "28", "29", "30")), effects = structure(c(-339.4819582835, 
47.9679701362602, 6.23555219093406, -11.5439648147613, -2.99036024254631, 
-3.75696856946098, 6.89787417836898, -3.69669989231982, 9.24638983030625, 
5.9368672161517, 13.6676073034784, 14.314309614964, 3.17513012723859, 
0.884751474675882, 4.11556369090313, -2.68252327237158, -1.41048768774641, 
-2.2671403758677, -8.83814886284565, 8.75300473738932, -8.03629408826071, 
6.27442986336152, -6.32323532099506, 1.81135309335223, -5.92769433488899, 
7.60707047503834, 11.3624352551943), .Names = c("x1", "x2", "x3", 
"x4", "x5", "x6", "x7", "", "", "", "", "", "", "", "", "", "", 
"", "", "", "", "", "", "", "", "", "")), rank = 7L, fitted.values = structure(c(51.0487130279832, 
60.7189507650052, 57.7075473571721, 76.6848343661565, 56.5449729037009, 
65.6369090119902, 67.7058917372103, 79.2501977516466, 59.0199443196278, 
59.0289379864472, 55.788709406439, 59.8582096344672, 72.0392069005217, 
76.7228880461229, 84.7719143412833, 74.8821475941214, 64.2043287896715, 
67.0686090688559, 56.5883026454529, 44.5071679613398, 62.6509778264612, 
59.2963381911694, 68.4409718672351, 75.4922166997231, 55.6473148168578, 
77.551876564774, 75.1419204185639), .Names = c("1", "2", "4", 
"5", "6", "7", "8", "9", "10", "11", "12", "13", "14", "15", 
"16", "17", "18", "19", "20", "21", "23", "25", "26", "27", "28", 
"29", "30")), assign = 1:7, qr = structure(list(qr = structure(c(-5.19615242270663, 
0.192450089729875, 0.192450089729875, 0.192450089729875, 0.192450089729875, 
0.192450089729875, 0.192450089729875, 0.192450089729875, 0.192450089729875, 
0.192450089729875, 0.192450089729875, 0.192450089729875, 0.192450089729875, 
0.192450089729875, 0.192450089729875, 0.192450089729875, 0.192450089729875, 
0.192450089729875, 0.192450089729875, 0.192450089729875, 0.192450089729875, 
0.192450089729875, 0.192450089729875, 0.192450089729875, 0.192450089729875, 
0.192450089729875, 0.192450089729875, -352.183664205672, 64.6889995800419, 
0.0319993232125807, -0.199879359366827, 0.155667953921598, -0.0298349921419281, 
-0.153503622850946, -0.261713674721336, 0.0629164808898351, 0.186585111598853, 
0.0783750597284623, 0.0474579020512079, -0.277172253559963, -0.1844207805282, 
-0.385382305430354, -0.308089411237218, 0.0783750597284623, -0.0762107286578097, 
0.109292217405717, 0.387546636501006, -0.0143764133033009, 0.171126532760225, 
-0.1844207805282, -0.153503622850946, 0.124750796244344, -0.308089411237218, 
-0.261713674721336, -260.769871583981, -11.5458407725835, 45.5715660793901, 
-0.404229841471644, 0.0189004687234718, 0.235098846639013, 0.430432615977751, 
0.0555049162055435, -0.0266048945038927, 0.129157455437677, -0.0263351697843384, 
0.170616947871726, -0.0983693606991457, -0.0309204900167619, 
0.119177640814167, 0.296074324052092, -0.00439166232931914, -0.0290324169798817, 
0.193639354204963, -0.108714705213329, 0.125651034083471, -0.331925925837282, 
0.122684062168373, 0.0135059743323852, 0.0183610192843631, 0.230243801687035, 
0.011617901295505, -289.060034774273, 42.7395352490623, 0.0288715232971217, 
-44.2676810938364, -0.0564931657452993, 0.0586286865938716, -0.0641705117336014, 
0.0791242149315252, -0.0779862530353194, 0.296504485050529, -0.244365256393149, 
-0.190766598792298, -0.443476576978581, 0.25732389231003, 0.0821916659587807, 
0.0990174197105441, 0.570481188229515, 0.0188544634030567, 0.139282582564478, 
-0.0769678146074118, -0.0706309736137209, 0.0224128540934316, 
0.0652997805214891, 0.334407211223039, -0.0625828155898233, 0.139360900617229, 
-0.104818672990354, -336.210306758092, 34.3214802614943, 3.43968489884647, 
-15.2041759592401, 36.9955027467745, -0.0611283349247825, -0.134263266621041, 
0.0702117808012633, -0.0188034601562988, 0.0452900338710537, 
-0.000754624059955121, 0.105930616561592, 0.293123242939522, 
-0.146732052535128, 0.470015253214495, -0.15293481404254, 0.33934473177818, 
-0.21038548323217, -0.104943221539368, 0.208500038496854, -0.00656404593536163, 
-0.128090066549647, -0.481883186310756, -0.190867955162665, 0.214224095272459, 
-0.0717059899304881, 0.216181948053769, -388.749181254348, 2.79628514992061, 
13.192686597039, -2.91985765380983, 14.6983583992492, 44.3129842758916, 
0.35012331068554, -0.136530055925298, -0.0541518832825058, 0.187579604808007, 
0.0457889154193686, 0.193394453457444, -0.227898486030816, 0.198961703221289, 
0.190794696706458, 0.129040495742003, -0.296381088028538, 0.0297295107848605, 
0.0570266340681625, 0.06831523376087, -0.0668452255877628, 0.176224615079562, 
0.471478733584194, 0.21251373513053, -0.333841632263127, 0.183591726601614, 
-0.16306988561658, -221.317603189357, 16.3019301952679, -1.61819044169254, 
-24.7412039275094, 23.9388776157465, 10.1465384879273, -37.9999707045974, 
-0.449018085122732, -0.0247243701760263, -0.228459789411676, 
0.135857082667574, -0.166894808269376, 0.0666334090125075, -0.155376175256588, 
0.0712905950315772, 0.349248802168, 0.241885873311132, -0.0951067614905499, 
0.160026643607001, 0.0714702570448335, -0.139090428526581, -0.272898162694288, 
0.541420399505336, -0.133388020430391, -0.0438885888415841, 0.188051229541104, 
-0.0410990180014782), .Dim = c(27L, 7L), .Dimnames = list(c("1", 
"2", "4", "5", "6", "7", "8", "9", "10", "11", "12", "13", "14", 
"15", "16", "17", "18", "19", "20", "21", "23", "25", "26", "27", 
"28", "29", "30"), c("x1", "x2", "x3", "x4", "x5", "x6", "x7"
)), assign = 1:7), qraux = c(1.19245008972988, 1.01654074437395, 
1.4336693126124, 1.08003991194855, 1.10565384369626, 1.2553602604607, 
1.0403801634922), pivot = 1:7, tol = 1e-07, rank = 7L), .Names = c("qr", 
"qraux", "pivot", "tol", "rank"), class = "qr"), df.residual = 20L, 
    xlevels = structure(list(), .Names = character(0)), call = quote(lm(formula = y ~ 
        . + 0, data = structure(list(y = c(43, 63, 61, 81, 43, 
        58, 71, 72, 67, 64, 67, 69, 68, 77, 81, 74, 65, 65, 50, 
        50, 53, 63, 66, 78, 48, 85, 82), x1 = c(1, 1, 1, 1, 1, 
        1, 1, 1, 1, 1, 1, 1, 1, 1, 1, 1, 1, 1, 1, 1, 1, 1, 1, 
        1, 1, 1, 1), x2 = c(51, 64, 63, 78, 55, 67, 75, 82, 61, 
        53, 60, 62, 83, 77, 90, 85, 60, 70, 58, 40, 66, 54, 77, 
        75, 57, 85, 82), x3 = c(66, 42, 33, 71, 52, 42, 33, 50, 
        54, 47, 54, 45, 57, 54, 47, 39, 53, 54, 44, 58, 47, 68, 
        47, 52, 52, 42, 52), x4 = c(39, 54, 47, 66, 44, 56, 55, 
        67, 47, 58, 39, 42, 45, 72, 72, 69, 75, 57, 54, 34, 50, 
        48, 63, 74, 45, 71, 59), x5 = c(61, 63, 54, 71, 54, 66, 
        70, 71, 62, 58, 59, 55, 59, 79, 60, 79, 55, 75, 64, 43, 
        63, 66, 88, 80, 51, 77, 64), x6 = c(92, 73, 84, 83, 49, 
        68, 66, 83, 80, 67, 74, 63, 77, 77, 54, 79, 80, 85, 78, 
        64, 80, 75, 76, 78, 83, 74, 78), x7 = c(45, 47, 35, 47, 
        34, 35, 41, 31, 41, 34, 41, 25, 35, 46, 36, 63, 60, 46, 
        52, 33, 37, 33, 72, 49, 38, 55, 39)), .Names = c("y", 
        "x1", "x2", "x3", "x4", "x5", "x6", "x7"),