
expected <- structure(list(coefficients = structure(c(2.57033338539329, 0.612387172233817, 
-0.165304340321943, 0.297161809768354, 0.155384544990198, 0.110154234558682, 
-0.107788683212411), .Names = c("x1", "x2", "x3", "x4", "x5", 
"x6", "x7")), residuals = structure(c(-5.87615866029279, -0.870710941318134, 
0.692373384361662, -0.0444521802123514, 5.71944259300857, -12.1420894390389, 
-8.23135702073929, -5.51355268821213, 6.15569025616295, 7.12432531533734, 
12.6670423875932, 9.41243102131546, -2.31399096104337, -0.578344803698632, 
-1.93863543165513, -1.75598030438476, 3.35704555702804, -5.47305274853396, 
7.22855417102867, 3.80101175047716, -7.70091774774794, -4.53017768885895, 
0.167204758785147, 1.98042792811968, -11.1120856932605, 5.23737979859021, 
3.6614916927358), .Names = c("1", "2", "3", "4", "5", "6", "7", 
"9", "10", "11", "12", "13", "14", "15", "16", "17", "18", "20", 
"21", "22", "23", "24", "25", "27", "28", "29", "30")), effects = structure(c(249.494750671031, 
-228.695711749, -0.343578707323522, 17.2694888956457, 9.71707515310137, 
4.82937987586001, -3.63795833036084, -3.42062827685873, 5.06732480095336, 
6.61787111468805, 13.7252290764386, 10.115535069788, -3.79892202258419, 
2.48453593689157, -2.84682954434362, 0.475326174598885, -6.1024269799591, 
-6.42758952321452, 3.42738736568577, 5.59171144011783, -5.8059335989512, 
-8.87435520009878, 0.05038795193134, 4.94448650799718, -17.9539723701389, 
5.96669080722, 1.75064686998259), .Names = c("x1", "x2", "x3", 
"x4", "x5", "x6", "x7", "", "", "", "", "", "", "", "", "", "", 
"", "", "", "", "", "", "", "", "", "")), rank = 7L, fitted.values = structure(c(48.8761586602928, 
63.8707109413181, 70.3076266156383, 61.0444521802124, 75.2805574069914, 
55.1420894390389, 66.2313570207393, 77.5135526882121, 60.8443097438371, 
56.8756746846627, 54.3329576124068, 59.5875689786845, 70.3139909610434, 
77.5783448036986, 82.9386354316551, 75.7559803043848, 61.642954442972, 
55.473052748534, 42.7714458289713, 60.1989882495228, 60.7009177477479, 
44.530177688859, 62.8327952412149, 76.0195720718803, 59.1120856932605, 
79.7626202014098, 78.3385083072642), .Names = c("1", "2", "3", 
"4", "5", "6", "7", "9", "10", "11", "12", "13", "14", "15", 
"16", "17", "18", "20", "21", "22", "23", "24", "25", "27", "28", 
"29", "30")), assign = 1:7, qr = structure(list(qr = structure(c(7.20490094112089, 
-0.232048101844726, -0.111691901148973, -0.111508917963027, -0.110680156548084, 
-0.343543452795366, -0.082611028305103, -0.132632494835456, -0.158428552197312, 
-0.173717694153637, -0.0469763655347886, -0.311570107374097, 
-0.32166288661814, -0.116439398878731, -0.178322173562417, 0.0220580499825905, 
-0.133171504585938, -0.11971082852397, -0.186463697688208, 0.0881915176227609, 
0.0319825214026807, -0.151891402989998, -0.404070597196977, -0.105138712849072, 
-0.277319716137591, -0.224644152700002, -0.146023031821643, 251.259427439528, 
-242.121250869808, 0.212279889778192, 0.183494627312239, 0.246017152495796, 
-0.00916030544943317, 0.219893770105783, 0.247437063421435, 0.142958877307941, 
0.0994003726265199, 0.215495271876606, 0.041744890787168, 0.121535597850272, 
0.237925280132575, 0.249049004755949, 0.366237228592423, 0.156202720464644, 
0.157201826044097, 0.0369404506487678, 0.312605719693692, 0.294591068780121, 
0.0483318109619757, -0.0549263284087906, 0.237438555751663, 0.0446544936753408, 
0.196533888044163, 0.238225881544739, 211.21658000149, -180.388309106231, 
-53.9593761108191, -0.0821188398697918, -0.0819613612581208, 
-0.0212810990067493, -0.176937926180695, 0.148564003068502, -0.0796035827883476, 
0.169478963935675, 0.0297492121660994, 0.0485489007112406, 0.239288799603065, 
-0.108449422130104, -0.392077920298379, 0.0409206474508001, 0.317952348887708, 
0.40785480679417, -0.0309631274772982, 0.179967416944864, 0.0823284579486002, 
0.194858276806824, -0.169266386989731, -0.00115172379484443, 
-0.106295180331853, 0.0407608506732943, -0.470057215509582, 208.889029412177, 
-205.986306003001, -20.2865979502995, 50.9064737934142, -0.0338560692466158, 
0.0421933969085965, -0.0654567544234194, 0.121399789334951, 0.0566519220508378, 
-0.17602731896582, 0.24885401037717, 0.2311826834031, 0.612176431915268, 
-0.180862099417279, -0.0973283473794042, 0.0821795706706041, 
-0.323317463151282, 0.0980892051517998, -0.015647584615956, -0.115260927530521, 
0.157854252493322, -0.431011194002172, -0.122762971358881, -0.203104841973967, 
0.0162418170013562, 0.0419418202074897, -0.0119438897914303, 
233.631384984456, -230.652665870006, -17.7380385842703, 23.9229235523864, 
38.9715202833312, -0.214674570792001, -0.117930396231563, 0.169276540451636, 
-0.224552607472492, -0.0373605620787347, -0.181243009068331, 
-0.132406349102526, 0.14753003652313, -0.104510087400314, 0.4631343951366, 
0.0765552120725706, 0.413099070454266, -0.081882893807837, -0.200564936982543, 
0.0485166015496181, -0.00792479338594498, -0.0425192518150321, 
-0.554184839614661, -0.0993904233923619, -0.0878696411807694, 
0.036394288663139, 0.076674048346012, 269.48375842581, -271.098323331287, 
-30.5154386645562, 15.7976496519218, 51.45745639261, 56.9172687490548, 
0.100076539679726, 0.0506640994305354, -0.140834336317393, -0.116651705055096, 
0.0673552672123147, 0.0587181635440954, 0.119443922500764, 0.14060530033169, 
0.1169658834751, 0.321302915122346, -0.477917653685531, 0.0217201295083002, 
-0.305690049501145, -0.0382396185430072, 0.0243568641258207, 
-0.242440053894015, -0.168770909085197, 0.147019639441972, -0.503641255698358, 
0.24502979674736, -0.151683667400448, 148.796744987255, -154.663892223871, 
-26.7442382473412, 30.7583457110586, 18.6174787107335, 13.3622403896023, 
33.7508374899782, 0.509929280737978, -0.0549429755730631, 0.25483361770172, 
-0.162019848041891, 0.145651798561344, -0.12640142842177, 0.206761131381107, 
0.110327777837585, -0.311002547947731, -0.273041633611196, -0.223720571967098, 
-0.133927957590853, 0.2980829007752, 0.170290202997413, -0.208178352975322, 
0.145694473078515, 0.179175685866891, -0.110774908536241, -0.190202430379989, 
0.0462975543417538), .Dim = c(27L, 7L), .Dimnames = list(c("1", 
"2", "3", "4", "5", "6", "7", "9", "10", "11", "12", "13", "14", 
"15", "16", "17", "18", "20", "21", "22", "23", "24", "25", "27", 
"28", "29", "30"), c("x1", "x2", "x3", "x4", "x5", "x6", "x7"
)), assign = 1:7), qraux = c(1.20238263917211, 1.10470740171378, 
1.24876797888015, 1.0890095350971, 1.04879134562449, 1.15837128442035, 
1.22197752605615), pivot = 1:7, tol = 1e-07, rank = 7L), .Names = c("qr", 
"qraux", "pivot", "tol", "rank"), class = "qr"), df.residual = 20L, 
    xlevels = structure(list(), .Names = character(0)), call = quote(lm(formula = y ~ 
        . + 0, data = structure(list(y = c(43, 63, 71, 61, 81, 
        43, 58, 72, 67, 64, 67, 69, 68, 77, 81, 74, 65, 50, 50, 
        64, 53, 40, 63, 78, 48, 85, 82), x1 = c(-1.45814686743768, 
        1.67188358736638, 0.804729083703814, 0.803410707975183, 
        0.797439564076696, 2.47519654636125, 0.595204275582401, 
        0.955603986863188, 1.14146202482683, 1.25161877809689, 
        0.338460060252037, 2.24483175984477, 2.3175492345187, 
        0.838934334564916, 1.28479359612258, -0.158926065078858, 
        0.959487498721707, 0.862504661094714, 1.34345247095865, 
        -0.635411148319109, -0.230430898553593, 1.09436251235081, 
        2.91128862602378, 0.757514011154519, 1.99806108379111, 
        1.61853886720555, 1.05208147939708), x2 = c(51, 64, 70, 
        63, 78, 55, 67, 82, 61, 53, 60, 62, 83, 77, 90, 85, 60, 
        58, 40, 61, 66, 37, 54, 75, 57, 85, 82), x3 = c(30, 51, 
        68, 45, 56, 49, 42, 72, 45, 53, 47, 57, 83, 54, 50, 64, 
        65, 68, 33, 52, 52, 42, 42, 58, 44, 71, 39), x4 = c(39, 
        54, 69, 47, 66, 44, 56, 67, 47, 58, 39, 42, 45, 72, 72, 
        69, 75, 54, 34, 62, 50, 58, 48, 74, 45, 71, 59), x5 = c(61, 
        63, 76, 54, 71, 54, 66, 71, 62, 58, 59, 55, 59, 79, 60, 
        79, 55, 64, 43, 66, 63, 50, 66, 80, 51, 77, 64),