
expected <- structure(list(coefficients = structure(c(10.8941833123278, 0.722151669162391, 
0.0221125243643394, 0.218130241695258, 0.0652398334902154, -0.109201786145256, 
-0.0662919234370993), .Names = c("x1", "x2", "x3", "x4", "x5", 
"x6", "x7")), residuals = structure(c(-6.58934449308724, 1.921851522675, 
5.19643517637374, 7.65370182576758, -11.1635573535757, -0.709198400294145, 
-6.08563649909553, 8.65288247223262, 3.7409717548579, 7.78066666778915, 
4.15113482193311, -7.38623733207733, -0.749687115086366, -0.131523495108571, 
-1.85875219044994, 4.94079492502523, -0.275504845444778, -0.49849656334965, 
0.438270150425699, -9.87933155475884, -4.98326072877685, 6.47380590202111, 
-9.02463551039372, 2.50339457383317, -5.93563984515087, 7.38620476267127, 
4.43069137104392), .Names = c("1", "2", "3", "5", "7", "8", "9", 
"10", "11", "12", "13", "14", "15", "16", "17", "18", "19", "21", 
"22", "23", "24", "25", "26", "27", "28", "29", "30")), effects = structure(c(-343.523410167827, 
49.3571362451374, -0.900494662017867, -13.0720498316361, -1.61085538086023, 
-4.26942807516115, -2.74566969216175, 11.1433259836148, 2.44724686735944, 
9.91253111172528, 7.11356467083751, -1.4628841428142, -3.42791515158038, 
8.21241032934159, -1.61641767877065, 4.27111835401733, 0.41870754128383, 
-0.215514466203148, -0.765553696724137, -6.9015806851006, -6.97143630224303, 
6.46363372637273, -15.5976933307175, -0.856947184600019, -0.986793890835207, 
7.94596205835962, 8.84996216944638), .Names = c("x1", "x2", "x3", 
"x4", "x5", "x6", "x7", "", "", "", "", "", "", "", "", "", "", 
"", "", "", "", "", "", "", "", "", "")), rank = 7L, fitted.values = structure(c(49.5893444930872, 
61.078148477325, 65.8035648236263, 73.3462981742324, 69.1635573535757, 
71.7091984002941, 78.0856364990955, 58.3471175277674, 60.2590282451421, 
59.2193333322109, 64.8488651780669, 75.3862373320773, 77.7496871150864, 
81.1315234951086, 75.8587521904499, 60.0592050749748, 65.2755048454448, 
50.4984965633496, 63.5617298495743, 62.8793315547588, 44.9832607287768, 
56.5261940979789, 75.0246355103937, 75.4966054261668, 53.9356398451509, 
77.6137952373287, 77.5693086289561), .Names = c("1", "2", "3", 
"5", "7", "8", "9", "10", "11", "12", "13", "14", "15", "16", 
"17", "18", "19", "21", "22", "23", "24", "25", "26", "27", "28", 
"29", "30")), assign = 1:7, qr = structure(list(qr = structure(c(-5.19615242270663, 
0.192450089729875, 0.192450089729875, 0.192450089729875, 0.192450089729875, 
0.192450089729875, 0.192450089729875, 0.192450089729875, 0.192450089729875, 
0.192450089729875, 0.192450089729875, 0.192450089729875, 0.192450089729875, 
0.192450089729875, 0.192450089729875, 0.192450089729875, 0.192450089729875, 
0.192450089729875, 0.192450089729875, 0.192450089729875, 0.192450089729875, 
0.192450089729875, 0.192450089729875, 0.192450089729875, 0.192450089729875, 
0.192450089729875, 0.192450089729875, -350.644063487833, 69.9910047130397, 
-0.0739876890014511, -0.188288091357435, -0.0311250381179571, 
-0.145425440473941, -0.245438292535427, 0.0546002636490308, 0.168900666005015, 
0.0688878139435288, 0.0403127133545328, -0.259725842829925, -0.174000541062937, 
-0.359738694891411, -0.288300943418921, 0.0688878139435288, -0.0739876890014511, 
0.354638819833489, 0.0546002636490308, -0.0168374878234591, 0.397501470716983, 
0.154613115710517, -0.174000541062937, -0.145425440473941, 0.111750464827023, 
-0.288300943418921, -0.245438292535427, -275.588528493181, 38.4409186516115, 
-50.5891167760729, -0.00316766421737167, -0.167031203886066, 
-0.0909859330561284, 0.272060140307717, -0.0461612801759294, 
0.194067007807626, 0.00363435324785844, 0.18078245036209, 0.479236773419893, 
-0.0324404204969572, -0.244907511637645, 0.0831390451846672, 
0.359442106913039, -0.118747129898996, -0.0678762392719259, 0.092208401804974, 
0.0409012089444684, 0.140811953276968, -0.0336325024487515, 0.204764748613163, 
0.0671508463506184, -0.0248826233133682, 0.221508727165571, -0.380254074745113, 
-288.867584684543, -13.0688751712303, -3.27712728147781, -53.8793416539059, 
0.214872347725261, -0.0711496849512513, 0.116525401037854, -0.176452004273953, 
0.325532163247974, -0.0828063600169468, 0.0928691183480477, -0.153130804413576, 
0.397059775795677, -0.265865813776841, -0.14732682420356, 0.153191045728574, 
-0.132928133478925, 0.358274728507256, 0.237031244351243, -0.131020622433258, 
0.0475049289307796, -0.0160321083857799, 0.238871562973483, 0.34307120451657, 
-0.23538794677123, -0.0864833706606165, 0.147863220875783, -340.05930855269, 
35.7220507474215, -2.99208838484361, -11.5987025325397, 38.3551725810776, 
-0.0369422640809726, 0.166611045146068, -0.039339468944835, 0.143801276526487, 
0.0615135342294059, 0.280829172614963, 0.46842290214798, -0.105377063322861, 
0.343360475303665, -0.114331770985367, 0.310185678936493, -0.259111584445151, 
0.304585998097837, -0.00140581545539955, 0.0355639692492825, 
0.0452201438316906, -0.194364290429205, -0.328187753258956, -0.150730402106548, 
0.181390986316782, -0.0143145698163136, 0.208555763899607, -391.058582331106, 
6.68128185253085, -3.59575616558608, 6.1918919203649, 19.8742135789839, 
39.7780379688758, -0.124766241519141, -0.0354375856204478, 0.141180379706924, 
0.0439831426219971, 0.198827756195639, -0.11641765391762, 0.110357810148954, 
0.437458392581954, 0.165510449950832, -0.225151905357468, 0.0108341239737732, 
-0.00564244048505585, -0.0655085807186236, -0.0525526094504932, 
0.405766076411533, 0.15943516880504, 0.351874490710445, 0.133257662429311, 
-0.272196646387531, 0.245301089554183, -0.165084909218641, -224.589254714764, 
11.8745418003161, -11.0954592247823, -1.71253237307483, 29.3073534715631, 
-1.12237986976622, 41.4178613291703, 0.0584406844418373, 0.143454298785761, 
-0.0151417450502264, 0.240512161320799, -0.0290788374767941, 
0.0860884696972973, -0.158009203851168, -0.309902817853906, -0.561856131445777, 
0.137714559878169, -0.0728679947717249, 0.099083392616258, 0.132124117434542, 
-0.228299381121527, 0.375168539199336, -0.305683684478941, 0.0694893785544531, 
-0.0620454523474976, -0.165163922513891, -0.109265632370549), .Dim = c(27L, 
7L), .Dimnames = list(c("1", "2", "3", "5", "7", "8", "9", "10", 
"11", "12", "13", "14", "15", "16", "17", "18", "19", "21", "22", 
"23", "24", "25", "26", "27", "28", "29", "30"), c("x1", "x2", 
"x3", "x4", "x5", "x6", "x7")), assign = 1:7), qraux = c(1.19245008972988, 
1.01173761276554, 1.31612901346956, 1.06508483511605, 1.01620213789293, 
1.35529120766072, 1.29533707007388), pivot = 1:7, tol = 1e-07, 
    rank = 7L), .Names = c("qr", "qraux", "pivot", "tol", "rank"
), class = "qr"), df.residual = 20L, xlevels = structure(list(), .Names = character(0)), 
    call = quote(lm(formula = y ~ . + 0, data = structure(list(y = c(43, 
        63, 71, 81, 58, 71, 72, 67, 64, 67, 69, 68, 77, 81, 74, 
        65, 65, 50, 64, 53, 40, 63, 66, 78, 48, 85, 82), x1 = c(1, 
        1, 1, 1, 1, 1, 1, 1, 1, 1, 1, 1, 1, 1, 1, 1, 1, 1, 1, 
        1, 1, 1, 1, 1, 1, 1, 1), x2 = c(51, 64, 70, 78, 67, 75, 
        82, 61, 53, 60, 62, 83, 77, 90, 85, 60, 70, 40, 61, 66, 
        37, 54, 77, 75, 57, 85, 82), x3 = c(30, 51, 68, 56, 42, 
        50, 72, 45, 53, 47, 57, 83, 54, 50, 64, 65, 46, 33, 52, 
        52, 42, 42, 66, 58, 44, 71, 39), x4 = c(47, 45, 48, 57, 
        66, 50, 59, 45, 72, 50, 59, 44, 75, 39, 45, 62, 47, 75, 
        67, 47, 58, 54, 66, 72, 42, 48, 62), x5 = c(61, 63, 76, 
        71, 66, 70, 71, 62, 58, 59, 55, 59, 79, 60, 79, 55, 75, 
        43, 66, 63, 50, 66, 88, 80, 51, 77, 64), x6 = c(92, 73, 
        86, 83, 68, 66, 83, 80, 67, 74, 63, 77, 77, 54, 79, 80, 
        85, 64, 80, 80, 57, 75, 76, 78, 83, 74, 78), x7 = c(45, 
        47, 48, 47, 35, 41, 31, 41, 34, 41, 25, 35, 46, 36, 63, 
        60, 46, 33, 41, 37, 49, 33, 72, 49, 38, 55, 39)), .Names = c("y", 
        "x1", "x2", "x3", "x4", "x5", "x6", "x7"),