
expected <- structure(list(coefficients = structure(c(24.7704577894229, -0.0748864841990258, 
0.10085508495096, 0.600794606753846, 0.390340271003884, -0.0146763660167552, 
-0.401533902946658), .Names = c("x1", "x2", "x3", "x4", "x5", 
"x6", "x7")), residuals = structure(c(-5.87882164853509, 1.76131448116688, 
1.70571373143132, 10.0450695620897, -14.2379133334645, -9.14606954104335, 
4.3914875035347, -7.59394885102599, 7.23303545380929, -4.69760137911861, 
14.1937149862327, 9.10702376913651, 6.11719535723856, -3.36666966997851, 
4.32497982364425, 0.908159961905003, -1.4475135605273, -2.97050006652525, 
-11.7867162785794, 3.14811194605422, -11.1220368755014, -2.13686748836133, 
-1.98456632566056, -1.27057931446155, -7.63089581427515, 8.09470451568353, 
14.2401890551314), .Names = c("1", "2", "4", "5", "6", "7", "8", 
"9", "10", "11", "12", "13", "14", "15", "16", "17", "18", "19", 
"20", "21", "23", "25", "26", "27", "28", "29", "30")), effects = structure(c(-339.4819582835, 
-0.766540258280001, -23.8499731904845, -34.374197830515, 7.11768898964204, 
-4.94064823936643, -16.0609808499167, -12.6142772454737, 8.86699815914912, 
-1.77720601109569, 17.8066752079408, 12.652290211537, 7.60700087868845, 
-5.47850222047726, 8.37856600678305, 1.58054189227391, 0.406718018448897, 
-5.14426619752564, -9.32246985023381, 11.2086948303041, -10.5805952534155, 
-1.26649310488572, -0.822408002083646, -4.43142510417564, -5.0907910729881, 
8.47518539142707, 14.2322155692331), .Names = c("x1", "x2", "x3", 
"x4", "x5", "x6", "x7", "", "", "", "", "", "", "", "", "", "", 
"", "", "", "", "", "", "", "", "", "")), rank = 7L, fitted.values = structure(c(48.8788216485351, 
61.2386855188331, 59.2942862685687, 70.9549304379103, 57.2379133334645, 
67.1460695410433, 66.6085124964653, 79.593948851026, 59.7669645461907, 
68.6976013791186, 52.8062850137673, 59.8929762308635, 61.8828046427614, 
80.3666696699785, 76.6750201763557, 73.091840038095, 66.4475135605273, 
67.9705000665252, 61.7867162785794, 46.8518880539458, 64.1220368755014, 
65.1368674883613, 67.9845663256606, 79.2705793144615, 55.6308958142751, 
76.9052954843165, 67.7598109448686), .Names = c("1", "2", "4", 
"5", "6", "7", "8", "9", "10", "11", "12", "13", "14", "15", 
"16", "17", "18", "19", "20", "21", "23", "25", "26", "27", "28", 
"29", "30")), assign = 1:7, qr = structure(list(qr = structure(c(-5.19615242270663, 
0.192450089729875, 0.192450089729875, 0.192450089729875, 0.192450089729875, 
0.192450089729875, 0.192450089729875, 0.192450089729875, 0.192450089729875, 
0.192450089729875, 0.192450089729875, 0.192450089729875, 0.192450089729875, 
0.192450089729875, 0.192450089729875, 0.192450089729875, 0.192450089729875, 
0.192450089729875, 0.192450089729875, 0.192450089729875, 0.192450089729875, 
0.192450089729875, 0.192450089729875, 0.192450089729875, 0.192450089729875, 
0.192450089729875, 0.192450089729875, -365.270270307303, -65.6630004616728, 
-0.29660975457197, 0.251644204992565, 0.0232050551740085, 0.145039268410572, 
0.129809991756002, 0.251644204992565, -0.235692647953689, -0.250921924608259, 
0.0232050551740085, 0.175497821719713, 0.129809991756002, -0.235692647953689, 
-0.190004817989977, -0.311839031226541, 0.129809991756002, -0.0529413280988436, 
-0.0529413280988436, -0.250921924608259, -0.205234094644548, 
-0.2813804779174, 0.0232050551740085, 0.145039268410572, -0.29660975457197, 
-0.190004817989977, -0.190004817989977, -275.588528493181, -15.6207254693212, 
-61.24504795308, 0.0416165305851524, -0.0114313965300654, -0.158391433074371, 
-0.0236854921632268, 0.302862142022303, -0.00732950111567946, 
0.127376439795465, -0.0440870979597093, 0.0783600572628196, 0.515133581425897, 
0.139621155317718, 0.0620603468807231, 0.323315338428782, 0.221232268559102, 
-0.039999272711686, 0.319213443014396, -0.199180574500974, 0.0987991835029359, 
-0.0440636476824381, 0.266142065621907, 0.10285417836278, -0.00732481106022522, 
0.404945211891983, -0.117546010982318, -289.060034774273, -3.28895971010367, 
-30.0104987274608, -53.6176184332229, -0.163284505654184, 0.119847655707664, 
0.0394041681756055, 0.101211340135165, -0.0893466090008, 0.0540169346381588, 
-0.241273642936202, -0.254263525897768, -0.398954265281005, 0.30823097359558, 
0.340971754673284, 0.172271593385699, 0.29793744399968, 0.0983801394523398, 
-0.125473334438701, -0.240959203978159, -0.0853426602903387, 
-0.0500135308435859, 0.0613343918664016, 0.333447863483616, -0.121966813119765, 
0.162051348830365, 0.182464995620493, -336.210306758092, -7.04156628724653, 
-19.6473341546087, -28.4841318433318, 39.2769966723626, 0.0126159976519721, 
-0.11024956645623, 0.0179084612303863, -0.0455142508370966, 0.193750029816, 
-0.0499602305586467, 0.0991693757606809, 0.0119110343068721, 
-0.155290061886349, 0.336242404644841, -0.210495650888402, 0.523978692704963, 
-0.226624009086714, -0.00341480638998255, 0.27442991070885, -0.0337454043427396, 
-0.136454034236612, -0.486299167440278, -0.118693125712808, 0.202718118422845, 
-0.126242133415062, 0.0713697533325216, -388.749181254348, -3.12933432887247, 
-1.78467837621559, -3.4558939933797, 14.613662944618, 46.1691879490348, 
0.337026804461924, -0.0721839457479583, -0.0245248546357518, 
0.11288005957968, 0.0707585798314225, 0.204367222818809, 0.0216779616121789, 
0.215799339252454, 0.314409171632187, 0.227575058837933, -0.387742104289835, 
0.0301282620832428, 0.0286670735997683, 0.0120171971509509, -0.0164098520976548, 
0.157534140402613, 0.474299335926624, 0.151537390497307, -0.290081913739194, 
0.277297597337998, -0.0503763760448715, -221.317603189357, -1.42027105985957, 
-19.9235984601422, -22.1818428373376, 19.9216778726367, 10.6169175430657, 
39.9990654140363, 0.503706025629923, 0.00701908247738359, 0.107396311601301, 
-0.0850202567020679, 0.230906075086419, 0.17116554104784, 0.0952788299331375, 
0.0263654979656192, -0.320827297728828, -0.319372091465416, 0.0686266468630096, 
-0.19893233769424, -0.129643836161802, 0.138502755529915, 0.185310376460021, 
-0.524062314863046, 0.075630333088025, 0.0271369456170628, -0.150486885274185, 
0.108570602968006), .Dim = c(27L, 7L), .Dimnames = list(c("1", 
"2", "4", "5", "6", "7", "8", "9", "10", "11", "12", "13", "14", 
"15", "16", "17", "18", "19", "20", "21", "23", "25", "26", "27", 
"28", "29", "30"), c("x1", "x2", "x3", "x4", "x5", "x6", "x7"
)), assign = 1:7), qraux = c(1.19245008972988, 1.05366360848315, 
1.0090030396546, 1.20467109318482, 1.14179351124299, 1.18600167813529, 
1.00238862893667), pivot = 1:7, tol = 1e-07, rank = 7L), .Names = c("qr", 
"qraux", "pivot", "tol", "rank"), class = "qr"), df.residual = 20L, 
    xlevels = structure(list(), .Names = character(0)), call = quote(lm(formula = y ~ 
        . + 0, data = structure(list(y = c(43, 63, 61, 81, 43, 
        58, 71, 72, 67, 64, 67, 69, 68, 77, 81, 74, 65, 65, 50, 
        50, 53, 63, 66, 78, 48, 85, 82), x1 = c(1, 1, 1, 1, 1, 
        1, 1, 1, 1, 1, 1, 1, 1, 1, 1, 1, 1, 1, 1, 1, 1, 1, 1, 
        1, 1, 1, 1), x2 = c(90, 77, 54, 90, 75, 83, 82, 90, 58, 
        57, 75, 85, 82, 58, 61, 53, 82, 70, 70, 57, 60, 55, 75, 
        83, 54, 61, 61), x3 = c(30, 51, 45, 56, 49, 42, 50, 72, 
        45, 53, 47, 57, 83, 54, 50, 64, 65, 46, 68, 33, 52, 42, 
        66, 58, 44, 71, 39), x4 = c(39, 54, 47, 66, 44, 56, 55, 
        67, 47, 58, 39, 42, 45, 72, 72, 69, 75, 57, 54, 34, 50, 
        48, 63, 74, 45, 71, 59), x5 = c(61, 63, 54, 71, 54, 66, 
        70, 71, 62, 58, 59, 55, 59, 79, 60, 79, 55, 75, 64, 43, 
        63, 66, 88, 80, 51, 77, 64), x6 = c(92, 73, 84, 83, 49, 
        68, 66, 83, 80, 67, 74, 63, 77, 77, 54, 79, 80, 85, 78, 
        64, 80, 75, 76, 78, 83, 74, 78), x7 = c(45, 47, 35, 47, 
        34, 35, 41, 31, 41, 34, 41, 25, 35, 46, 36, 63, 60, 46, 
        52, 33, 37, 33, 72, 49, 38, 55, 39)), .Names = c("y", 
        "x1", "x2", "x3", "x4", "x5", "x6", "x7"),