
expected <- structure(list(coefficients = structure(c(1.51212710925805, 0.655553485990487, 
-0.170873860400198, 0.378645956175312, 0.00566296563626723, 0.137920487207888, 
-0.097722106404487), .Names = c("x1", "x2", "x3", "x4", "x5", 
"x6", "x7")), residuals = structure(c(-6.50593179555003, 0.952138247321962, 
1.78636866788656, -0.092612296692947, 5.98276918732836, -8.82720883986796, 
-7.18165462899926, 0.987543928207335, -5.08682736029313, 7.80002897692462, 
8.21133466865037, 13.8852506926951, -0.305624739829137, 0.646450939871614, 
-2.930889207095, -1.85897387950747, -4.15598307211549, -4.19245626350747, 
8.66567534997389, 2.98066288937857, -7.7396342095638, -4.05129036413234, 
-3.06629324225574, 3.15646218574547, -9.93126084482599, 6.81124983715662, 
3.6686367107383), .Names = c("1", "2", "3", "4", "5", "6", "7", 
"8", "9", "10", "11", "12", "14", "15", "16", "17", "19", "20", 
"21", "22", "23", "24", "26", "27", "28", "29", "30")), effects = structure(c(255.211776300384, 
-224.086021983362, 1.31554231933217, 16.8684765676559, 2.93489045016603, 
8.26698144980098, -3.15978185264691, 2.84625042528901, -4.46938267713814, 
6.79878114807584, 6.04033995591099, 15.1432002132652, -1.5871615230599, 
2.07445788200154, -5.49677640491036, -1.27330060162918, -3.1463659936722, 
-6.52034362578859, 5.07559116307008, 2.90202713623785, -6.46334946657257, 
-10.6731679130304, -0.179425773732457, 4.14517702362404, -16.3850047723378, 
5.94817049818375, 1.75313825399142), .Names = c("x1", "x2", "x3", 
"x4", "x5", "x6", "x7", "", "", "", "", "", "", "", "", "", "", 
"", "", "", "", "", "", "", "", "", "")), rank = 7L, fitted.values = structure(c(49.50593179555, 
62.047861752678, 69.2136313321134, 61.0926122966929, 75.0172308126716, 
51.827208839868, 65.1816546289993, 70.0124560717927, 77.0868273602931, 
59.1999710230754, 55.7886653313496, 53.1147493073049, 68.3056247398291, 
76.3535490601284, 83.930889207095, 75.8589738795075, 69.1559830721155, 
54.1924562635075, 41.3343246500261, 61.0193371106214, 60.7396342095638, 
44.0512903641323, 69.0662932422557, 74.8435378142545, 57.931260844826, 
78.1887501628434, 78.3313632892617), .Names = c("1", "2", "3", 
"4", "5", "6", "7", "8", "9", "10", "11", "12", "14", "15", "16", 
"17", "19", "20", "21", "22", "23", "24", "26", "27", "28", "29", 
"30")), assign = 1:7, qr = structure(list(qr = structure(c(6.71086620920663, 
-0.249130817877538, -0.119914338718273, -0.119717884834745, -0.11882811238029, 
-0.368834136935338, -0.0886926153833675, -0.302685524319468, 
-0.142396518880409, -0.170091608034274, -0.186506292791204, -0.050434630895741, 
-0.345342786202362, -0.125011333620984, -0.191449740774145, 0.0236819003872894, 
-0.186433714999467, -0.12852359653832, -0.200190620566324, 0.0946839243266972, 
0.0343369829423011, -0.163073212642722, -0.20372611978687, -0.112878723482117, 
-0.29773519863203, -0.241181811222086, -0.156772828812133, 268.451040632639, 
-236.182215213705, 0.205684024277165, 0.176194478940243, 0.240377744921228, 
-0.0460969576640846, 0.216596543480141, 0.0886149815487621, 0.239487837318294, 
0.12962623345297, 0.0833388205543306, 0.215894868423548, 0.0902232785505068, 
0.231467041344609, 0.23625854465436, 0.377803444819252, 0.155372038786356, 
0.148364176298555, 0.0179464201442367, 0.329889427235089, 0.305416063286377, 
0.0333181452819015, 0.171931047459924, 0.232175512985757, 0.0161468214780346, 
0.177473556589376, 0.228614303362733, 217.341283350405, -172.538420284009, 
-52.8323771706121, -0.0675199280135304, -0.0645524841179152, 
0.00230851660767757, -0.164751152474382, -0.222279134899238, 
0.172518640067265, -0.0634678032770186, 0.190020362574666, 0.0436058416033572, 
0.272868932137968, -0.0915663453020029, -0.376328636382782, 0.0570087220791312, 
-0.175511586539248, 0.432284600324593, -0.0166525990966748, 0.191854160077447, 
0.0953093257075264, 0.212046178913554, 0.0990518835892767, 0.0171931641742657, 
-0.0867682676589386, 0.0666348758356428, -0.458767408370838, 
218.780355581729, -198.563578682975, -15.2965018306732, 45.7348692343851, 
-0.040186885271528, 0.0291178046175442, -0.0665755499233696, 
0.0632645139675431, 0.114481942414828, 0.0586071621197846, -0.219100075091008, 
0.270199265526959, 0.64452593130001, -0.202129384781638, -0.0919865324149793, 
0.0864109171773068, -0.0443645986629776, 0.0710935096750491, 
-0.0260611270971526, -0.13930315925364, 0.168821387984479, -0.503075456201447, 
0.0732508683226819, -0.234100869158543, 0.00972809938772422, 
0.029176303752375, 0.0106948660466294, 249.035620187364, -231.584450830122, 
-20.8974772492289, 25.5822933205808, 36.2180027705, -0.239601250823088, 
-0.0849502438357033, -0.25439652424915, 0.235631256283806, -0.225159652851676, 
0.0274110956445439, -0.180810998342868, 0.119699550234051, -0.0416808440549194, 
0.530214551647997, 0.15667964074057, -0.34029886622938, -0.0249365223286069, 
-0.207155059441418, 0.158252779425101, 0.0422913227477647, 0.051524086242165, 
-0.42952734358464, -0.0219623938861687, -0.0961786557650992, 
0.0827062746924299, 0.0907670587614902, 275.581433882602, -268.288097974887, 
-29.6933995938888, 12.1733355658919, 43.8764084706339, 60.5668431214806, 
0.065412223885059, 0.132552805922511, 0.0392727217505856, -0.176170963717119, 
-0.196628488733494, 0.0714611396351708, 0.131895332226971, 0.0724535295610319, 
0.127397911610304, 0.32176843395111, -0.091200823981828, -0.0333286439131094, 
-0.350176017465822, -0.0465988372431798, 0.0463937851367043, 
-0.353600092695259, 0.389427643325817, 0.0692979868444004, -0.535059963057396, 
0.183881818462513, -0.134717207316537, 164.147920290749, -151.049984639973, 
-23.4695971941561, 23.2564649692267, 33.9909423809469, 0.884416692775785, 
32.3343608616875, 0.146275795251043, 0.440128822767325, 0.0512791108973868, 
0.204225588402402, -0.0400080501315204, -0.0337784215292111, 
0.234235271554342, -0.0936288461163904, -0.3626245289144, 0.190200918611238, 
-0.227229388800549, -0.0735743612935813, 0.1531338233067, 0.153877769362351, 
-0.361247845232727, -0.338775528548894, 0.183089692829076, -0.113069651279171, 
-0.16991281022791, 0.014280912698205), .Dim = c(27L, 7L), .Dimnames = list(
    c("1", "2", "3", "4", "5", "6", "7", "8", "9", "10", "11", 
    "12", "14", "15", "16", "17", "19", "20", "21", "22", "23", 
    "24", "26", "27", "28", "29", "30"), c("x1", "x2", "x3", 
    "x4", "x5", "x6", "x7")), assign = 1:7), qraux = c(1.21728146888657, 
1.08254691861972, 1.27175759196346, 1.09710262160465, 1.10546043267691, 
1.05724448272752, 1.28579855537152), pivot = 1:7, tol = 1e-07, 
    rank = 7L), .Names = c("qr", "qraux", "pivot", "tol", "rank"
), class = "qr"), df.residual = 20L, xlevels = structure(list(), .Names = character(0)), 
    call = quote(lm(formula = y ~ . + 0, data = structure(list(y = c(43, 
        63, 71, 61, 81, 43, 58, 71, 72, 67, 64, 67, 68, 77, 81, 
        74, 65, 50, 50, 64, 53, 40, 66, 78, 48, 85, 82), x1 = c(-1.45814686743768, 
        1.67188358736638, 0.804729083703814, 0.803410707975183, 
        0.797439564076696, 2.47519654636125, 0.595204275582401, 
        2.03128205717151, 0.955603986863188, 1.14146202482683, 
        1.25161877809689, 0.338460060252037, 2.3175492345187, 
        0.838934334564916, 1.28479359612258, -0.158926065078858, 
        1.25113171824678, 0.862504661094714, 1.34345247095865, 
        -0.635411148319109, -0.230430898553593, 1.09436251235081, 
        1.36717873321049, 0.757514011154519, 1.99806108379111, 
        1.61853886720555, 1.05208147939708), x2 = c(51, 64, 70, 
        63, 78, 55, 67, 75, 82, 61, 53, 60, 83, 77, 90, 85, 70, 
        58, 40, 61, 66, 37, 77, 75, 57, 85, 82), x3 = c(30, 51, 
        68, 45, 56, 49, 42, 50, 72, 45, 53, 47, 83, 54, 50, 64, 
        46, 68, 33, 52, 52, 42, 66, 58, 44, 71, 39), x4 = c(39, 
        54, 69, 47, 66, 44, 56, 55, 67, 47, 58, 39, 45, 72, 72, 
        69, 57, 54, 34, 62, 50, 58, 63, 74, 45, 71, 59),