
expected <- structure(list(coefficients = structure(c(40.3185352620552, 0.666659493404587, 
-0.0916385216775239, 0.131696080157052, -0.265442525492479, -0.0235767995469146, 
-0.075254887795487), .Names = c("x1", "x2", "x3", "x4", "x5", 
"x6", "x7")), residuals = structure(c(-7.71055092945452, -2.83078409296934, 
4.58924883968399, 3.88782053936868, -10.6052584872679, -5.30378094256335, 
2.57035298948638, -3.93218001539943, 7.76726702170628, 6.16272892252498, 
14.041834335813, 6.33399861177462, -4.00305820201069, 1.75329355283124, 
-4.84009174116487, -0.756711939632201, 0.434756537036084, -6.53812529745805, 
-2.87730816450744, 2.27669506605963, -5.10814565185495, 4.12203842434054, 
-0.516206249117111, 0.192035521090117, -10.6729158347243, 6.45068962029566, 
5.11235756611298), .Names = c("1", "2", "4", "5", "6", "7", "8", 
"9", "10", "11", "12", "13", "14", "15", "16", "17", "18", "19", 
"20", "21", "23", "25", "26", "27", "28", "29", "30")), effects = structure(c(-339.4819582835, 
47.9679701362602, -3.77147328366682, -12.3774262568539, 15.0427353304552, 
-2.33164557858806, 3.07755666195155, 0.495641692707573, 8.82345183515825, 
10.6155060960596, 17.2386156146387, 9.56530586325688, 0.341726334077973, 
2.25030346781887, -5.41106666922218, -0.149973636651265, 2.94115869553015, 
-9.06464990559719, 3.31451908571097, 3.40198767070803, -0.745310548128308, 
5.1612988154472, 0.912150840669399, -0.516946852244034, -10.1864721966886, 
7.72249508907808, 2.72927478433401), .Names = c("x1", "x2", "x3", 
"x4", "x5", "x6", "x7", "", "", "", "", "", "", "", "", "", "", 
"", "", "", "", "", "", "", "", "", "")), rank = 7L, fitted.values = structure(c(50.7105509294545, 
65.8307840929693, 56.410751160316, 77.1121794606313, 53.6052584872679, 
63.3037809425633, 68.4296470105136, 75.9321800153994, 59.2327329782937, 
57.837271077475, 52.958165664187, 62.6660013882254, 72.0030582020107, 
75.2467064471688, 85.8400917411649, 74.7567119396322, 64.5652434629639, 
71.5381252974581, 52.8773081645074, 47.7233049339404, 58.1081456518549, 
58.8779615756595, 66.5162062491171, 77.8079644789099, 58.6729158347243, 
78.5493103797043, 76.887642433887), .Names = c("1", "2", "4", 
"5", "6", "7", "8", "9", "10", "11", "12", "13", "14", "15", 
"16", "17", "18", "19", "20", "21", "23", "25", "26", "27", "28", 
"29", "30")), assign = 1:7, qr = structure(list(qr = structure(c(-5.19615242270663, 
0.192450089729875, 0.192450089729875, 0.192450089729875, 0.192450089729875, 
0.192450089729875, 0.192450089729875, 0.192450089729875, 0.192450089729875, 
0.192450089729875, 0.192450089729875, 0.192450089729875, 0.192450089729875, 
0.192450089729875, 0.192450089729875, 0.192450089729875, 0.192450089729875, 
0.192450089729875, 0.192450089729875, 0.192450089729875, 0.192450089729875, 
0.192450089729875, 0.192450089729875, 0.192450089729875, 0.192450089729875, 
0.192450089729875, 0.192450089729875, -352.183664205672, 64.6889995800419, 
0.0319993232125807, -0.199879359366827, 0.155667953921598, -0.0298349921419281, 
-0.153503622850946, -0.261713674721336, 0.0629164808898351, 0.186585111598853, 
0.0783750597284623, 0.0474579020512079, -0.277172253559963, -0.1844207805282, 
-0.385382305430354, -0.308089411237218, 0.0783750597284623, -0.0762107286578097, 
0.109292217405717, 0.387546636501006, -0.0143764133033009, 0.171126532760225, 
-0.1844207805282, -0.153503622850946, 0.124750796244344, -0.308089411237218, 
-0.261713674721336, -275.588528493181, 34.8470719420076, 52.7318171508579, 
-0.00302588873069625, -0.0902646576236263, 0.157257799394405, 
0.0820635886736593, -0.268189587627373, 0.0429785122827351, -0.185249401711592, 
-0.00451385976124781, -0.17502347479897, -0.467227691914387, 
0.0253372704040889, 0.225532685492643, -0.0877847059060403, -0.345863750065704, 
0.110096087579433, -0.421884611358978, 0.069688370272463, -0.0419456350071147, 
0.0329179154846191, -0.202229323132215, -0.0696474736838769, 
0.0236839692590316, -0.220531885468885, 0.357618544597464, -289.060034774273, 
42.7395352490623, 7.58598380241519, -43.6128567367463, -0.082562417843346, 
0.083462585487816, -0.0755820515145921, 0.00542536610869037, 
-0.065835650466478, 0.242456890713533, -0.247261274047552, -0.252524263626296, 
-0.566053919392197, 0.270177073640488, 0.134034117241475, 0.0552691144573855, 
0.488135826620449, 0.0503456045159889, 0.0156421294048419, -0.0516331758695666, 
-0.0921261415763596, 0.0561839639606067, 0.00378419612822483, 
0.320048159909756, -0.0586438059743317, 0.0661086535406638, -0.0129195773925251, 
-345.832811244586, -13.9384852528288, -3.96042026373103, 31.7263413181872, 
-53.4241484108063, 0.205733625522188, 0.0276964716113121, 0.0358754144884927, 
-0.0214181653275495, 0.165841342468329, 0.163970844977498, -0.293436009552792, 
-0.324742725252209, 0.0428959989447638, -0.17529759610403, 0.133171088267936, 
0.21465643124172, -0.345513725187599, 0.410309224311117, -0.168564493168216, 
0.309735814968561, -0.138481096453599, 0.231958224845438, -0.17470749235837, 
-0.156694076958182, -0.0455244086354813, -0.203839155545403, 
-388.749181254348, 2.79628514992061, 1.15192001105823, -2.77206729659743, 
-0.753655394857578, 48.5043873291011, 0.248630125555497, -0.116548285277181, 
-0.0530989396018094, 0.125795638950412, -0.0435390329479952, 
0.376381050941094, 0.0801349161772316, 0.056848019149535, 0.664327243201992, 
-0.0457639764950634, -0.134492908917534, 0.033275445887104, -0.2538671820172, 
0.299476653885406, -0.203982243539665, 0.101053991252671, -0.0658657479105417, 
0.12636127630814, -0.0640452729808186, 0.125528017557074, 0.159617529565821, 
-221.317603189357, 16.3019301952679, 12.7879695700635, -22.8872802742183, 
-11.2142306839547, 15.7872451369888, -40.8951066449681, -0.561630826796695, 
0.000540679777742661, -0.332264058318941, 0.0690356087767219, 
-0.154341950482897, -0.122460300291826, -0.0889078003806576, 
0.103189155042878, 0.292550742069159, -0.0729717652245881, 0.123148974931902, 
-0.118964002991191, 0.0983717637409004, -0.25177831113722, -0.144620685084241, 
0.50424664937514, -0.0232942154214656, -0.0611865532070792, 0.131797902456977, 
0.0993377298825674), .Dim = c(27L, 7L), .Dimnames = list(c("1", 
"2", "4", "5", "6", "7", "8", "9", "10", "11", "12", "13", "14", 
"15", "16", "17", "18", "19", "20", "21", "23", "25", "26", "27", 
"28", "29", "30"), c("x1", "x2", "x3", "x4", "x5", "x6", "x7"
)), assign = 1:7), qraux = c(1.19245008972988, 1.01654074437395, 
1.06210772519193, 1.1105858676205, 1.17047973224544, 1.13610828518412, 
1.10968813663089), pivot = 1:7, tol = 1e-07, rank = 7L), .Names = c("qr", 
"qraux", "pivot", "tol", "rank"), class = "qr"), df.residual = 20L, 
    xlevels = structure(list(), .Names = character(0)), call = quote(lm(formula = y ~ 
        . + 0, data = structure(list(y = c(43, 63, 61, 81, 43, 
        58, 71, 72, 67, 64, 67, 69, 68, 77, 81, 74, 65, 65, 50, 
        50, 53, 63, 66, 78, 48, 85, 82), x1 = c(1, 1, 1, 1, 1, 
        1, 1, 1, 1, 1, 1, 1, 1, 1, 1, 1, 1, 1, 1, 1, 1, 1, 1, 
        1, 1, 1, 1), x2 = c(51, 64, 63, 78, 55, 67, 75, 82, 61, 
        53, 60, 62, 83, 77, 90, 85, 60, 70, 58, 40, 66, 54, 77, 
        75, 57, 85, 82), x3 = c(30, 51, 45, 56, 49, 42, 50, 72, 
        45, 53, 47, 57, 83, 54, 50, 64, 65, 46, 68, 33, 52, 42, 
        66, 58, 44, 71, 39), x4 = c(39, 54, 47, 66, 44, 56, 55, 
        67, 47, 58, 39, 42, 45, 72, 72, 69, 75, 57, 54, 34, 50, 
        48, 63, 74, 45, 71, 59), x5 = c(77, 54, 88, 50, 79, 79, 
        75, 64, 71, 62, 88, 60, 66, 59, 58, 71, 50, 50, 80, 63, 
        88, 59, 76, 43, 63, 58, 66), x6 = c(92, 73, 84, 83, 49, 
        68, 66, 83, 80, 67, 74, 63, 77, 77, 54, 79, 80, 85, 78, 
        64, 80, 75, 76, 78, 83, 74, 78), x7 = c(45, 47, 35, 47, 
        34, 35, 41, 31, 41, 34, 41, 25, 35, 46, 36, 63, 60, 46, 
        52, 33, 37, 33, 72, 49, 38, 55, 39)), .Names = c("y", 
        "x1", "x2", "x3", "x4", "x5", "x6", "x7"),