
expected <- structure(list(coefficients = structure(c(6.86879391442867, 0.567941023829382, 
0.162111094494511, 0.211422252094788, -0.0393182801049363, 0.159363182204585, 
-0.225332706595283), .Names = c("x1", "x2", "x3", "x4", "x5", 
"x6", "x7")), residuals = structure(c(-10.4972790933099, -0.574754544621817, 
-0.488985489720078, -2.09548787057695, 8.73802931081873, -7.78209221365272, 
-5.92419976922596, 2.14002359921671, -7.4852580035797, 7.18227829181683, 
0.577059420690683, 10.7661548688007, 7.36529369821867, -6.34044111196336, 
1.67849646516636, -1.3639802308458, -2.52939079394625, 4.80915628853503, 
-2.01298365275039, -4.77249857025726, 4.20918663200537, 1.65455091429828, 
-8.72203971247298, -5.2998084665518, 8.52953700262579, 1.22273013156897, 
7.01670289971277), .Names = c("1", "2", "3", "4", "5", "6", "7", 
"8", "9", "10", "11", "12", "13", "14", "15", "16", "17", "18", 
"19", "20", "21", "22", "23", "24", "25", "26", "30")), effects = structure(c(-332.553755053224, 
-47.3569455303206, -10.4501109246352, 4.16088757581684, -3.31382459508273, 
6.19631566584236, -8.8456423619512, 5.76469693679946, -6.30939971672674, 
9.20630200409625, 1.48767835230044, 13.3643420728802, 9.85602201177845, 
-6.62807466012038, 4.79005140236044, -3.45008485566425, -1.1781376569324, 
-0.00668610213992382, 1.71041245274045, -2.92805789070513, 4.85973070791482, 
3.35750286447113, -6.60194238542696, -5.34855180552635, 13.728646864705, 
7.20554024987452, 6.65434873129841), .Names = c("x1", "x2", "x3", 
"x4", "x5", "x6", "x7", "", "", "", "", "", "", "", "", "", "", 
"", "", "", "", "", "", "", "", "", "")), rank = 7L, fitted.values = structure(c(53.4972790933099, 
63.5747545446218, 71.4889854897201, 63.095487870577, 72.2619706891813, 
50.7820922136527, 63.924199769226, 68.8599764007833, 79.4852580035797, 
59.8177217081832, 63.4229405793093, 56.2338451311993, 61.6347063017813, 
74.3404411119634, 75.3215035348336, 82.3639802308458, 76.5293907939462, 
60.190843711465, 67.0129836527504, 54.7724985702573, 45.7908133679946, 
62.3454490857017, 61.722039712473, 45.2998084665518, 54.4704629973742, 
64.777269868431, 74.9832971002872), .Names = c("1", "2", "3", 
"4", "5", "6", "7", "8", "9", "10", "11", "12", "13", "14", "15", 
"16", "17", "18", "19", "20", "21", "22", "23", "24", "25", "26", 
"30")), assign = 1:7, qr = structure(list(qr = structure(c(-5.19615242270663, 
0.192450089729875, 0.192450089729875, 0.192450089729875, 0.192450089729875, 
0.192450089729875, 0.192450089729875, 0.192450089729875, 0.192450089729875, 
0.192450089729875, 0.192450089729875, 0.192450089729875, 0.192450089729875, 
0.192450089729875, 0.192450089729875, 0.192450089729875, 0.192450089729875, 
0.192450089729875, 0.192450089729875, 0.192450089729875, 0.192450089729875, 
0.192450089729875, 0.192450089729875, 0.192450089729875, 0.192450089729875, 
0.192450089729875, 0.192450089729875, -342.753609808908, -68.0364825881156, 
0.0948302518508885, -0.00805572540306698, 0.212414225855409, 
-0.125639699407587, 0.0507362615991933, 0.168320235603714, 0.271206212857669, 
-0.0374517189041971, -0.155035692908718, -0.0521497156547622, 
-0.022753722153632, 0.285904209608234, 0.197716229104844, 0.38879018686219, 
0.315300203109364, -0.0521497156547622, 0.0948302518508885, -0.0815457091558923, 
-0.346109650666063, -0.0374517189041971, 0.0360382648486282, 
-0.390203640917759, -0.140337696158153, 0.197716229104844, 0.271206212857669, 
-261.154771763441, -20.3752340880333, -63.2616394115979, -0.0811021801466654, 
-0.186344721000249, -0.190423274365272, -0.144996891322765, 0.0275536739813893, 
-0.107973122233866, -0.0491548245586155, 0.616085102020743, -0.0885069339644452, 
0.0534267559327623, -0.0844283805994231, 0.15367999610721, 0.0803848108416756, 
0.168156883697494, -0.135929037278606, -0.042747930876663, -0.214633256090266, 
0.183544518601892, -0.0965769278727766, -0.326615310671078, 0.318406074726596, 
-0.229775383771101, -0.0676231526922087, -0.155395225548027, 
-288.867584684543, -31.8151748922231, -14.3943505786564, 45.8815413485043, 
-0.228241075585233, 0.00837919948927119, -0.10452217982628, 0.0884039304994435, 
-0.168472927551482, 0.0773445989979287, 0.0906801570159643, 0.221310753364542, 
0.248732958985753, 0.333414595434842, -0.19731150867462, -0.0983143188614893, 
-0.0408353066415059, -0.587330637091981, -0.0431337668240345, 
-0.190422041751003, 0.258639789525768, -0.273596387706039, -0.0761829207449065, 
-0.22756942211167, -0.109197734002719, -0.113210784890662, -0.018122995859793, 
-333.131105322414, -32.1902459944875, -1.45962743918762, 13.1441427049984, 
36.6272539206866, 0.102156188914774, -0.000988477996857696, -0.0718890751237772, 
0.0957681084562433, -0.0429815764924614, 0.125792233594249, -0.0625897114986478, 
0.0925065489694741, 0.166471795153187, -0.103848183168568, 0.505757552608612, 
-0.0853612629630113, 0.47846421115217, -0.21686894892265, -0.0300908012555194, 
0.170507662192614, 0.0284637026638709, 0.00701848557139495, 0.242439693349918, 
-0.183444742576435, -0.451477403141232, 0.192421099235347, -386.439780177589, 
-11.4110891809387, 11.588321337737, 5.09648606286174, 21.1178488690077, 
44.9428129686061, 0.219771518693657, 0.303068665102529, -0.118084597109698, 
-0.0468476131410163, 0.119777094616799, 0.0984044380707834, 0.283652373026875, 
0.00635593046950289, 0.0573287255491237, 0.388426281951471, 0.0287830338666023, 
-0.251336901661792, -0.0787620165567341, -0.0114027650051722, 
0.173713161198595, -0.0802561086656962, -0.0396317168071979, 
0.27269960847197, 0.104584781267963, 0.221579852192554, -0.0337718457965774, 
-220.547802830437, -8.28150461356839, -4.19134401593922, 25.8945026944917, 
23.2505597709125, 4.28661263007446, 39.2559184843004, 0.0477297339729847, 
0.45030063474742, 0.000518954225426365, 0.117746263274587, -0.127473486796779, 
0.16873258352363, -0.095183159414802, 0.224645366487179, 0.00790525493384872, 
-0.299591165646913, -0.305491104417137, 0.12824558959289, -0.126882633710533, 
-0.159918948566598, 0.222341605242634, 0.16230542594762, -0.23802232415034, 
0.360133563392427, -0.332324867593552, 0.0472502495871482), .Dim = c(27L, 
7L), .Dimnames = list(c("1", "2", "3", "4", "5", "6", "7", "8", 
"9", "10", "11", "12", "13", "14", "15", "16", "17", "18", "19", 
"20", "21", "22", "23", "24", "25", "26", "30"), c("x1", "x2", 
"x3", "x4", "x5", "x6", "x7")), assign = 1:7), qraux = c(1.19245008972988, 
1.0066422713475, 1.17855521792276, 1.08210811135451, 1.05846685583562, 
1.58391711910163, 1.24652946406335), pivot = 1:7, tol = 1e-07, 
    rank = 7L), .Names = c("qr", "qraux", "pivot", "tol", "rank"
), class = "qr"), df.residual = 20L, xlevels = structure(list(), .Names = character(0)), 
    call = quote(lm(formula = y ~ . + 0, data = structure(list(y = c(43, 
        63, 71, 61, 81, 43, 58, 71, 72, 67, 64, 67, 69, 68, 77, 
        81, 74, 65, 65, 50, 50, 64, 53, 40, 63, 66, 82), x1 = c(1, 
        1, 1, 1, 1, 1, 1, 1, 1, 1, 1, 1, 1, 1, 1, 1, 1, 1, 1, 
        1, 1, 1, 1, 1, 1, 1, 1), x2 = c(51, 64, 70, 63, 78, 55, 
        67, 75, 82, 61, 53, 60, 62, 83, 77, 90, 85, 60, 70, 58, 
        40, 61, 66, 37, 54, 77, 82), x3 = c(45, 64, 64, 44, 45, 
        33, 42, 57, 52, 45, 83, 42, 52, 54, 66, 68, 71, 39, 50, 
        33, 49, 42, 30, 56, 30, 52, 49), x4 = c(39, 54, 69, 47, 
        66, 44, 56, 55, 67, 47, 58, 39, 42, 45, 72, 72, 69, 75, 
        57, 54, 34, 62, 50, 58, 48, 63, 59), x5 = c(61, 63, 76, 
        54, 71, 54, 66, 70, 71, 62, 58, 59, 55, 59, 79, 60, 79, 
        55, 75, 64, 43, 66, 63, 50, 66, 88, 64), x6 = c(92, 73, 
        86, 84, 83, 49, 68, 66, 83, 80, 67, 74, 63, 77, 77, 54, 
        79, 80, 85, 78, 64, 80, 80, 57, 75, 76, 78), x7 = c(45, 
        47, 48, 35, 47, 34, 35, 41, 31, 41, 34, 41, 25, 35, 46, 
        36, 63, 60, 46, 52, 33, 41, 37, 49, 33, 72, 39)), .Names = c("y", 
        "x1", "x2", "x3", "x4", "x5", "x6", "x7"),