
expected <- structure(list(coefficients = structure(c(2.20960183838083, 0.672326663682831, 
-0.113758352180689, 0.290725482621747, 0.138927368893236, 0.0992120440417854, 
-0.198638759805044), .Names = c("x1", "x2", "x3", "x4", "x5", 
"x6", "x7")), residuals = structure(c(-9.11464672388465, 0.232618258818996, 
1.23625968730229, -2.38396020099083, 5.7415747096434, -9.15400793324361, 
-1.31515344707146, -4.67906920294141, 8.3554296569843, 11.0649301991073, 
9.62094153547577, -5.03779661385735, -1.38417262461173, -6.14503587740743, 
-2.62960797129477, 1.04677995815724, -1.85294584248843, -5.19097724205012, 
5.10835589060171, 0.679436931777035, -2.17699868860761, 4.55811852750417, 
-0.0823211402236237, 3.83146002168478, -10.4650340201606, 7.90898177717483, 
2.22684037460176), .Names = c("1", "2", "3", "4", "5", "6", "8", 
"9", "10", "12", "13", "14", "15", "16", "17", "18", "19", "20", 
"21", "22", "24", "25", "26", "27", "28", "29", "30")), effects = structure(c(-339.4819582835, 
54.8283956586102, 5.80475161533608, 9.31821960428338, -6.12526092046643, 
2.78491646767072, 8.32333970028237, -0.184571612966679, 11.5206608261692, 
13.597233452748, 12.3912144721527, -4.9853149881902, -2.39637799412143, 
-3.88794793271764, -0.663597145177266, -1.58100934233235, 1.48883503620181, 
-4.47438636365718, 5.25810194781815, 1.85182066665524, 0.957400390812039, 
4.17683547934496, 3.14394936685656, 5.44633084668643, -10.359510733955, 
10.4678337243303, 3.84879523143023), .Names = c("x1", "x2", "x3", 
"x4", "x5", "x6", "x7", "", "", "", "", "", "", "", "", "", "", 
"", "", "", "", "", "", "", "", "", "")), rank = 7L, fitted.values = structure(c(52.1146467238847, 
62.767381741181, 69.7637403126977, 63.3839602009908, 75.2584252903566, 
52.1540079332436, 72.3151534470715, 76.6790692029414, 58.6445703430157, 
55.9350698008927, 59.3790584645242, 73.0377966138574, 78.3841726246117, 
87.1450358774074, 76.6296079712948, 63.9532200418428, 66.8529458424884, 
55.1909772420501, 44.8916441093983, 63.320563068223, 42.1769986886076, 
58.4418814724958, 66.0823211402236, 74.1685399783152, 58.4650340201606, 
77.0910182228252, 79.7731596253982), .Names = c("1", "2", "3", 
"4", "5", "6", "8", "9", "10", "12", "13", "14", "15", "16", 
"17", "18", "19", "20", "21", "22", "24", "25", "26", "27", "28", 
"29", "30")), assign = 1:7, qr = structure(list(qr = structure(c(-5.19615242270663, 
0.192450089729875, 0.192450089729875, 0.192450089729875, 0.192450089729875, 
0.192450089729875, 0.192450089729875, 0.192450089729875, 0.192450089729875, 
0.192450089729875, 0.192450089729875, 0.192450089729875, 0.192450089729875, 
0.192450089729875, 0.192450089729875, 0.192450089729875, 0.192450089729875, 
0.192450089729875, 0.192450089729875, 0.192450089729875, 0.192450089729875, 
0.192450089729875, 0.192450089729875, 0.192450089729875, 0.192450089729875, 
0.192450089729875, 0.192450089729875, -348.719562590534, 70.3467601717852, 
-0.0780287364412797, 0.0214783337195374, -0.191751102339356, 
0.135200699617614, -0.149105215127578, -0.248612285288395, 0.0499089251940565, 
0.0641242209313161, 0.035693629456797, -0.262827581025654, -0.177535806602097, 
-0.362334651186471, -0.291258172500173, 0.0641242209313161, -0.0780287364412797, 
0.0925548124058353, 0.348430135676508, 0.0499089251940565, 0.391076022888286, 
0.149415995354874, -0.177535806602097, -0.149105215127578, 0.106770108143095, 
-0.291258172500173, -0.248612285288395, -278.475279839129, 37.4320326308127, 
-53.0034098114856, -0.075706467318834, -0.012820834695724, 0.0769060743699957, 
-0.0970914619501152, 0.250473687390347, -0.0564200426149869, 
-0.0090434088263427, 0.160337273653413, 0.448364292940387, -0.040911043780521, 
-0.241739647228969, 0.0706103645876936, 0.330557384104143, -0.124342243063939, 
0.406443940963071, -0.0803131118449159, 0.0756469324135353, 0.118416921676098, 
-0.0455176883066029, 0.185489484839803, 0.0538422237967673, -0.0367139039256529, 
0.202677339616216, -0.372127766315544, -293.87128701752, 38.6703428372584, 
-11.1993092197911, 48.2684858320112, -0.107781713378168, 0.123670080364893, 
0.0546436939298392, 0.0157286801850715, 0.0785726316673404, 0.250959607742599, 
0.275155952383693, 0.557391283462209, -0.253908605931057, -0.183741834899432, 
-0.0598830973881054, -0.366755652799726, -0.0531978074521516, 
0.0744881674426076, 0.103155243763194, -0.182367420860423, -0.35276932207614, 
-0.0166088494611066, 0.0179571101637227, -0.282048775483992, 
0.0825405083636648, -0.0514962842411523, -0.0534055120873466, 
-332.938655232684, 13.1459896023568, 3.34443194457496, 2.25787674222588, 
-48.5051706193433, -0.136398092272332, 0.324432491291754, -0.428335497091025, 
-0.229620861911323, -0.0609414892279731, -0.0220789553898727, 
0.277833999365794, 0.33850640013778, 0.296799136038448, 0.0394532602267318, 
0.345624837725127, -0.266621757599612, 0.00366677704456482, 0.217078934081799, 
-0.0671646505120099, -0.194804685502784, 0.193062710593809, -0.111161207912535, 
-0.0293089714836731, 0.086251171004523, -0.0218242003775577, 
0.125276674582434, -390.288781972187, 8.70923785502774, -2.19264660625914, 
1.47069026615051, 10.8998947071398, 50.0103740140542, 0.218928206452417, 
0.066506677670084, -0.0219222496374399, 0.0928071278240583, 0.341357450227485, 
0.16609041053079, -0.0186016970014552, 0.475481003093099, 0.0531883296438969, 
-0.102504302145843, -0.104973893123975, 0.0374159424812299, 0.148787030076121, 
-0.053974794949995, 0.322560323725573, -0.0210801171334578, 0.129946467799135, 
0.0205562010494333, -0.14203408085019, 0.182382289222896, -0.0145234997733099, 
-227.476006060713, 10.7846710326676, -14.0153888247995, 26.0485431054199, 
2.35586459963034, 10.9581582350501, -41.9018911941023, -0.447063634675746, 
-0.0130094649747562, 0.14791879840197, -0.206217498102326, 0.0746392629855294, 
-0.131733225006265, -0.160442912452973, 0.351345760361722, 0.0220945471074874, 
-0.0181270812710015, 0.142755608600268, -0.0358927902071119, 
-0.241501392075631, -0.039391187394373, -0.219508718802881, 0.613717791686486, 
-0.13037254852113, -0.0798287559517615, 0.15260292192272, -0.0759697030934989
), .Dim = c(27L, 7L), .Dimnames = list(c("1", "2", "3", "4", 
"5", "6", "8", "9", "10", "12", "13", "14", "15", "16", "17", 
"18", "19", "20", "21", "22", "24", "25", "26", "27", "28", "29", 
"30"), c("x1", "x2", "x3", "x4", "x5", "x6", "x7")), assign = 1:7), 
    qraux = c(1.19245008972988, 1.00726303798228, 1.29072539273999, 
    1.09374745055647, 1.00877120250268, 1.58460402502706, 1.0618684919828
    ), pivot = 1:7, tol = 1e-07, rank = 7L), .Names = c("qr", 
"qraux", "pivot", "tol", "rank"), class = "qr"), df.residual = 20L, 
    xlevels = structure(list(), .Names = character(0)), call = quote(lm(formula = y ~ 
        . + 0, data = structure(list(y = c(43, 63, 71, 61, 81, 
        43, 71, 72, 67, 67, 69, 68, 77, 81, 74, 65, 65, 50, 50, 
        64, 40, 63, 66, 78, 48, 85, 82), x1 = c(1, 1, 1, 1, 1, 
        1, 1, 1, 1, 1, 1, 1, 1, 1, 1, 1, 1, 1, 1, 1, 1, 1, 1, 
        1, 1, 1, 1), x2 = c(51, 64, 70, 63, 78, 55, 75, 82, 61, 
        60, 62, 83, 77, 90, 85, 60, 70, 58, 40, 61, 37, 54, 77, 
        75, 57, 85, 82), x3 = c(30, 51, 68, 45, 56, 49, 50, 72, 
        45, 47, 57, 83, 54, 50, 64, 65, 46, 68, 33, 52, 42, 42, 
        66, 58, 44, 71, 39), x4 = c(39, 54, 69, 47, 66, 44, 55, 
        67, 47, 39, 42, 45, 72, 72, 69, 75, 57, 54, 34, 62, 58, 
        48, 63, 74, 45, 71, 59), x5 = c(54, 70, 66, 64, 64, 55, 
        79, 43, 51, 59, 61, 77, 80, 79, 66, 79, 50, 62, 71, 59, 
        51, 71, 58, 62, 66, 63, 70), x6 = c(92, 73, 86, 84, 83, 
        49, 66, 83, 80, 74, 63, 77, 77, 54, 79, 80, 85, 78, 64, 
        80, 57, 75, 76, 78, 83, 74, 78), x7 = c(45, 47, 48, 35, 
        47, 34, 41, 31, 41, 41, 25, 35, 46, 36, 63, 60, 46, 52, 
        33, 41, 49, 33, 72, 49, 38, 55, 39)), .Names = c("y", 
        "x1", "x2", "x3", "x4", "x5", "x6", "x7"),