
expected <- structure(list(coefficients = structure(c(2.03440577237769, 0.663521727940358, 
-0.0869926282543318, 0.370972356386005, 0.181224040815597, 0.0329684173107434, 
-0.287460125937065), .Names = c("x1", "x2", "x3", "x4", "x5", 
"x6", "x7")), residuals = structure(c(-6.11417068913005, 3.56339006677024, 
1.39467197000212, 4.99593264250279, -9.74704741793017, -8.66775512141599, 
4.97876228881847, -8.97272338206967, 9.42666871729559, 8.41844711401916, 
9.39980234770255, 9.92655409902321, -2.55265458832647, -2.72280830844245, 
-2.16168108611356, 2.28924515322227, -2.90228320082506, -7.88384500690425, 
-2.29827154398652, -8.52095286086876, 0.956810538541475, 3.61697546545988, 
-0.690797672100325, 3.41084367738081, -5.68587111262987, 2.39169720115678, 
4.90046556208474), .Names = c("1", "3", "4", "5", "6", "7", "8", 
"9", "10", "11", "12", "13", "15", "16", "17", "18", "19", "20", 
"22", "23", "24", "25", "26", "27", "28", "29", "30")), effects = structure(c(-212.431148073154, 
-268.666789631262, 2.74100767701988, -11.1618779648306, 1.50846329663701, 
1.17175227833873, 11.1305025703626, -5.11261577698702, 8.54949929156579, 
7.99997281002765, 14.5900846463176, 15.3586739003313, -0.36516580955339, 
-0.646206768997948, -1.3516070295746, 3.12314217362502, -4.18246022667656, 
-2.66362325410463, -0.229195325610643, -9.04460968387935, -3.83026204428703, 
6.25801531542603, -0.338554187994009, 2.00411204779033, -7.39023707747906, 
9.76401144307028, 4.58705674510118), .Names = c("x1", "x2", "x3", 
"x4", "x5", "x6", "x7", "", "", "", "", "", "", "", "", "", "", 
"", "", "", "", "", "", "", "", "", "")), rank = 7L, fitted.values = structure(c(49.1141706891301, 
67.4366099332298, 59.6053280299979, 76.0040673574972, 52.7470474179302, 
66.667755121416, 66.0212377111815, 80.9727233820697, 57.5733312827044, 
55.5815528859808, 57.6001976522974, 59.0734459009768, 79.5526545883265, 
83.7228083084425, 76.1616810861136, 62.7107548467777, 67.9022832008251, 
57.8838450069042, 66.2982715439865, 61.5209528608688, 39.0431894614585, 
59.3830245345401, 66.6907976721003, 74.5891563226192, 53.6858711126299, 
82.6083027988432, 77.0995344379153), .Names = c("1", "3", "4", 
"5", "6", "7", "8", "9", "10", "11", "12", "13", "15", "16", 
"17", "18", "19", "20", "22", "23", "24", "25", "26", "27", "28", 
"29", "30")), assign = 1:7, qr = structure(list(qr = structure(c(-7.48571044178886, 
-0.0986100562200825, 0.11741342607464, 0.167058192384612, 0.168448732092758, 
0.0623484685686946, -0.188618982849472, 0.0840661715014069, 0.0978381597575075, 
0.0369611203739865, 0.39816274314576, 0.161206556687363, 0.184974543258192, 
-0.0433186087776012, 0.0605131809697456, 0.352870634755943, 0.0749260062513846, 
0.397966943332716, 0.297747059940259, 0.0187113325957895, -0.0147532220002678, 
0.292379191046403, 0.01403202959196, -0.0371179900719453, 0.127633843244742, 
0.358710222730057, 0.0812376520063325, -211.459488085128, -284.443113642738, 
0.127170022500159, 0.140026194288597, 0.0580494537858345, 0.185464947801311, 
0.415186213094634, 0.220754259707459, 0.135863081479492, 0.156639015357733, 
-0.10889609384595, 0.0884764097071247, 0.122118777947424, 0.3512045296822, 
0.250220736375084, -0.0725140296091996, 0.185908637826091, -0.115770095449388, 
-0.0247189427740392, 0.217001970945503, 0.141929642930031, -0.0450165525899323, 
0.259432798735974, 0.293489099687504, 0.0978663578573665, 0.0106862056537877, 
0.223026341569469, -180.434993962275, -208.021589225086, 51.256525146593, 
0.110743390318832, -0.102614202296361, 0.206350728450092, 0.147804504195857, 
-0.148544094105019, 0.0599278286418873, -0.223786882726742, 0.0346818365285382, 
-0.152851109863088, 0.136272470402037, 0.390131722836074, 0.050919758262489, 
-0.320865477348934, 0.175186098692235, -0.405480983929529, -0.0573408863830516, 
-0.00817911663941909, -0.257692448104949, 0.0306980661560239, 
-0.114346903036308, 0.00635276465197068, 0.0214340560759457, 
-0.0568601911665648, 0.49500330765063, -184.059402725988, -238.546442743317, 
28.4535998647888, -40.275595307786, -0.158026497884307, 0.121676585397179, 
-0.146510924858716, -0.21311591548943, -0.0878072364480235, 0.122059689384747, 
-0.256825661379885, -0.399650120803747, 0.258700033215205, 0.162735280062618, 
-0.0688231184978401, 0.344972512043631, 0.0579268692146711, -0.19759529593764, 
0.208711037806668, -0.183541650112452, 0.433985908252294, 0.0824668112577933, 
-0.183821679646514, 0.225153840441713, -0.0797180756084661, -0.0780656618901233, 
0.108800985904985, -210.597050034326, -269.446690503348, 21.2693657152776, 
-9.90409208865259, 40.7048711532435, -0.117146305369013, -0.0970042718782258, 
0.327533995717598, -0.0783109357247699, 0.0291853003382295, 0.0625133473613956, 
0.243661657786958, -0.0918448497363751, 0.428924385683269, 0.077537022832682, 
0.466283455521159, -0.248959312353505, 0.200213857373835, 0.00492866274685062, 
0.0265396505729885, -0.112288875626017, -0.241309528494087, -0.252178949599425, 
-0.150430359006895, 0.132629718441526, 0.29396504371068, 0.0993593887126605, 
-256.247478437933, -289.309304530286, 20.4931268010191, -11.8293345341092, 
42.5395695530719, 58.777884676465, 0.127519628863441, -0.132872807847733, 
-0.0870023479645945, -0.119856868917788, 0.151153027890483, -0.00760655169287636, 
0.355874427349573, 0.205938387398332, 0.182557341553405, -0.304694588337788, 
0.122676587011956, -0.0104738304323897, 0.0593691067932328, -0.167541111570486, 
-0.136767346596523, 0.231404654061448, 0.387200077675084, 0.162789226168885, 
-0.380948853062591, 0.366561784709827, 0.0748650174822981, -147.163184567445, 
-169.879128756417, 27.4323188511047, -20.7476029527586, 25.2928999880453, 
2.66493152683524, -38.7201617409694, -0.391146256510798, 0.0304426064046181, 
-0.238758290299188, 0.055376903020454, -0.228682411207809, -0.165540024288737, 
0.105968762331425, 0.388138246350858, 0.207446824842537, -0.0192585923093453, 
0.0498499179452282, -0.239494432380957, -0.0563482673525872, 
0.167351941505749, -0.341009923467559, 0.503856033751985, -0.0838473472468126, 
0.0518816047066024, 0.0951028605914088, 0.0793628933707448), .Dim = c(27L, 
7L), .Dimnames = list(c("1", "3", "4", "5", "6", "7", "8", "9", 
"10", "11", "12", "13", "15", "16", "17", "18", "19", "20", "22", 
"23", "24", "25", "26", "27", "28", "29", "30"), c("x1", "x2", 
"x3", "x4", "x5", "x6", "x7")), assign = 1:7), qraux = c(1.14868792314456, 
1.3253059941578, 1.09225761431414, 1.06584679965094, 1.09871822574585, 
1.21329375921445, 1.12154283927784), pivot = 1:7, tol = 1e-07, 
    rank = 7L), .Names = c("qr", "qraux", "pivot", "tol", "rank"
), class = "qr"), df.residual = 20L, xlevels = structure(list(), .Names = character(0)), 
    call = quote(lm(formula = y ~ . + 0, data = structure(list(y = c(43, 
        71, 61, 81, 43, 58, 71, 72, 67, 64, 67, 69, 77, 81, 74, 
        65, 65, 50, 64, 53, 40, 63, 66, 78, 48, 85, 82), x1 = c(1.11303473885111, 
        -0.738166327512058, 0.878922909573136, 1.25054925511986, 
        1.26095843273285, 0.466722582194222, -1.41194708943589, 
        0.629295017809295, 0.732388134102181, 0.276680244723766, 
        2.98053100389751, 1.20674560467942, 1.38466586993297, 
        -0.324270562050256, 0.452984150651084, 2.64148739519323, 
        0.560874387357527, 2.97906530319251, 2.22884827560673, 
        0.140067617792086, -0.110438347977434, 2.18866596337784, 
        0.105039710436025, -0.277854525859776, 0.955429993102805, 
        2.6852008598668, 0.608121539890213), x2 = c(51, 70, 63, 
        78, 55, 67, 75, 82, 61, 53, 60, 62, 77, 90, 85, 60, 70, 
        58, 61, 66, 37, 54, 77, 75, 57, 85, 82), x3 = c(30, 68, 
        45, 56, 49, 42, 50, 72, 45, 53, 47, 57, 54, 50, 64, 65, 
        46, 68, 52, 52, 42, 42, 66, 58, 44, 71, 39), x4 = c(39, 
        69, 47, 66, 44, 56, 55, 67, 47, 58, 39, 42, 72, 72, 69, 
        75, 57, 54, 62, 50, 58, 48, 63, 74, 45, 71, 59),