
expected <- structure(list(coefficients = structure(c(10.5592079255085, -0.0378680228419811, 
0.0451352461481006, 0.596774283723742, 0.587926572791173, 0.0510807568375703, 
-0.508771861160604), .Names = c("x1", "x2", "x3", "x4", "x5", 
"x6", "x7")), residuals = structure(c(-6.44755713648997, -6.2638002001338, 
4.17438453182001, 9.86402560906601, -10.1415504937652, -9.20083238492486, 
4.80007829624617, -8.59526239159701, 8.87939823517245, -1.62971577588661, 
16.2773426603788, 11.1875924139547, -3.7438262343882, 7.80806249742051, 
2.95276416714724, 3.95799728774291, -4.03365349877937, -8.35891729733684, 
-4.71743241815158, -9.7741493107851, -12.4389020915113, -1.8620517748946, 
-1.28291425444534, -2.28390696152549, -4.24575559589151, 10.1072950998843, 
15.0112870216737), .Names = c("1", "3", "4", "5", "6", "7", "8", 
"9", "10", "11", "12", "13", "15", "16", "17", "18", "19", "20", 
"22", "23", "24", "25", "26", "27", "28", "29", "30")), effects = structure(c(-338.327257745121, 
2.5838386540279, 26.1011535616263, -29.7472095943016, 16.4474167219953, 
-1.25298826182099, -21.2671404541538, -11.0471419844426, 11.0347835191166, 
1.33052114772446, 20.7497983338956, 15.743078709397, -4.21359388690606, 
10.1563903699492, 7.81213463311364, 5.13485186733108, -5.20522415423071, 
-2.22414346386617, -6.65559170083872, -7.932758583805, -6.05008121666552, 
-0.566827235906455, 5.84964747252458, -3.99890907587249, -2.61069438168587, 
14.9163843193144, 13.3211132138834), .Names = c("x1", "x2", "x3", 
"x4", "x5", "x6", "x7", "", "", "", "", "", "", "", "", "", "", 
"", "", "", "", "", "", "", "", "", "")), rank = 7L, fitted.values = structure(c(49.44755713649, 
77.2638002001338, 56.82561546818, 71.135974390934, 53.1415504937652, 
67.2008323849249, 66.1999217037538, 80.595262391597, 58.1206017648275, 
65.6297157758866, 50.7226573396212, 57.8124075860453, 80.7438262343882, 
73.1919375025795, 71.0472358328528, 61.0420027122571, 69.0336534987794, 
58.3589172973368, 68.7174324181516, 62.7741493107851, 52.4389020915113, 
64.8620517748946, 67.2829142544453, 80.2839069615255, 52.2457555958915, 
74.8927049001157, 66.9887129783263), .Names = c("1", "3", "4", 
"5", "6", "7", "8", "9", "10", "11", "12", "13", "15", "16", 
"17", "18", "19", "20", "22", "23", "24", "25", "26", "27", "28", 
"29", "30")), assign = 1:7, qr = structure(list(qr = structure(c(-5.19615242270663, 
0.192450089729875, 0.192450089729875, 0.192450089729875, 0.192450089729875, 
0.192450089729875, 0.192450089729875, 0.192450089729875, 0.192450089729875, 
0.192450089729875, 0.192450089729875, 0.192450089729875, 0.192450089729875, 
0.192450089729875, 0.192450089729875, 0.192450089729875, 0.192450089729875, 
0.192450089729875, 0.192450089729875, 0.192450089729875, 0.192450089729875, 
0.192450089729875, 0.192450089729875, 0.192450089729875, 0.192450089729875, 
0.192450089729875, 0.192450089729875, -361.421268512706, 67.8576942333489, 
0.277862288510537, -0.252659716498995, -0.0316088810783567, -0.149502659969364, 
-0.134765937607988, -0.252659716498995, 0.218915399065033, 0.233652121426409, 
-0.0316088810783567, -0.178976104692116, 0.218915399065033, 0.174705231980906, 
0.292599010871913, -0.134765937607988, 0.0420747307285228, 0.0420747307285228, 
-0.178976104692116, 0.189441954342282, 0.292599010871913, 0.263125566149161, 
-0.0316088810783567, -0.149502659969364, 0.277862288510537, 0.174705231980906, 
0.174705231980906, -274.626278044532, 6.04533099535553, 54.7801184789153, 
-0.173193228313566, -0.00306520712196502, 0.102134680648263, 
-0.0410807414308689, -0.465269997117167, 0.117944344564298, -0.0252710775148339, 
0.033444388978485, -0.177333214750449, -0.0463488378877274, 0.0182014673451676, 
-0.214782006776636, -0.314902712184244, 0.0658139986420521, -0.335791558462899, 
-0.0860592244993241, -0.0154851664326141, 0.186823550328315, 
0.181177625682978, -0.313396773975791, -0.189942088155338, 0.147490991905197, 
-0.365149291709558, 0.219004245897643, -299.837239799146, -0.0966074021467858, 
35.5858821168433, -45.2246093471863, -0.230798186925285, 0.161268677303231, 
0.00474485100650621, -0.0857946673464024, -0.119642219968257, 
-0.0108237874103655, -0.308074262649322, -0.395362929956284, 
0.283379758051292, 0.353783684240624, 0.0442323183575538, 0.197357958107142, 
0.100184844045472, -0.33226590745409, 0.13008216513154, -0.167239498655523, 
0.167117101193397, -0.0514430954575209, -0.0935801335279195, 
0.293016475195404, -0.152341035167192, -0.0178017580504765, 0.24938716387441, 
-341.406459180799, 5.98965893310143, 24.5454990122459, -17.7499607460947, 
40.5981648260938, -0.0569775169040097, -0.103541863360417, 0.161789168842572, 
-0.0482720677950477, 0.210747417686488, -0.0095528529941342, 
0.20666432394516, -0.170842530289961, 0.269833406692187, -0.126483663261704, 
0.563587750685711, -0.255003614801903, 0.160075299662638, 0.0776769430513432, 
0.011263995686499, 0.317084610948016, -0.164921845525464, -0.358900415229686, 
-0.114469638999877, 0.191718638732955, 0.00552970773846548, -0.0318996971126498, 
-390.481232061917, 4.4472153259441, 3.75515259279367, -0.530339608299823, 
18.768392215707, 48.2181989065766, 0.321578173640913, -0.277666449384243, 
-0.00204303756242548, 0.0660594877424245, 0.0502280648740328, 
0.0763189909858624, 0.203627566280416, 0.328471746471789, 0.0972924653608884, 
-0.497917205944645, 0.076620653375671, -0.179836977938216, -0.105739184550162, 
-0.0619172606757871, 0.21758299387363, 0.20953238614737, 0.3096192364815, 
0.110884638884661, -0.25946862430917, 0.0742266623330438, 0.0701717932422934, 
-225.743955253144, -2.33822661467164, 24.03998326715, -15.1432077536255, 
16.4710895089745, 7.30388340824611, 41.8009368789372, 0.586236598229586, 
-0.00517212707918301, 0.158900233652483, -0.0665932428650674, 
0.313989886241763, 0.114263208677174, 0.0779491962343939, -0.222851639547666, 
-0.24226956036068, 0.0310780076489689, -0.0732509550471414, 0.136558871340596, 
0.158322135729819, -0.38653022892263, 0.160674490939565, -0.401833227759268, 
0.101682081827785, 0.00392278513987139, -0.0120949204690177, 
0.0460745380717157), .Dim = c(27L, 7L), .Dimnames = list(c("1", 
"3", "4", "5", "6", "7", "8", "9", "10", "11", "12", "13", "15", 
"16", "17", "18", "19", "20", "22", "23", "24", "25", "26", "27", 
"28", "29", "30"), c("x1", "x2", "x3", "x4", "x5", "x6", "x7"
)), assign = 1:7), qraux = c(1.19245008972988, 1.21891539906503, 
1.12923619385497, 1.1583590681388, 1.17439589823559, 1.26389054035813, 
1.03428337674088), pivot = 1:7, tol = 1e-07, rank = 7L), .Names = c("qr", 
"qraux", "pivot", "tol", "rank"), class = "qr"), df.residual = 20L, 
    xlevels = structure(list(), .Names = character(0)), call = quote(lm(formula = y ~ 
        . + 0, data = structure(list(y = c(43, 71, 61, 81, 43, 
        58, 71, 72, 67, 64, 67, 69, 77, 81, 74, 65, 65, 50, 64, 
        53, 40, 63, 66, 78, 48, 85, 82), x1 = c(1, 1, 1, 1, 1, 
        1, 1, 1, 1, 1, 1, 1, 1, 1, 1, 1, 1, 1, 1, 1, 1, 1, 1, 
        1, 1, 1, 1), x2 = c(90, 58, 54, 90, 75, 83, 82, 90, 58, 
        57, 75, 85, 58, 61, 53, 82, 70, 70, 85, 60, 53, 55, 75, 
        83, 54, 61, 61), x3 = c(30, 68, 45, 56, 49, 42, 50, 72, 
        45, 53, 47, 57, 54, 50, 64, 65, 46, 68, 52, 52, 42, 42, 
        66, 58, 44, 71, 39), x4 = c(39, 69, 47, 66, 44, 56, 55, 
        67, 47, 58, 39, 42, 72, 72, 69, 75, 57, 54, 62, 50, 58, 
        48, 63, 74, 45, 71, 59), x5 = c(61, 76, 54, 71, 54, 66, 
        70, 71, 62, 58, 59, 55, 79, 60, 79, 55, 75, 64, 66, 63, 
        50, 66, 88, 80, 51, 77, 64), x6 = c(92, 86, 84, 83, 49, 
        68, 66, 83, 80, 67, 74, 63, 77, 54, 79, 80, 85, 78, 80, 
        80, 57, 75, 76, 78, 83, 74, 78), x7 = c(45, 48, 35, 47, 
        34, 35, 41, 31, 41, 34, 41, 25, 46, 36, 63, 60, 46, 52, 
        41, 37, 49, 33, 72, 49, 38, 55, 39)), .Names = c("y", 
        "x1", "x2", "x3", "x4", "x5", "x6", "x7"),