
expected <- structure(list(coefficients = structure(c(3.6803355635803, 0.648703137654867, 
0.307536071523528, 0.0887187195876819, 0.0665610204577454, -0.245311987212789
), .Names = c("x1", "x2", "x3", "x4", "x5", "x6")), residuals = structure(c(-6.25451872578177, 
-0.00143919636048473, 0.201154378819463, 6.12950858907004, -9.60228857656273, 
-8.16113112324002, 1.20689893288607, -9.69783182847758, 8.52692690253546, 
6.83663945082747, 12.3014408938881, 9.24348071198905, 0.377299676415969, 
-3.2924018425311, -2.85253546855045, 3.8465788316883, -2.64635057245827, 
-6.02559972408383, 0.559010951331806, -10.7091636687483, -1.72907057722391, 
6.77574712083168, -2.20867146817115, 2.64029003027159, -7.22290151134512, 
6.08013903216426, 5.67878878081546), .Names = c("1", "3", "4", 
"5", "6", "7", "8", "9", "10", "11", "12", "13", "15", "16", 
"17", "18", "19", "20", "22", "23", "24", "25", "26", "27", "28", 
"29", "30")), effects = structure(c(-338.327257745121, -53.1510040063286, 
8.78068872037153, -1.18878265386656, 1.85781099676678, -9.69803822282433, 
3.9288885781821, -8.52555401351773, 9.45833315699563, 9.64150270591099, 
13.3533747968707, 11.985828852788, 3.19187009753107, -4.09144345957363, 
-3.40671686914117, -0.379329376023221, -0.523849073800083, -5.48145215955936, 
2.25276285741746, -9.72605025055236, 0.0174206151614697, 11.3647060066804, 
0.328757524303212, 5.47233568508049, -8.9072360796861, 6.43672811828441, 
4.52291407374245), .Names = c("x1", "x2", "x3", "x4", "x5", "x6", 
"", "", "", "", "", "", "", "", "", "", "", "", "", "", "", "", 
"", "", "", "", "")), rank = 6L, fitted.values = structure(c(49.2545187257818, 
71.0014391963605, 60.7988456211805, 74.87049141093, 52.6022885765627, 
66.16113112324, 69.7931010671139, 81.6978318284776, 58.4730730974645, 
57.1633605491725, 54.6985591061119, 59.756519288011, 76.622700323584, 
84.2924018425311, 76.8525354685505, 61.1534211683117, 67.6463505724583, 
56.0255997240838, 63.4409890486682, 63.7091636687483, 41.7290705772239, 
56.2242528791683, 68.2086714681711, 75.3597099697284, 55.2229015113451, 
78.9198609678357, 76.3212112191845), .Names = c("1", "3", "4", 
"5", "6", "7", "8", "9", "10", "11", "12", "13", "15", "16", 
"17", "18", "19", "20", "22", "23", "24", "25", "26", "27", "28", 
"29", "30")), assign = 1:6, qr = structure(list(qr = structure(c(-5.19615242270663, 
0.192450089729875, 0.192450089729875, 0.192450089729875, 0.192450089729875, 
0.192450089729875, 0.192450089729875, 0.192450089729875, 0.192450089729875, 
0.192450089729875, 0.192450089729875, 0.192450089729875, 0.192450089729875, 
0.192450089729875, 0.192450089729875, 0.192450089729875, 0.192450089729875, 
0.192450089729875, 0.192450089729875, 0.192450089729875, 0.192450089729875, 
0.192450089729875, 0.192450089729875, 0.192450089729875, 0.192450089729875, 
0.192450089729875, 0.192450089729875, -348.527112500804, -64.4348651884355, 
-0.0229669383926948, 0.209826285526274, -0.147123324482811, 0.0391112546523634, 
0.16326764074248, 0.271904478571332, -0.0540060349152239, -0.17816242100534, 
-0.0695255831764885, -0.0384864866539594, 0.194306737265009, 
0.396060864661448, 0.318463123355125, -0.0695255831764885, 0.0856698994361571, 
-0.100564679699018, -0.0540060349152239, 0.0235917063910989, 
-0.426475193185573, -0.162642872744076, 0.194306737265009, 0.16326764074248, 
-0.116084227960282, 0.318463123355125, 0.271904478571332, -299.837239799146, 
-35.2696104189331, 45.4717957697551, -0.0380840535133793, 0.0872126521589351, 
0.0103665514526157, 0.157060703781583, 0.00227554162890764, 0.114764563850169, 
-0.251846128626777, 0.27510998367928, 0.240310646213429, -0.185621789891437, 
0.0170197698690881, 0.00505567046712557, -0.516589560853441, 
0.0351383343056315, -0.0859404511212294, -0.215110246371798, 
0.126728663252131, -0.501251125255116, -0.0163417761895273, 0.0123030962417429, 
-0.260780722499575, 0.0963966227226797, -0.0389276375624701, 
0.17820877374729, -341.406459180799, -33.9194097202031, 10.5407155148401, 
36.6059638624341, 0.0897971528204355, 0.0103544083740253, -0.0302207584697505, 
0.141170441428741, -0.0368551751118184, 0.111370157485913, -0.0509541564528577, 
0.110478120663389, -0.0732116381865697, 0.574954668908805, -0.0260450262154123, 
0.445858252227107, -0.194944028836955, -0.0459340882034157, 0.0153482615533906, 
0.0177854601837772, 0.170990458022673, -0.204890924487323, -0.415958364288009, 
-0.0988649734515456, 0.20238144379446, 0.050120912918241, 0.246275979765594, 
-390.481232061917, -5.97042769591686, -1.17412283329529, 19.1238755345596, 
48.0485194428116, 0.214125356709807, 0.322323272405652, -0.0773414025862289, 
-0.0315451684013647, 0.108246762763388, 0.115708275914073, 0.297510079628105, 
0.0679573441857613, 0.425531127696252, 0.0714141631886325, -0.274596855650483, 
-0.0591751226695114, -0.0273750118252888, -0.0935062223850969, 
-0.0260814416666869, 0.196061990813332, 0.0778325287985702, 0.223789142187175, 
0.0364330798022519, -0.188464441186065, 0.14547130843176, 0.0179967935995557, 
-225.743955253144, -11.8276201693348, 24.7054241202239, 23.273716187173, 
5.4638483184596, 39.5334868589688, -0.0127939235530501, 0.353206640487416, 
-0.0108196481234208, 0.284592214662425, -0.146167726246188, 0.179862307248757, 
0.181842320033867, -0.050386670936111, -0.367588901592615, -0.273601781745395, 
0.0658159162248655, -0.155586435528214, 0.209211949287727, 0.0793894317644087, 
-0.0517771044217115, 0.325474734057987, -0.449610993071885, 0.167896966341706, 
-0.0573038332779988, -0.186120682245816, -0.0497110150510282), .Dim = c(27L, 
6L), .Dimnames = list(c("1", "3", "4", "5", "6", "7", "8", "9", 
"10", "11", "12", "13", "15", "16", "17", "18", "19", "20", "22", 
"23", "24", "25", "26", "27", "28", "29", "30"), c("x1", "x2", 
"x3", "x4", "x5", "x6")), assign = 1:6), qraux = c(1.19245008972988, 
1.08566989943616, 1.14594018842871, 1.09067459400467, 1.54486544072305, 
1.19159861805888), pivot = 1:6, tol = 1e-07, rank = 6L), .Names = c("qr", 
"qraux", "pivot", "tol", "rank"), class = "qr"), df.residual = 21L, 
    xlevels = structure(list(), .Names = character(0)), call = quote(lm(formula = y ~ 
        . + 0, data = structure(list(y = c(43, 71, 61, 81, 43, 
        58, 71, 72, 67, 64, 67, 69, 77, 81, 74, 65, 65, 50, 64, 
        53, 40, 63, 66, 78, 48, 85, 82), x1 = c(1, 1, 1, 1, 1, 
        1, 1, 1, 1, 1, 1, 1, 1, 1, 1, 1, 1, 1, 1, 1, 1, 1, 1, 
        1, 1, 1, 1), x2 = c(51, 70, 63, 78, 55, 67, 75, 82, 61, 
        53, 60, 62, 77, 90, 85, 60, 70, 58, 61, 66, 37, 54, 77, 
        75, 57, 85, 82), x3 = c(39, 69, 47, 66, 44, 56, 55, 67, 
        47, 58, 39, 42, 72, 72, 69, 75, 57, 54, 62, 50, 58, 48, 
        63, 74, 45, 71, 59), x4 = c(61, 76, 54, 71, 54, 66, 70, 
        71, 62, 58, 59, 55, 79, 60, 79, 55, 75, 64, 66, 63, 50, 
        66, 88, 80, 51, 77, 64), x5 = c(92, 86, 84, 83, 49, 68, 
        66, 83, 80, 67, 74, 63, 77, 54, 79, 80, 85, 78, 80, 80, 
        57, 75, 76, 78, 83, 74, 78), x6 = c(45, 48, 35, 47, 34, 
        35, 41, 31, 41, 34, 41, 25, 46, 36, 63, 60, 46, 52, 41, 
        37, 49, 33, 72, 49, 38, 55, 39)), .Names = c("y", "x1", 
        "x2", "x3", "x4", "x5", "x6"), row.names = c("1", "3", 
        "4", "5", "6", "7", "8", "9", "10", "11", "12", "13", 
        "15", "16", "17", "18", "19", "20", "22", "23", "24", 
        "25", "26", "27", "28", "29", "30"), class = "data.frame"))), 
    terms = y ~ x1 + x2 + x3 + x4 + x5 + x6 + 0, model = structure(list(
        y = c(43, 71, 61, 81, 43, 58, 71, 72, 67, 64, 67, 69, 
        77, 81, 74, 65, 65, 50, 64, 53, 40, 63, 66, 78, 48, 85, 
        82), x1 = c(1, 1, 1, 1, 1, 1, 1, 1, 1, 1, 1, 1, 1, 1, 
        1, 1, 1, 1, 1, 1, 1, 1, 1, 1, 1, 1, 1), x2 = c(51, 70, 
        63, 78, 55, 67, 75, 82, 61, 53, 60, 62, 77, 90, 85, 60, 
        70, 58, 61, 66, 37, 54, 77, 75, 57, 85, 82), x3 = c(39, 
        69, 47, 66, 44, 56, 55, 67, 47, 58, 39, 42, 72, 72, 69, 
        75, 57, 54, 62, 50, 58, 48, 63, 74, 45, 71, 59),