
expected <- structure(list(coefficients = structure(c(4.8976217021166, -0.0622643549366012, 
0.19303158454825, -0.0469096695453719, 0.584841294776022, 0.17920007960271, 
0.111645077777249), .Names = c("x1", "x2", "x3", "x4", "x5", 
"x6", "x7")), residuals = structure(c(-14.3711062500069, 4.89937956767361, 
6.31548971632186, 1.58195109057332, 0.584633669505891, -3.43136841451332, 
9.34061670149446, 15.8639601759172, -3.01256099994325, 5.28737355576316, 
8.40235298667595, -6.51775191299532, 1.84929595229957, 9.33387454403692, 
-0.719125801594825, 0.0799587872895783, 4.67727116568773, -17.7653564550116, 
7.27636282129766, -17.5974375061614, -17.2027030870735, -1.98471640265207, 
-0.387176885486627, 7.03516111322399, -19.6089609456737, 12.9743121991792, 
9.77210267334364), .Names = c("1", "2", "3", "5", "7", "8", "9", 
"10", "11", "12", "13", "14", "15", "16", "17", "18", "19", "21", 
"22", "23", "24", "25", "26", "27", "28", "29", "30")), effects = structure(c(-297.260772005114, 
-166.49080880175, 35.0032594861734, 18.7580657896179, 34.017739522285, 
-12.3056018021314, -4.36309457647437, 15.8312689574507, -2.67572238135401, 
6.73893352575163, 13.4212097085765, -4.87263091650323, 4.86028621692333, 
13.0851974525312, 0.302849526071052, -8.32715039784792, 8.53197932563157, 
-16.7617669006139, 7.13870820733192, -17.6481292059715, -17.34809658433, 
1.94822164027979, 3.80193480569617, 8.42369723120366, -16.4317493856369, 
16.0282309109915, 12.5891839286965), .Names = c("x1", "x2", "x3", 
"x4", "x5", "x6", "x7", "", "", "", "", "", "", "", "", "", "", 
"", "", "", "", "", "", "", "", "", "")), rank = 7L, fitted.values = structure(c(57.3711062500069, 
58.1006204323264, 64.6845102836781, 79.4180489094267, 57.4153663304941, 
74.4313684145133, 62.6593832985055, 51.1360398240828, 67.0125609999432, 
61.7126264442368, 60.597647013324, 74.5177519129953, 75.1507040477004, 
71.6661254559631, 74.7191258015948, 64.9200412127104, 60.3227288343123, 
67.7653564550116, 56.7236371787023, 70.5974375061614, 57.2027030870735, 
64.9847164026521, 66.3871768854866, 70.964838886776, 67.6089609456737, 
72.0256878008208, 72.2278973266564), .Names = c("1", "2", "3", 
"5", "7", "8", "9", "10", "11", "12", "13", "14", "15", "16", 
"17", "18", "19", "21", "22", "23", "24", "25", "26", "27", "28", 
"29", "30")), assign = 1:7, qr = structure(list(qr = structure(c(-8.50613777491913, 
0.0172021483846638, 0.188375817075795, 0.416343609472995, 0.0208919681691776, 
0.113803456795478, 0.138927662910328, 0.0721067177188312, 0.180609235401249, 
0.180078868379163, 0.0937800823179598, 0.21751204853688, 0.185046062505342, 
0.213500949880119, 0.315955300469922, -0.0719982813546169, 0.190114170674811, 
0.0951055212360525, 0.0848123895381129, 0.299283929974768, 0.143015998085415, 
0.143828039036216, 0.188468070012514, 0.294800796392528, 0.100095751854811, 
0.327693099133371, 0.0238375986437565, -278.099538047155, -211.044182430976, 
0.107831080159594, -0.316930213879703, 0.374254101937941, 0.209578189083264, 
0.0710549519465869, 0.157487625471766, 0.0473527000800517, 0.142843223081063, 
0.1137012851662, 0.0159555917651833, 0.00339230419501569, 0.0972418748851539, 
-0.161006246316188, 0.500994281552975, 0.0580758139222055, 0.159276289041155, 
0.249133826949096, -0.019801090989576, 0.10338355004822, 0.135444005190566, 
0.0129383234274433, -0.103712810429823, 0.166682612451277, -0.162806357277089, 
0.223346387320256, -234.999565880748, -133.307295956776, 87.5749329463193, 
-0.143689927632617, 0.175626778864969, 0.0632676781695465, -0.4398672355564, 
0.113065446361375, 0.246031370387345, 0.179598021115484, -0.0891810969106625, 
0.129622131044318, 0.0516237085754368, 0.281897036478362, -0.135023117385825, 
0.0677855346992714, -0.029614056219127, -0.0128547298116336, 
0.158053559386172, 0.179443528552877, 4.04699840147841e-05, 0.178998170335316, 
-0.220342950110214, 0.135877638044195, -0.272353074792302, 0.0781647931629079, 
-0.52443429443231, -233.929183846444, -158.210482999106, 24.0038056313472, 
65.2640584804453, -0.245758997703275, -0.193446665502971, 0.333226693084732, 
-0.00985462991992715, -0.216192969698207, 0.112653420596862, 
-0.35592597680927, -0.129457847590011, 0.0224194829779817, -0.204514883961422, 
0.320935775795723, 0.260414451114319, 0.0871500002475621, 0.0757476810017923, 
0.137139256563244, 0.201802511713405, 0.171631149372937, -0.370733419822254, 
0.0971545400200227, 0.0130699176535912, 0.143569533590472, 0.271167458762806, 
-0.138183416199406, -275.590013500808, -188.669235495457, 16.3686206073096, 
26.8768606189529, 51.4758842456091, -0.0759632570452467, 0.249039244200144, 
-0.0584971450959413, -0.218512472096468, 0.247516903020665, -0.0490976472458112, 
-0.231187561979473, -0.547609758180606, -0.0293649632921398, 
-0.200327821625696, -0.238866465549749, 0.272478257937501, -0.293572930706001, 
0.108192875938268, 0.291733708477926, 0.107381407893957, -0.000434142171705504, 
0.0239412995440373, -0.0162252215874843, -0.0540218837100401, 
-0.158007198482677, -0.108423795971255, -322.524578918646, -207.22705118003, 
33.6738610824682, 32.9935934007992, 16.9034250991813, -60.8737492421582, 
0.158635458780108, 0.482032878946379, 0.154033908183578, 0.188034718720052, 
0.0813062498597526, -0.0155445192653516, 0.214676325879907, -0.117650571994054, 
-0.268410430079429, 0.276185574385011, 0.241579900247063, 0.317494180437667, 
0.329290612425303, 0.222224218858501, 0.248287173675811, -0.0250845703929394, 
-0.000703845870501697, 0.158282602289936, -0.0268170240906866, 
0.151497044319472, -0.136343265394363, -175.152970228586, -123.997921148109, 
32.3985456292837, 1.68774729859222, 7.91276807360188, -12.5130558376122, 
-39.0800442199476, 0.0322139381274539, 0.232020005855897, -0.230210597873313, 
-0.0698207056599595, 0.132331981856578, -0.121942284021167, -0.275614811890023, 
0.199043577866794, 0.42822804655269, -0.234334587020565, -0.0580700987700691, 
-0.206914439039619, 0.142626278713376, 0.0629720174534303, -0.13465885031977, 
-0.123016220606207, 0.222764259427906, -0.210179980226665, -0.120556522820946, 
0.211184995425768), .Dim = c(27L, 7L), .Dimnames = list(c("1", 
"2", "3", "5", "7", "8", "9", "10", "11", "12", "13", "14", "15", 
"16", "17", "18", "19", "21", "22", "23", "24", "25", "26", "27", 
"28", "29", "30"), c("x1", "x2", "x3", "x4", "x5", "x6", "x7"
)), assign = 1:7), qraux = c(1.1533223219923, 1.34138176633491, 
1.05608068432264, 1.11141468982546, 1.2381971562655, 1.14739098654088, 
1.49427690678707), pivot = 1:7, tol = 1e-07, rank = 7L), .Names = c("qr", 
"qraux", "pivot", "tol", "rank"), class = "qr"), df.residual = 20L, 
    xlevels = structure(list(), .Names = character(0)), call = quote(lm(formula = y ~ 
        . + 0, data = structure(list(y = c(43, 63, 71, 81, 58, 
        71, 72, 67, 64, 67, 69, 68, 77, 81, 74, 65, 65, 50, 64, 
        53, 40, 63, 66, 78, 48, 85, 82), x1 = c(1.30418079483706, 
        0.146323844184553, 1.60235065350968, 3.54147610388442, 
        0.17770995963625, 0.968027882764394, 1.18173784146277, 
        0.613349675413581, 1.53628703974583, 1.53177566478469, 
        0.797706300739824, 1.8501874525596, 1.57402730237674, 
        1.8160684947564, 2.68755931651313, -0.612427300759763, 
        1.61713732872443, 0.80898066678936, 0.721425870431298, 
        2.54575034218463, 1.21651378373211, 1.2234211159385, 
        1.60313536969955, 2.50761619027073, 0.851428255961143, 
        2.78740264911869, 0.202765898287018), x2 = c(54, 77, 
        77, 53, 85, 77, 55, 54, 62, 82, 51, 66, 54, 82, 57, 85, 
        67, 61, 77, 82, 63, 70, 57, 63, 64, 60, 54), x3 = c(52, 
        58, 57, 72, 42, 52, 83, 30, 30, 49, 47, 45, 42, 42, 68, 
        46, 58, 47, 42, 56, 50, 39, 68, 47, 72, 52, 83), x4 = c(66, 
        54, 45, 58, 72, 72, 44, 39, 58, 54, 69, 62, 45, 72, 42, 
        39, 54, 45, 45, 54, 42, 75, 54, 54, 54, 39, 72), x5 = c(54, 
        70, 66, 64, 66, 79, 43, 51, 71, 59, 61, 77, 80, 79, 66, 
        79, 50, 71, 59, 58, 51, 71, 58, 62, 66, 63, 70),