
expected <- structure(list(coefficients = structure(c(12.9243322663808, -0.0636139346309451, 
0.0294898113770122, 0.624787477938837, 0.562487284891613, 0.0465363209133906, 
-0.500665684325287), .Names = c("x1", "x2", "x3", "x4", "x5", 
"x6", "x7")), residuals = structure(c(-7.8036958850172, -4.86090685391503, 
4.05870183911247, 8.2919785881559, -11.2476312288285, -8.50915033873183, 
5.21792477935539, -9.68806895175784, 8.74894294958485, -1.50046480054738, 
17.4361331001632, 10.0460382994264, -4.05549876007001, 8.59458760580027, 
3.13305135557231, 4.0871883097382, -3.74312837750974, -8.31850298098903, 
-4.61612654219151, -8.11580801639705, -12.6372161876232, -0.792145149729625, 
-1.59398884190546, -2.95753410260637, -3.7900988187593, 10.2202202236963, 
14.3951987859739), .Names = c("1", "3", "4", "5", "6", "7", "8", 
"9", "10", "11", "12", "13", "15", "16", "17", "18", "19", "20", 
"22", "23", "24", "25", "26", "27", "28", "29", "30")), effects = structure(c(-338.327257745121, 
1.20305256013964, 26.2124280687545, -30.3843959767048, 15.6349093583022, 
-1.3048389646222, -21.1281202428672, -11.7520949102471, 9.44987775451565, 
0.434038200441987, 23.3253887762664, 13.8829161175414, -6.71857201344129, 
11.5161008917568, 5.90917251675351, 9.87612947887903, -5.03678660668421, 
-2.25760807469066, -4.24203185225263, -5.71756965289636, -6.66142438612785, 
-0.757688601018117, 3.93096084269715, -4.36459505569929, -2.08312108477005, 
13.4595824132658, 11.7319425510992), .Names = c("x1", "x2", "x3", 
"x4", "x5", "x6", "x7", "", "", "", "", "", "", "", "", "", "", 
"", "", "", "", "", "", "", "", "", "")), rank = 7L, fitted.values = structure(c(50.8036958850172, 
75.860906853915, 56.9412981608875, 72.7080214118441, 54.2476312288285, 
66.5091503387318, 65.7820752206446, 81.6880689517578, 58.2510570504152, 
65.5004648005474, 49.5638668998368, 58.9539617005736, 81.05549876007, 
72.4054123941997, 70.8669486444277, 60.9128116902618, 68.7431283775097, 
58.318502980989, 68.6161265421915, 61.115808016397, 52.6372161876232, 
63.7921451497296, 67.5939888419055, 80.9575341026064, 51.7900988187593, 
74.7797797763037, 67.6048012140261), .Names = c("1", "3", "4", 
"5", "6", "7", "8", "9", "10", "11", "12", "13", "15", "16", 
"17", "18", "19", "20", "22", "23", "24", "25", "26", "27", "28", 
"29", "30")), assign = 1:7, qr = structure(list(qr = structure(c(-5.19615242270663, 
0.192450089729875, 0.192450089729875, 0.192450089729875, 0.192450089729875, 
0.192450089729875, 0.192450089729875, 0.192450089729875, 0.192450089729875, 
0.192450089729875, 0.192450089729875, 0.192450089729875, 0.192450089729875, 
0.192450089729875, 0.192450089729875, 0.192450089729875, 0.192450089729875, 
0.192450089729875, 0.192450089729875, 0.192450089729875, 0.192450089729875, 
0.192450089729875, 0.192450089729875, 0.192450089729875, 0.192450089729875, 
0.192450089729875, 0.192450089729875, -337.172557206741, -59.570686303472, 
-0.153288915657614, -0.170075695566539, -0.203649255384389, 0.367101261519062, 
0.232807022247662, -0.136502135748689, -0.153288915657614, -0.0189946763862138, 
0.316740921792287, -0.203649255384389, -0.153288915657614, 0.316740921792287, 
-0.102928575930839, 0.367101261519062, 0.0649392231584114, -0.0189946763862138, 
0.232807022247662, 0.316740921792287, -0.00220789647728875, 0.115299562885187, 
-0.102928575930839, -0.00220789647728875, 0.0145788834316363, 
-0.0525682362040639, -0.153288915657614, -274.626278044532, 0.796439446790124, 
55.1069241712419, -0.169215630753378, -0.0511049746107047, 0.227477902388674, 
0.0466450894094169, -0.450645146283539, 0.0348538701884597, -0.0746579557433727, 
0.123372517657566, -0.196277294066249, -0.128464989199028, 0.068932897861737, 
-0.296557703447067, -0.189892516046017, 0.074655632232549, -0.346856054722519, 
0.0103520095455307, 0.0326398179978509, 0.129411545198465, 0.160614477031713, 
-0.332850783310953, -0.160933093712624, 0.097576027025043, -0.410210797899276, 
0.143733109780118, -299.837239799146, -8.2273873531409, 35.4831531618545, 
-44.5520545953088, -0.200994128001564, 0.0780051397582702, -0.0476437631723657, 
-0.0621048505379144, -0.0790684519526726, 0.0168370569369671, 
-0.374047187368716, -0.372985402639411, 0.339085434090144, 0.318996905297167, 
0.103912244659464, 0.139060160321515, 0.0906684252942381, -0.31125799649533, 
0.0777008227581894, -0.20658247318701, 0.1886124214941, -0.0567537460008975, 
-0.0625366706993436, 0.293542951125117, -0.137943161202291, 0.0286298124856526, 
0.285604370451736, -341.406459180799, 4.54735215755102, 24.9912900218953, 
-18.5462307677436, 40.1549992570784, -0.137667884141269, -0.154659519341008, 
0.186199329402369, -0.00937417426105095, 0.240602465608214, -0.0711417223225941, 
0.230706672377396, -0.119684836385656, 0.240005246551196, -0.0693906037898889, 
0.514630464566588, -0.267041605597368, 0.183969816897643, 0.0280889527493819, 
-0.0239758411786368, 0.34142086578056, -0.170646242776277, -0.332500238828288, 
-0.116339443205827, 0.208975088416104, 0.0516047259600743, 0.00139357977143457, 
-390.481232061917, 4.40746232497664, 4.15705139021875, -1.03119360517998, 
18.6061034540775, 48.2436541008784, 0.378050261561781, -0.290525651713998, 
-0.0546146286280796, 0.0340824442866963, 0.115091566636373, 0.0586085333703995, 
0.138163313597391, 0.369750911540334, 0.0229186949444708, -0.416216735887329, 
0.0803506747593922, -0.203795041170905, -0.0414166458278943, 
-0.0297585145482871, 0.194844969418631, 0.201089334524908, 0.268646605086314, 
0.117008971355051, -0.281591258687177, 0.0200002999355623, 0.0292210898823387, 
-225.743955253144, 0.464434244146927, 23.6341966751426, -15.8412630329074, 
15.6144648907954, 7.09040232841057, 42.2000566532539, 0.58333458236568, 
0.0214464830283016, 0.167105708046816, -0.105898440309194, 0.340572310854318, 
0.149777615848747, 0.04836567245144, -0.191448673186672, -0.321914906938769, 
0.0279403798246637, -0.0735513397838343, 0.0928768586161186, 
0.116277031395333, -0.37121165745688, 0.160254506947455, -0.362167178163107, 
0.103704129933025, -0.00613482628501803, 0.00690060375788111, 
0.0708058319703694), .Dim = c(27L, 7L), .Dimnames = list(c("1", 
"3", "4", "5", "6", "7", "8", "9", "10", "11", "12", "13", "15", 
"16", "17", "18", "19", "20", "22", "23", "24", "25", "26", "27", 
"28", "29", "30"), c("x1", "x2", "x3", "x4", "x5", "x6", "x7"
)), assign = 1:7), qraux = c(1.19245008972988, 1.23280702224766, 
1.03485387018846, 1.17562360845157, 1.20487061592865, 1.35620262679594, 
1.01559763378013), pivot = 1:7, tol = 1e-07, rank = 7L), .Names = c("qr", 
"qraux", "pivot", "tol", "rank"), class = "qr"), df.residual = 20L, 
    xlevels = structure(list(), .Names = character(0)), call = quote(lm(formula = y ~ 
        . + 0, data = structure(list(y = c(43, 71, 61, 81, 43, 
        58, 71, 72, 67, 64, 67, 69, 77, 81, 74, 65, 65, 50, 64, 
        53, 40, 63, 66, 78, 48, 85, 82), x1 = c(1, 1, 1, 1, 1, 
        1, 1, 1, 1, 1, 1, 1, 1, 1, 1, 1, 1, 1, 1, 1, 1, 1, 1, 
        1, 1, 1, 1), x2 = c(54, 77, 54, 53, 51, 85, 77, 55, 54, 
        62, 82, 51, 54, 82, 57, 85, 67, 62, 77, 82, 63, 70, 57, 
        63, 64, 60, 54), x3 = c(30, 68, 45, 56, 49, 42, 50, 72, 
        45, 53, 47, 57, 54, 50, 64, 65, 46, 68, 52, 52, 42, 42, 
        66, 58, 44, 71, 39), x4 = c(39, 69, 47, 66, 44, 56, 55, 
        67, 47, 58, 39, 42, 72, 72, 69, 75, 57, 54, 62, 50, 58, 
        48, 63, 74, 45, 71, 59), x5 = c(61, 76, 54, 71, 54, 66, 
        70, 71, 62, 58, 59, 55, 79, 60, 79, 55, 75, 64, 66, 63, 
        50, 66, 88, 80, 51, 77, 64), x6 = c(92, 86, 84, 83, 49, 
        68, 66, 83, 80, 67, 74, 63, 77, 54, 79, 80, 85, 78, 80, 
        80, 57, 75, 76, 78, 83, 74, 78), x7 = c(45, 48, 35, 47, 
        34, 35, 41, 31, 41, 34, 41, 25, 46, 36, 63, 60, 46, 52, 
        41, 37, 49, 33, 72, 49, 38, 55, 39)), .Names = c("y", 
        "x1", "x2", "x3", "x4", "x5", "x6", "x7"),