
expected <- structure(list(coefficients = structure(c(7.58353635107649, 0.583455133735823, 
0.0248159828839217, 0.262958513203201, 0.137721955777114, 0.0158377389087425, 
-0.183652628081223), .Names = c("x1", "x2", "x3", "x4", "x5", 
"x6", "x7")), residuals = structure(c(-7.23114448600623, 1.08638783780811, 
-0.0224481681862032, 0.372003500989528, 6.82496854925484, -11.4533878954146, 
-8.7773352653359, -8.23138818875358, 8.07390852116109, 6.61800777277307, 
10.6240085063243, 9.24899505333365, -4.39855971961275, 0.119135122363424, 
-1.50239530717886, -2.92473172183261, 3.07794737132443, -7.46336904085243, 
7.97211507872278, -0.364364349584402, -10.6286550696492, -4.50327130572559, 
5.0112084413051, 2.70347817643276, -7.14988350491087, 6.0377071070664, 
6.88106298418375), .Names = c("1", "2", "3", "4", "5", "6", "7", 
"9", "10", "11", "12", "13", "14", "15", "16", "17", "18", "20", 
"21", "22", "23", "24", "25", "27", "28", "29", "30")), effects = structure(c(-334.285805860793, 
-54.1626149974308, -4.4141650002435, 10.3844701133398, 2.69504725544653, 
-1.36305146081401, -6.22686340898168, -6.86222113761211, 9.91351094402709, 
10.4799557656156, 11.6049575973027, 13.5364785366409, -5.77277447742595, 
2.99842175988866, -1.29997862023036, -2.47207363231342, -3.24895622122377, 
-6.83581483786322, 9.21926202744587, 0.396690478281175, -8.80418894440599, 
-3.5224897061477, 9.30404547390969, 6.40248081061735, -8.50308342039899, 
6.82574034603994, 6.41567290398207), .Names = c("x1", "x2", "x3", 
"x4", "x5", "x6", "x7", "", "", "", "", "", "", "", "", "", "", 
"", "", "", "", "", "", "", "", "", "")), rank = 7L, fitted.values = structure(c(50.2311444860062, 
61.9136121621919, 71.0224481681862, 60.6279964990105, 74.1750314507452, 
54.4533878954146, 66.7773352653359, 80.2313881887536, 58.9260914788389, 
57.3819922272269, 56.3759914936757, 59.7510049466664, 72.3985597196127, 
76.8808648776366, 82.5023953071789, 76.9247317218326, 61.9220526286756, 
57.4633690408524, 42.0278849212772, 64.3643643495844, 63.6286550696492, 
44.5032713057256, 57.9887915586949, 75.2965218235672, 55.1498835049109, 
78.9622928929336, 75.1189370158162), .Names = c("1", "2", "3", 
"4", "5", "6", "7", "9", "10", "11", "12", "13", "14", "15", 
"16", "17", "18", "20", "21", "22", "23", "24", "25", "27", "28", 
"29", "30")), assign = 1:7, qr = structure(list(qr = structure(c(-5.19615242270663, 
0.192450089729875, 0.192450089729875, 0.192450089729875, 0.192450089729875, 
0.192450089729875, 0.192450089729875, 0.192450089729875, 0.192450089729875, 
0.192450089729875, 0.192450089729875, 0.192450089729875, 0.192450089729875, 
0.192450089729875, 0.192450089729875, 0.192450089729875, 0.192450089729875, 
0.192450089729875, 0.192450089729875, 0.192450089729875, 0.192450089729875, 
0.192450089729875, 0.192450089729875, 0.192450089729875, 0.192450089729875, 
0.192450089729875, 0.192450089729875, -341.791359360259, -70.2329457353646, 
0.0940757185871527, -0.00559260554061164, 0.207982374733169, 
-0.119499261686628, 0.0513607225323965, 0.264935702806177, -0.0340692695771157, 
-0.147975925723132, -0.0483076015953678, -0.0198309375588637, 
0.279174034824429, 0.193744042714917, 0.378842358952194, 0.307650698860933, 
-0.0483076015953678, -0.0767842656318719, -0.333074241960409, 
-0.0340692695771157, 0.0371223905141445, -0.375789238015165, 
-0.13373759370488, 0.165267378678413, -0.0910225976501239, 0.307650698860933, 
0.264935702806177, -293.48638683806, -2.23383608997464, -68.5693132316772, 
0.144710858002082, -0.0822111838968139, -0.0395512484774956, 
0.163922995121093, 0.214092834481152, -0.127403308592223, -0.28249784862349, 
0.254263912568146, -0.217394865269481, 0.124101277803894, 0.226537121142777, 
-0.28708287057458, -0.230887234240488, 0.268847695792301, 0.0113173124221516, 
0.0269491779556897, 0.426780453925687, -0.0669286791330701, 0.0344157499526645, 
0.444202455251962, -0.0893283951239946, -0.117447879262923, 0.00245329734600009, 
-0.0775828300019582, -291.754336030491, -37.5876144912945, -6.08303459126191, 
49.9757474623717, -0.123565686454076, 0.0833216374686831, 0.043735780375399, 
0.00302246449439821, 0.0573787099280883, -0.303202729067643, 
0.339891305394771, 0.136806313723307, 0.422615065577549, -0.146642477323179, 
-0.185632944021791, -0.159948136327025, -0.375367399383469, -0.0666427668643744, 
0.144750857572963, -0.0493202286702329, 0.0724195121794216, -0.365251927696792, 
0.161352672964368, -0.318503881401983, 0.0577049908109435, -0.118516327880465, 
0.0612860854117062, -328.319853079167, -33.1911339714365, -7.8817916381047, 
16.1626096827158, 31.1619978271919, 0.0725220157164626, 0.0109673677963054, 
0.135350213184575, -0.1228037416057, 0.0679571139322163, -0.0412278545650637, 
0.00783221378109103, 0.172525722633312, -0.0783245142189634, 
0.472599313163585, -0.200736149767742, 0.629104052136708, -0.0629471080302655, 
0.189807950295343, 0.13528015472154, -0.0570851021834362, 0.30466066029222, 
-0.11810869169669, -0.187219608393361, 0.175012789845786, -0.0383022769286911, 
0.155018281219115, -387.979380895428, -10.5506040255248, -12.2615346962769, 
-2.15756739224333, 19.9187875053314, 44.642203449807, 0.292036464115328, 
-0.0350084097095155, -0.0737525567202041, 0.036764403626939, 
0.23254388500827, 0.239667379130659, 0.0983174136065752, 0.142183985650072, 
0.289485442749744, -0.0514805514476399, -0.176565186668523, -0.00615211008395083, 
0.227913110226876, 0.0785844488808713, -0.0557221569633703, 0.290333132867914, 
0.284215571844301, -0.00855911882017532, -0.233301395678692, 
0.118332116884313, -0.049429956534265, -217.276151305029, -8.12850554553101, 
-0.907835523332672, 26.9468148330813, 10.4115721462968, 11.2717310119161, 
33.9056591459599, 0.426587284650357, 0.0183965569572413, 0.38026818795728, 
-0.287185917682426, 0.283002301296823, -0.116927483331414, 0.115996157197325, 
0.208245490223017, -0.306935561628447, -0.335632984146707, -0.230580570712718, 
-0.0987704835469233, 0.0675796303313632, 0.13175360813919, -0.193679312754976, 
0.114888625190742, 0.197356301106188, 0.0281950720123834, -0.172967349305602, 
0.0920975494150448), .Dim = c(27L, 7L), .Dimnames = list(c("1", 
"2", "3", "4", "5", "6", "7", "9", "10", "11", "12", "13", "14", 
"15", "16", "17", "18", "20", "21", "22", "23", "24", "25", "27", 
"28", "29", "30"), c("x1", "x2", "x3", "x4", "x5", "x6", "x7"
)), assign = 1:7), qraux = c(1.19245008972988, 1.00864572647764, 
1.03978615733087, 1.17394859883147, 1.0053585103211, 1.59193569847029, 
1.13949338429591), pivot = 1:7, tol = 1e-07, rank = 7L), .Names = c("qr", 
"qraux", "pivot", "tol", "rank"), class = "qr"), df.residual = 20L, 
    xlevels = structure(list(), .Names = character(0)), call = quote(lm(formula = y ~ 
        . + 0, data = structure(list(y = c(43, 63, 71, 61, 81, 
        43, 58, 72, 67, 64, 67, 69, 68, 77, 81, 74, 65, 50, 50, 
        64, 53, 40, 63, 78, 48, 85, 82), x1 = c(1, 1, 1, 1, 1, 
        1, 1, 1, 1, 1, 1, 1, 1, 1, 1, 1, 1, 1, 1, 1, 1, 1, 1, 
        1, 1, 1, 1), x2 = c(51, 64, 70, 63, 78, 55, 67, 82, 61, 
        53, 60, 62, 83, 77, 90, 85, 60, 58, 40, 61, 66, 37, 54, 
        75, 57, 85, 82), x3 = c(42, 64, 58, 64, 51, 50, 66, 72, 
        45, 33, 71, 39, 66, 72, 39, 42, 72, 54, 52, 83, 50, 52, 
        83, 50, 45, 58, 52), x4 = c(39, 54, 69, 47, 66, 44, 56, 
        67, 47, 58, 39, 42, 45, 72, 72, 69, 75, 54, 34, 62, 50, 
        58, 48, 74, 45, 71, 59), x5 = c(61, 63, 76, 54, 71, 54, 
        66, 71, 62, 58, 59, 55, 59, 79, 60, 79, 55, 64, 43, 66, 
        63, 50, 66, 80, 51, 77, 64), x6 = c(92, 73, 86, 84, 83, 
        49, 68, 83, 80, 67, 74, 63, 77, 77, 54, 79, 80, 78, 64, 
        80, 80, 57, 75, 78, 83, 74, 78), x7 = c(45, 47, 48, 35, 
        47, 34, 35, 31, 41, 34, 41, 25, 35, 46, 36, 63, 60, 52, 
        33, 41, 37, 49, 33, 49, 38, 55, 39)), .Names = c("y", 
        "x1", "x2", "x3", "x4", "x5", "x6", "x7"),