
expected <- structure(list(coefficients = structure(c(3.55416108040881, 0.684322489982507, 
0.00174273460642339, 0.312060011514778, 0.0114182841688825, 0.0807527863072928, 
-0.213064447706722), .Names = c("x1", "x2", "x3", "x4", "x5", 
"x6", "x7")), residuals = structure(c(-6.22652036872489, 0.444201553746215, 
-0.365705557156212, 5.77321584822063, -9.51990773066223, -7.99106621355641, 
1.46647509097284, -9.61028448271455, 8.47873612842059, 7.12214055365887, 
11.8893677074368, 9.56018762053562, 1.01997198682871, -4.14257983651767, 
-2.89257265944944, 2.50725781530185, -2.26655195003673, -6.00489233409243, 
0.865564802636138, -10.6635852999259, -1.83752524226331, 7.55864554296538, 
-1.57197229813331, 3.19036543629364, -8.09665427689986, 6.17035652515873, 
5.14333163795695), .Names = c("1", "3", "4", "5", "6", "7", "8", 
"9", "10", "11", "12", "13", "15", "16", "17", "18", "19", "20", 
"22", "23", "24", "25", "26", "27", "28", "29", "30")), effects = structure(c(-338.327257745121, 
-53.1510040063286, 2.38481266822958, -8.69855043732628, -1.43923086110169, 
1.31215383930423, 9.16218129822084, -5.20672363319407, 10.0600812338524, 
9.54476151145101, 16.8543766925761, 14.8538146036583, 0.485524050064716, 
-2.44853127858789, -4.32664253307788, 0.936744003513587, -1.84783956527938, 
-4.01392857804965, 0.94393688870296, -8.44793934569692, -2.55201271457117, 
10.2231371586552, -1.54413058766473, 3.36841617799119, -6.01536096979662, 
6.68040578344594, 4.60886947025054), .Names = c("x1", "x2", "x3", 
"x4", "x5", "x6", "x7", "", "", "", "", "", "", "", "", "", "", 
"", "", "", "", "", "", "", "", "", "")), rank = 7L, fitted.values = structure(c(49.2265203687249, 
70.5557984462538, 61.3657055571562, 75.2267841517794, 52.5199077306622, 
65.9910662135564, 69.5335249090272, 81.6102844827145, 58.5212638715794, 
56.8778594463411, 55.1106322925632, 59.4398123794644, 75.9800280131713, 
85.1425798365177, 76.8925726594494, 62.4927421846981, 67.2665519500367, 
56.0048923340924, 63.1344351973639, 63.6635852999259, 41.8375252422633, 
55.4413544570346, 67.5719722981333, 74.8096345637064, 56.0966542768999, 
78.8296434748413, 76.8566683620431), .Names = c("1", "3", "4", 
"5", "6", "7", "8", "9", "10", "11", "12", "13", "15", "16", 
"17", "18", "19", "20", "22", "23", "24", "25", "26", "27", "28", 
"29", "30")), assign = 1:7, qr = structure(list(qr = structure(c(-5.19615242270663, 
0.192450089729875, 0.192450089729875, 0.192450089729875, 0.192450089729875, 
0.192450089729875, 0.192450089729875, 0.192450089729875, 0.192450089729875, 
0.192450089729875, 0.192450089729875, 0.192450089729875, 0.192450089729875, 
0.192450089729875, 0.192450089729875, 0.192450089729875, 0.192450089729875, 
0.192450089729875, 0.192450089729875, 0.192450089729875, 0.192450089729875, 
0.192450089729875, 0.192450089729875, 0.192450089729875, 0.192450089729875, 
0.192450089729875, 0.192450089729875, -348.527112500804, -64.4348651884355, 
-0.0229669383926948, 0.209826285526274, -0.147123324482811, 0.0391112546523634, 
0.16326764074248, 0.271904478571332, -0.0540060349152239, -0.17816242100534, 
-0.0695255831764885, -0.0384864866539594, 0.194306737265009, 
0.396060864661448, 0.318463123355125, -0.0695255831764885, 0.0856698994361571, 
-0.100564679699018, -0.0540060349152239, 0.0235917063910989, 
-0.426475193185573, -0.162642872744076, 0.194306737265009, 0.16326764074248, 
-0.116084227960282, 0.318463123355125, 0.271904478571332, -274.626278044532, 
-24.9910710853059, 49.1208079475144, 0.0332697122450195, -0.1175759361763, 
0.17798279240609, 0.117154307922394, -0.241440185980785, 0.0403824137808932, 
-0.224516643047355, -0.0130879396546342, -0.191158831431529, 
0.0612312441374779, 0.308470469495412, -0.0403131830102102, -0.37953142363057, 
0.134814139392708, -0.466114159169628, -0.102123385543082, -0.0383513316854092, 
-0.204649530739946, 0.0121754523761407, -0.183064411846479, -0.0457094627335769, 
0.00972274202675147, -0.182818982334185, 0.430372867975097, -299.837239799146, 
-35.2696104189331, 21.7298843053379, -39.9436645615164, -0.177617837000547, 
0.106779989075908, -0.100743421629851, -0.163450290946938, -0.103742940267717, 
0.137116691742865, -0.321904565512506, -0.400929011325126, 0.252106902281073, 
0.186143551267977, -0.0326140735118242, 0.335221351322635, 0.0498186683736243, 
-0.212714672469972, 0.17684128669816, -0.169819303439769, 0.434275378359838, 
0.0267153585700828, -0.135972710318455, 0.266418319331288, -0.103259952891661, 
-0.0774882175469095, 0.083863901372416, -339.28950819377, -3.93276848902116, 
-21.9071907944961, -2.7965355843119, -52.80546696944, 0.366916860728469, 
0.114158258444874, 0.204933697290086, 0.0490418371778715, -0.0542579883183295, 
0.54418805818564, -0.247151999862198, -0.0769661583547507, -0.12177481238119, 
-0.278577154262945, -0.10556387098033, 0.182646028767457, -0.108509531593819, 
-0.137575290862861, -0.0507192709391137, -0.248456862826822, 
0.192095284270124, 0.0935506943827051, 0.151925869981977, 0.153664684415751, 
-0.234074108007897, -0.167196408099987, -390.481232061917, -5.97042769591686, 
1.69755370724668, 2.26011109235466, -2.89446581426155, 51.5693094528765, 
0.237432292302914, -0.130653507839583, -0.0703354341786171, 0.167404327096899, 
-0.152980644588415, 0.357244978405537, 0.100648566589745, 0.635997832247544, 
0.161963594343992, -0.050933646679575, -0.175380488547311, -0.0262782195591274, 
-0.0108197811362702, -0.0191885335885967, 0.375183909136811, 
-0.0582081859519558, 0.0334155370105755, -0.0238255773711928, 
-0.187035270620906, 0.22953066277373, 0.167303809489979, -225.743955253144, 
-11.8276201693348, 20.5044038044349, -16.9699421678191, 2.82800279768237, 
13.3866143209615, -43.001924520192, -0.480918138454241, 0.00744051734322296, 
-0.311092486458553, 0.137792541616013, -0.307995734381148, -0.0545048986053091, 
0.00556946519952826, 0.326419466088869, -0.00769988023548279, 
0.0646452480762988, -0.0134463423105275, -0.210190039317828, 
-0.138329741048394, 0.0526347934836041, -0.176462160107355, 0.560523504757112, 
-0.0439924590943666, -0.0802131384767033, 0.101477763918023, 
0.0596777835277831), .Dim = c(27L, 7L), .Dimnames = list(c("1", 
"3", "4", "5", "6", "7", "8", "9", "10", "11", "12", "13", "15", 
"16", "17", "18", "19", "20", "22", "23", "24", "25", "26", "27", 
"28", "29", "30"), c("x1", "x2", "x3", "x4", "x5", "x6", "x7"
)), assign = 1:7), qraux = c(1.19245008972988, 1.08566989943616, 
1.06589123532396, 1.06552080427392, 1.18657539285689, 1.07537101026788, 
1.10210571216675), pivot = 1:7, tol = 1e-07, rank = 7L), .Names = c("qr", 
"qraux", "pivot", "tol", "rank"), class = "qr"), df.residual = 20L, 
    xlevels = structure(list(), .Names = character(0)), call = quote(lm(formula = y ~ 
        . + 0, data = structure(list(y = c(43, 71, 61, 81, 43, 
        58, 71, 72, 67, 64, 67, 69, 77, 81, 74, 65, 65, 50, 64, 
        53, 40, 63, 66, 78, 48, 85, 82), x1 = c(1, 1, 1, 1, 1, 
        1, 1, 1, 1, 1, 1, 1, 1, 1, 1, 1, 1, 1, 1, 1, 1, 1, 1, 
        1, 1, 1, 1), x2 = c(51, 70, 63, 78, 55, 67, 75, 82, 61, 
        53, 60, 62, 77, 90, 85, 60, 70, 58, 61, 66, 37, 54, 77, 
        75, 57, 85, 82), x3 = c(30, 68, 45, 56, 49, 42, 50, 72, 
        45, 53, 47, 57, 54, 50, 64, 65, 46, 68, 52, 52, 42, 42, 
        66, 58, 44, 71, 39), x4 = c(39, 69, 47, 66, 44, 56, 55, 
        67, 47, 58, 39, 42, 72, 72, 69, 75, 57, 54, 62, 50, 58, 
        48, 63, 74, 45, 71, 59), x5 = c(62, 64, 55, 80, 70, 88, 
        71, 71, 66, 61, 88, 43, 66, 66, 50, 60, 77, 50, 59, 59, 
        55, 75, 66, 77, 71, 50, 63), x6 = c(92, 86, 84, 83, 49, 
        68, 66, 83, 80, 67, 74, 63, 77, 54, 79, 80, 85, 78, 80, 
        80, 57, 75, 76, 78, 83, 74, 78), x7 = c(45, 48, 35, 47, 
        34, 35, 41, 31, 41, 34, 41, 25, 46, 36, 63, 60, 46, 52, 
        41, 37, 49, 33, 72, 49, 38, 55, 39)), .Names = c("y", 
        "x1", "x2", "x3", "x4", "x5", "x6", "x7"),