
expected <- structure(list(coefficients = structure(c(11.8185541510884, 0.688868808395936, 
-0.129192929987679, 0.32479275988943, 0.0762227980333688, -0.0648312995963087, 
-0.133107183740712), .Names = c("x1", "x2", "x3", "x4", "x5", 
"x6", "x7")), residuals = structure(c(-6.34491915852997, 0.774607546844455, 
2.72877640713257, 0.374743569933643, 7.14922106459258, -8.87615545872761, 
-7.53151728193655, -0.0704873272953362, -5.7068192844885, 9.8862808927921, 
9.23119534702579, 12.3639200424528, 0.720109259048011, 1.79569608001724, 
-3.94819662143161, -2.76960638037984, -3.50807859650852, -5.30658667231919, 
8.13879679465472, 0.668909824341673, -9.33887454507558, -3.85826180005225, 
-3.18786701849742, 3.26158655703249, -7.14916714578839, 6.53544594235516, 
3.96724796280756), .Names = c("1", "2", "3", "4", "5", "6", "7", 
"8", "9", "10", "11", "12", "14", "15", "16", "17", "19", "20", 
"21", "22", "23", "24", "26", "27", "28", "29", "30")), effects = structure(c(-335.248056309443, 
55.507881731414, 5.01730832808559, 12.937982009321, -1.27807960301797, 
3.40246836750872, -4.21463654916823, 0.5062633962667, -6.43911206491779, 
13.2179831119868, 10.6998885668559, 13.9405665886882, -0.219229114105528, 
5.09556365980942, -6.82989684930122, -3.1965122152341, -1.55771238835708, 
-8.23733689120781, 7.51970173804012, -0.247410465603328, -8.17333486390365, 
-6.48588949751562, -1.40498823036747, 4.51218920023164, -8.80922085304003, 
4.13110804651633, 3.02973425056308), .Names = c("x1", "x2", "x3", 
"x4", "x5", "x6", "x7", "", "", "", "", "", "", "", "", "", "", 
"", "", "", "", "", "", "", "", "", "")), rank = 7L, fitted.values = structure(c(49.34491915853, 
62.2253924531555, 68.2712235928674, 60.6252564300664, 73.8507789354074, 
51.8761554587276, 65.5315172819365, 71.0704873272953, 77.7068192844885, 
57.1137191072079, 54.7688046529742, 54.6360799575472, 67.279890740952, 
75.2043039199828, 84.9481966214316, 76.7696063803798, 68.5080785965085, 
55.3065866723192, 41.8612032053453, 63.3310901756583, 62.3388745450756, 
43.8582618000522, 69.1878670184974, 74.7384134429675, 55.1491671457884, 
78.4645540576448, 78.0327520371924), .Names = c("1", "2", "3", 
"4", "5", "6", "7", "8", "9", "10", "11", "12", "14", "15", "16", 
"17", "19", "20", "21", "22", "23", "24", "26", "27", "28", "29", 
"30")), assign = 1:7, qr = structure(list(qr = structure(c(-5.19615242270663, 
0.192450089729875, 0.192450089729875, 0.192450089729875, 0.192450089729875, 
0.192450089729875, 0.192450089729875, 0.192450089729875, 0.192450089729875, 
0.192450089729875, 0.192450089729875, 0.192450089729875, 0.192450089729875, 
0.192450089729875, 0.192450089729875, 0.192450089729875, 0.192450089729875, 
0.192450089729875, 0.192450089729875, 0.192450089729875, 0.192450089729875, 
0.192450089729875, 0.192450089729875, 0.192450089729875, 0.192450089729875, 
0.192450089729875, 0.192450089729875, -350.644063487833, 69.9767157041593, 
-0.0740027970375246, 0.0260304773103873, -0.188326539149424, 
0.140354219422287, -0.0311313937455624, -0.145455135857462, -0.245488410205373, 
0.0546114128383621, 0.168935154950261, 0.0689018806023495, -0.259778877969361, 
-0.174036071385436, -0.359812152317273, -0.288359813497336, -0.0740027970375246, 
0.0974828161303243, 0.354711235882098, 0.0546114128383621, -0.0168409259815749, 
0.39758263917406, -0.174036071385436, -0.145455135857462, 0.111773283894312, 
-0.288359813497336, -0.245488410205373, -275.203628313722, 37.1192253786653, 
-51.7989002803227, -0.0646111375218958, 0.00305168115368953, 
0.0897822602435688, -0.161113265566024, -0.0838415133947335, 
0.273352707176091, -0.045318217241926, 0.186296897169124, 0.00293910122085157, 
0.476065967811465, -0.0259127170291181, -0.228538415494507, 0.0899698934649654, 
-0.112830929340394, 0.427646033890144, -0.074407704238998, 0.0898197868878481, 
0.0415874861879235, 0.128280538633523, 0.205752432907637, 0.0706019198964369, 
-0.0260378058433825, 0.22510789759474, -0.363726455149987, -293.67883692779, 
37.9020254461815, -7.52187192325024, 43.33126643185, -0.121492937648673, 
0.135014367433991, -0.0835009050119497, 0.064907370321727, -6.93956314350381e-05, 
0.0915809510779477, -0.178492309224744, 0.280997970441483, 0.591510443853834, 
-0.282447065505078, -0.194720363674145, -0.0742433357923988, 
-0.0527603812070296, 0.0603482267727822, 0.123980681013588, -0.206851483211803, 
0.114317693405659, -0.395054295483173, 0.00709158923035469, -0.31901745600949, 
0.0955309830565158, -0.0726614600816332, -0.0404954151910349, 
-339.28950819377, 36.8715239374229, -8.58423415944909, 19.7034837366774, 
33.3796944967433, 0.0891282688594576, -0.00534326791010281, -0.0787541470762473, 
0.195243614382479, -0.0724219506765863, 0.215632463139881, -0.125555909291352, 
0.195615399430647, -0.0260201866444669, 0.607944339783501, -0.0104391317533713, 
-0.230835737455126, 0.0282513371371344, 0.118579321337855, 0.0901938159779225, 
-0.00439100325568319, 0.338586271621436, -0.427458024109425, 
-0.0225831698730062, 0.196518979383285, 0.101239274755126, 0.186282569069957, 
-361.421268512706, 23.5046438122562, 1.58147402963214, 8.05986734767547, 
0.349667573357798, -62.9651776519788, 0.184869704732102, -0.309256517915353, 
-0.219232283424106, 0.272572215430308, 0.284538403435423, 0.027729435859563, 
0.247486909622777, 0.111899506608859, -0.0512367105035045, -0.0377941119472536, 
-0.308583956538923, -0.246770632410616, -0.0470950249634437, 
-0.292994322604141, -0.0344760298091088, 0.0621304459190416, 
-0.110411398799611, -0.147884380745627, -0.0971267045243227, 
-0.2814976491461, -0.311199046993083, -225.166604983954, 11.2561251087674, 
-11.4580557756746, 15.8896201680194, 28.5461971703421, 5.1060048742782, 
31.6634792407464, 0.177297257352778, 0.446296134854881, -0.0100091638274003, 
0.208640574409372, -0.0244015786032685, -0.102410662244619, 0.143334734729075, 
-0.115949271852281, -0.442013328124865, 0.195504115672795, -0.140747658586129, 
0.0499046510041428, 0.231066308234136, 0.162625914034521, -0.249524098815532, 
-0.405648280156803, 0.156480210104467, -0.064806505862589, -0.178783657638509, 
0.0142055043628035), .Dim = c(27L, 7L), .Dimnames = list(c("1", 
"2", "3", "4", "5", "6", "7", "8", "9", "10", "11", "12", "14", 
"15", "16", "17", "19", "20", "21", "22", "23", "24", "26", "27", 
"28", "29", "30"), c("x1", "x2", "x3", "x4", "x5", "x6", "x7"
)), assign = 1:7), qraux = c(1.19245008972988, 1.0117400095464, 
1.31188851221032, 1.1092741072632, 1.1175208252798, 1.34562589292837, 
1.23933434453029), pivot = 1:7, tol = 1e-07, rank = 7L), .Names = c("qr", 
"qraux", "pivot", "tol", "rank"), class = "qr"), df.residual = 20L, 
    xlevels = structure(list(), .Names = character(0)), call = quote(lm(formula = y ~ 
        . + 0, data = structure(list(y = c(43, 63, 71, 61, 81, 
        43, 58, 71, 72, 67, 64, 67, 68, 77, 81, 74, 65, 50, 50, 
        64, 53, 40, 66, 78, 48, 85, 82), x1 = c(1, 1, 1, 1, 1, 
        1, 1, 1, 1, 1, 1, 1, 1, 1, 1, 1, 1, 1, 1, 1, 1, 1, 1, 
        1, 1, 1, 1), x2 = c(51, 64, 70, 63, 78, 55, 67, 75, 82, 
        61, 53, 60, 83, 77, 90, 85, 70, 58, 40, 61, 66, 37, 77, 
        75, 57, 85, 82), x3 = c(30, 51, 68, 45, 56, 49, 42, 50, 
        72, 45, 53, 47, 83, 54, 50, 64, 46, 68, 33, 52, 52, 42, 
        66, 58, 44, 71, 39), x4 = c(39, 54, 69, 47, 66, 44, 56, 
        55, 67, 47, 58, 39, 45, 72, 72, 69, 57, 54, 34, 62, 50, 
        58, 63, 74, 45, 71, 59), x5 = c(61, 63, 76, 54, 71, 54, 
        66, 70, 71, 62, 58, 59, 59, 79, 60, 79, 75, 64, 43, 66, 
        63, 50, 88, 80, 51, 77, 64), x6 = c(78, 49, 74, 54, 78, 
        83, 86, 57, 67, 84, 84, 64, 84, 92, 86, 83, 57, 49, 49, 
        54, 67, 64, 73, 75, 57, 67, 63), x7 = c(45, 47, 48, 35, 
        47, 34, 35, 41, 31, 41, 34, 41, 35, 46, 36, 63, 46, 52, 
        33, 41, 37, 49, 72, 49, 38, 55, 39)), .Names = c("y", 
        "x1", "x2", "x3", "x4", "x5", "x6", "x7"),