
expected <- structure(list(coefficients = structure(c(2.05177341465406, 0.068437897033628, 
0.0668788075736628, 0.204892626794986, 0.453059108972755, 0.106758207606246, 
0.179854501464118), .Names = c("x1", "x2", "x3", "x4", "x5", 
"x6", "x7")), residuals = structure(c(-23.0125785721803, -10.3479489042361, 
4.6957969346951, 0.0362482347033559, -11.4969104336488, 9.69108719391673, 
2.57315752279974, 3.90959543267924, -3.8356660476752, -1.84015400142046, 
2.60170791198373, 2.15393804775585, 6.24388813343024, 21.1593851273048, 
7.20467085608154, 0.0801895327808317, -0.116530081199968, -8.68345481427799, 
-2.89129313493169, -7.80193246747404, -21.9162922944571, -5.97480042779201, 
2.60726038523586, 11.1405943542224, -13.5608775488018, 28.7195868326764, 
12.761815391062), .Names = c("1", "2", "3", "5", "7", "8", "9", 
"10", "11", "12", "13", "14", "15", "16", "17", "18", "19", "21", 
"22", "23", "24", "25", "26", "27", "28", "29", "30")), effects = structure(c(-295.299538498437, 
-167.015805382957, -34.1664586843265, 18.3282454318611, 36.9225046855359, 
-11.2529838730971, -4.87209235160907, 2.03476020504177, -0.212735248922703, 
2.34892841797331, 9.07163747600174, 6.66433612255588, 11.7369792954515, 
21.8707534413126, 4.81269190659446, 5.90773478154844, 1.09153978354895, 
-1.19297197149627, 6.42576033252758, -10.1037692723455, -22.6216201864545, 
0.122428716359574, 9.73783617558034, 22.3042188630553, -14.0175729525565, 
30.0854099079725, 16.6060523695468), .Names = c("x1", "x2", "x3", 
"x4", "x5", "x6", "x7", "", "", "", "", "", "", "", "", "", "", 
"", "", "", "", "", "", "", "", "", "")), rank = 7L, fitted.values = structure(c(66.0125785721803, 
73.3479489042361, 66.3042030653049, 80.9637517652966, 69.4969104336488, 
61.3089128060833, 69.4268424772003, 63.0904045673208, 67.8356660476752, 
68.8401540014205, 66.3982920880163, 65.8460619522442, 70.7561118665698, 
59.8406148726952, 66.7953291439185, 64.9198104672192, 65.1165300812, 
58.683454814278, 66.8912931349317, 60.801932467474, 61.9162922944571, 
68.974800427792, 63.3927396147641, 66.8594056457776, 61.5608775488018, 
56.2804131673236, 69.238184608938), .Names = c("1", "2", "3", 
"5", "7", "8", "9", "10", "11", "12", "13", "14", "15", "16", 
"17", "18", "19", "21", "22", "23", "24", "25", "26", "27", "28", 
"29", "30")), assign = 1:7, qr = structure(list(qr = structure(c(-6.45362522759304, 
0.162856462101271, -0.0126535352003175, 0.338507311533684, 0.0644656299946256, 
0.0787527167081783, 0.0739691169287687, 0.236055263771057, 0.143391935147789, 
0.154709841123725, 0.23030180087932, 0.152046194366019, 0.163668934973684, 
0.118517248553692, 0.0649261013258001, 0.303037032837841, 0.153905734012471, 
0.0892837832250436, 0.266452493877125, 0.121726370769705, 0.0385881837404037, 
0.348592220355168, 0.276816104487339, 0.0732441073827821, 0.227439736867985, 
0.0423639129858486, 0.376069133402774, -312.890301421747, -199.47596165004, 
0.313774492353267, -0.164451863082808, 0.298848347097062, 0.267851675435615, 
0.316656561344668, -0.138545440475609, 0.0249657013429929, 0.0946185701303514, 
0.00727288125822951, 0.134554819722822, -0.00689839173920674, 
0.0902571592659865, 0.147616839124002, -0.140048114302086, 0.0710153009983394, 
0.123370726595065, -0.0584734015275523, 0.0794076805391334, 0.195516893976706, 
-0.358252750808779, -0.127452772222806, 0.282883168868656, -0.142929157369273, 
0.228755160829277, -0.378145453495196, -234.199417461893, -138.414039712666, 
-69.2400640592623, -0.158506734858885, -0.0405170633616774, -0.0761291344540034, 
-0.166799026615051, 0.436913225648577, 0.256598021493974, 0.212144559530009, 
-0.0961380077949441, -0.0713935579277274, 0.0998798825529165, 
0.0625943838993997, 0.045455337022162, -0.178045694904859, 0.231404120768844, 
0.39374661008212, -0.0287132492629342, 0.447282126451712, 0.193368563653983, 
0.17642416536776, -0.0206646764077915, 0.218285419635943, 0.173192106796608, 
0.130450091708116, 0.014041915214158, -248.34732661641, -140.891814157602, 
-39.5983980585556, 58.6009294897111, -0.199346419889223, 0.0404638442340723, 
-0.0993460857784727, 0.348132360593696, -0.314220718029734, 0.232041071583457, 
-0.0233193076620065, 0.181721628680665, -0.4715340562553, 0.124569242788951, 
-0.106859099874951, -0.139700837768167, 0.242498227010864, -0.280132416531971, 
-0.0879160112971532, 0.290143490275471, -0.221419397305179, 0.00366627819893812, 
-0.171295492325208, -0.0878057492393956, 0.136721750786468, -0.0104216112537975, 
-0.184158631473742, -288.685538842043, -165.443968599648, -34.2034191580381, 
7.28003318811652, 71.5687093090109, 0.237802526768302, 0.18381611916717, 
0.250267529235209, -0.0452249446976573, 0.0803238293416277, 0.146725000847951, 
0.00786953612981993, -0.275676006375691, -0.0946836168997275, 
-0.386999654006678, 0.123882229975942, 0.157506670214014, 0.270751925229966, 
0.192940065149012, 0.371846966453507, -0.0359303646718412, -0.340957831055311, 
0.152341148857343, 0.285255161507142, -0.09835074939581, 0.107310067552676, 
-0.209787345457251, -329.103848622642, -182.009888836133, -27.9656931713794, 
11.3451943212259, 26.1137037851647, -61.0191628384253, 0.147601380355368, 
0.298281087923001, 0.112926072563811, -0.237341438069816, -0.0217417794786484, 
-0.131091037674366, -0.0345633686471965, 0.00448051250282922, 
0.194615200513246, 0.242742402932432, 0.14230778098699, -0.295980968207884, 
-0.146328974231877, 0.181224766452806, 0.189039977778453, -0.430459331085593, 
-0.029232912877149, -0.510133796595401, 0.116094737555884, 0.122974512030913, 
0.0193389373932527, -156.631852352088, -115.940849784614, -16.3499276341972, 
10.0740825564997, 9.50655553062055, -26.3473384333309, -27.089076514335, 
-0.281849857098535, -0.386952747100866, 0.0624666371116916, 0.0622872509149295, 
0.0999942971716908, -0.218255282991451, 0.108873910030718, 0.0587887419233423, 
-0.160138827687325, -0.309435702761127, -0.0113126862676195, 
-0.0883555177977922, 0.168627997726251, 0.0970430583468884, 0.224680976578961, 
0.0788289469201241, -0.101102115722513, 0.0538498221763818, -0.141922246940238, 
0.248831096165601), .Dim = c(27L, 7L), .Dimnames = list(c("1", 
"2", "3", "5", "7", "8", "9", "10", "11", "12", "13", "14", "15", 
"16", "17", "18", "19", "21", "22", "23", "24", "25", "26", "27", 
"28", "29", "30"), c("x1", "x2", "x3", "x4", "x5", "x6", "x7"
)), assign = 1:7), qraux = c(1.11055908477567, 1.08982880273409, 
1.05101936079219, 1.06794643666548, 1.07701293517456, 1.17686100050667, 
1.60913415713119), pivot = 1:7, tol = 1e-07, rank = 7L), .Names = c("qr", 
"qraux", "pivot", "tol", "rank"), class = "qr"), df.residual = 20L, 
    xlevels = structure(list(), .Names = character(0)), call = quote(lm(formula = y ~ 
        . + 0, data = structure(list(y = c(43, 63, 71, 81, 58, 
        71, 72, 67, 64, 67, 69, 68, 77, 81, 74, 65, 65, 50, 64, 
        53, 40, 63, 66, 78, 48, 85, 82), x1 = c(0.713506898647887, 
        1.05101457229331, -0.0816611739870052, 2.18459932543848, 
        0.416037016045994, 0.508240519289387, 0.477368959074281, 
        1.52341220537902, 0.925397810103153, 0.998439333632985, 
        1.48628151211489, 0.981249155720053, 1.05625796771945, 
        0.764865905171018, 0.419008725445445, 1.95568744001723, 
        0.993249927694108, 0.576204075836089, 1.71958453644049, 
        0.785576377262714, 0.249033676074065, 2.24968354742678, 
        1.78646739532352, 0.472690019178056, 1.46781082360835, 
        0.273400817585029, 2.42700924664719), x2 = c(90, 77, 
        58, 90, 83, 82, 90, 58, 57, 75, 85, 82, 58, 61, 53, 82, 
        70, 57, 85, 60, 53, 55, 75, 83, 54, 61, 61), x3 = c(44, 
        47, 42, 52, 53, 50, 49, 71, 57, 66, 52, 51, 47, 46, 39, 
        45, 64, 66, 57, 72, 49, 52, 51, 71, 50, 50, 45), x4 = c(47, 
        45, 48, 57, 66, 50, 59, 45, 72, 50, 59, 44, 75, 39, 45, 
        62, 47, 75, 67, 47, 58, 54, 66, 72, 42, 48, 62),