
expected <- structure(list(coefficients = structure(c(11.8411495146074, 0.616178653221411, 
-0.112140466067517, 0.185748619706302, 0.0362863668309659, 0.0653400878262436
), .Names = c("x1", "x2", "x3", "x4", "x5", "x6")), residuals = structure(c(0.356287462858734, 
2.45823026053982, -0.792300006990845, -10.570159983912, -7.65516859218744, 
1.48380923861634, -2.73840237680088, 6.41112671610923, 8.18901146271636, 
9.23847488656645, 11.4341628150924, -1.20708934081191, 2.49696899386908, 
0.230347627512627, -3.88448988776061, 2.3231579067213, -3.67825010181274, 
-7.4032395006272, 5.15480727213881, 1.26473521566346, -10.4783155134751, 
-6.2419833995736, 6.3837622425576, -5.74684504961644, 4.70476447051216, 
-9.66167212599815, 7.92826930809256), .Names = c("2", "3", "4", 
"6", "7", "8", "9", "10", "11", "12", "13", "14", "15", "16", 
"17", "18", "19", "20", "21", "22", "23", "24", "25", "26", "27", 
"28", "29")), effects = structure(c(-333.516005501874, -45.8271796854879, 
-2.82732660593055, 9.77007444774788, -2.39921901489119, 2.83596409687574, 
-3.92981142579243, 8.65989088394111, 6.31578612971861, 12.9444658771386, 
13.2040947365263, 1.46779000573001, 0.753266114130419, -6.82018359528275, 
-4.57415202295828, -4.11446574716442, -1.63633979489454, -6.09318569257874, 
6.69081478487548, 0.262162978318877, -8.793626126948, -10.1327138123036, 
8.96412804232039, -2.87054154321023, 2.80666519117271, -8.79587598215282, 
6.23652003853265), .Names = c("x1", "x2", "x3", "x4", "x5", "x6", 
"", "", "", "", "", "", "", "", "", "", "", "", "", "", "", "", 
"", "", "", "", "")), rank = 6L, fitted.values = structure(c(62.6437125371413, 
68.5417697394602, 61.7923000069908, 53.570159983912, 65.6551685921874, 
69.5161907613837, 74.7384023768009, 60.5888732838908, 55.8109885372836, 
57.7615251134335, 57.5658371849076, 69.2070893408119, 74.5030310061309, 
80.7696523724874, 77.8844898877606, 62.6768420932787, 68.6782501018128, 
57.4032395006272, 44.8451927278612, 62.7352647843365, 63.4783155134751, 
46.2419833995736, 56.6162377574424, 71.7468450496164, 73.2952355294878, 
57.6616721259982, 77.0717306919074), .Names = c("2", "3", "4", 
"6", "7", "8", "9", "10", "11", "12", "13", "14", "15", "16", 
"17", "18", "19", "20", "21", "22", "23", "24", "25", "26", "27", 
"28", "29")), assign = 1:6, qr = structure(list(qr = structure(c(-5.19615242270663, 
0.192450089729875, 0.192450089729875, 0.192450089729875, 0.192450089729875, 
0.192450089729875, 0.192450089729875, 0.192450089729875, 0.192450089729875, 
0.192450089729875, 0.192450089729875, 0.192450089729875, 0.192450089729875, 
0.192450089729875, 0.192450089729875, 0.192450089729875, 0.192450089729875, 
0.192450089729875, 0.192450089729875, 0.192450089729875, 0.192450089729875, 
0.192450089729875, 0.192450089729875, 0.192450089729875, 0.192450089729875, 
0.192450089729875, 0.192450089729875, -343.908310347287, -67.2761032913922, 
-0.0421028710864252, -0.16101582247051, 0.0173536046056173, 0.136266555989702, 
0.240315388450777, -0.0718311089324464, -0.190744060316531, -0.0866952278554571, 
-0.0569669900094358, 0.255179507373787, 0.165994793835724, 0.359228339834862, 
0.284907745219808, -0.0866952278554571, 0.0619459613746492, -0.116423465701478, 
-0.38397760631567, -0.0718311089324464, 0.00248948568260667, 
-0.428569963084701, -0.175879941393521, 0.165994793835724, 0.136266555989702, 
-0.131287584624489, 0.284907745219808, -282.709181813187, -36.8030079304512, 
46.9047665572452, -0.0611248653510839, 0.270548232368535, 0.221612896213294, 
-0.141002445516607, 0.115371580928528, -0.176809800349899, 0.0575291134291201, 
-0.125263079326525, -0.360317310932056, 0.166739472495275, 0.44965606351628, 
0.0751645466608243, -0.326227193683757, 0.230877686470715, -0.420592333842968, 
0.0519486847795985, -0.0338669829487023, 0.0421474061522932, 
-0.185538102237438, 0.0729108207059471, -0.0890980655799771, 
0.0510545374964592, 0.0758798644873358, -0.0740740172164058, 
-293.87128701752, -33.9678148766177, 8.65095721368538, 48.6211390082697, 
-0.0587193222030677, 0.083686816614506, 0.0349793870888135, 0.0898999650193316, 
-0.160589001185979, 0.257505525574979, 0.275058221743037, 0.563680488069739, 
-0.22329697497344, -0.128997021398142, -0.0275578357153437, -0.373125503892762, 
-0.0274975862114396, 0.0588222318240993, 0.0923399585590692, 
-0.175912621133539, 0.116546382071625, -0.373770335132734, -0.0128790470077565, 
0.0349994702567816, -0.258295198339626, 0.0884128033691762, -0.0259970064122555, 
-335.440506399173, -38.1446322939837, 2.79399501774129, 16.9433736810265, 
-36.479711813135, 0.0812892749230983, -0.14581047142189, 0.10452663123928, 
-0.0541116618666219, 0.109140947644488, -0.0786925208474974, 
-0.290045866391337, 0.12291073052868, -0.524479386135571, 0.0426281205645648, 
-0.415376334890659, 0.261294415036636, 0.0586875518273713, -0.0303869572671198, 
0.0426394687616735, 0.0300517964425614, -0.0754831700613124, 
0.285770154765615, 0.429640743106909, 0.140429171622168, -0.131763752497732, 
-0.0511357064154046, -382.975678562452, -12.3443755040988, 11.0852083455286, 
1.89702095288471, -16.4600759798777, 43.4031264913097, -0.133910022797576, 
-0.206745081534838, 0.112518349655594, -0.154170031355739, 0.0685875885620879, 
-0.264510090780803, 0.140278646123688, 0.603040525168371, 0.0501699136585359, 
-0.104613910644536, -0.163428956433101, -0.18251489154994, -0.0340909104170918, 
-0.095875255572869, -0.194519988351356, 0.31040548450386, -0.0636911624394215, 
0.102120577723544, 0.120380090322688, -0.354302188161949, 0.145088554846545
), .Dim = c(27L, 6L), .Dimnames = list(c("2", "3", "4", "6", 
"7", "8", "9", "10", "11", "12", "13", "14", "15", "16", "17", 
"18", "19", "20", "21", "22", "23", "24", "25", "26", "27", "28", 
"29"), c("x1", "x2", "x3", "x4", "x5", "x6")), assign = 1:6), 
    qraux = c(1.19245008972988, 1.06194596137465, 1.14577733656893, 
    1.12121545183186, 1.06702475408641, 1.22651062456262), pivot = 1:6, 
    tol = 1e-07, rank = 6L), .Names = c("qr", "qraux", "pivot", 
"tol", "rank"), class = "qr"), df.residual = 21L, xlevels = structure(list(), .Names = character(0)), 
    call = quote(lm(formula = y ~ . + 0, data = structure(list(y = c(63, 
        71, 61, 43, 58, 71, 72, 67, 64, 67, 69, 68, 77, 81, 74, 
        65, 65, 50, 50, 64, 53, 40, 63, 66, 78, 48, 85), x1 = c(1, 
        1, 1, 1, 1, 1, 1, 1, 1, 1, 1, 1, 1, 1, 1, 1, 1, 1, 1, 
        1, 1, 1, 1, 1, 1, 1, 1), x2 = c(64, 70, 63, 55, 67, 75, 
        82, 61, 53, 60, 62, 83, 77, 90, 85, 60, 70, 58, 40, 61, 
        66, 37, 54, 77, 75, 57, 85), x3 = c(51, 68, 45, 49, 42, 
        50, 72, 45, 53, 47, 57, 83, 54, 50, 64, 65, 46, 68, 33, 
        52, 52, 42, 42, 66, 58, 44, 71), x4 = c(54, 69, 47, 44, 
        56, 55, 67, 47, 58, 39, 42, 45, 72, 72, 69, 75, 57, 54, 
        34, 62, 50, 58, 48, 63, 74, 45, 71), x5 = c(63, 76, 54, 
        54, 66, 70, 71, 62, 58, 59, 55, 59, 79, 60, 79, 55, 75, 
        64, 43, 66, 63, 50, 66, 88, 80, 51, 77), x6 = c(73, 86, 
        84, 49, 68, 66, 83, 80, 67, 74, 63, 77, 77, 54, 79, 80, 
        85, 78, 64, 80, 80, 57, 75, 76, 78, 83, 74)), .Names = c("y", 
        "x1", "x2", "x3", "x4", "x5", "x6"), row.names = c("2", 
        "3", "4", "6", "7", "8", "9", "10", "11", "12", "13", 
        "14", "15", "16", "17", "18", "19", "20", "21", "22", 
        "23", "24", "25", "26", "27", "28", "29"), class = "data.frame"))), 
    terms = y ~ x1 + x2 + x3 + x4 + x5 + x6 + 0, model = structure(list(
        y = c(63, 71, 61, 43, 58, 71, 72, 67, 64, 67, 69, 68, 
        77, 81, 74, 65, 65, 50, 50, 64, 53, 40, 63, 66, 78, 48, 
        85), x1 = c(1, 1, 1, 1, 1, 1, 1, 1, 1, 1, 1, 1, 1, 1, 
        1, 1, 1, 1, 1, 1, 1, 1, 1, 1, 1, 1, 1), x2 = c(64, 70, 
        63, 55, 67, 75, 82, 61, 53, 60, 62, 83, 77, 90, 85, 60, 
        70, 58, 40, 61, 66, 37, 54, 77, 75, 57, 85), x3 = c(51, 
        68, 45, 49, 42, 50, 72, 45, 53, 47, 57, 83, 54, 50, 64, 
        65, 46, 68, 33, 52, 52, 42, 42, 66, 58, 44, 71),