
expected <- structure(list(coefficients = structure(c(7.80788612227755, 0.704227937564422, 
-0.07960636363014, 0.326686085882267, 0.096554029846101, -0.0274884743126188, 
-0.191190934108031), .Names = c("x1", "x2", "x3", "x4", "x5", 
"x6", "x7")), residuals = structure(c(-4.77124719925009, 1.83634654807281, 
3.09530706556724, 0.744037032559111, 3.92977208732366, -11.3803892599617, 
-11.1055349166838, -0.331896348407458, -7.39222007061783, 6.68835522588646, 
12.8878992404772, 8.77537222268243, -1.69587869105461, 0.765507808195183, 
3.19902492983319, -2.11121054469833, -4.78124269226332, 7.52833875621137, 
-0.470658844043786, -10.0018026706349, -3.84391835528954, 5.56950844053016, 
-3.13353778003636, 0.833119436872038, -6.52452908652409, 7.02925573838548, 
4.66222192686955), .Names = c("1", "2", "3", "4", "5", "6", "7", 
"8", "9", "11", "12", "13", "14", "15", "18", "19", "20", "21", 
"22", "23", "24", "25", "26", "27", "28", "29", "30")), effects = structure(c(-330.436804066196, 
-51.0689079508119, 2.68611967430661, 13.3743426997647, -5.3243601120897, 
-2.85556745235743, -7.79535377633516, 2.09957948555879, -4.55562412404992, 
11.1007387555968, 12.7479793485123, 11.6791759637918, -2.92796447414404, 
4.17612797552286, 2.99376248994181, -1.89222272252928, -7.45691580560102, 
9.68762406385613, 0.597587669382019, -9.12268663833444, 0.347694201090219, 
7.06895560124818, -8.73307412370092, 1.62991721998901, -5.6840741431882, 
7.6161515214718, 8.76942231654466), .Names = c("x1", "x2", "x3", 
"x4", "x5", "x6", "x7", "", "", "", "", "", "", "", "", "", "", 
"", "", "", "", "", "", "", "", "", "")), rank = 7L, fitted.values = structure(c(47.7712471992501, 
61.1636534519272, 67.9046929344328, 60.2559629674409, 77.0702279126763, 
54.3803892599617, 69.1055349166838, 71.3318963484075, 79.3922200706178, 
57.3116447741135, 54.1121007595228, 60.2246277773176, 69.6958786910546, 
76.2344921918048, 61.8009750701668, 67.1112105446983, 54.7812426922633, 
42.4716612437886, 64.4706588440438, 63.0018026706349, 43.8439183552895, 
57.4304915594698, 69.1335377800364, 77.166880563128, 54.5245290865241, 
77.9707442616145, 77.3377780731305), .Names = c("1", "2", "3", 
"4", "5", "6", "7", "8", "9", "11", "12", "13", "14", "15", "18", 
"19", "20", "21", "22", "23", "24", "25", "26", "27", "28", "29", 
"30")), assign = 1:7, qr = structure(list(qr = structure(c(-5.19615242270663, 
0.192450089729875, 0.192450089729875, 0.192450089729875, 0.192450089729875, 
0.192450089729875, 0.192450089729875, 0.192450089729875, 0.192450089729875, 
0.192450089729875, 0.192450089729875, 0.192450089729875, 0.192450089729875, 
0.192450089729875, 0.192450089729875, 0.192450089729875, 0.192450089729875, 
0.192450089729875, 0.192450089729875, 0.192450089729875, 0.192450089729875, 
0.192450089729875, 0.192450089729875, 0.192450089729875, 0.192450089729875, 
0.192450089729875, 0.192450089729875, -339.09705810404, -64.6156729066964, 
0.108983611697181, 0.000650761707243416, 0.232792583114252, -0.123158209709828, 
0.062555247415779, 0.18636421883285, 0.294697068822788, -0.154110452564096, 
-0.0457776025741583, -0.0148253597198905, 0.310173190249921, 
0.217316461687118, -0.0457776025741583, 0.108983611697181, -0.0767298454284261, 
-0.355300031116836, -0.0303014811470244, 0.0470791259886451, 
-0.401728395398238, -0.138634331136962, 0.217316461687118, 0.18636421883285, 
-0.09220596685556, 0.341125433104189, 0.294697068822788, -276.165878762371, 
-38.1635422496297, -51.8743814456437, -0.0855473432092191, -0.04856337822439, 
0.0849309466482844, -0.190063826433519, -0.12921405674444, 0.213189566166732, 
0.185382533999306, -0.011979315364881, 0.157451833421777, 0.413569170333353, 
-0.0754469377310734, 0.335012773954993, -0.147967824504566, 0.416187023010466, 
-0.0484397098142874, 0.0727362590284481, 0.0143806736063798, 
0.160069686098891, -0.0383393043361418, 0.155881121815509, 0.0250046496199481, 
-0.0347979789982857, 0.158898876617943, -0.42296259758637, -289.252484864003, 
-31.3907329613699, -13.3466992843226, 48.2336760195802, -0.136472883490647, 
0.140388076539147, -0.101260795485054, 0.0269506847315662, -0.00615291317959386, 
-0.128078914877611, 0.254458693873492, 0.284006477751736, 0.544488861880237, 
-0.282411587864147, -0.345938555488481, -0.0735791413930778, 
0.103119148399489, 0.13807943157391, -0.176514074493189, 0.0989021682106239, 
-0.302490055363458, -0.0046328365620625, 0.00149287179026787, 
-0.302089745621851, 0.0897596230145777, -0.0812154818399324, 
-0.107903985368068, -326.587802271598, -8.24934591034484, 8.31299875913752, 
26.4061305665606, -53.0750979235198, -0.0123282386863848, 0.252090715550545, 
0.0614291064250324, 0.0149682652578393, -0.0266708642696973, 
-0.0350699069339707, 0.243802839487725, 0.0375865142859304, -0.202012418190973, 
-0.0736632908935358, -0.0291977209072939, 0.18858005968432, 0.152688589437641, 
0.262326564654147, 0.0399720222206397, -0.197443660944933, 0.348365297875172, 
0.354440609284057, 0.322499708273826, -0.129608079235645, -0.159504805496734, 
-0.323738816695327, -390.673682151647, -18.1024765522868, 4.6765930061464, 
4.41255482406476, 4.37093608721582, 44.383872884742, 0.222695580774946, 
0.317107868197161, -0.0218070500374816, 0.20306207403491, 0.0847057436347654, 
0.33975686411165, 0.144971783118777, 0.0770864514501853, -0.0594890090990224, 
-0.13515759160714, -0.0121727436529175, 0.207694406190519, -0.0686956995748998, 
-0.0306151834947093, 0.353916500164558, 0.0119941652955296, 0.100594424714796, 
0.0314529831937312, -0.135619975034058, 0.195426440602596, 0.0753570646211903, 
-220.932703009897, -10.2044959173061, -11.7299946118344, 25.1646453224406, 
0.416312411010735, 8.55439359769284, 40.772612010622, -0.00997281370655418, 
0.464356362392277, 0.275238204760655, -0.170430696319256, 0.197388294443056, 
-0.000580767988125669, 0.17739863413548, -0.0710298579480584, 
-0.000875453280885862, -0.209267891682175, -0.0411085607125145, 
0.184607154125905, 0.0978613843428544, -0.0791006326798024, 0.166605894818599, 
-0.631831995070856, 0.117479801789849, 0.0466232646497629, -0.102118806877055, 
0.154458741140081), .Dim = c(27L, 7L), .Dimnames = list(c("1", 
"2", "3", "4", "5", "6", "7", "8", "9", "11", "12", "13", "14", 
"15", "18", "19", "20", "21", "22", "23", "24", "25", "26", "27", 
"28", "29", "30"), c("x1", "x2", "x3", "x4", "x5", "x6", "x7"
)), assign = 1:7), qraux = c(1.19245008972988, 1.01612688313438, 
1.2761336179975, 1.08835711112596, 1.39510304208598, 1.62373897811668, 
1.17710323256227), pivot = 1:7, tol = 1e-07, rank = 7L), .Names = c("qr", 
"qraux", "pivot", "tol", "rank"), class = "qr"), df.residual = 20L, 
    xlevels = structure(list(), .Names = character(0)), call = quote(lm(formula = y ~ 
        . + 0, data = structure(list(y = c(43, 63, 71, 61, 81, 
        43, 58, 71, 72, 64, 67, 69, 68, 77, 65, 65, 50, 50, 64, 
        53, 40, 63, 66, 78, 48, 85, 82), x1 = c(1, 1, 1, 1, 1, 
        1, 1, 1, 1, 1, 1, 1, 1, 1, 1, 1, 1, 1, 1, 1, 1, 1, 1, 
        1, 1, 1, 1), x2 = c(51, 64, 70, 63, 78, 55, 67, 75, 82, 
        53, 60, 62, 83, 77, 60, 70, 58, 40, 61, 66, 37, 54, 77, 
        75, 57, 85, 82), x3 = c(30, 51, 68, 45, 56, 49, 42, 50, 
        72, 53, 47, 57, 83, 54, 65, 46, 68, 33, 52, 52, 42, 42, 
        66, 58, 44, 71, 39), x4 = c(39, 54, 69, 47, 66, 44, 56, 
        55, 67, 58, 39, 42, 45, 72, 75, 57, 54, 34, 62, 50, 58, 
        48, 63, 74, 45, 71, 59), x5 = c(50, 59, 54, 55, 88, 54, 
        80, 66, 61, 60, 51, 63, 43, 61, 63, 64, 62, 63, 79, 60, 
        55, 79, 79, 88, 51, 55, 54), x6 = c(92, 73, 86, 84, 83, 
        49, 68, 66, 83, 67, 74, 63, 77, 77, 80, 85, 78, 64, 80, 
        80, 57, 75, 76, 78, 83, 74, 78), x7 = c(45, 47, 48, 35, 
        47, 34, 35, 41, 31, 34, 41, 25, 35, 46, 60, 46, 52, 33, 
        41, 37, 49, 33, 72, 49, 38, 55, 39)), .Names = c("y", 
        "x1", "x2", "x3", "x4", "x5", "x6", "x7"),