
expected <- structure(list(coefficients = structure(c(-8.58968822249435, 
0.663563551869632, 0.053613457901102, 0.230087291834003, 0.210289649910785, 
0.118929166065238, -0.210610507992229), .Names = c("x1", "x2", 
"x3", "x4", "x5", "x6", "x7")), residuals = structure(c(-5.65351255495011, 
-0.379219474296395, -1.51874363108247, 6.21265177108686, -7.88991001873962, 
-7.60065573414147, -1.34022858922971, -5.48319053439249, 10.2815286337113, 
5.49618177997234, 11.7098214015559, 8.67417124232401, -1.25875142241868, 
-4.83106837563052, -3.12655713839635, -0.456131689442779, 0.623666650189249, 
-7.33011351421678, 1.7726078516073, -10.416314787791, 1.25718892555012, 
5.56119534684072, -0.610152618825415, 4.69186332235375, -9.69339288807522, 
6.57860478874865, 4.72846125768873), .Names = c("1", "3", "4", 
"5", "6", "7", "8", "9", "10", "11", "12", "13", "15", "16", 
"17", "18", "19", "20", "22", "23", "24", "25", "26", "27", "28", 
"29", "30")), effects = structure(c(-338.327257745121, -53.1510040063286, 
2.38481266822958, -8.69855043732628, 8.62486947981681, 3.3168469551307, 
9.08651146493632, -2.12080124189014, 12.3833707775788, 5.48983796120598, 
14.8127414711693, 13.3272097438149, -2.6040450743063, -2.08203551163924, 
-2.0310358632908, -3.97216862886043, 1.87039229140341, -6.37266647047702, 
1.518263163162, -8.44626190743094, 1.82570944631965, 5.57996730599142, 
1.43607392769212, 4.48119814467078, -9.4342360473269, 8.65841289244841, 
5.82721978645196), .Names = c("x1", "x2", "x3", "x4", "x5", "x6", 
"x7", "", "", "", "", "", "", "", "", "", "", "", "", "", "", 
"", "", "", "", "", "")), rank = 7L, fitted.values = structure(c(48.6535125549501, 
71.3792194742964, 62.5187436310825, 74.7873482289131, 50.8899100187396, 
65.6006557341415, 72.3402285892297, 77.4831905343925, 56.7184713662887, 
58.5038182200277, 55.2901785984441, 60.325828757676, 78.2587514224187, 
85.8310683756305, 77.1265571383964, 65.4561316894428, 64.3763333498107, 
57.3301135142168, 62.2273921483927, 63.416314787791, 38.7428110744499, 
57.4388046531593, 66.6101526188254, 73.3081366776462, 57.6933928880752, 
78.4213952112514, 77.2715387423113), .Names = c("1", "3", "4", 
"5", "6", "7", "8", "9", "10", "11", "12", "13", "15", "16", 
"17", "18", "19", "20", "22", "23", "24", "25", "26", "27", "28", 
"29", "30")), assign = 1:7, qr = structure(list(qr = structure(c(-5.19615242270663, 
0.192450089729875, 0.192450089729875, 0.192450089729875, 0.192450089729875, 
0.192450089729875, 0.192450089729875, 0.192450089729875, 0.192450089729875, 
0.192450089729875, 0.192450089729875, 0.192450089729875, 0.192450089729875, 
0.192450089729875, 0.192450089729875, 0.192450089729875, 0.192450089729875, 
0.192450089729875, 0.192450089729875, 0.192450089729875, 0.192450089729875, 
0.192450089729875, 0.192450089729875, 0.192450089729875, 0.192450089729875, 
0.192450089729875, 0.192450089729875, -348.527112500804, -64.4348651884355, 
-0.0229669383926948, 0.209826285526274, -0.147123324482811, 0.0391112546523634, 
0.16326764074248, 0.271904478571332, -0.0540060349152239, -0.17816242100534, 
-0.0695255831764885, -0.0384864866539594, 0.194306737265009, 
0.396060864661448, 0.318463123355125, -0.0695255831764885, 0.0856698994361571, 
-0.100564679699018, -0.0540060349152239, 0.0235917063910989, 
-0.426475193185573, -0.162642872744076, 0.194306737265009, 0.16326764074248, 
-0.116084227960282, 0.318463123355125, 0.271904478571332, -274.626278044532, 
-24.9910710853059, 49.1208079475144, 0.0332697122450195, -0.1175759361763, 
0.17798279240609, 0.117154307922394, -0.241440185980785, 0.0403824137808932, 
-0.224516643047355, -0.0130879396546342, -0.191158831431529, 
0.0612312441374779, 0.308470469495412, -0.0403131830102102, -0.37953142363057, 
0.134814139392708, -0.466114159169628, -0.102123385543082, -0.0383513316854092, 
-0.204649530739946, 0.0121754523761407, -0.183064411846479, -0.0457094627335769, 
0.00972274202675147, -0.182818982334185, 0.430372867975097, -299.837239799146, 
-35.2696104189331, 21.7298843053379, -39.9436645615164, -0.177617837000547, 
0.106779989075908, -0.100743421629851, -0.163450290946938, -0.103742940267717, 
0.137116691742865, -0.321904565512506, -0.400929011325126, 0.252106902281073, 
0.186143551267977, -0.0326140735118242, 0.335221351322635, 0.0498186683736243, 
-0.212714672469972, 0.17684128669816, -0.169819303439769, 0.434275378359838, 
0.0267153585700828, -0.135972710318455, 0.266418319331288, -0.103259952891661, 
-0.0774882175469095, 0.083863901372416, -328.512303168897, -12.9364056728896, 
-5.38276457409188, -15.9345079601131, 43.7085046248678, -0.0192808453898003, 
-0.347330725497761, 0.434322320629776, 0.20036517282595, -0.272140073355509, 
-0.0660008619508687, -0.155950316342634, -0.25776450521008, -0.139938617121981, 
0.000667998889403198, -0.380235347647534, 0.338345869725723, 
-0.189515723035519, 0.0809409017745545, 0.0340512943825973, 0.192157360827927, 
-0.260475963521309, 0.0816784769224745, 0.128903967079825, -0.170443447322965, 
0.0307021864639939, 0.009807768210926, -390.481232061917, -5.97042769591686, 
1.69755370724668, 2.26011109235466, -11.0727529483752, 50.4496357959174, 
0.39080586025389, -0.182026619196853, -0.11215113409102, 0.230651615173262, 
0.0772352246653006, 0.314324556612543, 0.14921263180711, 0.643809788108662, 
0.0558110305371209, 0.0194135167364069, -0.207990598774601, -0.0132160371327964, 
-0.0892127259505302, -0.0496780339751253, 0.228705591118369, 
0.0934426337444659, 0.0466739692488746, -0.00291530917142458, 
-0.0801100719520077, 0.13345331798441, 0.102353570686717, -225.743955253144, 
-11.8276201693348, 20.5044038044349, -16.9699421678191, -3.56248425341525, 
12.7395645352689, -43.1436757432425, -0.50036216961171, 0.000458408818944744, 
-0.300332411400812, 0.101392123081558, -0.28377201446445, -0.0443414775664864, 
0.0247331398096888, 0.345459128892281, 0.00357047269045841, 0.0454944346983299, 
-0.00425860936506871, -0.202045473156619, -0.13541277895619, 
0.0711751785784623, -0.185330603208416, 0.55209768151575, -0.0556541988984521, 
-0.090132729186252, 0.119018507428301, 0.0724679230472615), .Dim = c(27L, 
7L), .Dimnames = list(c("1", "3", "4", "5", "6", "7", "8", "9", 
"10", "11", "12", "13", "15", "16", "17", "18", "19", "20", "22", 
"23", "24", "25", "26", "27", "28", "29", "30"), c("x1", "x2", 
"x3", "x4", "x5", "x6", "x7")), assign = 1:7), qraux = c(1.19245008972988, 
1.08566989943616, 1.06589123532396, 1.06552080427392, 1.02472551024522, 
1.22706092259028, 1.10289798169927), pivot = 1:7, tol = 1e-07, 
    rank = 7L), .Names = c("qr", "qraux", "pivot", "tol", "rank"
), class = "qr"), df.residual = 20L, xlevels = structure(list(), .Names = character(0)), 
    call = quote(lm(formula = y ~ . + 0, data = structure(list(y = c(43, 
        71, 61, 81, 43, 58, 71, 72, 67, 64, 67, 69, 77, 81, 74, 
        65, 65, 50, 64, 53, 40, 63, 66, 78, 48, 85, 82), x1 = c(1, 
        1, 1, 1, 1, 1, 1, 1, 1, 1, 1, 1, 1, 1, 1, 1, 1, 1, 1, 
        1, 1, 1, 1, 1, 1, 1, 1), x2 = c(51, 70, 63, 78, 55, 67, 
        75, 82, 61, 53, 60, 62, 77, 90, 85, 60, 70, 58, 61, 66, 
        37, 54, 77, 75, 57, 85, 82), x3 = c(30, 68, 45, 56, 49, 
        42, 50, 72, 45, 53, 47, 57, 54, 50, 64, 65, 46, 68, 52, 
        52, 42, 42, 66, 58, 44, 71, 39), x4 = c(39, 69, 47, 66, 
        44, 56, 55, 67, 47, 58, 39, 42, 72, 72, 69, 75, 57, 54, 
        62, 50, 58, 48, 63, 74, 45, 71, 59), x5 = c(54, 66, 64, 
        64, 55, 66, 79, 43, 51, 71, 59, 61, 80, 79, 66, 79, 50, 
        62, 59, 58, 51, 71, 58, 62, 66, 63, 70), x6 = c(92, 86, 
        84, 83, 49, 68, 66, 83, 80, 67, 74, 63, 77, 54, 79, 80, 
        85, 78, 80, 80, 57, 75, 76, 78, 83, 74, 78), x7 = c(45, 
        48, 35, 47, 34, 35, 41, 31, 41, 34, 41, 25, 46, 36, 63, 
        60, 46, 52, 41, 37, 49, 33, 72, 49, 38, 55, 39)), .Names = c("y", 
        "x1", "x2", "x3", "x4", "x5", "x6", "x7"),