
expected <- structure(list(coefficients = structure(c(-0.848541702925347, 
0.10120536588664, 0.181372270079318, 0.0331990132109126, 0.403015818983531, 
0.394061942781579, -0.23042462137529), .Names = c("x1", "x2", 
"x3", "x4", "x5", "x6", "x7")), residuals = structure(c(-23.7203660744254, 
-12.190372225834, 9.41778806363105, 6.94811260081645, 0.90125688186625, 
-20.9272497747601, -7.24140565350147, 10.4822781020724, -1.7814424770225, 
-3.42597089966478, -0.360932585719257, 5.13447324080999, 3.10206152687278, 
10.447188677621, 22.0834607169251, 8.49660967832703, -0.141243137788098, 
-20.7828254632887, -1.59608212393884, -0.243297007856916, -7.34879011056598, 
-18.1407001137254, 0.761571351575636, 15.9683757118443, -13.4076602321073, 
27.8931400758351, 19.1039680422233), .Names = c("1", "2", "3", 
"4", "5", "6", "7", "9", "10", "11", "12", "13", "14", "15", 
"16", "17", "18", "20", "21", "22", "23", "24", "25", "27", "28", 
"29", "30")), effects = structure(c(-290.335130725288, -156.043862478794, 
-30.5120632364933, 11.0162099143637, -35.9399351375985, 19.6206530084756, 
7.77916800256558, 16.9223051564425, -7.64245337666028, -2.81961191584874, 
3.01368713693587, 13.0328241290455, 8.53203658684261, 14.4410309137763, 
22.653584131478, 5.33008862957127, 6.45896519398208, -14.7382573205705, 
4.83076628110372, 9.65277536789135, -11.066596082306, -19.3171857014082, 
6.3801506998907, 26.6670535777939, -15.0794246502314, 28.129965919804, 
23.8565112361773), .Names = c("x1", "x2", "x3", "x4", "x5", "x6", 
"x7", "", "", "", "", "", "", "", "", "", "", "", "", "", "", 
"", "", "", "", "", "")), rank = 7L, fitted.values = structure(c(66.7203660744254, 
75.190372225834, 61.5822119363689, 54.0518873991835, 80.0987431181338, 
63.9272497747601, 65.2414056535015, 61.5177218979276, 68.7814424770225, 
67.4259708996648, 67.3609325857193, 63.86552675919, 64.8979384731272, 
66.552811322379, 58.9165392830749, 65.503390321673, 65.1412431377881, 
70.7828254632887, 51.5960821239388, 64.2432970078569, 60.348790110566, 
58.1407001137254, 62.2384286484244, 62.0316242881557, 61.4076602321073, 
57.1068599241649, 62.8960319577767), .Names = c("1", "2", "3", 
"4", "5", "6", "7", "9", "10", "11", "12", "13", "14", "15", 
"16", "17", "18", "20", "21", "22", "23", "24", "25", "27", "28", 
"29", "30")), assign = 1:7, qr = structure(list(qr = structure(c(-6.53140795305028, 
0.160916999802848, -0.0125028438851179, 0.235663415622475, 0.334476018209555, 
0.192875537032662, 0.0636979069500164, 0.0730882165845025, 0.233244074834976, 
0.141684276461552, 0.152867397169196, 0.227559130098553, 0.150235471857456, 
0.161719796912419, 0.117105823226646, 0.0641528945148435, 0.299428156084461, 
0.186901671978731, 0.0882205000786992, 0.263279303452086, 0.120276727913747, 
0.0381286359486643, 0.344440825561377, 0.0723718411980837, 0.224731150489973, 
0.0418593999257612, 0.371590515259996, -311.898808357098, -191.316840203424, 
0.326840066979473, -0.164048093724235, -0.163011133323419, 0.0267496972623681, 
0.313203395889367, 0.332008427268983, -0.138558589596927, 0.0296115957627442, 
0.102517624044739, 0.0133347793111629, 0.144090517671256, -0.00310499762058346, 
0.097066310349902, 0.155533792529204, -0.138452495164483, 0.0119284222626236, 
0.130861979017482, -0.0543125416725244, 0.0858342791099735, 0.20481886612515, 
-0.364825211995866, 0.296776588313071, -0.143344430245961, 0.239568948831804, 
-0.384880053040636, -236.342198634276, -133.752731093951, -68.6700230786757, 
0.0928302948572006, -0.17082969126027, 0.230673955855432, -0.0446662528453653, 
-0.172422120993879, 0.432988445100077, 0.253573442233791, 0.207992208912652, 
-0.10504426968762, -0.0780139036799632, 0.0950094713980559, 0.0584915545556691, 
0.0427899804629311, -0.189414756436901, -0.0256071153109905, 
0.393244980338279, -0.0379847894819831, 0.446316605839735, 0.19260496294369, 
0.167535751742153, 0.216059977931913, 0.167402837902616, 0.128859067145869, 
0.0029461039093049, -252.62930644025, -141.839162388175, -40.4639288933807, 
60.3718146078999, 0.0673038580794274, -0.0432449868281169, -0.165265562805565, 
-0.0656581995239984, 0.334121899800033, -0.298037826958552, 0.238796456225939, 
-0.0116965932381713, 0.194626636628895, -0.451785646735709, 0.13330451654999, 
-0.0886898148950908, -0.133607712908539, -0.383531459030663, 
-0.259621586461116, -0.078748946172978, 0.291328884614683, -0.197699806668241, 
-0.0127162170959177, -0.0592584899339352, 0.129484720814074, 
0.0103942601722238, -0.194732132102747, -298.696923367537, -163.147088926129, 
-30.6530214750851, 11.8501538802973, -68.4992078286968, -0.0578797530730134, 
-0.155720836692246, -0.24869293253309, -0.16407860497791, -0.0420383054698995, 
-0.0299461667393046, -0.191924737482111, 0.0150621821435394, 
0.145772646728799, 0.119505750580228, 0.364682596742737, -0.207490620666485, 
0.138626038786251, -0.352569535596584, -0.255923881507975, -0.301182851107198, 
-0.023983597594563, 0.339872805730311, -0.328796318446664, 0.128766798104743, 
-0.121010334076048, 0.139915514758749, -329.650214604403, -171.670673921352, 
-23.2462717041163, 14.5669770145612, -27.105934212402, 63.2423757432381, 
-0.00272796250431519, -0.155228971534533, -0.213264097575122, 
-0.184936233497876, 0.256874793529277, 0.0278648454867923, 0.14335876271872, 
-0.0926415222920898, -0.0102639415883132, -0.271703339446102, 
-0.240118220151375, -0.0493178257417612, 0.247857072127991, 0.143948037166777, 
-0.104232347351848, -0.246445839096303, 0.373443230694918, 0.483990678983195, 
-0.108971397277263, -0.128993293656212, -0.0691100318564165, 
-161.543866332345, -111.47299197952, -20.8322390254364, 6.52779846769241, 
-10.188782291767, 23.0043144321547, -33.7601422805236, 0.618668998180831, 
-0.317261432290828, -0.173204717389, -0.237150939603599, 0.0231685440573303, 
-0.0730247037010878, -0.0157012746549534, 0.0253481376054494, 
0.22236318221597, 0.0480893465113547, -0.0653875748555975, -0.162111033486889, 
-0.162739689372581, 0.00361440158120691, 0.244513833050479, -0.109345479480731, 
-0.403336887485058, 0.00757338124395551, -0.0724975899103161, 
0.254021494798835), .Dim = c(27L, 7L), .Dimnames = list(c("1", 
"2", "3", "4", "5", "6", "7", "9", "10", "11", "12", "13", "14", 
"15", "16", "17", "18", "20", "21", "22", "23", "24", "25", "27", 
"28", "29", "30"), c("x1", "x2", "x3", "x4", "x5", "x6", "x7"
)), assign = 1:7), qraux = c(1.1092424334503, 1.09772704646817, 
1.05025488618055, 1.12549074377254, 1.24000184819627, 1.32488463698351, 
1.10256672374116), pivot = 1:7, tol = 1e-07, rank = 7L), .Names = c("qr", 
"qraux", "pivot", "tol", "rank"), class = "qr"), df.residual = 20L, 
    xlevels = structure(list(), .Names = character(0)), call = quote(lm(formula = y ~ 
        . + 0, data = structure(list(y = c(43, 63, 71, 61, 81, 
        43, 58, 72, 67, 64, 67, 69, 68, 77, 81, 74, 65, 50, 50, 
        64, 53, 40, 63, 78, 48, 85, 82), x1 = c(0.713506898647887, 
        1.05101457229331, -0.0816611739870052, 1.53921390703963, 
        2.18459932543848, 1.25974881652397, 0.416037016045994, 
        0.477368959074281, 1.52341220537902, 0.925397810103153, 
        0.998439333632985, 1.48628151211489, 0.981249155720053, 
        1.05625796771945, 0.764865905171018, 0.419008725445445, 
        1.95568744001723, 1.22073106680028, 0.576204075836089, 
        1.71958453644049, 0.785576377262714, 0.249033676074065, 
        2.24968354742678, 0.472690019178056, 1.46781082360835, 
        0.273400817585029, 2.42700924664719), x2 = c(90, 77, 
        58, 54, 90, 75, 83, 90, 58, 57, 75, 85, 82, 58, 61, 53, 
        82, 70, 57, 85, 60, 53, 55, 83, 54, 61, 61), x3 = c(44, 
        47, 42, 45, 52, 68, 53, 49, 71, 57, 66, 52, 51, 47, 46, 
        39, 45, 47, 66, 57, 72, 49, 52, 71, 50, 50, 45), x4 = c(47, 
        45, 48, 39, 57, 69, 66, 59, 45, 72, 50, 59, 44, 75, 39, 
        45, 62, 74, 75, 67, 47, 58, 54, 72, 42, 48, 62),