
expected <- structure(list(coefficients = structure(c(20.4190141028653, 0.726877121236287, 
-0.0622699096812961, -0.070887738825688, -0.0146998111253156, 
0.0993086893782485, -0.0830608881393293), .Names = c("x1", "x2", 
"x3", "x4", "x5", "x6", "x7")), residuals = structure(c(-13.012132121472, 
0.00697929774557515, 3.68745050576109, -1.94721863177287, 9.18052969235765, 
-11.624582604269, -6.63063877633458, 1.17029583388804, -3.48496088087016, 
6.09440775309707, 10.1292592397041, 5.22916975416748, 7.02427734167201, 
-6.98783425676623, 4.64106326072183, -0.804764995883601, -1.84162272096359, 
7.96726769768346, -3.62222492760178, -6.36372940646157, 3.76052972466008, 
2.73844349945915, -12.2722850926555, -2.22202887665343, 5.539726421297, 
-1.66097748780883, 5.30560075729867), .Names = c("1", "2", "3", 
"4", "5", "6", "7", "8", "9", "10", "11", "12", "13", "14", "15", 
"16", "17", "18", "19", "20", "21", "22", "23", "24", "25", "26", 
"30")), effects = structure(c(-332.553755053224, -47.3569455303206, 
4.84740410534456, 2.80973822225726, 0.945058052160457, 4.35334806276748, 
-3.43070661297188, 4.51232381824851, -1.28709444239408, 8.20335305593022, 
14.0862507387074, 8.11585844740346, 12.9400943282041, -2.71840765514384, 
5.04779565548064, 6.63150256139182, -2.37242436044848, 9.46076022973141, 
-3.88649621816022, -5.70224771224567, 9.70035787556197, 4.04403357893356, 
-9.87726072915587, 1.88584297003617, 7.56444243766963, -4.33012432250919, 
9.06226368408319), .Names = c("x1", "x2", "x3", "x4", "x5", "x6", 
"x7", "", "", "", "", "", "", "", "", "", "", "", "", "", "", 
"", "", "", "", "", "")), rank = 7L, fitted.values = structure(c(56.012132121472, 
62.9930207022544, 67.3125494942389, 62.9472186317729, 71.8194703076423, 
54.624582604269, 64.6306387763346, 69.829704166112, 75.4849608808702, 
60.9055922469029, 53.8707407602959, 61.7708302458325, 61.975722658328, 
74.9878342567662, 72.3589367392782, 81.8047649958836, 75.8416227209636, 
57.0327323023165, 68.6222249276018, 56.3637294064616, 46.2394702753399, 
61.2615565005408, 65.2722850926556, 42.2220288766534, 57.460273578703, 
67.6609774878088, 76.6943992427013), .Names = c("1", "2", "3", 
"4", "5", "6", "7", "8", "9", "10", "11", "12", "13", "14", "15", 
"16", "17", "18", "19", "20", "21", "22", "23", "24", "25", "26", 
"30")), assign = 1:7, qr = structure(list(qr = structure(c(-5.19615242270663, 
0.192450089729875, 0.192450089729875, 0.192450089729875, 0.192450089729875, 
0.192450089729875, 0.192450089729875, 0.192450089729875, 0.192450089729875, 
0.192450089729875, 0.192450089729875, 0.192450089729875, 0.192450089729875, 
0.192450089729875, 0.192450089729875, 0.192450089729875, 0.192450089729875, 
0.192450089729875, 0.192450089729875, 0.192450089729875, 0.192450089729875, 
0.192450089729875, 0.192450089729875, 0.192450089729875, 0.192450089729875, 
0.192450089729875, 0.192450089729875, -342.753609808908, -68.0364825881156, 
0.0948302518508885, -0.00805572540306698, 0.212414225855409, 
-0.125639699407587, 0.0507362615991933, 0.168320235603714, 0.271206212857669, 
-0.0374517189041971, -0.155035692908718, -0.0521497156547622, 
-0.022753722153632, 0.285904209608234, 0.197716229104844, 0.38879018686219, 
0.315300203109364, -0.0521497156547622, 0.0948302518508885, -0.0815457091558923, 
-0.346109650666063, -0.0374517189041971, 0.0360382648486282, 
-0.390203640917759, -0.140337696158153, 0.197716229104844, 0.271206212857669, 
-273.471577506153, -31.9186052397271, -53.7540597150277, -0.068940024584522, 
-0.00259405148006831, 0.0792274842913807, -0.161627025089866, 
-0.0865555811570526, 0.258180623295055, -0.0505013934329394, 
0.172079099712536, -0.00407558572236198, 0.163518243799986, 0.453597014460587, 
-0.0305812280390631, -0.224845314793922, 0.0816967080285368, 
0.330782843490713, -0.114871987547668, 0.405031212844475, -0.0801347191500383, 
0.0797213290388119, 0.0336247511598553, 0.114952442183873, -0.0417759226045793, 
0.192657724769653, -0.355726496928915, -293.67883692779, -1.15406493004437, 
-11.0940279752558, -55.1210614752857, 0.317129950348478, -0.0381265467980031, 
0.196271414401385, 0.0551118202324718, 0.218288176349322, 0.160754634212643, 
0.155380277963001, -0.422812669233666, -0.182138242194076, 0.165752901052179, 
-0.139094436716283, -0.337511919489302, 0.00984128315397112, 
0.265005267048396, -0.158359713118646, 0.0957618057252364, -0.0250835435637414, 
-0.0575599980162188, -0.0432994918804237, -0.252129337521018, 
-0.203643616659314, 0.258977901620485, 0.166747676857651, -333.131105322414, 
-32.1902459944875, -3.50937878261533, 0.791681705131243, -38.775149646635, 
-0.173855236452926, 0.0997808810973345, 0.0614672125068711, -0.0535510451913567, 
0.0325629587595567, -0.0338070151907516, -0.156502782985334, 
-0.280565729273887, -0.435293841928101, 0.218225182429256, -0.414305088447054, 
0.122664587047816, -0.214320324384698, 0.216332626394202, -0.00992471042369012, 
-0.235625869960292, 0.0604240278688583, -0.0618066938364475, 
-0.113093732690471, 0.147012307004497, 0.468992031356132, -0.085842495051762, 
-386.439780177589, -11.4110891809387, -4.10160002706479, -15.2054838767884, 
-21.1786921228264, 43.9262618174845, 0.304569033521571, 0.312148795581873, 
0.033950913863407, -0.00158484942849332, 0.293111303945719, -0.172865112243208, 
0.163996197006719, 0.0340918825054636, 0.0653469894390391, 0.233630095137769, 
0.0834713126519842, 0.0169662319904968, -0.160213577328781, 0.0904917671227922, 
0.11870982761399, -0.0504376353849116, -0.0936738993392394, 0.271988702070087, 
-0.00244701658982288, 0.402118686863075, -0.0184114678072798, 
-220.547802830437, -8.28150461356839, -12.875499479707, -5.10474988654125, 
-29.8371338060486, 0.107287892199782, 41.3035146845178, 0.0935561414022982, 
0.402203247096524, 0.0358098421188049, 0.177596363195804, -0.0603760100324968, 
0.274320389713507, 0.100714752061186, 0.130238617548642, -0.085316291499402, 
-0.2849261565359, -0.489030839262412, 0.0841028943014685, -0.133131132736113, 
-0.0635642733368508, 0.106574136438886, 0.125446386650521, -0.315722276251338, 
0.29534767302192, -0.280986425922949, -0.00351211078196849), .Dim = c(27L, 
7L), .Dimnames = list(c("1", "2", "3", "4", "5", "6", "7", "8", 
"9", "10", "11", "12", "13", "14", "15", "16", "17", "18", "19", 
"20", "21", "22", "23", "24", "25", "26", "30"), c("x1", "x2", 
"x3", "x4", "x5", "x6", "x7")), assign = 1:7), qraux = c(1.19245008972988, 
1.0066422713475, 1.29439942593498, 1.27531015119925, 1.08008099380379, 
1.55081150181113, 1.20305805818884), pivot = 1:7, tol = 1e-07, 
    rank = 7L), .Names = c("qr", "qraux", "pivot", "tol", "rank"
), class = "qr"), df.residual = 20L, xlevels = structure(list(), .Names = character(0)), 
    call = quote(lm(formula = y ~ . + 0, data = structure(list(y = c(43, 
        63, 71, 61, 81, 43, 58, 71, 72, 67, 64, 67, 69, 68, 77, 
        81, 74, 65, 65, 50, 50, 64, 53, 40, 63, 66, 82), x1 = c(1, 
        1, 1, 1, 1, 1, 1, 1, 1, 1, 1, 1, 1, 1, 1, 1, 1, 1, 1, 
        1, 1, 1, 1, 1, 1, 1, 1), x2 = c(51, 64, 70, 63, 78, 55, 
        67, 75, 82, 61, 53, 60, 62, 83, 77, 90, 85, 60, 70, 58, 
        40, 61, 66, 37, 54, 77, 82), x3 = c(30, 51, 68, 45, 56, 
        49, 42, 50, 72, 45, 53, 47, 57, 83, 54, 50, 64, 65, 46, 
        68, 33, 52, 52, 42, 42, 66, 39), x4 = c(58, 45, 45, 72, 
        72, 56, 67, 58, 66, 66, 67, 34, 47, 63, 47, 34, 54, 72, 
        47, 63, 59, 54, 54, 47, 47, 69, 63), x5 = c(61, 63, 76, 
        54, 71, 54, 66, 70, 71, 62, 58, 59, 55, 59, 79, 60, 79, 
        55, 75, 64, 43, 66, 63, 50, 66, 88, 64), x6 = c(92, 73, 
        86, 84, 83, 49, 68, 66, 83, 80, 67, 74, 63, 77, 77, 54, 
        79, 80, 85, 78, 64, 80, 80, 57, 75, 76, 78), x7 = c(45, 
        47, 48, 35, 47, 34, 35, 41, 31, 41, 34, 41, 25, 35, 46, 
        36, 63, 60, 46, 52, 33, 41, 37, 49, 33, 72, 39)), .Names = c("y", 
        "x1", "x2", "x3", "x4", "x5", "x6", "x7"),