
expected <- structure(list(coefficients = structure(c(7.36935040525796, 0.80202621500187, 
-0.198273779347351, 0.232605343046225, 0.00850536892998704, 0.112842974017441, 
-0.183094871984711), .Names = c("x1", "x2", "x3", "x4", "x5", 
"x6", "x7")), residuals = structure(c(-6.69517109811573, 1.17830134830771, 
-1.04899576770562, 8.63197524235926, -4.99618033036863, -9.62986335148342, 
0.459503769244554, -4.55724133962895, 3.67493169319453, 4.75179867375473, 
10.8075764110605, 8.4549366313798, -1.48392396065671, -6.98422306345723, 
-2.16027251279667, 2.67472892267912, -2.07700215681221, -8.54004424699055, 
-0.468884576050581, -10.6187820047912, 1.49258947211664, 5.90640828777713, 
-0.438596284959522, 2.07422295299804, -4.11850850789339, 4.31860296362276, 
9.39211283321565), .Names = c("1", "3", "4", "5", "6", "7", "8", 
"9", "10", "11", "12", "13", "15", "16", "17", "18", "19", "20", 
"22", "23", "24", "25", "26", "27", "28", "29", "30")), effects = structure(c(-338.327257745121, 
-53.1510040063286, -15.0244077332474, -5.79518872395449, -1.81285559363482, 
4.60803946339877, 7.10389086377977, -3.09911208025119, 5.37543859971246, 
6.32121094635852, 14.0491271442072, 13.8436187445409, -0.737506608766428, 
-4.78351807120247, -2.82111447575339, -3.15417687345277, -0.791833930892426, 
-8.66434785794074, -0.445847691450586, -8.57795964559973, 0.98824747302252, 
9.41059123419089, 0.347344517576711, 2.15720266947456, -3.85760360251616, 
4.52910038458984, 10.7395483998188), .Names = c("x1", "x2", "x3", 
"x4", "x5", "x6", "x7", "", "", "", "", "", "", "", "", "", "", 
"", "", "", "", "", "", "", "", "", "")), rank = 7L, fitted.values = structure(c(49.6951710981157, 
69.8216986516923, 62.0489957677056, 72.3680247576407, 47.9961803303686, 
67.6298633514834, 70.5404962307555, 76.5572413396289, 63.3250683068055, 
59.2482013262453, 56.1924235889395, 60.5450633686202, 78.4839239606567, 
87.9842230634572, 76.1602725127967, 62.3252710773209, 67.0770021568122, 
58.5400442469905, 64.4688845760506, 63.6187820047912, 38.5074105278834, 
57.0935917122229, 66.4385962849595, 75.925777047002, 52.1185085078934, 
80.6813970363772, 72.6078871667844), .Names = c("1", "3", "4", 
"5", "6", "7", "8", "9", "10", "11", "12", "13", "15", "16", 
"17", "18", "19", "20", "22", "23", "24", "25", "26", "27", "28", 
"29", "30")), assign = 1:7, qr = structure(list(qr = structure(c(-5.19615242270663, 
0.192450089729875, 0.192450089729875, 0.192450089729875, 0.192450089729875, 
0.192450089729875, 0.192450089729875, 0.192450089729875, 0.192450089729875, 
0.192450089729875, 0.192450089729875, 0.192450089729875, 0.192450089729875, 
0.192450089729875, 0.192450089729875, 0.192450089729875, 0.192450089729875, 
0.192450089729875, 0.192450089729875, 0.192450089729875, 0.192450089729875, 
0.192450089729875, 0.192450089729875, 0.192450089729875, 0.192450089729875, 
0.192450089729875, 0.192450089729875, -348.527112500804, -64.4348651884355, 
-0.0229669383926948, 0.209826285526274, -0.147123324482811, 0.0391112546523634, 
0.16326764074248, 0.271904478571332, -0.0540060349152239, -0.17816242100534, 
-0.0695255831764885, -0.0384864866539594, 0.194306737265009, 
0.396060864661448, 0.318463123355125, -0.0695255831764885, 0.0856698994361571, 
-0.100564679699018, -0.0540060349152239, 0.0235917063910989, 
-0.426475193185573, -0.162642872744076, 0.194306737265009, 0.16326764074248, 
-0.116084227960282, 0.318463123355125, 0.271904478571332, -276.743229031561, 
-27.8805810523199, 67.4674616787248, -0.189621405263713, -0.285421165576019, 
0.180865056532287, 0.08658897201989, -0.325691205892141, 0.318270938695756, 
0.264327425921104, 0.0299107647535317, 0.0730405624046045, 0.248294447500602, 
0.335952655759412, -0.083132992671073, 0.0743766439396464, -0.036057481836497, 
0.164644483846918, 0.140407421951297, -0.0333853187664134, -0.139998794202298, 
0.137672727459591, -0.137076505445725, 0.160698770663414, -0.331223126297175, 
0.154018362988205, -0.325691205892141, -299.837239799146, -35.2696104189331, 
-9.41584494344568, -44.4862459028327, -0.0714110986858541, -0.0218336426560195, 
-0.165920141111091, 0.0179097525017363, -0.137081735757337, 0.241002458221785, 
-0.283063182828374, -0.250172621729834, 0.174307137291935, -0.038270093023611, 
-2.4904622502703e-06, 0.523412966479197, -0.033676482184506, 
0.0776147583402147, 0.211152072561123, -0.127461932213352, 0.521054205573743, 
0.00814998951964621, -0.00405888072418933, 0.256573600643675, 
-0.0779527834451477, 0.0302206388368632, -0.161921110670528, 
-341.406459180799, -33.9194097202031, -3.83323711077823, -9.96290174404497, 
36.5670638136791, -0.0183536175963461, 0.0055852011019789, 0.199864087869335, 
-0.0559632105264717, -0.0175300782813302, 0.0333753851614363, 
0.175979617241434, -0.177872159619633, 0.521492410850883, -0.00967055772971811, 
0.26471270813773, -0.177296262271359, -0.103221545791918, -0.0796848591230107, 
0.0650458223749345, 0.0325991695652508, -0.234869953176479, -0.388062310452716, 
-0.212510387840181, 0.292807591515263, 0.0101487420857368, 0.362439676419338, 
-390.481232061917, -5.97042769591686, 8.58938450107242, -0.617872746501491, 
19.5378318469149, 47.1155519379619, 0.279424955059743, -0.188473595386054, 
-0.0342071762578261, 0.197180132157405, 0.0181586531017384, 0.13845006172249, 
0.221452007644456, 0.154098233721659, 0.0757990511545355, -0.265690009202094, 
0.0231747444510944, 0.0540236175209721, 0.012520642717066, -0.0993901029462596, 
0.331480112570847, 0.210311541235835, 0.429901103445325, 0.229524870952003, 
-0.37945216553955, 0.155826225338226, -0.230384619648244, -225.743955253144, 
-11.8276201693348, 2.15108086906817, -25.7080412319335, 23.6411810259577, 
3.87023149295651, -38.7989613623531, -0.430934983494129, 0.0691007522346256, 
-0.21772659951982, 0.159475150463585, -0.141777636337947, -0.125450605628766, 
0.173135053899385, 0.364229438663704, 0.286636584780851, -0.084948448902266, 
0.190167487062471, -0.188996910649084, -0.0927443482151199, 0.0585789145178563, 
-0.299611323710845, 0.444272324605105, -0.130997269462598, -0.0258030741156788, 
0.237318500390173, -0.0126602756265638), .Dim = c(27L, 7L), .Dimnames = list(
    c("1", "3", "4", "5", "6", "7", "8", "9", "10", "11", "12", 
    "13", "15", "16", "17", "18", "19", "20", "22", "23", "24", 
    "25", "26", "27", "28", "29", "30"), c("x1", "x2", "x3", 
    "x4", "x5", "x6", "x7")), assign = 1:7), qraux = c(1.19245008972988, 
1.08566989943616, 1.00567370285791, 1.05070924494924, 1.16898071099524, 
1.22646617215706, 1.05882845578962), pivot = 1:7, tol = 1e-07, 
    rank = 7L), .Names = c("qr", "qraux", "pivot", "tol", "rank"
), class = "qr"), df.residual = 20L, xlevels = structure(list(), .Names = character(0)), 
    call = quote(lm(formula = y ~ . + 0, data = structure(list(y = c(43, 
        71, 61, 81, 43, 58, 71, 72, 67, 64, 67, 69, 77, 81, 74, 
        65, 65, 50, 64, 53, 40, 63, 66, 78, 48, 85, 82), x1 = c(1, 
        1, 1, 1, 1, 1, 1, 1, 1, 1, 1, 1, 1, 1, 1, 1, 1, 1, 1, 
        1, 1, 1, 1, 1, 1, 1, 1), x2 = c(51, 70, 63, 78, 55, 67, 
        75, 82, 61, 53, 60, 62, 77, 90, 85, 60, 70, 58, 61, 66, 
        37, 54, 77, 75, 57, 85, 82), x3 = c(52, 57, 52, 72, 68, 
        42, 52, 83, 30, 30, 49, 47, 42, 42, 68, 46, 58, 39, 42, 
        56, 50, 39, 68, 47, 72, 52, 83), x4 = c(39, 69, 47, 66, 
        44, 56, 55, 67, 47, 58, 39, 42, 72, 72, 69, 75, 57, 54, 
        62, 50, 58, 48, 63, 74, 45, 71, 59), x5 = c(61, 76, 54, 
        71, 54, 66, 70, 71, 62, 58, 59, 55, 79, 60, 79, 55, 75, 
        64, 66, 63, 50, 66, 88, 80, 51, 77, 64), x6 = c(92, 86, 
        84, 83, 49, 68, 66, 83, 80, 67, 74, 63, 77, 54, 79, 80, 
        85, 78, 80, 80, 57, 75, 76, 78, 83, 74, 78), x7 = c(45, 
        48, 35, 47, 34, 35, 41, 31, 41, 34, 41, 25, 46, 36, 63, 
        60, 46, 52, 41, 37, 49, 33, 72, 49, 38, 55, 39)), .Names = c("y", 
        "x1", "x2", "x3", "x4", "x5", "x6", "x7"),