
expected <- structure(list(coefficients = structure(c(-1.25578674718468, 
0.299774972871189, 0.341578352712056, -0.0421100580653478, 0.0843818500227074, 
0.297530916317628, 0.0575515523929329), .Names = c("x1", "x2", 
"x3", "x4", "x5", "x6", "x7")), residuals = structure(c(-8.21640618253192, 
3.63336060351142, 0.401417693969398, -3.75131859887314, 26.065279308874, 
-29.0906918650619, -5.35245129552974, 3.31899225383117, 5.25635944461968, 
-3.38873803989759, 7.2019101554991, -1.46077068729483, 1.84635397989353, 
3.26916418345626, 6.40941469007657, 14.2907141933807, 6.66621654226437, 
-8.06072213832162, -13.7590965124513, -0.175098341172412, -20.1324772161503, 
-19.1547368269584, 4.40897696872687, 8.40089973695319, -12.7469652013761, 
22.913797544617, 18.0012306610576), .Names = c("1", "2", "3", 
"4", "5", "6", "7", "8", "9", "10", "11", "12", "14", "15", "16", 
"17", "19", "20", "21", "22", "23", "24", "26", "27", "28", "29", 
"30")), effects = structure(c(255.211776300384, -211.392254545756, 
-45.1298185575999, -9.46473583213594, 17.118072340245, 15.3024627699829, 
2.72644482144693, -5.0016415876642, 5.6571348142682, 4.32162008567158, 
13.8546276754381, -4.01444462818976, -4.67646380976741, -4.36275827487862, 
-4.75874776457488, 16.5735204328713, 10.648306125802, -4.30745375992895, 
-17.7403713112071, 2.89796568968992, -28.1745118514925, -29.0097493051689, 
5.57313749932723, -7.7451920717904, -12.234607555107, 20.1031084744509, 
28.7761281565185), .Names = c("x1", "x2", "x3", "x4", "x5", "x6", 
"x7", "", "", "", "", "", "", "", "", "", "", "", "", "", "", 
"", "", "", "", "", "")), rank = 7L, fitted.values = structure(c(51.2164061825319, 
59.3666393964886, 70.5985823060306, 64.7513185988731, 54.934720691126, 
72.0906918650619, 63.3524512955297, 67.6810077461688, 66.7436405553803, 
70.3887380398976, 56.7980898445009, 68.4607706872948, 66.1536460201065, 
73.7308358165437, 74.5905853099234, 59.7092858066193, 58.3337834577356, 
58.0607221383216, 63.7590965124513, 64.1750983411724, 73.1324772161502, 
59.1547368269584, 61.5910230312731, 69.5991002630468, 60.7469652013761, 
62.086202455383, 63.9987693389424), .Names = c("1", "2", "3", 
"4", "5", "6", "7", "8", "9", "10", "11", "12", "14", "15", "16", 
"17", "19", "20", "21", "22", "23", "24", "26", "27", "28", "29", 
"30")), assign = 1:7, qr = structure(list(qr = structure(c(6.71086620920663, 
-0.249130817877538, -0.119914338718273, -0.119717884834745, -0.11882811238029, 
-0.368834136935338, -0.0886926153833675, -0.302685524319468, 
-0.142396518880409, -0.170091608034274, -0.186506292791204, -0.050434630895741, 
-0.345342786202362, -0.125011333620984, -0.191449740774145, 0.0236819003872894, 
-0.186433714999467, -0.12852359653832, -0.200190620566324, 0.0946839243266972, 
0.0343369829423011, -0.163073212642722, -0.20372611978687, -0.112878723482117, 
-0.29773519863203, -0.241181811222086, -0.156772828812133, 279.798537135921, 
-236.45671615879, 0.168551384835074, 0.26597420294831, 0.122879585232903, 
0.0375816770793401, 0.214081057603169, 0.110389236702075, 0.184825641436987, 
0.120904749516852, 0.112313990961352, 0.277793359016918, 0.0897612433118088, 
0.219548983385103, 0.231097170609252, 0.24263805703876, 0.201181854268692, 
0.0687872739543611, 0.224270546913594, 0.391130893832076, 0.352458163863251, 
0.0883241792497944, 0.136927247139432, 0.271315585287197, 0.0296733628588695, 
0.040008705778698, 0.20320147570207, 212.129948863941, -160.635532972742, 
-68.1330341431012, -0.224225714435154, 0.1856423546448, 0.0561967378572672, 
-0.0347777694693254, -0.14487720243525, -0.0109321220482503, 
0.400582137098627, -0.0997275074784209, -0.0997105499240448, 
-0.322422759041471, 0.254289663054769, 0.00800749438817931, 0.174590277636385, 
-0.18990712117069, 0.378871710154409, -0.303448660520587, -0.0900233215816899, 
0.205439139343386, 0.0518467403830838, -0.0336345837827203, -0.118953875595804, 
0.0987237473052951, 0.110689973159367, 0.0172784151916447, 218.959867851305, 
-176.219774851937, -38.672826022042, -78.2980188072514, -0.0587317975374809, 
-0.0477361719702988, 0.119468618343794, 0.00721360007866798, 
0.185059952999541, -0.0577016810727606, 0.354876115930416, -0.247434453681986, 
-0.0584810350660685, -0.372667255925959, -0.298864952227684, 
0.319051989231085, 0.260992619305953, 0.160474947791402, 0.0425430054150748, 
-0.270439983083397, -0.180116053256144, 0.0598275051150453, 0.103023599282748, 
0.182625201861174, 0.323999598188483, 0.0321580877391026, -0.25599680605851, 
238.751420139358, -205.744639848646, -28.3236113075394, -18.3324229055474, 
72.2190962827838, -0.187434583427554, -0.109743723386641, 0.162039925704195, 
-0.08398621136256, -0.161093819960419, -0.244376734931262, -0.156132624695287, 
-0.0160844184564638, 0.222332282481923, 0.384825989436787, -0.0682469274108873, 
0.230398386078148, -0.228697137913062, 0.244611777771077, -0.100371894709822, 
0.331822408527024, -0.138328527988198, -0.0011783673864701, 0.480899216789736, 
0.0343615230615715, -0.235563477681613, -0.0994156176000506, 
292.801942259963, -224.39390069798, -64.5106324994635, -32.6531159885087, 
33.7236755413362, 48.8596557200455, -0.108675521906019, -0.106112731485083, 
-0.0351016222716036, 0.286633132501692, -0.0129127510311246, 
-0.163094802456736, -0.0982498710585468, 0.0688082137628289, 
0.0268180277443956, -0.0968475660439466, 0.486022706875556, -0.0485130258892933, 
0.12374789044695, 0.0695306494017735, 0.0259411207039235, -0.436403811920474, 
0.127834623313083, -0.191562006911025, 0.0315761938789355, -0.244220411991681, 
0.493755797952047, 160.900817301316, -155.238503229773, -33.0426815393528, 
-26.0572409831228, 17.2064047336654, 13.2959859607171, 47.3739579226664, 
0.0423523649944043, -0.0769095273832975, -0.268838254211087, 
0.22439438280772, -0.0580555962557287, -0.365286832562993, -0.237451308276815, 
0.0798668488045738, 0.340480269893836, -0.327227259342099, -0.096905487541715, 
0.121415201884672, 0.133909414337012, 0.0625741538959624, -0.443707110316857, 
-0.151744140012955, -0.0238828919035219, 0.215027233929224, -0.25142073496578, 
-0.060201164769797), .Dim = c(27L, 7L), .Dimnames = list(c("1", 
"2", "3", "4", "5", "6", "7", "8", "9", "10", "11", "12", "14", 
"15", "16", "17", "19", "20", "21", "22", "23", "24", "26", "27", 
"28", "29", "30"), c("x1", "x2", "x3", "x4", "x5", "x6", "x7"
)), assign = 1:7), qraux = c(1.21728146888657, 1.05071694994622, 
1.38470545927495, 1.03802524734634, 1.06834050119169, 1.18700831809557, 
1.25993762355646), pivot = 1:7, tol = 1e-07, rank = 7L), .Names = c("qr", 
"qraux", "pivot", "tol", "rank"), class = "qr"), df.residual = 20L, 
    xlevels = structure(list(), .Names = character(0)), call = quote(lm(formula = y ~ 
        . + 0, data = structure(list(y = c(43, 63, 71, 61, 81, 
        43, 58, 71, 72, 67, 64, 67, 68, 77, 81, 74, 65, 50, 50, 
        64, 53, 40, 66, 78, 48, 85, 82), x1 = c(-1.45814686743768, 
        1.67188358736638, 0.804729083703814, 0.803410707975183, 
        0.797439564076696, 2.47519654636125, 0.595204275582401, 
        2.03128205717151, 0.955603986863188, 1.14146202482683, 
        1.25161877809689, 0.338460060252037, 2.3175492345187, 
        0.838934334564916, 1.28479359612258, -0.158926065078858, 
        1.25113171824678, 0.862504661094714, 1.34345247095865, 
        -0.635411148319109, -0.230430898553593, 1.09436251235081, 
        1.36717873321049, 0.757514011154519, 1.99806108379111, 
        1.61853886720555, 1.05208147939708), x2 = c(55, 58, 62, 
        85, 51, 77, 67, 82, 70, 60, 61, 75, 85, 75, 90, 53, 82, 
        40, 90, 75, 77, 51, 70, 85, 62, 54, 77), x3 = c(30, 44, 
        71, 45, 50, 65, 45, 53, 50, 72, 39, 45, 44, 71, 66, 47, 
        47, 56, 45, 42, 65, 42, 50, 52, 56, 50, 57), x4 = c(56, 
        50, 69, 58, 42, 55, 59, 55, 67, 58, 69, 34, 44, 39, 45, 
        74, 74, 59, 58, 34, 55, 45, 59, 74, 75, 47, 39),