
expected <- structure(list(coefficients = structure(c(7.51012008791108, 0.102465584392724, 
0.0914855232554495, 0.539398964519332, 0.608170804064252, 0.0624120950411816, 
-0.654999220879222), .Names = c("x1", "x2", "x3", "x4", "x5", 
"x6", "x7")), residuals = structure(c(-9.34153108342594, 0.901119255904811, 
-7.78304173079198, 2.09968479110919, 11.3997647333205, -12.196446043258, 
1.01029627938227, -12.6450297471717, 7.41396206403523, 13.7451677161188, 
3.90449821418704, 5.63504724729865, -2.23406927192888, 7.34301706275598, 
4.83998560365545, 3.54381206725635, -4.502470006095, -9.45498929524285, 
4.60823289998517, -6.54517311401445, -13.2182944776208, -1.54749164459181, 
-1.85460806031384, -1.38439453045711, -5.0583849115833, 8.87221356223841, 
12.4491224192478), .Names = c("1", "2", "3", "4", "5", "6", "8", 
"9", "10", "12", "13", "14", "15", "16", "17", "18", "19", "20", 
"21", "22", "24", "25", "26", "27", "28", "29", "30")), effects = structure(c(-339.4819582835, 
8.82010724536376, -26.4936275857947, 30.3692311597513, 14.8430763290262, 
-2.01970572457338, -24.1583996726734, -13.2141116561813, 8.87560206581205, 
17.2781240172952, 4.2976349241403, 8.99125198522271, 1.89837508269553, 
6.3725179965005, 11.2774349610014, -1.75126448504107, -0.601694881831915, 
-5.98258996962449, 2.78450817437007, -6.85259512659352, -14.836138563974, 
2.35209669005319, 9.866904945705, 3.06223516100604, -7.65640591396784, 
13.2866173202421, 10.4827208459838), .Names = c("x1", "x2", "x3", 
"x4", "x5", "x6", "x7", "", "", "", "", "", "", "", "", "", "", 
"", "", "", "", "", "", "", "", "", "")), rank = 7L, fitted.values = structure(c(52.3415310834259, 
62.0988807440952, 78.783041730792, 58.9003152088908, 69.6002352666795, 
55.196446043258, 69.9897037206177, 84.6450297471717, 59.5860379359648, 
53.2548322838812, 65.095501785813, 62.3649527527013, 79.2340692719289, 
73.656982937244, 69.1600143963446, 61.4561879327436, 69.502470006095, 
59.4549892952429, 45.3917671000148, 70.5451731140145, 53.2182944776208, 
64.5474916445918, 67.8546080603138, 79.3843945304571, 53.0583849115833, 
76.1277864377616, 69.5508775807522), .Names = c("1", "2", "3", 
"4", "5", "6", "8", "9", "10", "12", "13", "14", "15", "16", 
"17", "18", "19", "20", "21", "22", "24", "25", "26", "27", "28", 
"29", "30")), assign = 1:7, qr = structure(list(qr = structure(c(-5.19615242270663, 
0.192450089729875, 0.192450089729875, 0.192450089729875, 0.192450089729875, 
0.192450089729875, 0.192450089729875, 0.192450089729875, 0.192450089729875, 
0.192450089729875, 0.192450089729875, 0.192450089729875, 0.192450089729875, 
0.192450089729875, 0.192450089729875, 0.192450089729875, 0.192450089729875, 
0.192450089729875, 0.192450089729875, 0.192450089729875, 0.192450089729875, 
0.192450089729875, 0.192450089729875, 0.192450089729875, 0.192450089729875, 
0.192450089729875, 0.192450089729875, -351.798764026212, -72.8260230249437, 
0.0840186419186604, -0.0395635561222433, -0.437772860920711, 
-0.163145754163147, 0.180138129283808, -0.094488977473756, -0.0395635561222433, 
-0.0395635561222433, 0.221332195297442, -0.245533886190416, -0.245533886190416, 
-0.0807576221358778, -0.0258322007843651, 0.180138129283808, 
-0.108220332811634, -0.0258322007843651, 0.125212707932295, -0.0670262667979997, 
0.221332195297442, -0.396578794907076, 0.289988971986833, -0.245533886190416, 
-0.149414398825269, 0.180138129283808, 0.180138129283808, -278.475279839129, 
3.12057764271189, -64.8134284982235, -0.0747792684277343, 0.0853527438593017, 
-0.0160385982557379, 0.00765401309720182, 0.340478876745686, 
-0.0747792684277343, -0.0439214655566083, 0.116647968336228, 
0.506560760173234, 0.0591226185419067, 0.00137359355999552, 0.218700407244658, 
0.239087534630647, -0.0610031089756466, 0.28041601298691, -0.255959504894149, 
0.0325619448278166, -0.114785553197217, -0.129660231048495, 0.25716082323977, 
0.120838224284159, -0.0928525570368578, 0.331660943244025, -0.162063902693991, 
-293.87128701752, 2.42434707020983, -31.3753769082186, 54.4093276177629, 
-0.154293385430756, 0.173205177376684, -0.024171703370181, -0.0127256711848356, 
0.074695850797444, 0.242416473981886, 0.286496553867576, 0.50783695583341, 
-0.288363139915856, -0.332400762002296, -0.133341950322671, -0.236603155711713, 
-0.0976428259652977, 0.183720094468402, 0.186839806974712, -0.12814370240911, 
-0.162723250592073, 0.031057268795502, -0.00748496547202402, 
-0.283747521947563, 0.102886482647103, -0.101025317714599, -0.211467067772189, 
-337.172557206741, 6.08146470853138, -25.2077406307579, 26.8340151615227, 
41.1362114963101, 0.124194126739098, -0.141183064063351, 0.101708137219939, 
-0.0516997856612953, -0.0902295542558589, 0.0477667460940294, 
0.119447080790822, -0.0511776576904598, 0.380657286272128, -0.0933113701182884, 
0.556582522959979, -0.210887644604598, 0.0630276818392507, 0.168371786872776, 
0.0925198744357319, 0.36226778801223, -0.10100522030442, -0.431031929038361, 
-0.0353650773356434, 0.196520564188978, -0.0203357382174065, 
0.0331640281935828, -390.288781972187, 9.47616088928461, -6.36675355669069, 
3.85229053727955, 18.641495471225, 47.0105094083026, 0.260886280044478, 
-0.0378247817990922, -0.0317826036085662, 0.127479096606481, 
0.287987629058207, 0.191825891604296, 0.0978507779659301, 0.365595070350395, 
0.0659478076106979, -0.252627442355024, -0.0667158424128766, 
0.0612848791145858, 0.143835891263083, -0.0628702003522418, 0.212783901415267, 
0.165714567752826, 0.195395464290875, 0.0867293764377121, -0.16512299272479, 
0.124200737601527, -0.114111287535784, -227.476006060713, -15.8764981828845, 
-18.4544997625362, 23.7239945061294, 17.3102820865681, 7.56295572237354, 
36.8830968077259, 0.445692826904706, -0.00586902196082035, -0.131814815702159, 
0.380659012261528, -0.0947546378503133, 0.0965089079301436, 0.263828166828683, 
-0.302964976251323, -0.218634532523066, 0.0280856351934834, -0.27546996345845, 
0.013933733723055, 0.144660849757216, -0.118604951480611, 0.0597217935684432, 
-0.400339794670688, 0.035458351851729, -0.0650867536445452, -0.00669212338837637, 
0.307280186882486), .Dim = c(27L, 7L), .Dimnames = list(c("1", 
"2", "3", "4", "5", "6", "8", "9", "10", "12", "13", "14", "15", 
"16", "17", "18", "19", "20", "21", "22", "24", "25", "26", "27", 
"28", "29", "30"), c("x1", "x2", "x3", "x4", "x5", "x6", "x7"
)), assign = 1:7), qraux = c(1.19245008972988, 1.22133219529744, 
1.28306040016047, 1.07469585079744, 1.08340774674207, 1.6124602100913, 
1.18947773227471), pivot = 1:7, tol = 1e-07, rank = 7L), .Names = c("qr", 
"qraux", "pivot", "tol", "rank"), class = "qr"), df.residual = 20L, 
    xlevels = structure(list(), .Names = character(0)), call = quote(lm(formula = y ~ 
        . + 0, data = structure(list(y = c(43, 63, 71, 61, 81, 
        43, 71, 72, 67, 67, 69, 68, 77, 81, 74, 65, 65, 50, 50, 
        64, 40, 63, 66, 78, 48, 85, 82), x1 = c(1, 1, 1, 1, 1, 
        1, 1, 1, 1, 1, 1, 1, 1, 1, 1, 1, 1, 1, 1, 1, 1, 1, 1, 
        1, 1, 1, 1), x2 = c(75, 85, 75, 66, 37, 57, 82, 62, 66, 
        66, 85, 51, 51, 63, 67, 82, 61, 67, 78, 64, 85, 40, 90, 
        51, 58, 82, 82), x3 = c(30, 51, 68, 45, 56, 49, 50, 72, 
        45, 47, 57, 83, 54, 50, 64, 65, 46, 68, 33, 52, 42, 42, 
        66, 58, 44, 71, 39), x4 = c(39, 54, 69, 47, 66, 44, 55, 
        67, 47, 39, 42, 45, 72, 72, 69, 75, 57, 54, 34, 62, 58, 
        48, 63, 74, 45, 71, 59), x5 = c(61, 63, 76, 54, 71, 54, 
        70, 71, 62, 59, 55, 59, 79, 60, 79, 55, 75, 64, 43, 66, 
        50, 66, 88, 80, 51, 77, 64), x6 = c(92, 73, 86, 84, 83, 
        49, 66, 83, 80, 74, 63, 77, 77, 54, 79, 80, 85, 78, 64, 
        80, 57, 75, 76, 78, 83, 74, 78), x7 = c(45, 47, 48, 35, 
        47, 34, 41, 31, 41, 41, 25, 35, 46, 36, 63, 60, 46, 52, 
        33, 41, 49, 33, 72, 49, 38, 55, 39)), .Names = c("y", 
        "x1", "x2", "x3", "x4", "x5", "x6", "x7"),