
expected <- structure(list(coefficients = structure(c(-0.0668298709513822, 
0.702208215329816, -0.0791338353304912, 0.390232226076902, 0.0292120920183765, 
0.07836512004267, -0.179502384646304), .Names = c("x1", "x2", 
"x3", "x4", "x5", "x6", "x7")), residuals = structure(c(-6.49148992407107, 
1.85822971240642, 0.0147726779976034, 0.123701046739928, 4.76722690157467, 
-8.27476390464558, -8.49379093014527, 0.910444983225596, -8.95264201479463, 
7.53333327788997, 13.2540949964878, 11.6009165051348, -2.64189817204004, 
-0.993670497244704, 1.90852934741505, -3.23644402645582, -5.1103893376807, 
10.9037089260432, 0.375641943397026, -10.2029090172089, -2.31908684218063, 
7.83650902005379, -2.9207228387148, 1.31425052984994, -7.21050966064216, 
5.14726365203195, 3.52113680948138), .Names = c("1", "2", "3", 
"4", "5", "6", "7", "8", "9", "11", "12", "13", "14", "15", "18", 
"19", "20", "21", "22", "23", "24", "25", "26", "27", "28", "29", 
"30")), effects = structure(c(-177.990921594138, -282.817625871154, 
0.353286679635417, 16.6461522008024, -1.13478083838707, 3.47093692179969, 
-6.45543891430877, 1.2783089666832, -5.33068513396479, 8.06296985775279, 
14.0485846124662, 15.3269964405703, -0.264468720810429, 0.127313539788273, 
2.05794274785241, 0.881095633113037, -8.6288784968235, 8.20916552928366, 
3.20939470791581, -10.55585168166, -2.69379569630313, 11.0935132262947, 
2.09710216230846, 0.170432390668842, -9.48994080151886, 8.22719794234517, 
2.77254564602303), .Names = c("x1", "x2", "x3", "x4", "x5", "x6", 
"x7", "", "", "", "", "", "", "", "", "", "", "", "", "", "", 
"", "", "", "", "", "")), rank = 7L, fitted.values = structure(c(49.4914899240711, 
61.1417702875936, 70.9852273220024, 60.8762989532601, 76.2327730984253, 
51.2747639046456, 66.4937909301453, 70.0895550167744, 80.9526420147946, 
56.46666672211, 53.7459050035122, 57.3990834948652, 70.64189817204, 
77.9936704972447, 63.0914706525849, 68.2364440264558, 55.1103893376807, 
39.0962910739568, 63.624358056603, 63.2029090172089, 42.3190868421806, 
55.1634909799462, 68.9207228387148, 76.6857494701501, 55.2105096606422, 
79.852736347968, 78.4788631905186), .Names = c("1", "2", "3", 
"4", "5", "6", "7", "8", "9", "11", "12", "13", "14", "15", "18", 
"19", "20", "21", "22", "23", "24", "25", "26", "27", "28", "29", 
"30")), assign = 1:7, qr = structure(list(qr = structure(c(-6.71229039652461, 
-0.0876683907044169, 0.128572849825802, 0.0451428295013465, 0.0112605141478742, 
-0.103413252898562, 0.128819059066773, -0.13489545510865, 0.200953936396639, 
0.0700604732821891, 0.10987750136284, 0.162866155549681, 0.242474892241626, 
-0.0342968404119801, 0.60294843086506, 0.258690826152507, -0.095733310181046, 
-0.00796821503965243, 0.283987556209026, 0.0166485462734162, 
0.232432120037751, 0.100498568621927, 0.252681795370347, -0.175845777385927, 
0.149250630817602, 0.219952251419161, 0.0471541479669472, -181.610675635831, 
-293.563557845822, 0.152006091211017, 0.18425350649441, 0.258129795456892, 
0.256880578001115, 0.141621305767074, 0.346175290553578, 0.144219270014397, 
0.133436503842408, 0.130511323418023, 0.101698403451043, 0.119709987116821, 
0.285352862137986, -0.200994057276588, 0.0645241353777185, 0.261936389731085, 
0.141613948339852, 0.016858679777761, 0.213630262384452, -0.0302331747664648, 
0.116378538130956, 0.092409096415914, 0.373707337899789, 0.0938204148490054, 
0.141665423386284, 0.247623170677549, -161.226879732254, -227.659311433569, 
-50.9129764342495, -0.0900641486166726, -0.098839177238239, 0.134757635160225, 
-0.22360244178211, -0.147539628706321, 0.124044875333827, 0.216585030257054, 
-0.0149798013387098, 0.142363544482155, 0.31818868338492, -0.115572526673808, 
0.26060018055134, -0.211609845485274, 0.460691595371439, 0.0355915648412381, 
0.0403508464135659, 0.00589338993327845, 0.220389132584521, -0.0196286151156088, 
0.0747466570433797, 0.016066308017034, -0.0340920727548101, 0.0553620113185636, 
-0.499801090683136, -165.597055010951, -238.581407958482, -14.8886300535473, 
50.9102724740022, -0.0748376632573941, 0.0525115473726721, -0.0783978569440027, 
0.0404966561945035, 0.100971928671465, -0.1831285779312, 0.220640448933636, 
0.268059866086233, 0.635242551860109, -0.225749990951947, -0.265981556374209, 
-0.0154823473394072, 0.03480619417248, -0.0104757113351591, -0.153706209862139, 
0.0884440017103915, -0.402870492208844, -0.0568709920607024, 
0.0911769034745406, -0.277443783423298, 0.0557865894765001, 0.0479960551001396, 
-0.022884983340214, -177.09544929416, -285.337105246726, -6.10462028290202, 
27.1555685776566, 34.9177163506448, -0.0450550606736424, 0.0248996427758783, 
-0.0231317745194902, 0.256640359149642, 0.0704276495615094, -0.189186602004334, 
-0.00248621391744964, 0.205673546752759, 0.0552327010494729, 
0.582706395081493, -0.16859168483996, -0.134831750174009, -0.0950679652473021, 
0.0439551486527926, -0.0335073569412078, 0.0979243949079257, 
-0.306826330993785, -0.36157323405598, 0.0185183087424716, 0.112137679828545, 
0.202437732518705, 0.348981108235125, -221.308538215137, -318.343351390545, 
-3.61964201167809, 21.002859953751, 29.6598287698641, 57.7071413373437, 
0.191510154641541, 0.176048299101693, 0.170359676522231, -0.0785091612125482, 
0.0193320490398962, 0.207606457593033, 0.296295051817781, 0.107315916334218, 
0.0340033124446254, 0.148365155170049, -0.218512554486071, -0.297997779800306, 
0.0197084233152955, -0.10269503252932, -0.0613559393218067, -0.0258409620543738, 
0.537618352673493, -0.0287696215655876, -0.288088781561984, 0.427338099039176, 
0.0491321787176044, -130.739266533033, -176.566035148087, -14.4641713292417, 
31.5307196485346, 24.9528519206852, 5.85669175644693, 35.9629702247617, 
-0.00958836110053862, 0.467689294909852, 0.241367996187899, -0.100776083504875, 
0.275476552185204, -0.0181106002184008, 0.173312402138755, -0.260274693923762, 
0.164419521945262, -0.252829566704196, -0.0989631967732024, 0.251410467651888, 
0.0943330206824138, -0.157323633013941, 0.355428198693887, -0.360890381002183, 
0.0929133641329848, -0.0592372493514145, -0.101844879664858, 
-0.0013294661702607), .Dim = c(27L, 7L), .Dimnames = list(c("1", 
"2", "3", "4", "5", "6", "7", "8", "9", "11", "12", "13", "14", 
"15", "18", "19", "20", "21", "22", "23", "24", "25", "26", "27", 
"28", "29", "30"), c("x1", "x2", "x3", "x4", "x5", "x6", "x7"
)), assign = 1:7), qraux = c(1.17854539837367, 1.27695262289827, 
1.24107430940194, 1.06758727415951, 1.19090571300571, 1.14625015579148, 
1.2491403503499), pivot = 1:7, tol = 1e-07, rank = 7L), .Names = c("qr", 
"qraux", "pivot", "tol", "rank"), class = "qr"), df.residual = 20L, 
    xlevels = structure(list(), .Names = character(0)), call = quote(lm(formula = y ~ 
        . + 0, data = structure(list(y = c(43, 63, 71, 61, 81, 
        43, 58, 71, 72, 64, 67, 69, 68, 77, 65, 65, 50, 50, 64, 
        53, 40, 63, 66, 78, 48, 85, 82), x1 = c(1.19844856284726, 
        -0.588455697004025, 0.863018305139535, 0.303011780933836, 
        0.0755838409747057, -0.694139784304391, 0.864670933063239, 
        -0.905457467860607, 1.34886117741898, 0.470266241988007, 
        0.737529697191911, 1.09320493181501, 1.62756189059181, 
        -0.230210352528471, 4.04716496209513, 1.73640794805249, 
        -0.642589778555747, -0.053484973288102, 1.90620694627434, 
        0.111749877267147, 1.56015188717325, 0.674575577025432, 
        1.69607358844098, -1.18032792281696, 1.00181357591223, 
        1.4763833848948, 0.31651233455484), x2 = c(51, 64, 70, 
        63, 78, 55, 67, 75, 82, 53, 60, 62, 83, 77, 60, 70, 58, 
        40, 61, 66, 37, 54, 77, 75, 57, 85, 82), x3 = c(30, 51, 
        68, 45, 56, 49, 42, 50, 72, 53, 47, 57, 83, 54, 65, 46, 
        68, 33, 52, 52, 42, 42, 66, 58, 44, 71, 39), x4 = c(39, 
        54, 69, 47, 66, 44, 56, 55, 67, 58, 39, 42, 45, 72, 75, 
        57, 54, 34, 62, 50, 58, 48, 63, 74, 45, 71, 59),