
expected <- structure(list(coefficients = structure(c(-3.66626640629138, 
0.522894218930448, -0.0649341299397186, 0.283411185699153, -0.321456581399625, 
0.488635768306807, 0.102423498014476), .Names = c("x1", "x2", 
"x3", "x4", "x5", "x6", "x7")), residuals = structure(c(-8.77796115669637, 
-2.73566248920999, -11.9485824936634, 7.88964505661491, 7.3521570764355, 
-12.9713393147573, 0.225216283940578, 15.6719866689995, 13.74812694023, 
1.2939548874087, 15.3230603328505, 2.29105398506081, -4.58006916066285, 
11.7072136347205, 0.205662881831345, -5.06399650382356, -10.3047222838116, 
-4.56316210780819, 6.09408446947559, -21.889375473876, -20.5352007453031, 
11.1242901691261, 0.533792047109461, 14.4870305043948, -13.5086314547175, 
9.27733638459776, 7.96755424244576), .Names = c("1", "2", "3", 
"4", "5", "6", "7", "8", "9", "11", "12", "13", "14", "15", "18", 
"19", "20", "21", "22", "23", "24", "25", "26", "27", "28", "29", 
"30")), effects = structure(c(-240.288144970474, -224.286634815909, 
-21.1763605301609, -20.1648896685201, -10.123196148782, 31.0647891270561, 
5.16196920196979, 12.9820522559475, 23.0378305533159, -3.11443334130751, 
12.9885774335773, 7.313568946944, -2.04979602142407, 7.87201864012043, 
-0.810233609496458, -10.3317134713984, -4.46941457648573, -0.843285906012321, 
4.35314822423587, -23.1491176673666, -23.0496383725907, 15.2370442408529, 
2.74050067963917, 8.05232699938803, -19.0103258594958, 11.9071105285568, 
9.14736642162289), .Names = c("x1", "x2", "x3", "x4", "x5", "x6", 
"x7", "", "", "", "", "", "", "", "", "", "", "", "", "", "", 
"", "", "", "", "", "")), rank = 7L, fitted.values = structure(c(51.7779611566964, 
65.73566248921, 82.9485824936634, 53.1103549433851, 73.6478429235645, 
55.9713393147573, 57.7747837160594, 55.3280133310005, 58.25187305977, 
62.7060451125913, 51.6769396671495, 66.7089460149392, 72.5800691606628, 
65.2927863652795, 64.7943371181687, 70.0639965038236, 60.3047222838116, 
54.5631621078082, 57.9059155305244, 74.889375473876, 60.5352007453031, 
51.8757098308739, 65.4662079528905, 63.5129694956052, 61.5086314547175, 
75.7226636154022, 74.0324457575542), .Names = c("1", "2", "3", 
"4", "5", "6", "7", "8", "9", "11", "12", "13", "14", "15", "18", 
"19", "20", "21", "22", "23", "24", "25", "26", "27", "28", "29", 
"30")), assign = 1:7, qr = structure(list(qr = structure(c(-7.33837826680563, 
0.106927118402817, 0.14910008102214, 0.297382465128739, 0.218073358833493, 
0.156712961567299, 0.146619220822308, 0.283017924645257, -0.0202292235438093, 
-0.0794382979482412, 0.120584211771337, 0.110169118624717, 0.105154906648169, 
0.303226364639138, 0.190523209722103, 0.188300415282167, 0.320726820536971, 
0.374167568835197, -0.13192788930897, 0.0672270147464663, 0.114960129783027, 
-0.00168413140160703, 0.338461300919965, 0.22497863674913, 0.0201381125506874, 
-0.0206714128914932, 0.0561395967933028, -260.251044929531, -221.96935286901, 
0.16501159074866, -0.0654798729075049, 0.130092341828998, 0.0570721158780347, 
0.10932136050117, -0.0578352746262385, 0.262226312059845, 0.389442441788565, 
0.162033074947026, 0.219160035470517, 0.252004481923815, -0.0767606617226919, 
0.0268813479312835, 0.0519841812911054, -0.03397965470454, -0.13648723928141, 
0.319652410451504, 0.291474545297713, 0.114492354408844, 0.168642330834793, 
-0.0455315027512101, 0.018468164709286, 0.255968866201153, 0.361851786581926, 
0.308834889480742, -200.620264624457, -199.569742060688, -65.6157563077925, 
-0.0780650437351083, -0.0214390576733952, 0.29574926775047, -0.124155304450653, 
-0.223499236698658, 0.513333765925351, -0.317940180438708, -0.296317711872263, 
0.00115261964612228, -0.0850430562539925, -0.0921422463527393, 
0.190009863843191, -0.0639071838582986, -0.0375429410297438, 
-0.0267315756903975, 0.0979410200088999, -0.238848563303353, 
-0.00837186565823324, 0.349047338538215, -0.0583805173207464, 
-0.27516158939089, -0.221328557521375, 0.02169936895767, -0.104982489131973, 
-236.434940323887, -183.28458049281, -40.2998212913795, -66.7398378144379, 
-0.0405321706311371, 0.167228534409371, 0.084525252535098, 0.15087329661156, 
0.0942888165250282, 0.10727338908652, 0.41172460308412, -0.340079340555073, 
-0.169534082383992, 0.188223755163841, 0.228650277578181, 0.16515825696537, 
-0.173904871357386, -0.237245386958053, 0.237126629214642, 0.0424423036937467, 
0.358980494554045, 0.132230267970474, -0.0126390997092116, 0.0128652979711881, 
0.351477847888626, -0.23291518837365, -0.100540683184312, -260.563716558944, 
-208.799187346206, -18.6942640041395, -43.9555498238183, 73.6402275226216, 
-0.250273424333429, -0.136400060291947, 0.0370428691783272, -0.238262889164134, 
0.0666680501692929, 0.0661317891442506, -0.0564024807519742, 
0.0776891553323513, 0.284316171525928, 0.251818695779254, 0.30714471540774, 
-0.101538953233442, -0.00209009618320733, -0.19889405426704, 
-0.0679718791357822, 0.151525394152219, -0.301814619127298, 0.113505697008995, 
0.367632724568538, 0.228686238972512, -0.0498276367700289, 0.105825206328778, 
-293.232212978253, -250.376952705753, -37.9179042727, -26.0914586069481, 
24.6890708493792, 58.0531560690722, -0.00953332450797704, -0.12678082078888, 
0.419166125007657, 0.00554244297468821, 0.447494128481281, 0.100714196913766, 
0.17534880184692, -0.234296789529242, -0.116657520926468, -0.375745993848669, 
0.235696275250841, -0.0558246241603777, -0.237952955018307, 0.02212236366181, 
0.0478912312521304, -0.0668516833832978, 0.136783100429497, -0.393823368787834, 
0.0680807754883686, -0.0384457948553483, 0.1623970990467, -171.872642492874, 
-136.793502364033, -14.6157120327665, -25.6840862537576, 14.498397044134, 
26.3410317057204, 50.3982904512812, -0.144041206178787, 0.0284250008665559, 
0.0649056460523015, -0.188546942491583, 0.152092899937076, -0.0646674171259937, 
-0.355330557664569, 0.137743566041496, 0.0784895597566229, -0.613896190128073, 
0.0734611053312255, -0.37144423080815, 0.212009340078864, -0.361604544654003, 
0.0911368696655971, -0.18700891555002, -0.0241304552547608, 0.0306330422730154, 
0.0260709985385244, 0.124377330177323), .Dim = c(27L, 7L), .Dimnames = list(
    c("1", "2", "3", "4", "5", "6", "7", "8", "9", "11", "12", 
    "13", "14", "15", "18", "19", "20", "21", "22", "23", "24", 
    "25", "26", "27", "28", "29", "30"), c("x1", "x2", "x3", 
    "x4", "x5", "x6", "x7")), assign = 1:7), qraux = c(1.22105351005755, 
1.1508369235983, 1.04504170364292, 1.10980381457591, 1.47056739022159, 
1.16863872399183, 1.05553011678245), pivot = 1:7, tol = 1e-07, 
    rank = 7L), .Names = c("qr", "qraux", "pivot", "tol", "rank"
), class = "qr"), df.residual = 20L, xlevels = structure(list(), .Names = character(0)), 
    call = quote(lm(formula = y ~ . + 0, data = structure(list(y = c(43, 
        63, 71, 61, 81, 43, 58, 71, 72, 64, 67, 69, 68, 77, 65, 
        65, 50, 50, 64, 53, 40, 63, 66, 78, 48, 85, 82), x1 = c(1.62217427400739, 
        0.784671641819387, 1.09415279415183, 2.18230501902982, 
        1.60030479703301, 1.15001899129221, 1.0759473035784, 
        2.07689258733319, -0.148449694408243, -0.582948279215403, 
        0.884892558982667, 0.808462665788754, 0.771666481594897, 
        2.22518976419033, 1.39813138154673, 1.38181967513713, 
        2.35361472941018, 2.74578315528371, -0.968136755690484, 
        0.49333726395769, 0.843620917948916, -0.0123587932759979, 
        2.48375705482583, 1.65097833841537, 0.14778108747645, 
        -0.151694647107099, 0.411973597015204), x2 = c(54, 61, 
        75, 62, 85, 53, 62, 60, 53, 66, 67, 77, 83, 61, 55, 60, 
        75, 66, 37, 82, 55, 37, 77, 62, 62, 75, 83), x3 = c(56, 
        58, 68, 44, 71, 64, 45, 33, 83, 42, 39, 68, 68, 42, 58, 
        46, 58, 49, 44, 58, 47, 57, 58, 33, 42, 71, 68), x4 = c(54, 
        44, 72, 63, 71, 72, 54, 57, 71, 42, 71, 42, 54, 67, 74, 
        62, 57, 48, 45, 59, 71, 54, 69, 45, 63, 44, 56),