
expected <- structure(list(coefficients = structure(c(25.0165805325226, 0.605738750527599, 
-0.0854376052730238, 0.239166060485591, -0.024176498273022, -0.0389133187097187, 
-0.113513450471956), .Names = c("x1", "x2", "x3", "x4", "x5", 
"x6", "x7")), residuals = structure(c(-7.80800626591171, 1.83308872174055, 
-0.345933273588307, 6.42762352543076, -11.6459852626916, -9.19127145879906, 
-0.20914865514938, -3.86749585279686, 7.69789709211588, 6.76687523591702, 
11.4439915356603, 9.00680314518072, 0.610038007985909, 2.29553038020027, 
-3.50221049620547, -5.71689395996537, -0.102145188595254, -1.77814049206142, 
-5.86129639363083, 2.71765005260959, -8.97200130490687, 9.04743062612725, 
-5.34804864640565, 3.75243529552739, -9.65707596919725, 6.63559242201541, 
5.77069717939399), .Names = c("1", "2", "4", "5", "6", "7", "8", 
"9", "10", "11", "12", "13", "14", "15", "16", "17", "18", "19", 
"20", "21", "23", "25", "26", "27", "28", "29", "30")), effects = structure(c(-339.4819582835, 
47.9679701362602, -3.77147328366682, -12.3774262568539, -2.46364215164805, 
-1.86188480005553, -5.38325994020995, -2.58742034292746, 8.46450155348908, 
7.51674552728388, 14.7577977312473, 13.0028407871774, 8.12183821747795, 
2.76725401563215, 4.64250725687617, -4.73926106514817, -1.67346482940696, 
-2.14924714254826, -4.92961202327146, 3.51164284053868, -7.19328018170743, 
9.83478706232051, -4.58593400359945, 3.07066929959821, -9.66587908719724, 
9.43158970229155, 9.18830562841289), .Names = c("x1", "x2", "x3", 
"x4", "x5", "x6", "x7", "", "", "", "", "", "", "", "", "", "", 
"", "", "", "", "", "", "", "", "", "")), rank = 7L, fitted.values = structure(c(50.8080062659117, 
61.1669112782595, 61.3459332735883, 74.5723764745692, 54.6459852626916, 
67.1912714587991, 71.2091486551494, 75.8674958527968, 59.3021029078841, 
57.233124764083, 55.5560084643397, 59.9931968548193, 67.3899619920141, 
74.7044696197997, 84.5022104962055, 79.7168939599654, 65.1021451885953, 
66.7781404920614, 55.8612963936308, 47.2823499473904, 61.9720013049069, 
53.9525693738728, 71.3480486464056, 74.2475647044726, 57.6570759691973, 
78.3644075779846, 76.229302820606), .Names = c("1", "2", "4", 
"5", "6", "7", "8", "9", "10", "11", "12", "13", "14", "15", 
"16", "17", "18", "19", "20", "21", "23", "25", "26", "27", "28", 
"29", "30")), assign = 1:7, qr = structure(list(qr = structure(c(-5.19615242270663, 
0.192450089729875, 0.192450089729875, 0.192450089729875, 0.192450089729875, 
0.192450089729875, 0.192450089729875, 0.192450089729875, 0.192450089729875, 
0.192450089729875, 0.192450089729875, 0.192450089729875, 0.192450089729875, 
0.192450089729875, 0.192450089729875, 0.192450089729875, 0.192450089729875, 
0.192450089729875, 0.192450089729875, 0.192450089729875, 0.192450089729875, 
0.192450089729875, 0.192450089729875, 0.192450089729875, 0.192450089729875, 
0.192450089729875, 0.192450089729875, -352.183664205672, 64.6889995800419, 
0.0319993232125807, -0.199879359366827, 0.155667953921598, -0.0298349921419281, 
-0.153503622850946, -0.261713674721336, 0.0629164808898351, 0.186585111598853, 
0.0783750597284623, 0.0474579020512079, -0.277172253559963, -0.1844207805282, 
-0.385382305430354, -0.308089411237218, 0.0783750597284623, -0.0762107286578097, 
0.109292217405717, 0.387546636501006, -0.0143764133033009, 0.171126532760225, 
-0.1844207805282, -0.153503622850946, 0.124750796244344, -0.308089411237218, 
-0.261713674721336, -275.588528493181, 34.8470719420076, 52.7318171508579, 
-0.00302588873069625, -0.0902646576236263, 0.157257799394405, 
0.0820635886736593, -0.268189587627373, 0.0429785122827351, -0.185249401711592, 
-0.00451385976124781, -0.17502347479897, -0.467227691914387, 
0.0253372704040889, 0.225532685492643, -0.0877847059060403, -0.345863750065704, 
0.110096087579433, -0.421884611358978, 0.069688370272463, -0.0419456350071147, 
0.0329179154846191, -0.202229323132215, -0.0696474736838769, 
0.0236839692590316, -0.220531885468885, 0.357618544597464, -289.060034774273, 
42.7395352490623, 7.58598380241519, -43.6128567367463, -0.082562417843346, 
0.083462585487816, -0.0755820515145921, 0.00542536610869037, 
-0.065835650466478, 0.242456890713533, -0.247261274047552, -0.252524263626296, 
-0.566053919392197, 0.270177073640488, 0.134034117241475, 0.0552691144573855, 
0.488135826620449, 0.0503456045159889, 0.0156421294048419, -0.0516331758695666, 
-0.0921261415763596, 0.0561839639606067, 0.00378419612822483, 
0.320048159909756, -0.0586438059743317, 0.0661086535406638, -0.0129195773925251, 
-336.210306758092, 34.3214802614943, 2.22433458214142, -15.0478369131155, 
37.1521272902704, -0.0374601498146478, -0.0653487120640131, 0.138130185142434, 
-0.0383945646106891, 0.129786979720916, -0.0243578643669359, 
0.158865371339088, 0.325217087068073, -0.137242779638185, 0.456474543060338, 
-0.0669189733086741, 0.446674051791264, -0.234794352486996, 0.0259014783272711, 
0.166045712013644, 0.0218094808812521, -0.200514755944425, -0.411294858343322, 
-0.148102529415978, 0.207769606822958, 0.0285686891143607, 0.142034990875549, 
-388.749181254348, 2.79628514992061, 1.15192001105823, -2.77206729659743, 
15.8610029576016, 45.8439982091944, 0.33015852274241, -0.219859986594344, 
-0.0348335730373915, 0.105750963544434, 0.0526353760230174, 0.126658511591116, 
-0.338789747600054, 0.193743768828583, 0.242884558756276, 0.0705598809213958, 
-0.407196430236826, 0.0628557797669603, -0.0931428063792149, 
0.099267306178326, -0.0852288304520473, 0.20563167693058, 0.380274486068049, 
0.171870093487489, -0.314018031744071, 0.0874515683341706, -0.0458524656678755, 
-230.555207496391, -21.8240780803997, 8.65008780676711, 21.3048361748222, 
8.35345541244964, 0.686638336596338, 47.4239829538078, 0.199563213694369, 
0.0514504275896261, 0.0584163166763153, -0.0894480591804457, 
0.448328204668132, -0.0744759689085152, -0.175609561947889, -0.318795283977361, 
0.232505778019437, 0.124776033691015, -0.0874378377201461, -0.0653963447261316, 
0.555442505321922, -0.0468874287310741, -0.265582142851862, 0.0369957730435419, 
-0.0206119459720437, 0.302952107861856, -0.0154976134469607, 
-0.174750582424933), .Dim = c(27L, 7L), .Dimnames = list(c("1", 
"2", "4", "5", "6", "7", "8", "9", "10", "11", "12", "13", "14", 
"15", "16", "17", "18", "19", "20", "21", "23", "25", "26", "27", 
"28", "29", "30"), c("x1", "x2", "x3", "x4", "x5", "x6", "x7"
)), assign = 1:7), qraux = c(1.19245008972988, 1.01654074437395, 
1.06210772519193, 1.1105858676205, 1.1217415644853, 1.27352772822241, 
1.14124361642218), pivot = 1:7, tol = 1e-07, rank = 7L), .Names = c("qr", 
"qraux", "pivot", "tol", "rank"), class = "qr"), df.residual = 20L, 
    xlevels = structure(list(), .Names = character(0)), call = quote(lm(formula = y ~ 
        . + 0, data = structure(list(y = c(43, 63, 61, 81, 43, 
        58, 71, 72, 67, 64, 67, 69, 68, 77, 81, 74, 65, 65, 50, 
        50, 53, 63, 66, 78, 48, 85, 82), x1 = c(1, 1, 1, 1, 1, 
        1, 1, 1, 1, 1, 1, 1, 1, 1, 1, 1, 1, 1, 1, 1, 1, 1, 1, 
        1, 1, 1, 1), x2 = c(51, 64, 63, 78, 55, 67, 75, 82, 61, 
        53, 60, 62, 83, 77, 90, 85, 60, 70, 58, 40, 66, 54, 77, 
        75, 57, 85, 82), x3 = c(30, 51, 45, 56, 49, 42, 50, 72, 
        45, 53, 47, 57, 83, 54, 50, 64, 65, 46, 68, 33, 52, 42, 
        66, 58, 44, 71, 39), x4 = c(39, 54, 47, 66, 44, 56, 55, 
        67, 47, 58, 39, 42, 45, 72, 72, 69, 75, 57, 54, 34, 50, 
        48, 63, 74, 45, 71, 59), x5 = c(61, 63, 54, 71, 54, 66, 
        70, 71, 62, 58, 59, 55, 59, 79, 60, 79, 55, 75, 64, 43, 
        63, 66, 88, 80, 51, 77, 64), x6 = c(92, 73, 84, 83, 49, 
        68, 66, 83, 80, 67, 74, 63, 77, 77, 54, 79, 80, 85, 78, 
        64, 80, 75, 76, 78, 83, 74, 78), x7 = c(60, 60, 41, 33, 
        60, 35, 34, 33, 48, 46, 60, 35, 63, 41, 39, 25, 37, 46, 
        60, 33, 52, 63, 41, 35, 39, 38, 41)), .Names = c("y", 
        "x1", "x2", "x3", "x4", "x5", "x6", "x7"),