
expected <- structure(list(coefficients = structure(c(-1.50260946904352, 
0.682980261937999, -0.0189812853391919, 0.282327414470994, 0.105752534536853, 
0.0796159760215447, -0.17181131388649), .Names = c("x1", "x2", 
"x3", "x4", "x5", "x6", "x7")), residuals = structure(c(-5.87989481430675, 
0.00837832187729604, 2.45118217919573, 6.52009112488305, -8.0984432537028, 
-7.53622783229697, 2.70522732796259, -10.5671328519687, 7.88007112434131, 
5.93078787219356, 12.1454655745843, 10.5572962316566, 1.86996666397821, 
-2.364202992469, -4.47081411915986, 4.30426855026093, -2.7472841198488, 
-4.07526440982212, -1.93848178602096, -11.13941707331, -0.987395946817011, 
6.06490138238995, -2.37784819618011, 3.21444740576762, -8.05005010882966, 
3.43625963259076, 4.42003952492893), .Names = c("1", "3", "4", 
"5", "6", "7", "8", "9", "10", "11", "12", "13", "15", "16", 
"17", "18", "19", "20", "22", "23", "24", "25", "26", "27", "28", 
"29", "30")), effects = structure(c(-251.528802523165, -232.435515551424, 
6.45982363404133, -9.76726230751927, 4.04217580010058, 3.86494450653202, 
-6.03320395808209, -10.6005361327889, 7.87955682501875, 3.37808677971434, 
15.3473706557274, 13.660708810406, 1.73491617037317, 0.827298579201188, 
1.3118638028792, 4.74584603670739, -3.24577908262572, 0.475075290038696, 
-5.33361690355724, -10.7497865997695, -2.63352759693988, 3.02043274848387, 
6.33374706784559, 2.96281160002165, -9.29038221550868, 8.48835745686865, 
4.01737282195558), .Names = c("x1", "x2", "x3", "x4", "x5", "x6", 
"x7", "", "", "", "", "", "", "", "", "", "", "", "", "", "", 
"", "", "", "", "", "")), rank = 7L, fitted.values = structure(c(48.8798948143067, 
70.9916216781227, 58.5488178208043, 74.479908875117, 51.0984432537028, 
65.536227832297, 68.2947726720374, 82.5671328519687, 59.1199288756587, 
58.0692121278064, 54.8545344254157, 58.4427037683434, 75.1300333360218, 
83.364202992469, 78.4708141191599, 60.6957314497391, 67.7472841198488, 
54.0752644098221, 65.938481786021, 64.13941707331, 40.987395946817, 
56.9350986176101, 68.3778481961801, 74.7855525942324, 56.0500501088297, 
81.5637403674092, 77.5799604750711), .Names = c("1", "3", "4", 
"5", "6", "7", "8", "9", "10", "11", "12", "13", "15", "16", 
"17", "18", "19", "20", "22", "23", "24", "25", "26", "27", "28", 
"29", "30")), assign = 1:7, qr = structure(list(qr = structure(c(-6.95093330850185, 
0.157410918158795, 0.313958560983543, 0.230228765837192, 0.165448140595105, 
0.154791774834379, 0.298793341146418, -0.0213568002769744, 0.0803069584683643, 
-0.0838661879408892, 0.12730557461979, 0.116309944277541, 0.320128199398583, 
0.185909381122106, 0.159729133868254, 0.201142971669235, 0.198796278687783, 
0.338604130546242, -0.139281548638416, 0.0709742479264299, 0.121368006353487, 
-0.00177800487035051, 0.357327130701698, 0.237518943879956, 0.0212606107579389, 
-0.0218236372548069, 0.0592688173991411, -266.800208860234, -233.325199136603, 
-0.0767032560484967, 0.0800497069892901, 0.0530137845879266, 
0.11621225297113, -0.00852554191649106, 0.37502569733142, 0.172752606014532, 
0.319766405568486, 0.116564938512127, 0.13727942872061, -0.0235144577536974, 
0.180423129624774, 0.187905344466881, 0.0350243654238329, 0.0804745169433304, 
-0.125349323032561, 0.415249950566095, 0.204488281380413, 0.0245470858179129, 
0.233400136890774, -0.0645942127008681, 0.0591413811929634, 0.220815580816437, 
0.388398828727017, 0.285988714262993, -207.095285906492, -180.3145764875, 
55.2738279970011, 0.0679724064958021, -0.125388058456215, 0.185577154941156, 
0.104699953712348, -0.063167215428556, 0.0703171270888969, -0.130394130124133, 
0.000761582123002784, -0.145834002063642, 0.0540258421184423, 
0.373995387740069, 0.0558707077229229, -0.353732332658455, 0.141061148757147, 
-0.4917296397097, 0.0294509947249362, 0.0223873020688254, -0.251767760198621, 
0.0515629873208161, -0.177605815265634, -0.0160988838908836, 
0.0514202064325928, 0.0001469834494064, 0.502366235875136, -226.642166305613, 
-198.460444326102, 28.4070211742068, -40.6672059304924, -0.165830816563068, 
0.114365654945596, -0.102024795488498, -0.202863877152868, -0.0938239481599097, 
0.134431870585728, -0.309050470595709, -0.400997987382689, 0.238551283672675, 
0.167613839124672, -0.0624100668087848, 0.314858985470404, 0.0522256131431754, 
-0.223058209226608, 0.168349430821147, -0.17115210268607, 0.45505327242248, 
0.041078498592821, -0.157218212656939, 0.247124972240721, -0.0906442576662285, 
-0.119131326806107, 0.0839038018457861, -263.65140417709, -217.862239001017, 
22.7105622986508, -9.9662226700096, 39.6091739207419, -0.125592662538458, 
0.0690481616798513, 0.2187609902696, -0.124766702634984, -0.0853958255918087, 
-0.0196527981151316, 0.240331158982593, -0.0192367174059081, 
0.441061125558375, 0.0754998503335793, 0.48438620067649, -0.231629767213963, 
0.31997943542073, -0.248053503926806, -0.000260460737024962, 
-0.0500389232546586, -0.396701955300031, -0.0786940770624427, 
-0.0648122998232739, 0.0490520570130498, 0.0952525709248355, 
-0.0233379552610276, -293.107409140649, -249.766772892258, 31.3212869585075, 
-8.58019714475019, 43.2535009283282, 62.9769618472237, 0.293876394558179, 
-0.0787477516303818, -0.0940785309159751, -0.0569803038632305, 
-0.0607248161799362, -0.0280065721975429, 0.268323144588087, 
0.255153482570464, 0.206589272322, -0.409807090981357, 0.108898728230233, 
-0.15218811171338, -0.0732769730958721, -0.103647784359889, -0.0503950825638899, 
0.0730108621782975, 0.442852540271331, 0.245729504279753, -0.385774852504198, 
0.200409586704221, 0.0287840978998839, -183.457851994965, -130.69058500124, 
31.4674461121839, -20.0876112042596, 20.8965541585842, 6.68773057963691, 
35.1152891017877, 0.280792320369536, -0.106891799767439, 0.0996428206152935, 
-0.165313771009447, 0.262104511185817, 0.264040700052838, -0.137684251011355, 
-0.453644881898804, -0.14257313793939, 0.018381779854858, 0.169280578080474, 
-0.0980328775260275, 0.0189617752940704, -0.0894441525582466, 
0.14144679556459, -0.33610039238517, 0.185666686380535, -0.159842882474676, 
-0.393236232817169, -0.300735129788052), .Dim = c(27L, 7L), .Dimnames = list(
    c("1", "3", "4", "5", "6", "7", "8", "9", "10", "11", "12", 
    "13", "15", "16", "17", "18", "19", "20", "22", "23", "24", 
    "25", "26", "27", "28", "29", "30"), c("x1", "x2", "x3", 
    "x4", "x5", "x6", "x7")), assign = 1:7), qraux = c(1.2333750306629, 
1.12617745542503, 1.00907442283401, 1.05024218521918, 1.12449683047413, 
1.1944879511633, 1.06281354226916), pivot = 1:7, tol = 1e-07, 
    rank = 7L), .Names = c("qr", "qraux", "pivot", "tol", "rank"
), class = "qr"), df.residual = 20L, xlevels = structure(list(), .Names = character(0)), 
    call = quote(lm(formula = y ~ . + 0, data = structure(list(y = c(43, 
        71, 61, 81, 43, 58, 71, 72, 67, 64, 67, 69, 77, 81, 74, 
        65, 65, 50, 64, 53, 40, 63, 66, 78, 48, 85, 82), x1 = c(1.62217427400739, 
        1.09415279415183, 2.18230501902982, 1.60030479703301, 
        1.15001899129221, 1.0759473035784, 2.07689258733319, 
        -0.148449694408243, 0.558208312522228, -0.582948279215403, 
        0.884892558982667, 0.808462665788754, 2.22518976419033, 
        1.29224370960461, 1.110266556943, 1.39813138154673, 1.38181967513713, 
        2.35361472941018, -0.968136755690484, 0.49333726395769, 
        0.843620917948916, -0.0123587932759979, 2.48375705482583, 
        1.65097833841537, 0.14778108747645, -0.151694647107099, 
        0.411973597015204), x2 = c(51, 70, 63, 78, 55, 67, 75, 
        82, 61, 53, 60, 62, 77, 90, 85, 60, 70, 58, 61, 66, 37, 
        54, 77, 75, 57, 85, 82), x3 = c(30, 68, 45, 56, 49, 42, 
        50, 72, 45, 53, 47, 57, 54, 50, 64, 65, 46, 68, 52, 52, 
        42, 42, 66, 58, 44, 71, 39), x4 = c(39, 69, 47, 66, 44, 
        56, 55, 67, 47, 58, 39, 42, 72, 72, 69, 75, 57, 54, 62, 
        50, 58, 48, 63, 74, 45, 71, 59),