
expected <- structure(list(coefficients = structure(c(13.9818792505745, 0.61773995408666, 
-0.103151545945808, 0.290240316461696, 0.107521352544597, -0.222234591730729
), .Names = c("x1", "x2", "x3", "x4", "x5", "x6")), residuals = structure(c(-10.6028506788462, 
1.6664825177726, 2.18447133605691, -2.15255456734303, 6.97578356730209, 
-10.3862950541513, -8.82479022896881, 1.89719307783964, -6.69074529806498, 
6.84641830139305, 6.26304226153879, 10.6375119943325, 9.18980800653105, 
-2.25446480239995, 2.0686720542638, -2.12390834142756, -0.408065815253114, 
3.62291755635223, -2.93892670812738, -5.29993528069805, 5.29672780673297, 
0.214874376088267, -11.2798799637276, -4.57905307707164, 5.3306330545777, 
0.804274191312301, 4.54265971398573), .Names = c("1", "2", "3", 
"4", "5", "6", "7", "8", "9", "10", "11", "12", "13", "14", "15", 
"16", "17", "18", "19", "20", "21", "22", "23", "24", "25", "26", 
"30")), effects = structure(c(-332.553755053224, -47.3569455303206, 
4.84740410534456, 8.393226700135, -2.43497053995001, 9.61570630928549, 
-6.52836551825895, 5.0393764426954, -8.68276820575515, 8.49890119043277, 
8.26636968499257, 13.9013043053861, 12.238601825868, -1.22297145853439, 
2.41027191178005, 1.02468380353327, 1.33872506088646, 4.40460100941419, 
-2.47568651330515, -3.25173116749557, 10.0807975196211, 0.474247036544632, 
-10.3987514662947, 0.708776666691555, 6.98424775740528, 4.38987281009766, 
5.40380173538076), .Names = c("x1", "x2", "x3", "x4", "x5", "x6", 
"", "", "", "", "", "", "", "", "", "", "", "", "", "", "", "", 
"", "", "", "", "")), rank = 6L, fitted.values = structure(c(53.6028506788462, 
61.3335174822274, 68.8155286639431, 63.152554567343, 74.0242164326979, 
53.3862950541513, 66.8247902289688, 69.1028069221604, 78.690745298065, 
60.153581698607, 57.7369577384612, 56.3624880056675, 59.810191993469, 
70.2544648024, 74.9313279457362, 83.1239083414276, 74.4080658152531, 
61.3770824436478, 67.9389267081274, 55.2999352806981, 44.703272193267, 
63.7851256239117, 64.2798799637276, 44.5790530770716, 57.6693669454223, 
65.1957258086877, 77.4573402860143), .Names = c("1", "2", "3", 
"4", "5", "6", "7", "8", "9", "10", "11", "12", "13", "14", "15", 
"16", "17", "18", "19", "20", "21", "22", "23", "24", "25", "26", 
"30")), assign = 1:6, qr = structure(list(qr = structure(c(-5.19615242270663, 
0.192450089729875, 0.192450089729875, 0.192450089729875, 0.192450089729875, 
0.192450089729875, 0.192450089729875, 0.192450089729875, 0.192450089729875, 
0.192450089729875, 0.192450089729875, 0.192450089729875, 0.192450089729875, 
0.192450089729875, 0.192450089729875, 0.192450089729875, 0.192450089729875, 
0.192450089729875, 0.192450089729875, 0.192450089729875, 0.192450089729875, 
0.192450089729875, 0.192450089729875, 0.192450089729875, 0.192450089729875, 
0.192450089729875, 0.192450089729875, -342.753609808908, -68.0364825881156, 
0.0948302518508885, -0.00805572540306698, 0.212414225855409, 
-0.125639699407587, 0.0507362615991933, 0.168320235603714, 0.271206212857669, 
-0.0374517189041971, -0.155035692908718, -0.0521497156547622, 
-0.022753722153632, 0.285904209608234, 0.197716229104844, 0.38879018686219, 
0.315300203109364, -0.0521497156547622, 0.0948302518508885, -0.0815457091558923, 
-0.346109650666063, -0.0374517189041971, 0.0360382648486282, 
-0.390203640917759, -0.140337696158153, 0.197716229104844, 0.271206212857669, 
-273.471577506153, -31.9186052397271, -53.7540597150277, -0.068940024584522, 
-0.00259405148006831, 0.0792274842913807, -0.161627025089866, 
-0.0865555811570526, 0.258180623295055, -0.0505013934329394, 
0.172079099712536, -0.00407558572236198, 0.163518243799986, 0.453597014460587, 
-0.0305812280390631, -0.224845314793922, 0.0816967080285368, 
0.330782843490713, -0.114871987547668, 0.405031212844475, -0.0801347191500383, 
0.0797213290388119, 0.0336247511598553, 0.114952442183873, -0.0417759226045793, 
0.192657724769653, -0.355726496928915, -288.867584684543, -31.8151748922231, 
-10.7420708495204, 46.8713246981527, -0.13207290309552, 0.133572442022195, 
-0.0936583501173797, 0.0390282479705255, -0.0104238354988438, 
0.0803242194515253, -0.149301402981008, 0.258912388977911, 0.280950787064172, 
0.545622146599228, -0.281277578713764, -0.22401796861094, -0.0913695887295397, 
-0.378185415255976, -0.0659608194573539, 0.0783902646598316, 
0.130862578649903, -0.188771043885741, 0.100465325642289, -0.335626137821619, 
-0.00934067039045085, -0.00195424574144852, -0.0798415502449372, 
-386.439780177589, -11.4110891809387, -4.10160002706479, 0.49003517891903, 
-51.0785677436473, -0.566186994687547, -0.145936532480898, -0.232040861645517, 
0.0289261753264556, 0.0590088327355043, -0.191361172454887, -0.087359047916805, 
-0.340535493327889, -0.196380878694019, 0.00901519132639266, 
-0.439317888589987, -0.0128212451257329, 0.0481374769979385, 
0.168608423994743, -0.057846255970783, -0.211903538860741, 0.0686950356907028, 
0.0306662227182591, -0.320324061090088, -0.014853139982283, -0.0867964139998524, 
0.0530954326670994, -220.547802830437, -8.28150461356839, -12.875499479707, 
23.6840296439762, -13.7560319753995, -43.2682699592348, -0.172274416581215, 
0.0169347560974776, -0.442851654318676, 0.0204067545375125, -0.261905901657427, 
0.161636043806746, -0.190933193163994, 0.00053399410953551, -0.158322954046509, 
-0.239119101658172, 0.295171890973333, 0.0557060842380868, -0.00358226837591504, 
0.177449523302925, 0.0312196818161793, -0.194832467909577, -0.0983919915993908, 
0.0802408002212894, -0.17761308705414, 0.579111122509504, -0.123987864226837
), .Dim = c(27L, 6L), .Dimnames = list(c("1", "2", "3", "4", 
"5", "6", "7", "8", "9", "10", "11", "12", "13", "14", "15", 
"16", "17", "18", "19", "20", "21", "22", "23", "24", "25", "26", 
"30"), c("x1", "x2", "x3", "x4", "x5", "x6")), assign = 1:6), 
    qraux = c(1.19245008972988, 1.0066422713475, 1.29439942593498, 
    1.09361073781378, 1.100553695269, 1.0317195936127), pivot = 1:6, 
    tol = 1e-07, rank = 6L), .Names = c("qr", "qraux", "pivot", 
"tol", "rank"), class = "qr"), df.residual = 21L, xlevels = structure(list(), .Names = character(0)), 
    call = quote(lm(formula = y ~ . + 0, data = structure(list(y = c(43, 
        63, 71, 61, 81, 43, 58, 71, 72, 67, 64, 67, 69, 68, 77, 
        81, 74, 65, 65, 50, 50, 64, 53, 40, 63, 66, 82), x1 = c(1, 
        1, 1, 1, 1, 1, 1, 1, 1, 1, 1, 1, 1, 1, 1, 1, 1, 1, 1, 
        1, 1, 1, 1, 1, 1, 1, 1), x2 = c(51, 64, 70, 63, 78, 55, 
        67, 75, 82, 61, 53, 60, 62, 83, 77, 90, 85, 60, 70, 58, 
        40, 61, 66, 37, 54, 77, 82), x3 = c(30, 51, 68, 45, 56, 
        49, 42, 50, 72, 45, 53, 47, 57, 83, 54, 50, 64, 65, 46, 
        68, 33, 52, 52, 42, 42, 66, 39), x4 = c(39, 54, 69, 47, 
        66, 44, 56, 55, 67, 47, 58, 39, 42, 45, 72, 72, 69, 75, 
        57, 54, 34, 62, 50, 58, 48, 63, 59), x5 = c(92, 73, 86, 
        84, 83, 49, 68, 66, 83, 80, 67, 74, 63, 77, 77, 54, 79, 
        80, 85, 78, 64, 80, 80, 57, 75, 76, 78), x6 = c(45, 47, 
        48, 35, 47, 34, 35, 41, 31, 41, 34, 41, 25, 35, 46, 36, 
        63, 60, 46, 52, 33, 41, 37, 49, 33, 72, 39)), .Names = c("y", 
        "x1", "x2", "x3", "x4", "x5", "x6"), row.names = c("1", 
        "2", "3", "4", "5", "6", "7", "8", "9", "10", "11", "12", 
        "13", "14", "15", "16", "17", "18", "19", "20", "21", 
        "22", "23", "24", "25", "26", "30"), class = "data.frame"))), 
    terms = y ~ x1 + x2 + x3 + x4 + x5 + x6 + 0, model = structure(list(
        y = c(43, 63, 71, 61, 81, 43, 58, 71, 72, 67, 64, 67, 
        69, 68, 77, 81, 74, 65, 65, 50, 50, 64, 53, 40, 63, 66, 
        82), x1 = c(1, 1, 1, 1, 1, 1, 1, 1, 1, 1, 1, 1, 1, 1, 
        1, 1, 1, 1, 1, 1, 1, 1, 1, 1, 1, 1, 1), x2 = c(51, 64, 
        70, 63, 78, 55, 67, 75, 82, 61, 53, 60, 62, 83, 77, 90, 
        85, 60, 70, 58, 40, 61, 66, 37, 54, 77, 82), x3 = c(30, 
        51, 68, 45, 56, 49, 42, 50, 72, 45, 53, 47, 57, 83, 54, 
        50, 64, 65, 46, 68, 33, 52, 52, 42, 42, 66, 39),