
expected <- structure(list(coefficients = structure(c(17.690814693843, 0.756055478234566, 
-0.0736537320249746, -0.10934283102801, 0.183874751353786, 0.015170223728886, 
-0.143817926696017), .Names = c("x1", "x2", "x3", "x4", "x5", 
"x6", "x7")), residuals = structure(c(-11.2757329618618, 1.63448027439868, 
2.266351634617, 0.585541189521612, 5.82710103261632, -11.9963741250231, 
-0.908965802784913, -6.00763402272251, 6.56615711100001, 9.2055939599993, 
9.03130496307653, -5.98728007299943, 0.255997465479885, -2.58823987691914, 
-3.89185943732422, 9.17480863101475, -3.36510755870962, -5.88310946548355, 
5.61447817705004, 0.831349116115465, -1.86511630065166, 3.31250784858397, 
-4.26162360168285, 5.37264594458648, -10.12447351503, 5.82334558435437, 
2.65385380877827), .Names = c("1", "2", "3", "4", "5", "6", "8", 
"9", "10", "12", "13", "14", "15", "16", "17", "18", "19", "20", 
"21", "22", "24", "25", "26", "27", "28", "29", "30")), effects = structure(c(-339.4819582835, 
54.8283956586102, 5.80475161533608, 5.77090561790717, 3.5415251729015, 
0.528921403718238, -5.78827382581812, -7.02620791558768, 7.93251463993016, 
11.1076353484733, 9.40566107990156, -8.66241520773876, 4.60924475222141, 
2.08193255078845, 1.48514405281406, 8.6089247061156, 0.362413128354482, 
-5.33020549952558, 5.70213825339371, 1.52904263551661, 0.987608309061146, 
4.94236311668585, 4.35345765982695, 10.1485557491097, -12.2508612957334, 
9.81776851901751, 5.1217703738276), .Names = c("x1", "x2", "x3", 
"x4", "x5", "x6", "x7", "", "", "", "", "", "", "", "", "", "", 
"", "", "", "", "", "", "", "", "", "")), rank = 7L, fitted.values = structure(c(54.2757329618618, 
61.3655197256013, 68.733648365383, 60.4144588104784, 75.1728989673837, 
54.9963741250231, 71.9089658027849, 78.0076340227225, 60.433842889, 
57.7944060400007, 59.9686950369235, 73.9872800729994, 76.7440025345201, 
83.5882398769191, 77.8918594373242, 55.8251913689853, 68.3651075587096, 
55.8831094654835, 44.38552182295, 63.1686508838845, 41.8651163006517, 
59.687492151416, 70.2616236016828, 72.6273540554135, 58.12447351503, 
79.1766544156456, 79.3461461912217), .Names = c("1", "2", "3", 
"4", "5", "6", "8", "9", "10", "12", "13", "14", "15", "16", 
"17", "18", "19", "20", "21", "22", "24", "25", "26", "27", "28", 
"29", "30")), assign = 1:7, qr = structure(list(qr = structure(c(-5.19615242270663, 
0.192450089729875, 0.192450089729875, 0.192450089729875, 0.192450089729875, 
0.192450089729875, 0.192450089729875, 0.192450089729875, 0.192450089729875, 
0.192450089729875, 0.192450089729875, 0.192450089729875, 0.192450089729875, 
0.192450089729875, 0.192450089729875, 0.192450089729875, 0.192450089729875, 
0.192450089729875, 0.192450089729875, 0.192450089729875, 0.192450089729875, 
0.192450089729875, 0.192450089729875, 0.192450089729875, 0.192450089729875, 
0.192450089729875, 0.192450089729875, -348.719562590534, 70.3467601717852, 
-0.0780287364412797, 0.0214783337195374, -0.191751102339356, 
0.135200699617614, -0.149105215127578, -0.248612285288395, 0.0499089251940565, 
0.0641242209313161, 0.035693629456797, -0.262827581025654, -0.177535806602097, 
-0.362334651186471, -0.291258172500173, 0.0641242209313161, -0.0780287364412797, 
0.0925548124058353, 0.348430135676508, 0.0499089251940565, 0.391076022888286, 
0.149415995354874, -0.177535806602097, -0.149105215127578, 0.106770108143095, 
-0.291258172500173, -0.248612285288395, -278.475279839129, 37.4320326308127, 
-53.0034098114856, -0.075706467318834, -0.012820834695724, 0.0769060743699957, 
-0.0970914619501152, 0.250473687390347, -0.0564200426149869, 
-0.0090434088263427, 0.160337273653413, 0.448364292940387, -0.040911043780521, 
-0.241739647228969, 0.0706103645876936, 0.330557384104143, -0.124342243063939, 
0.406443940963071, -0.0803131118449159, 0.0756469324135353, 0.118416921676098, 
-0.0455176883066029, 0.185489484839803, 0.0538422237967673, -0.0367139039256529, 
0.202677339616216, -0.372127766315544, -281.554481274807, 8.73450949189395, 
-7.94451893227202, -57.7811996841954, -0.157775604184429, 0.0817358318247736, 
0.138388357802221, 0.0436652946391559, 0.137031169409017, 0.308928905711549, 
0.304899779870428, 0.211988690781814, -0.26096540219803, -0.117321169638717, 
0.0134683419160144, -0.131923919427648, 0.225444009674188, 0.021952998392893, 
-0.105251420026158, -0.264205678606323, -0.352415930025384, -0.261473380193573, 
0.287390523709248, 0.0655234030919645, -0.209684853153834, -0.162781831003415, 
-0.166313452975604, -337.172557206741, 36.836569687152, -5.16778260521913, 
1.97727564320485, 41.1960945275914, 0.128863176366682, -0.0554400353703201, 
0.121723090754996, -0.0330220666792886, 0.00495907234561052, 
0.173414661025041, 0.444488426166204, -0.153550792960627, 0.396019874051815, 
-0.0745090136814292, 0.278955427213752, -0.266552064078365, 0.0236657032406836, 
0.196073658830709, -0.0155735328360455, 0.0883663225669939, -0.139277036399072, 
-0.421773903384009, -0.244061870681391, 0.255989096779492, 0.0437907623993458, 
0.170045759520597, -390.288781972187, 8.70923785502774, -2.19264660625914, 
-0.726083942296714, 18.3905644929523, 47.7835545271653, 0.308798952070676, 
-0.0309937005111683, -0.0408929136317922, 0.0980221738800655, 
0.311236534647499, 0.053580583361268, 0.0743076720288287, 0.432031326459612, 
0.092104164714931, -0.112802871791434, -0.0393428106701537, 0.0275789339042142, 
0.10798353826823, -0.076297439195593, 0.273569332099987, 0.0191453251049558, 
0.277621696727929, 0.127372686220318, -0.245903379276746, 0.159496060687095, 
-0.0609028073862277, -227.476006060713, 10.7846710326676, -14.0153888247995, 
6.25520453413694, 29.9850341472379, 1.36259653801358, 40.2472345332344, 
0.358493120186737, 0.0365147339606526, -0.0388693080290733, 0.278445875248986, 
0.0426752515311959, 0.142220839011766, -0.112151300409981, -0.353497435248901, 
-0.451373097594544, 0.0571159313613227, -0.106504544520055, 0.0554097461111453, 
0.180425287445809, -0.157695452721226, 0.396975067558921, -0.40567696325376, 
0.0650296443256698, 0.0155873693350691, -0.154806026793481, -0.0240024852235095
), .Dim = c(27L, 7L), .Dimnames = list(c("1", "2", "3", "4", 
"5", "6", "8", "9", "10", "12", "13", "14", "15", "16", "17", 
"18", "19", "20", "21", "22", "24", "25", "26", "27", "28", "29", 
"30"), c("x1", "x2", "x3", "x4", "x5", "x6", "x7")), assign = 1:7), 
    qraux = c(1.19245008972988, 1.00726303798228, 1.29072539273999, 
    1.293309906216, 1.04052152945523, 1.54897308964099, 1.03885593487123
    ), pivot = 1:7, tol = 1e-07, rank = 7L), .Names = c("qr", 
"qraux", "pivot", "tol", "rank"), class = "qr"), df.residual = 20L, 
    xlevels = structure(list(), .Names = character(0)), call = quote(lm(formula = y ~ 
        . + 0, data = structure(list(y = c(43, 63, 71, 61, 81, 
        43, 71, 72, 67, 67, 69, 68, 77, 81, 74, 65, 65, 50, 50, 
        64, 40, 63, 66, 78, 48, 85, 82), x1 = c(1, 1, 1, 1, 1, 
        1, 1, 1, 1, 1, 1, 1, 1, 1, 1, 1, 1, 1, 1, 1, 1, 1, 1, 
        1, 1, 1, 1), x2 = c(51, 64, 70, 63, 78, 55, 75, 82, 61, 
        60, 62, 83, 77, 90, 85, 60, 70, 58, 40, 61, 37, 54, 77, 
        75, 57, 85, 82), x3 = c(30, 51, 68, 45, 56, 49, 50, 72, 
        45, 47, 57, 83, 54, 50, 64, 65, 46, 68, 33, 52, 42, 42, 
        66, 58, 44, 71, 39), x4 = c(54, 63, 48, 71, 45, 59, 62, 
        57, 62, 72, 72, 67, 39, 47, 55, 47, 67, 56, 48, 39, 34, 
        39, 71, 58, 42, 45, 44), x5 = c(61, 63, 76, 54, 71, 54, 
        70, 71, 62, 59, 55, 59, 79, 60, 79, 55, 75, 64, 43, 66, 
        50, 66, 88, 80, 51, 77, 64), x6 = c(92, 73, 86, 84, 83, 
        49, 66, 83, 80, 74, 63, 77, 77, 54, 79, 80, 85, 78, 64, 
        80, 57, 75, 76, 78, 83, 74, 78), x7 = c(45, 47, 48, 35, 
        47, 34, 41, 31, 41, 41, 25, 35, 46, 36, 63, 60, 46, 52, 
        33, 41, 49, 33, 72, 49, 38, 55, 39)), .Names = c("y", 
        "x1", "x2", "x3", "x4", "x5", "x6", "x7"),