
expected <- structure(list(coefficients = structure(c(4.28202949865054, 0.587442324889389, 
-0.0758571520976671, 0.332747026806487, 0.152056511912899, 0.0519526011521932, 
-0.164072988811933), .Names = c("x1", "x2", "x3", "x4", "x5", 
"x6", "x7")), residuals = structure(c(-7.55041400329376, 0.296971774007032, 
-0.869515032984081, 6.85191372432155, -9.8455300863279, -8.91445043548373, 
-0.562776310702733, -3.04886923929986, 9.47435260914275, 4.60627378520484, 
11.9707489642893, 10.1983925229252, -3.68336214424988, -0.994101988328482, 
-5.22804436998719, -2.12270121176841, -0.878174320730612, -0.351582980617358, 
-6.1117486573944, 4.7035944248139, -9.65078756967801, 4.93217925727651, 
-0.425999349551873, 3.99600079594378, -9.51516563837025, 8.14615343030649, 
4.57664205053717), .Names = c("1", "2", "4", "5", "6", "7", "8", 
"9", "10", "11", "12", "13", "14", "15", "16", "17", "18", "19", 
"20", "21", "23", "25", "26", "27", "28", "29", "30")), effects = structure(c(-339.4819582835, 
47.9679701362602, -3.77147328366682, -12.3774262568539, 7.21501154044761, 
-0.122709066553913, 6.94632272324271, 0.839920217894809, 12.049549965668, 
4.84255799827609, 15.2327698694979, 15.2672594415648, -0.460728803148009, 
-2.67139774143725, -2.03926618001132, -1.46678089144341, -5.09703042994499, 
1.33716241656593, -5.53611675433764, 6.32629990002465, -7.50449012444641, 
5.07555358732437, 1.27303041173583, 3.96156888704908, -9.32805287999609, 
10.00957157812, 5.84447673290719), .Names = c("x1", "x2", "x3", 
"x4", "x5", "x6", "x7", "", "", "", "", "", "", "", "", "", "", 
"", "", "", "", "", "", "", "", "", "")), rank = 7L, fitted.values = structure(c(50.5504140032938, 
62.703028225993, 61.8695150329841, 74.1480862756785, 52.8455300863279, 
66.9144504354837, 71.5627763107027, 75.0488692392999, 57.5256473908572, 
59.3937262147952, 55.0292510357107, 58.8016074770748, 71.6833621442499, 
77.9941019883285, 86.2280443699872, 76.1227012117684, 65.8781743207306, 
65.3515829806174, 56.1117486573944, 45.2964055751861, 62.650787569678, 
58.0678207427235, 66.4259993495519, 74.0039992040562, 57.5151656383702, 
76.8538465696935, 77.4233579494628), .Names = c("1", "2", "4", 
"5", "6", "7", "8", "9", "10", "11", "12", "13", "14", "15", 
"16", "17", "18", "19", "20", "21", "23", "25", "26", "27", "28", 
"29", "30")), assign = 1:7, qr = structure(list(qr = structure(c(-5.19615242270663, 
0.192450089729875, 0.192450089729875, 0.192450089729875, 0.192450089729875, 
0.192450089729875, 0.192450089729875, 0.192450089729875, 0.192450089729875, 
0.192450089729875, 0.192450089729875, 0.192450089729875, 0.192450089729875, 
0.192450089729875, 0.192450089729875, 0.192450089729875, 0.192450089729875, 
0.192450089729875, 0.192450089729875, 0.192450089729875, 0.192450089729875, 
0.192450089729875, 0.192450089729875, 0.192450089729875, 0.192450089729875, 
0.192450089729875, 0.192450089729875, -352.183664205672, 64.6889995800419, 
0.0319993232125807, -0.199879359366827, 0.155667953921598, -0.0298349921419281, 
-0.153503622850946, -0.261713674721336, 0.0629164808898351, 0.186585111598853, 
0.0783750597284623, 0.0474579020512079, -0.277172253559963, -0.1844207805282, 
-0.385382305430354, -0.308089411237218, 0.0783750597284623, -0.0762107286578097, 
0.109292217405717, 0.387546636501006, -0.0143764133033009, 0.171126532760225, 
-0.1844207805282, -0.153503622850946, 0.124750796244344, -0.308089411237218, 
-0.261713674721336, -275.588528493181, 34.8470719420076, 52.7318171508579, 
-0.00302588873069625, -0.0902646576236263, 0.157257799394405, 
0.0820635886736593, -0.268189587627373, 0.0429785122827351, -0.185249401711592, 
-0.00451385976124781, -0.17502347479897, -0.467227691914387, 
0.0253372704040889, 0.225532685492643, -0.0877847059060403, -0.345863750065704, 
0.110096087579433, -0.421884611358978, 0.069688370272463, -0.0419456350071147, 
0.0329179154846191, -0.202229323132215, -0.0696474736838769, 
0.0236839692590316, -0.220531885468885, 0.357618544597464, -289.060034774273, 
42.7395352490623, 7.58598380241519, -43.6128567367463, -0.082562417843346, 
0.083462585487816, -0.0755820515145921, 0.00542536610869037, 
-0.065835650466478, 0.242456890713533, -0.247261274047552, -0.252524263626296, 
-0.566053919392197, 0.270177073640488, 0.134034117241475, 0.0552691144573855, 
0.488135826620449, 0.0503456045159889, 0.0156421294048419, -0.0516331758695666, 
-0.0921261415763596, 0.0561839639606067, 0.00378419612822483, 
0.320048159909756, -0.0586438059743317, 0.0661086535406638, -0.0129195773925251, 
-336.595206937552, 6.03915146629035, -1.69204340402343, -9.7105096146778, 
47.781150136597, -0.0373345861353033, -0.348198414006481, 0.40164704426388, 
0.241890531439571, -0.123040024348856, 0.0351647764894482, -0.0171756611880289, 
-0.437485052377202, -0.301880349632317, -0.302279438840605, -0.0610631154826475, 
-0.250547987332484, 0.287427381287635, 0.00518927996670403, -0.166230713636765, 
0.0841481078770457, -0.150175483203682, 0.092259185063773, 0.08071926343294, 
-0.070392306777035, -0.0029237888811999, -0.13481810806949, -388.749181254348, 
2.79628514992061, 1.15192001105823, -2.77206729659743, -16.4702479095648, 
45.6286589812054, 0.344150855632728, -0.183319699514356, -0.112966592157875, 
0.23713819832639, 0.0260133205698988, 0.261984602132808, 0.0122596463820806, 
0.138759360141223, 0.679459849578845, 0.0271858736706328, 0.00832124518593255, 
-0.186018041992945, -0.0731422064642278, 0.268874303636386, -0.0836575544007977, 
0.0693759395246175, 0.0241357476992367, 0.0347216013561589, -0.130143277074747, 
0.112060927643673, 0.0972030784197735, -221.317603189357, 16.3019301952679, 
12.7879695700635, -22.8872802742183, -4.90786900296254, 15.1958991285992, 
-42.336784217449, -0.542297753414714, -0.0124989663879602, -0.273767184178613, 
0.114553257708594, -0.249101744025382, -0.199020793157045, -0.0645630791769609, 
0.0322909151216694, 0.325271855207263, 0.00659705045296734, 0.00698610930929726, 
0.0141137639509161, 0.0399158883316873, -0.148295117556579, -0.178319565140976, 
0.553376255526208, -0.0813275135952978, -0.0989934567215914, 
0.108961172597008, 0.035403784397298), .Dim = c(27L, 7L), .Dimnames = list(
    c("1", "2", "4", "5", "6", "7", "8", "9", "10", "11", "12", 
    "13", "14", "15", "16", "17", "18", "19", "20", "21", "23", 
    "25", "26", "27", "28", "29", "30"), c("x1", "x2", "x3", 
    "x4", "x5", "x6", "x7")), assign = 1:7), qraux = c(1.19245008972988, 
1.01654074437395, 1.06210772519193, 1.1105858676205, 1.1496224152701, 
1.25095424958534, 1.11650298986786), pivot = 1:7, tol = 1e-07, 
    rank = 7L), .Names = c("qr", "qraux", "pivot", "tol", "rank"
), class = "qr"), df.residual = 20L, xlevels = structure(list(), .Names = character(0)), 
    call = quote(lm(formula = y ~ . + 0, data = structure(list(y = c(43, 
        63, 61, 81, 43, 58, 71, 72, 67, 64, 67, 69, 68, 77, 81, 
        74, 65, 65, 50, 50, 53, 63, 66, 78, 48, 85, 82), x1 = c(1, 
        1, 1, 1, 1, 1, 1, 1, 1, 1, 1, 1, 1, 1, 1, 1, 1, 1, 1, 
        1, 1, 1, 1, 1, 1, 1, 1), x2 = c(51, 64, 63, 78, 55, 67, 
        75, 82, 61, 53, 60, 62, 83, 77, 90, 85, 60, 70, 58, 40, 
        66, 54, 77, 75, 57, 85, 82), x3 = c(30, 51, 45, 56, 49, 
        42, 50, 72, 45, 53, 47, 57, 83, 54, 50, 64, 65, 46, 68, 
        33, 52, 42, 66, 58, 44, 71, 39), x4 = c(39, 54, 47, 66, 
        44, 56, 55, 67, 47, 58, 39, 42, 45, 72, 72, 69, 75, 57, 
        54, 34, 50, 48, 63, 74, 45, 71, 59), x5 = c(54, 70, 64, 
        64, 55, 66, 79, 43, 51, 71, 59, 61, 77, 80, 79, 66, 79, 
        50, 62, 71, 58, 71, 58, 62, 66, 63, 70), x6 = c(92, 73, 
        84, 83, 49, 68, 66, 83, 80, 67, 74, 63, 77, 77, 54, 79, 
        80, 85, 78, 64, 80, 75, 76, 78, 83, 74, 78), x7 = c(45, 
        47, 35, 47, 34, 35, 41, 31, 41, 34, 41, 25, 35, 46, 36, 
        63, 60, 46, 52, 33, 37, 33, 72, 49, 38, 55, 39)), .Names = c("y", 
        "x1", "x2", "x3", "x4", "x5", "x6", "x7"),