
expected <- structure(list(coefficients = structure(c(18.5419156498332, 0.526172022888831, 
-0.0450795349104517, 0.24462443714015, 0.163867791481973, -0.0369325631411823, 
-0.193464107675977), .Names = c("x1", "x2", "x3", "x4", "x5", 
"x6", "x7")), residuals = structure(c(1.33763086685955, 1.1561042686064, 
0.717465513481004, -11.9092402023279, -8.69049461485069, 0.952175456602118, 
-5.58861823380739, 7.61965187345875, 5.91081562893095, 10.7953795271591, 
8.90920527275427, -1.423042700828, 1.45097709726702, -0.169134999684764, 
-1.06324521597995, 4.94695781456743, -3.64026856158828, -6.56620652402007, 
5.68953997906448, 0.49957320537822, -10.3672490302186, -5.91647037872611, 
4.6090112750498, -3.25119187330856, 3.7217126293757, -8.20025832260123, 
8.46922024938668), .Names = c("2", "3", "4", "6", "7", "8", "9", 
"10", "11", "12", "13", "14", "15", "16", "17", "18", "19", "20", 
"21", "22", "23", "24", "25", "26", "27", "28", "29")), effects = structure(c(-333.516005501874, 
-45.8271796854879, -2.82732660593055, 9.77007444774788, -2.39921901489119, 
-0.740633896528234, -7.50169741760402, 9.1474218677367, 5.70032065894542, 
13.6975657895104, 12.2087254374205, 1.36037518404348, 0.63614250143264, 
-6.40696400338573, -2.84334949290557, -3.39768645272086, -3.09230709953042, 
-5.56233421185325, 6.04103646789926, -0.0567024135396413, -8.66339739899469, 
-9.90999944428491, 8.23760522959126, -1.55972583293621, 2.9231940815531, 
-9.73487352158857, 6.94774150489821), .Names = c("x1", "x2", 
"x3", "x4", "x5", "x6", "x7", "", "", "", "", "", "", "", "", 
"", "", "", "", "", "", "", "", "", "", "", "")), rank = 7L, 
    fitted.values = structure(c(61.6623691331405, 69.8438957313936, 
    60.282534486519, 54.9092402023279, 66.6904946148507, 70.0478245433979, 
    77.5886182338074, 59.3803481265413, 58.089184371069, 56.2046204728409, 
    60.0907947272457, 69.423042700828, 75.549022902733, 81.1691349996848, 
    75.0632452159799, 60.0530421854326, 68.6402685615883, 56.5662065240201, 
    44.3104600209355, 63.5004267946218, 63.3672490302186, 45.9164703787261, 
    58.3909887249502, 69.2511918733086, 74.2782873706243, 56.2002583226012, 
    76.5307797506133), .Names = c("2", "3", "4", "6", "7", "8", 
    "9", "10", "11", "12", "13", "14", "15", "16", "17", "18", 
    "19", "20", "21", "22", "23", "24", "25", "26", "27", "28", 
    "29")), assign = 1:7, qr = structure(list(qr = structure(c(-5.19615242270663, 
    0.192450089729875, 0.192450089729875, 0.192450089729875, 
    0.192450089729875, 0.192450089729875, 0.192450089729875, 
    0.192450089729875, 0.192450089729875, 0.192450089729875, 
    0.192450089729875, 0.192450089729875, 0.192450089729875, 
    0.192450089729875, 0.192450089729875, 0.192450089729875, 
    0.192450089729875, 0.192450089729875, 0.192450089729875, 
    0.192450089729875, 0.192450089729875, 0.192450089729875, 
    0.192450089729875, 0.192450089729875, 0.192450089729875, 
    0.192450089729875, 0.192450089729875, -343.908310347287, 
    -67.2761032913922, -0.0421028710864252, -0.16101582247051, 
    0.0173536046056173, 0.136266555989702, 0.240315388450777, 
    -0.0718311089324464, -0.190744060316531, -0.0866952278554571, 
    -0.0569669900094358, 0.255179507373787, 0.165994793835724, 
    0.359228339834862, 0.284907745219808, -0.0866952278554571, 
    0.0619459613746492, -0.116423465701478, -0.38397760631567, 
    -0.0718311089324464, 0.00248948568260667, -0.428569963084701, 
    -0.175879941393521, 0.165994793835724, 0.136266555989702, 
    -0.131287584624489, 0.284907745219808, -282.709181813187, 
    -36.8030079304512, 46.9047665572452, -0.0611248653510839, 
    0.270548232368535, 0.221612896213294, -0.141002445516607, 
    0.115371580928528, -0.176809800349899, 0.0575291134291201, 
    -0.125263079326525, -0.360317310932056, 0.166739472495275, 
    0.44965606351628, 0.0751645466608243, -0.326227193683757, 
    0.230877686470715, -0.420592333842968, 0.0519486847795985, 
    -0.0338669829487023, 0.0421474061522932, -0.185538102237438, 
    0.0729108207059471, -0.0890980655799771, 0.0510545374964592, 
    0.0758798644873358, -0.0740740172164058, -293.87128701752, 
    -33.9678148766177, 8.65095721368538, 48.6211390082697, -0.0587193222030677, 
    0.083686816614506, 0.0349793870888135, 0.0898999650193316, 
    -0.160589001185979, 0.257505525574979, 0.275058221743037, 
    0.563680488069739, -0.22329697497344, -0.128997021398142, 
    -0.0275578357153437, -0.373125503892762, -0.0274975862114396, 
    0.0588222318240993, 0.0923399585590692, -0.175912621133539, 
    0.116546382071625, -0.373770335132734, -0.0128790470077565, 
    0.0349994702567816, -0.258295198339626, 0.0884128033691762, 
    -0.0259970064122555, -335.440506399173, -38.1446322939837, 
    2.79399501774129, 16.9433736810265, -36.479711813135, 0.0812892749230983, 
    -0.14581047142189, 0.10452663123928, -0.0541116618666219, 
    0.109140947644488, -0.0786925208474974, -0.290045866391337, 
    0.12291073052868, -0.524479386135571, 0.0426281205645648, 
    -0.415376334890659, 0.261294415036636, 0.0586875518273713, 
    -0.0303869572671198, 0.0426394687616735, 0.0300517964425614, 
    -0.0754831700613124, 0.285770154765615, 0.429640743106909, 
    0.140429171622168, -0.131763752497732, -0.0511357064154046, 
    -401.25843708679, 6.06621208935755, 8.18275913855273, -3.31267565019104, 
    10.1611161981075, 32.7213705104053, -0.0919524491481778, 
    -0.0650102653371946, -0.156690358843325, -0.0684922590459213, 
    0.0677835678613951, 0.124228523333505, -0.130108608577295, 
    -0.312066612980252, -0.253659625590498, -0.0756679238916577, 
    0.585357896983223, -0.0702062055917785, 0.245906422724184, 
    -0.0624043382586115, -0.0647778296790346, -0.177939675717133, 
    0.00819860860362246, -0.0176393689570786, -0.210644767411628, 
    0.483385249334528, -0.159031545083478, -222.664753817466, 
    -13.9386898893224, 15.4279398067065, 25.9617311116737, -20.437418117989, 
    -2.41827898483839, 38.7756546044615, -0.0642837903937008, 
    0.344839648629341, -0.170086608243855, 0.279501907852702, 
    -0.0147290001836981, 0.132088309929461, 3.21697106026384e-05, 
    -0.398093542955353, -0.162198218932537, 0.0102350999694675, 
    -0.0809610115726813, 0.00967477656864489, 0.19845655758539, 
    0.0620295586114922, 0.0128702981066693, 0.271124133619282, 
    -0.483332404385282, 0.128955556735483, -0.0333962969738541, 
    -0.141817342131588), .Dim = c(27L, 7L), .Dimnames = list(
        c("2", "3", "4", "6", "7", "8", "9", "10", "11", "12", 
        "13", "14", "15", "16", "17", "18", "19", "20", "21", 
        "22", "23", "24", "25", "26", "27", "28", "29"), c("x1", 
        "x2", "x3", "x4", "x5", "x6", "x7")), assign = 1:7), 
        qraux = c(1.19245008972988, 1.06194596137465, 1.14577733656893, 
        1.12121545183186, 1.06702475408641, 1.04655852635683, 
        1.41511994323901), pivot = 1:7, tol = 1e-07, rank = 7L), .Names = c("qr", 
    "qraux", "pivot", "tol", "rank"), class = "qr"), df.residual = 20L, 
    xlevels = structure(list(), .Names = character(0)), call = quote(lm(formula = y ~ 
        . + 0, data = structure(list(y = c(63, 71, 61, 43, 58, 
        71, 72, 67, 64, 67, 69, 68, 77, 81, 74, 65, 65, 50, 50, 
        64, 53, 40, 63, 66, 78, 48, 85), x1 = c(1, 1, 1, 1, 1, 
        1, 1, 1, 1, 1, 1, 1, 1, 1, 1, 1, 1, 1, 1, 1, 1, 1, 1, 
        1, 1, 1, 1), x2 = c(64, 70, 63, 55, 67, 75, 82, 61, 53, 
        60, 62, 83, 77, 90, 85, 60, 70, 58, 40, 61, 66, 37, 54, 
        77, 75, 57, 85), x3 = c(51, 68, 45, 49, 42, 50, 72, 45, 
        53, 47, 57, 83, 54, 50, 64, 65, 46, 68, 33, 52, 52, 42, 
        42, 66, 58, 44, 71), x4 = c(54, 69, 47, 44, 56, 55, 67, 
        47, 58, 39, 42, 45, 72, 72, 69, 75, 57, 54, 34, 62, 50, 
        58, 48, 63, 74, 45, 71), x5 = c(63, 76, 54, 54, 66, 70, 
        71, 62, 58, 59, 55, 59, 79, 60, 79, 55, 75, 64, 43, 66, 
        63, 50, 66, 88, 80, 51, 77),