
expected <- structure(list(coefficients = structure(c(30.5853312112375, 0.734053533570598, 
-0.124386959048612, -0.254446808882832, 0.0288544467391142, 0.0353173366365263, 
0.0351608969838518), .Names = c("x1", "x2", "x3", "x4", "x5", 
"x6", "x7")), residuals = structure(c(-9.56183899823545, 1.7605686340702, 
5.07475080230883, -2.24859078513991, 11.0484258723437, -11.5895597655871, 
-7.06690772683892, 4.87116012352399, -5.20508640525575, 3.39230381943438, 
4.51824187814668, 4.67359863113871, 5.22582271623801, -0.519965330053529, 
-1.35570348019196, 0.168471552022758, -0.746993769370036, 3.893573809575, 
-0.473907012823294, -9.68182003541179, 3.9994048458775, 2.6742755991152, 
-11.0054447139365, 1.38375651545804, 8.3166758826222, -1.56929681300815, 
0.0240841539771917), .Names = c("1", "2", "3", "4", "5", "6", 
"7", "8", "9", "10", "11", "12", "13", "14", "15", "16", "17", 
"18", "19", "20", "21", "22", "23", "24", "25", "26", "30")), 
    effects = structure(c(-332.553755053224, -47.3569455303206, 
    4.84740410534456, -15.6237250439055, 2.74803450251214, 1.75435122051639, 
    1.37980250419705, 7.65237214487033, -4.82187126646001, 5.93458007676492, 
    9.31305706339652, 6.82523669541561, 7.67371476849153, -8.90718905613862, 
    6.34608952201387, 0.853476705745308, -0.237857262789668, 
    0.0793476519724861, 2.82935231953413, -9.00287642976669, 
    5.37583808322689, 5.29983587596386, -10.3618996251412, 3.25374256909696, 
    13.5815118809019, 2.81162327598123, 2.6816899511754), .Names = c("x1", 
    "x2", "x3", "x4", "x5", "x6", "x7", "", "", "", "", "", "", 
    "", "", "", "", "", "", "", "", "", "", "", "", "", "")), 
    rank = 7L, fitted.values = structure(c(52.5618389982355, 
    61.2394313659298, 65.9252491976912, 63.2485907851399, 69.9515741276563, 
    54.5895597655871, 65.0669077268389, 66.128839876476, 77.2050864052557, 
    63.6076961805656, 59.4817581218533, 62.3264013688613, 63.774177283762, 
    68.5199653300535, 78.355703480192, 80.8315284479772, 74.74699376937, 
    61.106426190425, 65.4739070128233, 59.6818200354118, 46.0005951541225, 
    61.3257244008848, 64.0054447139365, 38.616243484542, 54.6833241173778, 
    67.5692968130082, 81.9759158460228), .Names = c("1", "2", 
    "3", "4", "5", "6", "7", "8", "9", "10", "11", "12", "13", 
    "14", "15", "16", "17", "18", "19", "20", "21", "22", "23", 
    "24", "25", "26", "30")), assign = 1:7, qr = structure(list(
        qr = structure(c(-5.19615242270663, 0.192450089729875, 
        0.192450089729875, 0.192450089729875, 0.192450089729875, 
        0.192450089729875, 0.192450089729875, 0.192450089729875, 
        0.192450089729875, 0.192450089729875, 0.192450089729875, 
        0.192450089729875, 0.192450089729875, 0.192450089729875, 
        0.192450089729875, 0.192450089729875, 0.192450089729875, 
        0.192450089729875, 0.192450089729875, 0.192450089729875, 
        0.192450089729875, 0.192450089729875, 0.192450089729875, 
        0.192450089729875, 0.192450089729875, 0.192450089729875, 
        0.192450089729875, -342.753609808908, -68.0364825881156, 
        0.0948302518508885, -0.00805572540306698, 0.212414225855409, 
        -0.125639699407587, 0.0507362615991933, 0.168320235603714, 
        0.271206212857669, -0.0374517189041971, -0.155035692908718, 
        -0.0521497156547622, -0.022753722153632, 0.285904209608234, 
        0.197716229104844, 0.38879018686219, 0.315300203109364, 
        -0.0521497156547622, 0.0948302518508885, -0.0815457091558923, 
        -0.346109650666063, -0.0374517189041971, 0.0360382648486282, 
        -0.390203640917759, -0.140337696158153, 0.197716229104844, 
        0.271206212857669, -273.471577506153, -31.9186052397271, 
        -53.7540597150277, -0.068940024584522, -0.00259405148006831, 
        0.0792274842913807, -0.161627025089866, -0.0865555811570526, 
        0.258180623295055, -0.0505013934329394, 0.172079099712536, 
        -0.00407558572236198, 0.163518243799986, 0.453597014460587, 
        -0.0305812280390631, -0.224845314793922, 0.0816967080285368, 
        0.330782843490713, -0.114871987547668, 0.405031212844475, 
        -0.0801347191500383, 0.0797213290388119, 0.0336247511598553, 
        0.114952442183873, -0.0417759226045793, 0.192657724769653, 
        -0.355726496928915, -294.641087376439, -0.936316830035989, 
        4.48057117019692, 65.2891830429224, -0.134909586549211, 
        0.0021919057190181, 0.019900050973603, -0.22294896505922, 
        0.260982796369231, 0.17265059581799, 0.359853787339731, 
        0.167683862331963, 0.293579316080663, -0.213867619906653, 
        0.402453449694634, 0.0803494009351, -0.134535160490173, 
        0.154860846545599, -0.133997526395522, 0.177123630214298, 
        0.0149194028223237, 0.0698086241969779, 0.0330598238061305, 
        -0.280367223854398, -0.0652874477349705, -0.244281596580939, 
        0.358521277458053, -333.131105322414, -32.1902459944875, 
        -3.50937878261533, 8.84484403519489, 37.7611933608334, 
        0.170096937674136, -0.0724170545739005, 0.0430557911125599, 
        -0.0137461988528694, -0.0756971225035391, -0.0886612647024234, 
        0.00593900115757962, 0.126767786001174, 0.571005283264769, 
        -0.423523289773913, 0.324769488671711, -0.0664890078482738, 
        0.20590152281639, -0.195941955964135, -0.0467481317153318, 
        0.230645142004908, -0.103207895695858, 0.0408223820035593, 
        0.186508325476681, -0.163040422055968, -0.326243009434812, 
        -0.0324257628802478, -386.439780177589, -11.4110891809387, 
        -4.10160002706479, 0.729923039708193, 21.2576173074115, 
        46.4418037546635, 0.200321444718737, 0.205485659255791, 
        0.00926449320033492, -0.0274647544616749, 0.309033424535879, 
        0.0809134720820909, 0.332804298508543, -0.0790057818731744, 
        0.22460887611557, 0.416186965455139, 0.0308808274199504, 
        -0.0489045294875768, -0.128779601901316, 0.0922382724637739, 
        0.13984946644591, -0.00562253182160526, -0.0567986780379012, 
        0.298527539913268, 0.0634098906566324, 0.172090556757472, 
        0.0115990930121797, -220.547802830437, -8.28150461356839, 
        -12.875499479707, 20.133366262438, 25.8154316642477, 
        3.2465156778529, 39.2425285632146, 0.160076258890935, 
        0.315789965074453, -0.0362223546471031, 0.0302505504325345, 
        -0.0901556031668876, 0.191557384505445, 0.198110204397217, 
        -0.0220018650013264, -0.0967673498623237, -0.26016377072676, 
        -0.575766000731917, 0.144357698743453, -0.215576418570476, 
        -0.0662666818824642, 0.0883430836232065, 0.129629719297898, 
        -0.224208137681787, 0.337855294306443, -0.260192925442102, 
        -0.141165290086777), .Dim = c(27L, 7L), .Dimnames = list(
            c("1", "2", "3", "4", "5", "6", "7", "8", "9", "10", 
            "11", "12", "13", "14", "15", "16", "17", "18", "19", 
            "20", "21", "22", "23", "24", "25", "26", "30"), 
            c("x1", "x2", "x3", "x4", "x5", "x6", "x7")), assign = 1:7), 
        qraux = c(1.19245008972988, 1.0066422713475, 1.29439942593498, 
        1.0844320059431, 1.03775906193965, 1.54768118029593, 
        1.17595476195918), pivot = 1:7, tol = 1e-07, rank = 7L), .Names = c("qr", 
    "qraux", "pivot", "tol", "rank"), class = "qr"), df.residual = 20L, 
    xlevels = structure(list(), .Names = character(0)), call = quote(lm(formula = y ~ 
        . + 0, data = structure(list(y = c(43, 63, 71, 61, 81, 
        43, 58, 71, 72, 67, 64, 67, 69, 68, 77, 81, 74, 65, 65, 
        50, 50, 64, 53, 40, 63, 66, 82), x1 = c(1, 1, 1, 1, 1, 
        1, 1, 1, 1, 1, 1, 1, 1, 1, 1, 1, 1, 1, 1, 1, 1, 1, 1, 
        1, 1, 1, 1), x2 = c(51, 64, 70, 63, 78, 55, 67, 75, 82, 
        61, 53, 60, 62, 83, 77, 90, 85, 60, 70, 58, 40, 61, 66, 
        37, 54, 77, 82), x3 = c(30, 51, 68, 45, 56, 49, 42, 50, 
        72, 45, 53, 47, 57, 83, 54, 50, 64, 65, 46, 68, 33, 52, 
        52, 42, 42, 66, 39),