
expected <- structure(list(coefficients = structure(c(-2.34957285894443, 
0.19348339172999, -0.236155116030804, 0.255566803841012, 0.294595170057056, 
0.482150896522388, -0.0821545306150474), .Names = c("x1", "x2", 
"x3", "x4", "x5", "x6", "x7")), residuals = structure(c(-14.8125751127832, 
1.22346354055795, 9.63125022023586, 11.0165940221426, -18.7614620298837, 
0.514279482431742, -0.136899884816754, 5.08857630763401, 3.14567171657056, 
0.363400346595508, 0.987453492298621, 1.84942888319983, 13.5502866967674, 
6.66941309849183, 1.25080480159434, 3.5152396704125, 7.98758248359076, 
-13.673698273496, -9.27196773747981, -13.7647429954509, -23.5634357465668, 
-6.11724659486301, 1.38287934768593, 0.438058983019377, -6.22142231869489, 
19.2953241031769, 22.2684161167839), .Names = c("1", "2", "3", 
"5", "7", "8", "9", "10", "11", "12", "13", "14", "15", "16", 
"17", "18", "19", "21", "22", "23", "24", "25", "26", "27", "28", 
"29", "30")), effects = structure(c(-217.573150158186, -261.275783216916, 
15.0099147523762, 35.8375672722427, -28.4301049386025, -22.8138109482783, 
3.46582805903484, 11.4037205703933, 2.47116955505672, 0.455825629477097, 
8.03332450037268, -6.36607188427152, 5.93980025294389, 13.1116099481824, 
3.83212531029332, 2.89018935081714, 13.8196910029758, -7.33004349150193, 
-9.68062444731386, -18.6471237483272, -25.6563807636557, -12.516258240399, 
8.09337587316432, 11.5828333782092, -9.50551224530891, 17.9085472038827, 
22.6730716441971), .Names = c("x1", "x2", "x3", "x4", "x5", "x6", 
"x7", "", "", "", "", "", "", "", "", "", "", "", "", "", "", 
"", "", "", "", "", "")), rank = 7L, fitted.values = structure(c(57.8125751127832, 
61.776536459442, 61.3687497797641, 69.9834059778574, 76.7614620298837, 
70.4857205175683, 72.1368998848168, 61.911423692366, 60.8543282834294, 
66.6365996534045, 68.0125465077014, 66.1505711168002, 63.4497133032326, 
74.3305869015082, 72.7491951984057, 61.4847603295875, 57.0124175164092, 
63.673698273496, 73.2719677374798, 66.7647429954509, 63.5634357465668, 
69.117246594863, 64.6171206523141, 77.5619410169806, 54.2214223186949, 
65.7046758968231, 59.7315838832161), .Names = c("1", "2", "3", 
"5", "7", "8", "9", "10", "11", "12", "13", "14", "15", "16", 
"17", "18", "19", "21", "22", "23", "24", "25", "26", "27", "28", 
"29", "30")), assign = 1:7, qr = structure(list(qr = structure(c(-7.01992940984355, 
0.210624252676037, -0.0115137994707103, 0.0227697683051067, 0.0156035750969552, 
0.053578531401714, -0.296498040585044, 0.309813436425359, 0.221230844657716, 
0.165287421668837, 0.376754624666242, 0.0413961934704026, -0.0874626079869304, 
0.271371361369005, 0.163962531326793, 0.125028647834374, 0.20506065799462, 
0.289819294389989, 0.00549131452452071, 0.174587751642009, 0.179394185857498, 
-0.140219010061642, 0.154706481059617, 0.251169171305185, 0.0747962808682988, 
0.161051063625803, 0.201461728292154, -223.934810607231, -280.266303001812, 
0.302132607908782, 0.230868930665503, 0.236815176877751, 0.148216379524029, 
0.427993067890138, -0.0751021207122116, 0.0340808395279569, 0.0805006550960667, 
-0.0735589202406108, 0.240389646766229, 0.340175918478417, 0.0424285553900607, 
0.138688562095681, 0.146018235546369, 0.0974507627627219, -0.0192633237657062, 
0.298726488680739, 0.176256597129181, 0.0759314459353694, 0.408927505665993, 
0.075008194067327, 0.0663276673231851, 0.176995119528082, 0.116128146452458, 
0.0397804272891297, -165.604567271713, -212.90598246458, 55.5443060046717, 
-0.312230282012154, 0.208647497391847, 0.157272677718761, -0.250009689206089, 
-0.218131481999317, 0.0301619183151958, -0.105449627971841, 0.17528656777539, 
0.0392251253047555, 0.0436664861766208, 0.231178986003081, 0.384292754397927, 
0.0293576199525832, 0.0937909836857316, -0.142380733163633, -0.325064678502311, 
0.420764955326533, 0.140500684014201, -0.121211785720386, -0.0362158563270034, 
0.165188409021892, -0.00248016997623171, 0.233570240723075, -0.10447780095875, 
-208.339732867248, -209.413264276841, 33.3724922386033, 68.3733662730305, 
-0.0953145278985601, -0.405150338000734, -0.418740479325655, 
-0.0862020500867534, 0.239117926812043, -0.174891417355088, -0.136624352060933, 
-0.0708645224171255, 0.229348090686641, -0.207279111256619, -0.0579498789982246, 
0.161535814629176, -0.0406902111623444, -0.0740834040063359, 
0.111297414664324, 0.193550605109966, 0.0988001533430632, 0.384652768473586, 
0.124997345515324, -0.153968798039771, 0.134145509101364, -0.0332358623745841, 
0.0574802539517393, -209.737987289417, -255.147917438866, 23.0070988424131, 
16.8791055209713, -62.6600838976561, 0.302234171781291, -0.0636621358844666, 
0.0622435960900729, 0.112859288526763, -0.167595840245205, 0.157814679851863, 
-0.462250181565907, -0.139336747945543, 0.155244480955433, 0.230869104235338, 
-0.00381842215829218, -0.0259297110881476, 0.0196381298957342, 
-0.232549228470373, -0.0939997077726718, 0.0513706113994031, 
-0.0602159225877608, 0.410605956748274, 0.370788598584112, -0.182567942403519, 
-0.012151154546504, -0.0441601756943275, -260.599746688066, -294.597117801142, 
28.1577543121591, 27.400725886878, -21.8825843428937, -52.190073815046, 
0.139555181206904, 0.111410378172175, 0.324730900391863, 0.155617431276891, 
0.00268792376473352, 0.100924887682037, 0.0773539504040687, -0.119527298487406, 
0.0367089324334636, 0.0843231229946823, -0.544405442230428, -0.123381914857508, 
-0.420079532348412, 0.0569391145814028, 0.363134772243195, -0.0873225655847143, 
0.0162419536617142, -0.335576594970666, -0.0637761472975194, 
0.145463689768278, 0.170831164788345, -131.864112729223, -163.070031611311, 
9.20194019580102, -2.18876635972924, -7.05938902977144, -28.6007346597309, 
-42.1866941857987, -0.0803837923256906, -0.0167485864917641, 
-0.208270319247854, -0.0894463534323728, -0.393465645720384, 
-0.151622008885965, -0.129856005721513, 0.0896808102526036, 0.634881245601675, 
0.255114919741355, -0.0816873203149766, -0.220945951117695, 0.216662752063189, 
-0.0757995571021311, -0.186915026315064, 0.00321377119102861, 
0.0318053909999876, -0.0266690972914884, -0.211381727653662, 
-0.0901630605460416), .Dim = c(27L, 7L), .Dimnames = list(c("1", 
"2", "3", "5", "7", "8", "9", "10", "11", "12", "13", "14", "15", 
"16", "17", "18", "19", "21", "22", "23", "24", "25", "26", "27", 
"28", "29", "30"), c("x1", "x2", "x3", "x4", "x5", "x6", "x7"
)), assign = 1:7), qraux = c(1.23813760318315, 1.0072014526124, 
1.18890046137507, 1.36204672030945, 1.3357709470847, 1.03790200572536, 
1.27083761678676), pivot = 1:7, tol = 1e-07, rank = 7L), .Names = c("qr", 
"qraux", "pivot", "tol", "rank"), class = "qr"), df.residual = 20L, 
    xlevels = structure(list(), .Names = character(0)), call = quote(lm(formula = y ~ 
        . + 0, data = structure(list(y = c(43, 63, 71, 81, 58, 
        71, 72, 67, 64, 67, 69, 68, 77, 81, 74, 65, 65, 50, 64, 
        53, 40, 63, 66, 78, 48, 85, 82), x1 = c(1.67170916417502, 
        1.47856738578683, -0.08082605952348, 0.159842166180342, 
        0.109535995721818, 0.376117508323118, -2.08139531506394, 
        2.17486845392707, 1.55302491277723, 1.16030603245028, 
        2.64479086998912, 0.290598355998453, -0.61398133406907, 
        1.90500780066356, 1.15100539577335, 0.877692282005491, 
        1.4395113438583, 2.03451098822839, 0.038548640329384, 
        1.2255936923502, 1.25933452125599, -0.98432755255087, 
        1.08602857628381, 1.7631898524913, 0.525064611814289, 
        1.13056709803336, 1.414247111396), x2 = c(64, 51, 82, 
        70, 70, 54, 51, 51, 61, 61, 67, 77, 75, 75, 77, 70, 75, 
        62, 85, 90, 63, 82, 57, 77, 67, 70, 58), x3 = c(66, 42, 
        52, 71, 42, 33, 50, 54, 47, 54, 45, 57, 54, 47, 39, 53, 
        54, 58, 83, 47, 42, 68, 47, 52, 52, 42, 52), x4 = c(66, 
        62, 48, 45, 54, 66, 69, 67, 39, 71, 69, 66, 39, 74, 55, 
        48, 66, 71, 74, 47, 44, 39, 44, 74, 47, 54, 54),