
expected <- structure(list(coefficients = structure(c(12.875021615904, -0.057058532741241, 
0.15475537489954, 0.440978049943255, 0.524726166079404, 0.105018405720779, 
-0.470432754975032), .Names = c("x1", "x2", "x3", "x4", "x5", 
"x6", "x7")), residuals = structure(c(-9.13518152592898, 4.19939399156647, 
-4.76236480930188, 2.82456630960363, 9.51648234611691, -11.4374851931363, 
-6.52757500162895, 6.15262046416219, -9.81338871633702, -0.59179149907797, 
14.8896686327663, 7.97754926660833, 3.62201856585094, -0.800948320287884, 
4.80705425935969, -2.94771622775522, -10.9849797926525, 6.74524561818807, 
-3.61508965101296, -9.34561290964962, -10.5279391319733, -0.531622943197047, 
-1.90430023101236, -0.0068454319764657, -5.47764171931382, 10.9499418969071, 
16.7259417531126), .Names = c("1", "2", "3", "4", "5", "6", "7", 
"8", "9", "11", "12", "13", "14", "15", "18", "19", "20", "21", 
"22", "23", "24", "25", "26", "27", "28", "29", "30")), effects = structure(c(-330.436804066196, 
3.51254193895846, -28.1931578167389, 27.4879776375303, 17.1089629099548, 
3.50713675879479, -19.1465941103444, 10.9145694271671, -6.4434695918116, 
0.648439927085249, 15.8446663128875, 11.8305956455628, 4.88599406569217, 
4.61934193128186, -2.37542539206699, 0.728960928063226, -10.2784566109242, 
5.59984076485279, -3.18928413635372, -8.64245708763095, -12.1570288884862, 
3.24186323733286, 5.5655594776435, 4.67299752779365, -8.26605224740285, 
15.0791316991462, 18.4382424060251), .Names = c("x1", "x2", "x3", 
"x4", "x5", "x6", "x7", "", "", "", "", "", "", "", "", "", "", 
"", "", "", "", "", "", "", "", "", "")), rank = 7L, fitted.values = structure(c(52.135181525929, 
58.8006060084335, 75.7623648093019, 58.1754336903964, 71.4835176538831, 
54.4374851931363, 64.5275750016289, 64.8473795358378, 81.813388716337, 
64.591791499078, 52.1103313672337, 61.0224507333917, 64.3779814341491, 
77.8009483202879, 60.1929457406403, 67.9477162277552, 60.9849797926525, 
43.2547543818119, 67.615089651013, 62.3456129096496, 50.5279391319733, 
63.531622943197, 67.9043002310124, 78.0068454319765, 53.4776417193138, 
74.0500581030929, 65.2740582468874), .Names = c("1", "2", "3", 
"4", "5", "6", "7", "8", "9", "11", "12", "13", "14", "15", "18", 
"19", "20", "21", "22", "23", "24", "25", "26", "27", "28", "29", 
"30")), assign = 1:7, qr = structure(list(qr = structure(c(-5.19615242270663, 
0.192450089729875, 0.192450089729875, 0.192450089729875, 0.192450089729875, 
0.192450089729875, 0.192450089729875, 0.192450089729875, 0.192450089729875, 
0.192450089729875, 0.192450089729875, 0.192450089729875, 0.192450089729875, 
0.192450089729875, 0.192450089729875, 0.192450089729875, 0.192450089729875, 
0.192450089729875, 0.192450089729875, 0.192450089729875, 0.192450089729875, 
0.192450089729875, 0.192450089729875, 0.192450089729875, 0.192450089729875, 
0.192450089729875, 0.192450089729875, -339.28950819377, -56.8650123505625, 
0.237875941658156, -0.166590689918553, -0.184176195639279, -0.219347207080732, 
0.378559987423968, 0.237875941658156, -0.149005184197826, -0.0259066441527409, 
0.325803470261789, -0.219347207080732, 0.044435378730165, -0.166590689918553, 
0.378559987423968, 0.0620208844508915, -0.0259066441527409, -0.0434921498734674, 
0.237875941658156, 0.325803470261789, -0.00832113843201445, 0.114777401613071, 
-0.113834172756373, -0.00832113843201445, 0.00926436728871204, 
-0.0610776555941939, -0.166590689918553, -276.165878762371, -1.56185343401117, 
-64.3814260579717, -0.0619494135146418, 0.109602297088465, 0.0022652453873662, 
-0.130091068325724, -0.000271791521041545, 0.356731219691834, 
0.0567501912847111, -0.0503439793234635, 0.126524686189384, 0.519943176290944, 
0.0778424573876279, 0.227154823980077, -0.0554517169187195, 0.289736642788494, 
-0.253203431219999, 0.0307930686794628, 0.0273181711777975, -0.114801519318396, 
-0.119666375820728, 0.262146680089655, 0.133717362285639, -0.0844316386182247, 
0.337723892089917, -0.155143994116155, -289.252484864003, -4.8125667322388, 
-29.2447204844579, 51.1036742831049, -0.197819159667129, 0.156953916652378, 
-0.112080050406699, -0.0178290638430386, -0.0472678037384651, 
-0.0623628796756934, 0.269559827084464, 0.279996779653963, 0.511284117831586, 
-0.335051254274201, -0.242641418287371, -0.11044832473962, 0.173234504603898, 
0.196350859929157, -0.133828832641197, 0.106752825031148, -0.176581662156139, 
0.0271698192611215, -0.0296196426961845, -0.321857228282447, 
0.0999328376541142, -0.130263521493284, -0.237991540243735, -334.478255950523, 
0.808281948126731, -22.5652183464639, 28.7906840667322, 39.4911434189319, 
0.118447336810974, -0.0584956009415925, -0.148649174325847, 0.112787231626095, 
0.243120912527425, -0.16282410477044, 0.0701474716946794, 0.0277497021496846, 
-0.0273138845009932, 0.583776760397763, -0.225471422325069, 0.0437635534935651, 
0.178898498093112, 0.0771342816835546, -0.0657494398438407, 0.427444499630029, 
-0.166016121935038, -0.400151458409722, -0.0308700164676498, 
0.17721891023668, 0.0183791729842854, 0.104733468862553, -390.673682151647, 
-3.54380506023976, -6.87658510014692, 9.79397403822888, 13.9237722093186, 
44.8155635592261, 0.197702472649533, 0.294448979716464, -0.0377768948702834, 
0.208003238517871, 0.0847070940201105, 0.33706247551427, 0.117108316308088, 
0.0731324652500324, -0.111858812987795, -0.116374770613514, 0.0540351225767651, 
0.190439546820246, -0.0531267433799772, -0.0397506688479986, 
0.35094084374837, 0.0658582327449307, 0.207353063728096, 0.0617364936519769, 
-0.183203168544467, 0.182697434768573, -0.0474037889657675, -220.932703009897, 
-5.48407252475988, -15.3671744942385, 23.7725661804041, 10.7886316922479, 
2.54940215150839, 40.6999595752226, 0.12818464242513, 0.394842799606272, 
0.195505540605549, -0.0525802192287922, 0.2115811776832, 0.0240042001638045, 
0.152864616178076, -0.25880548855055, 0.062786720044718, -0.258705414777466, 
-0.05176011905457, 0.176340488303098, 0.165087784048292, -0.213888073391307, 
0.247010590258447, -0.52187323979619, 0.121860732265874, -0.0146692674315298, 
-0.115144281809949, 0.14532316852873), .Dim = c(27L, 7L), .Dimnames = list(
    c("1", "2", "3", "4", "5", "6", "7", "8", "9", "11", "12", 
    "13", "14", "15", "18", "19", "20", "21", "22", "23", "24", 
    "25", "26", "27", "28", "29", "30"), c("x1", "x2", "x3", 
    "x4", "x5", "x6", "x7")), assign = 1:7), qraux = c(1.19245008972988, 
1.23787594165816, 1.2793119502835, 1.05975528537543, 1.07610331922733, 
1.61362412256413, 1.30088886074484), pivot = 1:7, tol = 1e-07, 
    rank = 7L), .Names = c("qr", "qraux", "pivot", "tol", "rank"
), class = "qr"), df.residual = 20L, xlevels = structure(list(), .Names = character(0)), 
    call = quote(lm(formula = y ~ . + 0, data = structure(list(y = c(43, 
        63, 71, 61, 81, 43, 58, 71, 72, 64, 67, 69, 68, 77, 65, 
        65, 50, 50, 64, 53, 40, 63, 66, 78, 48, 85, 82), x1 = c(1, 
        1, 1, 1, 1, 1, 1, 1, 1, 1, 1, 1, 1, 1, 1, 1, 1, 1, 1, 
        1, 1, 1, 1, 1, 1, 1, 1), x2 = c(54, 77, 77, 54, 53, 51, 
        85, 77, 55, 62, 82, 51, 66, 54, 85, 67, 62, 61, 77, 82, 
        63, 70, 57, 63, 64, 60, 54), x3 = c(30, 51, 68, 45, 56, 
        49, 42, 50, 72, 53, 47, 57, 83, 54, 65, 46, 68, 33, 52, 
        52, 42, 42, 66, 58, 44, 71, 39), x4 = c(39, 54, 69, 47, 
        66, 44, 56, 55, 67, 58, 39, 42, 45, 72, 75, 57, 54, 34, 
        62, 50, 58, 48, 63, 74, 45, 71, 59), x5 = c(61, 63, 76, 
        54, 71, 54, 66, 70, 71, 58, 59, 55, 59, 79, 55, 75, 64, 
        43, 66, 63, 50, 66, 88, 80, 51, 77, 64), x6 = c(92, 73, 
        86, 84, 83, 49, 68, 66, 83, 67, 74, 63, 77, 77, 80, 85, 
        78, 64, 80, 80, 57, 75, 76, 78, 83, 74, 78), x7 = c(45, 
        47, 48, 35, 47, 34, 35, 41, 31, 34, 41, 25, 35, 46, 60, 
        46, 52, 33, 41, 37, 49, 33, 72, 49, 38, 55, 39)), .Names = c("y", 
        "x1", "x2", "x3", "x4", "x5", "x6", "x7"),