
expected <- structure(list(coefficients = structure(c(7.37702181296301, 0.678203970744846, 
-0.129678125382521, 0.311401037775179, 0.0656996276811582, 0.0168854245151998, 
-0.114282647850127), .Names = c("x1", "x2", "x3", "x4", "x5", 
"x6", "x7")), residuals = structure(c(-7.38485685567191, 2.01542432944914, 
2.8243276804263, 1.19707371564762, 6.73769564603049, -10.2412866455705, 
-8.49578141562983, 0.968508207229274, -4.95576651162976, 8.71358052278881, 
8.16338957850892, 12.288791655998, -0.144932997568938, 0.800226290696632, 
-4.53098393016691, -3.55292864175043, -2.2182483494933, -4.37396434816145, 
8.86639876063464, 1.73816959665974, -9.22672578566498, -4.18885495409531, 
-3.46097466976364, 3.27903670048967, -6.43046489087842, 6.98292508196855, 
4.6302222295176), .Names = c("1", "2", "3", "4", "5", "6", "7", 
"8", "9", "10", "11", "12", "14", "15", "16", "17", "19", "20", 
"21", "22", "23", "24", "26", "27", "28", "29", "30")), effects = structure(c(-335.248056309443, 
55.507881731414, 5.01730832808559, 12.937982009321, -1.27807960301797, 
-0.257974930833186, -3.65287418768379, 3.07463040109507, -4.03261592036184, 
11.2552088232643, 8.90079779309406, 15.0444671654356, -3.17395924818277, 
3.84031869876244, -7.99808790193213, -2.72194725193616, -2.37995351497813, 
-4.74036885199037, 6.98778149542869, 2.80749169670191, -7.08619817914224, 
-6.83239995331944, 0.0201328654496585, 6.53153163422546, -11.5651653286299, 
6.62466243141922, 5.45976197216353), .Names = c("x1", "x2", "x3", 
"x4", "x5", "x6", "x7", "", "", "", "", "", "", "", "", "", "", 
"", "", "", "", "", "", "", "", "", "")), rank = 7L, fitted.values = structure(c(50.3848568556719, 
60.9845756705509, 68.1756723195737, 59.8029262843524, 74.2623043539695, 
53.2412866455705, 66.4957814156298, 70.0314917927707, 76.9557665116298, 
58.2864194772112, 55.8366104214911, 54.711208344002, 68.1449329975689, 
76.1997737093034, 85.5309839301669, 77.5529286417504, 67.2182483494933, 
54.3739643481615, 41.1336012393654, 62.2618304033403, 62.226725785665, 
44.1888549540953, 69.4609746697636, 74.7209632995103, 54.4304648908784, 
78.0170749180314, 77.3697777704824), .Names = c("1", "2", "3", 
"4", "5", "6", "7", "8", "9", "10", "11", "12", "14", "15", "16", 
"17", "19", "20", "21", "22", "23", "24", "26", "27", "28", "29", 
"30")), assign = 1:7, qr = structure(list(qr = structure(c(-5.19615242270663, 
0.192450089729875, 0.192450089729875, 0.192450089729875, 0.192450089729875, 
0.192450089729875, 0.192450089729875, 0.192450089729875, 0.192450089729875, 
0.192450089729875, 0.192450089729875, 0.192450089729875, 0.192450089729875, 
0.192450089729875, 0.192450089729875, 0.192450089729875, 0.192450089729875, 
0.192450089729875, 0.192450089729875, 0.192450089729875, 0.192450089729875, 
0.192450089729875, 0.192450089729875, 0.192450089729875, 0.192450089729875, 
0.192450089729875, 0.192450089729875, -350.644063487833, 69.9767157041593, 
-0.0740027970375246, 0.0260304773103873, -0.188326539149424, 
0.140354219422287, -0.0311313937455624, -0.145455135857462, -0.245488410205373, 
0.0546114128383621, 0.168935154950261, 0.0689018806023495, -0.259778877969361, 
-0.174036071385436, -0.359812152317273, -0.288359813497336, -0.0740027970375246, 
0.0974828161303243, 0.354711235882098, 0.0546114128383621, -0.0168409259815749, 
0.39758263917406, -0.174036071385436, -0.145455135857462, 0.111773283894312, 
-0.288359813497336, -0.245488410205373, -275.203628313722, 37.1192253786653, 
-51.7989002803227, -0.0646111375218958, 0.00305168115368953, 
0.0897822602435688, -0.161113265566024, -0.0838415133947335, 
0.273352707176091, -0.045318217241926, 0.186296897169124, 0.00293910122085157, 
0.476065967811465, -0.0259127170291181, -0.228538415494507, 0.0899698934649654, 
-0.112830929340394, 0.427646033890144, -0.074407704238998, 0.0898197868878481, 
0.0415874861879235, 0.128280538633523, 0.205752432907637, 0.0706019198964369, 
-0.0260378058433825, 0.22510789759474, -0.363726455149987, -293.67883692779, 
37.9020254461815, -7.52187192325024, 43.33126643185, -0.121492937648673, 
0.135014367433991, -0.0835009050119497, 0.064907370321727, -6.93956314350381e-05, 
0.0915809510779477, -0.178492309224744, 0.280997970441483, 0.591510443853834, 
-0.282447065505078, -0.194720363674145, -0.0742433357923988, 
-0.0527603812070296, 0.0603482267727822, 0.123980681013588, -0.206851483211803, 
0.114317693405659, -0.395054295483173, 0.00709158923035469, -0.31901745600949, 
0.0955309830565158, -0.0726614600816332, -0.0404954151910349, 
-339.28950819377, 36.8715239374229, -8.58423415944909, 19.7034837366774, 
33.3796944967433, 0.0891282688594576, -0.00534326791010281, -0.0787541470762473, 
0.195243614382479, -0.0724219506765863, 0.215632463139881, -0.125555909291352, 
0.195615399430647, -0.0260201866444669, 0.607944339783501, -0.0104391317533713, 
-0.230835737455126, 0.0282513371371344, 0.118579321337855, 0.0901938159779225, 
-0.00439100325568319, 0.338586271621436, -0.427458024109425, 
-0.0225831698730062, 0.196518979383285, 0.101239274755126, 0.186282569069957, 
-401.83578735598, -4.4919703671467, -6.10190162484604, -2.01493335430804, 
-12.364397750165, -33.1609817501652, 0.0835945144998167, -0.102700307475766, 
-0.0550100040136967, 0.103423774365002, 0.0987533714766723, 0.200470202350292, 
-0.0536236117107461, -0.0514735540942181, -0.213755007351171, 
0.104884473246152, -0.587123926299153, 0.181263419069916, -0.151434476373128, 
-0.0218739883118963, 0.0731598419701122, 0.0883532424375852, 
0.131203201305675, 0.0486479392619689, -0.513745767725481, -0.00195316119455958, 
-0.0917841390431923, -225.166604983954, 11.2561251087674, -11.4580557756746, 
15.8896201680194, 28.5461971703421, -2.6422412241896, 31.9635067650363, 
0.111536044189408, 0.395978591038302, 0.046078155359246, 0.265490808696688, 
-0.0258408732039691, -0.0448891853045741, 0.168618300093779, 
-0.117852314774083, -0.450250812760447, 0.14850211653995, -0.200777881673246, 
0.0449402592079855, 0.165246508504792, 0.150673404122191, -0.236930325501398, 
-0.431233309917141, 0.12057035405566, -0.0656604701774224, -0.238997897227602, 
-0.0508757019669882), .Dim = c(27L, 7L), .Dimnames = list(c("1", 
"2", "3", "4", "5", "6", "7", "8", "9", "10", "11", "12", "14", 
"15", "16", "17", "19", "20", "21", "22", "23", "24", "26", "27", 
"28", "29", "30"), c("x1", "x2", "x3", "x4", "x5", "x6", "x7"
)), assign = 1:7), qraux = c(1.19245008972988, 1.0117400095464, 
1.31188851221032, 1.1092741072632, 1.1175208252798, 1.38794368248923, 
1.27454341048305), pivot = 1:7, tol = 1e-07, rank = 7L), .Names = c("qr", 
"qraux", "pivot", "tol", "rank"), class = "qr"), df.residual = 20L, 
    xlevels = structure(list(), .Names = character(0)), call = quote(lm(formula = y ~ 
        . + 0, data = structure(list(y = c(43, 63, 71, 61, 81, 
        43, 58, 71, 72, 67, 64, 67, 68, 77, 81, 74, 65, 50, 50, 
        64, 53, 40, 66, 78, 48, 85, 82), x1 = c(1, 1, 1, 1, 1, 
        1, 1, 1, 1, 1, 1, 1, 1, 1, 1, 1, 1, 1, 1, 1, 1, 1, 1, 
        1, 1, 1, 1), x2 = c(51, 64, 70, 63, 78, 55, 67, 75, 82, 
        61, 53, 60, 83, 77, 90, 85, 70, 58, 40, 61, 66, 37, 77, 
        75, 57, 85, 82), x3 = c(30, 51, 68, 45, 56, 49, 42, 50, 
        72, 45, 53, 47, 83, 54, 50, 64, 46, 68, 33, 52, 52, 42, 
        66, 58, 44, 71, 39), x4 = c(39, 54, 69, 47, 66, 44, 56, 
        55, 67, 47, 58, 39, 45, 72, 72, 69, 57, 54, 34, 62, 50, 
        58, 63, 74, 45, 71, 59), x5 = c(61, 63, 76, 54, 71, 54, 
        66, 70, 71, 62, 58, 59, 59, 79, 60, 79, 75, 64, 43, 66, 
        63, 50, 88, 80, 51, 77, 64), x6 = c(77, 73, 68, 80, 83, 
        92, 80, 73, 78, 80, 83, 83, 80, 74, 80, 80, 54, 83, 75, 
        77, 80, 84, 74, 77, 64, 78, 78), x7 = c(45, 47, 48, 35, 
        47, 34, 35, 41, 31, 41, 34, 41, 35, 46, 36, 63, 46, 52, 
        33, 41, 37, 49, 72, 49, 38, 55, 39)), .Names = c("y", 
        "x1", "x2", "x3", "x4", "x5", "x6", "x7"),