
expected <- structure(list(coefficients = structure(c(6.14744474696287, 0.11041852466493, 
0.111982712868382, 0.494154221468184, 0.551110492779945, 0.0510083436344784, 
-0.503715446303762), .Names = c("x1", "x2", "x3", "x4", "x5", 
"x6", "x7")), residuals = structure(c(-7.49527221712399, 3.28389035272515, 
-5.79763261380356, 0.787883313654719, 10.6480884248352, -14.0126600951918, 
1.72866653032618, -10.795188312021, 8.36578854039889, 12.3981605565804, 
8.71032786702943, 2.1223546091342, -3.34946539693191, 6.049324387942, 
4.90352358131229, 1.73064956718446, -6.01784482257265, -7.91985730150212, 
3.07853952449848, -6.69112361279627, -10.9239516477792, -4.53200448246488, 
-2.50616182230139, -3.98086243549424, -5.35671330236155, 11.3484567569345, 
14.2230840497887), .Names = c("1", "2", "3", "4", "5", "6", "8", 
"9", "10", "12", "13", "14", "15", "16", "17", "18", "19", "20", 
"21", "22", "24", "25", "26", "27", "28", "29", "30")), effects = structure(c(-339.4819582835, 
10.8692213087144, -29.2666167886264, 29.7720173484052, 16.5392594701537, 
1.33580700287849, -19.577297399512, -12.5427165470172, 8.30580842540015, 
16.1112939429583, 8.27610758551358, 5.99053666395184, -0.541801696994227, 
8.15281180974627, 9.31880422074613, 1.07429508331765, -2.42733740722457, 
-7.31163129668459, 5.13324171557125, -6.73212588845078, -11.2892283251726, 
-1.79971538211963, 9.59169994286613, 0.368875431901796, -8.71280470866804, 
14.8075569979385, 13.7953168036035), .Names = c("x1", "x2", "x3", 
"x4", "x5", "x6", "x7", "", "", "", "", "", "", "", "", "", "", 
"", "", "", "", "", "", "", "", "", "")), rank = 7L, fitted.values = structure(c(50.495272217124, 
59.7161096472748, 76.7976326138036, 60.2121166863453, 70.3519115751648, 
57.0126600951918, 69.2713334696738, 82.795188312021, 58.6342114596011, 
54.6018394434196, 60.2896721329706, 65.8776453908658, 80.3494653969319, 
74.950675612058, 69.0964764186877, 63.2693504328155, 71.0178448225727, 
57.9198573015021, 46.9214604755015, 70.6911236127963, 50.9239516477792, 
67.5320044824649, 68.5061618223014, 81.9808624354942, 53.3567133023615, 
73.6515432430655, 67.7769159502113), .Names = c("1", "2", "3", 
"4", "5", "6", "8", "9", "10", "12", "13", "14", "15", "16", 
"17", "18", "19", "20", "21", "22", "24", "25", "26", "27", "28", 
"29", "30")), assign = 1:7, qr = structure(list(qr = structure(c(-5.19615242270663, 
0.192450089729875, 0.192450089729875, 0.192450089729875, 0.192450089729875, 
0.192450089729875, 0.192450089729875, 0.192450089729875, 0.192450089729875, 
0.192450089729875, 0.192450089729875, 0.192450089729875, 0.192450089729875, 
0.192450089729875, 0.192450089729875, 0.192450089729875, 0.192450089729875, 
0.192450089729875, 0.192450089729875, 0.192450089729875, 0.192450089729875, 
0.192450089729875, 0.192450089729875, 0.192450089729875, 0.192450089729875, 
0.192450089729875, 0.192450089729875, -362.191068871625, 72.1916174471083, 
0.0738405112129768, -0.244756035219178, 0.226212772550094, -0.13393984515582, 
-0.203199963945419, -0.0369756788503814, 0.101544558728816, -0.10623579763998, 
0.170804677518415, -0.244756035219178, -0.10623579763998, -0.314016154008777, 
0.198508725034255, -0.14779186891374, -0.203199963945419, 0.378585033887212, 
-0.314016154008777, -0.10623579763998, 0.226212772550094, -0.244756035219178, 
-0.0369756788503814, -0.244756035219178, 0.0738405112129768, 
0.184656701276335, -0.13393984515582, -278.475279839129, -11.4592149132184, 
-63.8686535954156, -0.0319080994242348, 0.0575572495134827, 0.0112467585931182, 
0.0390749376199583, 0.354321351675408, -0.0927633298617415, -0.0249359257205599, 
0.0829512193228226, 0.563062952270639, 0.0846640048548116, 0.0585486113599604, 
0.187682731463194, 0.264195094840039, -0.0235535941373968, 0.218666543393045, 
-0.207622648608799, 0.053349738976134, -0.16164261163726, -0.0788794982422512, 
0.260378554039376, 0.171634628787169, -0.10355204436608, 0.299716871256065, 
-0.14532457080027, -293.87128701752, -3.013584724223, -31.4172553066169, 
54.3556900680641, -0.175061701878874, 0.179240963831642, -0.00813924520777726, 
-0.00810569425456558, 0.0667669877086029, 0.248393494367791, 
0.280571560319715, 0.52579704545858, -0.28505260131468, -0.313747132750468, 
-0.144277222054527, -0.221803597052706, -0.0870288107519391, 
0.162164093143712, 0.206448428629065, -0.122126666573547, -0.17521511194724, 
0.0391324128564888, 0.00234132311941859, -0.270818815462252, 
0.0948246556381799, -0.106512483895725, -0.201956329586229, -337.172557206741, 
-6.03794324470215, -24.7944429599904, 27.0164442147728, 41.2741716856229, 
0.101752360996033, -0.126513006672292, 0.0837223169825781, -0.0512760110584913, 
-0.0958648549204983, 0.0785668278521757, 0.0774851309563966, 
-0.0855172290844969, 0.358065710122274, -0.0938794541359273, 
0.565824124933647, -0.228844303796363, 0.0684956660033382, 0.177447208321596, 
0.0797827721312021, 0.394934972992569, -0.152380502270408, -0.401170337634468, 
-0.0751383469143836, 0.182898774024726, 0.000752981036036195, 
0.0511054750972255, -390.288781972187, -9.87803205314766, -5.1516309094257, 
4.42851416299335, 18.9298968324473, 46.9105437680887, 0.279620036446137, 
-0.0625552964781362, -0.036855286539297, 0.110856190443789, 0.3439068513525, 
0.125845830595836, 0.0346704890132473, 0.362291907292522, 0.0546928623770211, 
-0.189156046525168, -0.112654721949273, 0.0692191359464155, 0.178462025393416, 
-0.076513521091982, 0.299133651705609, 0.0689624487801994, 0.214930703639631, 
0.0168032689116236, -0.175563871211574, 0.157771464982268, -0.0759128807897184, 
-227.476006060713, -18.863378130785, -14.5673346655983, 24.2260059834804, 
14.2400880533312, 2.09845090413802, 38.8657873074355, 0.403390339956576, 
0.0791224102006873, -0.105241716951002, 0.359150008641831, -0.0900592362762922, 
0.155663684928892, 0.0737114440956457, -0.183845657562663, -0.531439123782949, 
0.0199743359812928, -0.0879663669616719, -0.183490817971307, 
0.0853040975346511, -0.175549403710974, 0.182638278287354, -0.453252145385252, 
0.0256377004873877, 0.00555986844207236, -0.0250247249298368, 
0.121675036702654), .Dim = c(27L, 7L), .Dimnames = list(c("1", 
"2", "3", "4", "5", "6", "8", "9", "10", "12", "13", "14", "15", 
"16", "17", "18", "19", "20", "21", "22", "24", "25", "26", "27", 
"28", "29", "30"), c("x1", "x2", "x3", "x4", "x5", "x6", "x7"
)), assign = 1:7), qraux = c(1.19245008972988, 1.12924860624466, 
1.27221914617805, 1.08910091803674, 1.03722395839989, 1.58441184045006, 
1.04621162937233), pivot = 1:7, tol = 1e-07, rank = 7L), .Names = c("qr", 
"qraux", "pivot", "tol", "rank"), class = "qr"), df.residual = 20L, 
    xlevels = structure(list(), .Names = character(0)), call = quote(lm(formula = y ~ 
        . + 0, data = structure(list(y = c(43, 63, 71, 61, 81, 
        43, 71, 72, 67, 67, 69, 68, 77, 81, 74, 65, 65, 50, 50, 
        64, 40, 63, 66, 78, 48, 85, 82), x1 = c(1, 1, 1, 1, 1, 
        1, 1, 1, 1, 1, 1, 1, 1, 1, 1, 1, 1, 1, 1, 1, 1, 1, 1, 
        1, 1, 1, 1), x2 = c(55, 58, 62, 85, 51, 77, 82, 70, 60, 
        75, 55, 85, 75, 90, 53, 78, 82, 40, 90, 75, 51, 85, 70, 
        85, 62, 54, 77), x3 = c(30, 51, 68, 45, 56, 49, 50, 72, 
        45, 47, 57, 83, 54, 50, 64, 65, 46, 68, 33, 52, 42, 42, 
        66, 58, 44, 71, 39), x4 = c(39, 54, 69, 47, 66, 44, 55, 
        67, 47, 39, 42, 45, 72, 72, 69, 75, 57, 54, 34, 62, 58, 
        48, 63, 74, 45, 71, 59), x5 = c(61, 63, 76, 54, 71, 54, 
        70, 71, 62, 59, 55, 59, 79, 60, 79, 55, 75, 64, 43, 66, 
        50, 66, 88, 80, 51, 77, 64), x6 = c(92, 73, 86, 84, 83, 
        49, 66, 83, 80, 74, 63, 77, 77, 54, 79, 80, 85, 78, 64, 
        80, 57, 75, 76, 78, 83, 74, 78), x7 = c(45, 47, 48, 35, 
        47, 34, 41, 31, 41, 41, 25, 35, 46, 36, 63, 60, 46, 52, 
        33, 41, 49, 33, 72, 49, 38, 55, 39)), .Names = c("y", 
        "x1", "x2", "x3", "x4", "x5", "x6", "x7"),