
expected <- structure(list(coefficients = structure(c(13.7246783355244, 0.571408374262461, 
-0.0169089570162983, 0.260229062552523, 0.0772894936386576, 0.0404920211665419, 
-0.191691673981559), .Names = c("x1", "x2", "x3", "x4", "x5", 
"x6", "x7")), residuals = structure(c(-7.90474914125024, 0.213621920414809, 
0.437100304841367, 8.01509752807781, -9.25999827648702, 0.283751453931299, 
-7.70401722263114, 6.85858033688717, 4.4674554498905, 9.81799962768492, 
7.18420038901547, -4.75113111630177, 0.92605333373893, -3.01830772041935, 
-1.18142578869091, 2.62443033995863, -2.99676578971176, 5.82352595716547, 
-0.316634919174306, -11.0594299797016, -6.79887388209097, 4.74528367788241, 
-3.44305964415288, 2.99235725003039, -8.87466748406098, 7.02522385157943, 
5.89437954357427), .Names = c("1", "2", "3", "5", "7", "8", "9", 
"10", "11", "12", "13", "14", "15", "16", "17", "18", "19", "21", 
"22", "23", "24", "25", "26", "27", "28", "29", "30")), effects = structure(c(-343.523410167827, 
49.3571362451374, -0.900494662017867, -9.30463239602708, 1.26437505230766, 
-4.518146649559, -7.17318488749037, 8.68991553282895, 4.341419403059, 
12.7633933801963, 11.0883095297754, -1.50131489870553, 1.21617483587154, 
-7.44027677084475, 0.175819188530323, -5.04767958447974, -0.872706067086562, 
8.20346107826424, -0.247093887456137, -7.78428124611927, -10.8609394190768, 
8.90090772798156, -2.25125506594753, 2.78340255916306, -8.73337211082361, 
6.89774658495621, 4.27795506263631), .Names = c("x1", "x2", "x3", 
"x4", "x5", "x6", "x7", "", "", "", "", "", "", "", "", "", "", 
"", "", "", "", "", "", "", "", "", "")), rank = 7L, fitted.values = structure(c(50.9047491412502, 
62.7863780795852, 70.5628996951586, 72.9849024719222, 67.259998276487, 
70.7162485460687, 79.7040172226311, 60.1414196631128, 59.5325445501095, 
57.1820003723151, 61.8157996109845, 72.7511311163018, 76.0739466662611, 
84.0183077204194, 75.1814257886909, 62.3755696600414, 67.9967657897118, 
44.1764740428345, 64.3166349191743, 64.0594299797015, 46.798873882091, 
58.2547163221176, 69.4430596441529, 75.0076427499696, 56.874667484061, 
77.9747761484206, 76.1056204564257), .Names = c("1", "2", "3", 
"5", "7", "8", "9", "10", "11", "12", "13", "14", "15", "16", 
"17", "18", "19", "21", "22", "23", "24", "25", "26", "27", "28", 
"29", "30")), assign = 1:7, qr = structure(list(qr = structure(c(-5.19615242270663, 
0.192450089729875, 0.192450089729875, 0.192450089729875, 0.192450089729875, 
0.192450089729875, 0.192450089729875, 0.192450089729875, 0.192450089729875, 
0.192450089729875, 0.192450089729875, 0.192450089729875, 0.192450089729875, 
0.192450089729875, 0.192450089729875, 0.192450089729875, 0.192450089729875, 
0.192450089729875, 0.192450089729875, 0.192450089729875, 0.192450089729875, 
0.192450089729875, 0.192450089729875, 0.192450089729875, 0.192450089729875, 
0.192450089729875, 0.192450089729875, -350.644063487833, 69.9910047130397, 
-0.0739876890014511, -0.188288091357435, -0.0311250381179571, 
-0.145425440473941, -0.245438292535427, 0.0546002636490308, 0.168900666005015, 
0.0688878139435288, 0.0403127133545328, -0.259725842829925, -0.174000541062937, 
-0.359738694891411, -0.288300943418921, 0.0688878139435288, -0.0739876890014511, 
0.354638819833489, 0.0546002636490308, -0.0168374878234591, 0.397501470716983, 
0.154613115710517, -0.174000541062937, -0.145425440473941, 0.111750464827023, 
-0.288300943418921, -0.245438292535427, -275.588528493181, 38.4409186516115, 
-50.5891167760729, -0.00316766421737167, -0.167031203886066, 
-0.0909859330561284, 0.272060140307717, -0.0461612801759294, 
0.194067007807626, 0.00363435324785844, 0.18078245036209, 0.479236773419893, 
-0.0324404204969572, -0.244907511637645, 0.0831390451846672, 
0.359442106913039, -0.118747129898996, -0.0678762392719259, 0.092208401804974, 
0.0409012089444684, 0.140811953276968, -0.0336325024487515, 0.204764748613163, 
0.0671508463506184, -0.0248826233133682, 0.221508727165571, -0.380254074745113, 
-297.527838722387, 35.5135583468277, -11.8516979838765, -48.2235379626031, 
0.0750897993545926, -0.058236441180571, -0.0196557085553235, 
-0.0941457096375501, 0.127353894350043, -0.268315037800077, -0.293849248636085, 
-0.564434550492817, 0.251241851319996, 0.194927838781171, 0.0615428067064411, 
0.344114840428868, 0.0461558654104395, -0.135222990778853, 0.164758226616937, 
-0.117203131244745, 0.315284649387418, -0.00469171660190341, 
-0.0247846889873241, 0.276164899973097, -0.101673414793717, 0.0508688449211501, 
0.0602883418434414, -340.05930855269, 35.7220507474215, -2.99208838484361, 
-14.719169466044, -37.2692261040187, 0.0382911526672781, -0.132676681248276, 
0.024011503696874, -0.101795034596905, 0.00541059234602756, -0.163214563459382, 
-0.331718342334546, 0.132082992480758, -0.493056580896258, 0.0561061679297304, 
-0.394413959658618, 0.214317372691583, -0.168689338295681, 0.0105167711067292, 
-0.0327006506859377, -0.140994803015213, 0.197213518869501, 0.411976513253235, 
0.155391497678627, -0.216810835825468, -0.0264316019198206, -0.194482151548384, 
-391.443482510566, 7.09614997960064, -14.0125819096427, -3.51662795235747, 
1.18536821539029, -50.8873307782124, 0.139861262886475, 0.0881792661808895, 
0.170558329814219, -0.00792389811045327, -0.00415910481553961, 
-0.0590777381234144, 0.25157981667659, 0.393351063950846, -0.444416046959237, 
0.141822947157446, 0.196627907866834, -0.343452134361537, 0.163457779846221, 
-0.155010559491087, 0.0949071836637917, 0.0660039271698755, 0.141647305873306, 
0.276262180051348, -0.00311820872354578, -0.000357919147599667, 
0.416493028277571, -224.589254714764, 11.8745418003161, -11.0954592247823, 
-23.6033527970351, -21.3723247662718, 12.8206704210598, 37.4204301026681, 
-0.0400787823412029, 0.260599185191152, -0.108385948622405, 0.305687249166342, 
-0.00897073853092423, 0.0736996207755164, 0.0232704645960817, 
-0.219333822453, -0.315909416477834, -0.0546490065999369, 0.161671579609958, 
0.131174415197202, 0.160929986425734, -0.0775584965208917, 0.276551565825342, 
-0.587244259442969, 0.0320707810934344, -0.0196046609440511, 
-0.153184637416715, -0.114508052070844), .Dim = c(27L, 7L), .Dimnames = list(
    c("1", "2", "3", "5", "7", "8", "9", "10", "11", "12", "13", 
    "14", "15", "16", "17", "18", "19", "21", "22", "23", "24", 
    "25", "26", "27", "28", "29", "30"), c("x1", "x2", "x3", 
    "x4", "x5", "x6", "x7")), assign = 1:7), qraux = c(1.19245008972988, 
1.01173761276554, 1.31612901346956, 1.10529795744899, 1.01687850927921, 
1.11735604244008, 1.3657294416572), pivot = 1:7, tol = 1e-07, 
    rank = 7L), .Names = c("qr", "qraux", "pivot", "tol", "rank"
), class = "qr"), df.residual = 20L, xlevels = structure(list(), .Names = character(0)), 
    call = quote(lm(formula = y ~ . + 0, data = structure(list(y = c(43, 
        63, 71, 81, 58, 71, 72, 67, 64, 67, 69, 68, 77, 81, 74, 
        65, 65, 50, 64, 53, 40, 63, 66, 78, 48, 85, 82), x1 = c(1, 
        1, 1, 1, 1, 1, 1, 1, 1, 1, 1, 1, 1, 1, 1, 1, 1, 1, 1, 
        1, 1, 1, 1, 1, 1, 1, 1), x2 = c(51, 64, 70, 78, 67, 75, 
        82, 61, 53, 60, 62, 83, 77, 90, 85, 60, 70, 40, 61, 66, 
        37, 54, 77, 75, 57, 85, 82), x3 = c(30, 51, 68, 56, 42, 
        50, 72, 45, 53, 47, 57, 83, 54, 50, 64, 65, 46, 33, 52, 
        52, 42, 42, 66, 58, 44, 71, 39), x4 = c(39, 54, 69, 66, 
        56, 55, 67, 47, 58, 39, 42, 45, 72, 72, 69, 75, 57, 34, 
        62, 50, 58, 48, 63, 74, 45, 71, 59), x5 = c(61, 63, 76, 
        71, 66, 70, 71, 62, 58, 59, 55, 59, 79, 60, 79, 55, 75, 
        43, 66, 63, 50, 66, 88, 80, 51, 77, 64), x6 = c(57, 85, 
        83, 49, 74, 77, 83, 78, 83, 77, 80, 85, 80, 80, 49, 79, 
        80, 57, 80, 67, 76, 77, 85, 83, 73, 74, 83), x7 = c(45, 
        47, 48, 47, 35, 41, 31, 41, 34, 41, 25, 35, 46, 36, 63, 
        60, 46, 33, 41, 37, 49, 33, 72, 49, 38, 55, 39)), .Names = c("y", 
        "x1", "x2", "x3", "x4", "x5", "x6", "x7"),