
expected <- structure(list(coefficients = structure(c(9.93266854730513, 0.64312577010286, 
0.0121519299566898, 0.301121452607677, 0.1056883914152, -0.0354865870675123, 
-0.237630484202589), .Names = c("x1", "x2", "x3", "x4", "x5", 
"x6", "x7")), residuals = structure(c(-5.67772175851618, 0.76414829928257, 
0.731898198593389, 6.35586914848872, -10.9381840937098, -8.28569064345431, 
0.7762385482317, -9.01746179213369, 9.02426455750319, 6.41259971502825, 
12.4400964369347, 9.03351975429854, 0.452811730942317, -4.22744096570519, 
-2.76417137897789, 4.38969534348294, -2.93116834766351, -5.99565755898024, 
0.573786648220261, -10.2360024887565, -2.39888646876682, 6.47635621432643, 
-3.03961398507846, 2.87284864263606, -6.33915667395389, 6.03628805065718, 
5.51073486707029), .Names = c("1", "3", "4", "5", "6", "7", "8", 
"9", "10", "11", "12", "13", "15", "16", "17", "18", "19", "20", 
"22", "23", "24", "25", "26", "27", "28", "29", "30")), effects = structure(c(-338.327257745121, 
-53.1510040063286, 2.38481266822958, -8.69855043732628, -0.829499312810364, 
-0.161534686810548, 9.26680986104788, -5.11802425096634, 11.5800425484688, 
8.42140497444211, 16.325274457411, 16.0462185465598, 0.140747699929647, 
-2.16937709210543, -2.83989021118684, 4.82461919282057, -6.13736001520949, 
-3.81692154390358, 0.0567647348769569, -7.09175481958185, -0.941139046775973, 
6.95165018745728, -5.71029953205194, 2.93868899552956, -2.86170100451753, 
7.69581709529511, 4.24503420020985), .Names = c("x1", "x2", "x3", 
"x4", "x5", "x6", "x7", "", "", "", "", "", "", "", "", "", "", 
"", "", "", "", "", "", "", "", "", "")), rank = 7L, fitted.values = structure(c(48.6777217585162, 
70.2358517007174, 60.2681018014066, 74.6441308515113, 53.9381840937099, 
66.2856906434543, 70.2237614517683, 81.0174617921337, 57.9757354424968, 
57.5874002849717, 54.5599035630653, 59.9664802457015, 76.5471882690577, 
85.2274409657052, 76.7641713789779, 60.6103046565171, 67.9311683476635, 
55.9956575589802, 63.4262133517797, 63.2360024887565, 42.3988864687668, 
56.5236437856736, 69.0396139850785, 75.1271513573639, 54.3391566739539, 
78.9637119493428, 76.4892651329297), .Names = c("1", "3", "4", 
"5", "6", "7", "8", "9", "10", "11", "12", "13", "15", "16", 
"17", "18", "19", "20", "22", "23", "24", "25", "26", "27", "28", 
"29", "30")), assign = 1:7, qr = structure(list(qr = structure(c(-5.19615242270663, 
0.192450089729875, 0.192450089729875, 0.192450089729875, 0.192450089729875, 
0.192450089729875, 0.192450089729875, 0.192450089729875, 0.192450089729875, 
0.192450089729875, 0.192450089729875, 0.192450089729875, 0.192450089729875, 
0.192450089729875, 0.192450089729875, 0.192450089729875, 0.192450089729875, 
0.192450089729875, 0.192450089729875, 0.192450089729875, 0.192450089729875, 
0.192450089729875, 0.192450089729875, 0.192450089729875, 0.192450089729875, 
0.192450089729875, 0.192450089729875, -348.527112500804, -64.4348651884355, 
-0.0229669383926948, 0.209826285526274, -0.147123324482811, 0.0391112546523634, 
0.16326764074248, 0.271904478571332, -0.0540060349152239, -0.17816242100534, 
-0.0695255831764885, -0.0384864866539594, 0.194306737265009, 
0.396060864661448, 0.318463123355125, -0.0695255831764885, 0.0856698994361571, 
-0.100564679699018, -0.0540060349152239, 0.0235917063910989, 
-0.426475193185573, -0.162642872744076, 0.194306737265009, 0.16326764074248, 
-0.116084227960282, 0.318463123355125, 0.271904478571332, -274.626278044532, 
-24.9910710853059, 49.1208079475144, 0.0332697122450195, -0.1175759361763, 
0.17798279240609, 0.117154307922394, -0.241440185980785, 0.0403824137808932, 
-0.224516643047355, -0.0130879396546342, -0.191158831431529, 
0.0612312441374779, 0.308470469495412, -0.0403131830102102, -0.37953142363057, 
0.134814139392708, -0.466114159169628, -0.102123385543082, -0.0383513316854092, 
-0.204649530739946, 0.0121754523761407, -0.183064411846479, -0.0457094627335769, 
0.00972274202675147, -0.182818982334185, 0.430372867975097, -299.837239799146, 
-35.2696104189331, 21.7298843053379, -39.9436645615164, -0.177617837000547, 
0.106779989075908, -0.100743421629851, -0.163450290946938, -0.103742940267717, 
0.137116691742865, -0.321904565512506, -0.400929011325126, 0.252106902281073, 
0.186143551267977, -0.0326140735118242, 0.335221351322635, 0.0498186683736243, 
-0.212714672469972, 0.17684128669816, -0.169819303439769, 0.434275378359838, 
0.0267153585700828, -0.135972710318455, 0.266418319331288, -0.103259952891661, 
-0.0774882175469095, 0.083863901372416, -341.406459180799, -33.9194097202031, 
10.8534948345161, -6.09508613613382, 36.0021506126074, -0.0695628717457221, 
-0.0269904980245857, 0.258323896605004, -0.0134030192056276, 
0.124544792448818, 0.0577472715425807, 0.292838251078639, -0.173085739565426, 
0.445432283286562, -0.00555906672223858, 0.438306537640187, -0.248625408909153, 
0.140950833621688, -0.0170379189003488, 0.0838027136617085, 0.0820694063042763, 
-0.220213486708983, -0.331927055773234, -0.176949199072772, 0.237411397649097, 
0.122601952847488, 0.114289035146602, -380.281377306233, 0.362697590846587, 
29.0264961345817, 1.66406160558718, -15.6688516594177, -37.0016625751973, 
0.26196923116575, -0.191532154081274, 0.200482492437043, -0.102904887611888, 
0.136621430770977, 0.0517029068076319, 0.259729843545574, 0.0879373220412236, 
0.0756734277401722, -0.208989754278679, -0.341849587383903, -0.303801299179474, 
-0.197435115272174, 0.0452250829035074, 0.337572638515198, -0.0129308929938825, 
-0.161143469179922, 0.314602900467064, 0.064982163029494, 0.0114631195183478, 
-0.182654449136552, -225.743955253144, -11.8276201693348, 20.5044038044349, 
-16.9699421678191, 21.8429162597646, 6.20542188590101, -38.9967217048953, 
-0.409331020421198, 0.0676714808891123, -0.342795015023924, 0.160471428228051, 
-0.221933692623353, -0.12611583867115, 0.0936087476192021, 0.375812693450616, 
0.262858859394497, -0.149335792969049, 0.0322335276924414, -0.258142932929129, 
-0.0680578289650604, 0.107442541580454, -0.360134359482205, 0.329163735410532, 
-0.106155710168333, 0.118950879558017, 0.156935480162313, 0.0646012101928326
), .Dim = c(27L, 7L), .Dimnames = list(c("1", "3", "4", "5", 
"6", "7", "8", "9", "10", "11", "12", "13", "15", "16", "17", 
"18", "19", "20", "22", "23", "24", "25", "26", "27", "28", "29", 
"30"), c("x1", "x2", "x3", "x4", "x5", "x6", "x7")), assign = 1:7), 
    qraux = c(1.19245008972988, 1.08566989943616, 1.06589123532396, 
    1.06552080427392, 1.17955741520268, 1.41352971239065, 1.04401371956881
    ), pivot = 1:7, tol = 1e-07, rank = 7L), .Names = c("qr", 
"qraux", "pivot", "tol", "rank"), class = "qr"), df.residual = 20L, 
    xlevels = structure(list(), .Names = character(0)), call = quote(lm(formula = y ~ 
        . + 0, data = structure(list(y = c(43, 71, 61, 81, 43, 
        58, 71, 72, 67, 64, 67, 69, 77, 81, 74, 65, 65, 50, 64, 
        53, 40, 63, 66, 78, 48, 85, 82), x1 = c(1, 1, 1, 1, 1, 
        1, 1, 1, 1, 1, 1, 1, 1, 1, 1, 1, 1, 1, 1, 1, 1, 1, 1, 
        1, 1, 1, 1), x2 = c(51, 70, 63, 78, 55, 67, 75, 82, 61, 
        53, 60, 62, 77, 90, 85, 60, 70, 58, 61, 66, 37, 54, 77, 
        75, 57, 85, 82), x3 = c(30, 68, 45, 56, 49, 42, 50, 72, 
        45, 53, 47, 57, 54, 50, 64, 65, 46, 68, 52, 52, 42, 42, 
        66, 58, 44, 71, 39), x4 = c(39, 69, 47, 66, 44, 56, 55, 
        67, 47, 58, 39, 42, 72, 72, 69, 75, 57, 54, 62, 50, 58, 
        48, 63, 74, 45, 71, 59), x5 = c(61, 76, 54, 71, 54, 66, 
        70, 71, 62, 58, 59, 55, 79, 60, 79, 55, 75, 64, 66, 63, 
        50, 66, 88, 80, 51, 77, 64), x6 = c(54, 83, 64, 66, 80, 
        78, 78, 80, 76, 73, 78, 86, 75, 75, 78, 80, 49, 77, 64, 
        76, 83, 63, 67, 80, 76, 83, 54), x7 = c(45, 48, 35, 47, 
        34, 35, 41, 31, 41, 34, 41, 25, 46, 36, 63, 60, 46, 52, 
        41, 37, 49, 33, 72, 49, 38, 55, 39)), .Names = c("y", 
        "x1", "x2", "x3", "x4", "x5", "x6", "x7"),