
expected <- structure(list(coefficients = structure(c(6.65591645600999, -0.0741946841634799, 
0.168127402530854, 0.708330999725903, 0.49984265321193, 0.145548662892453, 
-0.676053335804601), .Names = c("x1", "x2", "x3", "x4", "x5", 
"x6", "x7")), residuals = structure(c(-4.58949835062879, 5.26304337043857, 
-9.49220960945997, 3.71825460448629, 6.83592345485693, -10.1175898767882, 
-10.0829850484974, 2.84770103882297, 8.79993967775517, -3.88081192300528, 
7.18365957814211, 2.41083557786614, 5.95149027121186, 2.05974029842032, 
2.02548674416116, -3.33239795510383, -8.21985770874671, 11.2980009395183, 
-6.66578343375444, -9.62854997899142, -10.6589666559673, -0.00661194262299591, 
3.33477441108204, -4.51151855668444, -5.2108343102047, 10.1239492030585, 
14.5448161806352), .Names = c("1", "2", "3", "4", "5", "6", "7", 
"8", "10", "11", "13", "14", "16", "17", "18", "19", "20", "21", 
"22", "23", "24", "25", "26", "27", "28", "29", "30")), effects = structure(c(-331.591504604575, 
13.3355411419488, -26.4211379344791, 31.2464591893008, 12.7209047222934, 
2.79000584974216, -24.6824963554557, 8.15984762139731, 9.26874103687854, 
-1.97410068644085, 11.1388731414942, 5.65356760796037, 9.11585749939091, 
5.28993299203348, -3.61197880201332, -0.411798594142473, -8.04520084430347, 
8.05511568326615, -5.29705717977052, -8.26400809854107, -13.4250303460626, 
3.21940841666214, 8.21148472626654, 0.666192137973828, -8.48199054309672, 
14.3207668498601, 15.3884233092427), .Names = c("x1", "x2", "x3", 
"x4", "x5", "x6", "x7", "", "", "", "", "", "", "", "", "", "", 
"", "", "", "", "", "", "", "", "", "")), rank = 7L, fitted.values = structure(c(47.5894983506288, 
57.7369566295614, 80.49220960946, 57.2817453955137, 74.1640765451431, 
53.1175898767882, 68.0829850484974, 68.152298961177, 58.2000603222448, 
67.8808119230053, 61.8163404218579, 65.5891644221339, 75.0485097287881, 
71.9402597015797, 62.9745132558388, 68.3323979551038, 58.2198577087467, 
38.7019990604817, 70.6657834337544, 62.6285499789914, 50.6589666559673, 
63.006611942623, 62.665225588918, 82.5115185566844, 53.2108343102047, 
74.8760507969415, 67.4551838193648), .Names = c("1", "2", "3", 
"4", "5", "6", "7", "8", "10", "11", "13", "14", "16", "17", 
"18", "19", "20", "21", "22", "23", "24", "25", "26", "27", "28", 
"29", "30")), assign = 1:7, qr = structure(list(qr = structure(c(-5.19615242270663, 
0.192450089729875, 0.192450089729875, 0.192450089729875, 0.192450089729875, 
0.192450089729875, 0.192450089729875, 0.192450089729875, 0.192450089729875, 
0.192450089729875, 0.192450089729875, 0.192450089729875, 0.192450089729875, 
0.192450089729875, 0.192450089729875, 0.192450089729875, 0.192450089729875, 
0.192450089729875, 0.192450089729875, 0.192450089729875, 0.192450089729875, 
0.192450089729875, 0.192450089729875, 0.192450089729875, 0.192450089729875, 
0.192450089729875, 0.192450089729875, -346.217711424046, -72.1269457019795, 
-0.085593189257772, 0.150102358842131, -0.0994576332636486, -0.168779853293032, 
-0.085593189257772, -0.418339845398812, -0.141050965281279, -0.085593189257772, 
-0.196508741304785, -0.196508741304785, -0.085593189257772, -0.418339845398812, 
0.247153466883268, 0.0391868067951179, 0.247153466883268, 0.205560134865638, 
0.108509026824501, 0.247153466883268, -0.127186521275402, 0.247153466883268, 
0.205560134865638, -0.085593189257772, -0.0717287452518953, 0.205560134865638, 
-0.085593189257772, -273.471577506153, 2.79650970577795, -62.7094556646905, 
-0.0618895785942026, 0.11096776853801, -0.0013678060969396, -0.112142116634384, 
0.0120239565551538, -0.0648701736894408, 0.0632700262937476, 
0.125920795287609, 0.54053131493592, 0.0154303509497118, 0.235275774827321, 
0.258035122064449, -0.0470784849443767, 0.305874797408485, -0.252680547571253, 
0.0493105312425612, 0.0507298622402937, -0.112567915933703, -0.108735722239826, 
0.273555881213141, 0.143002818533807, -0.0801070666385865, 0.353288673453201, 
-0.159981791978419, -291.176985761301, 2.7122960458904, -27.4565516460474, 
50.7123671783357, -0.175140198809714, 0.187768768536205, -0.123741520185099, 
-0.0122543428115991, 0.0863378653668213, -0.0489125376052921, 
0.311032286506423, 0.521960978140238, -0.356143072297, -0.142890277293856, 
-0.268146255178139, -0.105158197982433, 0.177117670370353, 0.209004766558465, 
-0.143231133764111, 0.0897872111670161, -0.162096534325744, 0.0253461462465884, 
-0.0200465699458348, -0.312477842695331, 0.113582896826271, -0.125859428342406, 
-0.214062440673288, -332.938655232684, 3.60834992701093, -23.2604467649577, 
24.1062964084381, 41.384414366029, 0.112292801287504, -0.037702899737065, 
-0.103543421400033, -0.0535046063755178, 0.217992868774963, 0.0870953301843562, 
0.113880677918562, 0.354911150756646, -0.0823360534134319, 0.545020383108931, 
-0.236037943850152, 0.0449638832583695, 0.166727377893546, 0.0657436417483342, 
-0.0367856167220548, 0.379173563289652, -0.168519725747829, -0.413655886728519, 
-0.0754059790639838, 0.177264079869304, -0.0208961435629721, 
0.0429109306617673, -386.632230267319, -13.6575043416408, -6.19152906697611, 
2.33942441697749, 21.2411764856143, 45.6179304264628, 0.160974679057659, 
0.211200834265039, -0.0769392408054286, 0.150890930385558, 0.308281840720465, 
0.118594910068182, 0.35335861951849, -0.0326660293121203, -0.151348739639249, 
-0.10645393434658, 0.105696072863376, 0.221206863021682, -0.0620642927371228, 
0.0146439622935551, 0.254567183204634, 0.120486898073252, 0.268911272416522, 
0.00593752106880938, -0.208591206566264, 0.19587025758047, -0.104653091854764, 
-225.166604983954, -8.54511898895531, -23.8118769441617, 25.2414075940081, 
16.3543540224227, 5.69425920096798, 36.5096879909333, 0.0105976704308267, 
-0.045141886588467, 0.189890501978956, 0.18898804968526, -0.00944430558291675, 
0.278266268646049, -0.330839135015225, -0.269299600183335, 0.142908829157987, 
-0.162843079455935, -0.0985288571749391, 0.22522610243646, 0.219707619717269, 
-0.338019763755955, 0.347442792295333, -0.342880296686346, 0.225305424708713, 
-0.0873501289929785, 0.0602937573022132, 0.176769608649844), .Dim = c(27L, 
7L), .Dimnames = list(c("1", "2", "3", "4", "5", "6", "7", "8", 
"10", "11", "13", "14", "16", "17", "18", "19", "20", "21", "22", 
"23", "24", "25", "26", "27", "28", "29", "30"), c("x1", "x2", 
"x3", "x4", "x5", "x6", "x7")), assign = 1:7), qraux = c(1.19245008972988, 
1.20556013486564, 1.30246840301393, 1.07875618263776, 1.0253532608774, 
1.56820294180138, 1.25517397600888), pivot = 1:7, tol = 1e-07, 
    rank = 7L), .Names = c("qr", "qraux", "pivot", "tol", "rank"
), class = "qr"), df.residual = 20L, xlevels = structure(list(), .Names = character(0)), 
    call = quote(lm(formula = y ~ . + 0, data = structure(list(y = c(43, 
        63, 71, 61, 81, 43, 58, 71, 67, 64, 69, 68, 81, 74, 65, 
        65, 50, 50, 64, 53, 40, 63, 66, 78, 48, 85, 82), x1 = c(1, 
        1, 1, 1, 1, 1, 1, 1, 1, 1, 1, 1, 1, 1, 1, 1, 1, 1, 1, 
        1, 1, 1, 1, 1, 1, 1, 1), x2 = c(70, 82, 61, 78, 60, 55, 
        61, 37, 57, 61, 53, 53, 61, 37, 85, 70, 85, 82, 75, 85, 
        58, 85, 82, 61, 62, 82, 61), x3 = c(30, 51, 68, 45, 56, 
        49, 42, 50, 45, 53, 57, 83, 50, 64, 65, 46, 68, 33, 52, 
        52, 42, 42, 66, 58, 44, 71, 39), x4 = c(39, 54, 69, 47, 
        66, 44, 56, 55, 47, 58, 42, 45, 72, 69, 75, 57, 54, 34, 
        62, 50, 58, 48, 63, 74, 45, 71, 59), x5 = c(61, 63, 76, 
        54, 71, 54, 66, 70, 62, 58, 55, 59, 60, 79, 55, 75, 64, 
        43, 66, 63, 50, 66, 88, 80, 51, 77, 64), x6 = c(92, 73, 
        86, 84, 83, 49, 68, 66, 80, 67, 63, 77, 54, 79, 80, 85, 
        78, 64, 80, 80, 57, 75, 76, 78, 83, 74, 78), x7 = c(45, 
        47, 48, 35, 47, 34, 35, 41, 41, 34, 25, 35, 36, 63, 60, 
        46, 52, 33, 41, 37, 49, 33, 72, 49, 38, 55, 39)), .Names = c("y", 
        "x1", "x2", "x3", "x4", "x5", "x6", "x7"),