
expected <- structure(list(coefficients = structure(c(13.7834911593178, 0.753162098308228, 
-0.0421000702208975, 0.142134164438503, -0.0512205300273712, 
-0.05650155016746), .Names = c("x1", "x2", "x3", "x4", "x5", 
"x6")), residuals = structure(c(-9.34708157710537, 0.601457320464438, 
3.67281022719309, 0.266633705685381, 7.64282028001943, -13.3888893280907, 
-8.39745335191019, -1.41791799341283, -4.60025179235847, 9.63926803214805, 
7.72645331959039, 7.74221584995648, -7.26602012446918, 2.81088419204616, 
8.43364387466653, -3.27548078359044, -6.76739265939527, 6.51022323206504, 
3.49617560148136, -11.0692385974141, -1.30084789960396, 6.63919453595344, 
-7.545302670923, 5.56419968563746, -7.71180716089563, 6.14040928963763, 
5.20129479262425), .Names = c("1", "2", "3", "4", "5", "6", "7", 
"8", "9", "11", "12", "13", "14", "15", "18", "19", "20", "21", 
"22", "23", "24", "25", "26", "27", "28", "29", "30")), effects = structure(c(-330.436804066196, 
-51.0689079508119, 2.68611967430661, 3.3124330301044, 2.62043172801133, 
2.20089628927342, -5.18533840678984, 2.82367415294374, -7.58300631803312, 
11.3158653921257, 10.1578614094598, 9.31689204659663, -8.24290993493558, 
4.51276436209363, 11.398603446868, -2.80524110753638, -5.95486621386112, 
10.8252248515618, 3.60687833106377, -11.0049767215809, 5.66300865017225, 
6.88072424151564, -2.99369124510143, 6.92688386557028, -7.10194591996263, 
9.21681172636199, 8.57732257701773), .Names = c("x1", "x2", "x3", 
"x4", "x5", "x6", "", "", "", "", "", "", "", "", "", "", "", 
"", "", "", "", "", "", "", "", "", "")), rank = 6L, fitted.values = structure(c(52.3470815771054, 
62.3985426795356, 67.3271897728069, 60.7333662943146, 73.3571797199806, 
56.3888893280907, 66.3974533519102, 72.4179179934128, 76.6002517923585, 
54.3607319678519, 59.2735466804096, 61.2577841500435, 75.2660201244692, 
74.1891158079538, 56.5663561253335, 68.2754807835904, 56.7673926593953, 
43.489776767935, 60.5038243985186, 64.0692385974141, 41.300847899604, 
56.3608054640466, 73.545302670923, 72.4358003143625, 55.7118071608956, 
78.8595907103624, 76.7987052073757), .Names = c("1", "2", "3", 
"4", "5", "6", "7", "8", "9", "11", "12", "13", "14", "15", "18", 
"19", "20", "21", "22", "23", "24", "25", "26", "27", "28", "29", 
"30")), assign = 1:6, qr = structure(list(qr = structure(c(-5.19615242270663, 
0.192450089729875, 0.192450089729875, 0.192450089729875, 0.192450089729875, 
0.192450089729875, 0.192450089729875, 0.192450089729875, 0.192450089729875, 
0.192450089729875, 0.192450089729875, 0.192450089729875, 0.192450089729875, 
0.192450089729875, 0.192450089729875, 0.192450089729875, 0.192450089729875, 
0.192450089729875, 0.192450089729875, 0.192450089729875, 0.192450089729875, 
0.192450089729875, 0.192450089729875, 0.192450089729875, 0.192450089729875, 
0.192450089729875, 0.192450089729875, -339.09705810404, -64.6156729066964, 
0.108983611697181, 0.000650761707243416, 0.232792583114252, -0.123158209709828, 
0.062555247415779, 0.18636421883285, 0.294697068822788, -0.154110452564096, 
-0.0457776025741583, -0.0148253597198905, 0.310173190249921, 
0.217316461687118, -0.0457776025741583, 0.108983611697181, -0.0767298454284261, 
-0.355300031116836, -0.0303014811470244, 0.0470791259886451, 
-0.401728395398238, -0.138634331136962, 0.217316461687118, 0.18636421883285, 
-0.09220596685556, 0.341125433104189, 0.294697068822788, -276.165878762371, 
-38.1635422496297, -51.8743814456437, -0.0855473432092191, -0.04856337822439, 
0.0849309466482844, -0.190063826433519, -0.12921405674444, 0.213189566166732, 
0.185382533999306, -0.011979315364881, 0.157451833421777, 0.413569170333353, 
-0.0754469377310734, 0.335012773954993, -0.147967824504566, 0.416187023010466, 
-0.0484397098142874, 0.0727362590284481, 0.0143806736063798, 
0.160069686098891, -0.0383393043361418, 0.155881121815509, 0.0250046496199481, 
-0.0347979789982857, 0.158898876617943, -0.42296259758637, -334.478255950523, 
-38.7894653829049, 0.555667010559441, 37.3278033880658, 0.0331256355357371, 
0.153435086786143, -0.0257285865191388, 0.000669829810856763, 
0.136550442105263, 0.0312101870969787, 0.0815829212988756, 0.246561760034295, 
0.505259802888631, -0.200940320273847, 0.243711001373823, -0.213697946117534, 
-0.0155161634451344, 0.194648092016925, -0.0770348015468092, 
0.0715381982891992, -0.00631738161792155, -0.203058862841152, 
-0.405401229019023, -0.242796172558547, 0.245816451218134, 0.0136808659662416, 
0.223301077344747, -390.673682151647, -18.1024765522868, 4.6765930061464, 
7.48407639256802, -44.1870172692506, -0.617331778545663, -0.236235089158871, 
-0.319472214012316, 0.0242949627340145, -0.207228376453218, -0.0724928646552302, 
-0.332818270778441, -0.114791688420402, -0.0861336949675203, 
0.0546233065344557, 0.129064876207687, 0.00967505210529374, -0.203912393282619, 
0.0521170308895738, 0.0348200905691778, -0.360674834163017, -0.0280919428016107, 
-0.121654969288244, -0.0589304020863776, 0.149388755991539, -0.193899353887268, 
-0.0642297426997103, -220.932703009897, -10.2044959173061, -11.7299946118344, 
28.490983883084, -6.32105282232414, -38.9528478909052, -0.136175912124736, 
-0.00873755800033502, -0.383778700219925, -0.163806201223747, 
0.0455640395856426, -0.253468999547169, -0.0508898253523729, 
-0.103954632712949, 0.517610537426098, -0.0973632221629799, 0.119576878488053, 
0.0730765498955458, -0.127694102711097, -0.128742608130592, 0.32361515151171, 
-0.334446936360783, 0.351344432035985, -0.0828153653422531, 0.0647305291036116, 
0.189149085894916, 0.098900752535453), .Dim = c(27L, 6L), .Dimnames = list(
    c("1", "2", "3", "4", "5", "6", "7", "8", "9", "11", "12", 
    "13", "14", "15", "18", "19", "20", "21", "22", "23", "24", 
    "25", "26", "27", "28", "29", "30"), c("x1", "x2", "x3", 
    "x4", "x5", "x6")), assign = 1:6), qraux = c(1.19245008972988, 
1.01612688313438, 1.2761336179975, 1.25034599952054, 1.0494689408317, 
1.03148248190034), pivot = 1:6, tol = 1e-07, rank = 6L), .Names = c("qr", 
"qraux", "pivot", "tol", "rank"), class = "qr"), df.residual = 21L, 
    xlevels = structure(list(), .Names = character(0)), call = quote(lm(formula = y ~ 
        . + 0, data = structure(list(y = c(43, 63, 71, 61, 81, 
        43, 58, 71, 72, 64, 67, 69, 68, 77, 65, 65, 50, 50, 64, 
        53, 40, 63, 66, 78, 48, 85, 82), x1 = c(1, 1, 1, 1, 1, 
        1, 1, 1, 1, 1, 1, 1, 1, 1, 1, 1, 1, 1, 1, 1, 1, 1, 1, 
        1, 1, 1, 1), x2 = c(51, 64, 70, 63, 78, 55, 67, 75, 82, 
        53, 60, 62, 83, 77, 60, 70, 58, 40, 61, 66, 37, 54, 77, 
        75, 57, 85, 82), x3 = c(30, 51, 68, 45, 56, 49, 42, 50, 
        72, 53, 47, 57, 83, 54, 65, 46, 68, 33, 52, 52, 42, 42, 
        66, 58, 44, 71, 39), x4 = c(61, 63, 76, 54, 71, 54, 66, 
        70, 71, 58, 59, 55, 59, 79, 55, 75, 64, 43, 66, 63, 50, 
        66, 88, 80, 51, 77, 64), x5 = c(92, 73, 86, 84, 83, 49, 
        68, 66, 83, 67, 74, 63, 77, 77, 80, 85, 78, 64, 80, 80, 
        57, 75, 76, 78, 83, 74, 78), x6 = c(45, 47, 48, 35, 47, 
        34, 35, 41, 31, 34, 41, 25, 35, 46, 60, 46, 52, 33, 41, 
        37, 49, 33, 72, 49, 38, 55, 39)), .Names = c("y", "x1", 
        "x2", "x3", "x4", "x5", "x6"), row.names = c("1", "2", 
        "3", "4", "5", "6", "7", "8", "9", "11", "12", "13", 
        "14", "15", "18", "19", "20", "21", "22", "23", "24", 
        "25", "26", "27", "28", "29", "30"), class = "data.frame"))), 
    terms = y ~ x1 + x2 + x3 + x4 + x5 + x6 + 0, model = structure(list(
        y = c(43, 63, 71, 61, 81, 43, 58, 71, 72, 64, 67, 69, 
        68, 77, 65, 65, 50, 50, 64, 53, 40, 63, 66, 78, 48, 85, 
        82), x1 = c(1, 1, 1, 1, 1, 1, 1, 1, 1, 1, 1, 1, 1, 1, 
        1, 1, 1, 1, 1, 1, 1, 1, 1, 1, 1, 1, 1), x2 = c(51, 64, 
        70, 63, 78, 55, 67, 75, 82, 53, 60, 62, 83, 77, 60, 70, 
        58, 40, 61, 66, 37, 54, 77, 75, 57, 85, 82), x3 = c(30, 
        51, 68, 45, 56, 49, 42, 50, 72, 53, 47, 57, 83, 54, 65, 
        46, 68, 33, 52, 52, 42, 42, 66, 58, 44, 71, 39),