
expected <- structure(list(coefficients = structure(c(2.69289880215003, 0.172325968873907, 
0.712665063416431, 0.531998769091486, 0.116768920034437, -0.707514821584947
), .Names = c("x1", "x2", "x3", "x4", "x5", "x6")), residuals = structure(c(-4.01311392803443, 
4.24770636000842, -9.09827619914653, 3.28367055959208, 7.41041640156545, 
-9.88824074603392, -10.1290196130809, 4.55566939255687, 9.73984501650762, 
-3.78469114634539, 7.62408458596956, 3.3180024640001, 5.6240039378809, 
4.42513613308992, 1.5054768571238, -3.52138607696736, -9.26010437218694, 
10.3885632280178, -7.28440779322214, -10.9664900112903, -9.85270381188195, 
-1.66011118916042, 2.28642580838516, -4.4246707219951, -4.28336365263742, 
8.78124778981529, 14.9763307274699), .Names = c("1", "2", "3", 
"4", "5", "6", "7", "8", "10", "11", "13", "14", "16", "17", 
"18", "19", "20", "21", "22", "23", "24", "25", "26", "27", "28", 
"29", "30")), effects = structure(c(-331.591504604575, -26.9890094367581, 
-31.5888750746864, 13.2123412728665, 0.656857977473342, -26.5607872546113, 
-4.65306000288636, 8.80266685913788, 9.6347230325458, -0.740456441583877, 
9.119980927493, -1.4907190092612, 13.4453482545389, 4.87709229210807, 
-1.49663938174566, -1.27750868038949, -12.6449377113324, 10.072127212184, 
-5.15889967896042, -10.6765605092869, -7.84518627001211, 1.76280846266411, 
2.14311827464449, 0.451553605610114, -6.65707854082379, 10.364002772018, 
18.7047023986965), .Names = c("x1", "x2", "x3", "x4", "x5", "x6", 
"", "", "", "", "", "", "", "", "", "", "", "", "", "", "", "", 
"", "", "", "", "")), rank = 6L, fitted.values = structure(c(47.0131139280344, 
58.7522936399916, 80.0982761991465, 57.7163294404079, 73.5895835984345, 
52.8882407460339, 68.1290196130809, 66.4443306074431, 57.2601549834924, 
67.7846911463454, 61.3759154140304, 64.6819975359999, 75.3759960621191, 
69.5748638669101, 63.4945231428762, 68.5213860769674, 59.2601043721869, 
39.6114367719822, 71.2844077932221, 63.9664900112903, 49.852703811882, 
64.6601111891604, 63.7135741916148, 82.4246707219951, 52.2833636526374, 
76.2187522101847, 67.0236692725301), .Names = c("1", "2", "3", 
"4", "5", "6", "7", "8", "10", "11", "13", "14", "16", "17", 
"18", "19", "20", "21", "22", "23", "24", "25", "26", "27", "28", 
"29", "30")), assign = 1:6, qr = structure(list(qr = structure(c(-5.19615242270663, 
0.192450089729875, 0.192450089729875, 0.192450089729875, 0.192450089729875, 
0.192450089729875, 0.192450089729875, 0.192450089729875, 0.192450089729875, 
0.192450089729875, 0.192450089729875, 0.192450089729875, 0.192450089729875, 
0.192450089729875, 0.192450089729875, 0.192450089729875, 0.192450089729875, 
0.192450089729875, 0.192450089729875, 0.192450089729875, 0.192450089729875, 
0.192450089729875, 0.192450089729875, 0.192450089729875, 0.192450089729875, 
0.192450089729875, 0.192450089729875, -273.471577506153, -62.771779457781, 
0.303043457951455, -0.06336323305958, 0.111874749597872, 0.000359669724947818, 
-0.111155410147976, 0.0162903954210798, -0.06336323305958, 0.0640825725094757, 
0.127805475294004, 0.542004343393435, 0.0162903954210798, 0.239320555166927, 
0.255251280863059, -0.0474325073634481, 0.303043457951455, -0.254531941413164, 
0.0481518468133437, 0.0481518468133437, -0.111155410147976, -0.111155410147976, 
0.271182006559191, 0.143736200990135, -0.079293958755712, 0.350835635039851, 
-0.158947587236372, -291.176985761301, -27.5501249973885, -50.7341460516606, 
-0.089732586277495, 0.190195274692727, -0.183254674424967, 0.113455468742703, 
0.0249642471956069, -0.089732586277495, 0.058303283570243, -0.291456486921633, 
-0.455861763514886, 0.360044293338289, 0.180546416943908, 0.290212383816635, 
0.0987757443935093, -0.149502762598398, -0.242799322725609, 0.145743226193212, 
-0.0907838652016223, 0.152876650641842, -0.044229258853853, 0.0450877135971097, 
0.330684844639901, -0.120556189351943, 0.159784547070212, 0.198379978065484, 
-332.938655232684, -23.3981058594744, -24.171199876836, 41.4262427762249, 
0.000286238219174692, 0.116021100056378, -0.0463559324503053, 
-0.13061282922422, -0.0522192528129362, 0.205553725443968, 0.0917724359088831, 
0.112751306039969, 0.32174377656799, -0.13088928605172, 0.526000144701983, 
-0.238844949467114, 0.0574105099280927, 0.208037185210355, 0.0589892107261023, 
-0.0175084976677505, 0.364691935570787, -0.14563298046505, -0.4164231915145, 
-0.111512833217802, 0.18540491610381, -0.0361702982801135, 0.0298853291577949, 
-386.632230267319, -5.57693404740152, -1.93060039652104, 20.5915503492326, 
-47.99663698087, -0.526794842427306, -0.221860480653239, -0.270321222657873, 
0.0635061723136749, -0.177503357804355, -0.224018654442621, 0.0922709576022242, 
-0.476052688932755, -0.0346341288777572, 0.120609473632128, 0.0878425158512729, 
0.0491099940474143, -0.174525364204576, 0.0427525974684551, 0.0689178678093199, 
-0.361205273765881, -0.0699914530101126, -0.140177636030057, 
-0.0764126641897408, 0.188404659850116, -0.115516158058659, -0.0100884663908629, 
-225.166604983954, -23.4075462895166, -24.9493869320167, 15.8736208000929, 
-8.84981240249916, 37.5409623152642, 0.200167437788867, 0.119031015554063, 
0.0155312672524547, 0.202424333013682, 0.361214678677086, 0.333995392058273, 
0.166797033604405, -0.201342694242815, -0.357915284288656, 0.0830783776034956, 
-0.110043941785422, -0.14243423403937, 0.152339058200314, 0.182327280129731, 
-0.375903723014501, 0.245392232609424, -0.360699897401208, 0.164886088201259, 
-0.0305027976430782, 0.0202393909604952, 0.0954723497259818), .Dim = c(27L, 
6L), .Dimnames = list(c("1", "2", "3", "4", "5", "6", "7", "8", 
"10", "11", "13", "14", "16", "17", "18", "19", "20", "21", "22", 
"23", "24", "25", "26", "27", "28", "29", "30"), c("x1", "x2", 
"x3", "x4", "x5", "x6")), assign = 1:6), qraux = c(1.19245008972988, 
1.03222112111721, 1.14615610164515, 1.14089505019577, 1.08134501227493, 
1.03221637623215), pivot = 1:6, tol = 1e-07, rank = 6L), .Names = c("qr", 
"qraux", "pivot", "tol", "rank"), class = "qr"), df.residual = 21L, 
    xlevels = structure(list(), .Names = character(0)), call = quote(lm(formula = y ~ 
        . + 0, data = structure(list(y = c(43, 63, 71, 61, 81, 
        43, 58, 71, 67, 64, 69, 68, 81, 74, 65, 65, 50, 50, 64, 
        53, 40, 63, 66, 78, 48, 85, 82), x1 = c(1, 1, 1, 1, 1, 
        1, 1, 1, 1, 1, 1, 1, 1, 1, 1, 1, 1, 1, 1, 1, 1, 1, 1, 
        1, 1, 1, 1), x2 = c(30, 51, 68, 45, 56, 49, 42, 50, 45, 
        53, 57, 83, 50, 64, 65, 46, 68, 33, 52, 52, 42, 42, 66, 
        58, 44, 71, 39), x3 = c(39, 54, 69, 47, 66, 44, 56, 55, 
        47, 58, 42, 45, 72, 69, 75, 57, 54, 34, 62, 50, 58, 48, 
        63, 74, 45, 71, 59), x4 = c(61, 63, 76, 54, 71, 54, 66, 
        70, 62, 58, 55, 59, 60, 79, 55, 75, 64, 43, 66, 63, 50, 
        66, 88, 80, 51, 77, 64), x5 = c(92, 73, 86, 84, 83, 49, 
        68, 66, 80, 67, 63, 77, 54, 79, 80, 85, 78, 64, 80, 80, 
        57, 75, 76, 78, 83, 74, 78), x6 = c(45, 47, 48, 35, 47, 
        34, 35, 41, 41, 34, 25, 35, 36, 63, 60, 46, 52, 33, 41, 
        37, 49, 33, 72, 49, 38, 55, 39)), .Names = c("y", "x1", 
        "x2", "x3", "x4", "x5", "x6"), row.names = c("1", "2", 
        "3", "4", "5", "6", "7", "8", "10", "11", "13", "14", 
        "16", "17", "18", "19", "20", "21", "22", "23", "24", 
        "25", "26", "27", "28", "29", "30"), class = "data.frame"))), 
    terms = y ~ x1 + x2 + x3 + x4 + x5 + x6 + 0, model = structure(list(
        y = c(43, 63, 71, 61, 81, 43, 58, 71, 67, 64, 69, 68, 
        81, 74, 65, 65, 50, 50, 64, 53, 40, 63, 66, 78, 48, 85, 
        82), x1 = c(1, 1, 1, 1, 1, 1, 1, 1, 1, 1, 1, 1, 1, 1, 
        1, 1, 1, 1, 1, 1, 1, 1, 1, 1, 1, 1, 1), x2 = c(30, 51, 
        68, 45, 56, 49, 42, 50, 45, 53, 57, 83, 50, 64, 65, 46, 
        68, 33, 52, 52, 42, 42, 66, 58, 44, 71, 39), x3 = c(39, 
        54, 69, 47, 66, 44, 56, 55, 47, 58, 42, 45, 72, 69, 75, 
        57, 54, 34, 62, 50, 58, 48, 63, 74, 45, 71, 59),