
expected <- structure(list(coefficients = structure(c(19.5664058363545, 0.744114512919422, 
-0.0805961039270576, -0.133140953310049, 0.163323053227239, 0.0174805328123053, 
-0.0892596140301883), .Names = c("x1", "x2", "x3", "x4", "x5", 
"x6", "x7")), residuals = structure(c(-12.4629840329258, -1.59136080647096, 
4.78084557096998, -0.594638554475398, 8.5074325177228, -10.5985104212209, 
-1.68283948656667, -3.60764169560498, 4.99421728118544, 8.75777256478536, 
5.63184118158697, -7.30679697987615, 3.26683016657363, -1.84728118441903, 
-4.46280015110297, 10.8522669780112, -4.3213938905466, -6.83013521630162, 
4.52337270958123, 0.70682921597544, 0.95057929139262, 4.68126409875128, 
-5.63141166112953, 3.23531789135065, -8.43531904630134, 4.8042301350102, 
3.68031352404509), .Names = c("1", "2", "3", "4", "5", "6", "8", 
"9", "10", "12", "13", "14", "15", "16", "17", "18", "19", "20", 
"21", "22", "24", "25", "26", "27", "28", "29", "30")), effects = structure(c(-339.4819582835, 
54.8283956586102, 5.80475161533608, 7.2451003475302, -4.40036547917382, 
0.771228766579755, -3.53523547248191, -2.69803652921834, 6.84897648159783, 
11.1818737777425, 10.3659464040986, -2.37388732662453, 3.7402349858687, 
8.05438560489779, -2.07074023107353, 13.7021578636775, -4.57031092443076, 
-6.16039642972238, 9.27486113887823, 1.65664336316536, 4.05408324076411, 
4.6639877919729, -6.33649891367081, 3.75268272503208, -5.46750553991364, 
8.05901679911782, 9.00695461284069), .Names = c("x1", "x2", "x3", 
"x4", "x5", "x6", "x7", "", "", "", "", "", "", "", "", "", "", 
"", "", "", "", "", "", "", "", "", "")), rank = 7L, fitted.values = structure(c(55.4629840329258, 
64.591360806471, 66.21915442903, 61.5946385544754, 72.4925674822772, 
53.5985104212209, 72.6828394865667, 75.607641695605, 62.0057827188146, 
58.2422274352146, 63.368158818413, 75.3067969798762, 73.7331698334264, 
82.847281184419, 78.462800151103, 54.1477330219888, 69.3213938905466, 
56.8301352163016, 45.4766272904188, 63.2931707840246, 39.0494207086074, 
58.3187359012487, 71.6314116611295, 74.7646821086494, 56.4353190463013, 
80.1957698649898, 78.3196864759549), .Names = c("1", "2", "3", 
"4", "5", "6", "8", "9", "10", "12", "13", "14", "15", "16", 
"17", "18", "19", "20", "21", "22", "24", "25", "26", "27", "28", 
"29", "30")), assign = 1:7, qr = structure(list(qr = structure(c(-5.19615242270663, 
0.192450089729875, 0.192450089729875, 0.192450089729875, 0.192450089729875, 
0.192450089729875, 0.192450089729875, 0.192450089729875, 0.192450089729875, 
0.192450089729875, 0.192450089729875, 0.192450089729875, 0.192450089729875, 
0.192450089729875, 0.192450089729875, 0.192450089729875, 0.192450089729875, 
0.192450089729875, 0.192450089729875, 0.192450089729875, 0.192450089729875, 
0.192450089729875, 0.192450089729875, 0.192450089729875, 0.192450089729875, 
0.192450089729875, 0.192450089729875, -348.719562590534, 70.3467601717852, 
-0.0780287364412797, 0.0214783337195374, -0.191751102339356, 
0.135200699617614, -0.149105215127578, -0.248612285288395, 0.0499089251940565, 
0.0641242209313161, 0.035693629456797, -0.262827581025654, -0.177535806602097, 
-0.362334651186471, -0.291258172500173, 0.0641242209313161, -0.0780287364412797, 
0.0925548124058353, 0.348430135676508, 0.0499089251940565, 0.391076022888286, 
0.149415995354874, -0.177535806602097, -0.149105215127578, 0.106770108143095, 
-0.291258172500173, -0.248612285288395, -278.475279839129, 37.4320326308127, 
-53.0034098114856, -0.075706467318834, -0.012820834695724, 0.0769060743699957, 
-0.0970914619501152, 0.250473687390347, -0.0564200426149869, 
-0.0090434088263427, 0.160337273653413, 0.448364292940387, -0.040911043780521, 
-0.241739647228969, 0.0706103645876936, 0.330557384104143, -0.124342243063939, 
0.406443940963071, -0.0803131118449159, 0.0756469324135353, 0.118416921676098, 
-0.0455176883066029, 0.185489484839803, 0.0538422237967673, -0.0367139039256529, 
0.202677339616216, -0.372127766315544, -306.572992939691, -2.20337083927526, 
-8.74427986429465, -51.5430182139106, 0.208355530358053, 0.274099850805675, 
-0.0260246406335997, 0.109649952177972, -0.0514873405492307, 
0.26621906156059, -0.358034409609113, -0.28777153593029, 0.143162986526244, 
-0.0864585865219794, -0.0745558745906946, 0.214048136345551, 
0.0962528057570646, -0.133871886896401, -0.0911896114300024, 
-0.269022276127565, 0.300298252875723, -0.0320508210387823, 0.108382369716218, 
-0.307895315148462, 0.129850719981055, -0.408498428657709, 0.020984585798467, 
-337.172557206741, 36.836569687152, -5.16778260521913, -3.25894935745918, 
-41.1145603452229, -0.113531711715148, 0.024914909569627, -0.117917100301974, 
-0.0002394428618297, -0.0356214655199698, -0.276241357612541, 
-0.52114258537906, 0.222572635438559, -0.38346063728087, 0.0632951518170998, 
-0.228285970199967, 0.233306307661315, -0.0436684734748883, -0.186076167388566, 
0.0370090012364363, 0.0167024086198982, 0.187985188391175, 0.377889608558273, 
0.195649979639598, -0.199558266314656, -0.0589345271750407, -0.134763574390623, 
-390.288781972187, 8.70923785502774, -2.19264660625914, -4.15219311110688, 
-18.0629920851922, 47.7335914509859, 0.279505601194789, -0.0229132462676902, 
-0.0787050154154345, 0.102605323170741, 0.144062058179273, -0.101369049876924, 
0.17691533534061, 0.399197692608178, 0.0772348023584232, -0.0568862849994977, 
-0.0369420879202815, -0.0127773998159241, 0.0889081951537162, 
-0.089658767040135, 0.41313827391401, 0.0762255390672359, 0.284674635291602, 
0.0580575303075157, -0.193674006712506, 0.0853614952401453, -0.037147550063964, 
-227.476006060713, 10.7846710326676, -14.0153888247995, -11.0627620797672, 
-29.4684309686526, 0.707821176629939, 39.6062150939424, 0.382720277418796, 
0.0522528710856516, 0.0389495845853735, 0.271923066989216, 0.0260474198514205, 
0.126663077178995, -0.159739231793792, -0.366839759926644, -0.454913118059487, 
0.110910417853058, -0.123411732509563, 0.022305737572488, 0.111014470053896, 
-0.18056330435571, 0.363391221912321, -0.350771205596913, 0.039207852300104, 
0.000115780138596934, -0.23841146719183, -0.0491865484255575), .Dim = c(27L, 
7L), .Dimnames = list(c("1", "2", "3", "4", "5", "6", "8", "9", 
"10", "12", "13", "14", "15", "16", "17", "18", "19", "20", "21", 
"22", "24", "25", "26", "27", "28", "29", "30"), c("x1", "x2", 
"x3", "x4", "x5", "x6", "x7")), assign = 1:7), qraux = c(1.19245008972988, 
1.00726303798228, 1.29072539273999, 1.12282673563125, 1.01511554889786, 
1.59092235776835, 1.05227760854186), pivot = 1:7, tol = 1e-07, 
    rank = 7L), .Names = c("qr", "qraux", "pivot", "tol", "rank"
), class = "qr"), df.residual = 20L, xlevels = structure(list(), .Names = character(0)), 
    call = quote(lm(formula = y ~ . + 0, data = structure(list(y = c(43, 
        63, 71, 61, 81, 43, 71, 72, 67, 67, 69, 68, 77, 81, 74, 
        65, 65, 50, 50, 64, 40, 63, 66, 78, 48, 85, 82), x1 = c(1, 
        1, 1, 1, 1, 1, 1, 1, 1, 1, 1, 1, 1, 1, 1, 1, 1, 1, 1, 
        1, 1, 1, 1, 1, 1, 1, 1), x2 = c(51, 64, 70, 63, 78, 55, 
        75, 82, 61, 60, 62, 83, 77, 90, 85, 60, 70, 58, 40, 61, 
        37, 54, 77, 75, 57, 85, 82), x3 = c(30, 51, 68, 45, 56, 
        49, 50, 72, 45, 47, 57, 83, 54, 50, 64, 65, 46, 68, 33, 
        52, 42, 42, 66, 58, 44, 71, 39), x4 = c(54, 44, 72, 63, 
        71, 72, 57, 71, 54, 71, 42, 54, 67, 54, 59, 74, 62, 57, 
        48, 45, 71, 54, 69, 45, 63, 44, 56), x5 = c(61, 63, 76, 
        54, 71, 54, 70, 71, 62, 59, 55, 59, 79, 60, 79, 55, 75, 
        64, 43, 66, 50, 66, 88, 80, 51, 77, 64), x6 = c(92, 73, 
        86, 84, 83, 49, 66, 83, 80, 74, 63, 77, 77, 54, 79, 80, 
        85, 78, 64, 80, 57, 75, 76, 78, 83, 74, 78), x7 = c(45, 
        47, 48, 35, 47, 34, 41, 31, 41, 41, 25, 35, 46, 36, 63, 
        60, 46, 52, 33, 41, 49, 33, 72, 49, 38, 55, 39)), .Names = c("y", 
        "x1", "x2", "x3", "x4", "x5", "x6", "x7"),