
expected <- structure(list(coefficients = structure(c(-0.764676731845376, 
0.315052757062653, -0.150794890748197, 0.229774836113912, 0.374358736014931, 
0.237024487042167, -0.122277357175991), .Names = c("x1", "x2", 
"x3", "x4", "x5", "x6", "x7")), residuals = structure(c(5.40686763227173, 
10.5963450797987, -1.41712628671322, -23.8383770996151, -15.1644488779967, 
6.23281764976353, 10.6937932835771, 8.9483326210382, 7.70796429255373, 
6.01233112022604, 2.57832987633472, 6.36908927124168, 16.7209281784957, 
7.77986265457743, 3.94779871312881, 7.31185430601256, 3.33784713451652, 
-16.0207956341469, -12.8717215354902, -10.9051645457931, -12.2164642823004, 
-17.6593535859645, -5.10603849586335, 3.13755337802115, -0.987542363722543, 
-5.280436145048, 22.9384366515929), .Names = c("2", "3", "4", 
"6", "7", "8", "9", "10", "11", "12", "13", "14", "15", "16", 
"17", "18", "19", "20", "21", "22", "23", "24", "25", "26", "27", 
"28", "29")), effects = structure(c(-212.992255306821, -252.741549938693, 
13.4102968880044, -31.7188852037276, -24.8487129719643, 8.95104333183871, 
5.29937617508812, 10.4891600677163, 6.56958047391737, 9.99692685331357, 
2.52161495790266, 8.25540613283994, 15.2104464816056, 8.92758782361548, 
2.71680803565049, -7.2857234723602, -11.1940626314707, -17.2669682575772, 
-15.1832114703711, -16.8488934922266, -23.845110917822, -15.8066578969961, 
-8.34369641966797, 4.40049727763529, -2.96777739130989, -11.5565253609852, 
25.3892799830412), .Names = c("x1", "x2", "x3", "x4", "x5", "x6", 
"x7", "", "", "", "", "", "", "", "", "", "", "", "", "", "", 
"", "", "", "", "", "")), rank = 7L, fitted.values = structure(c(57.5931323677283, 
60.4036549202013, 62.4171262867132, 66.8383770996151, 73.1644488779967, 
64.7671823502365, 61.3062067164229, 58.0516673789618, 56.2920357074463, 
60.987668879774, 66.4216701236653, 61.6309107287583, 60.2790718215043, 
73.2201373454226, 70.0522012868712, 57.6881456939874, 61.6621528654835, 
66.0207956341469, 62.8717215354902, 74.9051645457931, 65.2164642823004, 
57.6593535859645, 68.1060384958634, 62.8624466219788, 78.9875423637225, 
53.280436145048, 62.0615633484071), .Names = c("2", "3", "4", 
"6", "7", "8", "9", "10", "11", "12", "13", "14", "15", "16", 
"17", "18", "19", "20", "21", "22", "23", "24", "25", "26", "27", 
"28", "29")), assign = 1:7, qr = structure(list(qr = structure(c(-7.02529266336013, 
-0.0115050095983932, 0.274139512716153, -0.00696495765504317, 
0.0155916630054566, 0.0535376284442539, -0.296271687857119, 0.309576918449238, 
0.221061952461698, 0.16516123783736, 0.376467002404444, 0.0413645907613282, 
-0.0873958372255781, 0.271164190866948, 0.163837358943967, 0.124933198382329, 
0.204904110453072, 0.154889615892405, 0.289598040354849, 0.00548712234159744, 
0.174454467746545, 0.179257232630884, -0.140111963973338, 0.154588374936735, 
0.25097742357227, 0.0747391798426737, 0.160928113917552, -221.056304841116, 
-283.236844513548, -0.0127593108356566, 0.252669814443917, 0.234770705951885, 
0.148170033234164, 0.415158551817775, -0.0655938666069323, 0.0399505873793498, 
0.0843088700717266, -0.0621825975779169, 0.239033695244194, 0.334146321195889, 
0.0496221036577095, 0.141849218987102, 0.148006113247481, 0.102200740585165, 
0.113643282559576, -0.010903490759529, 0.295748063257277, 0.179322324201055, 
0.0801846577124879, 0.400691871477385, 0.0785761818902817, 0.0727019165493732, 
0.177244181476588, 0.119443461597506, -153.189195848506, -208.954320635063, 
48.3545464587095, -0.0411457452961789, 0.165970185672269, 0.116196539195987, 
-0.284511900376618, -0.358904033795169, -0.067594156851691, -0.213126820174468, 
0.0645614825882703, -0.0404501151913807, -0.00973135930909487, 
0.1399627510535, 0.333484252692639, -0.0600127759282861, -0.0057123494921906, 
0.0821954589194363, -0.279361890108229, -0.460428162486925, 0.360277339246425, 
0.0647865122902386, -0.196550275309374, -0.127613291582397, 0.0658348723098202, 
-0.0843512072035767, 0.167968504959045, -210.512029897527, -219.159299888617, 
33.9895402779286, -72.3574301122495, 0.064814589875548, 0.348907070855943, 
0.613346709744006, 0.0624171292459751, -0.280192912409257, 0.172702880679304, 
-0.0232744076402174, 0.0872531468292735, -0.150727826139903, 
0.0711252782739984, -0.0744915613404056, -0.165042122285867, 
-0.0201917939954455, 0.165744113871524, 0.0425037612656647, 0.0429142059716954, 
-0.319044875567826, -0.163828924937047, -0.223878701385855, -0.129973182838046, 
0.0493715118154883, -0.11263509660847, -0.0558159532132675, -209.111962408472, 
-250.262222817973, 20.720572524626, -18.9868551113908, -57.5079491471935, 
0.305820146685393, 0.279954428186905, -0.0504049697013705, 0.0582915929972133, 
-0.202547457446787, -0.0722289259630415, -0.424362470146546, 
0.0502093804277745, 0.00366800378628822, 0.150450183588933, 0.0172640342168578, 
-0.0942655635861452, 0.0112148606722398, -0.0798623944167142, 
-0.0298376253630716, -0.179374359760981, -0.00954262366347216, 
0.24234739683462, 0.436386613265642, 0.278158409127039, -0.136686588081814, 
-0.0853317437291897, -258.633959190793, -300.558823203468, 22.0042816449797, 
-37.6639076347364, -17.040524124971, 53.6351669742803, -0.0707014247805588, 
-0.146147565478446, -0.414142918363562, -0.124629350929402, 0.042408462424387, 
-0.0576784549366466, -0.154941620947344, 0.191265391372426, 0.015511149343065, 
-0.150601179547918, 0.538571734074661, -0.0203935188166256, 0.0932076812259952, 
0.296219685207146, -0.0540111318691303, -0.381103362326348, -0.086414809911548, 
-0.114927680139996, 0.352913506826187, 0.0108179977164173, -0.106415051788469, 
-131.960291730924, -165.760021810865, 0.658392688890246, -7.70539150685178, 
-5.87935238252014, 30.7645233307323, -43.3389819462721, -0.0186494916152845, 
0.0304983440198683, -0.156667747824765, -0.162037598934378, -0.349157640057118, 
-0.0662483937681084, -0.211126349394467, -0.00261206934162076, 
0.662436688401955, 0.202432751238138, 0.20498392535948, -0.0476996682920526, 
-0.0685972518986377, 0.137853104441326, -0.0650895890348801, 
-0.0301540384163139, 0.0512381912093471, -0.0348559814851006, 
0.0196058892988882, -0.246003144002865), .Dim = c(27L, 7L), .Dimnames = list(
    c("2", "3", "4", "6", "7", "8", "9", "10", "11", "12", "13", 
    "14", "15", "16", "17", "18", "19", "20", "21", "22", "23", 
    "24", "25", "26", "27", "28", "29"), c("x1", "x2", "x3", 
    "x4", "x5", "x6", "x7")), assign = 1:7), qraux = c(1.2104634577714, 
1.29863980154042, 1.17833487778834, 1.26740830039068, 1.41148341719613, 
1.07891915531525, 1.39918385591856), pivot = 1:7, tol = 1e-07, 
    rank = 7L), .Names = c("qr", "qraux", "pivot", "tol", "rank"
), class = "qr"), df.residual = 20L, xlevels = structure(list(), .Names = character(0)), 
    call = quote(lm(formula = y ~ . + 0, data = structure(list(y = c(63, 
        71, 61, 43, 58, 71, 72, 67, 64, 67, 69, 68, 77, 81, 74, 
        65, 65, 50, 50, 64, 53, 40, 63, 66, 78, 48, 85), x1 = c(1.47856738578683, 
        -0.08082605952348, 1.92591030742191, -0.0489308659145888, 
        0.109535995721818, 0.376117508323118, -2.08139531506394, 
        2.17486845392707, 1.55302491277723, 1.16030603245028, 
        2.64479086998912, 0.290598355998453, -0.61398133406907, 
        1.90500780066356, 1.15100539577335, 0.877692282005491, 
        1.4395113438583, 1.08814488215958, 2.03451098822839, 
        0.038548640329384, 1.2255936923502, 1.25933452125599, 
        -0.98432755255087, 1.08602857628381, 1.7631898524913, 
        0.525064611814289, 1.13056709803336), x2 = c(51, 82, 
        58, 70, 70, 54, 51, 51, 61, 61, 67, 77, 75, 75, 77, 70, 
        75, 67, 62, 85, 90, 63, 82, 57, 77, 67, 70), x3 = c(42, 
        52, 33, 52, 42, 33, 50, 54, 47, 54, 45, 57, 54, 47, 39, 
        53, 54, 44, 58, 83, 47, 42, 68, 47, 52, 52, 42), x4 = c(62, 
        48, 72, 71, 54, 66, 69, 67, 39, 71, 69, 66, 39, 74, 55, 
        48, 66, 69, 71, 74, 47, 44, 39, 44, 74, 47, 54),