
expected <- structure(list(coefficients = structure(c(-4.20292494172351, 
0.307890243618003, -0.0101867280478986, 0.574906640204671, 0.527466876646263, 
0.0397774933066264, -0.460959875161609), .Names = c("x1", "x2", 
"x3", "x4", "x5", "x6", "x7")), residuals = structure(c(-6.6307198175531, 
3.42712853291324, -8.24697703822055, 3.86059536394471, 2.57230669762824, 
-8.67167322011734, -10.0372872088902, -4.36248250061971, 8.25783933135277, 
-2.5080548239295, 13.4669705243925, 5.93727737844962, 3.57291726411122, 
-1.95017068135548, 7.72045616993224, 4.94106965448963, 5.27781568011838, 
-12.1317154682959, 4.65634573447686, 2.600825652101, -15.6167944989607, 
-11.7014080789979, 6.05885979972767, -1.55149203765929, -4.99472033496359, 
7.81035203467832, 8.24273589124677), .Names = c("1", "2", "3", 
"4", "5", "6", "7", "9", "10", "11", "12", "13", "14", "15", 
"16", "17", "18", "20", "21", "22", "23", "24", "25", "27", "28", 
"29", "30")), effects = structure(c(-334.285805860793, 20.242299766056, 
-23.6415047239405, 34.2486302736532, 17.4685559400837, -3.20738757315198, 
-16.9033683338925, 0.351578190753884, 8.93461038114256, 0.10898399293867, 
14.1430998115429, 10.2050594408958, 6.79524592494382, 2.85032383048471, 
11.7006858860374, 6.8353942847104, 1.40617558194027, -11.3199906871124, 
3.18887048513283, 3.25422526939033, -12.7928529162052, -13.5076508633148, 
8.13134534072543, 3.0725007708118, -6.95890336922974, 12.0391835887279, 
11.0098669755449), .Names = c("x1", "x2", "x3", "x4", "x5", "x6", 
"x7", "", "", "", "", "", "", "", "", "", "", "", "", "", "", 
"", "", "", "", "", "")), rank = 7L, fitted.values = structure(c(49.6307198175531, 
59.5728714670868, 79.2469770382205, 57.1394046360553, 78.4276933023718, 
51.6716732201173, 68.0372872088901, 76.3624825006197, 58.7421606686472, 
66.5080548239295, 53.5330294756075, 63.0627226215504, 64.4270827358888, 
78.9501706813555, 73.2795438300678, 69.0589303455104, 59.7221843198816, 
62.1317154682959, 45.3436542655231, 61.399174347899, 68.6167944989607, 
51.7014080789979, 56.9411402002723, 79.5514920376593, 52.9947203349636, 
77.1896479653217, 73.7572641087532), .Names = c("1", "2", "3", 
"4", "5", "6", "7", "9", "10", "11", "12", "13", "14", "15", 
"16", "17", "18", "20", "21", "22", "23", "24", "25", "27", "28", 
"29", "30")), assign = 1:7, qr = structure(list(qr = structure(c(-5.19615242270663, 
0.192450089729875, 0.192450089729875, 0.192450089729875, 0.192450089729875, 
0.192450089729875, 0.192450089729875, 0.192450089729875, 0.192450089729875, 
0.192450089729875, 0.192450089729875, 0.192450089729875, 0.192450089729875, 
0.192450089729875, 0.192450089729875, 0.192450089729875, 0.192450089729875, 
0.192450089729875, 0.192450089729875, 0.192450089729875, 0.192450089729875, 
0.192450089729875, 0.192450089729875, 0.192450089729875, 0.192450089729875, 
0.192450089729875, 0.192450089729875, -333.708455591604, 63.6291337884358, 
-0.195312215748282, 0.00899671046191014, -0.352472928217661, 
0.150441351684351, 0.00899671046191014, 0.150441351684351, -0.00671936078502774, 
-0.0538675745258414, -0.0695836457727792, -0.226744358242158, 
-0.321040785723785, 0.024712781708848, -0.00671936078502774, 
0.0404288529557859, 0.119009209190475, -0.195312215748282, -0.0538675745258414, 
0.401898491635357, -0.305324714476847, 0.119009209190475, 0.401898491635357, 
0.00899671046191014, 0.00899671046191014, -0.195312215748282, 
-0.321040785723785, -275.588528493181, 19.9087698095932, -60.9803562438889, 
-0.0682029940880639, 0.00674060291848427, 0.0386519542765932, 
-0.117399164540096, 0.41582259440884, -0.0727874445801322, 0.0446489918157489, 
-0.0583277995803837, 0.059814930339041, 0.45867503797091, 0.0839699677601008, 
0.00920617283992146, 0.252541653092276, 0.291862629036628, 0.249369789647295, 
-0.283325477864466, 0.161199332601717, -0.0451009395413538, -0.0853080110956183, 
-0.00278790223838981, 0.144980411204075, -0.0846017175720746, 
0.298565960099328, -0.262868795325562, -291.754336030491, -1.39698411083892, 
-32.7427422522199, 53.6038121088991, -0.24345251750888, 0.208655111694621, 
-0.133987512810097, 0.0541140270819069, 0.0658058004222719, -0.0556552774623708, 
0.223266023716548, 0.247523680835905, 0.478416048123294, -0.285325372961634, 
-0.340897879933735, -0.106083254392244, -0.186510232932819, 0.162784996565825, 
0.153349832854116, -0.0287119944970117, 0.019030356586859, -0.143901486039122, 
0.113101339900904, -0.278805133519483, 0.0950941970640576, -0.118547990887451, 
-0.307952735785484, -328.319853079167, 3.20433230423679, -22.400992462441, 
25.6374627869861, 35.024596601555, 0.0891758678188322, -0.0687249525619989, 
0.039582603549549, -0.091004197693624, 0.226561588166879, -0.12519606351292, 
0.07571144154613, 0.087924892024434, -0.148795764674011, 0.384813492624197, 
-0.170975921091388, 0.608886018745265, 0.0412395431987933, 0.211096944542647, 
0.0293845681561047, -0.0315343119275932, 0.413056976454939, -0.224881001993994, 
-0.132894777131087, 0.186852282502171, -0.0463011890303922, 0.0510447102797085, 
-387.979380895428, 4.4790803053773, -7.49684624252601, 2.3155672748685, 
22.5844753599431, 45.4347307348198, 0.191359689138911, -0.0564976850713844, 
-0.0283735382288037, 0.152395079379583, 0.150013712904829, 0.371561724151654, 
0.201304215301407, 0.0583817048945134, 0.325237904911337, 0.0818062814180828, 
-0.276361375611717, 0.0886262131254092, 0.163885610806271, -0.10748171078229, 
0.00648457664760866, 0.220113412729206, 0.081173283869192, 0.0488951937855031, 
-0.212273461482696, 0.195881253220248, -0.0697862473957615, -217.276151305029, 
0.457512296299749, -14.4813302608673, 22.0921118733594, 4.13075531125149, 
10.878750062761, 36.6699342930147, 0.486163953866542, -0.0270522254784903, 
0.215865687220697, -0.181393913459082, 0.193937929346167, -0.0326336610775696, 
0.150755222898517, 0.293770837032859, -0.366461952893555, -0.206393445080717, 
-0.316226088301714, -0.0587045583182966, 0.198935410823071, 0.0789763766094224, 
-0.209343961241134, 0.223965642069527, 0.0907917099725216, 0.041654353000914, 
-0.188434546859787, 0.167941820702179), .Dim = c(27L, 7L), .Dimnames = list(
    c("1", "2", "3", "4", "5", "6", "7", "9", "10", "11", "12", 
    "13", "14", "15", "16", "17", "18", "20", "21", "22", "23", 
    "24", "25", "27", "28", "29", "30"), c("x1", "x2", "x3", 
    "x4", "x5", "x6", "x7")), assign = 1:7), qraux = c(1.19245008972988, 
1.02471278170885, 1.2493697896473, 1.06971962985236, 1.01341838470384, 
1.5922682834863, 1.20464510482482), pivot = 1:7, tol = 1e-07, 
    rank = 7L), .Names = c("qr", "qraux", "pivot", "tol", "rank"
), class = "qr"), df.residual = 20L, xlevels = structure(list(), .Names = character(0)), 
    call = quote(lm(formula = y ~ . + 0, data = structure(list(y = c(43, 
        63, 71, 61, 81, 43, 58, 72, 67, 64, 67, 69, 68, 77, 81, 
        74, 65, 50, 50, 64, 53, 40, 63, 78, 48, 85, 82), x1 = c(1, 
        1, 1, 1, 1, 1, 1, 1, 1, 1, 1, 1, 1, 1, 1, 1, 1, 1, 1, 
        1, 1, 1, 1, 1, 1, 1, 1), x2 = c(54, 61, 75, 62, 85, 53, 
        62, 53, 63, 66, 67, 77, 83, 61, 63, 60, 55, 75, 66, 37, 
        82, 55, 37, 62, 62, 75, 83), x3 = c(30, 51, 68, 45, 56, 
        49, 42, 72, 45, 53, 47, 57, 83, 54, 50, 64, 65, 68, 33, 
        52, 52, 42, 42, 58, 44, 71, 39), x4 = c(39, 54, 69, 47, 
        66, 44, 56, 67, 47, 58, 39, 42, 45, 72, 72, 69, 75, 54, 
        34, 62, 50, 58, 48, 74, 45, 71, 59), x5 = c(61, 63, 76, 
        54, 71, 54, 66, 71, 62, 58, 59, 55, 59, 79, 60, 79, 55, 
        64, 43, 66, 63, 50, 66, 80, 51, 77, 64), x6 = c(92, 73, 
        86, 84, 83, 49, 68, 83, 80, 67, 74, 63, 77, 77, 54, 79, 
        80, 78, 64, 80, 80, 57, 75, 78, 83, 74, 78), x7 = c(45, 
        47, 48, 35, 47, 34, 35, 31, 41, 34, 41, 25, 35, 46, 36, 
        63, 60, 52, 33, 41, 37, 49, 33, 49, 38, 55, 39)), .Names = c("y", 
        "x1", "x2", "x3", "x4", "x5", "x6", "x7"),