
expected <- structure(list(coefficients = structure(c(29.2738647289749, 0.507435538715487, 
-0.106669031574677, 0.459597574013175, 0.0834193577082669, -0.222004795226133, 
-0.170493002009043), .Names = c("x1", "x2", "x3", "x4", "x5", 
"x6", "x7")), residuals = structure(c(-6.75532854967107, -0.495814754213854, 
-1.37236657726671, 7.63696944975822, -10.5698392880478, -9.19546874275687, 
5.29935407896915, -5.7615729869713, 4.44407408396946, 6.21368842479507, 
9.09188635106449, 8.92473583261208, 0.0344442077462856, -0.996395153786678, 
-4.36170030224621, -0.491967439309216, 1.81158539981873, -2.18203841344046, 
-5.426729585327, 7.67808496040337, -12.1585757050124, 5.29297825817951, 
-1.56591600455447, 2.06404052636618, -9.30948055891792, 5.58633860941323, 
6.56501387842611), .Names = c("1", "2", "4", "5", "6", "7", "8", 
"9", "10", "11", "12", "13", "14", "15", "16", "17", "18", "19", 
"20", "21", "23", "25", "26", "27", "28", "29", "30")), effects = structure(c(-339.4819582835, 
47.9679701362602, -3.77147328366682, -12.3774262568539, -2.46364215164805, 
8.60930749563892, 6.55015134002447, 0.388605287820063, 2.74403260114732, 
10.3254183845089, 8.6880345693567, 15.1645554049004, 7.09050302703289, 
-2.40601892900423, -2.45400429962863, -2.71241724938256, -2.11497887120573, 
-1.92014786112031, -5.00744586993054, 11.7116703167989, -10.9218914200826, 
8.24111659884394, -6.71103433337479, 0.760136100096015, -8.38774125347688, 
2.8768069992387, 8.57456763983849), .Names = c("x1", "x2", "x3", 
"x4", "x5", "x6", "x7", "", "", "", "", "", "", "", "", "", "", 
"", "", "", "", "", "", "", "", "", "")), rank = 7L, fitted.values = structure(c(49.7553285496711, 
63.4958147542139, 62.3723665772667, 73.3630305502418, 53.5698392880478, 
67.1954687427569, 65.7006459210308, 77.7615729869713, 62.5559259160305, 
57.7863115752049, 57.9081136489355, 60.0752641673879, 67.9655557922537, 
77.9963951537867, 85.3617003022462, 74.4919674393092, 63.1884146001813, 
67.1820384134405, 55.426729585327, 42.3219150395966, 65.1585757050124, 
57.7070217418205, 67.5659160045545, 75.9359594736338, 57.3094805589179, 
79.4136613905868, 75.4349861215739), .Names = c("1", "2", "4", 
"5", "6", "7", "8", "9", "10", "11", "12", "13", "14", "15", 
"16", "17", "18", "19", "20", "21", "23", "25", "26", "27", "28", 
"29", "30")), assign = 1:7, qr = structure(list(qr = structure(c(-5.19615242270663, 
0.192450089729875, 0.192450089729875, 0.192450089729875, 0.192450089729875, 
0.192450089729875, 0.192450089729875, 0.192450089729875, 0.192450089729875, 
0.192450089729875, 0.192450089729875, 0.192450089729875, 0.192450089729875, 
0.192450089729875, 0.192450089729875, 0.192450089729875, 0.192450089729875, 
0.192450089729875, 0.192450089729875, 0.192450089729875, 0.192450089729875, 
0.192450089729875, 0.192450089729875, 0.192450089729875, 0.192450089729875, 
0.192450089729875, 0.192450089729875, -352.183664205672, 64.6889995800419, 
0.0319993232125807, -0.199879359366827, 0.155667953921598, -0.0298349921419281, 
-0.153503622850946, -0.261713674721336, 0.0629164808898351, 0.186585111598853, 
0.0783750597284623, 0.0474579020512079, -0.277172253559963, -0.1844207805282, 
-0.385382305430354, -0.308089411237218, 0.0783750597284623, -0.0762107286578097, 
0.109292217405717, 0.387546636501006, -0.0143764133033009, 0.171126532760225, 
-0.1844207805282, -0.153503622850946, 0.124750796244344, -0.308089411237218, 
-0.261713674721336, -275.588528493181, 34.8470719420076, 52.7318171508579, 
-0.00302588873069625, -0.0902646576236263, 0.157257799394405, 
0.0820635886736593, -0.268189587627373, 0.0429785122827351, -0.185249401711592, 
-0.00451385976124781, -0.17502347479897, -0.467227691914387, 
0.0253372704040889, 0.225532685492643, -0.0877847059060403, -0.345863750065704, 
0.110096087579433, -0.421884611358978, 0.069688370272463, -0.0419456350071147, 
0.0329179154846191, -0.202229323132215, -0.0696474736838769, 
0.0236839692590316, -0.220531885468885, 0.357618544597464, -289.060034774273, 
42.7395352490623, 7.58598380241519, -43.6128567367463, -0.082562417843346, 
0.083462585487816, -0.0755820515145921, 0.00542536610869037, 
-0.065835650466478, 0.242456890713533, -0.247261274047552, -0.252524263626296, 
-0.566053919392197, 0.270177073640488, 0.134034117241475, 0.0552691144573855, 
0.488135826620449, 0.0503456045159889, 0.0156421294048419, -0.0516331758695666, 
-0.0921261415763596, 0.0561839639606067, 0.00378419612822483, 
0.320048159909756, -0.0586438059743317, 0.0661086535406638, -0.0129195773925251, 
-336.210306758092, 34.3214802614943, 2.22433458214142, -15.0478369131155, 
37.1521272902704, -0.0374601498146478, -0.0653487120640131, 0.138130185142434, 
-0.0383945646106891, 0.129786979720916, -0.0243578643669359, 
0.158865371339088, 0.325217087068073, -0.137242779638185, 0.456474543060338, 
-0.0669189733086741, 0.446674051791264, -0.234794352486996, 0.0259014783272711, 
0.166045712013644, 0.0218094808812521, -0.200514755944425, -0.411294858343322, 
-0.148102529415978, 0.207769606822958, 0.0285686891143607, 0.142034990875549, 
-383.360578741911, 3.90586758655982, -1.62872874865806, -22.6125596000859, 
6.79691344733845, -36.8948807241354, 0.488604090385363, -0.103919026749111, 
-0.407935184511329, 0.0930781932606731, -0.299684471979447, -0.151600595581945, 
-0.117147176703716, -0.238959688312647, -0.19153164137142, 0.10476888832492, 
-0.12600705875817, 0.0581433781416938, 0.0227692169193362, 0.26033836993659, 
-0.270584673444463, 0.00547791518681556, 0.037498422276515, -0.146259502239885, 
-0.15092917958202, -0.363829980754758, 0.0725425429021758, -221.317603189357, 
16.3019301952679, 12.7879695700635, -22.8872802742183, 23.7775235457291, 
-2.45445297257677, -38.4188867744674, -0.447893146063765, -0.0603202010182052, 
-0.299968304725541, 0.0507341440991482, -0.304809239550077, 0.0109135885578206, 
-0.25485393599297, 0.03085043497511, 0.316337207617257, 0.315890765245506, 
-0.0784041098143515, 0.0713043581481237, 0.0835795549996356, 
-0.152798314385663, -0.364171116439947, 0.305800764530717, -0.2371096548955, 
0.0811516264955419, 0.0345808454121004, 0.112302838598262), .Dim = c(27L, 
7L), .Dimnames = list(c("1", "2", "4", "5", "6", "7", "8", "9", 
"10", "11", "12", "13", "14", "15", "16", "17", "18", "19", "20", 
"21", "23", "25", "26", "27", "28", "29", "30"), c("x1", "x2", 
"x3", "x4", "x5", "x6", "x7")), assign = 1:7), qraux = c(1.19245008972988, 
1.01654074437395, 1.06210772519193, 1.1105858676205, 1.1217415644853, 
1.01006640710098, 1.00992847320556), pivot = 1:7, tol = 1e-07, 
    rank = 7L), .Names = c("qr", "qraux", "pivot", "tol", "rank"
), class = "qr"), df.residual = 20L, xlevels = structure(list(), .Names = character(0)), 
    call = quote(lm(formula = y ~ . + 0, data = structure(list(y = c(43, 
        63, 61, 81, 43, 58, 71, 72, 67, 64, 67, 69, 68, 77, 81, 
        74, 65, 65, 50, 50, 53, 63, 66, 78, 48, 85, 82), x1 = c(1, 
        1, 1, 1, 1, 1, 1, 1, 1, 1, 1, 1, 1, 1, 1, 1, 1, 1, 1, 
        1, 1, 1, 1, 1, 1, 1, 1), x2 = c(51, 64, 63, 78, 55, 67, 
        75, 82, 61, 53, 60, 62, 83, 77, 90, 85, 60, 70, 58, 40, 
        66, 54, 77, 75, 57, 85, 82), x3 = c(30, 51, 45, 56, 49, 
        42, 50, 72, 45, 53, 47, 57, 83, 54, 50, 64, 65, 46, 68, 
        33, 52, 42, 66, 58, 44, 71, 39), x4 = c(39, 54, 47, 66, 
        44, 56, 55, 67, 47, 58, 39, 42, 45, 72, 72, 69, 75, 57, 
        54, 34, 50, 48, 63, 74, 45, 71, 59), x5 = c(61, 63, 54, 
        71, 54, 66, 70, 71, 62, 58, 59, 55, 59, 79, 60, 79, 55, 
        75, 64, 43, 63, 66, 88, 80, 51, 77, 64), x6 = c(79, 67, 
        64, 80, 78, 76, 92, 76, 57, 83, 57, 64, 64, 74, 73, 84, 
        83, 78, 78, 78, 63, 74, 80, 79, 66, 68, 77), x7 = c(45, 
        47, 35, 47, 34, 35, 41, 31, 41, 34, 41, 25, 35, 46, 36, 
        63, 60, 46, 52, 33, 37, 33, 72, 49, 38, 55, 39)), .Names = c("y", 
        "x1", "x2", "x3", "x4", "x5", "x6", "x7"),