
expected <- structure(list(coefficients = structure(c(7.79942410990604, 0.578236553765251, 
0.0110488816310497, 0.268075690127764, 0.138565789851784, 0.0265165349339864, 
-0.188315223293147), .Names = c("x1", "x2", "x3", "x4", "x5", 
"x6", "x7")), residuals = structure(c(-7.49375606254212, 1.41666207438693, 
-0.329967403081244, 0.556007122289937, 6.66445708219982, -11.4950875104294, 
-8.40814522319858, -7.9296083956793, 7.54159158646265, 6.16403606950082, 
11.1375500444476, 8.98765357426236, -3.96873689584952, 0.264470648442939, 
-1.83788206461596, -3.14369582603505, 3.37158733917274, -7.57607753065013, 
8.0183557710147, 0.29765952407054, -10.9683027643539, -4.41890569759696, 
5.27143180366771, 2.49458447180153, -7.5528002984358, 6.19019861684459, 
6.74671994390306), .Names = c("1", "2", "3", "4", "5", "6", "7", 
"9", "10", "11", "12", "13", "14", "15", "16", "17", "18", "20", 
"21", "22", "23", "24", "25", "27", "28", "29", "30")), effects = structure(c(-334.285805860793, 
-54.1626149974308, -3.62239732608738, 10.5390598421657, 2.88280324603813, 
-0.461329937694398, -6.35136385285812, -6.56412323751093, 7.58784265082603, 
9.86905890455161, 13.2913789080123, 12.6830477242425, -4.86729162485525, 
2.57593821952759, -3.21553434858143, -2.59619606681573, -2.00366557700774, 
-6.9585013357759, 9.79072919479291, 2.64120225926411, -10.4925602678717, 
-2.08280166313062, 8.65182145844616, 5.95058788663408, -9.90315258600783, 
7.41127715823696, 5.42236694125859), .Names = c("x1", "x2", "x3", 
"x4", "x5", "x6", "x7", "", "", "", "", "", "", "", "", "", "", 
"", "", "", "", "", "", "", "", "", "")), rank = 7L, fitted.values = structure(c(50.4937560625421, 
61.5833379256131, 71.3299674030812, 60.4439928777101, 74.3355429178002, 
54.4950875104294, 66.4081452231986, 79.9296083956793, 59.4584084135373, 
57.8359639304992, 55.8624499555524, 60.0123464257376, 71.9687368958495, 
76.7355293515571, 82.837882064616, 77.1436958260351, 61.6284126608273, 
57.5760775306501, 41.9816442289853, 63.7023404759295, 63.9683027643539, 
44.418905697597, 57.7285681963323, 75.5054155281985, 55.5528002984358, 
78.8098013831554, 75.2532800560969), .Names = c("1", "2", "3", 
"4", "5", "6", "7", "9", "10", "11", "12", "13", "14", "15", 
"16", "17", "18", "20", "21", "22", "23", "24", "25", "27", "28", 
"29", "30")), assign = 1:7, qr = structure(list(qr = structure(c(-5.19615242270663, 
0.192450089729875, 0.192450089729875, 0.192450089729875, 0.192450089729875, 
0.192450089729875, 0.192450089729875, 0.192450089729875, 0.192450089729875, 
0.192450089729875, 0.192450089729875, 0.192450089729875, 0.192450089729875, 
0.192450089729875, 0.192450089729875, 0.192450089729875, 0.192450089729875, 
0.192450089729875, 0.192450089729875, 0.192450089729875, 0.192450089729875, 
0.192450089729875, 0.192450089729875, 0.192450089729875, 0.192450089729875, 
0.192450089729875, 0.192450089729875, -341.791359360259, -70.2329457353646, 
0.0940757185871527, -0.00559260554061164, 0.207982374733169, 
-0.119499261686628, 0.0513607225323965, 0.264935702806177, -0.0340692695771157, 
-0.147975925723132, -0.0483076015953678, -0.0198309375588637, 
0.279174034824429, 0.193744042714917, 0.378842358952194, 0.307650698860933, 
-0.0483076015953678, -0.0767842656318719, -0.333074241960409, 
-0.0340692695771157, 0.0371223905141445, -0.375789238015165, 
-0.13373759370488, 0.165267378678413, -0.0910225976501239, 0.307650698860933, 
0.264935702806177, -275.588528493181, -11.479259680493, -61.2632806838711, 
-0.0699427522794678, -0.00961923138307663, 0.267872506925882, 
-0.0756204684923963, -0.0152969475960052, 0.373616871979312, 
-0.153686409780994, -0.0656844651197714, -0.0358773405482863, 
-0.114654324683085, 0.334583015788623, 0.234515481401732, -0.0685242087726255, 
0.0648994655920258, 0.116707297715414, -0.0372958840551286, -0.116072868189927, 
0.252258787340329, -0.0820065709123561, 0.563105780080658, 0.0272850384545691, 
0.118126726768646, -0.0195552347557016, 0.0989639917768173, -291.754336030491, 
-37.5876144912945, -4.90299998601121, 50.1052815120164, -0.0970448199918057, 
0.164309806994981, -0.0324857146001835, -0.075375452822427, 0.195640537981829, 
-0.242751919094849, 0.233952025060708, 0.20310995295541, 0.34945230030596, 
-0.14090857888009, -0.0261651740019802, -0.0963981733226434, 
-0.451662370642841, -0.0410312726131906, 0.125605189213814, -0.227001860496791, 
0.159037145092822, -0.396934015277955, 0.148034723847396, -0.279710950324115, 
0.128183674565869, -0.123986849063343, 0.113051998293592, -328.319853079167, 
-33.1911339714365, -6.24852545592531, 16.466271935647, 31.3726077642935, 
0.144145628777459, -0.0533211861171929, 0.0657777946159881, -0.00184050173251323, 
0.108476238964385, -0.117837669810757, 0.0727821129141111, 0.127651841025938, 
-0.083178555505939, 0.598614037911389, -0.150058001216882, 0.539826181117853, 
-0.0443391695989745, 0.178741200533675, -0.0229244049472689, 
0.0200337712350874, 0.258897513050111, -0.127857256394498, -0.166743592262808, 
0.237183059421709, -0.0480773118582271, 0.201236074112087, -387.979380895428, 
-10.5506040255248, 5.35034667426833, -0.139824656161589, 22.8930386844406, 
44.6312421294765, 0.232199588618145, -0.125260107638324, -0.0172567907692907, 
0.131321209207654, 0.147111009228169, 0.319335182227966, 0.0413269790132042, 
0.0644152462357149, 0.347678051222433, 0.0499469845027658, -0.335896100168383, 
-0.00551891932033789, 0.202010505605739, -0.0889510102213092, 
-0.0266234807697115, 0.247041840100903, 0.132613653631733, 0.0384229545358615, 
-0.206863974656461, 0.120100470060885, -0.0354787286928318, -217.276151305029, 
-8.12850554553101, 4.81730716167784, 27.4587593030754, 10.9997001428183, 
8.73426906229158, 33.72729905628, 0.503023240572033, -0.155072282280273, 
0.359785592134082, -0.178697405053945, 0.240988052045462, -0.0534132607727504, 
0.11148208175679, 0.0887109191507721, -0.362536669169593, -0.256185837165246, 
-0.26195970865277, -0.0600069694845724, 0.261125535696213, 0.0191984721487323, 
-0.0984740241277859, 0.107487315738024, 0.176690137588233, -0.0757424220019301, 
-0.146743920775178, 0.0279002987449364), .Dim = c(27L, 7L), .Dimnames = list(
    c("1", "2", "3", "4", "5", "6", "7", "9", "10", "11", "12", 
    "13", "14", "15", "16", "17", "18", "20", "21", "22", "23", 
    "24", "25", "27", "28", "29", "30"), c("x1", "x2", "x3", 
    "x4", "x5", "x6", "x7")), assign = 1:7), qraux = c(1.19245008972988, 
1.00864572647764, 1.34451901916125, 1.10550872529001, 1.02309375967818, 
1.59928932326479, 1.24890484142157), pivot = 1:7, tol = 1e-07, 
    rank = 7L), .Names = c("qr", "qraux", "pivot", "tol", "rank"
), class = "qr"), df.residual = 20L, xlevels = structure(list(), .Names = character(0)), 
    call = quote(lm(formula = y ~ . + 0, data = structure(list(y = c(43, 
        63, 71, 61, 81, 43, 58, 72, 67, 64, 67, 69, 68, 77, 81, 
        74, 65, 50, 50, 64, 53, 40, 63, 78, 48, 85, 82), x1 = c(1, 
        1, 1, 1, 1, 1, 1, 1, 1, 1, 1, 1, 1, 1, 1, 1, 1, 1, 1, 
        1, 1, 1, 1, 1, 1, 1, 1), x2 = c(51, 64, 70, 63, 78, 55, 
        67, 82, 61, 53, 60, 62, 83, 77, 90, 85, 60, 58, 40, 61, 
        66, 37, 54, 75, 57, 85, 82), x3 = c(30, 44, 71, 45, 50, 
        65, 45, 50, 72, 39, 45, 47, 44, 71, 66, 47, 53, 56, 45, 
        42, 65, 42, 83, 52, 56, 50, 57), x4 = c(39, 54, 69, 47, 
        66, 44, 56, 67, 47, 58, 39, 42, 45, 72, 72, 69, 75, 54, 
        34, 62, 50, 58, 48, 74, 45, 71, 59), x5 = c(61, 63, 76, 
        54, 71, 54, 66, 71, 62, 58, 59, 55, 59, 79, 60, 79, 55, 
        64, 43, 66, 63, 50, 66, 80, 51, 77, 64), x6 = c(92, 73, 
        86, 84, 83, 49, 68, 83, 80, 67, 74, 63, 77, 77, 54, 79, 
        80, 78, 64, 80, 80, 57, 75, 78, 83, 74, 78), x7 = c(45, 
        47, 48, 35, 47, 34, 35, 31, 41, 34, 41, 25, 35, 46, 36, 
        63, 60, 52, 33, 41, 37, 49, 33, 49, 38, 55, 39)), .Names = c("y", 
        "x1", "x2", "x3", "x4", "x5", "x6", "x7"),