
expected <- structure(list(coefficients = structure(c(8.49299675823658, 0.0372439588369211, 
0.602401230267019, 0.578880944100764, 0.047918193738067, -0.500562632922406
), .Names = c("x1", "x2", "x3", "x4", "x5", "x6")), residuals = structure(c(-7.29885643629844, 
-5.68018088042783, 4.75316016839744, 9.11154698521189, -10.4120378282393, 
-9.73659925689507, 4.35153871128409, -9.09575971320437, 9.31716118807802, 
-1.17268215101348, 16.086035107271, 10.7400136088641, -3.2724735020165, 
7.97173239799717, 3.57601897262012, 3.26790419809413, -4.00632515081733, 
-8.31199501561922, -5.29508875418877, -9.33188169037187, -12.1443296197845, 
-1.25394203677021, -1.44517178284262, -2.75136303696984, -3.71854448742404, 
10.5033605937402, 15.2487594113251), .Names = c("1", "3", "4", 
"5", "6", "7", "8", "9", "10", "11", "12", "13", "15", "16", 
"17", "18", "19", "20", "22", "23", "24", "25", "26", "27", "28", 
"29", "30")), effects = structure(c(-338.327257745121, -26.2270763408779, 
29.6575331028931, 16.6069631568581, -1.2381169572659, -21.1237864486419, 
9.41944227924266, -5.70606957770604, 9.87051029851676, -0.0824211431661412, 
16.6488453481978, 13.0626509571533, 2.18014584249193, 10.7974346390102, 
6.43488001811847, -3.02850547874379, -0.336128952261564, -8.97874260814, 
-4.04778401959162, -8.15848644169059, -14.4417240360347, 2.58483103437763, 
4.29306959909818, 2.3717022694855, -7.25513142460076, 14.1071280933642, 
16.6919737224617), .Names = c("x1", "x2", "x3", "x4", "x5", "x6", 
"", "", "", "", "", "", "", "", "", "", "", "", "", "", "", "", 
"", "", "", "", "")), rank = 6L, fitted.values = structure(c(50.2988564362984, 
76.6801808804278, 56.2468398316026, 71.8884530147881, 53.4120378282393, 
67.7365992568951, 66.6484612887159, 81.0957597132044, 57.682838811922, 
65.1726821510135, 50.913964892729, 58.2599863911359, 80.2724735020165, 
73.0282676020028, 70.4239810273799, 61.7320958019059, 69.0063251508173, 
58.3119950156192, 69.2950887541888, 62.3318816903719, 52.1443296197845, 
64.2539420367702, 67.4451717828426, 80.7513630369698, 51.718544487424, 
74.4966394062598, 66.7512405886749), .Names = c("1", "3", "4", 
"5", "6", "7", "8", "9", "10", "11", "12", "13", "15", "16", 
"17", "18", "19", "20", "22", "23", "24", "25", "26", "27", "28", 
"29", "30")), assign = 1:6, qr = structure(list(qr = structure(c(-5.19615242270663, 
0.192450089729875, 0.192450089729875, 0.192450089729875, 0.192450089729875, 
0.192450089729875, 0.192450089729875, 0.192450089729875, 0.192450089729875, 
0.192450089729875, 0.192450089729875, 0.192450089729875, 0.192450089729875, 
0.192450089729875, 0.192450089729875, 0.192450089729875, 0.192450089729875, 
0.192450089729875, 0.192450089729875, 0.192450089729875, 0.192450089729875, 
0.192450089729875, 0.192450089729875, 0.192450089729875, 0.192450089729875, 
0.192450089729875, 0.192450089729875, -274.626278044532, -55.1126791891613, 
-0.0755503202567514, 0.124040774965549, -0.00297174017591473, 
-0.129984255317379, 0.0151729048442944, 0.414355095288896, -0.0755503202567514, 
0.0696068399049219, -0.0392610302163331, 0.142185419985759, 0.0877514849251311, 
0.0151729048442944, 0.269197935127223, 0.287342580147432, -0.0574056752365422, 
0.341776515208059, 0.0514621948847128, 0.0514621948847128, -0.129984255317379, 
-0.129984255317379, 0.305487225167641, 0.160330065005968, -0.0936949652769605, 
0.396210450268687, -0.184418190378006, -299.837239799146, -35.3605530249394, 
45.4011114335329, -0.148072146421142, 0.232925659467061, -0.134956879782891, 
0.0054368175225339, 0.0666375706775181, 0.10766407955419, -0.0162529331891456, 
0.313463170787038, 0.39534524927655, -0.309819452645863, -0.369003355046544, 
-0.0957820191319706, -0.213141398556181, -0.0977988698862738, 
0.293790270829661, -0.119152478805569, 0.145158231243191, -0.179008664791018, 
0.0412502602496159, 0.0659652870927503, -0.294687335253309, 0.136919888962147, 
-0.0362619749389057, -0.245422484095592, -341.406459180799, -25.0543946534607, 
17.3936794506514, 40.882353813672, 0.130448139010646, -0.0329867097165738, 
-0.116828192904777, 0.0859331997960314, -0.0402487934095851, 
0.225129031561879, -0.0625260153437853, 0.107193294295525, -0.106065491242185, 
0.34528525214455, -0.110955835682708, 0.556211803083557, -0.226938486851926, 
0.0774282555676234, 0.0772748401667466, -0.00287972553375775, 
0.383969498255587, -0.135343949115546, -0.401168921358979, -0.0915391643914565, 
0.199877277166425, -0.0130001293337986, 0.0442700312231154, -390.481232061917, 
-4.22031002692274, 0.175165066347417, 19.1134079695379, 48.2518739913135, 
0.172454078696862, 0.28333093160673, -0.043875077089677, -0.0335554524633217, 
0.171351745671791, 0.12977691989989, 0.353451644518514, 0.0268542017511474, 
0.351713861849437, 0.0480793761959753, -0.176826348002885, -0.105274314344389, 
0.0766347400137386, -0.0715579929671311, -0.0154679373385625, 
0.274301127161293, 0.078929912404735, 0.221278311752345, 0.0176574615277546, 
-0.165026630399885, 0.155001476104921, -0.0812799384531054, -225.743955253144, 
-23.6384403179947, 15.5213652488639, 15.9319371391771, 7.09253821580564, 
42.2000865812059, 0.0775543500349792, 0.442916381380059, -0.00368338393792352, 
0.151934168600884, -0.0994849723230019, 0.225469915719557, 0.179880573941245, 
0.171719719537071, -0.238079847020904, -0.351682111240313, 0.075753795525344, 
-0.214271031606787, 0.124512629061758, 0.117181608982548, -0.305286095029659, 
0.215352028610241, -0.413655178146496, 0.132440673646646, -0.0386217823529092, 
-0.0715392431267617, 0.132055509580275), .Dim = c(27L, 6L), .Dimnames = list(
    c("1", "3", "4", "5", "6", "7", "8", "9", "10", "11", "12", 
    "13", "15", "16", "17", "18", "19", "20", "22", "23", "24", 
    "25", "26", "27", "28", "29", "30"), c("x1", "x2", "x3", 
    "x4", "x5", "x6")), assign = 1:6), qraux = c(1.19245008972988, 
1.34177651520806, 1.10766407955419, 1.01954875233661, 1.58895646399575, 
1.19649646870646), pivot = 1:6, tol = 1e-07, rank = 6L), .Names = c("qr", 
"qraux", "pivot", "tol", "rank"), class = "qr"), df.residual = 21L, 
    xlevels = structure(list(), .Names = character(0)), call = quote(lm(formula = y ~ 
        . + 0, data = structure(list(y = c(43, 71, 61, 81, 43, 
        58, 71, 72, 67, 64, 67, 69, 77, 81, 74, 65, 65, 50, 64, 
        53, 40, 63, 66, 78, 48, 85, 82), x1 = c(1, 1, 1, 1, 1, 
        1, 1, 1, 1, 1, 1, 1, 1, 1, 1, 1, 1, 1, 1, 1, 1, 1, 1, 
        1, 1, 1, 1), x2 = c(30, 68, 45, 56, 49, 42, 50, 72, 45, 
        53, 47, 57, 54, 50, 64, 65, 46, 68, 52, 52, 42, 42, 66, 
        58, 44, 71, 39), x3 = c(39, 69, 47, 66, 44, 56, 55, 67, 
        47, 58, 39, 42, 72, 72, 69, 75, 57, 54, 62, 50, 58, 48, 
        63, 74, 45, 71, 59), x4 = c(61, 76, 54, 71, 54, 66, 70, 
        71, 62, 58, 59, 55, 79, 60, 79, 55, 75, 64, 66, 63, 50, 
        66, 88, 80, 51, 77, 64), x5 = c(92, 86, 84, 83, 49, 68, 
        66, 83, 80, 67, 74, 63, 77, 54, 79, 80, 85, 78, 80, 80, 
        57, 75, 76, 78, 83, 74, 78), x6 = c(45, 48, 35, 47, 34, 
        35, 41, 31, 41, 34, 41, 25, 46, 36, 63, 60, 46, 52, 41, 
        37, 49, 33, 72, 49, 38, 55, 39)), .Names = c("y", "x1", 
        "x2", "x3", "x4", "x5", "x6"), row.names = c("1", "3", 
        "4", "5", "6", "7", "8", "9", "10", "11", "12", "13", 
        "15", "16", "17", "18", "19", "20", "22", "23", "24", 
        "25", "26", "27", "28", "29", "30"), class = "data.frame"))), 
    terms = y ~ x1 + x2 + x3 + x4 + x5 + x6 + 0, model = structure(list(
        y = c(43, 71, 61, 81, 43, 58, 71, 72, 67, 64, 67, 69, 
        77, 81, 74, 65, 65, 50, 64, 53, 40, 63, 66, 78, 48, 85, 
        82), x1 = c(1, 1, 1, 1, 1, 1, 1, 1, 1, 1, 1, 1, 1, 1, 
        1, 1, 1, 1, 1, 1, 1, 1, 1, 1, 1, 1, 1), x2 = c(30, 68, 
        45, 56, 49, 42, 50, 72, 45, 53, 47, 57, 54, 50, 64, 65, 
        46, 68, 52, 52, 42, 42, 66, 58, 44, 71, 39), x3 = c(39, 
        69, 47, 66, 44, 56, 55, 67, 47, 58, 39, 42, 72, 72, 69, 
        75, 57, 54, 62, 50, 58, 48, 63, 74, 45, 71, 59),