
expected <- structure(list(coefficients = structure(c(28.3668442099918, 0.606222733371277, 
0.0443955024912123, -0.0225152119879216, 0.211662773673253, -0.17694783162483, 
-0.110922549567178), .Names = c("x1", "x2", "x3", "x4", "x5", 
"x6", "x7")), residuals = structure(c(-7.92838513343709, 0.0326527111558039, 
2.91746246772054, 9.42224827035207, -9.62001264428182, -2.24739393178173, 
-4.87049009986194, 6.45215198410247, 6.12191508352556, 6.7455219516534, 
3.80931179796118, -8.02059165604987, 2.44080264843841, -2.17227646680725, 
-3.72593129749186, 7.75963252513865, -1.9552384547399, 3.22125931994224, 
2.06958025209176, -11.5450831721344, -6.8455105340867, 3.87239879600164, 
-7.8395656476352, 5.56175123144648, -7.10189098358403, 5.90720393359757, 
7.53847704876399), .Names = c("1", "2", "3", "5", "7", "8", "9", 
"10", "11", "12", "13", "14", "15", "16", "17", "18", "19", "21", 
"22", "23", "24", "25", "26", "27", "28", "29", "30")), effects = structure(c(-343.523410167827, 
49.3571362451374, -0.900494662017867, 2.73175403572901, -2.2870696126481, 
-7.32079489397166, -4.64453468446145, 8.26742591586746, 6.01657814476731, 
6.79286463205844, 6.05221802074288, -11.796979697151, 7.59294038669345, 
-2.74901163501596, -1.29741558784101, 4.58797996286609, -0.725236465827661, 
3.35298105480789, 5.63965974980939, -10.0670244203158, -3.8366395803155, 
10.4075315528153, -6.3838262632728, 6.28234892198283, -9.75368241250561, 
6.69683263008678, 10.7367567062309), .Names = c("x1", "x2", "x3", 
"x4", "x5", "x6", "x7", "", "", "", "", "", "", "", "", "", "", 
"", "", "", "", "", "", "", "", "", "")), rank = 7L, fitted.values = structure(c(50.9283851334371, 
62.9673472888442, 68.0825375322795, 71.5777517296479, 67.6200126442818, 
73.2473939317817, 76.8704900998619, 60.5478480158975, 57.8780849164744, 
60.2544780483466, 65.1906882020388, 76.0205916560499, 74.5591973515616, 
83.1722764668072, 77.7259312974919, 57.2403674748614, 66.9552384547399, 
46.7787406800578, 61.9304197479082, 64.5450831721344, 46.8455105340867, 
59.1276012039984, 73.8395656476352, 72.4382487685535, 55.101890983584, 
79.0927960664024, 74.461522951236), .Names = c("1", "2", "3", 
"5", "7", "8", "9", "10", "11", "12", "13", "14", "15", "16", 
"17", "18", "19", "21", "22", "23", "24", "25", "26", "27", "28", 
"29", "30")), assign = 1:7, qr = structure(list(qr = structure(c(-5.19615242270663, 
0.192450089729875, 0.192450089729875, 0.192450089729875, 0.192450089729875, 
0.192450089729875, 0.192450089729875, 0.192450089729875, 0.192450089729875, 
0.192450089729875, 0.192450089729875, 0.192450089729875, 0.192450089729875, 
0.192450089729875, 0.192450089729875, 0.192450089729875, 0.192450089729875, 
0.192450089729875, 0.192450089729875, 0.192450089729875, 0.192450089729875, 
0.192450089729875, 0.192450089729875, 0.192450089729875, 0.192450089729875, 
0.192450089729875, 0.192450089729875, -350.644063487833, 69.9910047130397, 
-0.0739876890014511, -0.188288091357435, -0.0311250381179571, 
-0.145425440473941, -0.245438292535427, 0.0546002636490308, 0.168900666005015, 
0.0688878139435288, 0.0403127133545328, -0.259725842829925, -0.174000541062937, 
-0.359738694891411, -0.288300943418921, 0.0688878139435288, -0.0739876890014511, 
0.354638819833489, 0.0546002636490308, -0.0168374878234591, 0.397501470716983, 
0.154613115710517, -0.174000541062937, -0.145425440473941, 0.111750464827023, 
-0.288300943418921, -0.245438292535427, -275.588528493181, 38.4409186516115, 
-50.5891167760729, -0.00316766421737167, -0.167031203886066, 
-0.0909859330561284, 0.272060140307717, -0.0461612801759294, 
0.194067007807626, 0.00363435324785844, 0.18078245036209, 0.479236773419893, 
-0.0324404204969572, -0.244907511637645, 0.0831390451846672, 
0.359442106913039, -0.118747129898996, -0.0678762392719259, 0.092208401804974, 
0.0409012089444684, 0.140811953276968, -0.0336325024487515, 0.204764748613163, 
0.0671508463506184, -0.0248826233133682, 0.221508727165571, -0.380254074745113, 
-290.792085581841, -7.05117065459946, -4.96333066419305, -64.5492781065796, 
0.03456616658353, 0.148535467221496, 0.0930030475616119, -0.0545976123825054, 
0.160539636872619, 0.0751651657745293, -0.208169464882473, 0.0960522434771394, 
-0.202055474555463, 0.0565952728975635, -0.246407870500344, -0.0948748614611418, 
0.278937031481103, -0.0263114745143223, -0.221422549802115, -0.0351807208960257, 
-0.432219125810804, -0.325726268373787, 0.0873775479325942, 0.320834762180449, 
0.231886693354776, -0.0569158873492252, -0.222684523511303, -340.05930855269, 
35.7220507474215, -2.99208838484361, -0.658039835800678, -40.0651487921497, 
0.0171713674008372, -0.129635779298313, -0.00754534253000594, 
-0.0542528446458093, -0.0800825604614613, -0.245098011884299, 
-0.487633259168692, 0.202539094165312, -0.396791336513529, 0.0716680975007301, 
-0.257728728524989, 0.214060991504315, -0.199825978448078, 0.0620130889995149, 
-0.0676116339624254, -0.0312084458855481, 0.181897839482795, 
0.375380684090317, 0.232232385709925, -0.233893533907719, -0.00845881510173993, 
-0.161826368599274, -391.058582331106, 6.68128185253085, -3.59575616558608, 
-9.48923379040674, -17.0776025053956, 40.4218521387699, -0.0027636535620021, 
-0.0890605640435501, 0.288548440993756, 0.0811865484259993, 0.30276613600084, 
0.125865486094527, 0.0588081966494323, 0.584545140097971, 0.0309614099722086, 
-0.0665114697701609, -0.0744258925485132, 0.187583406523206, 
-0.0857150594111726, -0.0578634222057212, 0.330636989128382, 
-0.0172396892903594, 0.229049280507767, 0.169594133878829, -0.152688761763184, 
0.210552784447421, -0.0884842464057961, -224.589254714764, 11.8745418003161, 
-11.0954592247823, 2.35663038479022, -28.590996042051, 1.51669618498047, 
41.8718709819107, 0.0402633018913243, 0.195275610499807, 0.000322462017076822, 
0.338158999948182, 0.130677200509466, 0.0639755019089577, -0.0609977955728569, 
-0.350830941675602, -0.432564648083445, 0.0337804251039849, 0.0478488213118235, 
0.113468653167113, 0.14097980876868, -0.210445225199184, 0.305676730257164, 
-0.421730708548051, 0.0161675656818044, -0.00354490860333082, 
-0.177761397699109, -0.0192981982898316), .Dim = c(27L, 7L), .Dimnames = list(
    c("1", "2", "3", "5", "7", "8", "9", "10", "11", "12", "13", 
    "14", "15", "16", "17", "18", "19", "21", "22", "23", "24", 
    "25", "26", "27", "28", "29", "30"), c("x1", "x2", "x3", 
    "x4", "x5", "x6", "x7")), assign = 1:7), qraux = c(1.19245008972988, 
1.01173761276554, 1.31612901346956, 1.35852095573474, 1.03953186884883, 
1.35556194717169, 1.3560916052711), pivot = 1:7, tol = 1e-07, 
    rank = 7L), .Names = c("qr", "qraux", "pivot", "tol", "rank"
), class = "qr"), df.residual = 20L, xlevels = structure(list(), .Names = character(0)), 
    call = quote(lm(formula = y ~ . + 0, data = structure(list(y = c(43, 
        63, 71, 81, 58, 71, 72, 67, 64, 67, 69, 68, 77, 81, 74, 
        65, 65, 50, 64, 53, 40, 63, 66, 78, 48, 85, 82), x1 = c(1, 
        1, 1, 1, 1, 1, 1, 1, 1, 1, 1, 1, 1, 1, 1, 1, 1, 1, 1, 
        1, 1, 1, 1, 1, 1, 1, 1), x2 = c(51, 64, 70, 78, 67, 75, 
        82, 61, 53, 60, 62, 83, 77, 90, 85, 60, 70, 40, 61, 66, 
        37, 54, 77, 75, 57, 85, 82), x3 = c(30, 51, 68, 56, 42, 
        50, 72, 45, 53, 47, 57, 83, 54, 50, 64, 65, 46, 33, 52, 
        52, 42, 42, 66, 58, 44, 71, 39), x4 = c(59, 74, 57, 75, 
        57, 62, 58, 54, 72, 63, 45, 59, 39, 50, 34, 54, 72, 63, 
        44, 54, 39, 39, 59, 74, 74, 47, 34), x5 = c(61, 63, 76, 
        71, 66, 70, 71, 62, 58, 59, 55, 59, 79, 60, 79, 55, 75, 
        43, 66, 63, 50, 66, 88, 80, 51, 77, 64), x6 = c(92, 73, 
        86, 83, 68, 66, 83, 80, 67, 74, 63, 77, 77, 54, 79, 80, 
        85, 64, 80, 80, 57, 75, 76, 78, 83, 74, 78), x7 = c(45, 
        47, 48, 47, 35, 41, 31, 41, 34, 41, 25, 35, 46, 36, 63, 
        60, 46, 33, 41, 37, 49, 33, 72, 49, 38, 55, 39)), .Names = c("y", 
        "x1", "x2", "x3", "x4", "x5", "x6", "x7"),