
expected <- structure(list(coefficients = structure(c(21.7807164291219, 0.62576199183171, 
-0.152444781431398, 0.397663164299242, 0.0913372645216004, -0.20472273298532, 
-0.106662624582466), .Names = c("x1", "x2", "x3", "x4", "x5", 
"x6", "x7")), residuals = structure(c(-6.22875710103404, 0.446707875022391, 
1.87580979356149, -0.130640984890752, 7.60700333758089, -8.56232079440174, 
-8.30936615364032, 4.85194974462994, -4.38008421640356, 5.59710149919743, 
9.38996262163809, 9.98307016185066, 0.485660878858647, -0.523800357912832, 
-4.80442633035024, -1.95196703759968, -2.21383721202574, -3.51323296842433, 
10.2596715083191, 2.04254130530455, -10.9472358477786, -3.94410061989012, 
-2.93596524568124, 2.7944406970301, -7.72974235345056, 5.37362990843997, 
5.46792789205049), .Names = c("1", "2", "3", "4", "5", "6", "7", 
"8", "9", "10", "11", "12", "14", "15", "16", "17", "19", "20", 
"21", "22", "23", "24", "26", "27", "28", "29", "30")), effects = structure(c(-335.248056309443, 
55.507881731414, 5.01730832808559, 12.937982009321, -1.27807960301797, 
7.65820429460412, -3.41976632049328, 10.5078498550262, -2.90027089422611, 
4.61061992544631, 10.6331879857877, 9.72396722160986, -0.458570666982754, 
0.217628785253784, -9.52362707137393, -2.24746963218858, 1.62420044670897, 
-3.86118867057526, 11.8175203022925, 3.11635304924321, -10.8164225073458, 
-7.23594730424733, -0.796168678553561, 3.81126653326244, -9.76850238106017, 
2.31563385321044, 5.75762861442107), .Names = c("x1", "x2", "x3", 
"x4", "x5", "x6", "x7", "", "", "", "", "", "", "", "", "", "", 
"", "", "", "", "", "", "", "", "", "")), rank = 7L, fitted.values = structure(c(49.228757101034, 
62.5532921249776, 69.1241902064385, 61.1306409848908, 73.3929966624191, 
51.5623207944017, 66.3093661536403, 66.1480502553701, 76.3800842164036, 
61.4028985008026, 54.6100373783619, 57.0169298381493, 67.5143391211413, 
77.5238003579128, 85.8044263303502, 75.9519670375997, 67.2138372120257, 
53.5132329684243, 39.7403284916809, 61.9574586946954, 63.9472358477786, 
43.9441006198901, 68.9359652456812, 75.2055593029699, 55.7297423534506, 
79.62637009156, 76.5320721079495), .Names = c("1", "2", "3", 
"4", "5", "6", "7", "8", "9", "10", "11", "12", "14", "15", "16", 
"17", "19", "20", "21", "22", "23", "24", "26", "27", "28", "29", 
"30")), assign = 1:7, qr = structure(list(qr = structure(c(-5.19615242270663, 
0.192450089729875, 0.192450089729875, 0.192450089729875, 0.192450089729875, 
0.192450089729875, 0.192450089729875, 0.192450089729875, 0.192450089729875, 
0.192450089729875, 0.192450089729875, 0.192450089729875, 0.192450089729875, 
0.192450089729875, 0.192450089729875, 0.192450089729875, 0.192450089729875, 
0.192450089729875, 0.192450089729875, 0.192450089729875, 0.192450089729875, 
0.192450089729875, 0.192450089729875, 0.192450089729875, 0.192450089729875, 
0.192450089729875, 0.192450089729875, -350.644063487833, 69.9767157041593, 
-0.0740027970375246, 0.0260304773103873, -0.188326539149424, 
0.140354219422287, -0.0311313937455624, -0.145455135857462, -0.245488410205373, 
0.0546114128383621, 0.168935154950261, 0.0689018806023495, -0.259778877969361, 
-0.174036071385436, -0.359812152317273, -0.288359813497336, -0.0740027970375246, 
0.0974828161303243, 0.354711235882098, 0.0546114128383621, -0.0168409259815749, 
0.39758263917406, -0.174036071385436, -0.145455135857462, 0.111773283894312, 
-0.288359813497336, -0.245488410205373, -275.203628313722, 37.1192253786653, 
-51.7989002803227, -0.0646111375218958, 0.00305168115368953, 
0.0897822602435688, -0.161113265566024, -0.0838415133947335, 
0.273352707176091, -0.045318217241926, 0.186296897169124, 0.00293910122085157, 
0.476065967811465, -0.0259127170291181, -0.228538415494507, 0.0899698934649654, 
-0.112830929340394, 0.427646033890144, -0.074407704238998, 0.0898197868878481, 
0.0415874861879235, 0.128280538633523, 0.205752432907637, 0.0706019198964369, 
-0.0260378058433825, 0.22510789759474, -0.363726455149987, -293.67883692779, 
37.9020254461815, -7.52187192325024, 43.33126643185, -0.121492937648673, 
0.135014367433991, -0.0835009050119497, 0.064907370321727, -6.93956314350381e-05, 
0.0915809510779477, -0.178492309224744, 0.280997970441483, 0.591510443853834, 
-0.282447065505078, -0.194720363674145, -0.0742433357923988, 
-0.0527603812070296, 0.0603482267727822, 0.123980681013588, -0.206851483211803, 
0.114317693405659, -0.395054295483173, 0.00709158923035469, -0.31901745600949, 
0.0955309830565158, -0.0726614600816332, -0.0404954151910349, 
-339.28950819377, 36.8715239374229, -8.58423415944909, 19.7034837366774, 
33.3796944967433, 0.0891282688594576, -0.00534326791010281, -0.0787541470762473, 
0.195243614382479, -0.0724219506765863, 0.215632463139881, -0.125555909291352, 
0.195615399430647, -0.0260201866444669, 0.607944339783501, -0.0104391317533713, 
-0.230835737455126, 0.0282513371371344, 0.118579321337855, 0.0901938159779225, 
-0.00439100325568319, 0.338586271621436, -0.427458024109425, 
-0.0225831698730062, 0.196518979383285, 0.101239274755126, 0.186282569069957, 
-386.632230267319, -0.675886197578232, 1.59277938427007, 21.4832039619747, 
6.26250567381734, -36.9699569977176, -0.0578937287296523, 0.46219232143346, 
0.0168902835464586, -0.420587205556121, 0.146435141146527, -0.273284829515237, 
0.168643985560833, -0.295264722987762, -0.201728826479848, 0.125516339954314, 
-0.020405852596326, 0.169029516066486, 0.261154596139732, -0.0039299952603093, 
-0.239944840935176, 0.0364123114845339, 0.0459666583814593, -0.178255849549395, 
-0.120267119753803, -0.282439475572458, -0.0195832049868104, 
-225.166604983954, 11.2561251087674, -11.4580557756746, 15.8896201680194, 
28.5461971703421, -0.840159896987383, 32.0615242113163, 0.0659552630607201, 
0.391133525241554, 0.0874900439655646, 0.255420829493863, 0.00638913817879097, 
-0.0618832472687822, 0.192477953604693, -0.1077416159621, -0.456027780259372, 
0.12717584202937, -0.20825059939024, 0.0156303899822106, 0.164246734561872, 
0.174465804470113, -0.236042161412221, -0.428947957611712, 0.137998981734831, 
-0.0745788834515672, -0.213123151345872, -0.0525193153825945), .Dim = c(27L, 
7L), .Dimnames = list(c("1", "2", "3", "4", "5", "6", "7", "8", 
"9", "10", "11", "12", "14", "15", "16", "17", "19", "20", "21", 
"22", "23", "24", "26", "27", "28", "29", "30"), c("x1", "x2", 
"x3", "x4", "x5", "x6", "x7")), assign = 1:7), qraux = c(1.19245008972988, 
1.0117400095464, 1.31188851221032, 1.1092741072632, 1.1175208252798, 
1.23029801723386, 1.2821047475104), pivot = 1:7, tol = 1e-07, 
    rank = 7L), .Names = c("qr", "qraux", "pivot", "tol", "rank"
), class = "qr"), df.residual = 20L, xlevels = structure(list(), .Names = character(0)), 
    call = quote(lm(formula = y ~ . + 0, data = structure(list(y = c(43, 
        63, 71, 61, 81, 43, 58, 71, 72, 67, 64, 67, 68, 77, 81, 
        74, 65, 50, 50, 64, 53, 40, 66, 78, 48, 85, 82), x1 = c(1, 
        1, 1, 1, 1, 1, 1, 1, 1, 1, 1, 1, 1, 1, 1, 1, 1, 1, 1, 
        1, 1, 1, 1, 1, 1, 1, 1), x2 = c(51, 64, 70, 63, 78, 55, 
        67, 75, 82, 61, 53, 60, 83, 77, 90, 85, 70, 58, 40, 61, 
        66, 37, 77, 75, 57, 85, 82), x3 = c(30, 51, 68, 45, 56, 
        49, 42, 50, 72, 45, 53, 47, 83, 54, 50, 64, 46, 68, 33, 
        52, 52, 42, 66, 58, 44, 71, 39), x4 = c(39, 54, 69, 47, 
        66, 44, 56, 55, 67, 47, 58, 39, 45, 72, 72, 69, 57, 54, 
        34, 62, 50, 58, 63, 74, 45, 71, 59), x5 = c(61, 63, 76, 
        54, 71, 54, 66, 70, 71, 62, 58, 59, 59, 79, 60, 79, 75, 
        64, 43, 66, 63, 50, 88, 80, 51, 77, 64), x6 = c(79, 67, 
        75, 64, 80, 78, 76, 92, 76, 57, 83, 57, 64, 74, 73, 84, 
        78, 78, 78, 80, 63, 83, 80, 79, 66, 68, 77), x7 = c(45, 
        47, 48, 35, 47, 34, 35, 41, 31, 41, 34, 41, 35, 46, 36, 
        63, 46, 52, 33, 41, 37, 49, 72, 49, 38, 55, 39)), .Names = c("y", 
        "x1", "x2", "x3", "x4", "x5", "x6", "x7"),