
expected <- structure(list(coefficients = structure(c(25.6975239729439, 0.749263693662788, 
-0.059392062019528, -0.208780682646894, 0.0837840794257418, -0.0126740385772529, 
-0.00957185892346883), .Names = c("x1", "x2", "x3", "x4", "x5", 
"x6", "x7")), residuals = structure(c(-11.3681372705349, -2.33836998618233, 
0.799983137754112, 10.562444794469, -9.54247613017075, -8.46246753712261, 
-0.658151783644669, -0.637486730645185, 5.75594674508351, 6.82319540251371, 
10.3485741745963, 5.43189976128373, -7.3150571897511, 5.60191290771226, 
-1.88555619981412, -4.28045180371644, 10.6370192076008, -2.23575251971794, 
-7.09152848738613, 3.83763349235165, -10.6527953909789, 6.34753503268746, 
-4.78568340415836, 3.7024390608062, -7.49643298581831, 4.03120548529432, 
4.87055821748866), .Names = c("1", "2", "4", "5", "6", "7", "8", 
"9", "10", "11", "12", "13", "14", "15", "16", "17", "18", "19", 
"20", "21", "23", "25", "26", "27", "28", "29", "30")), effects = structure(c(-339.4819582835, 
47.9679701362602, -3.77147328366682, 10.4344658935067, 2.87258786874841, 
-0.626599044097787, 0.37127214004341, 1.45348209812445, 7.58652452212105, 
12.7602082627558, 10.2884397465193, 13.515800715857, -0.464980026478538, 
5.74749342479006, 5.38214330695659, -3.0557715238985, 9.59266516607624, 
-2.82817108694891, -5.11048726064078, 7.97633343683078, -8.60633456697147, 
8.32929512055396, -6.56488855764395, 7.20262583934033, -6.80152852371156, 
9.42942669936379, 7.56712129147203), .Names = c("x1", "x2", "x3", 
"x4", "x5", "x6", "x7", "", "", "", "", "", "", "", "", "", "", 
"", "", "", "", "", "", "", "", "", "")), rank = 7L, fitted.values = structure(c(54.3681372705349, 
65.3383699861823, 60.2000168622459, 70.437555205531, 52.5424761301707, 
66.4624675371226, 71.6581517836447, 72.6374867306452, 61.2440532549165, 
57.1768045974863, 56.6514258254037, 63.5681002387163, 75.3150571897511, 
71.3980870922877, 82.8855561998141, 78.2804518037164, 54.3629807923992, 
67.2357525197179, 57.0915284873861, 46.1623665076484, 63.6527953909789, 
56.6524649673125, 70.7856834041584, 74.2975609391938, 55.4964329858183, 
80.9687945147057, 77.1294417825113), .Names = c("1", "2", "4", 
"5", "6", "7", "8", "9", "10", "11", "12", "13", "14", "15", 
"16", "17", "18", "19", "20", "21", "23", "25", "26", "27", "28", 
"29", "30")), assign = 1:7, qr = structure(list(qr = structure(c(-5.19615242270663, 
0.192450089729875, 0.192450089729875, 0.192450089729875, 0.192450089729875, 
0.192450089729875, 0.192450089729875, 0.192450089729875, 0.192450089729875, 
0.192450089729875, 0.192450089729875, 0.192450089729875, 0.192450089729875, 
0.192450089729875, 0.192450089729875, 0.192450089729875, 0.192450089729875, 
0.192450089729875, 0.192450089729875, 0.192450089729875, 0.192450089729875, 
0.192450089729875, 0.192450089729875, 0.192450089729875, 0.192450089729875, 
0.192450089729875, 0.192450089729875, -352.183664205672, 64.6889995800419, 
0.0319993232125807, -0.199879359366827, 0.155667953921598, -0.0298349921419281, 
-0.153503622850946, -0.261713674721336, 0.0629164808898351, 0.186585111598853, 
0.0783750597284623, 0.0474579020512079, -0.277172253559963, -0.1844207805282, 
-0.385382305430354, -0.308089411237218, 0.0783750597284623, -0.0762107286578097, 
0.109292217405717, 0.387546636501006, -0.0143764133033009, 0.171126532760225, 
-0.1844207805282, -0.153503622850946, 0.124750796244344, -0.308089411237218, 
-0.261713674721336, -275.588528493181, 34.8470719420076, 52.7318171508579, 
-0.00302588873069625, -0.0902646576236263, 0.157257799394405, 
0.0820635886736593, -0.268189587627373, 0.0429785122827351, -0.185249401711592, 
-0.00451385976124781, -0.17502347479897, -0.467227691914387, 
0.0253372704040889, 0.225532685492643, -0.0877847059060403, -0.345863750065704, 
0.110096087579433, -0.421884611358978, 0.069688370272463, -0.0419456350071147, 
0.0329179154846191, -0.202229323132215, -0.0696474736838769, 
0.0236839692590316, -0.220531885468885, 0.357618544597464, -300.222139978606, 
5.34351541855212, 3.30002577970855, -49.6308708314857, 0.361295135922744, 
-0.0840715248416913, -0.0645584130400186, 0.19851505541524, -0.0432871917668421, 
-0.226211087874439, 0.307719690747142, -0.277863356546575, -0.137925356249122, 
0.128936796310611, -0.218561762020846, -0.0709453444517122, 0.38833489986126, 
0.0628890448911761, 0.0616419260365221, -0.0466457245046517, 
0.034114341828883, -0.00298870527099603, 0.182680269053357, -0.297379428883428, 
0.161879618771938, -0.365333107528964, -0.140692617968544, -336.210306758092, 
34.3214802614943, 2.22433458214142, -1.94404208866756, 40.0367163777659, 
-0.066017298716093, -0.0376994333500841, 0.133923115953569, -0.0151519834619233, 
0.0303245749039349, 0.0722307516387713, 0.221696384774504, 0.486771727383839, 
-0.21324243781727, 0.370206093746093, -0.0833777015849986, 0.265240064737072, 
-0.232400698073867, 0.0211282749615032, 0.169657318525877, 0.0525013378700447, 
-0.205064707790818, -0.375968751017838, -0.256334264949871, 0.218681327449801, 
-0.00963642739648419, 0.130779766213559, -388.749181254348, 2.79628514992061, 
1.15192001105823, -10.1377534166451, 15.2678704299668, 45.0005114628664, 
0.308665176631003, -0.177020037170357, -0.0565126907429145, 0.0979024000666905, 
0.0819889884397078, 0.0257446498564672, -0.467324167501213, 0.270112635518045, 
0.224182489752916, 0.0644292379762945, -0.24230359371795, 0.0845689825023877, 
-0.0781398597241501, 0.083458523601895, -0.0941953051459695, 
0.216393467118317, 0.425776433941957, 0.159638239919077, -0.291241708764833, 
0.0177152044308455, -0.0794302094337772, -221.317603189357, 16.3019301952679, 
12.7879695700635, -11.1673501123021, 30.1243446728344, 5.87773245209084, 
-38.7878825849703, -0.494917534929134, -0.0275168461980337, -0.14931297737162, 
-0.0223868799227305, -0.241461327596811, -0.141644425032769, 
-0.135997159797598, 0.282456763472775, 0.333011625949125, 0.377188886328554, 
-0.108636428321713, 0.0410625507874758, 0.0941571850565974, -0.162906300172345, 
-0.326846233896859, 0.291927366389596, -0.0498116020181373, 0.0117417029313686, 
0.199475842708345, 0.135392447284041), .Dim = c(27L, 7L), .Dimnames = list(
    c("1", "2", "4", "5", "6", "7", "8", "9", "10", "11", "12", 
    "13", "14", "15", "16", "17", "18", "19", "20", "21", "23", 
    "25", "26", "27", "28", "29", "30"), c("x1", "x2", "x3", 
    "x4", "x5", "x6", "x7")), assign = 1:7), qraux = c(1.19245008972988, 
1.01654074437395, 1.06210772519193, 1.20553565116053, 1.15449301970129, 
1.27316091738107, 1.00301182890245), pivot = 1:7, tol = 1e-07, 
    rank = 7L), .Names = c("qr", "qraux", "pivot", "tol", "rank"
), class = "qr"), df.residual = 20L, xlevels = structure(list(), .Names = character(0)), 
    call = quote(lm(formula = y ~ . + 0, data = structure(list(y = c(43, 
        63, 61, 81, 43, 58, 71, 72, 67, 64, 67, 69, 68, 77, 81, 
        74, 65, 65, 50, 50, 53, 63, 66, 78, 48, 85, 82), x1 = c(1, 
        1, 1, 1, 1, 1, 1, 1, 1, 1, 1, 1, 1, 1, 1, 1, 1, 1, 1, 
        1, 1, 1, 1, 1, 1, 1, 1), x2 = c(51, 64, 63, 78, 55, 67, 
        75, 82, 61, 53, 60, 62, 83, 77, 90, 85, 60, 70, 58, 40, 
        66, 54, 77, 75, 57, 85, 82), x3 = c(30, 51, 45, 56, 49, 
        42, 50, 72, 45, 53, 47, 57, 83, 54, 50, 64, 65, 46, 68, 
        33, 52, 42, 66, 58, 44, 71, 39), x4 = c(54, 44, 63, 71, 
        72, 54, 57, 71, 54, 42, 71, 42, 54, 67, 54, 59, 74, 62, 
        57, 48, 59, 54, 69, 45, 63, 44, 56), x5 = c(61, 63, 54, 
        71, 54, 66, 70, 71, 62, 58, 59, 55, 59, 79, 60, 79, 55, 
        75, 64, 43, 63, 66, 88, 80, 51, 77, 64), x6 = c(92, 73, 
        84, 83, 49, 68, 66, 83, 80, 67, 74, 63, 77, 77, 54, 79, 
        80, 85, 78, 64, 80, 75, 76, 78, 83, 74, 78), x7 = c(45, 
        47, 35, 47, 34, 35, 41, 31, 41, 34, 41, 25, 35, 46, 36, 
        63, 60, 46, 52, 33, 37, 33, 72, 49, 38, 55, 39)), .Names = c("y", 
        "x1", "x2", "x3", "x4", "x5", "x6", "x7"),