
expected <- structure(list(coefficients = structure(c(1.60123043725084, 0.664593138338094, 
-0.156932751354167, 0.318638046935949, 0.0979697773320564, 0.154412825008278, 
-0.198822861564924), .Names = c("x1", "x2", "x3", "x4", "x5", 
"x6", "x7")), residuals = structure(c(-7.51342974659212, 0.486526339279631, 
0.69361679443691, -1.3720729114292, 5.21552951311008, -9.94297101376377, 
-0.672884585338818, -7.68498053840631, 6.44264555811763, 12.4763860435468, 
9.61732714888351, -2.89665883937878, -0.468117952540041, -3.02479104783801, 
-1.59065396427126, 4.07883437039426, -5.79530377861204, -4.43797548020418, 
8.07621788367692, 2.21490841220506, -2.18980352347531, 2.26106312618687, 
-3.12094429357726, 2.32598191809089, -10.7722905408133, 6.40188903780235, 
2.57929580372405), .Names = c("1", "2", "3", "4", "5", "6", "8", 
"9", "10", "12", "13", "14", "15", "16", "17", "18", "19", "20", 
"21", "22", "24", "25", "26", "27", "28", "29", "30")), effects = structure(c(265.202564194368, 
-218.527945416341, 1.97009305289306, 14.5996231785033, 5.7972066113224, 
8.80623533497561, -7.32014644002818, -8.19525379067117, 4.63868979832808, 
13.7048661533661, 8.51192113365164, -3.57260498065449, 0.154116773501358, 
-4.25238358155267, 1.78029954862134, -2.88577656041609, -6.47800293042226, 
-4.78037896658824, 4.23759154873848, 2.47722526931184, -6.23326958032941, 
-1.29531750136837, 1.33156774909692, 3.02543539147521, -17.3594849190722, 
7.09300970942915, 0.105530664864739), .Names = c("x1", "x2", 
"x3", "x4", "x5", "x6", "x7", "", "", "", "", "", "", "", "", 
"", "", "", "", "", "", "", "", "", "", "", "")), rank = 7L, 
    fitted.values = structure(c(50.5134297465921, 62.5134736607204, 
    70.3063832055631, 62.3720729114292, 75.7844704868899, 52.9429710137638, 
    71.6728845853388, 79.6849805384063, 60.5573544418824, 54.5236139564532, 
    59.3826728511165, 70.8966588393788, 77.46811795254, 84.024791047838, 
    75.5906539642713, 60.9211656296057, 70.795303778612, 54.4379754802042, 
    41.9237821163231, 61.7850915877949, 42.1898035234753, 60.7389368738131, 
    69.1209442935773, 75.6740180819091, 58.7722905408133, 78.5981109621977, 
    79.4207041962759), .Names = c("1", "2", "3", "4", "5", "6", 
    "8", "9", "10", "12", "13", "14", "15", "16", "17", "18", 
    "19", "20", "21", "22", "24", "25", "26", "27", "28", "29", 
    "30")), assign = 1:7, qr = structure(list(qr = structure(c(7.58269718093326, 
    -0.220486661602463, -0.106127023736001, -0.105953157406228, 
    -0.105165687755785, -0.326426927951857, -0.267883842477474, 
    -0.126024284507373, -0.150535092934615, -0.0446358402789837, 
    -0.296046605354281, -0.305636527375271, -0.110637984683659, 
    -0.169437545172343, 0.0209590415239684, -0.12653643892497, 
    -0.164998243816562, -0.113746420371829, -0.177173430364168, 
    0.0837975107217593, -0.144323647145318, -0.383938400354986, 
    -0.180302430729829, -0.0999003379772692, -0.263502687251608, 
    -0.213451602851209, -0.138747658556449, 272.263461217923, 
    -228.968573576455, 0.219703741557324, 0.189272777700655, 
    0.255422189016009, -0.0243586703372343, 0.110438244643287, 
    0.255986116340545, 0.14440466697645, 0.225867717967129, 0.0308362092542796, 
    0.114779300508964, 0.246619526336364, 0.255739322676251, 
    0.38821711306617, 0.159487964659811, 0.171989107837246, 0.16111934504619, 
    0.0310988730695503, 0.334329291212803, 0.0446211141207838, 
    -0.0753386514671989, 0.190157072834355, 0.246587476428769, 
    0.0353757260127769, 0.198229237476984, 0.245673927607163, 
    223.112236433245, -170.31896412453, -54.5103697777105, -0.074739301247509, 
    -0.075214268839238, 0.00434712158426439, -0.220308609234723, 
    0.15458655098461, -0.0684206694448962, 0.030948352016389, 
    0.070649980767228, 0.259478907317305, -0.100936216262088, 
    -0.377236501265779, 0.0355432558394939, 0.323133843770369, 
    -0.178373094592785, 0.41112599582846, -0.0172387139794993, 
    0.168797207013334, 0.203647236609779, -0.137262573658126, 
    0.0868597900116335, 0.00444814132989766, -0.085180741478165, 
    0.055121010887671, -0.456710382029052, 221.529123761881, 
    -196.030019766137, -19.5102668143131, 49.2689371167628, -0.0297322298180121, 
    0.0261415280580618, 0.0525696990462374, 0.125387184212017, 
    0.0573792847695283, 0.262403453458713, 0.223699366561269, 
    0.616382279115134, -0.181739742733119, -0.092949101673963, 
    0.0992477987978242, -0.340727511189125, -0.0424941577376407, 
    0.0937581831606746, -0.0236866364633156, -0.105985098441601, 
    -0.45480696523309, -0.146407768519234, 0.0807888648513359, 
    -0.206134961569588, 0.00631297763378973, 0.0386408631239625, 
    -0.00206271268637111, 256.144623197875, -220.25371223683, 
    -16.2284012898738, 22.6216786761673, 43.2797053844133, -0.152434594246407, 
    -0.165019000786956, 0.165638758669283, -0.178946503466039, 
    -0.157251318642177, -0.0851749318201447, 0.159834404755841, 
    -0.0717075585172674, 0.456380650267176, 0.0697517585173573, 
    0.381003577303973, -0.276515872457528, -0.0724250246972996, 
    -0.156834233694051, 0.0323506492480983, -0.0235334408667597, 
    -0.445278147567211, -0.369944935697578, -0.0720902204676369, 
    -0.0420689831225986, 0.0604691635068565, 0.106585050353073, 
    287.499586392699, -255.224403057607, -27.7702823222781, 17.5367726865094, 
    45.7495264178334, 63.7239810741755, 0.119794661529741, 0.0523727465377312, 
    -0.178557506901383, 0.018511134843109, -0.00401841913184755, 
    0.0827335362732763, 0.100124208664234, 0.165950414993214, 
    0.294566886720476, -0.372630512432173, -0.09363345263354, 
    -0.0142913492313196, -0.322432950458954, -0.021909205912354, 
    -0.231867901031688, -0.272090327420864, 0.353805963070801, 
    0.106798036179984, -0.489508709211274, 0.19972118868141, 
    -0.133474320614814, 165.703050686787, -152.724512973261, 
    -27.7147437742775, 30.2957019450128, 27.6990787769934, 5.1984193131853, 
    36.8174282495066, 0.476567336245844, 0.00243550933463974, 
    -0.0834053542174054, 0.191664501231526, -0.110949745573213, 
    0.273869883603461, 0.0593898136170037, -0.219456642347404, 
    -0.351862596912645, 0.112825501206709, -0.151580013534219, 
    -0.103127454670743, 0.295141474876103, -0.172713606244142, 
    0.256428432228811, -0.379200275160043, 0.250932332978038, 
    -0.127635503671919, -0.10700092131163, 0.0343138170474725
    ), .Dim = c(27L, 7L), .Dimnames = list(c("1", "2", "3", "4", 
    "5", "6", "8", "9", "10", "12", "13", "14", "15", "16", "17", 
    "18", "19", "20", "21", "22", "24", "25", "26", "27", "28", 
    "29", "30"), c("x1", "x2", "x3", "x4", "x5", "x6", "x7")), assign = 1:7), 
        qraux = c(1.19229923504056, 1.10081173772413, 1.25255407605054, 
        1.09479368180287, 1.06380386658206, 1.07426167097937, 
        1.04077947610314), pivot = 1:7, tol = 1e-07, rank = 7L), .Names = c("qr", 
    "qraux", "pivot", "tol", "rank"), class = "qr"), df.residual = 20L, 
    xlevels = structure(list(), .Names = character(0)), call = quote(lm(formula = y ~ 
        . + 0, data = structure(list(y = c(43, 63, 71, 61, 81, 
        43, 71, 72, 67, 67, 69, 68, 77, 81, 74, 65, 65, 50, 50, 
        64, 40, 63, 66, 78, 48, 85, 82), x1 = c(-1.45814686743768, 
        1.67188358736638, 0.804729083703814, 0.803410707975183, 
        0.797439564076696, 2.47519654636125, 2.03128205717151, 
        0.955603986863188, 1.14146202482683, 0.338460060252037, 
        2.24483175984477, 2.3175492345187, 0.838934334564916, 
        1.28479359612258, -0.158926065078858, 0.959487498721707, 
        1.25113171824678, 0.862504661094714, 1.34345247095865, 
        -0.635411148319109, 1.09436251235081, 2.91128862602378, 
        1.36717873321049, 0.757514011154519, 1.99806108379111, 
        1.61853886720555, 1.05208147939708), x2 = c(51, 64, 70, 
        63, 78, 55, 75, 82, 61, 60, 62, 83, 77, 90, 85, 60, 70, 
        58, 40, 61, 37, 54, 77, 75, 57, 85, 82),