
expected <- structure(list(coefficients = structure(c(24.5653340108247, 0.566926349640052, 
-0.00736841666189457, 0.25186670696048, 0.116066908951628, -0.139648475085846, 
-0.19056978570041), .Names = c("x1", "x2", "x3", "x4", "x5", 
"x6", "x7")), residuals = structure(c(-6.99394457147483, 2.16175478219466, 
-0.305567993759083, 7.05385593963201, -8.3027054862067, 0.593254934981095, 
-8.79342282136338, 7.43685067392921, 6.5081419643699, 7.86797568788654, 
6.44489742454481, -3.62806833316901, -1.39828391958741, -3.10174196762038, 
-1.79245762041186, 3.95111727814044, -2.87245448872912, 3.69519063984621, 
0.665106775606293, -10.561202905015, -8.34586731978293, 5.70113114339699, 
-2.92093538237989, 3.64956945737168, -9.21124008957161, 5.78718171357027, 
6.71186448360107), .Names = c("1", "2", "3", "5", "7", "8", "9", 
"10", "11", "12", "13", "14", "15", "16", "17", "18", "19", "21", 
"22", "23", "24", "25", "26", "27", "28", "29", "30")), effects = structure(c(-343.523410167827, 
49.3571362451374, -0.900494662017867, -9.30463239602708, 1.26437505230766, 
6.75123848927446, -7.48167727170982, 9.2871517952014, 6.14342954006287, 
11.4291596152849, 10.4038940117977, -0.915855310665192, 1.29932042621937, 
-4.97606574029274, -2.12069916719183, -3.14909437398861, 0.110273189809263, 
4.73668763787063, 1.03363993108106, -8.46450204637121, -11.4431514069726, 
9.30578558432356, -0.990266954701161, 4.68011707519013, -9.07094164610313, 
6.58515927875832, 7.08512088074876), .Names = c("x1", "x2", "x3", 
"x4", "x5", "x6", "x7", "", "", "", "", "", "", "", "", "", "", 
"", "", "", "", "", "", "", "", "", "")), rank = 7L, fitted.values = structure(c(49.9939445714748, 
60.8382452178053, 71.3055679937591, 73.946144060368, 66.3027054862067, 
70.4067450650189, 80.7934228213634, 59.5631493260708, 57.4918580356301, 
59.1320243121135, 62.5551025754552, 71.628068333169, 78.3982839195874, 
84.1017419676204, 75.7924576204119, 61.0488827218596, 67.8724544887291, 
46.3048093601538, 63.3348932243937, 63.561202905015, 48.3458673197829, 
57.298868856603, 68.9209353823799, 74.3504305426283, 57.2112400895716, 
79.2128182864297, 75.2881355163989), .Names = c("1", "2", "3", 
"5", "7", "8", "9", "10", "11", "12", "13", "14", "15", "16", 
"17", "18", "19", "21", "22", "23", "24", "25", "26", "27", "28", 
"29", "30")), assign = 1:7, qr = structure(list(qr = structure(c(-5.19615242270663, 
0.192450089729875, 0.192450089729875, 0.192450089729875, 0.192450089729875, 
0.192450089729875, 0.192450089729875, 0.192450089729875, 0.192450089729875, 
0.192450089729875, 0.192450089729875, 0.192450089729875, 0.192450089729875, 
0.192450089729875, 0.192450089729875, 0.192450089729875, 0.192450089729875, 
0.192450089729875, 0.192450089729875, 0.192450089729875, 0.192450089729875, 
0.192450089729875, 0.192450089729875, 0.192450089729875, 0.192450089729875, 
0.192450089729875, 0.192450089729875, -350.644063487833, 69.9910047130397, 
-0.0739876890014511, -0.188288091357435, -0.0311250381179571, 
-0.145425440473941, -0.245438292535427, 0.0546002636490308, 0.168900666005015, 
0.0688878139435288, 0.0403127133545328, -0.259725842829925, -0.174000541062937, 
-0.359738694891411, -0.288300943418921, 0.0688878139435288, -0.0739876890014511, 
0.354638819833489, 0.0546002636490308, -0.0168374878234591, 0.397501470716983, 
0.154613115710517, -0.174000541062937, -0.145425440473941, 0.111750464827023, 
-0.288300943418921, -0.245438292535427, -275.588528493181, 38.4409186516115, 
-50.5891167760729, -0.00316766421737167, -0.167031203886066, 
-0.0909859330561284, 0.272060140307717, -0.0461612801759294, 
0.194067007807626, 0.00363435324785844, 0.18078245036209, 0.479236773419893, 
-0.0324404204969572, -0.244907511637645, 0.0831390451846672, 
0.359442106913039, -0.118747129898996, -0.0678762392719259, 0.092208401804974, 
0.0409012089444684, 0.140811953276968, -0.0336325024487515, 0.204764748613163, 
0.0671508463506184, -0.0248826233133682, 0.221508727165571, -0.380254074745113, 
-297.527838722387, 35.5135583468277, -11.8516979838765, -48.2235379626031, 
0.0750897993545926, -0.058236441180571, -0.0196557085553235, 
-0.0941457096375501, 0.127353894350043, -0.268315037800077, -0.293849248636085, 
-0.564434550492817, 0.251241851319996, 0.194927838781171, 0.0615428067064411, 
0.344114840428868, 0.0461558654104395, -0.135222990778853, 0.164758226616937, 
-0.117203131244745, 0.315284649387418, -0.00469171660190341, 
-0.0247846889873241, 0.276164899973097, -0.101673414793717, 0.0508688449211501, 
0.0602883418434414, -340.05930855269, 35.7220507474215, -2.99208838484361, 
-14.719169466044, -37.2692261040187, 0.0382911526672781, -0.132676681248276, 
0.024011503696874, -0.101795034596905, 0.00541059234602756, -0.163214563459382, 
-0.331718342334546, 0.132082992480758, -0.493056580896258, 0.0561061679297304, 
-0.394413959658618, 0.214317372691583, -0.168689338295681, 0.0105167711067292, 
-0.0327006506859377, -0.140994803015213, 0.197213518869501, 0.411976513253235, 
0.155391497678627, -0.216810835825468, -0.0264316019198206, -0.194482151548384, 
-375.855025242446, 6.21032186134181, 0.396603302925952, -0.369455710006764, 
-10.8642759876883, -41.7505163793255, -0.146626476145053, 0.00699208319114873, 
0.259238806230902, -0.409756775166104, -0.159885570870594, 0.293275314192535, 
-0.452128608776497, -0.00223337884775261, 0.12560894221268, 0.264669857462604, 
-0.0867911134534309, -0.377027594783996, 0.0948354803422494, 
0.11387924309497, -0.37376849581536, 0.0348027078431133, 0.0313967420782076, 
0.0516426382680801, -0.100427142559936, -0.116633877866523, 0.039181039141005, 
-224.589254714764, 11.8745418003161, -11.0954592247823, -23.6033527970351, 
-21.3723247662718, -4.83204900226234, 39.2595145353816, -0.00825321019469624, 
0.325044214343034, -0.137180201383979, 0.277794993361326, -0.00590693854426741, 
0.1197128741987, 0.153225963543271, -0.34773670349016, -0.233630013594105, 
0.00688850831903221, 0.0107940141291593, 0.186784180236283, 0.11036114387179, 
-0.0707512651152262, 0.288266955856883, -0.510091079149766, 0.126660983360212, 
-0.0273801954379431, -0.155017063439867, 0.0327776441104956), .Dim = c(27L, 
7L), .Dimnames = list(c("1", "2", "3", "5", "7", "8", "9", "10", 
"11", "12", "13", "14", "15", "16", "17", "18", "19", "21", "22", 
"23", "24", "25", "26", "27", "28", "29", "30"), c("x1", "x2", 
"x3", "x4", "x5", "x6", "x7")), assign = 1:7), qraux = c(1.19245008972988, 
1.01173761276554, 1.31612901346956, 1.10529795744899, 1.01687850927921, 
1.00915345957533, 1.38407800317224), pivot = 1:7, tol = 1e-07, 
    rank = 7L), .Names = c("qr", "qraux", "pivot", "tol", "rank"
), class = "qr"), df.residual = 20L, xlevels = structure(list(), .Names = character(0)), 
    call = quote(lm(formula = y ~ . + 0, data = structure(list(y = c(43, 
        63, 71, 81, 58, 71, 72, 67, 64, 67, 69, 68, 77, 81, 74, 
        65, 65, 50, 64, 53, 40, 63, 66, 78, 48, 85, 82), x1 = c(1, 
        1, 1, 1, 1, 1, 1, 1, 1, 1, 1, 1, 1, 1, 1, 1, 1, 1, 1, 
        1, 1, 1, 1, 1, 1, 1, 1), x2 = c(51, 64, 70, 78, 67, 75, 
        82, 61, 53, 60, 62, 83, 77, 90, 85, 60, 70, 40, 61, 66, 
        37, 54, 77, 75, 57, 85, 82), x3 = c(30, 51, 68, 56, 42, 
        50, 72, 45, 53, 47, 57, 83, 54, 50, 64, 65, 46, 33, 52, 
        52, 42, 42, 66, 58, 44, 71, 39), x4 = c(39, 54, 69, 66, 
        56, 55, 67, 47, 58, 39, 42, 45, 72, 72, 69, 75, 57, 34, 
        62, 50, 58, 48, 63, 74, 45, 71, 59), x5 = c(61, 63, 76, 
        71, 66, 70, 71, 62, 58, 59, 55, 59, 79, 60, 79, 55, 75, 
        43, 66, 63, 50, 66, 88, 80, 51, 77, 64), x6 = c(83, 83, 
        68, 74, 79, 75, 64, 75, 83, 57, 64, 78, 57, 67, 79, 78, 
        74, 57, 78, 78, 57, 79, 80, 78, 67, 67, 74), x7 = c(45, 
        47, 48, 47, 35, 41, 31, 41, 34, 41, 25, 35, 46, 36, 63, 
        60, 46, 33, 41, 37, 49, 33, 72, 49, 38, 55, 39)), .Names = c("y", 
        "x1", "x2", "x3", "x4", "x5", "x6", "x7"),