
expected <- structure(list(coefficients = structure(c(-7.0935383179673, 0.248793295087139, 
0.0423634463615474, 0.760383668334846, 0.502539262303083, 0.0909733990719046, 
-0.669812104109016), .Names = c("x1", "x2", "x3", "x4", "x5", 
"x6", "x7")), residuals = structure(c(-3.15006910284138, 4.87603069891164, 
-9.77886153924312, 3.68850448196632, 2.6385222758507, -7.44640177928344, 
-10.6027549564492, 5.50697010475315, 9.80216330939623, -4.1432179900569, 
5.95994311811165, 3.4989191420552, 4.60208074914794, 6.29886924073948, 
3.89870284367958, -2.73647381980688, -9.93559975757214, 8.0944560048633, 
-0.441667217103999, -14.6843921055339, -9.9632641833424, 4.72370876568672, 
0.325334115013199, -3.53539033369714, -4.14033723669424, 7.85110704032542, 
8.79311813112418), .Names = c("1", "2", "3", "4", "5", "6", "7", 
"8", "10", "11", "13", "14", "16", "17", "18", "19", "20", "21", 
"22", "23", "24", "25", "26", "27", "28", "29", "30")), effects = structure(c(-331.591504604575, 
21.9750743192098, -19.4729422514354, 34.2397830304273, 11.8219820722213, 
-1.72003654329281, -25.0180845611442, 9.08330140080231, 9.72819974832464, 
-1.73625576701332, 9.92324548169876, 7.56582473245717, 8.24871030736866, 
8.12538116082953, 0.353989937189328, -0.698224285981098, -9.23569249115004, 
4.98098753467388, 0.648659963814763, -12.4990029387798, -12.9293436635626, 
6.65564786302961, 3.3359427597977, 1.18530950052882, -6.76547380274438, 
12.2427191731266, 10.2972562114314), .Names = c("x1", "x2", "x3", 
"x4", "x5", "x6", "x7", "", "", "", "", "", "", "", "", "", "", 
"", "", "", "", "", "", "", "", "", "")), rank = 7L, fitted.values = structure(c(46.1500691028414, 
58.1239693010884, 80.7788615392431, 57.3114955180337, 78.3614777241493, 
50.4464017792834, 68.6027549564492, 65.4930298952468, 57.1978366906038, 
68.1432179900569, 63.0400568818884, 64.5010808579448, 76.3979192508521, 
67.7011307592605, 61.1012971563204, 67.7364738198069, 59.9355997575721, 
41.9055439951367, 64.441667217104, 67.6843921055339, 49.9632641833424, 
58.2762912343133, 65.6746658849868, 81.5353903336971, 52.1403372366942, 
77.1488929596746, 73.2068818688758), .Names = c("1", "2", "3", 
"4", "5", "6", "7", "8", "10", "11", "13", "14", "16", "17", 
"18", "19", "20", "21", "22", "23", "24", "25", "26", "27", "28", 
"29", "30")), assign = 1:7, qr = structure(list(qr = structure(c(-5.19615242270663, 
0.192450089729875, 0.192450089729875, 0.192450089729875, 0.192450089729875, 
0.192450089729875, 0.192450089729875, 0.192450089729875, 0.192450089729875, 
0.192450089729875, 0.192450089729875, 0.192450089729875, 0.192450089729875, 
0.192450089729875, 0.192450089729875, 0.192450089729875, 0.192450089729875, 
0.192450089729875, 0.192450089729875, 0.192450089729875, 0.192450089729875, 
0.192450089729875, 0.192450089729875, 0.192450089729875, 0.192450089729875, 
0.192450089729875, 0.192450089729875, -336.787657027282, 63.9849519346078, 
-0.186459362001566, 0.016713409203856, -0.34274610908266, 0.15737148157684, 
0.016713409203856, 0.0479707586200748, 0.00108473449574661, -0.0458012896285815, 
-0.217716711417785, -0.311488759666441, 0.00108473449574661, 
0.0479707586200748, 0.126114132160622, 0.0479707586200748, -0.186459362001566, 
-0.0458012896285815, 0.407430276906591, -0.295860084958332, 0.126114132160622, 
0.407430276906591, -0.217716711417785, 0.016713409203856, 0.016713409203856, 
-0.186459362001566, -0.311488759666441, -273.471577506153, 26.7898638089155, 
-56.7679442414119, -0.0630011458911744, -0.0211451535097046, 
0.0669062872802571, -0.115847871980852, 0.0382867601957392, -0.0696061605265664, 
0.0515033984730652, 0.0493105389366571, 0.46768541056818, 0.0184717162895633, 
0.284904815280902, 0.335545463821088, -0.0321755412571645, 0.256291897202926, 
-0.300808108791454, 0.225433247536207, -0.0717924110564325, -0.0696127695331084, 
0.0492774939039472, 0.207850717205691, 0.166001333830763, -0.0806167212544004, 
0.309138623292604, -0.307399905413762, -291.176985761301, 3.47245998422031, 
-28.8251347160374, 49.9000660643174, -0.251252513002562, 0.224691030908228, 
-0.136639096337942, -0.00999366471959879, 0.0770436290748869, 
-0.0558052228237585, 0.272505588291971, 0.511318805938553, -0.36208276039015, 
-0.117304552019658, -0.206156243567579, -0.0995737329769437, 
0.175755293488508, 0.177656259262186, -0.0380613157407976, 0.031296568039252, 
-0.150100107631987, 0.118749532559391, -0.0369606256585053, -0.299360217652369, 
0.108551474076809, -0.12780064744773, -0.313741515863378, -332.938655232684, 
9.03916237932727, -21.6069619578914, 24.383017959617, 41.2886549243643, 
0.0760678324400995, -0.0360059257292307, -0.135320773617178, 
-0.0609262921443548, 0.217741861153742, 0.0910387085864394, 0.103538140141995, 
0.359054750349946, -0.122371238445974, 0.536879336714689, -0.235678295167844, 
0.0646434087819372, 0.193328417615917, 0.0172054691180906, 0.0134854795185131, 
0.365318047846588, -0.205555976723589, -0.386318617932155, -0.0822586848433393, 
0.172385624668102, 0.00161865641743185, 0.0949647627709342, -386.632230267319, 
6.28330607246398, -3.2015455650489, 2.75528856611285, 20.2726739107531, 
47.897972470021, 0.169626624342717, 0.274518246115926, -0.0423829703761057, 
0.155749978363482, 0.346741799516225, 0.161769208032567, 0.337611387624828, 
0.0303715833139127, -0.22318033236341, -0.109061527370223, 0.0614339887369971, 
0.188612162568814, -0.115670011719425, -0.00807555443784394, 
0.2507131201703, 0.0465891252633028, 0.230633415380033, 0.00843771017857016, 
-0.183951151850116, 0.147070621237832, -0.0602507730168478, -225.166604983954, 
4.23016128766161, -23.8868591538309, 24.1970755361322, 16.0813190786109, 
9.07340710963621, 37.3508994651914, 0.109638620846385, 0.00711173348347513, 
0.191792343798112, 0.203322910037479, 0.0350378307314815, 0.24749267045825, 
-0.203873675391832, -0.300827992628951, 0.132621210395205, -0.248607593043752, 
-0.168799061975037, 0.241074009118656, 0.110758536969104, -0.305897121788388, 
0.304801688616543, -0.458124625076474, 0.226440088228391, -0.030562828459812, 
-0.0477761635691445, 0.154776512674246), .Dim = c(27L, 7L), .Dimnames = list(
    c("1", "2", "3", "4", "5", "6", "7", "8", "10", "11", "13", 
    "14", "16", "17", "18", "19", "20", "21", "22", "23", "24", 
    "25", "26", "27", "28", "29", "30"), c("x1", "x2", "x3", 
    "x4", "x5", "x6", "x7")), assign = 1:7), qraux = c(1.19245008972988, 
1.03234208391197, 1.25629189720293, 1.08084635706963, 1.06561815773026, 
1.56269287897816, 1.24937494301169), pivot = 1:7, tol = 1e-07, 
    rank = 7L), .Names = c("qr", "qraux", "pivot", "tol", "rank"
), class = "qr"), df.residual = 20L, xlevels = structure(list(), .Names = character(0)), 
    call = quote(lm(formula = y ~ . + 0, data = structure(list(y = c(43, 
        63, 71, 61, 81, 43, 58, 71, 67, 64, 69, 68, 81, 74, 65, 
        65, 50, 50, 64, 53, 40, 63, 66, 78, 48, 85, 82), x1 = c(1, 
        1, 1, 1, 1, 1, 1, 1, 1, 1, 1, 1, 1, 1, 1, 1, 1, 1, 1, 
        1, 1, 1, 1, 1, 1, 1, 1), x2 = c(54, 61, 75, 62, 85, 53, 
        62, 60, 63, 66, 77, 83, 63, 60, 55, 60, 75, 66, 37, 82, 
        55, 37, 77, 62, 62, 75, 83), x3 = c(30, 51, 68, 45, 56, 
        49, 42, 50, 45, 53, 57, 83, 50, 64, 65, 46, 68, 33, 52, 
        52, 42, 42, 66, 58, 44, 71, 39), x4 = c(39, 54, 69, 47, 
        66, 44, 56, 55, 47, 58, 42, 45, 72, 69, 75, 57, 54, 34, 
        62, 50, 58, 48, 63, 74, 45, 71, 59), x5 = c(61, 63, 76, 
        54, 71, 54, 66, 70, 62, 58, 55, 59, 60, 79, 55, 75, 64, 
        43, 66, 63, 50, 66, 88, 80, 51, 77, 64), x6 = c(92, 73, 
        86, 84, 83, 49, 68, 66, 80, 67, 63, 77, 54, 79, 80, 85, 
        78, 64, 80, 80, 57, 75, 76, 78, 83, 74, 78), x7 = c(45, 
        47, 48, 35, 47, 34, 35, 41, 41, 34, 25, 35, 36, 63, 60, 
        46, 52, 33, 41, 37, 49, 33, 72, 49, 38, 55, 39)), .Names = c("y", 
        "x1", "x2", "x3", "x4", "x5", "x6", "x7"),