
expected <- structure(list(coefficients = structure(c(21.3936941794018, 0.844185448045436, 
-0.189124647582146, -0.178037861309402, 0.192359571640364, -0.00688008423608826, 
-0.142690187265418), .Names = c("x1", "x2", "x3", "x4", "x5", 
"x6", "x7")), residuals = structure(c(-8.70282144923258, 1.92787062045348, 
4.20699304030257, 3.29270023336932, 8.29697330020368, -12.9219465667492, 
-6.42588743163946, 1.40656883321309, -5.82934718524204, 4.03949019715637, 
12.36985620769, 8.46829106951168, -2.55068490298512, 0.725569990257737, 
-0.128629118224959, -5.23128735022822, -4.4513093418466, -2.05836803520084, 
5.96934501824737, 2.66215161152635, -10.9501169110568, 0.5582750118063, 
-4.4307648470704, 6.01537130285379, -7.39379975964698, 5.76726882289554, 
5.36823763963584), .Names = c("1", "2", "3", "4", "5", "6", "7", 
"8", "9", "10", "11", "12", "14", "15", "16", "17", "19", "20", 
"21", "22", "23", "24", "26", "27", "28", "29", "30")), effects = structure(c(-335.248056309443, 
55.507881731414, 5.01730832808559, 9.20852411118126, 2.63315458659408, 
0.143945246448183, -4.54054720682523, 7.46306639144069, -7.26953825889305, 
3.73789922650074, 14.1849207569112, 9.02818021750703, -7.54350637664258, 
5.57062359954055, 3.69869436569144, -3.01071580639455, -0.804386513258992, 
-2.81564368336589, 5.10110777454252, 3.4513155440383, -10.9828112530672, 
2.39577098262647, 2.63404961762428, 11.2125502066165, -11.0508155916903, 
7.46521901967078, 7.53518610690338), .Names = c("x1", "x2", "x3", 
"x4", "x5", "x6", "x7", "", "", "", "", "", "", "", "", "", "", 
"", "", "", "", "", "", "", "", "", "")), rank = 7L, fitted.values = structure(c(51.7028214492326, 
61.0721293795465, 66.7930069596974, 57.7072997666307, 72.7030266997963, 
55.9219465667492, 64.4258874316395, 69.5934311667869, 77.829347185242, 
62.9605098028436, 51.63014379231, 58.5317089304883, 70.5506849029851, 
76.2744300097423, 81.128629118225, 79.2312873502282, 69.4513093418466, 
52.0583680352008, 44.0306549817526, 61.3378483884737, 63.9501169110568, 
39.4417249881937, 70.4307648470704, 71.9846286971462, 55.393799759647, 
79.2327311771045, 76.6317623603642), .Names = c("1", "2", "3", 
"4", "5", "6", "7", "8", "9", "10", "11", "12", "14", "15", "16", 
"17", "19", "20", "21", "22", "23", "24", "26", "27", "28", "29", 
"30")), assign = 1:7, qr = structure(list(qr = structure(c(-5.19615242270663, 
0.192450089729875, 0.192450089729875, 0.192450089729875, 0.192450089729875, 
0.192450089729875, 0.192450089729875, 0.192450089729875, 0.192450089729875, 
0.192450089729875, 0.192450089729875, 0.192450089729875, 0.192450089729875, 
0.192450089729875, 0.192450089729875, 0.192450089729875, 0.192450089729875, 
0.192450089729875, 0.192450089729875, 0.192450089729875, 0.192450089729875, 
0.192450089729875, 0.192450089729875, 0.192450089729875, 0.192450089729875, 
0.192450089729875, 0.192450089729875, -350.644063487833, 69.9767157041593, 
-0.0740027970375246, 0.0260304773103873, -0.188326539149424, 
0.140354219422287, -0.0311313937455624, -0.145455135857462, -0.245488410205373, 
0.0546114128383621, 0.168935154950261, 0.0689018806023495, -0.259778877969361, 
-0.174036071385436, -0.359812152317273, -0.288359813497336, -0.0740027970375246, 
0.0974828161303243, 0.354711235882098, 0.0546114128383621, -0.0168409259815749, 
0.39758263917406, -0.174036071385436, -0.145455135857462, 0.111773283894312, 
-0.288359813497336, -0.245488410205373, -275.203628313722, 37.1192253786653, 
-51.7989002803227, -0.0646111375218958, 0.00305168115368953, 
0.0897822602435688, -0.161113265566024, -0.0838415133947335, 
0.273352707176091, -0.045318217241926, 0.186296897169124, 0.00293910122085157, 
0.476065967811465, -0.0259127170291181, -0.228538415494507, 0.0899698934649654, 
-0.112830929340394, 0.427646033890144, -0.074407704238998, 0.0898197868878481, 
0.0415874861879235, 0.128280538633523, 0.205752432907637, 0.0706019198964369, 
-0.0260378058433825, 0.22510789759474, -0.363726455149987, -282.709181813187, 
11.0280069011275, 26.8527644159544, -48.4956763591194, -0.0136968504340836, 
-0.159936059739632, 0.216716296703139, 0.233206718091705, -0.151744957932632, 
-0.369330394407821, 0.195822969813396, -0.0264877200135601, 0.34014362982939, 
-0.295689305081345, 0.086135994272483, -0.31732803335973, -0.136400886821227, 
0.262928474273116, -0.182101222485826, -0.162545901530546, -0.0259859215669881, 
-0.107754104224968, 0.0322864606268459, -0.0430322502894083, 
-0.0326716280342722, -0.29612709505242, 0.0340475200993611, -339.28950819377, 
36.8715239374229, -8.58423415944909, 12.5654142362855, 36.6679920520333, 
0.245456749902291, -0.157913596176549, -0.128058842569915, 0.243926255036499, 
0.159397528595441, -0.0141247864801194, 0.0939552220003046, 0.443629797414933, 
-0.0923149098335948, 0.379527322325696, 0.0770502484423065, -0.187523273325136, 
-0.0468148357560855, 0.274219103084318, 0.00827146619890126, 
0.0873647474476679, 0.0787351893252047, -0.398254530472389, -0.225074818120778, 
0.260026009047288, 0.170566161507897, 0.126369242023556, -389.711431702997, 
9.93187509597131, -2.61272901832825, 0.481894305681101, 18.0624330194586, 
47.3291431937082, 0.263072841306595, 0.344785643835175, -0.0863348391340731, 
-0.161164571705287, 0.229708919343064, 0.0257396813754199, 0.0649390051338011, 
0.0632588952699152, 0.464091042062333, 0.0181122611011231, -0.103068583597342, 
0.0747364776097039, 0.0634592401140937, -0.0699706831634876, 
-0.0665052443729028, 0.300267518487258, 0.252855681758207, 0.11744760993205, 
-0.235662900913289, 0.117525792949631, -0.0242236618040094, -225.166604983954, 
11.2561251087674, -11.4580557756746, 12.8901969529806, 30.1072812300243, 
-3.29086216397856, 31.8210193275545, 0.0707124578815543, 0.421131720534937, 
0.0988668205813474, 0.236693363940088, -0.00382768495318134, 
-0.0448270846662227, 0.178437043744144, -0.147504492913497, -0.420287040651087, 
0.13464063014521, -0.220891724169745, 0.0666865937175098, 0.175740330376346, 
0.166236409209933, -0.248317183193091, -0.454662989434818, 0.103272421956502, 
-0.0611415311374071, -0.215027270866755, -0.0538716993702887), .Dim = c(27L, 
7L), .Dimnames = list(c("1", "2", "3", "4", "5", "6", "7", "8", 
"9", "10", "11", "12", "14", "15", "16", "17", "19", "20", "21", 
"22", "23", "24", "26", "27", "28", "29", "30"), c("x1", "x2", 
"x3", "x4", "x5", "x6", "x7")), assign = 1:7), qraux = c(1.19245008972988, 
1.0117400095464, 1.31188851221032, 1.33277399907726, 1.02791988579063, 
1.48347758229905, 1.24036840334128), pivot = 1:7, tol = 1e-07, 
    rank = 7L), .Names = c("qr", "qraux", "pivot", "tol", "rank"
), class = "qr"), df.residual = 20L, xlevels = structure(list(), .Names = character(0)), 
    call = quote(lm(formula = y ~ . + 0, data = structure(list(y = c(43, 
        63, 71, 61, 81, 43, 58, 71, 72, 67, 64, 67, 68, 77, 81, 
        74, 65, 50, 50, 64, 53, 40, 66, 78, 48, 85, 82), x1 = c(1, 
        1, 1, 1, 1, 1, 1, 1, 1, 1, 1, 1, 1, 1, 1, 1, 1, 1, 1, 
        1, 1, 1, 1, 1, 1, 1, 1), x2 = c(51, 64, 70, 63, 78, 55, 
        67, 75, 82, 61, 53, 60, 83, 77, 90, 85, 70, 58, 40, 61, 
        66, 37, 77, 75, 57, 85, 82), x3 = c(30, 51, 68, 45, 56, 
        49, 42, 50, 72, 45, 53, 47, 83, 54, 50, 64, 46, 68, 33, 
        52, 52, 42, 66, 58, 44, 71, 39), x4 = c(66, 54, 45, 74, 
        58, 44, 72, 72, 44, 39, 58, 54, 62, 45, 72, 42, 54, 55, 
        45, 45, 54, 42, 54, 54, 54, 39, 72), x5 = c(61, 63, 76, 
        54, 71, 54, 66, 70, 71, 62, 58, 59, 59, 79, 60, 79, 75, 
        64, 43, 66, 63, 50, 88, 80, 51, 77, 64), x6 = c(92, 73, 
        86, 84, 83, 49, 68, 66, 83, 80, 67, 74, 77, 77, 54, 79, 
        85, 78, 64, 80, 80, 57, 76, 78, 83, 74, 78), x7 = c(45, 
        47, 48, 35, 47, 34, 35, 41, 31, 41, 34, 41, 35, 46, 36, 
        63, 46, 52, 33, 41, 37, 49, 72, 49, 38, 55, 39)), .Names = c("y", 
        "x1", "x2", "x3", "x4", "x5", "x6", "x7"),