
expected <- structure(list(coefficients = structure(c(-5.48385147183769, 
0.657743121849374, -0.114961964899382, 0.365839069308979, 0.226308130283764, 
0.0609109661869772, -0.175594910078696), .Names = c("x1", "x2", 
"x3", "x4", "x5", "x6", "x7")), residuals = structure(c(-8.51828703293822, 
-3.61261308226056, 1.27022676618882, -3.82415464109184, 7.31755032099676, 
-6.4856199140777, -7.59182658230137, -5.64938835857873, 6.59900997009711, 
6.45063974298705, 13.4945529367441, 8.01812485580212, -2.64194246770588, 
1.74020598423666, -6.34099690129438, -0.506078073538644, 1.78034239219675, 
-8.3279161861461, 4.54733098725007, -0.857534184958137, -8.96917116969063, 
-3.91547795684715, 9.01321249388115, 3.34450319182904, -6.01558078275984, 
6.07215113818793, 3.6087365537916), .Names = c("1", "2", "3", 
"4", "5", "6", "7", "9", "10", "11", "12", "13", "14", "15", 
"16", "17", "18", "20", "21", "22", "23", "24", "25", "27", "28", 
"29", "30")), effects = structure(c(-334.285805860793, -54.1626149974308, 
2.33757936933778, 11.6749073260769, 10.1123514234436, 0.756019601323061, 
-6.04634803103363, -3.90541034572732, 8.42283353051157, 10.209895991762, 
12.8667815102795, 13.3754753361795, -1.72334649695991, 2.96476403474771, 
-0.0282747763734957, -3.39806604359688, 1.9080135724326, -6.72698016250975, 
9.41442509812785, 1.99388490423554, -8.59639834607563, -1.90496548535581, 
9.995905213813, 4.77515704977911, -6.89951446363342, 7.11486455873549, 
6.25133278367562), .Names = c("x1", "x2", "x3", "x4", "x5", "x6", 
"x7", "", "", "", "", "", "", "", "", "", "", "", "", "", "", 
"", "", "", "", "", "")), rank = 7L, fitted.values = structure(c(51.5182870329382, 
66.6126130822606, 69.7297732338112, 64.8241546410918, 73.6824496790032, 
49.4856199140777, 65.5918265823014, 77.6493883585787, 60.4009900299029, 
57.5493602570129, 53.5054470632559, 60.9818751441979, 70.6419424677059, 
75.2597940157633, 87.3409969012944, 74.5060780735386, 63.2196576078032, 
58.3279161861461, 45.4526690127499, 64.8575341849581, 61.9691711696906, 
43.9154779568471, 53.9867875061188, 74.655496808171, 54.0155807827598, 
78.9278488618121, 78.3912634462084), .Names = c("1", "2", "3", 
"4", "5", "6", "7", "9", "10", "11", "12", "13", "14", "15", 
"16", "17", "18", "20", "21", "22", "23", "24", "25", "27", "28", 
"29", "30")), assign = 1:7, qr = structure(list(qr = structure(c(-5.19615242270663, 
0.192450089729875, 0.192450089729875, 0.192450089729875, 0.192450089729875, 
0.192450089729875, 0.192450089729875, 0.192450089729875, 0.192450089729875, 
0.192450089729875, 0.192450089729875, 0.192450089729875, 0.192450089729875, 
0.192450089729875, 0.192450089729875, 0.192450089729875, 0.192450089729875, 
0.192450089729875, 0.192450089729875, 0.192450089729875, 0.192450089729875, 
0.192450089729875, 0.192450089729875, 0.192450089729875, 0.192450089729875, 
0.192450089729875, 0.192450089729875, -341.791359360259, -70.2329457353646, 
0.0940757185871527, -0.00559260554061164, 0.207982374733169, 
-0.119499261686628, 0.0513607225323965, 0.264935702806177, -0.0340692695771157, 
-0.147975925723132, -0.0483076015953678, -0.0198309375588637, 
0.279174034824429, 0.193744042714917, 0.378842358952194, 0.307650698860933, 
-0.0483076015953678, -0.0767842656318719, -0.333074241960409, 
-0.0340692695771157, 0.0371223905141445, -0.375789238015165, 
-0.13373759370488, 0.165267378678413, -0.0910225976501239, 0.307650698860933, 
0.264935702806177, -275.588528493181, -36.3393873843611, -52.8621971496863, 
-0.0777165698770799, -0.0219221343711548, 0.0791752168329003, 
-0.175079573263807, 0.240139952845125, -0.057410733231322, 0.175149493605607, 
-0.00942359484496873, 0.159441668826645, 0.438075244871355, -0.0496034361117502, 
-0.257259814436125, 0.0583443176225902, 0.331084385726301, 0.40814155246727, 
-0.0712047688317108, 0.0750090369908383, 0.0242444453764436, 
0.129507976422561, -0.0430916350663811, 0.0463708406609564, -0.0357161699715435, 
0.190764087844751, -0.384124678202203, -291.754336030491, -37.5876144912945, 
-11.4059006342731, 49.0355388976436, -0.104841902340487, 0.128440571929882, 
-0.0788666194452232, 0.0162392709473075, 0.0824488170952767, 
-0.143365288721313, 0.252446471064487, 0.276076731016642, 0.549517961724093, 
-0.248497668427881, -0.18275230798564, -0.0591726046853306, -0.355056995026528, 
0.0798686223314672, 0.111453037419439, -0.174195903115328, 0.10663670604758, 
-0.336326214380228, -0.00961120964501627, -0.27558306164323, 
0.0873092962742401, -0.0507034851737676, -0.0528199671590905, 
-342.176259539718, 3.62919262776338, -6.01622335220687, -7.94556700116086, 
45.8574900085517, 0.359085365535802, 0.123754668471439, 0.280771511935246, 
-0.094521816949028, -0.109872849902502, 0.237513337314429, -0.120908394944213, 
0.266894216319765, 0.117780459542142, -0.05740881827662, 0.339328022305815, 
-0.148574067246792, -0.274112901923349, -0.377205458340527, -0.17218961099482, 
0.212046648785361, -0.177592530285462, 0.176366123861102, 0.0148068996906537, 
0.257114174785691, 0.02574963865102, 0.051961196037596, -387.979380895428, 
-10.5506040255248, -3.0821807510087, -1.39477922235196, 0.988528622764449, 
50.3215889911831, 0.160931003072224, -0.0144616996631254, -0.0582013606619171, 
0.18975928510097, 0.118040865090595, 0.346731941146618, 0.222666378180454, 
-0.00638225732130677, 0.435074315074774, 0.031541961070358, -0.0659022775497392, 
0.042547250177833, 0.205698342382227, -0.0813301225110168, -0.00983876623034308, 
0.318312284918207, 0.0367859853923533, -0.0249446623700494, -0.0948314696128075, 
0.132225369300135, -0.0489705308609534, -217.276151305029, -8.12850554553101, 
-11.28973643718, 24.9500673066765, 1.85531364928643, 13.150250216017, 
34.4335039570559, 0.485528255940255, -0.0394300461763211, 0.318706998129153, 
-0.24136898374209, 0.228596045851162, -0.0659240232693718, 0.147337437974773, 
0.257180581207114, -0.447699296716197, -0.0904703837403922, -0.225572305491312, 
-0.0071431393750862, 0.23180110253969, 0.0785620882883465, -0.0914795087240027, 
0.192333724912278, 0.118226186580436, 0.0194303857407332, -0.185688640974521, 
0.112621423067527), .Dim = c(27L, 7L), .Dimnames = list(c("1", 
"2", "3", "4", "5", "6", "7", "9", "10", "11", "12", "13", "14", 
"15", "16", "17", "18", "20", "21", "22", "23", "24", "25", "27", 
"28", "29", "30"), c("x1", "x2", "x3", "x4", "x5", "x6", "x7"
)), assign = 1:7), qraux = c(1.19245008972988, 1.00864572647764, 
1.28630653259272, 1.0968936737861, 1.18677460328689, 1.61080634944922, 
1.17912387779993), pivot = 1:7, tol = 1e-07, rank = 7L), .Names = c("qr", 
"qraux", "pivot", "tol", "rank"), class = "qr"), df.residual = 20L, 
    xlevels = structure(list(), .Names = character(0)), call = quote(lm(formula = y ~ 
        . + 0, data = structure(list(y = c(43, 63, 71, 61, 81, 
        43, 58, 72, 67, 64, 67, 69, 68, 77, 81, 74, 65, 50, 50, 
        64, 53, 40, 63, 78, 48, 85, 82), x1 = c(1, 1, 1, 1, 1, 
        1, 1, 1, 1, 1, 1, 1, 1, 1, 1, 1, 1, 1, 1, 1, 1, 1, 1, 
        1, 1, 1, 1), x2 = c(51, 64, 70, 63, 78, 55, 67, 82, 61, 
        53, 60, 62, 83, 77, 90, 85, 60, 58, 40, 61, 66, 37, 54, 
        75, 57, 85, 82), x3 = c(30, 51, 68, 45, 56, 49, 42, 72, 
        45, 53, 47, 57, 83, 54, 50, 64, 65, 68, 33, 52, 52, 42, 
        42, 58, 44, 71, 39), x4 = c(39, 54, 69, 47, 66, 44, 56, 
        67, 47, 58, 39, 42, 45, 72, 72, 69, 75, 54, 34, 62, 50, 
        58, 48, 74, 45, 71, 59), x5 = c(66, 88, 66, 79, 59, 50, 
        59, 59, 71, 66, 59, 77, 71, 59, 71, 55, 66, 80, 79, 70, 
        59, 61, 55, 63, 54, 70, 66), x6 = c(92, 73, 86, 84, 83, 
        49, 68, 83, 80, 67, 74, 63, 77, 77, 54, 79, 80, 78, 64, 
        80, 80, 57, 75, 78, 83, 74, 78), x7 = c(45, 47, 48, 35, 
        47, 34, 35, 31, 41, 34, 41, 25, 35, 46, 36, 63, 60, 52, 
        33, 41, 37, 49, 33, 49, 38, 55, 39)), .Names = c("y", 
        "x1", "x2", "x3", "x4", "x5", "x6", "x7"),