
expected <- structure(list(coefficients = structure(c(22.8898742187173, 0.619122138936345, 
-0.074642444937648, 0.283220148631493, 0.00901758279013806, -0.049429617706374, 
-0.201441958322302), .Names = c("x1", "x2", "x3", "x4", "x5", 
"x6", "x7")), residuals = structure(c(-9.08740082252038, 1.7543600615427, 
3.39160803297463, -1.11999133137201, 7.3959244827466, -12.4293520692565, 
-8.78558490520619, 1.31437911020898, -5.70056178789549, 7.84791944658987, 
5.76030225242071, 11.0079996482366, 8.87495531350065, -2.65037264209224, 
2.33772477873265, -3.85251831740081, -0.446365292888903, 4.11796508107757, 
-2.9263573079469, -5.31322294978422, 4.5528503334621, 0.492888588043975, 
-10.3896399955021, -5.56674420469253, 5.38443590777803, -0.456688814714534, 
4.49148740395772), .Names = c("1", "2", "3", "4", "5", "6", "7", 
"8", "9", "10", "11", "12", "13", "14", "15", "16", "17", "18", 
"19", "20", "21", "22", "23", "24", "25", "26", "30")), effects = structure(c(-332.553755053224, 
-47.3569455303206, 4.84740410534456, 8.393226700135, -3.79798831725931, 
0.745618231957105, -7.75291655790391, 5.75639488592682, -5.57248799811248, 
11.9846524969645, 6.39737750922648, 15.1385537074607, 12.5445811830172, 
-7.87693781706761, 5.84541233063376, -5.18889047287739, 0.233713200676768, 
-1.09072611675293, -3.06042467620541, -6.2704856565817, 5.50342238438179, 
0.288578288230101, -7.57411972708147, -3.23947364044404, 9.32732550309808, 
0.357198379200116, 3.25120093329722), .Names = c("x1", "x2", 
"x3", "x4", "x5", "x6", "x7", "", "", "", "", "", "", "", "", 
"", "", "", "", "", "", "", "", "", "", "", "")), rank = 7L, 
    fitted.values = structure(c(52.0874008225204, 61.2456399384573, 
    67.6083919670254, 62.119991331372, 73.6040755172534, 55.4293520692565, 
    66.7855849052062, 69.685620889791, 77.7005617878955, 59.1520805534101, 
    58.2396977475793, 55.9920003517634, 60.1250446864994, 70.6503726420922, 
    74.6622752212674, 84.8525183174008, 74.4463652928889, 60.8820349189224, 
    67.9263573079469, 55.3132229497842, 45.4471496665379, 63.507111411956, 
    63.3896399955021, 45.5667442046925, 57.615564092222, 66.4566888147145, 
    77.5085125960423), .Names = c("1", "2", "3", "4", "5", "6", 
    "7", "8", "9", "10", "11", "12", "13", "14", "15", "16", 
    "17", "18", "19", "20", "21", "22", "23", "24", "25", "26", 
    "30")), assign = 1:7, qr = structure(list(qr = structure(c(-5.19615242270663, 
    0.192450089729875, 0.192450089729875, 0.192450089729875, 
    0.192450089729875, 0.192450089729875, 0.192450089729875, 
    0.192450089729875, 0.192450089729875, 0.192450089729875, 
    0.192450089729875, 0.192450089729875, 0.192450089729875, 
    0.192450089729875, 0.192450089729875, 0.192450089729875, 
    0.192450089729875, 0.192450089729875, 0.192450089729875, 
    0.192450089729875, 0.192450089729875, 0.192450089729875, 
    0.192450089729875, 0.192450089729875, 0.192450089729875, 
    0.192450089729875, 0.192450089729875, -342.753609808908, 
    -68.0364825881156, 0.0948302518508885, -0.00805572540306698, 
    0.212414225855409, -0.125639699407587, 0.0507362615991933, 
    0.168320235603714, 0.271206212857669, -0.0374517189041971, 
    -0.155035692908718, -0.0521497156547622, -0.022753722153632, 
    0.285904209608234, 0.197716229104844, 0.38879018686219, 0.315300203109364, 
    -0.0521497156547622, 0.0948302518508885, -0.0815457091558923, 
    -0.346109650666063, -0.0374517189041971, 0.0360382648486282, 
    -0.390203640917759, -0.140337696158153, 0.197716229104844, 
    0.271206212857669, -273.471577506153, -31.9186052397271, 
    -53.7540597150277, -0.068940024584522, -0.00259405148006831, 
    0.0792274842913807, -0.161627025089866, -0.0865555811570526, 
    0.258180623295055, -0.0505013934329394, 0.172079099712536, 
    -0.00407558572236198, 0.163518243799986, 0.453597014460587, 
    -0.0305812280390631, -0.224845314793922, 0.0816967080285368, 
    0.330782843490713, -0.114871987547668, 0.405031212844475, 
    -0.0801347191500383, 0.0797213290388119, 0.0336247511598553, 
    0.114952442183873, -0.0417759226045793, 0.192657724769653, 
    -0.355726496928915, -288.867584684543, -31.8151748922231, 
    -10.7420708495204, 46.8713246981527, -0.13207290309552, 0.133572442022195, 
    -0.0936583501173797, 0.0390282479705255, -0.0104238354988438, 
    0.0803242194515253, -0.149301402981008, 0.258912388977911, 
    0.280950787064172, 0.545622146599228, -0.281277578713764, 
    -0.22401796861094, -0.0913695887295397, -0.378185415255976, 
    -0.0659608194573539, 0.0783902646598316, 0.130862578649903, 
    -0.188771043885741, 0.100465325642289, -0.335626137821619, 
    -0.00934067039045085, -0.00195424574144852, -0.0798415502449372, 
    -333.131105322414, -32.1902459944875, -3.50937878261533, 
    12.5105472128115, 36.7100149615495, 0.105468531550408, -0.0163289196565963, 
    -0.0743779624692305, 0.10616874208099, -0.0442868132532681, 
    0.14586505507458, -0.0567084134011468, 0.111337397184802, 
    0.205441270383676, -0.110224244778494, 0.487591828964769, 
    -0.0793765462796747, 0.479426441905598, -0.225703681410317, 
    -0.0115209159943874, 0.174779033093848, 0.0241286688068917, 
    0.00353639775883807, 0.245564261049768, -0.191502340867816, 
    -0.44201655452141, 0.166482574751288, -375.662575152717, 
    -0.327710890512581, -26.6119972333181, 4.52227714068264, 
    -11.5610337845311, -39.4108531467098, 0.318502529707778, 
    0.265229292652669, -0.00644816085519206, 0.236609151134978, 
    -0.0510450811159412, 0.288333222269908, 0.33684958784908, 
    -0.226904956305389, 0.0867579927211099, 0.124724752890196, 
    0.0793049540382911, -0.104371764236398, -0.430801502696108, 
    -0.0847398024940367, -0.0204171196088067, -0.225601139998904, 
    0.152222687258112, 0.253639096411835, -0.0732185988313642, 
    -0.194976498082137, -0.212122598647788, -220.547802830437, 
    -8.28150461356839, -12.875499479707, 23.6840296439762, 23.3341724624296, 
    5.96918925223577, 38.4870988272436, 0.0472626621572952, 0.424043466958037, 
    -0.0507028539029556, 0.263472473197191, -0.170115578356323, 
    0.181633211728466, -0.0384082198263939, 0.230553180616197, 
    0.0610152675644145, -0.291498455803615, -0.360791129540144, 
    0.172039443131078, -0.16220751295552, -0.0837806377564717, 
    0.222632565209542, 0.0745564823784115, -0.199540827914685, 
    0.336760265243366, -0.315899238025077, 0.0552325799433834
    ), .Dim = c(27L, 7L), .Dimnames = list(c("1", "2", "3", "4", 
    "5", "6", "7", "8", "9", "10", "11", "12", "13", "14", "15", 
    "16", "17", "18", "19", "20", "21", "22", "23", "24", "25", 
    "26", "30"), c("x1", "x2", "x3", "x4", "x5", "x6", "x7")), assign = 1:7), 
        qraux = c(1.19245008972988, 1.0066422713475, 1.29439942593498, 
        1.09361073781378, 1.04916408911488, 1.24751192194426, 
        1.19084431917907), pivot = 1:7, tol = 1e-07, rank = 7L), .Names = c("qr", 
    "qraux", "pivot", "tol", "rank"), class = "qr"), df.residual = 20L, 
    xlevels = structure(list(), .Names = character(0)), call = quote(lm(formula = y ~ 
        . + 0, data = structure(list(y = c(43, 63, 71, 61, 81, 
        43, 58, 71, 72, 67, 64, 67, 69, 68, 77, 81, 74, 65, 65, 
        50, 50, 64, 53, 40, 63, 66, 82), x1 = c(1, 1, 1, 1, 1, 
        1, 1, 1, 1, 1, 1, 1, 1, 1, 1, 1, 1, 1, 1, 1, 1, 1, 1, 
        1, 1, 1, 1), x2 = c(51, 64, 70, 63, 78, 55, 67, 75, 82, 
        61, 53, 60, 62, 83, 77, 90, 85, 60, 70, 58, 40, 61, 66, 
        37, 54, 77, 82), x3 = c(30, 51, 68, 45, 56, 49, 42, 50, 
        72, 45, 53, 47, 57, 83, 54, 50, 64, 65, 46, 68, 33, 52, 
        52, 42, 42, 66, 39), x4 = c(39, 54, 69, 47, 66, 44, 56, 
        55, 67, 47, 58, 39, 42, 45, 72, 72, 69, 75, 57, 54, 34, 
        62, 50, 58, 48, 63, 59), x5 = c(61, 63, 76, 54, 71, 54, 
        66, 70, 71, 62, 58, 59, 55, 59, 79, 60, 79, 55, 75, 64, 
        43, 66, 63, 50, 66, 88, 64),