
expected <- structure(list(coefficients = structure(c(-0.188485618753588, 
0.594634681222487, -0.0507645906552742, 0.378197001699194, 0.092378660815402, 
0.13602849074815, -0.222131558097089), .Names = c("x1", "x2", 
"x3", "x4", "x5", "x6", "x7")), residuals = structure(c(-8.73942071345498, 
1.88662626529772, -0.4570274703046, 5.54064997375131, -7.5516847638614, 
-8.43951692009676, 1.48226276283068, -8.88157435719764, 7.95711643061778, 
6.43052560822786, 12.730759579644, 11.0397932656514, -1.89976098843914, 
-0.601757940429699, -1.94649582192797, -3.24055550999578, 1.75072778377732, 
-3.69641999850853, -6.68105016072873, 10.1604901865097, -10.802462736676, 
5.97531554315209, -2.83719808325998, 1.44665765967392, -7.74906759132428, 
6.55649621927206, 5.11064488863998), .Names = c("1", "2", "4", 
"5", "6", "7", "8", "9", "10", "11", "12", "13", "14", "15", 
"16", "17", "18", "19", "20", "21", "23", "25", "26", "27", "28", 
"29", "30")), effects = structure(c(219.244219567987, -263.214450794638, 
0.289319597927411, -14.8070594120564, -4.66335850345552, 6.49800606055434, 
-8.21407738600613, -14.42891861417, 6.94283870979608, 2.37755817410148, 
13.1762913707355, 9.16596312459031, -5.86546060975094, -0.93963213111392, 
-4.02199215848682, -1.9412367097404, -6.3461529479075, -3.18719238192699, 
-8.78545372978297, 7.84702170913849, -12.8855834747075, 5.78930875357441, 
3.16081730547955, 0.733243942324243, -12.4559784833067, 6.12159948602856, 
4.06693690834324), .Names = c("x1", "x2", "x3", "x4", "x5", "x6", 
"x7", "", "", "", "", "", "", "", "", "", "", "", "", "", "", 
"", "", "", "", "", "")), rank = 7L, fitted.values = structure(c(51.739420713455, 
61.1133737347023, 61.4570274703046, 75.4593500262487, 50.5516847638614, 
66.4395169200968, 69.5177372371693, 80.8815743571976, 59.0428835693822, 
57.5694743917721, 54.269240420356, 57.9602067343486, 69.8997609884391, 
77.6017579404297, 82.946495821928, 77.2405555099958, 63.2492722162227, 
68.6964199985085, 56.6810501607287, 39.8395098134903, 63.802462736676, 
57.0246844568479, 68.83719808326, 76.5533423403261, 55.7490675913243, 
78.4435037807279, 76.88935511136), .Names = c("1", "2", "4", 
"5", "6", "7", "8", "9", "10", "11", "12", "13", "14", "15", 
"16", "17", "18", "19", "20", "21", "23", "25", "26", "27", "28", 
"29", "30")), assign = 1:7, qr = structure(list(qr = structure(c(7.64511424469926, 
-0.0601265875873716, -0.0944114355619558, -0.311872593690452, 
-0.282996713571393, -0.0140531185328261, 0.222442147955255, -0.364879663809653, 
-0.154786779290594, -0.0766587037491159, -0.126054077084746, 
0.00335309146854804, -0.284700576216535, -0.158269254524493, 
-0.106941545905741, -0.138743471727486, -0.0895892022358218, 
-0.293432998323422, 0.173475502132501, -0.331096713711779, -0.136561862429302, 
-0.052546090588199, 0.0696493070161671, -0.140569220576353, -0.340743626764061, 
-0.215250577715795, -0.044287911261527, 228.288513760067, -275.866551950793, 
0.169035351156812, 0.0867389292961277, 0.0215132702997999, 0.234038913694757, 
0.411671585190753, 0.0679246762730666, 0.123840620363939, 0.143943221994628, 
0.138273680568908, 0.226853707087405, 0.121940772966925, 0.179651002995559, 
0.259033805218064, 0.220922145047946, 0.161191217269363, 0.0693283640598065, 
0.319272905314327, -0.0630908557244936, 0.153419367630264, 0.162722519144033, 
0.322893836556996, 0.183525282880019, -0.00752977346024207, 0.172838765724777, 
0.269410991126051, 180.192570971067, -210.884956407425, 54.7920845366862, 
0.14943086495508, -0.0524712185044783, 0.176250851486408, 0.0832500366185979, 
-0.0732495356692665, 0.0725812754937444, -0.205116245948303, 
0.0148748212417332, -0.171959305652324, -0.280041795174915, 0.133498281318782, 
0.375911266191042, 0.0582585712142322, -0.322759423534357, 0.215175668515208, 
-0.471340635470019, 0.0412868739358315, 0.0103624575569125, 0.00363122380762752, 
-0.142512479496789, 0.0280304463136826, 0.0812629049866921, -0.0503631538678515, 
0.448849223044066, 184.744125987509, -226.167462532892, 10.3329795584282, 
-44.1940758245901, -0.0444461119541609, 0.0733818333002844, -0.130186728688846, 
-0.0335298906256472, -0.0499621231821858, 0.25928080030873, -0.230914998305798, 
-0.260856591731502, -0.616388197591175, 0.236627745357198, 0.07062020114585, 
-0.004560705451363, 0.476130408786382, 0.0549749390193318, -0.0113353587490149, 
0.0393094893740263, -0.0952758866725607, 0.080412891027044, -0.0567564883251922, 
0.285539947243292, -0.0161322964277708, 0.00690749361454502, 
-0.0517174747687693, 208.215565316248, -264.964264552375, 10.4599887860491, 
-18.6454661007759, -42.5458822770739, 0.0536115002643986, -0.0952049903241282, 
0.000160403987437016, 0.204677405570763, -0.000906005809977611, 
0.214037009131543, -0.0451696776118625, -0.120683076664856, 0.11548668267383, 
-0.491478594909903, 0.0205094426091075, -0.373145131087805, 0.377154121520601, 
-0.065045879193977, 0.28035489626829, 0.106559330788712, 0.310962358506953, 
0.25673091554106, 0.114736617534591, 0.128079236127833, -0.0249246320173356, 
-0.164115196416181, 252.00589404719, -288.407378228955, 19.3939083604325, 
-14.382687729933, -48.6714425162024, 62.1153672140746, 0.2240694887893, 
-0.106042026630972, -0.193530468437264, -0.114853117332284, -0.156300049230511, 
-0.0645304430481128, -0.232494647704395, 0.16761122362078, 0.332027187834621, 
0.13788652506961, -0.37928097303766, -0.0349509528069771, -0.224134055995847, 
-0.298993202510115, -0.178654002098148, -0.0722430691004742, 
0.281737703684659, 0.141450062485454, -0.435330881840861, 0.157129842784747, 
0.00944254381561381, 131.903738207633, -177.212102371521, 19.9948554147842, 
-25.1468368519806, -26.5053558484079, 8.78512540298474, 36.9784350155952, 
0.399480869001783, 0.0135918651706337, 0.355346072909529, -0.103835425823435, 
0.324701979592733, -0.015318539302486, 0.139482022020325, -0.120576215641724, 
-0.371464292294004, -0.148515568469786, -0.01206533817023, 0.100075316409226, 
-0.0982242133443209, 0.146873568796571, 0.363335687308618, -0.39581265011155, 
0.150900384954337, -0.0601393052633921, -0.185708192238676, -0.0541987756070597
), .Dim = c(27L, 7L), .Dimnames = list(c("1", "2", "4", "5", 
"6", "7", "8", "9", "10", "11", "12", "13", "14", "15", "16", 
"17", "18", "19", "20", "21", "23", "25", "26", "27", "28", "29", 
"30"), c("x1", "x2", "x3", "x4", "x5", "x6", "x7")), assign = 1:7), 
    qraux = c(1.02255892688872, 1.19420772014957, 1.08551969533899, 
    1.08868014299219, 1.18177774763054, 1.11129073998257, 1.0979873608543
    ), pivot = 1:7, tol = 1e-07, rank = 7L), .Names = c("qr", 
"qraux", "pivot", "tol", "rank"), class = "qr"), df.residual = 20L, 
    xlevels = structure(list(), .Names = character(0)), call = quote(lm(formula = y ~ 
        . + 0, data = structure(list(y = c(43, 63, 61, 81, 43, 
        58, 71, 72, 67, 64, 67, 69, 68, 77, 81, 74, 65, 65, 50, 
        50, 53, 63, 66, 78, 48, 85, 82), x1 = c(-0.172465573302085, 
        0.459674631249372, 0.721786210877214, 2.38430160855418, 
        2.16354220612773, 0.107437696677756, -1.70059563395422, 
        2.78954671539225, 1.18336261124564, 0.586064548012546, 
        0.963697820323011, -0.0256347673499762, 2.17656843070712, 
        1.20998653226313, 0.817580335954143, 1.06070969206283, 
        0.684919686184324, 2.24332879534721, -1.32624003245954, 
        2.53127220237103, 1.04403103974092, 0.401720865659098, 
        -0.532476909202731, 1.07466775059455, 2.60502395476441, 
        1.64561525787477, 0.338586141253477), x2 = c(51, 64, 
        63, 78, 55, 67, 75, 82, 61, 53, 60, 62, 83, 77, 90, 85, 
        60, 70, 58, 40, 66, 54, 77, 75, 57, 85, 82), x3 = c(30, 
        51, 45, 56, 49, 42, 50, 72, 45, 53, 47, 57, 83, 54, 50, 
        64, 65, 46, 68, 33, 52, 42, 66, 58, 44, 71, 39), x4 = c(39, 
        54, 47, 66, 44, 56, 55, 67, 47, 58, 39, 42, 45, 72, 72, 
        69, 75, 57, 54, 34, 50, 48, 63, 74, 45, 71, 59),