
expected <- structure(list(coefficients = structure(c(21.9594580044164, 0.575551091437497, 
-0.00599118186102987, 0.278882164170614, 0.0612697247491503, 
-0.0849824862644857, -0.188427618942231), .Names = c("x1", "x2", 
"x3", "x4", "x5", "x6", "x7")), residuals = structure(c(-7.46884407069069, 
0.905959940472475, -0.00165015825129888, 7.89128166425695, -9.04728387301371, 
0.900535774259898, -6.86373531775632, 8.32937014655371, 5.33019517587924, 
9.37717290524246, 7.86932785208962, -5.10874840444203, 1.16816464110394, 
-3.99292304312544, -2.166451284727, 3.73495202916798, -1.99768338084359, 
3.48186884553681, -0.161775263413203, -11.1778635658103, -6.80519568331686, 
3.58943266586449, -2.98729361553701, 1.07993571228274, -8.81274054724046, 
6.08301629527457, 6.85097456018305), .Names = c("1", "2", "3", 
"5", "7", "8", "9", "10", "11", "12", "13", "14", "15", "16", 
"17", "18", "19", "21", "22", "23", "24", "25", "26", "27", "28", 
"29", "30")), effects = structure(c(-343.523410167827, 49.3571362451374, 
-0.900494662017867, -9.30463239602708, 1.26437505230766, 5.78448462654214, 
-7.33286363371927, 9.78483237446802, 5.32792048455296, 12.5710799912206, 
11.0637435614678, -1.84759321654828, 2.57898953794401, -5.78562869240459, 
-2.3115076503435, -3.4762786914305, 0.611375341395933, 5.08042706919961, 
0.522283171874816, -8.82183239840015, -10.3957181638052, 8.3787070452408, 
-0.720620654153012, 3.36388951300445, -8.76212694817107, 6.70820512481634, 
6.97303590609407), .Names = c("x1", "x2", "x3", "x4", "x5", "x6", 
"x7", "", "", "", "", "", "", "", "", "", "", "", "", "", "", 
"", "", "", "", "", "")), rank = 7L, fitted.values = structure(c(50.4688440706907, 
62.0940400595275, 71.0016501582513, 73.108718335743, 67.0472838730137, 
70.0994642257401, 78.8637353177563, 58.6706298534463, 58.6698048241208, 
57.6228270947575, 61.1306721479104, 73.108748404442, 75.8318353588961, 
84.9929230431254, 76.166451284727, 61.265047970832, 66.9976833808436, 
46.5181311544632, 64.1617752634132, 64.1778635658103, 46.8051956833169, 
59.4105673341355, 68.987293615537, 76.9200642877173, 56.8127405472405, 
78.9169837047254, 75.149025439817), .Names = c("1", "2", "3", 
"5", "7", "8", "9", "10", "11", "12", "13", "14", "15", "16", 
"17", "18", "19", "21", "22", "23", "24", "25", "26", "27", "28", 
"29", "30")), assign = 1:7, qr = structure(list(qr = structure(c(-5.19615242270663, 
0.192450089729875, 0.192450089729875, 0.192450089729875, 0.192450089729875, 
0.192450089729875, 0.192450089729875, 0.192450089729875, 0.192450089729875, 
0.192450089729875, 0.192450089729875, 0.192450089729875, 0.192450089729875, 
0.192450089729875, 0.192450089729875, 0.192450089729875, 0.192450089729875, 
0.192450089729875, 0.192450089729875, 0.192450089729875, 0.192450089729875, 
0.192450089729875, 0.192450089729875, 0.192450089729875, 0.192450089729875, 
0.192450089729875, 0.192450089729875, -350.644063487833, 69.9910047130397, 
-0.0739876890014511, -0.188288091357435, -0.0311250381179571, 
-0.145425440473941, -0.245438292535427, 0.0546002636490308, 0.168900666005015, 
0.0688878139435288, 0.0403127133545328, -0.259725842829925, -0.174000541062937, 
-0.359738694891411, -0.288300943418921, 0.0688878139435288, -0.0739876890014511, 
0.354638819833489, 0.0546002636490308, -0.0168374878234591, 0.397501470716983, 
0.154613115710517, -0.174000541062937, -0.145425440473941, 0.111750464827023, 
-0.288300943418921, -0.245438292535427, -275.588528493181, 38.4409186516115, 
-50.5891167760729, -0.00316766421737167, -0.167031203886066, 
-0.0909859330561284, 0.272060140307717, -0.0461612801759294, 
0.194067007807626, 0.00363435324785844, 0.18078245036209, 0.479236773419893, 
-0.0324404204969572, -0.244907511637645, 0.0831390451846672, 
0.359442106913039, -0.118747129898996, -0.0678762392719259, 0.092208401804974, 
0.0409012089444684, 0.140811953276968, -0.0336325024487515, 0.204764748613163, 
0.0671508463506184, -0.0248826233133682, 0.221508727165571, -0.380254074745113, 
-297.527838722387, 35.5135583468277, -11.8516979838765, -48.2235379626031, 
0.0750897993545926, -0.058236441180571, -0.0196557085553235, 
-0.0941457096375501, 0.127353894350043, -0.268315037800077, -0.293849248636085, 
-0.564434550492817, 0.251241851319996, 0.194927838781171, 0.0615428067064411, 
0.344114840428868, 0.0461558654104395, -0.135222990778853, 0.164758226616937, 
-0.117203131244745, 0.315284649387418, -0.00469171660190341, 
-0.0247846889873241, 0.276164899973097, -0.101673414793717, 0.0508688449211501, 
0.0602883418434414, -340.05930855269, 35.7220507474215, -2.99208838484361, 
-14.719169466044, -37.2692261040187, 0.0382911526672781, -0.132676681248276, 
0.024011503696874, -0.101795034596905, 0.00541059234602756, -0.163214563459382, 
-0.331718342334546, 0.132082992480758, -0.493056580896258, 0.0561061679297304, 
-0.394413959658618, 0.214317372691583, -0.168689338295681, 0.0105167711067292, 
-0.0327006506859377, -0.140994803015213, 0.197213518869501, 0.411976513253235, 
0.155391497678627, -0.216810835825468, -0.0264316019198206, -0.194482151548384, 
-379.319126857584, 6.4865478337021, -2.2860873991295, -7.04107583069533, 
5.63982075274061, -52.3575608162564, 0.155187166563693, 0.260865722854146, 
0.0868269338201102, -0.121862404458483, 0.139631599797528, 0.00460958442059878, 
-0.0599620442553585, -0.376185076415418, 0.0249771589953804, 
0.209328791743262, 0.113731341420793, -0.436706347513284, -0.0597056633391839, 
0.0308778973127699, -0.0952735443317229, -0.343186400726887, 
0.0657954650877239, -0.550925778526679, -0.0137571832582291, 
-0.164369751460938, 0.0148728185986389, -224.589254714764, 11.8745418003161, 
-11.0954592247823, -23.6033527970351, -21.3723247662718, -7.08499603787885, 
38.9160765013297, 0.0239163126364358, 0.318891916850735, -0.12220003067436, 
0.31008510065567, -0.0279280715307372, 0.147996167720509, 0.107479137759749, 
-0.357324267961481, -0.229736852521839, 0.0279134499639623, -0.0149990347978773, 
0.173638707566387, 0.106459641083525, -0.0546106721354208, 0.245010946785098, 
-0.508738848910297, 0.0545798883503867, -0.021629272351064, -0.168072222673557, 
0.031923400136431), .Dim = c(27L, 7L), .Dimnames = list(c("1", 
"2", "3", "5", "7", "8", "9", "10", "11", "12", "13", "14", "15", 
"16", "17", "18", "19", "21", "22", "23", "24", "25", "26", "27", 
"28", "29", "30"), c("x1", "x2", "x3", "x4", "x5", "x6", "x7"
)), assign = 1:7), qraux = c(1.19245008972988, 1.01173761276554, 
1.31612901346956, 1.10529795744899, 1.01687850927921, 1.07816530337495, 
1.4182413390227), pivot = 1:7, tol = 1e-07, rank = 7L), .Names = c("qr", 
"qraux", "pivot", "tol", "rank"), class = "qr"), df.residual = 20L, 
    xlevels = structure(list(), .Names = character(0)), call = quote(lm(formula = y ~ 
        . + 0, data = structure(list(y = c(43, 63, 71, 81, 58, 
        71, 72, 67, 64, 67, 69, 68, 77, 81, 74, 65, 65, 50, 64, 
        53, 40, 63, 66, 78, 48, 85, 82), x1 = c(1, 1, 1, 1, 1, 
        1, 1, 1, 1, 1, 1, 1, 1, 1, 1, 1, 1, 1, 1, 1, 1, 1, 1, 
        1, 1, 1, 1), x2 = c(51, 64, 70, 78, 67, 75, 82, 61, 53, 
        60, 62, 83, 77, 90, 85, 60, 70, 40, 61, 66, 37, 54, 77, 
        75, 57, 85, 82), x3 = c(30, 51, 68, 56, 42, 50, 72, 45, 
        53, 47, 57, 83, 54, 50, 64, 65, 46, 33, 52, 52, 42, 42, 
        66, 58, 44, 71, 39), x4 = c(39, 54, 69, 66, 56, 55, 67, 
        47, 58, 39, 42, 45, 72, 72, 69, 75, 57, 34, 62, 50, 58, 
        48, 63, 74, 45, 71, 59), x5 = c(61, 63, 76, 71, 66, 70, 
        71, 62, 58, 59, 55, 59, 79, 60, 79, 55, 75, 43, 66, 63, 
        50, 66, 88, 80, 51, 77, 64), x6 = c(80, 76, 67, 86, 74, 
        78, 83, 86, 80, 63, 77, 67, 75, 64, 77, 92, 80, 49, 73, 
        74, 73, 54, 74, 49, 73, 67, 80), x7 = c(45, 47, 48, 47, 
        35, 41, 31, 41, 34, 41, 25, 35, 46, 36, 63, 60, 46, 33, 
        41, 37, 49, 33, 72, 49, 38, 55, 39)), .Names = c("y", 
        "x1", "x2", "x3", "x4", "x5", "x6", "x7"),