
expected <- structure(list(coefficients = structure(c(-6.36206998777333, 
0.406631644858199, 0.152603972206293, -0.0784591759985318, 0.343671129766478, 
0.453325657119818, -0.425998635571463), .Names = c("x1", "x2", 
"x3", "x4", "x5", "x6", "x7")), residuals = structure(c(-16.7555838185845, 
7.35661645630781, 11.0610995898972, -15.6947474971245, -13.0717294114102, 
2.86072203913262, 4.52699128002323, 1.0245510032642, -0.542973767155088, 
-2.71903469696805, 2.01709655068657, -2.86913627269849, 14.5052836966449, 
20.316540850808, 8.79058513136076, -1.37552290511721, -8.1145546943197, 
-19.594352997739, 0.961864221729951, -2.03297778842102, -6.20831392349629, 
-17.0935009564355, 10.2696538143285, 8.95238354012776, 10.3817450458064, 
-9.55847851748312, 23.7059277182722), .Names = c("2", "3", "4", 
"6", "7", "8", "9", "10", "11", "12", "13", "14", "15", "16", 
"17", "18", "19", "20", "21", "22", "23", "24", "25", "26", "27", 
"28", "29")), effects = structure(c(-285.002681010979, -166.533899521271, 
-22.3955715015093, -1.92392164698894, 32.5362770365276, -19.9935190317726, 
14.3023866455234, -2.15087313046434, 4.78253359548012, -4.67742377709424, 
9.28586739184185, -2.30386580568904, 22.6690267049631, 18.0412614052447, 
5.47085823692384, 10.4547019655185, -9.92640622516815, -10.2079462425413, 
5.76057387314131, 8.33540968030583, -12.5367754581929, -18.1395111541012, 
15.2867895842515, 19.3708610948049, 14.715319324452, -10.1731046637535, 
22.7746550102464), .Names = c("x1", "x2", "x3", "x4", "x5", "x6", 
"x7", "", "", "", "", "", "", "", "", "", "", "", "", "", "", 
"", "", "", "", "", "")), rank = 7L, fitted.values = structure(c(79.7555838185845, 
63.6433835436922, 49.9389004101028, 58.6947474971245, 71.0717294114102, 
68.1392779608674, 67.4730087199768, 65.9754489967358, 64.5429737671551, 
69.7190346969681, 66.9829034493134, 70.8691362726985, 62.4947163033551, 
60.683459149192, 65.2094148686392, 66.3755229051172, 73.1145546943197, 
69.594352997739, 49.03813577827, 66.032977788421, 59.2083139234963, 
57.0935009564355, 52.7303461856715, 57.0476164598722, 67.6182549541936, 
57.5584785174831, 61.2940722817278), .Names = c("2", "3", "4", 
"6", "7", "8", "9", "10", "11", "12", "13", "14", "15", "16", 
"17", "18", "19", "20", "21", "22", "23", "24", "25", "26", "27", 
"28", "29")), assign = 1:7, qr = structure(list(qr = structure(c(-5.99363572947164, 
-0.0136246474882457, 0.256808050491136, 0.210181077626988, 0.0694131299972528, 
0.084796698069302, 0.0796459746005223, 0.254171637072998, 0.154396738786248, 
0.166583252419479, 0.2479766170651, 0.1637151805698, 0.176229923771587, 
0.127613011483173, 0.069908940809518, 0.326294010562038, 0.165717433044879, 
0.203671214251102, 0.0961359852089115, 0.286901742791112, 0.131068422026369, 
0.0415496849182088, 0.375345391172963, 0.298060722399124, 0.0788653232384086, 
0.244894900167339, 0.0456151874964097, -312.573134232156, -183.054734318145, 
-0.170000503687624, 0.0291452722153992, 0.327732132298771, 0.294414743669082, 
0.347443771980295, -0.143375445173216, 0.0318209702822776, 0.108086479677598, 
0.0153385503105578, 0.151519535708097, -0.00224884240344942, 
0.102168808682442, 0.162948974310956, -0.142856825642339, 0.0823399566893739, 
0.013618241743387, 0.137311879821049, -0.0551419475308809, 0.0904493587949989, 
0.214298184784964, -0.379169482007381, -0.129975629725064, 0.310617344025012, 
-0.148429738018393, 0.250639683180857, -245.181448467306, -129.397725140651, 
-64.3217385951134, 0.1858437003072, -0.108133100911064, -0.146740729098176, 
-0.24979582509558, 0.411925082168702, 0.225003262331109, 0.163344413995945, 
-0.181010908557722, -0.146751016045842, 0.0541654202536449, 0.0150060317803115, 
0.00607688999088634, -0.27208109713107, 0.187748661623204, -0.0840294721230097, 
0.376409743958444, -0.110949966813336, 0.429608250580266, 0.167135759370012, 
0.125844535946367, -0.0957762745998456, 0.169846778623358, 0.13153188979878, 
0.0933575638025765, -255.520220440775, -137.992846408625, -31.1593229981221, 
-60.6752657698494, 0.0806735191913758, -0.15304254816304, -0.0603971094864306, 
-0.179744630102908, 0.361400866973255, -0.202517725831862, -0.0273983118745591, 
-0.251852958615009, 0.474488806220985, -0.139528703626206, 0.0650276626665846, 
0.100962023070668, -0.199284958158915, 0.367188902569172, 0.343133392199959, 
0.073179106451852, -0.180229606493924, 0.207286014742434, 0.134684650911304, 
0.177092432784618, 0.0553505815697324, -0.0530336283188747, -0.0262852919166631, 
-290.367328293401, -156.914674857808, -34.0307327113044, -12.0279497268652, 
71.0481324914329, 0.268443885442797, 0.266894454399108, 0.144979853923085, 
0.0282674029758552, 0.0252080226618978, 0.239993764453007, 0.0198881411837633, 
-0.126783138279699, -0.10469877412634, -0.351060347502573, 0.283572327061027, 
0.0961220577761648, -0.0986741060869632, 0.295769893635538, 0.30041086218243, 
0.248304835932124, -0.00385730509529732, -0.278786757118621, 
0.282238771863328, 0.29077973502202, -0.102537819123408, 0.0991609274999225, 
-327.891889073462, -168.784514959923, -22.3355191088416, -9.90480902422937, 
27.3041981669046, -63.6175816608483, 0.123424352745708, 0.218519283584117, 
0.289714275524095, -0.312481500351017, 0.0153670286643529, -0.215101310412684, 
0.222038818427488, -0.0441990487861964, 0.228663835645633, 0.355874249440059, 
0.0511715150471119, 0.155601057264241, -0.14100970599726, -0.0524034144727001, 
0.0719401866752929, 0.266709541208628, -0.272072911285284, 0.113946982595777, 
-0.47996934397411, 0.12679265661996, 0.0940675056955552, -163.775049315889, 
-110.946704557827, -15.9533157328104, -4.55238577366913, 9.99676558829934, 
-20.7652378208642, -33.5737851045865, -0.126000342087638, -0.445816209704719, 
0.0231092723042562, 0.123390951643716, 0.129496096033344, -0.337262755426924, 
0.0948647934109245, -0.0230134373861302, 0.023790685807255, -0.207785114048816, 
-0.304303725374568, -0.244038480778099, -0.0312673615400893, 
0.141317950438047, -0.0542432870804708, 0.170188827984566, 0.110456387617062, 
-0.279960702886371, 0.108432014465292, -0.173442422596725), .Dim = c(27L, 
7L), .Dimnames = list(c("2", "3", "4", "6", "7", "8", "9", "10", 
"11", "12", "13", "14", "15", "16", "17", "18", "19", "20", "21", 
"22", "23", "24", "25", "26", "27", "28", "29"), c("x1", "x2", 
"x3", "x4", "x5", "x6", "x7")), assign = 1:7), qraux = c(1.17535509659443, 
1.34151484365509, 1.05144924383065, 1.10061044198089, 1.15783967521321, 
1.10330001352913, 1.49839597568529), pivot = 1:7, tol = 1e-07, 
    rank = 7L), .Names = c("qr", "qraux", "pivot", "tol", "rank"
), class = "qr"), df.residual = 20L, xlevels = structure(list(), .Names = character(0)), 
    call = quote(lm(formula = y ~ . + 0, data = structure(list(y = c(63, 
        71, 61, 43, 58, 71, 72, 67, 64, 67, 69, 68, 77, 81, 74, 
        65, 65, 50, 50, 64, 53, 40, 63, 66, 78, 48, 85), x1 = c(1.05101457229331, 
        -0.0816611739870052, 1.53921390703963, 1.25974881652397, 
        0.416037016045994, 0.508240519289387, 0.477368959074281, 
        1.52341220537902, 0.925397810103153, 0.998439333632985, 
        1.48628151211489, 0.981249155720053, 1.05625796771945, 
        0.764865905171018, 0.419008725445445, 1.95568744001723, 
        0.993249927694108, 1.22073106680028, 0.576204075836089, 
        1.71958453644049, 0.785576377262714, 0.249033676074065, 
        2.24968354742678, 1.78646739532352, 0.472690019178056, 
        1.46781082360835, 0.273400817585029), x2 = c(77, 58, 
        54, 75, 83, 82, 90, 58, 57, 75, 85, 82, 58, 61, 53, 82, 
        70, 70, 57, 85, 60, 53, 55, 75, 83, 54, 61), x3 = c(47, 
        42, 45, 68, 53, 50, 49, 71, 57, 66, 52, 51, 47, 46, 39, 
        45, 64, 47, 66, 57, 72, 49, 52, 51, 71, 50, 50), x4 = c(45, 
        48, 39, 69, 66, 50, 59, 45, 72, 50, 59, 44, 75, 39, 45, 
        62, 47, 74, 75, 67, 47, 58, 54, 66, 72, 42, 48), x5 = c(88, 
        76, 55, 76, 66, 54, 59, 59, 64, 75, 59, 71, 71, 66, 77, 
        51, 66, 75, 50, 58, 54, 59, 79, 51, 66, 64, 55),