
expected <- structure(list(coefficients = structure(c(25.0261226758705, 0.749580052896824, 
-0.121701881504977, -0.219900277851361, 0.177399043550115, -0.0191150338210744, 
-0.0174586675498068), .Names = c("x1", "x2", "x3", "x4", "x5", 
"x6", "x7")), residuals = structure(c(-9.047947428438, 1.10108250024447, 
3.31289904241225, -1.26129848316564, 9.30683082413181, -12.5847342738531, 
1.8924528241936, -6.9609054661595, 3.52755947713347, 4.93805022076415, 
4.89679855072975, -1.6908234970866, -3.43484382965611, -1.85213627868403, 
-3.18292829699444, 6.0647848705756, -2.60237234185148, -9.28524073481018, 
5.71249245648583, 1.98927814057601, 1.91849468924417, 6.76317768696243, 
-5.12029092916773, 3.84322135210504, -6.68125861359465, 8.7885384511368, 
-0.35088091323393), .Names = c("1", "2", "3", "4", "5", "6", 
"8", "9", "10", "12", "13", "14", "15", "16", "17", "18", "19", 
"20", "21", "22", "24", "25", "26", "27", "28", "29", "30")), 
    effects = structure(c(-339.4819582835, 54.8283956586102, 
    5.80475161533608, -12.7295411360592, 6.34736357575296, -0.952236435416772, 
    -0.669714513488032, -7.41550083026203, 5.83052137867055, 
    7.39638737880739, 6.22198436472467, -8.58101340564737, 4.54038456144154, 
    2.18550761402487, 0.831653626535436, 6.43972951929918, -0.218935094053249, 
    -7.42252548584992, 6.19868830783911, 3.61841535908053, 4.11565354918908, 
    8.70835805729363, 1.9219689397699, 9.3173686454166, -10.0346631546916, 
    11.3418956993712, 4.19547882376722), .Names = c("x1", "x2", 
    "x3", "x4", "x5", "x6", "x7", "", "", "", "", "", "", "", 
    "", "", "", "", "", "", "", "", "", "", "", "", "")), rank = 7L, 
    fitted.values = structure(c(52.047947428438, 61.8989174997555, 
    67.6871009575877, 62.2612984831656, 71.6931691758682, 55.5847342738531, 
    69.1075471758064, 78.9609054661595, 63.4724405228665, 62.0619497792359, 
    64.1032014492702, 69.6908234970866, 80.4348438296561, 82.852136278684, 
    77.1829282969944, 58.9352151294244, 67.6023723418515, 59.2852407348102, 
    44.2875075435142, 62.010721859424, 38.0815053107558, 56.2368223130376, 
    71.1202909291677, 74.156778647895, 54.6812586135947, 76.2114615488632, 
    82.3508809132339), .Names = c("1", "2", "3", "4", "5", "6", 
    "8", "9", "10", "12", "13", "14", "15", "16", "17", "18", 
    "19", "20", "21", "22", "24", "25", "26", "27", "28", "29", 
    "30")), assign = 1:7, qr = structure(list(qr = structure(c(-5.19615242270663, 
    0.192450089729875, 0.192450089729875, 0.192450089729875, 
    0.192450089729875, 0.192450089729875, 0.192450089729875, 
    0.192450089729875, 0.192450089729875, 0.192450089729875, 
    0.192450089729875, 0.192450089729875, 0.192450089729875, 
    0.192450089729875, 0.192450089729875, 0.192450089729875, 
    0.192450089729875, 0.192450089729875, 0.192450089729875, 
    0.192450089729875, 0.192450089729875, 0.192450089729875, 
    0.192450089729875, 0.192450089729875, 0.192450089729875, 
    0.192450089729875, 0.192450089729875, -348.719562590534, 
    70.3467601717852, -0.0780287364412797, 0.0214783337195374, 
    -0.191751102339356, 0.135200699617614, -0.149105215127578, 
    -0.248612285288395, 0.0499089251940565, 0.0641242209313161, 
    0.035693629456797, -0.262827581025654, -0.177535806602097, 
    -0.362334651186471, -0.291258172500173, 0.0641242209313161, 
    -0.0780287364412797, 0.0925548124058353, 0.348430135676508, 
    0.0499089251940565, 0.391076022888286, 0.149415995354874, 
    -0.177535806602097, -0.149105215127578, 0.106770108143095, 
    -0.291258172500173, -0.248612285288395, -278.475279839129, 
    37.4320326308127, -53.0034098114856, -0.075706467318834, 
    -0.012820834695724, 0.0769060743699957, -0.0970914619501152, 
    0.250473687390347, -0.0564200426149869, -0.0090434088263427, 
    0.160337273653413, 0.448364292940387, -0.040911043780521, 
    -0.241739647228969, 0.0706103645876936, 0.330557384104143, 
    -0.124342243063939, 0.406443940963071, -0.0803131118449159, 
    0.0756469324135353, 0.118416921676098, -0.0455176883066029, 
    0.185489484839803, 0.0538422237967673, -0.0367139039256529, 
    0.202677339616216, -0.372127766315544, -302.146640875904, 
    -2.15282756554276, 0.0714229273536704, 62.8233049086555, 
    -0.151114862362689, 0.0452059687884728, -0.240199969340689, 
    0.264357236069339, 0.203028026792956, 0.202296519939747, 
    0.336967204225258, -0.22177437403484, 0.408143517494682, 
    0.0357520791398709, -0.161789164623671, 0.205291120536665, 
    -0.138300276003381, 0.236381374325789, 0.0831766218118244, 
    0.102496433354789, -0.207689619780393, -0.0286523078179299, 
    -0.25309591039195, 0.088327306211666, -0.079954348797863, 
    -0.166814798788859, 0.335802491056, -337.172557206741, 36.836569687152, 
    -5.16778260521913, 7.83334028612642, 40.4927969305308, 0.131040404627012, 
    0.0599202496432893, 0.0355097898782065, -0.0804682740856426, 
    -0.00674024756045574, 0.114323035934821, 0.576666788415156, 
    -0.359101611857208, 0.365992740704766, -0.0136049009406026, 
    0.181618381689866, -0.174681232092719, -0.0583652675933819, 
    0.147586297248025, -0.107035015372883, 0.0948605386917679, 
    -0.184126204159544, -0.277855236139322, -0.267496110175105, 
    0.247352505487971, 0.0728969491653089, 0.0158782956018976, 
    -390.288781972187, 8.70923785502774, -2.19264660625914, -0.931793575029466, 
    18.8547810770608, 47.5987093814624, 0.222077115695056, 0.0289507796528752, 
    -0.0135503574713108, 0.0935960239750294, 0.342613463632346, 
    -0.0453866004990519, 0.229962454426436, 0.462926415791926, 
    0.0482341938527542, -0.0366606533526614, -0.116087013782602, 
    0.0849740554059087, 0.148660723427821, -0.000774084725501404, 
    0.285672753931947, 0.0610088645672681, 0.161478960712204, 
    0.139823881688186, -0.229909333534158, 0.146765826113064, 
    0.0562910154276871, -227.476006060713, 10.7846710326676, 
    -14.0153888247995, 18.4502780895804, 27.2420613462296, 2.42776234954391, 
    38.3600015051231, 0.283846639855918, -0.0187751211829378, 
    -0.0710119390827652, 0.209415702591147, 0.176822524556467, 
    -0.058054370595231, -0.147803828034796, -0.309154297052877, 
    -0.565771930429946, 0.144227862909926, -0.200300252630663, 
    0.0118426554800782, 0.107168281266045, -0.144281987324984, 
    0.381022262831901, -0.296176529862793, 0.0356533240936393, 
    0.0245835530717228, -0.125478419450016, -0.1777554371002), .Dim = c(27L, 
    7L), .Dimnames = list(c("1", "2", "3", "4", "5", "6", "8", 
    "9", "10", "12", "13", "14", "15", "16", "17", "18", "19", 
    "20", "21", "22", "24", "25", "26", "27", "28", "29", "30"
    ), c("x1", "x2", "x3", "x4", "x5", "x6", "x7")), assign = 1:7), 
        qraux = c(1.19245008972988, 1.00726303798228, 1.29072539273999, 
        1.10611329027486, 1.06481400413963, 1.54706485288672, 
        1.15014631073256), pivot = 1:7, tol = 1e-07, rank = 7L), .Names = c("qr", 
    "qraux", "pivot", "tol", "rank"), class = "qr"), df.residual = 20L, 
    xlevels = structure(list(), .Names = character(0)), call = quote(lm(formula = y ~ 
        . + 0, data = structure(list(y = c(43, 63, 71, 61, 81, 
        43, 71, 72, 67, 67, 69, 68, 77, 81, 74, 65, 65, 50, 50, 
        64, 40, 63, 66, 78, 48, 85, 82), x1 = c(1, 1, 1, 1, 1, 
        1, 1, 1, 1, 1, 1, 1, 1, 1, 1, 1, 1, 1, 1, 1, 1, 1, 1, 
        1, 1, 1, 1), x2 = c(51, 64, 70, 63, 78, 55, 75, 82, 61, 
        60, 62, 83, 77, 90, 85, 60, 70, 58, 40, 61, 37, 54, 77, 
        75, 57, 85, 82), x3 = c(30, 51, 68, 45, 56, 49, 50, 72, 
        45, 47, 57, 83, 54, 50, 64, 65, 46, 68, 33, 52, 42, 42, 
        66, 58, 44, 71, 39), x4 = c(72, 63, 57, 54, 69, 58, 75, 
        42, 48, 48, 39, 72, 34, 57, 69, 47, 69, 45, 57, 54, 75, 
        63, 75, 54, 66, 69, 39), x5 = c(61, 63, 76, 54, 71, 54, 
        70, 71, 62, 59, 55, 59, 79, 60, 79, 55, 75, 64, 43, 66, 
        50, 66, 88, 80, 51, 77, 64),