
expected <- structure(list(coefficients = structure(c(14.918874691496, 0.523517065458772, 
-0.00240362705315525, 0.353996678497113, 0.069584648884161, -0.00358679561152625, 
-0.208206901063567), .Names = c("x1", "x2", "x3", "x4", "x5", 
"x6", "x7")), residuals = structure(c(-6.89737451749902, 1.22969962056425, 
0.400830841477394, 7.146113089537, -12.634714805765, -8.77161204322606, 
1.37720634764782, -7.63326226781229, 8.19097993569214, 4.18009524828179, 
11.668805671676, 8.47216218616615, -2.73695155145847, 0.809721386323339, 
-2.85047558080819, -1.82742124182753, 1.19994475161873, -1.96636306685544, 
-7.61097062755394, 6.32096159085973, -10.4078330696036, 5.56611483088833, 
-2.27125388323513, 2.66171609615478, -7.89384565695938, 6.92737639353986, 
7.35035032217673), .Names = c("1", "2", "4", "5", "6", "7", "8", 
"9", "10", "11", "12", "13", "14", "15", "16", "17", "18", "19", 
"20", "21", "23", "25", "26", "27", "28", "29", "30")), effects = structure(c(-339.4819582835, 
47.9679701362602, 3.76114614308679, -11.1359210222249, -2.39665548520293, 
-1.47498102206527, 7.79520845600686, -4.37165281350132, 9.5860959147345, 
5.78739222736354, 13.857548842544, 14.3726112928582, 2.87303684480424, 
1.4815379469326, 4.66542457403288, -2.65853774129082, -1.75032519434815, 
-2.32703623530269, -8.73305708365566, 9.08828569170619, -8.11548484691384, 
7.40567454544404, -5.28157132422923, 2.04714236734421, -6.42526107169288, 
7.75109571354429, 11.1513384639414), .Names = c("x1", "x2", "x3", 
"x4", "x5", "x6", "x7", "", "", "", "", "", "", "", "", "", "", 
"", "", "", "", "", "", "", "", "", "")), rank = 7L, fitted.values = structure(c(49.897374517499, 
61.7703003794358, 60.5991691585226, 73.853886910463, 55.634714805765, 
66.7716120432261, 69.6227936523522, 79.6332622678123, 58.8090200643079, 
59.8199047517182, 55.331194328324, 60.5278378138338, 70.7369515514585, 
76.1902786136767, 83.8504755808082, 75.8274212418275, 63.8000552483813, 
66.9663630668554, 57.6109706275539, 43.6790384091403, 63.4078330696036, 
57.4338851691117, 68.2712538832351, 75.3382839038452, 55.8938456569594, 
78.0726236064601, 74.6496496778233), .Names = c("1", "2", "4", 
"5", "6", "7", "8", "9", "10", "11", "12", "13", "14", "15", 
"16", "17", "18", "19", "20", "21", "23", "25", "26", "27", "28", 
"29", "30")), assign = 1:7, qr = structure(list(qr = structure(c(-5.19615242270663, 
0.192450089729875, 0.192450089729875, 0.192450089729875, 0.192450089729875, 
0.192450089729875, 0.192450089729875, 0.192450089729875, 0.192450089729875, 
0.192450089729875, 0.192450089729875, 0.192450089729875, 0.192450089729875, 
0.192450089729875, 0.192450089729875, 0.192450089729875, 0.192450089729875, 
0.192450089729875, 0.192450089729875, 0.192450089729875, 0.192450089729875, 
0.192450089729875, 0.192450089729875, 0.192450089729875, 0.192450089729875, 
0.192450089729875, 0.192450089729875, -352.183664205672, 64.6889995800419, 
0.0319993232125807, -0.199879359366827, 0.155667953921598, -0.0298349921419281, 
-0.153503622850946, -0.261713674721336, 0.0629164808898351, 0.186585111598853, 
0.0783750597284623, 0.0474579020512079, -0.277172253559963, -0.1844207805282, 
-0.385382305430354, -0.308089411237218, 0.0783750597284623, -0.0762107286578097, 
0.109292217405717, 0.387546636501006, -0.0143764133033009, 0.171126532760225, 
-0.1844207805282, -0.153503622850946, 0.124750796244344, -0.308089411237218, 
-0.261713674721336, -274.626278044532, 4.79387705984536, 57.7964198730552, 
0.0194082078880076, -0.3003834017439, 0.0770987741929917, -0.0403581165893179, 
0.0298882015106473, -0.40577817958408, 0.144231455034445, 0.0587587853533723, 
0.0293945626577949, 0.136320858436999, -0.346556095340073, -0.225985567299251, 
0.0896545259879729, -0.0796580926742166, 0.0503545499030742, 
-0.136804418745882, 0.00635881724017409, -0.271563419281641, 
-0.614441375711634, 0.0167882094823477, -0.0230560068358693, 
-0.139424417151542, 0.037748196727627, -0.091226566763493, -289.060034774273, 
42.7395352490623, 6.10125059154369, -43.8452182593455, -0.127390173875034, 
0.0594532099876784, -0.105978924118758, 0.0826302871678331, -0.169907704864369, 
0.322888751176426, -0.23127880876336, -0.198512453610315, -0.409161885813995, 
0.182547350862435, 0.0222706087663464, 0.0985904865369377, 0.55801877321532, 
0.0327480491790355, 0.0948594863294131, -0.0681861789401953, 
-0.142966731598121, -0.0937919309821403, 0.0606828080485324, 
0.33133522704833, -0.0965515440092669, 0.132290781374013, -0.127630744861234, 
-336.210306758092, 34.3214802614943, 1.99461935847428, -15.0753782350992, 
37.154004992369, -0.0225504744093045, -0.0423468911579027, 0.0819709045534781, 
0.0478078167678697, 0.067812377292793, -0.0372369300290163, 0.119586023923727, 
0.209503638732051, -0.0648382543548302, 0.542821476135822, -0.100559497644044, 
0.398394894000674, -0.223669176749135, -0.0269379214362719, 0.177761753365545, 
0.0660746788042901, -0.0755846747971667, -0.452507299921071, 
-0.155837663476044, 0.238952133250067, -0.0199758295456239, 0.226802313359158, 
-388.749181254348, 2.79628514992061, -10.8163410354275, -4.46181899244467, 
15.8221636496581, 44.4411176587834, 0.284341174211701, -0.113869890324846, 
-0.276443218586327, 0.264538345375679, 0.0787440463520057, 0.212218814994774, 
-0.109952604637563, -0.00743854725718477, 0.120827507672808, 
0.140609148098225, -0.293870444961705, 0.0316628359397168, -0.0424902660453995, 
0.10479308867689, -0.22320237238858, -0.156625125391325, 0.409892624759247, 
0.174435840643968, -0.382459211853811, 0.181114612486725, -0.185302007203909, 
-221.317603189357, 16.3019301952679, -7.50529323056137, -26.0229216725816, 
23.6555704202626, 6.31861772859183, -37.4397218160743, -0.446800865751119, 
0.0127651174620224, -0.257618087239436, 0.129393305366467, -0.183561250554681, 
0.0630089011097902, -0.144198118584103, 0.060624040983462, 0.355480455230604, 
0.260746714459484, -0.0964322817787607, 0.181162781750493, 0.0530183168494531, 
-0.106368284400972, -0.25331615258381, 0.531304733901019, -0.146096658647126, 
-0.0110336172611755, 0.184673594293951, -0.0272755096674971), .Dim = c(27L, 
7L), .Dimnames = list(c("1", "2", "4", "5", "6", "7", "8", "9", 
"10", "11", "12", "13", "14", "15", "16", "17", "18", "19", "20", 
"21", "23", "25", "26", "27", "28", "29", "30"), c("x1", "x2", 
"x3", "x4", "x5", "x6", "x7")), assign = 1:7), qraux = c(1.19245008972988, 
1.01654074437395, 1.06661878057035, 1.11524881313247, 1.16250989032152, 
1.27509171252583, 1.03994436881207), pivot = 1:7, tol = 1e-07, 
    rank = 7L), .Names = c("qr", "qraux", "pivot", "tol", "rank"
), class = "qr"), df.residual = 20L, xlevels = structure(list(), .Names = character(0)), 
    call = quote(lm(formula = y ~ . + 0, data = structure(list(y = c(43, 
        63, 61, 81, 43, 58, 71, 72, 67, 64, 67, 69, 68, 77, 81, 
        74, 65, 65, 50, 50, 53, 63, 66, 78, 48, 85, 82), x1 = c(1, 
        1, 1, 1, 1, 1, 1, 1, 1, 1, 1, 1, 1, 1, 1, 1, 1, 1, 1, 
        1, 1, 1, 1, 1, 1, 1, 1), x2 = c(51, 64, 63, 78, 55, 67, 
        75, 82, 61, 53, 60, 62, 83, 77, 90, 85, 60, 70, 58, 40, 
        66, 54, 77, 75, 57, 85, 82), x3 = c(30, 44, 45, 50, 65, 
        45, 53, 50, 72, 39, 45, 47, 44, 71, 66, 47, 53, 47, 56, 
        45, 65, 83, 50, 52, 56, 50, 57), x4 = c(39, 54, 47, 66, 
        44, 56, 55, 67, 47, 58, 39, 42, 45, 72, 72, 69, 75, 57, 
        54, 34, 50, 48, 63, 74, 45, 71, 59), x5 = c(61, 63, 54, 
        71, 54, 66, 70, 71, 62, 58, 59, 55, 59, 79, 60, 79, 55, 
        75, 64, 43, 63, 66, 88, 80, 51, 77, 64), x6 = c(92, 73, 
        84, 83, 49, 68, 66, 83, 80, 67, 74, 63, 77, 77, 54, 79, 
        80, 85, 78, 64, 80, 75, 76, 78, 83, 74, 78), x7 = c(45, 
        47, 35, 47, 34, 35, 41, 31, 41, 34, 41, 25, 35, 46, 36, 
        63, 60, 46, 52, 33, 37, 33, 72, 49, 38, 55, 39)), .Names = c("y", 
        "x1", "x2", "x3", "x4", "x5", "x6", "x7"),