
expected <- structure(list(coefficients = structure(c(20.2802583873612, 0.778158076704023, 
-0.0184514013904309, -0.138330063812499, 0.127376374822986, -0.0549969949986471, 
-0.072280568854372), .Names = c("x1", "x2", "x3", "x4", "x5", 
"x6", "x7")), residuals = structure(c(-8.40056453755841, 1.96069595188938, 
2.66181898925306, 2.61877362289035, 6.19975768776282, -12.7392923174728, 
-9.5542629650762, -0.466121358935457, -5.11418053272634, 9.67961953311822, 
10.3753123086206, 9.75155962175374, -6.8184157527092, 0.689759041380846, 
7.46200421585278, -1.18802238678334, -6.51598076649453, 6.27004018808138, 
1.56286647928725, -10.0533255874939, -3.28616834974914, 4.97222947648289, 
-4.98435167812585, 6.09261433952688, -9.198327332805, 4.34843551860036, 
3.67352659142959), .Names = c("1", "2", "3", "4", "5", "6", "7", 
"8", "9", "11", "12", "13", "14", "15", "18", "19", "20", "21", 
"22", "23", "24", "25", "26", "27", "28", "29", "30")), effects = structure(c(-330.436804066196, 
-51.0689079508119, 2.68611967430661, 7.92316090388418, 2.30561795642227, 
-2.87794408101473, -2.8069359499738, 3.17185941734006, -4.56633082728157, 
13.1898234911347, 11.3691919262013, 12.5221847690646, -10.2821122292334, 
4.5334300579802, 3.32299222276229, 1.07890280105917, -6.72135837590653, 
8.74609725648537, 3.81886176954298, -9.16389285113906, 0.42018864667872, 
10.4474674815305, -2.80494569328613, 9.4167776423248, -10.5810355840601, 
4.90022008262058, 3.93920005464), .Names = c("x1", "x2", "x3", 
"x4", "x5", "x6", "x7", "", "", "", "", "", "", "", "", "", "", 
"", "", "", "", "", "", "", "", "", "")), rank = 7L, fitted.values = structure(c(51.4005645375584, 
61.0393040481106, 68.3381810107469, 58.3812263771097, 74.8002423122372, 
55.7392923174728, 67.5542629650762, 71.4661213589355, 77.1141805327263, 
54.3203804668818, 56.6246876913794, 59.2484403782463, 74.8184157527092, 
76.3102409586191, 57.5379957841472, 66.1880223867833, 56.5159807664945, 
43.7299598119186, 62.4371335207127, 63.0533255874939, 43.2861683497491, 
58.0277705235171, 70.9843516781258, 71.9073856604731, 57.198327332805, 
80.6515644813996, 78.3264734085704), .Names = c("1", "2", "3", 
"4", "5", "6", "7", "8", "9", "11", "12", "13", "14", "15", "18", 
"19", "20", "21", "22", "23", "24", "25", "26", "27", "28", "29", 
"30")), assign = 1:7, qr = structure(list(qr = structure(c(-5.19615242270663, 
0.192450089729875, 0.192450089729875, 0.192450089729875, 0.192450089729875, 
0.192450089729875, 0.192450089729875, 0.192450089729875, 0.192450089729875, 
0.192450089729875, 0.192450089729875, 0.192450089729875, 0.192450089729875, 
0.192450089729875, 0.192450089729875, 0.192450089729875, 0.192450089729875, 
0.192450089729875, 0.192450089729875, 0.192450089729875, 0.192450089729875, 
0.192450089729875, 0.192450089729875, 0.192450089729875, 0.192450089729875, 
0.192450089729875, 0.192450089729875, -339.09705810404, -64.6156729066964, 
0.108983611697181, 0.000650761707243416, 0.232792583114252, -0.123158209709828, 
0.062555247415779, 0.18636421883285, 0.294697068822788, -0.154110452564096, 
-0.0457776025741583, -0.0148253597198905, 0.310173190249921, 
0.217316461687118, -0.0457776025741583, 0.108983611697181, -0.0767298454284261, 
-0.355300031116836, -0.0303014811470244, 0.0470791259886451, 
-0.401728395398238, -0.138634331136962, 0.217316461687118, 0.18636421883285, 
-0.09220596685556, 0.341125433104189, 0.294697068822788, -276.165878762371, 
-38.1635422496297, -51.8743814456437, -0.0855473432092191, -0.04856337822439, 
0.0849309466482844, -0.190063826433519, -0.12921405674444, 0.213189566166732, 
0.185382533999306, -0.011979315364881, 0.157451833421777, 0.413569170333353, 
-0.0754469377310734, 0.335012773954993, -0.147967824504566, 0.416187023010466, 
-0.0484397098142874, 0.0727362590284481, 0.0143806736063798, 
0.160069686098891, -0.0383393043361418, 0.155881121815509, 0.0250046496199481, 
-0.0347979789982857, 0.158898876617943, -0.42296259758637, -280.977131005618, 
-12.4038247290066, -7.71729326586271, -57.4146354912457, -0.243414934979657, 
0.131791375544944, -0.182364028799183, 0.0689632288686798, -0.0547901467489771, 
0.0568972361538811, 0.329069366860621, 0.319212305237911, 0.115453487557197, 
-0.342489102168411, -0.10335804058116, 0.184193604767152, 0.0654213284556761, 
0.0239692636948968, -0.250625505627356, 0.121157619854088, -0.201083224326301, 
-0.211956846499353, 0.216861170494511, 0.000628643296251279, 
-0.176658803919682, -0.281249805417956, -0.286716256397871, -334.478255950523, 
-38.7894653829049, 0.555667010559441, 4.83483388910193, 37.0133663295152, 
0.11572185385482, 0.0280415237501537, -0.0197409718118141, 0.153931035313355, 
0.0146309573914185, -0.0151446558780708, 0.154153888843805, 0.475372216525165, 
-0.101253813006906, 0.276380422490341, -0.270043683897171, -0.0350158928794176, 
0.189205596801837, -0.00349181035128432, 0.0362773447388501, 
0.053159429613304, -0.142034291231903, -0.473046729033677, -0.245044891069967, 
0.300204373152135, 0.0970607996314393, 0.310080120021135, -390.673682151647, 
-18.1024765522868, 4.6765930061464, 2.45267910816649, 7.22727659165855, 
44.161688519155, 0.221232693491363, 0.325990675330053, -0.038581821165797, 
0.210507641116649, 0.0974805811349368, 0.345923374708013, 0.0914834211786815, 
0.0680403519417577, -0.0806438631090869, -0.0976938347845259, 
-0.00258208942725884, 0.193127210474649, -0.0701421030473295, 
-0.028452577092676, 0.342703577013668, 0.022184759051223, 0.16911341584512, 
0.0753873931830181, -0.182387256986311, 0.167067619339443, 0.0226889954413201, 
-220.932703009897, -10.2044959173061, -11.7299946118344, 6.91697545184683, 
27.8294983554156, 6.21444913224114, 38.8338940113919, 0.0197489299595564, 
0.396397422744432, 0.172113295254745, -0.0665646019176104, 0.257689000836104, 
0.0758946181432756, 0.127975181289402, -0.498877802163372, 0.0619975324387544, 
-0.127203902425981, -0.053338776025973, 0.143283236995036, 0.120545279162348, 
-0.287663791158938, 0.344268090887444, -0.38858798683073, 0.0722219080522794, 
-0.0430103369339673, -0.153401229713347, -0.0572919558324571), .Dim = c(27L, 
7L), .Dimnames = list(c("1", "2", "3", "4", "5", "6", "7", "8", 
"9", "11", "12", "13", "14", "15", "18", "19", "20", "21", "22", 
"23", "24", "25", "26", "27", "28", "29", "30"), c("x1", "x2", 
"x3", "x4", "x5", "x6", "x7")), assign = 1:7), qraux = c(1.19245008972988, 
1.01612688313438, 1.2761336179975, 1.29403173101258, 1.10546978305679, 
1.6195371084764, 1.16408018844092), pivot = 1:7, tol = 1e-07, 
    rank = 7L), .Names = c("qr", "qraux", "pivot", "tol", "rank"
), class = "qr"), df.residual = 20L, xlevels = structure(list(), .Names = character(0)), 
    call = quote(lm(formula = y ~ . + 0, data = structure(list(y = c(43, 
        63, 71, 61, 81, 43, 58, 71, 72, 64, 67, 69, 68, 77, 65, 
        65, 50, 50, 64, 53, 40, 63, 66, 78, 48, 85, 82), x1 = c(1, 
        1, 1, 1, 1, 1, 1, 1, 1, 1, 1, 1, 1, 1, 1, 1, 1, 1, 1, 
        1, 1, 1, 1, 1, 1, 1, 1), x2 = c(51, 64, 70, 63, 78, 55, 
        67, 75, 82, 53, 60, 62, 83, 77, 60, 70, 58, 40, 61, 66, 
        37, 54, 77, 75, 57, 85, 82), x3 = c(30, 51, 68, 45, 56, 
        49, 42, 50, 72, 53, 47, 57, 83, 54, 65, 46, 68, 33, 52, 
        52, 42, 42, 66, 58, 44, 71, 39), x4 = c(54, 63, 48, 71, 
        45, 59, 45, 62, 57, 54, 72, 72, 67, 39, 47, 67, 56, 48, 
        39, 62, 34, 39, 71, 58, 42, 45, 44), x5 = c(61, 63, 76, 
        54, 71, 54, 66, 70, 71, 58, 59, 55, 59, 79, 55, 75, 64, 
        43, 66, 63, 50, 66, 88, 80, 51, 77, 64), x6 = c(92, 73, 
        86, 84, 83, 49, 68, 66, 83, 67, 74, 63, 77, 77, 80, 85, 
        78, 64, 80, 80, 57, 75, 76, 78, 83, 74, 78), x7 = c(45, 
        47, 48, 35, 47, 34, 35, 41, 31, 34, 41, 25, 35, 46, 60, 
        46, 52, 33, 41, 37, 49, 33, 72, 49, 38, 55, 39)), .Names = c("y", 
        "x1", "x2", "x3", "x4", "x5", "x6", "x7"),