
expected <- structure(list(coefficients = structure(c(7.34933638313751, 0.713684134542642, 
-0.0379057649375203, 0.220095173548672, -0.0189382616058847, 
0.0593042861989439, -0.09183973279699), .Names = c("x1", "x2", 
"x3", "x4", "x5", "x6", "x7")), residuals = structure(c(-6.70862327121839, 
1.8312456829641, 0.866621597526825, 5.30833370502229, -10.0976221863217, 
-7.46783653648946, 0.540393299039663, -4.69057004294479, 8.95823230264593, 
8.31647287487778, 10.8891029598591, 12.0326201196588, 2.32688360479946, 
-3.47605758389592, -6.38025220188824, 0.38984412219215, -1.67829490890527, 
-7.14778168177014, 1.4366226428532, -9.72091313692069, -1.85217456488857, 
7.23729126959176, -6.2831612117513, 4.7008377603354, -9.37513390041299, 
5.62194004132991, 4.42197924471112), .Names = c("1", "3", "4", 
"5", "6", "7", "8", "9", "10", "11", "12", "13", "15", "16", 
"17", "18", "19", "20", "22", "23", "24", "25", "26", "27", "28", 
"29", "30")), effects = structure(c(-338.327257745121, -53.1510040063286, 
2.38481266822958, -8.69855043732628, -0.829499312810364, 1.82284843614976, 
-4.11450419557777, -2.56019558337345, 10.6745115212386, 10.1681110781216, 
14.1177313372085, 18.1736347118881, 1.98561071266817, -0.119069468758556, 
-5.9000641911872, 0.260455361015409, -2.09066293837057, -4.16913456411104, 
0.907817539164979, -7.93937084592475, 1.75430196693149, 6.82630853031314, 
-4.85389720582658, 4.46939733505252, -9.07904039861016, 8.14619713074238, 
3.92639861109256), .Names = c("x1", "x2", "x3", "x4", "x5", "x6", 
"x7", "", "", "", "", "", "", "", "", "", "", "", "", "", "", 
"", "", "", "", "", "")), rank = 7L, fitted.values = structure(c(49.7086232712184, 
69.1687543170359, 60.1333784024732, 75.6916662949777, 53.0976221863217, 
65.4678365364895, 70.4596067009603, 76.6905700429448, 58.0417676973541, 
55.6835271251222, 56.1108970401409, 56.9673798803412, 74.6731163952005, 
84.4760575838959, 80.3802522018882, 64.6101558778079, 66.6782949089053, 
57.1477816817701, 62.5633773571468, 62.7209131369207, 41.8521745648886, 
55.7627087304082, 72.2831612117513, 73.2991622396646, 57.375133900413, 
79.3780599586701, 77.5780207552889), .Names = c("1", "3", "4", 
"5", "6", "7", "8", "9", "10", "11", "12", "13", "15", "16", 
"17", "18", "19", "20", "22", "23", "24", "25", "26", "27", "28", 
"29", "30")), assign = 1:7, qr = structure(list(qr = structure(c(-5.19615242270663, 
0.192450089729875, 0.192450089729875, 0.192450089729875, 0.192450089729875, 
0.192450089729875, 0.192450089729875, 0.192450089729875, 0.192450089729875, 
0.192450089729875, 0.192450089729875, 0.192450089729875, 0.192450089729875, 
0.192450089729875, 0.192450089729875, 0.192450089729875, 0.192450089729875, 
0.192450089729875, 0.192450089729875, 0.192450089729875, 0.192450089729875, 
0.192450089729875, 0.192450089729875, 0.192450089729875, 0.192450089729875, 
0.192450089729875, 0.192450089729875, -348.527112500804, -64.4348651884355, 
-0.0229669383926948, 0.209826285526274, -0.147123324482811, 0.0391112546523634, 
0.16326764074248, 0.271904478571332, -0.0540060349152239, -0.17816242100534, 
-0.0695255831764885, -0.0384864866539594, 0.194306737265009, 
0.396060864661448, 0.318463123355125, -0.0695255831764885, 0.0856698994361571, 
-0.100564679699018, -0.0540060349152239, 0.0235917063910989, 
-0.426475193185573, -0.162642872744076, 0.194306737265009, 0.16326764074248, 
-0.116084227960282, 0.318463123355125, 0.271904478571332, -274.626278044532, 
-24.9910710853059, 49.1208079475144, 0.0332697122450195, -0.1175759361763, 
0.17798279240609, 0.117154307922394, -0.241440185980785, 0.0403824137808932, 
-0.224516643047355, -0.0130879396546342, -0.191158831431529, 
0.0612312441374779, 0.308470469495412, -0.0403131830102102, -0.37953142363057, 
0.134814139392708, -0.466114159169628, -0.102123385543082, -0.0383513316854092, 
-0.204649530739946, 0.0121754523761407, -0.183064411846479, -0.0457094627335769, 
0.00972274202675147, -0.182818982334185, 0.430372867975097, -299.837239799146, 
-35.2696104189331, 21.7298843053379, -39.9436645615164, -0.177617837000547, 
0.106779989075908, -0.100743421629851, -0.163450290946938, -0.103742940267717, 
0.137116691742865, -0.321904565512506, -0.400929011325126, 0.252106902281073, 
0.186143551267977, -0.0326140735118242, 0.335221351322635, 0.0498186683736243, 
-0.212714672469972, 0.17684128669816, -0.169819303439769, 0.434275378359838, 
0.0267153585700828, -0.135972710318455, 0.266418319331288, -0.103259952891661, 
-0.0774882175469095, 0.083863901372416, -341.406459180799, -33.9194097202031, 
10.8534948345161, -6.09508613613382, 36.0021506126074, -0.0695628717457221, 
-0.0269904980245857, 0.258323896605004, -0.0134030192056276, 
0.124544792448818, 0.0577472715425807, 0.292838251078639, -0.173085739565426, 
0.445432283286562, -0.00555906672223858, 0.438306537640187, -0.248625408909153, 
0.140950833621688, -0.0170379189003488, 0.0838027136617085, 0.0820694063042763, 
-0.220213486708983, -0.331927055773234, -0.176949199072772, 0.237411397649097, 
0.122601952847488, 0.114289035146602, -390.481232061917, -5.97042769591686, 
1.69755370724668, 2.26011109235466, 18.9717272921903, 48.0400371913597, 
0.323646588179304, -0.262616822006367, -0.0445100512644525, 0.0574977290392323, 
0.0142397001202486, 0.0467718823165919, 0.214952406176322, 0.275505987526269, 
0.0632733652196996, -0.44948658492757, 0.0863865198625524, -0.185964115172575, 
-0.0547762919689539, -0.108695068457711, 0.23437966344769, 0.193302576600981, 
0.340478187709449, 0.178954604361484, -0.327555880010766, 0.0514867096717799, 
0.0189678602166177, -227.283555970983, 6.94471044787401, 4.69289340026652, 
1.70522343150159, 13.8587719323202, 11.1730690759171, 44.8009164472724, 
-0.142062786814627, -0.12511129370612, 0.183416828273009, 0.0898716944198194, 
-0.1024620357419, -0.125408074751046, -0.15359902115172, 0.122133033457959, 
0.114365359880245, -0.104714263203292, 0.0560661470358518, 0.192185521242955, 
0.0333481855411864, -0.487362418087979, 0.540579017043829, 0.0672510303873295, 
-0.176189864277285, 0.39777700528336, -0.155329245285928, 0.14597853070984
), .Dim = c(27L, 7L), .Dimnames = list(c("1", "3", "4", "5", 
"6", "7", "8", "9", "10", "11", "12", "13", "15", "16", "17", 
"18", "19", "20", "22", "23", "24", "25", "26", "27", "28", "29", 
"30"), c("x1", "x2", "x3", "x4", "x5", "x6", "x7")), assign = 1:7), 
    qraux = c(1.19245008972988, 1.08566989943616, 1.06589123532396, 
    1.06552080427392, 1.17955741520268, 1.28817402091645, 1.15329631614501
    ), pivot = 1:7, tol = 1e-07, rank = 7L), .Names = c("qr", 
"qraux", "pivot", "tol", "rank"), class = "qr"), df.residual = 20L, 
    xlevels = structure(list(), .Names = character(0)), call = quote(lm(formula = y ~ 
        . + 0, data = structure(list(y = c(43, 71, 61, 81, 43, 
        58, 71, 72, 67, 64, 67, 69, 77, 81, 74, 65, 65, 50, 64, 
        53, 40, 63, 66, 78, 48, 85, 82), x1 = c(1, 1, 1, 1, 1, 
        1, 1, 1, 1, 1, 1, 1, 1, 1, 1, 1, 1, 1, 1, 1, 1, 1, 1, 
        1, 1, 1, 1), x2 = c(51, 70, 63, 78, 55, 67, 75, 82, 61, 
        53, 60, 62, 77, 90, 85, 60, 70, 58, 61, 66, 37, 54, 77, 
        75, 57, 85, 82), x3 = c(30, 68, 45, 56, 49, 42, 50, 72, 
        45, 53, 47, 57, 54, 50, 64, 65, 46, 68, 52, 52, 42, 42, 
        66, 58, 44, 71, 39), x4 = c(39, 69, 47, 66, 44, 56, 55, 
        67, 47, 58, 39, 42, 72, 72, 69, 75, 57, 54, 62, 50, 58, 
        48, 63, 74, 45, 71, 59), x5 = c(61, 76, 54, 71, 54, 66, 
        70, 71, 62, 58, 59, 55, 79, 60, 79, 55, 75, 64, 66, 63, 
        50, 66, 88, 80, 51, 77, 64), x6 = c(92, 86, 84, 83, 49, 
        68, 66, 83, 80, 67, 74, 63, 77, 54, 79, 80, 85, 78, 80, 
        80, 57, 75, 76, 78, 83, 74, 78), x7 = c(63, 48, 52, 36, 
        35, 35, 35, 52, 55, 34, 45, 48, 49, 34, 39, 36, 55, 47, 
        38, 47, 60, 25, 46, 52, 31, 49, 35)), .Names = c("y", 
        "x1", "x2", "x3", "x4", "x5", "x6", "x7"),