
expected <- structure(list(coefficients = structure(c(32.0947282627612, -0.190885096511732, 
0.0892878082839435, 0.637334289684542, 0.389744661312928, -0.0228482986978872, 
-0.415212954965736), .Names = c("x1", "x2", "x3", "x4", "x5", 
"x6", "x7")), residuals = structure(c(-7.40055151865066, -1.70029718048842, 
1.40944315049346, 8.9425948320757, -13.9599874648397, -9.81058958859616, 
0.944883177776067, -12.3935685033266, 5.35517471941077, -5.1054938908544, 
13.216268577188, 8.22093828448851, 7.80933045134574, -1.41866984456148, 
5.66598953381116, 4.08654196648946, -2.03186595017291, -1.40258799818699, 
-11.3634667701226, 3.52958239239974, -5.7879205248488, 1.90821806797471, 
-3.9250600954242, -0.789976961760708, -6.11661004310983, 9.19420724296118, 
12.9234739385289), .Names = c("1", "2", "4", "5", "6", "7", "8", 
"9", "10", "11", "12", "13", "14", "15", "16", "17", "18", "19", 
"20", "21", "23", "25", "26", "27", "28", "29", "30")), effects = structure(c(-339.4819582835, 
0.150475789189011, 23.4824267762955, -35.3437529514775, 6.89073847257146, 
-5.33802675243248, -16.5994633196549, -13.7785339354625, 5.97322499324374, 
-2.21568435743542, 16.7347695630549, 13.8897494549158, 13.4920571951847, 
-2.9210923530017, 9.6090310826659, 4.9132298444039, 0.0982411434647563, 
-3.1660494893034, -7.80265110845772, 9.33757187585685, -4.22026444890641, 
2.89060889799165, -2.36693358628737, -2.14424067285244, -4.63400946699297, 
10.8676883199201, 11.8044436396751), .Names = c("x1", "x2", "x3", 
"x4", "x5", "x6", "x7", "", "", "", "", "", "", "", "", "", "", 
"", "", "", "", "", "", "", "", "", "")), rank = 7L, fitted.values = structure(c(50.4005515186507, 
64.7002971804884, 59.5905568495065, 72.0574051679243, 56.9599874648397, 
67.8105895885962, 70.0551168222239, 84.3935685033266, 61.6448252805892, 
69.1054938908544, 53.783731422812, 60.7790617155115, 60.1906695486543, 
78.4186698445615, 75.3340104661888, 69.9134580335105, 67.0318659501729, 
66.402587998187, 61.3634667701226, 46.4704176076003, 58.7879205248488, 
61.0917819320253, 69.9250600954242, 78.7899769617607, 54.1166100431098, 
75.8057927570388, 69.0765260614711), .Names = c("1", "2", "4", 
"5", "6", "7", "8", "9", "10", "11", "12", "13", "14", "15", 
"16", "17", "18", "19", "20", "21", "23", "25", "26", "27", "28", 
"29", "30")), assign = 1:7, qr = structure(list(qr = structure(c(-5.19615242270663, 
0.192450089729875, 0.192450089729875, 0.192450089729875, 0.192450089729875, 
0.192450089729875, 0.192450089729875, 0.192450089729875, 0.192450089729875, 
0.192450089729875, 0.192450089729875, 0.192450089729875, 0.192450089729875, 
0.192450089729875, 0.192450089729875, 0.192450089729875, 0.192450089729875, 
0.192450089729875, 0.192450089729875, 0.192450089729875, 0.192450089729875, 
0.192450089729875, 0.192450089729875, 0.192450089729875, 0.192450089729875, 
0.192450089729875, 0.192450089729875, -347.757312141885, 50.9495029598116, 
0.165923293685751, -0.0696040285231717, -0.0696040285231717, 
-0.0696040285231717, 0.244432401088725, 0.303314231640956, 0.303314231640956, 
0.10704146313352, 0.10704146313352, -0.0107221979709411, -0.206994966478377, 
-0.167740412776889, -0.167740412776889, -0.206994966478377, -0.0696040285231717, 
-0.167740412776889, -0.0107221979709411, 0.0874141862827766, 
-0.462149565538043, -0.305131350732094, 0.185550570536494, -0.206994966478377, 
-0.0107221979709411, -0.0696040285231717, 0.165923293685751, 
-275.588528493181, 8.28416470337307, 62.6604785979995, -0.100993044002572, 
0.0107201148596307, 0.122433273721834, -0.0306307661968277, -0.386490238920886, 
0.0444033738333262, -0.0673988962473162, 0.0283552399202865, 
-0.121713040140021, -0.520777718723472, -0.0611400428752909, 
0.00269604790311088, -0.217556287526063, -0.244624248253977, 
0.0665321386815127, -0.297262289780626, 0.253368548792309, -0.00541713027184822, 
0.141477167493227, -0.281214155867587, -0.121802151358461, 0.0857542548897846, 
-0.340378384421579, 0.151266448034242, -289.060034774273, 10.7804635443158, 
28.7272500157383, -53.3368822542079, -0.171094080940994, 0.120236512885731, 
0.0545229906732117, 0.0764043997183374, -0.0426663270646183, 
0.0697097387826803, -0.229648930106132, -0.279004076032259, -0.487220910527462, 
0.297462943497551, 0.335374694834957, 0.142829966297745, 0.25847023859057, 
0.0920551599395304, -0.158276363223859, -0.192505233307687, -0.123108796048183, 
-0.051397556096807, 0.0474549922331768, 0.293441355381463, -0.0995446269391254, 
0.126607601922373, 0.226560633293712, -336.210306758092, 6.70089770407978, 
20.0730186586127, -27.9573076832744, 39.4992464310751, -0.0411302924266418, 
-0.127673792040794, 0.102105489903496, -0.0528515472522256, 0.233056503338495, 
-0.0633774053625467, 0.127151696520009, 0.193049236475157, -0.10603978763421, 
0.356141937246028, -0.0960135700765858, 0.588543471198899, -0.234181309595967, 
0.104492796371702, 0.212479419400671, 0.0179467114547358, -0.135755268153474, 
-0.403855120807946, -0.0856809884871104, 0.205534904607226, 0.00870323694941554, 
0.0260887925916904, -388.749181254348, -0.969005927482983, 2.65259049413497, 
-3.43838715647374, 14.8518828830496, 46.1486504011479, 0.345446372156451, 
-0.238278655536719, -0.031325118893838, 0.0415394343427552, 0.0863254771062674, 
0.157429057717709, -0.256440096997479, 0.152454554384617, 0.291331815267206, 
0.0640343930555623, -0.498987403299597, 0.0588065972173653, -0.14443636243721, 
0.108237747163291, -0.0599083345785438, 0.187200369595662, 0.331329292559273, 
0.110861523131035, -0.29097778401742, 0.0666184584750584, 0.0110918556215547, 
-221.317603189357, 0.886862139181746, 19.7103584749299, -22.8011217333679, 
19.6635042231753, 10.3166545078445, 39.978192205069, 0.644851349316714, 
0.055899168030547, 0.171326733884254, -0.0783473088866974, 0.260858304012838, 
0.269362234793749, 0.11168038018686, 0.0397243716299492, -0.265554424644676, 
-0.272563740361722, 0.0231232235092578, -0.114967961189395, -0.166761316822985, 
0.0734984388726253, 0.116873301620487, -0.40347321597431, 0.076470860475318, 
0.00851297185239148, -0.0412763299323021, 0.108002361646801), .Dim = c(27L, 
7L), .Dimnames = list(c("1", "2", "4", "5", "6", "7", "8", "9", 
"10", "11", "12", "13", "14", "15", "16", "17", "18", "19", "20", 
"21", "23", "25", "26", "27", "28", "29", "30"), c("x1", "x2", 
"x3", "x4", "x5", "x6", "x7")), assign = 1:7), qraux = c(1.19245008972988, 
1.30331423164096, 1.05551231186664, 1.17503290736003, 1.14225991938481, 
1.27570519974116, 1.05818021290853), pivot = 1:7, tol = 1e-07, 
    rank = 7L), .Names = c("qr", "qraux", "pivot", "tol", "rank"
), class = "qr"), df.residual = 20L, xlevels = structure(list(), .Names = character(0)), 
    call = quote(lm(formula = y ~ . + 0, data = structure(list(y = c(43, 
        63, 61, 81, 43, 58, 71, 72, 67, 64, 67, 69, 68, 77, 81, 
        74, 65, 65, 50, 50, 53, 63, 66, 78, 48, 85, 82), x1 = c(1, 
        1, 1, 1, 1, 1, 1, 1, 1, 1, 1, 1, 1, 1, 1, 1, 1, 1, 1, 
        1, 1, 1, 1, 1, 1, 1, 1), x2 = c(64, 51, 58, 70, 70, 70, 
        54, 51, 51, 61, 61, 67, 77, 75, 75, 77, 70, 75, 67, 62, 
        90, 82, 57, 77, 67, 70, 58), x3 = c(30, 51, 45, 56, 49, 
        42, 50, 72, 45, 53, 47, 57, 83, 54, 50, 64, 65, 46, 68, 
        33, 52, 42, 66, 58, 44, 71, 39), x4 = c(39, 54, 47, 66, 
        44, 56, 55, 67, 47, 58, 39, 42, 45, 72, 72, 69, 75, 57, 
        54, 34, 50, 48, 63, 74, 45, 71, 59), x5 = c(61, 63, 54, 
        71, 54, 66, 70, 71, 62, 58, 59, 55, 59, 79, 60, 79, 55, 
        75, 64, 43, 63, 66, 88, 80, 51, 77, 64), x6 = c(92, 73, 
        84, 83, 49, 68, 66, 83, 80, 67, 74, 63, 77, 77, 54, 79, 
        80, 85, 78, 64, 80, 75, 76, 78, 83, 74, 78), x7 = c(45, 
        47, 35, 47, 34, 35, 41, 31, 41, 34, 41, 25, 35, 46, 36, 
        63, 60, 46, 52, 33, 37, 33, 72, 49, 38, 55, 39)), .Names = c("y", 
        "x1", "x2", "x3", "x4", "x5", "x6", "x7"),