
expected <- structure(list(coefficients = structure(c(13.7330072884821, 0.587060972375798, 
0.136736296636024, 0.267730626171272, 0.0907500917484974, -0.117640853147718, 
-0.160466006516318), .Names = c("x1", "x2", "x3", "x4", "x5", 
"x6", "x7")), residuals = structure(c(-4.62283516614652, 1.22345953021998, 
2.87886169128242, 7.55856471721264, -9.679649038246, -0.333683335364561, 
-6.21465701281486, 5.52852573596632, 3.90469201045248, 8.5075183572516, 
6.94600756499852, -4.16009679453379, 1.6306115563503, -4.45059273223828, 
-1.20559015398123, 3.85837765413265, -3.2643920950867, 3.57925581999215, 
0.063874129307584, -13.0793214188763, -7.65185975819099, 5.73327886764696, 
-4.26903350411226, 0.495889910442965, -6.84653134370377, 6.06441719630782, 
7.80490761173085), .Names = c("1", "2", "3", "5", "7", "8", "9", 
"10", "11", "12", "13", "14", "15", "16", "17", "18", "19", "21", 
"22", "23", "24", "25", "26", "27", "28", "29", "30")), effects = structure(c(-343.523410167827, 
49.3571362451374, 4.87611948293936, -10.7556569894004, -2.61104614880046, 
-5.4433784148642, -6.19391087874602, 6.90148660719219, 4.20169081556668, 
10.6356004786017, 11.0586029649592, 2.09450732160182, 0.254618449492467, 
0.220350834936122, -2.44495081275185, 2.96465707237313, -3.82871118419548, 
6.15506263293803, -0.308947153190119, -10.904858127409, -10.1140126959836, 
5.6389951379411, -9.11227605525925, -1.79860381394259, -3.49813312161878, 
5.61274928900893, 11.6897690823238), .Names = c("x1", "x2", "x3", 
"x4", "x5", "x6", "x7", "", "", "", "", "", "", "", "", "", "", 
"", "", "", "", "", "", "", "", "", "")), rank = 7L, fitted.values = structure(c(47.6228351661465, 
61.77654046978, 68.1211383087176, 73.4414352827874, 67.679649038246, 
71.3336833353646, 78.2146570128149, 61.4714742640337, 60.0953079895475, 
58.4924816427484, 62.0539924350015, 72.1600967945338, 75.3693884436497, 
85.4505927322383, 75.2055901539812, 61.1416223458673, 68.2643920950867, 
46.4207441800078, 63.9361258706924, 66.0793214188763, 47.651859758191, 
57.266721132353, 70.2690335041123, 77.504110089557, 54.8465313437038, 
78.9355828036922, 74.1950923882691), .Names = c("1", "2", "3", 
"5", "7", "8", "9", "10", "11", "12", "13", "14", "15", "16", 
"17", "18", "19", "21", "22", "23", "24", "25", "26", "27", "28", 
"29", "30")), assign = 1:7, qr = structure(list(qr = structure(c(-5.19615242270663, 
0.192450089729875, 0.192450089729875, 0.192450089729875, 0.192450089729875, 
0.192450089729875, 0.192450089729875, 0.192450089729875, 0.192450089729875, 
0.192450089729875, 0.192450089729875, 0.192450089729875, 0.192450089729875, 
0.192450089729875, 0.192450089729875, 0.192450089729875, 0.192450089729875, 
0.192450089729875, 0.192450089729875, 0.192450089729875, 0.192450089729875, 
0.192450089729875, 0.192450089729875, 0.192450089729875, 0.192450089729875, 
0.192450089729875, 0.192450089729875, -350.644063487833, 69.9910047130397, 
-0.0739876890014511, -0.188288091357435, -0.0311250381179571, 
-0.145425440473941, -0.245438292535427, 0.0546002636490308, 0.168900666005015, 
0.0688878139435288, 0.0403127133545328, -0.259725842829925, -0.174000541062937, 
-0.359738694891411, -0.288300943418921, 0.0688878139435288, -0.0739876890014511, 
0.354638819833489, 0.0546002636490308, -0.0168374878234591, 0.397501470716983, 
0.154613115710517, -0.174000541062937, -0.145425440473941, 0.111750464827023, 
-0.288300943418921, -0.245438292535427, -276.743229031561, -13.0926877550544, 
45.2080381407315, -0.0394825449047652, -0.0329873308577571, 0.0125615137053861, 
0.0164718175310448, -0.415538335899618, -0.0850478587147257, 
-0.302337155917323, 0.00213952658590205, -0.0303694821427731, 
0.0737186350775296, 0.0620206620941881, 0.229867280154801, 0.162182006242015, 
-0.284111030393339, -0.250309566553989, -0.105858894460059, -0.450665193343277, 
0.133533893598547, 0.0229505623312357, -0.0147612053337729, -0.451957648453952, 
0.0593863441323868, -0.0134522809762809, 0.104951657942347, -297.527838722387, 
35.5135583468277, -12.0519913430615, -48.1738711689067, 0.0258876111281634, 
-0.0978518308000375, 0.0761031044939584, 0.0613542758359234, 
0.236108950974047, -0.141340728339879, -0.226841149751224, -0.371575439894123, 
0.208569243595606, 0.0769125072903775, -0.00273535480877465, 
0.412547065422351, 0.119696285623483, -0.0567514917771123, 0.243789537923814, 
0.0857434880535072, 0.313134703531916, -0.0269403288266236, 0.0585850764297221, 
0.489958118746748, -0.135891292224449, 0.140088451548974, -0.12680112172658, 
-340.05930855269, 35.7220507474215, 2.88856917189315, -16.1931093999143, 
36.6611665549107, -0.0327399043369066, 0.107859992725123, -0.0105335037408436, 
0.0921972813721132, -0.00600053392248107, 0.138313077854389, 
0.272729904940067, -0.124587989400226, 0.529449667062321, -0.0698438253053767, 
0.374011667763736, -0.196204402874072, 0.180871998474563, -0.0103478878560213, 
0.0391274268565665, 0.136998505616706, -0.198167541929715, -0.438658962558924, 
-0.140627286038899, 0.217340168336794, 0.00806623741529252, 0.232679919665361, 
-391.058582331106, 6.68128185253085, 1.40818148502061, 1.37251823540425, 
19.6223299858911, 40.4925060043923, -0.129153405778272, -0.105166114517847, 
0.15364962788664, 0.0415076424347488, 0.24820413416836, -0.120282584051863, 
0.181237698535199, 0.315185323115853, 0.134770832529964, -0.310125168538187, 
-0.0379110442067437, 0.0792819427200404, -0.0617545832066369, 
-0.124614068854123, 0.331538002162468, 0.176511544003012, 0.420610510509387, 
0.108290653421768, -0.313899906699959, 0.177444529539583, -0.0944376952338817, 
-224.589254714764, 11.8745418003161, -11.3715593215821, -23.5124819615355, 
22.6195118566134, 4.23644532058119, 38.5995203171965, -0.0240526186458617, 
0.228395777204303, -0.134428240202372, 0.190123572736892, -0.163380183093471, 
0.200022910891673, -0.135026955694227, -0.329866493194555, -0.405799049326443, 
0.094856230334022, -0.0781105210923908, 0.181261252530529, 0.0600309759367576, 
-0.151153587438594, 0.368992516532924, -0.367719373855425, 0.134885264273052, 
-0.0794287159519834, -0.18604812502655, -0.0495234946106053), .Dim = c(27L, 
7L), .Dimnames = list(c("1", "2", "3", "5", "7", "8", "9", "10", 
"11", "12", "13", "14", "15", "16", "17", "18", "19", "21", "22", 
"23", "24", "25", "26", "27", "28", "29", "30"), c("x1", "x2", 
"x3", "x4", "x5", "x6", "x7")), assign = 1:7), qraux = c(1.19245008972988, 
1.01173761276554, 1.20252809186882, 1.1206502767473, 1.00236296631612, 
1.35862001368655, 1.35675122922898), pivot = 1:7, tol = 1e-07, 
    rank = 7L), .Names = c("qr", "qraux", "pivot", "tol", "rank"
), class = "qr"), df.residual = 20L, xlevels = structure(list(), .Names = character(0)), 
    call = quote(lm(formula = y ~ . + 0, data = structure(list(y = c(43, 
        63, 71, 81, 58, 71, 72, 67, 64, 67, 69, 68, 77, 81, 74, 
        65, 65, 50, 64, 53, 40, 63, 66, 78, 48, 85, 82), x1 = c(1, 
        1, 1, 1, 1, 1, 1, 1, 1, 1, 1, 1, 1, 1, 1, 1, 1, 1, 1, 
        1, 1, 1, 1, 1, 1, 1, 1), x2 = c(51, 64, 70, 78, 67, 75, 
        82, 61, 53, 60, 62, 83, 77, 90, 85, 60, 70, 40, 61, 66, 
        37, 54, 77, 75, 57, 85, 82), x3 = c(44, 47, 42, 52, 53, 
        50, 49, 71, 57, 66, 52, 51, 47, 46, 39, 45, 64, 66, 57, 
        72, 49, 52, 51, 71, 50, 50, 45), x4 = c(39, 54, 69, 66, 
        56, 55, 67, 47, 58, 39, 42, 45, 72, 72, 69, 75, 57, 34, 
        62, 50, 58, 48, 63, 74, 45, 71, 59), x5 = c(61, 63, 76, 
        71, 66, 70, 71, 62, 58, 59, 55, 59, 79, 60, 79, 55, 75, 
        43, 66, 63, 50, 66, 88, 80, 51, 77, 64), x6 = c(92, 73, 
        86, 83, 68, 66, 83, 80, 67, 74, 63, 77, 77, 54, 79, 80, 
        85, 64, 80, 80, 57, 75, 76, 78, 83, 74, 78), x7 = c(45, 
        47, 48, 47, 35, 41, 31, 41, 34, 41, 25, 35, 46, 36, 63, 
        60, 46, 33, 41, 37, 49, 33, 72, 49, 38, 55, 39)), .Names = c("y", 
        "x1", "x2", "x3", "x4", "x5", "x6", "x7"),