
expected <- structure(list(coefficients = structure(c(0.0121246889271113, 
0.128809628682101, -0.0217259878856285, 0.0350813734695045, 0.43826906727944, 
0.485935515519448, -0.239760387615621), .Names = c("x1", "x2", 
"x3", "x4", "x5", "x6", "x7")), residuals = structure(c(-14.4470508664335, 
2.92995523067642, -0.493633315741605, 4.31368379869173, -24.4809657254459, 
-18.5036993816052, 6.19410880018487, 11.2325055114306, 3.32425707990205, 
0.41667696479578, 3.51821347735832, 0.800563383566947, 7.19282749404625, 
14.2882866017938, 8.09969685593568, 4.02257380774026, 7.18908213696498, 
9.00081350388695, -15.14589964576, -15.3855571213576, -10.0207916674871, 
-9.65137639347597, -3.8288861049194, -0.99908885273484, -5.49638524490222, 
21.3715601973818, 21.5284067062483), .Names = c("1", "2", "4", 
"5", "6", "7", "8", "9", "10", "11", "12", "13", "14", "15", 
"16", "17", "18", "19", "20", "21", "23", "25", "26", "27", "28", 
"29", "30")), effects = structure(c(-227.550202153228, -247.256942306307, 
19.8241660354921, 24.3243379881587, 33.8175802758843, -16.4248477528926, 
-10.3951010162883, 7.25784207333809, 9.93808875173204, 11.2121130637365, 
10.5503861864371, 3.70224206625388, 13.2270291636786, 13.9618272507448, 
4.7529720648894, 2.58751734613843, 10.9696157371584, -4.67110017187967, 
-12.7069230080509, -15.8100495080684, -6.12925247934961, -16.7954129576176, 
-7.28439123412713, -13.4923741187145, -5.68181429080484, 26.0289691566872, 
29.0397555902966), .Names = c("x1", "x2", "x3", "x4", "x5", "x6", 
"x7", "", "", "", "", "", "", "", "", "", "", "", "", "", "", 
"", "", "", "", "", "")), rank = 7L, fitted.values = structure(c(57.4470508664335, 
60.0700447693236, 61.4936333157416, 76.6863162013083, 67.4809657254459, 
76.5036993816052, 64.8058911998151, 60.7674944885694, 63.675742920098, 
63.5833230352042, 63.4817865226417, 68.199436616433, 60.8071725059537, 
62.7117133982062, 72.9003031440643, 69.9774261922597, 57.810917863035, 
55.9991864961131, 65.14589964576, 65.3855571213576, 63.0207916674871, 
72.651376393476, 69.8288861049194, 78.9990888527348, 53.4963852449022, 
63.6284398026182, 60.4715932937517), .Names = c("1", "2", "4", 
"5", "6", "7", "8", "9", "10", "11", "12", "13", "14", "15", 
"16", "17", "18", "19", "20", "21", "23", "25", "26", "27", "28", 
"29", "30")), assign = 1:7, qr = structure(list(qr = structure(c(-7.25127924297728, 
0.203904350700436, 0.265595937335762, 0.0220433058532597, -0.00674789430595675, 
0.0151057478344806, 0.0518691248426793, -0.287038361828325, 0.299928934061309, 
0.214172542628434, 0.160013977337035, 0.364734384288199, 0.0400754606547378, 
-0.0846721403900833, 0.262713341581559, 0.158731357213705, 0.121039647294719, 
0.198518260795492, 0.150062471144443, 0.28057269897567, 0.16901758314399, 
-0.135745365688981, 0.14977061838235, 0.243155696175804, 0.0724099285409265, 
0.155912778993898, 0.195034153837844, -231.297524009812, -264.636458914736, 
-0.0216754228684431, 0.244524813430678, 0.270632849188878, 0.250815833319645, 
0.157018277867014, 0.453005345620699, -0.0792601752757984, 0.0362919312915107, 
0.0854032483405164, -0.0775658513212575, 0.254624527319641, 0.360188874516887, 
0.0451776024948702, 0.14702663722991, 0.154754327727001, 0.103390092957054, 
0.117099947729996, -0.0201413663057114, 0.186823019552501, 0.432953768209655, 
0.0795769133774276, 0.0704701321764263, 0.187515746578131, 0.123131159385019, 
0.0423104324115878, -168.181738603395, -197.977181572891, 52.2583809239638, 
-0.344342496523979, 0.0141127315461423, 0.209358015592312, 0.15717899597404, 
-0.271731008813951, -0.243834679850455, 0.0191949350676127, -0.124391303274444, 
0.170858837448003, 0.0278024855945651, 0.0341455198486919, 0.229905615701304, 
0.393357285066518, 0.017714278827151, 0.0845335804233798, 0.15179795624191, 
-0.165049195449844, 0.429741993561241, -0.141804641504507, -0.0499994740525484, 
0.159614979556303, -0.0151042514683462, 0.234411806913273, -0.123190323317157, 
-223.190963114831, -205.918273973473, 24.0198078272914, 74.3270291320704, 
-0.183218404715451, 0.0360480500262222, -0.279197342068663, -0.477143364710115, 
-0.16045596360725, 0.257060602548829, -0.185509515155036, -0.0207042844009339, 
-0.0163413159840224, 0.261856767267473, -0.0562173420526613, 
0.152719826520022, 0.189569797991311, 0.0345562675027128, -0.125762173740461, 
-0.110058273555519, 0.405962306903791, 0.33241360830719, 0.120496921692352, 
-0.0364476331822875, 0.148901760907493, 0.103649155731609, 0.0272530105622396, 
-217.22367341759, -244.674155812587, 19.8445713199612, 12.4059375033396, 
61.9251070903877, -0.240610256852522, -0.277502242798909, -0.0697929523213618, 
-0.167846677345191, -0.060246185109117, 0.111788045337612, -0.0988856309385149, 
0.497692767617608, 0.218783820934786, -0.0739352446624049, -0.0581976831236406, 
0.0545282468980422, 0.0753991033741839, -0.0267648303347603, 
-0.0858057217789695, 0.323760910977593, 0.0928698083223545, -0.403715210459867, 
-0.3118780250636, 0.219377130493136, 0.123593541834916, 0.0158454766553804, 
-271.127727563792, -292.627207307965, 29.2920984786013, 36.1357283671495, 
14.8685639071034, -45.4332565272545, 0.0336207081045858, 0.0247658138279401, 
0.208735164423372, 0.426060500507974, 0.10535925976501, 0.0335590733523856, 
-0.120213190427497, -0.0344713074452672, -0.158999533227635, 
0.00443913911599489, 0.0705565977450477, -0.679451582164605, 
0.0593177273584189, -0.104436331521779, -0.0732525258118281, 
-0.166322839041591, 0.162265468383529, -0.321454173337536, -0.16627557402517, 
0.0849841828784933, 0.201124332704902, -139.556020029418, -163.431895529054, 
11.7385929697593, 5.33836612256129, 2.28328758756112, -23.5768103130891, 
43.3562070851903, -0.301220892667331, 0.00255549741158972, -0.118370374921065, 
0.126786176374188, 0.159006743943082, 0.338517685738915, 0.134709357825866, 
0.284202429033986, 0.0332203322002409, -0.634668815781335, 0.0524022688664837, 
-0.205329842077139, 0.130599719103917, -0.142105900072205, 0.217242698916812, 
0.0378525883709692, 0.236811562938728, 0.056479500937515, 0.212923937069362, 
-0.00457872940313581), .Dim = c(27L, 7L), .Dimnames = list(c("1", 
"2", "4", "5", "6", "7", "8", "9", "10", "11", "12", "13", "14", 
"15", "16", "17", "18", "19", "20", "21", "23", "25", "26", "27", 
"28", "29", "30"), c("x1", "x2", "x3", "x4", "x5", "x6", "x7"
)), assign = 1:7), qraux = c(1.23053989622507, 1.00781550209048, 
1.25294277850092, 1.21830394072978, 1.21827359734568, 1.03033760820533, 
1.03254112573959), pivot = 1:7, tol = 1e-07, rank = 7L), .Names = c("qr", 
"qraux", "pivot", "tol", "rank"), class = "qr"), df.residual = 20L, 
    xlevels = structure(list(), .Names = character(0)), call = quote(lm(formula = y ~ 
        . + 0, data = structure(list(y = c(43, 63, 61, 81, 43, 
        58, 71, 72, 67, 64, 67, 69, 68, 77, 81, 74, 65, 65, 50, 
        50, 53, 63, 66, 78, 48, 85, 82), x1 = c(1.67170916417502, 
        1.47856738578683, 1.92591030742191, 0.159842166180342, 
        -0.0489308659145888, 0.109535995721818, 0.376117508323118, 
        -2.08139531506394, 2.17486845392707, 1.55302491277723, 
        1.16030603245028, 2.64479086998912, 0.290598355998453, 
        -0.61398133406907, 1.90500780066356, 1.15100539577335, 
        0.877692282005491, 1.4395113438583, 1.08814488215958, 
        2.03451098822839, 1.2255936923502, -0.98432755255087, 
        1.08602857628381, 1.7631898524913, 0.525064611814289, 
        1.13056709803336, 1.414247111396), x2 = c(64, 51, 58, 
        70, 70, 70, 54, 51, 51, 61, 61, 67, 77, 75, 75, 77, 70, 
        75, 67, 62, 90, 82, 57, 77, 67, 70, 58), x3 = c(66, 42, 
        33, 71, 52, 42, 33, 50, 54, 47, 54, 45, 57, 54, 47, 39, 
        53, 54, 44, 58, 47, 68, 47, 52, 52, 42, 52), x4 = c(66, 
        62, 72, 45, 71, 54, 66, 69, 67, 39, 71, 69, 66, 39, 74, 
        55, 48, 66, 69, 71, 47, 39, 44, 74, 47, 54, 54), x5 = c(50, 
        59, 55, 88, 54, 80, 66, 61, 58, 60, 51, 63, 43, 61, 70, 
        71, 63, 64, 62, 63, 60, 79, 79, 88, 51, 55, 54),