
expected <- structure(list(coefficients = structure(c(2.03161595117402, 0.643186877858633, 
-0.0654400355697891, 0.272430478161472, 0.173777088119857, 0.041922670124434, 
-0.152563912321497), .Names = c("x1", "x2", "x3", "x4", "x5", 
"x6", "x7")), residuals = structure(c(-7.74009209922021, 1.07148100332931, 
2.88861489786486, -2.97442327364565, 7.40078080445483, -11.0022678983013, 
-8.09172323957385, -6.53348756564793, 9.2181205751352, 8.36744794815355, 
6.6885234622165, 9.08248134057439, -2.73268642205464, -0.576733647407411, 
-2.98090750228408, -0.570145596001023, -1.29387479797843, -3.62327750392944, 
8.80049766344641, -3.14490025625364, -10.5312744420186, -4.74393371626805, 
7.19811765860584, 4.10141050666427, -7.13939365189505, 5.68285689819775, 
3.17878885383637), .Names = c("1", "2", "3", "4", "5", "6", "7", 
"9", "10", "11", "12", "13", "14", "15", "16", "17", "18", "20", 
"21", "22", "23", "24", "25", "27", "28", "29", "30")), effects = structure(c(-334.285805860793, 
-54.1626149974308, 2.33757936933778, 11.6749073260769, 9.48649661560784, 
0.0818061683318039, -5.255944920251, -4.24956390291531, 8.96926156407468, 
11.0460265591579, 11.2029931709322, 13.861438205265, -2.30554132026677, 
2.35956883599666, 0.710477381478683, -4.20741151881002, 1.3034530167422, 
-5.77522797715209, 10.849620573714, 1.77403560283786, -9.0724110129858, 
-1.56698636736682, 9.76747738017808, 4.84593627888866, -7.25093148215912, 
6.61059565794713, 5.99331137525675), .Names = c("x1", "x2", "x3", 
"x4", "x5", "x6", "x7", "", "", "", "", "", "", "", "", "", "", 
"", "", "", "", "", "", "", "", "", "")), rank = 7L, fitted.values = structure(c(50.7400920992202, 
61.9285189966707, 68.1113851021351, 63.9744232736457, 73.5992191955452, 
54.0022678983013, 66.0917232395739, 78.5334875656479, 57.7818794248648, 
55.6325520518464, 60.3114765377835, 59.9175186594256, 70.7326864220546, 
77.5767336474074, 83.9809075022841, 74.570145596001, 66.2938747979784, 
53.6232775039294, 41.1995023365536, 67.1449002562536, 63.5312744420186, 
44.7439337162681, 55.8018823413942, 73.8985894933357, 55.139393651895, 
79.3171431018022, 78.8212111461636), .Names = c("1", "2", "3", 
"4", "5", "6", "7", "9", "10", "11", "12", "13", "14", "15", 
"16", "17", "18", "20", "21", "22", "23", "24", "25", "27", "28", 
"29", "30")), assign = 1:7, qr = structure(list(qr = structure(c(-5.19615242270663, 
0.192450089729875, 0.192450089729875, 0.192450089729875, 0.192450089729875, 
0.192450089729875, 0.192450089729875, 0.192450089729875, 0.192450089729875, 
0.192450089729875, 0.192450089729875, 0.192450089729875, 0.192450089729875, 
0.192450089729875, 0.192450089729875, 0.192450089729875, 0.192450089729875, 
0.192450089729875, 0.192450089729875, 0.192450089729875, 0.192450089729875, 
0.192450089729875, 0.192450089729875, 0.192450089729875, 0.192450089729875, 
0.192450089729875, 0.192450089729875, -341.791359360259, -70.2329457353646, 
0.0940757185871527, -0.00559260554061164, 0.207982374733169, 
-0.119499261686628, 0.0513607225323965, 0.264935702806177, -0.0340692695771157, 
-0.147975925723132, -0.0483076015953678, -0.0198309375588637, 
0.279174034824429, 0.193744042714917, 0.378842358952194, 0.307650698860933, 
-0.0483076015953678, -0.0767842656318719, -0.333074241960409, 
-0.0340692695771157, 0.0371223905141445, -0.375789238015165, 
-0.13373759370488, 0.165267378678413, -0.0910225976501239, 0.307650698860933, 
0.264935702806177, -275.588528493181, -36.3393873843611, -52.8621971496863, 
-0.0777165698770799, -0.0219221343711548, 0.0791752168329003, 
-0.175079573263807, 0.240139952845125, -0.057410733231322, 0.175149493605607, 
-0.00942359484496873, 0.159441668826645, 0.438075244871355, -0.0496034361117502, 
-0.257259814436125, 0.0583443176225902, 0.331084385726301, 0.40814155246727, 
-0.0712047688317108, 0.0750090369908383, 0.0242444453764436, 
0.129507976422561, -0.0430916350663811, 0.0463708406609564, -0.0357161699715435, 
0.190764087844751, -0.384124678202203, -291.754336030491, -37.5876144912945, 
-11.4059006342731, 49.0355388976436, -0.104841902340487, 0.128440571929882, 
-0.0788666194452232, 0.0162392709473075, 0.0824488170952767, 
-0.143365288721313, 0.252446471064487, 0.276076731016642, 0.549517961724093, 
-0.248497668427881, -0.18275230798564, -0.0591726046853306, -0.355056995026528, 
0.0798686223314672, 0.111453037419439, -0.174195903115328, 0.10663670604758, 
-0.336326214380228, -0.00961120964501627, -0.27558306164323, 
0.0873092962742401, -0.0507034851737676, -0.0528199671590905, 
-341.406459180799, -11.0805863839819, 2.25804887411509, 12.551049111885, 
53.5184324928328, -0.00781608484425324, 0.0634019453261804, 0.00717913227841589, 
0.177799898935107, 0.126611313194294, -0.44940952271319, -0.0517276144571711, 
0.075412368765307, -0.215652563473746, 0.149627961930924, 0.244568782704662, 
-0.483085003291591, 0.207008226505287, 0.20353564801275, -0.451701273740631, 
0.0162827867645144, -0.0681791192547604, 0.041937580602175, 0.00974256753650668, 
0.180757145437407, -0.163373434234977, -0.106053554849138, -387.979380895428, 
-10.5506040255248, -3.0821807510087, -1.39477922235196, 4.63190156686909, 
50.1177113933829, 0.153388220249532, -0.0347597520833094, -0.0494605652825742, 
0.200005395121354, 0.0959306975676481, 0.356274022221258, 0.205156887742019, 
-0.0175240310268024, 0.442796799030284, 0.0100426058373712, -0.0612157033159249, 
0.0650494586592044, 0.236285556464225, -0.0746198960532118, -0.0250336117548254, 
0.331644649309858, 0.0246718285466456, -0.026001040751711, -0.111659578277436, 
0.128937443391157, -0.0542047584322297, -217.276151305029, -8.12850554553101, 
-11.28973643718, 24.9500673066765, 0.0521907510848018, 13.2355160737448, 
34.4507743690735, 0.509339735627339, -0.0503561555883292, 0.302171357875947, 
-0.213077213741827, 0.21195676907541, -0.0496914001580066, 0.162456901793651, 
0.239348738558872, -0.424951335354182, -0.0904077905553005, -0.25454056550321, 
-0.0484174104677587, 0.229290250040287, 0.0964133101221831, -0.111793265389914, 
0.205491787865422, 0.119735656642406, 0.0391384983789775, -0.182429772612755, 
0.120511569101526), .Dim = c(27L, 7L), .Dimnames = list(c("1", 
"2", "3", "4", "5", "6", "7", "9", "10", "11", "12", "13", "14", 
"15", "16", "17", "18", "20", "21", "22", "23", "24", "25", "27", 
"28", "29", "30"), c("x1", "x2", "x3", "x4", "x5", "x6", "x7"
)), assign = 1:7), qraux = c(1.19245008972988, 1.00864572647764, 
1.28630653259272, 1.0968936737861, 1.10060462475922, 1.58720256593388, 
1.18464635628136), pivot = 1:7, tol = 1e-07, rank = 7L), .Names = c("qr", 
"qraux", "pivot", "tol", "rank"), class = "qr"), df.residual = 20L, 
    xlevels = structure(list(), .Names = character(0)), call = quote(lm(formula = y ~ 
        . + 0, data = structure(list(y = c(43, 63, 71, 61, 81, 
        43, 58, 72, 67, 64, 67, 69, 68, 77, 81, 74, 65, 50, 50, 
        64, 53, 40, 63, 78, 48, 85, 82), x1 = c(1, 1, 1, 1, 1, 
        1, 1, 1, 1, 1, 1, 1, 1, 1, 1, 1, 1, 1, 1, 1, 1, 1, 1, 
        1, 1, 1, 1), x2 = c(51, 64, 70, 63, 78, 55, 67, 82, 61, 
        53, 60, 62, 83, 77, 90, 85, 60, 58, 40, 61, 66, 37, 54, 
        75, 57, 85, 82), x3 = c(30, 51, 68, 45, 56, 49, 42, 72, 
        45, 53, 47, 57, 83, 54, 50, 64, 65, 68, 33, 52, 52, 42, 
        42, 58, 44, 71, 39), x4 = c(39, 54, 69, 47, 66, 44, 56, 
        67, 47, 58, 39, 42, 45, 72, 72, 69, 75, 54, 34, 62, 50, 
        58, 48, 74, 45, 71, 59), x5 = c(59, 66, 60, 77, 62, 63, 
        63, 66, 55, 55, 88, 66, 61, 79, 63, 55, 88, 50, 50, 88, 
        64, 63, 61, 66, 54, 76, 76), x6 = c(92, 73, 86, 84, 83, 
        49, 68, 83, 80, 67, 74, 63, 77, 77, 54, 79, 80, 78, 64, 
        80, 80, 57, 75, 78, 83, 74, 78), x7 = c(45, 47, 48, 35, 
        47, 34, 35, 31, 41, 34, 41, 25, 35, 46, 36, 63, 60, 52, 
        33, 41, 37, 49, 33, 49, 38, 55, 39)), .Names = c("y", 
        "x1", "x2", "x3", "x4", "x5", "x6", "x7"),