
expected <- structure(list(coefficients = structure(c(-3.41128494921176, 
0.701489045036459, 0.0542958752923124, 0.507666534115834, -0.128290827197578, 
0.0784182368051138, -0.167417834383269), .Names = c("x1", "x2", 
"x3", "x4", "x5", "x6", "x7")), residuals = structure(c(-6.94117136612474, 
1.03622755211378, 3.00995963599246, 1.61900574536035, 4.7141632975521, 
-3.86655165839199, -5.8821358941968, 4.10496517160985, -9.46239701093015, 
7.37360315927329, 11.6445680490623, 7.03903631900855, -3.00806015229707, 
-2.40476851756664, 1.95952627764768, -0.071752751661377, -1.92753690493762, 
11.6734272763813, -4.5642383243586, -10.5256444705913, -2.92983763697319, 
7.71283181380849, -6.47959246733662, 0.246234889169327, -6.84459315973331, 
5.66883809346595, 2.15994232246208), .Names = c("1", "2", "3", 
"4", "5", "6", "7", "8", "9", "11", "12", "13", "14", "15", "18", 
"19", "20", "21", "22", "23", "24", "25", "26", "27", "28", "29", 
"30")), effects = structure(c(264.146242299264, -204.736158973609, 
-4.33791170139623, 18.4380337698441, -5.8786013268918, 3.26144587407979, 
-6.18351652230487, 4.25522327807053, -9.61105724891372, 6.73062710768817, 
10.6899193691418, 7.80929894534066, -5.93263141717274, -1.67381932241496, 
-5.37125269738336, -0.13441232245246, -5.23926336623647, 9.74570404950344, 
-4.84296220757732, -11.277179564233, -6.0467210090779, 9.50430939275451, 
-6.99561782276775, 0.585567636495992, -10.0868602748607, 3.60224275839539, 
0.89283555009689), .Names = c("x1", "x2", "x3", "x4", "x5", "x6", 
"x7", "", "", "", "", "", "", "", "", "", "", "", "", "", "", 
"", "", "", "", "", "")), rank = 7L, fitted.values = structure(c(49.9411713661247, 
61.9637724478862, 67.9900403640075, 59.3809942546397, 76.2858367024479, 
46.866551658392, 63.8821358941968, 66.8950348283902, 81.4623970109301, 
56.6263968407267, 55.3554319509377, 61.9609636809914, 71.0080601522971, 
79.4047685175666, 63.0404737223523, 65.0717527516614, 51.9275369049376, 
38.3265727236187, 68.5642383243586, 63.5256444705913, 42.9298376369732, 
55.2871681861915, 72.4795924673366, 77.7537651108307, 54.8445931597333, 
79.331161906534, 79.8400576775379), .Names = c("1", "2", "3", 
"4", "5", "6", "7", "8", "9", "11", "12", "13", "14", "15", "18", 
"19", "20", "21", "22", "23", "24", "25", "26", "27", "28", "29", 
"30")), assign = 1:7, qr = structure(list(qr = structure(c(7.68026164033785, 
-0.110237720417165, -0.335620609462943, -0.187646659618374, -0.172075241893195, 
-0.302896441396488, -0.184468896689821, -0.216958261972704, -0.236369516307415, 
-0.190682983060975, -0.0173465208351917, 0.0134687753639381, 
-0.2739169374878, -0.0876298721724762, -0.375024770097706, -0.183575626591471, 
-0.346006646157154, -0.105455514318257, 0.0203271653415728, -0.113590517354008, 
-0.17565817359295, -0.0431703904852981, 0.0107752741880886, -0.123066183286955, 
-0.151846007105242, -0.263794990448012, -0.0430779224312336, 
276.278372585815, -206.959563300017, -0.0151937601783636, 0.10680664659276, 
0.195681998800037, -0.0532116183521033, 0.129480425533268, 0.133922509611591, 
0.147304589928157, 0.055290639430994, 0.271645013887359, 0.313758674953518, 
0.112597273990997, 0.279775031857712, -0.105006788334819, 0.144916665701486, 
-0.0841130801376945, 0.0822249179359451, 0.316149016249916, 0.199286787847776, 
-0.00619732682722353, 0.215460109667444, 0.38340021958178, 0.232795227548148, 
0.115515225221528, 0.132919877672622, 0.350849612131694, 240.978677878179, 
-142.712917330228, -44.466841974446, -0.193983266651633, -0.16193861112941, 
-0.11664411483608, -0.320032342143546, -0.303585028809785, 0.0588828876819041, 
0.138233277129812, 0.100737886496523, 0.33116546007431, 0.245916099583818, 
-0.0906802031542784, 0.0792480568137326, -0.275790844745178, 
0.212483443131111, -0.00726107595112591, 0.242488642344305, 0.00492074446427703, 
0.158246218110533, 0.0510728742102435, 0.296464401233949, -0.0117738281183682, 
-0.0802486617812705, -0.0430696168673647, -0.452875553819471, 
243.278955723786, -158.969633988657, -10.3434073623348, 50.9315137767722, 
-0.059888898203401, 0.109875952509739, -0.0699502946631003, 0.09453153509594, 
0.0823066942793036, -0.184541825278264, 0.185638706409171, 0.207024599111516, 
0.605436086396102, -0.219961477309197, -0.324597779387735, -0.0315532080357936, 
0.0798092705484909, -0.00181506521685795, -0.230675338853933, 
0.0874493265096918, -0.430435598929007, -0.082149387056044, 0.0141101850261123, 
-0.246465075377361, 0.0456077457808328, 0.0351246311045532, -0.019865999319805, 
265.905403454097, -205.175770545917, -10.4400185457136, 28.7073465177134, 
32.2197744169623, -0.327016393340573, -0.245114367311376, -0.269112895469047, 
0.165236430893348, -0.0208674391242415, -0.0719416517448302, 
0.273147777964402, 0.231421652140517, 0.00397457056810768, 0.257444178726297, 
-0.433113474610952, -0.317783855100699, -0.162390895549398, 0.215061980896491, 
-0.0503376223983063, -0.0365953425431632, -0.297379596264515, 
-0.148530089157904, -0.0331924893197985, -0.00250649895491802, 
0.0253305866101959, 0.231427223310957, 310.549661234991, -231.194172542577, 
-11.441297924159, 25.5364041502677, 24.5561860277181, 60.8781157875486, 
-0.0527634612741882, 0.123374478032722, 0.00412937782188294, 
-0.15035769455435, -0.0371647911989393, 0.204073277567016, 0.161959430421054, 
0.0795035931257275, -0.454480000159877, -0.197771162992411, -0.208235092811271, 
-0.321247458060458, -0.109444771959737, -0.132325733195498, -0.259017892161076, 
-0.133434908181333, 0.382739830004848, 0.0535882215559025, -0.42725352735472, 
0.186045240195624, -0.0603570464103743, 180.916888866142, -123.664622995324, 
-17.2341493789577, 34.2724649618206, 21.9256965023746, 9.03433395593181, 
36.9346345034482, -0.0028712412281083, 0.398297100728065, 0.23610714451149, 
-0.132952209770972, 0.218050728443065, -0.095976961039935, 0.168652473897219, 
-0.386467607997984, 0.063958665865344, -0.192677148196031, -0.0708209522076847, 
0.182027617583265, 0.0946487603092128, -0.1910590525662, 0.316573274270659, 
-0.462140150020347, 0.1429885551011, -0.0725678798681629, -0.188265538823252, 
-0.0305131993698768), .Dim = c(27L, 7L), .Dimnames = list(c("1", 
"2", "3", "4", "5", "6", "7", "8", "9", "11", "12", "13", "14", 
"15", "18", "19", "20", "21", "22", "23", "24", "25", "26", "27", 
"28", "29", "30"), c("x1", "x2", "x3", "x4", "x5", "x6", "x7"
)), assign = 1:7), qraux = c(1.03368087741006, 1.19315371515873, 
1.03775053594399, 1.08460429758266, 1.04807187618906, 1.08377303180005, 
1.18073179624061), pivot = 1:7, tol = 1e-07, rank = 7L), .Names = c("qr", 
"qraux", "pivot", "tol", "rank"), class = "qr"), df.residual = 20L, 
    xlevels = structure(list(), .Names = character(0)), call = quote(lm(formula = y ~ 
        . + 0, data = structure(list(y = c(43, 63, 71, 61, 81, 
        43, 58, 71, 72, 64, 67, 69, 68, 77, 65, 65, 50, 50, 64, 
        53, 40, 63, 66, 78, 48, 85, 82), x1 = c(-0.25867795078543, 
        0.846654535438241, 2.57765409256505, 1.44117544180453, 
        1.32158287956416, 2.32632391985229, 1.41676939108228, 
        1.66629621698333, 1.81537972904105, 1.4644952002684, 
        0.133225818563844, -0.103443718769981, 2.10375374762637, 
        0.673020345793978, 2.88028835595793, 1.40990884301146, 
        2.65742157178274, 0.809925941380608, -0.156117948229687, 
        0.872404893140121, 1.34910073245774, 0.331559894042641, 
        -0.0827569250108997, 0.945180486721588, 1.16621706360886, 
        2.02601454605116, 0.330849715194053), x2 = c(51, 64, 
        70, 63, 78, 55, 67, 75, 82, 53, 60, 62, 83, 77, 60, 70, 
        58, 40, 61, 66, 37, 54, 77, 75, 57, 85, 82), x3 = c(30, 
        51, 68, 45, 56, 49, 42, 50, 72, 53, 47, 57, 83, 54, 65, 
        46, 68, 33, 52, 52, 42, 42, 66, 58, 44, 71, 39), x4 = c(39, 
        54, 69, 47, 66, 44, 56, 55, 67, 58, 39, 42, 45, 72, 75, 
        57, 54, 34, 62, 50, 58, 48, 63, 74, 45, 71, 59),