
expected <- structure(list(coefficients = structure(c(3.11487604452422, 0.462697897177587, 
0.211993942642467, 0.152596056078772, 0.142841722291989, 0.141012858979033, 
-0.195970187537882), .Names = c("x1", "x2", "x3", "x4", "x5", 
"x6", "x7")), residuals = structure(c(-1.61770921684561, -2.17697681007813, 
-0.464168272863339, -7.23338368141091, -5.72223140483703, 1.43535228820144, 
-6.07447815208898, 6.84637236165689, -1.15362815507246, 10.4404228561422, 
7.92428480445725, -4.25999212928892, 0.151012045017082, 1.70953810111024, 
-4.1032852071937, 7.03166996374734, -3.48599473394306, -5.13776469136135, 
4.10123812774964, 1.62204645923475, -7.67171862527387, -6.53421016768998, 
7.67850663088238, -2.55704601894335, 5.46717479083681, -6.25742499217708, 
10.0423938300317), .Names = c("2", "3", "4", "6", "7", "8", "9", 
"10", "11", "12", "13", "14", "15", "16", "17", "18", "19", "20", 
"21", "22", "23", "24", "25", "26", "27", "28", "29")), effects = structure(c(-333.516005501874, 
-45.8271796854879, 13.7700705126853, 5.2212408684974, -3.4122805201225, 
5.45873053281569, -7.85559734282981, 8.72517273164413, 0.560295179258576, 
12.6436341180595, 10.5727643538059, -1.52240040276374, 0.919353592459706, 
-1.44260104554094, -4.24661413267212, -0.351625271021229, -1.08134298882996, 
-6.54206510451885, 5.1917609060341, 1.11311689798389, -6.86183719710074, 
-10.6580120188322, 9.5518826560751, -2.57289207150192, 4.58913585770286, 
-6.46663705102772, 8.29769426644774), .Names = c("x1", "x2", 
"x3", "x4", "x5", "x6", "x7", "", "", "", "", "", "", "", "", 
"", "", "", "", "", "", "", "", "", "", "", "")), rank = 7L, 
    fitted.values = structure(c(64.6177092168456, 73.1769768100781, 
    61.4641682728633, 50.2333836814109, 63.722231404837, 69.5646477117986, 
    78.074478152089, 60.1536276383431, 65.1536281550725, 56.5595771438578, 
    61.0757151955427, 72.2599921292889, 76.8489879549829, 79.2904618988898, 
    78.1032852071937, 57.9683300362527, 68.4859947339431, 55.1377646913614, 
    45.8987618722504, 62.3779535407652, 60.6717186252739, 46.53421016769, 
    55.3214933691176, 68.5570460189434, 72.5328252091632, 54.2574249921771, 
    74.9576061699683), .Names = c("2", "3", "4", "6", "7", "8", 
    "9", "10", "11", "12", "13", "14", "15", "16", "17", "18", 
    "19", "20", "21", "22", "23", "24", "25", "26", "27", "28", 
    "29")), assign = 1:7, qr = structure(list(qr = structure(c(-5.19615242270663, 
    0.192450089729875, 0.192450089729875, 0.192450089729875, 
    0.192450089729875, 0.192450089729875, 0.192450089729875, 
    0.192450089729875, 0.192450089729875, 0.192450089729875, 
    0.192450089729875, 0.192450089729875, 0.192450089729875, 
    0.192450089729875, 0.192450089729875, 0.192450089729875, 
    0.192450089729875, 0.192450089729875, 0.192450089729875, 
    0.192450089729875, 0.192450089729875, 0.192450089729875, 
    0.192450089729875, 0.192450089729875, 0.192450089729875, 
    0.192450089729875, 0.192450089729875, -343.908310347287, 
    -67.2761032913922, -0.0421028710864252, -0.16101582247051, 
    0.0173536046056173, 0.136266555989702, 0.240315388450777, 
    -0.0718311089324464, -0.190744060316531, -0.0866952278554571, 
    -0.0569669900094358, 0.255179507373787, 0.165994793835724, 
    0.359228339834862, 0.284907745219808, -0.0866952278554571, 
    0.0619459613746492, -0.116423465701478, -0.38397760631567, 
    -0.0718311089324464, 0.00248948568260667, -0.428569963084701, 
    -0.175879941393521, 0.165994793835724, 0.136266555989702, 
    -0.131287584624489, 0.284907745219808, -259.807621135332, 
    -23.856910871432, 64.8293745432774, 0.213823786445941, 0.167226294985161, 
    -0.00266465689766132, 0.128260813655801, 0.0748367427358547, 
    -0.572802944437842, 0.113426356418162, -0.0254532965356236, 
    0.105096306370787, -0.126119203454154, -0.0570552446243133, 
    -0.141759091364048, 0.15970167561004, 0.066882560335532, 
    0.236880902974655, -0.148263498554313, 0.121112061927733, 
    0.344641866243103, -0.279296359864076, 0.252413400128248, 
    0.0898322861079452, 0.105311087883388, 0.275470516656962, 
    0.151317930184515, -293.87128701752, -33.9678148766177, 14.8641395166931, 
    47.0947085732864, -0.0518530139267601, 0.152988320553406, 
    -0.0600965235442028, 0.0950537073450836, 0.0256587829877606, 
    0.23459101264128, 0.25780379219487, 0.430818439862364, -0.127634183506855, 
    0.0239039344058981, 0.0540550518566084, -0.549511990157095, 
    0.011350682837043, -0.164268339528723, 0.173748968828204, 
    -0.243139327302181, -0.01384106826294, -0.321870355418852, 
    -0.0991403829130413, -0.0283975126256252, -0.29638783217508, 
    -0.00349722622533084, -0.113090022906863, -335.440506399173, 
    -38.1446322939837, 2.23643846883169, 17.2999079860302, -36.3505876221205, 
    0.0546176831140036, -0.121659744319676, 0.0953506003956685, 
    -0.0652302423181452, 0.110171654743301, -0.0634433096113203, 
    -0.237770126483679, 0.0945862081558055, -0.585568475264121, 
    0.0255060166801982, -0.369901868732298, 0.237366562906655, 
    0.124138722609136, -0.0446076411348296, 0.0527077631124192, 
    0.0447491401233897, -0.0704912451422814, 0.291752323369317, 
    0.447313985540695, 0.139058949006518, -0.125788858004548, 
    -0.0339441919671694, -382.975678562452, -12.3443755040988, 
    -12.8568056075933, 8.05267399104678, -15.2133913556246, 42.6574230078016, 
    0.0127330567247065, -0.216451647799642, -0.269741855560986, 
    -0.170897336541035, -0.00114503382583466, -0.240717948599835, 
    0.0529660101799456, 0.557179918421893, -0.0836903717108946, 
    0.27825729356635, -0.187557140251482, 0.0927531975952366, 
    -0.199683081973113, 0.0656537036856886, 0.0428695539915671, 
    0.254394601325697, 0.102581823582373, 0.140985903063506, 
    0.266830285543537, -0.158848341441349, 0.308557979585003, 
    -222.664753817466, -13.9386898893224, 3.81718810939179, 28.432412226014, 
    -20.0305152599385, 2.83979236425855, 40.0856754873048, -0.0227736883302371, 
    0.286729863077887, -0.151458696399217, 0.21868917326879, 
    -0.098987361436268, 0.167753901812453, 0.139218923611539, 
    -0.356110613122191, -0.16687601565281, 0.0162825597305193, 
    -0.164565807419752, -0.00243469580066385, 0.205931437849158, 
    0.0935712188826024, -0.0267639151456406, 0.271507710235624, 
    -0.528946418910667, 0.151920244052601, -0.0105374528506527, 
    -0.143422761634929), .Dim = c(27L, 7L), .Dimnames = list(
        c("2", "3", "4", "6", "7", "8", "9", "10", "11", "12", 
        "13", "14", "15", "16", "17", "18", "19", "20", "21", 
        "22", "23", "24", "25", "26", "27", "28", "29"), c("x1", 
        "x2", "x3", "x4", "x5", "x6", "x7")), assign = 1:7), 
        qraux = c(1.19245008972988, 1.06194596137465, 1.10563326015229, 
        1.01612800787711, 1.04292154995827, 1.1372195845545, 
        1.39752266931209), pivot = 1:7, tol = 1e-07, rank = 7L), .Names = c("qr", 
    "qraux", "pivot", "tol", "rank"), class = "qr"), df.residual = 20L, 
    xlevels = structure(list(), .Names = character(0)), call = quote(lm(formula = y ~ 
        . + 0, data = structure(list(y = c(63, 71, 61, 43, 58, 
        71, 72, 67, 64, 67, 69, 68, 77, 81, 74, 65, 65, 50, 50, 
        64, 53, 40, 63, 66, 78, 48, 85), x1 = c(1, 1, 1, 1, 1, 
        1, 1, 1, 1, 1, 1, 1, 1, 1, 1, 1, 1, 1, 1, 1, 1, 1, 1, 
        1, 1, 1, 1), x2 = c(64, 70, 63, 55, 67, 75, 82, 61, 53, 
        60, 62, 83, 77, 90, 85, 60, 70, 58, 40, 61, 66, 37, 54, 
        77, 75, 57, 85), x3 = c(64, 64, 44, 33, 42, 57, 52, 45, 
        83, 42, 52, 54, 66, 68, 71, 39, 50, 33, 49, 42, 30, 56, 
        30, 52, 50, 30, 52), x4 = c(54, 69, 47, 44, 56, 55, 67, 
        47, 58, 39, 42, 45, 72, 72, 69, 75, 57, 54, 34, 62, 50, 
        58, 48, 63, 74, 45, 71), x5 = c(63, 76, 54, 54, 66, 70, 
        71, 62, 58, 59, 55, 59, 79, 60, 79, 55, 75, 64, 43, 66, 
        63, 50, 66, 88, 80, 51, 77),