
expected <- structure(list(coefficients = structure(c(18.6912679475948, 0.629052757505901, 
-0.113793684602432, 0.306005764019501, -0.0504806160967053, -0.0437350265794518, 
-0.00964100887673564), .Names = c("x1", "x2", "x3", "x4", "x5", 
"x6", "x7")), residuals = structure(c(-8.86263851006576, 0.173867419050989, 
0.153984040308136, 6.95096712128694, -12.8361536751829, -8.43596084528821, 
1.10344996864985, -2.89629457708949, 7.91094262632436, 6.35081461174087, 
10.5125465911222, 10.916685988713, -0.554282681327823, 1.67711471252136, 
-4.78580906635557, -4.23116517403758, -0.0188875494534235, -2.09182125321549, 
-6.99278278182932, 5.16147819975459, -9.3824301159638, 7.36094217622636, 
-4.52277042923445, 4.03649623148455, -8.73973541945926, 6.71087079606366, 
5.33057159525615), .Names = c("1", "2", "4", "5", "6", "7", "8", 
"9", "10", "11", "12", "13", "14", "15", "16", "17", "18", "19", 
"20", "21", "23", "25", "26", "27", "28", "29", "30")), effects = structure(c(-339.4819582835, 
47.9679701362602, -3.77147328366682, -12.3774262568539, -2.46364215164805, 
-1.86188480005553, 0.645167412013792, -1.17989958295752, 8.08804071682572, 
9.01730239553175, 14.4928969118539, 17.0016435191869, 7.8383615080265, 
1.61023891846744, 1.94666560464514, -2.33592739850574, -1.73637675548981, 
-2.64842937602477, -5.05673257085712, 7.40574951507789, -8.09857976180495, 
8.05814267896153, -5.0860648163972, 2.53855747159308, -6.83572786489369, 
9.42431928482163, 6.95520353719978), .Names = c("x1", "x2", "x3", 
"x4", "x5", "x6", "x7", "", "", "", "", "", "", "", "", "", "", 
"", "", "", "", "", "", "", "", "", "")), rank = 7L, fitted.values = structure(c(51.8626385100658, 
62.826132580949, 60.8460159596919, 74.0490328787131, 55.8361536751829, 
66.4359608452882, 69.8965500313501, 74.8962945770895, 59.0890573736756, 
57.6491853882591, 56.4874534088778, 58.083314011287, 68.5542826813278, 
75.3228852874786, 85.7858090663556, 78.2311651740376, 65.0188875494534, 
67.0918212532155, 56.9927827818293, 44.8385218002454, 62.3824301159638, 
55.6390578237736, 70.5227704292344, 73.9635037685155, 56.7397354194593, 
78.2891292039363, 76.6694284047439), .Names = c("1", "2", "4", 
"5", "6", "7", "8", "9", "10", "11", "12", "13", "14", "15", 
"16", "17", "18", "19", "20", "21", "23", "25", "26", "27", "28", 
"29", "30")), assign = 1:7, qr = structure(list(qr = structure(c(-5.19615242270663, 
0.192450089729875, 0.192450089729875, 0.192450089729875, 0.192450089729875, 
0.192450089729875, 0.192450089729875, 0.192450089729875, 0.192450089729875, 
0.192450089729875, 0.192450089729875, 0.192450089729875, 0.192450089729875, 
0.192450089729875, 0.192450089729875, 0.192450089729875, 0.192450089729875, 
0.192450089729875, 0.192450089729875, 0.192450089729875, 0.192450089729875, 
0.192450089729875, 0.192450089729875, 0.192450089729875, 0.192450089729875, 
0.192450089729875, 0.192450089729875, -352.183664205672, 64.6889995800419, 
0.0319993232125807, -0.199879359366827, 0.155667953921598, -0.0298349921419281, 
-0.153503622850946, -0.261713674721336, 0.0629164808898351, 0.186585111598853, 
0.0783750597284623, 0.0474579020512079, -0.277172253559963, -0.1844207805282, 
-0.385382305430354, -0.308089411237218, 0.0783750597284623, -0.0762107286578097, 
0.109292217405717, 0.387546636501006, -0.0143764133033009, 0.171126532760225, 
-0.1844207805282, -0.153503622850946, 0.124750796244344, -0.308089411237218, 
-0.261713674721336, -275.588528493181, 34.8470719420076, 52.7318171508579, 
-0.00302588873069625, -0.0902646576236263, 0.157257799394405, 
0.0820635886736593, -0.268189587627373, 0.0429785122827351, -0.185249401711592, 
-0.00451385976124781, -0.17502347479897, -0.467227691914387, 
0.0253372704040889, 0.225532685492643, -0.0877847059060403, -0.345863750065704, 
0.110096087579433, -0.421884611358978, 0.069688370272463, -0.0419456350071147, 
0.0329179154846191, -0.202229323132215, -0.0696474736838769, 
0.0236839692590316, -0.220531885468885, 0.357618544597464, -289.060034774273, 
42.7395352490623, 7.58598380241519, -43.6128567367463, -0.082562417843346, 
0.083462585487816, -0.0755820515145921, 0.00542536610869037, 
-0.065835650466478, 0.242456890713533, -0.247261274047552, -0.252524263626296, 
-0.566053919392197, 0.270177073640488, 0.134034117241475, 0.0552691144573855, 
0.488135826620449, 0.0503456045159889, 0.0156421294048419, -0.0516331758695666, 
-0.0921261415763596, 0.0561839639606067, 0.00378419612822483, 
0.320048159909756, -0.0586438059743317, 0.0661086535406638, -0.0129195773925251, 
-336.210306758092, 34.3214802614943, 2.22433458214142, -15.0478369131155, 
37.1521272902704, -0.0374601498146478, -0.0653487120640131, 0.138130185142434, 
-0.0383945646106891, 0.129786979720916, -0.0243578643669359, 
0.158865371339088, 0.325217087068073, -0.137242779638185, 0.456474543060338, 
-0.0669189733086741, 0.446674051791264, -0.234794352486996, 0.0259014783272711, 
0.166045712013644, 0.0218094808812521, -0.200514755944425, -0.411294858343322, 
-0.148102529415978, 0.207769606822958, 0.0285686891143607, 0.142034990875549, 
-388.749181254348, 2.79628514992061, 1.15192001105823, -2.77206729659743, 
15.8610029576016, 45.8439982091944, 0.33015852274241, -0.219859986594344, 
-0.0348335730373915, 0.105750963544434, 0.0526353760230174, 0.126658511591116, 
-0.338789747600054, 0.193743768828583, 0.242884558756276, 0.0705598809213958, 
-0.407196430236826, 0.0628557797669603, -0.0931428063792149, 
0.099267306178326, -0.0852288304520473, 0.20563167693058, 0.380274486068049, 
0.171870093487489, -0.314018031744071, 0.0874515683341706, -0.0458524656678755, 
-238.830561354775, -1.75025464850679, -7.30055845047528, -9.07568656686308, 
-10.9429947160475, -14.8432266748809, -66.9190766508494, 0.114390526670579, 
0.293037657401247, -0.354539448438411, -0.18172844045478, -0.0412814625729579, 
-0.128883166006806, -0.129733259990267, -0.023262824518295, -0.138873267450603, 
0.407649722068236, -0.0920101153381121, -0.156586249394045, 0.326735161479135, 
0.177947029395853, -0.186634307768415, 0.292494937449665, 0.126041196852752, 
-0.0735262843326858, -0.0452545418133085, 0.256501423133033), .Dim = c(27L, 
7L), .Dimnames = list(c("1", "2", "4", "5", "6", "7", "8", "9", 
"10", "11", "12", "13", "14", "15", "16", "17", "18", "19", "20", 
"21", "23", "25", "26", "27", "28", "29", "30"), c("x1", "x2", 
"x3", "x4", "x5", "x6", "x7")), assign = 1:7), qraux = c(1.19245008972988, 
1.01654074437395, 1.06210772519193, 1.1105858676205, 1.1217415644853, 
1.27352772822241, 1.3744917541915), pivot = 1:7, tol = 1e-07, 
    rank = 7L), .Names = c("qr", "qraux", "pivot", "tol", "rank"
), class = "qr"), df.residual = 20L, xlevels = structure(list(), .Names = character(0)), 
    call = quote(lm(formula = y ~ . + 0, data = structure(list(y = c(43, 
        63, 61, 81, 43, 58, 71, 72, 67, 64, 67, 69, 68, 77, 81, 
        74, 65, 65, 50, 50, 53, 63, 66, 78, 48, 85, 82), x1 = c(1, 
        1, 1, 1, 1, 1, 1, 1, 1, 1, 1, 1, 1, 1, 1, 1, 1, 1, 1, 
        1, 1, 1, 1, 1, 1, 1, 1), x2 = c(51, 64, 63, 78, 55, 67, 
        75, 82, 61, 53, 60, 62, 83, 77, 90, 85, 60, 70, 58, 40, 
        66, 54, 77, 75, 57, 85, 82), x3 = c(30, 51, 45, 56, 49, 
        42, 50, 72, 45, 53, 47, 57, 83, 54, 50, 64, 65, 46, 68, 
        33, 52, 42, 66, 58, 44, 71, 39), x4 = c(39, 54, 47, 66, 
        44, 56, 55, 67, 47, 58, 39, 42, 45, 72, 72, 69, 75, 57, 
        54, 34, 50, 48, 63, 74, 45, 71, 59), x5 = c(61, 63, 54, 
        71, 54, 66, 70, 71, 62, 58, 59, 55, 59, 79, 60, 79, 55, 
        75, 64, 43, 63, 66, 88, 80, 51, 77, 64), x6 = c(92, 73, 
        84, 83, 49, 68, 66, 83, 80, 67, 74, 63, 77, 77, 54, 79, 
        80, 85, 78, 64, 80, 75, 76, 78, 83, 74, 78), x7 = c(34, 
        49, 35, 33, 49, 47, 72, 49, 63, 25, 33, 46, 34, 35, 49, 
        33, 72, 35, 34, 72, 55, 33, 63, 52, 38, 41, 60)), .Names = c("y", 
        "x1", "x2", "x3", "x4", "x5", "x6", "x7"),