
expected <- structure(list(coefficients = structure(c(-5.82886561115337, 
0.681486293366454, -0.137138814233747, 0.381795604692255, 0.177401942207264, 
0.0610967780350863, -0.147027450303412), .Names = c("x1", "x2", 
"x3", "x4", "x5", "x6", "x7")), residuals = structure(c(-7.41599600777515, 
-1.57028583830047, 2.20083423749777, -1.87883967965224, 7.52674141309064, 
-5.5969911567736, -6.92677444534293, 2.39499181534926, -4.73921754218208, 
8.0299002586996, 8.03122514125495, 14.5354329927693, -0.686806412810706, 
1.86272966774317, -5.73901931767002, -0.985504854857331, -4.77385579060376, 
-6.30113933712831, 7.04090281806546, 0.440339830159269, -8.0222328172997, 
-2.87013187551463, -3.71967247744303, 3.68104410607266, -5.22624184017584, 
6.67911079003357, 4.02945632279419), .Names = c("1", "2", "3", 
"4", "5", "6", "7", "8", "9", "10", "11", "12", "14", "15", "16", 
"17", "19", "20", "21", "22", "23", "24", "26", "27", "28", "29", 
"30")), effects = structure(c(-335.248056309443, 55.507881731414, 
5.01730832808559, 12.937982009321, 7.30680182631607, 1.79786383728333, 
-5.99398056765755, 5.10856190701809, -2.87482524242602, 9.54611305966913, 
10.508717510389, 13.1972978439732, 1.22916695940504, 3.64568814476408, 
3.06037340572697, -2.36667606719023, -1.07680594474362, -4.80041667459023, 
10.4893449229572, 2.75881681706356, -8.26751914461055, -2.81661062615024, 
-2.12191034015398, 5.67651945510853, -7.62501440474805, 9.60708598009275, 
7.95940310203499), .Names = c("x1", "x2", "x3", "x4", "x5", "x6", 
"x7", "", "", "", "", "", "", "", "", "", "", "", "", "", "", 
"", "", "", "", "", "")), rank = 7L, fitted.values = structure(c(50.4159960077751, 
64.5702858383005, 68.7991657625022, 62.8788396796522, 73.4732585869094, 
48.5969911567736, 64.9267744453429, 68.6050081846507, 76.7392175421821, 
58.9700997413004, 55.968774858745, 52.4645670072307, 68.6868064128107, 
75.1372703322568, 86.73901931767, 74.9855048548573, 69.7738557906038, 
56.3011393371283, 42.9590971819345, 63.5596601698407, 61.0222328172997, 
42.8701318755146, 69.719672477443, 74.3189558939273, 53.2262418401758, 
78.3208892099664, 77.9705436772058), .Names = c("1", "2", "3", 
"4", "5", "6", "7", "8", "9", "10", "11", "12", "14", "15", "16", 
"17", "19", "20", "21", "22", "23", "24", "26", "27", "28", "29", 
"30")), assign = 1:7, qr = structure(list(qr = structure(c(-5.19615242270663, 
0.192450089729875, 0.192450089729875, 0.192450089729875, 0.192450089729875, 
0.192450089729875, 0.192450089729875, 0.192450089729875, 0.192450089729875, 
0.192450089729875, 0.192450089729875, 0.192450089729875, 0.192450089729875, 
0.192450089729875, 0.192450089729875, 0.192450089729875, 0.192450089729875, 
0.192450089729875, 0.192450089729875, 0.192450089729875, 0.192450089729875, 
0.192450089729875, 0.192450089729875, 0.192450089729875, 0.192450089729875, 
0.192450089729875, 0.192450089729875, -350.644063487833, 69.9767157041593, 
-0.0740027970375246, 0.0260304773103873, -0.188326539149424, 
0.140354219422287, -0.0311313937455624, -0.145455135857462, -0.245488410205373, 
0.0546114128383621, 0.168935154950261, 0.0689018806023495, -0.259778877969361, 
-0.174036071385436, -0.359812152317273, -0.288359813497336, -0.0740027970375246, 
0.0974828161303243, 0.354711235882098, 0.0546114128383621, -0.0168409259815749, 
0.39758263917406, -0.174036071385436, -0.145455135857462, 0.111773283894312, 
-0.288359813497336, -0.245488410205373, -275.203628313722, 37.1192253786653, 
-51.7989002803227, -0.0646111375218958, 0.00305168115368953, 
0.0897822602435688, -0.161113265566024, -0.0838415133947335, 
0.273352707176091, -0.045318217241926, 0.186296897169124, 0.00293910122085157, 
0.476065967811465, -0.0259127170291181, -0.228538415494507, 0.0899698934649654, 
-0.112830929340394, 0.427646033890144, -0.074407704238998, 0.0898197868878481, 
0.0415874861879235, 0.128280538633523, 0.205752432907637, 0.0706019198964369, 
-0.0260378058433825, 0.22510789759474, -0.363726455149987, -293.67883692779, 
37.9020254461815, -7.52187192325024, 43.33126643185, -0.121492937648673, 
0.135014367433991, -0.0835009050119497, 0.064907370321727, -6.93956314350381e-05, 
0.0915809510779477, -0.178492309224744, 0.280997970441483, 0.591510443853834, 
-0.282447065505078, -0.194720363674145, -0.0742433357923988, 
-0.0527603812070296, 0.0603482267727822, 0.123980681013588, -0.206851483211803, 
0.114317693405659, -0.395054295483173, 0.00709158923035469, -0.31901745600949, 
0.0955309830565158, -0.0726614600816332, -0.0404954151910349, 
-346.602611603505, -2.88879159466086, -4.16868714990738, -5.00140309752655, 
47.506762963335, 0.471569309866275, 0.103169960564993, 0.015832238652614, 
0.0591330849078407, -0.0394821297476113, 0.0560864139525646, 
0.285768839555931, 0.00813280009416393, -0.0218227448143132, 
-0.357365987257276, 0.0819008655066418, -0.325401086795781, -0.176715727035682, 
-0.0481831531785217, -0.103373864915301, 0.191815853803196, 0.201873648071302, 
-0.329229847370895, -0.095110245201237, 0.350194309074636, -0.221718593714798, 
-0.156041991646814, -389.711431702997, 9.93187509597131, -2.61272901832825, 
-6.25623984676714, 6.87290544958983, 49.8011459488186, 0.154477915794254, 
0.280416696852884, 0.00355730377931371, -0.0435926787767159, 
0.14805913879367, 0.107301985341558, 0.304697370232345, -0.00539243848794641, 
0.52050474830836, 0.0496175752039606, -0.135323163463547, 0.0552424759084053, 
0.194253787920178, -0.0919361426891611, -0.017410149570908, 0.212843305429219, 
0.137003909470502, -0.0240079933051162, -0.138810254258384, 0.187939923231019, 
0.0108967061105949, -225.166604983954, 11.2561251087674, -11.4580557756746, 
15.8896201680194, 10.4803733376964, 8.46662116547417, 40.7677651709807, 
-0.0147608095163774, 0.417688110727327, 0.0102458490319681, 0.311096458284745, 
-0.187948962490874, 0.0383036626681905, 0.120624704843488, 0.30415622366268, 
-0.386228331958428, 0.0587600948360722, -0.0953537126775699, 
0.0888395048801449, 0.2288810553327, 0.0690968785502799, -0.0534221532298849, 
-0.542108399617929, 0.110706354393572, -0.0125554086071388, -0.0930416231162149, 
0.116742338174191), .Dim = c(27L, 7L), .Dimnames = list(c("1", 
"2", "3", "4", "5", "6", "7", "8", "9", "10", "11", "12", "14", 
"15", "16", "17", "19", "20", "21", "22", "23", "24", "26", "27", 
"28", "29", "30"), c("x1", "x2", "x3", "x4", "x5", "x6", "x7"
)), assign = 1:7), qraux = c(1.19245008972988, 1.0117400095464, 
1.31188851221032, 1.1092741072632, 1.02551689596911, 1.55559610117048, 
1.16240133263446), pivot = 1:7, tol = 1e-07, rank = 7L), .Names = c("qr", 
"qraux", "pivot", "tol", "rank"), class = "qr"), df.residual = 20L, 
    xlevels = structure(list(), .Names = character(0)), call = quote(lm(formula = y ~ 
        . + 0, data = structure(list(y = c(43, 63, 71, 61, 81, 
        43, 58, 71, 72, 67, 64, 67, 68, 77, 81, 74, 65, 50, 50, 
        64, 53, 40, 66, 78, 48, 85, 82), x1 = c(1, 1, 1, 1, 1, 
        1, 1, 1, 1, 1, 1, 1, 1, 1, 1, 1, 1, 1, 1, 1, 1, 1, 1, 
        1, 1, 1, 1), x2 = c(51, 64, 70, 63, 78, 55, 67, 75, 82, 
        61, 53, 60, 83, 77, 90, 85, 70, 58, 40, 61, 66, 37, 77, 
        75, 57, 85, 82), x3 = c(30, 51, 68, 45, 56, 49, 42, 50, 
        72, 45, 53, 47, 83, 54, 50, 64, 46, 68, 33, 52, 52, 42, 
        66, 58, 44, 71, 39), x4 = c(39, 54, 69, 47, 66, 44, 56, 
        55, 67, 47, 58, 39, 45, 72, 72, 69, 57, 54, 34, 62, 50, 
        58, 63, 74, 45, 71, 59), x5 = c(66, 88, 66, 79, 59, 50, 
        59, 63, 59, 71, 66, 59, 71, 59, 71, 55, 79, 80, 79, 70, 
        59, 61, 79, 63, 54, 70, 66), x6 = c(92, 73, 86, 84, 83, 
        49, 68, 66, 83, 80, 67, 74, 77, 77, 54, 79, 85, 78, 64, 
        80, 80, 57, 76, 78, 83, 74, 78), x7 = c(45, 47, 48, 35, 
        47, 34, 35, 41, 31, 41, 34, 41, 35, 46, 36, 63, 46, 52, 
        33, 41, 37, 49, 72, 49, 38, 55, 39)), .Names = c("y", 
        "x1", "x2", "x3", "x4", "x5", "x6", "x7"),