
expected <- structure(list(coefficients = structure(c(-0.0777250704891256, 
0.554996906350431, -0.00362872381587632, 0.504844974481838, 0.124693950937317, 
0.125198869464199, -0.418104468746674), .Names = c("x1", "x2", 
"x3", "x4", "x5", "x6", "x7")), residuals = structure(c(-5.20826531731161, 
3.09503618043495, -2.44980510517475, -0.089647424364837, 5.18513488216202, 
-8.04470580599312, -9.40502177294241, 1.80859697085211, 9.06809312942909, 
4.13700824294865, 9.29846331231165, -2.67600871526105, -4.24419218662025, 
-1.0953094999126, 2.33810627786839, -3.04580746812466, -5.31227037424186, 
11.3747657425075, -1.95318855492943, -11.003966641198, -2.45931127635338, 
5.15896996177801, 1.27345377320474, 0.0567895954439906, -6.85363584620685, 
6.49640994338932, 5.43238664827544), .Names = c("1", "2", "3", 
"4", "5", "6", "7", "8", "10", "11", "13", "14", "16", "17", 
"18", "19", "20", "21", "22", "23", "24", "25", "26", "27", "28", 
"29", "30")), effects = structure(c(214.450017346845, -258.056748333539, 
-3.43859080355156, 17.4050793556846, -1.66570454851647, 5.14964138098574, 
-14.2968851779362, 5.13858627459954, 5.63770259788793, 5.74687372914049, 
13.1660130537937, -2.39716718153823, -4.48434347808875, -4.39279235788924, 
-3.1702958335462, -6.90604605034962, -3.9696835440699, 5.29093228959611, 
-3.49202597545859, -12.3429221095155, -6.31114457437392, 6.27492603045434, 
0.878905914643171, 0.56527069591643, -14.0266754170533, 5.63337249215848, 
1.97984439434633), .Names = c("x1", "x2", "x3", "x4", "x5", "x6", 
"x7", "", "", "", "", "", "", "", "", "", "", "", "", "", "", 
"", "", "", "", "", "")), rank = 7L, fitted.values = structure(c(48.2082653173116, 
59.904963819565, 73.4498051051748, 61.0896474243648, 75.814865117838, 
51.0447058059931, 67.4050217729424, 69.1914030291479, 57.9319068705709, 
59.8629917570514, 59.7015366876883, 70.676008715261, 85.2441921866203, 
75.0953094999126, 62.6618937221316, 68.0458074681247, 55.3122703742419, 
38.6252342574925, 65.9531885549294, 64.003966641198, 42.4593112763534, 
57.841030038222, 64.7265462267953, 77.943210404556, 54.8536358462068, 
78.5035900566107, 76.5676133517246), .Names = c("1", "2", "3", 
"4", "5", "6", "7", "8", "10", "11", "13", "14", "16", "17", 
"18", "19", "20", "21", "22", "23", "24", "25", "26", "27", "28", 
"29", "30")), assign = 1:7, qr = structure(list(qr = structure(c(7.49515391259253, 
-0.0613295786330788, -0.278694939046924, -0.0963003854616712, 
-0.318112427891352, -0.288658809593327, -0.0143342882522067, 
0.226892690101676, -0.157883697259036, -0.0781924634033072, 0.00342017891145737, 
-0.29039676250681, -0.109081193727127, -0.141519400993319, -0.0913816706330203, 
-0.299303899760913, 0.176946337316881, -0.337721177161988, -0.200398823295388, 
-0.139294142844332, -0.151212423521473, -0.0535974137881506, 
0.0710428251924383, -0.143381678765664, -0.347561102165992, -0.219557233522582, 
-0.0451740077925047, 219.519970238129, -271.598937160385, 0.0886996195460863, 
0.173551804985919, 0.0942474204235303, 0.0274278650451325, 0.237993272571417, 
0.413756844111355, 0.128836651794171, 0.147715580625669, 0.230352169311579, 
0.129466953185596, 0.26521130896441, 0.227127472074436, 0.165489392832071, 
0.0761999249484877, 0.320871216793199, -0.0575578107343266, 0.103050485349004, 
0.158521038870343, 0.0445173070249026, 0.166314807290144, 0.326594978275481, 
0.189178972747918, -0.000933605030697195, 0.179796163756098, 
0.274516937071735, 177.963138569584, -209.314284187165, -56.9530661657275, 
-0.0937802269292138, -0.171792765323784, 0.0262535101928212, 
-0.175693353060725, -0.0701122652467914, -0.0854484816172389, 
0.187849950618699, 0.160918678974099, 0.242922321254108, -0.376109271643244, 
-0.0723747061787478, 0.299578435558523, -0.233125862747653, 0.461276335868527, 
-0.0661982699365576, 0.0244838298021222, -0.0246850904250915, 
0.189441432165002, -0.0113486578452595, 0.136126963552277, -0.0426560114394029, 
-0.106642855997648, 0.026715830942581, -0.441236265756681, 187.291505322071, 
-223.980163405137, -20.1002050857221, 49.6765557452686, -0.0602127401176211, 
0.0936677163474642, -0.0975673153105117, 0.0658631789801914, 
0.054206970693459, -0.177845670391989, 0.26614160969212, 0.648100546986807, 
-0.120319876577479, 0.0143893677212142, -0.345398456962847, -0.0461495343730284, 
0.0774781358168827, 0.00780225857489928, -0.185296683007939, 
0.104110414244465, -0.43042371459165, -0.0637996830574587, 0.0687015025953372, 
-0.237498207038208, 0.0508050126775087, 0.0374334736719365, -0.03559635607275, 
207.585019660947, -260.715094847122, -17.6307439440206, 23.888493323527, 
-41.8401205296117, 0.169379756670234, 0.085316549028342, -0.0652587730786007, 
0.217910764536884, -0.0333253181072758, -0.0621422001391529, 
-0.162083933905891, -0.441568899062619, 0.0309357806169198, -0.432018583902526, 
0.407381771661713, -0.122262730488193, 0.278774111463754, 0.117766995746968, 
0.110819958449122, 0.0214971565063867, 0.318281540045073, 0.25114997958444, 
0.117540348753622, 0.131700089678821, -0.0351409010321088, -0.0940860644088938, 
252.830578695022, -285.069741800421, -24.9206554843694, 22.6686949495556, 
-47.0429790959416, 60.9178964170115, 0.0307905899337303, 0.20591177335596, 
-0.148519680969908, -0.110200088304925, 0.091655018235205, 0.0926113255011238, 
0.0511116941703113, 0.137251196359892, -0.490382452362581, -0.033876976221015, 
-0.0453107929133003, -0.24547214933874, -0.182930025606054, -0.114901796584151, 
-0.19702507173777, -0.02273373622181, 0.429028927480736, 0.0750684402089402, 
-0.416354883851278, 0.193908178590784, -0.194689555622873, 139.310686745598, 
-175.065199771659, -28.2721560503167, 32.2663993443671, -22.5810386943617, 
5.92485985138368, 34.1945285129171, 0.178381754632725, -0.0451315431991938, 
0.31884570269903, 0.308901458147482, -0.0850936648173219, 0.107606068941495, 
-0.333556520523906, -0.291229377176043, -0.00179656655267083, 
-0.0555591305620962, -0.194451374029413, 0.188921036906321, 0.103917740027451, 
-0.177679981493567, 0.337158354380524, -0.394719106220254, 0.214059674110738, 
-0.173869989827804, -0.128695909820326, 0.0378088435022381), .Dim = c(27L, 
7L), .Dimnames = list(c("1", "2", "3", "4", "5", "6", "7", "8", 
"10", "11", "13", "14", "16", "17", "18", "19", "20", "21", "22", 
"23", "24", "25", "26", "27", "28", "29", "30"), c("x1", "x2", 
"x3", "x4", "x5", "x6", "x7")), assign = 1:7), qraux = c(1.02301027774924, 
1.19844410960744, 1.15944711169937, 1.07245089775518, 1.08718749359648, 
1.23565161262731, 1.26773288147996), pivot = 1:7, tol = 1e-07, 
    rank = 7L), .Names = c("qr", "qraux", "pivot", "tol", "rank"
), class = "qr"), df.residual = 20L, xlevels = structure(list(), .Names = character(0)), 
    call = quote(lm(formula = y ~ . + 0, data = structure(list(y = c(43, 
        63, 71, 61, 81, 43, 58, 71, 67, 64, 69, 68, 81, 74, 65, 
        65, 50, 50, 64, 53, 40, 63, 66, 78, 48, 85, 82), x1 = c(-0.172465573302085, 
        0.459674631249372, 2.08886146281729, 0.721786210877214, 
        2.38430160855418, 2.16354220612773, 0.107437696677756, 
        -1.70059563395422, 1.18336261124564, 0.586064548012546, 
        -0.0256347673499762, 2.17656843070712, 0.817580335954143, 
        1.06070969206283, 0.684919686184324, 2.24332879534721, 
        -1.32624003245954, 2.53127220237103, 1.50202002450137, 
        1.04403103974092, 1.13336038778957, 0.401720865659098, 
        -0.532476909202731, 1.07466775059455, 2.60502395476441, 
        1.64561525787477, 0.338586141253477), x2 = c(51, 64, 
        70, 63, 78, 55, 67, 75, 61, 53, 62, 83, 90, 85, 60, 70, 
        58, 40, 61, 66, 37, 54, 77, 75, 57, 85, 82), x3 = c(30, 
        51, 68, 45, 56, 49, 42, 50, 45, 53, 57, 83, 50, 64, 65, 
        46, 68, 33, 52, 52, 42, 42, 66, 58, 44, 71, 39), x4 = c(39, 
        54, 69, 47, 66, 44, 56, 55, 47, 58, 42, 45, 72, 69, 75, 
        57, 54, 34, 62, 50, 58, 48, 63, 74, 45, 71, 59),