
expected <- structure(list(coefficients = structure(c(18.8932034658199, -0.0463162493281455, 
0.104652446912735, 0.513926649248302, 0.580779662611708, 0.0379636373976446, 
-0.58300154566214), .Names = c("x1", "x2", "x3", "x4", "x5", 
"x6", "x7")), residuals = structure(c(-7.59259825945377, 2.62444225204447, 
-7.20421917589078, 1.59796814789723, 9.51029779289694, -13.5604946928623, 
3.14902784587832, -11.0060927375494, 6.78685966787957, 13.44646501884, 
6.73401702647585, 4.30773059362293, -3.84753420943799, 6.78798611934425, 
3.25123902399993, 4.55794154041052, -4.72621035220816, -10.3344532120583, 
4.65563864441981, -5.72718711782101, -13.2774254029708, -4.3493712173707, 
-0.721660629469696, -2.00582972540483, -6.74021884447425, 9.54871373865385, 
14.1349681646084), .Names = c("1", "2", "3", "4", "5", "6", "8", 
"9", "10", "12", "13", "14", "15", "16", "17", "18", "19", "20", 
"21", "22", "24", "25", "26", "27", "28", "29", "30")), effects = structure(c(-339.4819582835, 
-5.16357725070703, -26.4604478497781, 30.5057707506715, 15.3672843866501, 
-1.26292831755816, -24.1182551159247, -14.0320228481507, 8.64210689514374, 
16.0218079106483, 7.10102905923773, 5.14290119019664, -0.4010162568888, 
8.36190764293048, 10.4005295255989, 2.02126641102607, -2.52097764093449, 
-6.94146287505587, 5.75227016343308, -7.24147493457317, -9.88297726835862, 
-1.88548864899662, 10.2063908652582, -0.0786012317601417, -8.06545806270005, 
15.2595561752188, 14.0096110238838), .Names = c("x1", "x2", "x3", 
"x4", "x5", "x6", "x7", "", "", "", "", "", "", "", "", "", "", 
"", "", "", "", "", "", "", "", "", "")), rank = 7L, fitted.values = structure(c(50.5925982594538, 
60.3755577479555, 78.2042191758908, 59.4020318521028, 71.4897022071031, 
56.5604946928623, 67.8509721541217, 83.0060927375494, 60.2131403321204, 
53.55353498116, 62.2659829735242, 63.6922694063771, 80.847534209438, 
74.2120138806557, 70.7487609760001, 60.4420584595895, 69.7262103522082, 
60.3344532120583, 45.3443613555802, 69.727187117821, 53.2774254029708, 
67.3493712173707, 66.7216606294697, 80.0058297254048, 54.7402188444742, 
75.4512862613461, 67.8650318353916), .Names = c("1", "2", "3", 
"4", "5", "6", "8", "9", "10", "12", "13", "14", "15", "16", 
"17", "18", "19", "20", "21", "22", "24", "25", "26", "27", "28", 
"29", "30")), assign = 1:7, qr = structure(list(qr = structure(c(-5.19615242270663, 
0.192450089729875, 0.192450089729875, 0.192450089729875, 0.192450089729875, 
0.192450089729875, 0.192450089729875, 0.192450089729875, 0.192450089729875, 
0.192450089729875, 0.192450089729875, 0.192450089729875, 0.192450089729875, 
0.192450089729875, 0.192450089729875, 0.192450089729875, 0.192450089729875, 
0.192450089729875, 0.192450089729875, 0.192450089729875, 0.192450089729875, 
0.192450089729875, 0.192450089729875, 0.192450089729875, 0.192450089729875, 
0.192450089729875, 0.192450089729875, -364.500469948384, -67.3305830021352, 
-0.228010026337886, -0.287418393555992, 0.247256911406961, 0.0244755343390637, 
0.128440176970749, 0.247256911406961, -0.228010026337886, 0.0244755343390637, 
0.172996452384328, 0.128440176970749, -0.228010026337886, -0.183453750924307, 
-0.302270485360518, 0.128440176970749, -0.0497849246835686, -0.0497849246835686, 
-0.242862118142413, 0.172996452384328, -0.302270485360518, -0.272566301751465, 
0.0244755343390637, 0.143292268775275, -0.287418393555992, -0.183453750924307, 
-0.183453750924307, -278.475279839129, -17.0595527086584, -62.6058318361718, 
0.00315509194608816, 0.0308076858780663, -0.019315530978999, 
-0.0321300562370728, 0.286374931464214, -0.013294895543745, -0.0512614366772675, 
0.067343123089492, 0.494977387784357, 0.130461680098463, 0.0542323780845513, 
0.310753692952097, 0.207464236499941, -0.0466719051641103, 0.304733057516843, 
-0.200857832860898, -0.0125216411561792, -0.0406512697288563, 
-0.0488762634737729, 0.252224667456283, 0.0915410696835428, -0.0128178609030461, 
0.38966438791637, -0.121470103255925, -293.87128701752, -1.14031060410307, 
-32.2918466692766, 53.9129205022392, -0.201359401153804, 0.168275818114083, 
-0.04156687817126, -0.0523025665877273, 0.110279232606857, 0.240067307146934, 
0.26591059202746, 0.489603272829565, -0.259153541555643, -0.308034272613929, 
-0.0871226049134041, -0.255405531314937, -0.0926473927147838, 
0.193455133464247, 0.228031338592626, -0.157434641081148, -0.113547119410272, 
0.0672842312715488, -0.00606374762723163, -0.312510876585227, 
0.146206649174082, -0.0695039342448823, -0.182133309318347, -337.172557206741, 
-7.04649244503645, -24.4796327043616, 27.2131228865531, 41.1728932224785, 
0.108143154386279, -0.111407562771293, 0.102584121998928, -0.0704927739611712, 
-0.0908088848965678, 0.0856767517090893, 0.0953712291263548, 
-0.0983790005820497, 0.355953854792224, -0.121398382869534, 0.580866064562887, 
-0.226500502611589, 0.0534987491105977, 0.171017476009258, 0.095310967534991, 
0.367402845894575, -0.163933391768927, -0.399050479304006, -0.0576818052494814, 
0.161029384132837, -0.0177048472906343, 0.0424337386433388, -390.288781972187, 
-7.27092405452705, -5.08233020377393, 4.82118927055036, 18.9805857203771, 
47.333537259418, 0.28013221277397, -0.0671249443643571, -0.0351697471245776, 
0.106462725134965, 0.321466151051261, 0.120931014898215, 0.0534130609728627, 
0.391796811829001, 0.0593465304517724, -0.172495635147973, -0.101682798604397, 
0.0513225828486216, 0.196312126590096, -0.0734024516053516, 0.306161874454243, 
0.0860890747871343, 0.209472403860144, 0.0282695330494781, -0.167019622952274, 
0.158374591048273, -0.0575623381675745, -227.476006060713, 2.64532257362845, 
-19.0347055614595, 22.6232231154902, 15.8930397194895, 5.2484964844259, 
41.369110074198, 0.432756724126621, 0.0248923984746485, -0.0857314330180815, 
0.228778586486521, 0.0317540036283674, 0.216312094275054, 0.216986379493137, 
-0.228529456842572, -0.361868112956675, 0.107327559311925, -0.230378351832146, 
-0.0753057202119271, 0.142517197423541, -0.264318702187467, 0.258627650650428, 
-0.418624077112677, 0.152439942104058, -0.0132759690929177, -0.0717582352569417, 
0.180976933112549), .Dim = c(27L, 7L), .Dimnames = list(c("1", 
"2", "3", "4", "5", "6", "8", "9", "10", "12", "13", "14", "15", 
"16", "17", "18", "19", "20", "21", "22", "24", "25", "26", "27", 
"28", "29", "30"), c("x1", "x2", "x3", "x4", "x5", "x6", "x7"
)), assign = 1:7), qraux = c(1.19245008972988, 1.05417971794812, 
1.35408301998634, 1.11958511936059, 1.04717987607358, 1.58123504626233, 
1.1023013365684), pivot = 1:7, tol = 1e-07, rank = 7L), .Names = c("qr", 
"qraux", "pivot", "tol", "rank"), class = "qr"), df.residual = 20L, 
    xlevels = structure(list(), .Names = character(0)), call = quote(lm(formula = y ~ 
        . + 0, data = structure(list(y = c(43, 63, 71, 61, 81, 
        43, 71, 72, 67, 67, 69, 68, 77, 81, 74, 65, 65, 50, 50, 
        64, 40, 63, 66, 78, 48, 85, 82), x1 = c(1, 1, 1, 1, 1, 
        1, 1, 1, 1, 1, 1, 1, 1, 1, 1, 1, 1, 1, 1, 1, 1, 1, 1, 
        1, 1, 1, 1), x2 = c(90, 77, 58, 54, 90, 75, 82, 90, 58, 
        75, 85, 82, 58, 61, 53, 82, 70, 70, 57, 85, 53, 55, 75, 
        83, 54, 61, 61), x3 = c(30, 51, 68, 45, 56, 49, 50, 72, 
        45, 47, 57, 83, 54, 50, 64, 65, 46, 68, 33, 52, 42, 42, 
        66, 58, 44, 71, 39), x4 = c(39, 54, 69, 47, 66, 44, 55, 
        67, 47, 39, 42, 45, 72, 72, 69, 75, 57, 54, 34, 62, 58, 
        48, 63, 74, 45, 71, 59), x5 = c(61, 63, 76, 54, 71, 54, 
        70, 71, 62, 59, 55, 59, 79, 60, 79, 55, 75, 64, 43, 66, 
        50, 66, 88, 80, 51, 77, 64), x6 = c(92, 73, 86, 84, 83, 
        49, 66, 83, 80, 74, 63, 77, 77, 54, 79, 80, 85, 78, 64, 
        80, 57, 75, 76, 78, 83, 74, 78), x7 = c(45, 47, 48, 35, 
        47, 34, 41, 31, 41, 41, 25, 35, 46, 36, 63, 60, 46, 52, 
        33, 41, 49, 33, 72, 49, 38, 55, 39)), .Names = c("y", 
        "x1", "x2", "x3", "x4", "x5", "x6", "x7"),