
expected <- structure(list(coefficients = structure(c(9.24298179653069, 0.593095174573391, 
-0.0587545850061766, 0.249361931982883, 0.0597386120561898, 0.101561477526551, 
-0.151070618370228), .Names = c("x1", "x2", "x3", "x4", "x5", 
"x6", "x7")), residuals = structure(c(1.49161963165883, 2.32091202038622, 
-1.21334840493471, -10.022163165259, -8.87473190707268, 2.04579254243361, 
-5.74417423461155, 7.10629572837107, 6.72144020833709, 10.8393346783725, 
9.475787397533, -1.91606011484192, 2.79233758894253, -0.865357729633563, 
-1.84910072495531, 2.46399719630063, -2.77731154573087, -6.88265150774603, 
5.21567012329771, -0.477362009508933, -10.9197435429946, -4.85497032245672, 
4.87706785087434, -2.30424746499634, 3.45353026621526, -9.42108029767278, 
9.31851773969213), .Names = c("2", "3", "4", "6", "7", "8", "9", 
"10", "11", "12", "13", "14", "15", "16", "17", "18", "19", "20", 
"21", "22", "23", "24", "25", "26", "27", "28", "29")), effects = structure(c(-333.516005501874, 
-45.8271796854879, -2.82732660593055, 9.77007444774788, -2.0963738051977, 
3.46973182330962, -6.47959445819085, 7.77119284892508, 5.32703130419432, 
12.0996677801946, 14.050096029526, 2.76015217098481, -1.03689337165386, 
-3.65031698417068, -3.17006424915709, -2.44664284511293, -3.15534562600034, 
-5.88000896784242, 7.10756391723628, 0.793772986113856, -9.1977012583037, 
-11.3106373883343, 8.48837837044117, -2.04206228164507, 3.76512930118785, 
-9.24971424608923, 6.10610126793722), .Names = c("x1", "x2", 
"x3", "x4", "x5", "x6", "x7", "", "", "", "", "", "", "", "", 
"", "", "", "", "", "", "", "", "", "", "", "")), rank = 7L, 
    fitted.values = structure(c(61.5083803683412, 68.6790879796138, 
    62.2133484049347, 53.022163165259, 66.8747319070727, 68.9542074575664, 
    77.7441742346115, 59.8937042716289, 57.2785597916629, 56.1606653216275, 
    59.524212602467, 69.9160601148419, 74.2076624110575, 81.8653577296336, 
    75.8491007249553, 62.5360028036994, 67.7773115457309, 56.882651507746, 
    44.7843298767023, 64.4773620095089, 63.9197435429946, 44.8549703224567, 
    58.1229321491257, 68.3042474649963, 74.5464697337847, 57.4210802976728, 
    75.6814822603079), .Names = c("2", "3", "4", "6", "7", "8", 
    "9", "10", "11", "12", "13", "14", "15", "16", "17", "18", 
    "19", "20", "21", "22", "23", "24", "25", "26", "27", "28", 
    "29")), assign = 1:7, qr = structure(list(qr = structure(c(-5.19615242270663, 
    0.192450089729875, 0.192450089729875, 0.192450089729875, 
    0.192450089729875, 0.192450089729875, 0.192450089729875, 
    0.192450089729875, 0.192450089729875, 0.192450089729875, 
    0.192450089729875, 0.192450089729875, 0.192450089729875, 
    0.192450089729875, 0.192450089729875, 0.192450089729875, 
    0.192450089729875, 0.192450089729875, 0.192450089729875, 
    0.192450089729875, 0.192450089729875, 0.192450089729875, 
    0.192450089729875, 0.192450089729875, 0.192450089729875, 
    0.192450089729875, 0.192450089729875, -343.908310347287, 
    -67.2761032913922, -0.0421028710864252, -0.16101582247051, 
    0.0173536046056173, 0.136266555989702, 0.240315388450777, 
    -0.0718311089324464, -0.190744060316531, -0.0866952278554571, 
    -0.0569669900094358, 0.255179507373787, 0.165994793835724, 
    0.359228339834862, 0.284907745219808, -0.0866952278554571, 
    0.0619459613746492, -0.116423465701478, -0.38397760631567, 
    -0.0718311089324464, 0.00248948568260667, -0.428569963084701, 
    -0.175879941393521, 0.165994793835724, 0.136266555989702, 
    -0.131287584624489, 0.284907745219808, -282.709181813187, 
    -36.8030079304512, 46.9047665572452, -0.0611248653510839, 
    0.270548232368535, 0.221612896213294, -0.141002445516607, 
    0.115371580928528, -0.176809800349899, 0.0575291134291201, 
    -0.125263079326525, -0.360317310932056, 0.166739472495275, 
    0.44965606351628, 0.0751645466608243, -0.326227193683757, 
    0.230877686470715, -0.420592333842968, 0.0519486847795985, 
    -0.0338669829487023, 0.0421474061522932, -0.185538102237438, 
    0.0729108207059471, -0.0890980655799771, 0.0510545374964592, 
    0.0758798644873358, -0.0740740172164058, -293.87128701752, 
    -33.9678148766177, 8.65095721368538, 48.6211390082697, -0.0587193222030677, 
    0.083686816614506, 0.0349793870888135, 0.0898999650193316, 
    -0.160589001185979, 0.257505525574979, 0.275058221743037, 
    0.563680488069739, -0.22329697497344, -0.128997021398142, 
    -0.0275578357153437, -0.373125503892762, -0.0274975862114396, 
    0.0588222318240993, 0.0923399585590692, -0.175912621133539, 
    0.116546382071625, -0.373770335132734, -0.0128790470077565, 
    0.0349994702567816, -0.258295198339626, 0.0884128033691762, 
    -0.0259970064122555, -327.934952899708, -7.86972518534951, 
    -17.1379550444633, 23.02035089587, -45.0453996951821, 0.0904306910138535, 
    0.0186751837177825, -0.0659633671998313, -0.122217987649709, 
    -0.107699829810427, 0.204083536230848, -0.014731906504304, 
    -0.19859781212513, 0.00849709826166601, 0.162287698684791, 
    -0.156995398362832, -0.0249341707634207, 0.103588622419568, 
    0.0546440965262373, 0.264823048431408, 0.00942614672961475, 
    -0.365472830394661, 0.343763113117935, 0.407664339952297, 
    0.400597944335382, -0.215597224966081, -0.163996419880484, 
    -382.975678562452, -12.3443755040988, 11.0852083455286, 1.89702095288471, 
    -0.73369890382748, 46.4136529094888, -0.100141591074524, 
    -0.205645590290232, 0.128457145315216, -0.152836940839123, 
    0.0567522532911991, -0.191863554976626, 0.129757356683122, 
    0.660475974132372, 0.0214912097062378, -0.00370476138640169, 
    -0.198697080855121, -0.192754691335284, -0.0321260636477553, 
    -0.126141580635808, -0.188504145928592, 0.343715343491125, 
    -0.149741018405387, -0.0283123124335298, 0.0432706989731073, 
    -0.283582580289834, 0.162867514945141, -222.664753817466, 
    -13.9386898893224, 15.4279398067065, 25.9617311116737, -4.42899753810095, 
    8.23527008100051, 42.8911626105306, -0.0629533348748274, 
    0.327940540204516, -0.165646755093079, 0.264654172695987, 
    0.09737693177115, 0.0751199103020128, 0.120596568013788, 
    -0.359559641577194, 0.000504596340761323, -0.0985106870715496, 
    -0.0659099929501387, 0.00349306713287183, 0.181582038103911, 
    0.0731899611613753, 0.014000786353205, 0.162386159068316, 
    -0.581103441276049, 0.0754096889958105, 0.0137585538301115, 
    -0.116414429547098), .Dim = c(27L, 7L), .Dimnames = list(
        c("2", "3", "4", "6", "7", "8", "9", "10", "11", "12", 
        "13", "14", "15", "16", "17", "18", "19", "20", "21", 
        "22", "23", "24", "25", "26", "27", "28", "29"), c("x1", 
        "x2", "x3", "x4", "x5", "x6", "x7")), assign = 1:7), 
        qraux = c(1.19245008972988, 1.06194596137465, 1.14577733656893, 
        1.12121545183186, 1.30310531708221, 1.18695910498825, 
        1.44271298263569), pivot = 1:7, tol = 1e-07, rank = 7L), .Names = c("qr", 
    "qraux", "pivot", "tol", "rank"), class = "qr"), df.residual = 20L, 
    xlevels = structure(list(), .Names = character(0)), call = quote(lm(formula = y ~ 
        . + 0, data = structure(list(y = c(63, 71, 61, 43, 58, 
        71, 72, 67, 64, 67, 69, 68, 77, 81, 74, 65, 65, 50, 50, 
        64, 53, 40, 63, 66, 78, 48, 85), x1 = c(1, 1, 1, 1, 1, 
        1, 1, 1, 1, 1, 1, 1, 1, 1, 1, 1, 1, 1, 1, 1, 1, 1, 1, 
        1, 1, 1, 1), x2 = c(64, 70, 63, 55, 67, 75, 82, 61, 53, 
        60, 62, 83, 77, 90, 85, 60, 70, 58, 40, 61, 66, 37, 54, 
        77, 75, 57, 85), x3 = c(51, 68, 45, 49, 42, 50, 72, 45, 
        53, 47, 57, 83, 54, 50, 64, 65, 46, 68, 33, 52, 52, 42, 
        42, 66, 58, 44, 71), x4 = c(54, 69, 47, 44, 56, 55, 67, 
        47, 58, 39, 42, 45, 72, 72, 69, 75, 57, 54, 34, 62, 50, 
        58, 48, 63, 74, 45, 71), x5 = c(59, 54, 55, 54, 80, 66, 
        61, 58, 60, 51, 63, 43, 61, 70, 71, 63, 64, 62, 63, 79, 
        60, 55, 79, 79, 88, 51, 55),