
expected <- structure(list(coefficients = structure(c(13.3373970000325, -0.126668856621132, 
0.0719722973689797, 0.58853175649776, 0.523071822533591, 0.109040769238078, 
-0.467163350618397), .Names = c("x1", "x2", "x3", "x4", "x5", 
"x6", "x7")), residuals = structure(c(-7.49926562765965, -6.82052800292406, 
5.58844211824842, 8.15738404813964, -10.4979719313059, -9.17800692327756, 
1.72346824741337, -9.80398036291389, 7.98296472959862, -1.32031370844345, 
15.4040785529776, 9.59586274206324, -3.98736835129441, 8.96187164895948, 
-0.371171196013581, 4.14896400515813, -3.33695078270833, -6.9346576697692, 
-4.16106557040462, -7.131433861093, -12.6261924753226, 1.87268760170834, 
0.540119356663442, -2.79626159733441, -5.10947748863114, 12.5020984436694, 
15.0967040544961), .Names = c("1", "3", "4", "5", "6", "7", "8", 
"9", "10", "11", "12", "13", "15", "16", "17", "18", "19", "20", 
"22", "23", "24", "25", "26", "27", "28", "29", "30")), effects = structure(c(-338.327257745121, 
-12.3905455961282, 27.9740247622073, -27.9138409137747, 15.8162550970859, 
3.12128105620845, 19.3983127064134, -2.98798807629884, 9.48524217248682, 
3.02713210280462, 19.1722168970514, 19.4213558649235, -3.14615893454054, 
12.066237228995, 1.03568222325439, 2.12279987360865, -4.05096522997895, 
-2.74426101486469, -3.44417399031498, -4.41392542361324, -12.4239417452025, 
3.92706201467209, 1.85257724901543, -1.98244841056198, -4.45275363224739, 
15.9285707656802, 13.8331082883413), .Names = c("x1", "x2", "x3", 
"x4", "x5", "x6", "x7", "", "", "", "", "", "", "", "", "", "", 
"", "", "", "", "", "", "", "", "", "")), rank = 7L, fitted.values = structure(c(50.4992656276597, 
77.8205280029241, 55.4115578817516, 72.8426159518604, 53.4979719313059, 
67.1780069232776, 69.2765317525866, 81.8039803629139, 59.0170352704014, 
65.3203137084435, 51.5959214470224, 59.4041372579368, 80.9873683512944, 
72.0381283510405, 74.3711711960136, 60.8510359948419, 68.3369507827083, 
56.9346576697692, 68.1610655704046, 60.131433861093, 52.6261924753226, 
61.1273123982917, 65.4598806433366, 80.7962615973344, 53.1094774886311, 
72.4979015563306, 66.9032959455039), .Names = c("1", "3", "4", 
"5", "6", "7", "8", "9", "10", "11", "12", "13", "15", "16", 
"17", "18", "19", "20", "22", "23", "24", "25", "26", "27", "28", 
"29", "30")), assign = 1:7, qr = structure(list(qr = structure(c(-5.19615242270663, 
0.192450089729875, 0.192450089729875, 0.192450089729875, 0.192450089729875, 
0.192450089729875, 0.192450089729875, 0.192450089729875, 0.192450089729875, 
0.192450089729875, 0.192450089729875, 0.192450089729875, 0.192450089729875, 
0.192450089729875, 0.192450089729875, 0.192450089729875, 0.192450089729875, 
0.192450089729875, 0.192450089729875, 0.192450089729875, 0.192450089729875, 
0.192450089729875, 0.192450089729875, 0.192450089729875, 0.192450089729875, 
0.192450089729875, 0.192450089729875, -338.71215792458, 68.4841154872725, 
-0.175774330524686, 0.0870603410181657, 0.160069972002291, 0.0724584148213406, 
0.422904643545143, 0.0578564886245155, 0.130866119608641, 0.0724584148213406, 
0.0578564886245155, 0.189273824395941, 0.174671898199116, 0.0724584148213406, 
0.422904643545143, -0.277987813902462, -0.0589589209500854, -0.277987813902462, 
-0.131968551934211, -0.277987813902462, 0.116264193411816, -0.277987813902462, 
-0.234182035311987, 0.0724584148213406, 0.0578564886245155, -0.234182035311987, 
0.0724584148213406, -274.626278044532, 6.81531384934776, 54.6896599417321, 
-0.107157054448501, 0.0358013374509581, 0.145840145515477, 0.0713847552624271, 
-0.405702306931601, 0.102955926972883, -0.0552947675872871, 0.0514224955746805, 
-0.104493220471972, -0.0526309336107583, -0.000439791286533306, 
-0.184605134141091, -0.346539219339263, 0.0457659721586116, -0.401394195640017, 
-0.0789074276405961, -0.108834322035996, 0.154818213834097, 0.0740155989665165, 
-0.355846143120894, -0.146719728088543, 0.106277471875434, -0.44727110362215, 
0.200695121816231, -299.837239799146, -1.23413316967242, 35.7878586515861, 
-45.0481488863109, -0.257440668131423, 0.133249298197069, -0.0667697696622534, 
-0.0996009129550726, -0.122791425741354, 0.00196926046726348, 
-0.321892224053971, -0.433773977766439, 0.282177684477522, 0.360659749422919, 
0.0204199342672401, 0.237751166592792, 0.110336051756356, -0.276328615220736, 
0.135932831098002, -0.109592346240947, 0.171389298745526, 0.00571705707555428, 
-0.0508580529877994, 0.277291614933025, -0.140789498364455, 0.0468765382118223, 
0.247756612661782, -341.406459180799, -1.78900636515176, 25.4711303042651, 
-16.9122275907764, 40.7875859152758, -0.0693619163081976, -0.084151124466234, 
0.15688553265753, -0.0216606763997261, 0.237044441811698, -0.00734199054618423, 
0.210755438528723, -0.138110938648568, 0.286820496621846, -0.0629691448055506, 
0.537355290449101, -0.256815882746014, 0.155864034517366, 0.053449586636908, 
0.0103248381177415, 0.34374005345671, -0.16508186198935, -0.366525922752759, 
-0.118496547533334, 0.216720643876573, 0.016116732856605, -0.0189851357082074, 
-390.481232061917, 16.9420200728867, 2.14167374013134, -2.25198991605147, 
20.2968018690107, 44.7521728205042, 0.25355306284777, -0.30030652066041, 
-0.0675196432540466, 0.0208489884193114, 0.0317573177564725, 
0.0368643849720868, 0.151148226528152, 0.330414057758138, -0.0549257843835726, 
-0.44322130329306, 0.0953867474081923, -0.155042352096289, -0.0516996833151131, 
-0.0296702879654276, 0.183059079826034, 0.263565604040548, 0.375363578931541, 
0.124564152001076, -0.331108108292894, 0.0986937393191952, 0.0522075153509671, 
-225.743955253144, 9.40039559826718, 22.6498232533776, -16.4616802427919, 
16.5504436146327, 3.76427279855519, -41.5236184104239, -0.560230272421646, 
0.0483445815213703, -0.163895801090136, 0.0990560190103859, -0.255030292520861, 
-0.0926033625312178, -0.120999366984901, 0.331090178611334, 0.15284409109838, 
-0.0450033360267054, 0.00251042863315897, -0.175714824105953, 
-0.236376218026711, 0.375079219867783, -0.252449707267487, 0.330075560232377, 
-0.0975333038036768, 0.0234650832942061, -0.0781647277851475, 
-0.0418023985801282), .Dim = c(27L, 7L), .Dimnames = list(c("1", 
"3", "4", "5", "6", "7", "8", "9", "10", "11", "12", "13", "15", 
"16", "17", "18", "19", "20", "22", "23", "24", "25", "26", "27", 
"28", "29", "30"), c("x1", "x2", "x3", "x4", "x5", "x6", "x7"
)), assign = 1:7), qraux = c(1.19245008972988, 1.07245841482134, 
1.04010944874254, 1.12955947373747, 1.18361801024804, 1.29749695999977, 
1.07632510841766), pivot = 1:7, tol = 1e-07, rank = 7L), .Names = c("qr", 
"qraux", "pivot", "tol", "rank"), class = "qr"), df.residual = 20L, 
    xlevels = structure(list(), .Names = character(0)), call = quote(lm(formula = y ~ 
        . + 0, data = structure(list(y = c(43, 71, 61, 81, 43, 
        58, 71, 72, 67, 64, 67, 69, 77, 81, 74, 65, 65, 50, 64, 
        53, 40, 63, 66, 78, 48, 85, 82), x1 = c(1, 1, 1, 1, 1, 
        1, 1, 1, 1, 1, 1, 1, 1, 1, 1, 1, 1, 1, 1, 1, 1, 1, 1, 
        1, 1, 1, 1), x2 = c(70, 61, 78, 60, 55, 61, 37, 62, 57, 
        61, 62, 53, 54, 61, 37, 85, 70, 85, 75, 85, 58, 85, 82, 
        61, 62, 82, 61), x3 = c(30, 68, 45, 56, 49, 42, 50, 72, 
        45, 53, 47, 57, 54, 50, 64, 65, 46, 68, 52, 52, 42, 42, 
        66, 58, 44, 71, 39), x4 = c(39, 69, 47, 66, 44, 56, 55, 
        67, 47, 58, 39, 42, 72, 72, 69, 75, 57, 54, 62, 50, 58, 
        48, 63, 74, 45, 71, 59), x5 = c(61, 76, 54, 71, 54, 66, 
        70, 71, 62, 58, 59, 55, 79, 60, 79, 55, 75, 64, 66, 63, 
        50, 66, 88, 80, 51, 77, 64), x6 = c(92, 86, 84, 83, 49, 
        68, 66, 83, 80, 67, 74, 63, 77, 54, 79, 80, 85, 78, 80, 
        80, 57, 75, 76, 78, 83, 74, 78), x7 = c(45, 48, 35, 47, 
        34, 35, 41, 31, 41, 34, 41, 25, 46, 36, 63, 60, 46, 52, 
        41, 37, 49, 33, 72, 49, 38, 55, 39)), .Names = c("y", 
        "x1", "x2", "x3", "x4", "x5", "x6", "x7"),