
expected <- structure(list(coefficients = structure(c(0.370397778585274, 
0.760820678894711, -0.0766871112741328, 0.127386039600909, 0.170641856672413, 
0.00139867968534802, -0.00173945820764527), .Names = c("x1", 
"x2", "x3", "x4", "x5", "x6", "x7")), residuals = structure(c(-10.3183390939595, 
1.34496361345996, 3.46677479850599, 1.90949559733648, 6.16915553986099, 
-13.471557383657, -9.82859492639269, -4.92973680585588, 7.31771733212841, 
8.26693063940027, 8.11529968369617, 8.88417665414605, -4.87315647570986, 
-0.874828950083796, 0.770621532283561, -5.3461686503136, 6.67426026594247, 
-9.6495645339988, 4.80378355168072, 1.36946681313769, -10.381948052131, 
-1.21487864453962, 6.57743670023674, 2.16889680987006, -6.46588293504658, 
6.142844455913, 3.37283246408981), .Names = c("1", "2", "3", 
"4", "5", "6", "7", "9", "10", "11", "12", "13", "14", "15", 
"16", "17", "18", "20", "21", "22", "23", "24", "25", "27", "28", 
"29", "30")), effects = structure(c(-334.285805860793, -54.1626149974308, 
2.33757936933778, 9.14890219608753, 5.80745766500686, 0.0556480272864075, 
-0.0676978905034273, -5.18131367219321, 9.98068677797623, 11.1075960687184, 
10.310346653625, 11.7071676016029, -9.05696489111124, 2.23962049332262, 
3.32863529316736, -4.52240748383458, 1.06632749316542, -11.2562640718811, 
6.20912241078045, 3.09723350881031, -8.4479333942302, 3.33964302926151, 
13.4976311612962, 5.34120410057331, -7.2484557197727, 7.31073873637467, 
2.91975535256229), .Names = c("x1", "x2", "x3", "x4", "x5", "x6", 
"x7", "", "", "", "", "", "", "", "", "", "", "", "", "", "", 
"", "", "", "", "", "")), rank = 7L, fitted.values = structure(c(53.3183390939595, 
61.65503638654, 67.533225201494, 59.0905044026635, 74.830844460139, 
56.471557383657, 67.8285949263927, 76.9297368058559, 59.6822826678716, 
55.7330693605997, 58.8847003163038, 60.115823345854, 72.8731564757099, 
77.8748289500838, 80.2293784677164, 79.3461686503136, 58.3257397340575, 
59.6495645339988, 45.1962164483193, 62.6305331868623, 63.381948052131, 
41.2148786445396, 56.4225632997633, 75.8311031901299, 54.4658829350466, 
78.857155544087, 78.6271675359102), .Names = c("1", "2", "3", 
"4", "5", "6", "7", "9", "10", "11", "12", "13", "14", "15", 
"16", "17", "18", "20", "21", "22", "23", "24", "25", "27", "28", 
"29", "30")), assign = 1:7, qr = structure(list(qr = structure(c(-5.19615242270663, 
0.192450089729875, 0.192450089729875, 0.192450089729875, 0.192450089729875, 
0.192450089729875, 0.192450089729875, 0.192450089729875, 0.192450089729875, 
0.192450089729875, 0.192450089729875, 0.192450089729875, 0.192450089729875, 
0.192450089729875, 0.192450089729875, 0.192450089729875, 0.192450089729875, 
0.192450089729875, 0.192450089729875, 0.192450089729875, 0.192450089729875, 
0.192450089729875, 0.192450089729875, 0.192450089729875, 0.192450089729875, 
0.192450089729875, 0.192450089729875, -341.791359360259, -70.2329457353646, 
0.0940757185871527, -0.00559260554061164, 0.207982374733169, 
-0.119499261686628, 0.0513607225323965, 0.264935702806177, -0.0340692695771157, 
-0.147975925723132, -0.0483076015953678, -0.0198309375588637, 
0.279174034824429, 0.193744042714917, 0.378842358952194, 0.307650698860933, 
-0.0483076015953678, -0.0767842656318719, -0.333074241960409, 
-0.0340692695771157, 0.0371223905141445, -0.375789238015165, 
-0.13373759370488, 0.165267378678413, -0.0910225976501239, 0.307650698860933, 
0.264935702806177, -275.588528493181, -36.3393873843611, -52.8621971496863, 
-0.0777165698770799, -0.0219221343711548, 0.0791752168329003, 
-0.175079573263807, 0.240139952845125, -0.057410733231322, 0.175149493605607, 
-0.00942359484496873, 0.159441668826645, 0.438075244871355, -0.0496034361117502, 
-0.257259814436125, 0.0583443176225902, 0.331084385726301, 0.40814155246727, 
-0.0712047688317108, 0.0750090369908383, 0.0242444453764436, 
0.129507976422561, -0.0430916350663811, 0.0463708406609564, -0.0357161699715435, 
0.190764087844751, -0.384124678202203, -292.52413638941, 16.8755875154105, 
-7.9253651636646, 57.480716441794, -0.13509478926602, -0.188262948726514, 
-0.227110633945628, -0.18326929836473, 0.183286117989955, -0.222659142288396, 
0.105198035546706, -0.0562154779326891, 0.0808207041941293, -0.443047377908307, 
0.0879400325023718, 0.0317469590491231, -0.0869099691841041, 
-0.278805837169536, -0.201751187460119, -0.192972955701233, 0.119736018487881, 
0.123469282284084, 0.0732629138448731, -0.373060738906233, 0.262739149513574, 
-0.0139664781895378, -0.26599975870806, -328.319853079167, -33.1911339714365, 
-4.23117750984152, 10.7880488646894, 34.0607962082145, 0.249706121787353, 
-0.00298211251613203, 0.17423365510833, -0.10583305041678, 0.150642250483251, 
0.0175009322320852, 0.286763581879755, 0.491848822360056, -0.11303033057232, 
0.329469179530956, -0.170505908310105, 0.328227447329883, 0.143630650185791, 
0.322014846381461, -0.0189954833265054, -0.0122296570812167, 
0.00123604007059496, -0.268271959394009, -0.168707118541069, 
0.134875191806016, -0.0490333441190484, 0.211595853400687, -387.979380895428, 
-10.5506040255248, -3.0821807510087, -11.5989003092443, 23.3279456991121, 
43.086626435475, 0.11513156446178, -0.173724109309316, 0.0287304759557898, 
0.122427652854757, 0.101102986267051, 0.234621246457083, -0.0250711833424401, 
-0.0803960773402243, 0.449237240847648, 0.0958466785919542, -0.156254179152688, 
-0.0930106206870049, 0.0579783639928476, -0.107572916708865, 
-0.00299695732334041, 0.490049438378518, 0.158664689521626, -0.0429226874930064, 
-0.11027358750999, 0.175670926117319, -0.224980735466747, -217.276151305029, 
-8.12850554553101, -11.28973643718, -1.14508829666802, 21.4826451647651, 
2.65390786555291, 38.9189520080917, 0.403852543914427, 0.0357221108770106, 
0.155404111670184, -0.0152684312262261, 0.325844658506786, 0.165447566336969, 
0.0646521139933661, -0.0177391660778683, -0.340821897963641, 
-0.50378298405834, -0.177743888128908, -0.0377931539271216, 0.0879430201955404, 
0.150643506475774, -0.319858026759548, 0.291930721440537, 0.0250208409850331, 
-0.0125798084109345, -0.158270505931501, -0.00283566873901737
), .Dim = c(27L, 7L), .Dimnames = list(c("1", "2", "3", "4", 
"5", "6", "7", "9", "10", "11", "12", "13", "14", "15", "16", 
"17", "18", "20", "21", "22", "23", "24", "25", "27", "28", "29", 
"30"), c("x1", "x2", "x3", "x4", "x5", "x6", "x7")), assign = 1:7), 
    qraux = c(1.19245008972988, 1.00864572647764, 1.28630653259272, 
    1.27357543014428, 1.01284840411124, 1.49857602611577, 1.1625459083639
    ), pivot = 1:7, tol = 1e-07, rank = 7L), .Names = c("qr", 
"qraux", "pivot", "tol", "rank"), class = "qr"), df.residual = 20L, 
    xlevels = structure(list(), .Names = character(0)), call = quote(lm(formula = y ~ 
        . + 0, data = structure(list(y = c(43, 63, 71, 61, 81, 
        43, 58, 72, 67, 64, 67, 69, 68, 77, 81, 74, 65, 50, 50, 
        64, 53, 40, 63, 78, 48, 85, 82), x1 = c(1, 1, 1, 1, 1, 
        1, 1, 1, 1, 1, 1, 1, 1, 1, 1, 1, 1, 1, 1, 1, 1, 1, 1, 
        1, 1, 1, 1), x2 = c(51, 64, 70, 63, 78, 55, 67, 82, 61, 
        53, 60, 62, 83, 77, 90, 85, 60, 58, 40, 61, 66, 37, 54, 
        75, 57, 85, 82), x3 = c(30, 51, 68, 45, 56, 49, 42, 72, 
        45, 53, 47, 57, 83, 54, 50, 64, 65, 68, 33, 52, 52, 42, 
        42, 58, 44, 71, 39), x4 = c(47, 45, 48, 39, 57, 69, 66, 
        59, 45, 72, 50, 59, 44, 75, 39, 45, 62, 74, 75, 67, 47, 
        58, 54, 72, 42, 48, 62), x5 = c(61, 63, 76, 54, 71, 54, 
        66, 71, 62, 58, 59, 55, 59, 79, 60, 79, 55, 64, 43, 66, 
        63, 50, 66, 80, 51, 77, 64), x6 = c(92, 73, 86, 84, 83, 
        49, 68, 83, 80, 67, 74, 63, 77, 77, 54, 79, 80, 78, 64, 
        80, 80, 57, 75, 78, 83, 74, 78), x7 = c(45, 47, 48, 35, 
        47, 34, 35, 31, 41, 34, 41, 25, 35, 46, 36, 63, 60, 52, 
        33, 41, 37, 49, 33, 49, 38, 55, 39)), .Names = c("y", 
        "x1", "x2", "x3", "x4", "x5", "x6", "x7"),