
expected <- structure(list(coefficients = structure(c(26.0770518601518, 0.681718555526705, 
-0.116689462260836, 0.21843461944623, 0.159569512879419, -0.211168759015943, 
-0.175302567722552), .Names = c("x1", "x2", "x3", "x4", "x5", 
"x6", "x7")), residuals = structure(c(-7.18108222239806, 3.16200208122512, 
0.71225982985662, 1.37161472550674, 6.40309924762185, -10.2278776906201, 
-0.530178179894478, -8.59170687147809, 7.4544673447804, 6.79471265674991, 
7.2544845910346, -1.61187266265211, -3.50089641207943, -5.43951282532707, 
-2.5065900257119, 7.43504745496164, -4.15771597499703, -3.68052867849492, 
4.03829605715374, 1.99000251444296, -6.42091948922324, 6.46197067000428, 
-3.15608868769507, 3.6933114387479, -8.95847179010274, 5.2560603470086, 
3.93611255157994), .Names = c("1", "2", "3", "4", "5", "6", "8", 
"9", "10", "12", "13", "14", "15", "16", "17", "18", "19", "20", 
"21", "22", "24", "25", "26", "27", "28", "29", "30")), effects = structure(c(-339.4819582835, 
54.8283956586102, 5.80475161533608, 9.31821960428338, 0.160620560741982, 
10.5873153102674, -6.33338779074372, -10.3083938835106, 8.61204083223603, 
3.46235166794014, 3.60003843094605, -2.10548686828304, -4.07345618097598, 
-6.35131188076174, 2.28532880737452, 7.7715823681841, -1.0900397835825, 
-2.06853077731632, -1.56389002186149, 3.83412935330539, -11.0884308497398, 
8.66638639062502, 3.27780994534958, 7.77482516227649, -11.2816473106704, 
6.2947263954655, 5.82803456294117), .Names = c("x1", "x2", "x3", 
"x4", "x5", "x6", "x7", "", "", "", "", "", "", "", "", "", "", 
"", "", "", "", "", "", "", "", "", "")), rank = 7L, fitted.values = structure(c(50.1810822223981, 
59.8379979187749, 70.2877401701434, 59.6283852744933, 74.5969007523782, 
53.2278776906201, 71.5301781798945, 80.5917068714781, 59.5455326552196, 
60.2052873432501, 61.7455154089654, 69.6118726626521, 80.5008964120794, 
86.4395128253271, 76.5065900257119, 57.5649525450384, 69.157715974997, 
53.6805286784949, 45.9617039428463, 62.009997485557, 46.4209194892232, 
56.5380293299957, 69.1560886876951, 74.3066885612521, 56.9584717901027, 
79.7439396529914, 78.0638874484201), .Names = c("1", "2", "3", 
"4", "5", "6", "8", "9", "10", "12", "13", "14", "15", "16", 
"17", "18", "19", "20", "21", "22", "24", "25", "26", "27", "28", 
"29", "30")), assign = 1:7, qr = structure(list(qr = structure(c(-5.19615242270663, 
0.192450089729875, 0.192450089729875, 0.192450089729875, 0.192450089729875, 
0.192450089729875, 0.192450089729875, 0.192450089729875, 0.192450089729875, 
0.192450089729875, 0.192450089729875, 0.192450089729875, 0.192450089729875, 
0.192450089729875, 0.192450089729875, 0.192450089729875, 0.192450089729875, 
0.192450089729875, 0.192450089729875, 0.192450089729875, 0.192450089729875, 
0.192450089729875, 0.192450089729875, 0.192450089729875, 0.192450089729875, 
0.192450089729875, 0.192450089729875, -348.719562590534, 70.3467601717852, 
-0.0780287364412797, 0.0214783337195374, -0.191751102339356, 
0.135200699617614, -0.149105215127578, -0.248612285288395, 0.0499089251940565, 
0.0641242209313161, 0.035693629456797, -0.262827581025654, -0.177535806602097, 
-0.362334651186471, -0.291258172500173, 0.0641242209313161, -0.0780287364412797, 
0.0925548124058353, 0.348430135676508, 0.0499089251940565, 0.391076022888286, 
0.149415995354874, -0.177535806602097, -0.149105215127578, 0.106770108143095, 
-0.291258172500173, -0.248612285288395, -278.475279839129, 37.4320326308127, 
-53.0034098114856, -0.075706467318834, -0.012820834695724, 0.0769060743699957, 
-0.0970914619501152, 0.250473687390347, -0.0564200426149869, 
-0.0090434088263427, 0.160337273653413, 0.448364292940387, -0.040911043780521, 
-0.241739647228969, 0.0706103645876936, 0.330557384104143, -0.124342243063939, 
0.406443940963071, -0.0803131118449159, 0.0756469324135353, 0.118416921676098, 
-0.0455176883066029, 0.185489484839803, 0.0538422237967673, -0.0367139039256529, 
0.202677339616216, -0.372127766315544, -293.87128701752, 38.6703428372584, 
-11.1993092197911, 48.2684858320112, -0.107781713378168, 0.123670080364893, 
0.0546436939298392, 0.0157286801850715, 0.0785726316673404, 0.250959607742599, 
0.275155952383693, 0.557391283462209, -0.253908605931057, -0.183741834899432, 
-0.0598830973881054, -0.366755652799726, -0.0531978074521516, 
0.0744881674426076, 0.103155243763194, -0.182367420860423, -0.35276932207614, 
-0.0166088494611066, 0.0179571101637227, -0.282048775483992, 
0.0825405083636648, -0.0514962842411523, -0.0534055120873466, 
-337.172557206741, 36.836569687152, -5.16778260521913, 16.2281513297429, 
37.9166840284646, 0.0835594819560166, -0.0630539048863254, 0.132268331220139, 
-0.0533339485690291, -0.0782152081012886, 0.0894348825868988, 
0.194679742628102, -0.0710853329627902, 0.515030941716979, -0.042145077543721, 
0.494384023059033, -0.208951813517518, -0.0141880208886574, 0.128431879702814, 
0.0352417991869256, 0.231231700849824, -0.197927926993655, -0.406850176221955, 
-0.0819328808918057, 0.183295735263701, 0.0432338267840593, 0.180789086275012, 
-375.855025242446, 5.65768770342933, -2.05435681070762, -3.55909445609168, 
9.8302701365891, -41.7189264439902, 0.00473263362649001, -0.182565403629869, 
-0.0110208044352637, -0.479763690063307, -0.271481299600773, 
0.0701880283721893, -0.359788215142304, -0.0240918715753743, 
0.15043923656491, 0.279119118792271, -0.0322177959836736, 0.145840943226506, 
-0.438446313564466, 0.139344953688461, -0.316652726819054, 0.0699957528983014, 
0.0895378892682374, 0.151600266805618, -0.162378865379587, -0.113729775102013, 
0.0368644297143638, -227.476006060713, 10.7846710326676, -14.0153888247995, 
26.0485431054199, 21.7559864849447, -10.140076147806, 36.1283230076095, 
0.386697638900137, 0.0138608602276669, -0.17091930044116, 0.249410308966668, 
-0.112314672632554, 0.175409323868228, 0.0514499544230296, -0.339984489744545, 
-0.277386843794515, 0.0808317148552523, -0.124303379677361, -0.0287125689689261, 
0.254801569521167, -0.0604806183975809, 0.398248803058897, -0.426169983105864, 
0.225288864084449, -0.075284949111513, -0.165407473766167, -0.00629858364528472
), .Dim = c(27L, 7L), .Dimnames = list(c("1", "2", "3", "4", 
"5", "6", "8", "9", "10", "12", "13", "14", "15", "16", "17", 
"18", "19", "20", "21", "22", "24", "25", "26", "27", "28", "29", 
"30"), c("x1", "x2", "x3", "x4", "x5", "x6", "x7")), assign = 1:7), 
    qraux = c(1.19245008972988, 1.00726303798228, 1.29072539273999, 
    1.09374745055647, 1.07450307990198, 1.12794066242419, 1.06967393612497
    ), pivot = 1:7, tol = 1e-07, rank = 7L), .Names = c("qr", 
"qraux", "pivot", "tol", "rank"), class = "qr"), df.residual = 20L, 
    xlevels = structure(list(), .Names = character(0)), call = quote(lm(formula = y ~ 
        . + 0, data = structure(list(y = c(43, 63, 71, 61, 81, 
        43, 71, 72, 67, 67, 69, 68, 77, 81, 74, 65, 65, 50, 50, 
        64, 40, 63, 66, 78, 48, 85, 82), x1 = c(1, 1, 1, 1, 1, 
        1, 1, 1, 1, 1, 1, 1, 1, 1, 1, 1, 1, 1, 1, 1, 1, 1, 1, 
        1, 1, 1, 1), x2 = c(51, 64, 70, 63, 78, 55, 75, 82, 61, 
        60, 62, 83, 77, 90, 85, 60, 70, 58, 40, 61, 37, 54, 77, 
        75, 57, 85, 82), x3 = c(30, 51, 68, 45, 56, 49, 50, 72, 
        45, 47, 57, 83, 54, 50, 64, 65, 46, 68, 33, 52, 42, 42, 
        66, 58, 44, 71, 39), x4 = c(39, 54, 69, 47, 66, 44, 55, 
        67, 47, 39, 42, 45, 72, 72, 69, 75, 57, 54, 34, 62, 58, 
        48, 63, 74, 45, 71, 59), x5 = c(61, 63, 76, 54, 71, 54, 
        70, 71, 62, 59, 55, 59, 79, 60, 79, 55, 75, 64, 43, 66, 
        50, 66, 88, 80, 51, 77, 64), x6 = c(83, 83, 68, 80, 74, 
        80, 75, 64, 75, 57, 64, 78, 57, 67, 79, 78, 74, 80, 57, 
        78, 57, 79, 80, 78, 67, 67, 74), x7 = c(45, 47, 48, 35, 
        47, 34, 41, 31, 41, 41, 25, 35, 46, 36, 63, 60, 46, 52, 
        33, 41, 49, 33, 72, 49, 38, 55, 39)), .Names = c("y", 
        "x1", "x2", "x3", "x4", "x5", "x6", "x7"),