
expected <- structure(list(coefficients = structure(c(-0.344228067982982, 
0.696709230362728, -0.0853297570754343, 0.393328016881769, 0.0345255902470984, 
0.0885973919831075, -0.185647352055117), .Names = c("x1", "x2", 
"x3", "x4", "x5", "x6", "x7")), residuals = structure(c(-6.38112667357901, 
1.49236061828041, 0.243911752765497, 0.332897929722789, 4.05873425184341, 
-8.45545503998605, -8.29220179514423, 0.794209482380031, -8.61469056922953, 
6.99289926674439, 13.4033440592082, 11.3984965236441, -2.61522294580148, 
-0.713354653626757, 1.86974910444139, -3.34755573145795, -4.75125486524209, 
11.138979009289, 0.166026294447199, -10.8180293193525, -2.29478513828092, 
7.91758065502453, -3.03810660451741, 1.60167774416949, -7.17437733150279, 
5.49414288053574, 3.68718593797756), .Names = c("1", "2", "3", 
"4", "5", "6", "7", "8", "9", "11", "12", "13", "14", "15", "18", 
"19", "20", "21", "22", "23", "24", "25", "26", "27", "28", "29", 
"30")), effects = structure(c(-248.443200951157, -223.501555805802, 
-0.81838318870351, 16.3051265384763, -1.05300004689007, 3.13084119852502, 
-6.83131420343398, 2.7985030337405, -4.60242625526063, 6.42898478976478, 
13.877479041841, 12.4458806715058, -3.51522765257413, 3.72934070894955, 
-1.3842223537852, -1.33280004936692, -4.8385508028055, 10.8799999727051, 
1.01942034783402, -12.559011924613, -2.7261423349052, 11.3185545384251, 
-1.7623811608954, 5.52160125573185, -8.87125507468347, 8.31788214792785, 
5.34438264553349), .Names = c("x1", "x2", "x3", "x4", "x5", "x6", 
"x7", "", "", "", "", "", "", "", "", "", "", "", "", "", "", 
"", "", "", "", "", "")), rank = 7L, fitted.values = structure(c(49.381126673579, 
61.5076393817196, 70.7560882472345, 60.6671020702772, 76.9412657481566, 
51.455455039986, 66.2922017951442, 70.20579051762, 80.6146905692295, 
57.0071007332556, 53.5966559407918, 57.6015034763559, 70.6152229458015, 
77.7133546536268, 63.1302508955586, 68.3475557314579, 54.7512548652421, 
38.861020990711, 63.8339737055528, 63.8180293193525, 42.2947851382809, 
55.0824193449755, 69.0381066045174, 76.3983222558305, 55.1743773315028, 
79.5058571194643, 78.3128140620224), .Names = c("1", "2", "3", 
"4", "5", "6", "7", "8", "9", "11", "12", "13", "14", "15", "18", 
"19", "20", "21", "22", "23", "24", "25", "26", "27", "28", "29", 
"30")), assign = 1:7, qr = structure(list(qr = structure(c(-7.55190576026322, 
-0.0434905538751176, 0.262740818351189, 0.261989701445068, -0.129747280325636, 
-0.0452106520684205, 0.244458944431698, 0.0256320795301543, 0.297945855679746, 
-0.0632657096745137, 0.198827412723396, 0.0345474232562011, 0.0732371897437635, 
0.251890519605101, 0.182078665926944, 0.19119947036598, 0.216089682694234, 
0.228148445675103, 0.142106878902776, -0.081557516960246, 0.150886867965295, 
0.243464463143185, 0.0621060875494736, 0.226167831839078, 0.208914493574975, 
0.225566232779812, 0.221506311324055, -253.764019375905, -234.020987242994, 
0.0400507341936457, 0.0108795034384439, 0.461236870575144, 0.27960026944368, 
0.0452576669279084, 0.295210330063553, 0.0566153107740746, 0.288856677747132, 
0.0603394288540581, 0.230869048359247, 0.282455701013564, 0.0806611943814064, 
0.0768540304385607, 0.110591943822789, 0.0347722410371167, -0.0540341204527525, 
0.120540138314709, 0.362443341320404, 0.00932798780039492, -0.00931232777346465, 
0.267792465779194, 0.0974780404135704, 0.0375740009629739, 0.140802439411888, 
0.131986240651797, -201.849746958465, -191.823807901462, -53.6218833591893, 
-0.0570746960456834, -0.16749159427688, 0.069712989594469, -0.177614570778445, 
-0.198946002243897, 0.166457262466237, 0.170572265378678, 0.0115014622420664, 
0.130712259872022, 0.305885599178753, -0.103775858920804, 0.343417576582824, 
-0.160485887383333, 0.437340325388379, 0.0602545606063056, 0.0768251211661136, 
-0.0493006733111705, 0.256202716947558, 0.01927069916668, 0.0773202256493441, 
-0.00464146250460048, 0.00330999271545898, 0.0860392411731122, 
-0.466158654362781, -220.365549181892, -188.838415854292, -19.9091412897705, 
50.3954712698322, -0.145335664886848, 0.0426461472712866, -0.0697212310517968, 
0.0346506812569571, 0.123459669177092, -0.223536599916195, 0.234886916816263, 
0.236832330730762, 0.605000303966944, -0.189760811924321, -0.327807271654166, 
-0.0415631013700708, 0.105640389084988, 0.0376292723649297, -0.184030877196194, 
0.0405326275705606, -0.40845384619955, -0.0300835629525558, 0.0426037237552999, 
-0.219858538652181, 0.0650603271334849, 0.043663275255593, -0.0242206560890184, 
-254.159914378759, -219.768146305648, -6.79056558734145, 24.4475926814287, 
35.1411898411025, -0.0926598894804577, 0.0867490195241369, -0.0282979249441139, 
0.292218697362378, -0.00552872415011377, -0.154961957652929, 
-0.0477864158244116, 0.140680122997716, 0.118216232247952, 0.539592738695948, 
-0.138017851207805, -0.118745761902102, -0.0355784018043565, 
0.0356185451881454, -0.0985889401846619, 0.0928213535461516, 
-0.252029061182551, -0.404346581782198, 0.0736576230706696, 0.147701211605697, 
0.215112039488741, 0.423973447807268, -306.33309116857, -238.90884392845, 
-12.6317621928917, 16.8682810452141, 22.6426122948323, 55.7657003437402, 
0.274192578621811, 0.234306930712607, 0.296874976917273, -0.188961148958824, 
0.000586985497046405, 0.0540493020483098, 0.133914729594805, 
0.33966042105951, -0.118735072814602, 0.0208826825920143, -0.0127314077843848, 
-0.14494120209975, -0.0882954162859167, -0.262942657056298, -0.0589035931911245, 
0.00115376858018877, 0.257331294649369, 0.288133587045137, -0.242449021792359, 
0.465776847144842, 0.223725965150347, -167.653586220317, -141.152092755033, 
-20.4176737300527, 31.5403233408984, 23.0132383675359, 9.74888353648326, 
36.7972617320489, 0.0200910587351765, 0.372418507479212, 0.310288170278413, 
-0.125754855702583, 0.243823843307141, -0.0749586548629587, 0.146276782473112, 
-0.367670841251186, 0.0850443621649916, -0.161517947312148, -0.0635429170771519, 
0.207238521729425, 0.173385372613709, -0.168760839035698, 0.328795268331763, 
-0.428130253761497, 0.134905604127116, -0.0553615235096613, -0.212672782781374, 
-0.0698678336713233), .Dim = c(27L, 7L), .Dimnames = list(c("1", 
"2", "3", "4", "5", "6", "7", "8", "9", "11", "12", "13", "14", 
"15", "18", "19", "20", "21", "22", "23", "24", "25", "26", "27", 
"28", "29", "30"), c("x1", "x2", "x3", "x4", "x5", "x6", "x7"
)), assign = 1:7), qraux = c(1.32075754938524, 1.31636230718135, 
1.26588802310657, 1.10295961101831, 1.11018373433013, 1.13682214523968, 
1.15979319521917), pivot = 1:7, tol = 1e-07, rank = 7L), .Names = c("qr", 
"qraux", "pivot", "tol", "rank"), class = "qr"), df.residual = 20L, 
    xlevels = structure(list(), .Names = character(0)), call = quote(lm(formula = y ~ 
        . + 0, data = structure(list(y = c(43, 63, 71, 61, 81, 
        43, 58, 71, 72, 64, 67, 69, 68, 77, 65, 65, 50, 50, 64, 
        53, 40, 63, 66, 78, 48, 85, 82), x1 = c(2.42233078485034, 
        -0.328436564326539, 1.98419389956262, 1.97852153547265, 
        -0.979839233669655, -0.341426583780761, 1.84613091060161, 
        0.193571049051297, 2.25005902375443, -0.477776677318101, 
        1.50152588344405, 0.260898884690757, 0.553080355091418, 
        1.90225346596146, 1.37504092603473, 1.44392038161612, 
        1.63188891947204, 1.72295556108891, 1.0731777573589, 
        -0.615914682124847, 1.13948340733519, 1.83862068163041, 
        0.469019320312282, 1.70799815205178, 1.57770256743133, 
        1.70345493265074, 1.67279478842279), x2 = c(51, 64, 70, 
        63, 78, 55, 67, 75, 82, 53, 60, 62, 83, 77, 60, 70, 58, 
        40, 61, 66, 37, 54, 77, 75, 57, 85, 82), x3 = c(30, 51, 
        68, 45, 56, 49, 42, 50, 72, 53, 47, 57, 83, 54, 65, 46, 
        68, 33, 52, 52, 42, 42, 66, 58, 44, 71, 39), x4 = c(39, 
        54, 69, 47, 66, 44, 56, 55, 67, 58, 39, 42, 45, 72, 75, 
        57, 54, 34, 62, 50, 58, 48, 63, 74, 45, 71, 59),