
expected <- structure(list(coefficients = structure(c(-2.62525466080946, 
0.547622939620238, 0.0294065392949458, 0.365959344333108, 0.0347298332072562, 
0.202498182257561, -0.1968004774568), .Names = c("x1", "x2", 
"x3", "x4", "x5", "x6", "x7")), residuals = structure(c(1.1925531751399, 
1.57466513602828, -0.237417694201083, -3.66180623235851, -5.87418311457181, 
4.97749175756046, -7.94814633754173, 7.90564084608778, 7.14597619266648, 
9.87274747749815, 7.98183206470504, -1.5921313958709, -0.620337359246529, 
1.78870904343779, -4.83547162804276, 4.04377141498899, -2.60888046596307, 
-4.33111411056023, 8.84946002733003, -4.45667207660534, -11.7861526698596, 
-2.8166970555312, 4.51255033438163, -5.65694743723321, 1.6930267695103, 
-9.01510147815555, 8.86484014068232), .Names = c("2", "3", "4", 
"6", "7", "8", "9", "10", "11", "12", "13", "14", "15", "16", 
"17", "18", "19", "20", "21", "22", "23", "24", "25", "26", "27", 
"28", "29")), effects = structure(c(-274.032493701007, 194.662092982808, 
6.92025251681293, 17.4259535200106, -4.38332365853211, 11.1628292807467, 
-7.64144714498463, 9.66583654826277, 7.93509098230589, 11.7424599098726, 
10.6227203589208, -0.186789834106577, -0.689090934431099, -2.63830953945042, 
-7.31388767991134, -0.426554162279492, -0.950369245044626, -4.29289593541671, 
10.225159093062, -3.11212988611848, -9.67412086595429, -5.45516936795042, 
8.08536214577654, -7.25730292956916, 1.39976888022133, -7.59707214850688, 
6.57206274543296), .Names = c("x1", "x2", "x3", "x4", "x5", "x6", 
"x7", "", "", "", "", "", "", "", "", "", "", "", "", "", "", 
"", "", "", "", "", "")), rank = 7L, fitted.values = structure(c(61.8074468248601, 
69.4253348639717, 61.2374176942011, 46.6618062323585, 63.8741831145718, 
66.0225082424395, 79.9481463375417, 59.0943591539122, 56.8540238073335, 
57.1272525225018, 61.018167935295, 69.5921313958709, 77.6203373592465, 
79.2112909565622, 78.8354716280428, 60.956228585011, 67.6088804659631, 
54.3311141105602, 41.15053997267, 68.4566720766053, 64.7861526698596, 
42.8166970555312, 58.4874496656184, 71.6569474372332, 76.3069732304897, 
57.0151014781556, 76.1351598593177), .Names = c("2", "3", "4", 
"6", "7", "8", "9", "10", "11", "12", "13", "14", "15", "16", 
"17", "18", "19", "20", "21", "22", "23", "24", "25", "26", "27", 
"28", "29")), assign = 1:7, qr = structure(list(qr = structure(c(-7.79778637224324, 
0.330562286463808, 0.184818533492338, 0.298331322352328, 0.181688664378569, 
0.213688364548512, 0.232807061181237, 0.152326785144302, 0.187809094832525, 
0.0170850818686276, -0.0132657800344718, 0.269788584503267, 0.086309154119641, 
0.186996985203537, 0.0580462359611262, 0.369372565297572, 0.180808857245709, 
0.340791789480412, 0.10386613619778, -0.0200208034404994, 0.111878532123617, 
0.173010732540706, 0.0425197457605214, -0.0106128740978951, 0.121211385077953, 
0.1495574523252, 0.259819190900497, -288.163126161979, 199.401636704806, 
-0.0215064056065178, 0.199453576399661, -0.0465526911495465, 
-0.0356932320258712, -0.0403398050362209, -0.063239782329568, 
0.0334079692056386, -0.273681584023495, -0.332064279018265, 0.0135613440028893, 
-0.248654119442117, -0.153440969095035, -0.333800484939111, 0.287556066916148, 
-0.0629993449382619, 0.252053354464089, -0.0351285226715696, 
-0.337810865074141, -0.152753885543079, 0.0900724063619974, -0.203070986269466, 
-0.403062930426989, -0.183020529092667, -0.047591657070286, -0.0123511443293021, 
-247.115767815858, 142.889237486273, 44.6706067495208, 0.076971476939654, 
0.298744427631022, 0.278425190264881, -0.0844818107820227, 0.106872058573512, 
-0.160044090117448, -0.0957171107642359, -0.320202723762025, 
-0.276209961141755, 0.0862528630728803, 0.484982232412884, -0.0421909713422705, 
-0.128316534826185, 0.255198561134987, -0.256803230781908, -0.0039039971484242, 
-0.231014798515873, -0.0141470174547181, -0.179612347365896, 
-0.0508947066953391, -0.284271609638725, 0.00211801461789289, 
0.0637822997953807, 0.0132247709821584, -251.845363182699, 154.349048204843, 
9.98916141936195, 51.0245138709986, -0.0640462203899857, 0.10245811238526, 
0.0887328126314954, 0.0578941029047576, -0.173508547700881, 0.161101633785509, 
0.174618147491609, 0.616369205303226, -0.237364742066775, -0.0878943608213331, 
-0.0438251352599062, -0.282124652573318, -0.0274668269028218, 
0.116364607449684, -0.000224243761626197, -0.262619373107585, 
0.0786763938465201, -0.414673737048338, -0.0984809469439929, 
-0.0239718723188408, -0.256818686535889, 0.0484566397424662, 
0.0459061927664614, -274.422454808752, 194.825720466763, 15.992299764781, 
26.9882633864731, -36.7713873679083, 0.158703181713214, -0.19155784326884, 
0.193987300712213, 0.00592211759384242, 0.120671463322908, -0.14109689565116, 
-0.333898368436034, 0.0743283695437963, -0.49719876190009, -0.0745649071589443, 
-0.336957055521948, 0.338538576478088, 0.136074533465221, 0.129160556346796, 
-0.030597239460341, 0.0515147922585232, 0.0441967288374588, 0.326878887998076, 
0.273771370220274, 0.090723125347329, -0.030693899503119, -0.0850504324792341, 
-318.414342492997, 204.530556149763, 29.8760226800087, 21.4463814666701, 
-35.7765838982851, 57.0181561539808, 0.00445229595346586, -0.201793031670943, 
0.00872829082365425, -0.242467928173548, -0.114599091229173, 
-0.17358551011446, 0.207000045824219, 0.447496857143879, 0.144034973847016, 
-0.0980325778562268, -0.0301904995938874, -0.0832645355166505, 
-0.292690481115888, -0.154167430952952, -0.19061051500249, 0.0531257716079357, 
-0.11428325117825, 0.227151034225567, 0.213589500639897, -0.419493922347251, 
0.284368868494023, -186.696826952895, 118.930110567945, 23.6494984602035, 
33.1660540383445, -21.0285754985073, 1.94737178011325, 38.828397388731, 
-0.0667849929231334, 0.290903819132004, -0.129595019292342, 0.326757432590358, 
0.0783051741195444, 0.206105956631149, 0.0951733269853951, -0.251259246519791, 
-0.237597295714792, -0.0216238278161409, -0.133020610343161, 
-0.110673897353823, 0.239008685851052, 0.0992750861566808, -0.127355652539311, 
0.254235308891423, -0.365476514057701, 0.193949242682089, -0.094380393552433, 
-0.0607402213050101), .Dim = c(27L, 7L), .Dimnames = list(c("2", 
"3", "4", "6", "7", "8", "9", "10", "11", "12", "13", "14", "15", 
"16", "17", "18", "19", "20", "21", "22", "23", "24", "25", "26", 
"27", "28", "29"), c("x1", "x2", "x3", "x4", "x5", "x6", "x7"
)), assign = 1:7), qraux = c(1.10857626703547, 1.17557643986243, 
1.17231199696402, 1.14155741640996, 1.17060490900962, 1.24518372792134, 
1.49805970985403), pivot = 1:7, tol = 1e-07, rank = 7L), .Names = c("qr", 
"qraux", "pivot", "tol", "rank"), class = "qr"), df.residual = 20L, 
    xlevels = structure(list(), .Names = character(0)), call = quote(lm(formula = y ~ 
        . + 0, data = structure(list(y = c(63, 71, 61, 43, 58, 
        71, 72, 67, 64, 67, 69, 68, 77, 81, 74, 65, 65, 50, 50, 
        64, 53, 40, 63, 66, 78, 48, 85), x1 = c(0.846654535438241, 
        2.57765409256505, 1.44117544180453, 2.32632391985229, 
        1.41676939108228, 1.66629621698333, 1.81537972904105, 
        1.18781172932586, 1.4644952002684, 0.133225818563844, 
        -0.103443718769981, 2.10375374762637, 0.673020345793978, 
        1.45816254287071, 0.452632147737685, 2.88028835595793, 
        1.40990884301146, 2.65742157178274, 0.809925941380608, 
        -0.156117948229687, 0.872404893140121, 1.34910073245774, 
        0.331559894042641, -0.0827569250108997, 0.945180486721588, 
        1.16621706360886, 2.02601454605116), x2 = c(64, 70, 63, 
        55, 67, 75, 82, 61, 53, 60, 62, 83, 77, 90, 85, 60, 70, 
        58, 40, 61, 66, 37, 54, 77, 75, 57, 85), x3 = c(51, 68, 
        45, 49, 42, 50, 72, 45, 53, 47, 57, 83, 54, 50, 64, 65, 
        46, 68, 33, 52, 52, 42, 42, 66, 58, 44, 71), x4 = c(54, 
        69, 47, 44, 56, 55, 67, 47, 58, 39, 42, 45, 72, 72, 69, 
        75, 57, 54, 34, 62, 50, 58, 48, 63, 74, 45, 71),