
expected <- structure(list(coefficients = structure(c(10.2630705942609, 0.0979163498168898, 
0.0857612863903439, 0.49036821145536, 0.611287838136307, 0.0321356006941168, 
-0.584805899408166), .Names = c("x1", "x2", "x3", "x4", "x5", 
"x6", "x7")), residuals = structure(c(-8.17652023964824, 0.972506064267601, 
-7.62065778158598, 3.30215545127914, 9.79761477842529, -12.7360958855796, 
1.00499808065826, -10.61766110544, 8.04923054541415, 11.085672987977, 
7.23411090368096, 4.01747680773139, -2.35328326767698, 5.75363282948434, 
4.8438885418856, 2.95861500824293, -5.3965158053511, -9.86462690168095, 
5.2179296227301, -7.60384902948235, -12.2157630009101, -4.71343594828039, 
-0.527355408633854, -2.447317725107, -5.99009352426116, 10.6738805492697, 
15.3514634525912), .Names = c("1", "2", "3", "4", "5", "6", "8", 
"9", "10", "12", "13", "14", "15", "16", "17", "18", "19", "20", 
"21", "22", "24", "25", "26", "27", "28", "29", "30")), effects = structure(c(-339.4819582835, 
-5.81020911181509, -26.497913123222, 30.3297474500318, 15.6060421621038, 
-1.20136526473022, -24.3476741205408, -11.2338947241011, 9.11035207197853, 
13.4762507293067, 8.90144435587872, 5.9826467874514, 0.713411512308604, 
5.32140637248168, 10.7584188608784, -0.681912222909117, -2.79440307818204, 
-6.76192887811367, 4.24586725332461, -8.3210870109923, -11.89904506467, 
-3.17407801620608, 11.1310004549393, 0.764062029366626, -9.0956164538835, 
15.7816808704273, 14.5189380974579), .Names = c("x1", "x2", "x3", 
"x4", "x5", "x6", "x7", "", "", "", "", "", "", "", "", "", "", 
"", "", "", "", "", "", "", "", "", "")), rank = 7L, fitted.values = structure(c(51.1765202396482, 
62.0274939357324, 78.620657781586, 57.6978445487209, 71.2023852215747, 
55.7360958855796, 69.9950019193417, 82.61766110544, 58.9507694545859, 
55.914327012023, 61.765889096319, 63.9825231922686, 79.353283267677, 
75.2463671705157, 69.1561114581144, 62.0413849917571, 70.3965158053511, 
59.8646269016809, 44.7820703772699, 71.6038490294823, 52.2157630009101, 
67.7134359482804, 66.5273554086339, 80.447317725107, 53.9900935242612, 
74.3261194507303, 66.6485365474088), .Names = c("1", "2", "3", 
"4", "5", "6", "8", "9", "10", "12", "13", "14", "15", "16", 
"17", "18", "19", "20", "21", "22", "24", "25", "26", "27", "28", 
"29", "30")), assign = 1:7, qr = structure(list(qr = structure(c(-5.19615242270663, 
0.192450089729875, 0.192450089729875, 0.192450089729875, 0.192450089729875, 
0.192450089729875, 0.192450089729875, 0.192450089729875, 0.192450089729875, 
0.192450089729875, 0.192450089729875, 0.192450089729875, 0.192450089729875, 
0.192450089729875, 0.192450089729875, 0.192450089729875, 0.192450089729875, 
0.192450089729875, 0.192450089729875, 0.192450089729875, 0.192450089729875, 
0.192450089729875, 0.192450089729875, 0.192450089729875, 0.192450089729875, 
0.192450089729875, 0.192450089729875, -332.361304963495, -54.6165081542473, 
0.268141719139887, -0.152976378250075, -0.171285860745291, -0.207904825735723, 
0.268141719139887, -0.134666895754859, -0.152976378250075, 0.359689131615966, 
-0.207904825735723, 0.0667374116925139, -0.152976378250075, 0.359689131615966, 
-0.098047930764428, 0.414617579101613, 0.0850468941877297, -0.00650051828834914, 
-0.0248100007835649, 0.268141719139887, 0.0118089642068666, 0.139975341673377, 
-0.098047930764428, 0.0118089642068666, 0.0301184467020824, -0.0431194832787807, 
-0.152976378250075, -278.475279839129, -5.35721895230386, -64.6669832574212, 
-0.0617341377808699, 0.109835491763904, 0.00452333810455057, 
-0.0181644280273432, 0.354322221793605, -0.0617341377808699, 
-0.0718928011669761, 0.128234072655971, 0.508283416899537, 0.0774404385894783, 
-0.0255012757101934, 0.227676748169044, 0.20205424296401, -0.065346099937353, 
0.282195267761904, -0.257571826363991, 0.012763255610512, -0.121331989066783, 
-0.131603575822773, 0.258604431806899, 0.126089480036058, -0.091871674965498, 
0.331521532291827, -0.154517188694435, -293.87128701752, -12.1127398640572, 
-30.5599613898838, 53.5727258920167, -0.190106409461745, 0.146455713069431, 
0.0134249510157421, -0.0455848053551854, 0.0580598926811802, 
0.294386328511556, 0.262982115078612, 0.500362932006873, -0.319502253820326, 
-0.291901014614338, -0.157311334108857, -0.192211149739729, -0.0875038308998516, 
0.174278554902969, 0.198729280197078, -0.0974400582329264, -0.155366778415458, 
0.0480949243134388, -0.0255155531225223, -0.295638267066334, 
0.109492441632863, -0.118149227343044, -0.225330162477054, -337.172557206741, 
4.12166794836747, -25.8997462237991, 28.4491051808004, 39.8438211012024, 
0.153041322274148, -0.198554414712126, 0.159359996360408, -0.0262168061486443, 
-0.22338022931681, 0.119939452896618, 0.0728610921734215, -0.00990565044364453, 
0.308313825360207, -0.0438527899502115, 0.515106173663901, -0.251292446071969, 
0.0703227864615907, 0.160752843762137, 0.0242351503106994, 0.401024763777018, 
-0.20292235888885, -0.362961316309947, -0.0361933361784615, 0.161378520949754, 
0.0458900275990481, 0.103748089672419, -390.288781972187, 3.78802848956571, 
-7.1522668437655, 4.84656574975877, 18.813405994808, 47.5366084311056, 
0.26674894140388, -0.0379501657116402, -0.0319380666232073, 0.0838486844754494, 
0.347529187263097, 0.142191302204243, 0.057601978479458, 0.341476030253392, 
0.0646825357561013, -0.209551730036852, -0.106281054077694, 0.0604939589836277, 
0.175950099800227, -0.0898257417414604, 0.275263846868584, 0.065413880123081, 
0.237612900447605, 0.0355146340353437, -0.186364792844843, 0.165011055027119, 
-0.0626306601754328, -227.476006060713, -5.63525183463864, -17.2633115291939, 
23.0622735622702, 15.9960445237514, 4.66647606391557, 41.633769675, 
0.39019143727579, -0.00219952819801648, -0.013262065747353, 0.20642411521332, 
0.0298705008532679, 0.171289126651092, 0.279770080418184, -0.269635852643274, 
-0.302291588427148, 0.114584741374039, -0.24288383185259, -0.0549140411140753, 
0.185461195671691, -0.249836178950277, 0.282049503163217, -0.449868403991536, 
0.141014211350404, -0.00840143384407839, -0.10344283010467, 0.154211836774498
), .Dim = c(27L, 7L), .Dimnames = list(c("1", "2", "3", "4", 
"5", "6", "8", "9", "10", "12", "13", "14", "15", "16", "17", 
"18", "19", "20", "21", "22", "24", "25", "26", "27", "28", "29", 
"30"), c("x1", "x2", "x3", "x4", "x5", "x6", "x7")), assign = 1:7), 
    qraux = c(1.19245008972988, 1.26814171913989, 1.26018472471335, 
    1.05805989268118, 1.10286808139439, 1.59388880264351, 1.15507821490026
    ), pivot = 1:7, tol = 1e-07, rank = 7L), .Names = c("qr", 
"qraux", "pivot", "tol", "rank"), class = "qr"), df.residual = 20L, 
    xlevels = structure(list(), .Names = character(0)), call = quote(lm(formula = y ~ 
        . + 0, data = structure(list(y = c(43, 63, 71, 61, 81, 
        43, 71, 72, 67, 67, 69, 68, 77, 81, 74, 65, 65, 50, 50, 
        64, 40, 63, 66, 78, 48, 85, 82), x1 = c(1, 1, 1, 1, 1, 
        1, 1, 1, 1, 1, 1, 1, 1, 1, 1, 1, 1, 1, 1, 1, 1, 1, 1, 
        1, 1, 1, 1), x2 = c(54, 77, 77, 54, 53, 51, 77, 55, 54, 
        82, 51, 66, 54, 82, 57, 85, 67, 62, 61, 77, 63, 70, 57, 
        63, 64, 60, 54), x3 = c(30, 51, 68, 45, 56, 49, 50, 72, 
        45, 47, 57, 83, 54, 50, 64, 65, 46, 68, 33, 52, 42, 42, 
        66, 58, 44, 71, 39), x4 = c(39, 54, 69, 47, 66, 44, 55, 
        67, 47, 39, 42, 45, 72, 72, 69, 75, 57, 54, 34, 62, 58, 
        48, 63, 74, 45, 71, 59), x5 = c(61, 63, 76, 54, 71, 54, 
        70, 71, 62, 59, 55, 59, 79, 60, 79, 55, 75, 64, 43, 66, 
        50, 66, 88, 80, 51, 77, 64), x6 = c(92, 73, 86, 84, 83, 
        49, 66, 83, 80, 74, 63, 77, 77, 54, 79, 80, 85, 78, 64, 
        80, 57, 75, 76, 78, 83, 74, 78), x7 = c(45, 47, 48, 35, 
        47, 34, 41, 31, 41, 41, 25, 35, 46, 36, 63, 60, 46, 52, 
        33, 41, 49, 33, 72, 49, 38, 55, 39)), .Names = c("y", 
        "x1", "x2", "x3", "x4", "x5", "x6", "x7"),