
expected <- structure(list(coefficients = structure(c(-10.1225491421432, 
0.635380008581685, -0.109031929411792, 0.401892644712529, 0.156061318644884, 
0.0902318003380507, -0.0561510723037939), .Names = c("x1", "x2", 
"x3", "x4", "x5", "x6", "x7")), residuals = structure(c(-7.13501569037046, 
2.53697007741306, 1.27691950449972, 2.91353490030669, 3.80873744743454, 
-7.60057721940036, -10.2784294345406, 2.08309102827472, -5.88402965007281, 
9.1654540475513, 9.26019295115381, 10.3420808644976, -0.96091570936473, 
0.484795919670353, -2.69745122480149, -2.03116119392107, -4.34993869266238, 
-2.93881356888415, 6.98580667287907, 1.9927171132601, -7.58607548231316, 
-3.09212613526221, -4.03962744473869, 0.749445276535437, -7.81772776925865, 
8.93022744579631, 5.88191596631798), .Names = c("1", "2", "3", 
"4", "5", "6", "7", "8", "9", "10", "11", "12", "14", "15", "16", 
"17", "19", "20", "21", "22", "23", "24", "26", "27", "28", "29", 
"30")), effects = structure(c(-335.248056309443, 55.507881731414, 
5.01730832808559, 12.937982009321, -8.13993353938757, 4.02509484500333, 
-2.27714820574918, 4.45978265087038, -1.59379158674869, 9.86063026397792, 
13.8646815904461, 7.0970775983431, -2.17556931528744, 4.207643282205, 
5.34586429767851, -0.671124968944053, -4.7024618331169, -2.70167047983847, 
5.36718067070759, 5.51497827560503, -4.84843777501373, -0.252506871663355, 
-7.89893932549659, 2.29366925690504, -7.73686232068947, 12.2273100698697, 
10.5097442679162), .Names = c("x1", "x2", "x3", "x4", "x5", "x6", 
"x7", "", "", "", "", "", "", "", "", "", "", "", "", "", "", 
"", "", "", "", "", "")), rank = 7L, fitted.values = structure(c(50.1350156903705, 
60.4630299225869, 69.7230804955003, 58.0864650996933, 77.1912625525655, 
50.6005772194004, 68.2784294345406, 68.9169089717253, 77.8840296500728, 
57.8345459524487, 54.7398070488462, 56.6579191355024, 68.9609157093647, 
76.5152040803297, 83.6974512248015, 76.0311611939211, 69.3499386926624, 
52.9388135688842, 43.0141933271209, 62.0072828867399, 60.5860754823132, 
43.0921261352622, 70.0396274447387, 77.2505547234646, 55.8177277692587, 
76.0697725542037, 76.118084033682), .Names = c("1", "2", "3", 
"4", "5", "6", "7", "8", "9", "10", "11", "12", "14", "15", "16", 
"17", "19", "20", "21", "22", "23", "24", "26", "27", "28", "29", 
"30")), assign = 1:7, qr = structure(list(qr = structure(c(-5.19615242270663, 
0.192450089729875, 0.192450089729875, 0.192450089729875, 0.192450089729875, 
0.192450089729875, 0.192450089729875, 0.192450089729875, 0.192450089729875, 
0.192450089729875, 0.192450089729875, 0.192450089729875, 0.192450089729875, 
0.192450089729875, 0.192450089729875, 0.192450089729875, 0.192450089729875, 
0.192450089729875, 0.192450089729875, 0.192450089729875, 0.192450089729875, 
0.192450089729875, 0.192450089729875, 0.192450089729875, 0.192450089729875, 
0.192450089729875, 0.192450089729875, -350.644063487833, 69.9767157041593, 
-0.0740027970375246, 0.0260304773103873, -0.188326539149424, 
0.140354219422287, -0.0311313937455624, -0.145455135857462, -0.245488410205373, 
0.0546114128383621, 0.168935154950261, 0.0689018806023495, -0.259778877969361, 
-0.174036071385436, -0.359812152317273, -0.288359813497336, -0.0740027970375246, 
0.0974828161303243, 0.354711235882098, 0.0546114128383621, -0.0168409259815749, 
0.39758263917406, -0.174036071385436, -0.145455135857462, 0.111773283894312, 
-0.288359813497336, -0.245488410205373, -275.203628313722, 37.1192253786653, 
-51.7989002803227, -0.0646111375218958, 0.00305168115368953, 
0.0897822602435688, -0.161113265566024, -0.0838415133947335, 
0.273352707176091, -0.045318217241926, 0.186296897169124, 0.00293910122085157, 
0.476065967811465, -0.0259127170291181, -0.228538415494507, 0.0899698934649654, 
-0.112830929340394, 0.427646033890144, -0.074407704238998, 0.0898197868878481, 
0.0415874861879235, 0.128280538633523, 0.205752432907637, 0.0706019198964369, 
-0.0260378058433825, 0.22510789759474, -0.363726455149987, -293.67883692779, 
37.9020254461815, -7.52187192325024, 43.33126643185, -0.121492937648673, 
0.135014367433991, -0.0835009050119497, 0.064907370321727, -6.93956314350381e-05, 
0.0915809510779477, -0.178492309224744, 0.280997970441483, 0.591510443853834, 
-0.282447065505078, -0.194720363674145, -0.0742433357923988, 
-0.0527603812070296, 0.0603482267727822, 0.123980681013588, -0.206851483211803, 
0.114317693405659, -0.395054295483173, 0.00709158923035469, -0.31901745600949, 
0.0955309830565158, -0.0726614600816332, -0.0404954151910349, 
-349.296912859724, -2.5849868355302, 12.7189006960274, -19.350113700726, 
-52.3238681156159, 0.0742736683434711, 0.387588590014478, 0.0595109040057678, 
0.144988680620997, -0.0278688897647393, -0.0368609933069857, 
0.379816148247656, 0.268586834741044, 0.0196704683019139, -0.0388071672153022, 
-0.288233804106343, 0.183539883977273, -0.22468424062342, 0.386625710154463, 
-0.0945624802791166, -0.146372473671509, -0.133879173013659, 
0.0346822603207015, 0.256203617464856, 0.0723116778539736, -0.258592740488096, 
-0.143526546862281, -389.711431702997, 9.93187509597131, -2.61272901832825, 
-6.25623984676714, 7.41829988966636, 49.7228297050913, 0.139470577475557, 
0.278516270847835, -0.000971335669043816, -0.0443923422328952, 
0.153498791350215, 0.103051849406776, 0.29099762712658, -0.00771720657886337, 
0.503071197808593, 0.0700782588979048, -0.164089989496624, 0.0575067208727455, 
0.170734780670418, -0.0928175472595534, 0.00147568403160279, 
0.231983946457704, 0.11656342084561, -0.0434349790128631, -0.123010932422056, 
0.189696777332003, 0.00984478980617919, -225.166604983954, 11.2561251087674, 
-11.4580557756746, 15.8896201680194, 11.4613704200302, 8.21864264127645, 
40.5539576061724, -0.0417709073078797, 0.402451393223629, 0.00917312443392842, 
0.325946364322485, -0.20735275290752, -0.0385533807787369, 0.111635076442127, 
0.190173121841856, -0.30618075304799, -0.0565112485376255, -0.0944214883565881, 
-0.0214980527682978, 0.230551426944042, 0.152244878638318, 0.014324294672795, 
-0.645528838257656, 0.0313544143569178, 0.0695548380794199, -0.104421773962691, 
0.108780588598868), .Dim = c(27L, 7L), .Dimnames = list(c("1", 
"2", "3", "4", "5", "6", "7", "8", "9", "10", "11", "12", "14", 
"15", "16", "17", "19", "20", "21", "22", "23", "24", "26", "27", 
"28", "29", "30"), c("x1", "x2", "x3", "x4", "x5", "x6", "x7"
)), assign = 1:7), qraux = c(1.19245008972988, 1.0117400095464, 
1.31188851221032, 1.1092741072632, 1.27332553909837, 1.579300308798, 
1.09344607162072), pivot = 1:7, tol = 1e-07, rank = 7L), .Names = c("qr", 
"qraux", "pivot", "tol", "rank"), class = "qr"), df.residual = 20L, 
    xlevels = structure(list(), .Names = character(0)), call = quote(lm(formula = y ~ 
        . + 0, data = structure(list(y = c(43, 63, 71, 61, 81, 
        43, 58, 71, 72, 67, 64, 67, 68, 77, 81, 74, 65, 50, 50, 
        64, 53, 40, 66, 78, 48, 85, 82), x1 = c(1, 1, 1, 1, 1, 
        1, 1, 1, 1, 1, 1, 1, 1, 1, 1, 1, 1, 1, 1, 1, 1, 1, 1, 
        1, 1, 1, 1), x2 = c(51, 64, 70, 63, 78, 55, 67, 75, 82, 
        61, 53, 60, 83, 77, 90, 85, 70, 58, 40, 61, 66, 37, 77, 
        75, 57, 85, 82), x3 = c(30, 51, 68, 45, 56, 49, 42, 50, 
        72, 45, 53, 47, 83, 54, 50, 64, 46, 68, 33, 52, 52, 42, 
        66, 58, 44, 71, 39), x4 = c(39, 54, 69, 47, 66, 44, 56, 
        55, 67, 47, 58, 39, 45, 72, 72, 69, 57, 54, 34, 62, 50, 
        58, 63, 74, 45, 71, 59), x5 = c(62, 63, 64, 55, 80, 70, 
        88, 71, 71, 66, 61, 88, 79, 66, 66, 50, 77, 50, 88, 59, 
        59, 55, 66, 77, 71, 50, 63), x6 = c(92, 73, 86, 84, 83, 
        49, 68, 66, 83, 80, 67, 74, 77, 77, 54, 79, 85, 78, 64, 
        80, 80, 57, 76, 78, 83, 74, 78), x7 = c(45, 47, 48, 35, 
        47, 34, 35, 41, 31, 41, 34, 41, 35, 46, 36, 63, 46, 52, 
        33, 41, 37, 49, 72, 49, 38, 55, 39)), .Names = c("y", 
        "x1", "x2", "x3", "x4", "x5", "x6", "x7"),