
expected <- structure(list(coefficients = structure(c(9.78056997479831, 0.638509295856865, 
0.0333566672986478, 0.346396347154063, 0.0281755471690902, -0.0224926860022718, 
-0.216150857526449), .Names = c("x1", "x2", "x3", "x4", "x5", 
"x6", "x7")), residuals = structure(c(-4.17757430546545, 1.54060254718572, 
0.856015230883301, 0.51107545335045, 6.87787539689328, -11.8780626637573, 
-8.9252317311263, 0.485664500949277, -9.18146186738302, 6.40863657124106, 
11.8953779963535, 9.05345263896253, -4.93135764193738, 0.161005245661372, 
1.74627742920116, -0.579930774687836, -6.12973283421209, 8.52799736240659, 
-0.172800005800541, -9.88789708697927, -4.76625099349667, 6.30464363513144, 
-2.1107246063993, 3.12184753504975, -6.62081287044158, 5.80055132221098, 
6.07081451620629), .Names = c("1", "2", "3", "4", "5", "6", "7", 
"8", "9", "11", "12", "13", "14", "15", "18", "19", "20", "21", 
"22", "23", "24", "25", "26", "27", "28", "29", "30")), effects = structure(c(-330.436804066196, 
-51.0689079508119, -3.95581220597646, 11.7370660930303, -2.94526801266806, 
-2.1472412483152, -8.18628546055331, 3.32066592226147, -8.44432309845145, 
9.68533080707578, 12.5909002076226, 12.9132549925917, -6.55983415685535, 
2.21761003847344, -4.11665019401732, 1.4365678124953, -6.25245798732403, 
10.0397253344296, 0.376000296509317, -8.96486508268265, -3.30296766973129, 
10.2159956371234, -0.632286405054272, 5.49446064092691, -8.5055124715513, 
5.73478693710653, 4.98995773412687), .Names = c("x1", "x2", "x3", 
"x4", "x5", "x6", "x7", "", "", "", "", "", "", "", "", "", "", 
"", "", "", "", "", "", "", "", "", "")), rank = 7L, fitted.values = structure(c(47.1775743054654, 
61.4593974528143, 70.1439847691167, 60.4889245466495, 74.1221246031067, 
54.8780626637573, 66.9252317311263, 70.5143354990507, 81.181461867383, 
57.5913634287589, 55.1046220036465, 59.9465473610375, 72.9313576419374, 
76.8389947543386, 63.2537225707988, 65.5799307746878, 56.1297328342121, 
41.4720026375934, 64.1728000058005, 62.8878970869793, 44.7662509934967, 
56.6953563648686, 68.1107246063993, 74.8781524649502, 54.6208128704416, 
79.199448677789, 75.9291854837937), .Names = c("1", "2", "3", 
"4", "5", "6", "7", "8", "9", "11", "12", "13", "14", "15", "18", 
"19", "20", "21", "22", "23", "24", "25", "26", "27", "28", "29", 
"30")), assign = 1:7, qr = structure(list(qr = structure(c(-5.19615242270663, 
0.192450089729875, 0.192450089729875, 0.192450089729875, 0.192450089729875, 
0.192450089729875, 0.192450089729875, 0.192450089729875, 0.192450089729875, 
0.192450089729875, 0.192450089729875, 0.192450089729875, 0.192450089729875, 
0.192450089729875, 0.192450089729875, 0.192450089729875, 0.192450089729875, 
0.192450089729875, 0.192450089729875, 0.192450089729875, 0.192450089729875, 
0.192450089729875, 0.192450089729875, 0.192450089729875, 0.192450089729875, 
0.192450089729875, 0.192450089729875, -339.09705810404, -64.6156729066964, 
0.108983611697181, 0.000650761707243416, 0.232792583114252, -0.123158209709828, 
0.062555247415779, 0.18636421883285, 0.294697068822788, -0.154110452564096, 
-0.0457776025741583, -0.0148253597198905, 0.310173190249921, 
0.217316461687118, -0.0457776025741583, 0.108983611697181, -0.0767298454284261, 
-0.355300031116836, -0.0303014811470244, 0.0470791259886451, 
-0.401728395398238, -0.138634331136962, 0.217316461687118, 0.18636421883285, 
-0.09220596685556, 0.341125433104189, 0.294697068822788, -300.414590068335, 
-13.7164291019005, -67.1113525922896, 0.129980474085902, -0.14016427130306, 
-0.0378617358170351, 0.139398535858139, 0.0837316162233814, 0.152365354550258, 
-0.280980504876695, 0.249572101161419, -0.237438952935393, 0.0578659138603161, 
0.177844298924578, 0.264472709797265, -0.367608915749382, 0.00645333210175847, 
0.0683763145776168, 0.423283615916711, -0.0939154134405386, 0.0836636812022086, 
0.458954138040759, 0.0586394298378071, -0.139777513314314, -0.122556356745995, 
-0.0715305329761826, -0.145646818166669, -289.252484864003, -31.3907329613699, 
-6.96997679444406, 49.5584635318013, -0.16787028972893, 0.0870248546912835, 
0.0338915188759317, 0.111947085128752, -0.0335634819422251, -0.310668137124603, 
0.350365383843362, 0.118900385319686, 0.383285070663995, -0.174277385810883, 
-0.370210025307723, -0.155091873864419, -0.0675057960908527, 
0.181016572260986, -0.0356959929179745, 0.0535662451907494, -0.327153720545103, 
0.191046492150799, -0.0393885976158026, -0.359028935750501, 0.0535790363400901, 
-0.172133539971609, 0.0110747608297153, -334.478255950523, -38.7894653829049, 
-2.48540513018621, 18.0066189325954, 32.6076387915448, 0.0814536189014533, 
0.0241344967620073, -0.0343639984940579, 0.192554420623837, 0.148923638571251, 
-0.0917581262554414, 0.0860470555610036, 0.228958306498647, -0.0255957715415913, 
0.586825088292118, -0.217958924021576, -0.0395234307443495, 0.115259671663587, 
0.0626876205688886, 0.00797398903854736, 0.240979768642165, -0.223323915182251, 
-0.443283421689378, -0.0530531053128364, 0.207134875233534, 0.0953817226611007, 
0.276800162127015, -390.673682151647, -18.1024765522868, -0.799039024789807, 
2.9227575976157, 6.97222647882367, 44.4137534930162, 0.264288917048109, 
0.343632992488355, -0.0180771352496679, 0.129554051740271, 0.137530965842012, 
0.290270645197847, 0.120765409353382, 0.108072972387515, -0.0733734220558723, 
-0.180839392063148, -0.0237118628905446, 0.219992164515, 0.0088772798147144, 
-0.0475769393954978, 0.336223661015563, 0.125492144364902, 0.145745616938694, 
0.0173620749673301, -0.174713225830408, 0.161589951638092, 0.0404794179661448, 
-220.932703009897, -10.2044959173061, -3.46622946545941, 27.1634838016885, 
17.1509010836719, 5.31229276605568, 37.873018660366, 0.0153087179903083, 
0.389468557115852, 0.289834824865001, -0.178756302575944, 0.247596995727457, 
-0.101812993991694, 0.171362440108206, -0.390665580527423, 0.14568884832314, 
-0.190212526790128, -0.0887046875986768, 0.115150255157614, 0.115503688397484, 
-0.189168648265456, 0.230510397673079, -0.451212070003151, 0.197179849829381, 
-0.0465118378758753, -0.133146480238752, 0.038920480947664), .Dim = c(27L, 
7L), .Dimnames = list(c("1", "2", "3", "4", "5", "6", "7", "8", 
"9", "11", "12", "13", "14", "15", "18", "19", "20", "21", "22", 
"23", "24", "25", "26", "27", "28", "29", "30"), c("x1", "x2", 
"x3", "x4", "x5", "x6", "x7")), assign = 1:7), qraux = c(1.19245008972988, 
1.01612688313438, 1.00490630014678, 1.17195811510181, 1.12982796184332, 
1.60623481521577, 1.18383026937934), pivot = 1:7, tol = 1e-07, 
    rank = 7L), .Names = c("qr", "qraux", "pivot", "tol", "rank"
), class = "qr"), df.residual = 20L, xlevels = structure(list(), .Names = character(0)), 
    call = quote(lm(formula = y ~ . + 0, data = structure(list(y = c(43, 
        63, 71, 61, 81, 43, 58, 71, 72, 64, 67, 69, 68, 77, 65, 
        65, 50, 50, 64, 53, 40, 63, 66, 78, 48, 85, 82), x1 = c(1, 
        1, 1, 1, 1, 1, 1, 1, 1, 1, 1, 1, 1, 1, 1, 1, 1, 1, 1, 
        1, 1, 1, 1, 1, 1, 1, 1), x2 = c(51, 64, 70, 63, 78, 55, 
        67, 75, 82, 53, 60, 62, 83, 77, 60, 70, 58, 40, 61, 66, 
        37, 54, 77, 75, 57, 85, 82), x3 = c(42, 64, 58, 64, 51, 
        50, 66, 65, 72, 33, 71, 39, 66, 72, 72, 33, 54, 52, 83, 
        50, 52, 83, 64, 50, 45, 58, 52), x4 = c(39, 54, 69, 47, 
        66, 44, 56, 55, 67, 58, 39, 42, 45, 72, 75, 57, 54, 34, 
        62, 50, 58, 48, 63, 74, 45, 71, 59), x5 = c(61, 63, 76, 
        54, 71, 54, 66, 70, 71, 58, 59, 55, 59, 79, 55, 75, 64, 
        43, 66, 63, 50, 66, 88, 80, 51, 77, 64), x6 = c(92, 73, 
        86, 84, 83, 49, 68, 66, 83, 67, 74, 63, 77, 77, 80, 85, 
        78, 64, 80, 80, 57, 75, 76, 78, 83, 74, 78), x7 = c(45, 
        47, 48, 35, 47, 34, 35, 41, 31, 34, 41, 25, 35, 46, 60, 
        46, 52, 33, 41, 37, 49, 33, 72, 49, 38, 55, 39)), .Names = c("y", 
        "x1", "x2", "x3", "x4", "x5", "x6", "x7"),