
expected <- structure(list(coefficients = structure(c(9.89046270548754, 0.599755773589741, 
0.267131318494254, 0.131569348000813, 0.0466401917963847, -0.273100917761416
), .Names = c("x1", "x2", "x3", "x4", "x5", "x6")), residuals = structure(c(-7.9232151538935, 
1.44221679567852, -0.206910722875889, -0.694237192161854, 6.32110344152075, 
-11.7354912528491, 0.344662367697633, -9.71466565551512, 7.27788584476516, 
10.6892413610897, 7.35804067600827, -5.48645542439754, 0.272256753155356, 
-2.68303545779314, -2.17496026172851, 4.50786757398837, -3.36932719667046, 
-6.95851428095868, 7.4067175692413, -0.255361324651906, -3.43005616309992, 
4.73116116628644, -2.36042145881048, 2.57859887683338, -8.30078892455183, 
6.60230941417521, 5.76137862951786), .Names = c("1", "2", "3", 
"4", "5", "6", "8", "9", "10", "12", "13", "14", "15", "16", 
"17", "18", "19", "20", "21", "22", "24", "25", "26", "27", "28", 
"29", "30")), effects = structure(c(-339.4819582835, 54.8283956586102, 
-7.76512120241751, -0.118933425286641, -1.28269167337601, -10.3821096636262, 
4.65809258809612, -5.90383227121028, 8.27463160626075, 11.9385162396899, 
12.2825081362883, -3.80628932378886, 3.88942560380899, 2.85307856995354, 
-1.81191278763212, 1.87458190843544, -1.78986816566184, -6.99512352133687, 
9.05875796949925, 1.68282370335988, -1.76591664981316, 8.5040367347706, 
-1.68283368857771, 5.77314152500636, -8.96223644347073, 8.75110554004513, 
7.72067364219311), .Names = c("x1", "x2", "x3", "x4", "x5", "x6", 
"", "", "", "", "", "", "", "", "", "", "", "", "", "", "", "", 
"", "", "", "", "")), rank = 6L, fitted.values = structure(c(50.9232151538935, 
61.5577832043215, 71.2069107228759, 61.6942371921619, 74.6788965584793, 
54.7354912528491, 70.6553376323024, 81.7146656555151, 59.7221141552348, 
56.3107586389103, 61.6419593239917, 73.4864554243975, 76.7277432468446, 
83.6830354577931, 76.1749602617285, 60.4921324260116, 68.3693271966705, 
56.9585142809587, 42.5932824307587, 64.2553613246519, 43.4300561630999, 
58.2688388337136, 68.3604214588105, 75.4214011231666, 56.3007889245518, 
78.3976905858248, 76.2386213704821), .Names = c("1", "2", "3", 
"4", "5", "6", "8", "9", "10", "12", "13", "14", "15", "16", 
"17", "18", "19", "20", "21", "22", "24", "25", "26", "27", "28", 
"29", "30")), assign = 1:6, qr = structure(list(qr = structure(c(-5.19615242270663, 
0.192450089729875, 0.192450089729875, 0.192450089729875, 0.192450089729875, 
0.192450089729875, 0.192450089729875, 0.192450089729875, 0.192450089729875, 
0.192450089729875, 0.192450089729875, 0.192450089729875, 0.192450089729875, 
0.192450089729875, 0.192450089729875, 0.192450089729875, 0.192450089729875, 
0.192450089729875, 0.192450089729875, 0.192450089729875, 0.192450089729875, 
0.192450089729875, 0.192450089729875, 0.192450089729875, 0.192450089729875, 
0.192450089729875, 0.192450089729875, -348.719562590534, 70.3467601717852, 
-0.0780287364412797, 0.0214783337195374, -0.191751102339356, 
0.135200699617614, -0.149105215127578, -0.248612285288395, 0.0499089251940565, 
0.0641242209313161, 0.035693629456797, -0.262827581025654, -0.177535806602097, 
-0.362334651186471, -0.291258172500173, 0.0641242209313161, -0.0780287364412797, 
0.0925548124058353, 0.348430135676508, 0.0499089251940565, 0.391076022888286, 
0.149415995354874, -0.177535806602097, -0.149105215127578, 0.106770108143095, 
-0.291258172500173, -0.248612285288395, -293.87128701752, 38.6703428372584, 
-49.5506937541298, -0.119142489009985, 0.100281228377759, -0.0922081596032129, 
-0.0889092505901208, 0.0767233875986559, -0.0972728925447158, 
-0.24778891152356, -0.209114451534525, -0.378201157965547, 0.232304139519003, 
0.0901517624947537, 0.0842816972036219, 0.478739765928096, 0.00612744487592196, 
0.0768009672132324, -0.129999707628043, 0.205447389726808, 0.387157138704298, 
-0.000547952764838688, 0.0506719701560893, 0.294536440287142, 
-0.0938964039170472, 0.124644401506492, -0.0847274296128234, 
-337.172557206741, 36.836569687152, -16.9762282661447, 37.9412898331885, 
0.0680942392642012, 0.0855128408473929, -0.0509763977222901, 
0.111963546764043, -0.0430681835118602, -0.0600459833282516, 
0.0947598746377448, 0.194947051058269, -0.085112264233639, 0.522557971290297, 
-0.0522639744825196, 0.440590400053208, -0.201916872675267, -0.0436031807973627, 
0.142311645539709, 0.0161767506420416, 0.196621202109586, -0.195075834341666, 
-0.42112344326259, -0.105958265757226, 0.192006058316015, 0.0224051764128028, 
0.208634599151977, -390.288781972187, 8.70923785502774, -1.92820952421522, 
19.366267313713, -47.4135586200377, -0.537408835625049, -0.289300959739682, 
0.0506900975053033, 0.0653966647950554, -0.0377667500057016, 
-0.250514136803426, 0.00742250043689797, -0.121762844108724, 
-0.507130565756481, -0.0821730927363604, 0.0852384464311829, 
0.0846729457977755, 0.00860230631758339, -0.142598967161929, 
0.0318653508780317, -0.345490449794394, -0.0592366655143273, 
-0.187224089145114, -0.106589325736553, 0.19473626049281, -0.17776810823992, 
-0.00935120170458835, -227.476006060713, 10.7846710326676, -28.5422120249356, 
22.0214954315706, -3.4005224223486, 38.0156527803988, 0.0513149875700628, 
0.37931306970256, 0.0356899997211409, -0.0683459976523567, 0.267695766761396, 
-0.0849692057957523, 0.179622450211079, -0.0288736430037423, 
-0.360564059261113, -0.375460669393025, 0.0996775605410915, -0.150358253427709, 
0.0285454761522204, 0.199716713293815, -0.106273679532482, 0.372544055192099, 
-0.425811753343479, 0.151236395910081, -0.0268588379416422, -0.178503793956568, 
-0.00549547787711046), .Dim = c(27L, 6L), .Dimnames = list(c("1", 
"2", "3", "4", "5", "6", "8", "9", "10", "12", "13", "14", "15", 
"16", "17", "18", "19", "20", "21", "22", "24", "25", "26", "27", 
"28", "29", "30"), c("x1", "x2", "x3", "x4", "x5", "x6")), assign = 1:6), 
    qraux = c(1.19245008972988, 1.00726303798228, 1.24830367069314, 
    1.18422952089679, 1.05380349981571, 1.06675524242044), pivot = 1:6, 
    tol = 1e-07, rank = 6L), .Names = c("qr", "qraux", "pivot", 
"tol", "rank"), class = "qr"), df.residual = 21L, xlevels = structure(list(), .Names = character(0)), 
    call = quote(lm(formula = y ~ . + 0, data = structure(list(y = c(43, 
        63, 71, 61, 81, 43, 71, 72, 67, 67, 69, 68, 77, 81, 74, 
        65, 65, 50, 50, 64, 40, 63, 66, 78, 48, 85, 82), x1 = c(1, 
        1, 1, 1, 1, 1, 1, 1, 1, 1, 1, 1, 1, 1, 1, 1, 1, 1, 1, 
        1, 1, 1, 1, 1, 1, 1, 1), x2 = c(51, 64, 70, 63, 78, 55, 
        75, 82, 61, 60, 62, 83, 77, 90, 85, 60, 70, 58, 40, 61, 
        37, 54, 77, 75, 57, 85, 82), x3 = c(39, 54, 69, 47, 66, 
        44, 55, 67, 47, 39, 42, 45, 72, 72, 69, 75, 57, 54, 34, 
        62, 58, 48, 63, 74, 45, 71, 59), x4 = c(61, 63, 76, 54, 
        71, 54, 70, 71, 62, 59, 55, 59, 79, 60, 79, 55, 75, 64, 
        43, 66, 50, 66, 88, 80, 51, 77, 64), x5 = c(92, 73, 86, 
        84, 83, 49, 66, 83, 80, 74, 63, 77, 77, 54, 79, 80, 85, 
        78, 64, 80, 57, 75, 76, 78, 83, 74, 78), x6 = c(45, 47, 
        48, 35, 47, 34, 41, 31, 41, 41, 25, 35, 46, 36, 63, 60, 
        46, 52, 33, 41, 49, 33, 72, 49, 38, 55, 39)), .Names = c("y", 
        "x1", "x2", "x3", "x4", "x5", "x6"), row.names = c("1", 
        "2", "3", "4", "5", "6", "8", "9", "10", "12", "13", 
        "14", "15", "16", "17", "18", "19", "20", "21", "22", 
        "24", "25", "26", "27", "28", "29", "30"), class = "data.frame"))), 
    terms = y ~ x1 + x2 + x3 + x4 + x5 + x6 + 0, model = structure(list(
        y = c(43, 63, 71, 61, 81, 43, 71, 72, 67, 67, 69, 68, 
        77, 81, 74, 65, 65, 50, 50, 64, 40, 63, 66, 78, 48, 85, 
        82), x1 = c(1, 1, 1, 1, 1, 1, 1, 1, 1, 1, 1, 1, 1, 1, 
        1, 1, 1, 1, 1, 1, 1, 1, 1, 1, 1, 1, 1), x2 = c(51, 64, 
        70, 63, 78, 55, 75, 82, 61, 60, 62, 83, 77, 90, 85, 60, 
        70, 58, 40, 61, 37, 54, 77, 75, 57, 85, 82), x3 = c(39, 
        54, 69, 47, 66, 44, 55, 67, 47, 39, 42, 45, 72, 72, 69, 
        75, 57, 54, 34, 62, 58, 48, 63, 74, 45, 71, 59),