
expected <- structure(list(coefficients = structure(c(17.7696681125186, -0.0375830130488976, 
0.0904567720872148, 0.512205217770521, 0.585858547853826, 0.0456627450200985, 
-0.575200922954353), .Names = c("x1", "x2", "x3", "x4", "x5", 
"x6", "x7")), residuals = structure(c(-8.1312060217712, 2.04249302500437, 
-6.02368297741593, 1.66286571144345, 9.20224303146399, -13.9138524925514, 
1.4861761085853, -11.0356513330694, 7.51184615959289, 13.8359566017537, 
6.66145271644772, 3.97851240098196, -2.79091660579578, 7.09846448452097, 
3.47589716145831, 3.90221282174784, -4.59396699653021, -10.3958567456119, 
5.10289105802782, -6.7116088987242, -12.619883982865, -3.63363165711012, 
-0.801472191101104, -3.17298003211458, -6.43034483214138, 10.5187050716536, 
13.7753384141202), .Names = c("1", "2", "3", "4", "5", "6", "8", 
"9", "10", "12", "13", "14", "15", "16", "17", "18", "19", "20", 
"21", "22", "24", "25", "26", "27", "28", "29", "30")), effects = structure(c(-339.4819582835, 
3.41357723777939, -26.7221557120177, 30.6471671100792, 15.1597953770514, 
-0.867309033723011, -24.0437489552349, -11.4767964988373, 8.79260228871895, 
17.8506864674447, 9.40800111068144, 5.94720180190765, 0.0469095525798524, 
6.78959922792373, 7.57756845344691, -0.403002070141461, -2.03785532420986, 
-7.85959792153021, 5.02055540315813, -7.89965827794215, -12.1409940494076, 
-1.63762199908131, 10.0243918530945, -1.58426912043866, -9.79863051156284, 
15.3069906274188, 11.7548970582141), .Names = c("x1", "x2", "x3", 
"x4", "x5", "x6", "x7", "", "", "", "", "", "", "", "", "", "", 
"", "", "", "", "", "", "", "", "", "")), rank = 7L, fitted.values = structure(c(51.1312060217712, 
60.9575069749956, 77.0236829774159, 59.3371342885565, 71.797756968536, 
56.9138524925514, 69.5138238914147, 83.0356513330694, 59.4881538404071, 
53.1640433982463, 62.3385472835523, 64.021487599018, 79.7909166057958, 
73.901535515479, 70.5241028385417, 61.0977871782522, 69.5939669965302, 
60.3958567456119, 44.8971089419722, 70.7116088987242, 52.619883982865, 
66.6336316571101, 66.8014721911011, 81.1729800321146, 54.4303448321414, 
74.4812949283464, 68.2246615858798), .Names = c("1", "2", "3", 
"4", "5", "6", "8", "9", "10", "12", "13", "14", "15", "16", 
"17", "18", "19", "20", "21", "22", "24", "25", "26", "27", "28", 
"29", "30")), assign = 1:7, qr = structure(list(qr = structure(c(-5.19615242270663, 
0.192450089729875, 0.192450089729875, 0.192450089729875, 0.192450089729875, 
0.192450089729875, 0.192450089729875, 0.192450089729875, 0.192450089729875, 
0.192450089729875, 0.192450089729875, 0.192450089729875, 0.192450089729875, 
0.192450089729875, 0.192450089729875, 0.192450089729875, 0.192450089729875, 
0.192450089729875, 0.192450089729875, 0.192450089729875, 0.192450089729875, 
0.192450089729875, 0.192450089729875, 0.192450089729875, 0.192450089729875, 
0.192450089729875, 0.192450089729875, -347.949762231614, 67.4756471844691, 
-0.167750575132259, 0.291674436609389, -0.212211060139515, 0.202753466594876, 
0.499156699976584, -0.182570736801344, -0.0640094434486609, -0.212211060139515, 
-0.0640094434486609, 0.15829298158762, -0.167750575132259, 0.187933304925791, 
0.247213951602133, 0.128652658249449, -0.0936497667868317, 0.128652658249449, 
0.0990123349112785, 0.15829298158762, 0.113832496580364, 0.0100913648967661, 
-0.0640094434486609, 0.262034113271218, 0.187933304925791, -0.108469928455917, 
0.291674436609389, -278.475279839129, 4.2028880703773, -64.7522528595446, 
-0.0621265808270908, 0.087418208403637, -0.00394092778278352, 
0.0234634150659516, 0.335709944733383, -0.0764796185063373, -0.0515730946406305, 
0.108842118886019, 0.519343198452321, 0.0583253818814834, 0.0109045070966109, 
0.229505373667568, 0.240164505890516, -0.0622322268635781, 0.286494940238605, 
-0.255222880295706, 0.0405953768553999, -0.115633534014803, -0.11981983667125, 
0.247833421930287, 0.137442548208025, -0.0817563615995674, 0.32325668280053, 
-0.154787449523269, -293.87128701752, -1.22183999538456, -31.6011610019218, 
54.3188769860254, -0.171682624692165, 0.18119889714415, 0.00449065956530346, 
-0.0204608240599182, 0.0701799932465719, 0.230824609337951, 0.288305736678735, 
0.517712456623712, -0.300860261716945, -0.324533946548638, -0.119156382544487, 
-0.225226122550033, -0.104941000201275, 0.192898986370894, 0.191842043023004, 
-0.120952422686092, -0.154671110400379, 0.0240743185144782, -0.00374265996518819, 
-0.273479107924511, 0.109492465550729, -0.100783132105608, -0.195424151737007, 
-337.172557206741, 12.6399512191, -24.7042134743746, 27.6226041558689, 
39.3902510287272, 0.05720200525905, -0.287085864387724, 0.130909052295779, 
-0.0287056398274528, -0.0121047882484788, 0.109847057320858, 
0.0462500218794663, -0.053257218239432, 0.304857576810425, -0.202431375691534, 
0.531548613540361, -0.206430890158293, 0.0163174750889113, 0.188172556363731, 
0.0269563144892525, 0.365494965831224, -0.147703288383998, -0.41021549098482, 
-0.177928709738227, 0.139232820018242, 0.00836716110618202, -0.0405987072800406, 
-390.288781972187, 18.8232520043683, -5.60768444172882, 5.1201904755134, 
14.4818045852035, 45.6176140465406, 0.114587335902223, -0.00898782693119869, 
-0.0135548178381136, 0.209696659984391, 0.388231247902102, 0.105226278626631, 
0.0730622142778361, 0.308260227711512, -0.0610971547604229, -0.239577723173437, 
-0.0864588858724444, 0.0139100415655506, 0.192225845721804, -0.137690868904521, 
0.263425566944061, 0.0795071563031118, 0.222193485566877, -0.0923093389954188, 
-0.233383030668194, 0.172954588031781, -0.182286067832219, -227.476006060713, 
3.59800591632794, -17.4732691056617, 23.629979149934, 14.9140908821564, 
5.12922423212035, 41.8006091362668, 0.409706024018988, 0.00622737514461254, 
-0.129704340591993, 0.202514240328363, 0.0311688685516863, 0.196518607807243, 
0.251670709060918, -0.193151378978855, -0.316463267760235, 0.0955902656571511, 
-0.220050017374959, -0.0759687348924475, 0.176696144035839, -0.24516506140097, 
0.246925549748068, -0.430819306414165, 0.20539093862867, 0.00712117422300568, 
-0.0896266860357062, 0.229265451626679), .Dim = c(27L, 7L), .Dimnames = list(
    c("1", "2", "3", "4", "5", "6", "8", "9", "10", "12", "13", 
    "14", "15", "16", "17", "18", "19", "20", "21", "22", "24", 
    "25", "26", "27", "28", "29", "30"), c("x1", "x2", "x3", 
    "x4", "x5", "x6", "x7")), assign = 1:7), qraux = c(1.19245008972988, 
1.14347281991853, 1.2745340755059, 1.08853187917388, 1.08509898918794, 
1.55186136840941, 1.17266691790443), pivot = 1:7, tol = 1e-07, 
    rank = 7L), .Names = c("qr", "qraux", "pivot", "tol", "rank"
), class = "qr"), df.residual = 20L, xlevels = structure(list(), .Names = character(0)), 
    call = quote(lm(formula = y ~ . + 0, data = structure(list(y = c(43, 
        63, 71, 61, 81, 43, 71, 72, 67, 67, 69, 68, 77, 81, 74, 
        65, 65, 50, 50, 64, 40, 63, 66, 78, 48, 85, 82), x1 = c(1, 
        1, 1, 1, 1, 1, 1, 1, 1, 1, 1, 1, 1, 1, 1, 1, 1, 1, 1, 
        1, 1, 1, 1, 1, 1, 1, 1), x2 = c(90, 61, 82, 51, 85, 57, 
        37, 83, 75, 85, 75, 60, 82, 58, 54, 62, 77, 62, 64, 60, 
        63, 70, 75, 53, 58, 78, 51), x3 = c(30, 51, 68, 45, 56, 
        49, 50, 72, 45, 47, 57, 83, 54, 50, 64, 65, 46, 68, 33, 
        52, 42, 42, 66, 58, 44, 71, 39), x4 = c(39, 54, 69, 47, 
        66, 44, 55, 67, 47, 39, 42, 45, 72, 72, 69, 75, 57, 54, 
        34, 62, 58, 48, 63, 74, 45, 71, 59), x5 = c(61, 63, 76, 
        54, 71, 54, 70, 71, 62, 59, 55, 59, 79, 60, 79, 55, 75, 
        64, 43, 66, 50, 66, 88, 80, 51, 77, 64), x6 = c(92, 73, 
        86, 84, 83, 49, 66, 83, 80, 74, 63, 77, 77, 54, 79, 80, 
        85, 78, 64, 80, 57, 75, 76, 78, 83, 74, 78), x7 = c(45, 
        47, 48, 35, 47, 34, 41, 31, 41, 41, 25, 35, 46, 36, 63, 
        60, 46, 52, 33, 41, 49, 33, 72, 49, 38, 55, 39)), .Names = c("y", 
        "x1", "x2", "x3", "x4", "x5", "x6", "x7"),