
expected <- structure(list(coefficients = structure(c(-3.17930777189424, 
-0.387568074568404, 0.0277523568054747, -0.00323375432019913, 
0.353657974351604, 0.655738745921524, 0.395984083255815), .Names = c("x1", 
"x2", "x3", "x4", "x5", "x6", "x7")), residuals = structure(c(-19.7483211642593, 
-11.4778085943143, -2.28508582507111, -4.64875404516333, 15.421222006863, 
-1.24145469184114, 4.50910197432315, -1.02089178421278, 2.19025099568819, 
10.9098328563341, 4.06192912350089, 11.1410422028628, 13.7830202134221, 
12.4821879967142, -8.34219323984694, 3.23703736021867, -12.4654765482312, 
-15.771736662406, -2.33294687573555, -13.2818359090969, 0.780433169677193, 
1.21764438317838, 2.16064436302325, -6.97281711646663, -2.28297979158713, 
20.2740689734485, 7.28278482592424), .Names = c("1", "2", "3", 
"4", "5", "6", "7", "8", "10", "11", "13", "14", "16", "17", 
"18", "19", "20", "21", "22", "23", "24", "25", "26", "27", "28", 
"29", "30")), effects = structure(c(-198.627719609678, -246.783220911206, 
49.7477450492461, 58.3107538337715, 52.3019242879422, -44.9398049528558, 
20.5856098468523, -1.95305055237332, 7.03387585953519, 11.8549762880102, 
12.2983790277297, 14.3484789002605, 17.566612003723, 17.0235741321086, 
-1.99063767908304, 4.85886427837932, -4.0854303837318, -8.84323743250084, 
6.49762370831816, -10.6730095835057, -1.47776743749826, 5.08206264910507, 
2.99157640960216, -4.05865905088178, -7.27122666207122, 28.7583592973465, 
15.7782271778704), .Names = c("x1", "x2", "x3", "x4", "x5", "x6", 
"x7", "", "", "", "", "", "", "", "", "", "", "", "", "", "", 
"", "", "", "", "", "")), rank = 7L, fitted.values = structure(c(62.7483211642593, 
74.4778085943143, 73.2850858250711, 65.6487540451633, 65.578777993137, 
44.2414546918411, 53.4908980256769, 72.0208917842128, 64.8097490043118, 
53.0901671436659, 64.9380708764991, 56.8589577971372, 67.2169797865779, 
61.5178120032858, 73.3421932398469, 61.7629626397813, 62.4654765482312, 
65.771736662406, 66.3329468757355, 66.2818359090969, 39.2195668303228, 
61.7823556168216, 63.8393556369768, 84.9728171164666, 50.2829797915871, 
64.7259310265515, 74.7172151740758), .Names = c("1", "2", "3", 
"4", "5", "6", "7", "8", "10", "11", "13", "14", "16", "17", 
"18", "19", "20", "21", "22", "23", "24", "25", "26", "27", "28", 
"29", "30")), assign = 1:7, qr = structure(list(qr = structure(c(-7.54029239155065, 
-0.0600490069638194, -0.0978962471454314, 0.116563504958776, 
0.165848907466927, 0.167229381468792, 0.0618971464179841, -0.187253625737122, 
0.0971299382133863, 0.0366935697392588, 0.160039630032338, 0.329335911736487, 
-0.043005038161865, 0.0600751439239518, 0.350316308443579, 0.0743836390198901, 
0.395086178160774, 0.315104594605672, 0.295591756906442, 0.018575886785112, 
-0.0146464277832497, 0.290262744430226, 0.0139304558737972, -0.036849303903802, 
0.126709939547361, 0.356113625364943, 0.0806495966352246, -219.413192228103, 
-263.42333054662, 0.286353859051256, 0.140112358084296, 0.0478641908773841, 
0.183218453177185, 0.157738975539144, 0.443140328072004, 0.124358624187536, 
0.196802103387172, 0.114106768456628, -0.0576769069634805, 0.241941016369758, 
0.178446037145787, -0.138292949315374, 0.252201774501593, -0.0820085008362726, 
0.0127487323396156, -0.052280121043698, 0.187394013081631, 0.336550892448409, 
0.0097112715799069, 0.298087987521772, 0.236108933191266, 0.176053445929434, 
-0.12100843391151, 0.075437569589202, -172.272527768589, -202.036526676101, 
79.394068197051, 0.325658444350496, 0.0298404758720523, 0.390584220550933, 
-0.113727233402315, 0.139936394144254, -0.28584604354202, 0.251468929459798, 
0.321850883980122, -0.230272384062438, -0.0323351059373893, 0.0932478215548943, 
-0.324364205620132, 0.294289649501654, -0.0469465337684392, 0.304569440202209, 
0.0276768426922381, 0.0648630864714959, 0.0383628689747487, 0.0817764555360557, 
0.0487104870943877, 0.0291780121187508, -0.0224268870722377, 
-0.0325492892663578, -0.218368628124212, -160.696577952765, -226.073562761793, 
40.3591476214343, 81.4646749071766, -0.391088665855038, 0.341755055377419, 
-0.0108085018257776, 0.146510564677086, 0.0702702496271653, -0.272886036198977, 
0.0593166257693966, -0.043073015084952, 0.0633088795449999, 0.25209949961007, 
-0.150803708780146, -0.025712823668269, 0.208509550910706, -0.111216876736704, 
-0.0216914731269831, -0.05155258160962, 0.53678308110281, 0.202226706161419, 
0.232698388869311, -0.259257551983018, -0.044812744083186, -0.110287392400764, 
0.09595852105265, -220.709528044842, -262.017102863667, 44.4212822051109, 
45.1949153526677, 62.6618811613013, 0.399594979270525, 0.130589668720617, 
0.247316162588574, -0.0237015349400872, 0.0223457729370678, -0.237406843871229, 
0.0429380798862808, -0.147978517196253, 0.0658644572413786, -0.0865874141872034, 
0.105192769544108, -0.15951481204656, -0.0585073881052757, -0.19615848112802, 
0.0227349163861664, 0.343491228382326, 0.197564782694182, 0.107380132506264, 
0.0792065567671963, 0.522700931815391, -0.216651193838577, -0.292172715315241, 
-261.978636395594, -284.968802638353, 31.6292016228504, 50.3713975819908, 
39.9378049615412, -60.6981320994352, 0.00284138305226499, 0.266985847408926, 
-0.160468199747744, -0.293462421433574, -0.110508804336918, -0.141503047816495, 
0.222005929088253, 0.178256838231889, 0.26067584466086, -0.310693438147842, 
-0.0758617318540074, -0.342050978220066, -0.038907604700736, 
0.238355460038826, -0.166093728022714, 0.22271408654567, 0.0118614586807376, 
0.272053604820196, -0.0929061499950164, -0.0178683265394467, 
0.402301008403842, -135.186332029224, -162.815249715588, 28.3457110868393, 
24.1428170653876, 9.9809167947864, -12.9744809133504, 51.9859527625343, 
-0.225136426510995, -0.436309771608808, 0.148877607279801, -0.0507243702923759, 
0.132947183709412, 0.210649734089839, -0.45277560404982, -0.0333484211707104, 
0.0136599140290622, 0.0511497456012598, -0.211279253220067, -0.233953799026682, 
-0.0470097753209731, -0.0231963817794189, -0.295495500546101, 
0.211344996996993, -0.449769966359715, -0.00768197580014941, 
-0.0304304685160245, -0.144165307799188), .Dim = c(27L, 7L), .Dimnames = list(
    c("1", "2", "3", "4", "5", "6", "7", "8", "10", "11", "13", 
    "14", "16", "17", "18", "19", "20", "21", "22", "23", "24", 
    "25", "26", "27", "28", "29", "30"), c("x1", "x2", "x3", 
    "x4", "x5", "x6", "x7")), assign = 1:7), qraux = c(1.14761161518064, 
1.20873863894782, 1.21046762615814, 1.0134002181243, 1.09917257997151, 
1.18931459771974, 1.07122901721197), pivot = 1:7, tol = 1e-07, 
    rank = 7L), .Names = c("qr", "qraux", "pivot", "tol", "rank"
), class = "qr"), df.residual = 20L, xlevels = structure(list(), .Names = character(0)), 
    call = quote(lm(formula = y ~ . + 0, data = structure(list(y = c(43, 
        63, 71, 61, 81, 43, 58, 71, 67, 64, 69, 68, 81, 74, 65, 
        65, 50, 50, 64, 53, 40, 63, 66, 78, 48, 85, 82), x1 = c(1.11303473885111, 
        -0.452787070329459, -0.738166327512058, 0.878922909573136, 
        1.25054925511986, 1.26095843273285, 0.466722582194222, 
        -1.41194708943589, 0.732388134102181, 0.276680244723766, 
        1.20674560467942, 2.48328906953103, -0.324270562050256, 
        0.452984150651084, 2.64148739519323, 0.560874387357527, 
        2.97906530319251, 2.3759807772478, 2.22884827560673, 
        0.140067617792086, -0.110438347977434, 2.18866596337784, 
        0.105039710436025, -0.277854525859776, 0.955429993102805, 
        2.6852008598668, 0.608121539890213), x2 = c(67, 40, 51, 
        66, 54, 90, 57, 70, 57, 61, 70, 67, 53, 62, 51, 85, 77, 
        82, 60, 54, 85, 75, 82, 53, 78, 57, 40), x3 = c(58, 66, 
        30, 30, 42, 45, 58, 54, 71, 33, 33, 71, 50, 46, 64, 50, 
        64, 42, 45, 42, 72, 54, 68, 45, 68, 46, 51), x4 = c(59, 
        74, 57, 47, 75, 39, 57, 62, 54, 72, 45, 59, 50, 34, 54, 
        72, 39, 63, 44, 54, 39, 39, 59, 74, 74, 47, 34),