
expected <- structure(list(coefficients = structure(c(14.7944747255794, 0.535607774104599, 
-0.0323694035260851, 0.497636685444065, 0.171088658683464, -0.102663158431947, 
-0.362837812310764), .Names = c("x1", "x2", "x3", "x4", "x5", 
"x6", "x7")), residuals = structure(c(-3.54553694103324, 1.85830959406518, 
-1.30961695539862, 0.5609124502479, 6.51591933905004, -10.4573912807423, 
-9.97846302876355, 2.62854946609428, 7.72180349383035, 4.60534944278023, 
8.17366971209474, -1.78137562038205, -5.91929328294999, -0.619941546573379, 
3.7317533099422, -2.29670109828595, -4.605368755742, 10.5543191620573, 
-0.839262953947116, -11.2290205656771, -4.36971315620395, 5.03452957666335, 
0.0305693148978958, 0.289602522901892, -6.45543120791588, 5.40823519119076, 
6.29359381779894), .Names = c("1", "2", "3", "4", "5", "6", "7", 
"8", "10", "11", "13", "14", "16", "17", "18", "19", "20", "21", 
"22", "23", "24", "25", "26", "27", "28", "29", "30")), effects = structure(c(-331.591504604575, 
-52.8406667457116, 1.16535851229253, 13.6513149923323, -2.20715077266605, 
5.34597701084583, -12.5111018814567, 9.34324651157181, 4.10572420366456, 
7.86074764414746, 9.57012009925648, -0.891420316870814, -8.87584537648677, 
0.256625454812589, -1.36289085202619, 0.582053838021638, -3.62740990895806, 
10.819054245661, 1.32983882045602, -12.1620087159681, -6.83260414152487, 
8.82407242579325, 1.60959355389483, 2.54296346380828, -9.68528951671775, 
3.46418726812344, 6.12936874456701), .Names = c("x1", "x2", "x3", 
"x4", "x5", "x6", "x7", "", "", "", "", "", "", "", "", "", "", 
"", "", "", "", "", "", "", "", "", "")), rank = 7L, fitted.values = structure(c(46.5455369410332, 
61.1416904059348, 72.3096169553986, 60.4390875497521, 74.48408066095, 
53.4573912807423, 67.9784630287635, 68.3714505339057, 59.2781965061697, 
59.3946505572198, 60.8263302879053, 69.7813756203821, 86.91929328295, 
74.6199415465734, 61.2682466900578, 67.296701098286, 54.605368755742, 
39.4456808379427, 64.8392629539471, 64.2290205656771, 44.3697131562039, 
57.9654704233367, 65.9694306851021, 77.7103974770981, 54.4554312079159, 
79.5917648088092, 75.7064061822011), .Names = c("1", "2", "3", 
"4", "5", "6", "7", "8", "10", "11", "13", "14", "16", "17", 
"18", "19", "20", "21", "22", "23", "24", "25", "26", "27", "28", 
"29", "30")), assign = 1:7, qr = structure(list(qr = structure(c(-5.19615242270663, 
0.192450089729875, 0.192450089729875, 0.192450089729875, 0.192450089729875, 
0.192450089729875, 0.192450089729875, 0.192450089729875, 0.192450089729875, 
0.192450089729875, 0.192450089729875, 0.192450089729875, 0.192450089729875, 
0.192450089729875, 0.192450089729875, 0.192450089729875, 0.192450089729875, 
0.192450089729875, 0.192450089729875, 0.192450089729875, 0.192450089729875, 
0.192450089729875, 0.192450089729875, 0.192450089729875, 0.192450089729875, 
0.192450089729875, 0.192450089729875, -342.368709629448, -68.8379740162845, 
0.0946285258367066, -0.00705953369775985, 0.210843451018954, 
-0.123274458880007, 0.0510479288933639, 0.167262854075611, -0.0361132649933217, 
-0.152328190175569, -0.0215863993455408, 0.283477779257859, 0.385165838792325, 
0.312531510553421, -0.0506401306411026, 0.0946285258367066, -0.0796938619366645, 
-0.341177443596721, -0.0361132649933217, 0.0365210632455829, 
-0.384758040540064, -0.137801324527788, 0.196316585371173, 0.167262854075611, 
-0.0942207275844454, 0.312531510553421, 0.268950913610078, -273.471577506153, 
-33.2358545059397, -53.2510494878393, -0.070052322797673, -0.00669154004805236, 
0.0814411228608679, -0.164578018240964, -0.0907237925312555, 
-0.0509579339970586, 0.175651402117566, 0.164842542970884, 0.452604748528973, 
-0.233931708535864, 0.0767098800619636, 0.334168712683665, -0.118103710985803, 
0.409600019326341, -0.0758145229588567, 0.080494874301087, 0.032758902299551, 
0.121837813768252, -0.0404644910369705, 0.190645380492463, 0.0595079883809109, 
-0.0315481290098505, 0.208162688360109, -0.364122852087635, -291.176985761301, 
-32.7887498632246, -12.0111858195518, 45.9738214702459, -0.126776264009074, 
0.146469422888452, -0.0900171792328606, 0.0462799188113019, 0.0896046789845458, 
-0.14017645812747, 0.29795177230988, 0.572139119503493, -0.225001870218563, 
-0.0840514605148644, -0.370965020032825, -0.0610621517971232, 
0.0959399796426184, 0.141459594833629, -0.182404373202978, 0.111445026063237, 
-0.3305079318491, -0.00136645725563106, 0.00943141373069283, 
-0.304983229318835, 0.099090725323558, -0.0732908932916216, -0.0800336620639995, 
-332.938655232684, -34.7369639562104, -5.90088014670624, 14.3792209278217, 
37.4113994119425, 0.0883967215325639, -0.0198516122366531, -0.0740628466497124, 
-0.0561869391807157, 0.143650962410509, 0.0957585162115162, 0.202891328143994, 
0.496629964955771, -0.0583953227028631, 0.493560590913973, -0.222497273825623, 
-0.00898153041147046, 0.138662389187789, 0.0288922640220551, 
-0.00309501892698088, 0.235702240135178, -0.201494975093204, 
-0.420636300880987, -0.0995109703715286, 0.185968080392418, 0.0301001084210261, 
0.163299733683782, -389.326531523538, 2.55995654637561, 1.60857669938381, 
21.7804987828403, 8.05579811393236, -34.5170239860417, -0.0578253032540137, 
0.557172786255284, -0.480315175434823, 0.0674277738707535, -0.0625119357781974, 
0.299071762217417, -0.0854255250780941, 0.263733172647982, -0.0497214692957016, 
0.0121804343689953, 0.138149722443764, 0.102810740436161, -0.0380379887408969, 
-0.25435561547927, -0.162983394354392, -0.12068873845158, 0.144725208587729, 
-0.128381329479287, -0.195195863927646, -0.174485721527167, 0.0704767553155149, 
-225.166604983954, -15.0934134080444, -18.1722398077161, 26.0474835996643, 
21.444245818559, -4.96737177773483, 34.4812515591433, 0.173230496704217, 
-0.0411165518534028, 0.306555735774555, 0.271642875168472, -0.01182636727372, 
0.159690618635822, -0.226829488884876, -0.370384221308296, 0.136214932569592, 
-0.162966291710047, -0.123600629577749, 0.231022639007621, 0.112337370719363, 
-0.191118926478942, 0.34909786721891, -0.333184567305526, 0.288697783506797, 
-0.133731205571712, -0.0362658029937568, 0.0675891591273831), .Dim = c(27L, 
7L), .Dimnames = list(c("1", "2", "3", "4", "5", "6", "7", "8", 
"10", "11", "13", "14", "16", "17", "18", "19", "20", "21", "22", 
"23", "24", "25", "26", "27", "28", "29", "30"), c("x1", "x2", 
"x3", "x4", "x5", "x6", "x7")), assign = 1:7), qraux = c(1.19245008972988, 
1.00746733195002, 1.29503368652266, 1.1027371946009, 1.06098135991712, 
1.17398665310458, 1.28871241528499), pivot = 1:7, tol = 1e-07, 
    rank = 7L), .Names = c("qr", "qraux", "pivot", "tol", "rank"
), class = "qr"), df.residual = 20L, xlevels = structure(list(), .Names = character(0)), 
    call = quote(lm(formula = y ~ . + 0, data = structure(list(y = c(43, 
        63, 71, 61, 81, 43, 58, 71, 67, 64, 69, 68, 81, 74, 65, 
        65, 50, 50, 64, 53, 40, 63, 66, 78, 48, 85, 82), x1 = c(1, 
        1, 1, 1, 1, 1, 1, 1, 1, 1, 1, 1, 1, 1, 1, 1, 1, 1, 1, 
        1, 1, 1, 1, 1, 1, 1, 1), x2 = c(51, 64, 70, 63, 78, 55, 
        67, 75, 61, 53, 62, 83, 90, 85, 60, 70, 58, 40, 61, 66, 
        37, 54, 77, 75, 57, 85, 82), x3 = c(30, 51, 68, 45, 56, 
        49, 42, 50, 45, 53, 57, 83, 50, 64, 65, 46, 68, 33, 52, 
        52, 42, 42, 66, 58, 44, 71, 39), x4 = c(39, 54, 69, 47, 
        66, 44, 56, 55, 47, 58, 42, 45, 72, 69, 75, 57, 54, 34, 
        62, 50, 58, 48, 63, 74, 45, 71, 59), x5 = c(61, 63, 76, 
        54, 71, 54, 66, 70, 62, 58, 55, 59, 60, 79, 55, 75, 64, 
        43, 66, 63, 50, 66, 88, 80, 51, 77, 64), x6 = c(79, 67, 
        75, 64, 80, 78, 76, 92, 57, 83, 64, 64, 73, 84, 83, 78, 
        78, 78, 80, 63, 83, 74, 80, 79, 66, 68, 77), x7 = c(45, 
        47, 48, 35, 47, 34, 35, 41, 41, 34, 25, 35, 36, 63, 60, 
        46, 52, 33, 41, 37, 49, 33, 72, 49, 38, 55, 39)), .Names = c("y", 
        "x1", "x2", "x3", "x4", "x5", "x6", "x7"),