
expected <- structure(list(coefficients = structure(c(21.9777973872875, 0.0679119737832918, 
0.21428722093172, 0.372660481329796, 0.536275112971475, -0.158313054898358, 
-0.381587833432295), .Names = c("x1", "x2", "x3", "x4", "x5", 
"x6", "x7")), residuals = structure(c(-4.65185968133998, 1.73714293564994, 
-4.29921385678763, 11.9620945167286, -9.67024541726755, 0.797238128770263, 
-8.23489433630798, 8.85060517964846, -2.61495395203517, 11.0435819911983, 
5.43921932664477, -0.400428424054039, -1.09684836677996, 5.47376945967037, 
3.17594356927037, 1.91204638169444, -2.85642230478954, 1.83279447524362, 
-4.4030926454558, -10.9845168118796, -15.1477869276807, -2.56636137730452, 
-6.03829621947794, -1.61163650877559, -4.0964086772424, 9.09098237029824, 
17.357547172361), .Names = c("1", "2", "3", "5", "7", "8", "9", 
"10", "11", "12", "13", "14", "15", "16", "17", "18", "19", "21", 
"22", "23", "24", "25", "26", "27", "28", "29", "30")), effects = structure(c(-343.523410167827, 
7.69756760936068, -31.0080397298287, -24.1049905019161, -13.3098230743628, 
-8.09718645630393, -15.5175004621187, 10.8390314316269, -3.80823779485245, 
14.4770672891279, 9.09960514086162, 6.40938514090686, -1.5079204611378, 
-0.229661416056777, 2.45121971422414, -5.42678172585876, -0.326112758092395, 
1.67451511138332, -4.60969786492118, -8.10242502152984, -22.1909734901717, 
0.733726326215981, -3.82080499299631, -2.06339229625951, -3.72870006750996, 
8.73636513826495, 16.1939976223051), .Names = c("x1", "x2", "x3", 
"x4", "x5", "x6", "x7", "", "", "", "", "", "", "", "", "", "", 
"", "", "", "", "", "", "", "", "", "")), rank = 7L, fitted.values = structure(c(47.65185968134, 
61.2628570643501, 75.2992138567876, 69.0379054832714, 67.6702454172676, 
70.2027618712297, 80.234894336308, 58.1493948203515, 66.6149539520352, 
55.9564180088017, 63.5607806733552, 68.400428424054, 78.09684836678, 
75.5262305403296, 70.8240564307296, 63.0879536183056, 67.8564223047895, 
48.1672055247564, 68.4030926454558, 63.9845168118796, 55.1477869276807, 
65.5663613773045, 72.0382962194779, 79.6116365087756, 52.0964086772424, 
75.9090176297018, 64.642452827639), .Names = c("1", "2", "3", 
"5", "7", "8", "9", "10", "11", "12", "13", "14", "15", "16", 
"17", "18", "19", "21", "22", "23", "24", "25", "26", "27", "28", 
"29", "30")), assign = 1:7, qr = structure(list(qr = structure(c(-5.19615242270663, 
0.192450089729875, 0.192450089729875, 0.192450089729875, 0.192450089729875, 
0.192450089729875, 0.192450089729875, 0.192450089729875, 0.192450089729875, 
0.192450089729875, 0.192450089729875, 0.192450089729875, 0.192450089729875, 
0.192450089729875, 0.192450089729875, 0.192450089729875, 0.192450089729875, 
0.192450089729875, 0.192450089729875, 0.192450089729875, 0.192450089729875, 
0.192450089729875, 0.192450089729875, 0.192450089729875, 0.192450089729875, 
0.192450089729875, 0.192450089729875, -362.768419140815, 64.638023438794, 
0.0839110555186203, 0.254089526560761, 0.00655720504492005, -0.225504346376181, 
-0.0398551052393001, 0.1148525957081, 0.0993818256133604, -0.117208955713, 
0.192206446181801, -0.271916656660401, -0.117208955713, -0.349270507134101, 
0.223147986371281, -0.163621265997221, -0.225504346376181, -0.349270507134101, 
-0.117208955713, -0.14815049590248, 0.254089526560761, -0.271916656660401, 
-0.0398551052393001, -0.271916656660401, 0.0839110555186203, 
0.207677216276541, -0.14815049590248, -275.588528493181, -3.21505522228096, 
-63.4557041004246, 0.0881748504132189, -0.11578309080253, 0.0259157333405523, 
0.36011297180279, -0.0757984433006469, 0.0513155284285886, -0.0286537665751779, 
0.108100975672492, 0.549088869654679, 0.0816594054120377, 0.0342499347198934, 
0.216330597314872, 0.258134001194915, -0.0371203649378566, -0.233653482963344, 
0.0501413562728333, 0.0522249066176685, -0.132451493561212, -0.0970311376990126, 
0.265558824385176, 0.155113255414623, -0.0894739175254138, 0.327685544474505, 
-0.15264241278716, -297.527838722387, -1.80549616920464, -30.8709200949521, 
-52.639449667139, 0.109467475421011, 0.00128266100009172, 0.000754098800045475, 
-0.0909759664736543, 0.0332145579409793, -0.268793444784771, 
-0.311081865178471, -0.538044781503329, 0.28420744727968, 0.3217146915034, 
0.1285659908439, 0.224117055518955, 0.0815086123733083, -0.220692913078032, 
0.115351672921264, -0.113244154746694, 0.152501141834475, -0.0481790640903979, 
-0.0118870878051451, 0.276820539646811, -0.119042294895788, 0.0923399916993165, 
0.194983084953765, -340.05930855269, -2.70394681766957, -23.8885099252802, 
-24.1557738581534, -41.5835667197683, 0.113713595277645, -0.0845633766583492, 
0.0342976343793738, -0.216617109619148, 0.0388586962244729, -0.128768493587673, 
-0.180576961567054, 0.127834133497801, -0.314964269379222, 0.122671118647692, 
-0.529171739813185, 0.228840138841844, -0.23473459671691, -0.0665171727696834, 
-0.00721349774625626, -0.360819358558629, 0.127575495468647, 
0.393473138160486, 0.111229101805834, -0.204412859534305, 0.0229261449710409, 
-0.0272447354780748, -391.058582331106, -6.9263210705636, -6.56319619986453, 
1.1575380596341, -19.0540830816712, 40.2211106362318, -0.0469516059605859, 
-0.063444514100133, 0.240422934308703, 0.080699493468251, 0.362743638087659, 
0.0933634198563046, 0.0876038743461696, 0.531185125819182, 0.0804899686522192, 
-0.101849258788528, -0.13531390694409, 0.198602848473514, -0.0517065319481554, 
-0.0501683810173558, 0.415802018397463, 0.0632770721086992, 0.215687606726835, 
0.0722253804620787, -0.202394948176592, 0.20916103540995, -0.0461582790268421, 
-224.589254714764, -13.1639063761688, -15.3722207588101, -22.6659372529143, 
-15.6553701184796, 4.53279535806824, 40.6656059302057, 0.0460188956086986, 
0.246370533320919, -0.112654135726035, 0.368764266963691, 0.0279084488672426, 
0.0662069528230715, 0.118659588625651, -0.252551496737361, -0.345804718510808, 
-0.0697693927632172, -0.104218551196867, 0.0837707656555501, 
0.0781000368504938, -0.117644447037718, 0.119469152627074, -0.583028148232985, 
-0.041292881944801, 0.0660463515350362, -0.0655762176872508, 
0.0913428122852187), .Dim = c(27L, 7L), .Dimnames = list(c("1", 
"2", "3", "5", "7", "8", "9", "10", "11", "12", "13", "14", "15", 
"16", "17", "18", "19", "21", "22", "23", "24", "25", "26", "27", 
"28", "29", "30"), c("x1", "x2", "x3", "x4", "x5", "x6", "x7"
)), assign = 1:7), qraux = c(1.19245008972988, 1.14579413589758, 
1.28874267214504, 1.15666769845325, 1.04299129368791, 1.32257109830901, 
1.41268385103285), pivot = 1:7, tol = 1e-07, rank = 7L), .Names = c("qr", 
"qraux", "pivot", "tol", "rank"), class = "qr"), df.residual = 20L, 
    xlevels = structure(list(), .Names = character(0)), call = quote(lm(formula = y ~ 
        . + 0, data = structure(list(y = c(43, 63, 71, 81, 58, 
        71, 72, 67, 64, 67, 69, 68, 77, 81, 74, 65, 65, 50, 64, 
        53, 40, 63, 66, 78, 48, 85, 82), x1 = c(1, 1, 1, 1, 1, 
        1, 1, 1, 1, 1, 1, 1, 1, 1, 1, 1, 1, 1, 1, 1, 1, 1, 1, 
        1, 1, 1, 1), x2 = c(55, 58, 62, 51, 67, 82, 70, 60, 61, 
        75, 55, 85, 75, 90, 53, 78, 82, 90, 75, 77, 51, 85, 70, 
        85, 62, 54, 77), x3 = c(30, 51, 68, 56, 42, 50, 72, 45, 
        53, 47, 57, 83, 54, 50, 64, 65, 46, 33, 52, 52, 42, 42, 
        66, 58, 44, 71, 39), x4 = c(39, 54, 69, 66, 56, 55, 67, 
        47, 58, 39, 42, 45, 72, 72, 69, 75, 57, 34, 62, 50, 58, 
        48, 63, 74, 45, 71, 59), x5 = c(61, 63, 76, 71, 66, 70, 
        71, 62, 58, 59, 55, 59, 79, 60, 79, 55, 75, 43, 66, 63, 
        50, 66, 88, 80, 51, 77, 64), x6 = c(92, 73, 86, 83, 68, 
        66, 83, 80, 67, 74, 63, 77, 77, 54, 79, 80, 85, 64, 80, 
        80, 57, 75, 76, 78, 83, 74, 78), x7 = c(45, 47, 48, 47, 
        35, 41, 31, 41, 34, 41, 25, 35, 46, 36, 63, 60, 46, 33, 
        41, 37, 49, 33, 72, 49, 38, 55, 39)), .Names = c("y", 
        "x1", "x2", "x3", "x4", "x5", "x6", "x7"),