
expected <- structure(list(coefficients = structure(c(26.8718350092493, -0.209158530257229, 
0.0972607790826597, 0.551260919923125, 0.470071920710492, 0.117902198927291, 
-0.551776494474462), .Names = c("x1", "x2", "x3", "x4", "x5", 
"x6", "x7")), residuals = structure(c(-9.59413553556828, -0.221035661348496, 
-2.75135532744317, -0.002129671089383, 9.71194412409121, -10.6526871965832, 
-8.91622111575203, 2.17659276925355, -14.1979252476332, 4.55545301398202, 
-3.64433722768583, 12.9802330734692, 7.95758166386738, 6.85345042744174, 
0.0397541474092817, 10.5541493878223, 7.2836421850778, 2.9232005893569, 
-1.97617572965893, -9.82863286461268, 4.59330787534437, -2.16318389253965, 
-6.29915041794238, -12.9399068251883, 1.07490022527977, -0.697436698035739, 
13.1801039286857), .Names = c("1", "2", "3", "4", "5", "6", "7", 
"8", "9", "10", "11", "12", "13", "14", "15", "16", "17", "18", 
"19", "20", "21", "22", "23", "24", "25", "26", "30")), effects = structure(c(-332.553755053224, 
0.0543683428025812, -20.2846822395338, 26.5921607827353, 12.5921570483807, 
2.18231650300636, -23.3711747277684, 7.55791757111314, -11.4693325273768, 
6.080071206627, -2.70031917449276, 15.2725843087285, 11.4575224341636, 
8.32703503076535, 4.62972254139538, 11.9689637318729, 10.0574055459415, 
-4.31834960306985, 2.12352195916009, -9.56934590759306, 3.70294415572628, 
-1.03852575605395, -4.22450008775184, -15.3159358302681, 5.75662561641539, 
5.69312338052811, 14.4124733405692), .Names = c("x1", "x2", "x3", 
"x4", "x5", "x6", "x7", "", "", "", "", "", "", "", "", "", "", 
"", "", "", "", "", "", "", "", "", "")), rank = 7L, fitted.values = structure(c(52.5941355355683, 
63.2210356613485, 73.7513553274432, 61.0021296710894, 71.2880558759088, 
53.6526871965832, 66.916221115752, 68.8234072307465, 86.1979252476332, 
62.444546986018, 67.6443372276858, 54.0197669265308, 61.0424183361326, 
61.1465495725583, 76.9602458525907, 70.4458506121777, 66.7163578149222, 
62.0767994106431, 66.9761757296589, 59.8286328646127, 45.4066921246556, 
66.1631838925396, 59.2991504179424, 52.9399068251883, 61.9250997747202, 
66.6974366980357, 68.8198960713142), .Names = c("1", "2", "3", 
"4", "5", "6", "7", "8", "9", "10", "11", "12", "13", "14", "15", 
"16", "17", "18", "19", "20", "21", "22", "23", "24", "25", "26", 
"30")), assign = 1:7, qr = structure(list(qr = structure(c(-5.19615242270663, 
0.192450089729875, 0.192450089729875, 0.192450089729875, 0.192450089729875, 
0.192450089729875, 0.192450089729875, 0.192450089729875, 0.192450089729875, 
0.192450089729875, 0.192450089729875, 0.192450089729875, 0.192450089729875, 
0.192450089729875, 0.192450089729875, 0.192450089729875, 0.192450089729875, 
0.192450089729875, 0.192450089729875, 0.192450089729875, 0.192450089729875, 
0.192450089729875, 0.192450089729875, 0.192450089729875, 0.192450089729875, 
0.192450089729875, 0.192450089729875, -350.836513577563, 55.1791694459126, 
-0.272735835233479, 0.162210907187592, -0.0552624640229439, -0.0552624640229439, 
-0.0552624640229439, 0.234702030924437, 0.289070373727071, 0.289070373727071, 
0.107842564384958, 0.107842564384958, -0.000894121220310012, 
-0.182121930562423, -0.145876368694, -0.145876368694, -0.182121930562423, 
-0.0552624640229439, -0.145876368694, -0.000894121220310012, 
0.0897197834507465, -0.327104178036113, -0.41771808270717, 0.0715970025165352, 
-0.272735835233479, 0.180333688121803, 0.162210907187592, -273.471577506153, 
10.4058323267806, -61.6442612891356, -0.047409298429226, 0.108090951321206, 
-0.00546382009810353, -0.119018591517413, 0.0413489067445372, 
0.403971071825203, -0.0340259036492775, 0.0766318425728643, -0.0207008186436868, 
0.130048802143943, 0.532704532015738, 0.0660871632157259, 0.0011987224046918, 
0.224484438163326, 0.254089943146033, -0.0636897184063423, 0.308492014374286, 
-0.249722275022299, 0.0145238074102825, 0.00496423971031928, 
-0.105635196737465, -0.141961553997325, 0.295166929368696, -0.144741959645777, 
-288.867584684543, 11.3394911519468, -23.9264621147743, 51.219711729018, 
-0.184491551306106, 0.179476732634012, -0.120361921268077, -0.0532930837576879, 
-0.0866840394307516, 0.0509400566896957, -0.0717938328864456, 
0.242968086700219, 0.288310340862767, 0.490333367813202, -0.311809379093483, 
-0.349268723271038, -0.15616812021292, -0.275921628100132, -0.0938720654593847, 
0.157038735759676, 0.211189898427929, -0.11819322632862, 0.124645820359831, 
-0.171385331335889, 0.056358134692503, -0.0545130277167946, -0.227557818032087, 
-333.131105322414, 7.45651753326493, -18.4691943111809, 21.9010726883304, 
40.9426292455564, 0.118787337118027, -0.0348176517991637, -0.132935761777457, 
0.0586567072605814, -0.0582395339830361, 0.21167974964446, -0.0796532762439151, 
0.0878877952805021, 0.105363097848895, -0.106094703812625, 0.347186261792377, 
-0.117627981197593, 0.546587446005477, -0.227911021057224, 0.0560796903724377, 
0.207963582996601, 0.079559674081416, -0.00277856052905105, 0.378520534418733, 
-0.133797425647256, -0.422222871708385, 0.0389410444876358, -386.439780177589, 
4.70856697235161, -8.69030034729948, 3.29469207909402, 22.5466526519296, 
46.2536250637081, 0.17652030957971, 0.262447105537399, -0.0930965337918411, 
-0.0852136727906779, 0.137965960170354, 0.103438654405142, 0.3392064500712, 
0.184449303726124, 0.0507516921527616, 0.357048956395116, 0.0753974703676878, 
-0.219050891647199, -0.0877063295116167, 0.0599583068179015, 
0.15087469368861, -0.0497165759204392, 0.0178307092501658, 0.238541571367093, 
0.107450219560894, 0.22953275944953, -0.11796834331258, -220.547802830437, 
-0.493342369875744, -15.5988256216567, 22.3401966045656, 16.8766218557337, 
5.92828370385518, 42.3562347468756, 0.148688342398509, 0.507173429058025, 
0.0564298805282032, 0.185582476190496, -0.091679719484996, 0.205648909642895, 
-0.0105736743121844, 0.190530706295823, 0.186314054145767, -0.25140587428466, 
-0.350088780766486, 0.0636594484924921, -0.228810366910114, -0.111214200590115, 
0.0695422495284253, 0.0211835458020198, -0.265137762959592, 0.164811378179261, 
-0.349814237105873, 0.193065158965849), .Dim = c(27L, 7L), .Dimnames = list(
    c("1", "2", "3", "4", "5", "6", "7", "8", "9", "10", "11", 
    "12", "13", "14", "15", "16", "17", "18", "19", "20", "21", 
    "22", "23", "24", "25", "26", "30"), c("x1", "x2", "x3", 
    "x4", "x5", "x6", "x7")), assign = 1:7), qraux = c(1.19245008972988, 
1.28907037372707, 1.2798133112744, 1.06291599982561, 1.01276613687693, 
1.59126946795142, 1.2104427610135), pivot = 1:7, tol = 1e-07, 
    rank = 7L), .Names = c("qr", "qraux", "pivot", "tol", "rank"
), class = "qr"), df.residual = 20L, xlevels = structure(list(), .Names = character(0)), 
    call = quote(lm(formula = y ~ . + 0, data = structure(list(y = c(43, 
        63, 71, 61, 81, 43, 58, 71, 72, 67, 64, 67, 69, 68, 77, 
        81, 74, 65, 65, 50, 50, 64, 53, 40, 63, 66, 82), x1 = c(1, 
        1, 1, 1, 1, 1, 1, 1, 1, 1, 1, 1, 1, 1, 1, 1, 1, 1, 1, 
        1, 1, 1, 1, 1, 1, 1, 1), x2 = c(64, 51, 82, 58, 70, 70, 
        70, 54, 51, 51, 61, 61, 67, 77, 75, 75, 77, 70, 75, 67, 
        62, 85, 90, 63, 82, 57, 58), x3 = c(30, 51, 68, 45, 56, 
        49, 42, 50, 72, 45, 53, 47, 57, 83, 54, 50, 64, 65, 46, 
        68, 33, 52, 52, 42, 42, 66, 39), x4 = c(39, 54, 69, 47, 
        66, 44, 56, 55, 67, 47, 58, 39, 42, 45, 72, 72, 69, 75, 
        57, 54, 34, 62, 50, 58, 48, 63, 59), x5 = c(61, 63, 76, 
        54, 71, 54, 66, 70, 71, 62, 58, 59, 55, 59, 79, 60, 79, 
        55, 75, 64, 43, 66, 63, 50, 66, 88, 64), x6 = c(92, 73, 
        86, 84, 83, 49, 68, 66, 83, 80, 67, 74, 63, 77, 77, 54, 
        79, 80, 85, 78, 64, 80, 80, 57, 75, 76, 78), x7 = c(45, 
        47, 48, 35, 47, 34, 35, 41, 31, 41, 34, 41, 25, 35, 46, 
        36, 63, 60, 46, 52, 33, 41, 37, 49, 33, 72, 39)), .Names = c("y", 
        "x1", "x2", "x3", "x4", "x5", "x6", "x7"),