
expected <- structure(list(coefficients = structure(c(12.9898992988143, 0.62931346972251, 
-0.0818430997447264, 0.29496431332924, 0.145896158990559, -0.0634507249857033, 
-0.167628784905227), .Names = c("x1", "x2", "x3", "x4", "x5", 
"x6", "x7")), residuals = structure(c(-7.54041531096492, -0.223855795412965, 
0.82437822464428, -0.402077093873296, 6.50830111990558, -10.4828617574464, 
-8.53986980030487, -7.37444600972444, 8.59867503264971, 7.45350328339162, 
10.9200631857532, 9.68685055620345, -1.11433911674711, 0.757654603133346, 
-3.03575808038406, -3.29489639869423, 5.31967555006687, -7.36439451588197, 
6.87689814024502, -0.739994354609134, -10.7549571811059, -4.96516875245141, 
4.82559121832583, 2.03205318586696, -7.98718374198001, 5.62362711182843, 
4.39294669756642), .Names = c("1", "2", "3", "4", "5", "6", "7", 
"9", "10", "11", "12", "13", "14", "15", "16", "17", "18", "20", 
"21", "22", "23", "24", "25", "27", "28", "29", "30")), effects = structure(c(-334.285805860793, 
-54.1626149974308, 2.33757936933778, 11.6749073260769, 3.28831564061342, 
3.95214577846787, -5.96743855669323, -6.40146433919898, 12.3071363629775, 
9.5879017615411, 12.2629135641646, 11.2836366119534, 0.396624504503511, 
5.63895728855437, -4.0519641588254, -1.82363959071328, 1.66659203849357, 
-10.0434452794319, 4.60993933156625, -1.69035004387656, -9.258861623366, 
-8.26318815892115, 7.62526733437918, 4.49258330998697, -10.0888732818354, 
4.9758002196485, 3.76746025236869), .Names = c("x1", "x2", "x3", 
"x4", "x5", "x6", "x7", "", "", "", "", "", "", "", "", "", "", 
"", "", "", "", "", "", "", "", "", "")), rank = 7L, fitted.values = structure(c(50.5404153109649, 
63.223855795413, 70.1756217753557, 61.4020770938733, 74.4916988800944, 
53.4828617574464, 66.5398698003049, 79.3744460097244, 58.4013249673503, 
56.5464967166084, 56.0799368142468, 59.3131494437965, 69.1143391167471, 
76.2423453968667, 84.0357580803841, 77.2948963986942, 59.6803244499331, 
57.364394515882, 43.123101859755, 64.7399943546091, 63.7549571811059, 
44.9651687524514, 58.1744087816742, 75.967946814133, 55.98718374198, 
79.3763728881716, 77.6070533024336), .Names = c("1", "2", "3", 
"4", "5", "6", "7", "9", "10", "11", "12", "13", "14", "15", 
"16", "17", "18", "20", "21", "22", "23", "24", "25", "27", "28", 
"29", "30")), assign = 1:7, qr = structure(list(qr = structure(c(-5.19615242270663, 
0.192450089729875, 0.192450089729875, 0.192450089729875, 0.192450089729875, 
0.192450089729875, 0.192450089729875, 0.192450089729875, 0.192450089729875, 
0.192450089729875, 0.192450089729875, 0.192450089729875, 0.192450089729875, 
0.192450089729875, 0.192450089729875, 0.192450089729875, 0.192450089729875, 
0.192450089729875, 0.192450089729875, 0.192450089729875, 0.192450089729875, 
0.192450089729875, 0.192450089729875, 0.192450089729875, 0.192450089729875, 
0.192450089729875, 0.192450089729875, -341.791359360259, -70.2329457353646, 
0.0940757185871527, -0.00559260554061164, 0.207982374733169, 
-0.119499261686628, 0.0513607225323965, 0.264935702806177, -0.0340692695771157, 
-0.147975925723132, -0.0483076015953678, -0.0198309375588637, 
0.279174034824429, 0.193744042714917, 0.378842358952194, 0.307650698860933, 
-0.0483076015953678, -0.0767842656318719, -0.333074241960409, 
-0.0340692695771157, 0.0371223905141445, -0.375789238015165, 
-0.13373759370488, 0.165267378678413, -0.0910225976501239, 0.307650698860933, 
0.264935702806177, -275.588528493181, -36.3393873843611, -52.8621971496863, 
-0.0777165698770799, -0.0219221343711548, 0.0791752168329003, 
-0.175079573263807, 0.240139952845125, -0.057410733231322, 0.175149493605607, 
-0.00942359484496873, 0.159441668826645, 0.438075244871355, -0.0496034361117502, 
-0.257259814436125, 0.0583443176225902, 0.331084385726301, 0.40814155246727, 
-0.0712047688317108, 0.0750090369908383, 0.0242444453764436, 
0.129507976422561, -0.0430916350663811, 0.0463708406609564, -0.0357161699715435, 
0.190764087844751, -0.384124678202203, -291.754336030491, -37.5876144912945, 
-11.4059006342731, 49.0355388976436, -0.104841902340487, 0.128440571929882, 
-0.0788666194452232, 0.0162392709473075, 0.0824488170952767, 
-0.143365288721313, 0.252446471064487, 0.276076731016642, 0.549517961724093, 
-0.248497668427881, -0.18275230798564, -0.0591726046853306, -0.355056995026528, 
0.0798686223314672, 0.111453037419439, -0.174195903115328, 0.10663670604758, 
-0.336326214380228, -0.00961120964501627, -0.27558306164323, 
0.0873092962742401, -0.0507034851737676, -0.0528199671590905, 
-328.319853079167, -33.1911339714365, -4.23117750984152, 16.4660843730949, 
31.7078523722841, 0.0920963072891978, -0.0526649888326148, 0.0915521565704131, 
-0.0868781912010935, 0.159378311641052, -0.108836439303373, 0.0896949376999101, 
0.182367089603522, -0.151916698189229, 0.521786779560287, -0.127299736131187, 
0.560176297707196, -0.0296258597273708, 0.175411962343915, 0.0123019712487866, 
-0.0324213082725737, 0.292616097387037, -0.24778359605908, -0.160652023158982, 
0.204844843458486, -0.0237423754240145, 0.141789519461196, -367.002321114872, 
-25.6685485551266, -1.58130091707391, 15.8991994425648, -4.62360883780236, 
-62.9186704975527, 0.198148832240633, -0.101028783577326, 0.247150743786492, 
0.105613324018234, 0.0127514260155915, 0.0415396315010473, 0.408792133278396, 
0.210270094588438, 0.073545097243807, 0.146623869771032, 0.0748398586359652, 
-0.334852223775074, -0.309809294976679, -0.370802719425099, -0.0240014122188236, 
-0.308316878661332, -0.205135763271883, -0.0749729110389791, 
-0.210008226081152, -0.120647366209593, -0.176659346144029, -217.276151305029, 
-8.12850554553101, -11.28973643718, 24.9500673066765, 9.73048610996956, 
0.239156298610069, 35.5991279186751, 0.464112571677937, -0.0550777288412511, 
0.302513131338401, -0.155117772270833, 0.284771664737145, -0.0676322400229221, 
0.174716724703079, 0.215780645739671, -0.378647768107488, -0.281223941630876, 
-0.187814626289289, 0.00371008702067903, 0.215898286920259, 0.0970504950554204, 
-0.0670268085803214, 0.294018101474838, 0.159798967599248, -0.0351161872320229, 
-0.123797703101714, 0.0712787947141629), .Dim = c(27L, 7L), .Dimnames = list(
    c("1", "2", "3", "4", "5", "6", "7", "9", "10", "11", "12", 
    "13", "14", "15", "16", "17", "18", "20", "21", "22", "23", 
    "24", "25", "27", "28", "29", "30"), c("x1", "x2", "x3", 
    "x4", "x5", "x6", "x7")), assign = 1:7), qraux = c(1.19245008972988, 
1.00864572647764, 1.28630653259272, 1.0968936737861, 1.02477083856026, 
1.23187116367307, 1.22658192357863), pivot = 1:7, tol = 1e-07, 
    rank = 7L), .Names = c("qr", "qraux", "pivot", "tol", "rank"
), class = "qr"), df.residual = 20L, xlevels = structure(list(), .Names = character(0)), 
    call = quote(lm(formula = y ~ . + 0, data = structure(list(y = c(43, 
        63, 71, 61, 81, 43, 58, 72, 67, 64, 67, 69, 68, 77, 81, 
        74, 65, 50, 50, 64, 53, 40, 63, 78, 48, 85, 82), x1 = c(1, 
        1, 1, 1, 1, 1, 1, 1, 1, 1, 1, 1, 1, 1, 1, 1, 1, 1, 1, 
        1, 1, 1, 1, 1, 1, 1, 1), x2 = c(51, 64, 70, 63, 78, 55, 
        67, 82, 61, 53, 60, 62, 83, 77, 90, 85, 60, 58, 40, 61, 
        66, 37, 54, 75, 57, 85, 82), x3 = c(30, 51, 68, 45, 56, 
        49, 42, 72, 45, 53, 47, 57, 83, 54, 50, 64, 65, 68, 33, 
        52, 52, 42, 42, 58, 44, 71, 39), x4 = c(39, 54, 69, 47, 
        66, 44, 56, 67, 47, 58, 39, 42, 45, 72, 72, 69, 75, 54, 
        34, 62, 50, 58, 48, 74, 45, 71, 59), x5 = c(61, 63, 76, 
        54, 71, 54, 66, 71, 62, 58, 59, 55, 59, 79, 60, 79, 55, 
        64, 43, 66, 63, 50, 66, 80, 51, 77, 64), x6 = c(78, 49, 
        74, 54, 78, 83, 86, 67, 84, 84, 64, 67, 84, 92, 86, 83, 
        92, 49, 49, 54, 67, 64, 57, 75, 57, 67, 63), x7 = c(45, 
        47, 48, 35, 47, 34, 35, 31, 41, 34, 41, 25, 35, 46, 36, 
        63, 60, 52, 33, 41, 37, 49, 33, 49, 38, 55, 39)), .Names = c("y", 
        "x1", "x2", "x3", "x4", "x5", "x6", "x7"),