
expected <- structure(list(coefficients = structure(c(5.05388993226653, 0.632281496237876, 
-0.113815863271651, 0.305821393411451, 0.109356278075373, 0.106243069346318, 
-0.204612341508119), .Names = c("x1", "x2", "x3", "x4", "x5", 
"x6", "x7")), residuals = structure(c(-10.2690572160398, 0.867088336394083, 
3.54088241300195, -1.79194722942173, 8.91391507713193, -11.2687041555646, 
-9.48051818187777, 2.75808250667583, -7.3263954610496, 6.35976814296039, 
5.80402892438058, 9.31950442643273, 9.15471868779709, -2.08529891183552, 
2.71356350209848, -1.23582338797027, -0.897992212511271, 2.04622098738806, 
-2.14297286208375, -4.49087503477174, 6.62283303342547, -1.52440449606355, 
-9.99114139238829, -3.45012536651061, 4.37664857961353, 0.492416404091145, 
2.98558488669721), .Names = c("1", "2", "3", "4", "5", "6", "7", 
"8", "9", "10", "11", "12", "13", "14", "15", "16", "17", "18", 
"19", "20", "21", "22", "23", "24", "25", "26", "30")), effects = structure(c(-332.553755053224, 
-47.3569455303206, 4.84740410534456, 8.393226700135, 6.48178068454363, 
2.6533111990539, -8.76081365037607, 4.1690370390296, -3.95532836980244, 
8.53294874161378, 10.7211535726115, 12.4201766677465, 13.5820859762949, 
-1.55216125859402, 3.83855747428397, 2.24049636102357, -1.61422003009018, 
4.36298749731611, -2.31885683617255, -5.22386205312535, 9.10765516344006, 
3.01011978208797, -9.6059626511862, -0.916755221273744, 9.00427823825926, 
-1.58366957129825, 6.99114407494586), .Names = c("x1", "x2", 
"x3", "x4", "x5", "x6", "x7", "", "", "", "", "", "", "", "", 
"", "", "", "", "", "", "", "", "", "", "", "")), rank = 7L, 
    fitted.values = structure(c(53.2690572160398, 62.1329116636059, 
    67.459117586998, 62.7919472294217, 72.0860849228681, 54.2687041555646, 
    67.4805181818778, 68.2419174933242, 79.3263954610496, 60.6402318570396, 
    58.1959710756194, 57.6804955735673, 59.8452813122029, 70.0852989118355, 
    74.2864364979015, 82.2358233879703, 74.8979922125113, 62.9537790126119, 
    67.1429728620838, 54.4908750347717, 43.3771669665745, 65.5244044960635, 
    62.9911413923883, 43.4501253665106, 58.6233514203865, 65.5075835959089, 
    79.0144151133028), .Names = c("1", "2", "3", "4", "5", "6", 
    "7", "8", "9", "10", "11", "12", "13", "14", "15", "16", 
    "17", "18", "19", "20", "21", "22", "23", "24", "25", "26", 
    "30")), assign = 1:7, qr = structure(list(qr = structure(c(-5.19615242270663, 
    0.192450089729875, 0.192450089729875, 0.192450089729875, 
    0.192450089729875, 0.192450089729875, 0.192450089729875, 
    0.192450089729875, 0.192450089729875, 0.192450089729875, 
    0.192450089729875, 0.192450089729875, 0.192450089729875, 
    0.192450089729875, 0.192450089729875, 0.192450089729875, 
    0.192450089729875, 0.192450089729875, 0.192450089729875, 
    0.192450089729875, 0.192450089729875, 0.192450089729875, 
    0.192450089729875, 0.192450089729875, 0.192450089729875, 
    0.192450089729875, 0.192450089729875, -342.753609808908, 
    -68.0364825881156, 0.0948302518508885, -0.00805572540306698, 
    0.212414225855409, -0.125639699407587, 0.0507362615991933, 
    0.168320235603714, 0.271206212857669, -0.0374517189041971, 
    -0.155035692908718, -0.0521497156547622, -0.022753722153632, 
    0.285904209608234, 0.197716229104844, 0.38879018686219, 0.315300203109364, 
    -0.0521497156547622, 0.0948302518508885, -0.0815457091558923, 
    -0.346109650666063, -0.0374517189041971, 0.0360382648486282, 
    -0.390203640917759, -0.140337696158153, 0.197716229104844, 
    0.271206212857669, -273.471577506153, -31.9186052397271, 
    -53.7540597150277, -0.068940024584522, -0.00259405148006831, 
    0.0792274842913807, -0.161627025089866, -0.0865555811570526, 
    0.258180623295055, -0.0505013934329394, 0.172079099712536, 
    -0.00407558572236198, 0.163518243799986, 0.453597014460587, 
    -0.0305812280390631, -0.224845314793922, 0.0816967080285368, 
    0.330782843490713, -0.114871987547668, 0.405031212844475, 
    -0.0801347191500383, 0.0797213290388119, 0.0336247511598553, 
    0.114952442183873, -0.0417759226045793, 0.192657724769653, 
    -0.355726496928915, -288.867584684543, -31.8151748922231, 
    -10.7420708495204, 46.8713246981527, -0.13207290309552, 0.133572442022195, 
    -0.0936583501173797, 0.0390282479705255, -0.0104238354988438, 
    0.0803242194515253, -0.149301402981008, 0.258912388977911, 
    0.280950787064172, 0.545622146599228, -0.281277578713764, 
    -0.22401796861094, -0.0913695887295397, -0.378185415255976, 
    -0.0659608194573539, 0.0783902646598316, 0.130862578649903, 
    -0.188771043885741, 0.100465325642289, -0.335626137821619, 
    -0.00934067039045085, -0.00195424574144852, -0.0798415502449372, 
    -333.131105322414, 11.6685763091986, -1.68463168203715, -10.4890659226565, 
    48.4112849008278, -0.229929142117884, -0.115394415994551, 
    0.191481169789034, -0.201373472679024, -0.0988010918740568, 
    -0.188883320172081, -0.262081124970546, -0.106843899087707, 
    -0.0635946052964569, 0.145017728666978, 0.235189668175345, 
    -0.0206072062923923, -0.349579811496475, 0.186125161646162, 
    0.0670323818376103, 0.192286299243482, -0.375106851020312, 
    0.212285359297003, 0.143296485269709, -0.229730033542169, 
    0.00524625537246141, -0.20057498980801, -386.439780177589, 
    -11.4110891809387, -4.10160002706479, 0.49003517891903, -1.70889123183295, 
    51.0499732957827, 0.134891925805846, 0.250633481512604, -0.0483588428160554, 
    -0.0685683035704665, 0.173256196439435, 0.0621380725083414, 
    0.330424329030208, 0.190359073972593, 0.0049623935805045, 
    0.462240990829835, 0.0108414762405524, -0.0818709861477886, 
    -0.15075664568325, 0.064341931082715, 0.230562509999396, 
    -0.104901381255213, -0.0102148085151669, 0.334320155085031, 
    -0.007289150066017, 0.0873508758330538, -0.0724646481436452, 
    -220.547802830437, -8.28150461356839, -12.875499479707, 23.6840296439762, 
    -6.69197464091971, 13.5397241120361, 42.8166433451838, -0.011148212848415, 
    0.437691961252863, -0.024704168196325, 0.251833768874813, 
    -0.17820294470678, 0.181845280879786, -0.00704322073937344, 
    0.167566174390092, 0.246416031473891, -0.299552368107351, 
    -0.0733941779276996, 0.0159372454581345, -0.176846245047851, 
    -0.0252095511843236, 0.178820181030262, 0.110804892665035, 
    -0.0790488957871646, 0.167479918693341, -0.586386461336239, 
    0.115905427156364), .Dim = c(27L, 7L), .Dimnames = list(c("1", 
    "2", "3", "4", "5", "6", "7", "8", "9", "10", "11", "12", 
    "13", "14", "15", "16", "17", "18", "19", "20", "21", "22", 
    "23", "24", "25", "26", "30"), c("x1", "x2", "x3", "x4", 
    "x5", "x6", "x7")), assign = 1:7), qraux = c(1.19245008972988, 
    1.0066422713475, 1.29439942593498, 1.09361073781378, 1.39063106269889, 
    1.54433432331217, 1.16577036685667), pivot = 1:7, tol = 1e-07, 
        rank = 7L), .Names = c("qr", "qraux", "pivot", "tol", 
    "rank"), class = "qr"), df.residual = 20L, xlevels = structure(list(), .Names = character(0)), 
    call = quote(lm(formula = y ~ . + 0, data = structure(list(y = c(43, 
        63, 71, 61, 81, 43, 58, 71, 72, 67, 64, 67, 69, 68, 77, 
        81, 74, 65, 65, 50, 50, 64, 53, 40, 63, 66, 82), x1 = c(1, 
        1, 1, 1, 1, 1, 1, 1, 1, 1, 1, 1, 1, 1, 1, 1, 1, 1, 1, 
        1, 1, 1, 1, 1, 1, 1, 1), x2 = c(51, 64, 70, 63, 78, 55, 
        67, 75, 82, 61, 53, 60, 62, 83, 77, 90, 85, 60, 70, 58, 
        40, 61, 66, 37, 54, 77, 82), x3 = c(30, 51, 68, 45, 56, 
        49, 42, 50, 72, 45, 53, 47, 57, 83, 54, 50, 64, 65, 46, 
        68, 33, 52, 52, 42, 42, 66, 39), x4 = c(39, 54, 69, 47, 
        66, 44, 56, 55, 67, 47, 58, 39, 42, 45, 72, 72, 69, 75, 
        57, 54, 34, 62, 50, 58, 48, 63, 59), x5 = c(63, 71, 50, 
        63, 43, 76, 70, 55, 70, 70, 71, 79, 70, 66, 54, 51, 62, 
        75, 55, 58, 58, 80, 54, 55, 76, 61, 75), x6 = c(92, 73, 
        86, 84, 83, 49, 68, 66, 83, 80, 67, 74, 63, 77, 77, 54, 
        79, 80, 85, 78, 64, 80, 80, 57, 75, 76, 78),