
expected <- structure(list(coefficients = structure(c(15.7480370735429, -0.0937379645652651, 
0.0751033912084935, 0.508788184057538, 0.526425318157478, 0.0880575047180866, 
-0.435037190088794), .Names = c("x1", "x2", "x3", "x4", "x5", 
"x6", "x7")), residuals = structure(c(-8.91878175614738, 4.48739617590057, 
-5.94292099867099, 4.67333098374606, 8.85220819829113, -11.6097157388722, 
-9.18218163915616, 2.1567051430061, -8.63135335739248, 7.45588434202078, 
-1.16147245067555, 13.9522938376714, 5.47780531404597, -2.73083661806879, 
9.90277445134217, 0.670465846482713, -3.59713805960832, -8.29967447225197, 
8.24552414317343, -4.12008006775688, -8.23811501929652, -12.9990135973053, 
-0.767124064616023, -1.70203205167017, -5.76135166051771, 12.3582147845401, 
15.429188331786), .Names = c("1", "2", "3", "4", "5", "6", "7", 
"8", "9", "10", "11", "12", "14", "15", "16", "17", "19", "20", 
"21", "22", "23", "24", "26", "27", "28", "29", "30")), effects = structure(c(-335.248056309443, 
16.2374953983188, -27.3827943743275, 33.9160326255363, 9.87035902334659, 
6.47282097785973, -14.8162392895222, 9.24861767048946, -6.09535585058917, 
9.25727378451777, -0.599814588886647, 16.8270167360394, 7.42487076798209, 
2.11531526458074, 10.5497780369155, 4.0030959587771, 0.573116646814843, 
-9.08394002359697, 6.5702414446502, -4.07548735166463, -6.94413119133952, 
-16.4524683206478, 6.18088766375733, 2.40765292969301, -9.22591776889069, 
14.7961747960792, 16.2398467034708), .Names = c("x1", "x2", "x3", 
"x4", "x5", "x6", "x7", "", "", "", "", "", "", "", "", "", "", 
"", "", "", "", "", "", "", "", "", "")), rank = 7L, fitted.values = structure(c(51.9187817561474, 
58.5126038240994, 76.942920998671, 56.3266690162539, 72.1477918017089, 
54.6097157388722, 67.1821816391562, 68.8432948569939, 80.6313533573925, 
59.5441156579792, 65.1614724506755, 53.0477061623286, 62.522194685954, 
79.7308366180688, 71.0972255486578, 73.3295341535173, 68.5971380596083, 
58.299674472252, 41.7544758568266, 68.1200800677569, 61.2381150192965, 
52.9990135973053, 66.767124064616, 79.7020320516702, 53.7613516605177, 
72.6417852154599, 66.570811668214), .Names = c("1", "2", "3", 
"4", "5", "6", "7", "8", "9", "10", "11", "12", "14", "15", "16", 
"17", "19", "20", "21", "22", "23", "24", "26", "27", "28", "29", 
"30")), assign = 1:7, qr = structure(list(qr = structure(c(-5.19615242270663, 
0.192450089729875, 0.192450089729875, 0.192450089729875, 0.192450089729875, 
0.192450089729875, 0.192450089729875, 0.192450089729875, 0.192450089729875, 
0.192450089729875, 0.192450089729875, 0.192450089729875, 0.192450089729875, 
0.192450089729875, 0.192450089729875, 0.192450089729875, 0.192450089729875, 
0.192450089729875, 0.192450089729875, 0.192450089729875, 0.192450089729875, 
0.192450089729875, 0.192450089729875, 0.192450089729875, 0.192450089729875, 
0.192450089729875, 0.192450089729875, -337.557457386201, -66.8503026392773, 
-0.0714416029321392, 0.182857918967285, -0.0864003983379876, 
-0.16119437536723, -0.0714416029321392, -0.430452692672502, -0.0564828075262907, 
-0.131276784555533, -0.0714416029321392, -0.0564828075262907, 
-0.191111966178927, -0.176153170773078, -0.0714416029321392, 
-0.430452692672502, 0.0631875557204969, 0.287569486808224, 0.242693100590678, 
0.137981532749739, 0.287569486808224, -0.116317989149685, 0.242693100590678, 
-0.0714416029321392, -0.0564828075262907, 0.242693100590678, 
-0.0714416029321392, -275.203628313722, 3.59066492686311, -63.6244456820329, 
-0.0626345414086934, 0.103962890943359, -0.007805516624429, -0.115728758310481, 
0.00161962302152133, 0.35613768034253, -0.0699753126374633, 0.057160763666232, 
-0.0367930514227262, 0.525881157506913, 0.0704310691939189, 0.0100090758544012, 
0.221660832810065, -0.0497137964157098, 0.301308655558266, -0.249843050517203, 
0.0463373818814683, 0.0498329872285016, -0.116777439914591, 0.268825515412935, 
0.135746910019283, -0.0839447392345569, 0.347411661765986, -0.162880446122312, 
-293.67883692779, 11.0617521878952, -27.612020098179, 49.8593494278866, 
-0.163653455125579, 0.217223357183872, -0.10985139174223, 0.0495166843194949, 
-0.0234198207781299, 0.11106492400674, -0.0365106533051795, 0.280310872362856, 
0.55257495909617, -0.290419900390417, -0.348242402856488, -0.0868777200270482, 
-0.109951951721917, 0.14162447941345, 0.188864201898529, -0.160183603602719, 
0.0568267714351486, -0.142864233956058, -0.0524112183173491, 
-0.305843548867338, 0.12903047429921, -0.161292762391845, -0.200962532998003, 
-339.28950819377, 5.90429194963434, -28.1667831140077, 29.5390588307845, 
35.1403656583567, 0.106399193381923, -0.0177590768612629, -0.127501827986992, 
0.157732282798594, -0.0742329049437519, 0.285774538562106, -0.141680756628934, 
0.0949671269514739, -0.0295448930876091, 0.498682686057653, -0.0582677711802003, 
-0.240060039369398, 0.0862041951324253, 0.169768845728465, 0.135949767350428, 
-0.0174911276341445, 0.47724483778346, -0.423805744528694, -0.00438704270758202, 
0.196016618225432, 0.0653398489151013, 0.0892755631783992, -389.711431702997, 
-10.0523105127302, -8.48878875096461, 0.0361729991959718, 24.9337584177013, 
43.3266419374845, 0.175098065916672, 0.289297886450081, -0.0878051736087836, 
-0.040068651355359, 0.133545482977894, 0.167222200304562, 0.193854823953565, 
-0.00594824524978606, 0.287514130970063, 0.0086194956319739, 
-0.0907231428781422, 0.0973032547550172, 0.219653228342888, -0.103185865711477, 
0.00651832820630896, 0.212225364464756, 0.316524533328349, -0.0114720367423237, 
-0.217034427989519, 0.166710500149578, -0.12734273640101, -225.166604983954, 
-4.25328416039625, -16.1353932531306, 16.1023221344688, 24.8806859381862, 
-6.1088685325694, 34.0574084861528, 0.0842674705257885, 0.424217516947242, 
-0.00757234547462949, 0.129466649539006, -0.0263585679647779, 
0.0396873890569646, 0.151252758436621, 0.124546435402827, -0.43961913896794, 
0.156033646984801, -0.2007300152333, 0.00594845613789904, 0.12620655212652, 
0.243713631311621, -0.458487585679504, -0.292296439592633, 0.105254426380141, 
-0.135323765013319, -0.0454620390082696, 0.10652731027087), .Dim = c(27L, 
7L), .Dimnames = list(c("1", "2", "3", "4", "5", "6", "7", "8", 
"9", "10", "11", "12", "14", "15", "16", "17", "19", "20", "21", 
"22", "23", "24", "26", "27", "28", "29", "30"), c("x1", "x2", 
"x3", "x4", "x5", "x6", "x7")), assign = 1:7), qraux = c(1.19245008972988, 
1.24269310059068, 1.29291920272539, 1.06136495440013, 1.08532600269764, 
1.63013751298436, 1.28938325943253), pivot = 1:7, tol = 1e-07, 
    rank = 7L), .Names = c("qr", "qraux", "pivot", "tol", "rank"
), class = "qr"), df.residual = 20L, xlevels = structure(list(), .Names = character(0)), 
    call = quote(lm(formula = y ~ . + 0, data = structure(list(y = c(43, 
        63, 71, 61, 81, 43, 58, 71, 72, 67, 64, 67, 68, 77, 81, 
        74, 65, 50, 50, 64, 53, 40, 66, 78, 48, 85, 82), x1 = c(1, 
        1, 1, 1, 1, 1, 1, 1, 1, 1, 1, 1, 1, 1, 1, 1, 1, 1, 1, 
        1, 1, 1, 1, 1, 1, 1, 1), x2 = c(70, 82, 61, 78, 60, 55, 
        61, 37, 62, 57, 61, 62, 53, 54, 61, 37, 70, 85, 82, 75, 
        85, 58, 82, 61, 62, 82, 61), x3 = c(30, 51, 68, 45, 56, 
        49, 42, 50, 72, 45, 53, 47, 83, 54, 50, 64, 46, 68, 33, 
        52, 52, 42, 66, 58, 44, 71, 39), x4 = c(39, 54, 69, 47, 
        66, 44, 56, 55, 67, 47, 58, 39, 45, 72, 72, 69, 57, 54, 
        34, 62, 50, 58, 63, 74, 45, 71, 59), x5 = c(61, 63, 76, 
        54, 71, 54, 66, 70, 71, 62, 58, 59, 59, 79, 60, 79, 75, 
        64, 43, 66, 63, 50, 88, 80, 51, 77, 64), x6 = c(92, 73, 
        86, 84, 83, 49, 68, 66, 83, 80, 67, 74, 77, 77, 54, 79, 
        85, 78, 64, 80, 80, 57, 76, 78, 83, 74, 78), x7 = c(45, 
        47, 48, 35, 47, 34, 35, 41, 31, 41, 34, 41, 35, 46, 36, 
        63, 46, 52, 33, 41, 37, 49, 72, 49, 38, 55, 39)), .Names = c("y", 
        "x1", "x2", "x3", "x4", "x5", "x6", "x7"),