
expected <- structure(list(coefficients = structure(c(-3.58498176398465, 
0.348571769538037, 0.388392614567588, -0.148086578376008, -0.0662882204496487, 
0.442938119181606, 0.102123271095636), .Names = c("x1", "x2", 
"x3", "x4", "x5", "x6", "x7")), residuals = structure(c(-10.9340739280426, 
5.77666255534226, -3.4357822298676, -4.11932561965313, 22.8216914659739, 
-26.0387091783612, 2.78154160916647, 5.42268482161995, -3.83733386864152, 
-4.28018464221592, 9.4121226929356, 2.69986718627524, -2.58065282041698, 
1.95263490667992, 13.2377918834856, -2.81129852753563, 9.93145758185839, 
-8.92499772414453, -12.874305427507, -2.62403253504884, -22.7478924144729, 
-3.926748566318, 5.48782134667143, 3.953998195362, -10.5403494190588, 
21.9282489360397, 20.0473077993171), .Names = c("1", "2", "3", 
"4", "5", "6", "8", "9", "10", "12", "13", "14", "15", "16", 
"17", "18", "19", "20", "21", "22", "24", "25", "26", "27", "28", 
"29", "30")), effects = structure(c(265.202564194368, -204.777817694418, 
-47.5211732897921, -6.26134067061133, 14.0826674809749, 30.0410265619368, 
4.87569472340062, 5.71298870937722, 0.0192924697917225, -8.24843345995567, 
9.46666298790521, -6.476549448982, -13.729512032866, -11.5829225527619, 
18.2245216879134, 1.21573286066087, 11.3053527895238, -5.54063218455917, 
-17.9726264161014, -1.06067545536158, -32.151368050227, 7.62977265371214, 
4.89973360363088, -10.3012822627116, -9.8106455634739, 18.1551290326336, 
25.3880532482993), .Names = c("x1", "x2", "x3", "x4", "x5", "x6", 
"x7", "", "", "", "", "", "", "", "", "", "", "", "", "", "", 
"", "", "", "", "", "")), rank = 7L, fitted.values = structure(c(53.9340739280426, 
57.2233374446577, 74.4357822298676, 65.1193256196531, 58.1783085340261, 
69.0387091783612, 68.2184583908335, 66.57731517838, 70.8373338686415, 
71.2801846422159, 59.5878773070644, 65.3001328137248, 79.580652820417, 
79.0473650933201, 60.7622081165144, 67.8112985275356, 55.0685424181416, 
58.9249977241445, 62.874305427507, 66.6240325350488, 62.7478924144729, 
66.926748566318, 60.5121786533286, 74.046001804638, 58.5403494190588, 
63.0717510639603, 61.9526922006829), .Names = c("1", "2", "3", 
"4", "5", "6", "8", "9", "10", "12", "13", "14", "15", "16", 
"17", "18", "19", "20", "21", "22", "24", "25", "26", "27", "28", 
"29", "30")), assign = 1:7, qr = structure(list(qr = structure(c(7.58269718093326, 
-0.220486661602463, -0.106127023736001, -0.105953157406228, -0.105165687755785, 
-0.326426927951857, -0.267883842477474, -0.126024284507373, -0.150535092934615, 
-0.0446358402789837, -0.296046605354281, -0.305636527375271, 
-0.110637984683659, -0.169437545172343, 0.0209590415239684, -0.12653643892497, 
-0.164998243816562, -0.113746420371829, -0.177173430364168, 0.0837975107217593, 
-0.144323647145318, -0.383938400354986, -0.180302430729829, -0.0999003379772692, 
-0.263502687251608, -0.213451602851209, -0.138747658556449, 293.427463516554, 
-224.263959775621, 0.181828046561361, 0.284540798831935, 0.133635912055332, 
0.0522753649455163, 0.126772520216267, 0.199758204711178, 0.133311968884634, 
0.294626226808155, -0.0187336399895499, 0.106486105935579, 0.235773095702159, 
0.250227870037479, 0.2550175208853, 0.234973774055324, 0.218514079244775, 
0.0769352568158714, 0.24332989619857, 0.409148336854838, 0.0987193417138349, 
0.0366654896830891, 0.151359188518086, 0.289938007947283, 0.0414985066453646, 
0.0504560648173916, 0.219626179789999, 232.233100378003, -145.223648258429, 
-67.5194718235595, -0.202150960034539, 0.193391716888444, 0.0319833323929931, 
-0.156409989747188, 0.000991614790643631, 0.405936787217927, 
-0.0694693006156565, -0.00794008210437084, -0.341591074628867, 
0.274410489793109, 0.0220418825004735, 0.208796805591276, -0.0304254653796259, 
-0.181058642033718, 0.380751875840509, -0.293807751961666, -0.0337410547321835, 
0.0504674870692014, 0.187149064002478, -0.0328853282140261, -0.0946993809856491, 
0.0795787073928114, 0.0974831880931168, 0.0306363745643952, 230.552595301706, 
-165.9719947454, -41.2621327150546, -75.1680395093961, -0.0698641145657054, 
-0.0435865253816977, 0.0122913179400906, 0.185636537095794, -0.072426633132613, 
-0.270793566896698, 0.202984264380131, -0.0495483058432182, -0.404171508408491, 
-0.320384927166435, 0.312925476556046, 0.18901460018996, 0.269160914169349, 
0.157397031908512, 0.0432841006577199, -0.305656516669359, 0.0600647884744824, 
-0.053336120698029, 0.105232777315675, 0.179670792737443, 0.341217009426394, 
0.0348219736275088, -0.275185053790918, 255.120381153417, -194.296371607692, 
-34.1557024158335, -12.3887828286775, 70.5224584988788, -0.162932444703628, 
0.177319619923305, -0.0896089216572937, -0.126455513451987, -0.136683537967594, 
-0.373752147537566, -0.00726463309931646, 0.283218309770311, 
0.43447584168507, -0.0828182562608812, -0.0600875779412584, 0.2194413038941, 
-0.21798561515386, 0.246846975708601, -0.0833155310279934, -0.132486396052299, 
-0.0359561469769321, 0.00320116987115477, 0.483288194726346, 
0.0320972430898956, -0.223104516205015, -0.0669608511575883, 
303.045072768829, -208.93795424434, -59.9408009615017, -34.3102955499284, 
37.091108603659, 61.4554213120981, -0.117408629172181, -0.0238632817319375, 
0.17751175863976, -0.126404381734574, -0.213374817609483, -0.102590246795879, 
-0.00598608948780789, -0.0292932151992052, -0.0517516928521604, 
0.0656418287306009, 0.393706724033167, -0.0667229985605221, 0.0989244891932489, 
0.0818391412973504, -0.362528002199378, 0.586230826701641, 0.0876354304907391, 
-0.149841697287938, -0.00558401204397903, -0.227249566337734, 
0.364124727413843, 163.83386840152, -147.989198041642, -30.5663165899767, 
-29.5389189968786, 22.7999930706671, 27.6144487166099, 47.7432290514336, 
-0.0428803924952558, -0.310958615399171, -0.0233774140473316, 
-0.136969859033805, -0.326662805562262, -0.288543601632518, 0.0352235072192607, 
0.380268235941128, 0.325760590082111, -0.39201272834237, -0.0655905661958439, 
0.103235502484086, 0.119923971789812, -0.346465096460373, 0.0226993064582921, 
-0.155274889489158, -0.00388200815116306, 0.233075446798637, 
-0.183022626635777, -0.143858713640212), .Dim = c(27L, 7L), .Dimnames = list(
    c("1", "2", "3", "4", "5", "6", "8", "9", "10", "12", "13", 
    "14", "15", "16", "17", "18", "19", "20", "21", "22", "24", 
    "25", "26", "27", "28", "29", "30"), c("x1", "x2", "x3", 
    "x4", "x5", "x6", "x7")), assign = 1:7), qraux = c(1.19229923504056, 
1.06201913241123, 1.39996065446685, 1.03205451642334, 1.09409029101094, 
1.09378718932246, 1.06338210044151), pivot = 1:7, tol = 1e-07, 
    rank = 7L), .Names = c("qr", "qraux", "pivot", "tol", "rank"
), class = "qr"), df.residual = 20L, xlevels = structure(list(), .Names = character(0)), 
    call = quote(lm(formula = y ~ . + 0, data = structure(list(y = c(43, 
        63, 71, 61, 81, 43, 71, 72, 67, 67, 69, 68, 77, 81, 74, 
        65, 65, 50, 50, 64, 40, 63, 66, 78, 48, 85, 82), x1 = c(-1.45814686743768, 
        1.67188358736638, 0.804729083703814, 0.803410707975183, 
        0.797439564076696, 2.47519654636125, 2.03128205717151, 
        0.955603986863188, 1.14146202482683, 0.338460060252037, 
        2.24483175984477, 2.3175492345187, 0.838934334564916, 
        1.28479359612258, -0.158926065078858, 0.959487498721707, 
        1.25113171824678, 0.862504661094714, 1.34345247095865, 
        -0.635411148319109, 1.09436251235081, 2.91128862602378, 
        1.36717873321049, 0.757514011154519, 1.99806108379111, 
        1.61853886720555, 1.05208147939708), x2 = c(55, 58, 62, 
        85, 51, 77, 82, 70, 60, 75, 55, 85, 75, 90, 53, 78, 82, 
        40, 90, 75, 51, 85, 70, 85, 62, 54, 77), x3 = c(30, 44, 
        71, 45, 50, 65, 53, 50, 72, 45, 47, 44, 71, 66, 47, 53, 
        47, 56, 45, 42, 42, 83, 50, 52, 56, 50, 57), x4 = c(56, 
        50, 69, 58, 42, 55, 55, 67, 58, 34, 55, 44, 39, 45, 74, 
        72, 74, 59, 58, 34, 45, 67, 59, 74, 75, 47, 39),