
expected <- structure(list(coefficients = structure(c(0.641990882564365, 
-0.0844568626501473, 0.333008726628903, -0.00402786405910117, 
0.225365528604488, -0.214503013025188), .Names = c("x1", "x2", 
"x3", "x4", "x5", "x6")), residuals = structure(c(-11.0304628076797, 
2.12112573285692, 0.0469295770248424, -2.50187122156081, 5.33800059708762, 
-6.35580004242668, -7.66610105304781, 2.96049610586386, -8.64371006579938, 
7.0028136486098, 7.56341894185361, 11.8178976489553, 11.4103194804513, 
-2.86861261835779, 0.98293846565285, -0.738922847756065, -2.11357362425469, 
2.0570596376327, -4.02268504323656, -5.64144702054178, 8.61354821318283, 
-0.385007756036298, -11.4689530935893, -1.65477485731827, 6.33728550703836, 
-0.167805999093987, 4.04793997858721), .Names = c("1", "2", "3", 
"4", "5", "6", "7", "8", "9", "10", "11", "12", "13", "14", "15", 
"16", "17", "18", "19", "20", "21", "22", "23", "24", "25", "26", 
"30")), effects = structure(c(-335.4100005149, -2.42584291636934, 
-14.8625892826187, 4.21141301991993, 11.9688642050255, -8.3095498826248, 
-5.36146917643403, 3.53793884830955, -4.66914513082087, 9.62462340246925, 
9.54297452864954, 13.3831192936412, 13.9337077337464, -1.36105971000292, 
2.35435299237423, -0.846658067979198, -4.04800213046964, 0.854176655840263, 
-1.44909180408408, -6.05003008256884, 10.7522577792207, 2.23456435139811, 
-8.39406865057827, -3.24456948114715, 9.9420599041501, -4.16962466459041, 
7.03829588870065), .Names = c("x1", "x2", "x3", "x4", "x5", "x6", 
"", "", "", "", "", "", "", "", "", "", "", "", "", "", "", "", 
"", "", "", "", "")), rank = 6L, fitted.values = structure(c(54.0304628076797, 
60.8788742671431, 70.9530704229752, 63.5018712215608, 75.6619994029124, 
49.3558000424267, 65.6661010530478, 68.0395038941361, 80.6437100657994, 
59.9971863513902, 56.4365810581464, 55.1821023510447, 57.5896805195487, 
70.8686126183578, 76.0170615343471, 81.7389228477561, 76.1135736242547, 
62.9429403623673, 69.0226850432366, 55.6414470205418, 41.3864517868172, 
64.3850077560363, 64.4689530935893, 41.6547748573183, 56.6627144929616, 
66.167805999094, 77.9520600214128), .Names = c("1", "2", "3", 
"4", "5", "6", "7", "8", "9", "10", "11", "12", "13", "14", "15", 
"16", "17", "18", "19", "20", "21", "22", "23", "24", "25", "26", 
"30")), assign = 1:6, qr = structure(list(qr = structure(c(-349.440982141477, 
0.183149668386888, 0.200319949798159, 0.180287954818343, 0.22321365834652, 
0.157394246269982, 0.191734809092524, 0.214628517640885, 0.2346605126207, 
0.174564527681253, 0.151670819132892, 0.171702814112708, 0.177426241249798, 
0.237522226189246, 0.220351944777975, 0.257554221169061, 0.243245653326336, 
0.171702814112708, 0.200319949798159, 0.165979386975617, 0.114468542741805, 
0.174564527681253, 0.188873095523978, 0.10588340203617, 0.154532532701437, 
0.220351944777975, 0.2346605126207, -274.45263979132, -58.0581476760646, 
0.254563087110398, -0.0499238253737403, -0.0568892757930064, 
0.123735646777517, -0.153977672793387, -0.120947808816423, 0.166314992323696, 
-0.0237330686799444, 0.218822848847386, 0.0238105323549904, 0.169860889101379, 
0.342684838761001, -0.0782421201341452, -0.317378484019892, -0.0107640334691444, 
0.333844536547322, -0.124367362458007, 0.411707627273173, 0.0445805404766909, 
0.0968357107281844, 0.0313588189936949, 0.23888367761355, 0.0162622457162858, 
0.128447215994076, -0.402080682028911, -289.533870297553, -19.4058031979415, 
-50.6216628802569, -0.0727795493716448, 0.0622114838252233, -0.0712992654492334, 
0.0814732708227523, -0.0810451395619063, -0.0714367105418249, 
-0.0507586392701328, 0.199942894330093, -0.211453388346455, -0.242561609380868, 
-0.592229239141401, 0.205418365807593, 0.0896226408382047, -0.0102789171177497, 
0.376673743064934, 0.0408561035777775, -0.0366526504037635, 0.00567443709653907, 
0.197711855987584, -0.0943930824389842, 0.451295699540896, 0.0665740777007207, 
-0.0543917036433158, -0.00391524612756064, -333.023331398734, 
-15.8266776033689, -22.7241956198242, 43.0997442400797, 0.146538816080727, 
0.00839919556204857, -0.0126160834400094, 0.002054927788885, 
0.245359764319713, -0.0813977132063708, 0.0484841719435126, -0.1036782991645, 
0.0698036826041212, 0.330689667654562, 0.00706442151808925, 0.598273523767712, 
0.0983070274041178, 0.413001206043815, -0.164178199776843, -0.0348049003339042, 
-0.065686310585336, 0.00118877597532393, 0.00571317012992202, 
0.0102178064743224, -0.257180976197186, -0.267505198319146, 0.242897017142473, 
-381.266098737267, -27.99801240109, -22.2676782354473, 46.5516232744188, 
57.2832447734233, 0.306182147441395, 0.160856762605825, 0.318400755062658, 
0.161193286310652, -0.119831359503612, 0.050924710700657, -0.0516843113358288, 
0.141770427751677, 0.16015670539043, 0.268874184472, 0.486355045628167, 
0.314426463073731, -0.124479545716454, 0.00739024134722634, 0.0178129587795566, 
-0.236220066593022, -0.0382741706239573, -0.0528240031426669, 
-0.000403544809246176, -0.0309262276710119, 0.443197750477749, 
0.028133709345372, -217.939520239691, -25.0769859811263, -32.2685598718264, 
28.4663519165505, 4.38597351267467, 38.7386161407862, 0.160015058647387, 
0.0380801568450405, 0.475264640534909, -0.00205451005521707, 
0.266839276843183, -0.0736639890129788, 0.317290558215243, 0.137487235380143, 
0.153035983045744, -0.0687865683474488, -0.303750966651011, -0.336447513328682, 
0.0495936923382594, -0.0514806128701444, -0.0649980272498261, 
0.172907899330462, 0.130091430591421, -0.188487947921545, 0.306013277402972, 
-0.343703621753087, -0.0978256402121498), .Dim = c(27L, 6L), .Dimnames = list(
    c("1", "2", "3", "4", "5", "6", "7", "8", "9", "10", "11", 
    "12", "13", "14", "15", "16", "17", "18", "19", "20", "21", 
    "22", "23", "24", "25", "26", "30"), c("x1", "x2", "x3", 
    "x4", "x5", "x6")), assign = 1:6), qraux = c(1.1459473919958, 
1.04032546434347, 1.12753771795315, 1.12885217636818, 1.07647822418434, 
1.06493271594596), pivot = 1:6, tol = 1e-07, rank = 6L), .Names = c("qr", 
"qraux", "pivot", "tol", "rank"), class = "qr"), df.residual = 21L, 
    xlevels = structure(list(), .Names = character(0)), call = quote(lm(formula = y ~ 
        . + 0, data = structure(list(y = c(43, 63, 71, 61, 81, 
        43, 58, 71, 72, 67, 64, 67, 69, 68, 77, 81, 74, 65, 65, 
        50, 50, 64, 53, 40, 63, 66, 82), x1 = c(51, 64, 70, 63, 
        78, 55, 67, 75, 82, 61, 53, 60, 62, 83, 77, 90, 85, 60, 
        70, 58, 40, 61, 66, 37, 54, 77, 82), x2 = c(30, 51, 68, 
        45, 56, 49, 42, 50, 72, 45, 53, 47, 57, 83, 54, 50, 64, 
        65, 46, 68, 33, 52, 52, 42, 42, 66, 39), x3 = c(39, 54, 
        69, 47, 66, 44, 56, 55, 67, 47, 58, 39, 42, 45, 72, 72, 
        69, 75, 57, 54, 34, 62, 50, 58, 48, 63, 59), x4 = c(61, 
        63, 76, 54, 71, 54, 66, 70, 71, 62, 58, 59, 55, 59, 79, 
        60, 79, 55, 75, 64, 43, 66, 63, 50, 66, 88, 64), x5 = c(92, 
        73, 86, 84, 83, 49, 68, 66, 83, 80, 67, 74, 63, 77, 77, 
        54, 79, 80, 85, 78, 64, 80, 80, 57, 75, 76, 78), x6 = c(45, 
        47, 48, 35, 47, 34, 35, 41, 31, 41, 34, 41, 25, 35, 46, 
        36, 63, 60, 46, 52, 33, 41, 37, 49, 33, 72, 39)), .Names = c("y", 
        "x1", "x2", "x3", "x4", "x5", "x6"), row.names = c("1", 
        "2", "3", "4", "5", "6", "7", "8", "9", "10", "11", "12", 
        "13", "14", "15", "16", "17", "18", "19", "20", "21", 
        "22", "23", "24", "25", "26", "30"), class = "data.frame"))), 
    terms = y ~ x1 + x2 + x3 + x4 + x5 + x6 + 0, model = structure(list(
        y = c(43, 63, 71, 61, 81, 43, 58, 71, 72, 67, 64, 67, 
        69, 68, 77, 81, 74, 65, 65, 50, 50, 64, 53, 40, 63, 66, 
        82), x1 = c(51, 64, 70, 63, 78, 55, 67, 75, 82, 61, 53, 
        60, 62, 83, 77, 90, 85, 60, 70, 58, 40, 61, 66, 37, 54, 
        77, 82), x2 = c(30, 51, 68, 45, 56, 49, 42, 50, 72, 45, 
        53, 47, 57, 83, 54, 50, 64, 65, 46, 68, 33, 52, 52, 42, 
        42, 66, 39),