
expected <- structure(list(coefficients = structure(c(0.455720757021978, 
0.202167706307073, 0.269324712023861, 0.193606174347238, -0.145874296981941, 
0.302101256943679, 0.263407992430256), .Names = c("x1", "x2", 
"x3", "x4", "x5", "x6", "x7")), residuals = structure(c(-21.6943943417901, 
-5.06108278681723, 3.86554541292258, -2.89625768349707, 20.4229192155896, 
-21.1173145303619, 10.0214325556149, -5.57313769592677, -4.58072465288639, 
-10.1839990400458, 1.44852894216209, 3.78731631744132, 10.818242441283, 
22.3862545224902, 23.6169506998807, -2.96434892184585, -0.956696886015135, 
-17.3459170282148, -3.34794864989665, -5.56051695502188, -16.788881211504, 
-6.61196359465476, -6.91788832027413, 11.5888602109298, -5.55566876627036, 
21.0542444842138, 20.587106171223), .Names = c("1", "2", "3", 
"4", "5", "6", "8", "9", "10", "12", "13", "14", "15", "16", 
"17", "18", "19", "20", "21", "22", "24", "25", "26", "27", "28", 
"29", "30")), effects = structure(c(-187.824244447701, -276.170771920755, 
44.2187014992607, -28.3889894332934, -0.306796915507737, -17.6176812365057, 
-11.9342601209352, -3.35567459224961, -8.75028920319513, -14.2092617450812, 
4.44650807095955, 16.2593493803928, 15.996077914487, 31.6212090246783, 
24.2426217134789, 13.8042339302002, 5.61283843328787, -12.1117548334442, 
-4.8195104886943, 4.18992374039569, -2.92713025090232, -2.71237809609708, 
-0.758897963332245, 9.20987619369918, 5.67552558773205, 28.436978088356, 
28.6451106139549), .Names = c("x1", "x2", "x3", "x4", "x5", "x6", 
"x7", "", "", "", "", "", "", "", "", "", "", "", "", "", "", 
"", "", "", "", "", "")), rank = 7L, fitted.values = structure(c(64.6943943417901, 
68.0610827868172, 67.1344545870774, 63.8962576834971, 60.5770807844104, 
64.1173145303619, 60.9785674443851, 77.5731376959268, 71.5807246528864, 
77.1839990400458, 67.5514710578379, 64.2126836825587, 66.181757558717, 
58.6137454775098, 50.3830493001193, 67.9643489218459, 65.9566968860151, 
67.3459170282148, 53.3479486498967, 69.5605169550219, 56.788881211504, 
69.6119635946548, 72.9178883202741, 66.4111397890702, 53.5556687662704, 
63.9457555157862, 61.412893828777), .Names = c("1", "2", "3", 
"4", "5", "6", "8", "9", "10", "12", "13", "14", "15", "16", 
"17", "18", "19", "20", "21", "22", "24", "25", "26", "27", "28", 
"29", "30")), assign = 1:7, qr = structure(list(qr = structure(c(-6.92702413364652, 
-0.084950721356048, 0.124587165929971, 0.0437434279262897, 0.0109114447295735, 
-0.100207501939073, -0.130713774110089, 0.194724480728626, -0.00732417685330594, 
0.106471362444014, 0.157817399033591, 0.234958310984696, -0.0332336582184367, 
0.107743238959831, 0.264246510079535, 0.584257378639249, 0.250671560334006, 
-0.0927656329988092, -0.00772120498733508, 0.275184106406581, 
0.225226858903977, 0.0973831711872963, 0.244848806026627, -0.170394660108628, 
0.144623947684279, 0.213133858986226, 0.0456923966840898, -205.078092333306, 
-289.076073110405, 0.17524565396074, 0.138358283659918, 0.284545024771746, 
0.284381263075409, 0.241742113307351, 0.117670924625474, 0.265820831518611, 
0.201388055423727, 0.122113372444115, 0.00309530702566842, 0.312582539028033, 
0.106880239075366, -0.0431472893997731, -0.293948812128506, 0.0482295670197212, 
0.295201777085337, 0.228114061143411, -0.0319094870020258, 0.0219415819380667, 
0.157407213392051, 0.0463779781832946, 0.331621475414233, 0.0747863650088689, 
0.0843544581047374, 0.136662276179701, -170.683795192551, -235.157798285645, 
88.7347280613129, -0.250159568796565, 0.232564359212716, 0.0163292597756203, 
-0.332683121860897, -0.0888847814442149, 0.211263071548903, -0.0269830813435147, 
0.219852816750562, -0.255152757940995, -0.0169480262913037, 0.0755088601394159, 
-0.0524143074342795, -0.428534721427803, 0.273368001868062, 0.0163094004768251, 
0.0275378849576306, -0.461113163320448, -0.065269772859902, -0.302124107731065, 
-0.0929939524767993, 0.00324201930315011, -0.00529089759903407, 
0.0145903633987972, -0.115621661635146, -149.323239050417, -232.990832723769, 
27.0731838239234, -73.7284535563636, -0.223340420929549, 0.111903833359117, 
0.176257242306108, -0.11847617287382, 0.100050015141112, 0.0512081736307554, 
0.323390750892195, 0.208833971748115, -0.427226372532731, 0.0742808658252299, 
0.238035404083661, -0.00273597950953611, 0.30840992041919, 0.0182186630378256, 
-0.0641476770148182, -0.261586384843422, -0.175457269138664, 
-0.378898531566371, 0.185181060324892, 0.101366089567128, -0.0184821746961234, 
-0.159535581171138, -0.021108790780881, -182.76969578238, -256.219543373702, 
42.9161283678126, -37.3608273277337, 53.001494359051, 0.319253642753733, 
0.0571748539622515, 0.423937559031282, -0.110118457227924, 0.187872632720696, 
0.0375128977427512, -0.15770710452335, -0.151725878351441, -0.0744684639343133, 
0.0377123791915283, 0.061952396129088, 0.00352622173595029, 0.205342160569302, 
-0.266660556964212, -0.053828093698722, -0.200111967999428, 0.181382924241862, 
0.290690717698456, 0.060628171021696, -0.458881995556136, 0.140162736291261, 
0.0213418514853361, -214.541869676104, -323.541694872419, 67.6491264167161, 
-45.5480455896488, 15.1428025604824, -56.835064912397, -0.0146345969570523, 
0.179476897270885, -0.0390131861719768, -0.229849487807779, 0.0933268709405425, 
-0.00891389204132544, -0.0829863812460068, 0.338129799837832, 
-0.172988804506691, 0.268248289841641, 0.203763959717717, 0.378718065371681, 
-0.364210405958325, 0.0951408680378985, 0.236283840332242, 0.0485651924411304, 
0.136919760212916, 0.172788518103518, 0.0246142803219088, 0.143594603217755, 
0.364317469687324, -114.560136505114, -185.720060364815, 3.42504718618605, 
-22.0364163717646, 10.8200935728786, -1.69978398857244, -45.3071298665896, 
-0.0420580926867564, 0.531232104582474, -0.0464259586868104, 
0.039343210333209, -0.451617611620493, -0.354469400270136, 0.0928012597986541, 
0.023047363984472, -0.0200279548686003, 0.0611423791435825, -0.11121266583553, 
-0.0974489377643276, 0.109629127622242, -0.125583421009506, -0.117372844930752, 
-0.278337022126839, 0.373267248467629, -0.0470355728958161, -0.251477570359708, 
0.14458638804876), .Dim = c(27L, 7L), .Dimnames = list(c("1", 
"2", "3", "4", "5", "6", "8", "9", "10", "12", "13", "14", "15", 
"16", "17", "18", "19", "20", "21", "22", "24", "25", "26", "27", 
"28", "29", "30"), c("x1", "x2", "x3", "x4", "x5", "x6", "x7"
)), assign = 1:7), qraux = c(1.17301059440894, 1.28494188433387, 
1.0844147772434, 1.27168608474114, 1.31556170147304, 1.30649433442943, 
1.05330450839205), pivot = 1:7, tol = 1e-07, rank = 7L), .Names = c("qr", 
"qraux", "pivot", "tol", "rank"), class = "qr"), df.residual = 20L, 
    xlevels = structure(list(), .Names = character(0)), call = quote(lm(formula = y ~ 
        . + 0, data = structure(list(y = c(43, 63, 71, 61, 81, 
        43, 71, 72, 67, 67, 69, 68, 77, 81, 74, 65, 65, 50, 50, 
        64, 40, 63, 66, 78, 48, 85, 82), x1 = c(1.19844856284726, 
        -0.588455697004025, 0.863018305139535, 0.303011780933836, 
        0.0755838409747057, -0.694139784304391, -0.905457467860607, 
        1.34886117741898, -0.0507347498219455, 0.737529697191911, 
        1.09320493181501, 1.62756189059181, -0.230210352528471, 
        0.746340016511991, 1.83044195255281, 4.04716496209513, 
        1.73640794805249, -0.642589778555747, -0.053484973288102, 
        1.90620694627434, 1.56015188717325, 0.674575577025432, 
        1.69607358844098, -1.18032792281696, 1.00181357591223, 
        1.4763833848948, 0.31651233455484), x2 = c(90, 61, 82, 
        51, 85, 57, 37, 83, 75, 85, 75, 60, 82, 58, 54, 62, 77, 
        62, 64, 60, 63, 70, 75, 53, 58, 78, 51), x3 = c(42, 64, 
        58, 64, 51, 50, 65, 72, 45, 71, 39, 66, 72, 39, 42, 72, 
        33, 54, 52, 83, 52, 83, 64, 50, 45, 58, 52), x4 = c(54, 
        63, 48, 71, 45, 59, 62, 57, 62, 72, 72, 67, 39, 47, 55, 
        47, 67, 56, 48, 39, 34, 39, 71, 58, 42, 45, 44),