
expected <- structure(list(coefficients = structure(c(16.7548817070072, 0.611904896096456, 
-0.043893590992616, -0.0563112268007927, 0.206409486429593, 0.0487580301337314, 
-0.105254501440226), .Names = c("x1", "x2", "x3", "x4", "x5", 
"x6", "x7")), residuals = structure(c(1.25321309475681, 2.27138314915766, 
0.110539288416482, -11.8931053472105, -8.62963832078321, 0.686967217189994, 
-4.00010520075689, 6.0028312771418, 8.52144018682333, 8.17741226332258, 
9.07044263520163, -4.37558830420824, 2.47582237041306, 2.78664409243085, 
-2.38769079540336, 8.09264152345013, -3.57970402978196, -7.64727219929266, 
4.39762654082504, 1.18929025195351, -11.3768655585827, -3.57946179819056, 
3.43544275384939, -5.26780559033691, 6.00571582354885, -9.9112005094772, 
8.17102518554306), .Names = c("2", "3", "4", "6", "7", "8", "9", 
"10", "11", "12", "13", "14", "15", "16", "17", "18", "19", "20", 
"21", "22", "23", "24", "25", "26", "27", "28", "29")), effects = structure(c(-333.516005501874, 
-45.8271796854879, -2.82732660593055, 3.20045733474307, -5.99809809007687, 
2.15032661400723, -4.36319345557308, 7.85586902083797, 10.0156323189796, 
11.3580365203879, 11.9672207537233, -7.04161701549251, 0.221279591823728, 
-7.04506676819158, -4.84242739336814, 3.10549208011139, 0.82361089735856, 
-6.39280515161867, 2.82452714911781, -0.482328469793371, -9.98808404230973, 
-6.75099108198809, 4.14189958660048, -0.169347957531372, 8.49963901493895, 
-14.5255681916605, 3.73462383046916), .Names = c("x1", "x2", 
"x3", "x4", "x5", "x6", "x7", "", "", "", "", "", "", "", "", 
"", "", "", "", "", "", "", "", "", "", "", "")), rank = 7L, 
    fitted.values = structure(c(61.7467869052432, 68.7286168508423, 
    60.8894607115835, 54.8931053472105, 66.6296383207832, 70.31303278281, 
    76.0001052007569, 60.9971687228582, 55.4785598131767, 58.8225877366774, 
    59.9295573647984, 72.3755883042082, 74.5241776295869, 78.2133559075692, 
    76.3876907954034, 56.9073584765499, 68.579704029782, 57.6472721992927, 
    45.602373459175, 62.8107097480465, 64.3768655585827, 43.5794617981906, 
    59.5645572461506, 71.2678055903369, 71.9942841764511, 57.9112005094772, 
    76.8289748144569), .Names = c("2", "3", "4", "6", "7", "8", 
    "9", "10", "11", "12", "13", "14", "15", "16", "17", "18", 
    "19", "20", "21", "22", "23", "24", "25", "26", "27", "28", 
    "29")), assign = 1:7, qr = structure(list(qr = structure(c(-5.19615242270663, 
    0.192450089729875, 0.192450089729875, 0.192450089729875, 
    0.192450089729875, 0.192450089729875, 0.192450089729875, 
    0.192450089729875, 0.192450089729875, 0.192450089729875, 
    0.192450089729875, 0.192450089729875, 0.192450089729875, 
    0.192450089729875, 0.192450089729875, 0.192450089729875, 
    0.192450089729875, 0.192450089729875, 0.192450089729875, 
    0.192450089729875, 0.192450089729875, 0.192450089729875, 
    0.192450089729875, 0.192450089729875, 0.192450089729875, 
    0.192450089729875, 0.192450089729875, -343.908310347287, 
    -67.2761032913922, -0.0421028710864252, -0.16101582247051, 
    0.0173536046056173, 0.136266555989702, 0.240315388450777, 
    -0.0718311089324464, -0.190744060316531, -0.0866952278554571, 
    -0.0569669900094358, 0.255179507373787, 0.165994793835724, 
    0.359228339834862, 0.284907745219808, -0.0866952278554571, 
    0.0619459613746492, -0.116423465701478, -0.38397760631567, 
    -0.0718311089324464, 0.00248948568260667, -0.428569963084701, 
    -0.175879941393521, 0.165994793835724, 0.136266555989702, 
    -0.131287584624489, 0.284907745219808, -282.709181813187, 
    -36.8030079304512, 46.9047665572452, -0.0611248653510839, 
    0.270548232368535, 0.221612896213294, -0.141002445516607, 
    0.115371580928528, -0.176809800349899, 0.0575291134291201, 
    -0.125263079326525, -0.360317310932056, 0.166739472495275, 
    0.44965606351628, 0.0751645466608243, -0.326227193683757, 
    0.230877686470715, -0.420592333842968, 0.0519486847795985, 
    -0.0338669829487023, 0.0421474061522932, -0.185538102237438, 
    0.0729108207059471, -0.0890980655799771, 0.0510545374964592, 
    0.0758798644873358, -0.0740740172164058, -285.018582889945, 
    -13.0022503971728, 4.65001152670864, -56.8570689080795, -0.240878893717295, 
    0.0563867592367662, 0.0178629892678098, 0.089971477039758, 
    0.00532232975112725, 0.276253224594737, 0.302983218146952, 
    0.227479427718565, -0.34177820234249, -0.261605426958529, 
    -0.0553099066491545, -0.102330391929416, 0.148802944009444, 
    0.0733702122144837, -0.121161784240152, -0.290784543558014, 
    0.0956810131044039, -0.326000986844378, -0.299456954579806, 
    0.261780231890027, 0.0131973301938661, -0.250737011064378, 
    -0.207422413790104, -335.440506399173, -38.1446322939837, 
    2.79399501774129, 4.07576316649291, -40.0154400235077, 0.04601598587631, 
    -0.145654156344192, 0.0701953171677938, 0.0241932266748664, 
    0.0308197290176925, -0.143733111271936, -0.479949156139834, 
    0.153937803629396, -0.465027663867985, 0.041761842355235, 
    -0.227665586613792, 0.27635524739103, 0.0395879852842628, 
    -0.0903893713014251, 0.0681492283875179, -0.00875934337574089, 
    0.0438309135389281, 0.21458928777836, 0.421096270560374, 
    0.247079489234169, -0.203426750421674, -0.0707113859432724, 
    -382.975678562452, -12.3443755040988, 11.0852083455286, -2.79233189434711, 
    -16.0933291289311, 43.492204118892, -0.114464189695219, -0.210722094458922, 
    0.0493279359391193, -0.158261179315972, 0.0762031841051933, 
    -0.0948289084515143, 0.163915089759806, 0.685739202804028, 
    0.0556396456584999, -0.186209292655855, -0.248928560991645, 
    -0.189533641804064, 0.0499774479337555, -0.0647420082832157, 
    -0.183918935837644, 0.282373916671257, 0.0177025451837601, 
    -0.0128437856910031, -0.00068515607847265, -0.216072095979931, 
    0.213701630417802, -222.664753817466, -13.9386898893224, 
    15.4279398067065, 6.71098658450951, -28.9407799131509, -0.282481172672469, 
    41.4537468314449, -0.0179067964899901, 0.246696119256956, 
    -0.0779365381782363, 0.309749893408072, 0.167076713672744, 
    0.119141414805241, -0.0452147533858625, -0.348042793021987, 
    -0.356464630376919, -0.0521608136825283, -0.0503052618632053, 
    0.0609643872236286, 0.178795555172564, 0.102810012933829, 
    -0.0923528075113842, 0.353723927066649, -0.443743311890752, 
    0.0226276975471716, 0.0206734772757284, -0.0907227613605537
    ), .Dim = c(27L, 7L), .Dimnames = list(c("2", "3", "4", "6", 
    "7", "8", "9", "10", "11", "12", "13", "14", "15", "16", 
    "17", "18", "19", "20", "21", "22", "23", "24", "25", "26", 
    "27", "28", "29"), c("x1", "x2", "x3", "x4", "x5", "x6", 
    "x7")), assign = 1:7), qraux = c(1.19245008972988, 1.06194596137465, 
    1.14577733656893, 1.07245789898121, 1.04602052388285, 1.23316414109981, 
    1.39142456311282), pivot = 1:7, tol = 1e-07, rank = 7L), .Names = c("qr", 
    "qraux", "pivot", "tol", "rank"), class = "qr"), df.residual = 20L, 
    xlevels = structure(list(), .Names = character(0)), call = quote(lm(formula = y ~ 
        . + 0, data = structure(list(y = c(63, 71, 61, 43, 58, 
        71, 72, 67, 64, 67, 69, 68, 77, 81, 74, 65, 65, 50, 50, 
        64, 53, 40, 63, 66, 78, 48, 85), x1 = c(1, 1, 1, 1, 1, 
        1, 1, 1, 1, 1, 1, 1, 1, 1, 1, 1, 1, 1, 1, 1, 1, 1, 1, 
        1, 1, 1, 1), x2 = c(64, 70, 63, 55, 67, 75, 82, 61, 53, 
        60, 62, 83, 77, 90, 85, 60, 70, 58, 40, 61, 66, 37, 54, 
        77, 75, 57, 85), x3 = c(51, 68, 45, 49, 42, 50, 72, 45, 
        53, 47, 57, 83, 54, 50, 64, 65, 46, 68, 33, 52, 52, 42, 
        42, 66, 58, 44, 71), x4 = c(63, 48, 71, 59, 45, 62, 57, 
        62, 54, 72, 72, 67, 39, 47, 55, 47, 67, 56, 48, 39, 62, 
        34, 39, 71, 58, 42, 45), x5 = c(63, 76, 54, 54, 66, 70, 
        71, 62, 58, 59, 55, 59, 79, 60, 79, 55, 75, 64, 43, 66, 
        63, 50, 66, 88, 80, 51, 77),