
expected <- structure(list(coefficients = structure(c(0.589892025340362, 
0.0999859001764143, 0.160386034918041, 0.449342085550898, 0.565582152965685, 
0.134334265404172, -0.560101699845007), .Names = c("x1", "x2", 
"x3", "x4", "x5", "x6", "x7")), residuals = structure(c(-9.07944417766294, 
2.35384894046851, -6.65179767360062, 3.25263391129012, 13.0911370699682, 
-8.99941328084062, -8.34786794374099, 3.98550517836427, -10.3856562762018, 
0.0879502921075663, 14.4026406141445, 6.32940023874808, 4.66886635115336, 
1.03730069288367, 3.83785781945771, -2.75168425764331, -10.0097124307242, 
6.60676823136725, -4.2992663909483, -10.7507794053497, -10.377925452762, 
1.18590248843942, -2.13596397837169, 1.47746106327488, -4.37702285744249, 
10.235599680108, 15.6136615535132), .Names = c("1", "2", "3", 
"4", "5", "6", "7", "8", "9", "11", "12", "13", "14", "15", "18", 
"19", "20", "21", "22", "23", "24", "25", "26", "27", "28", "29", 
"30")), effects = structure(c(-330.436804066196, 7.60429477656725, 
-27.7066354726747, 27.0732331060697, 17.0743654648382, 2.35990688857469, 
-20.2043817333612, 9.56819391329053, -6.75703881490057, 0.583938372334761, 
16.4470904641718, 9.31047070398187, 6.48909217605359, 6.43241051983489, 
-4.22543386161725, 1.99390643895657, -9.56485760918008, 4.108104888461, 
-3.17560922070445, -8.74340791582643, -14.2860272980398, 5.98295129958708, 
5.65592363679932, 6.58248151112542, -7.58676210654785, 14.1479049123645, 
16.5794767895492), .Names = c("x1", "x2", "x3", "x4", "x5", "x6", 
"x7", "", "", "", "", "", "", "", "", "", "", "", "", "", "", 
"", "", "", "", "", "")), rank = 7L, fitted.values = structure(c(52.0794441776629, 
60.6461510595315, 77.6517976736006, 57.7473660887099, 67.9088629300318, 
51.9994132808406, 66.347867943741, 67.0144948216357, 82.3856562762018, 
63.9120497078924, 52.5973593858555, 62.6705997612519, 63.3311336488466, 
75.9626993071163, 61.1621421805423, 67.7516842576433, 60.0097124307242, 
43.3932317686328, 68.2992663909483, 63.7507794053497, 50.377925452762, 
61.8140975115606, 68.1359639783717, 76.5225389367251, 52.3770228574425, 
74.764400319892, 66.3863384464868), .Names = c("1", "2", "3", 
"4", "5", "6", "7", "8", "9", "11", "12", "13", "14", "15", "18", 
"19", "20", "21", "22", "23", "24", "25", "26", "27", "28", "29", 
"30")), assign = 1:7, qr = structure(list(qr = structure(c(-5.19615242270663, 
0.192450089729875, 0.192450089729875, 0.192450089729875, 0.192450089729875, 
0.192450089729875, 0.192450089729875, 0.192450089729875, 0.192450089729875, 
0.192450089729875, 0.192450089729875, 0.192450089729875, 0.192450089729875, 
0.192450089729875, 0.192450089729875, 0.192450089729875, 0.192450089729875, 
0.192450089729875, 0.192450089729875, 0.192450089729875, 0.192450089729875, 
0.192450089729875, 0.192450089729875, 0.192450089729875, 0.192450089729875, 
0.192450089729875, 0.192450089729875, -351.991214115942, -73.0970942321594, 
0.0832821605688545, -0.039841748726577, -0.43657434534519, -0.162965658022008, 
0.0148799887380592, 0.179045201131968, -0.0945634861912132, -0.121924354923531, 
-0.039841748726577, 0.220086504230445, -0.245048264218963, -0.245048264218963, 
0.179045201131968, -0.108243920557372, -0.0261613143604179, 0.124323463667332, 
-0.0672026174588951, -0.0261613143604179, 0.220086504230445, 
-0.395533042246712, 0.28848867606124, -0.245048264218963, -0.149285223655849, 
0.179045201131968, 0.179045201131968, -276.165878762371, 3.72057146484099, 
-64.2928048492397, -0.0697108282898737, 0.0905944059979209, -0.0108431597157599, 
-0.114884485438177, 0.0140098231760635, 0.348754988941936, 0.0524880974447591, 
-0.0386031482829149, 0.124002600347021, 0.515755606109338, 0.0646942460084347, 
0.247317423228255, -0.0560168168640631, 0.288399457505687, -0.251893319745222, 
0.0384221203034147, 0.039538017450016, -0.109304999705171, -0.12604345690419, 
0.265846988956004, 0.126909606022352, -0.0882403940176232, 0.340640463249131, 
-0.15708241686221, -289.252484864003, 1.6188513999955, -29.3082606277206, 
51.2679742053686, -0.187778429993731, 0.16921710130782, -0.137841857029787, 
-0.0315666436078029, -0.0336194311012499, -0.0608468336638144, 
0.246547026509154, 0.296991827136533, 0.511379460057864, -0.324384227437138, 
-0.261784528144919, -0.115831804981576, 0.177936228656488, 0.1963394955385, 
-0.149028991312796, 0.0854091646743959, -0.174983042340615, 0.0144619307045656, 
-0.0160639176741293, -0.320757815719789, 0.0965399815705598, 
-0.119807430621677, -0.226840141473166, -334.478255950523, 5.51878855985942, 
-22.2573190676272, 28.5963303477876, 39.4296957595402, 0.115781100324477, 
-0.0155957806907378, -0.143078576983464, 0.0986377802507895, 
0.252826362666781, -0.113680605413139, 0.0208470469196125, 0.0621070698242408, 
-0.0254500996717617, 0.597767509465084, -0.206489457285471, 0.0414128821299358, 
0.168176810163864, 0.109951507229359, -0.0229675587544286, 0.399319256916575, 
-0.101864393661733, -0.455102486006629, -0.0113737866329196, 
0.200418547026154, -0.0200475283906283, 0.0621595436771244, -390.673682151647, 
10.0647462314586, -6.38971425485239, 10.0472455837246, 12.6572287575559, 
44.2130515286038, 0.203727123614768, 0.268658427862466, -0.0214685739020181, 
0.223258392182918, 0.104142546962595, 0.280754796663732, 0.170854500853992, 
0.138216098528843, -0.189674802110519, -0.0749471712608337, 0.0573419227925873, 
0.145968524233759, -0.0401351953442414, -0.0291213460166297, 
0.275278194706137, 0.170546682548162, 0.173112494770161, 0.127996217226513, 
-0.165501239090137, 0.146207792558821, -0.0960427322580654, -220.932703009897, 
-16.2746500681863, -16.4633807321351, 24.0793569969829, 12.3668010340624, 
6.39066246502662, 36.0727020449183, 0.16382793808577, 0.447214882938728, 
0.186489686034179, -0.165111875445952, 0.3830156898494, -0.103371687431931, 
0.0727198971914547, -0.172920164141405, -0.0201085218043714, 
-0.293235551162908, 0.0200543834858684, 0.13882814053277, 0.109922965849652, 
-0.0861156326328569, 0.0264065798945558, -0.476468812436818, 
0.0120635324761719, -0.0665616655615066, -0.0236381776260269, 
0.300306327518627), .Dim = c(27L, 7L), .Dimnames = list(c("1", 
"2", "3", "4", "5", "6", "7", "8", "9", "11", "12", "13", "14", 
"15", "18", "19", "20", "21", "22", "23", "24", "25", "26", "27", 
"28", "29", "30"), c("x1", "x2", "x3", "x4", "x5", "x6", "x7"
)), assign = 1:7), qraux = c(1.19245008972988, 1.22008650423045, 
1.29137518322996, 1.06918563214691, 1.10136176186908, 1.64822419937052, 
1.26445854587816), pivot = 1:7, tol = 1e-07, rank = 7L), .Names = c("qr", 
"qraux", "pivot", "tol", "rank"), class = "qr"), df.residual = 20L, 
    xlevels = structure(list(), .Names = character(0)), call = quote(lm(formula = y ~ 
        . + 0, data = structure(list(y = c(43, 63, 71, 61, 81, 
        43, 58, 71, 72, 64, 67, 69, 68, 77, 65, 65, 50, 50, 64, 
        53, 40, 63, 66, 78, 48, 85, 82), x1 = c(1, 1, 1, 1, 1, 
        1, 1, 1, 1, 1, 1, 1, 1, 1, 1, 1, 1, 1, 1, 1, 1, 1, 1, 
        1, 1, 1, 1), x2 = c(75, 85, 75, 66, 37, 57, 70, 82, 62, 
        60, 66, 85, 51, 51, 82, 61, 67, 78, 64, 67, 85, 40, 90, 
        51, 58, 82, 82), x3 = c(30, 51, 68, 45, 56, 49, 42, 50, 
        72, 53, 47, 57, 83, 54, 65, 46, 68, 33, 52, 52, 42, 42, 
        66, 58, 44, 71, 39), x4 = c(39, 54, 69, 47, 66, 44, 56, 
        55, 67, 58, 39, 42, 45, 72, 75, 57, 54, 34, 62, 50, 58, 
        48, 63, 74, 45, 71, 59), x5 = c(61, 63, 76, 54, 71, 54, 
        66, 70, 71, 58, 59, 55, 59, 79, 55, 75, 64, 43, 66, 63, 
        50, 66, 88, 80, 51, 77, 64), x6 = c(92, 73, 86, 84, 83, 
        49, 68, 66, 83, 67, 74, 63, 77, 77, 80, 85, 78, 64, 80, 
        80, 57, 75, 76, 78, 83, 74, 78), x7 = c(45, 47, 48, 35, 
        47, 34, 35, 41, 31, 34, 41, 25, 35, 46, 60, 46, 52, 33, 
        41, 37, 49, 33, 72, 49, 38, 55, 39)), .Names = c("y", 
        "x1", "x2", "x3", "x4", "x5", "x6", "x7"),