
expected <- structure(list(coefficients = structure(c(40.4252838682571, 0.669231346012866, 
-0.0315068602723821, -0.157420662228778, 0.239549764698907, -0.222135806552642, 
-0.188332192664926), .Names = c("x1", "x2", "x3", "x4", "x5", 
"x6", "x7")), residuals = structure(c(-5.92220577351106, -0.172632621271738, 
2.89276070398605, 9.55030543276034, -8.71963112048281, -1.09390452231803, 
-6.83971454077472, 3.94921757627875, 6.29822403386431, 6.42860703104892, 
5.26791297925642, -6.03368739594265, 0.672509299682294, -2.34416770747829, 
-4.19261596397413, 8.50374614126519, -2.74285468913094, 1.06013257577056, 
1.15609051276247, -11.8079597338058, -7.33935754654776, 6.63092462490942, 
-6.01406909654486, 5.10136801270506, -7.30759571315938, 4.41743302656141, 
8.60116447409099), .Names = c("1", "2", "3", "5", "7", "8", "9", 
"10", "11", "12", "13", "14", "15", "16", "17", "18", "19", "21", 
"22", "23", "24", "25", "26", "27", "28", "29", "30")), effects = structure(c(-343.523410167827, 
49.3571362451374, -0.900494662017867, -3.03790444533578, -1.59065567737797, 
-8.46506403401623, -7.12057315181299, 2.122061868342, 8.85493753005284, 
6.55407992071057, 9.38874914433122, -4.8181800060273, 0.656371157678407, 
-2.67188419933606, -7.84984079940587, 3.36974128055883, -1.11888570970356, 
-0.740655439885415, 1.44601518759038, -10.5714358306893, -10.2897867783283, 
13.5519687593678, -6.27390401159204, 6.83207522874112, -7.64936147367781, 
1.18975872493945, 10.1332558455798), .Names = c("x1", "x2", "x3", 
"x4", "x5", "x6", "x7", "", "", "", "", "", "", "", "", "", "", 
"", "", "", "", "", "", "", "", "", "")), rank = 7L, fitted.values = structure(c(48.9222057735111, 
63.1726326212717, 68.1072392960139, 71.4496945672397, 66.7196311204828, 
72.093904522318, 78.8397145407747, 63.0507824237212, 57.7017759661357, 
60.5713929689511, 63.7320870207436, 74.0336873959426, 76.3274907003177, 
83.3441677074783, 78.1926159639741, 56.4962538587348, 67.7428546891309, 
48.9398674242294, 62.8439094872375, 64.8079597338058, 47.3393575465478, 
56.3690753750906, 72.0140690965449, 72.8986319872949, 55.3075957131594, 
80.5825669734386, 73.398835525909), .Names = c("1", "2", "3", 
"5", "7", "8", "9", "10", "11", "12", "13", "14", "15", "16", 
"17", "18", "19", "21", "22", "23", "24", "25", "26", "27", "28", 
"29", "30")), assign = 1:7, qr = structure(list(qr = structure(c(-5.19615242270663, 
0.192450089729875, 0.192450089729875, 0.192450089729875, 0.192450089729875, 
0.192450089729875, 0.192450089729875, 0.192450089729875, 0.192450089729875, 
0.192450089729875, 0.192450089729875, 0.192450089729875, 0.192450089729875, 
0.192450089729875, 0.192450089729875, 0.192450089729875, 0.192450089729875, 
0.192450089729875, 0.192450089729875, 0.192450089729875, 0.192450089729875, 
0.192450089729875, 0.192450089729875, 0.192450089729875, 0.192450089729875, 
0.192450089729875, 0.192450089729875, -350.644063487833, 69.9910047130397, 
-0.0739876890014511, -0.188288091357435, -0.0311250381179571, 
-0.145425440473941, -0.245438292535427, 0.0546002636490308, 0.168900666005015, 
0.0688878139435288, 0.0403127133545328, -0.259725842829925, -0.174000541062937, 
-0.359738694891411, -0.288300943418921, 0.0688878139435288, -0.0739876890014511, 
0.354638819833489, 0.0546002636490308, -0.0168374878234591, 0.397501470716983, 
0.154613115710517, -0.174000541062937, -0.145425440473941, 0.111750464827023, 
-0.288300943418921, -0.245438292535427, -275.588528493181, 38.4409186516115, 
-50.5891167760729, -0.00316766421737167, -0.167031203886066, 
-0.0909859330561284, 0.272060140307717, -0.0461612801759294, 
0.194067007807626, 0.00363435324785844, 0.18078245036209, 0.479236773419893, 
-0.0324404204969572, -0.244907511637645, 0.0831390451846672, 
0.359442106913039, -0.118747129898996, -0.0678762392719259, 0.092208401804974, 
0.0409012089444684, 0.140811953276968, -0.0336325024487515, 0.204764748613163, 
0.0671508463506184, -0.0248826233133682, 0.221508727165571, -0.380254074745113, 
-284.633682710485, 7.04217478959925, 29.6404748996211, 51.4248644978704, 
-0.19043164147419, -0.216388754933204, 0.121675323996009, 0.360524832130797, 
-0.178943409708434, 0.0353403525903521, -0.360813756894493, -0.354065969522259, 
0.277665526055163, -0.0813512054770458, 0.285551665894133, 0.106579479244641, 
0.137612528040578, 0.201762896131839, 0.158119758260836, 0.0281196599755456, 
0.122868642182414, -0.365801722593085, -0.0443127984689602, 0.0356593347725168, 
0.0450742701374822, 0.258159206794848, -0.0186526645796702, -340.05930855269, 
35.7220507474215, -2.99208838484361, -9.14357952057758, -39.0133838280335, 
0.0641726252737678, -0.159335123066534, -0.0853255012928763, 
-0.0172381082937127, -0.0898623699780813, -0.174013129011936, 
-0.424601112585455, 0.148284681555671, -0.389992564905017, 0.0121974050788334, 
-0.287594283933736, 0.190159669209009, -0.24862875422982, 0.0297013947457151, 
-0.0754787876669283, -0.0584039991403416, 0.265591558385241, 
0.395019260707604, 0.230753560888148, -0.249946719325384, -0.0642332125557331, 
-0.162129448658657, -391.058582331106, 6.68128185253085, -3.59575616558608, 
-12.2103438643643, -14.8363118587999, 40.5759479092268, 0.0135229861472616, 
0.0409544322502717, 0.191980852152872, 0.0739667485427822, 0.226047518912096, 
-0.021022873705014, 0.198428008604825, 0.535449730307682, 0.180710481609157, 
-0.0151398983242421, -0.0878527281809105, 0.254727781036821, 
0.0171260734206724, -0.0418679698751346, 0.465989913842551, -0.059735985193362, 
0.20131020723653, 0.112930757683896, -0.194029546591553, 0.306556778849359, 
-0.0472905148845903, -224.589254714764, 11.8745418003161, -11.0954592247823, 
-24.0820194085344, -23.6779229010964, -2.91138160544537, 37.8085820116886, 
0.245177578896136, 0.159969858654524, 0.0358221987220107, 0.21802871667527, 
-0.0430816333161604, 0.249797757092637, -0.00769281307709838, 
-0.208620791479336, -0.424603995654953, 0.101148548143977, 0.209821700082874, 
0.207489541299865, 0.163241818317818, -0.0925201411909837, 0.119651888700778, 
-0.454909584611845, 0.0645987253700994, -0.00687300659513549, 
-0.00264575198979206, -0.04476130287852), .Dim = c(27L, 7L), .Dimnames = list(
    c("1", "2", "3", "5", "7", "8", "9", "10", "11", "12", "13", 
    "14", "15", "16", "17", "18", "19", "21", "22", "23", "24", 
    "25", "26", "27", "28", "29", "30"), c("x1", "x2", "x3", 
    "x4", "x5", "x6", "x7")), assign = 1:7), qraux = c(1.19245008972988, 
1.01173761276554, 1.31612901346956, 1.00937774528013, 1.08157300152583, 
1.25060222977325, 1.46620432177178), pivot = 1:7, tol = 1e-07, 
    rank = 7L), .Names = c("qr", "qraux", "pivot", "tol", "rank"
), class = "qr"), df.residual = 20L, xlevels = structure(list(), .Names = character(0)), 
    call = quote(lm(formula = y ~ . + 0, data = structure(list(y = c(43, 
        63, 71, 81, 58, 71, 72, 67, 64, 67, 69, 68, 77, 81, 74, 
        65, 65, 50, 64, 53, 40, 63, 66, 78, 48, 85, 82), x1 = c(1, 
        1, 1, 1, 1, 1, 1, 1, 1, 1, 1, 1, 1, 1, 1, 1, 1, 1, 1, 
        1, 1, 1, 1, 1, 1, 1, 1), x2 = c(51, 64, 70, 78, 67, 75, 
        82, 61, 53, 60, 62, 83, 77, 90, 85, 60, 70, 40, 61, 66, 
        37, 54, 77, 75, 57, 85, 82), x3 = c(30, 51, 68, 56, 42, 
        50, 72, 45, 53, 47, 57, 83, 54, 50, 64, 65, 46, 33, 52, 
        52, 42, 42, 66, 58, 44, 71, 39), x4 = c(66, 54, 45, 58, 
        72, 72, 44, 39, 58, 54, 69, 62, 45, 72, 42, 39, 54, 45, 
        45, 54, 42, 75, 54, 54, 54, 39, 72), x5 = c(61, 63, 76, 
        71, 66, 70, 71, 62, 58, 59, 55, 59, 79, 60, 79, 55, 75, 
        43, 66, 63, 50, 66, 88, 80, 51, 77, 64), x6 = c(92, 73, 
        86, 83, 68, 66, 83, 80, 67, 74, 63, 77, 77, 54, 79, 80, 
        85, 64, 80, 80, 57, 75, 76, 78, 83, 74, 78), x7 = c(45, 
        47, 48, 47, 35, 41, 31, 41, 34, 41, 25, 35, 46, 36, 63, 
        60, 46, 33, 41, 37, 49, 33, 72, 49, 38, 55, 39)), .Names = c("y", 
        "x1", "x2", "x3", "x4", "x5", "x6", "x7"),