
expected <- structure(list(coefficients = structure(c(8.15658282471101, 0.705946179166078, 
0.00143590633993962, 0.100174018103495, 0.19849959940831, -0.0251360360144485, 
-0.175063898177797), .Names = c("x1", "x2", "x3", "x4", "x5", 
"x6", "x7")), residuals = structure(c(-8.93109303495878, 2.63925875135348, 
4.30050884263567, -1.38865210753499, 6.70749778741237, -13.1988671685937, 
-9.4914307837929, -1.04280838550494, 5.98612680916065, 7.76381761586709, 
7.32741831064948, -8.82902421798549, 1.5802194325085, -2.32999896008631, 
8.77802201414328, -2.04501348705439, -7.15010683573899, 6.49825020155635, 
3.38416528438977, -11.2503224059269, 1.04082672212252, 6.51517436318156, 
-6.47424103010795, 4.26041573383928, -7.3530263616953, 7.02988743833863, 
5.67299547182202), .Names = c("1", "2", "3", "4", "5", "6", "7", 
"8", "10", "11", "13", "14", "16", "17", "18", "19", "20", "21", 
"22", "23", "24", "25", "26", "27", "28", "29", "30")), effects = structure(c(-331.591504604575, 
-52.8406667457116, 1.16535851229253, -3.7999554432575, -2.48682081786646, 
-1.68562034837022, -6.63557996714734, 2.18543962138531, 7.83459217134974, 
12.3209055211616, 12.9121146616096, -5.82307163415793, 6.4932138138544, 
-4.30716508944209, 8.34803257162182, -2.72569943561924, -6.95600954710557, 
11.6940618771534, 4.50551572358368, -9.42522252249801, 4.1000853409109, 
9.07336969773023, -8.99646586634953, 5.05495799569098, -5.68973825612061, 
7.05592831613804, 8.16100518653385), .Names = c("x1", "x2", "x3", 
"x4", "x5", "x6", "x7", "", "", "", "", "", "", "", "", "", "", 
"", "", "", "", "", "", "", "", "", "")), rank = 7L, fitted.values = structure(c(51.9310930349588, 
60.3607412486465, 66.6994911573643, 62.388652107535, 74.2925022125876, 
56.1988671685937, 67.4914307837929, 72.0428083855049, 61.0138731908394, 
56.2361823841329, 61.6725816893505, 76.8290242179855, 79.4197805674915, 
76.3299989600863, 56.2219779858567, 67.0450134870544, 57.150106835739, 
43.5017497984436, 60.6158347156102, 64.2503224059269, 38.9591732778775, 
56.4848256368184, 72.4742410301079, 73.7395842661607, 55.3530263616953, 
77.9701125616614, 76.327004528178), .Names = c("1", "2", "3", 
"4", "5", "6", "7", "8", "10", "11", "13", "14", "16", "17", 
"18", "19", "20", "21", "22", "23", "24", "25", "26", "27", "28", 
"29", "30")), assign = 1:7, qr = structure(list(qr = structure(c(-5.19615242270663, 
0.192450089729875, 0.192450089729875, 0.192450089729875, 0.192450089729875, 
0.192450089729875, 0.192450089729875, 0.192450089729875, 0.192450089729875, 
0.192450089729875, 0.192450089729875, 0.192450089729875, 0.192450089729875, 
0.192450089729875, 0.192450089729875, 0.192450089729875, 0.192450089729875, 
0.192450089729875, 0.192450089729875, 0.192450089729875, 0.192450089729875, 
0.192450089729875, 0.192450089729875, 0.192450089729875, 0.192450089729875, 
0.192450089729875, 0.192450089729875, -342.368709629448, -68.8379740162845, 
0.0946285258367066, -0.00705953369775985, 0.210843451018954, 
-0.123274458880007, 0.0510479288933639, 0.167262854075611, -0.0361132649933217, 
-0.152328190175569, -0.0215863993455408, 0.283477779257859, 0.385165838792325, 
0.312531510553421, -0.0506401306411026, 0.0946285258367066, -0.0796938619366645, 
-0.341177443596721, -0.0361132649933217, 0.0365210632455829, 
-0.384758040540064, -0.137801324527788, 0.196316585371173, 0.167262854075611, 
-0.0942207275844454, 0.312531510553421, 0.268950913610078, -273.471577506153, 
-33.2358545059397, -53.2510494878393, -0.070052322797673, -0.00669154004805236, 
0.0814411228608679, -0.164578018240964, -0.0907237925312555, 
-0.0509579339970586, 0.175651402117566, 0.164842542970884, 0.452604748528973, 
-0.233931708535864, 0.0767098800619636, 0.334168712683665, -0.118103710985803, 
0.409600019326341, -0.0758145229588567, 0.080494874301087, 0.032758902299551, 
0.121837813768252, -0.0404644910369705, 0.190645380492463, 0.0595079883809109, 
-0.0315481290098505, 0.208162688360109, -0.364122852087635, -301.184390427255, 
-1.46559933424278, -8.05466159856032, -50.9895813680315, 0.322000626050814, 
-0.0614910023574615, 0.17899174202829, 0.0327969417787893, 0.146458551635703, 
0.153203077323966, -0.210384500724124, 0.188425101430094, -0.397406976413432, 
-0.00339951854696768, 0.283236603616761, -0.200788024722772, 
0.10460340904294, -0.0605804474598306, -0.0812516649253395, -0.0677581743395296, 
-0.294206193111279, -0.248328325119525, 0.271369205495349, 0.316085096960409, 
-0.0811568688570748, 0.102291707772992, 0.137753967569156, -332.938655232684, 
-34.7369639562104, -5.90088014670624, -3.81713292968675, -39.8974221804881, 
-0.164836966230301, 0.0820915072361654, 0.0484049522288847, 0.0196478327001975, 
-0.0475100866804612, -0.264414497968838, -0.470550188492881, 
-0.385477314040421, 0.0981899764593439, -0.243414681613407, 0.221769514642687, 
-0.0318007528950499, -0.209278372126191, 0.0603042381655075, 
-0.0613978456276716, -0.0763078220651538, 0.166589123436702, 
0.414718869581715, 0.281409278919327, -0.233494226838839, 0.0194232078434162, 
-0.0986737469123115, -386.632230267319, -8.06563862688463, -1.53998245972937, 
-16.6344251603631, -16.9792003073735, 46.1529533463365, 0.277599200223972, 
0.271811891617008, -0.00470136901846712, 0.2855612089304, 0.160557532280247, 
0.0247235072829494, 0.206057398829848, 0.0316262482420041, 0.0267309652352769, 
-0.188332274617504, 0.0774210256888822, 0.152176889663602, -0.0624447484038446, 
-0.0992863643353044, 0.281744812637112, -0.0155930486698714, 
0.323387706623216, 0.229908709889776, -0.248304709804531, 0.178876383917794, 
-0.0311894609886784, -225.166604983954, -15.0934134080444, -18.1722398077161, 
-9.41057333043441, -28.5953401247686, 3.00186421274492, 37.9037599197531, 
0.113204449334281, 0.0502308753340724, 0.192158170140148, 0.335442500731198, 
0.230210109269607, -0.025866578304616, -0.262801075901272, -0.477743216307161, 
0.103043845441266, -0.113710480070962, -0.086251733642179, 0.131960485283582, 
0.171863063177647, -0.377963954305198, 0.304313466095631, -0.309482007286217, 
0.147186222731291, -0.0484901188470911, -0.0649469193257713, 
0.0374189632046289), .Dim = c(27L, 7L), .Dimnames = list(c("1", 
"2", "3", "4", "5", "6", "7", "8", "10", "11", "13", "14", "16", 
"17", "18", "19", "20", "21", "22", "23", "24", "25", "26", "27", 
"28", "29", "30"), c("x1", "x2", "x3", "x4", "x5", "x6", "x7"
)), assign = 1:7), qraux = c(1.19245008972988, 1.00746733195002, 
1.29503368652266, 1.26952704535744, 1.03870947850711, 1.5355946323831, 
1.21314915064702), pivot = 1:7, tol = 1e-07, rank = 7L), .Names = c("qr", 
"qraux", "pivot", "tol", "rank"), class = "qr"), df.residual = 20L, 
    xlevels = structure(list(), .Names = character(0)), call = quote(lm(formula = y ~ 
        . + 0, data = structure(list(y = c(43, 63, 71, 61, 81, 
        43, 58, 71, 67, 64, 69, 68, 81, 74, 65, 65, 50, 50, 64, 
        53, 40, 63, 66, 78, 48, 85, 82), x1 = c(1, 1, 1, 1, 1, 
        1, 1, 1, 1, 1, 1, 1, 1, 1, 1, 1, 1, 1, 1, 1, 1, 1, 1, 
        1, 1, 1, 1), x2 = c(51, 64, 70, 63, 78, 55, 67, 75, 61, 
        53, 62, 83, 90, 85, 60, 70, 58, 40, 61, 66, 37, 54, 77, 
        75, 57, 85, 82), x3 = c(30, 51, 68, 45, 56, 49, 42, 50, 
        45, 53, 57, 83, 50, 64, 65, 46, 68, 33, 52, 52, 42, 42, 
        66, 58, 44, 71, 39), x4 = c(58, 45, 45, 72, 72, 56, 67, 
        58, 66, 67, 47, 63, 34, 54, 72, 47, 63, 59, 54, 54, 47, 
        47, 69, 72, 55, 59, 63), x5 = c(61, 63, 76, 54, 71, 54, 
        66, 70, 62, 58, 55, 59, 60, 79, 55, 75, 64, 43, 66, 63, 
        50, 66, 88, 80, 51, 77, 64), x6 = c(92, 73, 86, 84, 83, 
        49, 68, 66, 80, 67, 63, 77, 54, 79, 80, 85, 78, 64, 80, 
        80, 57, 75, 76, 78, 83, 74, 78), x7 = c(45, 47, 48, 35, 
        47, 34, 35, 41, 41, 34, 25, 35, 36, 63, 60, 46, 52, 33, 
        41, 37, 49, 33, 72, 49, 38, 55, 39)), .Names = c("y", 
        "x1", "x2", "x3", "x4", "x5", "x6", "x7"),