
expected <- structure(list(coefficients = structure(c(-0.529024094389465, 
0.638778548347123, -0.0771451660165771, 0.349368202743121, -0.0348802049292312, 
0.2336555017942, -0.198311905475844), .Names = c("x1", "x2", 
"x3", "x4", "x5", "x6", "x7")), residuals = structure(c(-10.6992806445253, 
1.33664701923475, -0.0429817239678372, -2.83413546393136, 4.88083427625035, 
-6.91510835130674, -7.31081726788889, 2.40574655811844, -8.28872156141046, 
6.65981627415211, 7.32959520203241, 11.9621340576758, 11.8537839942169, 
-2.46874525731682, 0.590003524541216, -0.77784600057759, -1.70654248479247, 
2.75084091955558, -3.28356129261063, -6.68968987853172, 8.17802438966984, 
0.134099523388577, -11.714574047973, -1.68977712351796, 6.65547213548205, 
0.382796847365818, 3.92490748857037), .Names = c("1", "2", "3", 
"4", "5", "6", "7", "8", "9", "10", "11", "12", "13", "14", "15", 
"16", "17", "18", "19", "20", "21", "22", "23", "24", "25", "26", 
"30")), effects = structure(c(-195.98146205836, -272.211014791664, 
-1.64679216849339, 14.9243806896145, 3.80963842738483, 12.6377079137872, 
-7.4368872231821, 2.56187038614551, -4.5824034935415, 5.76151839743273, 
7.32924276321308, 13.9321976595683, 16.2699802972977, 1.88400172134882, 
0.931858264122762, 0.158084947494585, 2.23313005603252, 4.12235031739965, 
1.58206730835874, -9.99525269598956, 5.82666612508164, 3.19467906110687, 
-11.7584262026171, -2.13785116072044, 9.8946057757628, 6.85237001184897, 
3.38807243734342), .Names = c("x1", "x2", "x3", "x4", "x5", "x6", 
"x7", "", "", "", "", "", "", "", "", "", "", "", "", "", "", 
"", "", "", "", "", "")), rank = 7L, fitted.values = structure(c(53.6992806445253, 
61.6633529807652, 71.0429817239678, 63.8341354639314, 76.1191657237496, 
49.9151083513067, 65.3108172678889, 68.5942534418816, 80.2887215614105, 
60.3401837258479, 56.6704047979676, 55.0378659423242, 57.1462160057831, 
70.4687452573168, 76.4099964754588, 81.7778460005776, 75.7065424847925, 
62.2491590804444, 68.2835612926106, 56.6896898785317, 41.8219756103302, 
63.8659004766114, 64.714574047973, 41.689777123518, 56.344527864518, 
65.6172031526342, 78.0750925114296), .Names = c("1", "2", "3", 
"4", "5", "6", "7", "8", "9", "10", "11", "12", "13", "14", "15", 
"16", "17", "18", "19", "20", "21", "22", "23", "24", "25", "26", 
"30")), assign = 1:7, qr = structure(list(qr = structure(c(-6.66246539942773, 
-0.0883240154694943, 0.129534377051123, 0.0454804284551877, 0.0113447254797298, 
-0.104186625023826, 0.12978242755865, -0.135904265699959, 0.202456762857611, 
-0.00761501137796579, 0.0705844178985756, 0.1106992161273, 0.164084143973027, 
0.24428823161042, -0.0345533280440368, 0.112021597376866, 0.274739430948495, 
0.607457558044919, 0.260625435773616, -0.0964492481433288, -0.00802780503636028, 
0.286111346475146, 0.0167730518010264, 0.234170354912051, 0.101250143390369, 
0.254571466680587, 0.0475067884903428, -201.819520814979, -285.268086224191, 
0.148085110010338, 0.186682846041306, 0.264905563808293, 0.271059559181663, 
0.1373823665377, 0.364993352585594, 0.135376078660263, 0.219553863308958, 
0.132771557816619, 0.127178157331014, 0.0940896948141147, 0.107460375922399, 
0.295875830122891, 0.231349102224144, 0.0915982927197812, -0.245955571122747, 
0.0496177237974525, 0.275764150146005, 0.146248963671795, -0.00107496524335854, 
0.218762451417023, -0.0461915360043304, 0.113242861521076, 0.0787034073557696, 
0.251764786771906, -173.200128062243, -213.658085473624, -55.1990774467148, 
-0.0600065559508004, -0.0615037880429356, 0.147965391236149, 
-0.183712103483287, -0.103955828224895, 0.140912802946591, -0.0234748895102051, 
0.218376618194408, 0.00649345932990421, 0.151075220927779, 0.319337612585527, 
-0.0761937855950895, -0.352494212538838, -0.0575682776695173, 
0.248468059698036, -0.174714471139458, 0.449552597473209, 0.0483788106412037, 
0.0536011252544538, 0.0303570286498657, 0.211724011061899, 0.000134776016170175, 
0.0922426517722634, -0.430685061156452, -184.110134345519, -224.413399187228, 
-13.6662416062358, 48.2111868436014, -0.0930194498433967, 0.0241266602625396, 
-0.0753147522784697, 0.0150980934793381, 0.103433354975486, 0.0270194101584006, 
-0.208123649741149, 0.23103570223724, 0.279785188143039, 0.663648641744766, 
-0.256559125924829, -0.0995080040664161, 0.0575081840983815, 
-0.238986036478725, 0.0045451458357048, -0.00857743663258195, 
-0.0235313720600922, -0.147218226138197, 0.0784820207463634, 
-0.417951752268062, -0.0613679966828433, 0.102331972869998, -0.017723834614547, 
-195.814610196373, -269.405492282084, -15.257913345995, 24.0779220136521, 
42.3529091529849, -0.0190638197423408, -0.0370504522146509, -0.0581171593278296, 
0.227325441270109, -0.11867458354044, 0.0786574337675637, -0.155678227603356, 
0.0303698747387056, 0.253348540356635, -0.003202424324322, 0.561075965066328, 
0.0731585478417196, 0.50575846920328, -0.190468673293122, -0.0337384279993357, 
-0.0794391094571268, 0.0253305747428982, -0.0328117733089998, 
0.092619323358631, -0.269013104061628, -0.291007633461572, 0.178788526206365, 
-235.047877579857, -300.744296755408, -23.5189952547979, 20.1786670748769, 
48.0088625010374, 55.9659771016459, 0.146859292485506, 0.162241025014357, 
0.13628404164516, -0.175846647184723, -0.0719403489880511, 0.03170571720903, 
0.218831924445533, 0.300535334773277, 0.077860969516057, 0.294793057251785, 
0.369123323699961, -0.0517352336205636, 0.123867682831206, -0.144060614331645, 
-0.293698331265994, -0.00417161159729146, -0.10922056826068, 
-0.0654798473316482, 0.000838574047533928, 0.592124615500491, 
-0.0809254723308157, -143.525240417338, -165.426162381975, -19.3259178797162, 
29.217049389732, 29.9055080229712, 2.21393944174496, 37.5009619585747, 
0.0180459174647792, 0.46229274082394, -0.0319834876610366, 0.225673839370207, 
-0.0943973604918873, 0.275625203346838, -0.0103751966774146, 
0.191047913470353, 0.0760815637910445, -0.223333685954217, -0.2507152835409, 
0.181170404231743, -0.270068926411915, -0.116811763751332, 0.247211082520092, 
0.0860541819352964, -0.15427099387356, 0.344451231253904, -0.301090777836273, 
0.0271148250029853), .Dim = c(27L, 7L), .Dimnames = list(c("1", 
"2", "3", "4", "5", "6", "7", "8", "9", "10", "11", "12", "13", 
"14", "15", "16", "17", "18", "19", "20", "21", "22", "23", "24", 
"25", "26", "30"), c("x1", "x2", "x3", "x4", "x5", "x6", "x7"
)), assign = 1:7), qraux = c(1.17988064342521, 1.2906938316299, 
1.24604101638998, 1.06459174834595, 1.12079866652885, 1.17487337133939, 
1.26876747094724), pivot = 1:7, tol = 1e-07, rank = 7L), .Names = c("qr", 
"qraux", "pivot", "tol", "rank"), class = "qr"), df.residual = 20L, 
    xlevels = structure(list(), .Names = character(0)), call = quote(lm(formula = y ~ 
        . + 0, data = structure(list(y = c(43, 63, 71, 61, 81, 
        43, 58, 71, 72, 67, 64, 67, 69, 68, 77, 81, 74, 65, 65, 
        50, 50, 64, 53, 40, 63, 66, 82), x1 = c(1.19844856284726, 
        -0.588455697004025, 0.863018305139535, 0.303011780933836, 
        0.0755838409747057, -0.694139784304391, 0.864670933063239, 
        -0.905457467860607, 1.34886117741898, -0.0507347498219455, 
        0.470266241988007, 0.737529697191911, 1.09320493181501, 
        1.62756189059181, -0.230210352528471, 0.746340016511991, 
        1.83044195255281, 4.04716496209513, 1.73640794805249, 
        -0.642589778555747, -0.053484973288102, 1.90620694627434, 
        0.111749877267147, 1.56015188717325, 0.674575577025432, 
        1.69607358844098, 0.31651233455484), x2 = c(51, 64, 70, 
        63, 78, 55, 67, 75, 82, 61, 53, 60, 62, 83, 77, 90, 85, 
        60, 70, 58, 40, 61, 66, 37, 54, 77, 82), x3 = c(30, 51, 
        68, 45, 56, 49, 42, 50, 72, 45, 53, 47, 57, 83, 54, 50, 
        64, 65, 46, 68, 33, 52, 52, 42, 42, 66, 39), x4 = c(39, 
        54, 69, 47, 66, 44, 56, 55, 67, 47, 58, 39, 42, 45, 72, 
        72, 69, 75, 57, 54, 34, 62, 50, 58, 48, 63, 59),