
expected <- structure(list(coefficients = structure(c(9.20276160584546, 0.597686867969097, 
-0.0369184979226396, 0.254089122828749, 0.146131328938355, 0.0254493632847753, 
-0.179172907713579), .Names = c("x1", "x2", "x3", "x4", "x5", 
"x6", "x7")), residuals = structure(c(-7.71940341925079, 1.32278851052617, 
0.243139348319634, 0.0674043391292887, 6.96249909365355, -10.9389085829253, 
-8.91961287498706, -7.10608204939717, 8.15660629312457, 5.84439662423293, 
10.3074598704908, 9.41815699429163, -4.04462192615015, -0.230512574618167, 
-2.28266633828307, -2.74104103049519, 3.69781729178877, -7.46860388845358, 
8.06003945739572, -0.125299815203441, -10.8261033542262, -4.29688311859005, 
5.78956000789229, 1.49035446527638, -7.91077113000333, 6.2938849613676, 
6.95640284509422), .Names = c("1", "2", "3", "4", "5", "6", "7", 
"9", "10", "11", "12", "13", "14", "15", "16", "17", "18", "20", 
"21", "22", "23", "24", "25", "27", "28", "29", "30")), effects = structure(c(-334.285805860793, 
-54.1626149974308, 5.04350622645463, 10.1319432038628, 3.53696193250381, 
-0.590430092176742, -6.05553039801583, -5.77850982528567, 9.36382972043059, 
9.23539871928281, 12.4486613088008, 12.672645027204, -5.22593068429361, 
3.73300997608795, -2.28777445186118, -3.18976175640452, -1.26665255386874, 
-6.65957951149736, 9.55891710715551, 2.2086017488539, -9.24957412565902, 
-2.70088668912125, 11.1325988780023, 5.60264866240994, -9.15911938331096, 
7.06543105536586, 6.16575404720558), .Names = c("x1", "x2", "x3", 
"x4", "x5", "x6", "x7", "", "", "", "", "", "", "", "", "", "", 
"", "", "", "", "", "", "", "", "", "")), rank = 7L, fitted.values = structure(c(50.7194034192508, 
61.6772114894738, 70.7568606516804, 60.9325956608707, 74.0375009063465, 
53.9389085829253, 66.9196128749871, 79.1060820493972, 58.8433937068754, 
58.1556033757671, 56.6925401295092, 59.5818430057084, 72.0446219261502, 
77.2305125746182, 83.2826663382831, 76.7410410304952, 61.3021827082112, 
57.4686038884536, 41.9399605426043, 64.1252998152034, 63.8261033542262, 
44.29688311859, 57.2104399921077, 76.5096455347236, 55.9107711300033, 
78.7061150386324, 75.0435971549058), .Names = c("1", "2", "3", 
"4", "5", "6", "7", "9", "10", "11", "12", "13", "14", "15", 
"16", "17", "18", "20", "21", "22", "23", "24", "25", "27", "28", 
"29", "30")), assign = 1:7, qr = structure(list(qr = structure(c(-5.19615242270663, 
0.192450089729875, 0.192450089729875, 0.192450089729875, 0.192450089729875, 
0.192450089729875, 0.192450089729875, 0.192450089729875, 0.192450089729875, 
0.192450089729875, 0.192450089729875, 0.192450089729875, 0.192450089729875, 
0.192450089729875, 0.192450089729875, 0.192450089729875, 0.192450089729875, 
0.192450089729875, 0.192450089729875, 0.192450089729875, 0.192450089729875, 
0.192450089729875, 0.192450089729875, 0.192450089729875, 0.192450089729875, 
0.192450089729875, 0.192450089729875, -341.791359360259, -70.2329457353646, 
0.0940757185871527, -0.00559260554061164, 0.207982374733169, 
-0.119499261686628, 0.0513607225323965, 0.264935702806177, -0.0340692695771157, 
-0.147975925723132, -0.0483076015953678, -0.0198309375588637, 
0.279174034824429, 0.193744042714917, 0.378842358952194, 0.307650698860933, 
-0.0483076015953678, -0.0767842656318719, -0.333074241960409, 
-0.0340692695771157, 0.0371223905141445, -0.375789238015165, 
-0.13373759370488, 0.165267378678413, -0.0910225976501239, 0.307650698860933, 
0.264935702806177, -294.448637286709, -27.8359390956828, -62.9853990593172, 
-0.196819305768942, 0.13342851172585, 0.173206849111537, -0.20718873302542, 
0.297702734653133, 0.197344446904947, -0.16295738989212, -0.2565181910794, 
0.190782916223015, 0.0529907719024352, -0.320434126258497, -0.342227243238614, 
0.278018142607336, 0.0451390228743694, 0.0582620842382342, 0.0334793772717575, 
-0.183696244405077, 0.00576983878277525, 0.0214105783750526, 
0.0686315114947126, -0.450201324135891, -0.18920351261985, 0.0874977969523236, 
0.0595523025843676, -291.754336030491, -37.5876144912945, 8.55679605825433, 
49.6120941452654, -0.0872967288375751, 0.108571448063768, -0.0264203776030111, 
-0.0537900375277081, 0.114824862134676, -0.21618883935194, 0.237083417462932, 
0.226071350818954, 0.385359056866746, -0.247227430810324, -0.107252612637483, 
-0.0627089553403813, -0.469855448980997, -0.0675007851830406, 
0.138410258971803, -0.211130015736357, 0.0968416055171679, -0.378704023861911, 
0.0105953050951696, -0.317322870900075, 0.0877024867346684, -0.114826328907646, 
0.092705188488965, -328.319853079167, -33.1911339714365, 0.0514360014744693, 
17.2386108341477, 31.5792709005574, 0.128074318478863, -0.0860062816141878, 
0.138685117743139, -0.0333694653084691, 0.10139566944517, -0.16369284137506, 
0.124864284147964, 0.16343415884795, -0.228198201740935, 0.464972898583785, 
-0.0692547825094948, 0.533168080420155, -0.0547421817510222, 
0.193316251572707, -0.0418932725743872, -0.0314280711773118, 
0.279232543305974, -0.228550535073467, -0.277592979279721, 0.166383329318948, 
-0.0231016271696272, 0.193306328388751, -387.979380895428, -10.5506040255248, 
-5.41893889727348, 0.264654250015644, 21.4760060179671, 45.321418552031, 
0.189870915087568, -0.0712145267783402, 0.022964101391656, 0.0936183631406963, 
0.105824957248942, 0.357498793560252, 0.0653169398703659, -0.00317981602552725, 
0.285349984296634, 0.0946587359261176, -0.332457279349692, 0.00220933327207099, 
0.212054888594718, -0.128436809549729, -0.0210788540537247, 0.236795252983526, 
0.142532137880739, -0.0560357272695245, -0.231226640628055, 0.129192823773583, 
-0.018274227364085, -217.276151305029, -8.12850554553101, -3.76386831820737, 
27.9048140447447, 9.06559809116242, 9.73267309071293, 33.797131917377, 
0.522481961147895, -0.0298285998044893, 0.297280150508891, -0.223178934064261, 
0.22009792148336, -0.0773068286030394, 0.186210909859071, 0.145223194319382, 
-0.382355480879682, -0.188725614556383, -0.226118555156207, -0.0747056614571421, 
0.220037838621143, 0.100361450289763, -0.134157683204972, 0.264919497284781, 
0.149303677625407, -0.0194080651193654, -0.161744999427982, 0.0742566517598607
), .Dim = c(27L, 7L), .Dimnames = list(c("1", "2", "3", "4", 
"5", "6", "7", "9", "10", "11", "12", "13", "14", "15", "16", 
"17", "18", "20", "21", "22", "23", "24", "25", "27", "28", "29", 
"30"), c("x1", "x2", "x3", "x4", "x5", "x6", "x7")), assign = 1:7), 
    qraux = c(1.19245008972988, 1.00864572647764, 1.13829067076756, 
    1.1121448392397, 1.05636324081579, 1.62726544401605, 1.19549360825003
    ), pivot = 1:7, tol = 1e-07, rank = 7L), .Names = c("qr", 
"qraux", "pivot", "tol", "rank"), class = "qr"), df.residual = 20L, 
    xlevels = structure(list(), .Names = character(0)), call = quote(lm(formula = y ~ 
        . + 0, data = structure(list(y = c(43, 63, 71, 61, 81, 
        43, 58, 72, 67, 64, 67, 69, 68, 77, 81, 74, 65, 50, 50, 
        64, 53, 40, 63, 78, 48, 85, 82), x1 = c(1, 1, 1, 1, 1, 
        1, 1, 1, 1, 1, 1, 1, 1, 1, 1, 1, 1, 1, 1, 1, 1, 1, 1, 
        1, 1, 1, 1), x2 = c(51, 64, 70, 63, 78, 55, 67, 82, 61, 
        53, 60, 62, 83, 77, 90, 85, 60, 58, 40, 61, 66, 37, 54, 
        75, 57, 85, 82), x3 = c(56, 58, 68, 44, 71, 64, 45, 83, 
        68, 42, 39, 68, 68, 42, 46, 83, 58, 58, 49, 44, 58, 47, 
        57, 33, 42, 71, 68), x4 = c(39, 54, 69, 47, 66, 44, 56, 
        67, 47, 58, 39, 42, 45, 72, 72, 69, 75, 54, 34, 62, 50, 
        58, 48, 74, 45, 71, 59), x5 = c(61, 63, 76, 54, 71, 54, 
        66, 71, 62, 58, 59, 55, 59, 79, 60, 79, 55, 64, 43, 66, 
        63, 50, 66, 80, 51, 77, 64), x6 = c(92, 73, 86, 84, 83, 
        49, 68, 83, 80, 67, 74, 63, 77, 77, 54, 79, 80, 78, 64, 
        80, 80, 57, 75, 78, 83, 74, 78), x7 = c(45, 47, 48, 35, 
        47, 34, 35, 31, 41, 34, 41, 25, 35, 46, 36, 63, 60, 52, 
        33, 41, 37, 49, 33, 49, 38, 55, 39)), .Names = c("y", 
        "x1", "x2", "x3", "x4", "x5", "x6", "x7"),