
expected <- structure(list(coefficients = structure(c(4.86704310750646, -0.0735014123323255, 
0.116701310421184, -0.0641981320571784, 0.705744064140874, 0.176342941097992, 
0.0631526112040908), .Names = c("x1", "x2", "x3", "x4", "x5", 
"x6", "x7")), residuals = structure(c(-13.0688988394745, 6.84660260928621, 
0.389293614973706, 2.85536432589051, -23.3841868751575, 0.506849883350582, 
-4.38037908241064, 15.1728160970079, 15.2048696654539, -5.11254752949904, 
5.71624195806574, 8.3794933944881, -1.35531815107508, 7.0218477533986, 
0.334069901982125, -1.22851838851114, 6.68108456414901, -6.46660660096895, 
6.83451642562094, -15.6379765937226, -15.8842190547269, -3.50556467067604, 
1.42253865682222, 7.44960520952574, -18.4539656736751, 12.620492433964, 
12.4063204241895), .Names = c("1", "3", "4", "5", "6", "7", "8", 
"9", "10", "11", "12", "13", "15", "16", "17", "18", "19", "20", 
"22", "23", "24", "25", "26", "27", "28", "29", "30")), effects = structure(c(-288.866917715762, 
-171.005966106585, -32.985292374273, 21.7417350701707, -37.2075964753756, 
10.0520767426894, 2.38178932195682, 5.05522113450956, 14.3725852057921, 
3.62972952284368, 0.160098041116682, 12.3233452830195, 13.4190470231569, 
13.5005995834498, 8.68658716368665, -3.13090511337234, 0.399674232761752, 
-7.41659381904223, 1.73415159671875, -21.1413537100759, -20.0092299524963, 
1.40113802717023, 2.01161159950053, 11.4893305275087, -18.2672371314196, 
19.2024917644529, 14.0811599252646), .Names = c("x1", "x2", "x3", 
"x4", "x5", "x6", "x7", "", "", "", "", "", "", "", "", "", "", 
"", "", "", "", "", "", "", "", "", "")), rank = 7L, fitted.values = structure(c(56.0688988394745, 
64.1533973907138, 60.6107063850263, 78.1446356741095, 66.3841868751575, 
57.4931501166494, 75.3803790824106, 56.8271839029921, 51.7951303345461, 
69.112547529499, 61.2837580419343, 60.6205066055119, 78.3553181510751, 
73.9781522466014, 73.6659300980179, 66.2285183885111, 58.318915435851, 
56.466606600969, 57.1654835743791, 68.6379765937226, 55.8842190547269, 
66.505564670676, 64.5774613431778, 70.5503947904743, 66.4539656736751, 
72.379507566036, 69.5936795758105), .Names = c("1", "3", "4", 
"5", "6", "7", "8", "9", "10", "11", "12", "13", "15", "16", 
"17", "18", "19", "20", "22", "23", "24", "25", "26", "27", "28", 
"29", "30")), assign = 1:7, qr = structure(list(qr = structure(c(-8.4751889998504, 
0.189063707433305, 0.0430695228917087, 0.417863967865133, 0.218282304668157, 
0.0209682591903717, 0.11421903190377, 0.139434983866865, 0.0723700292022287, 
0.18126876459899, 0.180736460840192, 0.0941225382412008, 0.185721793626611, 
0.214280589469858, 0.317109071734043, -0.0722611968618721, 0.190808408963266, 
-0.0157514882904253, 0.0851220982144507, 0.300376822538066, 0.143538248380488, 
0.144353254654273, 0.189156297249282, 0.295877317935328, 0.100461270654397, 
0.32888973321632, 0.023924646198521, -270.036388928061, -210.509735296715, 
0.199064891478183, -0.305666213573847, -0.0489223918164337, 0.375809866573053, 
0.213409113330404, 0.0752624701714596, 0.159977629758893, 0.0527082740215301, 
0.148425856790379, 0.116708373532965, 0.00876488157480042, 0.103677546948971, 
-0.152256357264151, 0.500179190094015, 0.063734133302044, 0.315535888912411, 
0.252224806489089, -0.0111759630661007, 0.107791654227066, 0.139957044000537, 
0.0184343308417876, -0.0954306730139203, 0.170007284572055, -0.15372079261853, 
0.224604409395028, -237.014780153282, -132.418505992319, -90.5832945948297, 
0.0699066537841602, 0.216019508987728, -0.123598981481385, -0.0423296203123774, 
0.424734595112719, -0.0942318487076475, -0.244271963810807, -0.167854675945838, 
0.0942322679479541, -0.0622214755051529, -0.274861990904944, 
0.0882868626016876, 0.0031891265831623, 0.0229292080577342, 0.0297043984744815, 
-0.12693645566613, -0.1966157419043, 0.00326978390597564, -0.165719924410883, 
0.201692214465716, -0.164867984659523, 0.277629260489765, -0.118858351661958, 
0.53380244646794, -227.945977586642, -168.858182695083, -30.11025344812, 
69.7274556847853, 0.229584929018682, -0.249870525350233, -0.192716743638597, 
0.368394735178869, -0.0266121094692713, -0.246518441277426, 0.0724266955655582, 
-0.323562184038381, 0.00360302307572494, -0.241649690699822, 
0.299752138501396, 0.246522562577406, 0.0764533404324785, -0.14994874305491, 
0.1054174725267, 0.146633640652152, 0.154624424396907, -0.378086546812327, 
0.112385727355348, -0.0249813072172548, 0.170689001136865, 0.222043155061235, 
-0.0519004726391437, -265.586481715108, -190.219162420697, -20.2635721515908, 
28.8613200998157, -48.144603268823, -0.226989226877378, 0.101489532955942, 
-0.277953970722656, 0.0809942123236988, 0.26154018485773, -0.235377626124294, 
0.0578981605148336, 0.601231756241977, 0.0658745474778162, 0.221504329224919, 
0.277693063664307, -0.277273316358137, 0.0837206114514528, -0.0892545630242009, 
-0.281662728431685, -0.0999749844763515, 0.0255817148952084, 
-0.0245956405541959, 0.0405039936737096, 0.056840832505115, 0.189059780711081, 
0.0971619702817885, -317.927511724159, -224.84472143965, -43.63805300306, 
34.5757439144264, -15.6572416057046, 54.690379206746, -0.0980327567730233, 
-0.290487842157658, -0.458466494657717, -0.0597047461738046, 
-0.179722722605744, -0.104875911121354, -0.0755644083563888, 
0.21638097456316, 0.328884812571824, -0.100596126010751, -0.315642116737626, 
-0.345695018831316, -0.285690708566447, -0.249934809280118, -0.25819230477778, 
0.0703978508714552, -0.0367151251251078, -0.147170267389222, 
0.0333896104274974, -0.103324680870729, 0.0906208154422987, -173.219734639935, 
-126.20018893335, -37.2267559563442, -3.92361033498935, -7.42304165760754, 
6.45760192384477, 37.7148193327996, -0.482834985466523, -0.0484859245777994, 
-0.242841335542799, 0.212247333043742, 0.0404029487340656, 0.253812572542913, 
0.298963887048889, -0.071548881858671, -0.18211380497397, 0.172086501375543, 
0.203617896440905, 0.245891255505763, -0.229592762757752, -0.0568345911363608, 
0.106856559478122, 0.164617715113309, -0.286856794558822, 0.349777287707319, 
0.151029945218786, -0.0859665044035361), .Dim = c(27L, 7L), .Dimnames = list(
    c("1", "3", "4", "5", "6", "7", "8", "9", "10", "11", "12", 
    "13", "15", "16", "17", "18", "19", "20", "22", "23", "24", 
    "25", "26", "27", "28", "29", "30"), c("x1", "x2", "x3", 
    "x4", "x5", "x6", "x7")), assign = 1:7), qraux = c(1.1538822078021, 
1.11356532941368, 1.17460776407959, 1.09676152867147, 1.05198790736175, 
1.01687326627468, 1.07715724129674), pivot = 1:7, tol = 1e-07, 
    rank = 7L), .Names = c("qr", "qraux", "pivot", "tol", "rank"
), class = "qr"), df.residual = 20L, xlevels = structure(list(), .Names = character(0)), 
    call = quote(lm(formula = y ~ . + 0, data = structure(list(y = c(43, 
        71, 61, 81, 43, 58, 71, 72, 67, 64, 67, 69, 77, 81, 74, 
        65, 65, 50, 64, 53, 40, 63, 66, 78, 48, 85, 82), x1 = c(1.30418079483706, 
        1.60235065350968, 0.365022346640615, 3.54147610388442, 
        1.84998378738556, 0.17770995963625, 0.968027882764394, 
        1.18173784146277, 0.613349675413581, 1.53628703974583, 
        1.53177566478469, 0.797706300739824, 1.57402730237674, 
        1.8160684947564, 2.68755931651313, -0.612427300759763, 
        1.61713732872443, -0.133496840290285, 0.721425870431298, 
        2.54575034218463, 1.21651378373211, 1.2234211159385, 
        1.60313536969955, 2.50761619027073, 0.851428255961143, 
        2.78740264911869, 0.202765898287018), x2 = c(54, 77, 
        54, 53, 51, 85, 77, 55, 54, 62, 82, 51, 54, 82, 57, 85, 
        67, 62, 77, 82, 63, 70, 57, 63, 64, 60, 54), x3 = c(52, 
        57, 52, 72, 68, 42, 52, 83, 30, 30, 49, 47, 42, 42, 68, 
        46, 58, 39, 42, 56, 50, 39, 68, 47, 72, 52, 83), x4 = c(66, 
        45, 74, 58, 44, 72, 72, 44, 39, 58, 54, 69, 45, 72, 42, 
        39, 54, 55, 45, 54, 42, 75, 54, 54, 54, 39, 72), x5 = c(54, 
        66, 64, 64, 55, 66, 79, 43, 51, 71, 59, 61, 80, 79, 66, 
        79, 50, 62, 59, 58, 51, 71, 58, 62, 66, 63, 70),