
expected <- structure(list(coefficients = structure(c(34.7260061642002, 0.638513908667692, 
0.0364631858445999, 0.18447350977323, 0.000891884642560127, -0.119865121338547, 
-0.403725093099411), .Names = c("x1", "x2", "x3", "x4", "x5", 
"x6", "x7")), residuals = structure(c(-5.05266294572058, -3.20264531344722, 
5.18182290212896, 5.86485333424654, -5.10881534362401, 2.83626872190296, 
5.25094091617189, 6.27411310934669, 4.10290615249561, 8.00269874350684, 
8.10757011464964, -7.33931644778, 0.339401657692887, -5.74792820798782, 
-4.11038995330258, 0.235523499268084, -3.1697043389994, 3.2139978222479, 
-0.155524469833617, -6.88331003167328, -5.62659128358277, 2.43220753462343, 
-7.95088669520718, 1.41315276260057, -9.39701495550768, 3.24552833023468, 
7.24380438554942), .Names = c("1", "2", "3", "5", "7", "8", "9", 
"10", "11", "12", "13", "14", "15", "16", "17", "18", "19", "21", 
"22", "23", "24", "25", "26", "27", "28", "29", "30")), effects = structure(c(-343.523410167827, 
49.3571362451374, -0.900494662017867, -9.30463239602708, 1.26437505230766, 
-5.79748090168314, 14.6071607594123, 8.52863612164118, 2.88824180551608, 
10.5635045110657, 8.29492047708313, -6.82475563295581, 0.15090383922297, 
-9.19816332824995, -4.59223291820623, -3.63984100696638, -0.621834125941308, 
4.68672312037106, -0.058241478905217, -6.08593099634147, -8.98174135490488, 
5.21708314420132, -6.8087032333634, 1.00954460870532, -7.71562155107771, 
1.99716870800667, 8.08561331867898), .Names = c("x1", "x2", "x3", 
"x4", "x5", "x6", "x7", "", "", "", "", "", "", "", "", "", "", 
"", "", "", "", "", "", "", "", "", "")), rank = 7L, fitted.values = structure(c(48.0526629457206, 
66.2026453134472, 65.818177097871, 75.1351466657535, 63.108815343624, 
68.163731278097, 66.7490590838281, 60.7258868906533, 59.8970938475044, 
58.9973012564932, 60.8924298853504, 75.33931644778, 76.6605983423071, 
86.7479282079878, 78.1103899533026, 64.7644765007319, 68.1697043389994, 
46.7860021777521, 64.1555244698336, 59.8833100316733, 45.6265912835828, 
60.5677924653766, 73.9508866952072, 76.5868472373994, 57.3970149555077, 
81.7544716697653, 74.7561956144506), .Names = c("1", "2", "3", 
"5", "7", "8", "9", "10", "11", "12", "13", "14", "15", "16", 
"17", "18", "19", "21", "22", "23", "24", "25", "26", "27", "28", 
"29", "30")), assign = 1:7, qr = structure(list(qr = structure(c(-5.19615242270663, 
0.192450089729875, 0.192450089729875, 0.192450089729875, 0.192450089729875, 
0.192450089729875, 0.192450089729875, 0.192450089729875, 0.192450089729875, 
0.192450089729875, 0.192450089729875, 0.192450089729875, 0.192450089729875, 
0.192450089729875, 0.192450089729875, 0.192450089729875, 0.192450089729875, 
0.192450089729875, 0.192450089729875, 0.192450089729875, 0.192450089729875, 
0.192450089729875, 0.192450089729875, 0.192450089729875, 0.192450089729875, 
0.192450089729875, 0.192450089729875, -350.644063487833, 69.9910047130397, 
-0.0739876890014511, -0.188288091357435, -0.0311250381179571, 
-0.145425440473941, -0.245438292535427, 0.0546002636490308, 0.168900666005015, 
0.0688878139435288, 0.0403127133545328, -0.259725842829925, -0.174000541062937, 
-0.359738694891411, -0.288300943418921, 0.0688878139435288, -0.0739876890014511, 
0.354638819833489, 0.0546002636490308, -0.0168374878234591, 0.397501470716983, 
0.154613115710517, -0.174000541062937, -0.145425440473941, 0.111750464827023, 
-0.288300943418921, -0.245438292535427, -275.588528493181, 38.4409186516115, 
-50.5891167760729, -0.00316766421737167, -0.167031203886066, 
-0.0909859330561284, 0.272060140307717, -0.0461612801759294, 
0.194067007807626, 0.00363435324785844, 0.18078245036209, 0.479236773419893, 
-0.0324404204969572, -0.244907511637645, 0.0831390451846672, 
0.359442106913039, -0.118747129898996, -0.0678762392719259, 0.092208401804974, 
0.0409012089444684, 0.140811953276968, -0.0336325024487515, 0.204764748613163, 
0.0671508463506184, -0.0248826233133682, 0.221508727165571, -0.380254074745113, 
-297.527838722387, 35.5135583468277, -11.8516979838765, -48.2235379626031, 
0.0750897993545926, -0.058236441180571, -0.0196557085553235, 
-0.0941457096375501, 0.127353894350043, -0.268315037800077, -0.293849248636085, 
-0.564434550492817, 0.251241851319996, 0.194927838781171, 0.0615428067064411, 
0.344114840428868, 0.0461558654104395, -0.135222990778853, 0.164758226616937, 
-0.117203131244745, 0.315284649387418, -0.00469171660190341, 
-0.0247846889873241, 0.276164899973097, -0.101673414793717, 0.0508688449211501, 
0.0602883418434414, -340.05930855269, 35.7220507474215, -2.99208838484361, 
-14.719169466044, -37.2692261040187, 0.0382911526672781, -0.132676681248276, 
0.024011503696874, -0.101795034596905, 0.00541059234602756, -0.163214563459382, 
-0.331718342334546, 0.132082992480758, -0.493056580896258, 0.0561061679297304, 
-0.394413959658618, 0.214317372691583, -0.168689338295681, 0.0105167711067292, 
-0.0327006506859377, -0.140994803015213, 0.197213518869501, 0.411976513253235, 
0.155391497678627, -0.216810835825468, -0.0264316019198206, -0.194482151548384, 
-391.058582331106, 6.68128185253085, -3.59575616558608, 2.60675033656675, 
-19.5558173696067, 40.3285389678236, -0.0340174574237583, -0.0699338141886379, 
0.237584478614219, 0.0789438364433533, 0.352154179412984, 0.105988720675174, 
0.102625124813305, 0.521044460002814, 0.0882764219922455, -0.0967461512842099, 
-0.121931862443141, 0.186774877883945, -0.0436128075132857, -0.0466515042642281, 
0.400610526430522, 0.0733476359255051, 0.24605371077663, 0.0960876775845275, 
-0.218517327350709, 0.218994987573285, -0.0579912771124785, -196.106641434743, 
6.23466361369539, -6.69300205346098, 0.205785692326844, 2.59197542352108, 
2.38651424290195, -36.1809583032669, -0.0995351102317734, -0.118073044553101, 
-0.119575100861545, -0.0682197347376431, -0.346857089452105, 
-0.186097944938801, -0.0814402167053559, -0.0594355418105514, 
0.0196111864992692, -0.156210049406991, -0.00660057675645568, 
-0.121096102701671, 0.184489428342059, 0.339201661925686, -0.338335613177602, 
-0.246564289098694, -0.257840375727219, -0.0355504900289114, 
-0.263114403717748, 0.0556233935977671), .Dim = c(27L, 7L), .Dimnames = list(
    c("1", "2", "3", "5", "7", "8", "9", "10", "11", "12", "13", 
    "14", "15", "16", "17", "18", "19", "21", "22", "23", "24", 
    "25", "26", "27", "28", "29", "30"), c("x1", "x2", "x3", 
    "x4", "x5", "x6", "x7")), assign = 1:7), qraux = c(1.19245008972988, 
1.01173761276554, 1.31612901346956, 1.10529795744899, 1.01687850927921, 
1.32910388391468, 1.53681494998749), pivot = 1:7, tol = 1e-07, 
    rank = 7L), .Names = c("qr", "qraux", "pivot", "tol", "rank"
), class = "qr"), df.residual = 20L, xlevels = structure(list(), .Names = character(0)), 
    call = quote(lm(formula = y ~ . + 0, data = structure(list(y = c(43, 
        63, 71, 81, 58, 71, 72, 67, 64, 67, 69, 68, 77, 81, 74, 
        65, 65, 50, 64, 53, 40, 63, 66, 78, 48, 85, 82), x1 = c(1, 
        1, 1, 1, 1, 1, 1, 1, 1, 1, 1, 1, 1, 1, 1, 1, 1, 1, 1, 
        1, 1, 1, 1, 1, 1, 1, 1), x2 = c(51, 64, 70, 78, 67, 75, 
        82, 61, 53, 60, 62, 83, 77, 90, 85, 60, 70, 40, 61, 66, 
        37, 54, 77, 75, 57, 85, 82), x3 = c(30, 51, 68, 56, 42, 
        50, 72, 45, 53, 47, 57, 83, 54, 50, 64, 65, 46, 33, 52, 
        52, 42, 42, 66, 58, 44, 71, 39), x4 = c(39, 54, 69, 66, 
        56, 55, 67, 47, 58, 39, 42, 45, 72, 72, 69, 75, 57, 34, 
        62, 50, 58, 48, 63, 74, 45, 71, 59), x5 = c(61, 63, 76, 
        71, 66, 70, 71, 62, 58, 59, 55, 59, 79, 60, 79, 55, 75, 
        43, 66, 63, 50, 66, 88, 80, 51, 77, 64), x6 = c(92, 73, 
        86, 83, 68, 66, 83, 80, 67, 74, 63, 77, 77, 54, 79, 80, 
        85, 64, 80, 80, 57, 75, 76, 78, 83, 74, 78), x7 = c(41, 
        31, 46, 34, 45, 46, 63, 34, 33, 35, 39, 36, 33, 35, 41, 
        37, 33, 33, 33, 46, 45, 25, 37, 31, 34, 35, 38)), .Names = c("y", 
        "x1", "x2", "x3", "x4", "x5", "x6", "x7"),