
expected <- structure(list(coefficients = structure(c(5.86641861635962, 0.674407466314989, 
-0.105755173031768, 0.191172838085712, 0.111800323560328, -0.00169589422837761, 
0.0484372196636622), .Names = c("x1", "x2", "x3", "x4", "x5", 
"x6", "x7")), residuals = structure(c(-10.0971339278659, 0.13613799563352, 
1.92764152432826, 0.00627262261271455, 5.85794275050048, -11.8065963974674, 
-8.27448376060967, -4.53252606299154, 7.76170632076544, 8.16276761394118, 
9.43661361053981, 10.9035039123722, -2.11889791340845, 0.559848206366748, 
-2.39995730847065, -5.91032617313962, 2.81848677431026, -7.12290011735491, 
7.60783591647783, 1.65438925016054, -10.0881730537049, -5.47788784116058, 
7.08250448543319, 1.24080547671957, -7.56199148528649, 5.2752377805808, 
4.95917980071748), .Names = c("1", "2", "3", "4", "5", "6", "7", 
"9", "10", "11", "12", "13", "14", "15", "16", "17", "18", "20", 
"21", "22", "23", "24", "25", "27", "28", "29", "30")), effects = structure(c(-334.285805860793, 
-54.1626149974308, 2.33757936933778, 11.6749073260769, 3.28831564061342, 
-0.524101117343566, 2.11193336448872, -5.86109505240586, 11.2760926696827, 
9.58628838830424, 12.2213031005951, 13.4437659887869, -2.81246876234386, 
3.76882736929233, -1.1791801740368, -3.01037340876224, -1.92816011845069, 
-5.49456096048269, 10.7272470400455, 3.24236782668231, -8.19220098052778, 
-3.44735482338533, 12.2952905299515, 1.42710467945221, -8.17994825022067, 
7.29258089359971, 5.76529112482333), .Names = c("x1", "x2", "x3", 
"x4", "x5", "x6", "x7", "", "", "", "", "", "", "", "", "", "", 
"", "", "", "", "", "", "", "", "", "")), rank = 7L, fitted.values = structure(c(53.0971339278659, 
62.8638620043665, 69.0723584756717, 60.9937273773873, 75.1420572494995, 
54.8065963974674, 66.2744837606097, 76.5325260629915, 59.2382936792346, 
55.8372323860588, 57.5633863894602, 58.0964960876278, 70.1188979134084, 
76.4401517936332, 83.3999573084707, 79.9103261731396, 62.1815132256897, 
57.1229001173549, 42.3921640835222, 62.3456107498395, 63.0881730537049, 
45.4778878411606, 55.9174955145668, 76.7591945232804, 55.5619914852865, 
79.7247622194192, 77.0408201992825), .Names = c("1", "2", "3", 
"4", "5", "6", "7", "9", "10", "11", "12", "13", "14", "15", 
"16", "17", "18", "20", "21", "22", "23", "24", "25", "27", "28", 
"29", "30")), assign = 1:7, qr = structure(list(qr = structure(c(-5.19615242270663, 
0.192450089729875, 0.192450089729875, 0.192450089729875, 0.192450089729875, 
0.192450089729875, 0.192450089729875, 0.192450089729875, 0.192450089729875, 
0.192450089729875, 0.192450089729875, 0.192450089729875, 0.192450089729875, 
0.192450089729875, 0.192450089729875, 0.192450089729875, 0.192450089729875, 
0.192450089729875, 0.192450089729875, 0.192450089729875, 0.192450089729875, 
0.192450089729875, 0.192450089729875, 0.192450089729875, 0.192450089729875, 
0.192450089729875, 0.192450089729875, -341.791359360259, -70.2329457353646, 
0.0940757185871527, -0.00559260554061164, 0.207982374733169, 
-0.119499261686628, 0.0513607225323965, 0.264935702806177, -0.0340692695771157, 
-0.147975925723132, -0.0483076015953678, -0.0198309375588637, 
0.279174034824429, 0.193744042714917, 0.378842358952194, 0.307650698860933, 
-0.0483076015953678, -0.0767842656318719, -0.333074241960409, 
-0.0340692695771157, 0.0371223905141445, -0.375789238015165, 
-0.13373759370488, 0.165267378678413, -0.0910225976501239, 0.307650698860933, 
0.264935702806177, -275.588528493181, -36.3393873843611, -52.8621971496863, 
-0.0777165698770799, -0.0219221343711548, 0.0791752168329003, 
-0.175079573263807, 0.240139952845125, -0.057410733231322, 0.175149493605607, 
-0.00942359484496873, 0.159441668826645, 0.438075244871355, -0.0496034361117502, 
-0.257259814436125, 0.0583443176225902, 0.331084385726301, 0.40814155246727, 
-0.0712047688317108, 0.0750090369908383, 0.0242444453764436, 
0.129507976422561, -0.0430916350663811, 0.0463708406609564, -0.0357161699715435, 
0.190764087844751, -0.384124678202203, -291.754336030491, -37.5876144912945, 
-11.4059006342731, 49.0355388976436, -0.104841902340487, 0.128440571929882, 
-0.0788666194452232, 0.0162392709473075, 0.0824488170952767, 
-0.143365288721313, 0.252446471064487, 0.276076731016642, 0.549517961724093, 
-0.248497668427881, -0.18275230798564, -0.0591726046853306, -0.355056995026528, 
0.0798686223314672, 0.111453037419439, -0.174195903115328, 0.10663670604758, 
-0.336326214380228, -0.00961120964501627, -0.27558306164323, 
0.0873092962742401, -0.0507034851737676, -0.0528199671590905, 
-328.319853079167, -33.1911339714365, -4.23117750984152, 16.4660843730949, 
31.7078523722841, 0.0920963072891978, -0.0526649888326148, 0.0915521565704131, 
-0.0868781912010935, 0.159378311641052, -0.108836439303373, 0.0896949376999101, 
0.182367089603522, -0.151916698189229, 0.521786779560287, -0.127299736131187, 
0.560176297707196, -0.0296258597273708, 0.175411962343915, 0.0123019712487866, 
-0.0324213082725737, 0.292616097387037, -0.24778359605908, -0.160652023158982, 
0.204844843458486, -0.0237423754240145, 0.141789519461196, -387.979380895428, 
-10.5506040255248, -3.0821807510087, -1.39477922235196, 21.8370340989502, 
45.3473643026457, 0.187430451582139, -0.0711026496551495, -0.0260959977601139, 
0.162628805702551, 0.150730284308214, 0.36250908291429, 0.160818052630695, 
0.0375742691422449, 0.301643967964063, 0.0531699571428093, -0.26065775443977, 
0.0796914830522541, 0.195996905131477, -0.0808543442533988, -0.0163416817801724, 
0.263270572095794, 0.114917488395217, 0.0283239200069594, -0.198725879380189, 
0.153121130965417, -0.108974139382017, -219.200652202328, 4.9248808414243, 
-12.4811680767806, 9.44243357507191, -4.53368742967943, -9.23250316710604, 
43.601457291594, -0.18046588351712, 0.357703066502651, -0.0557031018061096, 
-0.0891410126972055, -0.0191158475072966, 0.119695101442844, 
0.00541313292211742, 0.248763404440103, 0.153092563588085, -0.0998234430114386, 
0.083116879997082, 0.216052097232734, 0.116144123518409, 0.118806485689779, 
-0.0476930892724991, 0.171089855802674, -0.743868414470445, 0.124572323303611, 
0.0330009933836948, 0.0788692361503992), .Dim = c(27L, 7L), .Dimnames = list(
    c("1", "2", "3", "4", "5", "6", "7", "9", "10", "11", "12", 
    "13", "14", "15", "16", "17", "18", "20", "21", "22", "23", 
    "24", "25", "27", "28", "29", "30"), c("x1", "x2", "x3", 
    "x4", "x5", "x6", "x7")), assign = 1:7), qraux = c(1.19245008972988, 
1.00864572647764, 1.28630653259272, 1.0968936737861, 1.02477083856026, 
1.61629271433104, 1.1718111465118), pivot = 1:7, tol = 1e-07, 
    rank = 7L), .Names = c("qr", "qraux", "pivot", "tol", "rank"
), class = "qr"), df.residual = 20L, xlevels = structure(list(), .Names = character(0)), 
    call = quote(lm(formula = y ~ . + 0, data = structure(list(y = c(43, 
        63, 71, 61, 81, 43, 58, 72, 67, 64, 67, 69, 68, 77, 81, 
        74, 65, 50, 50, 64, 53, 40, 63, 78, 48, 85, 82), x1 = c(1, 
        1, 1, 1, 1, 1, 1, 1, 1, 1, 1, 1, 1, 1, 1, 1, 1, 1, 1, 
        1, 1, 1, 1, 1, 1, 1, 1), x2 = c(51, 64, 70, 63, 78, 55, 
        67, 82, 61, 53, 60, 62, 83, 77, 90, 85, 60, 58, 40, 61, 
        66, 37, 54, 75, 57, 85, 82), x3 = c(30, 51, 68, 45, 56, 
        49, 42, 72, 45, 53, 47, 57, 83, 54, 50, 64, 65, 68, 33, 
        52, 52, 42, 42, 58, 44, 71, 39), x4 = c(39, 54, 69, 47, 
        66, 44, 56, 67, 47, 58, 39, 42, 45, 72, 72, 69, 75, 54, 
        34, 62, 50, 58, 48, 74, 45, 71, 59), x5 = c(61, 63, 76, 
        54, 71, 54, 66, 71, 62, 58, 59, 55, 59, 79, 60, 79, 55, 
        64, 43, 66, 63, 50, 66, 80, 51, 77, 64), x6 = c(92, 73, 
        86, 84, 83, 49, 68, 83, 80, 67, 74, 63, 77, 77, 54, 79, 
        80, 78, 64, 80, 80, 57, 75, 78, 83, 74, 78), x7 = c(39, 
        41, 34, 52, 45, 55, 35, 49, 25, 49, 47, 49, 41, 39, 36, 
        33, 49, 41, 38, 36, 36, 52, 34, 72, 36, 41, 35)), .Names = c("y", 
        "x1", "x2", "x3", "x4", "x5", "x6", "x7"),