
expected <- structure(list(coefficients = structure(c(48.6443695248388, 0.713140745785862, 
-0.0476404635713894, 0.0328092323599868, -0.267479063411118, 
-0.146782016098823, -0.0463214499692861), .Names = c("x1", "x2", 
"x3", "x4", "x5", "x6", "x7")), residuals = structure(c(-5.68059510244996, 
-3.29134741246154, -0.240224530131203, 4.96707758341725, -5.5279431815292, 
1.09531220708861, -3.15248352669688, 8.08858616085267, 6.17420634998106, 
12.8259336740573, 3.93246996901255, -6.7802242311713, 2.86838003203826, 
-6.69969145084041, -0.971136158845861, 2.09892488976965, -5.2616754125415, 
1.06045991555453, 0.650265905874705, -4.88020374204501, -7.17762710135713, 
4.59061031709773, -1.65993155277357, 1.42568626460436, -9.87932366375563, 
5.71501911684095, 5.70947468040958), .Names = c("1", "2", "3", 
"5", "7", "8", "9", "10", "11", "12", "13", "14", "15", "16", 
"17", "18", "19", "21", "22", "23", "24", "25", "26", "27", "28", 
"29", "30")), effects = structure(c(-343.523410167827, 49.3571362451374, 
-0.900494662017867, -9.30463239602708, 13.1443333770301, -7.21819742502312, 
-1.87378070977748, 9.77274040351968, 7.60377694899619, 15.9585851789511, 
4.80466503534937, -5.29439927260524, 2.43299749398208, -9.12137070069398, 
-0.983540692899664, 2.09820621599096, -6.09476569546441, 2.34888744507441, 
1.19298572339267, -1.40551797257208, -6.08141474762179, 5.55914161319172, 
-1.09462798475972, -0.287568286287686, -8.45449819495318, 4.86133284257018, 
5.17875214632165), .Names = c("x1", "x2", "x3", "x4", "x5", "x6", 
"x7", "", "", "", "", "", "", "", "", "", "", "", "", "", "", 
"", "", "", "", "", "")), rank = 7L, fitted.values = structure(c(48.68059510245, 
66.2913474124615, 71.2402245301312, 76.0329224165827, 63.5279431815292, 
69.9046877929114, 75.1524835266969, 58.9114138391473, 57.8257936500189, 
54.1740663259427, 65.0675300309875, 74.7802242311713, 74.1316199679617, 
87.6996914508404, 74.9711361588459, 62.9010751102304, 70.2616754125415, 
48.9395400844455, 63.3497340941253, 57.880203742045, 47.1776271013571, 
58.4093896829023, 67.6599315527736, 76.5743137353956, 57.8793236637556, 
79.2849808831591, 76.2905253195904), .Names = c("1", "2", "3", 
"5", "7", "8", "9", "10", "11", "12", "13", "14", "15", "16", 
"17", "18", "19", "21", "22", "23", "24", "25", "26", "27", "28", 
"29", "30")), assign = 1:7, qr = structure(list(qr = structure(c(-5.19615242270663, 
0.192450089729875, 0.192450089729875, 0.192450089729875, 0.192450089729875, 
0.192450089729875, 0.192450089729875, 0.192450089729875, 0.192450089729875, 
0.192450089729875, 0.192450089729875, 0.192450089729875, 0.192450089729875, 
0.192450089729875, 0.192450089729875, 0.192450089729875, 0.192450089729875, 
0.192450089729875, 0.192450089729875, 0.192450089729875, 0.192450089729875, 
0.192450089729875, 0.192450089729875, 0.192450089729875, 0.192450089729875, 
0.192450089729875, 0.192450089729875, -350.644063487833, 69.9910047130397, 
-0.0739876890014511, -0.188288091357435, -0.0311250381179571, 
-0.145425440473941, -0.245438292535427, 0.0546002636490308, 0.168900666005015, 
0.0688878139435288, 0.0403127133545328, -0.259725842829925, -0.174000541062937, 
-0.359738694891411, -0.288300943418921, 0.0688878139435288, -0.0739876890014511, 
0.354638819833489, 0.0546002636490308, -0.0168374878234591, 0.397501470716983, 
0.154613115710517, -0.174000541062937, -0.145425440473941, 0.111750464827023, 
-0.288300943418921, -0.245438292535427, -275.588528493181, 38.4409186516115, 
-50.5891167760729, -0.00316766421737167, -0.167031203886066, 
-0.0909859330561284, 0.272060140307717, -0.0461612801759294, 
0.194067007807626, 0.00363435324785844, 0.18078245036209, 0.479236773419893, 
-0.0324404204969572, -0.244907511637645, 0.0831390451846672, 
0.359442106913039, -0.118747129898996, -0.0678762392719259, 0.092208401804974, 
0.0409012089444684, 0.140811953276968, -0.0336325024487515, 0.204764748613163, 
0.0671508463506184, -0.0248826233133682, 0.221508727165571, -0.380254074745113, 
-297.527838722387, 35.5135583468277, -11.8516979838765, -48.2235379626031, 
0.0750897993545926, -0.058236441180571, -0.0196557085553235, 
-0.0941457096375501, 0.127353894350043, -0.268315037800077, -0.293849248636085, 
-0.564434550492817, 0.251241851319996, 0.194927838781171, 0.0615428067064411, 
0.344114840428868, 0.0461558654104395, -0.135222990778853, 0.164758226616937, 
-0.117203131244745, 0.315284649387418, -0.00469171660190341, 
-0.0247846889873241, 0.276164899973097, -0.101673414793717, 0.0508688449211501, 
0.0602883418434414, -329.474553617546, -6.13359242457504, 14.817939662602, 
31.5283464884025, -49.5104998394324, 0.0698219854725885, 0.0814436052899408, 
0.0052260059938749, 0.17059386014764, 0.225520550933681, -0.262829584715869, 
-0.239691068731958, 0.0503170479280704, -0.16310566410154, 0.180078000969112, 
0.204355699060996, -0.351416210754131, -0.172418280868311, -0.00941183736038033, 
0.370994779714221, 0.370690346908898, -0.140106938352405, 0.28803585013587, 
-0.189957684640969, -0.144403705366503, -0.0115943370607022, 
-0.186282495130789, -391.058582331106, 6.68128185253085, -3.59575616558608, 
2.60675033656675, 4.80254537487616, 44.5618290265888, -0.0201507811744808, 
-0.0702056291960321, 0.196151033507414, 0.0138079890590309, 0.422525422855045, 
0.233323768271684, 0.0494438801892462, 0.627494780718658, 0.0217706217897842, 
-0.0465025075377718, -0.0725709520674352, 0.251536016670653, 
-0.0395737471032163, -0.127316844670045, 0.302829682187418, 0.0553327244133029, 
0.0544424903134616, 0.0981430853166754, -0.111015721537829, 0.207263469456767, 
0.0395129519954344, -224.589254714764, 11.8745418003161, -11.0954592247823, 
-23.6033527970351, -13.0876417706009, 14.6222175665585, 40.4516851484552, 
0.006611186267087, 0.281369225710344, -0.0886437593715896, 0.1753899030931, 
-0.0194691044419029, 0.0975570755241786, 0.0895660434404027, 
-0.354912500965949, -0.0909194302874622, -0.0620538989312598, 
-0.0039948328910357, 0.182627113273464, 0.182213108837092, -0.0594523188616827, 
0.185984683357345, -0.616596024287245, 0.0229185738310733, 0.0701929151496014, 
-0.19996924490398, 0.0601319288851245), .Dim = c(27L, 7L), .Dimnames = list(
    c("1", "2", "3", "5", "7", "8", "9", "10", "11", "12", "13", 
    "14", "15", "16", "17", "18", "19", "21", "22", "23", "24", 
    "25", "26", "27", "28", "29", "30"), c("x1", "x2", "x3", 
    "x4", "x5", "x6", "x7")), assign = 1:7), qraux = c(1.19245008972988, 
1.01173761276554, 1.31612901346956, 1.10529795744899, 1.23647816179281, 
1.27144173509669, 1.43843844378984), pivot = 1:7, tol = 1e-07, 
    rank = 7L), .Names = c("qr", "qraux", "pivot", "tol", "rank"
), class = "qr"), df.residual = 20L, xlevels = structure(list(), .Names = character(0)), 
    call = quote(lm(formula = y ~ . + 0, data = structure(list(y = c(43, 
        63, 71, 81, 58, 71, 72, 67, 64, 67, 69, 68, 77, 81, 74, 
        65, 65, 50, 64, 53, 40, 63, 66, 78, 48, 85, 82), x1 = c(1, 
        1, 1, 1, 1, 1, 1, 1, 1, 1, 1, 1, 1, 1, 1, 1, 1, 1, 1, 
        1, 1, 1, 1, 1, 1, 1, 1), x2 = c(51, 64, 70, 78, 67, 75, 
        82, 61, 53, 60, 62, 83, 77, 90, 85, 60, 70, 40, 61, 66, 
        37, 54, 77, 75, 57, 85, 82), x3 = c(30, 51, 68, 56, 42, 
        50, 72, 45, 53, 47, 57, 83, 54, 50, 64, 65, 46, 33, 52, 
        52, 42, 42, 66, 58, 44, 71, 39), x4 = c(39, 54, 69, 66, 
        56, 55, 67, 47, 58, 39, 42, 45, 72, 72, 69, 75, 57, 34, 
        62, 50, 58, 48, 63, 74, 45, 71, 59), x5 = c(77, 54, 43, 
        50, 79, 75, 64, 71, 62, 88, 60, 66, 59, 58, 71, 50, 50, 
        63, 55, 88, 64, 59, 76, 43, 63, 58, 66), x6 = c(92, 73, 
        86, 83, 68, 66, 83, 80, 67, 74, 63, 77, 77, 54, 79, 80, 
        85, 64, 80, 80, 57, 75, 76, 78, 83, 74, 78), x7 = c(45, 
        47, 48, 47, 35, 41, 31, 41, 34, 41, 25, 35, 46, 36, 63, 
        60, 46, 33, 41, 37, 49, 33, 72, 49, 38, 55, 39)), .Names = c("y", 
        "x1", "x2", "x3", "x4", "x5", "x6", "x7"),