
expected <- structure(list(coefficients = structure(c(0.49307866479176, 0.702368017558169, 
-0.0837965413360719, 0.396077232943034, 0.00770327498434415, 
0.083810942614895, -0.174326272816267), .Names = c("x1", "x2", 
"x3", "x4", "x5", "x6", "x7")), residuals = structure(c(-6.73277268301141, 
2.45158042723888, -0.0125392805593045, 0.37136809409889, 3.71067132378721, 
-8.45941598702708, -7.91329317292003, 1.32728976613922, -8.77981709137872, 
7.35069205870131, 13.0849326128628, 11.8553973378068, -2.88371222444698, 
-0.893996927893042, 2.23189733401317, -3.36756571674137, -4.3268232791944, 
10.8626739859344, 0.534548558329496, -10.798095475136, -2.66087852668571, 
7.93516191423627, -2.79113134136433, 1.02490264522387, -7.31600266629995, 
4.54516370459488, 3.97381290717991), .Names = c("1", "2", "3", 
"4", "5", "6", "7", "8", "9", "11", "12", "13", "14", "15", "18", 
"19", "20", "21", "22", "23", "24", "25", "26", "27", "28", "29", 
"30")), effects = structure(c(-277.351611501148, -186.378833888681, 
-0.501282069466648, 16.8978134637656, -1.51686648541986, 3.6175087250009, 
-6.39234895341942, 3.90174678368643, -6.40907954120187, 9.1140315008623, 
13.8881058247941, 14.282837923191, -2.80228802838751, 2.10475093633299, 
-4.27697217005275, -0.975526392857896, -5.00729144890817, 10.0089479818603, 
1.44087116814403, -9.14279832017059, -3.99523986485404, 11.8723942525621, 
-0.207168840929808, 4.33510985073325, -9.71071495531936, 5.99841116930226, 
2.69372463704821), .Names = c("x1", "x2", "x3", "x4", "x5", "x6", 
"x7", "", "", "", "", "", "", "", "", "", "", "", "", "", "", 
"", "", "", "", "", "")), rank = 7L, fitted.values = structure(c(49.7327726830114, 
60.5484195727611, 71.0125392805593, 60.6286319059011, 77.2893286762128, 
51.4594159870271, 65.91329317292, 69.6727102338608, 80.7798170913787, 
56.6493079412987, 53.9150673871372, 57.1446026621932, 70.883712224447, 
77.893996927893, 62.7681026659868, 68.3675657167414, 54.3268232791944, 
39.1373260140656, 63.4654514416705, 63.798095475136, 42.6608785266857, 
55.0648380857637, 68.7911313413643, 76.9750973547761, 55.3160026663, 
80.4548362954051, 78.0261870928201), .Names = c("1", "2", "3", 
"4", "5", "6", "7", "8", "9", "11", "12", "13", "14", "15", "18", 
"19", "20", "21", "22", "23", "24", "25", "26", "27", "28", "29", 
"30")), assign = 1:7, qr = structure(list(qr = structure(c(-8.06415556011024, 
0.0181449679503148, 0.198700365037077, 0.0452647947971412, 0.439162672084665, 
0.229408246603848, 0.0220370202821113, 0.120040824553633, 0.146542044316245, 
0.19050811065019, 0.189948675142342, 0.0989200040591627, 0.229433502214621, 
0.195188112461861, -0.0759443808089673, 0.200533994746292, -0.0165543483499542, 
0.1003180879584, 0.0894608077750717, 0.315687156976152, 0.150854453967835, 
0.151711001458134, 0.198797674195367, 0.310958310709528, 0.105581824360231, 
0.345653382842305, 0.0251440955938412, -285.927051674429, -193.410757510456, 
0.0639692557887913, 0.257856249589955, -0.255245551392141, -0.059632913151622, 
0.313368088022042, 0.207772367194255, 0.20422571424603, -0.0116421463074137, 
0.0253891398799429, 0.17222895534076, 0.0850988259440962, 0.105428344261074, 
0.424100558104304, 0.0612196950706907, 0.324703450131264, 0.0563849524159521, 
0.181242847021168, -0.132135915081842, -0.0349062667511137, 0.0517051597344175, 
0.100015741540836, -0.0785118360419001, 0.136387719886252, -0.0788342882676649, 
0.386264121121542, -230.456799226215, -156.243464675376, -53.7833007228338, 
-0.0991786222649613, -0.0498385036912554, 0.127560705700145, 
-0.218986691295909, -0.17279399858201, 0.136060343416322, 0.225029078917731, 
0.00849804270155697, 0.148393966633456, 0.340237749324543, -0.115117710320196, 
0.296229732866144, -0.15804544964582, 0.392458570582199, 0.0320079891491444, 
0.0687401663842456, 0.03377187888131, 0.253214385794692, -0.00132710998724436, 
0.108637156784708, 0.00965844540873104, -0.0172309464781971, 
0.107675489908001, -0.498946391351837, -238.773740453674, -164.629562412444, 
-19.0147276704781, 51.7653183247852, -0.0800656122790198, 0.0793829529911555, 
-0.0864066718540487, 0.0716872237649481, 0.0940873403995846, 
-0.173212170834095, 0.208529806725566, 0.261182330928916, 0.618270145801724, 
-0.207871789533657, -0.31575247633255, -0.0536721836369428, 0.0932036652080066, 
0.000427599085710882, -0.177144070917061, 0.0883318197792961, 
-0.417188080883427, -0.0629409184695021, 0.0691236551667179, 
-0.238037043072472, 0.0434704659601355, 0.0245533588376566, -0.0282229385603034, 
-282.483512455974, -181.775422367218, -5.97828875157527, 26.7953793212197, 
34.3660984749537, 0.0476414398329233, -0.0385054477097128, -0.0033851798317107, 
0.23927485947033, 0.102309232703394, -0.128962288922963, -0.0202328794942241, 
0.256286729649658, 0.0968563141326916, 0.370654468717501, -0.124747497022156, 
-0.247160620150943, -0.0786786894104241, -0.00739925046595241, 
0.107656445075628, 0.092788425406535, -0.28369183063224, -0.347943669256621, 
0.140862336576644, 0.110129861898818, 0.319028211709715, 0.309740413419828, 
-316.271670261123, -223.438315171035, -10.0638427702876, 23.7362977686084, 
29.1766003462498, 59.2923530730462, 0.160980936019532, 0.338279374662352, 
0.112558856640251, -0.0294604038816962, 0.00324565279572987, 
0.155317477401512, 0.182776240685543, 0.223332194058789, -0.296504472093533, 
0.0354053283783961, -0.0184463199442113, -0.226445807554162, 
-0.0902897426188738, -0.0422348083672485, -0.127313475394335, 
-0.00972842092467682, 0.460585249717093, 0.205029227288569, -0.331601607038319, 
0.348684963056692, 0.0435199816645253, -180.093925009165, -124.518797752767, 
-19.5763757531961, 33.2768214016757, 24.2471562154245, 7.75465025476137, 
36.6688787074378, 0.0372500776229704, 0.449228560245049, 0.253543798088425, 
-0.147668517817854, 0.241156728472576, -0.0852080151852769, 0.198638872888242, 
-0.274650028091594, 0.0708313142089157, -0.123175434803677, -0.0677619735613042, 
0.217681023018865, 0.0654109276961873, -0.170859729844018, 0.319650965854465, 
-0.452379720650293, 0.144882001271323, -0.0556932299089306, -0.184908637976102, 
0.0305164773632271), .Dim = c(27L, 7L), .Dimnames = list(c("1", 
"2", "3", "4", "5", "6", "7", "8", "9", "11", "12", "13", "14", 
"15", "18", "19", "20", "21", "22", "23", "24", "25", "26", "27", 
"28", "29", "30"), c("x1", "x2", "x3", "x4", "x5", "x6", "x7"
)), assign = 1:7), qraux = c(1.16172564940194, 1.30369326079458, 
1.2506797143332, 1.07397314902479, 1.40582922503754, 1.28993094223747, 
1.24234668641308), pivot = 1:7, tol = 1e-07, rank = 7L), .Names = c("qr", 
"qraux", "pivot", "tol", "rank"), class = "qr"), df.residual = 20L, 
    xlevels = structure(list(), .Names = character(0)), call = quote(lm(formula = y ~ 
        . + 0, data = structure(list(y = c(43, 63, 71, 61, 81, 
        43, 58, 71, 72, 64, 67, 69, 68, 77, 65, 65, 50, 50, 64, 
        53, 40, 63, 66, 78, 48, 85, 82), x1 = c(1.30418079483706, 
        0.146323844184553, 1.60235065350968, 0.365022346640615, 
        3.54147610388442, 1.84998378738556, 0.17770995963625, 
        0.968027882764394, 1.18173784146277, 1.53628703974583, 
        1.53177566478469, 0.797706300739824, 1.8501874525596, 
        1.57402730237674, -0.612427300759763, 1.61713732872443, 
        -0.133496840290285, 0.80898066678936, 0.721425870431298, 
        2.54575034218463, 1.21651378373211, 1.2234211159385, 
        1.60313536969955, 2.50761619027073, 0.851428255961143, 
        2.78740264911869, 0.202765898287018), x2 = c(51, 64, 
        70, 63, 78, 55, 67, 75, 82, 53, 60, 62, 83, 77, 60, 70, 
        58, 40, 61, 66, 37, 54, 77, 75, 57, 85, 82), x3 = c(30, 
        51, 68, 45, 56, 49, 42, 50, 72, 53, 47, 57, 83, 54, 65, 
        46, 68, 33, 52, 52, 42, 42, 66, 58, 44, 71, 39), x4 = c(39, 
        54, 69, 47, 66, 44, 56, 55, 67, 58, 39, 42, 45, 72, 75, 
        57, 54, 34, 62, 50, 58, 48, 63, 74, 45, 71, 59),