
expected <- structure(list(coefficients = structure(c(1.39152850586546, 0.163730874281512, 
0.218180706245977, -0.02597552899514, -0.0374196161792812, 0.421450123474602, 
0.303941553648108), .Names = c("x1", "x2", "x3", "x4", "x5", 
"x6", "x7")), residuals = structure(c(-21.8656453699955, -5.41909884475034, 
-0.863006590027389, 23.6921158270014, -18.7524947690835, -6.8243859883449, 
12.1409247827243, -4.74831833224813, -5.55439406500149, 3.17329564452515, 
-7.16383751582459, 2.42069780867747, 2.8235525655291, 7.80521740463004, 
19.0573235151262, 25.0002508043365, -8.09948474874204, -1.69743191189705, 
-17.1246456529536, -3.72250630367451, -5.7983383645471, -8.43916498841492, 
-4.93787124465085, 11.9232021741905, -11.1267692588736, 19.4922589490626, 
17.4732525038262), .Names = c("1", "2", "4", "5", "6", "7", "8", 
"9", "10", "11", "12", "13", "14", "15", "16", "17", "18", "19", 
"20", "21", "23", "25", "26", "27", "28", "29", "30")), effects = structure(c(-175.82710517871, 
-283.168370565838, -44.1087122602103, 25.7406063139542, 4.72242548602523, 
-27.0863012641525, -13.0931051896328, 0.65355826557007, -8.13176730438591, 
13.0624144312381, -3.57966853142579, 15.740231795039, 13.1984157148712, 
0.408381036705418, 24.6582377757229, 32.746360152215, -1.14491052352017, 
13.3291260144061, -10.6638381828181, -8.41983423229335, 0.159575755359317, 
-14.8915185919569, 9.6218748760524, 10.2480403587796, -12.2137463230031, 
24.9339038736929, 18.5103460635668), .Names = c("x1", "x2", "x3", 
"x4", "x5", "x6", "x7", "", "", "", "", "", "", "", "", "", "", 
"", "", "", "", "", "", "", "", "", "")), rank = 7L, fitted.values = structure(c(64.8656453699955, 
68.4190988447503, 61.8630065900274, 57.3078841729986, 61.7524947690835, 
64.8243859883449, 58.8590752172757, 76.7483183322481, 72.5543940650015, 
60.8267043554749, 74.1638375158246, 66.5793021913225, 65.1764474344709, 
69.19478259537, 61.9426764848738, 48.9997491956635, 73.099484748742, 
66.6974319118971, 67.1246456529536, 53.7225063036745, 58.7983383645471, 
71.4391649884149, 70.9378712446509, 66.0767978258095, 59.1267692588736, 
65.5077410509374, 64.5267474961738), .Names = c("1", "2", "4", 
"5", "6", "7", "8", "9", "10", "11", "12", "13", "14", "15", 
"16", "17", "18", "19", "20", "21", "23", "25", "26", "27", "28", 
"29", "30")), assign = 1:7, qr = structure(list(qr = structure(c(-6.49249244250217, 
-0.090636331457513, 0.0466711026030947, 0.0116417295274627, -0.106914222920046, 
0.133180121612895, -0.139462229009796, 0.2077570654667, -0.00781437179500091, 
0.0724323125752872, 0.113597313161857, 0.168379854346614, 0.250683678880735, 
-0.0354579315366518, 0.114954314251671, 0.281932088294795, 0.623360750580308, 
0.267448589802792, -0.098974282102991, -0.00823797235988606, 
0.0172121690178016, 0.103900864421408, 0.261236128260678, -0.181798890529331, 
0.154303387302233, 0.227398552708336, 0.0487505125894083, -187.057051664339, 
-294.543136777357, 0.136089944177174, 0.279338308274761, 0.278416144708737, 
0.067396757983309, 0.236359383294506, 0.116821162784099, 0.260836698440459, 
0.125819312385443, 0.198379652515316, 0.120928248186747, 0.00464790401272048, 
0.306552909732593, 0.105634726830883, -0.0405356788720924, -0.284489161939746, 
0.0490520944593078, 0.289086812709149, 0.223827089008384, 0.223988729082602, 
0.155152869395087, 0.0471949729021809, 0.324298566883162, 0.0743892771360703, 
0.0842492387665113, 0.134438771860135, -149.573865842835, -239.826174265257, 
-86.0526861528452, -0.23749345043963, -0.0236397794835291, 0.321667334895192, 
0.333533263128801, 0.108225925553517, -0.217118638212114, -0.116700937733688, 
0.0375704183891622, -0.213141158344935, 0.282404941300986, 0.0163126737485856, 
-0.0684844365012751, 0.0755201001073368, 0.488373219669861, -0.261072950656288, 
-0.0229543658468236, -0.0278884685223719, -0.0994270527317525, 
0.320320903340718, 0.116220399573741, -0.0156688871151988, 0.01770004324554, 
0.00286997118202804, 0.12365932373337, -144.287673284676, -244.846897581506, 
-28.3505407526725, 70.5854866232221, -0.108455414775974, 0.125840564782318, 
-0.149427132015887, 0.172561242740657, -0.102992869040317, -0.217986560959526, 
-0.0167779287959607, -0.324844538838283, -0.156882447479922, 
0.470647549725828, -0.059255227823008, -0.207181858122628, 0.107929344300438, 
-0.306988370159858, -0.00850722778609494, 0.083353338581829, 
-0.0999599592164697, 0.454520596524058, -0.142936873260582, -0.102599480202865, 
0.0484064425649657, 0.205006720572146, 0.0525960511582679, -163.161022626785, 
-262.163909184087, -37.2168245289774, 40.2453661265967, 52.4765080203998, 
0.199394259017157, 0.0776140348196376, 0.339787833176022, -0.0728048665507512, 
0.0770958165778696, 0.171778579366051, 0.138240342454313, -0.1553852889059, 
-0.317104980021961, -0.0661328864859051, 0.0749305775114143, 
-0.0533592692586087, 0.09716557529536, 0.206015940556907, -0.304249326818198, 
0.138980440889731, -0.00562537804592827, 0.303900165681714, 0.0947438948615812, 
-0.497813755550285, 0.0516075804740746, -0.0167567411449436, 
-193.137395304483, -332.549891808389, -65.4195132359097, 52.9877586713245, 
10.6849172656359, -59.2784383669268, -0.126176057385494, 0.0857612336553781, 
-0.028105915981961, 0.307293522198202, -0.29918417446358, -0.0630166873402353, 
-0.0122921484266237, 0.214492497987388, 0.338512089812937, -0.26836693037009, 
0.297110113088625, 0.0721807666486603, 0.272082896087494, -0.19117558217305, 
-0.209855591667927, 0.185968096818878, -0.048796117042143, 0.0862495137752164, 
0.251684501586134, 0.191841652848096, 0.366502597054591, -105.240835207924, 
-192.912183502221, 0.356403808456467, 22.2028554705768, 7.18202742421557, 
-6.92039660185732, -43.077706988336, 0.000637337283372752, 0.438232334465355, 
-0.10093194165502, 0.0840930445394872, -0.102274498485669, -0.395882501295066, 
-0.382953621647707, -0.103249709783504, 0.121756928918038, 0.0748415873721683, 
-0.156457392296751, -0.249580969912046, -0.0365096772588137, 
-0.1115974520509, 0.021229472350132, -0.253819889766236, 0.320642159155024, 
-0.167554329964032, -0.313723262132188, 0.0499744463733829), .Dim = c(27L, 
7L), .Dimnames = list(c("1", "2", "4", "5", "6", "7", "8", "9", 
"10", "11", "12", "13", "14", "15", "16", "17", "18", "19", "20", 
"21", "23", "25", "26", "27", "28", "29", "30"), c("x1", "x2", 
"x3", "x4", "x5", "x6", "x7")), assign = 1:7), qraux = c(1.18458990494957, 
1.27907090712098, 1.26223895747682, 1.23711020516916, 1.3542190784073, 
1.16815476293709, 1.220301541067), pivot = 1:7, tol = 1e-07, 
    rank = 7L), .Names = c("qr", "qraux", "pivot", "tol", "rank"
), class = "qr"), df.residual = 20L, xlevels = structure(list(), .Names = character(0)), 
    call = quote(lm(formula = y ~ . + 0, data = structure(list(y = c(43, 
        63, 61, 81, 43, 58, 71, 72, 67, 64, 67, 69, 68, 77, 81, 
        74, 65, 65, 50, 50, 53, 63, 66, 78, 48, 85, 82), x1 = c(1.19844856284726, 
        -0.588455697004025, 0.303011780933836, 0.0755838409747057, 
        -0.694139784304391, 0.864670933063239, -0.905457467860607, 
        1.34886117741898, -0.0507347498219455, 0.470266241988007, 
        0.737529697191911, 1.09320493181501, 1.62756189059181, 
        -0.230210352528471, 0.746340016511991, 1.83044195255281, 
        4.04716496209513, 1.73640794805249, -0.642589778555747, 
        -0.053484973288102, 0.111749877267147, 0.674575577025432, 
        1.69607358844098, -1.18032792281696, 1.00181357591223, 
        1.4763833848948, 0.31651233455484), x2 = c(90, 61, 51, 
        85, 57, 51, 37, 83, 75, 54, 85, 75, 60, 82, 58, 54, 62, 
        77, 62, 64, 70, 70, 75, 53, 58, 78, 51), x3 = c(42, 64, 
        64, 51, 50, 66, 65, 72, 45, 33, 71, 39, 66, 72, 39, 42, 
        72, 33, 54, 52, 50, 83, 64, 50, 45, 58, 52), x4 = c(54, 
        63, 71, 45, 59, 45, 62, 57, 62, 54, 72, 72, 67, 39, 47, 
        55, 47, 67, 56, 48, 62, 39, 71, 58, 42, 45, 44),