
expected <- structure(list(coefficients = structure(c(-2.06967003151772, 
0.499373909758355, 0.202374566121048, 0.398441314201916, 0.0490165567655502, 
0.0926475429860322, -0.219638142027112), .Names = c("x1", "x2", 
"x3", "x4", "x5", "x6", "x7")), residuals = structure(c(-8.09095558452107, 
-2.50538095957169, 1.64068746694978, 8.06996850079298, -11.1815899417093, 
-9.28661105124775, 1.62627126208091, -7.0425532909972, 7.70960162911736, 
6.41087596998549, 9.46857162113026, 6.97547878648256, -2.37257831007055, 
-1.92468213531645, -3.75309088134304, -2.75917417944136, 0.1759830354592, 
-0.545318716142219, -5.85196407895026, 7.03276094877279, -9.29116445818578, 
4.70972033651184, -1.14337615700354, 2.22292817557876, -7.27469850509538, 
9.28372737621489, 7.69656314051879), .Names = c("1", "2", "4", 
"5", "6", "7", "8", "9", "10", "11", "12", "13", "14", "15", 
"16", "17", "18", "19", "20", "21", "23", "25", "26", "27", "28", 
"29", "30")), effects = structure(c(-339.4819582835, 47.9679701362602, 
5.00309164061797, -12.7104163341625, -1.99795451092826, 1.76112018997693, 
8.44456125319509, -4.75536727861076, 9.29821807645041, 8.79663272147373, 
12.3555238633978, 13.1987595265707, 2.59944775117471, -2.36207511780176, 
1.1939108281151, -4.51007729913315, -3.93973492284655, -0.408452159670779, 
-6.33978226789077, 11.3337231568733, -6.90208936677424, 7.14964119300027, 
-3.67683076705421, 1.0965440097429, -5.55585749093946, 9.30049011008072, 
10.3675128139006), .Names = c("x1", "x2", "x3", "x4", "x5", "x6", 
"x7", "", "", "", "", "", "", "", "", "", "", "", "", "", "", 
"", "", "", "", "", "")), rank = 7L, fitted.values = structure(c(51.0909555845211, 
65.5053809595717, 59.3593125330502, 72.930031499207, 54.1815899417093, 
67.2866110512477, 69.3737287379191, 79.0425532909972, 59.2903983708826, 
57.5891240300145, 57.5314283788697, 62.0245212135174, 70.3725783100706, 
78.9246821353164, 84.753090881343, 76.7591741794414, 64.8240169645408, 
65.5453187161422, 55.8519640789503, 42.9672390512272, 62.2911644581858, 
58.2902796634882, 67.1433761570035, 75.7770718244212, 55.2746985050954, 
75.7162726237851, 74.3034368594812), .Names = c("1", "2", "4", 
"5", "6", "7", "8", "9", "10", "11", "12", "13", "14", "15", 
"16", "17", "18", "19", "20", "21", "23", "25", "26", "27", "28", 
"29", "30")), assign = 1:7, qr = structure(list(qr = structure(c(-5.19615242270663, 
0.192450089729875, 0.192450089729875, 0.192450089729875, 0.192450089729875, 
0.192450089729875, 0.192450089729875, 0.192450089729875, 0.192450089729875, 
0.192450089729875, 0.192450089729875, 0.192450089729875, 0.192450089729875, 
0.192450089729875, 0.192450089729875, 0.192450089729875, 0.192450089729875, 
0.192450089729875, 0.192450089729875, 0.192450089729875, 0.192450089729875, 
0.192450089729875, 0.192450089729875, 0.192450089729875, 0.192450089729875, 
0.192450089729875, 0.192450089729875, -352.183664205672, 64.6889995800419, 
0.0319993232125807, -0.199879359366827, 0.155667953921598, -0.0298349921419281, 
-0.153503622850946, -0.261713674721336, 0.0629164808898351, 0.186585111598853, 
0.0783750597284623, 0.0474579020512079, -0.277172253559963, -0.1844207805282, 
-0.385382305430354, -0.308089411237218, 0.0783750597284623, -0.0762107286578097, 
0.109292217405717, 0.387546636501006, -0.0143764133033009, 0.171126532760225, 
-0.1844207805282, -0.153503622850946, 0.124750796244344, -0.308089411237218, 
-0.261713674721336, -273.279127416423, 1.35348445831537, 44.1212714950467, 
0.111698047275603, -0.0390676252857487, -0.136798580254085, -0.164177875791561, 
0.064011192509592, 0.0140585182219034, 0.313415469737567, -0.274328429895842, 
-0.286839454946423, -0.12356275733449, -0.335342533496085, -0.439329000989712, 
-0.226733001044467, 0.0883084447417408, 0.207071756807626, 0.282137907111113, 
0.145424281253006, 0.164099392914242, -0.0101473080956091, -0.0180352681881996, 
-0.0508538524673163, 0.220399005641857, 0.113239068928267, -0.0493128308146527, 
-289.060034774273, 42.7395352490623, -8.29353639163326, -43.4838553616295, 
-0.0562962366291977, 0.0513077197039375, -0.0864714756904322, 
0.0720921266501841, -0.0783482363751607, 0.271100420686001, -0.228341402868214, 
-0.187664549074871, -0.435799275954347, 0.286839503203991, 0.104321834358643, 
0.0939157523818259, 0.575150806295176, 0.00743209422633274, 0.108326584883115, 
-0.0800099446578256, -0.0923434174353669, 0.0483239824538245, 
0.0585150299964926, 0.342846906605161, -0.0799144119025342, 0.117033650073528, 
-0.104258805806394, -336.210306758092, 34.3214802614943, -4.88908959488592, 
-14.5480448746497, 37.0960485166256, 0.00765520962361731, -0.0314929338599016, 
0.0804960680547743, -0.0319704130112319, 0.0598348914702304, 
0.00551943602148048, 0.158238824318984, 0.251049743638684, -0.0946612023327934, 
0.549378526493315, -0.0579833896423843, 0.37243793265836, -0.237683631137361, 
-0.0855086280848578, 0.163016028699901, -0.004646255116837, -0.193420430472331, 
-0.448056093063279, -0.155517154283737, 0.187658251651894, -0.0257440711446451, 
0.215311859347567, -388.749181254348, 2.79628514992061, -23.3860387646424, 
1.47909477205125, 14.5764142783433, 40.0086050715899, 0.248565560263966, 
-0.124219811669706, -0.0332971193721879, 0.362184997686021, -0.0932285495397528, 
0.0381762724968381, -0.23966593592141, -0.0666597852058263, -0.113407542958621, 
-0.0621168959019034, -0.369109226861666, 0.172963856072078, 0.217876059569224, 
0.205900593496153, 0.045525349722464, 0.206470590711578, 0.477111765228312, 
0.129555725324056, -0.199116760852547, 0.236893111127812, -0.19131936169323, 
-221.317603189357, 16.3019301952679, -8.12637257476978, -23.6361893509477, 
23.5238925241786, 8.85810975383417, -38.4476083036283, -0.432643529825004, 
-0.0209709163646769, -0.150533763590882, 0.0774339194609824, 
-0.21386980891375, 0.0402107156179877, -0.238199052534661, -0.0282251479588261, 
0.305446156706, 0.230642376475756, -0.0450597912442807, 0.23153038327356, 
0.104069475237864, -0.0917408450957259, -0.283222324562362, 0.548672992117155, 
-0.148704989038529, 0.00250623556652687, 0.223929693162627, -0.0533201897033484
), .Dim = c(27L, 7L), .Dimnames = list(c("1", "2", "4", "5", 
"6", "7", "8", "9", "10", "11", "12", "13", "14", "15", "16", 
"17", "18", "19", "20", "21", "23", "25", "26", "27", "28", "29", 
"30"), c("x1", "x2", "x3", "x4", "x5", "x6", "x7")), assign = 1:7), 
    qraux = c(1.19245008972988, 1.01654074437395, 1.25086034448466, 
    1.10419854459596, 1.10923444385712, 1.15566248826251, 1.03301487555291
    ), pivot = 1:7, tol = 1e-07, rank = 7L), .Names = c("qr", 
"qraux", "pivot", "tol", "rank"), class = "qr"), df.residual = 20L, 
    xlevels = structure(list(), .Names = character(0)), call = quote(lm(formula = y ~ 
        . + 0, data = structure(list(y = c(43, 63, 61, 81, 43, 
        58, 71, 72, 67, 64, 67, 69, 68, 77, 81, 74, 65, 65, 50, 
        50, 53, 63, 66, 78, 48, 85, 82), x1 = c(1, 1, 1, 1, 1, 
        1, 1, 1, 1, 1, 1, 1, 1, 1, 1, 1, 1, 1, 1, 1, 1, 1, 1, 
        1, 1, 1, 1), x2 = c(51, 64, 63, 78, 55, 67, 75, 82, 61, 
        53, 60, 62, 83, 77, 90, 85, 60, 70, 58, 40, 66, 54, 77, 
        75, 57, 85, 82), x3 = c(52, 72, 42, 44, 57, 58, 57, 45, 
        53, 42, 66, 66, 53, 64, 65, 57, 50, 42, 42, 53, 45, 56, 
        50, 52, 45, 42, 50), x4 = c(39, 54, 47, 66, 44, 56, 55, 
        67, 47, 58, 39, 42, 45, 72, 72, 69, 75, 57, 54, 34, 50, 
        48, 63, 74, 45, 71, 59), x5 = c(61, 63, 54, 71, 54, 66, 
        70, 71, 62, 58, 59, 55, 59, 79, 60, 79, 55, 75, 64, 43, 
        63, 66, 88, 80, 51, 77, 64), x6 = c(92, 73, 84, 83, 49, 
        68, 66, 83, 80, 67, 74, 63, 77, 77, 54, 79, 80, 85, 78, 
        64, 80, 75, 76, 78, 83, 74, 78), x7 = c(45, 47, 35, 47, 
        34, 35, 41, 31, 41, 34, 41, 25, 35, 46, 36, 63, 60, 46, 
        52, 33, 37, 33, 72, 49, 38, 55, 39)), .Names = c("y", 
        "x1", "x2", "x3", "x4", "x5", "x6", "x7"),