
expected <- structure(list(coefficients = structure(c(9.54604297333915, 0.602968327797945, 
-0.0918549693314174, 0.305370310816282, 0.0556183520916661, 0.108867444422583, 
-0.218067580810366), .Names = c("x1", "x2", "x3", "x4", "x5", 
"x6", "x7")), residuals = structure(c(-10.1023223130213, 1.85648737287912, 
1.96682967370644, -1.32348798123695, 6.17557547078544, -10.4581928564738, 
-9.85278550603317, 1.83533029631658, -7.0605047660608, 7.01452206390314, 
6.38093049423829, 9.67376373741302, 10.68155228249, -2.85439342021132, 
1.97640601003131, -1.90632671505188, 0.366627631808485, 3.38121522342049, 
-3.43984221617918, -4.69512892256855, 4.31814607455638, 0.4662806516205, 
-10.7563875808153, -4.28858265470887, 4.95359654648322, 0.605622984846951, 
5.08506841786185), .Names = c("1", "2", "3", "4", "5", "6", "7", 
"8", "9", "10", "11", "12", "13", "14", "15", "16", "17", "18", 
"19", "20", "21", "22", "23", "24", "25", "26", "30")), effects = structure(c(-332.553755053224, 
-47.3569455303206, 4.84740410534456, 8.393226700135, -3.55082210488094, 
2.58117259339246, -9.41948301525874, 3.79899233668679, -4.60304604431289, 
8.43839736749901, 11.6253256351379, 8.1739711940164, 17.7033416559323, 
-4.49492469667083, 4.26872212738879, 3.65820077252572, 0.0332601070116177, 
3.87467167124896, -3.86214644146574, -3.72950219869474, 5.93657035779973, 
3.87652897789157, -8.03259437326079, 0.699698018316915, 7.72716089573928, 
-3.41364748475913, 8.17854690217144), .Names = c("x1", "x2", 
"x3", "x4", "x5", "x6", "x7", "", "", "", "", "", "", "", "", 
"", "", "", "", "", "", "", "", "", "", "", "")), rank = 7L, 
    fitted.values = structure(c(53.1023223130213, 61.1435126271209, 
    69.0331703262936, 62.3234879812369, 74.8244245292146, 53.4581928564738, 
    67.8527855060332, 69.1646697036834, 79.0605047660608, 59.9854779360969, 
    57.6190695057617, 57.326236262587, 58.31844771751, 70.8543934202113, 
    75.0235939899687, 82.9063267150519, 73.6333723681915, 61.6187847765795, 
    68.4398422161792, 54.6951289225685, 45.6818539254436, 63.5337193483795, 
    63.7563875808153, 44.2885826547089, 58.0464034535168, 65.3943770151531, 
    76.9149315821382), .Names = c("1", "2", "3", "4", "5", "6", 
    "7", "8", "9", "10", "11", "12", "13", "14", "15", "16", 
    "17", "18", "19", "20", "21", "22", "23", "24", "25", "26", 
    "30")), assign = 1:7, qr = structure(list(qr = structure(c(-5.19615242270663, 
    0.192450089729875, 0.192450089729875, 0.192450089729875, 
    0.192450089729875, 0.192450089729875, 0.192450089729875, 
    0.192450089729875, 0.192450089729875, 0.192450089729875, 
    0.192450089729875, 0.192450089729875, 0.192450089729875, 
    0.192450089729875, 0.192450089729875, 0.192450089729875, 
    0.192450089729875, 0.192450089729875, 0.192450089729875, 
    0.192450089729875, 0.192450089729875, 0.192450089729875, 
    0.192450089729875, 0.192450089729875, 0.192450089729875, 
    0.192450089729875, 0.192450089729875, -342.753609808908, 
    -68.0364825881156, 0.0948302518508885, -0.00805572540306698, 
    0.212414225855409, -0.125639699407587, 0.0507362615991933, 
    0.168320235603714, 0.271206212857669, -0.0374517189041971, 
    -0.155035692908718, -0.0521497156547622, -0.022753722153632, 
    0.285904209608234, 0.197716229104844, 0.38879018686219, 0.315300203109364, 
    -0.0521497156547622, 0.0948302518508885, -0.0815457091558923, 
    -0.346109650666063, -0.0374517189041971, 0.0360382648486282, 
    -0.390203640917759, -0.140337696158153, 0.197716229104844, 
    0.271206212857669, -273.471577506153, -31.9186052397271, 
    -53.7540597150277, -0.068940024584522, -0.00259405148006831, 
    0.0792274842913807, -0.161627025089866, -0.0865555811570526, 
    0.258180623295055, -0.0505013934329394, 0.172079099712536, 
    -0.00407558572236198, 0.163518243799986, 0.453597014460587, 
    -0.0305812280390631, -0.224845314793922, 0.0816967080285368, 
    0.330782843490713, -0.114871987547668, 0.405031212844475, 
    -0.0801347191500383, 0.0797213290388119, 0.0336247511598553, 
    0.114952442183873, -0.0417759226045793, 0.192657724769653, 
    -0.355726496928915, -288.867584684543, -31.8151748922231, 
    -10.7420708495204, 46.8713246981527, -0.13207290309552, 0.133572442022195, 
    -0.0936583501173797, 0.0390282479705255, -0.0104238354988438, 
    0.0803242194515253, -0.149301402981008, 0.258912388977911, 
    0.280950787064172, 0.545622146599228, -0.281277578713764, 
    -0.22401796861094, -0.0913695887295397, -0.378185415255976, 
    -0.0659608194573539, 0.0783902646598316, 0.130862578649903, 
    -0.188771043885741, 0.100465325642289, -0.335626137821619, 
    -0.00934067039045085, -0.00195424574144852, -0.0798415502449372, 
    -345.447911065126, -2.03540036482822, 14.9040338568319, -14.5368226530949, 
    -55.8672394882947, 0.0861758055928054, 0.366110526728532, 
    0.0742815808732567, 0.157049607841621, -0.0115403124969369, 
    -0.040615475285342, 0.38427024026963, -0.383416962404785, 
    0.318984681863163, 0.0131519463231772, -0.0316779643612478, 
    -0.254945330380651, -0.00995168906564914, 0.179201168306678, 
    -0.193876878159414, 0.369093560347237, -0.0942305300854047, 
    -0.117540610775386, -0.155333943702412, 0.154475648337033, 
    0.0511710181268722, -0.123739012761017, -386.439780177589, 
    -11.4110891809387, -4.10160002706479, 0.49003517891903, 2.0725385896463, 
    51.0365032749775, 0.163453086909063, 0.235761707674674, -0.0214875763401258, 
    -0.059605822723462, 0.189588989764498, 0.10569020771673, 
    0.322597550476499, 0.211699756620105, -0.00839768786231231, 
    0.438174751515144, 0.000717715065238314, -0.0486500210276707, 
    -0.160232388073537, 0.0486815918216585, 0.229616206703361, 
    -0.0732291547792954, -0.0362766106371212, 0.313207155555707, 
    0.0222055166155234, 0.0892994171060164, -0.0590188328872029, 
    -220.547802830437, -8.28150461356839, -12.875499479707, 23.6840296439762, 
    3.0688206191248, 13.6427481763383, 43.1952469975353, -0.0294955301410615, 
    0.427222805740683, -0.018047099487325, 0.263002737214933, 
    -0.205061882574373, 0.225982499567617, -0.0387685481266679, 
    0.15734749480262, 0.234383924930436, -0.268419730887092, 
    -0.0537892074130222, -0.0124580978118287, -0.157962728180026, 
    -0.0752136721092556, 0.206664416483737, 0.11183467601593, 
    -0.0698595134021756, 0.16096081526162, -0.587300447194717, 
    0.138579288298616), .Dim = c(27L, 7L), .Dimnames = list(c("1", 
    "2", "3", "4", "5", "6", "7", "8", "9", "10", "11", "12", 
    "13", "14", "15", "16", "17", "18", "19", "20", "21", "22", 
    "23", "24", "25", "26", "30"), c("x1", "x2", "x3", "x4", 
    "x5", "x6", "x7")), assign = 1:7), qraux = c(1.19245008972988, 
    1.0066422713475, 1.29439942593498, 1.09361073781378, 1.26330196481999, 
    1.57074841650524, 1.13023104489402), pivot = 1:7, tol = 1e-07, 
        rank = 7L), .Names = c("qr", "qraux", "pivot", "tol", 
    "rank"), class = "qr"), df.residual = 20L, xlevels = structure(list(), .Names = character(0)), 
    call = quote(lm(formula = y ~ . + 0, data = structure(list(y = c(43, 
        63, 71, 61, 81, 43, 58, 71, 72, 67, 64, 67, 69, 68, 77, 
        81, 74, 65, 65, 50, 50, 64, 53, 40, 63, 66, 82), x1 = c(1, 
        1, 1, 1, 1, 1, 1, 1, 1, 1, 1, 1, 1, 1, 1, 1, 1, 1, 1, 
        1, 1, 1, 1, 1, 1, 1, 1), x2 = c(51, 64, 70, 63, 78, 55, 
        67, 75, 82, 61, 53, 60, 62, 83, 77, 90, 85, 60, 70, 58, 
        40, 61, 66, 37, 54, 77, 82), x3 = c(30, 51, 68, 45, 56, 
        49, 42, 50, 72, 45, 53, 47, 57, 83, 54, 50, 64, 65, 46, 
        68, 33, 52, 52, 42, 42, 66, 39), x4 = c(39, 54, 69, 47, 
        66, 44, 56, 55, 67, 47, 58, 39, 42, 45, 72, 72, 69, 75, 
        57, 54, 34, 62, 50, 58, 48, 63, 59), x5 = c(62, 63, 64, 
        55, 80, 70, 88, 71, 71, 66, 61, 88, 43, 79, 66, 66, 50, 
        60, 77, 50, 88, 59, 59, 55, 75, 66, 63), x6 = c(92, 73, 
        86, 84, 83, 49, 68, 66, 83, 80, 67, 74, 63, 77, 77, 54, 
        79, 80, 85, 78, 64, 80, 80, 57, 75, 76, 78),