
expected <- structure(list(coefficients = structure(c(11.8085341528959, 0.649564921040185, 
-0.141565982788667, 0.260036632887971, 0.0862777509067807, 0.0624583567772591, 
-0.179956697902237), .Names = c("x1", "x2", "x3", "x4", "x5", 
"x6", "x7")), residuals = structure(c(-7.62740292678639, 2.25116617586248, 
0.558048471522859, -0.198430910829207, 8.70393587065873, -7.95066012992331, 
-9.58867942131358, -4.47644180215044, 4.62559891716871, 3.85908808013834, 
10.6787939676812, 8.46926802310079, -6.65479820247073, -0.949127053781841, 
-4.11721853322083, -1.75047382015056, 2.28231535845434, -9.03998401616296, 
8.25251758641064, -0.921269786313977, -10.5277245767065, -2.90239748388496, 
4.71413777370132, 1.9288934224886, -5.0884867598345, 5.50959089193679, 
9.95974088440498), .Names = c("1", "2", "3", "4", "5", "6", "7", 
"9", "10", "11", "12", "13", "14", "15", "16", "17", "18", "20", 
"21", "22", "23", "24", "25", "27", "28", "29", "30")), effects = structure(c(-334.285805860793, 
-54.1626149974308, 11.1126201402083, 9.57698205279185, 2.32154907092224, 
1.02532788548906, -6.19900124401518, -2.86526452055151, 6.70878441037418, 
7.16506137286208, 12.3444894429462, 11.6846124695999, -7.97347029711317, 
2.85674866674844, -6.04205140608385, -2.44671196846897, -3.18357661355961, 
-7.99586453541687, 9.33081898293513, 1.59009868792686, -8.80913528310822, 
-2.29733098562649, 10.8536582972799, 5.63328199149604, -6.92882569171124, 
5.94917461132769, 8.43529515644162), .Names = c("x1", "x2", "x3", 
"x4", "x5", "x6", "x7", "", "", "", "", "", "", "", "", "", "", 
"", "", "", "", "", "", "", "", "", "")), rank = 7L, fitted.values = structure(c(50.6274029267864, 
60.7488338241375, 70.4419515284771, 61.1984309108292, 72.2960641293413, 
50.9506601299233, 67.5886794213136, 76.4764418021504, 62.3744010828313, 
60.1409119198617, 56.3212060323188, 60.5307319768992, 74.6547982024707, 
77.9491270537818, 85.1172185332208, 75.7504738201506, 62.7176846415457, 
59.039984016163, 41.7474824135894, 64.921269786314, 63.5277245767065, 
42.902397483885, 58.2858622262987, 76.0711065775114, 53.0884867598345, 
79.4904091080632, 72.040259115595), .Names = c("1", "2", "3", 
"4", "5", "6", "7", "9", "10", "11", "12", "13", "14", "15", 
"16", "17", "18", "20", "21", "22", "23", "24", "25", "27", "28", 
"29", "30")), assign = 1:7, qr = structure(list(qr = structure(c(-5.19615242270663, 
0.192450089729875, 0.192450089729875, 0.192450089729875, 0.192450089729875, 
0.192450089729875, 0.192450089729875, 0.192450089729875, 0.192450089729875, 
0.192450089729875, 0.192450089729875, 0.192450089729875, 0.192450089729875, 
0.192450089729875, 0.192450089729875, 0.192450089729875, 0.192450089729875, 
0.192450089729875, 0.192450089729875, 0.192450089729875, 0.192450089729875, 
0.192450089729875, 0.192450089729875, 0.192450089729875, 0.192450089729875, 
0.192450089729875, 0.192450089729875, -341.791359360259, -70.2329457353646, 
0.0940757185871527, -0.00559260554061164, 0.207982374733169, 
-0.119499261686628, 0.0513607225323965, 0.264935702806177, -0.0340692695771157, 
-0.147975925723132, -0.0483076015953678, -0.0198309375588637, 
0.279174034824429, 0.193744042714917, 0.378842358952194, 0.307650698860933, 
-0.0483076015953678, -0.0767842656318719, -0.333074241960409, 
-0.0340692695771157, 0.0371223905141445, -0.375789238015165, 
-0.13373759370488, 0.165267378678413, -0.0910225976501239, 0.307650698860933, 
0.264935702806177, -271.354626519124, -23.2559422964783, -68.1749793881123, 
-0.000369292081725615, 0.202706401725882, 0.28247401561419, -0.171127221759181, 
0.339979368258155, -0.31103005094122, -0.262876949881288, -0.0263162929284981, 
-0.067690844022979, -0.223429010134798, -0.231318598084096, -0.309567387306485, 
0.101899886639445, -0.070320706672745, -0.160959396811005, 0.0647301838918336, 
-0.135012395964232, 0.0402458466797958, 0.126792010533555, -0.136882846281039, 
-0.145939633245368, 0.329108292008203, -0.132790319996538, 0.339979368258155, 
-291.754336030491, -37.5876144912945, 6.04362900082594, 49.9805281360813, 
-0.0712050960108024, 0.130081048657637, -0.033452186165011, -0.0320300060406215, 
0.0655461206907371, -0.23524866880128, 0.248041501222106, 0.204772060988601, 
0.353186685546737, -0.252690504754307, -0.121538249896869, -0.0674546961707789, 
-0.47737400516453, -0.089369319813821, 0.142884425469676, -0.214030746779076, 
0.100469273627302, -0.362433479909414, -0.00967710909009331, 
-0.304325021113227, 0.137097196599009, -0.134856958703858, 0.128032328199195, 
-328.319853079167, -33.1911339714365, 4.95786299518055, 16.5208383589711, 
31.5737896712131, 0.106520684955958, -0.0495913850276793, 0.0948148328729185, 
-0.104546438894163, 0.123792415318102, -0.109333045304813, 0.0714028124770483, 
0.128215319127397, -0.16605506113614, 0.524281876726068, -0.125975379203448, 
0.525165193236003, -0.0792085017268555, 0.188004862313477, -0.00529403584511083, 
-0.0314015580797508, 0.289818692453106, -0.254981827430225, -0.1775453084188, 
0.233691431681993, -0.0515700469962695, 0.202948739419709, -387.979380895428, 
-10.5506040255248, -6.7566688794588, 0.15198111832279, 22.5968420491861, 
44.5913871896102, 0.182299181298735, -0.0259686484704006, -0.105875602652287, 
0.0448106749254608, 0.14350174801299, 0.294270537483991, -0.0355392079138726, 
0.00451626995388477, 0.227847617298321, 0.0876178572045171, -0.382409526269596, 
-0.0499450605077771, 0.211703290034596, -0.129801327495545, -0.0120040912716721, 
0.27238154624831, 0.10630026645494, 0.00411397349381965, -0.118150548941303, 
0.0825916128578775, 0.0582412618312873, -217.276151305029, -8.12850554553101, 
0.644297148405463, 26.9768200788651, 10.0798032715995, 9.77889072930494, 
34.4471826627028, 0.468141159162357, -0.0106109079053524, 0.319438262755709, 
-0.199154777395691, 0.221674184134615, -0.0524700877915833, 0.213177545383766, 
0.187665167881069, -0.396538433686463, -0.193795412910033, -0.212303554926104, 
-0.0746816284771884, 0.230547095797455, 0.0960423117177197, -0.145459705103939, 
0.270274634651502, 0.174092788547016, -0.0394821507966794, -0.151670795138007, 
0.0429806684486908), .Dim = c(27L, 7L), .Dimnames = list(c("1", 
"2", "3", "4", "5", "6", "7", "9", "10", "11", "12", "13", "14", 
"15", "16", "17", "18", "20", "21", "22", "23", "24", "25", "27", 
"28", "29", "30"), c("x1", "x2", "x3", "x4", "x5", "x6", "x7"
)), assign = 1:7), qraux = c(1.19245008972988, 1.00864572647764, 
1.03083743406458, 1.12338007425685, 1.04145101239501, 1.68160734245736, 
1.21845219807146), pivot = 1:7, tol = 1e-07, rank = 7L), .Names = c("qr", 
"qraux", "pivot", "tol", "rank"), class = "qr"), df.residual = 20L, 
    xlevels = structure(list(), .Names = character(0)), call = quote(lm(formula = y ~ 
        . + 0, data = structure(list(y = c(43, 63, 71, 61, 81, 
        43, 58, 72, 67, 64, 67, 69, 68, 77, 81, 74, 65, 50, 50, 
        64, 53, 40, 63, 78, 48, 85, 82), x1 = c(1, 1, 1, 1, 1, 
        1, 1, 1, 1, 1, 1, 1, 1, 1, 1, 1, 1, 1, 1, 1, 1, 1, 1, 
        1, 1, 1, 1), x2 = c(51, 64, 70, 63, 78, 55, 67, 82, 61, 
        53, 60, 62, 83, 77, 90, 85, 60, 58, 40, 61, 66, 37, 54, 
        75, 57, 85, 82), x3 = c(52, 58, 57, 52, 72, 68, 42, 83, 
        30, 30, 49, 47, 45, 42, 42, 68, 46, 39, 47, 42, 56, 50, 
        39, 47, 72, 52, 83), x4 = c(39, 54, 69, 47, 66, 44, 56, 
        67, 47, 58, 39, 42, 45, 72, 72, 69, 75, 54, 34, 62, 50, 
        58, 48, 74, 45, 71, 59), x5 = c(61, 63, 76, 54, 71, 54, 
        66, 71, 62, 58, 59, 55, 59, 79, 60, 79, 55, 64, 43, 66, 
        63, 50, 66, 80, 51, 77, 64), x6 = c(92, 73, 86, 84, 83, 
        49, 68, 83, 80, 67, 74, 63, 77, 77, 54, 79, 80, 78, 64, 
        80, 80, 57, 75, 78, 83, 74, 78), x7 = c(45, 47, 48, 35, 
        47, 34, 35, 31, 41, 34, 41, 25, 35, 46, 36, 63, 60, 52, 
        33, 41, 37, 49, 33, 49, 38, 55, 39)), .Names = c("y", 
        "x1", "x2", "x3", "x4", "x5", "x6", "x7"),