
expected <- structure(list(coefficients = structure(c(1.57823030473827, 0.0273109211287311, 
0.0836816543276129, 0.393124888170714, 0.368537289135905, 0.082156557066596, 
0.139406926677752), .Names = c("x1", "x2", "x3", "x4", "x5", 
"x6", "x7")), residuals = structure(c(-17.6851429295892, 2.84617078194241, 
10.9223423463814, -4.53904040358014, 19.0948779619152, -19.5784810881799, 
-5.9072920334804, 6.28684020075294, 2.75727006627015, 6.12755581961693, 
1.39350062936859, 10.5466813762411, 15.3567458883684, 5.82786282024239, 
-5.60393665418077, -0.00939931346683043, -0.339718524477422, 
-11.4603043484538, -1.73829253212557, -9.36821526659732, -18.9931524755767, 
-5.94884919280113, -8.38270705871733, 10.4209752948162, -18.639501093947, 
18.8772204518582, 18.6159814520135), .Names = c("1", "2", "3", 
"4", "5", "6", "7", "8", "10", "11", "13", "14", "16", "17", 
"18", "19", "20", "21", "22", "23", "24", "25", "26", "27", "28", 
"29", "30")), effects = structure(c(214.450017346845, -242.23544898129, 
53.7175243460164, -46.2924376421519, 24.6313395124612, -5.86868666094747, 
9.60533561640955, 22.0480109953157, -1.90054618896907, 17.2009464829954, 
-1.03219757090334, 4.5835514804093, 15.2094136248851, 11.1788038892809, 
-11.0820225180962, -0.0583872085837995, 4.65471231306443, -8.83279568349732, 
-0.254526237332751, -14.9907446996736, -20.4579260553518, -8.35465512010622, 
-0.377722424235031, 1.61471158672956, -25.8538635951037, 19.6790756693811, 
20.789199877576), .Names = c("x1", "x2", "x3", "x4", "x5", "x6", 
"x7", "", "", "", "", "", "", "", "", "", "", "", "", "", "", 
"", "", "", "", "", "")), rank = 7L, fitted.values = structure(c(60.6851429295892, 
60.1538292180576, 60.0776576536187, 65.5390404035801, 61.9051220380848, 
62.5784810881799, 63.9072920334804, 64.7131597992471, 64.2427299337298, 
57.8724441803831, 67.6064993706314, 57.4533186237589, 65.6432541116316, 
68.1721371797576, 70.6039366541808, 65.0093993134668, 50.3397185244774, 
61.4603043484538, 65.7382925321256, 62.3682152665973, 58.9931524755767, 
68.9488491928011, 74.3827070587173, 67.5790247051838, 66.639501093947, 
66.1227795481418, 63.3840185479865), .Names = c("1", "2", "3", 
"4", "5", "6", "7", "8", "10", "11", "13", "14", "16", "17", 
"18", "19", "20", "21", "22", "23", "24", "25", "26", "27", "28", 
"29", "30")), assign = 1:7, qr = structure(list(qr = structure(c(7.49515391259253, 
-0.0613295786330788, -0.278694939046924, -0.0963003854616712, 
-0.318112427891352, -0.288658809593327, -0.0143342882522067, 
0.226892690101676, -0.157883697259036, -0.0781924634033072, 0.00342017891145737, 
-0.29039676250681, -0.109081193727127, -0.141519400993319, -0.0913816706330203, 
-0.299303899760913, 0.176946337316881, -0.337721177161988, -0.200398823295388, 
-0.139294142844332, -0.151212423521473, -0.0535974137881506, 
0.0710428251924383, -0.143381678765664, -0.347561102165992, -0.219557233522582, 
-0.0451740077925047, 214.550190458427, -275.594295612686, 0.183678408515867, 
0.0957670943067984, 0.0582416815612503, 0.0805997742882439, 0.246647272570222, 
0.337669106076689, 0.0533073910190041, 0.199392710936455, 0.146894431563044, 
0.0506805382800105, 0.161784739070605, 0.228609482706834, 0.254315400693841, 
0.0860275384774586, 0.391888795349116, 0.0227885021642327, 0.0823089382239034, 
0.200722209011313, 0.230896855612386, 0.201117175436181, 0.275906547160027, 
0.224026159487035, 0.0286290794088506, 0.130542659327255, 0.198178862445687, 
173.28600064377, -207.183009471085, 63.829167058578, -0.159657427027565, 
0.0958239447704173, -0.0879662258027232, -0.0592376139320428, 
-0.187984048659769, -0.359251169770932, 0.152402540661044, -0.550324320594291, 
-0.121881123995353, -0.276020609120281, 0.132492231004132, 0.234787546175927, 
0.184915494647, 0.320666263056644, -0.127027102176317, -0.058199030384141, 
0.223329120295435, 0.0327924058885364, -0.106863608892952, 0.00512394112181154, 
0.198995444888665, 0.036068491928007, 0.185293998149995, -0.03831073295359, 
177.972628511364, -217.23214017694, 56.6986315547911, -74.4124045755583, 
0.236174610624403, -0.154477181501183, 0.0290849188142593, -0.0122294234414232, 
0.0343185609201527, 0.125858182647004, 0.0392784356273193, -0.0437501641235051, 
-0.164945174951899, -0.0725355457983872, 0.296271739488763, 0.241231535833101, 
0.216257853242493, -0.262528877849986, 0.331820930113495, 0.0993377597410648, 
-0.182445260160758, 0.270637243378481, 0.216398847287502, 0.300649058311181, 
0.249447131802672, 0.138300744271368, 0.119998548759853, 197.326853314083, 
-223.721923931081, 41.5427210956192, -29.6081476623146, 53.6579316570803, 
-0.0271338436760972, 0.0141193513776476, -0.149403793500838, 
0.0252104063465123, -0.263578107193208, 0.196958737886302, 0.133301967341989, 
-0.0390639878149073, -0.417862619386006, 0.127566464047381, -0.104050137805953, 
0.0512372595355204, -0.149202742726115, 0.162345725869386, -0.234242903844669, 
0.128914423932756, 0.119315653154706, -0.442463083035969, 0.279629386942975, 
0.00678292781201377, -0.459375387749894, 0.00905832247809803, 
243.028824920401, -298.1052969322, 42.4908306921085, -36.9064490795605, 
19.8158929105304, -42.7199708610026, 0.0150302520208684, 0.525356714672461, 
-0.12881437447682, 0.405507299741716, -0.20497054734367, -0.0284487034151967, 
-0.00789852328922447, 0.108674753576137, 0.0476891824902215, 
0.177129519361172, 0.213070911194186, 0.423251613071519, 0.258156588353606, 
-0.174034361084017, 0.0952678470896055, -0.130065751537303, 0.0812295801328003, 
-0.0672490408411643, -0.103065828497166, -0.0311585828339858, 
0.190423308307044, 140.641010003152, -179.551773404995, 52.2614540320558, 
-22.2030298127952, 23.1579978063376, -16.9214040739531, 68.9014229444487, 
-0.177303308376914, -0.186009314472159, 0.299966607424822, 0.178767801104313, 
0.140029607112407, 0.137157183375908, 0.333653780749811, -0.494435098494113, 
0.0863971991467577, -0.0475613384026322, -0.252962938454681, 
0.0346623530977303, -0.246986273169781, 0.349087940820043, 0.20705345574115, 
-0.107417331479066, -0.242338032954135, 0.0342672588715687, 0.0608031401605296, 
-0.202935625935602), .Dim = c(27L, 7L), .Dimnames = list(c("1", 
"2", "3", "4", "5", "6", "7", "8", "10", "11", "13", "14", "16", 
"17", "18", "19", "20", "21", "22", "23", "24", "25", "26", "27", 
"28", "29", "30"), c("x1", "x2", "x3", "x4", "x5", "x6", "x7"
)), assign = 1:7), qraux = c(1.02301027774924, 1.27698033451213, 
1.0650609783015, 1.38116704040093, 1.15731891589624, 1.21899545616215, 
1.02899165707243), pivot = 1:7, tol = 1e-07, rank = 7L), .Names = c("qr", 
"qraux", "pivot", "tol", "rank"), class = "qr"), df.residual = 20L, 
    xlevels = structure(list(), .Names = character(0)), call = quote(lm(formula = y ~ 
        . + 0, data = structure(list(y = c(43, 63, 71, 61, 81, 
        43, 58, 71, 67, 64, 69, 68, 81, 74, 65, 65, 50, 50, 64, 
        53, 40, 63, 66, 78, 48, 85, 82), x1 = c(-0.172465573302085, 
        0.459674631249372, 2.08886146281729, 0.721786210877214, 
        2.38430160855418, 2.16354220612773, 0.107437696677756, 
        -1.70059563395422, 1.18336261124564, 0.586064548012546, 
        -0.0256347673499762, 2.17656843070712, 0.817580335954143, 
        1.06070969206283, 0.684919686184324, 2.24332879534721, 
        -1.32624003245954, 2.53127220237103, 1.50202002450137, 
        1.04403103974092, 1.13336038778957, 0.401720865659098, 
        -0.532476909202731, 1.07466775059455, 2.60502395476441, 
        1.64561525787477, 0.338586141253477), x2 = c(70, 85, 
        90, 40, 61, 63, 70, 61, 37, 66, 40, 55, 60, 83, 83, 66, 
        83, 54, 51, 75, 85, 63, 66, 82, 57, 67, 61), x3 = c(52, 
        72, 68, 42, 44, 57, 58, 57, 53, 42, 66, 53, 65, 57, 50, 
        42, 42, 53, 45, 45, 65, 56, 50, 52, 45, 42, 50), x4 = c(59, 
        47, 45, 71, 59, 45, 58, 55, 59, 47, 74, 50, 54, 47, 66, 
        56, 50, 34, 69, 47, 48, 75, 63, 69, 62, 48, 57),