
expected <- structure(list(coefficients = structure(c(18.4170417182218, 0.606299371561042, 
0.210159714343368, 0.203401748295922, 0.153288902359149, -0.26962491977195, 
-0.127878677769889), .Names = c("x1", "x2", "x3", "x4", "x5", 
"x6", "x7")), residuals = structure(c(-6.93210892328186, 2.00511224138106, 
2.85493954827861, 4.45140632286406, -8.56312480906978, 1.29618601346695, 
-4.80989775478354, 7.99929729615869, 5.29627194580748, 9.07492784253285, 
6.74478393124022, -5.67924464348024, 0.438070933212039, -6.54037368430786, 
-0.936535717606003, 4.62322462391924, -1.49665227380964, 3.11062897572759, 
-4.75951625367439, -8.83609041956942, -7.50389734979698, 2.11344551752746, 
-5.58457475070826, 3.16415765915148, -5.63696564036174, 6.96160542647148, 
7.14492394271051), .Names = c("1", "2", "3", "5", "7", "8", "9", 
"10", "11", "12", "13", "14", "15", "16", "17", "18", "19", "21", 
"22", "23", "24", "25", "26", "27", "28", "29", "30")), effects = structure(c(-343.523410167827, 
49.3571362451374, 5.96098657909831, -9.43283209670621, -1.82272359056118, 
-10.6546684597349, -4.87162626080089, 9.5899090157279, 5.24340342904543, 
11.0569800899222, 9.65264434205686, 0.59440214529675, -0.331387183971369, 
-2.13024757069734, -1.09914194332785, 5.56997395911585, -1.46750169841539, 
5.06469999609082, -4.13038166656006, -6.6542914474938, -10.0446706037686, 
1.84381044421618, -9.3407774465945, 1.64478524448266, -1.95254566990395, 
7.23394592815328, 11.3925404576038), .Names = c("x1", "x2", "x3", 
"x4", "x5", "x6", "x7", "", "", "", "", "", "", "", "", "", "", 
"", "", "", "", "", "", "", "", "", "")), rank = 7L, fitted.values = structure(c(49.9321089232819, 
60.9948877586189, 68.1450604517214, 76.5485936771359, 66.5631248090698, 
69.703813986533, 76.8098977547835, 59.0007027038413, 58.7037280541925, 
57.9250721574672, 62.2552160687598, 73.6792446434802, 76.561929066788, 
87.5403736843079, 74.936535717606, 60.3767753760808, 66.4966522738096, 
46.8893710242724, 68.7595162536744, 61.8360904195694, 47.503897349797, 
60.8865544824725, 71.5845747507083, 74.8358423408485, 53.6369656403617, 
78.0383945735285, 74.8550760572895), .Names = c("1", "2", "3", 
"5", "7", "8", "9", "10", "11", "12", "13", "14", "15", "16", 
"17", "18", "19", "21", "22", "23", "24", "25", "26", "27", "28", 
"29", "30")), assign = 1:7, qr = structure(list(qr = structure(c(-5.19615242270663, 
0.192450089729875, 0.192450089729875, 0.192450089729875, 0.192450089729875, 
0.192450089729875, 0.192450089729875, 0.192450089729875, 0.192450089729875, 
0.192450089729875, 0.192450089729875, 0.192450089729875, 0.192450089729875, 
0.192450089729875, 0.192450089729875, 0.192450089729875, 0.192450089729875, 
0.192450089729875, 0.192450089729875, 0.192450089729875, 0.192450089729875, 
0.192450089729875, 0.192450089729875, 0.192450089729875, 0.192450089729875, 
0.192450089729875, 0.192450089729875, -350.644063487833, 69.9910047130397, 
-0.0739876890014511, -0.188288091357435, -0.0311250381179571, 
-0.145425440473941, -0.245438292535427, 0.0546002636490308, 0.168900666005015, 
0.0688878139435288, 0.0403127133545328, -0.259725842829925, -0.174000541062937, 
-0.359738694891411, -0.288300943418921, 0.0688878139435288, -0.0739876890014511, 
0.354638819833489, 0.0546002636490308, -0.0168374878234591, 0.397501470716983, 
0.154613115710517, -0.174000541062937, -0.145425440473941, 0.111750464827023, 
-0.288300943418921, -0.245438292535427, -270.007475891015, -11.6946245003113, 
52.8980029940609, -0.315177380582844, 0.231479973550072, 0.40275872186811, 
0.0823830315377126, 0.00377330932378107, 0.134963446301779, 0.0036308092814038, 
0.174054557345179, -0.0498046057369259, 0.00605331000181728, 
0.140235947869738, 0.290757890305869, 0.0225351146124061, 0.00505580970517643, 
-0.0748364128901505, -0.544451545275285, 0.136815946852683, 0.227204972278754, 
-0.261884465606891, 0.138383447318833, 0.0435769205790673, 0.0410119198162765, 
0.234044974312863, 0.0445744208757081, -297.527838722387, 35.5135583468277, 
-1.48253254879013, -49.6364226750219, -0.0487991920264072, -0.195322317956575, 
0.058951456593238, -0.109355257744567, 0.159455907733959, -0.260297275845195, 
-0.264854708821333, -0.359861507318513, 0.230627924933689, 0.0629986536245227, 
0.0141204607772837, 0.460028029128636, 4.01417652490068e-05, 
-0.136636498795746, 0.336350356662534, -0.134705429543903, 0.298392341435273, 
0.0516807050313232, 0.01466955577772, 0.281483704754691, -0.118625559919175, 
0.0692591260742062, -0.0923233975909824, -340.05930855269, 35.7220507474215, 
2.97176463040115, -15.1033747557146, 37.1168215642887, -0.0106826768566028, 
0.109186653012398, -0.0204778349024347, 0.0905925024799967, -0.00919419189738676, 
0.149891762887545, 0.274377366617752, -0.125692900621525, 0.529329988322653, 
-0.0500767658653327, 0.365066445080912, -0.202245204699502, 0.170919465405595, 
-0.0438144018771869, 0.0336571799932366, 0.142288721565828, -0.207189599131137, 
-0.428236130350988, -0.157116204778381, 0.220847349032941, 0.015848562695304, 
0.236951767728603, -391.058582331106, 6.68128185253085, 22.4279608785714, 
1.00411599033051, 17.5051281694146, 34.9012101175851, -0.177752407322324, 
-0.0565210298632147, 0.128319999265179, 0.112902092573368, 0.255859675707443, 
-0.0328449919466479, 0.154455788452023, 0.374315953944889, -0.0225874418719769, 
-0.37481543528619, -0.0388264869988185, 0.204673748013386, 0.159716360314891, 
-0.124624698165793, 0.255705281510726, 0.284113433166709, 0.352308648341685, 
0.119141828152563, -0.344044409412341, 0.0949421473099559, -0.0974433442085653, 
-224.589254714764, 11.8745418003161, -5.7641017250512, -25.4085946364907, 
21.8371170052308, 9.73135243137485, 38.095688395896, 0.0132006737992324, 
0.244693289653308, -0.145209092917149, 0.151567579711615, -0.18912045975601, 
0.190518304776952, -0.179664063474788, -0.322004106150818, -0.332897017794501, 
0.12743319898912, -0.104828357016424, 0.141096058248612, 0.122797550687595, 
-0.159071529989961, 0.307501765839968, -0.40990482877596, 0.183783265997865, 
-0.0388011527936094, -0.173692494971242, -0.0471781639249683), .Dim = c(27L, 
7L), .Dimnames = list(c("1", "2", "3", "5", "7", "8", "9", "10", 
"11", "12", "13", "14", "15", "16", "17", "18", "19", "21", "22", 
"23", "24", "25", "26", "27", "28", "29", "30"), c("x1", "x2", 
"x3", "x4", "x5", "x6", "x7")), assign = 1:7), qraux = c(1.19245008972988, 
1.01173761276554, 1.04286442036718, 1.18364447639385, 1.01214113300649, 
1.24238547913437, 1.39908298598568), pivot = 1:7, tol = 1e-07, 
    rank = 7L), .Names = c("qr", "qraux", "pivot", "tol", "rank"
), class = "qr"), df.residual = 20L, xlevels = structure(list(), .Names = character(0)), 
    call = quote(lm(formula = y ~ . + 0, data = structure(list(y = c(43, 
        63, 71, 81, 58, 71, 72, 67, 64, 67, 69, 68, 77, 81, 74, 
        65, 65, 50, 64, 53, 40, 63, 66, 78, 48, 85, 82), x1 = c(1, 
        1, 1, 1, 1, 1, 1, 1, 1, 1, 1, 1, 1, 1, 1, 1, 1, 1, 1, 
        1, 1, 1, 1, 1, 1, 1, 1), x2 = c(51, 64, 70, 78, 67, 75, 
        82, 61, 53, 60, 62, 83, 77, 90, 85, 60, 70, 40, 61, 66, 
        37, 54, 77, 75, 57, 85, 82), x3 = c(66, 42, 52, 71, 42, 
        33, 50, 54, 47, 54, 45, 57, 54, 47, 39, 53, 54, 58, 83, 
        47, 42, 68, 47, 52, 52, 42, 52), x4 = c(39, 54, 69, 66, 
        56, 55, 67, 47, 58, 39, 42, 45, 72, 72, 69, 75, 57, 34, 
        62, 50, 58, 48, 63, 74, 45, 71, 59), x5 = c(61, 63, 76, 
        71, 66, 70, 71, 62, 58, 59, 55, 59, 79, 60, 79, 55, 75, 
        43, 66, 63, 50, 66, 88, 80, 51, 77, 64), x6 = c(92, 73, 
        86, 83, 68, 66, 83, 80, 67, 74, 63, 77, 77, 54, 79, 80, 
        85, 64, 80, 80, 57, 75, 76, 78, 83, 74, 78), x7 = c(45, 
        47, 48, 47, 35, 41, 31, 41, 34, 41, 25, 35, 46, 36, 63, 
        60, 46, 33, 41, 37, 49, 33, 72, 49, 38, 55, 39)), .Names = c("y", 
        "x1", "x2", "x3", "x4", "x5", "x6", "x7"),