
expected <- structure(list(coefficients = structure(c(29.3814541069384, -0.321049188960161, 
0.123124577983748, 0.728673557403218, 0.300919846995744, 0.0157711278083355, 
-0.265322031698837), .Names = c("x1", "x2", "x3", "x4", "x5", 
"x6", "x7")), residuals = structure(c(-3.8875799566246, 7.64089417683534, 
-3.61592511996291, 6.01093800898482, -12.2516039720117, -6.53183785285137, 
3.74219143786713, -2.2277007682959, 0.668585238617013, -2.46994420924423, 
11.7437994951548, 3.92700125123913, 3.58422452554313, -12.3980887553256, 
2.90553361821555, 4.8038811124775, -2.28094570493254, -2.09505192504642, 
-7.14748735435194, 3.92391151724836, -5.54164627278386, 1.40916432559722, 
-4.80122986564058, 1.57855444143261, -7.86312045095792, 6.90599400786473, 
14.2674890509523), .Names = c("1", "2", "4", "5", "6", "7", "8", 
"9", "10", "11", "12", "13", "14", "15", "16", "17", "18", "19", 
"20", "21", "23", "25", "26", "27", "28", "29", "30")), effects = structure(c(-339.4819582835, 
4.53042473908954, -25.9403750625423, -40.5486739080396, 6.92773284766031, 
-1.69838038054276, 10.377914314217, -0.532416100229777, 2.6111727711509, 
0.85416606172067, 14.0506968022111, 10.7984774094597, 8.73285898223006, 
-12.0315034154979, 6.69413264001503, 1.3357115961749, -3.53292420916997, 
-3.72158456719099, -7.30140305390687, 8.36984947391866, -4.44569942845097, 
3.09586639292147, -8.93475431078985, -0.45341516899872, -5.84107742751349, 
6.29811992770203, 14.7464255717545), .Names = c("x1", "x2", "x3", 
"x4", "x5", "x6", "x7", "", "", "", "", "", "", "", "", "", "", 
"", "", "", "", "", "", "", "", "", "")), rank = 7L, fitted.values = structure(c(46.8875799566246, 
55.3591058231647, 64.6159251199629, 74.9890619910152, 55.2516039720117, 
64.5318378528514, 67.2578085621329, 74.2277007682959, 66.331414761383, 
66.4699442092442, 55.2562005048452, 65.0729987487609, 64.4157754744569, 
89.3980887553256, 78.0944663817844, 69.1961188875225, 67.2809457049325, 
67.0950519250464, 57.1474873543519, 46.0760884827516, 58.5416462727839, 
61.5908356744028, 70.8012298656406, 76.4214455585674, 55.8631204509579, 
78.0940059921353, 67.7325109490477), .Names = c("1", "2", "4", 
"5", "6", "7", "8", "9", "10", "11", "12", "13", "14", "15", 
"16", "17", "18", "19", "20", "21", "23", "25", "26", "27", "28", 
"29", "30")), assign = 1:7, qr = structure(list(qr = structure(c(-5.19615242270663, 
0.192450089729875, 0.192450089729875, 0.192450089729875, 0.192450089729875, 
0.192450089729875, 0.192450089729875, 0.192450089729875, 0.192450089729875, 
0.192450089729875, 0.192450089729875, 0.192450089729875, 0.192450089729875, 
0.192450089729875, 0.192450089729875, 0.192450089729875, 0.192450089729875, 
0.192450089729875, 0.192450089729875, 0.192450089729875, 0.192450089729875, 
0.192450089729875, 0.192450089729875, 0.192450089729875, 0.192450089729875, 
0.192450089729875, 0.192450089729875, -331.206604425115, -74.5331146886079, 
-0.332079582164936, -0.0503256250448569, -0.0234919148429445, 
0.0704260708637486, -0.0503256250448569, 0.271678897378091, -0.372330147467805, 
0.0167586504599239, -0.184494176054418, -0.332079582164936, -0.130826755650594, 
-0.372330147467805, -0.063742480145813, 0.244845187176179, 0.244845187176179, 
0.0167586504599239, 0.244845187176179, -0.14424361075155, 0.137510346368529, 
-0.0234919148429445, 0.0167586504599239, 0.231428332075223, -0.103993045448682, 
0.0301755055608801, -0.0503256250448569, -275.588528493181, -19.3908340647967, 
-60.1577801887211, 0.124918479204674, 0.00116664998650734, -0.141063061006208, 
0.0251807564832335, 0.302191907277346, 0.0307598200665345, 0.0565717360694047, 
0.0122676586716112, 0.219148536444685, 0.595911689580612, 0.180366404148694, 
0.0288763328381433, 0.176599429691912, 0.193222383478819, -0.0597889404389419, 
0.243091244839539, -0.231540423409811, 0.00668859508831018, -0.115194026521839, 
0.272670135299191, 0.0805572833253818, -0.0597746608185674, 0.352089327878815, 
-0.15767173517274, -289.060034774273, -25.1889031506469, -23.287703181651, 
-51.083249063533, -0.166172961267233, 0.0968623082321126, 0.0488475620045913, 
0.0250034121404123, 0.0197323424412218, 0.0658934435982631, -0.204167134032429, 
-0.181913926640912, -0.379494538658976, 0.43963742443561, 0.385341218364121, 
0.133333073212298, 0.243067057142501, 0.100366994310117, -0.19119065181586, 
-0.205058342303964, -0.1163242482576, -0.033819966869614, 0.063395356878729, 
0.281244155682283, -0.0857690430989342, 0.177692176484449, 0.212085950373072, 
-336.210306758092, -14.9453827413466, -17.0134745050959, -26.7675709615108, 
39.5006834678747, 0.000890212149228517, -0.123073227099444, -0.00362972740170716, 
-0.0277272219748298, 0.219066313862979, -0.0580798707985394, 
0.0717935354058244, -0.0108144192259541, -0.131666171595605, 
0.357627822826519, -0.17222539151725, 0.514795341401367, -0.218110815120634, 
0.00280342498391272, 0.2937677463382, -0.0119728295215877, -0.107656982449371, 
-0.485673939868307, -0.125106584881924, 0.228831085456208, -0.1045386992149, 
0.0927662456261194, -388.749181254348, -7.52288034716205, -0.204632894455709, 
-1.07451296792079, 14.8058849219118, 45.750078298247, 0.360553113650306, 
-0.051230565145408, -0.0418955725221241, 0.0685287653716868, 
0.0977657658722358, 0.259389117875913, 0.0706165473063143, 0.175436336430858, 
0.26340449148037, 0.164154109198528, -0.40661925271177, 0.0183080871337756, 
0.0199737373844614, -0.00851350221630287, -0.0468077398841684, 
0.121888568451893, 0.483033786923929, 0.146665182911456, -0.329208895177014, 
0.239479124055311, -0.0907886085640127, -221.317603189357, -22.4618031212378, 
-13.4123019126731, -17.8883695407597, 19.5698496950775, 9.1206549909605, 
-39.1144084332837, -0.578040660470307, 0.0969157512956922, -0.134630538857843, 
0.141431111616603, -0.125738291948315, -0.126256995470669, 0.0164600977737726, 
-0.0204336061685872, 0.234145929096587, 0.26625339187412, -0.0746360907468187, 
0.120519897428103, 0.148510451890963, -0.201100633076699, -0.204564512339541, 
0.53598623246992, -0.133725740098928, -0.0154272816041517, 0.137686356093323, 
-0.105014541616341), .Dim = c(27L, 7L), .Dimnames = list(c("1", 
"2", "4", "5", "6", "7", "8", "9", "10", "11", "12", "13", "14", 
"15", "16", "17", "18", "19", "20", "21", "23", "25", "26", "27", 
"28", "29", "30"), c("x1", "x2", "x3", "x4", "x5", "x6", "x7"
)), assign = 1:7), qraux = c(1.19245008972988, 1.27167889737809, 
1.01967309100181, 1.21785424715698, 1.13595843195421, 1.19998558519752, 
1.01916086811324), pivot = 1:7, tol = 1e-07, rank = 7L), .Names = c("qr", 
"qraux", "pivot", "tol", "rank"), class = "qr"), df.residual = 20L, 
    xlevels = structure(list(), .Names = character(0)), call = quote(lm(formula = y ~ 
        . + 0, data = structure(list(y = c(43, 63, 61, 81, 43, 
        58, 71, 72, 67, 64, 67, 69, 68, 77, 81, 74, 65, 65, 50, 
        50, 53, 63, 66, 78, 48, 85, 82), x1 = c(1, 1, 1, 1, 1, 
        1, 1, 1, 1, 1, 1, 1, 1, 1, 1, 1, 1, 1, 1, 1, 1, 1, 1, 
        1, 1, 1, 1), x2 = c(70, 85, 40, 61, 63, 70, 61, 85, 37, 
        66, 51, 40, 55, 37, 60, 83, 83, 66, 83, 54, 75, 63, 66, 
        82, 57, 67, 61), x3 = c(30, 51, 45, 56, 49, 42, 50, 72, 
        45, 53, 47, 57, 83, 54, 50, 64, 65, 46, 68, 33, 52, 42, 
        66, 58, 44, 71, 39), x4 = c(39, 54, 47, 66, 44, 56, 55, 
        67, 47, 58, 39, 42, 45, 72, 72, 69, 75, 57, 54, 34, 50, 
        48, 63, 74, 45, 71, 59), x5 = c(61, 63, 54, 71, 54, 66, 
        70, 71, 62, 58, 59, 55, 59, 79, 60, 79, 55, 75, 64, 43, 
        63, 66, 88, 80, 51, 77, 64), x6 = c(92, 73, 84, 83, 49, 
        68, 66, 83, 80, 67, 74, 63, 77, 77, 54, 79, 80, 85, 78, 
        64, 80, 75, 76, 78, 83, 74, 78), x7 = c(45, 47, 35, 47, 
        34, 35, 41, 31, 41, 34, 41, 25, 35, 46, 36, 63, 60, 46, 
        52, 33, 37, 33, 72, 49, 38, 55, 39)), .Names = c("y", 
        "x1", "x2", "x3", "x4", "x5", "x6", "x7"),