
expected <- structure(list(coefficients = structure(c(23.0967765011382, 0.602262026587355, 
-0.0516719031359666, 0.410593763522556, -0.325202261226987, 0.239380336238819, 
-0.378524007553037), .Names = c("x1", "x2", "x3", "x4", "x5", 
"x6", "x7")), residuals = structure(c(-10.0486881920794, -0.781452174130778, 
0.575748614323489, -2.52540121849997, 7.73264460246046, -5.13347631922486, 
-9.35163249715787, 2.56938201879828, -2.50319880212998, 4.45302219391555, 
8.52138564978714, 8.90405336870723, 10.3168417100436, -6.026536334865, 
3.53475630357113, -4.20262494485258, -1.12098022191283, 4.32106935546413, 
-2.85530204004439, -4.8618209755198, 1.7123752418139, -3.42189589961612, 
-3.64006345758421, -7.37567560184459, 8.87210167851684, -1.87625633757775, 
4.21162427963837), .Names = c("1", "2", "3", "4", "5", "6", "7", 
"8", "9", "10", "11", "12", "13", "14", "15", "16", "17", "18", 
"19", "20", "21", "22", "23", "24", "25", "26", "30")), effects = structure(c(-332.553755053224, 
-47.3569455303206, 4.84740410534456, 8.393226700135, -3.79798831725931, 
4.49455483811566, -13.0906823531913, 5.87891972614797, -3.33290784461107, 
7.50264011202892, 9.37046900728263, 12.028998292392, 12.5412595125607, 
-5.47383659039914, 6.06539598793934, -4.70654383619071, -0.153471537887697, 
-1.44766567250143, 0.687552437178896, -4.33735423260495, 4.64743033881245, 
-0.25308488039378, -5.13512622577156, -5.83681661293142, 12.5190447262674, 
3.6196899685005, 4.4047462651073), .Names = c("x1", "x2", "x3", 
"x4", "x5", "x6", "x7", "", "", "", "", "", "", "", "", "", "", 
"", "", "", "", "", "", "", "", "", "")), rank = 7L, fitted.values = structure(c(53.0486881920794, 
63.7814521741308, 70.4242513856765, 63.5254012185, 73.2673553975395, 
48.1334763192249, 67.3516324971579, 68.4306179812017, 74.50319880213, 
62.5469778060845, 55.4786143502129, 58.0959466312928, 58.6831582899564, 
74.026536334865, 73.4652436964289, 85.2026249448526, 75.1209802219128, 
60.6789306445359, 67.8553020400444, 54.8618209755198, 48.2876247581861, 
67.4218958996161, 56.6400634575842, 47.3756756018446, 54.1278983214832, 
67.8762563375777, 77.7883757203616), .Names = c("1", "2", "3", 
"4", "5", "6", "7", "8", "9", "10", "11", "12", "13", "14", "15", 
"16", "17", "18", "19", "20", "21", "22", "23", "24", "25", "26", 
"30")), assign = 1:7, qr = structure(list(qr = structure(c(-5.19615242270663, 
0.192450089729875, 0.192450089729875, 0.192450089729875, 0.192450089729875, 
0.192450089729875, 0.192450089729875, 0.192450089729875, 0.192450089729875, 
0.192450089729875, 0.192450089729875, 0.192450089729875, 0.192450089729875, 
0.192450089729875, 0.192450089729875, 0.192450089729875, 0.192450089729875, 
0.192450089729875, 0.192450089729875, 0.192450089729875, 0.192450089729875, 
0.192450089729875, 0.192450089729875, 0.192450089729875, 0.192450089729875, 
0.192450089729875, 0.192450089729875, -342.753609808908, -68.0364825881156, 
0.0948302518508885, -0.00805572540306698, 0.212414225855409, 
-0.125639699407587, 0.0507362615991933, 0.168320235603714, 0.271206212857669, 
-0.0374517189041971, -0.155035692908718, -0.0521497156547622, 
-0.022753722153632, 0.285904209608234, 0.197716229104844, 0.38879018686219, 
0.315300203109364, -0.0521497156547622, 0.0948302518508885, -0.0815457091558923, 
-0.346109650666063, -0.0374517189041971, 0.0360382648486282, 
-0.390203640917759, -0.140337696158153, 0.197716229104844, 0.271206212857669, 
-273.471577506153, -31.9186052397271, -53.7540597150277, -0.068940024584522, 
-0.00259405148006831, 0.0792274842913807, -0.161627025089866, 
-0.0865555811570526, 0.258180623295055, -0.0505013934329394, 
0.172079099712536, -0.00407558572236198, 0.163518243799986, 0.453597014460587, 
-0.0305812280390631, -0.224845314793922, 0.0816967080285368, 
0.330782843490713, -0.114871987547668, 0.405031212844475, -0.0801347191500383, 
0.0797213290388119, 0.0336247511598553, 0.114952442183873, -0.0417759226045793, 
0.192657724769653, -0.355726496928915, -288.867584684543, -31.8151748922231, 
-10.7420708495204, 46.8713246981527, -0.13207290309552, 0.133572442022195, 
-0.0936583501173797, 0.0390282479705255, -0.0104238354988438, 
0.0803242194515253, -0.149301402981008, 0.258912388977911, 0.280950787064172, 
0.545622146599228, -0.281277578713764, -0.22401796861094, -0.0913695887295397, 
-0.378185415255976, -0.0659608194573539, 0.0783902646598316, 
0.130862578649903, -0.188771043885741, 0.100465325642289, -0.335626137821619, 
-0.00934067039045085, -0.00195424574144852, -0.0798415502449372, 
-333.131105322414, -32.1902459944875, -3.50937878261533, 12.5105472128115, 
36.7100149615495, 0.105468531550408, -0.0163289196565963, -0.0743779624692305, 
0.10616874208099, -0.0442868132532681, 0.14586505507458, -0.0567084134011468, 
0.111337397184802, 0.205441270383676, -0.110224244778494, 0.487591828964769, 
-0.0793765462796747, 0.479426441905598, -0.225703681410317, -0.0115209159943874, 
0.174779033093848, 0.0241286688068917, 0.00353639775883807, 0.245564261049768, 
-0.191502340867816, -0.44201655452141, 0.166482574751288, -386.439780177589, 
-11.4110891809387, -4.10160002706479, 0.49003517891903, 21.8751870730368, 
46.1572992414201, 0.167140439851173, 0.28249030210818, -0.0687083740215471, 
-0.0499922219790094, 0.161344543207696, 0.116274958855946, 0.338358527299628, 
0.146306436300883, 0.0281235356132555, 0.317617595419311, 0.0416253999423019, 
-0.218987587468802, -0.108569026144374, 0.067996095216911, 0.174082770863011, 
-0.0843595405605703, -0.0351582254197375, 0.269595536034925, 
0.0826311430491609, 0.248837284183967, -0.11630252096676, -218.045951663949, 
7.14377079102464, -16.6991820560204, 18.2305304666984, -7.67111692559067, 
17.3161935395943, 34.5834929673705, 0.0430605852446585, -0.122861913868109, 
0.180459324057153, 0.0550602509626221, 0.0818230428749446, 0.122889753611097, 
0.160748133962619, 0.0346552377379586, 0.240341570567392, -0.177529265822551, 
-0.334158525909064, 0.0361142729251796, -0.150970186532486, 0.328224178195732, 
0.397057622252089, -0.532045322986404, 0.2517718819266, -0.0068775777306141, 
-0.0274708474172623, 0.00593088504766602), .Dim = c(27L, 7L), .Dimnames = list(
    c("1", "2", "3", "4", "5", "6", "7", "8", "9", "10", "11", 
    "12", "13", "14", "15", "16", "17", "18", "19", "20", "21", 
    "22", "23", "24", "25", "26", "30"), c("x1", "x2", "x3", 
    "x4", "x5", "x6", "x7")), assign = 1:7), qraux = c(1.19245008972988, 
1.0066422713475, 1.29439942593498, 1.09361073781378, 1.04916408911488, 
1.59009750251512, 1.24676410078082), pivot = 1:7, tol = 1e-07, 
    rank = 7L), .Names = c("qr", "qraux", "pivot", "tol", "rank"
), class = "qr"), df.residual = 20L, xlevels = structure(list(), .Names = character(0)), 
    call = quote(lm(formula = y ~ . + 0, data = structure(list(y = c(43, 
        63, 71, 61, 81, 43, 58, 71, 72, 67, 64, 67, 69, 68, 77, 
        81, 74, 65, 65, 50, 50, 64, 53, 40, 63, 66, 82), x1 = c(1, 
        1, 1, 1, 1, 1, 1, 1, 1, 1, 1, 1, 1, 1, 1, 1, 1, 1, 1, 
        1, 1, 1, 1, 1, 1, 1, 1), x2 = c(51, 64, 70, 63, 78, 55, 
        67, 75, 82, 61, 53, 60, 62, 83, 77, 90, 85, 60, 70, 58, 
        40, 61, 66, 37, 54, 77, 82), x3 = c(30, 51, 68, 45, 56, 
        49, 42, 50, 72, 45, 53, 47, 57, 83, 54, 50, 64, 65, 46, 
        68, 33, 52, 52, 42, 42, 66, 39), x4 = c(39, 54, 69, 47, 
        66, 44, 56, 55, 67, 47, 58, 39, 42, 45, 72, 72, 69, 75, 
        57, 54, 34, 62, 50, 58, 48, 63, 59), x5 = c(61, 63, 76, 
        54, 71, 54, 66, 70, 71, 62, 58, 59, 55, 59, 79, 60, 79, 
        55, 75, 64, 43, 66, 63, 50, 66, 88, 64), x6 = c(92, 73, 
        86, 84, 83, 49, 68, 66, 83, 80, 67, 74, 63, 77, 77, 54, 
        79, 80, 85, 78, 64, 80, 80, 57, 75, 76, 78), x7 = c(46, 
        38, 41, 45, 47, 47, 31, 34, 49, 35, 47, 35, 35, 33, 41, 
        33, 46, 72, 38, 52, 33, 34, 60, 45, 41, 36, 39)), .Names = c("y", 
        "x1", "x2", "x3", "x4", "x5", "x6", "x7"),