
expected <- structure(list(coefficients = structure(c(-1.90821219660228, 
0.594603082757458, 0.017982585199438, 0.434782719936431, 0.11749217772396, 
0.125481611936008, -0.359989952433591), .Names = c("x1", "x2", 
"x3", "x4", "x5", "x6", "x7")), residuals = structure(c(-4.13191798233133, 
3.28556778572288, 0.206694427626514, -0.198663030371348, 2.99172978852921, 
-8.06006190624948, -10.3657707373536, 2.22412006553665, 9.29993276431727, 
5.00663375816574, 8.4493395342036, -2.61622006698673, -4.85037154457625, 
-1.359567924189, 1.61331619248433, -1.94971612891945, -5.63245249680677, 
9.19488916667836, -2.81502186332841, -10.7782530708577, -2.03978218603736, 
4.36147208728952, 0.646404873009041, -0.391299928541523, -7.06807632862168, 
8.27235182333673, 6.70472292827077), .Names = c("1", "2", "3", 
"4", "5", "6", "7", "8", "10", "11", "13", "14", "16", "17", 
"18", "19", "20", "21", "22", "23", "24", "25", "26", "27", "28", 
"29", "30")), effects = structure(c(-331.591504604575, -52.8406667457116, 
1.16535851229253, 13.6513149923323, -5.98064481267629, 0.973378396233302, 
-13.6459817270181, 3.0863169729053, 9.71312450204273, 9.70194089012276, 
11.4559341717147, -2.51213911104158, -0.681039766093407, -4.30124623168937, 
2.53629577729697, -1.92627801752773, -6.59115350478324, 10.904948604815, 
-0.882280154871451, -9.52248403430594, 1.3243437388452, 6.28303223796696, 
-5.10590624233902, 0.522919060226368, -5.81170120628858, 8.31643055281131, 
8.62020240599231), .Names = c("x1", "x2", "x3", "x4", "x5", "x6", 
"x7", "", "", "", "", "", "", "", "", "", "", "", "", "", "", 
"", "", "", "", "", "")), rank = 7L, fitted.values = structure(c(47.1319179823313, 
59.7144322142771, 70.7933055723735, 61.1986630303713, 78.0082702114708, 
51.0600619062495, 68.3657707373536, 68.7758799344633, 57.7000672356827, 
58.9933662418343, 60.5506604657964, 70.6162200669867, 85.8503715445762, 
75.359567924189, 63.3866838075157, 66.9497161289194, 55.6324524968068, 
40.8051108333216, 66.8150218633284, 63.7782530708577, 42.0397821860374, 
58.6385279127105, 65.353595126991, 78.3912999285415, 55.0680763286217, 
76.7276481766633, 75.2952770717292), .Names = c("1", "2", "3", 
"4", "5", "6", "7", "8", "10", "11", "13", "14", "16", "17", 
"18", "19", "20", "21", "22", "23", "24", "25", "26", "27", "28", 
"29", "30")), assign = 1:7, qr = structure(list(qr = structure(c(-5.19615242270663, 
0.192450089729875, 0.192450089729875, 0.192450089729875, 0.192450089729875, 
0.192450089729875, 0.192450089729875, 0.192450089729875, 0.192450089729875, 
0.192450089729875, 0.192450089729875, 0.192450089729875, 0.192450089729875, 
0.192450089729875, 0.192450089729875, 0.192450089729875, 0.192450089729875, 
0.192450089729875, 0.192450089729875, 0.192450089729875, 0.192450089729875, 
0.192450089729875, 0.192450089729875, 0.192450089729875, 0.192450089729875, 
0.192450089729875, 0.192450089729875, -342.368709629448, -68.8379740162845, 
0.0946285258367066, -0.00705953369775985, 0.210843451018954, 
-0.123274458880007, 0.0510479288933639, 0.167262854075611, -0.0361132649933217, 
-0.152328190175569, -0.0215863993455408, 0.283477779257859, 0.385165838792325, 
0.312531510553421, -0.0506401306411026, 0.0946285258367066, -0.0796938619366645, 
-0.341177443596721, -0.0361132649933217, 0.0365210632455829, 
-0.384758040540064, -0.137801324527788, 0.196316585371173, 0.167262854075611, 
-0.0942207275844454, 0.312531510553421, 0.268950913610078, -273.471577506153, 
-33.2358545059397, -53.2510494878393, -0.070052322797673, -0.00669154004805236, 
0.0814411228608679, -0.164578018240964, -0.0907237925312555, 
-0.0509579339970586, 0.175651402117566, 0.164842542970884, 0.452604748528973, 
-0.233931708535864, 0.0767098800619636, 0.334168712683665, -0.118103710985803, 
0.409600019326341, -0.0758145229588567, 0.080494874301087, 0.032758902299551, 
0.121837813768252, -0.0404644910369705, 0.190645380492463, 0.0595079883809109, 
-0.0315481290098505, 0.208162688360109, -0.364122852087635, -291.176985761301, 
-32.7887498632246, -12.0111858195518, 45.9738214702459, -0.126776264009074, 
0.146469422888452, -0.0900171792328606, 0.0462799188113019, 0.0896046789845458, 
-0.14017645812747, 0.29795177230988, 0.572139119503493, -0.225001870218563, 
-0.0840514605148644, -0.370965020032825, -0.0610621517971232, 
0.0959399796426184, 0.141459594833629, -0.182404373202978, 0.111445026063237, 
-0.3305079318491, -0.00136645725563106, 0.00943141373069283, 
-0.304983229318835, 0.099090725323558, -0.0732908932916216, -0.0800336620639995, 
-331.591504604575, -12.5721951700628, 8.48245256551219, 26.5986793654661, 
-51.7935540117386, -0.014930180296261, 0.250405090033317, 0.0578005972266876, 
-0.0218352988704898, -0.0404475300548004, 0.250785602578272, 
0.0425921933329788, -0.104636119166277, 0.0913220116654791, -0.0993215495174299, 
-0.0378179208280515, 0.184278283561674, 0.157686618680151, 0.254862170183533, 
0.0371173593485254, -0.21955860744033, 0.351535020676576, 0.352615940096515, 
0.311340232111797, -0.135292202998286, -0.177856728923769, -0.337935684691953, 
-386.632230267319, -8.06563862688463, -1.53998245972937, -0.682271547394574, 
2.2619686540355, 51.8604902543981, 0.157796464019269, 0.225075886310805, 
-0.0518416731497844, 0.190770003556306, 0.351918263520093, 0.174620726877188, 
0.405021490052161, -0.00674213799752876, -0.064291783005775, 
-0.170516790897139, 0.0630064964533123, 0.247063918363041, -0.0564101658607248, 
-0.0281033662050413, 0.322935492295554, 0.0449054136913877, 0.0857961436386183, 
-0.0203659250138008, -0.11549383892673, 0.0969653596864376, -0.0770673976514901, 
-225.166604983954, -15.0934134080444, -18.1722398077161, 26.0474835996643, 
0.497632868416638, 15.3730943857416, 37.9065627659024, -0.00537438899932156, 
-0.0229632196533759, 0.306635014879137, 0.173570924684258, 0.0377002998920363, 
0.342971133977085, -0.266603941723387, 0.0111611995974175, 0.0409519417074029, 
-0.2001771676867, -0.126384235693753, 0.226986195512696, 0.122712154013873, 
-0.100133530664856, 0.150740054251694, -0.64048656176574, 0.186487668768077, 
0.0598463303363092, -0.0186699386141799, 0.216615912097214), .Dim = c(27L, 
7L), .Dimnames = list(c("1", "2", "3", "4", "5", "6", "7", "8", 
"10", "11", "13", "14", "16", "17", "18", "19", "20", "21", "22", 
"23", "24", "25", "26", "27", "28", "29", "30"), c("x1", "x2", 
"x3", "x4", "x5", "x6", "x7")), assign = 1:7), qraux = c(1.19245008972988, 
1.00746733195002, 1.29503368652266, 1.1027371946009, 1.39240627613942, 
1.56743445340864, 1.17926138593352), pivot = 1:7, tol = 1e-07, 
    rank = 7L), .Names = c("qr", "qraux", "pivot", "tol", "rank"
), class = "qr"), df.residual = 20L, xlevels = structure(list(), .Names = character(0)), 
    call = quote(lm(formula = y ~ . + 0, data = structure(list(y = c(43, 
        63, 71, 61, 81, 43, 58, 71, 67, 64, 69, 68, 81, 74, 65, 
        65, 50, 50, 64, 53, 40, 63, 66, 78, 48, 85, 82), x1 = c(1, 
        1, 1, 1, 1, 1, 1, 1, 1, 1, 1, 1, 1, 1, 1, 1, 1, 1, 1, 
        1, 1, 1, 1, 1, 1, 1, 1), x2 = c(51, 64, 70, 63, 78, 55, 
        67, 75, 61, 53, 62, 83, 90, 85, 60, 70, 58, 40, 61, 66, 
        37, 54, 77, 75, 57, 85, 82), x3 = c(30, 51, 68, 45, 56, 
        49, 42, 50, 45, 53, 57, 83, 50, 64, 65, 46, 68, 33, 52, 
        52, 42, 42, 66, 58, 44, 71, 39), x4 = c(39, 54, 69, 47, 
        66, 44, 56, 55, 47, 58, 42, 45, 72, 69, 75, 57, 54, 34, 
        62, 50, 58, 48, 63, 74, 45, 71, 59), x5 = c(50, 59, 54, 
        55, 88, 54, 80, 66, 58, 60, 63, 43, 70, 71, 63, 64, 62, 
        63, 79, 60, 55, 79, 79, 88, 51, 55, 54), x6 = c(92, 73, 
        86, 84, 83, 49, 68, 66, 80, 67, 63, 77, 54, 79, 80, 85, 
        78, 64, 80, 80, 57, 75, 76, 78, 83, 74, 78), x7 = c(45, 
        47, 48, 35, 47, 34, 35, 41, 41, 34, 25, 35, 36, 63, 60, 
        46, 52, 33, 41, 37, 49, 33, 72, 49, 38, 55, 39)), .Names = c("y", 
        "x1", "x2", "x3", "x4", "x5", "x6", "x7"),