
expected <- structure(list(coefficients = structure(c(2.90893476648846, 0.512825979395257, 
-0.00444067926708971, 0.368966841801775, 0.281523726176058, 0.06483550971203, 
-0.359848656168651), .Names = c("x1", "x2", "x3", "x4", "x5", 
"x6", "x7")), residuals = structure(c(-9.21812897119779, 0.624246312774745, 
0.481631754237961, -2.10575621337858, 7.97482462818494, -7.22440680457901, 
-7.5482859194361, -2.61236013247431, 4.36193690409411, 2.70035314752049, 
12.0202591138447, 3.69555088091615, -0.652350578877042, 2.29294487393175, 
-4.47744968667012, -2.80483076854049, 5.21369631358133, -6.89405066278541, 
6.79038367870799, 0.946839105345351, -12.2375487573675, -3.9906777145551, 
9.07861837215979, -2.58342331167518, -5.23138592948569, 5.55620972915233, 
5.19786928172627), .Names = c("1", "2", "3", "4", "5", "6", "7", 
"9", "10", "11", "12", "13", "14", "15", "16", "17", "18", "20", 
"21", "22", "23", "24", "25", "27", "28", "29", "30")), effects = structure(c(-211.219726463943, 
-264.566480953964, -3.90745273103827, 15.5047314170363, 7.69229080833813, 
0.0783868607538807, -11.2040060707281, -5.74777562387326, 7.81885061918246, 
6.45015977170674, 13.447790269715, 10.4052399276514, -2.37157838622531, 
2.51128171095824, -4.03260883581896, -3.07385243175003, -0.952344339115579, 
-6.284898208, 8.93605763597898, 0.958604692452803, -10.1612350829243, 
-4.05107793607741, 10.351412760178, 2.31439153117789, -8.1138689102134, 
6.51238623435407, 5.0306752563189), .Names = c("x1", "x2", "x3", 
"x4", "x5", "x6", "x7", "", "", "", "", "", "", "", "", "", "", 
"", "", "", "", "", "", "", "", "", "")), rank = 7L, fitted.values = structure(c(52.2181289711978, 
62.3757536872253, 70.518368245762, 63.1057562133786, 73.0251753718151, 
50.224406804579, 65.5482859194361, 74.6123601324743, 62.6380630959059, 
61.2996468524795, 54.9797408861553, 65.3044491190838, 68.652350578877, 
74.7070551260683, 85.4774496866701, 76.8048307685405, 59.7863036864187, 
56.8940506627854, 43.209616321292, 63.0531608946546, 65.2375487573675, 
43.9906777145551, 53.9213816278402, 80.5834233116752, 53.2313859294857, 
79.4437902708477, 76.8021307182737), .Names = c("1", "2", "3", 
"4", "5", "6", "7", "9", "10", "11", "12", "13", "14", "15", 
"16", "17", "18", "20", "21", "22", "23", "24", "25", "27", "28", 
"29", "30")), assign = 1:7, qr = structure(list(qr = structure(c(-7.12614044121786, 
0.20748501913248, -0.0113421929009396, 0.270259942714905, 0.0224303979831507, 
-0.0068663909051765, 0.015371012769866, -0.292078907542303, 0.305195845053453, 
0.217933525951085, 0.162823907558575, 0.371139313321914, 0.04077920697684, 
-0.0861590280368009, 0.267326727051985, 0.161518763946314, 0.123165167631119, 
0.152697647644679, 0.285499704224282, 0.00540946963470117, 0.171985621453841, 
0.176720418527251, -0.13812912623185, 0.247425639030764, 0.0736814852507391, 
0.158650689999613, 0.198459056913325, -208.355991058699, -279.896018174513, 
0.258605714743223, 0.0222410254379518, 0.26183986921785, 0.201655088294543, 
0.227837954695019, 0.512184642473331, -0.011125492662852, 0.0257868630199537, 
0.09215846306922, -0.0570463542398316, 0.265932017886777, 0.339768490659622, 
0.120906933992129, 0.182456917670349, 0.121924178064656, 0.0926131778451508, 
-0.0713704924024337, 0.21387802047327, 0.106718706056286, -0.000444883234826304, 
0.296601074989516, 0.0822522887583814, 0.148345699809558, 0.184609539559988, 
0.144013256515627, -161.325761715468, -225.558089201224, -56.2276355791069, 
-0.0346599447338856, -0.12664397559984, 0.0734307065574027, -0.218425538332224, 
0.0105408200811658, 0.00422729299460058, 0.23747283029743, 0.0137668528449821, 
0.221932048255173, 0.286396788438644, -0.178632832810445, -0.337369870785462, 
-0.0461135828686508, 0.322611392245171, 0.413315926253968, 0.0891609490537549, 
0.0434333082852892, 0.0184531910282158, 0.261699539619965, -0.073932853298913, 
0.0163580816648389, -0.0215261401281474, 0.0775644044574296, 
-0.436803263605166, -174.031534165441, -236.153724710302, -18.3334631489325, 
51.733234486551, -0.0585297371751006, 0.0839434877239556, -0.0862052867431744, 
0.0825040095047393, 0.0603884366418388, -0.168386262676221, 0.217770936996106, 
0.265277617172063, 0.614644310637271, -0.203175446743456, -0.0990396798342934, 
0.0201514671501096, -0.333942243936417, 0.0773047249669981, 0.00842820031352413, 
-0.180641801736616, 0.104545928761416, -0.415068817917381, -0.062934547606815, 
-0.220812565759185, 0.0459321822730853, 0.0378710099591123, -0.0166592019610946, 
-196.796814227156, -262.755451878747, -15.9349824943595, 25.1352240129278, 
39.1775862549235, -0.0836622809696113, -0.127863999230363, 0.0145200430981283, 
-0.0749111311571718, 0.117742884218842, -0.179432299641774, 0.110587796222998, 
0.184065859876694, -0.136075817617877, 0.592875027355296, 0.0288905459378153, 
0.510836345984324, -0.0252218668903171, -0.0118940523875307, 
-0.054837527766941, -0.044769800271039, 0.130199161076569, -0.420870438857729, 
0.00918335634796746, 0.0401127505754923, 0.13483852600091, 0.159523311968296, 
-241.507543343974, -296.643935844226, -28.4054673720167, 18.4355526414727, 
51.6941259295201, 55.1494243067766, 0.0350238957667587, -0.244180759479781, 
0.0371735835432292, 0.0789699749348675, 0.0549431275566623, 0.366242961452982, 
0.111390304455077, 0.0248611192504796, 0.286514224801286, 0.268079020142827, 
-0.347354524652237, 0.0919259314966765, -0.0754671008097136, 
-0.178915496447217, -0.016124550156705, -0.0227399300476886, 
-0.149718035130053, 0.283563641585378, -0.414635815451592, 0.343316773071577, 
-0.0856132162657705, -141.49510413215, -162.033914038445, -24.8300412454697, 
32.9431745795472, 18.5876594113369, 9.7186806579651, 31.1353283628135, 
0.262532971943874, 0.0656396446521083, 0.434130256381056, -0.210296835868181, 
0.419723754359109, -0.14831537684238, 0.0775406338892543, 0.242527947796167, 
-0.405531240224176, -0.190951423142346, -0.185313980490593, 0.0336066777288708, 
0.174369603882531, 0.127447848571871, -0.0466624160933875, 0.117639449982114, 
0.286300418570778, -0.0828358660810785, -0.139565638523111, 0.0571941860276671
), .Dim = c(27L, 7L), .Dimnames = list(c("1", "2", "3", "4", 
"5", "6", "7", "9", "10", "11", "12", "13", "14", "15", "16", 
"17", "18", "20", "21", "22", "23", "24", "25", "27", "28", "29", 
"30"), c("x1", "x2", "x3", "x4", "x5", "x6", "x7")), assign = 1:7), 
    qraux = c(1.23458829894873, 1.07292925869134, 1.19295855333914, 
    1.0791277969193, 1.04072444345209, 1.2446717304323, 1.14298216960763
    ), pivot = 1:7, tol = 1e-07, rank = 7L), .Names = c("qr", 
"qraux", "pivot", "tol", "rank"), class = "qr"), df.residual = 20L, 
    xlevels = structure(list(), .Names = character(0)), call = quote(lm(formula = y ~ 
        . + 0, data = structure(list(y = c(43, 63, 71, 61, 81, 
        43, 58, 72, 67, 64, 67, 69, 68, 77, 81, 74, 65, 50, 50, 
        64, 53, 40, 63, 78, 48, 85, 82), x1 = c(1.67170916417502, 
        1.47856738578683, -0.08082605952348, 1.92591030742191, 
        0.159842166180342, -0.0489308659145888, 0.109535995721818, 
        -2.08139531506394, 2.17486845392707, 1.55302491277723, 
        1.16030603245028, 2.64479086998912, 0.290598355998453, 
        -0.61398133406907, 1.90500780066356, 1.15100539577335, 
        0.877692282005491, 1.08814488215958, 2.03451098822839, 
        0.038548640329384, 1.2255936923502, 1.25933452125599, 
        -0.98432755255087, 1.7631898524913, 0.525064611814289, 
        1.13056709803336, 1.414247111396), x2 = c(51, 64, 70, 
        63, 78, 55, 67, 82, 61, 53, 60, 62, 83, 77, 90, 85, 60, 
        58, 40, 61, 66, 37, 54, 75, 57, 85, 82), x3 = c(30, 51, 
        68, 45, 56, 49, 42, 72, 45, 53, 47, 57, 83, 54, 50, 64, 
        65, 68, 33, 52, 52, 42, 42, 58, 44, 71, 39), x4 = c(39, 
        54, 69, 47, 66, 44, 56, 67, 47, 58, 39, 42, 45, 72, 72, 
        69, 75, 54, 34, 62, 50, 58, 48, 74, 45, 71, 59),