
expected <- structure(list(coefficients = structure(c(-2.07149330152589, 
-0.263510976493202, 0.100154566698295, 0.043361629603836, 0.302144208494899, 
0.483382745989302, 0.455509349739573), .Names = c("x1", "x2", 
"x3", "x4", "x5", "x6", "x7")), residuals = structure(c(-10.6844816479997, 
2.42322927950052, -2.80180947292663, -3.48571631002237, 1.93942141720842, 
-1.51788098330973, 19.2210274770569, -3.61738381828498, 9.7047522072591, 
9.82464179353535, 4.98857138495226, 6.57025102342556, 10.7483311619171, 
17.0581036540606, 10.6536562715292, -7.92915075193853, -0.646013636375237, 
-15.1468542874077, -19.45172075319, -3.18894465666039, -11.4124863660144, 
-7.52500626395862, -1.67765384560971, -0.0261969442316118, -5.62829845093631, 
-9.6254922029262, 20.3571767932175), .Names = c("2", "3", "4", 
"6", "7", "8", "9", "10", "11", "12", "13", "14", "15", "16", 
"17", "18", "19", "20", "21", "22", "23", "24", "25", "26", "27", 
"28", "29")), effects = structure(c(204.884939234024, -246.094537357775, 
50.7570814592416, 53.9051671761319, 43.9507317474076, -34.9176969333539, 
-24.4254292774498, -11.422546512116, 10.0727932881179, 6.89817821990791, 
3.79260099604572, 5.05727615399083, 5.92293299200597, 20.9195183997781, 
5.38695654705819, -9.70511598436091, -2.26768704562586, -16.8823725370832, 
-25.0116411167326, -7.76404997088357, -11.1171635033236, -9.10222772848642, 
-6.0433163219572, 2.3416130409259, -10.3697677812348, -11.957681220055, 
18.0747641867913), .Names = c("x1", "x2", "x3", "x4", "x5", "x6", 
"x7", "", "", "", "", "", "", "", "", "", "", "", "", "", "", 
"", "", "", "", "", "")), rank = 7L, fitted.values = structure(c(73.6844816479997, 
68.5767707204995, 63.8018094729266, 46.4857163100224, 56.0605785827916, 
72.5178809833097, 52.7789725229431, 70.617383818285, 54.2952477927409, 
57.1753582064647, 64.0114286150477, 61.4297489765744, 66.2516688380829, 
63.9418963459394, 63.3463437284708, 72.9291507519385, 65.6460136363752, 
65.1468542874077, 69.45172075319, 67.1889446566604, 64.4124863660144, 
47.5250062639586, 64.6776538456097, 66.0261969442316, 83.6282984509363, 
57.6254922029262, 64.6428232067825), .Names = c("2", "3", "4", 
"6", "7", "8", "9", "10", "11", "12", "13", "14", "15", "16", 
"17", "18", "19", "20", "21", "22", "23", "24", "25", "26", "27", 
"28", "29")), assign = 1:7, qr = structure(list(qr = structure(c(8.05483423972331, 
0.0916426465825589, -0.109117442198702, -0.156546788575027, -0.0579431641054173, 
0.175291886513656, -0.0781263771643936, -0.0909252893734706, 
-0.0343495888915115, -0.370030085684283, -0.149816317600705, 
-0.308297973071179, -0.171904949093097, 0.0402578814659003, -0.0562375509128595, 
-0.327938144545103, -0.0696320210528371, -0.369848120337588, 
-0.29497575077714, -0.276709390817122, -0.0173892613582694, 0.0137108157276279, 
-0.271720795020733, -0.0130405800181474, 0.0344953747762437, 
-0.118615723758907, -0.333365129554676, 225.770062116233, -267.405832120454, 
0.175045108244604, 0.23360021912194, 0.17504769666801, 0.377070629697919, 
0.255263274474158, 0.153354080826161, 0.20552463791573, 0.0370895077233142, 
0.163234425094042, 0.0477760253228776, 0.0365168536959047, 0.224679774879914, 
0.194867715338813, -0.0249762204312851, 0.272069242753884, 0.0446884617866859, 
0.112633078012655, 0.0423756146494512, 0.190502659930585, 0.326887040866989, 
0.10175131978081, 0.298072713483195, 0.220889551982041, 0.2136733327541, 
-0.0061079524693236, 176.562911952264, -203.568411240162, 80.2024941513239, 
0.209381145860431, -0.223308306283887, 0.0117625638868186, -0.102307492905891, 
-0.394925791222867, 0.131470935422429, -0.0755155296775262, 0.179683669753354, 
-0.367088146351541, -0.360429011777336, -0.131445411927342, -0.0278785541939552, 
-0.430493076955683, 0.126830825191536, -0.206957942879654, 0.134292371396877, 
-0.0972255627794602, -0.0392876468561567, -0.123399067092405, 
-0.0720531608875943, -0.108442612442374, -0.0707678641417067, 
-0.175193402865192, -0.153249972550905, 162.615058513463, -223.541826535235, 
40.511923007569, 75.7243595429027, -0.0496077327980398, 0.128708483601066, 
0.146003610985604, 0.0422565334016308, -0.350021275917652, -0.273186353001376, 
-0.017161388091733, -0.117422048433521, -0.0418508673764356, 
0.041305084093708, 0.219493338217559, -0.220802105792395, -0.106250926724113, 
0.129253508807312, -0.226385292136141, -0.0992509573400746, -0.0955136053862214, 
0.523128469881967, 0.129923597831832, 0.193859847697425, -0.309671038951654, 
-0.112269099855103, -0.196939537121081, 219.93136338928, -258.66706749738, 
43.3132923922458, 49.0229959875352, 63.2475150230293, 0.132272128794915, 
0.199751482623562, -0.201295338788558, 0.189340121260842, 0.242337041634533, 
-0.271181562424816, -0.0766691635079543, -0.278770872968787, 
-0.243704632464597, -0.131874293956481, -0.147802491250959, 0.104057043726964, 
-0.399968841562147, -0.0155195525435325, -0.25294971975561, 0.0153114585218438, 
-0.0634548489333238, -0.00139533129240115, -0.106987801425474, 
0.194364637200176, 0.453767596308761, -0.234838916470739, 260.434308732469, 
-274.518058780429, 26.9661812658121, 52.9649842512187, 43.7337318630388, 
-61.3327192207001, -0.426860318299268, -0.325413205188991, -0.177554827707233, 
-0.0575660424230869, -0.113735241303001, -0.207373661530146, 
0.0539247900689094, 0.0957790142621219, 0.0661492147573548, 0.202779494875101, 
-0.276263488752219, -0.19997039260148, -0.247907823030545, -0.0640351590072461, 
0.217594275484819, -0.392873322915583, 0.171494810233555, -0.132323926993625, 
0.310506152415912, -0.0764549014350124, -0.0192087478219022, 
140.475906977662, -166.023849980283, 32.5919220354333, 22.4084570429651, 
8.12437765175489, -11.5706048634881, -53.6222347387918, 0.385238989952783, 
-0.161946470103973, -0.168329442814289, -0.0162890043951855, 
-0.269798665508776, 0.111492249774176, -0.330969196389509, 0.37085374622269, 
-0.293533412293865, 0.0156847229102837, -0.185773905998589, 0.139063904939083, 
0.0662682849865816, -0.109893183369593, 0.17673498951812, 0.121557331065982, 
-0.224479413915065, 0.234607115556408, -0.0358674181615963, -0.183270975972451
), .Dim = c(27L, 7L), .Dimnames = list(c("2", "3", "4", "6", 
"7", "8", "9", "10", "11", "12", "13", "14", "15", "16", "17", 
"18", "19", "20", "21", "22", "23", "24", "25", "26", "27", "28", 
"29"), c("x1", "x2", "x3", "x4", "x5", "x6", "x7")), assign = 1:7), 
    qraux = c(1.05621308357862, 1.25099824826551, 1.19259333446943, 
    1.26948730715659, 1.04667893874706, 1.17443334799462, 1.3484607889091
    ), pivot = 1:7, tol = 1e-07, rank = 7L), .Names = c("qr", 
"qraux", "pivot", "tol", "rank"), class = "qr"), df.residual = 20L, 
    xlevels = structure(list(), .Names = character(0)), call = quote(lm(formula = y ~ 
        . + 0, data = structure(list(y = c(63, 71, 61, 43, 58, 
        71, 72, 67, 64, 67, 69, 68, 77, 81, 74, 65, 65, 50, 50, 
        64, 53, 40, 63, 66, 78, 48, 85), x1 = c(-0.452787070329459, 
        -0.738166327512058, 0.878922909573136, 1.26095843273285, 
        0.466722582194222, -1.41194708943589, 0.629295017809295, 
        0.732388134102181, 0.276680244723766, 2.98053100389751, 
        1.20674560467942, 2.48328906953103, 1.38466586993297, 
        -0.324270562050256, 0.452984150651084, 2.64148739519323, 
        0.560874387357527, 2.97906530319251, 2.3759807772478, 
        2.22884827560673, 0.140067617792086, -0.110438347977434, 
        2.18866596337784, 0.105039710436025, -0.277854525859776, 
        0.955429993102805, 2.6852008598668), x2 = c(40, 51, 66, 
        90, 57, 70, 82, 57, 61, 75, 70, 67, 40, 53, 62, 51, 85, 
        77, 82, 60, 54, 85, 75, 82, 53, 78, 57), x3 = c(66, 30, 
        30, 45, 58, 54, 66, 71, 33, 52, 33, 71, 54, 50, 46, 64, 
        50, 64, 42, 45, 42, 72, 54, 68, 45, 68, 46), x4 = c(74, 
        57, 47, 39, 57, 62, 58, 54, 72, 63, 45, 59, 39, 50, 34, 
        54, 72, 39, 63, 44, 54, 39, 39, 59, 74, 74, 47),