
expected <- structure(list(coefficients = structure(c(-1.03913497132982, 
0.648624940319629, 0.151496795396464, 0.229192812577817, 0.0445314081222071, 
0.115413823476407, -0.220918716151519), .Names = c("x1", "x2", 
"x3", "x4", "x5", "x6", "x7")), residuals = structure(c(-8.18975789681269, 
-1.5805872852731, -0.629459602722793, 7.14441053732489, -7.26785178754849, 
-6.67145680825272, 0.474498862194198, -9.274459062731, 7.94720980835709, 
1.99028449211397, 11.7099448007137, 8.12312676068134, -0.648241141418871, 
-4.09193142360289, -5.38235567560176, 5.59659223261093, -2.9912105994932, 
-4.32143280559606, 1.78568237339039, -8.63924767275584, -2.71713274505292, 
9.16243726464469, -2.00603292235197, 4.11738275726413, -6.2466050038013, 
6.93648001618972, 5.66971252753057), .Names = c("1", "3", "4", 
"5", "6", "7", "8", "9", "10", "11", "12", "13", "15", "16", 
"17", "18", "19", "20", "22", "23", "24", "25", "26", "27", "28", 
"29", "30")), effects = structure(c(-338.327257745121, -53.1510040063286, 
11.2362129913768, -5.03605189236499, -1.30081124224267, 4.44085331988699, 
8.67806865160563, -6.54023225113381, 9.76764896546253, 5.21560866958215, 
14.5944225998624, 13.7726972966174, 0.671569104222905, 0.840379927466715, 
-4.83900496805534, 1.6923961688013, -1.96142689904837, -5.0921827758815, 
1.87035061089122, -6.92968043760902, -3.11747725646303, 10.9427870262533, 
-2.89299553113311, 3.95388364985245, -5.31866019568409, 7.62702510298222, 
8.51899554075579), .Names = c("x1", "x2", "x3", "x4", "x5", "x6", 
"x7", "", "", "", "", "", "", "", "", "", "", "", "", "", "", 
"", "", "", "", "", "")), rank = 7L, fitted.values = structure(c(51.1897578968127, 
72.5805872852731, 61.6294596027228, 73.8555894626751, 50.2678517875485, 
64.6714568082527, 70.5255011378058, 81.274459062731, 59.0527901916429, 
62.009715507886, 55.2900551992863, 60.8768732393187, 77.6482411414189, 
85.0919314236029, 79.3823556756018, 59.4034077673891, 67.9912105994932, 
54.3214328055961, 62.2143176266096, 61.6392476727558, 42.7171327450529, 
53.8375627353553, 68.006032922352, 73.8826172427359, 54.2466050038013, 
78.0635199838103, 76.3302874724694), .Names = c("1", "3", "4", 
"5", "6", "7", "8", "9", "10", "11", "12", "13", "15", "16", 
"17", "18", "19", "20", "22", "23", "24", "25", "26", "27", "28", 
"29", "30")), assign = 1:7, qr = structure(list(qr = structure(c(-5.19615242270663, 
0.192450089729875, 0.192450089729875, 0.192450089729875, 0.192450089729875, 
0.192450089729875, 0.192450089729875, 0.192450089729875, 0.192450089729875, 
0.192450089729875, 0.192450089729875, 0.192450089729875, 0.192450089729875, 
0.192450089729875, 0.192450089729875, 0.192450089729875, 0.192450089729875, 
0.192450089729875, 0.192450089729875, 0.192450089729875, 0.192450089729875, 
0.192450089729875, 0.192450089729875, 0.192450089729875, 0.192450089729875, 
0.192450089729875, 0.192450089729875, -348.527112500804, -64.4348651884355, 
-0.0229669383926948, 0.209826285526274, -0.147123324482811, 0.0391112546523634, 
0.16326764074248, 0.271904478571332, -0.0540060349152239, -0.17816242100534, 
-0.0695255831764885, -0.0384864866539594, 0.194306737265009, 
0.396060864661448, 0.318463123355125, -0.0695255831764885, 0.0856698994361571, 
-0.100564679699018, -0.0540060349152239, 0.0235917063910989, 
-0.426475193185573, -0.162642872744076, 0.194306737265009, 0.16326764074248, 
-0.116084227960282, 0.318463123355125, 0.271904478571332, -254.419018622895, 
-24.3358012698303, 63.1564069554173, 0.175065968727954, 0.156771749416846, 
0.122945972613884, -0.0421079021406734, 0.100455884511003, 0.0211060636104349, 
-0.653026496629848, 0.0595507175654942, -0.0806734156272537, 
-0.166498329012764, -0.0804316965642115, -0.173215140560748, 
0.107051836527466, 0.0234457170693638, 0.183941144437585, 0.068607182572407, 
0.30389398345486, -0.370419866082705, 0.195216403371905, 0.0551735594764391, 
0.0687280421039281, 0.222385798392644, 0.127625279531742, 0.147957003472975, 
-299.837239799146, -35.2696104189331, 16.5523899170224, -42.3521262578536, 
-0.012280295647006, 0.0526724741181569, -0.190481672179053, 0.0496882724030528, 
-0.112265193694031, -0.0684899388579185, -0.264470906481718, 
-0.299877344307027, 0.112890684158169, -0.0600133595685753, -0.0953178107793326, 
0.610196083459443, -0.0255595140592625, 0.187726830762041, 0.26655892233461, 
0.0216417961669496, 0.345944588225135, 0.118852776658176, 0.0154228904304457, 
0.315656218430618, 0.0119095525499493, 0.108026006265666, -0.114553616329637, 
-341.406459180799, -33.9194097202031, 4.27902255037498, -9.64478644952593, 
36.6028869656349, -0.0180854001126224, 0.0191132007256877, 0.116416995129027, 
-0.0138862422445088, 0.213928286337309, 0.00185147383374199, 
0.190070593315458, -0.0770030245214373, 0.599476856559685, 0.0188690848006368, 
0.291550537940623, -0.192208672745355, -0.11349912490684, -0.054978861147739, 
-0.0275861949250272, 0.140818227150932, -0.258153657110815, -0.426870232921335, 
-0.180491409982847, 0.1700968141358, 0.00835212533983434, 0.252928889762527, 
-390.481232061917, -5.97042769591686, -12.653458806162, -3.68471489068216, 
19.2956897074655, 46.1492211815497, 0.256991411000466, -0.107980470632785, 
-0.0456433888633823, -0.286616258451102, 0.0709379224511745, 
0.0744121422172793, 0.0909324111971407, -0.000779548181620116, 
-0.0268365862767194, -0.278803285847958, 0.0679603557033087, 
0.164007207687601, 0.0349432544677356, 0.108122503831845, 0.0666639368433436, 
0.35557190648348, 0.541026841113462, 0.266717857387273, -0.224753569730556, 
0.221238860255365, -0.125608237091389, -225.743955253144, -11.8276201693348, 
3.87308021941696, -25.0115250313288, 23.3469520182065, 4.00783040277475, 
-39.2817267942735, -0.376274391972884, 0.00508778513850975, -0.260844253226484, 
0.157483654023418, -0.151823810189041, -0.161315532334115, 0.0763749405521314, 
0.383940199213679, 0.22362553654446, -0.0641963982980667, 0.155178912507522, 
-0.219378823843645, -0.092846662282747, 0.089199513017679, -0.306974302682865, 
0.50733570779714, -0.151564253259774, 0.013176911047765, 0.203760237238822, 
0.030465596545231), .Dim = c(27L, 7L), .Dimnames = list(c("1", 
"3", "4", "5", "6", "7", "8", "9", "10", "11", "12", "13", "15", 
"16", "17", "18", "19", "20", "22", "23", "24", "25", "26", "27", 
"28", "29", "30"), c("x1", "x2", "x3", "x4", "x5", "x6", "x7"
)), assign = 1:7), qraux = c(1.19245008972988, 1.08566989943616, 
1.05505269994492, 1.13173955830462, 1.07178111728021, 1.29390927621581, 
1.05572998662145), pivot = 1:7, tol = 1e-07, rank = 7L), .Names = c("qr", 
"qraux", "pivot", "tol", "rank"), class = "qr"), df.residual = 20L, 
    xlevels = structure(list(), .Names = character(0)), call = quote(lm(formula = y ~ 
        . + 0, data = structure(list(y = c(43, 71, 61, 81, 43, 
        58, 71, 72, 67, 64, 67, 69, 77, 81, 74, 65, 65, 50, 64, 
        53, 40, 63, 66, 78, 48, 85, 82), x1 = c(1, 1, 1, 1, 1, 
        1, 1, 1, 1, 1, 1, 1, 1, 1, 1, 1, 1, 1, 1, 1, 1, 1, 1, 
        1, 1, 1, 1), x2 = c(51, 70, 63, 78, 55, 67, 75, 82, 61, 
        53, 60, 62, 77, 90, 85, 60, 70, 58, 61, 66, 37, 54, 77, 
        75, 57, 85, 82), x3 = c(45, 64, 44, 45, 33, 42, 57, 52, 
        45, 83, 42, 52, 66, 68, 71, 39, 50, 33, 42, 30, 56, 30, 
        52, 50, 30, 52, 49), x4 = c(39, 69, 47, 66, 44, 56, 55, 
        67, 47, 58, 39, 42, 72, 72, 69, 75, 57, 54, 62, 50, 58, 
        48, 63, 74, 45, 71, 59), x5 = c(61, 76, 54, 71, 54, 66, 
        70, 71, 62, 58, 59, 55, 79, 60, 79, 55, 75, 64, 66, 63, 
        50, 66, 88, 80, 51, 77, 64), x6 = c(92, 86, 84, 83, 49, 
        68, 66, 83, 80, 67, 74, 63, 77, 54, 79, 80, 85, 78, 80, 
        80, 57, 75, 76, 78, 83, 74, 78), x7 = c(45, 48, 35, 47, 
        34, 35, 41, 31, 41, 34, 41, 25, 46, 36, 63, 60, 46, 52, 
        41, 37, 49, 33, 72, 49, 38, 55, 39)), .Names = c("y", 
        "x1", "x2", "x3", "x4", "x5", "x6", "x7"),