
expected <- structure(list(coefficients = structure(c(14.2473151606789, 0.556297101162794, 
-0.00460164492135171, 0.468484339854291, 0.139008190886884, -0.0706013044775451, 
-0.381774844067039), .Names = c("x1", "x2", "x3", "x4", "x5", 
"x6", "x7")), residuals = structure(c(-3.61463844297048, 2.4259967758975, 
-1.6391611250808, 1.39805910703253, 6.63298102365406, -10.2622636747533, 
-9.72539158171392, 0.56993627772072, 9.68923684666528, 4.11851184545215, 
8.39524101496573, -2.31109268393781, -5.76333719736767, -0.845210480132641, 
3.30558209486181, -3.73154499503188, -4.68211357923898, 9.64050300206026, 
-1.07365341367978, -10.1315977314171, -4.12206313749982, 5.27899185067001, 
0.186567709894288, 0.652069041437664, -6.89906301798243, 6.3326473748906, 
6.17480709560408), .Names = c("1", "2", "3", "4", "5", "6", "7", 
"8", "10", "11", "13", "14", "16", "17", "18", "19", "20", "21", 
"22", "23", "24", "25", "26", "27", "28", "29", "30")), effects = structure(c(-331.591504604575, 
-52.8406667457116, 1.16535851229253, 13.6513149923323, -2.20715077266605, 
1.46964836997103, -13.2711085437878, 1.42880465538515, 11.1122642939503, 
7.18030233753908, 9.92686759346954, -4.52075592208745, -8.84267768961747, 
-0.828207749811568, -1.88748282233353, -4.94394108288848, -3.50483427897966, 
7.5246950255979, 1.28022321187246, -8.37759533345288, -4.22822867374055, 
10.2886080979321, 2.07107358604857, 4.70265745149223, -11.8345724799596, 
6.65742890549682, 4.98789567747273), .Names = c("x1", "x2", "x3", 
"x4", "x5", "x6", "x7", "", "", "", "", "", "", "", "", "", "", 
"", "", "", "", "", "", "", "", "", "")), rank = 7L, fitted.values = structure(c(46.6146384429705, 
60.5740032241025, 72.6391611250808, 59.6019408929675, 74.3670189763459, 
53.2622636747533, 67.7253915817139, 70.4300637222793, 57.3107631533347, 
59.8814881545479, 60.6047589850343, 70.3110926839378, 86.7633371973677, 
74.8452104801326, 61.6944179051382, 68.7315449950319, 54.682113579239, 
40.3594969979397, 65.0736534136798, 63.1315977314171, 44.1220631374998, 
57.72100814933, 65.8134322901057, 77.3479309585623, 54.8990630179824, 
78.6673526251094, 75.8251929043959), .Names = c("1", "2", "3", 
"4", "5", "6", "7", "8", "10", "11", "13", "14", "16", "17", 
"18", "19", "20", "21", "22", "23", "24", "25", "26", "27", "28", 
"29", "30")), assign = 1:7, qr = structure(list(qr = structure(c(-5.19615242270663, 
0.192450089729875, 0.192450089729875, 0.192450089729875, 0.192450089729875, 
0.192450089729875, 0.192450089729875, 0.192450089729875, 0.192450089729875, 
0.192450089729875, 0.192450089729875, 0.192450089729875, 0.192450089729875, 
0.192450089729875, 0.192450089729875, 0.192450089729875, 0.192450089729875, 
0.192450089729875, 0.192450089729875, 0.192450089729875, 0.192450089729875, 
0.192450089729875, 0.192450089729875, 0.192450089729875, 0.192450089729875, 
0.192450089729875, 0.192450089729875, -342.368709629448, -68.8379740162845, 
0.0946285258367066, -0.00705953369775985, 0.210843451018954, 
-0.123274458880007, 0.0510479288933639, 0.167262854075611, -0.0361132649933217, 
-0.152328190175569, -0.0215863993455408, 0.283477779257859, 0.385165838792325, 
0.312531510553421, -0.0506401306411026, 0.0946285258367066, -0.0796938619366645, 
-0.341177443596721, -0.0361132649933217, 0.0365210632455829, 
-0.384758040540064, -0.137801324527788, 0.196316585371173, 0.167262854075611, 
-0.0942207275844454, 0.312531510553421, 0.268950913610078, -273.471577506153, 
-33.2358545059397, -53.2510494878393, -0.070052322797673, -0.00669154004805236, 
0.0814411228608679, -0.164578018240964, -0.0907237925312555, 
-0.0509579339970586, 0.175651402117566, 0.164842542970884, 0.452604748528973, 
-0.233931708535864, 0.0767098800619636, 0.334168712683665, -0.118103710985803, 
0.409600019326341, -0.0758145229588567, 0.080494874301087, 0.032758902299551, 
0.121837813768252, -0.0404644910369705, 0.190645380492463, 0.0595079883809109, 
-0.0315481290098505, 0.208162688360109, -0.364122852087635, -291.176985761301, 
-32.7887498632246, -12.0111858195518, 45.9738214702459, -0.126776264009074, 
0.146469422888452, -0.0900171792328606, 0.0462799188113019, 0.0896046789845458, 
-0.14017645812747, 0.29795177230988, 0.572139119503493, -0.225001870218563, 
-0.0840514605148644, -0.370965020032825, -0.0610621517971232, 
0.0959399796426184, 0.141459594833629, -0.182404373202978, 0.111445026063237, 
-0.3305079318491, -0.00136645725563106, 0.00943141373069283, 
-0.304983229318835, 0.099090725323558, -0.0732908932916216, -0.0800336620639995, 
-332.938655232684, -34.7369639562104, -5.90088014670624, 14.3792209278217, 
37.4113994119425, 0.0883967215325639, -0.0198516122366531, -0.0740628466497124, 
-0.0561869391807157, 0.143650962410509, 0.0957585162115162, 0.202891328143994, 
0.496629964955771, -0.0583953227028631, 0.493560590913973, -0.222497273825623, 
-0.00898153041147046, 0.138662389187789, 0.0288922640220551, 
-0.00309501892698088, 0.235702240135178, -0.201494975093204, 
-0.420636300880987, -0.0995109703715286, 0.185968080392418, 0.0301001084210261, 
0.163299733683782, -401.83578735598, 3.84961939666194, -6.08962126799187, 
-0.832053922532166, -11.0370748219909, -33.2202891160965, 0.103882913660911, 
-0.0579893323806012, 0.0920393672681347, 0.0812217724927594, 
0.00741566445844608, 0.0153175168367062, -0.0824493699788646, 
0.201050471411465, -0.201421518754294, -0.559944380765728, 0.17193025646557, 
-0.242846308729288, -0.0113328223292122, 0.0840287597490845, 
0.0201275483511797, 0.0636228433017043, 0.183607280112815, 0.116748763841293, 
-0.532874957404595, 0.0999861259790634, -0.0134288982827867, 
-225.166604983954, -15.0934134080444, -18.1722398077161, 26.0474835996643, 
21.444245818559, 2.29388444617582, 34.7616108028778, 0.137752807907021, 
-0.0153020670610989, 0.291782145142373, 0.273191400073756, -0.0343280942601917, 
0.172092043383521, -0.262305939783984, -0.345211212358215, 0.18614166085631, 
-0.18736661422194, -0.107380328416241, 0.232903087775981, 0.121656014459973, 
-0.179901570430923, 0.348932786031202, -0.357759729186005, 0.284641594159132, 
-0.0694511160891876, -0.0328830519829434, 0.0632978835591147), .Dim = c(27L, 
7L), .Dimnames = list(c("1", "2", "3", "4", "5", "6", "7", "8", 
"10", "11", "13", "14", "16", "17", "18", "19", "20", "21", "22", 
"23", "24", "25", "26", "27", "28", "29", "30"), c("x1", "x2", 
"x3", "x4", "x5", "x6", "x7")), assign = 1:7), qraux = c(1.19245008972988, 
1.00746733195002, 1.29503368652266, 1.1027371946009, 1.06098135991712, 
1.35708322380724, 1.28085216351579), pivot = 1:7, tol = 1e-07, 
    rank = 7L), .Names = c("qr", "qraux", "pivot", "tol", "rank"
), class = "qr"), df.residual = 20L, xlevels = structure(list(), .Names = character(0)), 
    call = quote(lm(formula = y ~ . + 0, data = structure(list(y = c(43, 
        63, 71, 61, 81, 43, 58, 71, 67, 64, 69, 68, 81, 74, 65, 
        65, 50, 50, 64, 53, 40, 63, 66, 78, 48, 85, 82), x1 = c(1, 
        1, 1, 1, 1, 1, 1, 1, 1, 1, 1, 1, 1, 1, 1, 1, 1, 1, 1, 
        1, 1, 1, 1, 1, 1, 1, 1), x2 = c(51, 64, 70, 63, 78, 55, 
        67, 75, 61, 53, 62, 83, 90, 85, 60, 70, 58, 40, 61, 66, 
        37, 54, 77, 75, 57, 85, 82), x3 = c(30, 51, 68, 45, 56, 
        49, 42, 50, 45, 53, 57, 83, 50, 64, 65, 46, 68, 33, 52, 
        52, 42, 42, 66, 58, 44, 71, 39), x4 = c(39, 54, 69, 47, 
        66, 44, 56, 55, 47, 58, 42, 45, 72, 69, 75, 57, 54, 34, 
        62, 50, 58, 48, 63, 74, 45, 71, 59), x5 = c(61, 63, 76, 
        54, 71, 54, 66, 70, 62, 58, 55, 59, 60, 79, 55, 75, 64, 
        43, 66, 63, 50, 66, 88, 80, 51, 77, 64), x6 = c(77, 73, 
        68, 80, 83, 92, 80, 73, 80, 83, 80, 80, 80, 80, 78, 54, 
        83, 75, 77, 80, 84, 77, 74, 77, 64, 78, 78), x7 = c(45, 
        47, 48, 35, 47, 34, 35, 41, 41, 34, 25, 35, 36, 63, 60, 
        46, 52, 33, 41, 37, 49, 33, 72, 49, 38, 55, 39)), .Names = c("y", 
        "x1", "x2", "x3", "x4", "x5", "x6", "x7"),