
expected <- structure(list(coefficients = structure(c(1.88373438921744, 0.582001110705855, 
-0.147898854186355, 0.327473029667759, 0.223394775847582, 0.113761456816698, 
-0.223413701632404), .Names = c("x1", "x2", "x3", "x4", "x5", 
"x6", "x7")), residuals = structure(c(4.58614420234935, 3.07428401198679, 
0.142688048060504, -8.58870472647055, -8.66034829350527, 5.40764737047347, 
-6.57889648057276, 7.59109269552368, 8.49510384155639, 8.2065247846798, 
11.4507684739828, -1.56507503757003, -2.14473744288892, 1.54371225866698, 
-2.01378778913495, 2.17421389066128, -4.80653326229386, -8.54740049873739, 
6.47676160914504, -2.99822330422389, -9.26731502406924, -0.814558877989429, 
2.03860881861028, -2.10025340702523, 3.4207458504958, -7.54819021756212, 
4.38994197421801), .Names = c("2", "3", "4", "6", "7", "8", "9", 
"10", "11", "12", "13", "14", "15", "16", "17", "18", "19", "20", 
"21", "22", "23", "24", "25", "26", "27", "28", "29")), effects = structure(c(204.884939234024, 
-266.639818029635, -0.288012866241004, 17.656390715567, -7.77392871699672, 
6.12138663890811, -8.61407604339718, 9.66664788660172, 8.56216482971133, 
11.6620148084787, 14.8133790139948, 2.04809095170619, -3.5695587332461, 
-6.98079477289971, -5.20299314496943, -3.83681694852532, -3.22768401790753, 
-6.4114626706616, 8.56712027068792, -2.37539997071015, -7.17588063406369, 
-4.72064402191399, 6.33367400901925, -2.44987312837842, 1.63204004040845, 
-6.42107089176531, 2.10356803189951), .Names = c("x1", "x2", 
"x3", "x4", "x5", "x6", "x7", "", "", "", "", "", "", "", "", 
"", "", "", "", "", "", "", "", "", "", "", "")), rank = 7L, 
    fitted.values = structure(c(58.4138557976507, 67.9257159880132, 
    60.8573119519395, 51.5887047264705, 66.6603482935053, 65.5923526295265, 
    78.5788964805728, 59.4089073044763, 55.5048961584436, 58.7934752153202, 
    57.5492315260172, 69.56507503757, 79.1447374428889, 79.456287741333, 
    76.013787789135, 62.8257861093387, 69.8065332622939, 58.5474004987374, 
    43.523238390855, 66.9982233042239, 62.2673150240692, 40.8145588779894, 
    60.9613911813897, 68.1002534070252, 74.5792541495042, 55.5481902175621, 
    80.610058025782), .Names = c("2", "3", "4", "6", "7", "8", 
    "9", "10", "11", "12", "13", "14", "15", "16", "17", "18", 
    "19", "20", "21", "22", "23", "24", "25", "26", "27", "28", 
    "29")), assign = 1:7, qr = structure(list(qr = structure(c(8.05483423972331, 
    0.0916426465825589, -0.109117442198702, -0.156546788575027, 
    -0.0579431641054173, 0.175291886513656, -0.0781263771643936, 
    -0.0909252893734706, -0.0343495888915115, -0.370030085684283, 
    -0.149816317600705, -0.308297973071179, -0.171904949093097, 
    0.0402578814659003, -0.0562375509128595, -0.327938144545103, 
    -0.0696320210528371, -0.369848120337588, -0.29497575077714, 
    -0.276709390817122, -0.0173892613582694, 0.0137108157276279, 
    -0.271720795020733, -0.0130405800181474, 0.0344953747762437, 
    -0.118615723758907, -0.333365129554676, 204.960737905766, 
    -284.235986316166, 0.170412401498654, 0.119997057609923, 
    0.208513306825833, 0.34617084946204, 0.251809641143686, 0.171917839183403, 
    0.17033645873907, 0.0373502893623104, 0.147784669775547, 
    0.147254326527858, 0.190186344296261, 0.335540768216787, 
    0.27264181150564, 0.0571139102344327, 0.21357959463288, 0.030399321675193, 
    0.00222682608695942, 0.0846857836965979, 0.224036562172595, 
    0.136611225815834, 0.0624006783378126, 0.264778655211657, 
    0.280062021910121, 0.144843409972576, 0.142520837056495, 
    184.35808254994, -217.83248547846, 45.1675289205181, -0.0344189731201995, 
    0.296975498104294, 0.170890148501396, -0.0896850447104192, 
    0.13586142007349, -0.207483856394755, 0.184552870375258, 
    -0.0884407852516476, -0.22376692876706, 0.25626939529542, 
    0.49407440878654, 0.132635185491907, -0.230694192705929, 
    0.266964585717525, -0.316390031398639, 0.105329482939052, 
    0.0547282094381179, 0.0414907634297471, -0.270527503512237, 
    0.14837152969833, -0.0725535271392361, 0.0497354923267531, 
    0.0971379987918483, 0.0878091388345276, 171.83127895054, 
    -239.699888652455, 18.6658955371171, 51.2109294781866, -0.0879655586909521, 
    0.142669235313546, 0.116788842853637, 0.052220612470938, 
    -0.145656811011212, 0.145496751630912, 0.25813715574626, 
    0.600493867814717, -0.223139660074318, -0.085599832603385, 
    0.0349693648369411, -0.374951335609083, -0.0446384049040528, 
    0.034269033613637, -0.0559195760781069, -0.222390299527272, 
    0.125816612966233, -0.386115173161819, -0.107833243026023, 
    0.108379955008506, -0.188793939917012, 0.0374907926790503, 
    -0.00959641159058213, 198.765143659084, -271.562902664371, 
    12.5713582233372, 24.1682386306868, -40.0607633052067, 0.0545877723210577, 
    -0.202531016873817, 0.147092130377255, -0.0179073974104104, 
    0.186209581311867, -0.027963897535256, -0.297378065533102, 
    0.080409382612159, -0.545631587466965, -0.0291132698827038, 
    -0.386312838580958, 0.251205934433693, 0.0841164942361911, 
    0.124677084199888, 0.0682996805162281, 0.0467724012738823, 
    0.00877528226481829, 0.343805678719504, 0.342975978514107, 
    0.0738616460599655, -0.0527587177622773, -0.107164374285652, 
    245.168140517284, -289.509988073993, 21.7322369047302, 23.9066406429826, 
    -34.8960272189186, 54.0277648743147, -0.0535389211599191, 
    -0.218371131249528, -0.0747368220866854, -0.0649155495815212, 
    -0.0537730893661601, -0.173583454588381, 0.312487495398547, 
    0.488973426742081, 0.184194463900659, -0.0981342290398674, 
    -0.0431965364082809, -0.102222621387987, -0.196665120332319, 
    -0.00211284078393096, -0.233978649423588, -0.0505390928607222, 
    0.00349058783794125, 0.225727225769603, 0.173053803068467, 
    -0.427311762433048, 0.378222869151055, 138.188239102024, 
    -173.063366047655, 22.3846214511377, 32.3727684496672, -23.0301873958389, 
    0.111410363653189, 38.5566148381107, -0.131358434204491, 
    0.210538544531437, -0.20585853517434, 0.193171034313475, 
    -0.0478455860607358, 0.150884001427887, 0.0594368195399827, 
    -0.36526059647906, -0.303387205961258, -0.057732073134527, 
    -0.18467478736374, -0.151535666493125, 0.128404605227659, 
    -0.00494857864567119, -0.193098233175581, 0.204376960409453, 
    -0.489871318043928, 0.110185992575545, -0.186251161793707, 
    -0.101742779409996), .Dim = c(27L, 7L), .Dimnames = list(
        c("2", "3", "4", "6", "7", "8", "9", "10", "11", "12", 
        "13", "14", "15", "16", "17", "18", "19", "20", "21", 
        "22", "23", "24", "25", "26", "27", "28", "29"), c("x1", 
        "x2", "x3", "x4", "x5", "x6", "x7")), assign = 1:7), 
        qraux = c(1.05621308357862, 1.28930362401143, 1.17902722942139, 
        1.07626837780428, 1.08762542790951, 1.1070801810549, 
        1.38929783270924), pivot = 1:7, tol = 1e-07, rank = 7L), .Names = c("qr", 
    "qraux", "pivot", "tol", "rank"), class = "qr"), df.residual = 20L, 
    xlevels = structure(list(), .Names = character(0)), call = quote(lm(formula = y ~ 
        . + 0, data = structure(list(y = c(63, 71, 61, 43, 58, 
        71, 72, 67, 64, 67, 69, 68, 77, 81, 74, 65, 65, 50, 50, 
        64, 53, 40, 63, 66, 78, 48, 85), x1 = c(-0.452787070329459, 
        -0.738166327512058, 0.878922909573136, 1.26095843273285, 
        0.466722582194222, -1.41194708943589, 0.629295017809295, 
        0.732388134102181, 0.276680244723766, 2.98053100389751, 
        1.20674560467942, 2.48328906953103, 1.38466586993297, 
        -0.324270562050256, 0.452984150651084, 2.64148739519323, 
        0.560874387357527, 2.97906530319251, 2.3759807772478, 
        2.22884827560673, 0.140067617792086, -0.110438347977434, 
        2.18866596337784, 0.105039710436025, -0.277854525859776, 
        0.955429993102805, 2.6852008598668), x2 = c(64, 70, 63, 
        55, 67, 75, 82, 61, 53, 60, 62, 83, 77, 90, 85, 60, 70, 
        58, 40, 61, 66, 37, 54, 77, 75, 57, 85),