
expected <- structure(list(coefficients = structure(c(6.75209359039675, 0.681732699009241, 
-0.0571129787936409, 0.113852652063976, 0.243229220609386, -0.0996187770612243, 
0.0345471823898999), .Names = c("x1", "x2", "x3", "x4", "x5", 
"x6", "x7")), residuals = structure(c(-10.7510565229189, 0.503713199233367, 
3.71046000028178, -0.190259902217913, 6.92914248804166, -12.999887456059, 
-9.12109623809633, -5.15286816208227, 5.9878453531089, 10.1845456576706, 
9.19283205044576, 6.845518871127, -4.17719253737637, 0.646092028419151, 
-0.858468614294562, -5.91691454126457, 6.06107714240073, -7.69439917066397, 
8.76902480609662, 1.27619280158708, -9.75983595666389, -3.21838831856123, 
3.57235956814458, 2.1937887864465, -7.60587548078309, 5.63376567325879, 
5.93988447471953), .Names = c("1", "2", "3", "4", "5", "6", "7", 
"9", "10", "11", "12", "13", "14", "15", "16", "17", "18", "20", 
"21", "22", "23", "24", "25", "27", "28", "29", "30")), effects = structure(c(-334.285805860793, 
-54.1626149974308, 2.33757936933778, -5.64144730900048, -7.67726878529282, 
-4.13833136672369, 1.25341909558677, -3.0532919465256, 7.59097383867946, 
14.3462477203983, 12.1519862564616, 12.492302975293, -0.647932419765703, 
1.21704138975958, 5.82337198100259, -7.41688727224092, 4.76700429286599, 
-7.88029615957722, 14.5471458682562, 2.20393428093071, -7.20777898295114, 
-0.120891794123076, 5.91103688460682, 1.79312762636332, -5.43624341717032, 
5.81515614279723, 9.02112665168835), .Names = c("x1", "x2", "x3", 
"x4", "x5", "x6", "x7", "", "", "", "", "", "", "", "", "", "", 
"", "", "", "", "", "", "", "", "", "")), rank = 7L, fitted.values = structure(c(53.7510565229189, 
62.4962868007666, 67.2895399997182, 61.1902599022179, 74.0708575119583, 
55.999887456059, 67.1210962380963, 77.1528681620823, 61.0121546468911, 
53.8154543423294, 57.8071679495542, 62.154481128873, 72.1771925373764, 
76.3539079715809, 81.8584686142946, 79.9169145412646, 58.9389228575993, 
57.694399170664, 41.2309751939034, 62.7238071984129, 62.7598359566639, 
43.2183883185612, 59.4276404318554, 75.8062112135535, 55.6058754807831, 
79.3662343267412, 76.0601155252805), .Names = c("1", "2", "3", 
"4", "5", "6", "7", "9", "10", "11", "12", "13", "14", "15", 
"16", "17", "18", "20", "21", "22", "23", "24", "25", "27", "28", 
"29", "30")), assign = 1:7, qr = structure(list(qr = structure(c(-5.19615242270663, 
0.192450089729875, 0.192450089729875, 0.192450089729875, 0.192450089729875, 
0.192450089729875, 0.192450089729875, 0.192450089729875, 0.192450089729875, 
0.192450089729875, 0.192450089729875, 0.192450089729875, 0.192450089729875, 
0.192450089729875, 0.192450089729875, 0.192450089729875, 0.192450089729875, 
0.192450089729875, 0.192450089729875, 0.192450089729875, 0.192450089729875, 
0.192450089729875, 0.192450089729875, 0.192450089729875, 0.192450089729875, 
0.192450089729875, 0.192450089729875, -341.791359360259, -70.2329457353646, 
0.0940757185871527, -0.00559260554061164, 0.207982374733169, 
-0.119499261686628, 0.0513607225323965, 0.264935702806177, -0.0340692695771157, 
-0.147975925723132, -0.0483076015953678, -0.0198309375588637, 
0.279174034824429, 0.193744042714917, 0.378842358952194, 0.307650698860933, 
-0.0483076015953678, -0.0767842656318719, -0.333074241960409, 
-0.0340692695771157, 0.0371223905141445, -0.375789238015165, 
-0.13373759370488, 0.165267378678413, -0.0910225976501239, 0.307650698860933, 
0.264935702806177, -275.588528493181, -36.3393873843611, -52.8621971496863, 
-0.0777165698770799, -0.0219221343711548, 0.0791752168329003, 
-0.175079573263807, 0.240139952845125, -0.057410733231322, 0.175149493605607, 
-0.00942359484496873, 0.159441668826645, 0.438075244871355, -0.0496034361117502, 
-0.257259814436125, 0.0583443176225902, 0.331084385726301, 0.40814155246727, 
-0.0712047688317108, 0.0750090369908383, 0.0242444453764436, 
0.129507976422561, -0.0430916350663811, 0.0463708406609564, -0.0357161699715435, 
0.190764087844751, -0.384124678202203, -291.754336030491, -9.26757210699116, 
3.78202291687731, -57.0544986596617, 0.0385616922456786, -0.187600101269005, 
-0.0119451376303498, 0.374175822190836, 0.029701198995905, -0.132629487435483, 
-0.310882629621554, 0.33807395801872, -0.0224943749609977, 0.0852656485849698, 
-0.0973122860831482, -0.15437541784293, 0.233609108892866, -0.030866996221935, 
-0.413134012071673, 0.232684435349904, -0.163113943095495, -0.126003307236966, 
0.312541158305038, 0.22787177087902, 0.0864853285570606, -0.109136096717882, 
-0.0719553284509369, -328.319853079167, -33.1911339714365, -4.23117750984152, 
-4.28818845001512, -35.4701462706541, -0.177344742102956, 0.0952831914124198, 
-0.0621227849936028, 0.0286420194991524, -0.0636918052652797, 
-0.0848484318030356, -0.225296361029153, -0.507327786664235, 
0.297489578841724, -0.360293703321687, 0.138367619668825, -0.260824286205524, 
-0.0257596605254722, -0.259221165293237, 0.116134314318205, -0.0504916841394111, 
-0.0619976507665629, 0.252416935679289, 0.333553229769252, -0.230639151634807, 
0.0441235896830998, -0.0995661192273682, -387.979380895428, -10.5506040255248, 
-3.0821807510087, -15.3574520602744, -17.0166553007367, 44.8304252166648, 
0.221815213583705, 0.0832554326502936, -0.0473524443035969, 0.164757882850423, 
-0.0954027416077986, 0.388571852264037, -0.102061915649361, 0.193495959186361, 
0.325784286502574, 0.0166810621378073, -0.0199162062295902, 0.0319224971249825, 
-0.0414607711291059, 0.0995599179370265, -0.135809633356076, 
0.351862652786812, 0.267987575337638, 0.259878886257616, -0.209496309581205, 
0.130282018999303, -0.123356358655243, -217.276151305029, -8.12850554553101, 
-11.28973643718, 10.63707057026, -21.5667702015057, 9.48328476683241, 
36.2813696770019, 0.280384893051889, 0.0263573812730676, 0.197943410863243, 
0.10739584417977, 0.13831887236052, 0.159972945131166, 0.052167245914595, 
-0.070091667525184, -0.300058585642784, -0.64215597072092, -0.169759798764338, 
0.118204524107513, 0.00763848668916652, 0.236974399631132, -0.366762623675854, 
0.161499932965213, -0.0581849516760579, -0.0441818712816765, 
-0.145726660079628, 0.0539386792156935), .Dim = c(27L, 7L), .Dimnames = list(
    c("1", "2", "3", "4", "5", "6", "7", "9", "10", "11", "12", 
    "13", "14", "15", "16", "17", "18", "20", "21", "22", "23", 
    "24", "25", "27", "28", "29", "30"), c("x1", "x2", "x3", 
    "x4", "x5", "x6", "x7")), assign = 1:7), qraux = c(1.19245008972988, 
1.00864572647764, 1.28630653259272, 1.23594556281354, 1.04627901467546, 
1.47894326407963, 1.16165038700042), pivot = 1:7, tol = 1e-07, 
    rank = 7L), .Names = c("qr", "qraux", "pivot", "tol", "rank"
), class = "qr"), df.residual = 20L, xlevels = structure(list(), .Names = character(0)), 
    call = quote(lm(formula = y ~ . + 0, data = structure(list(y = c(43, 
        63, 71, 61, 81, 43, 58, 72, 67, 64, 67, 69, 68, 77, 81, 
        74, 65, 50, 50, 64, 53, 40, 63, 78, 48, 85, 82), x1 = c(1, 
        1, 1, 1, 1, 1, 1, 1, 1, 1, 1, 1, 1, 1, 1, 1, 1, 1, 1, 
        1, 1, 1, 1, 1, 1, 1, 1), x2 = c(51, 64, 70, 63, 78, 55, 
        67, 82, 61, 53, 60, 62, 83, 77, 90, 85, 60, 58, 40, 61, 
        66, 37, 54, 75, 57, 85, 82), x3 = c(30, 51, 68, 45, 56, 
        49, 42, 72, 45, 53, 47, 57, 83, 54, 50, 64, 65, 68, 33, 
        52, 52, 42, 42, 58, 44, 71, 39), x4 = c(59, 47, 45, 71, 
        59, 45, 58, 75, 59, 47, 39, 74, 50, 62, 54, 47, 66, 50, 
        34, 69, 47, 48, 75, 69, 62, 48, 57), x5 = c(61, 63, 76, 
        54, 71, 54, 66, 71, 62, 58, 59, 55, 59, 79, 60, 79, 55, 
        64, 43, 66, 63, 50, 66, 80, 51, 77, 64), x6 = c(92, 73, 
        86, 84, 83, 49, 68, 83, 80, 67, 74, 63, 77, 77, 54, 79, 
        80, 78, 64, 80, 80, 57, 75, 78, 83, 74, 78), x7 = c(45, 
        47, 48, 35, 47, 34, 35, 31, 41, 34, 41, 25, 35, 46, 36, 
        63, 60, 52, 33, 41, 37, 49, 33, 49, 38, 55, 39)), .Names = c("y", 
        "x1", "x2", "x3", "x4", "x5", "x6", "x7"),