
expected <- structure(list(coefficients = structure(c(11.0389170276297, 0.65286240961249, 
-0.116447432200526, 0.275629271603986, 0.139831951920879, 0.0283401093460904, 
-0.229971701023281), .Names = c("x1", "x2", "x3", "x4", "x5", 
"x6", "x7")), residuals = structure(c(-8.5858080636821, 1.84331875190293, 
2.183467893629, -0.652814765180101, 6.17911267940967, -12.3672096456894, 
-1.3075230291067, -7.6943951878849, 6.99910497285581, 10.4810521661178, 
8.33601422670494, -2.31960131282197, -0.601703486815753, -5.02757380823979, 
-2.27189919454259, 5.69660273249399, -4.3544995234275, -5.24177771693082, 
6.54201974139751, 0.120470116516187, -4.08234401206869, 4.54506885606791, 
-2.86119364992572, 2.16863566915232, -8.04971769093478, 6.95008272442509, 
3.37311055657767), .Names = c("1", "2", "3", "4", "5", "6", "8", 
"9", "10", "12", "13", "14", "15", "16", "17", "18", "19", "20", 
"21", "22", "24", "25", "26", "27", "28", "29", "30")), effects = structure(c(-339.4819582835, 
54.8283956586102, 5.80475161533608, 9.31821960428338, 0.160620560741982, 
-3.44072804153548, 8.37881421768319, -4.48589901413568, 9.24701980806792, 
12.1961398942847, 10.8075118545326, -3.65034216249346, 4.09805146585851, 
-7.58546956269384, -4.9037307396553, 3.96091039503332, 0.728536919528693, 
-1.66053202862901, 8.66212653538256, 3.62271408345381, -2.91770040251116, 
9.8029234395987, 0.570907500073629, 7.16838248364562, -8.25604491274947, 
7.8697291595671, 4.33816824074644), .Names = c("x1", "x2", "x3", 
"x4", "x5", "x6", "x7", "", "", "", "", "", "", "", "", "", "", 
"", "", "", "", "", "", "", "", "", "")), rank = 7L, fitted.values = structure(c(51.5858080636821, 
61.1566812480971, 68.816532106371, 61.6528147651801, 74.8208873205903, 
55.3672096456894, 72.3075230291067, 79.6943951878849, 60.0008950271442, 
56.5189478338822, 60.6639857732951, 70.319601312822, 77.6017034868158, 
86.0275738082398, 76.2718991945426, 59.303397267506, 69.3544995234275, 
55.2417777169308, 43.4579802586025, 63.8795298834838, 44.0823440120687, 
58.4549311439321, 68.8611936499257, 75.8313643308477, 56.0497176909348, 
78.0499172755749, 78.6268894434223), .Names = c("1", "2", "3", 
"4", "5", "6", "8", "9", "10", "12", "13", "14", "15", "16", 
"17", "18", "19", "20", "21", "22", "24", "25", "26", "27", "28", 
"29", "30")), assign = 1:7, qr = structure(list(qr = structure(c(-5.19615242270663, 
0.192450089729875, 0.192450089729875, 0.192450089729875, 0.192450089729875, 
0.192450089729875, 0.192450089729875, 0.192450089729875, 0.192450089729875, 
0.192450089729875, 0.192450089729875, 0.192450089729875, 0.192450089729875, 
0.192450089729875, 0.192450089729875, 0.192450089729875, 0.192450089729875, 
0.192450089729875, 0.192450089729875, 0.192450089729875, 0.192450089729875, 
0.192450089729875, 0.192450089729875, 0.192450089729875, 0.192450089729875, 
0.192450089729875, 0.192450089729875, -348.719562590534, 70.3467601717852, 
-0.0780287364412797, 0.0214783337195374, -0.191751102339356, 
0.135200699617614, -0.149105215127578, -0.248612285288395, 0.0499089251940565, 
0.0641242209313161, 0.035693629456797, -0.262827581025654, -0.177535806602097, 
-0.362334651186471, -0.291258172500173, 0.0641242209313161, -0.0780287364412797, 
0.0925548124058353, 0.348430135676508, 0.0499089251940565, 0.391076022888286, 
0.149415995354874, -0.177535806602097, -0.149105215127578, 0.106770108143095, 
-0.291258172500173, -0.248612285288395, -278.475279839129, 37.4320326308127, 
-53.0034098114856, -0.075706467318834, -0.012820834695724, 0.0769060743699957, 
-0.0970914619501152, 0.250473687390347, -0.0564200426149869, 
-0.0090434088263427, 0.160337273653413, 0.448364292940387, -0.040911043780521, 
-0.241739647228969, 0.0706103645876936, 0.330557384104143, -0.124342243063939, 
0.406443940963071, -0.0803131118449159, 0.0756469324135353, 0.118416921676098, 
-0.0455176883066029, 0.185489484839803, 0.0538422237967673, -0.0367139039256529, 
0.202677339616216, -0.372127766315544, -293.87128701752, 38.6703428372584, 
-11.1993092197911, 48.2684858320112, -0.107781713378168, 0.123670080364893, 
0.0546436939298392, 0.0157286801850715, 0.0785726316673404, 0.250959607742599, 
0.275155952383693, 0.557391283462209, -0.253908605931057, -0.183741834899432, 
-0.0598830973881054, -0.366755652799726, -0.0531978074521516, 
0.0744881674426076, 0.103155243763194, -0.182367420860423, -0.35276932207614, 
-0.0166088494611066, 0.0179571101637227, -0.282048775483992, 
0.0825405083636648, -0.0514962842411523, -0.0534055120873466, 
-337.172557206741, 36.836569687152, -5.16778260521913, 16.2281513297429, 
37.9166840284646, 0.0835594819560166, -0.0630539048863254, 0.132268331220139, 
-0.0533339485690291, -0.0782152081012886, 0.0894348825868988, 
0.194679742628102, -0.0710853329627902, 0.515030941716979, -0.042145077543721, 
0.494384023059033, -0.208951813517518, -0.0141880208886574, 0.128431879702814, 
0.0352417991869256, 0.231231700849824, -0.197927926993655, -0.406850176221955, 
-0.0819328808918057, 0.183295735263701, 0.0432338267840593, 0.180789086275012, 
-389.903881792727, -2.43239504837554, 7.72673122780916, -9.34274081872488, 
-4.87232269490978, -48.5419170138098, 0.254300941876963, 0.133701220511594, 
0.0491139166629343, 0.054936728386884, 0.16281017996497, 0.0213169313467787, 
0.10955392037051, -0.241308073315641, -0.409225498087162, 0.307480527551438, 
0.119956821055465, 0.461063849612626, 0.280917907325031, 0.189080613837784, 
0.322848009175506, 0.12985620075181, 0.0636518582955273, 0.181219475730742, 
0.0356971839032044, 0.00710267627045654, -0.100981490879851, 
-227.476006060713, 10.7846710326676, -14.0153888247995, 26.0485431054199, 
21.7559864849447, 8.97956051247457, -36.4341098509114, -0.368705905555478, 
-0.00040361206451246, 0.118315598626129, -0.236312334268931, 
0.127762751446561, -0.191574114695631, -0.127627620829858, 0.234259540759589, 
0.407801114640075, -0.0483186117038145, 0.283748935212112, 0.0516978609686344, 
-0.175601395760347, 0.113139822260846, -0.345616405085819, 0.454562530225465, 
-0.146988333225445, 0.0625230885845256, 0.150093407467772, -0.0191756299588001
), .Dim = c(27L, 7L), .Dimnames = list(c("1", "2", "3", "4", 
"5", "6", "8", "9", "10", "12", "13", "14", "15", "16", "17", 
"18", "19", "20", "21", "22", "24", "25", "26", "27", "28", "29", 
"30"), c("x1", "x2", "x3", "x4", "x5", "x6", "x7")), assign = 1:7), 
    qraux = c(1.19245008972988, 1.00726303798228, 1.29072539273999, 
    1.09374745055647, 1.07450307990198, 1.20415290654246, 1.00872457452001
    ), pivot = 1:7, tol = 1e-07, rank = 7L), .Names = c("qr", 
"qraux", "pivot", "tol", "rank"), class = "qr"), df.residual = 20L, 
    xlevels = structure(list(), .Names = character(0)), call = quote(lm(formula = y ~ 
        . + 0, data = structure(list(y = c(43, 63, 71, 61, 81, 
        43, 71, 72, 67, 67, 69, 68, 77, 81, 74, 65, 65, 50, 50, 
        64, 40, 63, 66, 78, 48, 85, 82), x1 = c(1, 1, 1, 1, 1, 
        1, 1, 1, 1, 1, 1, 1, 1, 1, 1, 1, 1, 1, 1, 1, 1, 1, 1, 
        1, 1, 1, 1), x2 = c(51, 64, 70, 63, 78, 55, 75, 82, 61, 
        60, 62, 83, 77, 90, 85, 60, 70, 58, 40, 61, 37, 54, 77, 
        75, 57, 85, 82), x3 = c(30, 51, 68, 45, 56, 49, 50, 72, 
        45, 47, 57, 83, 54, 50, 64, 65, 46, 68, 33, 52, 42, 42, 
        66, 58, 44, 71, 39), x4 = c(39, 54, 69, 47, 66, 44, 55, 
        67, 47, 39, 42, 45, 72, 72, 69, 75, 57, 54, 34, 62, 58, 
        48, 63, 74, 45, 71, 59), x5 = c(61, 63, 76, 54, 71, 54, 
        70, 71, 62, 59, 55, 59, 79, 60, 79, 55, 75, 64, 43, 66, 
        50, 66, 88, 80, 51, 77, 64), x6 = c(64, 49, 49, 80, 73, 
        80, 92, 79, 77, 78, 80, 76, 80, 74, 57, 74, 83, 84, 83, 
        77, 73, 77, 75, 80, 75, 74, 83), x7 = c(45, 47, 48, 35, 
        47, 34, 41, 31, 41, 41, 25, 35, 46, 36, 63, 60, 46, 52, 
        33, 41, 49, 33, 72, 49, 38, 55, 39)), .Names = c("y", 
        "x1", "x2", "x3", "x4", "x5", "x6", "x7"),