
expected <- structure(list(coefficients = structure(c(-1.31846419934169, 
0.264798737711424, -0.0690074667192807, 0.0588361136058728, 0.450220182775603, 
0.45473858951192, -0.391487940543758), .Names = c("x1", "x2", 
"x3", "x4", "x5", "x6", "x7")), residuals = structure(c(-10.5891564895552, 
5.81281102236925, 10.7610836637293, 2.6977233371871, 5.96399375047319, 
-23.9373079307878, -20.9309045095539, 5.99096941772921, 11.3915686216895, 
7.35735431983846, 4.48704656249391, 4.92368376847964, 5.22442984764277, 
12.6992958249214, 7.56585986795455, 4.24708668451703, 8.38782475730071, 
-12.6297800122993, -13.4601865235735, -14.3549962256004, -8.64095308625954, 
-20.0556026381875, -2.13156051869058, -1.76245380169869, -5.41410291337627, 
21.1462219558472, 24.4040753622151), .Names = c("1", "2", "3", 
"4", "5", "6", "7", "8", "9", "10", "11", "12", "14", "15", "16", 
"17", "19", "20", "21", "22", "23", "24", "26", "27", "28", "29", 
"30")), effects = structure(c(-225.42770658898, 243.668049792544, 
17.1810466608079, -24.236073838436, -35.001392384188, -13.6152389958944, 
-12.7991623620624, 4.80877138549968, 9.4654253574979, 15.1217157429375, 
10.2347212036643, 14.9902498816602, 17.1099388622904, 16.836947305573, 
9.48434987032901, 0.925130696564385, -3.20085362227229, -16.0516764224735, 
-9.4377558747603, -10.9408167951332, -14.6658833782339, -13.2609311877378, 
-1.0394579414972, -6.32644501364381, -4.40423975017937, 27.5925874414945, 
31.46447501765), .Names = c("x1", "x2", "x3", "x4", "x5", "x6", 
"x7", "", "", "", "", "", "", "", "", "", "", "", "", "", "", 
"", "", "", "", "", "")), rank = 7L, fitted.values = structure(c(53.5891564895552, 
57.1871889776307, 60.2389163362707, 58.3022766628129, 75.0360062495268, 
66.9373079307878, 78.9309045095539, 65.0090305822708, 60.6084313783105, 
59.6426456801615, 59.5129534375061, 62.0763162315204, 62.7755701523572, 
64.3007041750786, 73.4341401320454, 69.752913315483, 56.6121752426993, 
62.6297800122993, 63.4601865235735, 78.3549962256004, 61.6409530862595, 
60.0556026381875, 68.1315605186906, 79.7624538016987, 53.4141029133763, 
63.8537780441528, 57.5959246377849), .Names = c("1", "2", "3", 
"4", "5", "6", "7", "8", "9", "10", "11", "12", "14", "15", "16", 
"17", "19", "20", "21", "22", "23", "24", "26", "27", "28", "29", 
"30")), assign = 1:7, qr = structure(list(qr = structure(c(-6.74098136231284, 
0.219340079183891, -0.0119902511487954, 0.285701770099707, 0.0237120023909249, 
-0.00725871550218922, 0.0162492654755295, 0.0557956606178884, 
-0.308767403912509, 0.322633803156054, 0.230385581758141, 0.172127168150511, 
0.0431092062682619, -0.0910818916518132, 0.282600959455843, 0.170747452619931, 
0.213546257805466, 0.161422324684523, 0.301812285018742, 0.00571855020174065, 
0.1818123543854, 0.186817683297067, 0.161108378426252, 0.261562784070115, 
0.0778914201943645, 0.167715505690919, 0.209798401061114, -236.651791887282, 
263.309569511894, -0.322390685689068, 0.041122572572935, -0.244152078046973, 
-0.272487953777093, -0.2509799206101, -0.154032968435709, -0.476187298866389, 
0.101497280518865, -0.0208810093863052, -0.074183072771372, -0.252989774056855, 
-0.368168906037423, -0.0262772240942686, -0.136210385877559, 
-0.0894570784101632, -0.106764065264616, 0.0406712367863465, 
-0.317581898614758, -0.175458377621026, -0.0683379793117608, 
-0.0690731916817958, -0.0531211932006832, -0.183188555566275, 
-0.112399711560243, -0.0283232969092595, -173.983922009059, 196.659746142041, 
56.2542365488468, 0.247110908708042, -0.332695520318569, -0.00235051617353692, 
0.181036329009778, 0.139337446210238, -0.289645103710364, -0.209737231375031, 
0.0246003993277019, -0.113768467192298, 0.0131899359382645, 0.00803131596553407, 
0.221840945249805, 0.36369335915567, 0.0808899065575324, 0.140615082902737, 
-0.140660568639075, -0.35236766608948, 0.395683766049808, 0.129455516980539, 
-0.0447550911892834, 0.154320157572961, -0.021574700270922, 0.217262845843574, 
-0.108795408002896, -220.52762952472, 211.711793899699, 30.9407889453132, 
-70.9672355345826, -0.305737863981419, 0.259813497195989, 0.103420074864308, 
0.393478584337693, 0.481701287113764, 0.071261288855964, -0.240966327257546, 
0.174505121470732, 0.0893859360869245, -0.182182919847806, 0.17465603730173, 
0.0375922612200608, 0.0323670016414135, 0.22705621527354, 0.0619840543789786, 
-0.0550812601613483, -0.203543737268525, -0.105822764439706, 
-0.118745555442662, 0.131117641747826, -0.114218561469252, 0.020928155213636, 
-0.055840448555628, -222.36214665021, 234.969050543872, 22.0891414492783, 
-16.963155307029, -63.2925131092551, -0.161825747549318, 0.385886159645367, 
0.25623270625306, 0.0571495232288798, 0.0313524814518719, 0.168668992525726, 
-0.161045629412866, -0.379225590320493, 0.0463105712983215, 0.0969192669078491, 
0.227568872497467, -0.00843304649926383, 0.047914672940238, 0.00654054462889967, 
-0.0485547340432291, -0.0299905037062806, 0.0839175867516297, 
0.46474324956848, 0.338994393908581, -0.0811290363483909, -0.000288689253956286, 
-0.00737800416114639, -276.670248711852, 284.666789814696, 25.4083335505079, 
-35.0034104001961, -19.2456838499914, -54.4350416001065, 0.0228220731863877, 
-0.0195243827259065, 0.0892901499527999, 0.0927093074793949, 
0.350067649240082, 0.11631727594197, 0.0728209302501331, 0.116905253918504, 
-0.153630212005539, 0.024034705846771, -0.533702501382812, 0.0567652984311089, 
-0.132158075468706, -0.375286904338547, 0.0719431221885999, 0.360617608876589, 
0.0515119087389326, -0.340876734790906, -0.0424593187575816, 
0.12688346562778, 0.171450754130034, -141.110376046686, 153.716314715388, 
5.76404426223987, -8.92471641704253, -5.7369061259105, -28.451642791065, 
32.693631237491, 0.112969521968933, -0.376689626958695, 0.129762124170543, 
-0.0493571078316111, 0.209429100349821, 0.3055182520247, 0.0210591378959626, 
0.321798159953076, -0.000184131156540235, -0.24259772009732, 
-0.243316684705842, 0.147970290719549, 0.159883219732993, -0.358927415018938, 
0.0384775447340885, 0.102997041372745, 0.204271090845795, -0.085063887204976, 
0.262011228891349, 0.0456272963047498), .Dim = c(27L, 7L), .Dimnames = list(
    c("1", "2", "3", "4", "5", "6", "7", "8", "9", "10", "11", 
    "12", "14", "15", "16", "17", "19", "20", "21", "22", "23", 
    "24", "26", "27", "28", "29", "30"), c("x1", "x2", "x3", 
    "x4", "x5", "x6", "x7")), assign = 1:7), qraux = c(1.24799195759851, 
1.00699129792337, 1.15487675607529, 1.33877680504472, 1.37845565853885, 
1.2357285701162, 1.39842484746961), pivot = 1:7, tol = 1e-07, 
    rank = 7L), .Names = c("qr", "qraux", "pivot", "tol", "rank"
), class = "qr"), df.residual = 20L, xlevels = structure(list(), .Names = character(0)), 
    call = quote(lm(formula = y ~ . + 0, data = structure(list(y = c(43, 
        63, 71, 61, 81, 43, 58, 71, 72, 67, 64, 67, 68, 77, 81, 
        74, 65, 50, 50, 64, 53, 40, 66, 78, 48, 85, 82), x1 = c(1.67170916417502, 
        1.47856738578683, -0.08082605952348, 1.92591030742191, 
        0.159842166180342, -0.0489308659145888, 0.109535995721818, 
        0.376117508323118, -2.08139531506394, 2.17486845392707, 
        1.55302491277723, 1.16030603245028, 0.290598355998453, 
        -0.61398133406907, 1.90500780066356, 1.15100539577335, 
        1.4395113438583, 1.08814488215958, 2.03451098822839, 
        0.038548640329384, 1.2255936923502, 1.25933452125599, 
        1.08602857628381, 1.7631898524913, 0.525064611814289, 
        1.13056709803336, 1.414247111396), x2 = c(64, 51, 82, 
        58, 70, 70, 70, 54, 51, 51, 61, 61, 77, 75, 75, 77, 75, 
        67, 62, 85, 90, 63, 57, 77, 67, 70, 58), x3 = c(66, 42, 
        52, 33, 71, 52, 42, 33, 50, 54, 47, 54, 57, 54, 47, 39, 
        54, 44, 58, 83, 47, 42, 47, 52, 52, 42, 52), x4 = c(66, 
        62, 48, 72, 45, 71, 54, 66, 69, 67, 39, 71, 66, 39, 74, 
        55, 66, 69, 71, 74, 47, 44, 44, 74, 47, 54, 54),