
expected <- structure(list(coefficients = structure(c(3.59497042597352, 0.151526440733478, 
0.21666836833246, 0.349528325698013, 0.502804674210993, 0.00487308573600484, 
-0.337659566848303), .Names = c("x1", "x2", "x3", "x4", "x5", 
"x6", "x7")), residuals = structure(c(4.52944954668595, -3.26509467583265, 
2.60466745938614, -14.16831107707, -6.11929315245184, 3.24847649130219, 
-6.85649303179245, 10.415840828069, 1.39710770147159, 12.043486623035, 
10.5210163476531, -0.409585656754246, 0.609958389487, 9.49250936526863, 
5.55590784434208, 1.50336889826753, -3.50222085256154, -8.26530905041279, 
2.94391790712685, -3.62787794357457, -10.5788151614256, -9.56821408576404, 
-1.75997321391897, -4.82789513966008, -0.965735201975731, -3.46823357510149, 
12.517344416201), .Names = c("2", "3", "4", "6", "7", "8", "9", 
"10", "11", "12", "13", "14", "15", "16", "17", "18", "19", "20", 
"21", "22", "23", "24", "25", "26", "27", "28", "29")), effects = structure(c(-333.516005501874, 
8.66043310194924, 29.1257296206051, 23.7388385823192, -15.9696548124787, 
-1.07538255639526, -13.6181860664605, 12.3149888810109, 0.0282460302302088, 
14.78520347335, 15.4187620432364, 5.31785006168295, -2.78041113045299, 
0.728671867798856, 3.68481775135923, -7.90607916775673, -3.83805895698561, 
-5.59724052642729, 1.82846832412431, -5.76757206274348, -9.11098336768922, 
-15.8655198231249, -0.661872221859634, -5.2690202554054, -5.25100162923031, 
-2.72226748076614, 11.152873486858), .Names = c("x1", "x2", "x3", 
"x4", "x5", "x6", "x7", "", "", "", "", "", "", "", "", "", "", 
"", "", "", "", "", "", "", "", "", "")), rank = 7L, fitted.values = structure(c(58.470550453314, 
74.2650946758327, 58.3953325406139, 57.16831107707, 64.1192931524518, 
67.7515235086978, 78.8564930317925, 56.584159171931, 62.6028922985284, 
54.956513376965, 58.4789836523469, 68.4095856567542, 76.390041610513, 
71.5074906347314, 68.4440921556579, 63.4966311017325, 68.5022208525615, 
58.2653090504128, 47.0560820928731, 67.6278779435746, 63.5788151614256, 
49.568214085764, 64.759973213919, 70.8278951396601, 78.9657352019757, 
51.4682335751015, 72.482655583799), .Names = c("2", "3", "4", 
"6", "7", "8", "9", "10", "11", "12", "13", "14", "15", "16", 
"17", "18", "19", "20", "21", "22", "23", "24", "25", "26", "27", 
"28", "29")), assign = 1:7, qr = structure(list(qr = structure(c(-5.19615242270663, 
0.192450089729875, 0.192450089729875, 0.192450089729875, 0.192450089729875, 
0.192450089729875, 0.192450089729875, 0.192450089729875, 0.192450089729875, 
0.192450089729875, 0.192450089729875, 0.192450089729875, 0.192450089729875, 
0.192450089729875, 0.192450089729875, 0.192450089729875, 0.192450089729875, 
0.192450089729875, 0.192450089729875, 0.192450089729875, 0.192450089729875, 
0.192450089729875, 0.192450089729875, 0.192450089729875, 0.192450089729875, 
0.192450089729875, 0.192450089729875, -366.424970845682, 68.6348362039332, 
-0.240429672148656, -0.123870786858542, 0.0218278197540999, -0.196720090164863, 
-0.0218817622296928, 0.123816844382949, 0.109246983721685, -0.0947310655360139, 
0.196666147689271, -0.240429672148656, -0.0947310655360139, -0.313278975454977, 
0.225805869011799, -0.138440647519807, -0.196720090164863, 0.415214057608234, 
-0.313278975454977, -0.0947310655360139, -0.123870786858542, 
0.254945590334327, -0.240429672148656, -0.0218817622296928, -0.240429672148656, 
0.094677123060421, 0.211236008350535, -282.709181813187, -14.798661436093, 
57.7539447849098, 0.0274020544397954, 0.215302527019005, -0.0232610954124997, 
-0.324151499395134, 0.210045664682553, 0.0648573250276878, 0.0753710497005916, 
0.0356159650608379, -0.61465962555141, -0.0458327923238754, -0.0766183998562936, 
-0.0722485508526807, -0.256304961814461, 0.0459982428871958, 
-0.0548022694312109, 0.217733787917412, -0.0112031231740277, 
-0.0245424492849762, 0.322017135906593, 0.0952485920204685, -0.220262491945591, 
-0.181788761178313, 0.214021173146528, -0.200122055932622, -293.87128701752, 
-5.47502986182173, 27.2685403824186, 53.095361568514, -0.116292245945745, 
-0.0269174671243216, -0.021872060192227, 0.0884550048712737, 
-0.0384333948043789, 0.248931469558281, 0.307578786215326, 0.49338578020773, 
-0.301732414102503, -0.352664817332357, -0.128688695285497, -0.24897241279139, 
-0.105076589339463, 0.203362081079818, 0.190941629978869, -0.133637569102948, 
0.0909786932760248, -0.142822874607541, 0.0218504235820467, -0.00727248508313204, 
-0.305870342797594, 0.11460813596758, -0.0961935247860534, -335.440506399173, 
-4.68825738611347, 25.3750451257391, 26.8584266616341, -41.1511714471963, 
0.173360401330704, -0.087162531855975, 0.119046096028277, -0.171901428594839, 
0.139521804672166, -0.0515147869705083, -0.148645239297268, 0.141983372864278, 
-0.299594830997064, 0.12915830053948, -0.544954223754457, 0.290837883362769, 
-0.0542334299700313, -0.104808853595192, -0.0280869177402183, 
0.059940146552276, -0.301637093097368, 0.215412860127454, 0.413996792898246, 
0.114730970393934, -0.116027901182955, 0.0134950977274651, -382.975678562452, 
-2.64955614247434, 16.1902252466601, 2.85249464417684, -15.4207378924955, 
43.8012580355383, -0.206665434913638, -0.1446579764286, 0.173974441277131, 
-0.146021872132574, 0.140069013460507, -0.389409547632007, 0.0674426402298328, 
0.482987325403299, 0.0354857499478408, -0.135547193279311, -0.227489633401316, 
-0.077223261785311, -0.00273471749464977, -0.113070046605783, 
-0.220121569737282, 0.466275644225582, -0.0905877710346028, 0.017428216082442, 
0.0040773550406616, -0.271786655964753, 0.11793631868211, -222.664753817466, 
-17.03108786408, 17.0480532560611, 24.6933242415293, -14.2051154156903, 
3.81695046930605, 40.3311127641723, -0.00791465941028314, 0.240304806918129, 
-0.150476977054619, 0.312973727297557, 0.0906923142902055, 0.127905005454929, 
0.212899005336842, -0.237182543391116, -0.249761091896267, -0.0460072650021356, 
-0.115051836167446, -0.140453597735601, 0.117381213436061, 0.0841828591760183, 
-0.167159529570822, 0.122274969605661, -0.544919794406905, 0.0550422552000555, 
0.0118969627549502, -0.028961555299457), .Dim = c(27L, 7L), .Dimnames = list(
    c("2", "3", "4", "6", "7", "8", "9", "10", "11", "12", "13", 
    "14", "15", "16", "17", "18", "19", "20", "21", "22", "23", 
    "24", "25", "26", "27", "28", "29"), c("x1", "x2", "x3", 
    "x4", "x5", "x6", "x7")), assign = 1:7), qraux = c(1.19245008972988, 
1.09467712306042, 1.0433040882957, 1.17361462850589, 1.11115153230246, 
1.1529054251521, 1.48297124234672), pivot = 1:7, tol = 1e-07, 
    rank = 7L), .Names = c("qr", "qraux", "pivot", "tol", "rank"
), class = "qr"), df.residual = 20L, xlevels = structure(list(), .Names = character(0)), 
    call = quote(lm(formula = y ~ . + 0, data = structure(list(y = c(63, 
        71, 61, 43, 58, 71, 72, 67, 64, 67, 69, 68, 77, 81, 74, 
        65, 65, 50, 50, 64, 53, 40, 63, 66, 78, 48, 85), x1 = c(1, 
        1, 1, 1, 1, 1, 1, 1, 1, 1, 1, 1, 1, 1, 1, 1, 1, 1, 1, 
        1, 1, 1, 1, 1, 1, 1, 1), x2 = c(58, 62, 85, 77, 67, 82, 
        70, 60, 61, 75, 55, 85, 75, 90, 53, 78, 82, 40, 90, 75, 
        77, 51, 85, 70, 85, 62, 54), x3 = c(51, 68, 45, 49, 42, 
        50, 72, 45, 53, 47, 57, 83, 54, 50, 64, 65, 46, 68, 33, 
        52, 52, 42, 42, 66, 58, 44, 71), x4 = c(54, 69, 47, 44, 
        56, 55, 67, 47, 58, 39, 42, 45, 72, 72, 69, 75, 57, 54, 
        34, 62, 50, 58, 48, 63, 74, 45, 71), x5 = c(63, 76, 54, 
        54, 66, 70, 71, 62, 58, 59, 55, 59, 79, 60, 79, 55, 75, 
        64, 43, 66, 63, 50, 66, 88, 80, 51, 77), x6 = c(73, 86, 
        84, 49, 68, 66, 83, 80, 67, 74, 63, 77, 77, 54, 79, 80, 
        85, 78, 64, 80, 80, 57, 75, 76, 78, 83, 74), x7 = c(47, 
        48, 35, 34, 35, 41, 31, 41, 34, 41, 25, 35, 46, 36, 63, 
        60, 46, 52, 33, 41, 37, 49, 33, 72, 49, 38, 55)), .Names = c("y", 
        "x1", "x2", "x3", "x4", "x5", "x6", "x7"),