
expected <- structure(list(coefficients = structure(c(-0.975394257494119, 
0.245320203250782, 0.277722800226751, 0.0767262370159345, -0.147792573016424, 
0.361186144588294, 0.213781825725272), .Names = c("x1", "x2", 
"x3", "x4", "x5", "x6", "x7")), residuals = structure(c(-18.018988297992, 
-4.30127900356393, 3.63707026827025, 0.253388729674279, 21.2141770366403, 
-21.1790328015877, -4.5880696983042, 11.2294668782732, -3.69033530979129, 
6.69725117831603, -6.81015831303739, 5.69592108643952, 7.17597753989656, 
8.00063166005971, 2.42749700679299, 3.58704004878622, -18.4521920182994, 
-2.30893569306568, -3.87777027983934, -6.52378182805048, -16.4732875672072, 
-7.36420374087578, -3.13433608438692, 11.9026234917561, -4.37729150066797, 
21.9427009374757, 20.7737702755419), .Names = c("1", "2", "3", 
"4", "5", "6", "7", "8", "9", "11", "12", "13", "14", "15", "18", 
"19", "20", "21", "22", "23", "24", "25", "26", "27", "28", "29", 
"30")), effects = structure(c(-177.990921594138, -273.015525823974, 
48.2757911025253, -22.7701382315201, -2.21934717000448, -21.4579765240993, 
-8.71049503023828, 10.4813944642634, -3.00243738456609, 15.5238745967637, 
-12.4035750883183, 7.39637379689872, 13.6442455355539, 11.7397697098644, 
16.3247881326047, 8.92286117812325, -14.1567523563965, -4.10196536196951, 
6.57107459609967, -10.7785338904802, -3.60809318484805, -4.13856043603751, 
-1.89992987048358, 13.4139727137282, 6.7832787650769, 26.4698427494957, 
30.1828613709201), .Names = c("x1", "x2", "x3", "x4", "x5", "x6", 
"x7", "", "", "", "", "", "", "", "", "", "", "", "", "", "", 
"", "", "", "", "", "")), rank = 7L, fitted.values = structure(c(61.018988297992, 
67.3012790035639, 67.3629297317297, 60.7466112703257, 59.7858229633597, 
64.1790328015877, 62.5880696983042, 59.7705331217268, 75.6903353097913, 
57.302748821684, 73.8101583130374, 63.3040789135605, 60.8240224601034, 
68.9993683399403, 62.572502993207, 61.4129599512138, 68.4521920182994, 
52.3089356930657, 67.8777702798393, 59.5237818280505, 56.4732875672072, 
70.3642037408758, 69.1343360843869, 66.0973765082439, 52.377291500668, 
63.0572990625243, 61.2262297244581), .Names = c("1", "2", "3", 
"4", "5", "6", "7", "8", "9", "11", "12", "13", "14", "15", "18", 
"19", "20", "21", "22", "23", "24", "25", "26", "27", "28", "29", 
"30")), assign = 1:7, qr = structure(list(qr = structure(c(-6.71229039652461, 
-0.0876683907044169, 0.128572849825802, 0.0451428295013465, 0.0112605141478742, 
-0.103413252898562, 0.128819059066773, -0.13489545510865, 0.200953936396639, 
0.0700604732821891, 0.10987750136284, 0.162866155549681, 0.242474892241626, 
-0.0342968404119801, 0.60294843086506, 0.258690826152507, -0.095733310181046, 
-0.00796821503965243, 0.283987556209026, 0.0166485462734162, 
0.232432120037751, 0.100498568621927, 0.252681795370347, -0.175845777385927, 
0.149250630817602, 0.219952251419161, 0.0471541479669472, -202.549267159584, 
-288.284224981381, 0.173732977628156, 0.138038201450802, 0.285151963061221, 
0.286766225302044, 0.0659882118468908, 0.244498212948372, 0.114877547021646, 
0.12698909057276, 0.200237131925675, 0.119922900014747, -0.00065673040872767, 
0.313973038029647, -0.30410733779726, 0.0443500099731997, 0.297497352570075, 
0.228864215086977, -0.0364014935608861, 0.228480577789052, 0.0183970639388755, 
0.156280942720957, 0.0425865292323167, 0.335259550204331, 0.0726770595291037, 
0.0811749235138469, 0.136306341933597, -172.340960045779, -238.713945744319, 
90.8583820991641, -0.237889152572571, 0.23824178343722, 0.0241068842718741, 
-0.288738828669364, -0.319179140977137, -0.077165683874254, 0.12307032789308, 
-0.0158674418807988, 0.223545659718201, -0.242838466340771, -0.00554322711426567, 
-0.414201182982467, 0.275462738468089, 0.0246965011702914, 0.0353666003056676, 
-0.444249371093058, 0.105608288210084, -0.0569349194175923, -0.286491597118604, 
-0.08256104702298, 0.0112606218496908, 0.00151403221059149, 0.0231119444448127, 
-0.106508644381768, -144.956780905746, -235.25085447221, 27.05693680624, 
-73.2836223872814, -0.230272586424819, 0.104504215845356, -0.0568596612977394, 
0.173783419928327, -0.107853752748568, 0.220133974396873, 0.0562678658853943, 
0.329411507866732, 0.227383059765565, -0.433854627817248, 0.0391423580509316, 
0.31916288015936, 0.0105766791712406, -0.0672396290121759, -0.239915682286872, 
0.106109732123973, -0.163130821291303, -0.371964004299855, 0.201056041923365, 
0.0898636857077144, -0.0110946965884019, -0.1496238396066, -0.0178433953397902, 
-178.399109723736, -253.691963437328, 42.4695715904288, -36.3859149569617, 
53.6334412354998, 0.299733695208131, 0.25660227572206, 0.033063418328298, 
0.401343870926896, 0.00449587715065887, 0.167729438404919, 0.0327014744845057, 
-0.170878728375219, -0.173178760253828, 0.0495681364559953, 0.00322258419573402, 
0.185773530288994, -0.278531582589824, -0.0760580911858988, 0.0967777611409297, 
-0.209047266502316, 0.153418969095094, 0.274324324636841, 0.0424838174720898, 
-0.463299008476797, 0.126014073692048, 0.00617202077912634, -216.200442113477, 
-324.487955927449, 69.008580089489, -51.0352800605751, 13.0761097063509, 
-56.6936213879626, 0.214300416043544, -0.032551188304846, 0.152454586259932, 
0.404154918732342, -0.25318713822309, 0.0602519240657382, -0.0401141702887058, 
-0.0446611773174708, 0.21849824301418, 0.169383961159022, 0.37243527671767, 
-0.34890812073186, 0.0880155600654737, -0.143569815904338, 0.242335199637462, 
0.0535721950444514, 0.0898613609922894, 0.170999144282083, 0.0366223964253445, 
0.134484686000194, 0.358451842708186, -112.923914789722, -178.876745052148, 
10.8433638917053, -19.1395764674996, 4.60454229691978, -4.58891203171486, 
-40.7447873582669, 0.0516565802991799, -0.125195753126057, 0.168836417477604, 
-0.0395696793798777, 0.103151737231018, -0.494529073868011, -0.352608281819257, 
-0.141637181920903, 0.123241991479826, -0.131641554834611, -0.0146901220300027, 
0.0431038444496713, -0.0945022041358838, -0.136363780526451, 
-0.20504293544131, -0.35421517724759, 0.4495293316701, 0.0289870957574016, 
-0.304640123077349, 0.140750483413081), .Dim = c(27L, 7L), .Dimnames = list(
    c("1", "2", "3", "4", "5", "6", "7", "8", "9", "11", "12", 
    "13", "14", "15", "18", "19", "20", "21", "22", "23", "24", 
    "25", "26", "27", "28", "29", "30"), c("x1", "x2", "x3", 
    "x4", "x5", "x6", "x7")), assign = 1:7), qraux = c(1.17854539837367, 
1.28708419961948, 1.09241282590921, 1.27887598690275, 1.29859913440955, 
1.28815075505274, 1.08265228601803), pivot = 1:7, tol = 1e-07, 
    rank = 7L), .Names = c("qr", "qraux", "pivot", "tol", "rank"
), class = "qr"), df.residual = 20L, xlevels = structure(list(), .Names = character(0)), 
    call = quote(lm(formula = y ~ . + 0, data = structure(list(y = c(43, 
        63, 71, 61, 81, 43, 58, 71, 72, 64, 67, 69, 68, 77, 65, 
        65, 50, 50, 64, 53, 40, 63, 66, 78, 48, 85, 82), x1 = c(1.19844856284726, 
        -0.588455697004025, 0.863018305139535, 0.303011780933836, 
        0.0755838409747057, -0.694139784304391, 0.864670933063239, 
        -0.905457467860607, 1.34886117741898, 0.470266241988007, 
        0.737529697191911, 1.09320493181501, 1.62756189059181, 
        -0.230210352528471, 4.04716496209513, 1.73640794805249, 
        -0.642589778555747, -0.053484973288102, 1.90620694627434, 
        0.111749877267147, 1.56015188717325, 0.674575577025432, 
        1.69607358844098, -1.18032792281696, 1.00181357591223, 
        1.4763833848948, 0.31651233455484), x2 = c(90, 61, 82, 
        51, 85, 57, 51, 37, 83, 54, 85, 75, 60, 82, 62, 77, 62, 
        64, 60, 70, 63, 70, 75, 53, 58, 78, 51), x3 = c(42, 64, 
        58, 64, 51, 50, 66, 65, 72, 33, 71, 39, 66, 72, 72, 33, 
        54, 52, 83, 50, 52, 83, 64, 50, 45, 58, 52), x4 = c(54, 
        63, 48, 71, 45, 59, 45, 62, 57, 54, 72, 72, 67, 39, 47, 
        67, 56, 48, 39, 62, 34, 39, 71, 58, 42, 45, 44),