
expected <- structure(list(coefficients = structure(c(10.1911612444483, 0.651936688381882, 
-0.074137190106286, 0.0538134372925786, 0.161597976900803, 0.0690179230241768, 
-0.0854888577367728), .Names = c("x1", "x2", "x3", "x4", "x5", 
"x6", "x7")), residuals = structure(c(1.24327810447865, 3.51803205282851, 
-0.557409378021719, -12.3296317812095, -8.67541946319054, 0.567776632151732, 
-4.03887418549589, 5.91980439829749, 8.22063552206331, 7.34984974927652, 
8.3407946750232, -4.37286153141816, 2.42898142680933, 3.39742467325616, 
-2.11546232492871, 7.89513059013556, -3.99953450776578, -8.22460251824582, 
3.59716292187213, 1.60847720100155, -11.432098995301, -2.14520252139984, 
4.79141555664209, -6.35970492420898, 5.21669454916132, -9.07108832277754, 
9.22643240096586), .Names = c("2", "3", "4", "6", "7", "8", "9", 
"10", "11", "12", "13", "14", "15", "16", "17", "18", "19", "20", 
"21", "22", "23", "24", "25", "26", "27", "28", "29")), effects = structure(c(-333.516005501874, 
-45.8271796854879, -2.82732660593055, -4.49058284626705, 4.88445367749583, 
3.10638869634618, -3.47141036593085, 4.10912927151359, 10.5628274107167, 
6.46986814936416, 9.85791326957722, -5.29116736080116, 6.99956110460933, 
5.12532499947343, -4.17816256657373, 7.56661615473031, -5.39131260716016, 
-7.22670741760703, 7.62413897228314, 3.43528101194679, -12.4599027585136, 
-4.70392540688421, 3.7892526602423, -6.9948745656203, 8.19506110151659, 
-10.7968064353295, 7.69073351811356), .Names = c("x1", "x2", 
"x3", "x4", "x5", "x6", "x7", "", "", "", "", "", "", "", "", 
"", "", "", "", "", "", "", "", "", "", "", "")), rank = 7L, 
    fitted.values = structure(c(61.7567218955214, 67.4819679471715, 
    61.5574093780217, 55.3296317812095, 66.6754194631905, 70.4322233678483, 
    76.0388741854959, 61.0801956017025, 55.7793644779367, 59.6501502507235, 
    60.6592053249768, 72.3728615314182, 74.5710185731907, 77.6025753267438, 
    76.1154623249287, 57.1048694098644, 68.9995345077658, 58.2246025182458, 
    46.4028370781279, 62.3915227989985, 64.432098995301, 42.1452025213998, 
    58.2085844433579, 72.359704924209, 72.7833054508387, 57.0710883227775, 
    75.7735675990341), .Names = c("2", "3", "4", "6", "7", "8", 
    "9", "10", "11", "12", "13", "14", "15", "16", "17", "18", 
    "19", "20", "21", "22", "23", "24", "25", "26", "27", "28", 
    "29")), assign = 1:7, qr = structure(list(qr = structure(c(-5.19615242270663, 
    0.192450089729875, 0.192450089729875, 0.192450089729875, 
    0.192450089729875, 0.192450089729875, 0.192450089729875, 
    0.192450089729875, 0.192450089729875, 0.192450089729875, 
    0.192450089729875, 0.192450089729875, 0.192450089729875, 
    0.192450089729875, 0.192450089729875, 0.192450089729875, 
    0.192450089729875, 0.192450089729875, 0.192450089729875, 
    0.192450089729875, 0.192450089729875, 0.192450089729875, 
    0.192450089729875, 0.192450089729875, 0.192450089729875, 
    0.192450089729875, 0.192450089729875, -343.908310347287, 
    -67.2761032913922, -0.0421028710864252, -0.16101582247051, 
    0.0173536046056173, 0.136266555989702, 0.240315388450777, 
    -0.0718311089324464, -0.190744060316531, -0.0866952278554571, 
    -0.0569669900094358, 0.255179507373787, 0.165994793835724, 
    0.359228339834862, 0.284907745219808, -0.0866952278554571, 
    0.0619459613746492, -0.116423465701478, -0.38397760631567, 
    -0.0718311089324464, 0.00248948568260667, -0.428569963084701, 
    -0.175879941393521, 0.165994793835724, 0.136266555989702, 
    -0.131287584624489, 0.284907745219808, -282.709181813187, 
    -36.8030079304512, 46.9047665572452, -0.0611248653510839, 
    0.270548232368535, 0.221612896213294, -0.141002445516607, 
    0.115371580928528, -0.176809800349899, 0.0575291134291201, 
    -0.125263079326525, -0.360317310932056, 0.166739472495275, 
    0.44965606351628, 0.0751645466608243, -0.326227193683757, 
    0.230877686470715, -0.420592333842968, 0.0519486847795985, 
    -0.0338669829487023, 0.0421474061522932, -0.185538102237438, 
    0.0729108207059471, -0.0890980655799771, 0.0510545374964592, 
    0.0758798644873358, -0.0740740172164058, -291.946786120221, 
    20.9721707545218, 13.9815625936445, -55.8279323937154, 0.344918197713589, 
    0.0898930415391833, 0.126512855792939, -0.146242885353631, 
    0.143455376167055, -0.0910708643938691, -0.00314924728006086, 
    -0.23969918462075, 0.525294875997592, 0.104265627317721, 
    -0.000795916651280105, -0.0587806885535167, 0.00627786312353784, 
    0.0975352692803945, 0.216923989162113, 0.17679219997015, 
    -0.110982552358301, -0.221192387780563, -0.0532469959648678, 
    0.242314591993483, 0.402780571877716, -0.246206957332436, 
    -0.018092260154314, -335.440506399173, -38.1446322939837, 
    2.79399501774129, -16.4099494384346, 36.7227565018246, -0.0119086040508673, 
    0.200941926258656, -0.104470814953068, 0.0187084564385567, 
    -0.00953568747359293, 0.21271090711905, 0.492187638848742, 
    -0.0707364382135424, 0.489487955940149, -0.0561667803496001, 
    0.210750954410513, -0.27118315660964, 0.000641713664882936, 
    0.142314602581605, -0.0747106045315093, -0.00652983982427169, 
    -0.177102244669692, -0.306580805057851, -0.335117249568485, 
    -0.143016366511861, 0.0988147043265104, 0.0324320884389336, 
    -382.975678562452, -12.3443755040988, 11.0852083455286, 10.9554245645692, 
    22.1219430026858, 39.3568607662707, -0.280514418685047, -0.0535075582888461, 
    -0.0555157559563933, 0.00658833858787495, 0.13651035877977, 
    -0.00268623755495746, -0.31996852281509, 0.410389395517508, 
    0.0588041819237249, -0.274712522764145, -0.128316421277416, 
    -0.252134826519287, -0.201598154161039, -0.293665253984621, 
    -0.0806836830499359, 0.403995623545821, 0.041991328650312, 
    0.0254247398497759, -0.244347784317823, -0.191283853501313, 
    0.155163498889113, -222.664753817466, -13.9386898893224, 
    15.4279398067065, -4.78897583399646, 30.1405365206568, -4.56269881049875, 
    40.606582633489, 0.0621908981879411, 0.212195465241217, 0.0106053498539843, 
    0.336979732982072, 0.124370983593929, -0.078847848263259, 
    -0.247461093885768, -0.346136776350973, -0.465566791200955, 
    0.0543343341518059, -0.0762808959025733, -0.0747532979920661, 
    0.0716661743808423, 0.146725621597979, -0.0370609836864319, 
    0.39771204556635, -0.334551642526708, -0.0359366314760317, 
    -0.0352803958529285, -0.135872828554025), .Dim = c(27L, 7L
    ), .Dimnames = list(c("2", "3", "4", "6", "7", "8", "9", 
    "10", "11", "12", "13", "14", "15", "16", "17", "18", "19", 
    "20", "21", "22", "23", "24", "25", "26", "27", "28", "29"
    ), c("x1", "x2", "x3", "x4", "x5", "x6", "x7")), assign = 1:7), 
        qraux = c(1.19245008972988, 1.06194596137465, 1.14577733656893, 
        1.15849659749952, 1.01044773439067, 1.21802624635496, 
        1.29061672083775), pivot = 1:7, tol = 1e-07, rank = 7L), .Names = c("qr", 
    "qraux", "pivot", "tol", "rank"), class = "qr"), df.residual = 20L, 
    xlevels = structure(list(), .Names = character(0)), call = quote(lm(formula = y ~ 
        . + 0, data = structure(list(y = c(63, 71, 61, 43, 58, 
        71, 72, 67, 64, 67, 69, 68, 77, 81, 74, 65, 65, 50, 50, 
        64, 53, 40, 63, 66, 78, 48, 85), x1 = c(1, 1, 1, 1, 1, 
        1, 1, 1, 1, 1, 1, 1, 1, 1, 1, 1, 1, 1, 1, 1, 1, 1, 1, 
        1, 1, 1, 1), x2 = c(64, 70, 63, 55, 67, 75, 82, 61, 53, 
        60, 62, 83, 77, 90, 85, 60, 70, 58, 40, 61, 66, 37, 54, 
        77, 75, 57, 85), x3 = c(51, 68, 45, 49, 42, 50, 72, 45, 
        53, 47, 57, 83, 54, 50, 64, 65, 46, 68, 33, 52, 52, 42, 
        42, 66, 58, 44, 71), x4 = c(45, 48, 39, 69, 66, 50, 59, 
        45, 72, 50, 59, 44, 75, 39, 45, 62, 47, 74, 75, 67, 47, 
        58, 54, 66, 72, 42, 48), x5 = c(63, 76, 54, 54, 66, 70, 
        71, 62, 58, 59, 55, 59, 79, 60, 79, 55, 75, 64, 43, 66, 
        63, 50, 66, 88, 80, 51, 77),