
expected <- structure(list(coefficients = structure(c(15.6237518885983, 0.564976253359257, 
-0.0818191074414192, 0.362344579347023, 0.0516522654341346, 0.00118411631468667, 
-0.183811305016735), .Names = c("x1", "x2", "x3", "x4", "x5", 
"x6", "x7")), residuals = structure(c(-8.05762792793398, 1.11661263207286, 
0.00279865332476992, 6.86889694238926, -12.2658383180462, -9.40006971017495, 
0.99327647019324, -6.40180544000548, 7.80819147089438, 4.92024626004598, 
11.5881511375857, 9.44551121819157, -0.733013662709934, 0.488481029461536, 
-4.04020670089328, -2.00486434861682, 1.71314583946354, -2.53867328043128, 
-6.23401664530324, 5.92763914885864, -10.3178872673541, 5.4935173529584, 
-1.94489199507283, 2.71488187529432, -8.27229245969069, 7.47007375394002, 
5.65976397155856), .Names = c("1", "2", "4", "5", "6", "7", "8", 
"9", "10", "11", "12", "13", "14", "15", "16", "17", "18", "19", 
"20", "21", "23", "25", "26", "27", "28", "29", "30")), effects = structure(c(-339.4819582835, 
47.9679701362602, -3.77147328366682, -12.3774262568539, -2.46364215164805, 
-1.51527276247352, 6.92195474030131, -0.834646324536854, 10.2000052101229, 
6.16697921770788, 15.1621931713021, 16.8125255606074, 7.15461699537403, 
0.985719592799307, 1.62393798838289, -1.30594507730395, 1.14843748502537, 
-5.29355245588531, -5.6534877474095, 6.92415350148621, -6.82085732662419, 
5.31795037037155, -5.51114568230081, 3.0693505241048, -4.8433196406352, 
10.0598649896044, 7.14439442907477), .Names = c("x1", "x2", "x3", 
"x4", "x5", "x6", "x7", "", "", "", "", "", "", "", "", "", "", 
"", "", "", "", "", "", "", "", "", "")), rank = 7L, fitted.values = structure(c(51.057627927934, 
61.8833873679271, 60.9972013466752, 74.1311030576107, 55.2658383180461, 
67.400069710175, 70.0067235298068, 78.4018054400055, 59.1918085291056, 
59.079753739954, 55.4118488624143, 59.5544887818084, 68.7330136627099, 
76.5115189705385, 85.0402067008933, 76.0048643486168, 63.2868541605365, 
67.5386732804313, 56.2340166453032, 44.0723608511414, 63.3178872673541, 
57.5064826470416, 67.9448919950728, 75.2851181247057, 56.2722924596907, 
77.52992624606, 76.3402360284414), .Names = c("1", "2", "4", 
"5", "6", "7", "8", "9", "10", "11", "12", "13", "14", "15", 
"16", "17", "18", "19", "20", "21", "23", "25", "26", "27", "28", 
"29", "30")), assign = 1:7, qr = structure(list(qr = structure(c(-5.19615242270663, 
0.192450089729875, 0.192450089729875, 0.192450089729875, 0.192450089729875, 
0.192450089729875, 0.192450089729875, 0.192450089729875, 0.192450089729875, 
0.192450089729875, 0.192450089729875, 0.192450089729875, 0.192450089729875, 
0.192450089729875, 0.192450089729875, 0.192450089729875, 0.192450089729875, 
0.192450089729875, 0.192450089729875, 0.192450089729875, 0.192450089729875, 
0.192450089729875, 0.192450089729875, 0.192450089729875, 0.192450089729875, 
0.192450089729875, 0.192450089729875, -352.183664205672, 64.6889995800419, 
0.0319993232125807, -0.199879359366827, 0.155667953921598, -0.0298349921419281, 
-0.153503622850946, -0.261713674721336, 0.0629164808898351, 0.186585111598853, 
0.0783750597284623, 0.0474579020512079, -0.277172253559963, -0.1844207805282, 
-0.385382305430354, -0.308089411237218, 0.0783750597284623, -0.0762107286578097, 
0.109292217405717, 0.387546636501006, -0.0143764133033009, 0.171126532760225, 
-0.1844207805282, -0.153503622850946, 0.124750796244344, -0.308089411237218, 
-0.261713674721336, -275.588528493181, 34.8470719420076, 52.7318171508579, 
-0.00302588873069625, -0.0902646576236263, 0.157257799394405, 
0.0820635886736593, -0.268189587627373, 0.0429785122827351, -0.185249401711592, 
-0.00451385976124781, -0.17502347479897, -0.467227691914387, 
0.0253372704040889, 0.225532685492643, -0.0877847059060403, -0.345863750065704, 
0.110096087579433, -0.421884611358978, 0.069688370272463, -0.0419456350071147, 
0.0329179154846191, -0.202229323132215, -0.0696474736838769, 
0.0236839692590316, -0.220531885468885, 0.357618544597464, -289.060034774273, 
42.7395352490623, 7.58598380241519, -43.6128567367463, -0.082562417843346, 
0.083462585487816, -0.0755820515145921, 0.00542536610869037, 
-0.065835650466478, 0.242456890713533, -0.247261274047552, -0.252524263626296, 
-0.566053919392197, 0.270177073640488, 0.134034117241475, 0.0552691144573855, 
0.488135826620449, 0.0503456045159889, 0.0156421294048419, -0.0516331758695666, 
-0.0921261415763596, 0.0561839639606067, 0.00378419612822483, 
0.320048159909756, -0.0586438059743317, 0.0661086535406638, -0.0129195773925251, 
-336.210306758092, 34.3214802614943, 2.22433458214142, -15.0478369131155, 
37.1521272902704, -0.0374601498146478, -0.0653487120640131, 0.138130185142434, 
-0.0383945646106891, 0.129786979720916, -0.0243578643669359, 
0.158865371339088, 0.325217087068073, -0.137242779638185, 0.456474543060338, 
-0.0669189733086741, 0.446674051791264, -0.234794352486996, 0.0259014783272711, 
0.166045712013644, 0.0218094808812521, -0.200514755944425, -0.411294858343322, 
-0.148102529415978, 0.207769606822958, 0.0285686891143607, 0.142034990875549, 
-377.394625960285, 7.29301397209013, 25.2832210199908, -3.57229897537177, 
-10.1814819470887, -38.6450913279443, 0.309780454960582, 0.0169513752425485, 
0.211527841561839, -0.111023894045816, 0.221614727808494, 0.225856327291954, 
-0.363613060665043, 0.219112953078626, 0.132446349923009, 0.186429746354269, 
-0.178288393118201, -0.352404368370458, -0.140789080746317, -0.19751233786848, 
0.125012622709451, -0.0691967838632649, -0.0466495317576535, 
0.280406821633504, 0.0943652554983723, 0.176588194440416, -0.185666026487587, 
-221.317603189357, 16.3019301952679, 12.7879695700635, -22.8872802742183, 
23.7775235457291, 7.99467953951879, -37.6579380668185, -0.435887919369925, 
0.0672215856258832, -0.355366925334012, 0.16740961165593, -0.2162919870009, 
-0.0868379388534089, -0.154302879252077, 0.102464701334154, 0.366221996643924, 
0.284571831852125, -0.200819913027465, 0.0245410865015684, -0.0167859828966478, 
-0.0753422680381051, -0.394360637361097, 0.291492560824836, -0.130682144553548, 
0.135551747932813, 0.146280694997866, 0.044593874072697), .Dim = c(27L, 
7L), .Dimnames = list(c("1", "2", "4", "5", "6", "7", "8", "9", 
"10", "11", "12", "13", "14", "15", "16", "17", "18", "19", "20", 
"21", "23", "25", "26", "27", "28", "29", "30"), c("x1", "x2", 
"x3", "x4", "x5", "x6", "x7")), assign = 1:7), qraux = c(1.19245008972988, 
1.01654074437395, 1.06210772519193, 1.1105858676205, 1.1217415644853, 
1.35134360725312, 1.03498740408883), pivot = 1:7, tol = 1e-07, 
    rank = 7L), .Names = c("qr", "qraux", "pivot", "tol", "rank"
), class = "qr"), df.residual = 20L, xlevels = structure(list(), .Names = character(0)), 
    call = quote(lm(formula = y ~ . + 0, data = structure(list(y = c(43, 
        63, 61, 81, 43, 58, 71, 72, 67, 64, 67, 69, 68, 77, 81, 
        74, 65, 65, 50, 50, 53, 63, 66, 78, 48, 85, 82), x1 = c(1, 
        1, 1, 1, 1, 1, 1, 1, 1, 1, 1, 1, 1, 1, 1, 1, 1, 1, 1, 
        1, 1, 1, 1, 1, 1, 1, 1), x2 = c(51, 64, 63, 78, 55, 67, 
        75, 82, 61, 53, 60, 62, 83, 77, 90, 85, 60, 70, 58, 40, 
        66, 54, 77, 75, 57, 85, 82), x3 = c(30, 51, 45, 56, 49, 
        42, 50, 72, 45, 53, 47, 57, 83, 54, 50, 64, 65, 46, 68, 
        33, 52, 42, 66, 58, 44, 71, 39), x4 = c(39, 54, 47, 66, 
        44, 56, 55, 67, 47, 58, 39, 42, 45, 72, 72, 69, 75, 57, 
        54, 34, 50, 48, 63, 74, 45, 71, 59), x5 = c(61, 63, 54, 
        71, 54, 66, 70, 71, 62, 58, 59, 55, 59, 79, 60, 79, 55, 
        75, 64, 43, 63, 66, 88, 80, 51, 77, 64), x6 = c(54, 78, 
        64, 66, 80, 78, 78, 80, 76, 73, 78, 86, 74, 75, 75, 78, 
        80, 49, 77, 63, 76, 63, 67, 80, 76, 83, 54), x7 = c(45, 
        47, 35, 47, 34, 35, 41, 31, 41, 34, 41, 25, 35, 46, 36, 
        63, 60, 46, 52, 33, 37, 33, 72, 49, 38, 55, 39)), .Names = c("y", 
        "x1", "x2", "x3", "x4", "x5", "x6", "x7"),