
expected <- structure(list(coefficients = structure(c(12.8743737517455, 0.753416519539758, 
-0.0943619552678841, 0.179736392714327, 0.0102663106838257, -0.12519062058616
), .Names = c("x1", "x2", "x3", "x4", "x5", "x6")), residuals = structure(c(-11.7426002023453, 
0.530554462999707, 3.26936406172537, -1.27979007919488, 6.91397871722966, 
-12.6408798484575, -1.78882350493597, -5.59294600602178, 5.58136078442228, 
7.12430825674373, 7.3899198293439, -6.58918395859529, 1.97718742803582, 
-1.79546474561394, -3.99881724700633, 9.85879294945704, -4.86697749194225, 
-5.94990802341036, 5.84849169936673, 2.52294890044015, -0.225241789438003, 
4.90305157326946, -6.24287419725454, 5.0470374465472, -8.92860556663893, 
7.07099581402736, 3.60412073724674), .Names = c("1", "2", "3", 
"4", "5", "6", "8", "9", "10", "12", "13", "14", "15", "16", 
"17", "18", "19", "20", "21", "22", "24", "25", "26", "27", "28", 
"29", "30")), effects = structure(c(-339.4819582835, 54.8283956586102, 
5.80475161533608, 3.81411873672647, -0.340591157202299, -5.07508164650341, 
3.78475777285691, -2.31431339371033, 7.3399223154707, 9.29457392555573, 
12.72497633914, -5.47508579931032, 6.25610508965288, 5.17244367216808, 
-2.99795092523642, 6.51108921576747, -2.38860323894857, -6.38448679696822, 
8.57804998861891, 4.61140227253629, 2.0095192001012, 9.45682811123079, 
-4.76816179456828, 8.631468998587, -9.15544034213329, 9.44672980281331, 
7.03747635126228), .Names = c("x1", "x2", "x3", "x4", "x5", "x6", 
"", "", "", "", "", "", "", "", "", "", "", "", "", "", "", "", 
"", "", "", "", "")), rank = 6L, fitted.values = structure(c(54.7426002023453, 
62.4694455370003, 67.7306359382746, 62.2797900791949, 74.0860212827703, 
55.6408798484575, 72.788823504936, 77.5929460060218, 61.4186392155777, 
59.8756917432563, 61.6100801706561, 74.5891839585953, 75.0228125719642, 
82.7954647456139, 77.9988172470063, 55.141207050543, 69.8669774919423, 
55.9499080234104, 44.1515083006333, 61.4770510995598, 40.225241789438, 
58.0969484267305, 72.2428741972545, 72.9529625534528, 56.9286055666389, 
77.9290041859726, 78.3958792627533), .Names = c("1", "2", "3", 
"4", "5", "6", "8", "9", "10", "12", "13", "14", "15", "16", 
"17", "18", "19", "20", "21", "22", "24", "25", "26", "27", "28", 
"29", "30")), assign = 1:6, qr = structure(list(qr = structure(c(-5.19615242270663, 
0.192450089729875, 0.192450089729875, 0.192450089729875, 0.192450089729875, 
0.192450089729875, 0.192450089729875, 0.192450089729875, 0.192450089729875, 
0.192450089729875, 0.192450089729875, 0.192450089729875, 0.192450089729875, 
0.192450089729875, 0.192450089729875, 0.192450089729875, 0.192450089729875, 
0.192450089729875, 0.192450089729875, 0.192450089729875, 0.192450089729875, 
0.192450089729875, 0.192450089729875, 0.192450089729875, 0.192450089729875, 
0.192450089729875, 0.192450089729875, -348.719562590534, 70.3467601717852, 
-0.0780287364412797, 0.0214783337195374, -0.191751102339356, 
0.135200699617614, -0.149105215127578, -0.248612285288395, 0.0499089251940565, 
0.0641242209313161, 0.035693629456797, -0.262827581025654, -0.177535806602097, 
-0.362334651186471, -0.291258172500173, 0.0641242209313161, -0.0780287364412797, 
0.0925548124058353, 0.348430135676508, 0.0499089251940565, 0.391076022888286, 
0.149415995354874, -0.177535806602097, -0.149105215127578, 0.106770108143095, 
-0.291258172500173, -0.248612285288395, -278.475279839129, 37.4320326308127, 
-53.0034098114856, -0.075706467318834, -0.012820834695724, 0.0769060743699957, 
-0.0970914619501152, 0.250473687390347, -0.0564200426149869, 
-0.0090434088263427, 0.160337273653413, 0.448364292940387, -0.040911043780521, 
-0.241739647228969, 0.0706103645876936, 0.330557384104143, -0.124342243063939, 
0.406443940963071, -0.0803131118449159, 0.0756469324135353, 0.118416921676098, 
-0.0455176883066029, 0.185489484839803, 0.0538422237967673, -0.0367139039256529, 
0.202677339616216, -0.372127766315544, -337.172557206741, 36.836569687152, 
-5.16778260521913, 41.2435185610474, 0.00909878450083022, 0.144969453390941, 
-0.0278555940340419, 0.130266654984083, -0.00573330091668106, 
0.0663887236923853, 0.23384935819744, 0.486134602124582, -0.205271291270427, 
0.372233356025602, -0.0717449483507637, 0.252399530626244, -0.221412494223457, 
0.0280041888476343, 0.174917308635144, -0.0680970646154917, 0.0181812844320522, 
-0.19111496683195, -0.364136816078009, -0.230750879710387, 0.213995628003811, 
0.0113686916573617, 0.136776195571912, -390.288781972187, 8.70923785502774, 
-2.19264660625914, 18.3346084804604, -47.8105665661839, -0.548289166719317, 
-0.280338252809394, 0.0258314338948892, 0.0666679195180852, -0.0478315309351572, 
-0.278610775940859, -0.0637254463220616, -0.101521872476249, 
-0.491040993372103, -0.0823142956541461, 0.0629229485037125, 
0.103212082674592, -0.0263568125276178, -0.144990408866673, 0.0345223903933708, 
-0.340109893006797, -0.0479165283355722, -0.18773224340123, -0.0918947321531615, 
0.185523572005602, -0.190513178073095, 0.0164223635329404, -227.476006060713, 
10.7846710326676, -14.0153888247995, 30.2504395415385, -1.20014560541676, 
40.5388328833357, 0.0700081695422619, 0.351644559930834, 0.0545337275533881, 
0.00309716101486907, 0.312437988917942, 0.0388051638008805, 0.12183268851354, 
-0.140540666759442, -0.340907832540657, -0.488449821944067, 0.102953884515709, 
-0.10378281879828, 0.0311805116876464, 0.144535513282472, -0.198351194656108, 
0.371870855719996, -0.327251267432907, 0.094497424617955, -0.0373037808682423, 
-0.172132303598875, -0.05895870512808), .Dim = c(27L, 6L), .Dimnames = list(
    c("1", "2", "3", "4", "5", "6", "8", "9", "10", "12", "13", 
    "14", "15", "16", "17", "18", "19", "20", "21", "22", "24", 
    "25", "26", "27", "28", "29", "30"), c("x1", "x2", "x3", 
    "x4", "x5", "x6")), assign = 1:6), qraux = c(1.19245008972988, 
1.00726303798228, 1.29072539273999, 1.20925345209898, 1.05777350498553, 
1.09250518699817), pivot = 1:6, tol = 1e-07, rank = 6L), .Names = c("qr", 
"qraux", "pivot", "tol", "rank"), class = "qr"), df.residual = 21L, 
    xlevels = structure(list(), .Names = character(0)), call = quote(lm(formula = y ~ 
        . + 0, data = structure(list(y = c(43, 63, 71, 61, 81, 
        43, 71, 72, 67, 67, 69, 68, 77, 81, 74, 65, 65, 50, 50, 
        64, 40, 63, 66, 78, 48, 85, 82), x1 = c(1, 1, 1, 1, 1, 
        1, 1, 1, 1, 1, 1, 1, 1, 1, 1, 1, 1, 1, 1, 1, 1, 1, 1, 
        1, 1, 1, 1), x2 = c(51, 64, 70, 63, 78, 55, 75, 82, 61, 
        60, 62, 83, 77, 90, 85, 60, 70, 58, 40, 61, 37, 54, 77, 
        75, 57, 85, 82), x3 = c(30, 51, 68, 45, 56, 49, 50, 72, 
        45, 47, 57, 83, 54, 50, 64, 65, 46, 68, 33, 52, 42, 42, 
        66, 58, 44, 71, 39), x4 = c(61, 63, 76, 54, 71, 54, 70, 
        71, 62, 59, 55, 59, 79, 60, 79, 55, 75, 64, 43, 66, 50, 
        66, 88, 80, 51, 77, 64), x5 = c(92, 73, 86, 84, 83, 49, 
        66, 83, 80, 74, 63, 77, 77, 54, 79, 80, 85, 78, 64, 80, 
        57, 75, 76, 78, 83, 74, 78), x6 = c(45, 47, 48, 35, 47, 
        34, 41, 31, 41, 41, 25, 35, 46, 36, 63, 60, 46, 52, 33, 
        41, 49, 33, 72, 49, 38, 55, 39)), .Names = c("y", "x1", 
        "x2", "x3", "x4", "x5", "x6"), row.names = c("1", "2", 
        "3", "4", "5", "6", "8", "9", "10", "12", "13", "14", 
        "15", "16", "17", "18", "19", "20", "21", "22", "24", 
        "25", "26", "27", "28", "29", "30"), class = "data.frame"))), 
    terms = y ~ x1 + x2 + x3 + x4 + x5 + x6 + 0, model = structure(list(
        y = c(43, 63, 71, 61, 81, 43, 71, 72, 67, 67, 69, 68, 
        77, 81, 74, 65, 65, 50, 50, 64, 40, 63, 66, 78, 48, 85, 
        82), x1 = c(1, 1, 1, 1, 1, 1, 1, 1, 1, 1, 1, 1, 1, 1, 
        1, 1, 1, 1, 1, 1, 1, 1, 1, 1, 1, 1, 1), x2 = c(51, 64, 
        70, 63, 78, 55, 75, 82, 61, 60, 62, 83, 77, 90, 85, 60, 
        70, 58, 40, 61, 37, 54, 77, 75, 57, 85, 82), x3 = c(30, 
        51, 68, 45, 56, 49, 50, 72, 45, 47, 57, 83, 54, 50, 64, 
        65, 46, 68, 33, 52, 42, 42, 66, 58, 44, 71, 39),