
expected <- structure(list(coefficients = structure(c(34.1412206022589, -0.288539143598352, 
0.226914166465446, 0.533409176496844, 0.422502281820815, -0.0898966054350214, 
-0.29321236277665), .Names = c("x1", "x2", "x3", "x4", "x5", 
"x6", "x7")), residuals = structure(c(-2.86145859381312, 6.73367807558138, 
0.287033885969227, 7.79220547871528, -6.85453815915591, 2.1561772317388, 
-3.13828871929466, 1.27165276033716, -2.57465963130807, 9.85277306261026, 
0.819221951955023, -0.852019775088301, -10.0919709436486, 4.47988382679873, 
4.67631890478471, 1.59926396014282, -1.49870282935677, 3.07760625897541, 
-8.96834516927996, -6.54783821060155, -11.7171224299534, 0.435812760122228, 
-6.91551889803965, 2.46484691136588, -6.6262540202326, 6.45429772321259, 
16.5459445874632), .Names = c("1", "2", "3", "5", "7", "8", "9", 
"10", "11", "12", "13", "14", "15", "16", "17", "18", "19", "21", 
"22", "23", "24", "25", "26", "27", "28", "29", "30")), effects = structure(c(-343.523410167827, 
7.38650372438015, -33.2174621997862, -31.4561270725595, -10.7159459831374, 
-4.75754787644282, -11.9640479745136, 3.73907452559293, -4.00828692587318, 
12.6635167565247, 3.2606225185312, 2.46842273904178, -10.1552537778446, 
-0.492149992632902, 3.28130808925195, -4.56668687053867, 0.34129376052206, 
3.5394336786618, -9.01564450482326, -5.0665295594512, -17.1026860679646, 
2.69366030529106, -5.95314532978527, 0.927269945789311, -5.69046466098524, 
5.16796687719907, 16.0543599459093), .Names = c("x1", "x2", "x3", 
"x4", "x5", "x6", "x7", "", "", "", "", "", "", "", "", "", "", 
"", "", "", "", "", "", "", "", "", "")), rank = 7L, fitted.values = structure(c(45.8614585938131, 
56.2663219244186, 70.7129661140308, 73.2077945212847, 64.8545381591559, 
68.8438227682612, 75.1382887192947, 65.7283472396628, 66.5746596313081, 
57.1472269373897, 68.180778048045, 68.8520197750883, 87.0919709436486, 
76.5201161732013, 69.3236810952153, 63.4007360398572, 66.4987028293568, 
46.9223937410246, 72.96834516928, 59.5478382106016, 51.7171224299534, 
62.5641872398778, 72.9155188980397, 75.5351530886341, 54.6262540202326, 
78.5457022767874, 65.4540554125368), .Names = c("1", "2", "3", 
"5", "7", "8", "9", "10", "11", "12", "13", "14", "15", "16", 
"17", "18", "19", "21", "22", "23", "24", "25", "26", "27", "28", 
"29", "30")), assign = 1:7, qr = structure(list(qr = structure(c(-5.19615242270663, 
0.192450089729875, 0.192450089729875, 0.192450089729875, 0.192450089729875, 
0.192450089729875, 0.192450089729875, 0.192450089729875, 0.192450089729875, 
0.192450089729875, 0.192450089729875, 0.192450089729875, 0.192450089729875, 
0.192450089729875, 0.192450089729875, 0.192450089729875, 0.192450089729875, 
0.192450089729875, 0.192450089729875, 0.192450089729875, 0.192450089729875, 
0.192450089729875, 0.192450089729875, 0.192450089729875, 0.192450089729875, 
0.192450089729875, 0.192450089729875, -338.90460801431, -76.5811116834084, 
0.313480562134727, -0.0652028933874132, 0.0523195583263544, -0.0652028933874132, 
0.248190311182634, -0.37859609795746, 8.7357564679912e-05, -0.195783395291599, 
-0.339421947386204, -0.143551194529925, -0.37859609795746, -0.0782609435778318, 
0.222074210801796, 0.222074210801796, 8.7357564679912e-05, -0.156609244720343, 
-0.195783395291599, 0.117609809278447, 0.248190311182634, -0.0390867930065759, 
8.7357564679912e-05, 0.209016160611378, -0.117435094149088, 0.0131454077550985, 
-0.0652028933874132, -275.588528493181, -14.8179851771939, -61.7850328012491, 
0.122081189620239, -0.129653605232815, 0.0249702919162453, 0.313996382936485, 
0.0110917443906547, 0.0595575739846857, 0.00435117663136127, 
0.196932639728509, 0.575842029428479, 0.156758090946645, 0.0277639252729566, 
0.190102452711249, 0.206287602328581, -0.0537384733366404, -0.230621818081425, 
0.0852769247180228, 0.0182297241569518, -0.171558105583484, -0.110098171735836, 
0.269964519010006, 0.0957851883639666, -0.0609660723609034, 0.348096633739956, 
-0.15306635387441, -297.527838722387, -25.4690014491787, -25.6913589395519, 
-49.1779343426096, 0.0855691503364524, 0.026703603438532, -0.019773989432551, 
0.000247647049685042, 0.0415562957319973, -0.233569276949314, 
-0.221676638469145, -0.453395340564931, 0.426932923086321, 0.376172296063509, 
0.101063103617836, 0.213994286086032, 0.0847452602912553, -0.219549923067721, 
0.18874637459029, -0.146110351645592, 0.0694597646694649, -0.0506090186851045, 
0.0252560908899114, 0.260968452752639, -0.107050285678994, 0.13877169574779, 
0.207863204302135, -340.05930855269, -10.489966986303, -22.159337272628, 
-23.9419656908823, -41.4291360009773, 0.108216634426629, -0.0712569738612292, 
-0.00857834853885059, -0.221875333482275, 0.0223261047828108, 
-0.174030905841465, -0.212892527311728, 0.0753000485515601, -0.327225443340746, 
0.134598814658283, -0.517457636323383, 0.233558049429978, -0.234923823663845, 
-0.0932297813729633, 0.00860600687161979, -0.331512929968038, 
0.132713532685386, 0.38292441807119, 0.129476984004882, -0.214632613781624, 
0.00431463598295787, -0.0288239956406201, -391.058582331106, 
-6.91351212859386, -5.44300788151547, 3.28873785761221, -19.9253920335255, 
39.8487786017207, -0.0530963833802255, -0.0653882578603422, 0.232052248921212, 
0.0960402904471903, 0.364994890108654, 0.108221305656343, 0.0758212353446414, 
0.522684799482794, 0.0699553125371804, -0.123593817794587, -0.127459868906596, 
0.218003580677578, -0.0589836215623579, -0.0411839036463722, 
0.402806940396728, 0.0785410404985865, 0.222992455339528, 0.0701843990157986, 
-0.205726569290173, 0.194595930960314, -0.049150966384074, -224.589254714764, 
-20.6273666174646, -11.5257973122132, -17.6903041981803, -17.0413462721916, 
4.0082823871641, 40.8033544739278, -0.108890187872331, 0.198424864265143, 
-0.141166798036017, 0.161171336833063, 0.0069058601487272, -0.0185948215093631, 
0.200344403771019, -0.277056949600952, -0.233659803014475, 0.0194530665017692, 
-0.0238334680490408, 0.0605909639523771, 0.161025103931768, -0.12393892687334, 
0.20713526324928, -0.598411260169455, 0.110677379757443, 0.0103591284460267, 
-0.168706573913479, 0.142087257459637), .Dim = c(27L, 7L), .Dimnames = list(
    c("1", "2", "3", "5", "7", "8", "9", "10", "11", "12", "13", 
    "14", "15", "16", "17", "18", "19", "21", "22", "23", "24", 
    "25", "26", "27", "28", "29", "30"), c("x1", "x2", "x3", 
    "x4", "x5", "x6", "x7")), assign = 1:7), qraux = c(1.19245008972988, 
1.24819031118263, 1.2352876176836, 1.19593262395708, 1.05333812821285, 
1.33339979178226, 1.4722935880757), pivot = 1:7, tol = 1e-07, 
    rank = 7L), .Names = c("qr", "qraux", "pivot", "tol", "rank"
), class = "qr"), df.residual = 20L, xlevels = structure(list(), .Names = character(0)), 
    call = quote(lm(formula = y ~ . + 0, data = structure(list(y = c(43, 
        63, 71, 81, 58, 71, 72, 67, 64, 67, 69, 68, 77, 81, 74, 
        65, 65, 50, 64, 53, 40, 63, 66, 78, 48, 85, 82), x1 = c(1, 
        1, 1, 1, 1, 1, 1, 1, 1, 1, 1, 1, 1, 1, 1, 1, 1, 1, 1, 
        1, 1, 1, 1, 1, 1, 1, 1), x2 = c(70, 85, 90, 61, 70, 61, 
        85, 37, 66, 51, 40, 55, 37, 60, 83, 83, 66, 54, 51, 75, 
        85, 63, 66, 82, 57, 67, 61), x3 = c(30, 51, 68, 56, 42, 
        50, 72, 45, 53, 47, 57, 83, 54, 50, 64, 65, 46, 33, 52, 
        52, 42, 42, 66, 58, 44, 71, 39), x4 = c(39, 54, 69, 66, 
        56, 55, 67, 47, 58, 39, 42, 45, 72, 72, 69, 75, 57, 34, 
        62, 50, 58, 48, 63, 74, 45, 71, 59), x5 = c(61, 63, 76, 
        71, 66, 70, 71, 62, 58, 59, 55, 59, 79, 60, 79, 55, 75, 
        43, 66, 63, 50, 66, 88, 80, 51, 77, 64), x6 = c(92, 73, 
        86, 83, 68, 66, 83, 80, 67, 74, 63, 77, 77, 54, 79, 80, 
        85, 64, 80, 80, 57, 75, 76, 78, 83, 74, 78), x7 = c(45, 
        47, 48, 47, 35, 41, 31, 41, 34, 41, 25, 35, 46, 36, 63, 
        60, 46, 33, 41, 37, 49, 33, 72, 49, 38, 55, 39)), .Names = c("y", 
        "x1", "x2", "x3", "x4", "x5", "x6", "x7"),