
expected <- structure(list(coefficients = structure(c(-5.10023727625357, 
0.57247427908054, -0.136014421800959, 0.176944048688633, -0.193663459279193, 
0.65812297063407, -0.129860117258753), .Names = c("x1", "x2", 
"x3", "x4", "x5", "x6", "x7")), residuals = structure(c(-14.9008156772397, 
-5.87857539492091, -9.77965495545035, 0.810081201092263, 8.12805771997425, 
-15.8223264564766, 13.1755357861017, 13.1313535323247, 1.21589602161954, 
12.7269291196891, -3.65039450515934, -7.80579598863413, 15.1695786351904, 
9.25007279167648, 11.6791762172109, 0.049027337274838, -7.28960790618193, 
-6.32852333628118, -7.30324204079409, 4.98675137071543, -17.9112393183102, 
7.35327080119904, 1.06260819576924, 12.4036634190159, -17.6783842428582, 
3.76970673830973, 2.17893283008924), .Names = c("1", "2", "3", 
"4", "5", "6", "8", "9", "10", "12", "13", "14", "15", "16", 
"17", "18", "19", "20", "21", "22", "24", "25", "26", "27", "28", 
"29", "30")), effects = structure(c(-260.324217742412, -216.578488611321, 
16.1030672157665, -18.163222325762, -2.76766956580688, 36.0578135046108, 
6.49302186268747, 8.90085583262686, 5.03564909842046, 28.8470975878712, 
7.21485371637957, 1.74184803873886, 6.76293083752416, 13.4637553703558, 
11.4575373007006, -6.99204815696864, -11.400185813059, -6.27787413706292, 
-2.08841500585754, -5.84046365337827, -23.406305515031, 0.488744539047974, 
4.78889690198676, 13.4549400254668, -8.59644423888674, 8.810454914632, 
15.0807455028708), .Names = c("x1", "x2", "x3", "x4", "x5", "x6", 
"x7", "", "", "", "", "", "", "", "", "", "", "", "", "", "", 
"", "", "", "", "", "")), rank = 7L, fitted.values = structure(c(57.9008156772397, 
68.8785753949209, 80.7796549554504, 60.1899187989077, 72.8719422800257, 
58.8223264564766, 57.8244642138983, 58.8686464676753, 65.7841039783805, 
54.2730708803109, 72.6503945051593, 75.8057959886341, 61.8304213648096, 
71.7499272083235, 62.3208237827891, 64.9509726627252, 72.2896079061819, 
56.3285233362812, 57.3032420407941, 59.0132486292846, 57.9112393183102, 
55.646729198801, 64.9373918042308, 65.5963365809841, 65.6783842428582, 
81.2302932616903, 79.8210671699108), .Names = c("1", "2", "3", 
"4", "5", "6", "8", "9", "10", "12", "13", "14", "15", "16", 
"17", "18", "19", "20", "21", "22", "24", "25", "26", "27", "28", 
"29", "30")), assign = 1:7, qr = structure(list(qr = structure(c(-7.43808475261244, 
0.105493775335619, 0.147101415289404, 0.293396094776056, 0.215150115958405, 
0.154612246235604, 0.279224108948709, -0.0199580536314948, 0.0750473181051306, 
0.118967797277635, 0.108692316997975, 0.103745319831677, 0.299161657630855, 
0.173733394090561, 0.14926780130504, 0.187969272742647, 0.185776274551295, 
0.316427522365019, 0.369151904906612, -0.13015941440442, 0.113419105321785, 
-0.00166155585571369, 0.33392427451885, 0.221962829589365, 0.0198681639684928, 
-0.0203943154928182, 0.0553870533500587, -272.157060335422, -198.860590639729, 
0.179080130560046, -0.0832745518136739, 0.13774068309455, 0.058336712292608, 
-0.0742496120737177, 0.293391404796429, 0.215755450802897, 0.176732180158109, 
0.240854350634021, 0.277687253510531, -0.096066391391831, 0.0828770329802571, 
0.100733417429984, 0.0234795786395282, 0.0515756399660304, -0.0489133830091466, 
-0.165163326698296, 0.361316500336613, 0.123859578516709, 0.188297237314437, 
-0.0624150403070936, 0.0129086144854298, 0.285024200701074, 0.404609086657911, 
0.342800491366617, -216.350523178936, -198.494218902839, 68.1945465734047, 
0.0725478036682987, 0.0681753428939501, -0.26050284337733, 0.213850023998102, 
-0.422211724545583, -0.118417440654058, 0.336407271794488, 0.0654928728860067, 
0.157280739043122, 0.0832687661822819, 0.138101172667205, -0.432317640439281, 
-0.165366054878028, 0.0857988414532235, 0.0435249480565098, 0.00747952516703631, 
-0.0124523987130872, 0.0458617231761212, -0.289135581008429, 
0.0612994278317444, 0.281688262946662, 0.28505111722488, 0.0784558191006598, 
0.18966517397502, -247.073675485565, -172.780110342871, 34.3521310458336, 
-68.1657057806127, -0.0416621497964124, 0.249457002283429, 0.0891340379287691, 
0.237339241758409, -0.0463928366258008, 0.322622859037303, -0.32985646090605, 
-0.186987900218302, 0.162791840490101, 0.0193719822816468, -0.0936545094626086, 
0.280300193213727, 0.146962655533847, -0.175957602789896, -0.234601973698006, 
0.259144668643333, 0.351474124886425, 0.228215894190363, -0.0236921526309829, 
-0.0610221556200439, 0.28356866913132, -0.220518692381413, -0.125523367203095, 
-270.66863442187, -184.428800159734, 31.2290177267144, -41.6997648714387, 
69.4434019423924, 0.0945295871490949, -0.236414750568041, 0.331452658252668, 
-0.0932336770370672, -0.343080215090213, -0.139713302364598, 
-0.109713499691737, 0.199167733010755, -0.0134942471970746, 0.153278873571398, 
0.501670252951023, 0.227105499821972, -0.167919340360761, -0.0244603744877896, 
-0.161666151860683, 0.126218073077936, 0.0820297053028731, 0.0424628050987952, 
0.0237479886177651, -0.0996087285939412, -0.1368419949211, -0.11645026746271, 
-309.460881565145, -230.025647803157, 40.0796723344534, -26.8123624092111, 
19.6069533672407, 59.8786155561054, -0.0357234466683444, 0.225099434933443, 
0.0848345707970732, 0.55928357356145, 0.112868188342057, 0.222027787411601, 
-0.18553940186324, -0.215425066418061, 0.0583760620748182, -0.174111301191375, 
-0.327143784594519, 0.24575746092749, -0.0444194152154677, -0.253882810965377, 
0.062015803088172, -0.191102726238168, 0.161255511229697, -0.26529407354761, 
0.17011584265522, -0.0234835018612061, 0.220005083738635, -177.720598873717, 
-127.10957041897, 7.9264484591407, -26.7087739663927, 17.1169298440629, 
25.7945157707994, -50.0001232075724, 0.114691951426045, -0.0295100012173379, 
-0.0439535484588683, -0.207963794404354, -0.0379581000962079, 
0.387180483641594, -0.24240583904416, -0.0338038834921696, -0.00206742606169523, 
-0.0412674518285726, 0.573187798023973, -0.0471362444382483, 
0.374864878517651, 0.34891414853199, 0.039198219915612, 0.167119493253004, 
-0.0328893566929148, -0.181163424915063, -0.0812014702496582, 
-0.246323130688741), .Dim = c(27L, 7L), .Dimnames = list(c("1", 
"2", "3", "4", "5", "6", "8", "9", "10", "12", "13", "14", "15", 
"16", "17", "18", "19", "20", "21", "22", "24", "25", "26", "27", 
"28", "29", "30"), c("x1", "x2", "x3", "x4", "x5", "x6", "x7"
)), assign = 1:7), qraux = c(1.21809031867211, 1.16470273460171, 
1.01027951227857, 1.0899264641001, 1.42260775723667, 1.05454534154884, 
1.06455249533444), pivot = 1:7, tol = 1e-07, rank = 7L), .Names = c("qr", 
"qraux", "pivot", "tol", "rank"), class = "qr"), df.residual = 20L, 
    xlevels = structure(list(), .Names = character(0)), call = quote(lm(formula = y ~ 
        . + 0, data = structure(list(y = c(43, 63, 71, 61, 81, 
        43, 71, 72, 67, 67, 69, 68, 77, 81, 74, 65, 65, 50, 50, 
        64, 40, 63, 66, 78, 48, 85, 82), x1 = c(1.62217427400739, 
        0.784671641819387, 1.09415279415183, 2.18230501902982, 
        1.60030479703301, 1.15001899129221, 2.07689258733319, 
        -0.148449694408243, 0.558208312522228, 0.884892558982667, 
        0.808462665788754, 0.771666481594897, 2.22518976419033, 
        1.29224370960461, 1.110266556943, 1.39813138154673, 1.38181967513713, 
        2.35361472941018, 2.74578315528371, -0.968136755690484, 
        0.843620917948916, -0.0123587932759979, 2.48375705482583, 
        1.65097833841537, 0.14778108747645, -0.151694647107099, 
        0.411973597015204), x2 = c(54, 61, 75, 62, 85, 53, 60, 
        53, 63, 67, 77, 83, 61, 63, 60, 55, 60, 75, 66, 37, 55, 
        37, 77, 62, 62, 75, 83), x3 = c(56, 58, 68, 44, 71, 64, 
        33, 83, 68, 39, 68, 68, 42, 46, 83, 58, 46, 58, 49, 44, 
        47, 57, 58, 33, 42, 71, 68), x4 = c(54, 44, 72, 63, 71, 
        72, 57, 71, 54, 71, 42, 54, 67, 54, 59, 74, 62, 57, 48, 
        45, 71, 54, 69, 45, 63, 44, 56), x5 = c(77, 54, 43, 88, 
        50, 79, 75, 64, 71, 88, 60, 66, 59, 58, 71, 50, 50, 80, 
        63, 55, 64, 59, 76, 43, 63, 58, 66),