
expected <- structure(list(coefficients = structure(c(3.30153814308532, 0.676906374238335, 
-0.00669858157326663, 0.323675642085883, 0.0211861547094294, 
0.0857593577359031, -0.221969873584858), .Names = c("x1", "x2", 
"x3", "x4", "x5", "x6", "x7")), residuals = structure(c(-6.31261093279499, 
0.572096715763704, -0.542782329542114, 6.16754248769607, -9.35010243591296, 
-7.79024847150432, 1.65391663153253, -9.75300857242662, 8.57063171022503, 
6.89181874627986, 11.8352426629766, 9.49887762944795, 0.84260564375226, 
-4.16764659143368, -3.22926963862535, 2.53601933563626, -2.21883400092679, 
-5.64289010405762, 0.847131768787368, -10.8165919029357, -2.01591889911481, 
7.53349812425063, -1.58237453887598, 3.49499017271977, -8.11020855773256, 
5.90805156705412, 5.18006377976132), .Names = c("1", "3", "4", 
"5", "6", "7", "8", "9", "10", "11", "12", "13", "15", "16", 
"17", "18", "19", "20", "22", "23", "24", "25", "26", "27", "28", 
"29", "30")), effects = structure(c(-338.327257745121, -53.1510040063286, 
2.38481266822958, -8.69855043732628, -2.79149379285109, 1.06902162164076, 
8.89642779464742, -6.05904149456001, 10.3489908830489, 9.38348010818794, 
14.0907315821773, 17.0896224108694, 0.00205241647291232, -1.81111024842357, 
-4.70919379074724, 0.982427982010973, -2.77992777086215, -1.96456495305478, 
1.69511559447301, -8.29758090689671, -2.28904880221998, 9.51353557075944, 
-2.92621464565773, 3.38445654627888, -6.56119809659758, 6.73896954644905, 
5.63706153063176), .Names = c("x1", "x2", "x3", "x4", "x5", "x6", 
"x7", "", "", "", "", "", "", "", "", "", "", "", "", "", "", 
"", "", "", "", "", "")), rank = 7L, fitted.values = structure(c(49.312610932795, 
70.4279032842363, 61.5427823295421, 74.8324575123039, 52.350102435913, 
65.7902484715043, 69.3460833684675, 81.7530085724266, 58.429368289775, 
57.1081812537201, 55.1647573370234, 59.5011223705521, 76.1573943562477, 
85.1676465914337, 77.2292696386254, 62.4639806643637, 67.2188340009268, 
55.6428901040576, 63.1528682312126, 63.8165919029357, 42.0159188991148, 
55.4665018757494, 67.582374538876, 74.5050098272802, 56.1102085577326, 
79.0919484329459, 76.8199362202387), .Names = c("1", "3", "4", 
"5", "6", "7", "8", "9", "10", "11", "12", "13", "15", "16", 
"17", "18", "19", "20", "22", "23", "24", "25", "26", "27", "28", 
"29", "30")), assign = 1:7, qr = structure(list(qr = structure(c(-5.19615242270663, 
0.192450089729875, 0.192450089729875, 0.192450089729875, 0.192450089729875, 
0.192450089729875, 0.192450089729875, 0.192450089729875, 0.192450089729875, 
0.192450089729875, 0.192450089729875, 0.192450089729875, 0.192450089729875, 
0.192450089729875, 0.192450089729875, 0.192450089729875, 0.192450089729875, 
0.192450089729875, 0.192450089729875, 0.192450089729875, 0.192450089729875, 
0.192450089729875, 0.192450089729875, 0.192450089729875, 0.192450089729875, 
0.192450089729875, 0.192450089729875, -348.527112500804, -64.4348651884355, 
-0.0229669383926948, 0.209826285526274, -0.147123324482811, 0.0391112546523634, 
0.16326764074248, 0.271904478571332, -0.0540060349152239, -0.17816242100534, 
-0.0695255831764885, -0.0384864866539594, 0.194306737265009, 
0.396060864661448, 0.318463123355125, -0.0695255831764885, 0.0856698994361571, 
-0.100564679699018, -0.0540060349152239, 0.0235917063910989, 
-0.426475193185573, -0.162642872744076, 0.194306737265009, 0.16326764074248, 
-0.116084227960282, 0.318463123355125, 0.271904478571332, -274.626278044532, 
-24.9910710853059, 49.1208079475144, 0.0332697122450195, -0.1175759361763, 
0.17798279240609, 0.117154307922394, -0.241440185980785, 0.0403824137808932, 
-0.224516643047355, -0.0130879396546342, -0.191158831431529, 
0.0612312441374779, 0.308470469495412, -0.0403131830102102, -0.37953142363057, 
0.134814139392708, -0.466114159169628, -0.102123385543082, -0.0383513316854092, 
-0.204649530739946, 0.0121754523761407, -0.183064411846479, -0.0457094627335769, 
0.00972274202675147, -0.182818982334185, 0.430372867975097, -299.837239799146, 
-35.2696104189331, 21.7298843053379, -39.9436645615164, -0.177617837000547, 
0.106779989075908, -0.100743421629851, -0.163450290946938, -0.103742940267717, 
0.137116691742865, -0.321904565512506, -0.400929011325126, 0.252106902281073, 
0.186143551267977, -0.0326140735118242, 0.335221351322635, 0.0498186683736243, 
-0.212714672469972, 0.17684128669816, -0.169819303439769, 0.434275378359838, 
0.0267153585700828, -0.135972710318455, 0.266418319331288, -0.103259952891661, 
-0.0774882175469095, 0.083863901372416, -314.463446618616, -18.8556763393527, 
4.06855128542127, 12.7252560532107, 42.9036007736465, -0.0260013448471231, 
0.104276408722158, -0.0759569886556967, 0.144846056010451, -0.158502036931275, 
-0.318881731564343, 0.332654118870597, -0.2358664541689, -0.0967809889427787, 
-0.362829568365998, -0.0568718248184966, -0.070976345422317, 
0.519287172061931, 0.0997987885242132, 0.000519448867327898, 
-0.228805412897942, -0.0472058389252967, -0.304985518559644, 
0.130821126298385, 0.0133757800094606, -0.231517922768076, 0.121382983038771, 
-390.481232061917, -5.97042769591686, 1.69755370724668, 2.26011109235466, 
-6.09080819046103, 51.2900932479507, 0.244600142961596, -0.024211781607067, 
-0.104923629494828, 0.20551661534997, 0.17374351449466, 0.141470263886834, 
0.158015307037812, 0.627887078531737, 0.188290682766347, -0.0711646904209278, 
-0.0796315654285141, -0.25902907381391, -0.100730057771141, -0.0391018882437958, 
0.365120437528242, 0.0331071476736094, 0.181746549289623, -0.0132163511580325, 
-0.133526413721516, 0.225233314156111, 0.0589819654804204, -225.743955253144, 
-11.8276201693348, 20.5044038044349, -16.9699421678191, 14.317764238, 
15.0001609666421, -40.0794380380019, -0.560869843855377, 0.0510060319319986, 
-0.374951882955914, 0.000780691394503054, -0.180103873336195, 
-0.12958303384738, 0.0199028566489559, 0.24925230448131, -0.0259748436530689, 
0.0243949734403544, 0.168590284062283, -0.184928641436255, -0.14696757926227, 
0.0141464576968414, -0.218941692582807, 0.493595385268637, -0.0111032065447048, 
-0.101213641163716, 0.0554397784501162, 0.125110903723756), .Dim = c(27L, 
7L), .Dimnames = list(c("1", "3", "4", "5", "6", "7", "8", "9", 
"10", "11", "12", "13", "15", "16", "17", "18", "19", "20", "22", 
"23", "24", "25", "26", "27", "28", "29", "30"), c("x1", "x2", 
"x3", "x4", "x5", "x6", "x7")), assign = 1:7), qraux = c(1.19245008972988, 
1.08566989943616, 1.06589123532396, 1.06552080427392, 1.08045649784014, 
1.22725004973733, 1.15532395894405), pivot = 1:7, tol = 1e-07, 
    rank = 7L), .Names = c("qr", "qraux", "pivot", "tol", "rank"
), class = "qr"), df.residual = 20L, xlevels = structure(list(), .Names = character(0)), 
    call = quote(lm(formula = y ~ . + 0, data = structure(list(y = c(43, 
        71, 61, 81, 43, 58, 71, 72, 67, 64, 67, 69, 77, 81, 74, 
        65, 65, 50, 64, 53, 40, 63, 66, 78, 48, 85, 82), x1 = c(1, 
        1, 1, 1, 1, 1, 1, 1, 1, 1, 1, 1, 1, 1, 1, 1, 1, 1, 1, 
        1, 1, 1, 1, 1, 1, 1, 1), x2 = c(51, 70, 63, 78, 55, 67, 
        75, 82, 61, 53, 60, 62, 77, 90, 85, 60, 70, 58, 61, 66, 
        37, 54, 77, 75, 57, 85, 82), x3 = c(30, 68, 45, 56, 49, 
        42, 50, 72, 45, 53, 47, 57, 54, 50, 64, 65, 46, 68, 52, 
        52, 42, 42, 66, 58, 44, 71, 39), x4 = c(39, 69, 47, 66, 
        44, 56, 55, 67, 47, 58, 39, 42, 72, 72, 69, 75, 57, 54, 
        62, 50, 58, 48, 63, 74, 45, 71, 59), x5 = c(55, 54, 59, 
        50, 59, 58, 59, 71, 55, 62, 80, 55, 66, 63, 80, 55, 62, 
        43, 51, 64, 55, 59, 79, 50, 60, 76, 54), x6 = c(92, 86, 
        84, 83, 49, 68, 66, 83, 80, 67, 74, 63, 77, 54, 79, 80, 
        85, 78, 80, 80, 57, 75, 76, 78, 83, 74, 78), x7 = c(45, 
        48, 35, 47, 34, 35, 41, 31, 41, 34, 41, 25, 46, 36, 63, 
        60, 46, 52, 41, 37, 49, 33, 72, 49, 38, 55, 39)), .Names = c("y", 
        "x1", "x2", "x3", "x4", "x5", "x6", "x7"),