
expected <- structure(list(coefficients = structure(c(12.6412798748431, -0.0784066122739626, 
0.154332730183615, 0.420372789608513, 0.50638118481862, 0.134436125641517, 
-0.42486177170708), .Names = c("x1", "x2", "x3", "x4", "x5", 
"x6", "x7")), residuals = structure(c(-9.315933822043, 4.4696139082267, 
-6.01193647105034, 4.00488538831807, 9.53312057701518, -10.874276620146, 
-7.57398014382423, 3.5224902519913, -8.99755101829652, -0.351761922577618, 
13.1663224110001, 8.36275100389064, 2.4299688691062, -0.820184870319383, 
4.3495465719496, -3.07538965419703, -9.97307562256366, 8.04454286694897, 
-3.60591448893171, -8.95767842326238, -11.1209844168094, 0.879984444714194, 
-1.07002585571718, -0.0956470796920263, -6.32637710344607, 12.4117433417641, 
16.9957478779515), .Names = c("1", "2", "3", "4", "5", "6", "7", 
"8", "9", "11", "12", "13", "14", "15", "18", "19", "20", "21", 
"22", "23", "24", "25", "26", "27", "28", "29", "30")), effects = structure(c(-330.436804066196, 
11.2791251376076, -27.9798029212788, 27.2197128540293, 17.3064029989115, 
7.1150683854798, -15.5645904298647, 9.82823088058459, -5.81478021538001, 
1.17886107688647, 15.1520984209905, 11.933247182209, 4.14560822121291, 
4.61838816369971, -1.68002380156568, 0.708737403491311, -9.62879109262321, 
6.44309039245646, -2.48998417110675, -7.65140940273287, -12.2050591424852, 
4.60791848850869, 5.90350824452638, 4.95906101059882, -9.05578175241682, 
16.3519872486115, 18.4253967711143), .Names = c("x1", "x2", "x3", 
"x4", "x5", "x6", "x7", "", "", "", "", "", "", "", "", "", "", 
"", "", "", "", "", "", "", "", "", "")), rank = 7L, fitted.values = structure(c(52.315933822043, 
58.5303860917733, 77.0119364710503, 56.9951146116819, 71.4668794229848, 
53.874276620146, 65.5739801438242, 67.4775097480087, 80.9975510182965, 
64.3517619225776, 53.8336775889999, 60.6372489961094, 65.5700311308938, 
77.8201848703194, 60.6504534280504, 68.075389654197, 59.9730756225637, 
41.955457133051, 67.6059144889317, 61.9576784232624, 51.1209844168094, 
62.1200155552858, 67.0700258557172, 78.095647079692, 54.3263771034461, 
72.5882566582359, 65.0042521220485), .Names = c("1", "2", "3", 
"4", "5", "6", "7", "8", "9", "11", "12", "13", "14", "15", "18", 
"19", "20", "21", "22", "23", "24", "25", "26", "27", "28", "29", 
"30")), assign = 1:7, qr = structure(list(qr = structure(c(-5.19615242270663, 
0.192450089729875, 0.192450089729875, 0.192450089729875, 0.192450089729875, 
0.192450089729875, 0.192450089729875, 0.192450089729875, 0.192450089729875, 
0.192450089729875, 0.192450089729875, 0.192450089729875, 0.192450089729875, 
0.192450089729875, 0.192450089729875, 0.192450089729875, 0.192450089729875, 
0.192450089729875, 0.192450089729875, 0.192450089729875, 0.192450089729875, 
0.192450089729875, 0.192450089729875, 0.192450089729875, 0.192450089729875, 
0.192450089729875, 0.192450089729875, -350.644063487833, -66.202271416778, 
-0.104043958630378, 0.152744813660773, -0.119149180529857, -0.194675290027255, 
-0.104043958630378, -0.466569284217886, -0.0889387367308984, 
-0.104043958630378, -0.0889387367308984, -0.224885733826214, 
-0.224885733826214, -0.209780511926734, 0.25848136695713, 0.0319030384649375, 
0.25848136695713, 0.213165701258691, 0.107429147962335, 0.25848136695713, 
-0.149359624328816, 0.25848136695713, 0.213165701258691, -0.104043958630378, 
-0.0889387367308984, 0.213165701258691, -0.104043958630378, -276.165878762371, 
0.693721302050188, -64.3966315746599, -0.070264856499026, 0.103662991098417, 
-0.00417405231687202, -0.113912543310908, 0.0144661698959071, 
0.351777473972288, 0.0569038446122225, -0.0364415894893708, 0.120401765732449, 
0.524149591732575, 0.073642619246255, 0.239100382174735, -0.0533532229941984, 
0.285686669790134, -0.257301442443803, 0.038955057882624, 0.0372264691746725, 
-0.113393966698522, -0.118061156209991, 0.255147721325587, 0.134547657304554, 
-0.0830278771047699, 0.332791534017919, -0.160498830926307, -289.252484864003, 
-0.397770843352948, -29.3588224913406, 51.2630599972156, -0.185428319274185, 
0.167792408042986, -0.139744639794337, -0.0401713092900298, -0.0334949459092425, 
-0.0612046578310912, 0.245538169695381, 0.291848651922443, 0.511182905482471, 
-0.325202202866307, -0.259158246506365, -0.114469289139253, 0.182553758973915, 
0.197982914800767, -0.146753972943774, 0.0895943933306824, -0.179437591098491, 
0.02174117774798, -0.0150632938708754, -0.319886411710205, 0.0964345258855653, 
-0.117687254859074, -0.230326611270059, -334.478255950523, 0.979042160151449, 
-22.529739532018, 28.6029773513723, 39.643641306031, 0.108919766418754, 
-0.00842643914803642, -0.0940972463327282, 0.0886984594630516, 
0.241643508272478, -0.10943558551086, 0.0629493936665462, 0.0473447569376987, 
-0.0471189992514179, 0.596029609923934, -0.221242195920894, 0.0228863040930138, 
0.174247802761935, 0.0929115746584864, -0.040294678592321, 0.431152163823456, 
-0.162884567084441, -0.432506981234936, -0.0397068630026485, 
0.188347242405899, -0.0148471200561743, 0.087980880862421, -390.673682151647, 
-14.6761217070017, -7.11901207111096, 9.82819054648769, 14.0504674243558, 
42.402785622949, 0.194671539859282, 0.220859874873795, -0.05076269482171, 
0.205373303488665, 0.0667810652842915, 0.303661015633397, 0.0758257236041166, 
0.0427192113337256, -0.0403550525690524, -0.117257505494039, 
0.109100216143589, 0.23595565832427, -0.025306040321344, 0.011477743782961, 
0.350793623137697, 0.117338618274056, 0.25838494295746, 0.0549783288658772, 
-0.212409513740573, 0.2440759949936, -0.0682823664083643, -220.932703009897, 
-17.9489197852222, -15.6899118668702, 23.8551848517944, 10.961874591425, 
-3.32955860970707, 36.6344808273212, -0.0908837878689072, 0.446174960965699, 
0.20973465414152, -0.177460193929454, 0.190973802634673, -0.0869762539101803, 
0.141478672773452, -0.196918010287905, 0.0648740208618824, -0.136582344996728, 
0.0475277687044383, 0.217235266738647, 0.245268382571757, -0.252857330201713, 
0.384810551115454, -0.395136276545399, 0.135272051913199, -0.107869331427643, 
0.0588066572452147, 0.140542581278814), .Dim = c(27L, 7L), .Dimnames = list(
    c("1", "2", "3", "4", "5", "6", "7", "8", "9", "11", "12", 
    "13", "14", "15", "18", "19", "20", "21", "22", "23", "24", 
    "25", "26", "27", "28", "29", "30"), c("x1", "x2", "x3", 
    "x4", "x5", "x6", "x7")), assign = 1:7), qraux = c(1.19245008972988, 
1.21316570125869, 1.28983528268922, 1.07172552714431, 1.05207426698887, 
1.60384887480985, 1.2461606865668), pivot = 1:7, tol = 1e-07, 
    rank = 7L), .Names = c("qr", "qraux", "pivot", "tol", "rank"
), class = "qr"), df.residual = 20L, xlevels = structure(list(), .Names = character(0)), 
    call = quote(lm(formula = y ~ . + 0, data = structure(list(y = c(43, 
        63, 71, 61, 81, 43, 58, 71, 72, 64, 67, 69, 68, 77, 65, 
        65, 50, 50, 64, 53, 40, 63, 66, 78, 48, 85, 82), x1 = c(1, 
        1, 1, 1, 1, 1, 1, 1, 1, 1, 1, 1, 1, 1, 1, 1, 1, 1, 1, 
        1, 1, 1, 1, 1, 1, 1, 1), x2 = c(70, 82, 61, 78, 60, 55, 
        61, 37, 62, 61, 62, 53, 53, 54, 85, 70, 85, 82, 75, 85, 
        58, 85, 82, 61, 62, 82, 61), x3 = c(30, 51, 68, 45, 56, 
        49, 42, 50, 72, 53, 47, 57, 83, 54, 65, 46, 68, 33, 52, 
        52, 42, 42, 66, 58, 44, 71, 39), x4 = c(39, 54, 69, 47, 
        66, 44, 56, 55, 67, 58, 39, 42, 45, 72, 75, 57, 54, 34, 
        62, 50, 58, 48, 63, 74, 45, 71, 59), x5 = c(61, 63, 76, 
        54, 71, 54, 66, 70, 71, 58, 59, 55, 59, 79, 55, 75, 64, 
        43, 66, 63, 50, 66, 88, 80, 51, 77, 64), x6 = c(92, 73, 
        86, 84, 83, 49, 68, 66, 83, 67, 74, 63, 77, 77, 80, 85, 
        78, 64, 80, 80, 57, 75, 76, 78, 83, 74, 78), x7 = c(45, 
        47, 48, 35, 47, 34, 35, 41, 31, 34, 41, 25, 35, 46, 60, 
        46, 52, 33, 41, 37, 49, 33, 72, 49, 38, 55, 39)), .Names = c("y", 
        "x1", "x2", "x3", "x4", "x5", "x6", "x7"),