
expected <- structure(list(coefficients = structure(c(4.12065729659266, 0.372077451783525, 
-0.0772833130972421, -0.0412577324677873, 0.450496583537845, 
0.307515867044166, -0.300089825541123), .Names = c("x1", "x2", 
"x3", "x4", "x5", "x6", "x7")), residuals = structure(c(-12.2772074363937, 
6.11071568298649, 13.8875972623307, 1.1298581968199, 10.5763422621703, 
-14.4098164875919, -14.3611766762988, 12.652947184401, 5.77280206304028, 
1.69576910788968, -2.98234366870351, 11.2110809532589, 5.69662877222664, 
3.10796710684972, 10.6532410683835, 4.02454264751867, -11.0157463172348, 
-15.5826039427065, -7.38273974145164, -13.5914679533383, -20.6735288445007, 
-3.55422669244145, -1.77808092595753, -3.66293765439682, -4.38788276700279, 
21.509309686612, 24.2289800077288), .Names = c("1", "2", "3", 
"4", "5", "6", "7", "8", "10", "11", "13", "14", "16", "17", 
"18", "19", "20", "21", "22", "23", "24", "25", "26", "27", "28", 
"29", "30")), effects = structure(c(-261.867516504484, 201.015596341715, 
8.62002874528152, -10.4379070817479, -33.3004332619675, -7.76843966178341, 
-12.0425514594665, 8.3966424497842, 13.4655126002874, 5.24262411431081, 
-0.557637085636309, 23.8701194140952, 6.51117111235181, -2.36535267087746, 
2.4444752426589, -1.58177066614923, -14.423072952739, -9.93277504420968, 
0.654285326177714, -18.1857686934986, -16.8373377662638, 0.249489852203817, 
-3.3231929075467, -8.48615376026746, -1.09684845395306, 25.7217049624905, 
31.0878972639178), .Names = c("x1", "x2", "x3", "x4", "x5", "x6", 
"x7", "", "", "", "", "", "", "", "", "", "", "", "", "", "", 
"", "", "", "", "", "")), rank = 7L, fitted.values = structure(c(55.2772074363937, 
56.8892843170135, 57.1124027376693, 59.8701418031801, 70.4236577378297, 
57.4098164875919, 72.3611766762988, 58.347052815599, 61.2271979369597, 
62.3042308921103, 71.9823436687035, 56.7889190467411, 75.3033712277734, 
70.8920328931503, 54.3467589316164, 60.9754573524813, 61.0157463172348, 
65.5826039427065, 71.3827397414516, 66.5914679533383, 60.6735288445007, 
66.5542266924414, 67.7780809259575, 81.6629376543968, 52.3878827670028, 
63.490690313388, 57.7710199922712), .Names = c("1", "2", "3", 
"4", "5", "6", "7", "8", "10", "11", "13", "14", "16", "17", 
"18", "19", "20", "21", "22", "23", "24", "25", "26", "27", "28", 
"29", "30")), assign = 1:7, qr = structure(list(qr = structure(c(-6.93682227828663, 
0.213147652696103, -0.0116517414287056, 0.277635815097976, 0.023042563261376, 
-0.00705378687122348, 0.015790514925643, 0.054220433108172, 0.31352518007197, 
0.223881317766846, 0.38126836235487, 0.0418921437425422, 0.274622546785801, 
0.165926897013951, 0.126526563143013, 0.207517402941719, 0.156865036828988, 
0.293291496683825, 0.00555710363952201, 0.176679413596411, 0.181543431665809, 
-0.141898914670479, 0.156559953926347, 0.254178322833838, 0.0756923834502472, 
0.162980548250777, 0.203875355985812, -264.474268870515, 244.039671171321, 
-0.348648503689237, 0.0634594846388001, -0.261846483267818, -0.294489196680807, 
-0.269712105990756, -0.162467635154876, 0.131069203740326, -0.00713610519578407, 
0.138980825765931, -0.270085956437544, -0.00946953262648608, 
-0.135556989089315, -0.149607007846942, -0.0822522444632635, 
-0.104408602247418, 0.0640489694975099, -0.342276752349089, -0.177164761364645, 
-0.0612514636238123, -0.489915505510093, -0.0637625530647796, 
-0.0398388708246753, -0.192449034045294, -0.110068758743933, 
-0.0165416290311537, -194.035476212396, 180.48544764209, 54.8747406414195, 
0.25157928666418, -0.35091692828449, -0.013015198114514, 0.175549429658268, 
0.136141236162763, -0.214818767594545, 0.0216924133690015, 0.182035641237523, 
0.00308907173864441, 0.2230661111112, 0.365485739532719, 0.00578398846531117, 
0.0769043168713267, 0.13806438199432, -0.14614739210053, -0.373753149598857, 
0.39661046496637, 0.127833488084524, -0.181409524436279, -0.0504833464505917, 
0.153041923665063, -0.0302196183884376, 0.216343933398241, -0.115106912789789, 
-253.427782269138, 169.295723005173, 16.8676010247539, -59.4962299811644, 
-0.150481130568467, 0.434616767167544, 0.174671994605153, 0.483820870504412, 
0.0524934079879259, -0.325361111321013, -0.0626385678401093, 
0.208892336649377, 0.0997005350072505, -0.0413678811735839, -0.137724246672178, 
0.0161028271024361, 0.245577710198197, 0.0498859604048224, 0.19104525143916, 
-0.323624460429324, -0.169487569732251, -0.0932201510314736, 
-0.123469358794817, 0.0854284260617483, -0.0600209510845002, 
-0.0237807011125339, -0.0542509560833816, -252.037020119688, 
213.681214719119, 20.3468312302984, -8.76188242015866, -62.4492981601144, 
-0.158104731716658, 0.393399448454665, 0.28288043441655, 0.0180221829774151, 
0.143736195580777, 0.0721262969545054, -0.39102406501263, 0.104890194596518, 
0.233712076379088, 0.0632616006054913, -0.0169687972165091, 0.0575739378436896, 
-0.00678989718531773, -0.0815904275915528, -0.0449611303412701, 
0.0712130762852857, 0.166285913031741, 0.45050559677276, 0.344305006635751, 
-0.102796382004851, -0.00299122578324416, -0.0266141606241892, 
-314.374075223325, 245.161559251018, 16.2585340491667, -20.2841326510623, 
-18.9776073698569, -52.7144680782279, 0.0493869427397063, 0.0363853633532378, 
0.0969804426434136, 0.316783789231401, -0.0654379091375377, 0.126135856204738, 
-0.164468007661676, 0.00488227170247205, 0.103583362869938, -0.550177745716813, 
0.0845364260559272, -0.133098840257773, -0.317572613088028, 0.0273816758990845, 
0.346441530976579, 0.0321156210838382, 0.0365196985218822, -0.3568985809575, 
-0.0337989567981179, 0.122772331271018, 0.174894682143463, -166.240009877135, 
134.9813117376, 2.02967785100289, 9.02295131532077, -2.22825811258252, 
-28.1318957743471, 40.1298225881245, -0.0454004275924289, 0.132465892781486, 
0.0811625355133499, 0.249029016843627, 0.250960281369945, 0.247561579856079, 
0.0123091967167057, -0.673995874712747, -0.218764809056828, -0.238607169833916, 
0.130538585449484, 0.0658860044230381, -0.178217131803025, 0.118692563965919, 
0.0426093756771014, 0.094685940548472, 0.114818248780179, -0.0361353451924567, 
0.251633905846951, 0.0910474366110592), .Dim = c(27L, 7L), .Dimnames = list(
    c("1", "2", "3", "4", "5", "6", "7", "8", "10", "11", "13", 
    "14", "16", "17", "18", "19", "20", "21", "22", "23", "24", 
    "25", "26", "27", "28", "29", "30"), c("x1", "x2", "x3", 
    "x4", "x5", "x6", "x7")), assign = 1:7), qraux = c(1.24099062901002, 
1.02219903028744, 1.14626230721933, 1.25635706312578, 1.33715129838937, 
1.32055893626291, 1.25337285987853), pivot = 1:7, tol = 1e-07, 
    rank = 7L), .Names = c("qr", "qraux", "pivot", "tol", "rank"
), class = "qr"), df.residual = 20L, xlevels = structure(list(), .Names = character(0)), 
    call = quote(lm(formula = y ~ . + 0, data = structure(list(y = c(43, 
        63, 71, 61, 81, 43, 58, 71, 67, 64, 69, 68, 81, 74, 65, 
        65, 50, 50, 64, 53, 40, 63, 66, 78, 48, 85, 82), x1 = c(1.67170916417502, 
        1.47856738578683, -0.08082605952348, 1.92591030742191, 
        0.159842166180342, -0.0489308659145888, 0.109535995721818, 
        0.376117508323118, 2.17486845392707, 1.55302491277723, 
        2.64479086998912, 0.290598355998453, 1.90500780066356, 
        1.15100539577335, 0.877692282005491, 1.4395113438583, 
        1.08814488215958, 2.03451098822839, 0.038548640329384, 
        1.2255936923502, 1.25933452125599, -0.98432755255087, 
        1.08602857628381, 1.7631898524913, 0.525064611814289, 
        1.13056709803336, 1.414247111396), x2 = c(64, 51, 82, 
        58, 70, 70, 70, 54, 51, 61, 67, 77, 75, 77, 70, 75, 67, 
        62, 85, 90, 63, 82, 57, 77, 67, 70, 58), x3 = c(66, 42, 
        52, 33, 71, 52, 42, 33, 54, 47, 45, 57, 47, 39, 53, 54, 
        44, 58, 83, 47, 42, 68, 47, 52, 52, 42, 52), x4 = c(66, 
        62, 48, 72, 45, 71, 54, 66, 67, 39, 69, 66, 74, 55, 48, 
        66, 69, 71, 74, 47, 44, 39, 44, 74, 47, 54, 54),