
expected <- structure(list(coefficients = structure(c(-0.245017239304864, 
0.674808117858445, -0.099286487750025, 0.303786622786425, 0.110533062497696, 
0.14494697573006, -0.224542077312909), .Names = c("x1", "x2", 
"x3", "x4", "x5", "x6", "x7")), residuals = structure(c(-9.96390220907692, 
1.33599737956821, -0.322842644348377, -1.53410626750045, 4.56864357196563, 
-8.22285275571751, 0.326009002587891, -9.1264900574157, 6.77161183665311, 
11.4697053328259, 10.7326164163414, -2.86330771578427, -1.09189059439624, 
-2.83378254597317, -3.55391408958675, 4.97021125228339, -4.84131449866591, 
-5.65310495932829, 9.32263988337644, -0.052829889025805, -0.821296841748308, 
5.55760211970541, -2.70615693959809, 1.23264935637174, -8.6555799207382, 
6.5962320114332, 3.06920850028418), .Names = c("1", "2", "3", 
"4", "5", "6", "8", "9", "10", "12", "13", "14", "15", "16", 
"17", "18", "19", "20", "21", "22", "24", "25", "26", "27", "28", 
"29", "30")), effects = structure(c(-187.824244447701, -287.744857288605, 
1.07797018931303, 13.5485407887675, 5.03735587036697, 8.30265467108877, 
-8.03686757095897, -7.82224166938602, 5.91167957300935, 13.5247773792462, 
13.4933478806087, 0.707083774899515, -1.30390209247104, -2.04061042923468, 
1.24293455993754, 7.07628838476207, -1.01879228475307, -7.76456898836942, 
7.3925868016688, 1.70408336670737, -0.447975987480709, 7.13896704003716, 
4.99809660745305, -1.08976819398069, -10.0754477311619, 10.5173666454085, 
2.42325768895898), .Names = c("x1", "x2", "x3", "x4", "x5", "x6", 
"x7", "", "", "", "", "", "", "", "", "", "", "", "", "", "", 
"", "", "", "", "", "")), rank = 7L, fitted.values = structure(c(52.9639022090769, 
61.6640026204318, 71.3228426443484, 62.5341062675005, 76.4313564280344, 
51.2228527557175, 70.6739909974121, 81.1264900574157, 60.2283881633469, 
55.530294667174, 58.2673835836586, 70.8633077157843, 78.0918905943962, 
83.8337825459732, 77.5539140895868, 60.0297887477166, 69.8413144986659, 
55.6531049593283, 40.6773601166236, 64.0528298890258, 40.8212968417483, 
57.4423978802946, 68.7061569395981, 76.7673506436283, 56.6555799207382, 
78.4037679885668, 78.9307914997158), .Names = c("1", "2", "3", 
"4", "5", "6", "8", "9", "10", "12", "13", "14", "15", "16", 
"17", "18", "19", "20", "21", "22", "24", "25", "26", "27", "28", 
"29", "30")), assign = 1:7, qr = structure(list(qr = structure(c(-6.92702413364652, 
-0.084950721356048, 0.124587165929971, 0.0437434279262897, 0.0109114447295735, 
-0.100207501939073, -0.130713774110089, 0.194724480728626, -0.00732417685330594, 
0.106471362444014, 0.157817399033591, 0.234958310984696, -0.0332336582184367, 
0.107743238959831, 0.264246510079535, 0.584257378639249, 0.250671560334006, 
-0.0927656329988092, -0.00772120498733508, 0.275184106406581, 
0.225226858903977, 0.0973831711872963, 0.244848806026627, -0.170394660108628, 
0.144623947684279, 0.213133858986226, 0.0456923966840898, -194.665755515504, 
-297.757021125578, 0.147460777469324, 0.180814321794877, 0.254283831410651, 
0.255196805213039, 0.343822706663137, 0.138429970449151, 0.210016595162004, 
0.126618366772451, 0.0972202542499533, 0.113489350495174, 0.28197550319475, 
0.226477065187792, 0.0996059460965727, -0.209439535037589, 0.0587774430933443, 
0.260037785160434, 0.139768546628274, 0.0113101916713679, -0.0341542685033162, 
0.112860022947989, 0.0863820653445833, 0.371732848104328, 0.0897078492356143, 
0.135556789570709, 0.243253903692771, -168.518623925886, -224.808115361966, 
-53.1204730544335, -0.067124135531585, -0.070305242856239, 0.148024344814007, 
-0.115771351453445, 0.141778955292941, -0.0295740871401465, 0.00293900197851759, 
0.153592503715731, 0.327557528657078, -0.0859863475121509, -0.372588520147661, 
-0.0639321975155242, 0.259792053384986, -0.184562500548012, 0.461246218283707, 
0.0468416966906812, 0.0537167612215705, 0.219466978956106, -0.00326999002691177, 
0.0921897436078749, 0.0416398932422335, -0.0169058185733232, 
0.076615874217609, -0.453873030475339, -174.375523061744, -239.302693150343, 
-13.0700899142111, 49.674649043254, -0.0755647896375341, 0.0480742213978051, 
0.0465311203101663, 0.0933261876659701, 0.0398183395114746, 0.223307173079298, 
0.265009360907441, 0.632733980760795, -0.228954776731531, -0.092561437414702, 
0.0399331002446837, -0.292563011766921, -0.0132666376030531, 
0.017000959453702, -0.0133461516607831, -0.164798402257922, -0.425730565837568, 
-0.0606057896726954, 0.0847086942382931, -0.285177280505366, 
0.0546887392555365, 0.0413697793394245, -0.0072576776256899, 
-185.299178069678, -282.440344099211, -15.5449677024769, 25.1124024503305, 
42.3011566523052, -0.0217858715139101, -0.0697422483920111, 0.220293058981224, 
-0.127053665022684, -0.162739527178542, 0.0269509545706657, 0.253313878693678, 
-0.0160983527659313, 0.540312694993182, 0.059968484379971, 0.50112241143514, 
-0.205232296193329, -0.0294035882718627, -0.0835062343075051, 
0.0169175695320581, 0.0902739587784673, -0.2770011292233, -0.299507473371302, 
-0.0215517228478693, 0.0722168917664542, 0.156808223526026, 0.157286327639229, 
-226.228491313212, -311.243911122739, -19.4676141648514, 18.9702169632191, 
49.0813527418654, 61.8713276671355, 0.146639422932316, 0.109748190642958, 
-0.160890632990217, 0.031104355351315, 0.192044330372916, 0.26276654967811, 
0.0616122914721099, 0.268666997350225, 0.330994992427757, -0.0747703596764655, 
0.117996513462854, -0.15803616764683, -0.271123483126858, -0.0148581832487503, 
-0.0839570648789368, -0.00195886519606166, 0.530907951665489, 
-0.0452604222620155, -0.303883959492814, 0.348487158690833, -0.0603404898782697, 
-139.638405043065, -177.66561535085, -19.2139852038368, 31.4746327014967, 
30.0723777346679, 2.96339628914557, 35.7922562538657, 0.495111588234189, 
-0.0159789560967046, -0.0890695902025554, 0.28873342697534, -0.0307359041116599, 
0.227050707306935, 0.0963245469276097, -0.213767897991433, -0.229168735701274, 
0.221371127074754, -0.279738815619115, -0.107337534442344, 0.289333744546884, 
-0.129695361250073, 0.385944384757886, -0.297564731235826, 0.128950232998652, 
-0.0612259319757087, -0.049018143263125, 0.0537363736180889), .Dim = c(27L, 
7L), .Dimnames = list(c("1", "2", "3", "4", "5", "6", "8", "9", 
"10", "12", "13", "14", "15", "16", "17", "18", "19", "20", "21", 
"22", "24", "25", "26", "27", "28", "29", "30"), c("x1", "x2", 
"x3", "x4", "x5", "x6", "x7")), assign = 1:7), qraux = c(1.17301059440894, 
1.27469170914208, 1.25122949452141, 1.07011779531165, 1.10889802048967, 
1.14671024207402, 1.02895552372646), pivot = 1:7, tol = 1e-07, 
    rank = 7L), .Names = c("qr", "qraux", "pivot", "tol", "rank"
), class = "qr"), df.residual = 20L, xlevels = structure(list(), .Names = character(0)), 
    call = quote(lm(formula = y ~ . + 0, data = structure(list(y = c(43, 
        63, 71, 61, 81, 43, 71, 72, 67, 67, 69, 68, 77, 81, 74, 
        65, 65, 50, 50, 64, 40, 63, 66, 78, 48, 85, 82), x1 = c(1.19844856284726, 
        -0.588455697004025, 0.863018305139535, 0.303011780933836, 
        0.0755838409747057, -0.694139784304391, -0.905457467860607, 
        1.34886117741898, -0.0507347498219455, 0.737529697191911, 
        1.09320493181501, 1.62756189059181, -0.230210352528471, 
        0.746340016511991, 1.83044195255281, 4.04716496209513, 
        1.73640794805249, -0.642589778555747, -0.053484973288102, 
        1.90620694627434, 1.56015188717325, 0.674575577025432, 
        1.69607358844098, -1.18032792281696, 1.00181357591223, 
        1.4763833848948, 0.31651233455484), x2 = c(51, 64, 70, 
        63, 78, 55, 75, 82, 61, 60, 62, 83, 77, 90, 85, 60, 70, 
        58, 40, 61, 37, 54, 77, 75, 57, 85, 82), x3 = c(30, 51, 
        68, 45, 56, 49, 50, 72, 45, 47, 57, 83, 54, 50, 64, 65, 
        46, 68, 33, 52, 42, 42, 66, 58, 44, 71, 39), x4 = c(39, 
        54, 69, 47, 66, 44, 55, 67, 47, 39, 42, 45, 72, 72, 69, 
        75, 57, 54, 34, 62, 58, 48, 63, 74, 45, 71, 59),