
expected <- structure(list(coefficients = structure(c(0.131851153112623, 
0.557222075995818, -0.066941714520642, 0.274870993010396, 0.163364106072867, 
0.176774222020079, -0.196738135562608), .Names = c("x1", "x2", 
"x3", "x4", "x5", "x6", "x7")), residuals = structure(c(2.03660499785075, 
-0.708221856970525, -0.836364391449344, -7.16437272752415, -7.94595390350577, 
2.52058850164678, -7.63884197589827, 6.90533450140506, 7.38072368249367, 
11.242212024568, 11.3758385464435, -1.64132320909814, 0.480969496704809, 
2.04290012466629, -2.76347650908908, 3.44626357936612, -5.05098303486679, 
-6.53846029660832, 8.73578353554491, -0.660619835602308, -11.2085372897288, 
-2.55805753815601, 4.89106949515222, -3.67418495880098, 2.68878869658819, 
-8.84528853951284, 7.83875077469499), .Names = c("2", "3", "4", 
"6", "7", "8", "9", "10", "11", "12", "13", "14", "15", "16", 
"17", "18", "19", "20", "21", "22", "23", "24", "25", "26", "27", 
"28", "29")), effects = structure(c(189.303601743144, -277.739447508886, 
3.72633697831267, 15.9182920592144, -7.70374954205553, 10.0507602695416, 
-7.32719960886796, 8.08874169327129, 6.81672660454633, 13.9251933608244, 
14.931006755151, 1.74042778749241, -0.723188117899073, -2.51698849413897, 
-3.84536298706753, -1.08138843661574, -1.905205720993, -8.05588309365082, 
9.01964734824354, 0.456565478141377, -9.65457795284484, -6.31026670613975, 
8.62745011082437, -2.77413518320773, 0.125836716326351, -8.14510452202881, 
6.66501838246064), .Names = c("x1", "x2", "x3", "x4", "x5", "x6", 
"x7", "", "", "", "", "", "", "", "", "", "", "", "", "", "", 
"", "", "", "", "", "")), rank = 7L, fitted.values = structure(c(60.9633950021492, 
71.7082218569705, 61.8363643914493, 50.1643727275241, 65.9459539035058, 
68.4794114983532, 79.6388419758983, 60.0946654985949, 56.6192763175063, 
55.757787975432, 57.6241614535565, 69.6413232090981, 76.5190305032952, 
78.9570998753337, 76.7634765090891, 61.5537364206339, 70.0509830348668, 
56.5384602966083, 41.2642164644551, 64.6606198356023, 64.2085372897288, 
42.558057538156, 58.1089305048478, 69.674184958801, 75.3112113034118, 
56.8452885395128, 77.161249225305), .Names = c("2", "3", "4", 
"6", "7", "8", "9", "10", "11", "12", "13", "14", "15", "16", 
"17", "18", "19", "20", "21", "22", "23", "24", "25", "26", "27", 
"28", "29")), assign = 1:7, qr = structure(list(qr = structure(c(6.88642037718407, 
-0.125321757585242, -0.0440013482095528, 0.100798346061504, -0.125561741180955, 
0.131484489512221, -0.19587261647401, 0.00736736171234023, -0.0682889246125726, 
-0.107099139581353, -0.15874792300467, -0.236343673700811, 0.033429610729429, 
-0.108378515343726, -0.265804562064986, -0.58770228078206, -0.252149571612781, 
0.0933125983253593, 0.00776673080622658, -0.276806648718388, 
-0.0162275712411334, -0.22655484296926, -0.0979573624724422, 
-0.246292485143714, 0.171399342207977, -0.145476680341998, -0.214390540227012, 
195.415969436679, -290.880729662731, 0.198269383214757, 0.231035200260475, 
0.178073674228462, 0.312564083654927, 0.200376423894569, 0.21277438654597, 
0.153782061659581, 0.16169332826299, 0.147071752797849, 0.186969404118135, 
0.27862737292787, 0.26429588157246, 0.181582869673463, -0.0383432102064815, 
0.135698819520692, 0.238232989392332, 0.140746073491964, 0.0944955396213909, 
0.220142884312122, 0.0329032917973943, 0.144871305846728, 0.162201500945228, 
0.329177435258976, 0.135406330827574, 0.202982403042237, 171.620909089936, 
-227.462760256763, 47.8116749290222, -0.114451941648947, 0.295665933439359, 
0.197251831823908, -0.0578770144176552, 0.0958897602150613, -0.187872837259441, 
0.067020132008487, -0.0945340479779704, -0.260308536131412, 0.173350005839629, 
0.515599179059627, 0.178869707090879, -0.183522407213781, 0.296273721302278, 
-0.458783898119889, -0.0109231561717162, 0.0239453653375389, 
0.0408296864968393, -0.188860389280171, 0.0670036426542586, -0.00433791172359244, 
0.0194696193543094, 0.08872354913765, 0.0189897105800056, 176.983925285781, 
-236.401066324679, 12.3279256618909, 50.9141265256187, -0.0594643730875575, 
0.0673169796627437, 0.10301896738452, 0.0533171038244309, -0.186174365228479, 
0.228720094596152, 0.266799436164339, 0.626357784248978, -0.203931431064895, 
-0.0683983647571013, 0.0520860796123162, -0.290184832906664, 
-0.00152407861552553, 0.0270996739447349, -0.0042040235712469, 
-0.154764357527361, 0.100230534675595, -0.415372316931055, -0.0493407326211683, 
0.0926966528367958, -0.257038633816885, 0.0627313574924625, 0.0532593720523898, 
185.325200897233, -280.91065468779, 13.9005304647761, 26.3478049411082, 
-38.1751545230732, 0.00952118368809471, -0.185594202071578, 0.12599023160978, 
-0.0762123171591894, 0.210093021632546, 0.00978155777975304, 
-0.23471765463306, 0.000268561588264333, -0.535067173193028, 
0.0415479056054021, -0.311022496797514, 0.343533687681309, -0.0596991146288396, 
0.0773266191604326, 0.0958378732743958, 0.0336224859423936, -0.00909873308562289, 
0.342637957521564, 0.418733891730394, -0.0650089454408717, -0.0255055068620917, 
-0.10062460386957, 221.46730793008, -306.863749364928, 30.0450429353373, 
20.4959992284516, -36.6092377284117, 56.8141176776258, -0.0131557176074547, 
-0.226433567824022, -0.0567272778762839, -0.172867319774403, 
-0.0244672533771096, -0.144295580337168, 0.184474094907476, 0.421526838859377, 
0.213038992490708, -0.171973096016602, -0.0211939687066394, -0.213444190790505, 
-0.316948444594422, -0.0885499307864851, -0.189408238544925, 
-0.0144893939257126, -0.0882180892163626, 0.327650415474491, 
0.14526513481636, -0.42421182524912, 0.257831878719898, 137.638892667618, 
-174.013460485525, 20.5536842589493, 30.5175931412081, -25.436196976643, 
-0.0380648993174315, 37.2434128640821, -0.141874037015112, 0.187799584513012, 
-0.204404598628334, 0.232019185217496, -0.00531543572841181, 
0.0956342394227275, 0.0275693828321624, -0.338057323088517, -0.318025971382403, 
-0.00354843539327892, -0.268868506775548, -0.196214934754227, 
0.129369167482534, -0.000848198309490281, -0.214328583090847, 
0.209816136869598, -0.43022302857945, 0.0406148956830115, -0.185701940687025, 
-0.120566225164146), .Dim = c(27L, 7L), .Dimnames = list(c("2", 
"3", "4", "6", "7", "8", "9", "10", "11", "12", "13", "14", "15", 
"16", "17", "18", "19", "20", "21", "22", "23", "24", "25", "26", 
"27", "28", "29"), c("x1", "x2", "x3", "x4", "x5", "x6", "x7"
)), assign = 1:7), qraux = c(1.08545160834992, 1.18848706563231, 
1.14341612738112, 1.06046406357383, 1.11831816173409, 1.18518993682971, 
1.41275750457302), pivot = 1:7, tol = 1e-07, rank = 7L), .Names = c("qr", 
"qraux", "pivot", "tol", "rank"), class = "qr"), df.residual = 20L, 
    xlevels = structure(list(), .Names = character(0)), call = quote(lm(formula = y ~ 
        . + 0, data = structure(list(y = c(63, 71, 61, 43, 58, 
        71, 72, 67, 64, 67, 69, 68, 77, 81, 74, 65, 65, 50, 50, 
        64, 53, 40, 63, 66, 78, 48, 85), x1 = c(-0.588455697004025, 
        0.863018305139535, 0.303011780933836, -0.694139784304391, 
        0.864670933063239, -0.905457467860607, 1.34886117741898, 
        -0.0507347498219455, 0.470266241988007, 0.737529697191911, 
        1.09320493181501, 1.62756189059181, -0.230210352528471, 
        0.746340016511991, 1.83044195255281, 4.04716496209513, 
        1.73640794805249, -0.642589778555747, -0.053484973288102, 
        1.90620694627434, 0.111749877267147, 1.56015188717325, 
        0.674575577025432, 1.69607358844098, -1.18032792281696, 
        1.00181357591223, 1.4763833848948), x2 = c(64, 70, 63, 
        55, 67, 75, 82, 61, 53, 60, 62, 83, 77, 90, 85, 60, 70, 
        58, 40, 61, 66, 37, 54, 77, 75, 57, 85), x3 = c(51, 68, 
        45, 49, 42, 50, 72, 45, 53, 47, 57, 83, 54, 50, 64, 65, 
        46, 68, 33, 52, 52, 42, 42, 66, 58, 44, 71), x4 = c(54, 
        69, 47, 44, 56, 55, 67, 47, 58, 39, 42, 45, 72, 72, 69, 
        75, 57, 54, 34, 62, 50, 58, 48, 63, 74, 45, 71),