
expected <- structure(list(coefficients = structure(c(15.2045956539071, 0.735779420626645, 
-0.0613525142241246, 0.0533376434208807, 0.122374092831066, -0.0650747468591801, 
-0.0584985114011063), .Names = c("x1", "x2", "x3", "x4", "x5", 
"x6", "x7")), residuals = structure(c(-9.88120157957493, -0.322167253512244, 
0.600820368250745, 7.30210051135775, -13.176947713945, -8.56941635485669, 
-1.50017461981724, -3.68861318782556, 6.81071504387926, 8.46172802345674, 
7.16583449950434, 8.10557635552373, -6.49081791698558, 4.40739033148314, 
-1.74646279917138, -2.4740074866472, 8.74163511542688, -3.6830217246147, 
-5.50218826974106, 4.8617376383959, -10.7950825981206, 7.29431990007759, 
-6.56861265215499, 5.37573789813353, -9.00842892873995, 7.7134571086076, 
6.56609029160987), .Names = c("1", "2", "4", "5", "6", "7", "8", 
"9", "10", "11", "12", "13", "14", "15", "16", "17", "18", "19", 
"20", "21", "23", "25", "26", "27", "28", "29", "30")), effects = structure(c(-339.4819582835, 
47.9679701362602, -3.77147328366682, -3.13647514519316, 2.12514053160983, 
-3.40245309112855, 2.31720309128838, -1.53167455773483, 8.11618955466935, 
10.9601726786113, 8.90520294057047, 14.0297409937544, -2.11905935027135, 
6.67337452429284, 4.28152749251508, 0.24175181720139, 11.3551930266195, 
-5.32796033009691, -1.77518804735318, 8.15077979931141, -8.95930384711215, 
10.0350533622152, -6.24863934739932, 4.88513851065838, -8.87672043380971, 
10.8687190264158, 9.48339337120106), .Names = c("x1", "x2", "x3", 
"x4", "x5", "x6", "x7", "", "", "", "", "", "", "", "", "", "", 
"", "", "", "", "", "", "", "", "", "")), rank = 7L, fitted.values = structure(c(52.8812015795749, 
63.3221672535122, 60.3991796317493, 73.6978994886422, 56.176947713945, 
66.5694163548567, 72.5001746198172, 75.6886131878256, 60.1892849561207, 
55.5382719765433, 59.8341655004957, 60.8944236444763, 74.4908179169856, 
72.5926096685169, 82.7464627991714, 76.4740074866472, 56.2583648845731, 
68.6830217246147, 55.5021882697411, 45.1382623616041, 63.7950825981206, 
55.7056800999224, 72.568612652155, 72.6242621018665, 57.00842892874, 
77.2865428913924, 75.4339097083901), .Names = c("1", "2", "4", 
"5", "6", "7", "8", "9", "10", "11", "12", "13", "14", "15", 
"16", "17", "18", "19", "20", "21", "23", "25", "26", "27", "28", 
"29", "30")), assign = 1:7, qr = structure(list(qr = structure(c(-5.19615242270663, 
0.192450089729875, 0.192450089729875, 0.192450089729875, 0.192450089729875, 
0.192450089729875, 0.192450089729875, 0.192450089729875, 0.192450089729875, 
0.192450089729875, 0.192450089729875, 0.192450089729875, 0.192450089729875, 
0.192450089729875, 0.192450089729875, 0.192450089729875, 0.192450089729875, 
0.192450089729875, 0.192450089729875, 0.192450089729875, 0.192450089729875, 
0.192450089729875, 0.192450089729875, 0.192450089729875, 0.192450089729875, 
0.192450089729875, 0.192450089729875, -352.183664205672, 64.6889995800419, 
0.0319993232125807, -0.199879359366827, 0.155667953921598, -0.0298349921419281, 
-0.153503622850946, -0.261713674721336, 0.0629164808898351, 0.186585111598853, 
0.0783750597284623, 0.0474579020512079, -0.277172253559963, -0.1844207805282, 
-0.385382305430354, -0.308089411237218, 0.0783750597284623, -0.0762107286578097, 
0.109292217405717, 0.387546636501006, -0.0143764133033009, 0.171126532760225, 
-0.1844207805282, -0.153503622850946, 0.124750796244344, -0.308089411237218, 
-0.261713674721336, -275.588528493181, 34.8470719420076, 52.7318171508579, 
-0.00302588873069625, -0.0902646576236263, 0.157257799394405, 
0.0820635886736593, -0.268189587627373, 0.0429785122827351, -0.185249401711592, 
-0.00451385976124781, -0.17502347479897, -0.467227691914387, 
0.0253372704040889, 0.225532685492643, -0.0877847059060403, -0.345863750065704, 
0.110096087579433, -0.421884611358978, 0.069688370272463, -0.0419456350071147, 
0.0329179154846191, -0.202229323132215, -0.0696474736838769, 
0.0236839692590316, -0.220531885468885, 0.357618544597464, -287.905334235893, 
-10.4122116577509, 0.273604857279485, -65.9395898326247, -0.336719812659806, 
0.0508147147853355, 0.168181126107684, 0.102617924139782, -0.0505852182210652, 
0.136853953984483, 0.0724611941785676, -0.212130342009195, 0.0954766695379889, 
-0.17573794295716, 0.105331424552746, -0.21552530877747, -0.113525714142228, 
0.29112303518929, -0.365141053445693, -0.0478868303277103, -0.03012288994162, 
-0.325412793760296, 0.094571084027017, 0.328166615933133, 0.223703265016332, 
-0.0376245148726978, -0.170604620253655, -336.210306758092, 34.3214802614943, 
2.22433458214142, -3.12427159353424, 39.9619429578444, -0.0601316344189927, 
-0.0260437072460203, 0.13224144805095, -0.0163122290214327, 0.0465572196656571, 
0.0646019289316782, 0.221044333134919, 0.498207921397802, -0.228242827321805, 
0.385046830585612, -0.0926910625336766, 0.24465238615352, -0.219207923752172, 
-0.00129203094510141, 0.169119734969613, 0.0496379036480428, 
-0.22325207149981, -0.378442725623771, -0.227385585160284, 0.225224777792631, 
0.00222831948848826, 0.127004636629541, -388.749181254348, 2.79628514992061, 
1.15192001105823, -10.0370260209862, 15.0049066126529, 45.1114046547227, 
0.348898334917684, -0.186039764252108, -0.0576903271948726, 0.178949214506516, 
0.0336083882907439, 0.0793526296274442, -0.353660201462623, 0.179683274179483, 
0.34142590372193, 0.0300707632153728, -0.317718477821329, 0.0933996322471629, 
-0.156728064357294, 0.107177067766457, -0.100568727252956, 0.129961718144871, 
0.35130951959351, 0.255023916625208, -0.258223158496586, 0.0936668213234807, 
-0.0613069083251082, -221.317603189357, 16.3019301952679, 12.7879695700635, 
-1.87628978022799, 30.5772821105553, 7.98037149286504, -39.6113172077155, 
-0.460275756398072, -0.0384274071506279, -0.173627689806985, 
0.0333604303086504, -0.295133702637435, -0.193243730064674, -0.100327947660131, 
0.246197657088065, 0.311128134111268, 0.409215761344664, -0.0739136483663946, 
0.0310570004741835, 0.0821667071699756, -0.161183004492073, -0.317686033800465, 
0.350433552805239, -0.0693455205972072, 0.0269306380569439, 0.135247439068991, 
0.0952758635564043), .Dim = c(27L, 7L), .Dimnames = list(c("1", 
"2", "4", "5", "6", "7", "8", "9", "10", "11", "12", "13", "14", 
"15", "16", "17", "18", "19", "20", "21", "23", "25", "26", "27", 
"28", "29", "30"), c("x1", "x2", "x3", "x4", "x5", "x6", "x7"
)), assign = 1:7), qraux = c(1.19245008972988, 1.01654074437395, 
1.06210772519193, 1.37265883835299, 1.12244147116401, 1.29266746893735, 
1.01533572237908), pivot = 1:7, tol = 1e-07, rank = 7L), .Names = c("qr", 
"qraux", "pivot", "tol", "rank"), class = "qr"), df.residual = 20L, 
    xlevels = structure(list(), .Names = character(0)), call = quote(lm(formula = y ~ 
        . + 0, data = structure(list(y = c(43, 63, 61, 81, 43, 
        58, 71, 72, 67, 64, 67, 69, 68, 77, 81, 74, 65, 65, 50, 
        50, 53, 63, 66, 78, 48, 85, 82), x1 = c(1, 1, 1, 1, 1, 
        1, 1, 1, 1, 1, 1, 1, 1, 1, 1, 1, 1, 1, 1, 1, 1, 1, 1, 
        1, 1, 1, 1), x2 = c(51, 64, 63, 78, 55, 67, 75, 82, 61, 
        53, 60, 62, 83, 77, 90, 85, 60, 70, 58, 40, 66, 54, 77, 
        75, 57, 85, 82), x3 = c(30, 51, 45, 56, 49, 42, 50, 72, 
        45, 53, 47, 57, 83, 54, 50, 64, 65, 46, 68, 33, 52, 42, 
        66, 58, 44, 71, 39), x4 = c(59, 74, 47, 75, 39, 57, 62, 
        58, 54, 72, 63, 45, 59, 39, 50, 34, 54, 72, 39, 63, 54, 
        39, 59, 74, 74, 47, 34), x5 = c(61, 63, 54, 71, 54, 66, 
        70, 71, 62, 58, 59, 55, 59, 79, 60, 79, 55, 75, 64, 43, 
        63, 66, 88, 80, 51, 77, 64), x6 = c(92, 73, 84, 83, 49, 
        68, 66, 83, 80, 67, 74, 63, 77, 77, 54, 79, 80, 85, 78, 
        64, 80, 75, 76, 78, 83, 74, 78), x7 = c(45, 47, 35, 47, 
        34, 35, 41, 31, 41, 34, 41, 25, 35, 46, 36, 63, 60, 46, 
        52, 33, 37, 33, 72, 49, 38, 55, 39)), .Names = c("y", 
        "x1", "x2", "x3", "x4", "x5", "x6", "x7"),