
expected <- structure(list(coefficients = structure(c(-4.40821434814403, 
0.527888239162921, 0.157014305638431, 0.441411695328368, 0.112332212768161, 
0.155519615029891, -0.410592249555739), .Names = c("x1", "x2", 
"x3", "x4", "x5", "x6", "x7")), residuals = structure(c(-6.47820405230042, 
0.606194360669105, -4.25379201605287, -0.262582265184983, 6.44823662313379, 
-5.95548962738331, -7.89248458125479, 1.29587049251531, 8.82315416281113, 
-1.17887408718687, 8.2639072128145, -3.98069047280255, -4.9170130172719, 
-3.36069133272487, 4.52117899754648, -3.31198406448785, -3.19600176970092, 
9.35698988857495, -0.776307201271744, -8.54000874540323, -3.88053841256221, 
7.47570595383058, 1.64505573585677, 1.30332890915094, -5.2899361586111, 
7.45728158798845, 6.07769387930763), .Names = c("1", "2", "3", 
"4", "5", "6", "7", "8", "10", "11", "13", "14", "16", "17", 
"18", "19", "20", "21", "22", "23", "24", "25", "26", "27", "28", 
"29", "30")), effects = structure(c(-331.591504604575, -52.8406667457116, 
-11.730466934137, 10.3354758266481, -1.77947315850407, 4.10818361162329, 
-14.5089602344359, 3.92846861479214, 10.0137935110698, 2.09645386579966, 
10.8247341073544, -5.12773683584469, -5.84001231746521, -3.29655495808111, 
0.281729195424131, -0.610754925070315, -2.92239990308309, 10.1057714688663, 
1.13983884101747, -7.49352307634123, -3.05270364476182, 11.7885413591646, 
3.96600620616569, 4.39000029147399, -6.80102714561657, 7.92702167244542, 
5.42767410789073), .Names = c("x1", "x2", "x3", "x4", "x5", "x6", 
"x7", "", "", "", "", "", "", "", "", "", "", "", "", "", "", 
"", "", "", "", "", "")), rank = 7L, fitted.values = structure(c(49.4782040523004, 
62.3938056393309, 75.2537920160529, 61.262582265185, 74.5517633768662, 
48.9554896273833, 65.8924845812548, 69.7041295074847, 58.1768458371889, 
65.1788740871869, 60.7360927871855, 71.9806904728026, 85.9170130172719, 
77.3606913327249, 60.4788210024535, 68.3119840644878, 53.1960017697009, 
40.6430101114251, 64.7763072012717, 61.5400087454032, 43.8805384125622, 
55.5242940461694, 64.3549442641432, 76.6966710908491, 53.2899361586111, 
77.5427184120116, 75.9223061206924), .Names = c("1", "2", "3", 
"4", "5", "6", "7", "8", "10", "11", "13", "14", "16", "17", 
"18", "19", "20", "21", "22", "23", "24", "25", "26", "27", "28", 
"29", "30")), assign = 1:7, qr = structure(list(qr = structure(c(-5.19615242270663, 
0.192450089729875, 0.192450089729875, 0.192450089729875, 0.192450089729875, 
0.192450089729875, 0.192450089729875, 0.192450089729875, 0.192450089729875, 
0.192450089729875, 0.192450089729875, 0.192450089729875, 0.192450089729875, 
0.192450089729875, 0.192450089729875, 0.192450089729875, 0.192450089729875, 
0.192450089729875, 0.192450089729875, 0.192450089729875, 0.192450089729875, 
0.192450089729875, 0.192450089729875, 0.192450089729875, 0.192450089729875, 
0.192450089729875, 0.192450089729875, -342.368709629448, -68.8379740162845, 
0.0946285258367066, -0.00705953369775985, 0.210843451018954, 
-0.123274458880007, 0.0510479288933639, 0.167262854075611, -0.0361132649933217, 
-0.152328190175569, -0.0215863993455408, 0.283477779257859, 0.385165838792325, 
0.312531510553421, -0.0506401306411026, 0.0946285258367066, -0.0796938619366645, 
-0.341177443596721, -0.0361132649933217, 0.0365210632455829, 
-0.384758040540064, -0.137801324527788, 0.196316585371173, 0.167262854075611, 
-0.0942207275844454, 0.312531510553421, 0.268950913610078, -255.766169251004, 
-19.5483188733639, -64.0353800323849, -0.0670799602208761, -0.169706092027615, 
-0.175797331914673, -0.129844027392809, 0.041338812577698, -0.0356979266349097, 
0.62078668806099, 0.0657338095909382, -0.0685729546969898, 0.0948763514627339, 
0.181139618962238, -0.12151329579158, -0.0285615906145722, -0.199445831689856, 
0.192307040068083, -0.0825470278424422, -0.309357598964544, 0.325270109327509, 
-0.214763599863811, -0.0525086892849782, -0.0679757569065443, 
-0.238412099638994, -0.115571355352134, -0.138771956784483, -291.176985761301, 
-32.7887498632246, -11.7405852766436, 46.0436695185311, -0.199105588020686, 
0.0346976971478656, -0.0796433962160737, 0.101941021441006, 0.09463702308134, 
0.0630114566940255, 0.258714951986247, 0.354301643104541, -0.086154180939907, 
-0.035190180877733, -0.562039442551037, -0.0249599875571351, 
-0.161503462640066, 0.2577989230773, -0.251922394873022, -0.0394539144148718, 
-0.235938619782178, -0.079952740372639, -0.0924539920014281, 
-0.359201424616928, 0.006186758955835, -0.210244856294406, 0.00861159361446224, 
-332.938655232684, -34.7369639562104, -0.99173780830051, 15.6438600350385, 
37.3561412123965, 0.0835736902601859, -0.00107787310359542, -0.0710669085772641, 
-0.0548565828046516, 0.116197129884395, 0.0716917641492813, 0.153982782704326, 
0.518243915007001, -0.0667214158969627, 0.489087771051462, -0.211626617613935, 
-0.0336356627876136, 0.132450530462133, 0.03283928895368, 0.00100173260967537, 
0.228844718286892, -0.191795071622379, -0.432802190752779, -0.0903729310651038, 
0.192786750430615, 0.0225213718843687, 0.195848417313256, -386.632230267319, 
-8.06563862688463, 13.947197936335, 3.27685984822644, 19.0752735824875, 
46.1338898107676, 0.213071189065578, 0.280349716298243, -0.0371927719991902, 
0.117072956113848, 0.295842946360493, 0.0131681203691501, 0.370282281185809, 
-0.0135088372425493, -0.228635612426539, -0.0976055425895989, 
-0.00309104109853922, 0.217432532797976, -0.0796338906832757, 
-0.0281600385441416, 0.293197367283042, 0.109686890166223, 0.168146621752372, 
0.00794527957583041, -0.16384668469592, 0.088016680223015, -0.0364386846924265, 
-225.166604983954, -15.0934134080444, -3.52850473750249, 29.8487460588961, 
21.7791504228012, 7.46858026398873, 35.3366636855289, 0.06802706631524, 
0.00512758608172796, 0.114146892940862, 0.164106428085189, -0.0822256883864642, 
0.058060388342922, -0.273378857952242, -0.282077449633117, 0.177331552753675, 
-0.125218913849072, -0.239474675830119, 0.278787401891802, 0.203249979940759, 
-0.299674854358976, 0.397412002720999, -0.327862174815523, 0.340373539268256, 
-0.0447648805058923, -0.00530240502903421, 0.101901208554951), .Dim = c(27L, 
7L), .Dimnames = list(c("1", "2", "3", "4", "5", "6", "7", "8", 
"10", "11", "13", "14", "16", "17", "18", "19", "20", "21", "22", 
"23", "24", "25", "26", "27", "28", "29", "30"), c("x1", "x2", 
"x3", "x4", "x5", "x6", "x7")), assign = 1:7), qraux = c(1.19245008972988, 
1.00746733195002, 1.19006754835391, 1.10169908670137, 1.07180838653814, 
1.59787336178369, 1.28971977923212), pivot = 1:7, tol = 1e-07, 
    rank = 7L), .Names = c("qr", "qraux", "pivot", "tol", "rank"
), class = "qr"), df.residual = 20L, xlevels = structure(list(), .Names = character(0)), 
    call = quote(lm(formula = y ~ . + 0, data = structure(list(y = c(43, 
        63, 71, 61, 81, 43, 58, 71, 67, 64, 69, 68, 81, 74, 65, 
        65, 50, 50, 64, 53, 40, 63, 66, 78, 48, 85, 82), x1 = c(1, 
        1, 1, 1, 1, 1, 1, 1, 1, 1, 1, 1, 1, 1, 1, 1, 1, 1, 1, 
        1, 1, 1, 1, 1, 1, 1, 1), x2 = c(51, 64, 70, 63, 78, 55, 
        67, 75, 61, 53, 62, 83, 90, 85, 60, 70, 58, 40, 61, 66, 
        37, 54, 77, 75, 57, 85, 82), x3 = c(45, 64, 64, 44, 45, 
        33, 42, 57, 45, 83, 52, 54, 68, 71, 39, 50, 33, 49, 42, 
        30, 56, 30, 52, 50, 30, 52, 49), x4 = c(39, 54, 69, 47, 
        66, 44, 56, 55, 47, 58, 42, 45, 72, 69, 75, 57, 54, 34, 
        62, 50, 58, 48, 63, 74, 45, 71, 59), x5 = c(61, 63, 76, 
        54, 71, 54, 66, 70, 62, 58, 55, 59, 60, 79, 55, 75, 64, 
        43, 66, 63, 50, 66, 88, 80, 51, 77, 64), x6 = c(92, 73, 
        86, 84, 83, 49, 68, 66, 80, 67, 63, 77, 54, 79, 80, 85, 
        78, 64, 80, 80, 57, 75, 76, 78, 83, 74, 78), x7 = c(45, 
        47, 48, 35, 47, 34, 35, 41, 41, 34, 25, 35, 36, 63, 60, 
        46, 52, 33, 41, 37, 49, 33, 72, 49, 38, 55, 39)), .Names = c("y", 
        "x1", "x2", "x3", "x4", "x5", "x6", "x7"),