
expected <- structure(list(coefficients = structure(c(-0.00153559714759428, 
0.674779377001622, -0.104271501596638, 0.298452731898038, 0.128388377183393, 
0.140258306816014, -0.234157042958903), .Names = c("x1", "x2", 
"x3", "x4", "x5", "x6", "x7")), residuals = structure(c(-10.1211570191286, 
1.69478072931137, -0.315845594684776, -1.36198407398567, 4.75935657481468, 
-7.97800633577012, 0.549614929271708, -9.31906770929499, 6.92394918929799, 
11.4221100525205, 10.5296729496308, -2.96064900026901, -0.983878090722036, 
-2.85077883376619, -3.74559885130201, 4.67647434505921, -5.22761150851086, 
-5.14041291347502, 9.53655856740504, -0.338838637862676, -0.836844112908372, 
5.34974311207649, -2.97330240018912, 1.61880389332146, -8.59590349167959, 
6.47027027682871, 3.10172169564308), .Names = c("1", "2", "3", 
"4", "5", "6", "8", "9", "10", "12", "13", "14", "15", "16", 
"17", "18", "19", "20", "21", "22", "24", "25", "26", "27", "28", 
"29", "30")), effects = structure(c(-260.324217742412, -224.290641902935, 
1.09951127095634, 13.3657857539031, 6.07841699808496, 7.68603599205979, 
-8.14953118897082, -12.5612137575407, 7.3884553459317, 13.4131057892797, 
10.5570558118156, -3.22645590119952, 1.118829095399, -3.79939287927718, 
-0.687206457046369, 2.92721453948642, -3.19347830151798, -2.21374829902668, 
11.6671935671856, -2.84262387879267, -0.306594608633047, 5.42711556005041, 
5.12910210687092, 3.28441089125256, -10.6770216995991, 7.22982910256373, 
1.90534226547998), .Names = c("x1", "x2", "x3", "x4", "x5", "x6", 
"x7", "", "", "", "", "", "", "", "", "", "", "", "", "", "", 
"", "", "", "", "", "")), rank = 7L, fitted.values = structure(c(53.1211570191286, 
61.3052192706886, 71.3158455946848, 62.3619840739857, 76.2406434251853, 
50.9780063357701, 70.4503850707283, 81.319067709295, 60.076050810702, 
55.5778899474795, 58.4703270503692, 70.960649000269, 77.983878090722, 
83.8507788337662, 77.745598851302, 60.3235256549408, 70.2276115085109, 
55.140412913475, 40.463441432595, 64.3388386378627, 40.8368441129084, 
57.6502568879235, 68.9733024001891, 76.3811961066785, 56.5959034916796, 
78.5297297231713, 78.8982783043569), .Names = c("1", "2", "3", 
"4", "5", "6", "8", "9", "10", "12", "13", "14", "15", "16", 
"17", "18", "19", "20", "21", "22", "24", "25", "26", "27", "28", 
"29", "30")), assign = 1:7, qr = structure(list(qr = structure(c(-7.43808475261244, 
0.105493775335619, 0.147101415289404, 0.293396094776056, 0.215150115958405, 
0.154612246235604, 0.279224108948709, -0.0199580536314948, 0.0750473181051306, 
0.118967797277635, 0.108692316997975, 0.103745319831677, 0.299161657630855, 
0.173733394090561, 0.14926780130504, 0.187969272742647, 0.185776274551295, 
0.316427522365019, 0.369151904906612, -0.13015941440442, 0.113419105321785, 
-0.00166155585571369, 0.33392427451885, 0.221962829589365, 0.0198681639684928, 
-0.0203943154928182, 0.0553870533500587, -269.539361873407, -232.1691891722, 
0.134774110987462, -0.0611920820225648, 0.0921028424252324, 0.061653003025106, 
0.00655741249339098, 0.375811898259085, 0.177678039439081, 0.123589750296473, 
0.143850764804001, 0.239909151768058, -0.00742613051178004, 0.190732522156531, 
0.196926705556759, 0.0453809418380503, 0.0909386039959716, -0.108832767279564, 
-0.246122187676558, 0.410266892489855, 0.0308131556743904, 0.234472270457473, 
-0.0468273582012557, 0.0714594511718246, 0.222991305899609, 0.389227984708717, 
0.290412984678061, -214.334190052495, -180.779798280929, -56.0224910910586, 
-0.0482592942339876, -0.0702575519104465, 0.120569039770491, 
-0.128584490721356, 0.134537671772871, -0.0432566752073359, 0.0110786836343883, 
0.160481938359444, 0.329917230403718, -0.083097039650965, -0.349803682484734, 
-0.0324484152632814, 0.339650022823597, -0.139798535704495, 0.434751272725837, 
0.0676809149431088, 0.0600671633075203, 0.243400328975035, -0.00684310049933492, 
0.134766149916064, 0.00818074556224782, -0.0108945984425014, 
0.07462133879285, -0.446571122633923, -227.843539682088, -188.596074540432, 
-16.9214030488421, 50.4332054497369, -0.0587546968784633, 0.0850476241468167, 
0.0896137929549239, 0.0595768978065446, 0.0436071860946576, 0.213649583758926, 
0.252481483762205, 0.608732314096018, -0.193201540128423, -0.111104970622384, 
0.00706259984878509, -0.348211809706835, -0.0433113145733023, 
0.0880844498634239, 0.0330279295126594, -0.223497988424904, -0.432752335345742, 
-0.0793730938243057, 0.0851613364270598, -0.230491009752396, 
0.0286029657443238, 0.00213198768803981, -0.0353487354301353, 
-265.844358453729, -208.96175516534, -14.1264836347531, 22.4390593218992, 
41.5775544424049, 0.000558535017414198, 0.0305157709254341, 0.0823080085961081, 
-0.156872877321008, -0.177443129054872, -0.00943296472271648, 
0.159497219781335, 0.0996973391874466, 0.576904110247475, 0.0423706771977756, 
0.522386058179933, -0.171958805465952, 0.0725392933768972, 0.105219304585542, 
-0.157334144722897, 0.108720630801881, -0.354025310779773, -0.203870808572901, 
0.0438969739503245, 0.00620523459793774, 0.0198371095502255, 
0.124938819410487, -303.334223261336, -236.695864872126, -23.6204104957636, 
19.3256683908093, 43.6678279554947, 64.4447988730494, 0.318837906228545, 
-0.0185070945528688, -0.123580229355629, -0.0108397437466038, 
0.11428241068861, 0.0984043843643684, 0.225623793428516, 0.238622848291913, 
0.21126435272398, -0.287963004205682, 0.0288008501276041, 0.0730823204770508, 
-0.098419479738354, -0.202250743577757, -0.0930362945689334, 
-0.0470504066092949, 0.501656018749142, 0.193061133289389, -0.377754387363096, 
0.201559963225096, -0.101508229115366, -187.361489649048, -127.4187317698, 
-23.2102182027669, 31.0801760964602, 22.9949664864247, 5.77767110430299, 
34.8036987740793, 0.393580426609067, -0.0184310685971973, -0.152308983954235, 
0.221490503068088, -0.152529016046756, 0.341593479334789, 0.0946188652999937, 
-0.336194945732403, -0.264483148534232, 0.136361026839574, -0.093394065171218, 
0.0735064670428773, 0.126077349632745, -0.101304792111544, 0.301563224183528, 
-0.380871908960686, 0.277813503891377, -0.098031354992735, -0.212535637811495, 
0.00426436885844297), .Dim = c(27L, 7L), .Dimnames = list(c("1", 
"2", "3", "4", "5", "6", "8", "9", "10", "12", "13", "14", "15", 
"16", "17", "18", "19", "20", "21", "22", "24", "25", "26", "27", 
"28", "29", "30"), c("x1", "x2", "x3", "x4", "x5", "x6", "x7"
)), assign = 1:7), qraux = c(1.21809031867211, 1.15609051696804, 
1.24882508828011, 1.09061025952737, 1.16089435453261, 1.27252942900149, 
1.11727898101186), pivot = 1:7, tol = 1e-07, rank = 7L), .Names = c("qr", 
"qraux", "pivot", "tol", "rank"), class = "qr"), df.residual = 20L, 
    xlevels = structure(list(), .Names = character(0)), call = quote(lm(formula = y ~ 
        . + 0, data = structure(list(y = c(43, 63, 71, 61, 81, 
        43, 71, 72, 67, 67, 69, 68, 77, 81, 74, 65, 65, 50, 50, 
        64, 40, 63, 66, 78, 48, 85, 82), x1 = c(1.62217427400739, 
        0.784671641819387, 1.09415279415183, 2.18230501902982, 
        1.60030479703301, 1.15001899129221, 2.07689258733319, 
        -0.148449694408243, 0.558208312522228, 0.884892558982667, 
        0.808462665788754, 0.771666481594897, 2.22518976419033, 
        1.29224370960461, 1.110266556943, 1.39813138154673, 1.38181967513713, 
        2.35361472941018, 2.74578315528371, -0.968136755690484, 
        0.843620917948916, -0.0123587932759979, 2.48375705482583, 
        1.65097833841537, 0.14778108747645, -0.151694647107099, 
        0.411973597015204), x2 = c(51, 64, 70, 63, 78, 55, 75, 
        82, 61, 60, 62, 83, 77, 90, 85, 60, 70, 58, 40, 61, 37, 
        54, 77, 75, 57, 85, 82), x3 = c(30, 51, 68, 45, 56, 49, 
        50, 72, 45, 47, 57, 83, 54, 50, 64, 65, 46, 68, 33, 52, 
        42, 42, 66, 58, 44, 71, 39), x4 = c(39, 54, 69, 47, 66, 
        44, 55, 67, 47, 39, 42, 45, 72, 72, 69, 75, 57, 54, 34, 
        62, 58, 48, 63, 74, 45, 71, 59),