
expected <- structure(list(coefficients = structure(c(-0.0196145504009336, 
0.702780551872012, -0.0805536070099686, 0.388037133992892, 0.0336970709306337, 
0.0768026992293088, -0.180410071371074), .Names = c("x1", "x2", 
"x3", "x4", "x5", "x6", "x7")), residuals = structure(c(-6.52974638600645, 
1.94142522562112, 0.0235796166175349, 0.198081114103304, 4.82721464444155, 
-8.20591206556654, -8.54425849302051, 0.986873716755339, -9.00394915992831, 
7.53811534659625, 13.2283809594604, 11.5558022191529, -2.67895408971037, 
-0.936248427420919, 1.82083945504571, -3.33683204573352, -4.9573662409314, 
10.9968272573319, 0.270472332024376, -10.1788677362954, -2.33174935683876, 
7.77640008112307, -3.00800833970955, 1.43492038137882, -7.21049705975173, 
5.07382697357161, 3.51624489521092), .Names = c("1", "2", "3", 
"4", "5", "6", "7", "8", "9", "11", "12", "13", "14", "15", "18", 
"19", "20", "21", "22", "23", "24", "25", "26", "27", "28", "29", 
"30")), effects = structure(c(-240.288144970474, -232.22203156591, 
-0.446030770122508, 16.9457058695491, -0.039867756341307, 3.28633012026994, 
-5.92337082134618, 4.6343696015592, -8.34087312449382, 7.48225742442859, 
12.9920317897458, 13.5022269108218, -4.54350728923219, 3.68837446789032, 
-2.62065690259699, -0.94740655568652, -3.48435703653128, 12.8788876469225, 
-1.051065515251, -10.1722857435411, -2.95921603821068, 10.3231861288336, 
0.315248120795741, 5.20287826791246, -10.7423674233536, 3.63396119013406, 
1.56803383057371), .Names = c("x1", "x2", "x3", "x4", "x5", "x6", 
"x7", "", "", "", "", "", "", "", "", "", "", "", "", "", "", 
"", "", "", "", "", "")), rank = 7L, fitted.values = structure(c(49.5297463860065, 
61.0585747743789, 70.9764203833825, 60.8019188858967, 76.1727853555584, 
51.2059120655665, 66.5442584930205, 70.0131262832447, 81.0039491599283, 
56.4618846534037, 53.7716190405396, 57.4441977808471, 70.6789540897104, 
77.9362484274209, 63.1791605449543, 68.3368320457335, 54.9573662409314, 
39.0031727426681, 63.7295276679756, 63.1788677362954, 42.3317493568388, 
55.2235999188769, 69.0080083397095, 76.5650796186212, 55.2104970597517, 
79.9261730264284, 78.4837551047891), .Names = c("1", "2", "3", 
"4", "5", "6", "7", "8", "9", "11", "12", "13", "14", "15", "18", 
"19", "20", "21", "22", "23", "24", "25", "26", "27", "28", "29", 
"30")), assign = 1:7, qr = structure(list(qr = structure(c(-7.33837826680563, 
0.106927118402817, 0.14910008102214, 0.297382465128739, 0.218073358833493, 
0.156712961567299, 0.146619220822308, 0.283017924645257, -0.0202292235438093, 
-0.0794382979482412, 0.120584211771337, 0.110169118624717, 0.105154906648169, 
0.303226364639138, 0.190523209722103, 0.188300415282167, 0.320726820536971, 
0.374167568835197, -0.13192788930897, 0.0672270147464663, 0.114960129783027, 
-0.00168413140160703, 0.338461300919965, 0.22497863674913, 0.0201381125506874, 
-0.0206714128914932, 0.0561395967933028, -249.903142465274, -238.139495644845, 
0.139655113023529, -0.0431835100733504, 0.101874634153572, 0.0687889368317821, 
0.129624673525829, 0.0220716926995274, 0.365269396112025, 0.304762171828175, 
0.12717142393804, 0.146347504876712, 0.23971986961929, 0.00955823673281516, 
0.0547978527201837, 0.0990902169503962, -0.0883365786176091, 
-0.219223546834045, 0.392672678959177, 0.207581299162183, 0.0364092327948136, 
0.228500605800885, -0.0269032260418185, 0.0821313255089802, 0.218516388876911, 
0.378324636376093, 0.286242180689487, -200.779281731406, -192.902174538538, 
-53.7720288414375, -0.0532659268831634, -0.0910043331419194, 
0.113335933080443, -0.199893962991078, -0.144195490931568, 0.0980012079012386, 
0.170116671996012, -0.0065875563990102, 0.147107565804352, 0.312850794505189, 
-0.0958871338486354, 0.342308249176614, -0.162325531220427, 0.454608783641559, 
0.0860372470317542, 0.0202281097991188, -0.0149013603625154, 
0.246222717269937, -0.0338043498685903, 0.134405557379294, -0.00716111630713426, 
-0.0374476178793724, 0.034062560324849, -0.500250674886721, -211.210526894781, 
-198.752523091911, -19.0714064281941, 51.7767259517161, -0.0615656613065887, 
0.0876750407572321, -0.0947736466515589, 0.0760773427038312, 
0.0774684551411164, -0.182604859297232, 0.210525563836914, 0.256307318642212, 
0.614676454146428, -0.19809798905935, -0.325151521167423, -0.0492945107547469, 
0.0966667906001822, 0.0200091952191532, -0.198517860579568, 0.0926177752539873, 
-0.411123171672471, -0.0696930101432832, 0.0813672100278292, 
-0.225957106282963, 0.0344900236793896, 0.0191370448616026, -0.0468441548111243, 
-251.526968983306, -222.850980231575, -6.19573324490579, 25.890018860474, 
33.7186046102117, -0.0128687129192079, 0.0506139318946346, 0.0948828508278226, 
0.108244145434051, -0.0634863439604087, -0.213637011173638, -0.0474183774720268, 
0.0922882660753157, 0.198553438921206, 0.621356810642842, -0.137759325190905, 
-0.0087903030375929, 0.119506004738625, -0.146872418625357, -0.0849586008984415, 
0.134166677779872, -0.395559757860288, -0.261985633202258, 0.111622294780286, 
0.0393830184264068, 0.0543379602685151, 0.317494110603567, -289.934719002354, 
-256.951928305011, -10.4055892972414, 23.4939912769245, 23.5739203186552, 
60.676120701881, 0.151847913280226, 0.369772734794747, 0.0130633015457522, 
-0.108763288788049, -0.0318028895196584, 0.114612277748401, 0.104683193867366, 
0.288752474346798, -0.222331320154423, 0.0365159804840085, 0.0530814202751242, 
-0.0960376261488541, -0.207322240618801, -0.0893800896745535, 
-0.0776850421637446, -0.0834261100433298, 0.49788460125501, 0.24037482482032, 
-0.378075538865052, 0.245572026348556, -0.0120790213807353, -175.835569920654, 
-132.842888719459, -20.1253046583986, 32.2731773216195, 16.5546560497721, 
7.61465098903636, 32.8328167952596, 0.0875701783509684, 0.376207314522956, 
0.195084298156834, -0.181966529801243, 0.222614119694986, -0.152116337062084, 
0.320648964432618, -0.265507603848678, 0.100188552367983, -0.074390574539649, 
0.105356962782454, 0.075370298423477, 0.0669437921547797, -0.120303038258621, 
0.268693855903328, -0.43856538087241, 0.248977287862823, -0.119440529911714, 
-0.288033706876323, -0.0616233943083513), .Dim = c(27L, 7L), .Dimnames = list(
    c("1", "2", "3", "4", "5", "6", "7", "8", "9", "11", "12", 
    "13", "14", "15", "18", "19", "20", "21", "22", "23", "24", 
    "25", "26", "27", "28", "29", "30"), c("x1", "x2", "x3", 
    "x4", "x5", "x6", "x7")), assign = 1:7), qraux = c(1.22105351005755, 
1.15810079785944, 1.23887854133088, 1.07829543555497, 1.26002302687632, 
1.28964256399432, 1.2340171118237), pivot = 1:7, tol = 1e-07, 
    rank = 7L), .Names = c("qr", "qraux", "pivot", "tol", "rank"
), class = "qr"), df.residual = 20L, xlevels = structure(list(), .Names = character(0)), 
    call = quote(lm(formula = y ~ . + 0, data = structure(list(y = c(43, 
        63, 71, 61, 81, 43, 58, 71, 72, 64, 67, 69, 68, 77, 65, 
        65, 50, 50, 64, 53, 40, 63, 66, 78, 48, 85, 82), x1 = c(1.62217427400739, 
        0.784671641819387, 1.09415279415183, 2.18230501902982, 
        1.60030479703301, 1.15001899129221, 1.0759473035784, 
        2.07689258733319, -0.148449694408243, -0.582948279215403, 
        0.884892558982667, 0.808462665788754, 0.771666481594897, 
        2.22518976419033, 1.39813138154673, 1.38181967513713, 
        2.35361472941018, 2.74578315528371, -0.968136755690484, 
        0.49333726395769, 0.843620917948916, -0.0123587932759979, 
        2.48375705482583, 1.65097833841537, 0.14778108747645, 
        -0.151694647107099, 0.411973597015204), x2 = c(51, 64, 
        70, 63, 78, 55, 67, 75, 82, 53, 60, 62, 83, 77, 60, 70, 
        58, 40, 61, 66, 37, 54, 77, 75, 57, 85, 82), x3 = c(30, 
        51, 68, 45, 56, 49, 42, 50, 72, 53, 47, 57, 83, 54, 65, 
        46, 68, 33, 52, 52, 42, 42, 66, 58, 44, 71, 39), x4 = c(39, 
        54, 69, 47, 66, 44, 56, 55, 67, 58, 39, 42, 45, 72, 75, 
        57, 54, 34, 62, 50, 58, 48, 63, 74, 45, 71, 59),