
expected <- structure(list(coefficients = structure(c(-0.321048103234188, 
0.702922930822999, -0.0755525050371935, 0.399686382734409, 0.0222394134415907, 
0.086293656920749, -0.194509931925283), .Names = c("x1", "x2", 
"x3", "x4", "x5", "x6", "x7")), residuals = structure(c(-6.76830671268911, 
1.87206998348778, 0.250256602469788, -0.0795616995536207, 5.18972084809568, 
-7.66626799671501, -8.79849825834246, 0.25244829834873, -8.79487291524486, 
7.29748883842601, 13.3742675217792, 11.1332931806518, -2.50773875559893, 
-0.888254453338235, 1.52288606164379, -2.84655726490341, -5.68052239968275, 
11.5393774922962, 0.355709800215414, -10.2210262433225, -2.15261267692729, 
7.63839449515118, -3.00046436511595, 1.45198155021457, -6.79705225554861, 
5.3662480294894, 3.26573287107113), .Names = c("1", "2", "3", 
"4", "5", "6", "7", "8", "9", "11", "12", "13", "14", "15", "18", 
"19", "20", "21", "22", "23", "24", "25", "26", "27", "28", "29", 
"30")), effects = structure(c(219.186734659133, -252.229821233014, 
-0.291547566741534, 16.7852028982718, 0.777050135303437, 2.91592156875024, 
-6.93508224244437, 4.59289287194184, -8.73990332413182, 8.06379039194869, 
10.35931953224, 14.4891959461589, -3.34458383963277, -0.932813842292091, 
-4.06130696054441, -7.04641411145873, -4.50368046763234, 4.8058100040987, 
-1.89915519731614, -11.8489872927275, -6.55866253366043, 8.26461154686489, 
-2.95590230365814, 1.55631137357393, -14.3816311738747, 4.15424824432191, 
1.16190778180116), .Names = c("x1", "x2", "x3", "x4", "x5", "x6", 
"x7", "", "", "", "", "", "", "", "", "", "", "", "", "", "", 
"", "", "", "", "", "")), rank = 7L, fitted.values = structure(c(49.7683067126891, 
61.1279300165122, 70.7497433975302, 61.0795616995536, 75.8102791519043, 
50.666267996715, 66.7984982583425, 70.7475517016513, 80.7948729152449, 
56.702511161574, 53.6257324782208, 57.8667068193482, 70.5077387555989, 
77.8882544533382, 63.4771139383562, 67.8465572649034, 55.6805223996827, 
38.4606225077038, 63.6442901997846, 63.2210262433225, 42.1526126769273, 
55.3616055048488, 69.000464365116, 76.5480184497854, 54.7970522555486, 
79.6337519705106, 78.7342671289289), .Names = c("1", "2", "3", 
"4", "5", "6", "7", "8", "9", "11", "12", "13", "14", "15", "18", 
"19", "20", "21", "22", "23", "24", "25", "26", "27", "28", "29", 
"30")), assign = 1:7, qr = structure(list(qr = structure(c(7.94718781844819, 
-0.0578411686939507, -0.262842845864082, -0.0908228454349219, 
-0.300018278543686, -0.272239974133416, -0.0135189577913782, 
0.213987094907528, -0.351010543492723, -0.0737448971134275, -0.12126274631209, 
0.0032256400547712, -0.273879072752571, -0.152253420946505, -0.086183905782922, 
-0.28227957443508, 0.166881677236931, -0.31851168742924, -0.189000192120118, 
-0.131371129460079, -0.142611501537518, -0.0505488073059711, 
0.0670019284012222, -0.135226167437477, -0.327791920145292, -0.207068877125909, 
-0.0426045223780292, 225.128937960658, -261.684851095179, 0.0963128034033791, 
0.181596414190084, 0.102672277275858, 0.0328717757839493, 0.247228523212636, 
0.42596999845499, 0.0847475499736596, 0.154505051240523, 0.150307316080051, 
0.239027007882892, 0.138803195702206, 0.195087319227205, 0.173153495621114, 
0.0836540329330524, 0.330327500443669, -0.0545849655052899, 0.110012600523794, 
0.166652261910208, 0.0485112979795346, 0.173433612441307, 0.33788414491965, 
0.198534063592193, 0.0043346342334425, 0.189958182361541, 0.285606507215206, 
186.647884439525, -206.711086932012, -53.3675348281716, -0.119309465932769, 
-0.209272243725141, 0.00903873914499692, -0.207003208733167, 
-0.0940549733849785, 0.0132904729550962, 0.184324598017256, -0.0484004168684993, 
0.153858717913744, 0.2321584660878, -0.179274367476782, 0.301396458118992, 
-0.272213830168137, 0.477410480883134, -0.0858175034144181, 0.0063626796967291, 
-0.0468992501780384, 0.189862147773594, -0.0282826398420891, 
0.123793228253793, -0.0687209016559145, -0.133995066991959, 0.0016072514482453, 
-0.495049769522503, 192.232620316456, -217.192069425867, -18.6663925332244, 
51.7956605766762, -0.0705023387560997, 0.080994375705198, -0.0989132386919924, 
0.0641495294039658, 0.0848312679257196, -0.172720070343302, 0.207136746332323, 
0.254261028697128, 0.613807711185809, -0.212328510989409, -0.332809397115276, 
-0.0568929789290947, 0.0807823461764259, -0.00281210572836359, 
-0.184831151479358, 0.0933630026501485, -0.415884524819278, -0.0650183233284485, 
0.0654854475102186, -0.234973903561455, 0.0369805256916631, 0.0272717004310546, 
-0.043798310741316, 213.933188400797, -258.954418710864, -6.82200549812116, 
26.6600384358412, -34.5239412925384, 0.201840688280497, 0.0059639582144646, 
-0.148659072274774, -0.0360239249434148, -0.0355599868471951, 
0.253195524891365, -0.043991247285513, -0.104268624782715, 0.0628884364247621, 
-0.508481064263841, 0.397774160621908, -0.0599373178298, 0.312608747868635, 
0.103651953631194, 0.104091337343261, 0.0200563076003896, 0.345948725851937, 
0.297255684127984, 0.0687621213540833, 0.117670006635244, -0.0731281030499807, 
-0.284981917144912, 260.268753517958, -286.80289142477, -8.90148570722997, 
23.7931784017441, -29.3114462683581, 59.0234253835197, 0.0405000705125199, 
0.249809594830861, -0.0343446637488326, -0.113360470779364, -0.0538593788328887, 
0.105431033858439, 0.110286858454855, 0.0724954076888454, -0.444607204143163, 
-0.0869132960288856, -0.0393467537114023, -0.301342899437305, 
-0.206345260762447, -0.12912426699417, -0.217451663373859, -0.0686272278045203, 
0.407855304862581, 0.0690446772198083, -0.447614592784489, 0.211494346050036, 
-0.143173178683643, 136.026294214025, -171.785048544985, -20.8573593849802, 
33.7408030798024, -20.9461500867683, 11.1944188660713, 35.6541291943299, 
0.141400128740185, 0.339272945087231, 0.290424222144951, -0.139143457792342, 
0.28740510753809, -0.129357381520707, 0.164190024502207, -0.341845294517979, 
-0.00231096100222655, -0.014377207990562, -0.166978661609588, 
0.169163940146204, 0.0999387558259912, -0.186320394569666, 0.365099133374283, 
-0.367682014439783, 0.157839517462361, -0.167762990657905, -0.207031429774668, 
-0.0411485317713763), .Dim = c(27L, 7L), .Dimnames = list(c("1", 
"2", "3", "4", "5", "6", "7", "8", "9", "11", "12", "13", "14", 
"15", "18", "19", "20", "21", "22", "23", "24", "25", "26", "27", 
"28", "29", "30"), c("x1", "x2", "x3", "x4", "x5", "x6", "x7"
)), assign = 1:7), qraux = c(1.02170145933908, 1.20689814145409, 
1.14695519534233, 1.06335902347127, 1.02096653439839, 1.21203190045219, 
1.22478290247838), pivot = 1:7, tol = 1e-07, rank = 7L), .Names = c("qr", 
"qraux", "pivot", "tol", "rank"), class = "qr"), df.residual = 20L, 
    xlevels = structure(list(), .Names = character(0)), call = quote(lm(formula = y ~ 
        . + 0, data = structure(list(y = c(43, 63, 71, 61, 81, 
        43, 58, 71, 72, 64, 67, 69, 68, 77, 65, 65, 50, 50, 64, 
        53, 40, 63, 66, 78, 48, 85, 82), x1 = c(-0.172465573302085, 
        0.459674631249372, 2.08886146281729, 0.721786210877214, 
        2.38430160855418, 2.16354220612773, 0.107437696677756, 
        -1.70059563395422, 2.78954671539225, 0.586064548012546, 
        0.963697820323011, -0.0256347673499762, 2.17656843070712, 
        1.20998653226313, 0.684919686184324, 2.24332879534721, 
        -1.32624003245954, 2.53127220237103, 1.50202002450137, 
        1.04403103974092, 1.13336038778957, 0.401720865659098, 
        -0.532476909202731, 1.07466775059455, 2.60502395476441, 
        1.64561525787477, 0.338586141253477), x2 = c(51, 64, 
        70, 63, 78, 55, 67, 75, 82, 53, 60, 62, 83, 77, 60, 70, 
        58, 40, 61, 66, 37, 54, 77, 75, 57, 85, 82), x3 = c(30, 
        51, 68, 45, 56, 49, 42, 50, 72, 53, 47, 57, 83, 54, 65, 
        46, 68, 33, 52, 52, 42, 42, 66, 58, 44, 71, 39), x4 = c(39, 
        54, 69, 47, 66, 44, 56, 55, 67, 58, 39, 42, 45, 72, 75, 
        57, 54, 34, 62, 50, 58, 48, 63, 74, 45, 71, 59),