
expected <- structure(list(coefficients = structure(c(7.15693141931546, 0.679208237349438, 
-0.172342991206498, 0.246376087302151, 0.164339083171766, 0.0976202518092578, 
-0.225420219715394), .Names = c("x1", "x2", "x3", "x4", "x5", 
"x6", "x7")), residuals = structure(c(-8.38719697671062, 0.485933673215955, 
1.2457846695337, -0.00359078826776482, 6.73895061506749, -12.9287689114033, 
-1.90697091663122, -7.44017760310435, 6.22119131763826, 9.51387098171468, 
7.40942695994103, -1.34386762875668, -0.823498805181817, -5.47433747244089, 
-3.25532355027196, 6.49160568421526, -2.55666088412772, -4.44860378496248, 
7.20748163848718, 1.24603763557552, -4.61288792679885, 5.02058910127281, 
-2.37516214645607, 1.75535777666688, -8.61009729382295, 6.49554036314332, 
4.33537427246462), .Names = c("1", "2", "3", "4", "5", "6", "8", 
"9", "10", "12", "13", "14", "15", "16", "17", "18", "19", "20", 
"21", "22", "24", "25", "26", "27", "28", "29", "30")), effects = structure(c(-339.4819582835, 
54.8283956586102, 5.80475161533608, 9.31821960428338, 0.160620560741982, 
-4.88431204976674, 8.38359792691027, -5.0821761316582, 10.3124717673388, 
13.5207390768196, 11.601992915649, -4.80945161197821, 4.22354849168348, 
-4.22543739550697, -0.693561205664432, 0.188299661380433, -2.56560474336765, 
-6.21088235692407, 5.57870672517794, 0.561894801901921, -5.02149564999657, 
8.1793853779592, -0.767574393118168, 6.9780565058482, -7.54505925100637, 
8.90350536967065, 4.47524679753999), .Names = c("x1", "x2", "x3", 
"x4", "x5", "x6", "x7", "", "", "", "", "", "", "", "", "", "", 
"", "", "", "", "", "", "", "", "", "")), rank = 7L, fitted.values = structure(c(51.3871969767106, 
62.514066326784, 69.7542153304663, 61.0035907882678, 74.2610493849325, 
55.9287689114033, 72.9069709166312, 79.4401776031044, 60.7788086823617, 
57.4861290182853, 61.590573040059, 69.3438676287567, 77.8234988051818, 
86.4743374724409, 77.255323550272, 58.5083943157847, 67.5566608841277, 
54.4486037849625, 42.7925183615128, 62.7539623644245, 44.6128879267989, 
57.9794108987272, 68.3751621464561, 76.2446422233331, 56.6100972938229, 
78.5044596368567, 77.6646257275354), .Names = c("1", "2", "3", 
"4", "5", "6", "8", "9", "10", "12", "13", "14", "15", "16", 
"17", "18", "19", "20", "21", "22", "24", "25", "26", "27", "28", 
"29", "30")), assign = 1:7, qr = structure(list(qr = structure(c(-5.19615242270663, 
0.192450089729875, 0.192450089729875, 0.192450089729875, 0.192450089729875, 
0.192450089729875, 0.192450089729875, 0.192450089729875, 0.192450089729875, 
0.192450089729875, 0.192450089729875, 0.192450089729875, 0.192450089729875, 
0.192450089729875, 0.192450089729875, 0.192450089729875, 0.192450089729875, 
0.192450089729875, 0.192450089729875, 0.192450089729875, 0.192450089729875, 
0.192450089729875, 0.192450089729875, 0.192450089729875, 0.192450089729875, 
0.192450089729875, 0.192450089729875, -348.719562590534, 70.3467601717852, 
-0.0780287364412797, 0.0214783337195374, -0.191751102339356, 
0.135200699617614, -0.149105215127578, -0.248612285288395, 0.0499089251940565, 
0.0641242209313161, 0.035693629456797, -0.262827581025654, -0.177535806602097, 
-0.362334651186471, -0.291258172500173, 0.0641242209313161, -0.0780287364412797, 
0.0925548124058353, 0.348430135676508, 0.0499089251940565, 0.391076022888286, 
0.149415995354874, -0.177535806602097, -0.149105215127578, 0.106770108143095, 
-0.291258172500173, -0.248612285288395, -278.475279839129, 37.4320326308127, 
-53.0034098114856, -0.075706467318834, -0.012820834695724, 0.0769060743699957, 
-0.0970914619501152, 0.250473687390347, -0.0564200426149869, 
-0.0090434088263427, 0.160337273653413, 0.448364292940387, -0.040911043780521, 
-0.241739647228969, 0.0706103645876936, 0.330557384104143, -0.124342243063939, 
0.406443940963071, -0.0803131118449159, 0.0756469324135353, 0.118416921676098, 
-0.0455176883066029, 0.185489484839803, 0.0538422237967673, -0.0367139039256529, 
0.202677339616216, -0.372127766315544, -293.87128701752, 38.6703428372584, 
-11.1993092197911, 48.2684858320112, -0.107781713378168, 0.123670080364893, 
0.0546436939298392, 0.0157286801850715, 0.0785726316673404, 0.250959607742599, 
0.275155952383693, 0.557391283462209, -0.253908605931057, -0.183741834899432, 
-0.0598830973881054, -0.366755652799726, -0.0531978074521516, 
0.0744881674426076, 0.103155243763194, -0.182367420860423, -0.35276932207614, 
-0.0166088494611066, 0.0179571101637227, -0.282048775483992, 
0.0825405083636648, -0.0514962842411523, -0.0534055120873466, 
-337.172557206741, 36.836569687152, -5.16778260521913, 16.2281513297429, 
37.9166840284646, 0.0835594819560166, -0.0630539048863254, 0.132268331220139, 
-0.0533339485690291, -0.0782152081012886, 0.0894348825868988, 
0.194679742628102, -0.0710853329627902, 0.515030941716979, -0.042145077543721, 
0.494384023059033, -0.208951813517518, -0.0141880208886574, 0.128431879702814, 
0.0352417991869256, 0.231231700849824, -0.197927926993655, -0.406850176221955, 
-0.0819328808918057, 0.183295735263701, 0.0432338267840593, 0.180789086275012, 
-377.971976229475, 3.57909557118111, -29.5108433872862, 6.46349207552832, 
-11.9476569075744, -38.5092475550624, 0.343248232571028, 0.0558799018762281, 
0.235378045526417, 0.28951918257315, 0.324410886032308, -0.157629338565995, 
0.150265346362176, 0.241551781569357, 0.184022825295378, -0.215334614745056, 
-0.389430167356256, -0.154812092862766, -0.149731622788591, -0.269703808149404, 
0.0650154105262848, -0.11573348244061, -0.121393516498681, 0.190121131527587, 
0.163135524172386, 0.183393002050158, -0.104752586442989, -227.476006060713, 
10.7846710326676, -14.0153888247995, 26.0485431054199, 21.7559864849447, 
4.99081053100262, -37.1909757584969, -0.389219181967166, 0.0343647129032831, 
0.160290210433163, -0.211862833937234, 0.0857745273161148, -0.188724385444754, 
-0.0026663254458361, 0.389695662615051, 0.262969989090455, -0.164643787217385, 
0.108490460799155, -0.0642360526866765, -0.284773635424216, 0.0285244688002545, 
-0.401442240236386, 0.400940566106979, -0.157986647277661, 0.0848496415291208, 
0.183383477542015, -0.0107405362947409), .Dim = c(27L, 7L), .Dimnames = list(
    c("1", "2", "3", "4", "5", "6", "8", "9", "10", "12", "13", 
    "14", "15", "16", "17", "18", "19", "20", "21", "22", "24", 
    "25", "26", "27", "28", "29", "30"), c("x1", "x2", "x3", 
    "x4", "x5", "x6", "x7")), assign = 1:7), qraux = c(1.19245008972988, 
1.00726303798228, 1.29072539273999, 1.09374745055647, 1.07450307990198, 
1.19513797274341, 1.00494759640469), pivot = 1:7, tol = 1e-07, 
    rank = 7L), .Names = c("qr", "qraux", "pivot", "tol", "rank"
), class = "qr"), df.residual = 20L, xlevels = structure(list(), .Names = character(0)), 
    call = quote(lm(formula = y ~ . + 0, data = structure(list(y = c(43, 
        63, 71, 61, 81, 43, 71, 72, 67, 67, 69, 68, 77, 81, 74, 
        65, 65, 50, 50, 64, 40, 63, 66, 78, 48, 85, 82), x1 = c(1, 
        1, 1, 1, 1, 1, 1, 1, 1, 1, 1, 1, 1, 1, 1, 1, 1, 1, 1, 
        1, 1, 1, 1, 1, 1, 1, 1), x2 = c(51, 64, 70, 63, 78, 55, 
        75, 82, 61, 60, 62, 83, 77, 90, 85, 60, 70, 58, 40, 61, 
        37, 54, 77, 75, 57, 85, 82), x3 = c(30, 51, 68, 45, 56, 
        49, 50, 72, 45, 47, 57, 83, 54, 50, 64, 65, 46, 68, 33, 
        52, 42, 42, 66, 58, 44, 71, 39), x4 = c(39, 54, 69, 47, 
        66, 44, 55, 67, 47, 39, 42, 45, 72, 72, 69, 75, 57, 54, 
        34, 62, 58, 48, 63, 74, 45, 71, 59), x5 = c(61, 63, 76, 
        54, 71, 54, 70, 71, 62, 59, 55, 59, 79, 60, 79, 55, 75, 
        64, 43, 66, 50, 66, 88, 80, 51, 77, 64), x6 = c(54, 78, 
        83, 64, 66, 80, 78, 80, 76, 78, 86, 74, 75, 75, 78, 80, 
        49, 77, 63, 64, 83, 63, 67, 80, 76, 83, 54), x7 = c(45, 
        47, 48, 35, 47, 34, 41, 31, 41, 41, 25, 35, 46, 36, 63, 
        60, 46, 52, 33, 41, 49, 33, 72, 49, 38, 55, 39)), .Names = c("y", 
        "x1", "x2", "x3", "x4", "x5", "x6", "x7"),