
expected <- structure(list(coefficients = structure(c(-3.90205346469868, 
0.622915353158464, 0.213313196433312, 0.203465546704777, 0.0196018914183405, 
0.1196698863811, -0.142552872984939), .Names = c("x1", "x2", 
"x3", "x4", "x5", "x6", "x7")), residuals = structure(c(-8.19134534662606, 
-0.874549066116525, -1.33200462404674, 0.5883028393953, 8.66248616628285, 
-5.42563938410267, -4.62842661563741, 1.40826760429845, -6.80667913584799, 
8.79800200136622, 1.07354832614865, 12.4654063100045, -5.85652534712155, 
0.00368242806805252, -2.82152896199423, -6.25175067127012, -2.0498672816935, 
-3.42953481613223, 7.81775487428939, 3.30755082442115, -6.31708684139885, 
-3.7085426296847, -2.52911534029814, 5.54398002506379, -4.67475501858706, 
7.89139919841591, 7.33697048280355), .Names = c("1", "2", "3", 
"4", "5", "6", "7", "8", "9", "10", "11", "12", "14", "15", "16", 
"17", "19", "20", "21", "22", "23", "24", "26", "27", "28", "29", 
"30")), effects = structure(c(-335.248056309443, 55.507881731414, 
-15.0304038373189, 6.04951740758127, -0.8354664385107, 5.76967385497887, 
-4.56776369378998, 4.8274453469056, -6.30874641887285, 10.5960367720299, 
1.98662332313117, 15.06895783946, -5.69611041948842, 2.49621208696521, 
-5.80115350020856, -5.06144326027661, 1.37849028890021, -2.67286912683475, 
8.3641598038062, 3.86242093070288, -4.98217039340209, -5.12804598144685, 
2.95488629913116, 7.71338341364147, -6.42330192707407, 8.66858180198704, 
6.49876390077821), .Names = c("x1", "x2", "x3", "x4", "x5", "x6", 
"x7", "", "", "", "", "", "", "", "", "", "", "", "", "", "", 
"", "", "", "", "", "")), rank = 7L, fitted.values = structure(c(51.1913453466261, 
63.8745490661165, 72.3320046240467, 60.4116971606047, 72.3375138337172, 
48.4256393841027, 62.6284266156374, 69.5917323957015, 78.806679135848, 
58.2019979986338, 62.9264516738513, 54.5345936899955, 73.8565253471215, 
76.996317571932, 83.8215289619942, 80.2517506712701, 67.0498672816935, 
53.4295348161322, 42.1822451257106, 60.6924491755788, 59.3170868413988, 
43.7085426296847, 68.5291153402981, 72.4560199749362, 52.6747550185871, 
77.1086008015841, 74.6630295171964), .Names = c("1", "2", "3", 
"4", "5", "6", "7", "8", "9", "10", "11", "12", "14", "15", "16", 
"17", "19", "20", "21", "22", "23", "24", "26", "27", "28", "29", 
"30")), assign = 1:7, qr = structure(list(qr = structure(c(-5.19615242270663, 
0.192450089729875, 0.192450089729875, 0.192450089729875, 0.192450089729875, 
0.192450089729875, 0.192450089729875, 0.192450089729875, 0.192450089729875, 
0.192450089729875, 0.192450089729875, 0.192450089729875, 0.192450089729875, 
0.192450089729875, 0.192450089729875, 0.192450089729875, 0.192450089729875, 
0.192450089729875, 0.192450089729875, 0.192450089729875, 0.192450089729875, 
0.192450089729875, 0.192450089729875, 0.192450089729875, 0.192450089729875, 
0.192450089729875, 0.192450089729875, -350.644063487833, 69.9767157041593, 
-0.0740027970375246, 0.0260304773103873, -0.188326539149424, 
0.140354219422287, -0.0311313937455624, -0.145455135857462, -0.245488410205373, 
0.0546114128383621, 0.168935154950261, 0.0689018806023495, -0.259778877969361, 
-0.174036071385436, -0.359812152317273, -0.288359813497336, -0.0740027970375246, 
0.0974828161303243, 0.354711235882098, 0.0546114128383621, -0.0168409259815749, 
0.39758263917406, -0.174036071385436, -0.145455135857462, 0.111773283894312, 
-0.288359813497336, -0.245488410205373, -263.271722750469, 18.2822717593945, 
-62.8630140807426, -0.0898512765430762, -0.087540941273539, -0.257583054835364, 
-0.12529242524222, 0.106069773234221, 0.0201863554416623, -0.0721307021935044, 
0.539610166770086, -0.118947032679853, 0.0510950808819723, 0.247425249345033, 
0.267456158964142, 0.31971139736109, -0.000751038829213425, -0.260302508790664, 
0.0105358956777505, -0.119853517331619, -0.315277201142913, 0.124608584955319, 
0.0247187787004961, -0.00528346208804713, -0.307118839277012, 
0.0174669014863621, -0.0275364596964526, -293.67883692779, 37.9020254461815, 
-18.7826109596261, 39.7667038281661, -0.190020146829156, -0.0535785363010389, 
-0.109781665896667, 0.171410618130773, -0.0922740612849517, 0.0707107683037842, 
0.0818379971641529, 0.228335759224002, 0.494240797015967, -0.13820568009262, 
0.048298346001474, 0.0906787711846683, -0.0145434480762203, -0.266741239192768, 
0.170530219421663, -0.337269563633341, -0.0947910534276049, -0.399472890713668, 
-0.0555273197188009, -0.378196841402438, -0.0839695827525449, 
-0.15455677105665, 0.0781189137380406, -339.28950819377, 36.8715239374229, 
-4.71774142866833, 20.8650662890919, 33.4441665574986, 0.117127449569687, 
0.0420148017681219, -0.100688146691179, 0.169375751431324, -0.0651766898694076, 
0.114491874721455, -0.134988456371416, 0.0781070222997547, -0.0398103483688685, 
0.594574329514812, -0.0721978658308948, -0.215165157544663, 0.0391208014413781, 
0.107531534162044, 0.13106257287985, 0.0414592610369908, 0.349579230321598, 
-0.448551289899885, 0.0104721532076141, 0.247889992065317, 0.0884223286950927, 
0.224749861958982, -389.711431702997, 9.93187509597131, 12.2421307797371, 
-0.540628234012788, 22.7194204359746, 43.6694830197913, 0.21337378862675, 
0.370639221320902, -0.119367162760942, -0.0276642708177689, 0.106284865852708, 
0.158985662725739, 0.139211109637291, 0.0469240052152607, 0.415247404033763, 
0.0775809560110028, -0.0605296863632341, -0.0669363069454175, 
0.178845536862573, -0.157423580017013, -0.0457874217898363, 0.138875434585561, 
0.260602074986415, -0.0153468781669864, -0.236124798154173, 0.123544690794467, 
0.00271636391300828, -225.166604983954, 11.2561251087674, -5.80965560026572, 
16.7371903631299, 29.531960556207, -3.81438670644342, 32.0425930263263, 
0.10246602088487, 0.380696457105066, 0.0561824269276661, 0.235577984913653, 
-0.0128657432507103, -0.0710342096858278, 0.158337062524227, 
-0.152997214086316, -0.460376053549492, 0.136238951014427, -0.194713442660243, 
0.03423509670674, 0.166385246129521, 0.164617766376298, -0.251774666230919, 
-0.422570669362888, 0.122348628713049, -0.075633357156864, -0.249598961691699, 
-0.048910240254781), .Dim = c(27L, 7L), .Dimnames = list(c("1", 
"2", "3", "4", "5", "6", "7", "8", "9", "10", "11", "12", "14", 
"15", "16", "17", "19", "20", "21", "22", "23", "24", "26", "27", 
"28", "29", "30"), c("x1", "x2", "x3", "x4", "x5", "x6", "x7"
)), assign = 1:7), qraux = c(1.19245008972988, 1.0117400095464, 
1.22195543181532, 1.08598662013032, 1.14871064963634, 1.58310461196307, 
1.28374958072883), pivot = 1:7, tol = 1e-07, rank = 7L), .Names = c("qr", 
"qraux", "pivot", "tol", "rank"), class = "qr"), df.residual = 20L, 
    xlevels = structure(list(), .Names = character(0)), call = quote(lm(formula = y ~ 
        . + 0, data = structure(list(y = c(43, 63, 71, 61, 81, 
        43, 58, 71, 72, 67, 64, 67, 68, 77, 81, 74, 65, 50, 50, 
        64, 53, 40, 66, 78, 48, 85, 82), x1 = c(1, 1, 1, 1, 1, 
        1, 1, 1, 1, 1, 1, 1, 1, 1, 1, 1, 1, 1, 1, 1, 1, 1, 1, 
        1, 1, 1, 1), x2 = c(51, 64, 70, 63, 78, 55, 67, 75, 82, 
        61, 53, 60, 83, 77, 90, 85, 70, 58, 40, 61, 66, 37, 77, 
        75, 57, 85, 82), x3 = c(45, 64, 64, 44, 45, 33, 42, 57, 
        52, 45, 83, 42, 54, 66, 68, 71, 50, 33, 49, 42, 30, 56, 
        52, 50, 30, 52, 49), x4 = c(39, 54, 69, 47, 66, 44, 56, 
        55, 67, 47, 58, 39, 45, 72, 72, 69, 57, 54, 34, 62, 50, 
        58, 63, 74, 45, 71, 59), x5 = c(61, 63, 76, 54, 71, 54, 
        66, 70, 71, 62, 58, 59, 59, 79, 60, 79, 75, 64, 43, 66, 
        63, 50, 88, 80, 51, 77, 64), x6 = c(92, 73, 86, 84, 83, 
        49, 68, 66, 83, 80, 67, 74, 77, 77, 54, 79, 85, 78, 64, 
        80, 80, 57, 76, 78, 83, 74, 78), x7 = c(45, 47, 48, 35, 
        47, 34, 35, 41, 31, 41, 34, 41, 35, 46, 36, 63, 46, 52, 
        33, 41, 37, 49, 72, 49, 38, 55, 39)), .Names = c("y", 
        "x1", "x2", "x3", "x4", "x5", "x6", "x7"),