
expected <- structure(list(coefficients = structure(c(-1.02696777892514, 
0.00919343402058675, 0.478830714654241, 0.201721636818793, 0.579131887302612, 
0.0072393698247231, -0.178538995380622), .Names = c("x1", "x2", 
"x3", "x4", "x5", "x6", "x7")), residuals = structure(c(-15.2137407204157, 
-4.71824659121643, -11.6817625045075, 15.1841734506314, -8.56652317074866, 
-5.54041692068008, -2.21312109695529, 2.28728100370758, 9.00947368456432, 
-12.5554367849379, -1.06651039340926, 1.58924114586323, 6.46415433679263, 
-2.73298369139348, 12.5103363659039, 1.2740433107234, -10.9441683785116, 
-5.69240076806929, 4.6143635060465, -8.76382693252052, -0.488483878063643, 
14.062222433472, 1.23185503530951, 7.40586627623187, -1.6270758991315, 
11.8114369456194, 8.37816639285074), .Names = c("1", "2", "4", 
"5", "6", "7", "8", "9", "10", "11", "12", "13", "14", "15", 
"16", "17", "18", "19", "20", "21", "23", "25", "26", "27", "28", 
"29", "30")), effects = structure(c(276.032862759135, -178.760767277419, 
84.0406050895361, -19.5768104929116, -35.854695659914, 6.62439452360946, 
-7.55925021547264, -6.08354472916963, 2.12169680958231, -25.3153715373729, 
3.72966974737167, 1.98304689435925, -3.60407316666373, -7.71141528806186, 
12.3435133329691, -2.60783451241503, -11.3653254411272, -2.42868504150879, 
0.545948220109685, -15.1552541005202, 4.80127894350262, 20.8626409739253, 
-1.46561256833088, 2.56917875336264, -1.98919697902885, 9.0223642265016, 
7.24484493740708), .Names = c("x1", "x2", "x3", "x4", "x5", "x6", 
"x7", "", "", "", "", "", "", "", "", "", "", "", "", "", "", 
"", "", "", "", "", "")), rank = 7L, fitted.values = structure(c(58.2137407204157, 
67.7182465912164, 72.6817625045075, 65.8158265493686, 51.5665231707487, 
63.5404169206801, 73.2131210969553, 69.7127189962924, 57.9905263154357, 
76.5554367849379, 68.0665103934093, 67.4107588541368, 61.5358456632074, 
79.7329836913935, 68.4896636340961, 72.7259566892766, 75.9441683785116, 
70.6924007680693, 45.3856364939535, 58.7638269325205, 53.4884838780636, 
48.937777566528, 64.7681449646905, 70.5941337237681, 49.6270758991315, 
73.1885630543806, 73.6218336071493), .Names = c("1", "2", "4", 
"5", "6", "7", "8", "9", "10", "11", "12", "13", "14", "15", 
"16", "17", "18", "19", "20", "21", "23", "25", "26", "27", "28", 
"29", "30")), assign = 1:7, qr = structure(list(qr = structure(c(7.36475954868665, 
-0.114960241382113, -0.195685335315738, -0.17944684695101, -0.315872351904162, 
-0.192371438838751, -0.226252629969498, -0.24649545135045, -0.161283164979593, 
-0.198851733119999, -0.0180896358778749, 0.0140457700059506, 
-0.285651382603731, -0.0913838858342629, -0.197991873764669, 
-0.0614591888228588, -0.391090617000737, -0.191439901559704, 
-0.36082937320834, -0.109973168305955, -0.118456670224311, -0.0450197853508697, 
0.0112368807784984, -0.128338268272471, -0.158351003301504, -0.275095817135328, 
-0.0449233560181952, 284.136466901562, -205.498097744718, 0.182573445659059, 
0.111328322102186, -0.0503393506496035, 0.103183645565201, -0.0477132046278126, 
0.0535644208455867, 0.115014624902335, 0.0966600762204193, 0.283495518311107, 
0.272049496895714, -0.0296490174974531, 0.170782012466545, 0.0975256776711872, 
0.11818071843001, 0.0199268334632847, 0.147917429446443, 0.0503901602461922, 
0.288322894376643, 0.294381415361559, 0.368308707880198, 0.410342377778039, 
0.167644426268351, 0.142297492871155, 0.12209756520454, 0.251616378908579, 
203.869313031577, -134.635278813769, 100.188047704163, -0.0175419859625631, 
0.083642675283976, 0.0207356190390173, -0.289498907802444, -0.0660132640646912, 
-0.0401777799146818, -0.387750923770661, 0.00757907789615841, 
-0.157574281993963, -0.14313285396867, -0.278358429433238, -0.238131173891211, 
-0.448153683153338, 0.237896858836677, 0.00243089269579354, 0.294310386912021, 
0.0852628464751081, 0.296430779147441, 0.28800055410445, 0.0414047848523055, 
-0.0664649459753047, 0.1434552201517, 0.074274494464036, -0.0660593732882656, 
257.503489884793, -149.154023836217, 39.1618253721704, -62.140013712078, 
0.065398275988172, 0.26775949731992, 0.212205602042089, 0.154159259620948, 
0.296832441356367, 0.0891157241335077, -0.117211849365669, 0.146562841333862, 
0.131325713700473, -0.0130591585409661, -0.377918020877804, 0.234107110621873, 
0.00321315712954701, -0.155424445231837, -0.0896288028224628, 
0.0225337329438126, -0.00807598605399028, -0.0559653179471488, 
0.277695015197506, 0.370947606399945, 0.14766014419123, -0.135731195502662, 
0.303889691623978, 281.162632806186, -179.877299573004, 52.658345384196, 
-10.7663457539757, -66.3695372314895, 0.0303297472988684, 0.236560403520628, 
-0.0100219032825867, -0.065367475565604, -0.336369557068498, 
0.554787400287134, 0.205639000753946, -0.043310135979292, 0.268959597240173, 
-0.0419590482270345, -0.0110202248197365, 0.166509859553303, 
0.213387203106072, -0.335178483106084, -0.298196712432403, 0.0143012980068084, 
0.0166083427027504, -0.217407642681847, 0.0410280694664362, 0.00352749147306979, 
0.00917168934354289, 0.254286796083936, 317.194966863028, -203.049776394603, 
56.3342322755472, -36.4555198559502, -9.53181809028904, -44.437991546818, 
0.107708625651401, -0.248208087103798, 0.10720795573573, 0.104272548832009, 
-0.346229269457384, -0.151746315036959, 0.19567365676599, -0.440516526282741, 
0.095999297197916, 0.232549091852917, -0.156344212616357, 0.00666082758183666, 
0.351185138056631, -0.325942979898031, 0.150991021363502, 0.235987152427961, 
-0.0451551850121101, -0.0509711017694309, 0.103037413389402, 
-0.26455420110338, -0.178979154239532, 188.784575846026, -130.650443523584, 
15.325773438631, 3.04009825735614, -14.848431553933, -38.9052126336693, 
42.3394911535002, -0.0696686029836917, -0.288099884954612, -0.247536986904696, 
-0.166836831006718, 0.15366385867731, -0.582618363436988, -0.0849229515399581, 
0.183297195708695, 0.333788035005532, 0.25923248423097, 0.185687831600959, 
-0.379294446062939, -0.101343302265188, 0.0571317996954933, -0.100180049237177, 
0.0283921516043412, 0.0760613350157713, -0.00428785062271281, 
0.0946896689202404, 0.076496823894099), .Dim = c(27L, 7L), .Dimnames = list(
    c("1", "2", "4", "5", "6", "7", "8", "9", "10", "11", "12", 
    "13", "14", "15", "16", "17", "18", "19", "20", "21", "23", 
    "25", "26", "27", "28", "29", "30"), c("x1", "x2", "x3", 
    "x4", "x5", "x6", "x7")), assign = 1:7), qraux = c(1.03512374695676, 
1.28330251788943, 1.11760745852248, 1.35456803631252, 1.1035101222588, 
1.12674207714569, 1.13118952258707), pivot = 1:7, tol = 1e-07, 
    rank = 7L), .Names = c("qr", "qraux", "pivot", "tol", "rank"
), class = "qr"), df.residual = 20L, xlevels = structure(list(), .Names = character(0)), 
    call = quote(lm(formula = y ~ . + 0, data = structure(list(y = c(43, 
        63, 61, 81, 43, 58, 71, 72, 67, 64, 67, 69, 68, 77, 81, 
        74, 65, 65, 50, 50, 53, 63, 66, 78, 48, 85, 82), x1 = c(-0.25867795078543, 
        0.846654535438241, 1.44117544180453, 1.32158287956416, 
        2.32632391985229, 1.41676939108228, 1.66629621698333, 
        1.81537972904105, 1.18781172932586, 1.4644952002684, 
        0.133225818563844, -0.103443718769981, 2.10375374762637, 
        0.673020345793978, 1.45816254287071, 0.452632147737685, 
        2.88028835595793, 1.40990884301146, 2.65742157178274, 
        0.809925941380608, 0.872404893140121, 0.331559894042641, 
        -0.0827569250108997, 0.945180486721588, 1.16621706360886, 
        2.02601454605116, 0.330849715194053), x2 = c(70, 82, 
        78, 60, 55, 61, 37, 62, 57, 61, 62, 53, 53, 54, 61, 37, 
        85, 70, 85, 82, 85, 85, 82, 61, 62, 82, 61), x3 = c(45, 
        64, 44, 45, 33, 42, 57, 52, 45, 83, 42, 52, 54, 66, 68, 
        71, 39, 50, 33, 49, 30, 30, 52, 50, 30, 52, 49), x4 = c(58, 
        45, 72, 72, 56, 67, 58, 66, 66, 67, 34, 47, 63, 47, 34, 
        54, 72, 47, 63, 59, 54, 47, 69, 72, 55, 59, 63),