
expected <- structure(list(coefficients = structure(c(-1.33153973183307, 
-0.280543690537592, 0.0571065759323954, -0.034856498125952, 0.392846288870768, 
0.500413269523125, 0.473939781669756), .Names = c("x1", "x2", 
"x3", "x4", "x5", "x6", "x7")), residuals = structure(c(-21.0793400019304, 
-10.755624531467, 1.57570477140908, 15.3877528254368, 2.46916941157453, 
-0.0906641267051786, 20.3302875812623, -4.47997084991305, 9.9607024437656, 
8.59336602373435, 1.16303617635619, 5.14613818011725, 8.38599067809932, 
16.0521297660874, 8.85375744390414, -10.3450032356768, -1.11970269635564, 
-22.6700675592126, -7.01668656539129, -11.9262983910559, -6.96851426898497, 
-4.05623490687783, -0.338077343105509, -5.13463742103867, -7.19229732675164, 
16.5345416177134, 8.3335428466098), .Names = c("1", "2", "3", 
"5", "7", "8", "9", "10", "11", "12", "13", "14", "15", "16", 
"17", "18", "19", "21", "22", "23", "24", "25", "26", "27", "28", 
"29", "30")), effects = structure(c(-211.280076730976, -253.099346727199, 
49.4444734778543, -47.4438318358285, 54.602646547587, -38.059617677927, 
-24.1037870567517, -8.90156592629112, 9.74090668444253, 12.5545460901524, 
7.54399153924495, 13.3089189834844, 7.90948135640976, 25.7103474502841, 
8.81228008665279, -4.86657252827112, 1.47360104355612, -22.4997619132409, 
-4.51072279516775, -9.57098339532482, 3.25507931910177, 1.19476398442659, 
11.806505581532, -15.5222225717826, -6.33463809353258, 22.3803340758923, 
14.1907013926463), .Names = c("x1", "x2", "x3", "x4", "x5", "x6", 
"x7", "", "", "", "", "", "", "", "", "", "", "", "", "", "", 
"", "", "", "", "", "")), rank = 7L, fitted.values = structure(c(64.0793400019304, 
73.755624531467, 69.4242952285909, 65.6122471745632, 55.5308305884255, 
71.0906641267052, 51.6697124187377, 71.4799708499131, 54.0392975562344, 
58.4066339762656, 67.8369638236438, 62.8538618198828, 68.6140093219007, 
64.9478702339126, 65.1462425560959, 75.3450032356768, 66.1197026963556, 
72.6700675592126, 71.0166865653913, 64.9262983910559, 46.968514268985, 
67.0562349068778, 66.3380773431055, 83.1346374210387, 55.1922973267516, 
68.4654583822866, 73.6664571533902), .Names = c("1", "2", "3", 
"5", "7", "8", "9", "10", "11", "12", "13", "14", "15", "16", 
"17", "18", "19", "21", "22", "23", "24", "25", "26", "27", "28", 
"29", "30")), assign = 1:7, qr = structure(list(qr = structure(c(-7.5376080075399, 
-0.0600703923415139, -0.0979311111394579, 0.165907971583151, 
0.0619191899774249, -0.187320312760164, 0.0834873632563286, 0.0971645293002197, 
0.0367066374965376, 0.395421332724662, 0.160096625278511, 0.329453198819438, 
0.183700965684058, -0.043020353635515, 0.0600965386098564, 0.350441067318828, 
0.0744101294199011, 0.315216813460065, 0.295697026613377, 0.0185825022542928, 
-0.0146516438460268, 0.290366116304869, 0.0139354169560096, -0.0368624271230126, 
0.126755065021567, 0.356240448850721, 0.0806783185437484, -210.157529365446, 
-262.548686629759, 0.284328505443208, 0.0530709651710096, 0.160148192103975, 
0.438917850904825, 0.235529828028158, 0.127728887229888, 0.198574426467668, 
-0.0780544385809374, 0.119357425353368, -0.0478462868514424, 
-0.0166187980678377, 0.241438225602638, 0.180868786905691, -0.128092388490332, 
0.255305685125414, 0.0223808602836219, -0.0434584666473298, 0.18858361443642, 
0.337226325857268, 0.0185772623805518, 0.29950497467224, 0.235774052669795, 
0.180496138595421, -0.11057386095816, 0.0781433086603324, -172.005133896557, 
-210.954496604399, 75.2823636425718, 0.0524734560683233, -0.0965098180801218, 
0.179280173971335, 0.0942672787983789, -0.278421185353196, 0.290605112849865, 
0.113807838732815, 0.367267046475672, -0.218164168651708, -0.281091952622483, 
-0.0111978153123429, 0.123905444318361, -0.324398195021454, 0.345500012647542, 
0.352394159852264, 0.0512870777506336, 0.0910471523001575, 0.0765856156057004, 
0.114747419851376, 0.0859111667617499, 0.0536064951574438, 0.00794147677802952, 
-0.0141710080983524, -0.214267933629966, -170.253403142828, -230.273349318637, 
29.8920225171963, -76.781705514361, 0.00694249162863759, -0.150174224985683, 
-0.237782303991366, -0.0661523688349133, 0.249417938165317, 0.0911167377089566, 
-0.130736989407289, 0.0110500431982123, 0.00494366616068352, 
-0.0636776408470514, -0.294434945599894, 0.134146890730501, -0.0262146129626281, 
0.0265895531090837, -0.0330841287106036, 0.0381752936036781, 
-0.581944141319806, -0.277479491428492, -0.264458992427134, 0.271045215919061, 
0.0206450840783036, 0.0583671669548151, -0.0959458458215347, 
-210.68770614353, -262.501378673401, 43.5531848333422, -41.8685226845975, 
60.5298568776048, 0.226151475965251, 0.351490761528645, -0.0376735191948307, 
0.0324652779896294, 0.200994733223617, -0.305698266662302, 0.0219517058080655, 
-0.174491141799958, -0.168320235218773, 0.00422936549089028, 
-0.0877309770815125, 0.068536996403299, -0.109613632224381, -0.241279785379085, 
0.0139941489587935, 0.252998462291261, 0.125322650330098, 0.0530559483465703, 
0.112246856090507, 0.521286678649502, -0.249666194562927, -0.318878259603631, 
-253.318503596145, -277.320789817386, 34.933138777296, -54.0213762908048, 
52.0663914581512, -61.5335101405007, -0.245447758462253, -0.168235096004069, 
-0.249079359284931, -0.102922887524977, -0.126347637297886, -0.141018890205651, 
0.126037794233944, 0.20506583264792, 0.209153477685882, 0.217763789936336, 
-0.243226562067117, -0.321501042577958, -0.07485751235658, 0.260763595213803, 
-0.0671707453037581, 0.271484940926258, 0.060332893196854, 0.308731968707278, 
0.0347767901292783, -0.0654665114968952, 0.330000588815587, -141.062349791424, 
-170.565260318747, 24.4684534131994, -14.0086698268709, 10.0624676592774, 
-15.3340845490549, -50.8583326173436, 0.471225410764091, -0.0537048095560791, 
0.0110987541396737, 0.0164483407138402, -0.113596365976223, 0.24795847344167, 
-0.335126343433339, 0.327324482876234, -0.0647549994193535, 0.0433919883273583, 
0.283794424996998, 0.205619676829495, -0.0612105258875469, -0.0256071155637663, 
0.149686338339452, -0.295347121205652, 0.37365926482779, 0.0235181542635225, 
0.00415122882203099, -0.0355099054027012), .Dim = c(27L, 7L), .Dimnames = list(
    c("1", "2", "3", "5", "7", "8", "9", "10", "11", "12", "13", 
    "14", "15", "16", "17", "18", "19", "21", "22", "23", "24", 
    "25", "26", "27", "28", "29", "30"), c("x1", "x2", "x3", 
    "x4", "x5", "x6", "x7")), assign = 1:7), qraux = c(1.14766418441205, 
1.20760653575638, 1.24463047865427, 1.37940468060594, 1.12649873904516, 
1.35521029769645, 1.31055505310136), pivot = 1:7, tol = 1e-07, 
    rank = 7L), .Names = c("qr", "qraux", "pivot", "tol", "rank"
), class = "qr"), df.residual = 20L, xlevels = structure(list(), .Names = character(0)), 
    call = quote(lm(formula = y ~ . + 0, data = structure(list(y = c(43, 
        63, 71, 81, 58, 71, 72, 67, 64, 67, 69, 68, 77, 81, 74, 
        65, 65, 50, 64, 53, 40, 63, 66, 78, 48, 85, 82), x1 = c(1.11303473885111, 
        -0.452787070329459, -0.738166327512058, 1.25054925511986, 
        0.466722582194222, -1.41194708943589, 0.629295017809295, 
        0.732388134102181, 0.276680244723766, 2.98053100389751, 
        1.20674560467942, 2.48328906953103, 1.38466586993297, 
        -0.324270562050256, 0.452984150651084, 2.64148739519323, 
        0.560874387357527, 2.3759807772478, 2.22884827560673, 
        0.140067617792086, -0.110438347977434, 2.18866596337784, 
        0.105039710436025, -0.277854525859776, 0.955429993102805, 
        2.6852008598668, 0.608121539890213), x2 = c(67, 40, 51, 
        54, 57, 70, 82, 57, 61, 75, 70, 67, 40, 53, 62, 51, 85, 
        82, 60, 54, 85, 75, 82, 53, 78, 57, 40), x3 = c(58, 66, 
        30, 42, 58, 54, 66, 71, 33, 52, 33, 71, 54, 50, 46, 64, 
        50, 42, 45, 42, 72, 54, 68, 45, 68, 46, 51), x4 = c(59, 
        74, 57, 75, 57, 62, 58, 54, 72, 63, 45, 59, 39, 50, 34, 
        54, 72, 63, 44, 54, 39, 39, 59, 74, 74, 47, 34),