
expected <- structure(list(coefficients = structure(c(-4.17875468348672, 
0.583660932391916, -0.0339405917054235, 0.477835791942408, 0.131400020426936, 
0.132032670773385, -0.317543816969585), .Names = c("x1", "x2", 
"x3", "x4", "x5", "x6", "x7")), residuals = structure(c(-5.158466053667, 
1.8404654237185, -1.12532781215359, -0.909151710105903, 5.57295924027767, 
-7.18439466438034, -8.79641665075123, 0.744784393513354, 10.3997640051391, 
3.95000007927956, 10.4624232602892, -4.12092785938979, -6.13666509095363, 
-1.32861821489655, -1.36303345227999, -0.538645962698814, -5.10182302854131, 
8.40539356823436, -0.581388895474499, -9.90443930157658, -2.37328714039309, 
5.3975453743954, 2.58075770776599, 2.12718791398496, -8.66359104274675, 
7.46730722254765, 4.33758869086329), .Names = c("1", "2", "3", 
"4", "5", "6", "7", "8", "10", "11", "13", "14", "16", "17", 
"18", "19", "20", "21", "22", "23", "24", "25", "26", "27", "28", 
"29", "30")), effects = structure(c(-331.591504604575, -52.8406667457116, 
1.16535851229253, 13.6513149923323, 8.46626530301318, 2.75991620615966, 
-11.4786029829493, 3.04570392106953, 10.1160116166209, 8.82088803283034, 
14.048627672243, -2.3353954892281, -1.84339293834902, -3.24136023812189, 
0.665598859854048, -1.58821501643795, -4.83774156338248, 11.6354892898464, 
1.42686896785493, -8.91251626773727, -0.06836858654277, 8.71332131618902, 
-1.25054399610732, 3.42769385448045, -7.40340382601786, 7.26212525424359, 
5.38671514097695), .Names = c("x1", "x2", "x3", "x4", "x5", "x6", 
"x7", "", "", "", "", "", "", "", "", "", "", "", "", "", "", 
"", "", "", "", "", "")), rank = 7L, fitted.values = structure(c(48.158466053667, 
61.1595345762815, 72.1253278121536, 61.9091517101059, 75.4270407597223, 
50.1843946643803, 66.7964166507512, 70.2552156064866, 56.6002359948609, 
60.0499999207204, 58.5375767397108, 72.1209278593898, 87.1366650909536, 
75.3286182148966, 66.36303345228, 65.5386459626988, 55.1018230285413, 
41.5946064317656, 64.5813888954745, 62.9044393015766, 42.3732871403931, 
57.6024546256046, 63.419242292234, 75.872812086015, 56.6635910427467, 
77.5326927774523, 77.6624113091367), .Names = c("1", "2", "3", 
"4", "5", "6", "7", "8", "10", "11", "13", "14", "16", "17", 
"18", "19", "20", "21", "22", "23", "24", "25", "26", "27", "28", 
"29", "30")), assign = 1:7, qr = structure(list(qr = structure(c(-5.19615242270663, 
0.192450089729875, 0.192450089729875, 0.192450089729875, 0.192450089729875, 
0.192450089729875, 0.192450089729875, 0.192450089729875, 0.192450089729875, 
0.192450089729875, 0.192450089729875, 0.192450089729875, 0.192450089729875, 
0.192450089729875, 0.192450089729875, 0.192450089729875, 0.192450089729875, 
0.192450089729875, 0.192450089729875, 0.192450089729875, 0.192450089729875, 
0.192450089729875, 0.192450089729875, 0.192450089729875, 0.192450089729875, 
0.192450089729875, 0.192450089729875, -342.368709629448, -68.8379740162845, 
0.0946285258367066, -0.00705953369775985, 0.210843451018954, 
-0.123274458880007, 0.0510479288933639, 0.167262854075611, -0.0361132649933217, 
-0.152328190175569, -0.0215863993455408, 0.283477779257859, 0.385165838792325, 
0.312531510553421, -0.0506401306411026, 0.0946285258367066, -0.0796938619366645, 
-0.341177443596721, -0.0361132649933217, 0.0365210632455829, 
-0.384758040540064, -0.137801324527788, 0.196316585371173, 0.167262854075611, 
-0.0942207275844454, 0.312531510553421, 0.268950913610078, -273.471577506153, 
-33.2358545059397, -53.2510494878393, -0.070052322797673, -0.00669154004805236, 
0.0814411228608679, -0.164578018240964, -0.0907237925312555, 
-0.0509579339970586, 0.175651402117566, 0.164842542970884, 0.452604748528973, 
-0.233931708535864, 0.0767098800619636, 0.334168712683665, -0.118103710985803, 
0.409600019326341, -0.0758145229588567, 0.080494874301087, 0.032758902299551, 
0.121837813768252, -0.0404644910369705, 0.190645380492463, 0.0595079883809109, 
-0.0315481290098505, 0.208162688360109, -0.364122852087635, -291.176985761301, 
-32.7887498632246, -12.0111858195518, 45.9738214702459, -0.126776264009074, 
0.146469422888452, -0.0900171792328606, 0.0462799188113019, 0.0896046789845458, 
-0.14017645812747, 0.29795177230988, 0.572139119503493, -0.225001870218563, 
-0.0840514605148644, -0.370965020032825, -0.0610621517971232, 
0.0959399796426184, 0.141459594833629, -0.182404373202978, 0.111445026063237, 
-0.3305079318491, -0.00136645725563106, 0.00943141373069283, 
-0.304983229318835, 0.099090725323558, -0.0732908932916216, -0.0800336620639995, 
-335.440506399173, -14.0862173897982, -3.57529261263974, 0.340008324341166, 
41.1016644843904, 0.138977276646124, -0.0674431347545525, -0.313929548331594, 
0.267709192432653, -0.264499140204435, 0.0566053672834458, -0.143336452327684, 
-0.222169909951813, 0.0882409178631447, -0.399084654670411, 0.349087012606631, 
0.0188180238138505, -0.37614629969886, 0.0774710350963879, 0.142668304236185, 
0.0930367410872049, -0.272536075012527, 0.235908641760087, 0.10362817293161, 
-0.125058733081309, 0.17319694758948, -0.070483307743948, -386.632230267319, 
-8.06563862688463, -1.53998245972937, -0.682271547394574, -12.0919521469015, 
50.4817951829707, 0.126690225016147, 0.124101937711673, 0.0366610456074168, 
0.110371864914606, 0.367232117328772, 0.129635315357171, 0.347857506033116, 
0.0175780084539504, -0.19322041244862, -0.0574348649631728, 0.0613644535486028, 
0.120852047201961, -0.0455408083310463, 0.0165079993895528, 0.374050979516074, 
-0.0625693753508629, 0.147997745778782, -0.00278094242701513, 
-0.153070812283807, 0.166319793486669, -0.0849355064752072, -225.166604983954, 
-15.0934134080444, -18.1722398077161, 26.0474835996643, -14.6815596395288, 
12.2985548090739, 36.1480916003751, -0.0444152030056569, 0.0168989330449193, 
0.279182745479781, 0.231291733881288, 0.0261162188860423, 0.324931269328685, 
-0.254944308212022, -0.0687494073825616, 0.0917518003271238, 
-0.184406114892049, -0.170133054612115, 0.276957977280169, 0.155827949131595, 
-0.101959370167821, 0.152041192321156, -0.590314296589463, 0.246335164892778, 
0.0228281299738566, -0.00637168508413521, 0.175651797006773), .Dim = c(27L, 
7L), .Dimnames = list(c("1", "2", "3", "4", "5", "6", "7", "8", 
"10", "11", "13", "14", "16", "17", "18", "19", "20", "21", "22", 
"23", "24", "25", "26", "27", "28", "29", "30"), c("x1", "x2", 
"x3", "x4", "x5", "x6", "x7")), assign = 1:7), qraux = c(1.19245008972988, 
1.00746733195002, 1.29503368652266, 1.1027371946009, 1.07620283021117, 
1.62979873059402, 1.20947683834718), pivot = 1:7, tol = 1e-07, 
    rank = 7L), .Names = c("qr", "qraux", "pivot", "tol", "rank"
), class = "qr"), df.residual = 20L, xlevels = structure(list(), .Names = character(0)), 
    call = quote(lm(formula = y ~ . + 0, data = structure(list(y = c(43, 
        63, 71, 61, 81, 43, 58, 71, 67, 64, 69, 68, 81, 74, 65, 
        65, 50, 50, 64, 53, 40, 63, 66, 78, 48, 85, 82), x1 = c(1, 
        1, 1, 1, 1, 1, 1, 1, 1, 1, 1, 1, 1, 1, 1, 1, 1, 1, 1, 
        1, 1, 1, 1, 1, 1, 1, 1), x2 = c(51, 64, 70, 63, 78, 55, 
        67, 75, 61, 53, 62, 83, 90, 85, 60, 70, 58, 40, 61, 66, 
        37, 54, 77, 75, 57, 85, 82), x3 = c(30, 51, 68, 45, 56, 
        49, 42, 50, 45, 53, 57, 83, 50, 64, 65, 46, 68, 33, 52, 
        52, 42, 42, 66, 58, 44, 71, 39), x4 = c(39, 54, 69, 47, 
        66, 44, 56, 55, 47, 58, 42, 45, 72, 69, 75, 57, 54, 34, 
        62, 50, 58, 48, 63, 74, 45, 71, 59), x5 = c(54, 70, 66, 
        64, 64, 55, 66, 79, 51, 71, 61, 77, 79, 66, 79, 50, 62, 
        71, 59, 58, 51, 71, 58, 62, 66, 63, 70), x6 = c(92, 73, 
        86, 84, 83, 49, 68, 66, 80, 67, 63, 77, 54, 79, 80, 85, 
        78, 64, 80, 80, 57, 75, 76, 78, 83, 74, 78), x7 = c(45, 
        47, 48, 35, 47, 34, 35, 41, 41, 34, 25, 35, 36, 63, 60, 
        46, 52, 33, 41, 37, 49, 33, 72, 49, 38, 55, 39)), .Names = c("y", 
        "x1", "x2", "x3", "x4", "x5", "x6", "x7"),