
expected <- structure(list(coefficients = structure(c(-0.290404279146492, 
0.845528097956467, -0.12911662837607, 0.132982448934826, 0.0925900736945522, 
0.0429145489978262, -0.0485045256408211), .Names = c("x1", "x2", 
"x3", "x4", "x5", "x6", "x7")), residuals = structure(c(-9.62163431461892, 
3.09111984056543, 6.10093101905523, 1.73903917845946, 7.13365414430264, 
-11.5162383031462, -9.04539732010433, 0.357526063272075, -4.22462950162891, 
8.35416544104326, 10.1495148827274, 9.32827206614834, -4.09255167254134, 
0.795527083469811, 0.335764228923482, -2.94931011047814, -2.56815678487274, 
-6.56186009889212, 5.62919046860659, 2.96200766833136, -9.52223172423409, 
2.01686978712872, -6.98750978319571, 4.41200609392159, -6.24965786197834, 
8.56727562860154, 2.36631388113388), .Names = c("1", "2", "3", 
"4", "5", "6", "7", "8", "9", "10", "11", "12", "14", "15", "16", 
"17", "19", "20", "21", "22", "23", "24", "26", "27", "28", "29", 
"30")), effects = structure(c(-335.248056309443, 55.507881731414, 
5.01730832808559, 8.43066551999537, 2.70194418088288, 2.2586228771813, 
-1.43662690063905, 7.31008824431286, -4.62646683464101, 10.7379336429391, 
9.948847072409, 10.6579542538338, -9.34730894936568, 4.75595201621363, 
6.37328689388772, 0.158004244981274, 3.2704265789515, -11.8686849864726, 
2.81035983938005, 3.10502634929403, -7.89025633471786, 2.95983328692782, 
-2.76654261153509, 8.08586162311362, -8.59601463591803, 11.3148046301133, 
3.80532903843915), .Names = c("x1", "x2", "x3", "x4", "x5", "x6", 
"x7", "", "", "", "", "", "", "", "", "", "", "", "", "", "", 
"", "", "", "", "", "")), rank = 7L, fitted.values = structure(c(52.6216343146189, 
59.9088801594346, 64.8990689809448, 59.2609608215405, 73.8663458556974, 
54.5162383031462, 67.0453973201043, 70.6424739367279, 76.2246295016289, 
58.6458345589567, 53.8504851172726, 57.6717279338517, 72.0925516725413, 
76.2044729165302, 80.6642357710765, 76.9493101104781, 67.5681567848727, 
56.5618600988921, 44.3708095313934, 61.0379923316686, 62.5222317242341, 
37.9831302128713, 72.9875097831957, 73.5879939060784, 54.2496578619783, 
76.4327243713985, 79.6336861188661), .Names = c("1", "2", "3", 
"4", "5", "6", "7", "8", "9", "10", "11", "12", "14", "15", "16", 
"17", "19", "20", "21", "22", "23", "24", "26", "27", "28", "29", 
"30")), assign = 1:7, qr = structure(list(qr = structure(c(-5.19615242270663, 
0.192450089729875, 0.192450089729875, 0.192450089729875, 0.192450089729875, 
0.192450089729875, 0.192450089729875, 0.192450089729875, 0.192450089729875, 
0.192450089729875, 0.192450089729875, 0.192450089729875, 0.192450089729875, 
0.192450089729875, 0.192450089729875, 0.192450089729875, 0.192450089729875, 
0.192450089729875, 0.192450089729875, 0.192450089729875, 0.192450089729875, 
0.192450089729875, 0.192450089729875, 0.192450089729875, 0.192450089729875, 
0.192450089729875, 0.192450089729875, -350.644063487833, 69.9767157041593, 
-0.0740027970375246, 0.0260304773103873, -0.188326539149424, 
0.140354219422287, -0.0311313937455624, -0.145455135857462, -0.245488410205373, 
0.0546114128383621, 0.168935154950261, 0.0689018806023495, -0.259778877969361, 
-0.174036071385436, -0.359812152317273, -0.288359813497336, -0.0740027970375246, 
0.0974828161303243, 0.354711235882098, 0.0546114128383621, -0.0168409259815749, 
0.39758263917406, -0.174036071385436, -0.145455135857462, 0.111773283894312, 
-0.288359813497336, -0.245488410205373, -275.203628313722, 37.1192253786653, 
-51.7989002803227, -0.0646111375218958, 0.00305168115368953, 
0.0897822602435688, -0.161113265566024, -0.0838415133947335, 
0.273352707176091, -0.045318217241926, 0.186296897169124, 0.00293910122085157, 
0.476065967811465, -0.0259127170291181, -0.228538415494507, 0.0899698934649654, 
-0.112830929340394, 0.427646033890144, -0.074407704238998, 0.0898197868878481, 
0.0415874861879235, 0.128280538633523, 0.205752432907637, 0.0706019198964369, 
-0.0260378058433825, 0.22510789759474, -0.363726455149987, -290.214735312652, 
-16.2493204008214, -9.92326159973225, 58.8123785706898, -0.0652594485203497, 
-0.227096748587668, -0.208764672681611, 0.0541771944219125, -0.0918125128217693, 
0.164141468365901, -0.269824875065689, 0.0832661239126273, 0.172103984042121, 
-0.371179439355789, 0.209121661629131, 0.131808924969381, 0.111881115317484, 
-0.299518024751914, -0.31303607869127, -0.202924638847669, 0.126442829221297, 
-0.00855691097379595, -0.206142196331544, -0.311888226609359, 
0.222708048605857, 0.0878040586332374, -0.17584482644981, -339.28950819377, 
36.8715239374229, -8.58423415944909, 13.5369255497197, 36.3205578525272, 
0.287838691354594, 0.0376786845457442, -0.0528754476508045, 0.22406671583447, 
-0.0817213464136904, 0.203350487192619, 0.0426590538555353, 0.514019238435064, 
-0.0428718630113773, 0.319347882975137, -0.126204189739377, -0.303876217603269, 
0.214371350698597, 0.348930757411839, 0.035470932614491, 0.0152145507555398, 
0.0361654965208226, -0.287515557732549, -0.094410362935798, 0.139733188268316, 
-0.00103533929880464, 0.228158399315885, -389.711431702997, 9.93187509597131, 
-2.61272901832825, -12.0304702873439, 22.8857699804557, 43.5665103172358, 
0.117778739765101, 0.344817780936345, -0.11868558147462, 0.0139435943856852, 
0.0424209605571883, 0.0744738553020281, 0.0279814192992649, -0.0405931065615451, 
0.563571606072053, 0.181802305032802, 0.00605992639910119, -0.159908676985688, 
-0.071793841263521, -0.140236012761458, -0.00144556203122921, 
0.347494481668922, 0.182877058753669, -0.0141020591098328, -0.143784753546046, 
0.251535664820113, -0.144102041513084, -225.166604983954, 11.2561251087674, 
-11.4580557756746, 2.62761744324518, 33.8754254944464, -8.01957611931809, 
29.6184094506429, 0.177975835524197, 0.373856320213977, 0.0975068530455004, 
0.221082985217887, 0.0133012964891841, -0.033195520319911, 0.0959179218990867, 
-0.0557291112076648, -0.425118884580098, 0.180566609457, -0.302578479764665, 
-0.0509580134911548, 0.109503672407397, 0.192890261502319, -0.226246427126637, 
-0.452391609389706, 0.065902239634041, -0.0758166684471022, -0.211069565193444, 
-0.131249383400453), .Dim = c(27L, 7L), .Dimnames = list(c("1", 
"2", "3", "4", "5", "6", "7", "8", "9", "10", "11", "12", "14", 
"15", "16", "17", "19", "20", "21", "22", "23", "24", "26", "27", 
"28", "29", "30"), c("x1", "x2", "x3", "x4", "x5", "x6", "x7"
)), assign = 1:7), qraux = c(1.19245008972988, 1.0117400095464, 
1.31188851221032, 1.26188200918534, 1.0539095630822, 1.42775162276303, 
1.26868895531758), pivot = 1:7, tol = 1e-07, rank = 7L), .Names = c("qr", 
"qraux", "pivot", "tol", "rank"), class = "qr"), df.residual = 20L, 
    xlevels = structure(list(), .Names = character(0)), call = quote(lm(formula = y ~ 
        . + 0, data = structure(list(y = c(43, 63, 71, 61, 81, 
        43, 58, 71, 72, 67, 64, 67, 68, 77, 81, 74, 65, 50, 50, 
        64, 53, 40, 66, 78, 48, 85, 82), x1 = c(1, 1, 1, 1, 1, 
        1, 1, 1, 1, 1, 1, 1, 1, 1, 1, 1, 1, 1, 1, 1, 1, 1, 1, 
        1, 1, 1, 1), x2 = c(51, 64, 70, 63, 78, 55, 67, 75, 82, 
        61, 53, 60, 83, 77, 90, 85, 70, 58, 40, 61, 66, 37, 77, 
        75, 57, 85, 82), x3 = c(30, 51, 68, 45, 56, 49, 42, 50, 
        72, 45, 53, 47, 83, 54, 50, 64, 46, 68, 33, 52, 52, 42, 
        66, 58, 44, 71, 39), x4 = c(47, 45, 48, 39, 57, 69, 66, 
        50, 59, 45, 72, 50, 44, 75, 39, 45, 47, 74, 75, 67, 47, 
        58, 66, 72, 42, 48, 62), x5 = c(61, 63, 76, 54, 71, 54, 
        66, 70, 71, 62, 58, 59, 59, 79, 60, 79, 75, 64, 43, 66, 
        63, 50, 88, 80, 51, 77, 64), x6 = c(92, 73, 86, 84, 83, 
        49, 68, 66, 83, 80, 67, 74, 77, 77, 54, 79, 85, 78, 64, 
        80, 80, 57, 76, 78, 83, 74, 78), x7 = c(45, 47, 48, 35, 
        47, 34, 35, 41, 31, 41, 34, 41, 35, 46, 36, 63, 46, 52, 
        33, 41, 37, 49, 72, 49, 38, 55, 39)), .Names = c("y", 
        "x1", "x2", "x3", "x4", "x5", "x6", "x7"),