
expected <- structure(list(coefficients = structure(c(-4.62885049973332, 
0.6692216544485, -0.137042729843245, 0.388893401291446, 0.105040260937114, 
0.0896030442275874, -0.0909157240600927), .Names = c("x1", "x2", 
"x3", "x4", "x5", "x6", "x7")), residuals = structure(c(-8.32682355748138, 
1.06175844297207, 2.67467553302539, 0.394677439673556, 7.75624497837526, 
-8.85703076976814, -8.4950110981916, 2.93675525313025, -6.40758999348183, 
7.90174544328167, 7.4974223490106, 11.5484556846797, 0.307755414111538, 
1.10928043638576, -2.6719384313728, -4.18134616382596, -2.29097341660682, 
-4.22109843165675, 10.3333076917761, -1.02275907655845, -8.334762645179, 
-3.36209072991801, -3.02803615064208, 4.5566948603338, -6.32641521324256, 
6.61581531021395, 2.83128684095575), .Names = c("1", "2", "3", 
"4", "5", "6", "7", "8", "9", "10", "11", "12", "14", "15", "16", 
"17", "19", "20", "21", "22", "23", "24", "26", "27", "28", "29", 
"30")), effects = structure(c(-335.248056309443, 55.507881731414, 
5.01730832808559, 12.937982009321, 4.90077645716309, 3.62534189884594, 
-3.78121030100738, 5.05151666262204, -1.72145977993296, 9.62549280123813, 
11.4507224252259, 13.8375368280275, 1.51399704925782, 3.76138564644274, 
2.96010649146284, -2.55041540882709, -1.826369227158, -5.33237983980868, 
10.238102177585, 3.49649545187763, -8.09276167988913, -2.60866021733545, 
-3.35613069819652, 5.33302196120323, -7.4904366601914, 9.41080482410899, 
8.28681212513306), .Names = c("x1", "x2", "x3", "x4", "x5", "x6", 
"x7", "", "", "", "", "", "", "", "", "", "", "", "", "", "", 
"", "", "", "", "", "")), rank = 7L, fitted.values = structure(c(51.3268235574814, 
61.9382415570279, 68.3253244669746, 60.6053225603264, 73.2437550216248, 
51.8570307697681, 66.4950110981916, 68.0632447468697, 78.4075899934818, 
59.0982545567183, 56.5025776509894, 55.4515443153203, 67.6922445858885, 
75.8907195636142, 83.6719384313728, 78.181346163826, 67.2909734166068, 
54.2210984316567, 39.6666923082239, 65.0227590765584, 61.334762645179, 
43.362090729918, 69.0280361506421, 73.4433051396662, 54.3264152132426, 
78.3841846897861, 79.1687131590442), .Names = c("1", "2", "3", 
"4", "5", "6", "7", "8", "9", "10", "11", "12", "14", "15", "16", 
"17", "19", "20", "21", "22", "23", "24", "26", "27", "28", "29", 
"30")), assign = 1:7, qr = structure(list(qr = structure(c(-5.19615242270663, 
0.192450089729875, 0.192450089729875, 0.192450089729875, 0.192450089729875, 
0.192450089729875, 0.192450089729875, 0.192450089729875, 0.192450089729875, 
0.192450089729875, 0.192450089729875, 0.192450089729875, 0.192450089729875, 
0.192450089729875, 0.192450089729875, 0.192450089729875, 0.192450089729875, 
0.192450089729875, 0.192450089729875, 0.192450089729875, 0.192450089729875, 
0.192450089729875, 0.192450089729875, 0.192450089729875, 0.192450089729875, 
0.192450089729875, 0.192450089729875, -350.644063487833, 69.9767157041593, 
-0.0740027970375246, 0.0260304773103873, -0.188326539149424, 
0.140354219422287, -0.0311313937455624, -0.145455135857462, -0.245488410205373, 
0.0546114128383621, 0.168935154950261, 0.0689018806023495, -0.259778877969361, 
-0.174036071385436, -0.359812152317273, -0.288359813497336, -0.0740027970375246, 
0.0974828161303243, 0.354711235882098, 0.0546114128383621, -0.0168409259815749, 
0.39758263917406, -0.174036071385436, -0.145455135857462, 0.111773283894312, 
-0.288359813497336, -0.245488410205373, -275.203628313722, 37.1192253786653, 
-51.7989002803227, -0.0646111375218958, 0.00305168115368953, 
0.0897822602435688, -0.161113265566024, -0.0838415133947335, 
0.273352707176091, -0.045318217241926, 0.186296897169124, 0.00293910122085157, 
0.476065967811465, -0.0259127170291181, -0.228538415494507, 0.0899698934649654, 
-0.112830929340394, 0.427646033890144, -0.074407704238998, 0.0898197868878481, 
0.0415874861879235, 0.128280538633523, 0.205752432907637, 0.0706019198964369, 
-0.0260378058433825, 0.22510789759474, -0.363726455149987, -293.67883692779, 
37.9020254461815, -7.52187192325024, 43.33126643185, -0.121492937648673, 
0.135014367433991, -0.0835009050119497, 0.064907370321727, -6.93956314350381e-05, 
0.0915809510779477, -0.178492309224744, 0.280997970441483, 0.591510443853834, 
-0.282447065505078, -0.194720363674145, -0.0742433357923988, 
-0.0527603812070296, 0.0603482267727822, 0.123980681013588, -0.206851483211803, 
0.114317693405659, -0.395054295483173, 0.00709158923035469, -0.31901745600949, 
0.0955309830565158, -0.0726614600816332, -0.0404954151910349, 
-320.814299579702, -8.01165964975845, 0.34503935346112, -18.1651026025703, 
48.6919756235488, -0.209973814806446, -0.176583338484228, 0.128624358449366, 
-0.297768861761729, -0.107771850118321, -0.219927263584441, -0.232037283622994, 
-0.0558511582043235, 0.0119576336653938, 0.0738498350221923, 
-0.141674307980051, 0.118657575064045, 0.0612360536918119, 0.258614811798506, 
-0.437271839715108, 0.188726104605763, 0.124787191885836, -0.0740764683384712, 
0.218739643486373, 0.30024167219167, -0.185034388608073, -0.303994277147725, 
-389.711431702997, 9.93187509597131, -2.61272901832825, -6.25623984676714, 
-8.17738315892355, 49.6036427271897, 0.127273025422218, 0.306995676969318, 
-0.0499021539718911, -0.0665986360140563, 0.10986304289819, 0.0797543553079408, 
0.29571172136539, -0.00437771126072663, 0.516259085154143, 0.0274450472326178, 
-0.131798760567423, 0.0570574286984455, 0.241650904550354, -0.18169555202338, 
0.0295128578610261, 0.249050067826029, 0.104595684824761, 0.0122256570307804, 
-0.0620303242773955, 0.140692261408531, -0.0560161327266175, 
-225.166604983954, 11.2561251087674, -11.4580557756746, 15.8896201680194, 
-5.70723120055575, 9.01159290934484, 41.5902786904948, -0.0258446840850477, 
0.408931412261695, -0.00177894499628913, 0.296381178194394, -0.133188125218158, 
0.0131383556930144, 0.113835416699436, 0.172701525293066, -0.369187861762527, 
-0.00679374515421843, -0.13858177156236, 0.0729966184839928, 
0.18391395354887, 0.126175965045457, -0.0124809438325116, -0.627501011685701, 
0.0977059227543558, 0.100477795241204, -0.170115891946485, 0.0596079457791479
), .Dim = c(27L, 7L), .Dimnames = list(c("1", "2", "3", "4", 
"5", "6", "7", "8", "9", "10", "11", "12", "14", "15", "16", 
"17", "19", "20", "21", "22", "23", "24", "26", "27", "28", "29", 
"30"), c("x1", "x2", "x3", "x4", "x5", "x6", "x7")), assign = 1:7), 
    qraux = c(1.19245008972988, 1.0117400095464, 1.31188851221032, 
    1.1092741072632, 1.28225906121301, 1.54466161609872, 1.16399438492576
    ), pivot = 1:7, tol = 1e-07, rank = 7L), .Names = c("qr", 
"qraux", "pivot", "tol", "rank"), class = "qr"), df.residual = 20L, 
    xlevels = structure(list(), .Names = character(0)), call = quote(lm(formula = y ~ 
        . + 0, data = structure(list(y = c(43, 63, 71, 61, 81, 
        43, 58, 71, 72, 67, 64, 67, 68, 77, 81, 74, 65, 50, 50, 
        64, 53, 40, 66, 78, 48, 85, 82), x1 = c(1, 1, 1, 1, 1, 
        1, 1, 1, 1, 1, 1, 1, 1, 1, 1, 1, 1, 1, 1, 1, 1, 1, 1, 
        1, 1, 1, 1), x2 = c(51, 64, 70, 63, 78, 55, 67, 75, 82, 
        61, 53, 60, 83, 77, 90, 85, 70, 58, 40, 61, 66, 37, 77, 
        75, 57, 85, 82), x3 = c(30, 51, 68, 45, 56, 49, 42, 50, 
        72, 45, 53, 47, 83, 54, 50, 64, 46, 68, 33, 52, 52, 42, 
        66, 58, 44, 71, 39), x4 = c(39, 54, 69, 47, 66, 44, 56, 
        55, 67, 47, 58, 39, 45, 72, 72, 69, 57, 54, 34, 62, 50, 
        58, 63, 74, 45, 71, 59), x5 = c(63, 71, 50, 63, 43, 76, 
        70, 55, 70, 70, 71, 79, 66, 54, 51, 62, 55, 58, 58, 80, 
        54, 55, 61, 43, 51, 63, 75), x6 = c(92, 73, 86, 84, 83, 
        49, 68, 66, 83, 80, 67, 74, 77, 77, 54, 79, 85, 78, 64, 
        80, 80, 57, 76, 78, 83, 74, 78), x7 = c(45, 47, 48, 35, 
        47, 34, 35, 41, 31, 41, 34, 41, 35, 46, 36, 63, 46, 52, 
        33, 41, 37, 49, 72, 49, 38, 55, 39)), .Names = c("y", 
        "x1", "x2", "x3", "x4", "x5", "x6", "x7"),