
expected <- structure(list(coefficients = structure(c(17.1862864960055, 0.585758996322009, 
-0.0270226118788636, -0.0761200051318799, 0.20914462434638, 0.0606984157889051, 
-0.0931611796282318), .Names = c("x1", "x2", "x3", "x4", "x5", 
"x6", "x7")), residuals = structure(c(-0.0998290677425613, 1.43020301413559, 
0.475719285767696, -11.9167550052674, -6.86754540035041, 0.821268889879194, 
-3.24821607102491, 6.31912099377441, 9.27102350975693, 5.51470941740656, 
7.61665980727739, -4.51851564667214, 2.83634299364574, 2.56202515667345, 
-2.58431960011641, 9.13612704182604, -4.92853375605683, -7.80256140064574, 
4.96258161624491, 1.75826071795838, -11.9157451091255, -3.49892253531246, 
3.61371017941931, -5.56415808390103, 7.02859206085162, -9.36317360770833, 
8.96193059930647), .Names = c("2", "3", "4", "6", "7", "8", "9", 
"10", "11", "12", "13", "14", "15", "16", "17", "18", "19", "20", 
"21", "22", "23", "24", "25", "26", "27", "28", "29")), effects = structure(c(-333.516005501874, 
-45.8271796854879, -2.82732660593055, 3.13336989685064, -6.57032178228401, 
2.70094450357009, -3.87100014106873, 9.32756281939762, 12.2174562910225, 
0.86257822798929, 5.18757695515812, -4.08579182381847, 1.97873316263556, 
-4.42342786164554, -2.59430416457853, 12.4758479390127, -5.42196787362518, 
-5.48612091386484, 5.51298814420943, 2.39150924593334, -11.8137360503073, 
-5.33308234437751, 3.10966452612132, -1.08989770241006, 11.9902604558168, 
-9.49543906647132, 9.78795335058657), .Names = c("x1", "x2", 
"x3", "x4", "x5", "x6", "x7", "", "", "", "", "", "", "", "", 
"", "", "", "", "", "", "", "", "", "", "", "")), rank = 7L, 
    fitted.values = structure(c(63.0998290677426, 69.5697969858644, 
    60.5242807142323, 54.9167550052674, 64.8675454003504, 70.1787311101208, 
    75.2482160710249, 60.6808790062256, 54.7289764902431, 61.4852905825934, 
    61.3833401927226, 72.5185156466721, 74.1636570063543, 78.4379748433265, 
    76.5843196001164, 55.863872958174, 69.9285337560568, 57.8025614006457, 
    45.0374183837551, 62.2417392820416, 64.9157451091255, 43.4989225353125, 
    59.3862898205807, 71.564158083901, 70.9714079391484, 57.3631736077083, 
    76.0380694006935), .Names = c("2", "3", "4", "6", "7", "8", 
    "9", "10", "11", "12", "13", "14", "15", "16", "17", "18", 
    "19", "20", "21", "22", "23", "24", "25", "26", "27", "28", 
    "29")), assign = 1:7, qr = structure(list(qr = structure(c(-5.19615242270663, 
    0.192450089729875, 0.192450089729875, 0.192450089729875, 
    0.192450089729875, 0.192450089729875, 0.192450089729875, 
    0.192450089729875, 0.192450089729875, 0.192450089729875, 
    0.192450089729875, 0.192450089729875, 0.192450089729875, 
    0.192450089729875, 0.192450089729875, 0.192450089729875, 
    0.192450089729875, 0.192450089729875, 0.192450089729875, 
    0.192450089729875, 0.192450089729875, 0.192450089729875, 
    0.192450089729875, 0.192450089729875, 0.192450089729875, 
    0.192450089729875, 0.192450089729875, -343.908310347287, 
    -67.2761032913922, -0.0421028710864252, -0.16101582247051, 
    0.0173536046056173, 0.136266555989702, 0.240315388450777, 
    -0.0718311089324464, -0.190744060316531, -0.0866952278554571, 
    -0.0569669900094358, 0.255179507373787, 0.165994793835724, 
    0.359228339834862, 0.284907745219808, -0.0866952278554571, 
    0.0619459613746492, -0.116423465701478, -0.38397760631567, 
    -0.0718311089324464, 0.00248948568260667, -0.428569963084701, 
    -0.175879941393521, 0.165994793835724, 0.136266555989702, 
    -0.131287584624489, 0.284907745219808, -282.709181813187, 
    -36.8030079304512, 46.9047665572452, -0.0611248653510839, 
    0.270548232368535, 0.221612896213294, -0.141002445516607, 
    0.115371580928528, -0.176809800349899, 0.0575291134291201, 
    -0.125263079326525, -0.360317310932056, 0.166739472495275, 
    0.44965606351628, 0.0751645466608243, -0.326227193683757, 
    0.230877686470715, -0.420592333842968, 0.0519486847795985, 
    -0.0338669829487023, 0.0421474061522932, -0.185538102237438, 
    0.0729108207059471, -0.0890980655799771, 0.0510545374964592, 
    0.0758798644873358, -0.0740740172164058, -292.33168629968, 
    -0.188829362614552, 18.1260609959696, -52.8828463816708, 
    0.244500424498801, 0.0931510780280102, 0.255977194542263, 
    0.208501038665427, 0.203308528257969, -0.399951895101555, 
    -0.152047983864628, 0.198312751446481, -0.11080434738916, 
    -0.320425661147394, 0.0397438725753981, 0.312695517770478, 
    -0.126958737014413, 0.136153443980201, 0.0237217536871486, 
    -0.0207186729913712, -0.00729979849919017, -0.214207291330908, 
    -0.168583118057493, 0.301261516379425, 0.355255171577846, 
    -0.0099120144774851, 0.131989459463729, -335.440506399173, 
    -38.1446322939837, 2.79399501774129, -3.29528707921928, -40.0872594315178, 
    0.036311912309802, -0.148183895780114, 0.054785191177243, 
    0.0234627717092292, -0.0173475682950702, -0.195917230946958, 
    -0.518107270724661, 0.212497577594725, -0.419428125020056, 
    0.0512739214349753, -0.209248903277936, 0.250045265001449, 
    0.0270144191621916, -0.0692983771934565, 0.11816796778422, 
    -0.0252582532976478, 0.0997486432565277, 0.265673728668598, 
    0.375523501387309, 0.244763860208318, -0.159817936532045, 
    -0.0346514383359592, -382.975678562452, -12.3443755040988, 
    11.0852083455286, -10.3589721123928, -14.929056877039, 42.7572115147429, 
    -0.188818256514701, -0.225820507173035, 0.00514810570906815, 
    0.0369149571351094, 0.204885370199778, -0.118466652479702, 
    0.0909989508435547, 0.632128265700875, 0.0321487655969781, 
    -0.326927757516422, -0.139268343683178, -0.195853547299768, 
    -0.00751897398777916, -0.15522435574661, -0.15270916624056, 
    0.229989898600553, -0.0220341109482089, 0.0521782250171797, 
    -0.0552057790133253, -0.327981202948946, 0.104541875167995, 
    -222.664753817466, -13.9386898893224, 15.4279398067065, -4.57156226777606, 
    -29.1954561450308, -1.13405070111468, 41.5516436837351, -0.0109567253621103, 
    0.233046840684465, 0.0189362844586046, 0.380450304440055, 
    0.16487713387223, 0.0630960920871802, -0.107808215151184, 
    -0.359391512911418, -0.423757857884841, 0.0111329814809742, 
    -0.0433059109055367, 0.0247371227838228, 0.118170874347911, 
    0.122621721179845, -0.143142877772831, 0.314771093176512, 
    -0.375346104507941, 0.0154738546822134, -0.0535239944863968, 
    -0.152096228195554), .Dim = c(27L, 7L), .Dimnames = list(
        c("2", "3", "4", "6", "7", "8", "9", "10", "11", "12", 
        "13", "14", "15", "16", "17", "18", "19", "20", "21", 
        "22", "23", "24", "25", "26", "27", "28", "29"), c("x1", 
        "x2", "x3", "x4", "x5", "x6", "x7")), assign = 1:7), 
        qraux = c(1.19245008972988, 1.06194596137465, 1.14577733656893, 
        1.0019851375046, 1.08777091718537, 1.23935673641137, 
        1.36144469584086), pivot = 1:7, tol = 1e-07, rank = 7L), .Names = c("qr", 
    "qraux", "pivot", "tol", "rank"), class = "qr"), df.residual = 20L, 
    xlevels = structure(list(), .Names = character(0)), call = quote(lm(formula = y ~ 
        . + 0, data = structure(list(y = c(63, 71, 61, 43, 58, 
        71, 72, 67, 64, 67, 69, 68, 77, 81, 74, 65, 65, 50, 50, 
        64, 53, 40, 63, 66, 78, 48, 85), x1 = c(1, 1, 1, 1, 1, 
        1, 1, 1, 1, 1, 1, 1, 1, 1, 1, 1, 1, 1, 1, 1, 1, 1, 1, 
        1, 1, 1, 1), x2 = c(64, 70, 63, 55, 67, 75, 82, 61, 53, 
        60, 62, 83, 77, 90, 85, 60, 70, 58, 40, 61, 66, 37, 54, 
        77, 75, 57, 85), x3 = c(51, 68, 45, 49, 42, 50, 72, 45, 
        53, 47, 57, 83, 54, 50, 64, 65, 46, 68, 33, 52, 52, 42, 
        42, 66, 58, 44, 71), x4 = c(45, 45, 72, 56, 67, 58, 66, 
        66, 67, 34, 47, 63, 47, 34, 54, 72, 47, 63, 59, 54, 54, 
        47, 47, 69, 72, 55, 59), x5 = c(63, 76, 54, 54, 66, 70, 
        71, 62, 58, 59, 55, 59, 79, 60, 79, 55, 75, 64, 43, 66, 
        63, 50, 66, 88, 80, 51, 77),