
expected <- structure(list(coefficients = structure(c(24.6501394338257, 0.71269941182677, 
0.00102155134805356, -0.250033719240695, 0.0954152329459184, 
0.0126220231561625, -0.014975851644823), .Names = c("x1", "x2", 
"x3", "x4", "x5", "x6", "x7")), residuals = structure(c(-10.8342771544862, 
-2.54221960158523, 6.77565321559448, 1.46743440596068, 11.3362492004695, 
-8.15795807283025, -7.57363248532092, 0.20013919140017, 6.01955109537421, 
6.15348561961563, 4.93705583444148, -8.46439825760347, -0.209715794614446, 
-4.13444386861616, 10.6649416769269, -1.62412429434285, -8.11659724391509, 
4.39333002778132, 0.380435830987906, -10.4562468665178, 1.933071001454, 
6.57315400304431, -4.62064284653253, 3.20575235555285, -6.91155229480226, 
3.24203325185111, 6.36352207071259), .Names = c("1", "2", "3", 
"4", "5", "6", "7", "8", "10", "11", "13", "14", "16", "17", 
"18", "19", "20", "21", "22", "23", "24", "25", "26", "27", "28", 
"29", "30")), effects = structure(c(-331.591504604575, -52.8406667457116, 
1.16535851229253, 12.6040402340007, -3.62344976126648, 0.557751400113452, 
-0.516608593179029, 3.33198868388507, 8.0450583622107, 9.83846326782922, 
11.6725741602449, -2.73183075699401, 8.4727180204913, -5.08743331067476, 
10.3340339355059, -2.11863959545916, -8.69494125404898, 9.6100706121501, 
1.89636656881393, -7.85311558310385, 2.72454166685941, 8.14118499744641, 
-9.78743297084398, 3.09470176875405, -3.58867192771767, 4.45442991503188, 
11.3891148385855), .Names = c("x1", "x2", "x3", "x4", "x5", "x6", 
"x7", "", "", "", "", "", "", "", "", "", "", "", "", "", "", 
"", "", "", "", "", "")), rank = 7L, fitted.values = structure(c(53.8342771544862, 
65.5422196015852, 64.2243467844055, 59.5325655940393, 69.6637507995305, 
51.1579580728303, 65.5736324853209, 70.7998608085998, 60.9804489046258, 
57.8465143803844, 64.0629441655585, 76.4643982576035, 81.2097157946144, 
78.1344438686162, 54.3350583230731, 66.6241242943428, 58.1165972439151, 
45.6066699722187, 63.6195641690121, 63.4562468665178, 38.066928998546, 
56.4268459969557, 70.6206428465325, 74.7942476444471, 54.9115522948023, 
81.7579667481489, 75.6364779292874), .Names = c("1", "2", "3", 
"4", "5", "6", "7", "8", "10", "11", "13", "14", "16", "17", 
"18", "19", "20", "21", "22", "23", "24", "25", "26", "27", "28", 
"29", "30")), assign = 1:7, qr = structure(list(qr = structure(c(-5.19615242270663, 
0.192450089729875, 0.192450089729875, 0.192450089729875, 0.192450089729875, 
0.192450089729875, 0.192450089729875, 0.192450089729875, 0.192450089729875, 
0.192450089729875, 0.192450089729875, 0.192450089729875, 0.192450089729875, 
0.192450089729875, 0.192450089729875, 0.192450089729875, 0.192450089729875, 
0.192450089729875, 0.192450089729875, 0.192450089729875, 0.192450089729875, 
0.192450089729875, 0.192450089729875, 0.192450089729875, 0.192450089729875, 
0.192450089729875, 0.192450089729875, -342.368709629448, -68.8379740162845, 
0.0946285258367066, -0.00705953369775985, 0.210843451018954, 
-0.123274458880007, 0.0510479288933639, 0.167262854075611, -0.0361132649933217, 
-0.152328190175569, -0.0215863993455408, 0.283477779257859, 0.385165838792325, 
0.312531510553421, -0.0506401306411026, 0.0946285258367066, -0.0796938619366645, 
-0.341177443596721, -0.0361132649933217, 0.0365210632455829, 
-0.384758040540064, -0.137801324527788, 0.196316585371173, 0.167262854075611, 
-0.0942207275844454, 0.312531510553421, 0.268950913610078, -273.471577506153, 
-33.2358545059397, -53.2510494878393, -0.070052322797673, -0.00669154004805236, 
0.0814411228608679, -0.164578018240964, -0.0907237925312555, 
-0.0509579339970586, 0.175651402117566, 0.164842542970884, 0.452604748528973, 
-0.233931708535864, 0.0767098800619636, 0.334168712683665, -0.118103710985803, 
0.409600019326341, -0.0758145229588567, 0.080494874301087, 0.032758902299551, 
0.121837813768252, -0.0404644910369705, 0.190645380492463, 0.0595079883809109, 
-0.0315481290098505, 0.208162688360109, -0.364122852087635, -296.180688094278, 
2.22261044411049, -6.1195105162811, -50.4936787514522, 0.350289845142065, 
0.242309761361575, 0.0228220772982834, 0.0899423941461544, -0.0423733667059265, 
-0.393360908741762, -0.351682135631988, -0.12680637617251, 0.144004926983141, 
0.112778213502159, 0.214116890688378, 0.1775461597402, -0.157494116710927, 
-0.240846076994762, -0.266825352356377, 0.0482623797173331, 0.132546062673766, 
-0.0755237117115225, 0.237098933256914, -0.200524662345185, 0.1122082164806, 
-0.230500527266177, 0.19571198591268, -332.938655232684, -34.7369639562104, 
-5.90088014670624, -2.47746339474388, -40.0029620850595, -0.126901538167251, 
0.0682916656317675, 0.057045113793131, 0.000468666863510471, 
-0.113206598976201, -0.290391352250613, -0.503405635776155, -0.328749341562905, 
0.113048809090812, -0.240902335700149, 0.263086406017514, -0.0620779022600635, 
-0.234727971596618, 0.0326480571436228, -0.0486250529673249, 
-0.0314584097199257, 0.179237567310973, 0.419610630422009, 0.225069530594951, 
-0.210632973152552, -0.0203576237911693, -0.0854839530465028, 
-386.632230267319, -8.06563862688463, -1.53998245972937, -5.1789221989656, 
-18.200940802235, 48.34249646898, 0.200273611425688, 0.273271993983176, 
-0.0772105099437706, 0.096467427651255, 0.129682832391366, -0.120887678350535, 
0.381196318990623, 0.0687575829877941, -0.0514807043925095, -0.0317173101113846, 
-0.0158273842399621, 0.0918220524906355, -0.0945140467371753, 
-0.0565566368831264, 0.425778715752468, 0.080491984739899, 0.284359406693797, 
0.0475870274040308, -0.186358213961964, 0.0651852165980902, -0.0408505668501848, 
-225.166604983954, -15.0934134080444, -18.1722398077161, -18.7417829136301, 
-28.2571496374464, 3.50088335462644, 34.4961078295414, 0.128515218755145, 
0.0369198591228286, 0.0699565215324394, 0.281385007270545, 0.26247888527639, 
0.0563615240436091, -0.266522240682569, -0.435839807402616, 0.160026721182558, 
-0.178359527845576, -0.15562163588786, 0.0590560176130982, 0.21925773532767, 
-0.377370448412305, 0.296800098955144, -0.34018886828953, 0.0437519089999519, 
0.0277338046627629, -0.160634868471942, 0.114125937554806), .Dim = c(27L, 
7L), .Dimnames = list(c("1", "2", "3", "4", "5", "6", "7", "8", 
"10", "11", "13", "14", "16", "17", "18", "19", "20", "21", "22", 
"23", "24", "25", "26", "27", "28", "29", "30"), c("x1", "x2", 
"x3", "x4", "x5", "x6", "x7")), assign = 1:7), qraux = c(1.19245008972988, 
1.00746733195002, 1.29503368652266, 1.15099688735703, 1.05476079086102, 
1.59368983700456, 1.20987581577967), pivot = 1:7, tol = 1e-07, 
    rank = 7L), .Names = c("qr", "qraux", "pivot", "tol", "rank"
), class = "qr"), df.residual = 20L, xlevels = structure(list(), .Names = character(0)), 
    call = quote(lm(formula = y ~ . + 0, data = structure(list(y = c(43, 
        63, 71, 61, 81, 43, 58, 71, 67, 64, 69, 68, 81, 74, 65, 
        65, 50, 50, 64, 53, 40, 63, 66, 78, 48, 85, 82), x1 = c(1, 
        1, 1, 1, 1, 1, 1, 1, 1, 1, 1, 1, 1, 1, 1, 1, 1, 1, 1, 
        1, 1, 1, 1, 1, 1, 1, 1), x2 = c(51, 64, 70, 63, 78, 55, 
        67, 75, 61, 53, 62, 83, 90, 85, 60, 70, 58, 40, 61, 66, 
        37, 54, 77, 75, 57, 85, 82), x3 = c(30, 51, 68, 45, 56, 
        49, 42, 50, 45, 53, 57, 83, 50, 64, 65, 46, 68, 33, 52, 
        52, 42, 42, 66, 58, 44, 71, 39), x4 = c(54, 44, 72, 63, 
        71, 72, 54, 57, 54, 42, 42, 54, 54, 59, 74, 62, 57, 48, 
        45, 59, 71, 54, 69, 45, 63, 44, 56), x5 = c(61, 63, 76, 
        54, 71, 54, 66, 70, 62, 58, 55, 59, 60, 79, 55, 75, 64, 
        43, 66, 63, 50, 66, 88, 80, 51, 77, 64), x6 = c(92, 73, 
        86, 84, 83, 49, 68, 66, 80, 67, 63, 77, 54, 79, 80, 85, 
        78, 64, 80, 80, 57, 75, 76, 78, 83, 74, 78), x7 = c(45, 
        47, 48, 35, 47, 34, 35, 41, 41, 34, 25, 35, 36, 63, 60, 
        46, 52, 33, 41, 37, 49, 33, 72, 49, 38, 55, 39)), .Names = c("y", 
        "x1", "x2", "x3", "x4", "x5", "x6", "x7"),