
expected <- structure(list(coefficients = structure(c(13.5776267626065, 0.583459238647317, 
-0.0426200563482187, 0.196962382386199, 0.207946790512387, -0.0382353072228539, 
-0.160369731344284), .Names = c("x1", "x2", "x3", "x4", "x5", 
"x6", "x7")), residuals = structure(c(-10.4515142472822, 0.846543187038953, 
1.23038315720645, 0.599952019543251, 5.0012680483927, -12.3470240634609, 
-8.45857509652649, -5.5268709243227, 7.23331279460165, 6.4478707284045, 
9.87213973323503, 9.98951506679644, -1.2783204430446, 2.75470945888584, 
-2.09877693026384, -7.9890191401576, 1.32689613623222, -3.93568739394842, 
7.23277227982982, 3.79245518673806, -10.1844769418684, -4.19698619431259, 
5.16789255881678, 1.48144701797002, -7.80201304449007, 5.06455031054945, 
6.22755673543667), .Names = c("1", "2", "3", "4", "5", "6", "7", 
"9", "10", "11", "12", "13", "14", "15", "16", "17", "18", "20", 
"21", "22", "23", "24", "25", "27", "28", "29", "30")), effects = structure(c(-334.285805860793, 
-54.1626149974308, 2.33757936933778, 11.6749073260769, 3.28831564061342, 
-0.524101117343566, 6.7888746727121, -7.02315804790951, 9.40451051522799, 
7.71654599940067, 12.9685015866063, 12.2264891677262, -1.72628179494013, 
7.26390020968763, -0.83781177845378, -7.22624915652635, -2.6516589710849, 
0.142556962601789, 10.2634801791702, 6.91865770357275, -8.72062478525248, 
0.359539518610819, 8.57723209307707, 3.56370408633909, -8.54702820494651, 
6.80588368132298, 7.33079687470239), .Names = c("x1", "x2", "x3", 
"x4", "x5", "x6", "x7", "", "", "", "", "", "", "", "", "", "", 
"", "", "", "", "", "", "", "", "", "")), rank = 7L, fitted.values = structure(c(53.4515142472822, 
62.153456812961, 69.7696168427936, 60.4000479804567, 75.9987319516073, 
55.3470240634609, 66.4585750965265, 77.5268709243227, 59.7666872053983, 
57.5521292715955, 57.127860266765, 59.0104849332036, 69.2783204430446, 
74.2452905411142, 83.0987769302638, 81.9890191401576, 63.6731038637678, 
53.9356873939484, 42.7672277201702, 60.2075448132619, 63.1844769418684, 
44.1969861943126, 57.8321074411832, 76.51855298203, 55.8020130444901, 
79.9354496894506, 75.7724432645633), .Names = c("1", "2", "3", 
"4", "5", "6", "7", "9", "10", "11", "12", "13", "14", "15", 
"16", "17", "18", "20", "21", "22", "23", "24", "25", "27", "28", 
"29", "30")), assign = 1:7, qr = structure(list(qr = structure(c(-5.19615242270663, 
0.192450089729875, 0.192450089729875, 0.192450089729875, 0.192450089729875, 
0.192450089729875, 0.192450089729875, 0.192450089729875, 0.192450089729875, 
0.192450089729875, 0.192450089729875, 0.192450089729875, 0.192450089729875, 
0.192450089729875, 0.192450089729875, 0.192450089729875, 0.192450089729875, 
0.192450089729875, 0.192450089729875, 0.192450089729875, 0.192450089729875, 
0.192450089729875, 0.192450089729875, 0.192450089729875, 0.192450089729875, 
0.192450089729875, 0.192450089729875, -341.791359360259, -70.2329457353646, 
0.0940757185871527, -0.00559260554061164, 0.207982374733169, 
-0.119499261686628, 0.0513607225323965, 0.264935702806177, -0.0340692695771157, 
-0.147975925723132, -0.0483076015953678, -0.0198309375588637, 
0.279174034824429, 0.193744042714917, 0.378842358952194, 0.307650698860933, 
-0.0483076015953678, -0.0767842656318719, -0.333074241960409, 
-0.0340692695771157, 0.0371223905141445, -0.375789238015165, 
-0.13373759370488, 0.165267378678413, -0.0910225976501239, 0.307650698860933, 
0.264935702806177, -275.588528493181, -36.3393873843611, -52.8621971496863, 
-0.0777165698770799, -0.0219221343711548, 0.0791752168329003, 
-0.175079573263807, 0.240139952845125, -0.057410733231322, 0.175149493605607, 
-0.00942359484496873, 0.159441668826645, 0.438075244871355, -0.0496034361117502, 
-0.257259814436125, 0.0583443176225902, 0.331084385726301, 0.40814155246727, 
-0.0712047688317108, 0.0750090369908383, 0.0242444453764436, 
0.129507976422561, -0.0430916350663811, 0.0463708406609564, -0.0357161699715435, 
0.190764087844751, -0.384124678202203, -291.754336030491, -37.5876144912945, 
-11.4059006342731, 49.0355388976436, -0.104841902340487, 0.128440571929882, 
-0.0788666194452232, 0.0162392709473075, 0.0824488170952767, 
-0.143365288721313, 0.252446471064487, 0.276076731016642, 0.549517961724093, 
-0.248497668427881, -0.18275230798564, -0.0591726046853306, -0.355056995026528, 
0.0798686223314672, 0.111453037419439, -0.174195903115328, 0.10663670604758, 
-0.336326214380228, -0.00961120964501627, -0.27558306164323, 
0.0873092962742401, -0.0507034851737676, -0.0528199671590905, 
-328.319853079167, -33.1911339714365, -4.23117750984152, 16.4660843730949, 
31.7078523722841, 0.0920963072891978, -0.0526649888326148, 0.0915521565704131, 
-0.0868781912010935, 0.159378311641052, -0.108836439303373, 0.0896949376999101, 
0.182367089603522, -0.151916698189229, 0.521786779560287, -0.127299736131187, 
0.560176297707196, -0.0296258597273708, 0.175411962343915, 0.0123019712487866, 
-0.0324213082725737, 0.292616097387037, -0.24778359605908, -0.160652023158982, 
0.204844843458486, -0.0237423754240145, 0.141789519461196, -387.979380895428, 
-10.5506040255248, -3.0821807510087, -1.39477922235196, 21.8370340989502, 
45.3473643026457, 0.187430451582139, -0.0711026496551495, -0.0260959977601139, 
0.162628805702551, 0.150730284308214, 0.36250908291429, 0.160818052630695, 
0.0375742691422449, 0.301643967964063, 0.0531699571428093, -0.26065775443977, 
0.0796914830522541, 0.195996905131477, -0.0808543442533988, -0.0163416817801724, 
0.263270572095794, 0.114917488395217, 0.0283239200069594, -0.198725879380189, 
0.153121130965417, -0.108974139382017, -217.276151305029, 5.18433489153466, 
-19.287521028531, 9.10800582077618, 15.4036847597574, -7.54362608438634, 
-42.3326435469149, -0.195844861662412, 0.022046614912961, -0.19296932970811, 
0.019131360203611, -0.116704648460414, 0.157559451542942, 0.309334557900407, 
0.159418904047475, -0.290046818270875, -0.115408624431332, 0.537636069943948, 
0.0717825532349814, 0.382862562332569, 0.0154959599264251, 0.309039517925647, 
-0.237020798633148, -0.199803152325683, 0.0326468858180525, -0.0255062584247675, 
0.178345789372726), .Dim = c(27L, 7L), .Dimnames = list(c("1", 
"2", "3", "4", "5", "6", "7", "9", "10", "11", "12", "13", "14", 
"15", "16", "17", "18", "20", "21", "22", "23", "24", "25", "27", 
"28", "29", "30"), c("x1", "x2", "x3", "x4", "x5", "x6", "x7"
)), assign = 1:7), qraux = c(1.19245008972988, 1.00864572647764, 
1.28630653259272, 1.0968936737861, 1.02477083856026, 1.61629271433104, 
1.02009255208366), pivot = 1:7, tol = 1e-07, rank = 7L), .Names = c("qr", 
"qraux", "pivot", "tol", "rank"), class = "qr"), df.residual = 20L, 
    xlevels = structure(list(), .Names = character(0)), call = quote(lm(formula = y ~ 
        . + 0, data = structure(list(y = c(43, 63, 71, 61, 81, 
        43, 58, 72, 67, 64, 67, 69, 68, 77, 81, 74, 65, 50, 50, 
        64, 53, 40, 63, 78, 48, 85, 82), x1 = c(1, 1, 1, 1, 1, 
        1, 1, 1, 1, 1, 1, 1, 1, 1, 1, 1, 1, 1, 1, 1, 1, 1, 1, 
        1, 1, 1, 1), x2 = c(51, 64, 70, 63, 78, 55, 67, 82, 61, 
        53, 60, 62, 83, 77, 90, 85, 60, 58, 40, 61, 66, 37, 54, 
        75, 57, 85, 82), x3 = c(30, 51, 68, 45, 56, 49, 42, 72, 
        45, 53, 47, 57, 83, 54, 50, 64, 65, 68, 33, 52, 52, 42, 
        42, 58, 44, 71, 39), x4 = c(39, 54, 69, 47, 66, 44, 56, 
        67, 47, 58, 39, 42, 45, 72, 72, 69, 75, 54, 34, 62, 50, 
        58, 48, 74, 45, 71, 59), x5 = c(61, 63, 76, 54, 71, 54, 
        66, 71, 62, 58, 59, 55, 59, 79, 60, 79, 55, 64, 43, 66, 
        63, 50, 66, 80, 51, 77, 64), x6 = c(92, 73, 86, 84, 83, 
        49, 68, 83, 80, 67, 74, 63, 77, 77, 54, 79, 80, 78, 64, 
        80, 80, 57, 75, 78, 83, 74, 78), x7 = c(34, 47, 49, 33, 
        33, 39, 41, 35, 41, 35, 41, 35, 46, 60, 34, 34, 33, 72, 
        37, 60, 41, 55, 36, 41, 34, 46, 37)), .Names = c("y", 
        "x1", "x2", "x3", "x4", "x5", "x6", "x7"),