
expected <- structure(list(coefficients = structure(c(17.8566249805826, 0.705242394275792, 
0.0581110403133369, -0.187811382819734, 0.219945097349062, 0.0209744180049535, 
-0.209846267502489), .Names = c("x1", "x2", "x3", "x4", "x5", 
"x6", "x7")), residuals = structure(c(-8.32871898291909, 3.35141677269422, 
0.39279654731705, 3.13844853946512, 5.83755820166923, -11.1815346987478, 
-9.69503435012059, 0.812177732730435, 8.44204538088136, 8.80012910096636, 
9.45622483853067, -7.8787689699471, -1.18171627166484, -3.00403587930353, 
8.69459099058514, -0.939117311865566, -6.99528207657725, 7.15588618264829, 
-0.164174095562117, -10.55027404005, -1.91599983218956, 2.77973501750665, 
-2.50130289521242, 5.82367002941466, -9.70816764377945, 4.57706515500876, 
4.78238255852134), .Names = c("1", "2", "3", "4", "5", "6", "7", 
"8", "10", "11", "13", "14", "16", "17", "18", "19", "20", "21", 
"22", "23", "24", "25", "26", "27", "28", "29", "30")), effects = structure(c(-331.591504604575, 
-52.8406667457116, 1.16535851229253, 8.30822202259891, 3.00789002939184, 
-0.0924878432121705, -7.86878069312157, 3.8547548669267, 9.46472517668835, 
12.5065006697642, 11.750897192274, -11.2105784104344, -0.798330444839911, 
-3.44528990336868, 5.07266829413846, 1.26572786149735, -6.53602320139205, 
9.40908343734366, 2.8622516114316, -9.6139021278007, 1.99991973373796, 
8.89811579043687, -0.428450313506279, 9.35025347153075, -10.6885469064511, 
5.45797661837737, 4.62962546631829), .Names = c("x1", "x2", "x3", 
"x4", "x5", "x6", "x7", "", "", "", "", "", "", "", "", "", "", 
"", "", "", "", "", "", "", "", "", "")), rank = 7L, fitted.values = structure(c(51.3287189829191, 
59.6485832273058, 70.607203452683, 57.8615514605349, 75.1624417983308, 
54.1815346987478, 67.6950343501206, 70.1878222672696, 58.5579546191186, 
55.1998708990336, 59.5437751614693, 75.8787689699471, 82.1817162716648, 
77.0040358793035, 56.3054090094149, 65.9391173118656, 56.9952820765772, 
42.8441138173517, 64.1641740955621, 63.55027404005, 41.9159998321896, 
60.2202649824933, 68.5013028952124, 72.1763299705853, 57.7081676437795, 
80.4229348449912, 77.2176174414787), .Names = c("1", "2", "3", 
"4", "5", "6", "7", "8", "10", "11", "13", "14", "16", "17", 
"18", "19", "20", "21", "22", "23", "24", "25", "26", "27", "28", 
"29", "30")), assign = 1:7, qr = structure(list(qr = structure(c(-5.19615242270663, 
0.192450089729875, 0.192450089729875, 0.192450089729875, 0.192450089729875, 
0.192450089729875, 0.192450089729875, 0.192450089729875, 0.192450089729875, 
0.192450089729875, 0.192450089729875, 0.192450089729875, 0.192450089729875, 
0.192450089729875, 0.192450089729875, 0.192450089729875, 0.192450089729875, 
0.192450089729875, 0.192450089729875, 0.192450089729875, 0.192450089729875, 
0.192450089729875, 0.192450089729875, 0.192450089729875, 0.192450089729875, 
0.192450089729875, 0.192450089729875, -342.368709629448, -68.8379740162845, 
0.0946285258367066, -0.00705953369775985, 0.210843451018954, 
-0.123274458880007, 0.0510479288933639, 0.167262854075611, -0.0361132649933217, 
-0.152328190175569, -0.0215863993455408, 0.283477779257859, 0.385165838792325, 
0.312531510553421, -0.0506401306411026, 0.0946285258367066, -0.0796938619366645, 
-0.341177443596721, -0.0361132649933217, 0.0365210632455829, 
-0.384758040540064, -0.137801324527788, 0.196316585371173, 0.167262854075611, 
-0.0942207275844454, 0.312531510553421, 0.268950913610078, -273.471577506153, 
-33.2358545059397, -53.2510494878393, -0.070052322797673, -0.00669154004805236, 
0.0814411228608679, -0.164578018240964, -0.0907237925312555, 
-0.0509579339970586, 0.175651402117566, 0.164842542970884, 0.452604748528973, 
-0.233931708535864, 0.0767098800619636, 0.334168712683665, -0.118103710985803, 
0.409600019326341, -0.0758145229588567, 0.080494874301087, 0.032758902299551, 
0.121837813768252, -0.0404644910369705, 0.190645380492463, 0.0595079883809109, 
-0.0315481290098505, 0.208162688360109, -0.364122852087635, -280.207330646698, 
-12.1412314891787, -9.45962682063232, -53.1879479787705, -0.251324340537069, 
0.142144016511903, -0.184586637083823, 0.0874083323623382, 0.166999795009923, 
0.0575412817541555, 0.344470092149245, 0.12335889087885, -0.277652141734556, 
-0.105402020148894, -0.117826379992226, 0.21076385945058, 0.0612055853434584, 
0.0250467546731245, -0.268349224414925, 0.136398999878335, -0.225317010628649, 
-0.225424676111238, 0.23887256217259, 0.00886592058489492, -0.186463611626922, 
-0.296334766827352, -0.285178059892646, -332.938655232684, -34.7369639562104, 
-5.90088014670624, -0.819330413739909, 40.0712303045979, 0.137819470191607, 
-0.0384122140563614, -0.0578401998934566, -0.0302420456768215, 
0.0531241891959584, 0.193851970993175, 0.468039937652695, 0.387329768358656, 
-0.0827908015175727, 0.285638191964097, -0.269942995607979, 0.0324577198469371, 
0.199136213952849, -0.0286340125199701, 0.0350827795355738, 0.0814530796847296, 
-0.156132562390439, -0.422474024404144, -0.252247578872076, 0.252022100231471, 
0.0331002069285162, 0.152345779500683, -386.632230267319, -8.06563862688463, 
-1.53998245972937, -2.80740986318908, 18.432724253712, 48.4504445029087, 
0.148551970538246, 0.258000573499115, -0.0343963601889887, 0.22417861381905, 
0.327980663791629, 0.0102205215363169, 0.339599936412878, 0.00292096764666123, 
-0.0924725543296856, -0.0756998364762238, 0.0452209721567715, 
0.192638879711976, -0.0826090473979332, -0.0353809921407748, 
0.352716300704495, 0.0297159896738194, 0.206581090462867, 0.0666535105261953, 
-0.218761444962127, 0.0700397116379333, -0.132338789345133, -225.166604983954, 
-15.0934134080444, -18.1722398077161, 6.87164255150787, 29.5082507685945, 
5.28342834941693, 37.4978348996759, 0.101138191753409, 0.0123156243178552, 
0.165024914157676, 0.249244751193086, 0.130077197234449, -0.00318708429074084, 
-0.231684855885786, -0.513845368796277, 0.109843990932794, -0.138330515449651, 
-0.118441780134275, 0.198471181371593, 0.144135334124056, -0.332341311175979, 
0.39035180373211, -0.318814970410411, 0.165043003645684, -0.0401487236062718, 
-0.0143884231805788, 0.0690019783895466), .Dim = c(27L, 7L), .Dimnames = list(
    c("1", "2", "3", "4", "5", "6", "7", "8", "10", "11", "13", 
    "14", "16", "17", "18", "19", "20", "21", "22", "23", "24", 
    "25", "26", "27", "28", "29", "30"), c("x1", "x2", "x3", 
    "x4", "x5", "x6", "x7")), assign = 1:7), qraux = c(1.19245008972988, 
1.00746733195002, 1.29503368652266, 1.32513883437728, 1.02768476077212, 
1.57681721309787, 1.24886760253149), pivot = 1:7, tol = 1e-07, 
    rank = 7L), .Names = c("qr", "qraux", "pivot", "tol", "rank"
), class = "qr"), df.residual = 20L, xlevels = structure(list(), .Names = character(0)), 
    call = quote(lm(formula = y ~ . + 0, data = structure(list(y = c(43, 
        63, 71, 61, 81, 43, 58, 71, 67, 64, 69, 68, 81, 74, 65, 
        65, 50, 50, 64, 53, 40, 63, 66, 78, 48, 85, 82), x1 = c(1, 
        1, 1, 1, 1, 1, 1, 1, 1, 1, 1, 1, 1, 1, 1, 1, 1, 1, 1, 
        1, 1, 1, 1, 1, 1, 1, 1), x2 = c(51, 64, 70, 63, 78, 55, 
        67, 75, 61, 53, 62, 83, 90, 85, 60, 70, 58, 40, 61, 66, 
        37, 54, 77, 75, 57, 85, 82), x3 = c(30, 51, 68, 45, 56, 
        49, 42, 50, 45, 53, 57, 83, 50, 64, 65, 46, 68, 33, 52, 
        52, 42, 42, 66, 58, 44, 71, 39), x4 = c(54, 63, 48, 71, 
        45, 59, 45, 62, 62, 54, 72, 67, 47, 55, 47, 67, 56, 48, 
        39, 62, 34, 39, 71, 58, 42, 45, 44), x5 = c(61, 63, 76, 
        54, 71, 54, 66, 70, 62, 58, 55, 59, 60, 79, 55, 75, 64, 
        43, 66, 63, 50, 66, 88, 80, 51, 77, 64), x6 = c(92, 73, 
        86, 84, 83, 49, 68, 66, 80, 67, 63, 77, 54, 79, 80, 85, 
        78, 64, 80, 80, 57, 75, 76, 78, 83, 74, 78), x7 = c(45, 
        47, 48, 35, 47, 34, 35, 41, 41, 34, 25, 35, 36, 63, 60, 
        46, 52, 33, 41, 37, 49, 33, 72, 49, 38, 55, 39)), .Names = c("y", 
        "x1", "x2", "x3", "x4", "x5", "x6", "x7"),