
expected <- structure(list(coefficients = structure(c(15.3843296599868, 0.728283348239471, 
-0.0755444433591445, 0.0684769110621037, 0.00942853808415098, 
0.0534771595205093, -0.0868054577680079), .Names = c("x1", "x2", 
"x3", "x4", "x5", "x6", "x7")), residuals = structure(c(-12.8893787715494, 
-0.626962783794581, 4.72073154083724, -2.04812690221752, 6.87611574670814, 
-11.5869719289185, -8.13017064055554, -0.104393521596208, -4.0530863887358, 
5.58841449684358, 7.9117314522418, 6.20064310361791, 7.96918082262236, 
-7.23763052588188, 6.07710820114689, 0.0950631938045561, -0.282591132851799, 
7.54289017644714, -4.07910509692686, -5.41910231692533, 2.69987240378675, 
3.76428055864202, -11.880841509996, -1.09470402142941, 7.02214625349587, 
-3.16033448105409, 6.12522207223859), .Names = c("1", "2", "3", 
"4", "5", "6", "7", "8", "9", "10", "11", "12", "13", "14", "15", 
"16", "17", "18", "19", "20", "21", "22", "23", "24", "25", "26", 
"30")), effects = structure(c(-332.553755053224, -47.3569455303206, 
4.84740410534456, 4.98020988906967, -1.13262563796585, 2.22237827836022, 
-3.60516971358459, 4.55231232913853, -3.7226727950984, 7.5309812682749, 
10.0492436150809, 7.58268663653011, 10.0637166708554, -11.6167810739823, 
11.8858422032283, 2.77364275117131, 2.43290267433567, 3.65527492627232, 
-0.361885277044603, -5.18988673956906, 4.00536222644854, 6.5535133877858, 
-10.5122809957814, 2.38380107977192, 12.9477867436355, 1.88318724290078, 
8.83770420311391), .Names = c("x1", "x2", "x3", "x4", "x5", "x6", 
"x7", "", "", "", "", "", "", "", "", "", "", "", "", "", "", 
"", "", "", "", "", "")), rank = 7L, fitted.values = structure(c(55.8893787715494, 
63.6269627837946, 66.2792684591628, 63.0481269022175, 74.1238842532919, 
54.5869719289185, 66.1301706405555, 71.1043935215962, 76.0530863887358, 
61.4115855031564, 56.0882685477582, 60.7993568963821, 61.0308191773776, 
75.2376305258819, 70.9228917988531, 80.9049368061955, 74.2825911328518, 
57.4571098235529, 69.0791050969269, 55.4191023169253, 47.3001275962132, 
60.235719441358, 64.8808415099959, 41.0947040214294, 55.9778537465041, 
69.1603344810541, 75.8747779277614), .Names = c("1", "2", "3", 
"4", "5", "6", "7", "8", "9", "10", "11", "12", "13", "14", "15", 
"16", "17", "18", "19", "20", "21", "22", "23", "24", "25", "26", 
"30")), assign = 1:7, qr = structure(list(qr = structure(c(-5.19615242270663, 
0.192450089729875, 0.192450089729875, 0.192450089729875, 0.192450089729875, 
0.192450089729875, 0.192450089729875, 0.192450089729875, 0.192450089729875, 
0.192450089729875, 0.192450089729875, 0.192450089729875, 0.192450089729875, 
0.192450089729875, 0.192450089729875, 0.192450089729875, 0.192450089729875, 
0.192450089729875, 0.192450089729875, 0.192450089729875, 0.192450089729875, 
0.192450089729875, 0.192450089729875, 0.192450089729875, 0.192450089729875, 
0.192450089729875, 0.192450089729875, -342.753609808908, -68.0364825881156, 
0.0948302518508885, -0.00805572540306698, 0.212414225855409, 
-0.125639699407587, 0.0507362615991933, 0.168320235603714, 0.271206212857669, 
-0.0374517189041971, -0.155035692908718, -0.0521497156547622, 
-0.022753722153632, 0.285904209608234, 0.197716229104844, 0.38879018686219, 
0.315300203109364, -0.0521497156547622, 0.0948302518508885, -0.0815457091558923, 
-0.346109650666063, -0.0374517189041971, 0.0360382648486282, 
-0.390203640917759, -0.140337696158153, 0.197716229104844, 0.271206212857669, 
-273.471577506153, -31.9186052397271, -53.7540597150277, -0.068940024584522, 
-0.00259405148006831, 0.0792274842913807, -0.161627025089866, 
-0.0865555811570526, 0.258180623295055, -0.0505013934329394, 
0.172079099712536, -0.00407558572236198, 0.163518243799986, 0.453597014460587, 
-0.0305812280390631, -0.224845314793922, 0.0816967080285368, 
0.330782843490713, -0.114871987547668, 0.405031212844475, -0.0801347191500383, 
0.0797213290388119, 0.0336247511598553, 0.114952442183873, -0.0417759226045793, 
0.192657724769653, -0.355726496928915, -277.32057930075, -0.343497627763185, 
-1.14855954786771, 63.1098971369865, -0.261308503863972, 0.204339198861324, 
-0.0310085148498541, -0.0712794512330004, 0.0329502358408741, 
-0.00863230059136543, -0.325592472613519, -0.154757822206258, 
0.143804177397676, 0.0264821790683898, 0.303804728863699, 0.185145699325506, 
0.422889109840232, -0.00403535849245856, -0.253629883109807, 
0.226160197818733, -0.249442975863686, 0.152976929759082, 0.0166167269165291, 
0.121646943119298, 0.196765010810085, -0.00769338428520412, 0.398363415293901, 
-333.131105322414, -32.1902459944875, -3.50937878261533, 1.8982899779534, 
38.7367459294244, 0.116563949236223, -0.0546847824367864, -0.0334768126085744, 
0.0873138347047835, 0.000305780846781635, 0.143522705587975, 
0.113687570126383, 0.210665032368314, 0.46096328213686, -0.319656580251739, 
0.304636568064674, -0.224716399682787, 0.266267619553601, -0.184607038043989, 
-0.0272484812758128, 0.292291901366245, -0.109059893887029, 0.0494975989798446, 
0.0350642102814962, -0.234456138891861, -0.417978310708729, 0.0200631985654561, 
-386.439780177589, -11.4110891809387, -4.10160002706479, 10.0248251234916, 
20.3976614183494, 45.7460217628236, 0.196713851259253, 0.268878517348479, 
-0.0629964532520513, -0.0768065953118655, 0.200627603542858, 
0.0292822167164738, 0.260117242952082, -0.0195171938150055, 0.125882542396281, 
0.406189356745382, 0.0845697993061776, -0.0936742556868847, -0.101874424909991, 
0.0518718975581881, 0.128563868829365, -0.0197883838114993, -0.066429401644789, 
0.386323151147609, 0.0900284821041811, 0.243651387810822, -0.0749708506490614, 
-220.547802830437, -8.28150461356839, -12.875499479707, -1.20547494047351, 
29.821460335481, 2.58035647340994, 41.5316018863652, 0.0719309130765883, 
0.389791778303466, 0.0263843832765541, 0.142781082009635, -0.0336172591441177, 
0.286767977757983, 0.100605903458953, 0.141555606290315, -0.0614666188378846, 
-0.272804983601968, -0.496241966275788, 0.0838260442494921, -0.131826079342979, 
-0.0724778064602726, 0.116216698787148, 0.133202306206625, -0.305819493065602, 
0.309229116829172, -0.32120574217025, 0.00707586858267996), .Dim = c(27L, 
7L), .Dimnames = list(c("1", "2", "3", "4", "5", "6", "7", "8", 
"9", "10", "11", "12", "13", "14", "15", "16", "17", "18", "19", 
"20", "21", "22", "23", "24", "25", "26", "30"), c("x1", "x2", 
"x3", "x4", "x5", "x6", "x7")), assign = 1:7), qraux = c(1.19245008972988, 
1.0066422713475, 1.29439942593498, 1.11112274565132, 1.0447131978789, 
1.56257155080968, 1.17477094053962), pivot = 1:7, tol = 1e-07, 
    rank = 7L), .Names = c("qr", "qraux", "pivot", "tol", "rank"
), class = "qr"), df.residual = 20L, xlevels = structure(list(), .Names = character(0)), 
    call = quote(lm(formula = y ~ . + 0, data = structure(list(y = c(43, 
        63, 71, 61, 81, 43, 58, 71, 72, 67, 64, 67, 69, 68, 77, 
        81, 74, 65, 65, 50, 50, 64, 53, 40, 63, 66, 82), x1 = c(1, 
        1, 1, 1, 1, 1, 1, 1, 1, 1, 1, 1, 1, 1, 1, 1, 1, 1, 1, 
        1, 1, 1, 1, 1, 1, 1, 1), x2 = c(51, 64, 70, 63, 78, 55, 
        67, 75, 82, 61, 53, 60, 62, 83, 77, 90, 85, 60, 70, 58, 
        40, 61, 66, 37, 54, 77, 82), x3 = c(30, 51, 68, 45, 56, 
        49, 42, 50, 72, 45, 53, 47, 57, 83, 54, 50, 64, 65, 46, 
        68, 33, 52, 52, 42, 42, 66, 39), x4 = c(59, 74, 57, 47, 
        75, 39, 57, 62, 58, 54, 72, 63, 45, 59, 39, 50, 34, 54, 
        72, 39, 63, 44, 54, 39, 39, 59, 34), x5 = c(61, 63, 76, 
        54, 71, 54, 66, 70, 71, 62, 58, 59, 55, 59, 79, 60, 79, 
        55, 75, 64, 43, 66, 63, 50, 66, 88, 64), x6 = c(92, 73, 
        86, 84, 83, 49, 68, 66, 83, 80, 67, 74, 63, 77, 77, 54, 
        79, 80, 85, 78, 64, 80, 80, 57, 75, 76, 78), x7 = c(45, 
        47, 48, 35, 47, 34, 35, 41, 31, 41, 34, 41, 25, 35, 46, 
        36, 63, 60, 46, 52, 33, 41, 37, 49, 33, 72, 39)), .Names = c("y", 
        "x1", "x2", "x3", "x4", "x5", "x6", "x7"),