
expected <- structure(list(coefficients = structure(c(0.275823353221126, 
0.59202663979564, 0.00932995294637017, 0.198603516312504, 0.00620707499406046, 
-0.00757225651044216, 0.321447239675672), .Names = c("x1", "x2", 
"x3", "x4", "x5", "x6", "x7")), residuals = structure(c(-0.990789805726606, 
3.87305540686903, 3.04396653860423, -10.2478058234198, -6.52935349037726, 
3.10421342970472, -5.39897808083254, -2.06692091547427, 7.30126729516866, 
6.49740642836163, 7.53011826775753, 1.05508654989202, 5.49835342671072, 
-0.467031231429837, -2.68454587818672, 1.42881664289944, -4.04006996953656, 
-7.02966532305054, 6.66398089767041, 0.221516600804801, -9.08662249971147, 
-4.57816503343759, 8.77316847206621, -4.21105753296584, 0.498853010218793, 
-7.2720766272815, 9.11327924470228), .Names = c("2", "3", "4", 
"6", "7", "8", "9", "10", "11", "12", "13", "14", "15", "16", 
"17", "18", "19", "20", "21", "22", "23", "24", "25", "26", "27", 
"28", "29")), effects = structure(c(-333.516005501874, -45.8271796854879, 
-2.82732660593055, 9.77007444774788, -2.39921901489119, 2.83596409687574, 
-13.5312499868636, 3.43528309155131, 6.53306165283718, 11.2494845427604, 
11.1250038424704, 3.38430147332686, 2.23976331237712, -8.46444089906721, 
-4.15405716421099, -3.39415639443808, -2.2741116402565, -4.68047910398372, 
7.95917926342917, 0.0212763159700549, -7.90691817764956, -8.06610957038114, 
10.5250754807603, -1.91459053386166, 0.199265331947177, -7.13887952612227, 
6.96094826229389), .Names = c("x1", "x2", "x3", "x4", "x5", "x6", 
"x7", "", "", "", "", "", "", "", "", "", "", "", "", "", "", 
"", "", "", "", "", "")), rank = 7L, fitted.values = structure(c(63.9907898057266, 
67.126944593131, 57.9560334613958, 53.2478058234198, 64.5293534903773, 
67.8957865702953, 77.3989780808325, 69.0669209154743, 56.6987327048313, 
60.5025935716384, 61.4698817322425, 66.944913450108, 71.5016465732893, 
81.4670312314298, 76.6845458781867, 63.5711833571006, 69.0400699695366, 
57.0296653230505, 43.3360191023296, 63.7784833991952, 62.0866224997115, 
44.5781650334376, 54.2268315279338, 70.2110575329658, 77.5011469897812, 
55.2720766272815, 75.8867207552977), .Names = c("2", "3", "4", 
"6", "7", "8", "9", "10", "11", "12", "13", "14", "15", "16", 
"17", "18", "19", "20", "21", "22", "23", "24", "25", "26", "27", 
"28", "29")), assign = 1:7, qr = structure(list(qr = structure(c(-5.19615242270663, 
0.192450089729875, 0.192450089729875, 0.192450089729875, 0.192450089729875, 
0.192450089729875, 0.192450089729875, 0.192450089729875, 0.192450089729875, 
0.192450089729875, 0.192450089729875, 0.192450089729875, 0.192450089729875, 
0.192450089729875, 0.192450089729875, 0.192450089729875, 0.192450089729875, 
0.192450089729875, 0.192450089729875, 0.192450089729875, 0.192450089729875, 
0.192450089729875, 0.192450089729875, 0.192450089729875, 0.192450089729875, 
0.192450089729875, 0.192450089729875, -343.908310347287, -67.2761032913922, 
-0.0421028710864252, -0.16101582247051, 0.0173536046056173, 0.136266555989702, 
0.240315388450777, -0.0718311089324464, -0.190744060316531, -0.0866952278554571, 
-0.0569669900094358, 0.255179507373787, 0.165994793835724, 0.359228339834862, 
0.284907745219808, -0.0866952278554571, 0.0619459613746492, -0.116423465701478, 
-0.38397760631567, -0.0718311089324464, 0.00248948568260667, 
-0.428569963084701, -0.175879941393521, 0.165994793835724, 0.136266555989702, 
-0.131287584624489, 0.284907745219808, -282.709181813187, -36.8030079304512, 
46.9047665572452, -0.0611248653510839, 0.270548232368535, 0.221612896213294, 
-0.141002445516607, 0.115371580928528, -0.176809800349899, 0.0575291134291201, 
-0.125263079326525, -0.360317310932056, 0.166739472495275, 0.44965606351628, 
0.0751645466608243, -0.326227193683757, 0.230877686470715, -0.420592333842968, 
0.0519486847795985, -0.0338669829487023, 0.0421474061522932, 
-0.185538102237438, 0.0729108207059471, -0.0890980655799771, 
0.0510545374964592, 0.0758798644873358, -0.0740740172164058, 
-293.87128701752, -33.9678148766177, 8.65095721368538, 48.6211390082697, 
-0.0587193222030677, 0.083686816614506, 0.0349793870888135, 0.0898999650193316, 
-0.160589001185979, 0.257505525574979, 0.275058221743037, 0.563680488069739, 
-0.22329697497344, -0.128997021398142, -0.0275578357153437, -0.373125503892762, 
-0.0274975862114396, 0.0588222318240993, 0.0923399585590692, 
-0.175912621133539, 0.116546382071625, -0.373770335132734, -0.0128790470077565, 
0.0349994702567816, -0.258295198339626, 0.0884128033691762, -0.0259970064122555, 
-335.440506399173, -38.1446322939837, 2.79399501774129, 16.9433736810265, 
-36.479711813135, 0.0812892749230983, -0.14581047142189, 0.10452663123928, 
-0.0541116618666219, 0.109140947644488, -0.0786925208474974, 
-0.290045866391337, 0.12291073052868, -0.524479386135571, 0.0426281205645648, 
-0.415376334890659, 0.261294415036636, 0.0586875518273713, -0.0303869572671198, 
0.0426394687616735, 0.0300517964425614, -0.0754831700613124, 
0.285770154765615, 0.429640743106909, 0.140429171622168, -0.131763752497732, 
-0.0511357064154046, -382.975678562452, -12.3443755040988, 11.0852083455286, 
1.89702095288471, -16.4600759798777, 43.4031264913097, -0.133910022797576, 
-0.206745081534838, 0.112518349655594, -0.154170031355739, 0.0685875885620879, 
-0.264510090780803, 0.140278646123688, 0.603040525168371, 0.0501699136585359, 
-0.104613910644536, -0.163428956433101, -0.18251489154994, -0.0340909104170918, 
-0.095875255572869, -0.194519988351356, 0.31040548450386, -0.0636911624394215, 
0.102120577723544, 0.120380090322688, -0.354302188161949, 0.145088554846545, 
-212.464899061782, 3.84154895721363, -15.2947615710799, 0.0713685137878945, 
-7.14713440290968, 9.84492418480896, -42.094777359159, 0.632764407484436, 
-0.0263147442086, 0.20528313365593, 0.251803536257748, -0.232113163594303, 
-0.180033134783043, 0.199139828275077, -0.0508786659105173, -0.0872383418803767, 
0.0772420322973407, -0.171096182336168, -0.153614573502602, 0.0291743442242839, 
-0.107391263123489, -0.250291248761233, -0.189049976619779, -0.115777451255898, 
0.315788264413083, -0.200682696647816, -0.0877371879360936), .Dim = c(27L, 
7L), .Dimnames = list(c("2", "3", "4", "6", "7", "8", "9", "10", 
"11", "12", "13", "14", "15", "16", "17", "18", "19", "20", "21", 
"22", "23", "24", "25", "26", "27", "28", "29"), c("x1", "x2", 
"x3", "x4", "x5", "x6", "x7")), assign = 1:7), qraux = c(1.19245008972988, 
1.06194596137465, 1.14577733656893, 1.12121545183186, 1.06702475408641, 
1.22651062456262, 1.16285256683649), pivot = 1:7, tol = 1e-07, 
    rank = 7L), .Names = c("qr", "qraux", "pivot", "tol", "rank"
), class = "qr"), df.residual = 20L, xlevels = structure(list(), .Names = character(0)), 
    call = quote(lm(formula = y ~ . + 0, data = structure(list(y = c(63, 
        71, 61, 43, 58, 71, 72, 67, 64, 67, 69, 68, 77, 81, 74, 
        65, 65, 50, 50, 64, 53, 40, 63, 66, 78, 48, 85), x1 = c(1, 
        1, 1, 1, 1, 1, 1, 1, 1, 1, 1, 1, 1, 1, 1, 1, 1, 1, 1, 
        1, 1, 1, 1, 1, 1, 1, 1), x2 = c(64, 70, 63, 55, 67, 75, 
        82, 61, 53, 60, 62, 83, 77, 90, 85, 60, 70, 58, 40, 61, 
        66, 37, 54, 77, 75, 57, 85), x3 = c(51, 68, 45, 49, 42, 
        50, 72, 45, 53, 47, 57, 83, 54, 50, 64, 65, 46, 68, 33, 
        52, 52, 42, 42, 66, 58, 44, 71), x4 = c(54, 69, 47, 44, 
        56, 55, 67, 47, 58, 39, 42, 45, 72, 72, 69, 75, 57, 54, 
        34, 62, 50, 58, 48, 63, 74, 45, 71), x5 = c(63, 76, 54, 
        54, 66, 70, 71, 62, 58, 59, 55, 59, 79, 60, 79, 55, 75, 
        64, 43, 66, 63, 50, 66, 88, 80, 51, 77), x6 = c(73, 86, 
        84, 49, 68, 66, 83, 80, 67, 74, 63, 77, 77, 54, 79, 80, 
        85, 78, 64, 80, 80, 57, 75, 76, 78, 83, 74), x7 = c(46, 
        35, 34, 35, 41, 37, 46, 72, 41, 52, 49, 25, 34, 41, 37, 
        39, 49, 35, 39, 46, 39, 33, 38, 35, 55, 38, 33)), .Names = c("y", 
        "x1", "x2", "x3", "x4", "x5", "x6", "x7"),