
expected <- structure(list(coefficients = structure(c(11.0787353735083, 0.642332023868341, 
0.352875739308668, 0.0282722960812018, -0.0219808152313251, -0.216727624556802
), .Names = c("x1", "x2", "x3", "x4", "x5", "x6")), residuals = structure(c(-4.54945437844716, 
1.76636838919047, 0.754178529858828, 0.774338725813271, 6.53284096699333, 
-12.0144340229672, -8.66183162011373, 0.695702860801565, -8.85700486069754, 
5.6125351642872, 12.4635368265092, 8.52390378471791, -4.66177745996151, 
0.483127670415297, 2.12280915368913, -1.43847636670089, -6.21436956474004, 
8.57328358895092, 0.639041617361023, -10.1202032402603, -4.85286786913095, 
7.23190106214972, -1.98250391729199, 2.70593163235517, -6.95289870567666, 
5.63849798625688, 5.78782404663801), .Names = c("1", "2", "3", 
"4", "5", "6", "7", "8", "9", "11", "12", "13", "14", "15", "18", 
"19", "20", "21", "22", "23", "24", "25", "26", "27", "28", "29", 
"30")), effects = structure(c(-330.436804066196, -51.0689079508119, 
-12.1736098177697, -2.94852811891271, 2.1269369793416, 8.20852796512713, 
-8.0567830204655, 2.74295863534134, -12.1528651905094, 6.29357800307131, 
14.5756117612938, 9.50608854383597, -4.0650860266017, 0.0997751926894161, 
4.94015048084454, -2.10490497461089, -3.94293973829174, 11.7223997567197, 
-0.0710229333711863, -10.5595637655405, 0.511366688753664, 6.52112198867472, 
2.72106648082042, 2.50144544793411, -6.79633291491304, 7.82471531033447, 
5.78221766573465), .Names = c("x1", "x2", "x3", "x4", "x5", "x6", 
"", "", "", "", "", "", "", "", "", "", "", "", "", "", "", "", 
"", "", "", "", "")), rank = 6L, fitted.values = structure(c(47.5494543784472, 
61.2336316108095, 70.2458214701412, 60.2256612741867, 74.4671590330067, 
55.0144340229672, 66.6618316201137, 70.3042971391984, 80.8570048606975, 
58.3874648357128, 54.5364631734908, 60.4760962152821, 72.6617774599615, 
76.5168723295847, 62.8771908463109, 66.4384763667009, 56.21436956474, 
41.4267164110491, 63.360958382639, 63.1202032402603, 44.852867869131, 
55.7680989378503, 67.982503917292, 75.2940683676448, 54.9528987056767, 
79.3615020137431, 76.212175953362), .Names = c("1", "2", "3", 
"4", "5", "6", "7", "8", "9", "11", "12", "13", "14", "15", "18", 
"19", "20", "21", "22", "23", "24", "25", "26", "27", "28", "29", 
"30")), assign = 1:6, qr = structure(list(qr = structure(c(-5.19615242270663, 
0.192450089729875, 0.192450089729875, 0.192450089729875, 0.192450089729875, 
0.192450089729875, 0.192450089729875, 0.192450089729875, 0.192450089729875, 
0.192450089729875, 0.192450089729875, 0.192450089729875, 0.192450089729875, 
0.192450089729875, 0.192450089729875, 0.192450089729875, 0.192450089729875, 
0.192450089729875, 0.192450089729875, 0.192450089729875, 0.192450089729875, 
0.192450089729875, 0.192450089729875, 0.192450089729875, 0.192450089729875, 
0.192450089729875, 0.192450089729875, -339.09705810404, -64.6156729066964, 
0.108983611697181, 0.000650761707243416, 0.232792583114252, -0.123158209709828, 
0.062555247415779, 0.18636421883285, 0.294697068822788, -0.154110452564096, 
-0.0457776025741583, -0.0148253597198905, 0.310173190249921, 
0.217316461687118, -0.0457776025741583, 0.108983611697181, -0.0767298454284261, 
-0.355300031116836, -0.0303014811470244, 0.0470791259886451, 
-0.401728395398238, -0.138634331136962, 0.217316461687118, 0.18636421883285, 
-0.09220596685556, 0.341125433104189, 0.294697068822788, -289.252484864003, 
-31.3907329613699, -50.0461974993901, -0.119840959401007, 0.111840963284539, 
-0.10086968001846, 0.0205349363438811, -0.0783624952712852, 0.0923645545641885, 
0.198600826184961, -0.250099803782367, -0.209884162997155, -0.357093769409845, 
0.241594678328095, 0.469235566311209, 0.0109230143181567, 0.0693522404792092, 
-0.152717760180613, 0.199611084860569, -0.0894898053104218, 0.356432613298984, 
-0.0110790410912145, 0.061760835804701, 0.301286727833658, -0.100617115349558, 
0.142697246712929, -0.0674877499010506, -334.478255950523, -38.7894653829049, 
-18.1772767810252, 32.6076721099609, 0.11879506331441, 0.0952457126465673, 
0.0182470146405597, -0.0262952181560488, 0.177172586243237, 0.130082448110126, 
-0.0655929499505458, 0.118455296580065, 0.273296703684239, -0.0606679318187564, 
0.520598705515929, -0.210759609902016, -0.0485482565923288, 0.133201503908836, 
0.0272476340682773, 0.0216208954900281, 0.193415739351088, -0.232638973964733, 
-0.452556879937132, -0.0883353546243202, 0.222875155543453, 0.0787956110734532, 
0.288841293804503, -390.673682151647, -18.1024765522868, -3.0055562018714, 
6.97167012871749, -44.4155025219992, -0.597109626606213, -0.244770861875167, 
-0.308728525600269, 0.0123599524506975, -0.235063158196496, -0.0307025559630023, 
-0.294601831647168, -0.0489374867972649, -0.125906022008292, 
-0.0216317665661688, 0.126280510088267, 0.0126691611555807, -0.182465299097324, 
0.0213237533546522, 0.0491228444746343, -0.415358332985965, -0.022566143751884, 
-0.116693293479948, -0.104723914221138, 0.159173504710167, -0.212545668513832, 
-0.072429533612625, -220.932703009897, -10.2044959173061, -27.3815020679208, 
17.1513848037261, -5.30918948312245, -37.874857817102, -0.202429601832638, 
-0.0375922652702622, -0.40167768118845, -0.212734115469715, 0.102696473716154, 
-0.232470534099436, 0.0461469559496094, -0.168200470868848, 0.412824149606238, 
-0.0845536539008181, 0.198027185156634, 0.0589914919581459, -0.159778833692865, 
-0.11195439697714, 0.227829718926073, -0.310909637410117, 0.447571739857329, 
-0.132661302423807, 0.0538073949601623, 0.166768330782805, -0.0208661626118894
), .Dim = c(27L, 6L), .Dimnames = list(c("1", "2", "3", "4", 
"5", "6", "7", "8", "9", "11", "12", "13", "14", "15", "18", 
"19", "20", "21", "22", "23", "24", "25", "26", "27", "28", "29", 
"30"), c("x1", "x2", "x3", "x4", "x5", "x6")), assign = 1:6), 
    qraux = c(1.19245008972988, 1.01612688313438, 1.25070147101602, 
    1.22487634568035, 1.02712596468701, 1.00586175791676), pivot = 1:6, 
    tol = 1e-07, rank = 6L), .Names = c("qr", "qraux", "pivot", 
"tol", "rank"), class = "qr"), df.residual = 21L, xlevels = structure(list(), .Names = character(0)), 
    call = quote(lm(formula = y ~ . + 0, data = structure(list(y = c(43, 
        63, 71, 61, 81, 43, 58, 71, 72, 64, 67, 69, 68, 77, 65, 
        65, 50, 50, 64, 53, 40, 63, 66, 78, 48, 85, 82), x1 = c(1, 
        1, 1, 1, 1, 1, 1, 1, 1, 1, 1, 1, 1, 1, 1, 1, 1, 1, 1, 
        1, 1, 1, 1, 1, 1, 1, 1), x2 = c(51, 64, 70, 63, 78, 55, 
        67, 75, 82, 53, 60, 62, 83, 77, 60, 70, 58, 40, 61, 66, 
        37, 54, 77, 75, 57, 85, 82), x3 = c(39, 54, 69, 47, 66, 
        44, 56, 55, 67, 58, 39, 42, 45, 72, 75, 57, 54, 34, 62, 
        50, 58, 48, 63, 74, 45, 71, 59), x4 = c(61, 63, 76, 54, 
        71, 54, 66, 70, 71, 58, 59, 55, 59, 79, 55, 75, 64, 43, 
        66, 63, 50, 66, 88, 80, 51, 77, 64), x5 = c(92, 73, 86, 
        84, 83, 49, 68, 66, 83, 67, 74, 63, 77, 77, 80, 85, 78, 
        64, 80, 80, 57, 75, 76, 78, 83, 74, 78), x6 = c(45, 47, 
        48, 35, 47, 34, 35, 41, 31, 34, 41, 25, 35, 46, 60, 46, 
        52, 33, 41, 37, 49, 33, 72, 49, 38, 55, 39)), .Names = c("y", 
        "x1", "x2", "x3", "x4", "x5", "x6"), row.names = c("1", 
        "2", "3", "4", "5", "6", "7", "8", "9", "11", "12", "13", 
        "14", "15", "18", "19", "20", "21", "22", "23", "24", 
        "25", "26", "27", "28", "29", "30"), class = "data.frame"))), 
    terms = y ~ x1 + x2 + x3 + x4 + x5 + x6 + 0, model = structure(list(
        y = c(43, 63, 71, 61, 81, 43, 58, 71, 72, 64, 67, 69, 
        68, 77, 65, 65, 50, 50, 64, 53, 40, 63, 66, 78, 48, 85, 
        82), x1 = c(1, 1, 1, 1, 1, 1, 1, 1, 1, 1, 1, 1, 1, 1, 
        1, 1, 1, 1, 1, 1, 1, 1, 1, 1, 1, 1, 1), x2 = c(51, 64, 
        70, 63, 78, 55, 67, 75, 82, 53, 60, 62, 83, 77, 60, 70, 
        58, 40, 61, 66, 37, 54, 77, 75, 57, 85, 82), x3 = c(39, 
        54, 69, 47, 66, 44, 56, 55, 67, 58, 39, 42, 45, 72, 75, 
        57, 54, 34, 62, 50, 58, 48, 63, 74, 45, 71, 59),