
expected <- structure(list(coefficients = structure(c(24.3675372400725, 0.724075215451958, 
-0.0478816373976296, -0.296978781183641, 0.228788267486459, -0.0194427552812849, 
-0.0322893843173843), .Names = c("x1", "x2", "x3", "x4", "x5", 
"x6", "x7")), residuals = structure(c(-6.19078039748487, 1.96653703965465, 
1.96499862125091, -0.383994496268269, 10.2148863103384, -11.9247369174899, 
-7.99558965868884, 3.58621994121068, 3.5679423924213, 3.02226583971447, 
3.49999867863335, -1.98041914729326, -0.727403661971981, -2.8620341105829, 
5.16768774907772, -1.37988528372285, -11.1907694626725, 7.64932922199672, 
1.76983347136072, -11.4023989971583, 4.37712065594074, 7.6768237852554, 
-5.01861463943565, 2.93646409858517, -4.75988926662021, 8.57518503522793, 
-0.158776801278624), .Names = c("1", "2", "3", "4", "5", "6", 
"7", "8", "10", "11", "13", "14", "16", "17", "18", "19", "20", 
"21", "22", "23", "24", "25", "26", "27", "28", "29", "30")), 
    effects = structure(c(-331.591504604575, -52.8406667457116, 
    1.16535851229253, -15.5542991002435, 7.6216321092489, -1.11321943087098, 
    -1.18481081204285, 6.24281555245289, 5.45793574125716, 7.6055894441006, 
    6.40854497563477, -8.24952674858505, -0.465801059966982, 
    -3.00072409455513, 1.10821211397778, 1.32137049235944, -10.4818291445469, 
    8.77725682549516, 4.19785052765203, -10.6953853622998, 6.08321878840248, 
    12.8037696877275, -1.54375078768118, 7.76913082008897, -7.9609277626382, 
    8.6496697032739, 1.08859019878765), .Names = c("x1", "x2", 
    "x3", "x4", "x5", "x6", "x7", "", "", "", "", "", "", "", 
    "", "", "", "", "", "", "", "", "", "", "", "", "")), rank = 7L, 
    fitted.values = structure(c(49.1907803974849, 61.0334629603454, 
    69.0350013787491, 61.3839944962683, 70.7851136896616, 54.9247369174899, 
    65.9955896586888, 67.4137800587893, 63.4320576075787, 60.9777341602855, 
    65.5000013213667, 69.9804191472933, 81.727403661972, 76.8620341105829, 
    59.8323122509223, 66.3798852837228, 61.1907694626725, 42.3506707780033, 
    62.2301665286393, 64.4023989971583, 35.6228793440593, 55.3231762147446, 
    71.0186146394357, 75.0635359014148, 52.7598892666202, 76.4248149647721, 
    82.1587768012786), .Names = c("1", "2", "3", "4", "5", "6", 
    "7", "8", "10", "11", "13", "14", "16", "17", "18", "19", 
    "20", "21", "22", "23", "24", "25", "26", "27", "28", "29", 
    "30")), assign = 1:7, qr = structure(list(qr = structure(c(-5.19615242270663, 
    0.192450089729875, 0.192450089729875, 0.192450089729875, 
    0.192450089729875, 0.192450089729875, 0.192450089729875, 
    0.192450089729875, 0.192450089729875, 0.192450089729875, 
    0.192450089729875, 0.192450089729875, 0.192450089729875, 
    0.192450089729875, 0.192450089729875, 0.192450089729875, 
    0.192450089729875, 0.192450089729875, 0.192450089729875, 
    0.192450089729875, 0.192450089729875, 0.192450089729875, 
    0.192450089729875, 0.192450089729875, 0.192450089729875, 
    0.192450089729875, 0.192450089729875, -342.368709629448, 
    -68.8379740162845, 0.0946285258367066, -0.00705953369775985, 
    0.210843451018954, -0.123274458880007, 0.0510479288933639, 
    0.167262854075611, -0.0361132649933217, -0.152328190175569, 
    -0.0215863993455408, 0.283477779257859, 0.385165838792325, 
    0.312531510553421, -0.0506401306411026, 0.0946285258367066, 
    -0.0796938619366645, -0.341177443596721, -0.0361132649933217, 
    0.0365210632455829, -0.384758040540064, -0.137801324527788, 
    0.196316585371173, 0.167262854075611, -0.0942207275844454, 
    0.312531510553421, 0.268950913610078, -273.471577506153, 
    -33.2358545059397, -53.2510494878393, -0.070052322797673, 
    -0.00669154004805236, 0.0814411228608679, -0.164578018240964, 
    -0.0907237925312555, -0.0509579339970586, 0.175651402117566, 
    0.164842542970884, 0.452604748528973, -0.233931708535864, 
    0.0767098800619636, 0.334168712683665, -0.118103710985803, 
    0.409600019326341, -0.0758145229588567, 0.080494874301087, 
    0.032758902299551, 0.121837813768252, -0.0404644910369705, 
    0.190645380492463, 0.0595079883809109, -0.0315481290098505, 
    0.208162688360109, -0.364122852087635, -307.150343208881, 
    -9.14224078100345, 2.19223986132421, 58.9599879966003, -0.0929209201539531, 
    0.023493189770756, 0.0625524968519915, -0.194561999808552, 
    0.222021191602063, 0.416047226772686, 0.356396664676837, 
    -0.174997731381396, 0.164803951572289, -0.0822698853449693, 
    0.198917961934784, -0.103531005363898, 0.220160541614135, 
    0.0155468304930279, 0.107496634147716, 0.0746393919304241, 
    -0.316966311070639, -0.0521543993380879, -0.21651926301114, 
    0.147028173769443, -0.0958674243595582, -0.0950305143476009, 
    0.461308598717865, -332.938655232684, -34.7369639562104, 
    -5.90088014670624, 11.501702374883, 38.3938229788414, 0.154491438923563, 
    -0.096966317412252, 0.0428588666613528, -0.108978854533626, 
    -0.128286464225073, 0.0896155841961827, 0.588107139576856, 
    0.285991797680621, -0.0643095894108381, 0.188272046696206, 
    -0.201943575217393, -0.058694019709091, 0.204436734149833, 
    -0.120229557995514, 0.0227389563386005, 0.197516081818877, 
    -0.172954258939202, -0.304621007193651, -0.329933736250459, 
    0.27914972299062, 0.033644074782414, -0.0975456165445887, 
    -386.632230267319, -8.06563862688463, -1.53998245972937, 
    3.67055329700328, 18.1983576839472, 48.4813290059557, 0.197791878878202, 
    0.206697009202567, -0.0248332516435607, 0.287993006177451, 
    0.318981912163653, -0.0640808639895377, 0.410029311527184, 
    0.0114623132341829, -0.0430308154131612, -0.126175696003048, 
    0.0728287728834413, 0.183011962660259, -0.00878018462454079, 
    -0.0496213864185417, 0.334860237837981, 0.0701721787384204, 
    0.135140115464108, 0.101631735323508, -0.209229415007313, 
    0.109347561485973, 0.00374334099231315, -225.166604983954, 
    -15.0934134080444, -18.1722398077161, 18.7220236367094, 25.0422215965385, 
    5.28374321479001, 36.6935089377023, 0.172523742552047, -0.0261656023766498, 
    0.0465122581075368, 0.226691836449329, 0.268200484759235, 
    -0.0812463620776635, -0.242002047302129, -0.580778504842346, 
    0.162736140399246, -0.197129959763287, -0.103128769994996, 
    0.109178565477445, 0.157115622605292, -0.28456750755073, 
    0.349310025031481, -0.256502162339537, 0.0930719913162297, 
    -0.016481283033672, -0.0454427985959058, -0.12010972904063
    ), .Dim = c(27L, 7L), .Dimnames = list(c("1", "2", "3", "4", 
    "5", "6", "7", "8", "10", "11", "13", "14", "16", "17", "18", 
    "19", "20", "21", "22", "23", "24", "25", "26", "27", "28", 
    "29", "30"), c("x1", "x2", "x3", "x4", "x5", "x6", "x7")), assign = 1:7), 
        qraux = c(1.19245008972988, 1.00746733195002, 1.29503368652266, 
        1.12746715195377, 1.03382981941008, 1.54770690628103, 
        1.18654267765313), pivot = 1:7, tol = 1e-07, rank = 7L), .Names = c("qr", 
    "qraux", "pivot", "tol", "rank"), class = "qr"), df.residual = 20L, 
    xlevels = structure(list(), .Names = character(0)), call = quote(lm(formula = y ~ 
        . + 0, data = structure(list(y = c(43, 63, 71, 61, 81, 
        43, 58, 71, 67, 64, 69, 68, 81, 74, 65, 65, 50, 50, 64, 
        53, 40, 63, 66, 78, 48, 85, 82), x1 = c(1, 1, 1, 1, 1, 
        1, 1, 1, 1, 1, 1, 1, 1, 1, 1, 1, 1, 1, 1, 1, 1, 1, 1, 
        1, 1, 1, 1), x2 = c(51, 64, 70, 63, 78, 55, 67, 75, 61, 
        53, 62, 83, 90, 85, 60, 70, 58, 40, 61, 66, 37, 54, 77, 
        75, 57, 85, 82), x3 = c(30, 51, 68, 45, 56, 49, 42, 50, 
        45, 53, 57, 83, 50, 64, 65, 46, 68, 33, 52, 52, 42, 42, 
        66, 58, 44, 71, 39), x4 = c(72, 63, 57, 54, 69, 58, 59, 
        75, 48, 34, 39, 72, 57, 69, 47, 69, 45, 57, 54, 57, 75, 
        63, 75, 54, 66, 69, 39), x5 = c(61, 63, 76, 54, 71, 54, 
        66, 70, 62, 58, 55, 59, 60, 79, 55, 75, 64, 43, 66, 63, 
        50, 66, 88, 80, 51, 77, 64),