
expected <- structure(list(coefficients = structure(c(8.88052839647853, 0.790879008314827, 
-0.0981872006930449, 0.115634614690943, -0.0552469447885605, 
0.116124906160012, -0.0822271966963708), .Names = c("x1", "x2", 
"x3", "x4", "x5", "x6", "x7")), residuals = structure(c(-12.3177725734999, 
2.17532226235325, 6.04314047904072, -1.69043707655817, 7.48706326982794, 
-12.4575501290916, -8.74968747252915, 1.50553267320417, -4.65236192886647, 
6.59735161505259, 8.30079231451142, 7.53744055389318, 7.63759405343945, 
-6.26596762291082, 3.05664261089189, 1.34422175263484, -0.653866476449706, 
6.5617743111934, -2.10491975353662, -7.87786670454302, 1.7090149146257, 
1.9616882758574, -11.174664093049, -0.553636700664439, 6.94202627534209, 
-2.97314492521039, 2.61227009504132), .Names = c("1", "2", "3", 
"4", "5", "6", "7", "8", "9", "10", "11", "12", "13", "14", "15", 
"16", "17", "18", "19", "20", "21", "22", "23", "24", "25", "26", 
"30")), effects = structure(c(-332.553755053224, -47.3569455303206, 
4.84740410534456, 4.27696510254999, -1.80492728224822, 5.03182435171595, 
-3.41105630480579, 6.44321752761969, -6.21950048230762, 9.74890441717554, 
10.5290993060373, 10.0159003339171, 9.76521922554247, -11.4431089752378, 
5.13252540252216, 3.58200960836626, 0.0683171362275066, 0.923741267088869, 
2.50077977185172, -10.1874172277033, 3.23031893704365, 3.2846039515813, 
-9.1868070181231, 4.7572422001108, 14.0379165141247, -0.372317407113604, 
1.75265156315559), .Names = c("x1", "x2", "x3", "x4", "x5", "x6", 
"x7", "", "", "", "", "", "", "", "", "", "", "", "", "", "", 
"", "", "", "", "", "")), rank = 7L, fitted.values = structure(c(55.3177725735, 
60.8246777376467, 64.9568595209593, 62.6904370765582, 73.5129367301721, 
55.4575501290916, 66.7496874725291, 69.4944673267958, 76.6523619288665, 
60.4026483849474, 55.6992076854886, 59.4625594461068, 61.3624059465606, 
74.2659676229108, 73.9433573891081, 79.6557782473652, 74.6538664764497, 
58.4382256888066, 67.1049197535366, 57.877866704543, 48.2909850853743, 
62.0383117241426, 64.174664093049, 40.5536367006644, 56.0579737246579, 
68.9731449252104, 79.3877299049587), .Names = c("1", "2", "3", 
"4", "5", "6", "7", "8", "9", "10", "11", "12", "13", "14", "15", 
"16", "17", "18", "19", "20", "21", "22", "23", "24", "25", "26", 
"30")), assign = 1:7, qr = structure(list(qr = structure(c(-5.19615242270663, 
0.192450089729875, 0.192450089729875, 0.192450089729875, 0.192450089729875, 
0.192450089729875, 0.192450089729875, 0.192450089729875, 0.192450089729875, 
0.192450089729875, 0.192450089729875, 0.192450089729875, 0.192450089729875, 
0.192450089729875, 0.192450089729875, 0.192450089729875, 0.192450089729875, 
0.192450089729875, 0.192450089729875, 0.192450089729875, 0.192450089729875, 
0.192450089729875, 0.192450089729875, 0.192450089729875, 0.192450089729875, 
0.192450089729875, 0.192450089729875, -342.753609808908, -68.0364825881156, 
0.0948302518508885, -0.00805572540306698, 0.212414225855409, 
-0.125639699407587, 0.0507362615991933, 0.168320235603714, 0.271206212857669, 
-0.0374517189041971, -0.155035692908718, -0.0521497156547622, 
-0.022753722153632, 0.285904209608234, 0.197716229104844, 0.38879018686219, 
0.315300203109364, -0.0521497156547622, 0.0948302518508885, -0.0815457091558923, 
-0.346109650666063, -0.0374517189041971, 0.0360382648486282, 
-0.390203640917759, -0.140337696158153, 0.197716229104844, 0.271206212857669, 
-273.471577506153, -31.9186052397271, -53.7540597150277, -0.068940024584522, 
-0.00259405148006831, 0.0792274842913807, -0.161627025089866, 
-0.0865555811570526, 0.258180623295055, -0.0505013934329394, 
0.172079099712536, -0.00407558572236198, 0.163518243799986, 0.453597014460587, 
-0.0305812280390631, -0.224845314793922, 0.0816967080285368, 
0.330782843490713, -0.114871987547668, 0.405031212844475, -0.0801347191500383, 
0.0797213290388119, 0.0336247511598553, 0.114952442183873, -0.0417759226045793, 
0.192657724769653, -0.355726496928915, -292.71658647914, 18.8820264922259, 
-10.4368169778983, 53.7265476921487, -0.153436319044002, -0.189911624606555, 
-0.249567543629395, -0.00736395405254137, -0.198192930938435, 
0.198203238336649, -0.221715091392445, 0.117156801806348, -0.0507454633127492, 
0.0909396551220755, -0.483205234654343, 0.0677884565214326, 0.0229553868997207, 
-0.0757924912430635, 0.0849139524002826, -0.276800018667476, 
-0.19902592897804, -0.199453984815184, 0.129605433350466, 0.158510804971419, 
0.0860953979372722, -0.295420967162986, -0.309771868471814, -333.131105322414, 
-32.1902459944875, -3.50937878261533, 7.96980919102457, 37.9555151657811, 
0.234561507638795, 0.0210540428572804, -0.0495270852699759, 0.164577582229412, 
-0.0690653432764783, 0.140090248378718, 0.0375240544003747, 0.268238878351367, 
0.446246644722095, -0.0862556746394868, 0.33430518249186, -0.131174877386384, 
0.296439869228464, -0.280747694260165, 0.122721673978815, 0.303305824004488, 
-0.00533870229039631, 0.0107278013225133, 0.0125094165583989, 
-0.219180685563447, -0.328325857067385, 0.225332693853196, -386.439780177589, 
-11.4110891809387, -4.10160002706479, -11.4408336347012, 23.7211986216491, 
43.7683936067375, 0.0924855034053237, 0.28146007967325, -0.16115523798705, 
0.0119832865578541, 0.117682403360376, 0.0890086852228217, 0.237305496068671, 
0.0100663790345322, -0.0982721563999015, 0.440996446589956, 0.0859031804392875, 
-0.138968405637372, -0.0519212841697237, -0.0832687094764644, 
0.0461853894322769, -0.117270844284275, -0.0111924046938508, 
0.471210383659132, 0.13087754110989, 0.127594034801504, -0.23965462571801, 
-220.547802830437, -8.28150461356839, -12.875499479707, 2.02864994350065, 
29.9490082885635, 0.617511610281674, 41.483310168062, 0.08670005076605, 
0.376504410735492, 0.0317248639620136, 0.15497371309131, -0.022405623595348, 
0.285210118536678, 0.0942239472775171, 0.118566660452844, -0.0562252817837593, 
-0.284679510773043, -0.50826207181518, 0.0984142793577231, -0.151285597531104, 
-0.0687891866343163, 0.102146285552974, 0.134243765747707, -0.290230537081129, 
0.311654275641532, -0.31584404634189, -0.0277208082644348), .Dim = c(27L, 
7L), .Dimnames = list(c("1", "2", "3", "4", "5", "6", "7", "8", 
"9", "10", "11", "12", "13", "14", "15", "16", "17", "18", "19", 
"20", "21", "22", "23", "24", "25", "26", "30"), c("x1", "x2", 
"x3", "x4", "x5", "x6", "x7")), assign = 1:7), qraux = c(1.19245008972988, 
1.0066422713475, 1.29439942593498, 1.29260146095299, 1.03219810111953, 
1.48844162539193, 1.17532592092791), pivot = 1:7, tol = 1e-07, 
    rank = 7L), .Names = c("qr", "qraux", "pivot", "tol", "rank"
), class = "qr"), df.residual = 20L, xlevels = structure(list(), .Names = character(0)), 
    call = quote(lm(formula = y ~ . + 0, data = structure(list(y = c(43, 
        63, 71, 61, 81, 43, 58, 71, 72, 67, 64, 67, 69, 68, 77, 
        81, 74, 65, 65, 50, 50, 64, 53, 40, 63, 66, 82), x1 = c(1, 
        1, 1, 1, 1, 1, 1, 1, 1, 1, 1, 1, 1, 1, 1, 1, 1, 1, 1, 
        1, 1, 1, 1, 1, 1, 1, 1), x2 = c(51, 64, 70, 63, 78, 55, 
        67, 75, 82, 61, 53, 60, 62, 83, 77, 90, 85, 60, 70, 58, 
        40, 61, 66, 37, 54, 77, 82), x3 = c(30, 51, 68, 45, 56, 
        49, 42, 50, 72, 45, 53, 47, 57, 83, 54, 50, 64, 65, 46, 
        68, 33, 52, 52, 42, 42, 66, 39), x4 = c(47, 45, 48, 39, 
        57, 69, 66, 50, 59, 45, 72, 50, 59, 44, 75, 39, 45, 62, 
        47, 74, 75, 67, 47, 58, 54, 66, 62), x5 = c(61, 63, 76, 
        54, 71, 54, 66, 70, 71, 62, 58, 59, 55, 59, 79, 60, 79, 
        55, 75, 64, 43, 66, 63, 50, 66, 88, 64), x6 = c(92, 73, 
        86, 84, 83, 49, 68, 66, 83, 80, 67, 74, 63, 77, 77, 54, 
        79, 80, 85, 78, 64, 80, 80, 57, 75, 76, 78), x7 = c(45, 
        47, 48, 35, 47, 34, 35, 41, 31, 41, 34, 41, 25, 35, 46, 
        36, 63, 60, 46, 52, 33, 41, 37, 49, 33, 72, 39)), .Names = c("y", 
        "x1", "x2", "x3", "x4", "x5", "x6", "x7"),