
expected <- structure(list(coefficients = structure(c(23.3960663398321, 0.618357098547553, 
-0.0148510003632207, 0.17250832527785, 0.0415060022782398, -0.143756284012885
), .Names = c("x1", "x2", "x3", "x4", "x5", "x6")), residuals = structure(c(-7.52086105048408, 
-0.649638603943653, 2.63431459432842, 7.80303193677544, -8.82668498031014, 
-0.935762017645669, -3.60528877688108, 7.37168495683307, 5.83695048700836, 
8.66179096108727, 7.64076667676205, -4.62956739205893, 2.16205136062624, 
-4.45377541095462, -4.83125788026266, 1.74737097081291, -1.72455779206288, 
3.91009374966547, 1.7219930710949, -10.1751745114739, -9.53821176212916, 
6.59831789112104, -7.62447201203151, 4.21540319035317, -7.93688612168495, 
5.29191305621624, 6.85645540923869), .Names = c("1", "2", "3", 
"5", "7", "8", "9", "10", "11", "12", "13", "14", "15", "16", 
"17", "18", "19", "21", "22", "23", "24", "25", "26", "27", "28", 
"29", "30")), effects = structure(c(-343.523410167827, 49.3571362451374, 
-0.900494662017867, -9.30463239602708, 1.26437505230766, -5.79748090168314, 
-3.86796245385261, 9.72521702788034, 4.30768013561667, 12.0010001065332, 
9.11503743707526, -2.6549449052073, 2.38811688982983, -8.21911374380993, 
-3.87771686134067, -3.87560074299398, 1.25607570957132, 4.76607325218435, 
1.3975391393649, -8.30380694828487, -13.0595208548195, 9.28445126873879, 
-3.84458213268922, 4.10922340279414, -7.28824434240244, 5.16025026698663, 
7.41692575140418), .Names = c("x1", "x2", "x3", "x4", "x5", "x6", 
"", "", "", "", "", "", "", "", "", "", "", "", "", "", "", "", 
"", "", "", "", "")), rank = 6L, fitted.values = structure(c(50.5208610504841, 
63.6496386039437, 68.3656854056716, 73.1969680632246, 66.8266849803101, 
71.9357620176457, 75.6052887768811, 59.6283150431669, 58.1630495129916, 
58.3382090389127, 61.3592333232379, 72.6295673920589, 74.8379486393738, 
85.4537754109546, 78.8312578802627, 63.2526290291871, 66.7245577920629, 
46.0899062503345, 62.2780069289051, 63.1751745114739, 49.5382117621292, 
56.401682108879, 73.6244720120315, 73.7845968096468, 55.9368861216849, 
79.7080869437838, 75.1435445907613), .Names = c("1", "2", "3", 
"5", "7", "8", "9", "10", "11", "12", "13", "14", "15", "16", 
"17", "18", "19", "21", "22", "23", "24", "25", "26", "27", "28", 
"29", "30")), assign = 1:6, qr = structure(list(qr = structure(c(-5.19615242270663, 
0.192450089729875, 0.192450089729875, 0.192450089729875, 0.192450089729875, 
0.192450089729875, 0.192450089729875, 0.192450089729875, 0.192450089729875, 
0.192450089729875, 0.192450089729875, 0.192450089729875, 0.192450089729875, 
0.192450089729875, 0.192450089729875, 0.192450089729875, 0.192450089729875, 
0.192450089729875, 0.192450089729875, 0.192450089729875, 0.192450089729875, 
0.192450089729875, 0.192450089729875, 0.192450089729875, 0.192450089729875, 
0.192450089729875, 0.192450089729875, -350.644063487833, 69.9910047130397, 
-0.0739876890014511, -0.188288091357435, -0.0311250381179571, 
-0.145425440473941, -0.245438292535427, 0.0546002636490308, 0.168900666005015, 
0.0688878139435288, 0.0403127133545328, -0.259725842829925, -0.174000541062937, 
-0.359738694891411, -0.288300943418921, 0.0688878139435288, -0.0739876890014511, 
0.354638819833489, 0.0546002636490308, -0.0168374878234591, 0.397501470716983, 
0.154613115710517, -0.174000541062937, -0.145425440473941, 0.111750464827023, 
-0.288300943418921, -0.245438292535427, -275.588528493181, 38.4409186516115, 
-50.5891167760729, -0.00316766421737167, -0.167031203886066, 
-0.0909859330561284, 0.272060140307717, -0.0461612801759294, 
0.194067007807626, 0.00363435324785844, 0.18078245036209, 0.479236773419893, 
-0.0324404204969572, -0.244907511637645, 0.0831390451846672, 
0.359442106913039, -0.118747129898996, -0.0678762392719259, 0.092208401804974, 
0.0409012089444684, 0.140811953276968, -0.0336325024487515, 0.204764748613163, 
0.0671508463506184, -0.0248826233133682, 0.221508727165571, -0.380254074745113, 
-297.527838722387, 35.5135583468277, -11.8516979838765, -48.2235379626031, 
0.0750897993545926, -0.058236441180571, -0.0196557085553235, 
-0.0941457096375501, 0.127353894350043, -0.268315037800077, -0.293849248636085, 
-0.564434550492817, 0.251241851319996, 0.194927838781171, 0.0615428067064411, 
0.344114840428868, 0.0461558654104395, -0.135222990778853, 0.164758226616937, 
-0.117203131244745, 0.315284649387418, -0.00469171660190341, 
-0.0247846889873241, 0.276164899973097, -0.101673414793717, 0.0508688449211501, 
0.0602883418434414, -340.05930855269, 35.7220507474215, -2.99208838484361, 
-14.719169466044, -37.2692261040187, 0.0382911526672781, -0.132676681248276, 
0.024011503696874, -0.101795034596905, 0.00541059234602756, -0.163214563459382, 
-0.331718342334546, 0.132082992480758, -0.493056580896258, 0.0561061679297304, 
-0.394413959658618, 0.214317372691583, -0.168689338295681, 0.0105167711067292, 
-0.0327006506859377, -0.140994803015213, 0.197213518869501, 0.411976513253235, 
0.155391497678627, -0.216810835825468, -0.0264316019198206, -0.194482151548384, 
-391.058582331106, 6.68128185253085, -3.59575616558608, 2.60675033656675, 
-19.5558173696067, 40.3285389678236, -0.0340174574237583, -0.0699338141886379, 
0.237584478614219, 0.0789438364433533, 0.352154179412984, 0.105988720675174, 
0.102625124813305, 0.521044460002814, 0.0882764219922455, -0.0967461512842099, 
-0.121931862443141, 0.186774877883945, -0.0436128075132857, -0.0466515042642281, 
0.400610526430522, 0.0733476359255051, 0.24605371077663, 0.0960876775845275, 
-0.218517327350709, 0.218994987573285, -0.0579912771124785), .Dim = c(27L, 
6L), .Dimnames = list(c("1", "2", "3", "5", "7", "8", "9", "10", 
"11", "12", "13", "14", "15", "16", "17", "18", "19", "21", "22", 
"23", "24", "25", "26", "27", "28", "29", "30"), c("x1", "x2", 
"x3", "x4", "x5", "x6")), assign = 1:6), qraux = c(1.19245008972988, 
1.01173761276554, 1.31612901346956, 1.10529795744899, 1.01687850927921, 
1.32910388391468), pivot = 1:6, tol = 1e-07, rank = 6L), .Names = c("qr", 
"qraux", "pivot", "tol", "rank"), class = "qr"), df.residual = 21L, 
    xlevels = structure(list(), .Names = character(0)), call = quote(lm(formula = y ~ 
        . + 0, data = structure(list(y = c(43, 63, 71, 81, 58, 
        71, 72, 67, 64, 67, 69, 68, 77, 81, 74, 65, 65, 50, 64, 
        53, 40, 63, 66, 78, 48, 85, 82), x1 = c(1, 1, 1, 1, 1, 
        1, 1, 1, 1, 1, 1, 1, 1, 1, 1, 1, 1, 1, 1, 1, 1, 1, 1, 
        1, 1, 1, 1), x2 = c(51, 64, 70, 78, 67, 75, 82, 61, 53, 
        60, 62, 83, 77, 90, 85, 60, 70, 40, 61, 66, 37, 54, 77, 
        75, 57, 85, 82), x3 = c(30, 51, 68, 56, 42, 50, 72, 45, 
        53, 47, 57, 83, 54, 50, 64, 65, 46, 33, 52, 52, 42, 42, 
        66, 58, 44, 71, 39), x4 = c(39, 54, 69, 66, 56, 55, 67, 
        47, 58, 39, 42, 45, 72, 72, 69, 75, 57, 34, 62, 50, 58, 
        48, 63, 74, 45, 71, 59), x5 = c(61, 63, 76, 71, 66, 70, 
        71, 62, 58, 59, 55, 59, 79, 60, 79, 55, 75, 43, 66, 63, 
        50, 66, 88, 80, 51, 77, 64), x6 = c(92, 73, 86, 83, 68, 
        66, 83, 80, 67, 74, 63, 77, 77, 54, 79, 80, 85, 64, 80, 
        80, 57, 75, 76, 78, 83, 74, 78)), .Names = c("y", "x1", 
        "x2", "x3", "x4", "x5", "x6"), row.names = c("1", "2", 
        "3", "5", "7", "8", "9", "10", "11", "12", "13", "14", 
        "15", "16", "17", "18", "19", "21", "22", "23", "24", 
        "25", "26", "27", "28", "29", "30"), class = "data.frame"))), 
    terms = y ~ x1 + x2 + x3 + x4 + x5 + x6 + 0, model = structure(list(
        y = c(43, 63, 71, 81, 58, 71, 72, 67, 64, 67, 69, 68, 
        77, 81, 74, 65, 65, 50, 64, 53, 40, 63, 66, 78, 48, 85, 
        82), x1 = c(1, 1, 1, 1, 1, 1, 1, 1, 1, 1, 1, 1, 1, 1, 
        1, 1, 1, 1, 1, 1, 1, 1, 1, 1, 1, 1, 1), x2 = c(51, 64, 
        70, 78, 67, 75, 82, 61, 53, 60, 62, 83, 77, 90, 85, 60, 
        70, 40, 61, 66, 37, 54, 77, 75, 57, 85, 82), x3 = c(30, 
        51, 68, 56, 42, 50, 72, 45, 53, 47, 57, 83, 54, 50, 64, 
        65, 46, 33, 52, 52, 42, 42, 66, 58, 44, 71, 39),