
expected <- structure(list(coefficients = structure(c(18.1959271419248, 0.514532769084917, 
-0.0348540656300959, 0.248337937853348, 0.184558710625696, -0.0424603574226466, 
-0.205992257794833), .Names = c("x1", "x2", "x3", "x4", "x5", 
"x6", "x7")), residuals = structure(c(1.90485206755786, 1.40691380577523, 
0.882985165393002, -12.1524734339515, -8.94175586313867, 1.09425222361026, 
-5.71046211440037, 7.62907420790362, 5.80104239428908, 10.71123438553, 
8.85543548015444, -1.2545712552476, 1.47917197006473, 0.0975226333803252, 
-2.35793841034349, 5.13545025960106, -2.73462726107862, -6.27280712191404, 
5.21141669687324, 0.49466947185658, -10.9202166651245, -6.08069697231376, 
4.44927019447031, -2.96046570754637, 3.71177703007499, -7.65110564929519, 
8.17205246781938), .Names = c("2", "3", "4", "6", "7", "8", "9", 
"10", "11", "12", "13", "14", "15", "16", "17", "18", "19", "20", 
"21", "22", "23", "24", "25", "26", "27", "28", "29")), effects = structure(c(-333.516005501874, 
-45.8271796854879, -2.82732660593055, 9.77007444774788, -2.39921901489119, 
0.842735145602763, -7.57453188064819, 9.00090772949356, 5.42438996764223, 
13.4346853212548, 12.367133515772, 1.65696142149515, 0.398536254048162, 
-6.98474548169327, -5.15956617901298, -3.73835900274717, -1.23895818986306, 
-5.35556915653137, 5.76307181825329, -0.163272468444983, -9.45126472343776, 
-10.5148117019371, 8.24962912184519, -1.45273399916153, 2.54108617125567, 
-8.56219171008279, 6.10011901489517), .Names = c("x1", "x2", 
"x3", "x4", "x5", "x6", "x7", "", "", "", "", "", "", "", "", 
"", "", "", "", "", "", "", "", "", "", "", "")), rank = 7L, 
    fitted.values = structure(c(61.0951479324421, 69.5930861942248, 
    60.117014834607, 55.1524734339515, 66.9417558631387, 69.9057477763897, 
    77.7104621144004, 59.3709257920964, 58.1989576057109, 56.2887656144701, 
    60.1445645198456, 69.2545712552476, 75.5208280299353, 80.9024773666197, 
    76.3579384103435, 59.8645497403989, 67.7346272610786, 56.272807121914, 
    44.7885833031268, 63.5053305281434, 63.9202166651245, 46.0806969723138, 
    58.5507298055297, 68.9604657075464, 74.288222969925, 55.6511056492952, 
    76.8279475321806), .Names = c("2", "3", "4", "6", "7", "8", 
    "9", "10", "11", "12", "13", "14", "15", "16", "17", "18", 
    "19", "20", "21", "22", "23", "24", "25", "26", "27", "28", 
    "29")), assign = 1:7, qr = structure(list(qr = structure(c(-5.19615242270663, 
    0.192450089729875, 0.192450089729875, 0.192450089729875, 
    0.192450089729875, 0.192450089729875, 0.192450089729875, 
    0.192450089729875, 0.192450089729875, 0.192450089729875, 
    0.192450089729875, 0.192450089729875, 0.192450089729875, 
    0.192450089729875, 0.192450089729875, 0.192450089729875, 
    0.192450089729875, 0.192450089729875, 0.192450089729875, 
    0.192450089729875, 0.192450089729875, 0.192450089729875, 
    0.192450089729875, 0.192450089729875, 0.192450089729875, 
    0.192450089729875, 0.192450089729875, -343.908310347287, 
    -67.2761032913922, -0.0421028710864252, -0.16101582247051, 
    0.0173536046056173, 0.136266555989702, 0.240315388450777, 
    -0.0718311089324464, -0.190744060316531, -0.0866952278554571, 
    -0.0569669900094358, 0.255179507373787, 0.165994793835724, 
    0.359228339834862, 0.284907745219808, -0.0866952278554571, 
    0.0619459613746492, -0.116423465701478, -0.38397760631567, 
    -0.0718311089324464, 0.00248948568260667, -0.428569963084701, 
    -0.175879941393521, 0.165994793835724, 0.136266555989702, 
    -0.131287584624489, 0.284907745219808, -282.709181813187, 
    -36.8030079304512, 46.9047665572452, -0.0611248653510839, 
    0.270548232368535, 0.221612896213294, -0.141002445516607, 
    0.115371580928528, -0.176809800349899, 0.0575291134291201, 
    -0.125263079326525, -0.360317310932056, 0.166739472495275, 
    0.44965606351628, 0.0751645466608243, -0.326227193683757, 
    0.230877686470715, -0.420592333842968, 0.0519486847795985, 
    -0.0338669829487023, 0.0421474061522932, -0.185538102237438, 
    0.0729108207059471, -0.0890980655799771, 0.0510545374964592, 
    0.0758798644873358, -0.0740740172164058, -293.87128701752, 
    -33.9678148766177, 8.65095721368538, 48.6211390082697, -0.0587193222030677, 
    0.083686816614506, 0.0349793870888135, 0.0898999650193316, 
    -0.160589001185979, 0.257505525574979, 0.275058221743037, 
    0.563680488069739, -0.22329697497344, -0.128997021398142, 
    -0.0275578357153437, -0.373125503892762, -0.0274975862114396, 
    0.0588222318240993, 0.0923399585590692, -0.175912621133539, 
    0.116546382071625, -0.373770335132734, -0.0128790470077565, 
    0.0349994702567816, -0.258295198339626, 0.0884128033691762, 
    -0.0259970064122555, -335.440506399173, -38.1446322939837, 
    2.79399501774129, 16.9433736810265, -36.479711813135, 0.0812892749230983, 
    -0.14581047142189, 0.10452663123928, -0.0541116618666219, 
    0.109140947644488, -0.0786925208474974, -0.290045866391337, 
    0.12291073052868, -0.524479386135571, 0.0426281205645648, 
    -0.415376334890659, 0.261294415036636, 0.0586875518273713, 
    -0.0303869572671198, 0.0426394687616735, 0.0300517964425614, 
    -0.0754831700613124, 0.285770154765615, 0.429640743106909, 
    0.140429171622168, -0.131763752497732, -0.0511357064154046, 
    -403.952738343008, -2.59076087598844, 15.9792727647884, 1.96725950935596, 
    -2.9081163516197, 40.9976674273722, -0.0198414698849238, 
    -0.0185943400920292, -0.0802777946213635, 0.0313225041044138, 
    0.0171084353532384, 0.0274658798739638, -0.0629381256233016, 
    -0.147810818536217, 0.748584183764196, 0.0583099843051026, 
    -0.0850730136544915, -0.191952236469939, 0.461735140895158, 
    -0.0334279537870301, 0.283917277883673, 0.0453929152048841, 
    0.00585158926716796, -0.0749680696516312, -0.103259645812184, 
    0.0981404349803764, 0.184881042307406, -222.664753817466, 
    -13.9386898893224, 15.4279398067065, 25.9617311116737, -20.437418117989, 
    -12.5417857239904, 36.770954218058, -0.0688873118389689, 
    0.347974449148461, -0.161828375325617, 0.295049080806527, 
    -0.0163930757097516, 0.127647625634339, -0.026734279398059, 
    -0.122665598508069, -0.142971385004853, -0.0719985008869877, 
    -0.149651483276744, 0.15803232145, 0.202502659447974, 0.175336588272839, 
    0.045909060669238, 0.287331208357462, -0.535648115963493, 
    0.116637358644002, -0.0417728203854518, -0.0676748495746536
    ), .Dim = c(27L, 7L), .Dimnames = list(c("2", "3", "4", "6", 
    "7", "8", "9", "10", "11", "12", "13", "14", "15", "16", 
    "17", "18", "19", "20", "21", "22", "23", "24", "25", "26", 
    "27", "28", "29"), c("x1", "x2", "x3", "x4", "x5", "x6", 
    "x7")), assign = 1:7), qraux = c(1.19245008972988, 1.06194596137465, 
    1.14577733656893, 1.12121545183186, 1.06702475408641, 1.00116331956823, 
    1.43856834466888), pivot = 1:7, tol = 1e-07, rank = 7L), .Names = c("qr", 
    "qraux", "pivot", "tol", "rank"), class = "qr"), df.residual = 20L, 
    xlevels = structure(list(), .Names = character(0)), call = quote(lm(formula = y ~ 
        . + 0, data = structure(list(y = c(63, 71, 61, 43, 58, 
        71, 72, 67, 64, 67, 69, 68, 77, 81, 74, 65, 65, 50, 50, 
        64, 53, 40, 63, 66, 78, 48, 85), x1 = c(1, 1, 1, 1, 1, 
        1, 1, 1, 1, 1, 1, 1, 1, 1, 1, 1, 1, 1, 1, 1, 1, 1, 1, 
        1, 1, 1, 1), x2 = c(64, 70, 63, 55, 67, 75, 82, 61, 53, 
        60, 62, 83, 77, 90, 85, 60, 70, 58, 40, 61, 66, 37, 54, 
        77, 75, 57, 85), x3 = c(51, 68, 45, 49, 42, 50, 72, 45, 
        53, 47, 57, 83, 54, 50, 64, 65, 46, 68, 33, 52, 52, 42, 
        42, 66, 58, 44, 71), x4 = c(54, 69, 47, 44, 56, 55, 67, 
        47, 58, 39, 42, 45, 72, 72, 69, 75, 57, 54, 34, 62, 50, 
        58, 48, 63, 74, 45, 71), x5 = c(63, 76, 54, 54, 66, 70, 
        71, 62, 58, 59, 55, 59, 79, 60, 79, 55, 75, 64, 43, 66, 
        63, 50, 66, 88, 80, 51, 77),