
expected <- structure(list(coefficients = structure(c(-3.32065893157527, 
0.300776739590354, 0.0189850143099615, 0.556167588964669, 0.497916900638687, 
0.0820148586251449, -0.534173116289556), .Names = c("x1", "x2", 
"x3", "x4", "x5", "x6", "x7")), residuals = structure(c(-6.06187910466803, 
4.72227932839977, -7.15879385774483, 3.59759706281878, 3.93121764774449, 
-7.76650263562334, -9.01372126459527, 6.36952050150329, -4.85062436392113, 
-2.00682161085052, 14.0406868287598, 5.52162770966107, 2.75670967275471, 
-0.174595276903277, 6.93511190384211, -2.04387585480961, -11.0484658814512, 
4.90152577966695, 3.19970194251156, -15.3041820347205, -9.67336178224275, 
6.31258769392581, -1.72007120498105, 0.358940337942021, -5.09279783553204, 
9.8973891382859, 9.37079716022732), .Names = c("1", "2", "3", 
"4", "5", "6", "7", "8", "9", "11", "12", "13", "14", "15", "18", 
"19", "20", "21", "22", "23", "24", "25", "26", "27", "28", "29", 
"30")), effects = structure(c(-330.436804066196, 20.7901289603065, 
-22.0967847622547, 29.9425856698125, 15.5079481283212, 2.28943135273297, 
-21.6573683552811, 10.3079678378034, -1.42839165296988, 0.178561085811277, 
14.85079048645, 9.58628994146271, 5.74034411269307, 4.12958232051192, 
2.6628901384536, 0.249754563995968, -10.1092427888988, 3.60168137884022, 
2.90635822750169, -12.5608140666234, -11.3833290859141, 7.60655454038565, 
2.84729291960875, 4.51981375841964, -7.36924440558033, 14.0960786811158, 
12.0989575919346), .Names = c("x1", "x2", "x3", "x4", "x5", "x6", 
"x7", "", "", "", "", "", "", "", "", "", "", "", "", "", "", 
"", "", "", "", "", "")), rank = 7L, fitted.values = structure(c(49.061879104668, 
58.2777206716002, 78.1587938577448, 57.4024029371812, 77.0687823522555, 
50.7665026356233, 67.0137212645953, 64.6304794984967, 76.8506243639211, 
66.0068216108505, 52.9593131712402, 63.4783722903389, 65.2432903272453, 
77.1745952769033, 58.0648880961579, 67.0438758548096, 61.0484658814512, 
45.0984742203331, 60.8002980574884, 68.3041820347205, 49.6733617822428, 
56.6874123060742, 67.7200712049811, 77.641059662058, 53.092797835532, 
75.1026108617141, 72.6292028397727), .Names = c("1", "2", "3", 
"4", "5", "6", "7", "8", "9", "11", "12", "13", "14", "15", "18", 
"19", "20", "21", "22", "23", "24", "25", "26", "27", "28", "29", 
"30")), assign = 1:7, qr = structure(list(qr = structure(c(-5.19615242270663, 
0.192450089729875, 0.192450089729875, 0.192450089729875, 0.192450089729875, 
0.192450089729875, 0.192450089729875, 0.192450089729875, 0.192450089729875, 
0.192450089729875, 0.192450089729875, 0.192450089729875, 0.192450089729875, 
0.192450089729875, 0.192450089729875, 0.192450089729875, 0.192450089729875, 
0.192450089729875, 0.192450089729875, 0.192450089729875, 0.192450089729875, 
0.192450089729875, 0.192450089729875, 0.192450089729875, 0.192450089729875, 
0.192450089729875, 0.192450089729875, -335.825406578632, 64.9791989508666, 
-0.185996312208062, 0.0140677115086634, -0.339891715067082, 0.152573574081781, 
0.0140677115086634, 0.0448467920804673, 0.152573574081781, -0.0474904496349445, 
-0.0628799899208465, -0.216775392779866, -0.309112634495278, 
0.0294572517945654, 0.121794493509977, 0.0448467920804673, -0.185996312208062, 
-0.0474904496349445, 0.398806218656213, -0.293723094209376, 0.121794493509977, 
0.398806218656213, -0.216775392779866, 0.0140677115086634, 0.0140677115086634, 
-0.185996312208062, -0.309112634495278, -276.165878762371, 23.1840574492246, 
-60.082500676973, -0.0685247789497869, -0.00903133083779728, 
0.0464109250240829, -0.118456122788639, 0.0254409227494999, 0.429217894455282, 
0.0431318806847516, -0.0621042046435525, 0.0505996316466205, 
0.451097559013071, 0.0866426502173692, 0.30196463019676, -0.0411342023689695, 
0.244428021023611, -0.289743744907595, 0.182316631272536, -0.0594862630044665, 
-0.0808423392344386, 0.0158788184763623, 0.200393663163177, 0.147844377685239, 
-0.0851685602294043, 0.294359364862463, -0.281228817290092, -289.252484864003, 
1.04135889267937, -31.0604649925202, 50.2410498109371, -0.26589517007283, 
0.213570207812621, -0.149379142529967, -0.0211273895975626, 0.0440416651456076, 
-0.0674852633656012, 0.231451219569848, 0.256662364406878, 0.498568929737766, 
-0.313404078513617, -0.211005150102564, -0.111068420898762, 0.163761271875785, 
0.159547031434574, -0.0424483039867938, 0.0145592945441815, -0.160900863548404, 
0.110875928784245, -0.0485234036450524, -0.307120127147536, 0.0946317999753892, 
-0.137007744329615, -0.331550073091622, -334.478255950523, 7.55170441658945, 
-21.2447776823968, 29.0518735336722, 39.318139860754, 0.060272013084651, 
-0.00370892311269259, -0.13107897647556, 0.0270107604985605, 
0.245651439728127, -0.108826213848142, 0.0760210707402495, 0.0412318917154899, 
-0.059151976979284, 0.582246952810148, -0.222346100030663, 0.0490591825268783, 
0.209896015132681, 0.0184842458767219, 0.0301885193619982, 0.415616496905793, 
-0.225248758176206, -0.396491178566802, -0.0470338756085847, 
0.184325837506313, 0.016206208682744, 0.168556617776499, -390.673682151647, 
4.44529721073147, -5.74542053771547, 10.660248649702, 13.1953902646956, 
44.9170827649797, 0.20438487663072, 0.294477415646104, -0.0609715736490832, 
0.20799995269284, 0.0939416314487991, 0.348137058542838, 0.131587496068571, 
0.0716867318150957, -0.128802591986951, -0.114057157056839, 0.0638857851195478, 
0.193145351066865, -0.0888133939351209, -0.00874323021155883, 
0.336020835979225, 0.032728749430015, 0.228577758263567, 0.0624460473197359, 
-0.186570980366562, 0.195280414941829, -0.0153681220471692, -220.932703009897, 
7.29749201038529, -13.7933748193593, 24.972382692705, 9.643758025243, 
2.61045866511728, 40.5437257975772, 0.0894847058510672, 0.401166260529827, 
0.195879955280045, -0.112633813096121, 0.239210664843511, -0.00662308935116775, 
0.197499130539826, -0.34232356673199, 0.0663130278462181, -0.261686198633457, 
-0.0547418308291844, 0.11435539490701, 0.127347686178997, -0.226610389426127, 
0.207542139586704, -0.482114914844933, 0.139052919448915, -0.0257403397194634, 
-0.0951495340217591, 0.209843327880231), .Dim = c(27L, 7L), .Dimnames = list(
    c("1", "2", "3", "4", "5", "6", "7", "8", "9", "11", "12", 
    "13", "14", "15", "18", "19", "20", "21", "22", "23", "24", 
    "25", "26", "27", "28", "29", "30"), c("x1", "x2", "x3", 
    "x4", "x5", "x6", "x7")), assign = 1:7), qraux = c(1.19245008972988, 
1.02945725179457, 1.24442802102361, 1.067356951087, 1.11648727146339, 
1.59143208612743, 1.24785231678301), pivot = 1:7, tol = 1e-07, 
    rank = 7L), .Names = c("qr", "qraux", "pivot", "tol", "rank"
), class = "qr"), df.residual = 20L, xlevels = structure(list(), .Names = character(0)), 
    call = quote(lm(formula = y ~ . + 0, data = structure(list(y = c(43, 
        63, 71, 61, 81, 43, 58, 71, 72, 64, 67, 69, 68, 77, 65, 
        65, 50, 50, 64, 53, 40, 63, 66, 78, 48, 85, 82), x1 = c(1, 
        1, 1, 1, 1, 1, 1, 1, 1, 1, 1, 1, 1, 1, 1, 1, 1, 1, 1, 
        1, 1, 1, 1, 1, 1, 1, 1), x2 = c(54, 61, 75, 62, 85, 53, 
        62, 60, 53, 66, 67, 77, 83, 61, 55, 60, 75, 66, 37, 82, 
        55, 37, 77, 62, 62, 75, 83), x3 = c(30, 51, 68, 45, 56, 
        49, 42, 50, 72, 53, 47, 57, 83, 54, 65, 46, 68, 33, 52, 
        52, 42, 42, 66, 58, 44, 71, 39), x4 = c(39, 54, 69, 47, 
        66, 44, 56, 55, 67, 58, 39, 42, 45, 72, 75, 57, 54, 34, 
        62, 50, 58, 48, 63, 74, 45, 71, 59), x5 = c(61, 63, 76, 
        54, 71, 54, 66, 70, 71, 58, 59, 55, 59, 79, 55, 75, 64, 
        43, 66, 63, 50, 66, 88, 80, 51, 77, 64), x6 = c(92, 73, 
        86, 84, 83, 49, 68, 66, 83, 67, 74, 63, 77, 77, 80, 85, 
        78, 64, 80, 80, 57, 75, 76, 78, 83, 74, 78), x7 = c(45, 
        47, 48, 35, 47, 34, 35, 41, 31, 34, 41, 25, 35, 46, 60, 
        46, 52, 33, 41, 37, 49, 33, 72, 49, 38, 55, 39)), .Names = c("y", 
        "x1", "x2", "x3", "x4", "x5", "x6", "x7"),