
expected <- structure(list(coefficients = structure(c(5.72569736573769, 0.59460940025489, 
-0.0574629918095446, 0.225143605586241, 0.153110668967617, 0.0634529663045792, 
-0.123298697440606), .Names = c("x1", "x2", "x3", "x4", "x5", 
"x6", "x7")), residuals = structure(c(1.04982698619061, 3.29896151091667, 
-2.98612068258953, -11.0828582077872, -7.40444288289399, 1.16534222064135, 
-4.98059508511362, 8.56513688506977, 8.26693404001188, 6.40388683552981, 
9.20750532394499, -2.35048632013822, 1.07215959851537, -0.211412617955252, 
0.209173110434364, -0.704991659459041, -4.35574818081977, -4.65664639235581, 
7.08365648751557, -2.46242833198839, -10.5522908007676, -5.59228369290092, 
6.74208134403148, -0.268116894510785, 5.3378249776871, -8.07074561681567, 
7.27667804560679), .Names = c("2", "3", "4", "6", "7", "8", "9", 
"10", "11", "12", "13", "14", "15", "16", "17", "18", "19", "20", 
"21", "22", "23", "24", "25", "26", "27", "28", "29")), effects = structure(c(-333.516005501874, 
-45.8271796854879, -2.82732660593055, 9.77007444774788, 9.39897378576017, 
1.77656130917723, -5.28158249922451, 11.2919839720907, 9.09569846661183, 
5.59622860398872, 11.8534499763107, 1.08707352114333, -2.11009767639575, 
-0.484448209958446, -0.78041852414498, -7.90388107626767, -5.63234265082485, 
-3.9037119309549, 11.0205530992861, -5.90848607434688, -8.75030961991619, 
-8.49938591436771, 8.74985139093927, -2.05479566473199, 3.10875838551382, 
-4.78587202249682, 3.82203968284225), .Names = c("x1", "x2", 
"x3", "x4", "x5", "x6", "x7", "", "", "", "", "", "", "", "", 
"", "", "", "", "", "", "", "", "", "", "", "")), rank = 7L, 
    fitted.values = structure(c(61.9501730138094, 67.7010384890833, 
    63.9861206825895, 54.0828582077872, 65.404442882894, 69.8346577793587, 
    76.9805950851136, 58.4348631149302, 55.7330659599881, 60.5961131644702, 
    59.792494676055, 70.3504863201382, 75.9278404014846, 81.2114126179552, 
    73.7908268895656, 65.704991659459, 69.3557481808198, 54.6566463923558, 
    42.9163435124844, 66.4624283319884, 63.5522908007676, 45.5922836929009, 
    56.2579186559685, 66.2681168945108, 72.6621750223129, 56.0707456168157, 
    77.7233219543932), .Names = c("2", "3", "4", "6", "7", "8", 
    "9", "10", "11", "12", "13", "14", "15", "16", "17", "18", 
    "19", "20", "21", "22", "23", "24", "25", "26", "27", "28", 
    "29")), assign = 1:7, qr = structure(list(qr = structure(c(-5.19615242270663, 
    0.192450089729875, 0.192450089729875, 0.192450089729875, 
    0.192450089729875, 0.192450089729875, 0.192450089729875, 
    0.192450089729875, 0.192450089729875, 0.192450089729875, 
    0.192450089729875, 0.192450089729875, 0.192450089729875, 
    0.192450089729875, 0.192450089729875, 0.192450089729875, 
    0.192450089729875, 0.192450089729875, 0.192450089729875, 
    0.192450089729875, 0.192450089729875, 0.192450089729875, 
    0.192450089729875, 0.192450089729875, 0.192450089729875, 
    0.192450089729875, 0.192450089729875, -343.908310347287, 
    -67.2761032913922, -0.0421028710864252, -0.16101582247051, 
    0.0173536046056173, 0.136266555989702, 0.240315388450777, 
    -0.0718311089324464, -0.190744060316531, -0.0866952278554571, 
    -0.0569669900094358, 0.255179507373787, 0.165994793835724, 
    0.359228339834862, 0.284907745219808, -0.0866952278554571, 
    0.0619459613746492, -0.116423465701478, -0.38397760631567, 
    -0.0718311089324464, 0.00248948568260667, -0.428569963084701, 
    -0.175879941393521, 0.165994793835724, 0.136266555989702, 
    -0.131287584624489, 0.284907745219808, -282.709181813187, 
    -36.8030079304512, 46.9047665572452, -0.0611248653510839, 
    0.270548232368535, 0.221612896213294, -0.141002445516607, 
    0.115371580928528, -0.176809800349899, 0.0575291134291201, 
    -0.125263079326525, -0.360317310932056, 0.166739472495275, 
    0.44965606351628, 0.0751645466608243, -0.326227193683757, 
    0.230877686470715, -0.420592333842968, 0.0519486847795985, 
    -0.0338669829487023, 0.0421474061522932, -0.185538102237438, 
    0.0729108207059471, -0.0890980655799771, 0.0510545374964592, 
    0.0758798644873358, -0.0740740172164058, -293.87128701752, 
    -33.9678148766177, 8.65095721368538, 48.6211390082697, -0.0587193222030677, 
    0.083686816614506, 0.0349793870888135, 0.0898999650193316, 
    -0.160589001185979, 0.257505525574979, 0.275058221743037, 
    0.563680488069739, -0.22329697497344, -0.128997021398142, 
    -0.0275578357153437, -0.373125503892762, -0.0274975862114396, 
    0.0588222318240993, 0.0923399585590692, -0.175912621133539, 
    0.116546382071625, -0.373770335132734, -0.0128790470077565, 
    0.0349994702567816, -0.258295198339626, 0.0884128033691762, 
    -0.0259970064122555, -342.946059898638, -8.01176009950272, 
    -5.75329311466722, 12.4355274477251, 55.2274295576176, -0.046143005360688, 
    -0.0373054965144324, 0.206739986083041, 0.182509988841918, 
    -0.44520954171233, -0.0984971003328258, -0.126122011890737, 
    -0.134017039542369, 0.215908247889939, 0.235278317263077, 
    -0.402346859455348, -0.16552803023818, 0.160313193234845, 
    0.269135140652227, -0.369393075064676, 0.0207234500618646, 
    0.0761735465339104, 0.106857341334592, 0.173124332505915, 
    0.0776236540306684, 0.212643844683401, -0.185026119878226, 
    -382.975678562452, -12.3443755040988, 11.0852083455286, 1.89702095288471, 
    8.67840175511749, 45.6009959700526, -0.0884447434350936, 
    -0.279902335247708, 0.0614040363906255, -0.0309582324265235, 
    0.110348592497146, -0.158252547661863, 0.151335922959136, 
    0.607018666645124, -0.032407112458105, 0.102286023543245, 
    -0.154252653893864, -0.233943167315732, -0.10917084102771, 
    0.0138731121943903, -0.197179011727097, 0.286380304231608, 
    -0.147418133486704, -0.0371169671420649, 0.0642301543353219, 
    -0.377462953362306, 0.204465030979019, -222.664753817466, 
    -13.9386898893224, 15.4279398067065, 25.9617311116737, -3.18247292819416, 
    9.05895337705258, 42.8356714941672, -0.0588401608601634, 
    0.326654600240796, -0.163578006410457, 0.263316156581469, 
    0.100780979271164, 0.0731533560427039, 0.109215886116076, 
    -0.360425122824368, 0.000299508047430554, -0.0952769538614286, 
    -0.0625236576229549, 0.00438050294610697, 0.182831723433588, 
    0.076682917548733, 0.00886249807679542, 0.164619365358515, 
    -0.582063831821949, 0.0738747873547434, 0.0197479894425019, 
    -0.11939219718413), .Dim = c(27L, 7L), .Dimnames = list(c("2", 
    "3", "4", "6", "7", "8", "9", "10", "11", "12", "13", "14", 
    "15", "16", "17", "18", "19", "20", "21", "22", "23", "24", 
    "25", "26", "27", "28", "29"), c("x1", "x2", "x3", "x4", 
    "x5", "x6", "x7")), assign = 1:7), qraux = c(1.19245008972988, 
    1.06194596137465, 1.14577733656893, 1.12121545183186, 1.14038266888036, 
    1.21435718971484, 1.44497933216978), pivot = 1:7, tol = 1e-07, 
        rank = 7L), .Names = c("qr", "qraux", "pivot", "tol", 
    "rank"), class = "qr"), df.residual = 20L, xlevels = structure(list(), .Names = character(0)), 
    call = quote(lm(formula = y ~ . + 0, data = structure(list(y = c(63, 
        71, 61, 43, 58, 71, 72, 67, 64, 67, 69, 68, 77, 81, 74, 
        65, 65, 50, 50, 64, 53, 40, 63, 66, 78, 48, 85), x1 = c(1, 
        1, 1, 1, 1, 1, 1, 1, 1, 1, 1, 1, 1, 1, 1, 1, 1, 1, 1, 
        1, 1, 1, 1, 1, 1, 1, 1), x2 = c(64, 70, 63, 55, 67, 75, 
        82, 61, 53, 60, 62, 83, 77, 90, 85, 60, 70, 58, 40, 61, 
        66, 37, 54, 77, 75, 57, 85), x3 = c(51, 68, 45, 49, 42, 
        50, 72, 45, 53, 47, 57, 83, 54, 50, 64, 65, 46, 68, 33, 
        52, 52, 42, 42, 66, 58, 44, 71), x4 = c(54, 69, 47, 44, 
        56, 55, 67, 47, 58, 39, 42, 45, 72, 72, 69, 75, 57, 54, 
        34, 62, 50, 58, 48, 63, 74, 45, 71), x5 = c(66, 60, 77, 
        63, 63, 71, 66, 55, 55, 88, 66, 61, 79, 63, 55, 88, 79, 
        50, 50, 88, 64, 63, 61, 55, 66, 54, 76),