
expected <- structure(list(coefficients = structure(c(22.1194060320677, 0.745810400799194, 
-0.0860847649184195, -0.0654006445403251, 0.130556961653925, 
-0.0474151528433035, -0.0936339448085365), .Names = c("x1", "x2", 
"x3", "x4", "x5", "x6", "x7")), residuals = structure(c(-9.64500406853397, 
0.707699112165884, 0.817985812720297, 8.38807573893221, -14.5863755517464, 
-7.87963735965234, -0.212696930149627, -4.63156176607099, 5.34827141965391, 
9.49643823765399, 7.35444098629677, 8.20719555039024, -5.59649974902028, 
2.68892767577058, -1.1314348837606, -3.92630244762802, 8.50872080176116, 
-3.28892276775737, -5.71390830828022, 4.34254479212133, -11.3022703026963, 
7.1567379646442, -5.47739458705214, 6.31125336352056, -8.47609187166538, 
6.75505557380298, 5.78475356457953), .Names = c("1", "2", "4", 
"5", "6", "7", "8", "9", "10", "11", "12", "13", "14", "15", 
"16", "17", "18", "19", "20", "21", "23", "25", "26", "27", "28", 
"29", "30")), effects = structure(c(-339.4819582835, 47.9679701362602, 
-3.77147328366682, -2.50177861200449, 1.87988069578515, -2.8511139111867, 
3.47724568809903, 0.015665490488865, 4.14981125123403, 13.9894106644138, 
9.13248208191024, 16.7853234615041, 5.1146721465206, 1.63921009618944, 
6.6038699667895, -4.99414425271306, 10.1414870219276, -5.19937370107082, 
-2.25553093303423, 5.80238759742358, -9.06594946201403, 9.70764258964143, 
-7.25042428254013, 6.36861595188933, -6.61312838996156, 8.20489612926828, 
8.13102054930023), .Names = c("x1", "x2", "x3", "x4", "x5", "x6", 
"x7", "", "", "", "", "", "", "", "", "", "", "", "", "", "", 
"", "", "", "", "", "")), rank = 7L, fitted.values = structure(c(52.645004068534, 
62.2923008878341, 60.1820141872797, 72.6119242610678, 57.5863755517464, 
65.8796373596523, 71.2126969301496, 76.631561766071, 61.6517285803461, 
54.503561762346, 59.6455590137032, 60.7928044496098, 73.5964997490203, 
74.3110723242294, 82.1314348837606, 77.926302447628, 56.4912791982388, 
68.2889227677574, 55.7139083082802, 45.6574552078787, 64.3022703026963, 
55.8432620353558, 71.4773945870521, 71.6887466364794, 56.4760918716654, 
78.244944426197, 76.2152464354205), .Names = c("1", "2", "4", 
"5", "6", "7", "8", "9", "10", "11", "12", "13", "14", "15", 
"16", "17", "18", "19", "20", "21", "23", "25", "26", "27", "28", 
"29", "30")), assign = 1:7, qr = structure(list(qr = structure(c(-5.19615242270663, 
0.192450089729875, 0.192450089729875, 0.192450089729875, 0.192450089729875, 
0.192450089729875, 0.192450089729875, 0.192450089729875, 0.192450089729875, 
0.192450089729875, 0.192450089729875, 0.192450089729875, 0.192450089729875, 
0.192450089729875, 0.192450089729875, 0.192450089729875, 0.192450089729875, 
0.192450089729875, 0.192450089729875, 0.192450089729875, 0.192450089729875, 
0.192450089729875, 0.192450089729875, 0.192450089729875, 0.192450089729875, 
0.192450089729875, 0.192450089729875, -352.183664205672, 64.6889995800419, 
0.0319993232125807, -0.199879359366827, 0.155667953921598, -0.0298349921419281, 
-0.153503622850946, -0.261713674721336, 0.0629164808898351, 0.186585111598853, 
0.0783750597284623, 0.0474579020512079, -0.277172253559963, -0.1844207805282, 
-0.385382305430354, -0.308089411237218, 0.0783750597284623, -0.0762107286578097, 
0.109292217405717, 0.387546636501006, -0.0143764133033009, 0.171126532760225, 
-0.1844207805282, -0.153503622850946, 0.124750796244344, -0.308089411237218, 
-0.261713674721336, -275.588528493181, 34.8470719420076, 52.7318171508579, 
-0.00302588873069625, -0.0902646576236263, 0.157257799394405, 
0.0820635886736593, -0.268189587627373, 0.0429785122827351, -0.185249401711592, 
-0.00451385976124781, -0.17502347479897, -0.467227691914387, 
0.0253372704040889, 0.225532685492643, -0.0877847059060403, -0.345863750065704, 
0.110096087579433, -0.421884611358978, 0.069688370272463, -0.0419456350071147, 
0.0329179154846191, -0.202229323132215, -0.0696474736838769, 
0.0236839692590316, -0.220531885468885, 0.357618544597464, -292.52413638941, 
1.52696406528219, -26.4452582573168, 54.221271896524, 0.173431992212941, 
-0.141077820505356, -0.184808062125943, 0.0821556989672669, 0.373632222512459, 
-0.158306602392867, 0.0602193556808433, -0.33998394203825, -0.396066793234422, 
0.274062288516412, -0.055627494325272, 0.25750424935719, 0.0834538235400545, 
0.160418052270575, -0.27109234539198, 0.251061567116402, 0.0414999925213548, 
-0.308363151172538, -0.0608640438748056, 0.0345384248660491, 
0.0766181962885632, 0.214284861538798, 0.0303377014631685, -336.210306758092, 
34.3214802614943, 2.22433458214142, -8.41393383488779, 39.190862141299, 
-0.093646772128739, -0.0746154141797134, 0.146248720090784, 0.0642796091899666, 
0.00671044337081179, 0.0743878181455353, 0.166261818598339, 0.41988911391248, 
-0.165599733840358, 0.375085088104636, -0.0286070180777599, 0.273278016496376, 
-0.20634569204853, -0.0374628978186436, 0.227596584010734, 0.0609774540954548, 
-0.273808510982017, -0.403916203825167, -0.243067360860453, 0.233106047676185, 
0.0491606874749472, 0.145421322034265, -388.749181254348, 2.79628514992061, 
1.15192001105823, -5.04092791840333, 15.0180310228857, 45.9344721711225, 
0.30999788502955, -0.20822845823104, -0.0369889212441411, 0.144134462885251, 
0.0170959070917866, 0.091033443883376, -0.409931898919679, 0.230891554763549, 
0.287730979028148, 0.0809031432487914, -0.307259000930586, 0.0599145837196066, 
-0.096076772106218, 0.108072375950466, -0.0959164308015535, 0.193339579861003, 
0.353737630263564, 0.209450551254092, -0.307347624353224, 0.10396650168273, 
-0.0382862370194125, -221.317603189357, 16.3019301952679, 12.7879695700635, 
-20.3324637345383, 26.9632659265567, 7.1888874680316, -37.1365928799575, 
-0.517388698310916, -0.179406579625931, -0.140641544167694, 0.0065104333812472, 
-0.187649214057959, -0.0465905636768674, -0.212845512105917, 
0.250233715542585, 0.239623570110894, 0.421593639519655, -0.150004054067304, 
0.158489738436761, -0.0183936321245114, -0.181950087232985, -0.212763834638812, 
0.381720645552502, -0.107611561933044, 0.00294363510124884, 0.0569789429140972, 
0.0958674746484874), .Dim = c(27L, 7L), .Dimnames = list(c("1", 
"2", "4", "5", "6", "7", "8", "9", "10", "11", "12", "13", "14", 
"15", "16", "17", "18", "19", "20", "21", "23", "25", "26", "27", 
"28", "29", "30"), c("x1", "x2", "x3", "x4", "x5", "x6", "x7"
)), assign = 1:7), qraux = c(1.19245008972988, 1.01654074437395, 
1.06210772519193, 1.01475938977373, 1.17999534100164, 1.27911425191617, 
1.06137214123104), pivot = 1:7, tol = 1e-07, rank = 7L), .Names = c("qr", 
"qraux", "pivot", "tol", "rank"), class = "qr"), df.residual = 20L, 
    xlevels = structure(list(), .Names = character(0)), call = quote(lm(formula = y ~ 
        . + 0, data = structure(list(y = c(43, 63, 61, 81, 43, 
        58, 71, 72, 67, 64, 67, 69, 68, 77, 81, 74, 65, 65, 50, 
        50, 53, 63, 66, 78, 48, 85, 82), x1 = c(1, 1, 1, 1, 1, 
        1, 1, 1, 1, 1, 1, 1, 1, 1, 1, 1, 1, 1, 1, 1, 1, 1, 1, 
        1, 1, 1, 1), x2 = c(51, 64, 63, 78, 55, 67, 75, 82, 61, 
        53, 60, 62, 83, 77, 90, 85, 60, 70, 58, 40, 66, 54, 77, 
        75, 57, 85, 82), x3 = c(30, 51, 45, 56, 49, 42, 50, 72, 
        45, 53, 47, 57, 83, 54, 50, 64, 65, 46, 68, 33, 52, 42, 
        66, 58, 44, 71, 39), x4 = c(66, 54, 74, 58, 44, 72, 72, 
        44, 39, 58, 54, 69, 62, 45, 72, 42, 39, 54, 55, 45, 54, 
        75, 54, 54, 54, 39, 72), x5 = c(61, 63, 54, 71, 54, 66, 
        70, 71, 62, 58, 59, 55, 59, 79, 60, 79, 55, 75, 64, 43, 
        63, 66, 88, 80, 51, 77, 64), x6 = c(92, 73, 84, 83, 49, 
        68, 66, 83, 80, 67, 74, 63, 77, 77, 54, 79, 80, 85, 78, 
        64, 80, 75, 76, 78, 83, 74, 78), x7 = c(45, 47, 35, 47, 
        34, 35, 41, 31, 41, 34, 41, 25, 35, 46, 36, 63, 60, 46, 
        52, 33, 37, 33, 72, 49, 38, 55, 39)), .Names = c("y", 
        "x1", "x2", "x3", "x4", "x5", "x6", "x7"),