
expected <- structure(list(coefficients = structure(c(3.42882402616424, 0.612828719609993, 
0.127339435482186, 0.256703556249285, 0.112503745396365, -0.0190372594096061, 
-0.145879053576817), .Names = c("x1", "x2", "x3", "x4", "x5", 
"x6", "x7")), residuals = structure(c(-8.64567335435802, 2.29818908612367, 
0.428083805651534, 3.32539253796948, 4.23564333853411, -12.2334994434773, 
-7.23695036136381, -7.13231180825832, 7.77601715271512, 6.92766107345109, 
10.6657620020509, 9.7225890842734, -5.16970073615333, 0.312888550640174, 
-2.5215850955726, -2.39152057563402, 2.88771396856141, -6.56743964764499, 
7.13915133719964, -3.217394801593, -9.86288102541103, -3.73253906265097, 
4.31412882973715, 2.62398842306965, -7.14756616852358, 6.67584277055102, 
6.52601012011265), .Names = c("1", "2", "3", "4", "5", "6", "7", 
"9", "10", "11", "12", "13", "14", "15", "16", "17", "18", "20", 
"21", "22", "23", "24", "25", "27", "28", "29", "30")), effects = structure(c(-334.285805860793, 
-54.1626149974308, 7.7698647795548, 10.9425075916781, 1.53447695432792, 
-2.57997469137471, -4.87771232458093, -5.74717116453382, 9.14923005682641, 
10.3813842075021, 12.2209500502633, 12.7406889693192, -6.50508948339258, 
3.94382022344092, -2.29423950341444, -2.67611184917939, -0.235262757721891, 
-5.68024462342046, 9.30388433261054, 0.331513304319734, -8.76665512671303, 
-0.950651684638576, 10.0002762017926, 6.23931371393487, -8.56327004859379, 
7.49812818702721, 5.81195567770276), .Names = c("x1", "x2", "x3", 
"x4", "x5", "x6", "x7", "", "", "", "", "", "", "", "", "", "", 
"", "", "", "", "", "", "", "", "", "")), rank = 7L, fitted.values = structure(c(51.645673354358, 
60.7018109138763, 70.5719161943485, 57.6746074620305, 76.7643566614659, 
55.2334994434773, 65.2369503613638, 79.1323118082583, 59.2239828472849, 
57.0723389265489, 56.3342379979491, 59.2774109157266, 73.1697007361533, 
76.6871114493598, 83.5215850955726, 76.391520575634, 62.1122860314386, 
56.567439647645, 42.8608486628004, 67.217394801593, 62.862881025411, 
43.732539062651, 58.6858711702628, 75.3760115769304, 55.1475661685236, 
78.324157229449, 75.4739898798873), .Names = c("1", "2", "3", 
"4", "5", "6", "7", "9", "10", "11", "12", "13", "14", "15", 
"16", "17", "18", "20", "21", "22", "23", "24", "25", "27", "28", 
"29", "30")), assign = 1:7, qr = structure(list(qr = structure(c(-5.19615242270663, 
0.192450089729875, 0.192450089729875, 0.192450089729875, 0.192450089729875, 
0.192450089729875, 0.192450089729875, 0.192450089729875, 0.192450089729875, 
0.192450089729875, 0.192450089729875, 0.192450089729875, 0.192450089729875, 
0.192450089729875, 0.192450089729875, 0.192450089729875, 0.192450089729875, 
0.192450089729875, 0.192450089729875, 0.192450089729875, 0.192450089729875, 
0.192450089729875, 0.192450089729875, 0.192450089729875, 0.192450089729875, 
0.192450089729875, 0.192450089729875, -341.791359360259, -70.2329457353646, 
0.0940757185871527, -0.00559260554061164, 0.207982374733169, 
-0.119499261686628, 0.0513607225323965, 0.264935702806177, -0.0340692695771157, 
-0.147975925723132, -0.0483076015953678, -0.0198309375588637, 
0.279174034824429, 0.193744042714917, 0.378842358952194, 0.307650698860933, 
-0.0483076015953678, -0.0767842656318719, -0.333074241960409, 
-0.0340692695771157, 0.0371223905141445, -0.375789238015165, 
-0.13373759370488, 0.165267378678413, -0.0910225976501239, 0.307650698860933, 
0.264935702806177, -269.045225442366, 6.86762214347024, 54.050924439469, 
0.391818073427376, -0.385422875548051, 0.0798711848364366, 0.205521701029554, 
-0.0166871127675618, 0.0131889447247227, 0.182269906621653, 0.0181356276858049, 
0.174751902317134, -0.151141293936916, -0.0659579826525923, -0.00075736293838832, 
0.171984621247905, 0.0366366988584153, 0.213039705334073, 0.0430650022170073, 
-0.523342119280978, 0.117963028127584, 0.35392218986202, -0.211199270964247, 
-0.0190624743852072, 0.0699778189142722, 0.116481407730074, -0.0536892551127825, 
-291.754336030491, -37.5876144912945, -0.647048646682101, 50.3404407242335, 
-0.190890453432358, 0.116465025326331, 0.0381824371512666, -0.0753776156498597, 
0.104422327449987, -0.157375564481583, 0.25386761723565, 0.254998823592541, 
0.338623796027799, -0.240633611306936, -0.0849932983621831, -0.0356245294120028, 
-0.456620955809236, -0.0166265474214342, 0.145169058077057, -0.328173626915355, 
0.124687067869197, -0.285727071909062, -0.0467423638829714, -0.290023967321112, 
0.115545615339522, -0.0892807205638169, 0.074255873545965, -328.319853079167, 
-33.1911339714365, 6.7169115330639, 17.0842739387329, 30.9424204484322, 
0.0829517958790011, -0.0527394751330502, 0.0713678726767217, 
-0.0828192494068381, 0.130192198347475, -0.107496484185014, 0.0682099166902393, 
0.163714036714419, -0.150299027771981, 0.557205987512424, -0.14972240549593, 
0.532190188501364, -0.0850422186751791, 0.185681685211415, 0.0399013806041225, 
-0.0423027508024884, 0.255508416954762, -0.234526447261638, -0.172677996516983, 
0.209939523879971, -0.0526456015801002, 0.18654542002829, -387.979380895428, 
-10.5506040255248, 14.7538191086027, -0.470640788994343, 19.1135859717293, 
44.2883608294127, 0.214210656762619, -0.124204934214948, -0.0169530861350571, 
0.115738431710853, 0.15101403386241, 0.319664148729163, 0.0763387770432557, 
0.0551036774549109, 0.376216366760723, 0.025735318363495, -0.332766983751929, 
-0.0289835413227655, 0.214720080866888, -0.0545590532386347, 
-0.0334086934657196, 0.218599233212813, 0.141231681110648, 0.0202887591804609, 
-0.198988414462769, 0.104358927195224, -0.0181655177859943, -217.276151305029, 
-8.12850554553101, -3.96455025803083, 26.8103403865533, 10.8500220185806, 
11.9060662573078, 33.4366874817461, 0.51551831985545, -0.0338705383607009, 
0.308341061326192, -0.213456658550363, 0.210319049460442, -0.0969907020213787, 
0.200822285298287, 0.125439655755884, -0.384276294662925, -0.199892057897354, 
-0.214049484713531, -0.0893110075855387, 0.197971142381288, 0.111968417122411, 
-0.13538861864341, 0.254816264832577, 0.17419427813934, -0.00605119514584138, 
-0.163171989054895, 0.0632261678391824), .Dim = c(27L, 7L), .Dimnames = list(
    c("1", "2", "3", "4", "5", "6", "7", "9", "10", "11", "12", 
    "13", "14", "15", "16", "17", "18", "20", "21", "22", "23", 
    "24", "25", "27", "28", "29", "30"), c("x1", "x2", "x3", 
    "x4", "x5", "x6", "x7")), assign = 1:7), qraux = c(1.19245008972988, 
1.00864572647764, 1.0056709404202, 1.22085457521929, 1.05358634308358, 
1.60680835765864, 1.2129251916022), pivot = 1:7, tol = 1e-07, 
    rank = 7L), .Names = c("qr", "qraux", "pivot", "tol", "rank"
), class = "qr"), df.residual = 20L, xlevels = structure(list(), .Names = character(0)), 
    call = quote(lm(formula = y ~ . + 0, data = structure(list(y = c(43, 
        63, 71, 61, 81, 43, 58, 72, 67, 64, 67, 69, 68, 77, 81, 
        74, 65, 50, 50, 64, 53, 40, 63, 78, 48, 85, 82), x1 = c(1, 
        1, 1, 1, 1, 1, 1, 1, 1, 1, 1, 1, 1, 1, 1, 1, 1, 1, 1, 
        1, 1, 1, 1, 1, 1, 1, 1), x2 = c(51, 64, 70, 63, 78, 55, 
        67, 82, 61, 53, 60, 62, 83, 77, 90, 85, 60, 58, 40, 61, 
        66, 37, 54, 75, 57, 85, 82), x3 = c(66, 42, 52, 33, 71, 
        52, 42, 50, 54, 47, 54, 45, 57, 54, 47, 39, 53, 44, 58, 
        83, 47, 42, 68, 52, 52, 42, 52), x4 = c(39, 54, 69, 47, 
        66, 44, 56, 67, 47, 58, 39, 42, 45, 72, 72, 69, 75, 54, 
        34, 62, 50, 58, 48, 74, 45, 71, 59), x5 = c(61, 63, 76, 
        54, 71, 54, 66, 71, 62, 58, 59, 55, 59, 79, 60, 79, 55, 
        64, 43, 66, 63, 50, 66, 80, 51, 77, 64), x6 = c(92, 73, 
        86, 84, 83, 49, 68, 83, 80, 67, 74, 63, 77, 77, 54, 79, 
        80, 78, 64, 80, 80, 57, 75, 78, 83, 74, 78), x7 = c(45, 
        47, 48, 35, 47, 34, 35, 31, 41, 34, 41, 25, 35, 46, 36, 
        63, 60, 52, 33, 41, 37, 49, 33, 49, 38, 55, 39)), .Names = c("y", 
        "x1", "x2", "x3", "x4", "x5", "x6", "x7"),