
expected <- structure(list(coefficients = structure(c(22.5299420186757, 0.614101747236438, 
-0.109096648415045, 0.226204782847479, 0.0998311737301635, -0.0618108139231081, 
-0.160083471941372), .Names = c("x1", "x2", "x3", "x4", "x5", 
"x6", "x7")), residuals = structure(c(-7.19744242045571, 1.02684214513206, 
1.50588206503585, 9.06177211685259, -10.5429682910154, -0.70105649302764, 
-3.9821120734371, 4.96988075069615, 2.86964192759603, 9.39508571825013, 
6.42814476910923, -6.29793814881192, -0.283852030768536, -5.39286588361433, 
-1.83649815047689, 2.73619913584111, -1.95271047645504, 5.28847414530675, 
-0.513355905956146, -10.682894536733, -6.54100381858925, 4.03521149417198, 
-3.20961723336895, 2.47965519610167, -5.73591852425423, 5.57548641150124, 
9.49795811136932), .Names = c("1", "2", "3", "5", "7", "8", "9", 
"10", "11", "12", "13", "14", "15", "16", "17", "18", "19", "21", 
"22", "23", "24", "25", "26", "27", "28", "29", "30")), effects = structure(c(-343.523410167827, 
49.3571362451374, 10.2418717765182, -8.54510811797926, 0.771158503211322, 
-2.5685157426945, -6.21240484795515, 8.30455178313645, 2.87728427698964, 
12.353458132183, 8.86977532721331, -3.29515149070191, 1.41375394027805, 
-8.48451377848254, -2.17792165506215, -3.98417195815689, 1.2176936995356, 
5.21457737208638, 0.21326100736667, -8.53345411533457, -11.6852963284278, 
8.15527389462777, -1.12072724800315, 3.51551463893683, -6.55148131773999, 
5.62283212538161, 8.72385197698562), .Names = c("x1", "x2", "x3", 
"x4", "x5", "x6", "x7", "", "", "", "", "", "", "", "", "", "", 
"", "", "", "", "", "", "", "", "", "")), rank = 7L, fitted.values = structure(c(50.1974424204557, 
61.9731578548679, 69.4941179349642, 71.9382278831474, 68.5429682910154, 
71.7010564930276, 75.9821120734371, 62.0301192493039, 61.130358072404, 
57.6049142817499, 62.5718552308908, 74.2979381488119, 77.2838520307685, 
86.3928658836143, 75.8364981504769, 62.2638008641589, 66.952710476455, 
44.7115258546932, 64.5133559059561, 63.682894536733, 46.5410038185892, 
58.964788505828, 69.209617233369, 75.5203448038983, 53.7359185242542, 
79.4245135884988, 72.5020418886307), .Names = c("1", "2", "3", 
"5", "7", "8", "9", "10", "11", "12", "13", "14", "15", "16", 
"17", "18", "19", "21", "22", "23", "24", "25", "26", "27", "28", 
"29", "30")), assign = 1:7, qr = structure(list(qr = structure(c(-5.19615242270663, 
0.192450089729875, 0.192450089729875, 0.192450089729875, 0.192450089729875, 
0.192450089729875, 0.192450089729875, 0.192450089729875, 0.192450089729875, 
0.192450089729875, 0.192450089729875, 0.192450089729875, 0.192450089729875, 
0.192450089729875, 0.192450089729875, 0.192450089729875, 0.192450089729875, 
0.192450089729875, 0.192450089729875, 0.192450089729875, 0.192450089729875, 
0.192450089729875, 0.192450089729875, 0.192450089729875, 0.192450089729875, 
0.192450089729875, 0.192450089729875, -350.644063487833, 69.9910047130397, 
-0.0739876890014511, -0.188288091357435, -0.0311250381179571, 
-0.145425440473941, -0.245438292535427, 0.0546002636490308, 0.168900666005015, 
0.0688878139435288, 0.0403127133545328, -0.259725842829925, -0.174000541062937, 
-0.359738694891411, -0.288300943418921, 0.0688878139435288, -0.0739876890014511, 
0.354638819833489, 0.0546002636490308, -0.0168374878234591, 0.397501470716983, 
0.154613115710517, -0.174000541062937, -0.145425440473941, 0.111750464827023, 
-0.288300943418921, -0.245438292535427, -275.011178223992, 26.6743272312983, 
-65.7444455342766, 0.231676357294577, -0.173952368605163, -0.05870905483838, 
0.38056047675166, -0.328831700860519, -0.291970910337817, -0.0352263038951595, 
-0.0748623223837321, -0.202042718363722, -0.220028356758541, 
-0.279927141357931, 0.138581523871419, -0.0808575351820051, 0.0555914018119998, 
0.0265048515536982, -0.146306775713137, 0.0436009762154538, 0.085958879286557, 
-0.159684815292618, 0.175442314394121, -0.134761106983123, 0.32843593241667, 
-0.104785042991757, 0.38056047675166, -297.527838722387, 35.5135583468277, 
3.525495668706, -49.5332538707239, 0.0406539674466234, -0.0803482579089164, 
0.0176027426960155, -0.0540860730969294, 0.243587944901997, -0.254047901768562, 
-0.207340217702152, -0.340184869240981, 0.269168061215172, 0.146316463169482, 
0.067448465675279, 0.480300410334929, -0.00784839844854268, -0.16094517483437, 
0.218485451144097, -0.106324553719124, 0.344364343221155, 0.00956173925102728, 
0.0219187029500872, 0.315838830321087, -0.162556190633116, 0.148165835859633, 
-0.143904918821217, -340.05930855269, 35.7220507474215, -0.760934516559876, 
-15.1000462981166, -37.2291732049149, 0.0361755164518429, -0.172346095684529, 
0.0768035929854493, -0.0186186331216887, 0.00228844438986374, 
-0.138610047769647, -0.257553153380532, 0.179291469501515, -0.463065626932203, 
0.0424588519948236, -0.323076890630669, 0.191478972381235, -0.187208554282755, 
0.0554913122821041, -0.0404584296505785, -0.128325342667088, 
0.223253604034139, 0.403191046954767, 0.199554129484648, -0.285768882063282, 
0.0219842884978919, -0.310033791677519, -391.058582331106, 6.68128185253085, 
-15.9754913365569, 0.540432539999307, -18.7278951712234, 37.7134354000427, 
0.109852571988304, -0.23659388101051, 0.043642602107544, 0.0818542422737361, 
0.310715568838016, -0.0725227473239025, -0.0132378781304077, 
0.422176686826501, 0.150986960566646, -0.25949375690325, -0.0697605236006746, 
0.229396502059332, -0.154839851354818, -0.0285662500636232, 0.420140647551711, 
0.00744221722451943, 0.335426827024098, 0.00502261453764918, 
-0.0532995564017135, 0.127688684070197, 0.210000656405845, -224.589254714764, 
11.8745418003161, -8.49804156382759, -26.2388782997154, -20.8029228581524, 
1.48308630430163, 38.807284553588, -0.0421604240871962, 0.260898360164997, 
-0.121383576508758, 0.254117580370692, -0.0769971145285965, 0.130901591261195, 
0.0982556154005213, -0.35153000866413, -0.259328518488568, 0.0306527979714188, 
0.0293133586574917, 0.169966907910298, 0.107585606072666, -0.0544018140022801, 
0.267486826612019, -0.517089236773204, 0.107963753335637, 0.0280480750287682, 
-0.175607661447357, 0.0827264173137498), .Dim = c(27L, 7L), .Dimnames = list(
    c("1", "2", "3", "5", "7", "8", "9", "10", "11", "12", "13", 
    "14", "15", "16", "17", "18", "19", "21", "22", "23", "24", 
    "25", "26", "27", "28", "29", "30"), c("x1", "x2", "x3", 
    "x4", "x5", "x6", "x7")), assign = 1:7), qraux = c(1.19245008972988, 
1.01173761276554, 1.04038099138305, 1.0629488393912, 1.03231876381195, 
1.34404741594883, 1.439346510039), pivot = 1:7, tol = 1e-07, 
    rank = 7L), .Names = c("qr", "qraux", "pivot", "tol", "rank"
), class = "qr"), df.residual = 20L, xlevels = structure(list(), .Names = character(0)), 
    call = quote(lm(formula = y ~ . + 0, data = structure(list(y = c(43, 
        63, 71, 81, 58, 71, 72, 67, 64, 67, 69, 68, 77, 81, 74, 
        65, 65, 50, 64, 53, 40, 63, 66, 78, 48, 85, 82), x1 = c(1, 
        1, 1, 1, 1, 1, 1, 1, 1, 1, 1, 1, 1, 1, 1, 1, 1, 1, 1, 
        1, 1, 1, 1, 1, 1, 1, 1), x2 = c(51, 64, 70, 78, 67, 75, 
        82, 61, 53, 60, 62, 83, 77, 90, 85, 60, 70, 40, 61, 66, 
        37, 54, 77, 75, 57, 85, 82), x3 = c(52, 58, 57, 72, 42, 
        52, 83, 30, 30, 49, 47, 45, 42, 42, 68, 46, 58, 47, 42, 
        56, 50, 39, 68, 47, 72, 52, 83), x4 = c(39, 54, 69, 66, 
        56, 55, 67, 47, 58, 39, 42, 45, 72, 72, 69, 75, 57, 34, 
        62, 50, 58, 48, 63, 74, 45, 71, 59), x5 = c(61, 63, 76, 
        71, 66, 70, 71, 62, 58, 59, 55, 59, 79, 60, 79, 55, 75, 
        43, 66, 63, 50, 66, 88, 80, 51, 77, 64), x6 = c(92, 73, 
        86, 83, 68, 66, 83, 80, 67, 74, 63, 77, 77, 54, 79, 80, 
        85, 64, 80, 80, 57, 75, 76, 78, 83, 74, 78), x7 = c(45, 
        47, 48, 47, 35, 41, 31, 41, 34, 41, 25, 35, 46, 36, 63, 
        60, 46, 33, 41, 37, 49, 33, 72, 49, 38, 55, 39)), .Names = c("y", 
        "x1", "x2", "x3", "x4", "x5", "x6", "x7"),