
expected <- structure(list(coefficients = structure(c(-2.78086887200626, 
0.405400862394072, -0.0850801295168067, 0.645589108405645, 0.546871393258503, 
0.0380664191824721, -0.640128955035178), .Names = c("x1", "x2", 
"x3", "x4", "x5", "x6", "x7")), residuals = structure(c(-6.79181161656269, 
3.38300552846739, -9.49414357604608, 1.80781211570918, -0.423919160166792, 
-9.57429656310866, 3.65532860419573, -5.97746188025609, 7.02047951418805, 
12.6027618857609, 1.82694013524965, 2.35072511186841, -3.52469495818492, 
4.18897736171635, 7.47433392182723, 7.87934386679659, -4.23314428626639, 
-11.3828030572589, 2.05456132062723, 3.28514064393287, -11.5340181670916, 
5.54188732207477, -2.42026851586702, -2.5455044666585, -6.38702233293281, 
7.86074691787045, 3.35704433011563), .Names = c("1", "2", "3", 
"4", "5", "6", "8", "9", "10", "12", "13", "14", "15", "16", 
"17", "18", "19", "20", "21", "22", "24", "25", "26", "27", "28", 
"29", "30")), effects = structure(c(-339.4819582835, 23.6362726763183, 
-19.6391849216186, 33.9497270750104, 13.7526261826842, -1.18563668453431, 
-26.59408161084, -5.91715455950438, 7.24504981343641, 14.4832115595435, 
3.98641032945796, 7.14755461073402, -2.2676844133731, 5.99988155309214, 
12.2823508770268, 10.5962922904623, -4.13054428860293, -6.65992283763373, 
2.20095961723052, 2.5725396667666, -8.82083768684401, 4.22937297598489, 
5.71995628664031, -0.599810417819856, -7.49669253858338, 13.247529603467, 
2.71789901966594), .Names = c("x1", "x2", "x3", "x4", "x5", "x6", 
"x7", "", "", "", "", "", "", "", "", "", "", "", "", "", "", 
"", "", "", "", "", "")), rank = 7L, fitted.values = structure(c(49.7918116165627, 
59.6169944715326, 80.4941435760461, 59.1921878842908, 81.4239191601668, 
52.5742965631087, 67.3446713958043, 77.9774618802561, 59.9795204858119, 
54.3972381142391, 67.1730598647504, 65.6492748881316, 80.5246949581849, 
76.8110226382836, 66.5256660781728, 57.1206561332034, 69.2331442862664, 
61.3828030572589, 47.9454386793728, 60.7148593560671, 51.5340181670916, 
57.4581126779252, 68.420268515867, 80.5455044666585, 54.3870223329328, 
77.1392530821295, 78.6429556698844), .Names = c("1", "2", "3", 
"4", "5", "6", "8", "9", "10", "12", "13", "14", "15", "16", 
"17", "18", "19", "20", "21", "22", "24", "25", "26", "27", "28", 
"29", "30")), assign = 1:7, qr = structure(list(qr = structure(c(-5.19615242270663, 
0.192450089729875, 0.192450089729875, 0.192450089729875, 0.192450089729875, 
0.192450089729875, 0.192450089729875, 0.192450089729875, 0.192450089729875, 
0.192450089729875, 0.192450089729875, 0.192450089729875, 0.192450089729875, 
0.192450089729875, 0.192450089729875, 0.192450089729875, 0.192450089729875, 
0.192450089729875, 0.192450089729875, 0.192450089729875, 0.192450089729875, 
0.192450089729875, 0.192450089729875, 0.192450089729875, 0.192450089729875, 
0.192450089729875, 0.192450089729875, -331.206604425115, 62.5874203429506, 
-0.205014394125665, 0.00269507734265703, -0.36479091063976, 0.146493942205342, 
0.0346503806454759, 0.146493942205342, -0.0132825743087524, -0.0771931809143901, 
-0.236969697428484, -0.332835607336941, 0.0186727289940665, -0.0132825743087524, 
0.0346503806454759, 0.114538638902523, 0.0346503806454759, -0.205014394125665, 
-0.0612155292629806, 0.402136368627892, 0.114538638902523, 0.402136368627892, 
-0.236969697428484, 0.00269507734265703, 0.00269507734265703, 
-0.205014394125665, -0.332835607336941, -278.475279839129, 23.5853808969842, 
-60.4503790431681, -0.0781763188711888, -0.029708479301749, 0.0402326243814401, 
0.0161448082999077, 0.420709973970523, -0.0839806488057499, -0.0741129816232043, 
0.0332686536351342, 0.428547503998035, 0.0765104522069262, -0.00126818150377544, 
0.247739716745436, 0.293303859878636, -0.0500251655416719, 0.2268447415686, 
-0.299903560134172, 0.182729383715601, -0.0871734897104462, 0.0173044491116525, 
0.182151094778688, 0.136876096113945, -0.0947188123315837, 0.276472221949785, 
-0.29932220825934, -293.87128701752, 1.77174403867852, -33.0738017652327, 
53.4195771840452, -0.24160253222768, 0.207473856102874, -0.0130332669310459, 
0.0558788492765293, 0.064630464171092, 0.223377722526421, 0.250335312904409, 
0.486619024386053, -0.286571054855383, -0.342719549032991, -0.105308488477516, 
-0.186413400456738, -0.0989872909990146, 0.16674755207441, 0.150992348352717, 
-0.0320239159330971, -0.14713676671164, 0.108765871987593, -0.0336212185379563, 
-0.279312910076606, 0.0937582441729795, -0.115101913541788, -0.309117409586607, 
-337.172557206741, 7.72075633688661, -24.3287274958074, 27.0938863343957, 
41.220030688813, 0.0792789730596437, -0.125295153646, 0.0456020361633119, 
-0.0507742429945363, -0.0843299560955804, 0.0981211448975776, 
0.100803317551452, -0.0810189948832142, 0.378875851181138, -0.1130958306327, 
0.547652251864969, -0.222825600712566, 0.0707952738143462, 0.205216766446458, 
0.0211472655326766, 0.379846898862173, -0.203282872376519, -0.374979744676585, 
-0.0667582084306648, 0.182147694641103, 0.0139720583840335, 0.121453148471424, 
-390.288781972187, 3.27186799928307, -6.03890289842172, 4.24576448044435, 
19.4351857854564, 47.5367251260197, 0.285376785845583, -0.0537915646468565, 
-0.0419300393243718, 0.116231877695156, 0.341614359517354, 0.160258035728473, 
0.0409849357662373, 0.365766813015857, 0.0530075384555405, -0.18373061365959, 
-0.102544877088543, 0.0665241875379161, 0.180302043161805, -0.0818356954855695, 
0.272983449243578, 0.0658570677084037, 0.233678442459549, 0.0315423474778992, 
-0.181699338117694, 0.164029903599818, -0.0670800009111553, -227.476006060713, 
8.15570352073055, -15.7848502629711, 24.238651333515, 14.8864651166106, 
4.67904094352166, 41.5448815455919, 0.394182229072263, 0.0230734692613368, 
-0.081256433513625, 0.237160260175425, 0.00101675593558839, 0.216262953928334, 
0.230312433682115, -0.249184475629417, -0.386339970991378, 0.111712422750479, 
-0.243990790241795, -0.059585279906311, 0.112199198416878, -0.261535609544281, 
0.228690540568505, -0.408809482188755, 0.157512129104663, -0.0226644445535609, 
-0.0790994374006003, 0.224617296541368), .Dim = c(27L, 7L), .Dimnames = list(
    c("1", "2", "3", "4", "5", "6", "8", "9", "10", "12", "13", 
    "14", "15", "16", "17", "18", "19", "20", "21", "22", "24", 
    "25", "26", "27", "28", "29", "30"), c("x1", "x2", "x3", 
    "x4", "x5", "x6", "x7")), assign = 1:7), qraux = c(1.19245008972988, 
1.01867272899407, 1.2268447415686, 1.06844742807279, 1.08724030256954, 
1.57702603401024, 1.10984229312469), pivot = 1:7, tol = 1e-07, 
    rank = 7L), .Names = c("qr", "qraux", "pivot", "tol", "rank"
), class = "qr"), df.residual = 20L, xlevels = structure(list(), .Names = character(0)), 
    call = quote(lm(formula = y ~ . + 0, data = structure(list(y = c(43, 
        63, 71, 61, 81, 43, 71, 72, 67, 67, 69, 68, 77, 81, 74, 
        65, 65, 50, 50, 64, 40, 63, 66, 78, 48, 85, 82), x1 = c(1, 
        1, 1, 1, 1, 1, 1, 1, 1, 1, 1, 1, 1, 1, 1, 1, 1, 1, 1, 
        1, 1, 1, 1, 1, 1, 1, 1), x2 = c(54, 61, 75, 62, 85, 53, 
        60, 53, 63, 67, 77, 83, 61, 63, 60, 55, 60, 75, 66, 37, 
        55, 37, 77, 62, 62, 75, 83), x3 = c(30, 51, 68, 45, 56, 
        49, 50, 72, 45, 47, 57, 83, 54, 50, 64, 65, 46, 68, 33, 
        52, 42, 42, 66, 58, 44, 71, 39), x4 = c(39, 54, 69, 47, 
        66, 44, 55, 67, 47, 39, 42, 45, 72, 72, 69, 75, 57, 54, 
        34, 62, 58, 48, 63, 74, 45, 71, 59), x5 = c(61, 63, 76, 
        54, 71, 54, 70, 71, 62, 59, 55, 59, 79, 60, 79, 55, 75, 
        64, 43, 66, 50, 66, 88, 80, 51, 77, 64), x6 = c(92, 73, 
        86, 84, 83, 49, 66, 83, 80, 74, 63, 77, 77, 54, 79, 80, 
        85, 78, 64, 80, 57, 75, 76, 78, 83, 74, 78), x7 = c(45, 
        47, 48, 35, 47, 34, 41, 31, 41, 41, 25, 35, 46, 36, 63, 
        60, 46, 52, 33, 41, 49, 33, 72, 49, 38, 55, 39)), .Names = c("y", 
        "x1", "x2", "x3", "x4", "x5", "x6", "x7"),