
expected <- structure(list(coefficients = structure(c(-0.117544920948556, 
0.165085310607415, 0.237953968957281, -0.0333915239506363, 0.360390966355373, 
0.377500761891328, -0.255171561348222), .Names = c("x1", "x2", 
"x3", "x4", "x5", "x6", "x7")), residuals = structure(c(-24.1982125665937, 
-11.7633899963873, 12.0798069142448, 6.81045364695108, 0.425183603665778, 
-20.2480015250138, -6.29903741498939, 10.126343582827, -2.84029131794667, 
-1.30469467186606, 4.36001218050892, 2.21778657222416, 22.3612411240353, 
11.1665156140421, -0.613430070651286, -5.66407585214165, -18.5565659159942, 
-0.639154622913454, -1.19583724128965, -8.03433900365498, -15.7811872805591, 
1.13764424838885, 7.02313214292694, 15.4899167486661, -13.1840718864805, 
28.4839780831278, 20.0088610780304), .Names = c("1", "2", "3", 
"4", "5", "6", "7", "8", "10", "11", "13", "14", "16", "17", 
"18", "19", "20", "21", "22", "23", "24", "25", "26", "27", "28", 
"29", "30")), effects = structure(c(-288.829991512041, -154.325765456534, 
-29.2484165540615, -0.239970903258399, -32.119188880237, 18.3799548489805, 
7.71123536483496, 14.410223517503, -8.69729922940608, -1.73027486550357, 
12.4301042877425, 8.49932435992311, 23.2202081245889, 7.67980475995606, 
5.83275425628145, -6.78642740771029, -13.2383307247134, 4.67691259223444, 
8.69817597831315, -11.9522800342397, -17.8577525777972, 6.28019266879953, 
14.8822920931954, 26.3165942155064, -15.021637077759, 28.7503568966535, 
23.744605785232), .Names = c("x1", "x2", "x3", "x4", "x5", "x6", 
"x7", "", "", "", "", "", "", "", "", "", "", "", "", "", "", 
"", "", "", "", "", "")), rank = 7L, fitted.values = structure(c(67.1982125665938, 
74.7633899963873, 58.9201930857552, 54.1895463530489, 80.5748163963342, 
63.2480015250138, 64.2990374149894, 60.873656417173, 69.8402913179467, 
65.3046946718661, 64.6399878194911, 65.7822134277758, 58.6387588759647, 
62.8334843859579, 65.6134300706513, 70.6640758521417, 68.5565659159942, 
50.6391546229135, 65.1958372412897, 61.034339003655, 55.7811872805591, 
61.8623557516112, 58.9768678570731, 62.5100832513339, 61.1840718864805, 
56.5160219168722, 61.9911389219696), .Names = c("1", "2", "3", 
"4", "5", "6", "7", "8", "10", "11", "13", "14", "16", "17", 
"18", "19", "20", "21", "22", "23", "24", "25", "26", "27", "28", 
"29", "30")), assign = 1:7, qr = structure(list(qr = structure(c(-6.68993021844252, 
0.157103966405497, -0.0122065808342642, 0.23007921708905, 0.32655039052815, 
0.188305225225092, 0.062188543446848, 0.0759709746879408, 0.227717204161464, 
0.138326975003723, 0.222166967903129, 0.146675544240355, 0.114330924269205, 
0.0626327497841964, 0.292333010384155, 0.148469400316906, 0.182472914804854, 
0.0861300577168404, 0.257040728421951, 0.117426692298982, 0.0372251530199133, 
0.336279075262242, 0.267038270503728, 0.0706569431583851, 0.21940599911819, 
0.0408675141081934, 0.362785435333318, -314.385567932396, -187.62919462553, 
0.332892980237162, -0.160283733625039, -0.156296127622963, 0.032995113397703, 
0.321248011323238, 0.289076696961308, -0.134365006313733, 0.0343951941631698, 
0.0203450740538594, 0.151377657203341, 0.102446788571471, 0.160493077772731, 
-0.132294152816116, 0.0839281425963246, 0.0177053889182109, 0.136050086261787, 
-0.0475725070387086, 0.0910880365620224, 0.209975051839568, -0.361781136078676, 
-0.120339597508808, 0.304755576450258, -0.139497356237854, 0.245518744182742, 
-0.381425015098897, -236.894096508441, -134.024531627662, -67.9162128025067, 
0.10432467873406, -0.160652119290739, 0.235392287738247, -0.0565590439929501, 
-0.0917010543151708, 0.447203731720427, 0.257576833335423, -0.102938933704584, 
-0.0821026767570412, 0.0572353045314654, 0.0381485766146492, 
-0.181006097477918, 0.229530069661003, -0.0232433975754818, 0.393877012372124, 
-0.0318469433623982, 0.449864730189351, 0.187230719156458, 0.189664808781946, 
-0.0206237958737813, 0.207859494986785, 0.178718545391434, 0.121457049860465, 
0.0244998530332231, -251.530366405023, -137.417223140418, -38.454178013004, 
55.2381910807715, 0.0708204233483062, -0.0585609187781237, -0.200622903849883, 
0.0533445499218303, 0.359900964958248, -0.335329658128612, -0.0218104673228449, 
0.19913443187222, 0.134942745916102, -0.108737155056399, -0.148585699462284, 
0.257225690581645, -0.427170065787533, -0.298155266610329, -0.0932674802736497, 
0.304807507640387, -0.230928732189639, -0.00848727181685908, 
-0.184065563702416, -0.0864360706229607, 0.139159924607541, -0.00507059977739486, 
-0.20594862371877, -292.526032865704, -161.115849177087, -29.1069456578365, 
5.9640530630923, -70.1599531451664, -0.0313953760021525, -0.134197160481678, 
-0.257374522293996, -0.162151876794761, 0.00385496034165552, 
-0.167726268584, 0.00728839990999595, 0.114794393798939, 0.369562746183662, 
-0.16509419524071, -0.109588185903131, 0.187765060379939, -0.306250125092585, 
-0.218950660461382, -0.303845450312841, 0.000159758848405246, 
0.370000064881971, -0.18827382146563, -0.30780654534663, 0.137805858457413, 
-0.115239299055972, 0.191745997690438, -332.236458915175, -171.677186167071, 
-26.4765907392138, 2.60515451430582, -27.0821318111599, 61.7141844846865, 
-0.0191979776104482, -0.14039130573467, -0.140986209995307, -0.214164305701582, 
0.0302033755231857, 0.178071626082267, 0.0159133726380367, -0.288339423402781, 
-0.26756211902603, -0.0435924587528739, -0.103811077405094, 0.246639544405865, 
0.14338531408565, -0.0317682923025373, -0.265434880329294, 0.388133073820899, 
-0.00149755349662737, 0.510932878982985, -0.0819232011128817, 
-0.116254190411665, -0.097977972670988, -161.061226237279, -105.125830534376, 
-23.9575509513601, 5.98939072801687, -13.2826315269752, 19.2701599955344, 
-30.2198071136609, 0.272268927452372, -0.390582019711376, -0.232594429940145, 
0.0613672450139086, -0.0366151023407331, 0.0396121885884656, 
0.252197043333575, 0.0853889015374126, -0.356475855831029, -0.102227959335127, 
-0.224183334072038, -0.176526231013854, 0.00679338974533642, 
0.285090262364461, -0.266563933433146, 0.0718440364834268, -0.438001274680559, 
-0.03479733616585, -0.0363143075721208, 0.194812538503513), .Dim = c(27L, 
7L), .Dimnames = list(c("1", "2", "3", "4", "5", "6", "7", "8", 
"10", "11", "13", "14", "16", "17", "18", "19", "20", "21", "22", 
"23", "24", "25", "26", "27", "28", "29", "30"), c("x1", "x2", 
"x3", "x4", "x5", "x6", "x7")), assign = 1:7), qraux = c(1.10665386264881, 
1.10441972122151, 1.03760001466948, 1.13617700097563, 1.25654452728909, 
1.34570760034163, 1.18119714879317), pivot = 1:7, tol = 1e-07, 
    rank = 7L), .Names = c("qr", "qraux", "pivot", "tol", "rank"
), class = "qr"), df.residual = 20L, xlevels = structure(list(), .Names = character(0)), 
    call = quote(lm(formula = y ~ . + 0, data = structure(list(y = c(43, 
        63, 71, 61, 81, 43, 58, 71, 67, 64, 69, 68, 81, 74, 65, 
        65, 50, 50, 64, 53, 40, 63, 66, 78, 48, 85, 82), x1 = c(0.713506898647887, 
        1.05101457229331, -0.0816611739870052, 1.53921390703963, 
        2.18459932543848, 1.25974881652397, 0.416037016045994, 
        0.508240519289387, 1.52341220537902, 0.925397810103153, 
        1.48628151211489, 0.981249155720053, 0.764865905171018, 
        0.419008725445445, 1.95568744001723, 0.993249927694108, 
        1.22073106680028, 0.576204075836089, 1.71958453644049, 
        0.785576377262714, 0.249033676074065, 2.24968354742678, 
        1.78646739532352, 0.472690019178056, 1.46781082360835, 
        0.273400817585029, 2.42700924664719), x2 = c(90, 77, 
        58, 54, 90, 75, 83, 82, 58, 57, 85, 82, 61, 53, 82, 70, 
        70, 57, 85, 60, 53, 55, 75, 83, 54, 61, 61), x3 = c(44, 
        47, 42, 45, 52, 68, 53, 50, 71, 57, 52, 51, 46, 39, 45, 
        64, 47, 66, 57, 72, 49, 52, 51, 71, 50, 50, 45), x4 = c(47, 
        45, 48, 39, 57, 69, 66, 50, 45, 72, 59, 44, 39, 45, 62, 
        47, 74, 75, 67, 47, 58, 54, 66, 72, 42, 48, 62),