
expected <- structure(list(coefficients = structure(c(21.7054794951568, 0.767771538782328, 
-0.0905700905156201, -0.105317570149978, 0.159927218923191, 0.00417057581693625, 
-0.169043769080645), .Names = c("x1", "x2", "x3", "x4", "x5", 
"x6", "x7")), residuals = structure(c(-10.7260493485321, 0.871096308362408, 
2.36548506979329, -0.486433587094516, 5.4636230158834, -12.1103721004113, 
-1.34824954438655, -5.33542031268683, 6.27404880608634, 8.14903591817101, 
7.28944350985134, -6.80254840794478, -0.00508911282993063, -1.21818181128973, 
-3.69107647279562, 9.18351046732608, -3.90533040227191, -4.58092118173287, 
6.48467653489415, 4.00555355505276, -1.62604862462115, 2.45664119256315, 
-6.43169657428761, 6.92188279454825, -10.6122301588372, 6.82595375494965, 
2.58869671224021), .Names = c("1", "2", "3", "4", "5", "6", "8", 
"9", "10", "12", "13", "14", "15", "16", "17", "18", "19", "20", 
"21", "22", "24", "25", "26", "27", "28", "29", "30")), effects = structure(c(-339.4819582835, 
54.8283956586102, 5.80475161533608, 5.03333134748652, 2.17774134759122, 
0.113990313338855, -6.54181679844615, -5.53371170218574, 7.76955452602515, 
10.2039587421324, 8.07060708619855, -8.86526978523129, 2.82171561187612, 
3.98757265315189, 0.69297310171839, 8.18964187005298, -0.587189459867157, 
-3.17050085050137, 7.63866517334196, 6.1268212419564, 0.672687206972366, 
2.98335206373883, -0.172353446150086, 12.144122019488, -13.1452399346893, 
10.3235499085924, 4.30087566431499), .Names = c("x1", "x2", "x3", 
"x4", "x5", "x6", "x7", "", "", "", "", "", "", "", "", "", "", 
"", "", "", "", "", "", "", "", "", "")), rank = 7L, fitted.values = structure(c(53.7260493485321, 
62.1289036916376, 68.6345149302067, 61.4864335870945, 75.5363769841166, 
55.1103721004113, 72.3482495443865, 77.3354203126868, 60.7259511939137, 
58.850964081829, 61.7105564901487, 74.8025484079448, 77.0050891128299, 
82.2181818112897, 77.6910764727956, 55.8164895326739, 68.9053304022719, 
54.5809211817329, 43.5153234651059, 59.9944464449472, 41.6260486246212, 
60.5433588074369, 72.4316965742876, 71.0781172054517, 58.6122301588372, 
78.1740462450503, 79.4113032877598), .Names = c("1", "2", "3", 
"4", "5", "6", "8", "9", "10", "12", "13", "14", "15", "16", 
"17", "18", "19", "20", "21", "22", "24", "25", "26", "27", "28", 
"29", "30")), assign = 1:7, qr = structure(list(qr = structure(c(-5.19615242270663, 
0.192450089729875, 0.192450089729875, 0.192450089729875, 0.192450089729875, 
0.192450089729875, 0.192450089729875, 0.192450089729875, 0.192450089729875, 
0.192450089729875, 0.192450089729875, 0.192450089729875, 0.192450089729875, 
0.192450089729875, 0.192450089729875, 0.192450089729875, 0.192450089729875, 
0.192450089729875, 0.192450089729875, 0.192450089729875, 0.192450089729875, 
0.192450089729875, 0.192450089729875, 0.192450089729875, 0.192450089729875, 
0.192450089729875, 0.192450089729875, -348.719562590534, 70.3467601717852, 
-0.0780287364412797, 0.0214783337195374, -0.191751102339356, 
0.135200699617614, -0.149105215127578, -0.248612285288395, 0.0499089251940565, 
0.0641242209313161, 0.035693629456797, -0.262827581025654, -0.177535806602097, 
-0.362334651186471, -0.291258172500173, 0.0641242209313161, -0.0780287364412797, 
0.0925548124058353, 0.348430135676508, 0.0499089251940565, 0.391076022888286, 
0.149415995354874, -0.177535806602097, -0.149105215127578, 0.106770108143095, 
-0.291258172500173, -0.248612285288395, -278.475279839129, 37.4320326308127, 
-53.0034098114856, -0.075706467318834, -0.012820834695724, 0.0769060743699957, 
-0.0970914619501152, 0.250473687390347, -0.0564200426149869, 
-0.0090434088263427, 0.160337273653413, 0.448364292940387, -0.040911043780521, 
-0.241739647228969, 0.0706103645876936, 0.330557384104143, -0.124342243063939, 
0.406443940963071, -0.0803131118449159, 0.0756469324135353, 0.118416921676098, 
-0.0455176883066029, 0.185489484839803, 0.0538422237967673, -0.0367139039256529, 
0.202677339616216, -0.372127766315544, -312.538945721317, -0.987173315087464, 
5.02644013989487, -60.6726280605467, -0.262234066926199, 0.176751323332992, 
0.063223882776526, 0.195519378456068, 0.0828700262793391, 0.159229688738566, 
0.166019539863472, 0.191929565091744, -0.368012743317826, 0.168493209009446, 
-0.0751830876641475, -0.141916775244826, 0.0547664625091345, 
0.220737366822527, 0.13405969262294, 0.22855220187821, -0.266665771446078, 
-0.379205884695221, -0.233645149122703, 0.229717797746664, -0.244008194371193, 
-0.0613560872196579, -0.194593876698393, -337.172557206741, 36.836569687152, 
-5.16778260521913, 14.5570738445437, 38.5891101786496, 0.0635209272837137, 
-0.0624727471424575, 0.0380994405962455, -0.0489902450742111, 
-0.0114024397301676, 0.164065328751177, 0.420303031430884, -0.0290452473074887, 
0.310688825118768, -0.0377933469647747, 0.343164313339106, -0.264969340219392, 
-0.0842407097914393, 0.117610030748272, -0.190994468030585, 0.157358504722717, 
-0.00812577045177404, -0.268337045218056, -0.365439540716759, 
0.354923125832106, 0.0438856957813103, 0.246833648998938, -390.288781972187, 
8.70923785502774, -2.19264660625914, 9.04568877051478, 16.1834518307132, 
47.7313266631176, 0.288960303402961, -0.0172438833651409, -0.0584473655815006, 
0.0579836048588443, 0.276951950938484, 0.0448324411333152, 0.0823848804160223, 
0.479359332484912, 0.0807926409910365, -0.095895555504202, -0.0811905332323355, 
0.0452738002634394, 0.144585074677572, -0.00759338409165203, 
0.313886152539153, 0.0265391516623853, 0.193715583067552, 0.131616635818513, 
-0.225477002459611, 0.184114855904377, -0.0454683393806118, -227.476006060713, 
10.7846710326676, -14.0153888247995, 22.0200987067383, 24.0245591950986, 
0.503282693087852, 38.6989525495333, 0.31888003125215, 0.0285950418243551, 
-0.0413191355862963, 0.301734961195537, 0.0350126920549331, 0.225816822426995, 
-0.155899146335596, -0.340196375174096, -0.435225004349411, 0.062879597061548, 
-0.178318963330641, 0.00987877566503138, 0.06746885569709, -0.115216332452323, 
0.492787358713668, -0.307356074105337, -0.00378332290292179, 
0.0658590953125381, -0.157465325031783, 0.0187392190934277), .Dim = c(27L, 
7L), .Dimnames = list(c("1", "2", "3", "4", "5", "6", "8", "9", 
"10", "12", "13", "14", "15", "16", "17", "18", "19", "20", "21", 
"22", "24", "25", "26", "27", "28", "29", "30"), c("x1", "x2", 
"x3", "x4", "x5", "x6", "x7")), assign = 1:7), qraux = c(1.19245008972988, 
1.00726303798228, 1.29072539273999, 1.16173473089463, 1.1453590568915, 
1.55491518284744, 1.05086500964053), pivot = 1:7, tol = 1e-07, 
    rank = 7L), .Names = c("qr", "qraux", "pivot", "tol", "rank"
), class = "qr"), df.residual = 20L, xlevels = structure(list(), .Names = character(0)), 
    call = quote(lm(formula = y ~ . + 0, data = structure(list(y = c(43, 
        63, 71, 61, 81, 43, 71, 72, 67, 67, 69, 68, 77, 81, 74, 
        65, 65, 50, 50, 64, 40, 63, 66, 78, 48, 85, 82), x1 = c(1, 
        1, 1, 1, 1, 1, 1, 1, 1, 1, 1, 1, 1, 1, 1, 1, 1, 1, 1, 
        1, 1, 1, 1, 1, 1, 1, 1), x2 = c(51, 64, 70, 63, 78, 55, 
        75, 82, 61, 60, 62, 83, 77, 90, 85, 60, 70, 58, 40, 61, 
        37, 54, 77, 75, 57, 85, 82), x3 = c(30, 51, 68, 45, 56, 
        49, 50, 72, 45, 47, 57, 83, 54, 50, 64, 65, 46, 68, 33, 
        52, 42, 42, 66, 58, 44, 71, 39), x4 = c(66, 62, 48, 72, 
        45, 71, 66, 69, 67, 71, 69, 66, 39, 74, 55, 48, 66, 69, 
        71, 74, 44, 39, 44, 74, 47, 54, 54), x5 = c(61, 63, 76, 
        54, 71, 54, 70, 71, 62, 59, 55, 59, 79, 60, 79, 55, 75, 
        64, 43, 66, 50, 66, 88, 80, 51, 77, 64), x6 = c(92, 73, 
        86, 84, 83, 49, 66, 83, 80, 74, 63, 77, 77, 54, 79, 80, 
        85, 78, 64, 80, 57, 75, 76, 78, 83, 74, 78), x7 = c(45, 
        47, 48, 35, 47, 34, 41, 31, 41, 41, 25, 35, 46, 36, 63, 
        60, 46, 52, 33, 41, 49, 33, 72, 49, 38, 55, 39)), .Names = c("y", 
        "x1", "x2", "x3", "x4", "x5", "x6", "x7"),