
expected <- structure(list(coefficients = structure(c(21.0390279712703, 0.624687890248056, 
-0.0903359902083038, 0.274691696195603, 0.0227938076018823, -0.0219323653162918, 
-0.201472037345217), .Names = c("x1", "x2", "x3", "x4", "x5", 
"x6", "x7")), residuals = structure(c(-8.97504257945211, 1.65215788710637, 
3.18065474411331, -0.686442662149589, 7.0899914081263, -12.6172630668252, 
-9.3116149773312, 0.871715608159025, -5.71592818249822, 7.56748251628647, 
6.05659769735818, 10.6168250140053, 8.38015377583836, -2.18042429291562, 
2.18193796742889, -3.88198659564545, -1.34300885382206, 4.31698044531231, 
-1.95638404915956, -4.92591000152588, 4.53361475357075, 1.0321485050356, 
-10.8176180675445, -5.89118748718498, 5.6697141867168, -0.11901435517087, 
5.27185066216749), .Names = c("1", "2", "3", "4", "5", "6", "7", 
"8", "9", "10", "11", "12", "13", "14", "15", "16", "17", "18", 
"19", "20", "21", "22", "23", "24", "25", "26", "30")), effects = structure(c(-332.553755053224, 
-47.3569455303206, 4.84740410534456, 8.393226700135, -3.79798831725931, 
-0.916282096269089, -7.57189651837488, 3.33758401392659, -4.03331614233339, 
10.3065721504652, 9.87012376495572, 12.0368000476007, 10.2038263169087, 
-5.8580704411939, 6.23003150764383, -2.98520006505505, -7.06824030663948, 
1.51313618355947, 2.46760630553776, -3.83009455053449, 4.36638295300906, 
4.54707744817883, -10.4620700008297, -3.79108515285334, 11.3584903157765, 
0.755204776996527, 8.86112997791781), .Names = c("x1", "x2", 
"x3", "x4", "x5", "x6", "x7", "", "", "", "", "", "", "", "", 
"", "", "", "", "", "", "", "", "", "", "", "")), rank = 7L, 
    fitted.values = structure(c(51.9750425794521, 61.3478421128936, 
    67.8193452558867, 61.6864426621496, 73.9100085918737, 55.6172630668252, 
    67.3116149773312, 70.128284391841, 77.7159281824982, 59.4325174837135, 
    57.9434023026418, 56.3831749859947, 60.6198462241616, 70.1804242929156, 
    74.8180620325711, 84.8819865956455, 75.3430088538221, 60.6830195546877, 
    66.9563840491596, 54.9259100015259, 45.4663852464292, 62.9678514949644, 
    63.8176180675445, 45.891187487185, 57.3302858132832, 66.1190143551709, 
    76.7281493378325), .Names = c("1", "2", "3", "4", "5", "6", 
    "7", "8", "9", "10", "11", "12", "13", "14", "15", "16", 
    "17", "18", "19", "20", "21", "22", "23", "24", "25", "26", 
    "30")), assign = 1:7, qr = structure(list(qr = structure(c(-5.19615242270663, 
    0.192450089729875, 0.192450089729875, 0.192450089729875, 
    0.192450089729875, 0.192450089729875, 0.192450089729875, 
    0.192450089729875, 0.192450089729875, 0.192450089729875, 
    0.192450089729875, 0.192450089729875, 0.192450089729875, 
    0.192450089729875, 0.192450089729875, 0.192450089729875, 
    0.192450089729875, 0.192450089729875, 0.192450089729875, 
    0.192450089729875, 0.192450089729875, 0.192450089729875, 
    0.192450089729875, 0.192450089729875, 0.192450089729875, 
    0.192450089729875, 0.192450089729875, -342.753609808908, 
    -68.0364825881156, 0.0948302518508885, -0.00805572540306698, 
    0.212414225855409, -0.125639699407587, 0.0507362615991933, 
    0.168320235603714, 0.271206212857669, -0.0374517189041971, 
    -0.155035692908718, -0.0521497156547622, -0.022753722153632, 
    0.285904209608234, 0.197716229104844, 0.38879018686219, 0.315300203109364, 
    -0.0521497156547622, 0.0948302518508885, -0.0815457091558923, 
    -0.346109650666063, -0.0374517189041971, 0.0360382648486282, 
    -0.390203640917759, -0.140337696158153, 0.197716229104844, 
    0.271206212857669, -273.471577506153, -31.9186052397271, 
    -53.7540597150277, -0.068940024584522, -0.00259405148006831, 
    0.0792274842913807, -0.161627025089866, -0.0865555811570526, 
    0.258180623295055, -0.0505013934329394, 0.172079099712536, 
    -0.00407558572236198, 0.163518243799986, 0.453597014460587, 
    -0.0305812280390631, -0.224845314793922, 0.0816967080285368, 
    0.330782843490713, -0.114871987547668, 0.405031212844475, 
    -0.0801347191500383, 0.0797213290388119, 0.0336247511598553, 
    0.114952442183873, -0.0417759226045793, 0.192657724769653, 
    -0.355726496928915, -288.867584684543, -31.8151748922231, 
    -10.7420708495204, 46.8713246981527, -0.13207290309552, 0.133572442022195, 
    -0.0936583501173797, 0.0390282479705255, -0.0104238354988438, 
    0.0803242194515253, -0.149301402981008, 0.258912388977911, 
    0.280950787064172, 0.545622146599228, -0.281277578713764, 
    -0.22401796861094, -0.0913695887295397, -0.378185415255976, 
    -0.0659608194573539, 0.0783902646598316, 0.130862578649903, 
    -0.188771043885741, 0.100465325642289, -0.335626137821619, 
    -0.00934067039045085, -0.00195424574144852, -0.0798415502449372, 
    -333.131105322414, -32.1902459944875, -3.50937878261533, 
    12.5105472128115, 36.7100149615495, 0.105468531550408, -0.0163289196565963, 
    -0.0743779624692305, 0.10616874208099, -0.0442868132532681, 
    0.14586505507458, -0.0567084134011468, 0.111337397184802, 
    0.205441270383676, -0.110224244778494, 0.487591828964769, 
    -0.0793765462796747, 0.479426441905598, -0.225703681410317, 
    -0.0115209159943874, 0.174779033093848, 0.0241286688068917, 
    0.00353639775883807, 0.245564261049768, -0.191502340867816, 
    -0.44201655452141, 0.166482574751288, -396.062284664083, 
    -3.00165755861535, -19.5224975584599, -0.208354846911765, 
    -3.02903628756859, -52.0894455247295, 0.0753299451313647, 
    0.0257520529159147, 0.0520514538700691, 0.0955951305055805, 
    0.24443402707652, 0.0318692900484009, 0.0800188013833762, 
    -0.0278025556145948, 0.0797988254199545, 0.352785019686229, 
    -0.6078755360021, 0.245347075330309, 0.0657855386924098, 
    0.201898678217051, -0.121302571968838, 0.145378698553576, 
    -0.153754613696834, 0.268105021246307, 0.0514746562891733, 
    -0.0957973013792086, 0.342035857569298, -220.547802830437, 
    -8.28150461356839, -12.875499479707, 23.6840296439762, 23.3341724624296, 
    10.2184247092958, 37.582865682748, 0.0868522415333206, 0.419211130247276, 
    -0.0370578387549364, 0.195658436498443, -0.133443420672059, 
    0.222175147872349, -0.0706837384863482, 0.229573695233585, 
    -0.0106206909425278, -0.12224713627706, -0.452986242235501, 
    0.0849176106716607, -0.234638793496598, -0.056818730053793, 
    0.150506193852563, 0.143529804278255, -0.23273989086421, 
    0.318566794444562, -0.331192690456243, -0.0712549839508924
    ), .Dim = c(27L, 7L), .Dimnames = list(c("1", "2", "3", "4", 
    "5", "6", "7", "8", "9", "10", "11", "12", "13", "14", "15", 
    "16", "17", "18", "19", "20", "21", "22", "23", "24", "25", 
    "26", "30"), c("x1", "x2", "x3", "x4", "x5", "x6", "x7")), assign = 1:7), 
        qraux = c(1.19245008972988, 1.0066422713475, 1.29439942593498, 
        1.09361073781378, 1.04916408911488, 1.21923883567521, 
        1.22972617485551), pivot = 1:7, tol = 1e-07, rank = 7L), .Names = c("qr", 
    "qraux", "pivot", "tol", "rank"), class = "qr"), df.residual = 20L, 
    xlevels = structure(list(), .Names = character(0)), call = quote(lm(formula = y ~ 
        . + 0, data = structure(list(y = c(43, 63, 71, 61, 81, 
        43, 58, 71, 72, 67, 64, 67, 69, 68, 77, 81, 74, 65, 65, 
        50, 50, 64, 53, 40, 63, 66, 82), x1 = c(1, 1, 1, 1, 1, 
        1, 1, 1, 1, 1, 1, 1, 1, 1, 1, 1, 1, 1, 1, 1, 1, 1, 1, 
        1, 1, 1, 1), x2 = c(51, 64, 70, 63, 78, 55, 67, 75, 82, 
        61, 53, 60, 62, 83, 77, 90, 85, 60, 70, 58, 40, 61, 66, 
        37, 54, 77, 82), x3 = c(30, 51, 68, 45, 56, 49, 42, 50, 
        72, 45, 53, 47, 57, 83, 54, 50, 64, 65, 46, 68, 33, 52, 
        52, 42, 42, 66, 39), x4 = c(39, 54, 69, 47, 66, 44, 56, 
        55, 67, 47, 58, 39, 42, 45, 72, 72, 69, 75, 57, 54, 34, 
        62, 50, 58, 48, 63, 59), x5 = c(61, 63, 76, 54, 71, 54, 
        66, 70, 71, 62, 58, 59, 55, 59, 79, 60, 79, 55, 75, 64, 
        43, 66, 63, 50, 66, 88, 64),