
expected <- structure(list(coefficients = structure(c(0.0961565084030847, 
0.189955890401768, 0.228164716487643, 0.134673805704951, -0.0900406308262134, 
0.3251530649629, 0.294767287509153), .Names = c("x1", "x2", "x3", 
"x4", "x5", "x6", "x7")), residuals = structure(c(-22.2279545474434, 
3.9206955865082, -2.19756414432952, 21.2349440694323, -20.5475423850865, 
-5.16512516284107, 10.2474367371125, -3.95523464198513, -6.14134110931614, 
4.4142505986365, -9.085178010013, 1.54009084643013, 10.1241670174671, 
21.5372308060119, 24.599699848654, -1.52445214553983, -1.03939302481097, 
-17.3070093233746, -5.39945630724391, -8.03445193084997, -17.5071894492696, 
-5.8374352832813, -5.03654945892023, 10.5788469557834, -7.22176797605842, 
21.8211486338591, 20.0105111525182), .Names = c("1", "3", "4", 
"5", "6", "7", "8", "9", "10", "11", "12", "13", "15", "16", 
"17", "18", "19", "20", "22", "23", "24", "25", "26", "27", "28", 
"29", "30")), effects = structure(c(-194.148758538921, -269.94216748708, 
-42.8648542887185, 29.9399975350306, 7.32724510221531, -19.161746969469, 
-12.6189853772074, 4.12456446528288, -13.2216253740329, 8.90468927937363, 
-4.90615036671494, 10.9121032677731, -2.17228790568365, 22.7743248007948, 
35.2049955829418, 14.1358996046637, 10.2636127537346, -16.7654289205256, 
-7.52076726309069, -5.00861033977262, -18.7563732564773, -9.63564715011733, 
10.5942544755143, 3.70787600503262, -12.8982535907877, 26.9406709886144, 
18.5432861713202), .Names = c("x1", "x2", "x3", "x4", "x5", "x6", 
"x7", "", "", "", "", "", "", "", "", "", "", "", "", "", "", 
"", "", "", "", "", "")), rank = 7L, fitted.values = structure(c(65.2279545474434, 
67.0793044134918, 63.1975641443295, 59.7650559305677, 63.5475423850865, 
63.1651251628411, 60.7525632628875, 75.9552346419851, 73.1413411093161, 
59.5857494013635, 76.085178010013, 67.4599091535699, 66.8758329825329, 
59.4627691939881, 49.400300151346, 66.5244521455398, 66.039393024811, 
67.3070093233746, 69.3994563072439, 61.03445193085, 57.5071894492696, 
68.8374352832813, 71.0365494589202, 67.4211530442166, 55.2217679760584, 
63.1788513661409, 61.9894888474818), .Names = c("1", "3", "4", 
"5", "6", "7", "8", "9", "10", "11", "12", "13", "15", "16", 
"17", "18", "19", "20", "22", "23", "24", "25", "26", "27", "28", 
"29", "30")), assign = 1:7, qr = structure(list(qr = structure(c(-6.77988636236756, 
0.127290969053671, 0.0446927521699675, 0.0111482459933608, -0.102382215158839, 
0.127534723570395, -0.133550537496681, 0.198950410866172, -0.00748312687120448, 
0.069361965209073, 0.108782014590339, 0.161242367996454, -0.0339548983897837, 
0.110081493497388, 0.269981214244661, 0.596936990649183, 0.256111659583352, 
-0.094778842035245, 0.281156179380075, 0.0164825590422025, 0.230114754700467, 
0.0994965904988809, 0.250162539280187, -0.174092582048055, 0.147762591047676, 
0.217759311290174, 0.0466840176424893, -212.328205277876, -282.026121562305, 
0.14012098735566, 0.291234911771278, 0.295375078440797, 0.0646552348055591, 
0.252852767806267, 0.113063041312507, 0.272749645534196, 0.128285624569405, 
0.202294418239816, 0.11904740705137, 0.321684776124392, 0.105374831583739, 
-0.0544705598691083, -0.323948146684338, 0.0397167842020847, 
0.306177561116964, -0.0433758851103827, 0.233189001297505, 0.0137581423158863, 
0.157566508855665, 0.038044655313667, 0.346517297087148, 0.0710488451848741, 
0.0782000242703257, 0.138307023432897, -176.039621403877, -223.595682485698, 
-90.0556631741426, -0.166863725615441, 0.0455213601698315, 0.312804003287366, 
0.379913424813834, 0.114439979912368, -0.150075057178837, -0.0891242883124548, 
0.0712438382524089, -0.189010943783984, 0.0848650172862758, -0.0504050292090251, 
0.0437375656698257, 0.361344260723164, -0.257361731542749, 0.0479502612454321, 
0.448962433108833, -0.0473849636188911, 0.0704129527812607, 0.33267851606612, 
0.10318784675437, 0.0683416487263588, 0.0224042831623837, 0.00530316853371453, 
0.14407617124838, -152.833252305406, -227.426415240911, -20.2622192858374, 
72.681944869642, -0.157859117714054, 0.0602674994834793, -0.208771640122442, 
0.0975776281681702, -0.148861299672966, -0.246145492114084, -0.0871748052427693, 
-0.356267047974285, 0.383321347089535, -0.0970602752471101, -0.240184303613944, 
0.0440514731749269, -0.332356648705897, -0.064789094652712, 0.272232826399627, 
-0.149261250170959, 0.169839120542167, 0.361766190801209, -0.199976549090655, 
-0.152862793450258, 0.00287862220362923, 0.142260334603775, 2.69850961065192e-05, 
-184.768780533605, -238.819638637757, -32.2171158719992, 33.3989655866905, 
48.3036694639739, 0.237968886512607, -0.0214807796641068, 0.389962995511389, 
-0.177168391631066, 0.00897775000667374, 0.137076861042171, 0.0624997661542176, 
-0.339659259289815, -0.104630339118671, 0.0764598142617666, 0.104296742436013, 
0.0499991344454594, 0.131002401913225, -0.143316091073111, 0.0674871403050092, 
-0.269115649027074, 0.0540240467379579, 0.311865983466034, -0.0259944925046408, 
-0.538619783374027, 0.0932363798526804, -0.0402346760652025, 
-222.919121955208, -316.307519384948, -63.2542840095411, 48.1576019459057, 
23.1405507228501, -58.0850590837495, -0.200462243805492, 0.104111813200307, 
-0.157043879775655, 0.264025581374466, -0.3604901020206, -0.111580820605335, 
0.0319162717595337, 0.267710517023324, -0.283659047948933, 0.325376650336036, 
0.034488987602898, 0.22207437731094, 0.212654441854692, -0.277396806006962, 
0.32961942947404, 0.123436599871669, -0.0328851576957654, -0.00402264316524064, 
0.0793120444971069, 0.152195474841248, 0.307328784808355, -124.060682364769, 
-181.091090729541, -6.52061626055386, 25.4448705389659, 14.0867632042762, 
-0.933658487555686, -42.8099925328911, 0.0162851470899131, 0.581506103015913, 
0.018098665267064, 0.0944822249114127, -0.0305448592495104, -0.247264114548368, 
-0.00411617855498221, 0.0295664830381095, -0.138440105910626, 
-0.0891217797784622, -0.0848819498225866, 0.168996355102312, 
-0.0405248229155531, -0.220793936306864, 0.0253391371328676, 
-0.287175702993491, 0.479099042775853, -0.119445755170946, -0.276825602515305, 
0.129176858746113), .Dim = c(27L, 7L), .Dimnames = list(c("1", 
"3", "4", "5", "6", "7", "8", "9", "10", "11", "12", "13", "15", 
"16", "17", "18", "19", "20", "22", "23", "24", "25", "26", "27", 
"28", "29", "30"), c("x1", "x2", "x3", "x4", "x5", "x6", "x7"
)), assign = 1:7), qraux = c(1.17676528761594, 1.17479618177412, 
1.27700030462931, 1.17524599088651, 1.2741829147202, 1.17780468828369, 
1.23636378511426), pivot = 1:7, tol = 1e-07, rank = 7L), .Names = c("qr", 
"qraux", "pivot", "tol", "rank"), class = "qr"), df.residual = 20L, 
    xlevels = structure(list(), .Names = character(0)), call = quote(lm(formula = y ~ 
        . + 0, data = structure(list(y = c(43, 71, 61, 81, 43, 
        58, 71, 72, 67, 64, 67, 69, 77, 81, 74, 65, 65, 50, 64, 
        53, 40, 63, 66, 78, 48, 85, 82), x1 = c(1.19844856284726, 
        0.863018305139535, 0.303011780933836, 0.0755838409747057, 
        -0.694139784304391, 0.864670933063239, -0.905457467860607, 
        1.34886117741898, -0.0507347498219455, 0.470266241988007, 
        0.737529697191911, 1.09320493181501, -0.230210352528471, 
        0.746340016511991, 1.83044195255281, 4.04716496209513, 
        1.73640794805249, -0.642589778555747, 1.90620694627434, 
        0.111749877267147, 1.56015188717325, 0.674575577025432, 
        1.69607358844098, -1.18032792281696, 1.00181357591223, 
        1.4763833848948, 0.31651233455484), x2 = c(90, 82, 51, 
        85, 57, 51, 37, 83, 75, 54, 85, 75, 82, 58, 54, 62, 77, 
        62, 60, 70, 63, 70, 75, 53, 58, 78, 51), x3 = c(42, 58, 
        64, 51, 50, 66, 65, 72, 45, 33, 71, 39, 72, 39, 42, 72, 
        33, 54, 83, 50, 52, 83, 64, 50, 45, 58, 52), x4 = c(54, 
        48, 71, 45, 59, 45, 62, 57, 62, 54, 72, 72, 39, 47, 55, 
        47, 67, 56, 39, 62, 34, 39, 71, 58, 42, 45, 44),