
expected <- structure(list(coefficients = structure(c(3.5544672474624, 0.600812592006845, 
-0.0160497394213825, 0.502266103654142, 0.120156838460539, -0.359259179863091
), .Names = c("x1", "x2", "x3", "x4", "x5", "x6")), residuals = structure(c(-5.19056134421216, 
2.80342622321232, -1.26537503360128, -0.809032277153153, 5.24353700376832, 
-8.58530410619467, -8.85831738096335, 2.36171465810673, 9.02877533988124, 
4.48597149205686, 9.42640951522139, -3.36976394274546, -5.54341182190535, 
-1.11177730421935, 0.71305623539849, -2.18963757828764, -5.12334094757034, 
10.0311382229361, -1.39286803898122, -10.8067744746181, -3.48711808691708, 
6.41075891540882, 2.33422266675247, 1.37924798142735, -8.01773987917537, 
6.72274941782001, 4.81001454455439), .Names = c("1", "2", "3", 
"4", "5", "6", "7", "8", "10", "11", "13", "14", "16", "17", 
"18", "19", "20", "21", "22", "23", "24", "25", "26", "27", "28", 
"29", "30")), effects = structure(c(-331.591504604575, -52.8406667457116, 
1.16535851229253, 13.6513149923323, -0.711847326907879, 13.6184220207634, 
-8.55248384568706, 3.53199936695687, 9.84909219708478, 5.52070083640114, 
11.0800570690344, -2.70649567561269, -5.84896426281751, -0.28373088576785, 
1.668426761013, -2.6801087031431, -2.72441881960134, 13.6057864538837, 
-1.79646203136745, -10.7712706626924, 0.853178015161398, 7.02132722131258, 
5.51893694928092, 0.529177233637217, -7.54505569431553, 7.19415595294212, 
3.40051952128319), .Names = c("x1", "x2", "x3", "x4", "x5", "x6", 
"", "", "", "", "", "", "", "", "", "", "", "", "", "", "", "", 
"", "", "", "", "")), rank = 6L, fitted.values = structure(c(48.1905613442122, 
60.1965737767877, 72.2653750336013, 61.8090322771532, 75.7564629962317, 
51.5853041061947, 66.8583173809633, 68.6382853418933, 57.9712246601188, 
59.5140285079431, 59.5735904847786, 71.3697639427455, 86.5434118219054, 
75.1117773042193, 64.2869437646015, 67.1896375782876, 55.1233409475703, 
39.9688617770639, 65.3928680389812, 63.8067744746181, 43.4871180869171, 
56.5892410845912, 63.6657773332475, 76.6207520185726, 56.0177398791754, 
78.27725058218, 77.1899854554456), .Names = c("1", "2", "3", 
"4", "5", "6", "7", "8", "10", "11", "13", "14", "16", "17", 
"18", "19", "20", "21", "22", "23", "24", "25", "26", "27", "28", 
"29", "30")), assign = 1:6, qr = structure(list(qr = structure(c(-5.19615242270663, 
0.192450089729875, 0.192450089729875, 0.192450089729875, 0.192450089729875, 
0.192450089729875, 0.192450089729875, 0.192450089729875, 0.192450089729875, 
0.192450089729875, 0.192450089729875, 0.192450089729875, 0.192450089729875, 
0.192450089729875, 0.192450089729875, 0.192450089729875, 0.192450089729875, 
0.192450089729875, 0.192450089729875, 0.192450089729875, 0.192450089729875, 
0.192450089729875, 0.192450089729875, 0.192450089729875, 0.192450089729875, 
0.192450089729875, 0.192450089729875, -342.368709629448, -68.8379740162845, 
0.0946285258367066, -0.00705953369775985, 0.210843451018954, 
-0.123274458880007, 0.0510479288933639, 0.167262854075611, -0.0361132649933217, 
-0.152328190175569, -0.0215863993455408, 0.283477779257859, 0.385165838792325, 
0.312531510553421, -0.0506401306411026, 0.0946285258367066, -0.0796938619366645, 
-0.341177443596721, -0.0361132649933217, 0.0365210632455829, 
-0.384758040540064, -0.137801324527788, 0.196316585371173, 0.167262854075611, 
-0.0942207275844454, 0.312531510553421, 0.268950913610078, -273.471577506153, 
-33.2358545059397, -53.2510494878393, -0.070052322797673, -0.00669154004805236, 
0.0814411228608679, -0.164578018240964, -0.0907237925312555, 
-0.0509579339970586, 0.175651402117566, 0.164842542970884, 0.452604748528973, 
-0.233931708535864, 0.0767098800619636, 0.334168712683665, -0.118103710985803, 
0.409600019326341, -0.0758145229588567, 0.080494874301087, 0.032758902299551, 
0.121837813768252, -0.0404644910369705, 0.190645380492463, 0.0595079883809109, 
-0.0315481290098505, 0.208162688360109, -0.364122852087635, -291.176985761301, 
-32.7887498632246, -12.0111858195518, 45.9738214702459, -0.126776264009074, 
0.146469422888452, -0.0900171792328606, 0.0462799188113019, 0.0896046789845458, 
-0.14017645812747, 0.29795177230988, 0.572139119503493, -0.225001870218563, 
-0.0840514605148644, -0.370965020032825, -0.0610621517971232, 
0.0959399796426184, 0.141459594833629, -0.182404373202978, 0.111445026063237, 
-0.3305079318491, -0.00136645725563106, 0.00943141373069283, 
-0.304983229318835, 0.099090725323558, -0.0732908932916216, -0.0800336620639995, 
-386.632230267319, -8.06563862688463, -1.53998245972937, -0.682271547394574, 
-51.9097962972151, -0.56765214477647, -0.144956015140065, -0.221932757149865, 
0.0506858156054676, -0.192638689285758, -0.338874145401551, -0.172296286266172, 
-0.409939758258843, 0.0113639472289885, 0.0591970850844606, 0.168438209215528, 
-0.053607399380793, -0.238837665587724, 0.069273038029328, 0.0299577857958985, 
-0.333756018000887, -0.0270469133507859, -0.0678440224564488, 
0.036125350086197, 0.108527509113013, -0.105887063613945, 0.059867564924711, 
-225.166604983954, -15.0934134080444, -18.1722398077161, 26.0474835996643, 
-15.3801767387036, -37.9069562702703, -0.215355691192601, -0.0154326632342697, 
0.0286287984999523, -0.315101795248821, -0.222540963449397, -0.0536118993371383, 
-0.359027270051214, 0.257688310844741, 0.00326882942103186, -0.0258001750099523, 
0.177123783437016, 0.0938855842620494, -0.249371940246951, -0.124656286030453, 
0.10127817253434, -0.189733334518622, 0.598670316472006, -0.217045213494934, 
-0.0383436803207302, 0.0304845203247531, -0.176885707993397), .Dim = c(27L, 
6L), .Dimnames = list(c("1", "2", "3", "4", "5", "6", "7", "8", 
"10", "11", "13", "14", "16", "17", "18", "19", "20", "21", "22", 
"23", "24", "25", "26", "27", "28", "29", "30"), c("x1", "x2", 
"x3", "x4", "x5", "x6")), assign = 1:6), qraux = c(1.19245008972988, 
1.00746733195002, 1.29503368652266, 1.1027371946009, 1.11414234415422, 
1.03904285823781), pivot = 1:6, tol = 1e-07, rank = 6L), .Names = c("qr", 
"qraux", "pivot", "tol", "rank"), class = "qr"), df.residual = 21L, 
    xlevels = structure(list(), .Names = character(0)), call = quote(lm(formula = y ~ 
        . + 0, data = structure(list(y = c(43, 63, 71, 61, 81, 
        43, 58, 71, 67, 64, 69, 68, 81, 74, 65, 65, 50, 50, 64, 
        53, 40, 63, 66, 78, 48, 85, 82), x1 = c(1, 1, 1, 1, 1, 
        1, 1, 1, 1, 1, 1, 1, 1, 1, 1, 1, 1, 1, 1, 1, 1, 1, 1, 
        1, 1, 1, 1), x2 = c(51, 64, 70, 63, 78, 55, 67, 75, 61, 
        53, 62, 83, 90, 85, 60, 70, 58, 40, 61, 66, 37, 54, 77, 
        75, 57, 85, 82), x3 = c(30, 51, 68, 45, 56, 49, 42, 50, 
        45, 53, 57, 83, 50, 64, 65, 46, 68, 33, 52, 52, 42, 42, 
        66, 58, 44, 71, 39), x4 = c(39, 54, 69, 47, 66, 44, 56, 
        55, 47, 58, 42, 45, 72, 69, 75, 57, 54, 34, 62, 50, 58, 
        48, 63, 74, 45, 71, 59), x5 = c(92, 73, 86, 84, 83, 49, 
        68, 66, 80, 67, 63, 77, 54, 79, 80, 85, 78, 64, 80, 80, 
        57, 75, 76, 78, 83, 74, 78), x6 = c(45, 47, 48, 35, 47, 
        34, 35, 41, 41, 34, 25, 35, 36, 63, 60, 46, 52, 33, 41, 
        37, 49, 33, 72, 49, 38, 55, 39)), .Names = c("y", "x1", 
        "x2", "x3", "x4", "x5", "x6"), row.names = c("1", "2", 
        "3", "4", "5", "6", "7", "8", "10", "11", "13", "14", 
        "16", "17", "18", "19", "20", "21", "22", "23", "24", 
        "25", "26", "27", "28", "29", "30"), class = "data.frame"))), 
    terms = y ~ x1 + x2 + x3 + x4 + x5 + x6 + 0, model = structure(list(
        y = c(43, 63, 71, 61, 81, 43, 58, 71, 67, 64, 69, 68, 
        81, 74, 65, 65, 50, 50, 64, 53, 40, 63, 66, 78, 48, 85, 
        82), x1 = c(1, 1, 1, 1, 1, 1, 1, 1, 1, 1, 1, 1, 1, 1, 
        1, 1, 1, 1, 1, 1, 1, 1, 1, 1, 1, 1, 1), x2 = c(51, 64, 
        70, 63, 78, 55, 67, 75, 61, 53, 62, 83, 90, 85, 60, 70, 
        58, 40, 61, 66, 37, 54, 77, 75, 57, 85, 82), x3 = c(30, 
        51, 68, 45, 56, 49, 42, 50, 45, 53, 57, 83, 50, 64, 65, 
        46, 68, 33, 52, 52, 42, 42, 66, 58, 44, 71, 39),