
expected <- structure(list(coefficients = structure(c(-1.4621520977914, 0.657776191901509, 
-0.0953345703405381, 0.352708869675804, 0.133588253644879, 0.0722655839275672, 
-0.146127901314272), .Names = c("x1", "x2", "x3", "x4", "x5", 
"x6", "x7")), residuals = structure(c(-8.46878063814713, 0.288117667240817, 
2.68354380328223, -0.636901684985748, 8.34123265899369, -11.288707020617, 
-9.5072584233687, -8.06215712227963, 6.90936266689903, 5.83742022661515, 
9.81077817764953, 10.0496141732033, -2.35919978416554, 1.51008130431676, 
-2.82075329363904, -3.46971879313406, -0.293529228564424, -5.03857860124402, 
8.75414833459515, -2.04981092230305, -9.21740245619118, -3.6348545593988, 
5.26585861676655, 5.33714314023925, -6.96645303295669, 6.55092191537688, 
2.47588287581666), .Names = c("1", "2", "3", "4", "5", "6", "7", 
"9", "10", "11", "12", "13", "14", "15", "16", "17", "18", "20", 
"21", "22", "23", "24", "25", "27", "28", "29", "30")), effects = structure(c(-334.285805860793, 
-54.1626149974308, 2.33757936933778, 11.6749073260769, 7.16947997177046, 
1.74277179212094, -5.02204977667511, -4.35681615912845, 8.47002108427323, 
10.9201704313416, 11.8928309744188, 14.3423160119396, -2.2407532988545, 
2.90864710057941, 1.22168639003953, -4.77503695510568, 1.78387907597215, 
-6.10327696176723, 10.8857610774844, 2.24663514708705, -8.91772112430225, 
-0.990586880522829, 9.54755170756711, 5.12769260705765, -7.45612364498349, 
6.97741252882797, 5.99006714186088), .Names = c("x1", "x2", "x3", 
"x4", "x5", "x6", "x7", "", "", "", "", "", "", "", "", "", "", 
"", "", "", "", "", "", "", "", "", "")), rank = 7L, fitted.values = structure(c(51.4687806381471, 
62.7118823327592, 68.3164561967178, 61.6369016849858, 72.6587673410063, 
54.288707020617, 67.5072584233687, 80.0621571222796, 60.090637333101, 
58.1625797733848, 57.1892218223505, 58.9503858267967, 70.3591997841655, 
75.4899186956832, 83.820753293639, 77.4697187931341, 65.2935292285644, 
55.038578601244, 41.2458516654049, 66.0498109223031, 62.2174024561912, 
43.6348545593988, 57.7341413832334, 72.6628568597608, 54.9664530329567, 
78.4490780846231, 79.5241171241833), .Names = c("1", "2", "3", 
"4", "5", "6", "7", "9", "10", "11", "12", "13", "14", "15", 
"16", "17", "18", "20", "21", "22", "23", "24", "25", "27", "28", 
"29", "30")), assign = 1:7, qr = structure(list(qr = structure(c(-5.19615242270663, 
0.192450089729875, 0.192450089729875, 0.192450089729875, 0.192450089729875, 
0.192450089729875, 0.192450089729875, 0.192450089729875, 0.192450089729875, 
0.192450089729875, 0.192450089729875, 0.192450089729875, 0.192450089729875, 
0.192450089729875, 0.192450089729875, 0.192450089729875, 0.192450089729875, 
0.192450089729875, 0.192450089729875, 0.192450089729875, 0.192450089729875, 
0.192450089729875, 0.192450089729875, 0.192450089729875, 0.192450089729875, 
0.192450089729875, 0.192450089729875, -341.791359360259, -70.2329457353646, 
0.0940757185871527, -0.00559260554061164, 0.207982374733169, 
-0.119499261686628, 0.0513607225323965, 0.264935702806177, -0.0340692695771157, 
-0.147975925723132, -0.0483076015953678, -0.0198309375588637, 
0.279174034824429, 0.193744042714917, 0.378842358952194, 0.307650698860933, 
-0.0483076015953678, -0.0767842656318719, -0.333074241960409, 
-0.0340692695771157, 0.0371223905141445, -0.375789238015165, 
-0.13373759370488, 0.165267378678413, -0.0910225976501239, 0.307650698860933, 
0.264935702806177, -275.588528493181, -36.3393873843611, -52.8621971496863, 
-0.0777165698770799, -0.0219221343711548, 0.0791752168329003, 
-0.175079573263807, 0.240139952845125, -0.057410733231322, 0.175149493605607, 
-0.00942359484496873, 0.159441668826645, 0.438075244871355, -0.0496034361117502, 
-0.257259814436125, 0.0583443176225902, 0.331084385726301, 0.40814155246727, 
-0.0712047688317108, 0.0750090369908383, 0.0242444453764436, 
0.129507976422561, -0.0430916350663811, 0.0463708406609564, -0.0357161699715435, 
0.190764087844751, -0.384124678202203, -291.754336030491, -37.5876144912945, 
-11.4059006342731, 49.0355388976436, -0.104841902340487, 0.128440571929882, 
-0.0788666194452232, 0.0162392709473075, 0.0824488170952767, 
-0.143365288721313, 0.252446471064487, 0.276076731016642, 0.549517961724093, 
-0.248497668427881, -0.18275230798564, -0.0591726046853306, -0.355056995026528, 
0.0798686223314672, 0.111453037419439, -0.174195903115328, 0.10663670604758, 
-0.336326214380228, -0.00961120964501627, -0.27558306164323, 
0.0873092962742401, -0.0507034851737676, -0.0528199671590905, 
-330.436804066196, 10.4999788450154, -0.793955008437759, -14.0256842439751, 
52.1624268962405, -0.218900336013098, -0.11276776264662, -0.180601959186225, 
-0.0937092623850646, -0.199817314456538, -0.236405376940886, 
-0.0914856473680592, -0.0224369881310524, 0.124789017440826, 
0.224871061460371, -0.0128269183535613, -0.358265975467913, 0.0519985918057113, 
0.162396242429414, -0.367178251901344, 0.199245530471643, 0.0853066067520056, 
-0.2262415465527, 0.3134794235564, 0.270848900348708, -0.0546273566985131, 
-0.176272089587005, -387.979380895428, -10.5506040255248, -3.0821807510087, 
-1.39477922235196, -5.46169743923462, 50.0340820693039, 0.135080242826324, 
-0.0634144187468069, -0.0664749474215378, 0.167273227040495, 
0.0641770381705357, 0.343049568270872, 0.201050790694564, 0.00473999651862838, 
0.477235830815538, 0.00509285151231595, -0.112064157228714, 0.0708769167349133, 
0.259868607432649, -0.127275146804952, 0.00618202992698725, 0.346485715318582, 
-0.0115063377413935, 0.0233248596453668, -0.0712635489876888, 
0.122494405654406, -0.0808464495809774, -217.276151305029, -8.12850554553101, 
-11.28973643718, 24.9500673066765, -4.07783322791623, 12.8173356905264, 
34.3674940343827, 0.506034773224169, -0.0491277277962696, 0.303205389482406, 
-0.228671530599715, 0.212909756031195, -0.0463894613141318, 0.160645096559002, 
0.253565243590539, -0.420498942372685, -0.111101769972426, -0.248400791766517, 
-0.0373675013403327, 0.209741999331866, 0.101534686234337, -0.108031717525612, 
0.201803139859868, 0.127491129443466, 0.0487269431825803, -0.186589455023424, 
0.113528346669802), .Dim = c(27L, 7L), .Dimnames = list(c("1", 
"2", "3", "4", "5", "6", "7", "9", "10", "11", "12", "13", "14", 
"15", "16", "17", "18", "20", "21", "22", "23", "24", "25", "27", 
"28", "29", "30"), c("x1", "x2", "x3", "x4", "x5", "x6", "x7"
)), assign = 1:7), qraux = c(1.19245008972988, 1.00864572647764, 
1.28630653259272, 1.0968936737861, 1.36177309765921, 1.55372197281052, 
1.18551321439188), pivot = 1:7, tol = 1e-07, rank = 7L), .Names = c("qr", 
"qraux", "pivot", "tol", "rank"), class = "qr"), df.residual = 20L, 
    xlevels = structure(list(), .Names = character(0)), call = quote(lm(formula = y ~ 
        . + 0, data = structure(list(y = c(43, 63, 71, 61, 81, 
        43, 58, 72, 67, 64, 67, 69, 68, 77, 81, 74, 65, 50, 50, 
        64, 53, 40, 63, 78, 48, 85, 82), x1 = c(1, 1, 1, 1, 1, 
        1, 1, 1, 1, 1, 1, 1, 1, 1, 1, 1, 1, 1, 1, 1, 1, 1, 1, 
        1, 1, 1, 1), x2 = c(51, 64, 70, 63, 78, 55, 67, 82, 61, 
        53, 60, 62, 83, 77, 90, 85, 60, 58, 40, 61, 66, 37, 54, 
        75, 57, 85, 82), x3 = c(30, 51, 68, 45, 56, 49, 42, 72, 
        45, 53, 47, 57, 83, 54, 50, 64, 65, 68, 33, 52, 52, 42, 
        42, 58, 44, 71, 39), x4 = c(39, 54, 69, 47, 66, 44, 56, 
        67, 47, 58, 39, 42, 45, 72, 72, 69, 75, 54, 34, 62, 50, 
        58, 48, 74, 45, 71, 59), x5 = c(63, 71, 50, 63, 43, 76, 
        70, 70, 70, 71, 79, 70, 66, 54, 51, 62, 75, 58, 58, 80, 
        54, 55, 76, 43, 51, 63, 75), x6 = c(92, 73, 86, 84, 83, 
        49, 68, 83, 80, 67, 74, 63, 77, 77, 54, 79, 80, 78, 64, 
        80, 80, 57, 75, 78, 83, 74, 78), x7 = c(45, 47, 48, 35, 
        47, 34, 35, 31, 41, 34, 41, 25, 35, 46, 36, 63, 60, 52, 
        33, 41, 37, 49, 33, 49, 38, 55, 39)), .Names = c("y", 
        "x1", "x2", "x3", "x4", "x5", "x6", "x7"),