
expected <- structure(list(coefficients = structure(c(7.18524933538561, 0.624954712965758, 
0.06730468890856, 0.254105873183472, 0.113392627454254, 0.0212268935780733, 
-0.242054745764011), .Names = c("x1", "x2", "x3", "x4", "x5", 
"x6", "x7")), residuals = structure(c(-8.38753914327131, 1.95240923883007, 
0.210046946541602, 0.844228132818522, 5.0825268453448, -12.1717191036991, 
1.33205511148298, -9.13087534484613, 7.3108341209326, 10.4361750631973, 
7.84388062484409, -6.18034179615988, 0.305191626725638, -3.12595580318288, 
-1.85008123298956, 4.2809176353657, -3.22478192356955, -6.44172522771706, 
7.02669294173232, -1.90616046498473, -2.89239305814586, 4.20527158575086, 
-2.64260605590911, 2.77304340036704, -8.08905191904976, 6.8362747106046, 
5.60368308898677), .Names = c("1", "2", "3", "4", "5", "6", "8", 
"9", "10", "12", "13", "14", "15", "16", "17", "18", "19", "20", 
"21", "22", "24", "25", "26", "27", "28", "29", "30")), effects = structure(c(-339.4819582835, 
54.8283956586102, 6.85532782249092, 7.5548494285496, -1.00845271912882, 
-0.733399045073636, -8.67625365836687, -10.7221717114108, 8.43047765796803, 
13.5035482708033, 9.14747254372984, -3.88601927280674, 2.3433329081805, 
-1.24043575134761, 2.1531871196168, 1.40512873212625, -1.18257889708375, 
-5.21257447522326, 7.80147528387297, -0.913300824684473, -2.92103249058493, 
6.21889468614109, 5.87010259969284, 4.58903991059405, -10.0105485983216, 
10.1829455464275, 6.26477510239884), .Names = c("x1", "x2", "x3", 
"x4", "x5", "x6", "x7", "", "", "", "", "", "", "", "", "", "", 
"", "", "", "", "", "", "", "", "", "")), rank = 7L, fitted.values = structure(c(51.3875391432713, 
61.0475907611699, 70.7899530534584, 60.1557718671815, 75.9174731546552, 
55.1717191036991, 69.667944888517, 81.1308753448461, 59.6891658790674, 
56.5638249368027, 61.1561193751559, 74.1803417961599, 76.6948083732744, 
84.1259558031829, 75.8500812329896, 60.7190823646343, 68.2247819235696, 
56.4417252277171, 42.9733070582677, 65.9061604649847, 42.8923930581459, 
58.7947284142491, 68.6426060559091, 75.226956599633, 56.0890519190498, 
78.1637252893954, 76.3963169110132), .Names = c("1", "2", "3", 
"4", "5", "6", "8", "9", "10", "12", "13", "14", "15", "16", 
"17", "18", "19", "20", "21", "22", "24", "25", "26", "27", "28", 
"29", "30")), assign = 1:7, qr = structure(list(qr = structure(c(-5.19615242270663, 
0.192450089729875, 0.192450089729875, 0.192450089729875, 0.192450089729875, 
0.192450089729875, 0.192450089729875, 0.192450089729875, 0.192450089729875, 
0.192450089729875, 0.192450089729875, 0.192450089729875, 0.192450089729875, 
0.192450089729875, 0.192450089729875, 0.192450089729875, 0.192450089729875, 
0.192450089729875, 0.192450089729875, 0.192450089729875, 0.192450089729875, 
0.192450089729875, 0.192450089729875, 0.192450089729875, 0.192450089729875, 
0.192450089729875, 0.192450089729875, -348.719562590534, 70.3467601717852, 
-0.0780287364412797, 0.0214783337195374, -0.191751102339356, 
0.135200699617614, -0.149105215127578, -0.248612285288395, 0.0499089251940565, 
0.0641242209313161, 0.035693629456797, -0.262827581025654, -0.177535806602097, 
-0.362334651186471, -0.291258172500173, 0.0641242209313161, -0.0780287364412797, 
0.0925548124058353, 0.348430135676508, 0.0499089251940565, 0.391076022888286, 
0.149415995354874, -0.177535806602097, -0.149105215127578, 0.106770108143095, 
-0.291258172500173, -0.248612285288395, -268.660325262906, -10.5919748015625, 
55.6366758481552, 0.377102534677777, -0.300500960350333, 0.0327216054112159, 
0.381421901195847, 0.0783876907703295, -0.00106622202320719, 
-0.0014261692330463, 0.161057523307192, -0.0470686494469335, 
0.0046929333342185, 0.135188534489229, 0.277178841213864, 0.0165475861136826, 
0.00217330286534476, 0.177591489814564, -0.0805201348167439, 
-0.522305127078344, 0.205980109101401, -0.255218427346285, 0.130509220761321, 
0.039920549607998, 0.0334414998308941, 0.223257575173678, 0.0424401800768718, 
-293.87128701752, 38.6703428372584, 1.54645726102134, 49.5265557196883, 
-0.163202141800927, 0.0990992475973719, 0.168755231483251, -0.0603601877426057, 
0.0970972216499798, 0.247611288836743, 0.242913481936977, 0.368537588814743, 
-0.231435484198698, -0.061911002684346, -0.0263302843078089, 
-0.47551093842348, -0.00567572393718917, -0.0396819809753793, 
0.113216314693276, -0.314826332645982, -0.344249829563635, -0.0528496223925685, 
-0.0233909939967711, -0.286327649651103, 0.100938933972321, -0.0779942880159663, 
0.0936482315843414, -337.172557206741, 36.836569687152, 5.57695304910485, 
16.8103627696405, 37.6037644204863, 0.0792548225757454, -0.0739945619170658, 
0.114048878257372, -0.0492605962027259, -0.0754327002913669, 
0.0757587618114226, 0.176060230964525, -0.0721077470211668, 0.526573972878491, 
-0.0601674373431295, 0.472609313416527, -0.203458553432549, -0.0473856588640753, 
0.139398660158966, 0.0522526397292729, 0.212391471229111, -0.18534416853787, 
-0.427742563025349, -0.0909851688238043, 0.18656982448298, 0.0200339472080052, 
0.203493389539845, -390.288781972187, 8.70923785502774, 16.5562895832264, 
1.41218230039018, 17.3238490817228, 45.2834971267869, 0.279909321846868, 
-0.103119407176918, -0.0309075076721645, 0.129605648003387, 0.297528322098685, 
0.105223501784498, 0.0580086194009051, 0.422811713269646, 0.0209499738028284, 
-0.300868540727299, -0.0689627444138022, -0.0572660041992807, 
0.189770921894123, -0.024132290043417, 0.178552959723168, 0.122658655780775, 
0.205061575085971, 0.0180877375409764, -0.198466530731081, 0.107573292892457, 
0.00894146166670315, -227.476006060713, 10.7846710326676, -7.16338292827459, 
28.7797980688027, 23.3012323388103, 7.00100720635773, 35.8441790966812, 
0.444980468028626, 0.0150561997205515, -0.14838436745903, 0.22772139271557, 
-0.192493147538179, 0.239934526987785, -0.012573310082563, -0.330467636345867, 
-0.233324733823237, 0.106768293241415, -0.114205837810882, -0.0249045938920113, 
0.199548863179119, -0.000884142015681314, 0.344080442674162, 
-0.457277724071661, 0.232695207094384, -0.0216997559124209, -0.139738749720168, 
-0.0147350834457747), .Dim = c(27L, 7L), .Dimnames = list(c("1", 
"2", "3", "4", "5", "6", "8", "9", "10", "12", "13", "14", "15", 
"16", "17", "18", "19", "20", "21", "22", "24", "25", "26", "27", 
"28", "29", "30"), c("x1", "x2", "x3", "x4", "x5", "x6", "x7"
)), assign = 1:7), qraux = c(1.19245008972988, 1.00726303798228, 
1.0381208135588, 1.19809948933335, 1.08829922137715, 1.57930853181573, 
1.05217005511369), pivot = 1:7, tol = 1e-07, rank = 7L), .Names = c("qr", 
"qraux", "pivot", "tol", "rank"), class = "qr"), df.residual = 20L, 
    xlevels = structure(list(), .Names = character(0)), call = quote(lm(formula = y ~ 
        . + 0, data = structure(list(y = c(43, 63, 71, 61, 81, 
        43, 71, 72, 67, 67, 69, 68, 77, 81, 74, 65, 65, 50, 50, 
        64, 40, 63, 66, 78, 48, 85, 82), x1 = c(1, 1, 1, 1, 1, 
        1, 1, 1, 1, 1, 1, 1, 1, 1, 1, 1, 1, 1, 1, 1, 1, 1, 1, 
        1, 1, 1, 1), x2 = c(51, 64, 70, 63, 78, 55, 75, 82, 61, 
        60, 62, 83, 77, 90, 85, 60, 70, 58, 40, 61, 37, 54, 77, 
        75, 57, 85, 82), x3 = c(66, 42, 52, 33, 71, 52, 33, 50, 
        54, 54, 45, 57, 54, 47, 39, 53, 54, 44, 58, 83, 42, 68, 
        47, 52, 52, 42, 52), x4 = c(39, 54, 69, 47, 66, 44, 55, 
        67, 47, 39, 42, 45, 72, 72, 69, 75, 57, 54, 34, 62, 58, 
        48, 63, 74, 45, 71, 59), x5 = c(61, 63, 76, 54, 71, 54, 
        70, 71, 62, 59, 55, 59, 79, 60, 79, 55, 75, 64, 43, 66, 
        50, 66, 88, 80, 51, 77, 64), x6 = c(92, 73, 86, 84, 83, 
        49, 66, 83, 80, 74, 63, 77, 77, 54, 79, 80, 85, 78, 64, 
        80, 57, 75, 76, 78, 83, 74, 78), x7 = c(45, 47, 48, 35, 
        47, 34, 41, 31, 41, 41, 25, 35, 46, 36, 63, 60, 46, 52, 
        33, 41, 49, 33, 72, 49, 38, 55, 39)), .Names = c("y", 
        "x1", "x2", "x3", "x4", "x5", "x6", "x7"),