
expected <- structure(list(coefficients = structure(c(16.1650118561208, 0.583899720376594, 
-0.0851069766033451, 0.369218077401853, 0.00662501072197088, 
0.000492766190576871, -0.16208626246796), .Names = c("x1", "x2", 
"x3", "x4", "x5", "x6", "x7")), residuals = structure(c(-7.97889670202399, 
0.867167127396267, -0.206878693921055, 6.68256133441268, -12.3715634632485, 
-9.1857520607466, 1.24612730232183, -6.06179888739224, 7.90890934351431, 
5.03824113752536, 11.5137240619044, 9.60738055513957, -1.01492264393961, 
0.834434154120466, -4.67309406587511, -2.16330874541093, 0.98948150137293, 
-2.1916695309571, -6.28852332731476, 5.72017401421002, -10.1377146506128, 
5.94494189570837, -1.47408362522575, 3.12311642130648, -8.62302473636442, 
7.54552790310134, 5.34944438099891), .Names = c("1", "2", "4", 
"5", "6", "7", "8", "9", "10", "11", "12", "13", "14", "15", 
"16", "17", "18", "19", "20", "21", "23", "25", "26", "27", "28", 
"29", "30")), effects = structure(c(-339.4819582835, 47.9679701362602, 
-3.77147328366682, -12.3774262568539, -0.307043633223993, -2.56327856357999, 
6.86244523047002, -3.06497444529414, 8.40484303029058, 5.43051952954893, 
15.7717355939518, 15.1514089602035, 8.11340204255133, 1.66849679830408, 
0.976692529227592, -0.00116455767080548, -4.89024765448873, -1.96130661903794, 
-5.09705418672112, 5.49787073403599, -9.06470538057783, 8.49184881831273, 
-3.09425638498633, 2.55124816683747, -7.99781095135, 8.5492209637254, 
8.0685665047223), .Names = c("x1", "x2", "x3", "x4", "x5", "x6", 
"x7", "", "", "", "", "", "", "", "", "", "", "", "", "", "", 
"", "", "", "", "", "")), rank = 7L, fitted.values = structure(c(50.978896702024, 
62.1328328726037, 61.2068786939211, 74.3174386655873, 55.3715634632485, 
67.1857520607466, 69.7538726976782, 78.0617988873922, 59.0910906564857, 
58.9617588624746, 55.4862759380956, 59.3926194448604, 69.0149226439396, 
76.1655658458795, 85.6730940658751, 76.1633087454109, 64.0105184986271, 
67.1916695309571, 56.2885233273148, 44.27982598579, 63.1377146506128, 
57.0550581042916, 67.4740836252257, 74.8768835786935, 56.6230247363644, 
77.4544720968987, 76.6505556190011), .Names = c("1", "2", "4", 
"5", "6", "7", "8", "9", "10", "11", "12", "13", "14", "15", 
"16", "17", "18", "19", "20", "21", "23", "25", "26", "27", "28", 
"29", "30")), assign = 1:7, qr = structure(list(qr = structure(c(-5.19615242270663, 
0.192450089729875, 0.192450089729875, 0.192450089729875, 0.192450089729875, 
0.192450089729875, 0.192450089729875, 0.192450089729875, 0.192450089729875, 
0.192450089729875, 0.192450089729875, 0.192450089729875, 0.192450089729875, 
0.192450089729875, 0.192450089729875, 0.192450089729875, 0.192450089729875, 
0.192450089729875, 0.192450089729875, 0.192450089729875, 0.192450089729875, 
0.192450089729875, 0.192450089729875, 0.192450089729875, 0.192450089729875, 
0.192450089729875, 0.192450089729875, -352.183664205672, 64.6889995800419, 
0.0319993232125807, -0.199879359366827, 0.155667953921598, -0.0298349921419281, 
-0.153503622850946, -0.261713674721336, 0.0629164808898351, 0.186585111598853, 
0.0783750597284623, 0.0474579020512079, -0.277172253559963, -0.1844207805282, 
-0.385382305430354, -0.308089411237218, 0.0783750597284623, -0.0762107286578097, 
0.109292217405717, 0.387546636501006, -0.0143764133033009, 0.171126532760225, 
-0.1844207805282, -0.153503622850946, 0.124750796244344, -0.308089411237218, 
-0.261713674721336, -275.588528493181, 34.8470719420076, 52.7318171508579, 
-0.00302588873069625, -0.0902646576236263, 0.157257799394405, 
0.0820635886736593, -0.268189587627373, 0.0429785122827351, -0.185249401711592, 
-0.00451385976124781, -0.17502347479897, -0.467227691914387, 
0.0253372704040889, 0.225532685492643, -0.0877847059060403, -0.345863750065704, 
0.110096087579433, -0.421884611358978, 0.069688370272463, -0.0419456350071147, 
0.0329179154846191, -0.202229323132215, -0.0696474736838769, 
0.0236839692590316, -0.220531885468885, 0.357618544597464, -289.060034774273, 
42.7395352490623, 7.58598380241519, -43.6128567367463, -0.082562417843346, 
0.083462585487816, -0.0755820515145921, 0.00542536610869037, 
-0.065835650466478, 0.242456890713533, -0.247261274047552, -0.252524263626296, 
-0.566053919392197, 0.270177073640488, 0.134034117241475, 0.0552691144573855, 
0.488135826620449, 0.0503456045159889, 0.0156421294048419, -0.0516331758695666, 
-0.0921261415763596, 0.0561839639606067, 0.00378419612822483, 
0.320048159909756, -0.0586438059743317, 0.0661086535406638, -0.0129195773925251, 
-340.444208732149, 3.40260496436894, -1.86015471876299, 2.54808958588444, 
-54.1960338408796, 0.0105638687313795, -0.118126264861806, -0.0770599881161127, 
-0.110664892922653, -0.21877143063852, 0.242558209855929, -0.0675922581557385, 
0.34115884400783, 0.061643294316162, 0.1244623883961, 0.280801973360386, 
-0.543553057764715, 0.0318768804064343, 0.0612830677235354, -0.389921604642259, 
-0.179742568972948, 0.171640260037712, -0.239991669545998, -0.0762056592925048, 
-0.0456781452385898, -0.150901820747318, 0.123860497041912, -388.749181254348, 
2.79628514992061, 1.15192001105823, -2.77206729659743, 0.28998129148016, 
48.509375356484, 0.317570270282528, -0.06347497530525, -0.00995245888971374, 
0.305427166855472, -0.0850495861032532, 0.275620257183624, -0.229987715988298, 
0.0468467457084702, 0.525366418250357, -0.119498059408272, 0.222393141832731, 
-0.138556836415342, -0.0971326202112546, 0.409253370893594, 0.0222655266418082, 
-0.0436918265986208, 0.153887186602296, 0.0835538760989571, -0.11324708496941, 
0.176945325648773, 0.00805943739041034, -221.317603189357, 16.3019301952679, 
12.7879695700635, -22.8872802742183, -0.319970232480631, 15.9617619919706, 
-42.3382285826137, -0.520841352948092, 0.00528538930464717, -0.262883099809708, 
0.0973612145552715, -0.245900297428101, -0.240897944009579, -0.0809602669021075, 
0.00845970214509496, 0.301650808628225, 0.0384975559672316, 0.0160149642640481, 
0.0100281595145265, 0.0619975761465947, -0.131200895376272, -0.197136882092613, 
0.574769674358508, -0.0727761285967417, -0.0974709156560767, 
0.11971263847276, 0.0206184682535827), .Dim = c(27L, 7L), .Dimnames = list(
    c("1", "2", "4", "5", "6", "7", "8", "9", "10", "11", "12", 
    "13", "14", "15", "16", "17", "18", "19", "20", "21", "23", 
    "25", "26", "27", "28", "29", "30"), c("x1", "x2", "x3", 
    "x4", "x5", "x6", "x7")), assign = 1:7), qraux = c(1.19245008972988, 
1.01654074437395, 1.06210772519193, 1.1105858676205, 1.15596384906038, 
1.22429920968705, 1.11098969579938), pivot = 1:7, tol = 1e-07, 
    rank = 7L), .Names = c("qr", "qraux", "pivot", "tol", "rank"
), class = "qr"), df.residual = 20L, xlevels = structure(list(), .Names = character(0)), 
    call = quote(lm(formula = y ~ . + 0, data = structure(list(y = c(43, 
        63, 61, 81, 43, 58, 71, 72, 67, 64, 67, 69, 68, 77, 81, 
        74, 65, 65, 50, 50, 53, 63, 66, 78, 48, 85, 82), x1 = c(1, 
        1, 1, 1, 1, 1, 1, 1, 1, 1, 1, 1, 1, 1, 1, 1, 1, 1, 1, 
        1, 1, 1, 1, 1, 1, 1, 1), x2 = c(51, 64, 63, 78, 55, 67, 
        75, 82, 61, 53, 60, 62, 83, 77, 90, 85, 60, 70, 58, 40, 
        66, 54, 77, 75, 57, 85, 82), x3 = c(30, 51, 45, 56, 49, 
        42, 50, 72, 45, 53, 47, 57, 83, 54, 50, 64, 65, 46, 68, 
        33, 52, 42, 66, 58, 44, 71, 39), x4 = c(39, 54, 47, 66, 
        44, 56, 55, 67, 47, 58, 39, 42, 45, 72, 72, 69, 75, 57, 
        54, 34, 50, 48, 63, 74, 45, 71, 59), x5 = c(66, 88, 55, 
        88, 76, 66, 54, 59, 59, 64, 75, 59, 71, 71, 66, 77, 51, 
        66, 75, 50, 54, 79, 51, 66, 64, 55, 64), x6 = c(92, 73, 
        84, 83, 49, 68, 66, 83, 80, 67, 74, 63, 77, 77, 54, 79, 
        80, 85, 78, 64, 80, 75, 76, 78, 83, 74, 78), x7 = c(45, 
        47, 35, 47, 34, 35, 41, 31, 41, 34, 41, 25, 35, 46, 36, 
        63, 60, 46, 52, 33, 37, 33, 72, 49, 38, 55, 39)), .Names = c("y", 
        "x1", "x2", "x3", "x4", "x5", "x6", "x7"),