
expected <- structure(list(coefficients = structure(c(2.06324854527645, 0.699453145939282, 
-0.195891303896618, 0.343482095780921, 0.211600753555614, 0.0625755343695066, 
-0.256848751153776), .Names = c("x1", "x2", "x3", "x4", "x5", 
"x6", "x7")), residuals = structure(c(-9.59404169420452, 4.78466407187096, 
4.04723127112507, 0.099386276223306, 4.01702383109305, -9.34591633895749, 
3.94602253974445, -7.81778810318167, 7.89921884638049, 8.1100893275654, 
10.7245638057062, -2.68902407574444, -3.58711568923863, -3.04644709825885, 
-3.02981287759973, 3.32138466196289, -5.06035734482145, -7.00946397315805, 
7.27799923773922, -2.81574568730294, 1.09231423911072, 2.27125639610818, 
-1.66865808600398, 2.83495438031259, -6.90275104077405, 2.73013334981216, 
2.35821473795936), .Names = c("1", "2", "3", "4", "5", "6", "8", 
"9", "10", "12", "13", "14", "15", "16", "17", "18", "19", "20", 
"21", "22", "24", "25", "26", "27", "28", "29", "30")), effects = structure(c(-218.354161119555, 
-265.476587029367, 5.35296156179674, 15.0922690472879, 4.82551251478009, 
2.50050080198189, -9.58758134543584, -9.99341446677217, 7.92045438819825, 
13.2152419866368, 11.5892044622886, -0.664688419308128, -1.42013953325069, 
-5.30439308691082, -1.72586656800572, 3.18843132001232, -4.30039783621093, 
-2.94909521664625, 9.81847360809359, -1.07232788831254, -0.72216013626782, 
5.76825259072315, 2.07556781303053, 1.85448745030034, -8.79410233733156, 
7.50277296144273, 1.59539377627164), .Names = c("x1", "x2", "x3", 
"x4", "x5", "x6", "x7", "", "", "", "", "", "", "", "", "", "", 
"", "", "", "", "", "", "", "", "", "")), rank = 7L, fitted.values = structure(c(52.5940416942045, 
58.215335928129, 66.9527687288749, 60.9006137237767, 76.9829761689069, 
52.3459163389575, 67.0539774602556, 79.8177881031817, 59.1007811536195, 
58.8899106724346, 58.2754361942938, 70.6890240757444, 80.5871156892386, 
84.0464470982589, 77.0298128775997, 61.6786153380371, 70.0603573448215, 
57.009463973158, 42.7220007622608, 66.8157456873029, 38.9076857608893, 
60.7287436038918, 67.668658086004, 75.1650456196874, 54.902751040774, 
82.2698666501878, 79.6417852620406), .Names = c("1", "2", "3", 
"4", "5", "6", "8", "9", "10", "12", "13", "14", "15", "16", 
"17", "18", "19", "20", "21", "22", "24", "25", "26", "27", "28", 
"29", "30")), assign = 1:7, qr = structure(list(qr = structure(c(-8.23036362149105, 
-0.0550142242983221, -0.089688179217813, 0.106790288982871, 0.151943378522722, 
0.153208107287052, -0.171553427572632, 0.0764601719620365, 0.0889861211222522, 
0.362138435307375, 0.146621177408052, 0.301722886586285, 0.168238723537967, 
-0.0393992995890879, 0.0550381698164897, 0.320944191128543, 0.0681469754134528, 
0.361960350744845, 0.288684788001791, 0.270807995625707, -0.0134184044662448, 
0.265925791864507, 0.0127624629076832, -0.0337596901714336, 0.116086000211217, 
0.326255434553976, 0.0738875665593063, -218.692575851994, -280.584314007786, 
0.325416645403308, 0.134114142272262, 0.14934375060246, 0.0663011334496371, 
0.412550342717958, 0.227509903949094, 0.142060608843201, -0.0927762282138458, 
0.0968260988892081, 0.0403482581424863, 0.13198280218701, 0.354117833919576, 
0.256339477228742, -0.0578978486679695, 0.191780635357513, -0.0997534296317913, 
-0.101864250492179, -0.0118844986612319, 0.143228777681907, -0.0326987677610745, 
0.263621581747945, 0.29588301775722, 0.104859694521836, 0.026705000678027, 
0.229688079794939, -190.825398595053, -206.750339014513, -50.9800408829082, 
-0.0788107358968125, -0.098241360886477, 0.102682284032234, -0.0689343536227872, 
0.180707997473194, -0.0437048360342832, -0.0765779177300818, 
0.158637625434241, 0.310150874126511, -0.127928996517306, -0.331790851823405, 
-0.0135764074122456, 0.289595916803205, -0.149974220259553, 0.364851066806836, 
-0.0333817564694044, 0.0358077997224238, 0.283357626088496, -0.0557328698394349, 
0.156878722077826, 0.044189094476044, -0.0130417140694887, 0.037519976307889, 
-0.465786396967793, -181.852104572662, -233.189424926594, -18.8898828781203, 
50.0667203813979, -0.0738881447522078, 0.0710731685551706, 0.130278778620881, 
0.100229271667169, 0.0509336518524895, 0.161495283813115, 0.252488015488769, 
0.598170713035651, -0.224487512059519, -0.0839727931272049, 0.0262720998024538, 
-0.393962121860293, -0.0443718860948786, 0.0225377171789841, 
-0.0475015180587974, -0.22582072160937, -0.417565319053626, -0.102531210945516, 
0.0907080932534402, -0.208679647519247, 0.0360051429792357, -0.00925070980165849, 
-0.0237929713907165, -211.527564889049, -263.416336127269, -14.1379117680183, 
23.794243071923, 43.2651892503537, 0.00909153155491876, -0.142814939836494, 
0.198156930804183, -0.116094562395828, -0.0626251181918734, 0.0450597760872472, 
0.30887999700788, 0.00918244395728807, 0.485557180009731, 0.0352804348349034, 
0.53169881512181, -0.210797874343111, 0.0584259147897674, -0.00330755259590799, 
0.064600910936387, 0.043070478944468, -0.209570453245577, -0.330023683434714, 
-0.0609863037580111, 0.0823055826368137, 0.217208945195036, 0.158682267222343, 
-263.285679131023, -282.03777864681, -11.2789039664712, 25.2994514397584, 
44.7477916986392, 58.2554873015977, 0.0734074016583718, 0.0221164670348319, 
-0.11890558947765, 0.197961534476341, 0.169159179631638, 0.263867949958176, 
0.230152120421685, 0.142185365523365, 0.186527769760874, -0.166884085635181, 
-0.0160962774600936, 0.197853832461613, -0.0595904628040611, 
0.0292024058196172, -0.174411951369369, 0.139911792316402, 0.388211558988921, 
0.0687008510309055, -0.352145031336747, 0.462302933862062, -0.0924634142178031, 
-147.592210192643, -170.382580175011, -21.6163311764345, 33.9606847080689, 
27.7577799334919, 4.45736037543026, 37.3277319915631, 0.437409882251374, 
0.0201147704084815, -0.0746652483338521, 0.233288171816483, -0.0842325880016456, 
0.271668991824057, 0.0349982104109826, -0.305699034195015, -0.281542564074459, 
0.125662229388454, -0.124268928446408, -0.0170545429089585, 0.26177165701911, 
-0.134031984160208, 0.387430216663066, -0.411658016458454, 0.212463493822033, 
-0.0470443641761582, -0.0776492070504521, 0.042528525806961), .Dim = c(27L, 
7L), .Dimnames = list(c("1", "2", "3", "4", "5", "6", "8", "9", 
"10", "12", "13", "14", "15", "16", "17", "18", "19", "20", "21", 
"22", "24", "25", "26", "27", "28", "29", "30"), c("x1", "x2", 
"x3", "x4", "x5", "x6", "x7")), assign = 1:7), qraux = c(1.13523518401359, 
1.27467492356127, 1.33173852138501, 1.06760185786924, 1.1266578065629, 
1.33348567989796, 1.02564155231937), pivot = 1:7, tol = 1e-07, 
    rank = 7L), .Names = c("qr", "qraux", "pivot", "tol", "rank"
), class = "qr"), df.residual = 20L, xlevels = structure(list(), .Names = character(0)), 
    call = quote(lm(formula = y ~ . + 0, data = structure(list(y = c(43, 
        63, 71, 61, 81, 43, 71, 72, 67, 67, 69, 68, 77, 81, 74, 
        65, 65, 50, 50, 64, 40, 63, 66, 78, 48, 85, 82), x1 = c(1.11303473885111, 
        -0.452787070329459, -0.738166327512058, 0.878922909573136, 
        1.25054925511986, 1.26095843273285, -1.41194708943589, 
        0.629295017809295, 0.732388134102181, 2.98053100389751, 
        1.20674560467942, 2.48328906953103, 1.38466586993297, 
        -0.324270562050256, 0.452984150651084, 2.64148739519323, 
        0.560874387357527, 2.97906530319251, 2.3759807772478, 
        2.22884827560673, -0.110438347977434, 2.18866596337784, 
        0.105039710436025, -0.277854525859776, 0.955429993102805, 
        2.6852008598668, 0.608121539890213), x2 = c(51, 64, 70, 
        63, 78, 55, 75, 82, 61, 60, 62, 83, 77, 90, 85, 60, 70, 
        58, 40, 61, 37, 54, 77, 75, 57, 85, 82), x3 = c(30, 51, 
        68, 45, 56, 49, 50, 72, 45, 47, 57, 83, 54, 50, 64, 65, 
        46, 68, 33, 52, 42, 42, 66, 58, 44, 71, 39), x4 = c(39, 
        54, 69, 47, 66, 44, 55, 67, 47, 39, 42, 45, 72, 72, 69, 
        75, 57, 54, 34, 62, 58, 48, 63, 74, 45, 71, 59),