
expected <- structure(list(coefficients = structure(c(21.6777771494885, -0.255427341566945, 
0.0113081998966723, 0.676317476893191, 0.606715345493591, 0.0616083358779424, 
-0.534255285435772), .Names = c("x1", "x2", "x3", "x4", "x5", 
"x6", "x7")), residuals = structure(c(-7.68217001620861, -2.93202808170181, 
2.60242437191501, 8.8516410986005, -8.72669142789655, -9.68023099350635, 
0.720670421538489, -14.4068116333838, 5.41267527312408, -3.07502640586774, 
15.5446681558941, 11.4916662853089, -2.92483868924742, 8.72242454555245, 
5.46100960625157, 3.50059925368806, -2.75561624172535, -7.7082040771184, 
-1.55357604824873, -3.47750472295803, -12.9561461196057, 2.29566799842537, 
-4.07956429640807, -1.87740958455082, -3.25026617163339, 10.4886559491106, 
11.9939815506516), .Names = c("1", "3", "4", "5", "6", "7", "8", 
"9", "10", "11", "12", "13", "15", "16", "17", "18", "19", "20", 
"22", "23", "24", "25", "26", "27", "28", "29", "30")), effects = structure(c(-338.327257745121, 
-0.723489415264492, 26.2616930264122, -31.0232297556358, 17.264817302014, 
-0.898113134937144, -22.4067725028485, -15.7445143632628, 5.69545158452043, 
-1.59238760493198, 19.7880609230921, 17.7026692028899, -3.45853030109937, 
10.3607981138325, 8.09137660412193, 2.94020021546535, -2.62726144044524, 
-3.1150278277511, -0.662124691918985, 0.187143740357952, -10.2830978435617, 
5.04948540983671, 0.0837689047979371, -2.05107098831533, -2.50266647042499, 
13.3350485126479, 9.55113964549387), .Names = c("x1", "x2", "x3", 
"x4", "x5", "x6", "x7", "", "", "", "", "", "", "", "", "", "", 
"", "", "", "", "", "", "", "", "", "")), rank = 7L, fitted.values = structure(c(50.6821700162086, 
73.9320280817018, 58.397575628085, 72.1483589013995, 51.7266914278966, 
67.6802309935064, 70.2793295784615, 86.4068116333838, 61.5873247268759, 
67.0750264058677, 51.4553318441059, 57.5083337146911, 79.9248386892474, 
72.2775754544476, 68.5389903937484, 61.4994007463119, 67.7556162417253, 
57.7082040771184, 65.5535760482487, 56.477504722958, 52.9561461196057, 
60.7043320015746, 70.0795642964081, 79.8774095845508, 51.2502661716334, 
74.5113440508894, 70.0060184493484), .Names = c("1", "3", "4", 
"5", "6", "7", "8", "9", "10", "11", "12", "13", "15", "16", 
"17", "18", "19", "20", "22", "23", "24", "25", "26", "27", "28", 
"29", "30")), assign = 1:7, qr = structure(list(qr = structure(c(-5.19615242270663, 
0.192450089729875, 0.192450089729875, 0.192450089729875, 0.192450089729875, 
0.192450089729875, 0.192450089729875, 0.192450089729875, 0.192450089729875, 
0.192450089729875, 0.192450089729875, 0.192450089729875, 0.192450089729875, 
0.192450089729875, 0.192450089729875, 0.192450089729875, 0.192450089729875, 
0.192450089729875, 0.192450089729875, 0.192450089729875, 0.192450089729875, 
0.192450089729875, 0.192450089729875, 0.192450089729875, 0.192450089729875, 
0.192450089729875, 0.192450089729875, -355.45531573108, -52.2160752883489, 
-0.185691738924048, 0.0441225459246945, 0.0441225459246945, 0.0441225459246945, 
-0.262296500540296, -0.319750071752481, -0.319750071752481, -0.128238167711863, 
-0.128238167711863, -0.0133310252874912, 0.139878497945004, 0.139878497945004, 
0.178180878753128, 0.0441225459246945, 0.139878497945004, -0.0133310252874912, 
0.331390401985623, 0.427146354005932, -0.0899357869037388, 0.273936830773437, 
-0.20484292932811, 0.178180878753128, -0.0133310252874912, 0.0441225459246945, 
-0.185691738924048, -274.626278044532, -4.72325099632023, 54.9099108306794, 
-0.109638530198003, 0.0178430099120376, 0.145324550022078, -0.103569340049104, 
-0.523575740473997, -0.0318612286209841, -0.113053978959428, 
-0.00378408743653597, -0.147200310292775, -0.0409650138443328, 
0.0318815805042617, -0.21018141204407, -0.27354336748234, 0.104728174852856, 
-0.34752844475141, 0.0599587216887098, 0.0922089408680825, 0.100174243170956, 
0.222725076052572, -0.375605585935858, -0.100911520521178, 0.0895511213401571, 
-0.382813259005232, 0.122558969753029, -299.837239799146, -14.3300555456763, 
34.2584851664036, -43.9617485069778, -0.250494020350266, 0.130555630642965, 
0.0535101677840321, -0.000241075198870904, -0.0382824550198097, 
0.0451421547148701, -0.294407404991234, -0.406533782362709, 0.287586137616583, 
0.349349038151181, 0.0562843192492001, 0.207612863077028, 0.069906219863673, 
-0.303417183775168, 0.0477299923368094, -0.246868140887043, 0.206336707918547, 
-0.103341292327627, -0.0245451858822702, 0.262663909658466, -0.137563211860844, 
0.0239803205892362, 0.297039489407137, -341.406459180799, -9.12093175577154, 
24.3623481549086, -16.1574335002772, 40.7903367061284, -0.0720532907184302, 
-0.123984797804914, 0.137297760124959, -0.0418175933892886, 0.226444843951903, 
-0.0149461211570156, 0.196674695737739, -0.146973334779844, 0.285664442312445, 
-0.0890426075886832, 0.555418759380549, -0.247178894478406, 0.172781245669638, 
0.0743020398772045, 0.0458479599705447, 0.332806725432037, -0.133884307421523, 
-0.360121352695803, -0.11931299254735, 0.213361047131367, 0.0306267975419758, 
-0.0300436219615339, -390.481232061917, -3.16703945015326, 3.96347156755305, 
0.545501459104382, 18.9641303866769, 48.2258473071963, 0.297723745911472, 
-0.320723251768225, -0.0738066169522156, 0.00771697225228087, 
0.0441609841090648, 0.0961773375454727, 0.187260221085253, 0.313938932111547, 
0.0719125576835737, -0.503661291086258, 0.0981706379949913, -0.201929663538958, 
-0.0366035574509651, -0.0173778685872486, 0.163482828524465, 
0.230338329337183, 0.270250536785998, 0.143715863028199, -0.291471011644366, 
0.0348712721113476, 0.022611263774901, -225.743955253144, -2.64499218580544, 
23.4982136427, -15.8692383900274, 16.1938583965216, 7.24228180668586, 
41.9401980919518, 0.671060026080736, 0.072608046987211, 0.208103424417239, 
-0.0506296611276568, 0.305164976354084, 0.101696457453642, 0.0774472471136807, 
-0.244198252737179, -0.227142408178705, -0.00648398128680077, 
-0.0658993077220685, 0.0554579360698924, 0.0514596209891713, 
-0.339074368566038, 0.0909524004960902, -0.345722192028714, 0.070487961941399, 
0.00731824246300604, 0.00155218035293686, 0.101728934432825), .Dim = c(27L, 
7L), .Dimnames = list(c("1", "3", "4", "5", "6", "7", "8", "9", 
"10", "11", "12", "13", "15", "16", "17", "18", "19", "20", "22", 
"23", "24", "25", "26", "27", "28", "29", "30"), c("x1", "x2", 
"x3", "x4", "x5", "x6", "x7")), assign = 1:7), qraux = c(1.19245008972988, 
1.27393683077344, 1.01328907823014, 1.14185595798661, 1.17460167681958, 
1.29514451993937, 1.09795108478211), pivot = 1:7, tol = 1e-07, 
    rank = 7L), .Names = c("qr", "qraux", "pivot", "tol", "rank"
), class = "qr"), df.residual = 20L, xlevels = structure(list(), .Names = character(0)), 
    call = quote(lm(formula = y ~ . + 0, data = structure(list(y = c(43, 
        71, 61, 81, 43, 58, 71, 72, 67, 64, 67, 69, 77, 81, 74, 
        65, 65, 50, 64, 53, 40, 63, 66, 78, 48, 85, 82), x1 = c(1, 
        1, 1, 1, 1, 1, 1, 1, 1, 1, 1, 1, 1, 1, 1, 1, 1, 1, 1, 
        1, 1, 1, 1, 1, 1, 1, 1), x2 = c(64, 82, 58, 70, 70, 70, 
        54, 51, 51, 61, 61, 67, 75, 75, 77, 70, 75, 67, 85, 90, 
        63, 82, 57, 77, 67, 70, 58), x3 = c(30, 68, 45, 56, 49, 
        42, 50, 72, 45, 53, 47, 57, 54, 50, 64, 65, 46, 68, 52, 
        52, 42, 42, 66, 58, 44, 71, 39), x4 = c(39, 69, 47, 66, 
        44, 56, 55, 67, 47, 58, 39, 42, 72, 72, 69, 75, 57, 54, 
        62, 50, 58, 48, 63, 74, 45, 71, 59), x5 = c(61, 76, 54, 
        71, 54, 66, 70, 71, 62, 58, 59, 55, 79, 60, 79, 55, 75, 
        64, 66, 63, 50, 66, 88, 80, 51, 77, 64), x6 = c(92, 86, 
        84, 83, 49, 68, 66, 83, 80, 67, 74, 63, 77, 54, 79, 80, 
        85, 78, 80, 80, 57, 75, 76, 78, 83, 74, 78), x7 = c(45, 
        48, 35, 47, 34, 35, 41, 31, 41, 34, 41, 25, 46, 36, 63, 
        60, 46, 52, 41, 37, 49, 33, 72, 49, 38, 55, 39)), .Names = c("y", 
        "x1", "x2", "x3", "x4", "x5", "x6", "x7"),