
expected <- structure(list(coefficients = structure(c(-2.40511067188334, 
0.607149018670783, -0.0377829613257635, 0.55232173895764, 0.10709459165042, 
0.0876671704361499, -0.36256263360682), .Names = c("x1", "x2", 
"x3", "x4", "x5", "x6", "x7")), residuals = structure(c(-4.78485247664842, 
1.04358738145386, -1.41251417970427, -1.38223212330342, 6.86909947095284, 
-7.012506013891, -7.49374943939244, 2.14084051691154, 8.46520498907408, 
5.18565372229261, 9.19077832740776, -4.33499762022552, -6.6882930816287, 
-0.762014874710351, 0.108451315179172, -2.46752574145772, -3.40517687356876, 
9.33720051817409, -2.12676199940849, -10.2352346181451, -4.27140926159867, 
7.19383115491712, 2.26107670327017, 1.22586455754494, -8.92550079003428, 
6.9356571599809, 5.34552327655803), .Names = c("1", "2", "3", 
"4", "5", "6", "7", "8", "10", "11", "13", "14", "16", "17", 
"18", "19", "20", "21", "22", "23", "24", "25", "26", "27", "28", 
"29", "30")), effects = structure(c(-331.591504604575, -52.8406667457116, 
1.16535851229253, 13.6513149923323, 4.19046316979784, -0.826083611912992, 
-13.7385226573079, 3.35174138740792, 9.94832821038904, 8.6264416186445, 
13.1619872414524, -2.27304422509812, -2.07195799280007, -3.59699936035458, 
2.24198096582376, -2.02429390272931, -5.64503515530566, 12.8892291341669, 
1.63364052027342, -9.66783352155685, 0.149554869754736, 8.86483813538597, 
-1.43964696986164, 3.07555075262904, -6.36783673128269, 6.32927176813063, 
4.99701652275069), .Names = c("x1", "x2", "x3", "x4", "x5", "x6", 
"x7", "", "", "", "", "", "", "", "", "", "", "", "", "", "", 
"", "", "", "", "", "")), rank = 7L, fitted.values = structure(c(47.7848524766484, 
61.9564126185461, 72.4125141797043, 62.3822321233034, 74.1309005290472, 
50.012506013891, 65.4937494393924, 68.8591594830885, 58.5347950109259, 
58.8143462777074, 59.8092216725922, 72.3349976202255, 87.6882930816287, 
74.7620148747103, 64.8915486848208, 67.4675257414577, 53.4051768735688, 
40.6627994818259, 66.1267619994085, 63.2352346181451, 44.2714092615987, 
55.8061688450829, 63.7389232967298, 76.7741354424551, 56.9255007900343, 
78.0643428400191, 76.654476723442), .Names = c("1", "2", "3", 
"4", "5", "6", "7", "8", "10", "11", "13", "14", "16", "17", 
"18", "19", "20", "21", "22", "23", "24", "25", "26", "27", "28", 
"29", "30")), assign = 1:7, qr = structure(list(qr = structure(c(-5.19615242270663, 
0.192450089729875, 0.192450089729875, 0.192450089729875, 0.192450089729875, 
0.192450089729875, 0.192450089729875, 0.192450089729875, 0.192450089729875, 
0.192450089729875, 0.192450089729875, 0.192450089729875, 0.192450089729875, 
0.192450089729875, 0.192450089729875, 0.192450089729875, 0.192450089729875, 
0.192450089729875, 0.192450089729875, 0.192450089729875, 0.192450089729875, 
0.192450089729875, 0.192450089729875, 0.192450089729875, 0.192450089729875, 
0.192450089729875, 0.192450089729875, -342.368709629448, -68.8379740162845, 
0.0946285258367066, -0.00705953369775985, 0.210843451018954, 
-0.123274458880007, 0.0510479288933639, 0.167262854075611, -0.0361132649933217, 
-0.152328190175569, -0.0215863993455408, 0.283477779257859, 0.385165838792325, 
0.312531510553421, -0.0506401306411026, 0.0946285258367066, -0.0796938619366645, 
-0.341177443596721, -0.0361132649933217, 0.0365210632455829, 
-0.384758040540064, -0.137801324527788, 0.196316585371173, 0.167262854075611, 
-0.0942207275844454, 0.312531510553421, 0.268950913610078, -273.471577506153, 
-33.2358545059397, -53.2510494878393, -0.070052322797673, -0.00669154004805236, 
0.0814411228608679, -0.164578018240964, -0.0907237925312555, 
-0.0509579339970586, 0.175651402117566, 0.164842542970884, 0.452604748528973, 
-0.233931708535864, 0.0767098800619636, 0.334168712683665, -0.118103710985803, 
0.409600019326341, -0.0758145229588567, 0.080494874301087, 0.032758902299551, 
0.121837813768252, -0.0404644910369705, 0.190645380492463, 0.0595079883809109, 
-0.0315481290098505, 0.208162688360109, -0.364122852087635, -291.176985761301, 
-32.7887498632246, -12.0111858195518, 45.9738214702459, -0.126776264009074, 
0.146469422888452, -0.0900171792328606, 0.0462799188113019, 0.0896046789845458, 
-0.14017645812747, 0.29795177230988, 0.572139119503493, -0.225001870218563, 
-0.0840514605148644, -0.370965020032825, -0.0610621517971232, 
0.0959399796426184, 0.141459594833629, -0.182404373202978, 0.111445026063237, 
-0.3305079318491, -0.00136645725563106, 0.00943141373069283, 
-0.304983229318835, 0.099090725323558, -0.0732908932916216, -0.0800336620639995, 
-312.538945721318, 9.74107046492867, -6.22023951399488, -20.8915214616187, 
45.7970731052975, 0.478054345134867, 0.328104825790035, 0.0866177587565075, 
-0.149599463905025, 0.132821800076935, 0.0922120386929005, 0.0284314001083682, 
0.0196923844445999, 0.153187853343766, -0.218839113822069, -0.101597753553942, 
0.336050405671676, -0.182918321419503, -0.215769998460064, 0.123032671451431, 
-0.240110357442851, 0.109305646875795, 0.0551344674043385, -0.0264364771868113, 
-0.258539780510343, 0.174349041535563, 0.166677930704202, -386.632230267319, 
-8.06563862688463, -1.53998245972937, -0.682271547394574, 18.3877596767245, 
48.5439722899701, 0.0923411665864072, 0.220777276723601, -0.0256278175302781, 
0.180627477294674, 0.344758399100003, 0.178812372409919, 0.434602073748915, 
-0.0414095553303864, -0.0215049889271214, -0.160712591905987, 
-0.0068587011873973, 0.290333580662352, -0.0328657408557929, 
-0.0555332043170827, 0.402756382922478, 0.00804570253289043, 
0.0620177742272937, -0.0335809613820536, -0.0666732490922734, 
0.0799294997243322, -0.0958526983325395, -225.166604983954, -15.0934134080444, 
-18.1722398077161, 26.0474835996643, 6.41588051028832, 14.016326651622, 
37.8928256357675, 0.000571878732983619, -0.00441829744304907, 
0.293068652275038, 0.206348352063303, 0.0483170273537085, 0.354208592160637, 
-0.282309790878897, 0.0320961075058331, 0.0428454654386841, -0.231335111829372, 
-0.065620871892681, 0.28438280862491, 0.105096364484626, -0.064256459584924, 
0.17215044706336, -0.608035298667747, 0.22152525588769, 0.0803089113444827, 
-0.0589290030704519, 0.150474340334218), .Dim = c(27L, 7L), .Dimnames = list(
    c("1", "2", "3", "4", "5", "6", "7", "8", "10", "11", "13", 
    "14", "16", "17", "18", "19", "20", "21", "22", "23", "24", 
    "25", "26", "27", "28", "29", "30"), c("x1", "x2", "x3", 
    "x4", "x5", "x6", "x7")), assign = 1:7), qraux = c(1.19245008972988, 
1.00746733195002, 1.29503368652266, 1.1027371946009, 1.34418681537501, 
1.51570598760606, 1.16216575366649), pivot = 1:7, tol = 1e-07, 
    rank = 7L), .Names = c("qr", "qraux", "pivot", "tol", "rank"
), class = "qr"), df.residual = 20L, xlevels = structure(list(), .Names = character(0)), 
    call = quote(lm(formula = y ~ . + 0, data = structure(list(y = c(43, 
        63, 71, 61, 81, 43, 58, 71, 67, 64, 69, 68, 81, 74, 65, 
        65, 50, 50, 64, 53, 40, 63, 66, 78, 48, 85, 82), x1 = c(1, 
        1, 1, 1, 1, 1, 1, 1, 1, 1, 1, 1, 1, 1, 1, 1, 1, 1, 1, 
        1, 1, 1, 1, 1, 1, 1, 1), x2 = c(51, 64, 70, 63, 78, 55, 
        67, 75, 61, 53, 62, 83, 90, 85, 60, 70, 58, 40, 61, 66, 
        37, 54, 77, 75, 57, 85, 82), x3 = c(30, 51, 68, 45, 56, 
        49, 42, 50, 45, 53, 57, 83, 50, 64, 65, 46, 68, 33, 52, 
        52, 42, 42, 66, 58, 44, 71, 39), x4 = c(39, 54, 69, 47, 
        66, 44, 56, 55, 47, 58, 42, 45, 72, 69, 75, 57, 54, 34, 
        62, 50, 58, 48, 63, 74, 45, 71, 59), x5 = c(66, 77, 62, 
        71, 43, 43, 43, 59, 70, 51, 66, 80, 55, 54, 62, 64, 50, 
        71, 66, 59, 61, 55, 61, 55, 75, 54, 51), x6 = c(92, 73, 
        86, 84, 83, 49, 68, 66, 80, 67, 63, 77, 54, 79, 80, 85, 
        78, 64, 80, 80, 57, 75, 76, 78, 83, 74, 78), x7 = c(45, 
        47, 48, 35, 47, 34, 35, 41, 41, 34, 25, 35, 36, 63, 60, 
        46, 52, 33, 41, 37, 49, 33, 72, 49, 38, 55, 39)), .Names = c("y", 
        "x1", "x2", "x3", "x4", "x5", "x6", "x7"),