
expected <- structure(list(coefficients = structure(c(4.2864889627841, 0.661323402067622, 
-0.025817971297921, 0.303662742620919, 0.0819723213610757, 0.0717425352050365, 
-0.239524744238786), .Names = c("x1", "x2", "x3", "x4", "x5", 
"x6", "x7")), residuals = structure(c(-6.23303438890873, 0.321198972284355, 
-0.155533721482622, 6.40461836568162, -9.16613486318297, -8.34376133509579, 
0.61224278580758, -9.06691823745531, 8.85508442916698, 6.71798325657018, 
11.8733607798757, 9.67310818039653, 0.0303960404868462, -3.65123132801215, 
-2.36223054332733, 3.88044771493412, -2.92817811673031, -5.93045166164122, 
0.352622693258789, -10.6607718203293, -1.60567736733749, 7.01131325341288, 
-2.26191674199435, 2.07821499384921, -7.59567003442627, 6.32708768069283, 
5.82383101350623), .Names = c("1", "3", "4", "5", "6", "7", "8", 
"9", "10", "11", "12", "13", "15", "16", "17", "18", "19", "20", 
"22", "23", "24", "25", "26", "27", "28", "29", "30")), effects = structure(c(-338.327257745121, 
-53.1510040063286, -3.1875826167273, -8.59914949486273, -1.20850443515761, 
2.30759720279778, 9.3878860713113, -6.63834442568541, 10.7597405165998, 
8.0220331350372, 14.3466892876149, 15.3769753272587, -0.177693603200061, 
0.386639014053805, -2.09775741200559, 0.574004316213093, -2.86580157113727, 
-6.01352377768881, -0.0421365930517377, -8.63924879262576, -1.68052412363332, 
9.25910891608949, -2.98073737448319, 0.875122587697087, -6.80948414636453, 
7.23235354618952, 8.44602035801165), .Names = c("x1", "x2", "x3", 
"x4", "x5", "x6", "x7", "", "", "", "", "", "", "", "", "", "", 
"", "", "", "", "", "", "", "", "", "")), rank = 7L, fitted.values = structure(c(49.2330343889087, 
70.6788010277157, 61.1555337214826, 74.5953816343184, 52.166134863183, 
66.3437613350958, 70.3877572141924, 81.0669182374553, 58.144915570833, 
57.2820167434298, 55.1266392201243, 59.3268918196035, 76.9696039595132, 
84.6512313280121, 76.3622305433273, 61.1195522850659, 67.9281781167303, 
55.9304516616412, 63.6473773067412, 63.6607718203293, 41.6056773673375, 
55.9886867465871, 68.2619167419944, 75.9217850061508, 55.5956700344263, 
78.6729123193072, 76.1761689864938), .Names = c("1", "3", "4", 
"5", "6", "7", "8", "9", "10", "11", "12", "13", "15", "16", 
"17", "18", "19", "20", "22", "23", "24", "25", "26", "27", "28", 
"29", "30")), assign = 1:7, qr = structure(list(qr = structure(c(-5.19615242270663, 
0.192450089729875, 0.192450089729875, 0.192450089729875, 0.192450089729875, 
0.192450089729875, 0.192450089729875, 0.192450089729875, 0.192450089729875, 
0.192450089729875, 0.192450089729875, 0.192450089729875, 0.192450089729875, 
0.192450089729875, 0.192450089729875, 0.192450089729875, 0.192450089729875, 
0.192450089729875, 0.192450089729875, 0.192450089729875, 0.192450089729875, 
0.192450089729875, 0.192450089729875, 0.192450089729875, 0.192450089729875, 
0.192450089729875, 0.192450089729875, -348.527112500804, -64.4348651884355, 
-0.0229669383926948, 0.209826285526274, -0.147123324482811, 0.0391112546523634, 
0.16326764074248, 0.271904478571332, -0.0540060349152239, -0.17816242100534, 
-0.0695255831764885, -0.0384864866539594, 0.194306737265009, 
0.396060864661448, 0.318463123355125, -0.0695255831764885, 0.0856698994361571, 
-0.100564679699018, -0.0540060349152239, 0.0235917063910989, 
-0.426475193185573, -0.162642872744076, 0.194306737265009, 0.16326764074248, 
-0.116084227960282, 0.318463123355125, 0.271904478571332, -287.135533876974, 
-21.1916557517149, 68.7466283659496, -0.132169659835895, -0.192057447464056, 
0.16869068022114, 0.399491986732676, -0.278600029102177, -0.208056650512996, 
0.113896423855352, 0.206751307668759, -0.201025739075891, 0.28263829834586, 
0.315855475356651, -0.257507294790864, -0.0696258827711834, 0.175237246614562, 
-0.0836877056453923, 0.141051379516405, -0.0274404141485566, 
-0.0713289987277775, -0.0972651834759185, 0.0498996116595926, 
0.399491986732676, 0.14202006960377, -0.0829532797761637, -0.060407510333802, 
-299.837239799146, -35.2696104189331, -2.827009455453, -45.3838322320305, 
-0.101336817862827, 0.00187062707839146, -0.128337544598812, 
-0.0225233709280765, -0.130104652688931, 0.260610113531337, -0.260620402599518, 
-0.255383195489353, 0.20651840887071, 0.00589768728929481, -0.0237762643790326, 
0.51253171971499, -0.0224734872484791, 0.0800261709946809, 0.225776141594617, 
-0.128968144455097, 0.497039804471854, 0.00930604285708548, -0.00870117545849994, 
0.290313747404475, -0.0862641079849292, 0.0329756008670533, -0.182943463898601, 
-341.406459180799, -33.9194097202031, -0.927090993882249, -10.5033961370872, 
36.6049511096396, -0.0204010916929879, -0.0622730542753049, 0.197938684236444, 
0.0403342540104765, 0.0109401106045019, -0.0078877105587311, 
0.224897348123077, -0.187220965580414, 0.516647866441136, 0.0273296701903729, 
0.300885743010474, -0.219398343091616, -0.0555452555232427, -0.0792423858866977, 
0.0623124732230433, 0.0310739350279824, -0.190353144504098, -0.422224753874791, 
-0.259522441247035, 0.203476650003335, 0.0548342193545801, 0.313287988670887, 
-390.481232061917, -5.97042769591686, 7.52676497509335, 0.707547960394251, 
19.1799588092642, 47.4419409963759, 0.335178939318703, -0.195598813852456, 
-0.0937341921935741, 0.177206976878253, 0.0565955329771172, 0.10921593069712, 
0.230190476925361, 0.170255051994361, 0.0446985836018666, -0.299483546557427, 
0.0536844767432473, 0.02071892335686, 0.0114733508530705, -0.0945758950151681, 
0.314373882873755, 0.1784922577753, 0.446920566229306, 0.261875093827581, 
-0.31696563359677, 0.125262468120863, -0.196899818698109, -225.743955253144, 
-11.8276201693348, 4.25100169775094, -25.0181081269145, 23.3174912211172, 
4.57576073325166, -39.1938048035336, -0.408603490111287, -0.0267333670787628, 
-0.248144518656492, 0.17820034185318, -0.187479495043643, -0.124339059072839, 
0.131289695254363, 0.344233857505567, 0.245992569438755, -0.0458259124014613, 
0.147424229948519, -0.192637997407351, -0.0939666289701457, 0.0871334794430366, 
-0.325819229014838, 0.498878239977101, -0.0934576287862453, 0.0438720686411277, 
0.194847933715848, 0.0283861902378531), .Dim = c(27L, 7L), .Dimnames = list(
    c("1", "3", "4", "5", "6", "7", "8", "9", "10", "11", "12", 
    "13", "15", "16", "17", "18", "19", "20", "22", "23", "24", 
    "25", "26", "27", "28", "29", "30"), c("x1", "x2", "x3", 
    "x4", "x5", "x6", "x7")), assign = 1:7), qraux = c(1.19245008972988, 
1.08566989943616, 1.15511320239061, 1.02855425941045, 1.15529056259351, 
1.23257654090341, 1.10153263864858), pivot = 1:7, tol = 1e-07, 
    rank = 7L), .Names = c("qr", "qraux", "pivot", "tol", "rank"
), class = "qr"), df.residual = 20L, xlevels = structure(list(), .Names = character(0)), 
    call = quote(lm(formula = y ~ . + 0, data = structure(list(y = c(43, 
        71, 61, 81, 43, 58, 71, 72, 67, 64, 67, 69, 77, 81, 74, 
        65, 65, 50, 64, 53, 40, 63, 66, 78, 48, 85, 82), x1 = c(1, 
        1, 1, 1, 1, 1, 1, 1, 1, 1, 1, 1, 1, 1, 1, 1, 1, 1, 1, 
        1, 1, 1, 1, 1, 1, 1, 1), x2 = c(51, 70, 63, 78, 55, 67, 
        75, 82, 61, 53, 60, 62, 77, 90, 85, 60, 70, 58, 61, 66, 
        37, 54, 77, 75, 57, 85, 82), x3 = c(56, 68, 44, 71, 64, 
        45, 33, 83, 68, 42, 39, 68, 42, 46, 83, 58, 46, 58, 44, 
        58, 47, 57, 58, 33, 42, 71, 68), x4 = c(39, 69, 47, 66, 
        44, 56, 55, 67, 47, 58, 39, 42, 72, 72, 69, 75, 57, 54, 
        62, 50, 58, 48, 63, 74, 45, 71, 59), x5 = c(61, 76, 54, 
        71, 54, 66, 70, 71, 62, 58, 59, 55, 79, 60, 79, 55, 75, 
        64, 66, 63, 50, 66, 88, 80, 51, 77, 64), x6 = c(92, 86, 
        84, 83, 49, 68, 66, 83, 80, 67, 74, 63, 77, 54, 79, 80, 
        85, 78, 80, 80, 57, 75, 76, 78, 83, 74, 78), x7 = c(45, 
        48, 35, 47, 34, 35, 41, 31, 41, 34, 41, 25, 46, 36, 63, 
        60, 46, 52, 41, 37, 49, 33, 72, 49, 38, 55, 39)), .Names = c("y", 
        "x1", "x2", "x3", "x4", "x5", "x6", "x7"),