
expected <- structure(list(coefficients = structure(c(-3.93728745634367, 
0.0790454595353727, 0.183038611998576, 0.692135830811428, 0.518650155239728, 
0.122782156800281, -0.657696250320875), .Names = c("x1", "x2", 
"x3", "x4", "x5", "x6", "x7")), residuals = structure(c(-3.23195521051486, 
4.91601326610528, -8.57478624438266, 2.14986101482564, 8.87148564320224, 
-10.2338430267624, -9.36671470891702, 3.79257152744211, 10.4141023904185, 
-2.67585119691475, 9.26825324531848, 1.84488974190596, 4.76530490976112, 
5.0377457261259, 0.0774884588649956, -4.49717618998605, -7.61690455387056, 
8.79426520468112, -7.50948786973245, -11.4367833546304, -8.62950530484294, 
-2.42731393230602, 1.10047200102715, -5.4577719640034, -3.81296176875728, 
9.68279941289151, 14.7558027830508), .Names = c("1", "2", "3", 
"4", "5", "6", "7", "8", "10", "11", "13", "14", "16", "17", 
"18", "19", "20", "21", "22", "23", "24", "25", "26", "27", "28", 
"29", "30")), effects = structure(c(-331.591504604575, 8.67748423702619, 
-28.9268983091448, 31.3322048218435, 14.0683700289237, 1.1376071825271, 
-23.2723567010133, 9.03091023976847, 10.3393602387294, -1.60176444202678, 
12.2068186587, 5.39575339684073, 8.10344601193687, 6.72253338615817, 
-5.48204216921524, -0.987208159488007, -8.71064066832247, 6.84903183987973, 
-6.0304060143911, -9.51347292467618, -12.7314366300227, 1.79014604962522, 
6.06706329419662, -0.100662251223957, -7.46536383866765, 12.9151657181345, 
15.6892432705052), .Names = c("x1", "x2", "x3", "x4", "x5", "x6", 
"x7", "", "", "", "", "", "", "", "", "", "", "", "", "", "", 
"", "", "", "", "", "")), rank = 7L, fitted.values = structure(c(46.2319552105149, 
58.0839867338947, 79.5747862443827, 58.8501389851744, 72.1285143567978, 
53.2338430267625, 67.366714708917, 67.2074284725579, 56.5858976095815, 
66.6758511969147, 59.7317467546815, 66.155110258094, 76.2346950902389, 
68.9622542738741, 64.922511541135, 69.497176189986, 57.6169045538706, 
41.2057347953189, 71.5094878697325, 64.4367833546304, 48.6295053048429, 
65.427313932306, 64.8995279989729, 83.4577719640034, 51.8129617687573, 
75.3172005871085, 67.2441972169492), .Names = c("1", "2", "3", 
"4", "5", "6", "7", "8", "10", "11", "13", "14", "16", "17", 
"18", "19", "20", "21", "22", "23", "24", "25", "26", "27", "28", 
"29", "30")), assign = 1:7, qr = structure(list(qr = structure(c(-5.19615242270663, 
0.192450089729875, 0.192450089729875, 0.192450089729875, 0.192450089729875, 
0.192450089729875, 0.192450089729875, 0.192450089729875, 0.192450089729875, 
0.192450089729875, 0.192450089729875, 0.192450089729875, 0.192450089729875, 
0.192450089729875, 0.192450089729875, 0.192450089729875, 0.192450089729875, 
0.192450089729875, 0.192450089729875, 0.192450089729875, 0.192450089729875, 
0.192450089729875, 0.192450089729875, 0.192450089729875, 0.192450089729875, 
0.192450089729875, 0.192450089729875, -359.304317525677, 72.6870511673669, 
0.0669276257662823, -0.249497371954989, 0.218261320328629, -0.139436503182373, 
-0.00186041721660282, -0.208224546165258, 0.0944428429594363, 
0.0806852343628593, 0.163230885942321, -0.249497371954989, -0.318285414937874, 
0.190746103135475, -0.15319411177895, -0.208224546165258, 0.369595014890977, 
-0.318285414937874, -0.111921285989219, -0.139436503182373, 0.218261320328629, 
-0.249497371954989, -0.0431332430063339, -0.249497371954989, 
0.0669276257662823, 0.176988494538898, -0.139436503182373, -273.471577506153, 
-10.8618867575271, -61.8248793962669, -0.0179898105025068, 0.0730463866551411, 
0.0262653674187032, -0.112512278194773, 0.0552173948056521, -0.0818763565976726, 
0.0500768505894601, 0.0994429521982834, 0.596649479878292, 0.0756610895561052, 
0.20755505568608, 0.287616319949162, -0.00948147786601093, 0.239032924388257, 
-0.199309119298463, 0.0696785982348372, 0.0747895219224505, -0.15339966769568, 
-0.0665139650062541, 0.283347343366625, 0.192281525680398, -0.0929401510779751, 
0.323333544705298, -0.135481814260454, -291.176985761301, -3.7991381368918, 
-27.3046155307693, 50.724624031102, -0.185789265453321, 0.189130227948629, 
-0.126829404041608, -0.0143428312033181, 0.0781668892044831, 
-0.0539265088082267, 0.300165826887569, 0.531807228734476, -0.344909505037571, 
-0.159596301123647, -0.253057221438598, -0.0958672977491444, 
0.170777504243767, 0.225326044545872, -0.135299165394752, 0.102416395212321, 
-0.175410533072357, 0.0411815394796722, -0.0105380315747194, 
-0.30300648899743, 0.108215568490574, -0.124785051088288, -0.211823848610174, 
-332.938655232684, -6.19500019693272, -22.6680806145401, 24.2179624173454, 
41.3415316844528, 0.0975684942614997, -0.0417958792204801, -0.134536135055965, 
-0.0590301225588119, 0.215481653709981, 0.078699629001222, 0.0902217307417183, 
0.34197556879312, -0.101923194862462, 0.555271132437992, -0.239594800957563, 
0.0684506369623013, 0.169880420418645, 0.0691394031856419, -0.0270738299964002, 
0.379832919275958, -0.161207955554304, -0.404574926482905, -0.0875256946542707, 
0.175200233431094, -0.00477996048014559, 0.0353540349413253, 
-386.632230267319, -8.31825779033774, -4.20093176843615, 2.07563007891644, 
20.1530749191527, 47.5943548039834, 0.169665817068263, 0.271345780371796, 
-0.0408290683349457, 0.15993136644955, 0.341481068436108, 0.140518815887129, 
0.337030031091825, 0.0339778414017358, -0.207982729459431, -0.118120024494087, 
0.0596356344502611, 0.185992771125499, -0.0881367594205429, -0.0334396371128635, 
0.274880743200538, 0.0683032903213914, 0.203826915190725, -0.00201515597776462, 
-0.176508151007511, 0.136019490629334, -0.0886662964458805, -225.166604983954, 
-17.9169922622755, -20.6182527939064, 25.2268813629103, 14.9732643252755, 
7.15547693867464, 35.3846577195161, 0.0458266159708355, 0.0648600109061116, 
0.228953032442532, 0.348005383273563, -0.0508475632768639, 0.0876515347219043, 
-0.162478072422234, -0.516066912879121, 0.0476033910832249, -0.0915200393401911, 
-0.269888877128915, 0.120280745627312, 0.0951453488093978, -0.250963912616479, 
0.188840298607532, -0.453926095853286, 0.0917331087774225, -0.0165515994461147, 
0.0178403435547183, 0.133169478118355), .Dim = c(27L, 7L), .Dimnames = list(
    c("1", "2", "3", "4", "5", "6", "7", "8", "10", "11", "13", 
    "14", "16", "17", "18", "19", "20", "21", "22", "23", "24", 
    "25", "26", "27", "28", "29", "30"), c("x1", "x2", "x3", 
    "x4", "x5", "x6", "x7")), assign = 1:7), qraux = c(1.19245008972988, 
1.12195806015259, 1.295253084952, 1.09246774387933, 1.02621184455494, 
1.57939949990203, 1.28060214042961), pivot = 1:7, tol = 1e-07, 
    rank = 7L), .Names = c("qr", "qraux", "pivot", "tol", "rank"
), class = "qr"), df.residual = 20L, xlevels = structure(list(), .Names = character(0)), 
    call = quote(lm(formula = y ~ . + 0, data = structure(list(y = c(43, 
        63, 71, 61, 81, 43, 58, 71, 67, 64, 69, 68, 81, 74, 65, 
        65, 50, 50, 64, 53, 40, 63, 66, 78, 48, 85, 82), x1 = c(1, 
        1, 1, 1, 1, 1, 1, 1, 1, 1, 1, 1, 1, 1, 1, 1, 1, 1, 1, 
        1, 1, 1, 1, 1, 1, 1, 1), x2 = c(55, 58, 62, 85, 51, 77, 
        67, 82, 60, 61, 55, 85, 90, 53, 78, 82, 40, 90, 75, 77, 
        51, 85, 70, 85, 62, 54, 77), x3 = c(30, 51, 68, 45, 56, 
        49, 42, 50, 45, 53, 57, 83, 50, 64, 65, 46, 68, 33, 52, 
        52, 42, 42, 66, 58, 44, 71, 39), x4 = c(39, 54, 69, 47, 
        66, 44, 56, 55, 47, 58, 42, 45, 72, 69, 75, 57, 54, 34, 
        62, 50, 58, 48, 63, 74, 45, 71, 59), x5 = c(61, 63, 76, 
        54, 71, 54, 66, 70, 62, 58, 55, 59, 60, 79, 55, 75, 64, 
        43, 66, 63, 50, 66, 88, 80, 51, 77, 64), x6 = c(92, 73, 
        86, 84, 83, 49, 68, 66, 80, 67, 63, 77, 54, 79, 80, 85, 
        78, 64, 80, 80, 57, 75, 76, 78, 83, 74, 78), x7 = c(45, 
        47, 48, 35, 47, 34, 35, 41, 41, 34, 25, 35, 36, 63, 60, 
        46, 52, 33, 41, 37, 49, 33, 72, 49, 38, 55, 39)), .Names = c("y", 
        "x1", "x2", "x3", "x4", "x5", "x6", "x7"),