
expected <- structure(list(coefficients = structure(c(-1.64965368431826, 
0.379563546732227, 0.144538111200127, 0.177970075402411, -0.241556158832151, 
0.40476568179842, 0.222514763087586), .Names = c("x1", "x2", 
"x3", "x4", "x5", "x6", "x7")), residuals = structure(c(-13.871856313531, 
-6.08254653052117, -12.4165899581977, 6.49925174445965, -1.48449045878149, 
13.5943511233903, 7.96274531319019, 1.02503013211514, 4.10619807902699, 
15.0326368222397, -0.657649088254027, -7.12969767527111, 8.85202482533609, 
15.8093176435379, 7.76457562218112, -0.745163890093045, -4.22280129198631, 
-9.11420253489445, 3.56800493467641, -21.2984261301094, -22.811497779841, 
7.37532607876941, -4.1716568820997, 15.7233406286941, -10.8243352763785, 
7.15433062424795, 7.51886066764397), .Names = c("1", "2", "3", 
"5", "7", "8", "9", "10", "11", "12", "13", "14", "15", "16", 
"17", "18", "19", "21", "22", "23", "24", "25", "26", "27", "28", 
"29", "30")), effects = structure(c(-250.30369680753, -231.706531498848, 
-28.7480168356213, 19.4526673826673, 3.49387014675306, -30.4934660305173, 
8.49459943547297, 5.48736489407971, 0.0504060907609463, 30.2374776821936, 
-1.63696728382653, -0.793738229033028, 19.572907337982, 7.60414330826925, 
12.8726761174168, -0.0348076097083636, -9.1762326025729, -7.1016697337344, 
9.58882234206802, -26.3985016366858, -8.09900436534251, 7.68638089486048, 
8.86258951620015, 11.2131865879426, -9.35886549007309, 5.78986165080442, 
8.01151191300335), .Names = c("x1", "x2", "x3", "x4", "x5", "x6", 
"x7", "", "", "", "", "", "", "", "", "", "", "", "", "", "", 
"", "", "", "", "", "")), rank = 7L, fitted.values = structure(c(56.871856313531, 
69.0825465305212, 83.4165899581977, 74.5007482555403, 59.4844904587815, 
57.4056488766097, 64.0372546868098, 65.9749698678849, 59.893801920973, 
51.9673631777603, 69.657649088254, 75.1296976752711, 68.1479751746639, 
65.1906823564621, 66.2354243778189, 65.745163890093, 69.2228012919863, 
59.1142025348945, 60.4319950653236, 74.2984261301094, 62.811497779841, 
55.6246739212306, 70.1716568820997, 62.2766593713059, 58.8243352763785, 
77.8456693757521, 74.481139332356), .Names = c("1", "2", "3", 
"5", "7", "8", "9", "10", "11", "12", "13", "14", "15", "16", 
"17", "18", "19", "21", "22", "23", "24", "25", "26", "27", "28", 
"29", "30")), assign = 1:7, qr = structure(list(qr = structure(c(-6.74102934042426, 
0.116402347800789, 0.162312421278227, 0.237397690503494, 0.159611722370976, 
0.308097247831067, -0.022021814015558, 0.0828075779428511, -0.0864776356512214, 
0.131269649529069, 0.119931634318902, 0.114473093443965, 0.3300964365852, 
0.191698276976092, 0.164702822206248, 0.207406215125409, 0.20498645019251, 
0.407324017834774, -0.143618534618268, 0.0731842629729068, 0.125147195679736, 
-0.00183336885983945, 0.368453678124698, 0.244914872052977, 0.0219226293216444, 
-0.0225031874876177, 0.0611143456303775, -255.189522777323, -226.140017388967, 
0.152776695455591, 0.114249442566162, 0.0982664895569443, -0.0742159096844397, 
0.258637190089862, 0.187330457250805, 0.387157170570643, 0.151611037384815, 
0.208326476463426, 0.240874290463209, -0.0940380539818881, 0.0673275740699923, 
0.0838117699962829, 0.0146403441076245, 0.0394172390927844, -0.157036435163147, 
0.321890105635824, 0.281954564629484, 0.10529381211497, 0.165635909140245, 
-0.0655569870046499, 0.00425824094500691, 0.250006613324788, 
0.356452547531333, 0.299678243761312, -201.104094178201, -207.31555042494, 
-72.058350361145, -0.0324477079483693, -0.12269156507638, -0.210475463219685, 
0.456758314650319, 0.156209261474951, -0.303722371670345, -0.280873409533365, 
-0.0121249388276429, -0.0918686968719693, -0.0907189958991773, 
-0.110368333969037, 0.432403735617829, 0.165486745826825, -0.0667408364842336, 
-0.0309421987096321, 0.0797530938981022, -0.232363797115148, 
-0.0164254233520858, 0.310592964503525, -0.0625063825568715, 
-0.258882420981214, -0.213298112240974, 0.00478047679816826, 
-0.110847477397496, -229.347249866025, -185.884768391499, -32.8001678763092, 
65.2291410813893, -0.0747643840827506, -0.124815518517923, -0.183611723647574, 
0.0678918722400554, -0.0729308175603249, -0.384466922057953, 
0.337537862414012, 0.175183457339153, -0.182915154714119, -0.0394561733986834, 
0.162080946458653, -0.268380483143602, -0.165442121354702, 0.242840354966431, 
-0.265674389635595, -0.0186913809055307, -0.372708946386993, 
-0.194488700799063, 0.0155238617981999, 0.0229736653393383, -0.335217859416253, 
0.222824807208442, 0.106799176649791, -242.447163886839, -216.825949317338, 
-17.8118383906464, 37.2921829858463, -68.94861802211, -0.00246937089569817, 
0.116398074713538, 0.245715697622007, -0.0937869847907052, -0.123166650589149, 
0.127513437807301, -0.045481105372897, -0.293086880623414, -0.141616615865293, 
0.404410134997029, -0.337641682910715, -0.342490826469897, 0.115604548751557, 
0.0922714404282052, 0.0777405613924333, -0.245352222163514, 0.214749911659659, 
-0.0688578714054187, -0.328757404098945, -0.31559951197763, 0.0630161573638097, 
-0.0996030542580525, -290.563824407448, -257.49602828124, -35.9638326888839, 
23.5749943605481, -24.9034590784622, -58.6949697185204, -0.391745703447427, 
-0.061617705899632, -0.0499669216047658, -0.618785432887897, 
0.0265699480523452, -0.138151427362217, 0.0701910041079946, 0.206862564558618, 
-0.0833681774703586, -0.0410830203216231, 0.225743660311036, 
0.103766805894656, 0.207843447662237, -0.0282839609944295, -0.221870879966631, 
0.086196216704601, -0.189700944095736, 0.2812774233537, -0.246397455839614, 
0.137708131018385, -0.151435405376563, -160.140422609455, -139.205092227389, 
-10.0713525788265, 32.8501351341182, -13.8463962735249, -30.2710548315907, 
38.1754420138377, -0.0467525839425793, 0.157922459771043, -0.141231892868349, 
-0.0192817656131128, -0.216227345887495, -0.378156215155264, 
0.333610982684118, 0.0501693412813739, 0.313902844930653, 0.23916183589647, 
-0.108803335225675, -0.31078945446678, 0.267740199444104, -0.30716385910715, 
0.185347287213242, -0.345600653117964, 0.0149734084061599, 0.226737742761135, 
-0.0724972811464528, 0.0859821818939637), .Dim = c(27L, 7L), .Dimnames = list(
    c("1", "2", "3", "5", "7", "8", "9", "10", "11", "12", "13", 
    "14", "15", "16", "17", "18", "19", "21", "22", "23", "24", 
    "25", "26", "27", "28", "29", "30"), c("x1", "x2", "x3", 
    "x4", "x5", "x6", "x7")), assign = 1:7), qraux = c(1.24064192456182, 
1.14146329737777, 1.02888325481459, 1.03509448900043, 1.14971768359057, 
1.03321522972479, 1.02672661321052), pivot = 1:7, tol = 1e-07, 
    rank = 7L), .Names = c("qr", "qraux", "pivot", "tol", "rank"
), class = "qr"), df.residual = 20L, xlevels = structure(list(), .Names = character(0)), 
    call = quote(lm(formula = y ~ . + 0, data = structure(list(y = c(43, 
        63, 71, 81, 58, 71, 72, 67, 64, 67, 69, 68, 77, 81, 74, 
        65, 65, 50, 64, 53, 40, 63, 66, 78, 48, 85, 82), x1 = c(1.62217427400739, 
        0.784671641819387, 1.09415279415183, 1.60030479703301, 
        1.0759473035784, 2.07689258733319, -0.148449694408243, 
        0.558208312522228, -0.582948279215403, 0.884892558982667, 
        0.808462665788754, 0.771666481594897, 2.22518976419033, 
        1.29224370960461, 1.110266556943, 1.39813138154673, 1.38181967513713, 
        2.74578315528371, -0.968136755690484, 0.49333726395769, 
        0.843620917948916, -0.0123587932759979, 2.48375705482583, 
        1.65097833841537, 0.14778108747645, -0.151694647107099, 
        0.411973597015204), x2 = c(54, 61, 75, 85, 62, 60, 53, 
        63, 66, 67, 77, 83, 61, 63, 60, 55, 60, 66, 37, 82, 55, 
        37, 77, 62, 62, 75, 83), x3 = c(56, 58, 68, 71, 45, 33, 
        83, 68, 42, 39, 68, 68, 42, 46, 83, 58, 46, 49, 44, 58, 
        47, 57, 58, 33, 42, 71, 68), x4 = c(54, 44, 72, 71, 54, 
        57, 71, 54, 42, 71, 42, 54, 67, 54, 59, 74, 62, 48, 45, 
        59, 71, 54, 69, 45, 63, 44, 56),