
expected <- structure(list(coefficients = structure(c(10.8445854223847, 0.598843176120226, 
-0.0958515825329529, 0.301017558929994, 0.0591961538378543, 0.117603831227019, 
-0.243052751605217), .Names = c("x1", "x2", "x3", "x4", "x5", 
"x6", "x7")), residuals = structure(c(-10.3876918385304, 2.04554501767262, 
2.34009857955338, -2.27065816700615, 7.64873021441338, -10.3203724097821, 
-8.72188619598569, 2.18952663249361, -7.64599798474869, 7.0925446351251, 
5.75201702397034, 9.51695058916694, 9.25942934922613, -1.64713423216864, 
1.76519664623896, -1.95122190977294, -1.09603729949864, 3.79793009236368, 
-2.99849643169791, -4.39432057460059, 5.13171528078348, 0.485026944257278, 
-11.6387392354969, -4.4846569027551, 5.10268708937977, 0.2919990400749, 
5.13781604732417), .Names = c("1", "2", "3", "4", "5", "6", "7", 
"8", "9", "10", "11", "12", "13", "14", "15", "16", "17", "18", 
"19", "20", "21", "22", "23", "24", "25", "26", "30")), effects = structure(c(-332.553755053224, 
-47.3569455303206, 4.84740410534456, 8.393226700135, -1.22790060819942, 
2.33673821588581, -9.87035106852223, 4.13815623164844, -3.08559310206995, 
7.94025755016497, 11.008656188024, 14.865370724229, 13.009569356795, 
-2.58355477892774, 4.50726893931819, 2.16975570687852, 0.897649584392416, 
3.88662350994203, -1.93867805744906, -6.47401319503352, 9.66221892521077, 
1.56253549080335, -8.80879644001205, -0.64286927628589, 8.71621520701649, 
1.28692996027027, 5.39952594487607), .Names = c("x1", "x2", "x3", 
"x4", "x5", "x6", "x7", "", "", "", "", "", "", "", "", "", "", 
"", "", "", "", "", "", "", "", "", "")), rank = 7L, fitted.values = structure(c(53.3876918385304, 
60.9544549823274, 68.6599014204466, 63.2706581670061, 73.3512697855866, 
53.3203724097821, 66.7218861959857, 68.8104733675064, 79.6459979847487, 
59.9074553648749, 58.2479829760297, 57.4830494108331, 59.7405706507739, 
69.6471342321686, 75.234803353761, 82.9512219097729, 75.0960372994986, 
61.2020699076363, 67.9984964316979, 54.3943205746006, 44.8682847192165, 
63.5149730557427, 64.6387392354969, 44.4846569027551, 57.8973129106202, 
65.7080009599251, 76.8621839526758), .Names = c("1", "2", "3", 
"4", "5", "6", "7", "8", "9", "10", "11", "12", "13", "14", "15", 
"16", "17", "18", "19", "20", "21", "22", "23", "24", "25", "26", 
"30")), assign = 1:7, qr = structure(list(qr = structure(c(-5.19615242270663, 
0.192450089729875, 0.192450089729875, 0.192450089729875, 0.192450089729875, 
0.192450089729875, 0.192450089729875, 0.192450089729875, 0.192450089729875, 
0.192450089729875, 0.192450089729875, 0.192450089729875, 0.192450089729875, 
0.192450089729875, 0.192450089729875, 0.192450089729875, 0.192450089729875, 
0.192450089729875, 0.192450089729875, 0.192450089729875, 0.192450089729875, 
0.192450089729875, 0.192450089729875, 0.192450089729875, 0.192450089729875, 
0.192450089729875, 0.192450089729875, -342.753609808908, -68.0364825881156, 
0.0948302518508885, -0.00805572540306698, 0.212414225855409, 
-0.125639699407587, 0.0507362615991933, 0.168320235603714, 0.271206212857669, 
-0.0374517189041971, -0.155035692908718, -0.0521497156547622, 
-0.022753722153632, 0.285904209608234, 0.197716229104844, 0.38879018686219, 
0.315300203109364, -0.0521497156547622, 0.0948302518508885, -0.0815457091558923, 
-0.346109650666063, -0.0374517189041971, 0.0360382648486282, 
-0.390203640917759, -0.140337696158153, 0.197716229104844, 0.271206212857669, 
-273.471577506153, -31.9186052397271, -53.7540597150277, -0.068940024584522, 
-0.00259405148006831, 0.0792274842913807, -0.161627025089866, 
-0.0865555811570526, 0.258180623295055, -0.0505013934329394, 
0.172079099712536, -0.00407558572236198, 0.163518243799986, 0.453597014460587, 
-0.0305812280390631, -0.224845314793922, 0.0816967080285368, 
0.330782843490713, -0.114871987547668, 0.405031212844475, -0.0801347191500383, 
0.0797213290388119, 0.0336247511598553, 0.114952442183873, -0.0417759226045793, 
0.192657724769653, -0.355726496928915, -288.867584684543, -31.8151748922231, 
-10.7420708495204, 46.8713246981527, -0.13207290309552, 0.133572442022195, 
-0.0936583501173797, 0.0390282479705255, -0.0104238354988438, 
0.0803242194515253, -0.149301402981008, 0.258912388977911, 0.280950787064172, 
0.545622146599228, -0.281277578713764, -0.22401796861094, -0.0913695887295397, 
-0.378185415255976, -0.0659608194573539, 0.0783902646598316, 
0.130862578649903, -0.188771043885741, 0.100465325642289, -0.335626137821619, 
-0.00934067039045085, -0.00195424574144852, -0.0798415502449372, 
-310.229544644559, -12.9592781719982, 4.7550835877672, -0.287628226212618, 
44.2605150101898, -0.041665716682577, 0.0616505373800853, 0.0486230064166414, 
-0.2650081333859, 0.0905994805440269, -0.131633603014861, -0.486301246373143, 
0.053558365470049, 0.174762938702206, -0.112919946484582, 0.0291166638228863, 
-0.426687128356184, 0.0188092871400434, -0.0284947912089053, 
0.268929174612523, -0.0569220018855884, 0.157810953581552, -0.113423869679699, 
-0.00997747150364294, -0.0219264044699226, -0.448586371454589, 
0.232329634734244, -386.439780177589, -11.4110891809387, -4.10160002706479, 
0.49003517891903, -4.4570678179255, 50.8837363919826, 0.155824054750095, 
0.240286793903224, -0.0691370133020899, -0.0455255859634481, 
0.172175559992152, 0.0141081795765857, 0.349943647098683, 0.223577313128213, 
-0.0261363516961052, 0.445405844643831, -0.0516944301314831, 
-0.0454756391311419, -0.173565747140538, 0.0987611454354514, 
0.204101673865188, -0.0450786776785182, -0.0479465356860863, 
0.320040811106937, 0.0115921869841863, 0.0192502710788787, -0.0181434447478142, 
-220.547802830437, -8.28150461356839, -12.875499479707, 23.6840296439762, 
13.6751573076502, 15.0065535439047, 40.6099128824278, -0.0491900469335557, 
0.569070797843792, -0.0509392392753505, 0.315271462471011, -0.00203875589379097, 
0.164138287035623, -0.0750945670661539, 0.209922195534351, 0.218491741468118, 
-0.161431370431761, -0.0633079063770857, 0.0239846056537458, 
-0.28940607270018, -0.0251805782389095, 0.154729340048027, 0.14752048813804, 
-0.100696888192555, 0.196272217235097, -0.460404787871745, 0.0514686101971779
), .Dim = c(27L, 7L), .Dimnames = list(c("1", "2", "3", "4", 
"5", "6", "7", "8", "9", "10", "11", "12", "13", "14", "15", 
"16", "17", "18", "19", "20", "21", "22", "23", "24", "25", "26", 
"30"), c("x1", "x2", "x3", "x4", "x5", "x6", "x7")), assign = 1:7), 
    qraux = c(1.19245008972988, 1.0066422713475, 1.29439942593498, 
    1.09361073781378, 1.24594466272375, 1.56205019021633, 1.15276221988244
    ), pivot = 1:7, tol = 1e-07, rank = 7L), .Names = c("qr", 
"qraux", "pivot", "tol", "rank"), class = "qr"), df.residual = 20L, 
    xlevels = structure(list(), .Names = character(0)), call = quote(lm(formula = y ~ 
        . + 0, data = structure(list(y = c(43, 63, 71, 61, 81, 
        43, 58, 71, 72, 67, 64, 67, 69, 68, 77, 81, 74, 65, 65, 
        50, 50, 64, 53, 40, 63, 66, 82), x1 = c(1, 1, 1, 1, 1, 
        1, 1, 1, 1, 1, 1, 1, 1, 1, 1, 1, 1, 1, 1, 1, 1, 1, 1, 
        1, 1, 1, 1), x2 = c(51, 64, 70, 63, 78, 55, 67, 75, 82, 
        61, 53, 60, 62, 83, 77, 90, 85, 60, 70, 58, 40, 61, 66, 
        37, 54, 77, 82), x3 = c(30, 51, 68, 45, 56, 49, 42, 50, 
        72, 45, 53, 47, 57, 83, 54, 50, 64, 65, 46, 68, 33, 52, 
        52, 42, 42, 66, 39), x4 = c(39, 54, 69, 47, 66, 44, 56, 
        55, 67, 47, 58, 39, 42, 45, 72, 72, 69, 75, 57, 54, 34, 
        62, 50, 58, 48, 63, 59), x5 = c(55, 55, 54, 59, 50, 59, 
        58, 59, 71, 55, 62, 80, 55, 50, 66, 63, 80, 55, 62, 43, 
        59, 51, 64, 55, 59, 79, 54), x6 = c(92, 73, 86, 84, 83, 
        49, 68, 66, 83, 80, 67, 74, 63, 77, 77, 54, 79, 80, 85, 
        78, 64, 80, 80, 57, 75, 76, 78), x7 = c(45, 47, 48, 35, 
        47, 34, 35, 41, 31, 41, 34, 41, 25, 35, 46, 36, 63, 60, 
        46, 52, 33, 41, 37, 49, 33, 72, 39)), .Names = c("y", 
        "x1", "x2", "x3", "x4", "x5", "x6", "x7"),