
expected <- structure(list(coefficients = structure(c(8.9217206492826, 0.0126514599417131, 
0.151861671711235, 0.436371426473323, 0.532446161538003, 0.098456429554264, 
-0.476697122980693), .Names = c("x1", "x2", "x3", "x4", "x5", 
"x6", "x7")), residuals = structure(c(-8.72052466651277, 3.46845189411014, 
-5.14342674440693, 3.71383474132702, 10.0640838507851, -10.8809004134554, 
-7.93886648569667, 5.22257397786916, -9.42922829075901, -0.271821170104768, 
13.8179183766519, 8.44932418426034, 3.48855739006863, 0.00889751554336682, 
3.88276811867767, -3.04032202324956, -10.6658789997947, 7.04369108823183, 
-4.4223090982994, -10.1790154893855, -10.1561465089573, -0.736243448383352, 
-1.40060835253042, 0.0116102550587622, -5.13567445090475, 11.4762018616656, 
17.4730528881909), .Names = c("1", "2", "3", "4", "5", "6", "7", 
"8", "9", "11", "12", "13", "14", "15", "18", "19", "20", "21", 
"22", "23", "24", "25", "26", "27", "28", "29", "30")), effects = structure(c(-330.436804066196, 
-11.3868173266455, -26.0734878510726, 27.2286123198413, 16.9339105032658, 
2.98381329951869, -19.4496261336252, 9.92749474683274, -8.10434741743683, 
3.0716289039533, 14.9082208744066, 9.97336381923536, 2.38696999388536, 
7.19222619792007, -2.06777750574955, 1.23030500867091, -10.486662749077, 
7.46653487496462, -3.91040028759108, -7.35730795003229, -8.74133231546765, 
5.26829533137339, 4.61164267492242, 4.37078399873839, -5.93677818074435, 
16.5890433623425, 20.8076615906176), .Names = c("x1", "x2", "x3", 
"x4", "x5", "x6", "x7", "", "", "", "", "", "", "", "", "", "", 
"", "", "", "", "", "", "", "", "", "")), rank = 7L, fitted.values = structure(c(51.7205246665128, 
59.5315481058899, 76.1434267444069, 57.286165258673, 70.9359161492148, 
53.8809004134554, 65.9388664856967, 65.7774260221308, 81.429228290759, 
64.2718211701048, 53.1820816233481, 60.5506758157397, 64.5114426099314, 
76.9911024844566, 61.1172318813223, 68.0403220232496, 60.6658789997947, 
42.9563089117682, 68.4223090982994, 63.1790154893854, 50.1561465089573, 
63.7362434483834, 67.4006083525304, 77.9883897449412, 53.1356744509047, 
73.5237981383344, 64.5269471118091), .Names = c("1", "2", "3", 
"4", "5", "6", "7", "8", "9", "11", "12", "13", "14", "15", "18", 
"19", "20", "21", "22", "23", "24", "25", "26", "27", "28", "29", 
"30")), assign = 1:7, qr = structure(list(qr = structure(c(-5.19615242270663, 
0.192450089729875, 0.192450089729875, 0.192450089729875, 0.192450089729875, 
0.192450089729875, 0.192450089729875, 0.192450089729875, 0.192450089729875, 
0.192450089729875, 0.192450089729875, 0.192450089729875, 0.192450089729875, 
0.192450089729875, 0.192450089729875, 0.192450089729875, 0.192450089729875, 
0.192450089729875, 0.192450089729875, 0.192450089729875, 0.192450089729875, 
0.192450089729875, 0.192450089729875, 0.192450089729875, 0.192450089729875, 
0.192450089729875, 0.192450089729875, -369.88907246082, -66.4836376417091, 
-0.24399563130436, -0.304160810916773, 0.237325805594943, 0.0117063820483947, 
0.13203674127322, 0.116995446370117, 0.237325805594943, -0.259036926207463, 
0.0117063820483947, 0.162119331079427, 0.116995446370117, -0.24399563130436, 
0.116995446370117, -0.0635000924671214, -0.0635000924671214, 
-0.259036926207463, 0.162119331079427, -0.213913041498154, -0.319202105819876, 
-0.28911951601367, 0.0117063820483947, 0.13203674127322, -0.304160810916773, 
-0.19887174659505, -0.19887174659505, -276.165878762371, -16.203374205617, 
-62.3286296316561, 0.0125470228604896, 0.0406686133245477, -0.00982169533806118, 
-0.155099038792931, -0.0226259318827622, 0.297372476293384, 0.128535428067656, 
-0.0419096782091657, 0.0773184818888524, 0.506825785490463, 0.140458244077458, 
0.218033939650522, -0.0373477925159657, 0.315620019066185, -0.192344400643389, 
-0.00290147528890904, 0.100127910354853, -0.0314637760204168, 
-0.0397061268719177, 0.262926159066328, 0.101604824175906, -0.0034969685750627, 
0.400842572204596, -0.112565153733077, -289.252484864003, -5.72571959311461, 
-28.8399948273001, 51.2393484882695, -0.197154548498815, 0.170152408914388, 
-0.145293422945789, -0.039716698192514, -0.0462194394190748, 
-0.0454359892204079, 0.246427245219894, 0.286062658542427, 0.507001745226904, 
-0.308845090284972, -0.270243573261596, -0.111344521115871, 0.181574853174325, 
0.209889840818793, -0.157528416963631, 0.0975364309905391, -0.159282126226172, 
0.0342107998549487, -0.0195517948411558, -0.32613458545334, 0.114900767016812, 
-0.110728648569631, -0.217436354030705, -334.478255950523, -11.6592318898906, 
-20.2571375099718, 28.8130146735808, 39.0104751747036, 0.104855729261918, 
0.000343383582226737, -0.10838239832517, 0.113675422981435, 0.203085472095869, 
-0.10880556540789, 0.0786391580178209, 0.0595085485837447, -0.10092328407717, 
0.62885629714751, -0.233836016503801, 0.0325208706700598, 0.161250181506971, 
0.118635289875931, -0.0524626442064059, 0.383210736333087, -0.18774938441918, 
-0.427385986828797, -0.0372362891542499, 0.148380988407064, -0.0339718549641332, 
0.0522678694166912, -390.673682151647, -5.80705400259067, -5.68222648750777, 
10.1785392801762, 13.0237407184595, 44.9315481132131, 0.19914409205461, 
0.285965268833543, -0.0591829341880426, 0.231511946577596, 0.0784556324739779, 
0.314174844625505, 0.0855642838014643, 0.0916514046714047, -0.0937750430406443, 
-0.113869616309716, 0.0476323095005437, 0.212487070389782, -0.0543607181064705, 
-0.0258549048441172, 0.390969659248556, 0.083168928982559, 0.186199389007106, 
0.0569810634623386, -0.158019525806368, 0.189852246687771, -0.0242855541955167, 
-220.932703009897, -2.50298288887566, -15.3600225643495, 24.0704137266286, 
10.7391843312342, 3.02075769421461, 40.8008045276433, 0.0938436339407899, 
0.445818000608708, 0.173662486123223, -0.107227628624854, 0.246392939622537, 
0.039160549778435, 0.178012002655337, -0.327333131808021, 0.0623013047913633, 
-0.246593527819323, -0.0874809074076242, 0.144518858748104, 0.104262082534429, 
-0.261495325346508, 0.213416579393558, -0.470340481341721, 0.141403721476761, 
-0.041115000383337, -0.0985302685650853, 0.154315819077515), .Dim = c(27L, 
7L), .Dimnames = list(c("1", "2", "3", "4", "5", "6", "7", "8", 
"9", "11", "12", "13", "14", "15", "18", "19", "20", "21", "22", 
"23", "24", "25", "26", "27", "28", "29", "30"), c("x1", "x2", 
"x3", "x4", "x5", "x6", "x7")), assign = 1:7), qraux = c(1.19245008972988, 
1.0417889718546, 1.36507412417519, 1.08652147449898, 1.07258847339525, 
1.60727614074148, 1.23505810789986), pivot = 1:7, tol = 1e-07, 
    rank = 7L), .Names = c("qr", "qraux", "pivot", "tol", "rank"
), class = "qr"), df.residual = 20L, xlevels = structure(list(), .Names = character(0)), 
    call = quote(lm(formula = y ~ . + 0, data = structure(list(y = c(43, 
        63, 71, 61, 81, 43, 58, 71, 72, 64, 67, 69, 68, 77, 65, 
        65, 50, 50, 64, 53, 40, 63, 66, 78, 48, 85, 82), x1 = c(1, 
        1, 1, 1, 1, 1, 1, 1, 1, 1, 1, 1, 1, 1, 1, 1, 1, 1, 1, 
        1, 1, 1, 1, 1, 1, 1, 1), x2 = c(90, 77, 58, 54, 90, 75, 
        83, 82, 90, 57, 75, 85, 82, 58, 82, 70, 70, 57, 85, 60, 
        53, 55, 75, 83, 54, 61, 61), x3 = c(30, 51, 68, 45, 56, 
        49, 42, 50, 72, 53, 47, 57, 83, 54, 65, 46, 68, 33, 52, 
        52, 42, 42, 66, 58, 44, 71, 39), x4 = c(39, 54, 69, 47, 
        66, 44, 56, 55, 67, 58, 39, 42, 45, 72, 75, 57, 54, 34, 
        62, 50, 58, 48, 63, 74, 45, 71, 59), x5 = c(61, 63, 76, 
        54, 71, 54, 66, 70, 71, 58, 59, 55, 59, 79, 55, 75, 64, 
        43, 66, 63, 50, 66, 88, 80, 51, 77, 64), x6 = c(92, 73, 
        86, 84, 83, 49, 68, 66, 83, 67, 74, 63, 77, 77, 80, 85, 
        78, 64, 80, 80, 57, 75, 76, 78, 83, 74, 78), x7 = c(45, 
        47, 48, 35, 47, 34, 35, 41, 31, 34, 41, 25, 35, 46, 60, 
        46, 52, 33, 41, 37, 49, 33, 72, 49, 38, 55, 39)), .Names = c("y", 
        "x1", "x2", "x3", "x4", "x5", "x6", "x7"),