
expected <- structure(list(coefficients = structure(c(-0.936172879727475, 
0.380572649236755, 0.196261490738183, -0.0708868509247247, 0.00915439131651032, 
0.38216127386527, 0.10463903942832), .Names = c("x1", "x2", "x3", 
"x4", "x5", "x6", "x7")), residuals = structure(c(-9.02044925598611, 
1.91470897320528, -5.79315182920946, 26.1182210628278, -27.7761042389212, 
-5.70234941046199, 1.21715446343291, 4.53593021308534, -0.225354517312609, 
7.08833241118694, -2.88823876502514, 6.31519080413302, 3.78871461981402, 
5.50120355472189, 15.2451300613592, -4.11091288564902, 6.00111413954666, 
-6.0991794110087, -0.137589387826823, -19.8346660442124, -21.938986544737, 
-5.55136042696908, 4.03246083986564, 4.99274755207216, -12.154044309159, 
22.0594912742856, 20.2728638535787), .Names = c("1", "3", "4", 
"5", "6", "7", "8", "9", "10", "11", "12", "13", "15", "16", 
"17", "18", "19", "20", "22", "23", "24", "25", "26", "27", "28", 
"29", "30")), effects = structure(c(253.462473269384, -219.26303685583, 
31.9958234996189, 13.3016235603819, -15.2927374605174, -25.7537593048974, 
5.10995752299782, 10.8017921056554, -0.0796662535101231, 20.7547103948271, 
0.765915946604119, 14.9011505614442, -9.04917740714163, -8.22509406421593, 
25.3263912143577, 3.44178447249095, 6.08228978056325, -0.628319192952453, 
5.19383265309238, -28.1452115534437, -19.8193604127079, -7.86343448680026, 
5.71772649011792, -1.9211594818343, -9.96819809020277, 25.4735663881511, 
20.3935956237106), .Names = c("x1", "x2", "x3", "x4", "x5", "x6", 
"x7", "", "", "", "", "", "", "", "", "", "", "", "", "", "", 
"", "", "", "", "", "")), rank = 7L, fitted.values = structure(c(52.0204492559861, 
69.0852910267947, 66.7931518292095, 54.8817789371722, 70.7761042389212, 
63.702349410462, 69.7828455365671, 67.4640697869147, 67.2253545173126, 
56.9116675888131, 69.8882387650251, 62.684809195867, 73.211285380186, 
75.4987964452781, 58.7548699386408, 69.110912885649, 58.9988858604533, 
56.0991794110087, 64.1375893878268, 72.8346660442124, 61.938986544737, 
68.5513604269691, 61.9675391601344, 73.0072524479278, 60.154044309159, 
62.9405087257144, 61.7271361464213), .Names = c("1", "3", "4", 
"5", "6", "7", "8", "9", "10", "11", "12", "13", "15", "16", 
"17", "18", "19", "20", "22", "23", "24", "25", "26", "27", "28", 
"29", "30")), assign = 1:7, qr = structure(list(qr = structure(c(7.03563209002926, 
-0.114379074034337, -0.114191688492887, -0.113342988074491, -0.351808695322349, 
-0.0845985503457338, -0.288713513040313, -0.135823473233833, 
-0.16224015272835, -0.177897133062238, -0.0481065604228645, -0.319066109642955, 
-0.119240790852869, -0.182612390710901, 0.0225887401508792, -0.136375450911009, 
-0.177827905472751, -0.122590927163039, 0.0903132995284957, 0.0327519824238897, 
-0.155545727568915, -0.413792050063219, -0.194322090142835, -0.107668223901027, 
-0.283991695163071, -0.230048820986434, -0.149536170444169, 271.274019639523, 
-241.359495915565, 0.267414562073105, 0.127175791704815, 0.057901041253412, 
0.214802109784499, 0.125448555474145, 0.189210709728385, 0.128171321567846, 
0.120693341324245, 0.27503336350995, -0.00894656608956254, 0.222234963042806, 
0.237346226714121, 0.236355634827277, 0.221946589926689, 0.207751866819525, 
0.0747364668302263, 0.377773593553054, 0.343335895118054, 0.0958513909603706, 
0.0450403299394405, 0.145790918951641, 0.272256513604347, 0.0460893145831041, 
0.052982090204057, 0.208035030297226, 225.364567994913, -164.209191792314, 
60.837100714787, -0.133854866836011, 0.0433561865349616, 0.138191794027859, 
0.278066843380243, 0.114483612864364, -0.362384820425026, 0.19896711949222, 
0.224182458960931, 0.0489656954726888, -0.174440674893267, 0.122240793870664, 
-0.11429272455019, 0.166132937096798, 0.331878386786215, -0.367256619372282, 
0.217554499497729, -0.112057309438977, 0.0146993405000907, -0.126728141897964, 
0.13812480940258, 0.259114733162369, -0.0249990783863562, -0.0489133883464927, 
0.0931099763713552, 226.494073820923, -182.164128257246, 27.1090601933458, 
79.3899474474778, 0.0638753538062043, -0.0992545718156118, 0.038807645577728, 
-0.165110848933727, 0.0106023409836838, -0.318555963146396, 0.272294600925626, 
-0.165208648400331, 0.344208395420552, 0.314057752990861, -0.334667679947452, 
-0.162786203801906, -0.20901671174678, -0.205759439171019, 0.287921869887463, 
0.155995884463703, -0.0532484587581983, 0.0509661760775647, -0.0783556181453367, 
-0.145027190663341, -0.314217162780451, -0.0315737873894886, 
0.267117123769497, 242.054204895249, -211.307132018782, 21.5655463238572, 
21.2489856700115, -71.200180268556, 0.189051669415344, -0.0947418145196034, 
0.127863241590919, 0.157857167900675, 0.230897705587982, 0.36585166641869, 
0.305473308863396, -0.0820667970751389, -0.215876134625819, 0.0782174406345695, 
0.11832026534403, -0.169863508501532, 0.155005242475207, 0.370468231208686, 
-0.162644991975307, 0.154797158836773, 0.0500789227861548, 0.0430777980571525, 
-0.383093872482372, -0.122515990864991, 0.224402901700875, 0.251061324991981, 
288.764005870371, -234.056783993683, 49.7977253326928, 40.5208025519782, 
-33.4079111487409, -60.5717208368879, 0.15851830739077, 0.0467833915718767, 
-0.195505554418125, 0.0200767042568012, 0.1721139786776, 0.235779324313197, 
0.0102601267045401, 0.0591190686486597, 0.0475378890759139, -0.0384044734351361, 
-0.362252580383669, 0.0441464113333317, -0.040623926217733, -0.000119947835638508, 
0.381291377223497, -0.58492760641051, -0.0638258833446712, 0.180279280960646, 
0.00931065318824309, 0.241532663645789, -0.337479026396636, 153.521623659865, 
-159.706051348761, 26.2744932107928, 31.0526921553941, -17.9066367293626, 
-24.9007762675964, 48.8341402111041, -0.101049902766759, -0.284291750649358, 
0.169301498548881, 0.0314794817429835, -0.291261395520522, -0.186934479603208, 
0.130748020782463, 0.259063006836843, 0.2927081807329, -0.306799552808726, 
-0.184150963055757, 0.259315797555815, 0.0897793150803883, -0.481657562715985, 
0.167497375097911, -0.154098185529605, -0.0601358555559547, 0.106680109147494, 
-0.290296035083386, 0.0445140676808248), .Dim = c(27L, 7L), .Dimnames = list(
    c("1", "3", "4", "5", "6", "7", "8", "9", "10", "11", "12", 
    "13", "15", "16", "17", "18", "19", "20", "22", "23", "24", 
    "25", "26", "27", "28", "29", "30"), c("x1", "x2", "x3", 
    "x4", "x5", "x6", "x7")), assign = 1:7), qraux = c(1.20725172220192, 
1.17198194096709, 1.37681244514043, 1.04139820845885, 1.20004918866377, 
1.10132530832757, 1.03550013401535), pivot = 1:7, tol = 1e-07, 
    rank = 7L), .Names = c("qr", "qraux", "pivot", "tol", "rank"
), class = "qr"), df.residual = 20L, xlevels = structure(list(), .Names = character(0)), 
    call = quote(lm(formula = y ~ . + 0, data = structure(list(y = c(43, 
        71, 61, 81, 43, 58, 71, 72, 67, 64, 67, 69, 77, 81, 74, 
        65, 65, 50, 64, 53, 40, 63, 66, 78, 48, 85, 82), x1 = c(-1.45814686743768, 
        0.804729083703814, 0.803410707975183, 0.797439564076696, 
        2.47519654636125, 0.595204275582401, 2.03128205717151, 
        0.955603986863188, 1.14146202482683, 1.25161877809689, 
        0.338460060252037, 2.24483175984477, 0.838934334564916, 
        1.28479359612258, -0.158926065078858, 0.959487498721707, 
        1.25113171824678, 0.862504661094714, -0.635411148319109, 
        -0.230430898553593, 1.09436251235081, 2.91128862602378, 
        1.36717873321049, 0.757514011154519, 1.99806108379111, 
        1.61853886720555, 1.05208147939708), x2 = c(55, 62, 85, 
        51, 77, 67, 82, 70, 60, 61, 75, 55, 75, 90, 53, 78, 82, 
        40, 75, 77, 51, 85, 70, 85, 62, 54, 77), x3 = c(30, 71, 
        45, 50, 65, 45, 53, 50, 72, 39, 45, 47, 71, 66, 47, 53, 
        47, 56, 42, 65, 42, 83, 50, 52, 56, 50, 57), x4 = c(56, 
        69, 58, 42, 55, 59, 55, 67, 58, 69, 34, 55, 39, 45, 74, 
        72, 74, 59, 34, 55, 45, 67, 59, 74, 75, 47, 39),