
expected <- structure(list(coefficients = structure(c(21.7737333244671, 0.766794663090854, 
-0.0374246446370046, -0.179667847561846, 0.0999228583863278, 
-0.0364735921037024, 0.0140694251025776), .Names = c("x1", "x2", 
"x3", "x4", "x5", "x6", "x7")), residuals = structure(c(-10.4283060522924, 
-2.32838042766292, 5.89886039757601, 1.09690381112959, 9.54000245036638, 
-10.264535976066, -8.48221117749662, -1.33522295081007, -1.70327108616372, 
7.28554972612974, 9.9607131065868, 5.81459536952744, -8.18879301919549, 
4.50912143932558, 9.52457416195697, -2.62957214356877, -7.74361349536542, 
4.98688606352822, 1.2290591739909, -10.7335180000282, 0.576566393384816, 
6.76957343761555, -6.98403150015434, 3.13405915610435, -7.11866614721474, 
2.84242271404373, 4.7712345747526), .Names = c("1", "2", "3", 
"4", "5", "6", "7", "8", "9", "11", "12", "13", "14", "15", "18", 
"19", "20", "21", "22", "23", "24", "25", "26", "27", "28", "29", 
"30")), effects = structure(c(-330.436804066196, -51.0689079508119, 
2.68611967430661, 9.57486486008463, -3.85271417911187, -1.53053893070931, 
0.525557470277534, 2.83207802609319, 1.17486213936585, 10.8250962758046, 
12.1223468045386, 12.763050853822, -2.4749875607874, 5.036867409451, 
8.71552134945521, -2.8113043184784, -8.92464339747013, 10.102147061881, 
2.59229087978168, -8.08696643900196, 1.26517378070719, 8.30262805112514, 
-11.5783641902438, 3.48296566347524, -4.06390795106136, 4.74424323269147, 
10.9895973863261), .Names = c("x1", "x2", "x3", "x4", "x5", "x6", 
"x7", "", "", "", "", "", "", "", "", "", "", "", "", "", "", 
"", "", "", "", "", "")), rank = 7L, fitted.values = structure(c(53.4283060522924, 
65.3283804276629, 65.101139602424, 59.9030961888704, 71.4599975496336, 
53.264535976066, 66.4822111774966, 72.3352229508101, 73.7032710861637, 
56.7144502738703, 57.0392868934132, 63.1854046304726, 76.1887930191955, 
72.4908785606744, 55.475425838043, 67.6295721435688, 57.7436134953654, 
45.0131139364718, 62.7709408260091, 63.7335180000282, 39.4234336066152, 
56.2304265623844, 72.9840315001543, 74.8659408438957, 55.1186661472147, 
82.1575772859563, 77.2287654252474), .Names = c("1", "2", "3", 
"4", "5", "6", "7", "8", "9", "11", "12", "13", "14", "15", "18", 
"19", "20", "21", "22", "23", "24", "25", "26", "27", "28", "29", 
"30")), assign = 1:7, qr = structure(list(qr = structure(c(-5.19615242270663, 
0.192450089729875, 0.192450089729875, 0.192450089729875, 0.192450089729875, 
0.192450089729875, 0.192450089729875, 0.192450089729875, 0.192450089729875, 
0.192450089729875, 0.192450089729875, 0.192450089729875, 0.192450089729875, 
0.192450089729875, 0.192450089729875, 0.192450089729875, 0.192450089729875, 
0.192450089729875, 0.192450089729875, 0.192450089729875, 0.192450089729875, 
0.192450089729875, 0.192450089729875, 0.192450089729875, 0.192450089729875, 
0.192450089729875, 0.192450089729875, -339.09705810404, -64.6156729066964, 
0.108983611697181, 0.000650761707243416, 0.232792583114252, -0.123158209709828, 
0.062555247415779, 0.18636421883285, 0.294697068822788, -0.154110452564096, 
-0.0457776025741583, -0.0148253597198905, 0.310173190249921, 
0.217316461687118, -0.0457776025741583, 0.108983611697181, -0.0767298454284261, 
-0.355300031116836, -0.0303014811470244, 0.0470791259886451, 
-0.401728395398238, -0.138634331136962, 0.217316461687118, 0.18636421883285, 
-0.09220596685556, 0.341125433104189, 0.294697068822788, -276.165878762371, 
-38.1635422496297, -51.8743814456437, -0.0855473432092191, -0.04856337822439, 
0.0849309466482844, -0.190063826433519, -0.12921405674444, 0.213189566166732, 
0.185382533999306, -0.011979315364881, 0.157451833421777, 0.413569170333353, 
-0.0754469377310734, 0.335012773954993, -0.147967824504566, 0.416187023010466, 
-0.0484397098142874, 0.0727362590284481, 0.0143806736063798, 
0.160069686098891, -0.0383393043361418, 0.155881121815509, 0.0250046496199481, 
-0.0347979789982857, 0.158898876617943, -0.42296259758637, -304.263591862933, 
-2.27670941883613, -5.7039809138147, -54.3962118407494, 0.305684485245745, 
0.209110456028854, 0.000664314934761281, 0.0631571737576272, 
0.238968318572468, -0.3794275998019, 0.2363747164194, -0.341839917620028, 
-0.131291654398188, 0.237097803476786, 0.185944896018091, 0.144621018953953, 
-0.157740334097199, -0.239997316766772, -0.264144381142449, 0.0271431845326064, 
0.109685863037092, -0.0875191113217993, 0.203477923209247, -0.204371187629005, 
0.0865524168628096, -0.231174157893064, 0.156778474947306, -334.478255950523, 
-38.7894653829049, 0.555667010559441, -2.08289536061696, -37.2696451914264, 
-0.117339989185221, 0.0258841649907346, 0.010303163153444, -0.0952409663117187, 
-0.0971873144713306, -0.0406383283447435, -0.306343792254129, 
-0.528861167376244, 0.242451424387434, -0.211781968556044, 0.239160415055798, 
-0.0118682041093496, -0.236653189728794, 0.0312579214059667, 
-0.0669334972745946, 0.0253859907717136, 0.188168620548132, 0.441389679106212, 
0.207664004180075, -0.231160901395472, -0.0538704787790267, -0.196408082427557, 
-390.673682151647, -18.1024765522868, 4.6765930061464, -5.38058314532952, 
-7.19504945847754, 43.9065425979899, 0.240885782104841, 0.337840771774412, 
0.0218639690462313, 0.106394223965819, 0.124939619657645, 0.217698291980138, 
0.0231151915170579, 0.171458484956233, -0.0347972290014093, -0.0676633836409494, 
-0.0489193332271989, 0.120413388049934, -0.112171644222151, -0.0362475626589264, 
0.392198738023591, 0.0289712295996354, 0.222068620162268, 0.0342400399007717, 
-0.156228194326419, 0.133511749816477, 0.0795943751582842, -220.932703009897, 
-10.2044959173061, -11.7299946118344, -13.256104799702, -27.7945969223087, 
5.03861345980764, 37.3545803361396, 0.035622665616027, 0.461953392579074, 
0.0932562048093803, 0.0141317988044607, 0.212396962558973, 0.0560984622072567, 
0.154581541042728, -0.485189562169172, 0.117683014279433, -0.162156255907504, 
-0.11253695008353, 0.0661605172750877, 0.143265271928228, -0.299123227155993, 
0.318114092681058, -0.338268274110378, 0.0277744798268602, -0.0391822837110528, 
-0.242266043930821, -0.0519724771262559), .Dim = c(27L, 7L), .Dimnames = list(
    c("1", "2", "3", "4", "5", "6", "7", "8", "9", "11", "12", 
    "13", "14", "15", "18", "19", "20", "21", "22", "23", "24", 
    "25", "26", "27", "28", "29", "30"), c("x1", "x2", "x3", 
    "x4", "x5", "x6", "x7")), assign = 1:7), qraux = c(1.19245008972988, 
1.01612688313438, 1.2761336179975, 1.12138686421305, 1.01993767189948, 
1.65788535871432, 1.14953854288112), pivot = 1:7, tol = 1e-07, 
    rank = 7L), .Names = c("qr", "qraux", "pivot", "tol", "rank"
), class = "qr"), df.residual = 20L, xlevels = structure(list(), .Names = character(0)), 
    call = quote(lm(formula = y ~ . + 0, data = structure(list(y = c(43, 
        63, 71, 61, 81, 43, 58, 71, 72, 64, 67, 69, 68, 77, 65, 
        65, 50, 50, 64, 53, 40, 63, 66, 78, 48, 85, 82), x1 = c(1, 
        1, 1, 1, 1, 1, 1, 1, 1, 1, 1, 1, 1, 1, 1, 1, 1, 1, 1, 
        1, 1, 1, 1, 1, 1, 1, 1), x2 = c(51, 64, 70, 63, 78, 55, 
        67, 75, 82, 53, 60, 62, 83, 77, 60, 70, 58, 40, 61, 66, 
        37, 54, 77, 75, 57, 85, 82), x3 = c(30, 51, 68, 45, 56, 
        49, 42, 50, 72, 53, 47, 57, 83, 54, 65, 46, 68, 33, 52, 
        52, 42, 42, 66, 58, 44, 71, 39), x4 = c(54, 44, 72, 63, 
        71, 72, 54, 57, 71, 42, 71, 42, 54, 67, 74, 62, 57, 48, 
        45, 59, 71, 54, 69, 45, 63, 44, 56), x5 = c(61, 63, 76, 
        54, 71, 54, 66, 70, 71, 58, 59, 55, 59, 79, 55, 75, 64, 
        43, 66, 63, 50, 66, 88, 80, 51, 77, 64), x6 = c(92, 73, 
        86, 84, 83, 49, 68, 66, 83, 67, 74, 63, 77, 77, 80, 85, 
        78, 64, 80, 80, 57, 75, 76, 78, 83, 74, 78), x7 = c(45, 
        47, 48, 35, 47, 34, 35, 41, 31, 34, 41, 25, 35, 46, 60, 
        46, 52, 33, 41, 37, 49, 33, 72, 49, 38, 55, 39)), .Names = c("y", 
        "x1", "x2", "x3", "x4", "x5", "x6", "x7"),