
expected <- structure(list(coefficients = structure(c(7.2710094003337, 0.56647228841688, 
-0.103566904022919, 0.468827774656903, 0.177620670932011, -0.0515469918610878, 
-0.182499635916232), .Names = c("x1", "x2", "x3", "x4", "x5", 
"x6", "x7")), residuals = structure(c(-7.10652961458852, -1.89640195316052, 
-1.22679136121357, 9.61945996353419, -9.88752767877414, -6.87420428254306, 
1.04135351382519, -4.79914604253934, 6.97258373460524, 5.60297615499814, 
11.0099094062246, 8.90724281517773, -2.64245420878218, -2.29932857721526, 
-6.24638237978153, -1.16381532020809, -0.62832513704829, -2.47442053921412, 
-3.77093960021871, 4.25809038558516, -9.31746386670224, 7.10493928414261, 
-1.36742550574705, 2.75120470091833, -10.2083997532618, 7.90576541200324, 
6.73603044998399), .Names = c("1", "2", "4", "5", "6", "7", "8", 
"9", "10", "11", "12", "13", "14", "15", "16", "17", "18", "19", 
"20", "21", "23", "25", "26", "27", "28", "29", "30")), effects = structure(c(-339.4819582835, 
47.9679701362602, -3.77147328366682, -12.3774262568539, 6.08432121767595, 
-4.8401355644572, 7.68327087623311, -2.3425359462697, 8.26503263877746, 
6.94843434104177, 14.287189151374, 14.8267967637359, 3.63099522557647, 
-4.26312038760357, -4.08950598382241, -2.07658665016816, -5.01708984614024, 
-2.81984567044903, -2.58625486387677, 7.30611961504093, -6.86660216128876, 
9.16668234922438, -2.59621556617586, 0.880731556618994, -9.10602440148348, 
8.10241384593233, 8.32378822789116), .Names = c("x1", "x2", "x3", 
"x4", "x5", "x6", "x7", "", "", "", "", "", "", "", "", "", "", 
"", "", "", "", "", "", "", "", "", "")), rank = 7L, fitted.values = structure(c(50.1065296145885, 
64.8964019531605, 62.2267913612136, 71.3805400364658, 52.8875276787741, 
64.8742042825431, 69.9586464861748, 76.7991460425393, 60.0274162653948, 
58.3970238450019, 55.9900905937754, 60.0927571848223, 70.6424542087822, 
79.2993285772153, 87.2463823797815, 75.1638153202081, 65.6283251370483, 
67.4744205392141, 53.7709396002187, 45.7419096144148, 62.3174638667022, 
55.8950607158574, 67.3674255057471, 75.2487952990817, 58.2083997532618, 
77.0942345879968, 75.263969550016), .Names = c("1", "2", "4", 
"5", "6", "7", "8", "9", "10", "11", "12", "13", "14", "15", 
"16", "17", "18", "19", "20", "21", "23", "25", "26", "27", "28", 
"29", "30")), assign = 1:7, qr = structure(list(qr = structure(c(-5.19615242270663, 
0.192450089729875, 0.192450089729875, 0.192450089729875, 0.192450089729875, 
0.192450089729875, 0.192450089729875, 0.192450089729875, 0.192450089729875, 
0.192450089729875, 0.192450089729875, 0.192450089729875, 0.192450089729875, 
0.192450089729875, 0.192450089729875, 0.192450089729875, 0.192450089729875, 
0.192450089729875, 0.192450089729875, 0.192450089729875, 0.192450089729875, 
0.192450089729875, 0.192450089729875, 0.192450089729875, 0.192450089729875, 
0.192450089729875, 0.192450089729875, -352.183664205672, 64.6889995800419, 
0.0319993232125807, -0.199879359366827, 0.155667953921598, -0.0298349921419281, 
-0.153503622850946, -0.261713674721336, 0.0629164808898351, 0.186585111598853, 
0.0783750597284623, 0.0474579020512079, -0.277172253559963, -0.1844207805282, 
-0.385382305430354, -0.308089411237218, 0.0783750597284623, -0.0762107286578097, 
0.109292217405717, 0.387546636501006, -0.0143764133033009, 0.171126532760225, 
-0.1844207805282, -0.153503622850946, 0.124750796244344, -0.308089411237218, 
-0.261713674721336, -275.588528493181, 34.8470719420076, 52.7318171508579, 
-0.00302588873069625, -0.0902646576236263, 0.157257799394405, 
0.0820635886736593, -0.268189587627373, 0.0429785122827351, -0.185249401711592, 
-0.00451385976124781, -0.17502347479897, -0.467227691914387, 
0.0253372704040889, 0.225532685492643, -0.0877847059060403, -0.345863750065704, 
0.110096087579433, -0.421884611358978, 0.069688370272463, -0.0419456350071147, 
0.0329179154846191, -0.202229323132215, -0.0696474736838769, 
0.0236839692590316, -0.220531885468885, 0.357618544597464, -289.060034774273, 
42.7395352490623, 7.58598380241519, -43.6128567367463, -0.082562417843346, 
0.083462585487816, -0.0755820515145921, 0.00542536610869037, 
-0.065835650466478, 0.242456890713533, -0.247261274047552, -0.252524263626296, 
-0.566053919392197, 0.270177073640488, 0.134034117241475, 0.0552691144573855, 
0.488135826620449, 0.0503456045159889, 0.0156421294048419, -0.0516331758695666, 
-0.0921261415763596, 0.0561839639606067, 0.00378419612822483, 
0.320048159909756, -0.0586438059743317, 0.0661086535406638, -0.0129195773925251, 
-313.308746080237, -11.1799877400694, 2.96393238915949, 21.1106074887348, 
48.6641023754738, 0.323722115601592, 0.0189262780468265, 0.032904882353828, 
-0.0998008236106898, 0.137677171484642, -0.00324639612517072, 
0.0662629500839755, -0.23482561913295, -0.468638249285326, -0.140593697375551, 
-0.0645448197118219, -0.320491001108841, -0.11769327231471, 0.231488346051229, 
0.0507385570402887, 0.090843547240101, 0.189470532514677, -0.121804788197555, 
-0.165356210768135, -0.175597398942758, -0.0866997730838988, 
0.116737811774573, -388.749181254348, 2.79628514992061, 1.15192001105823, 
-2.77206729659743, 15.9840557784066, 45.8012395847367, 0.264904735017974, 
-0.126537654287876, -0.00484460625581376, 0.127757874023797, 
0.0346124058566791, 0.216783329150209, 0.0740762094453229, 0.370381956043487, 
0.706260037901847, 0.0553488037632147, 0.158657847080539, -0.0578998642268357, 
-0.214923165151975, 0.204878311656125, -0.123465965229397, -0.0765402629577615, 
0.116866645420395, 0.152128627690669, -0.0345397602812563, 0.164656876968245, 
-0.000951974029189801, -221.317603189357, 16.3019301952679, 12.7879695700635, 
-22.8872802742183, 9.50960419581161, 13.5847911581205, -42.1001983793532, 
-0.525691979107233, -0.00300539555959888, -0.284914118079682, 
0.115283828010837, -0.259144267402699, -0.218739284544356, -0.0885071455571869, 
-0.00408207380657879, 0.322959481075081, -0.00774167849468265, 
0.0202696574434199, 0.021559650426895, 0.0263373810400253, -0.141724182425994, 
-0.182711497429885, 0.556060922933645, -0.083807759029271, -0.100515393851401, 
0.103739298540631, 0.0302489483060676), .Dim = c(27L, 7L), .Dimnames = list(
    c("1", "2", "4", "5", "6", "7", "8", "9", "10", "11", "12", 
    "13", "14", "15", "16", "17", "18", "19", "20", "21", "23", 
    "25", "26", "27", "28", "29", "30"), c("x1", "x2", "x3", 
    "x4", "x5", "x6", "x7")), assign = 1:7), qraux = c(1.19245008972988, 
1.01654074437395, 1.06210772519193, 1.1105858676205, 1.50071135022895, 
1.04286660421975, 1.09439642346615), pivot = 1:7, tol = 1e-07, 
    rank = 7L), .Names = c("qr", "qraux", "pivot", "tol", "rank"
), class = "qr"), df.residual = 20L, xlevels = structure(list(), .Names = character(0)), 
    call = quote(lm(formula = y ~ . + 0, data = structure(list(y = c(43, 
        63, 61, 81, 43, 58, 71, 72, 67, 64, 67, 69, 68, 77, 81, 
        74, 65, 65, 50, 50, 53, 63, 66, 78, 48, 85, 82), x1 = c(1, 
        1, 1, 1, 1, 1, 1, 1, 1, 1, 1, 1, 1, 1, 1, 1, 1, 1, 1, 
        1, 1, 1, 1, 1, 1, 1, 1), x2 = c(51, 64, 63, 78, 55, 67, 
        75, 82, 61, 53, 60, 62, 83, 77, 90, 85, 60, 70, 58, 40, 
        66, 54, 77, 75, 57, 85, 82), x3 = c(30, 51, 45, 56, 49, 
        42, 50, 72, 45, 53, 47, 57, 83, 54, 50, 64, 65, 46, 68, 
        33, 52, 42, 66, 58, 44, 71, 39), x4 = c(39, 54, 47, 66, 
        44, 56, 55, 67, 47, 58, 39, 42, 45, 72, 72, 69, 75, 57, 
        54, 34, 50, 48, 63, 74, 45, 71, 59), x5 = c(66, 77, 71, 
        43, 43, 43, 59, 51, 70, 51, 71, 66, 80, 71, 55, 54, 62, 
        64, 50, 71, 59, 55, 61, 55, 75, 54, 51), x6 = c(92, 73, 
        84, 83, 49, 68, 66, 83, 80, 67, 74, 63, 77, 77, 54, 79, 
        80, 85, 78, 64, 80, 75, 76, 78, 83, 74, 78), x7 = c(45, 
        47, 35, 47, 34, 35, 41, 31, 41, 34, 41, 25, 35, 46, 36, 
        63, 60, 46, 52, 33, 37, 33, 72, 49, 38, 55, 39)), .Names = c("y", 
        "x1", "x2", "x3", "x4", "x5", "x6", "x7"),