
expected <- structure(list(coefficients = structure(c(16.5301237285549, 0.678759979471597, 
-0.0887774894891614, -0.158444390697182, 0.337873246822725, 0.00660277414918739, 
-0.159440931443082), .Names = c("x1", "x2", "x3", "x4", "x5", 
"x6", "x7")), residuals = structure(c(-10.6535534808621, 1.20481579917176, 
5.33316932571262, 1.67340349573233, 6.10949469236408, -10.9450837188513, 
-8.09835907541006, -0.833638408392302, -2.77505052935547, 7.31099416534897, 
12.5154247458328, 5.41788013242981, -5.38961977794134, -0.687443740363946, 
0.0612790933640084, 0.0130952793902976, -1.80211933147727, -4.36108994676152, 
8.74933248485668, -0.221721772250178, -10.9123334502715, -0.243005656014903, 
-6.34201828228557, 7.70458662429461, -3.15071416612854, 6.78977206983723, 
3.53250342803076), .Names = c("1", "2", "3", "4", "5", "6", "7", 
"8", "9", "10", "11", "12", "14", "15", "16", "17", "19", "20", 
"21", "22", "23", "24", "26", "27", "28", "29", "30")), effects = structure(c(-335.248056309443, 
55.507881731414, 5.01730832808559, 7.26378238346928, 7.5633161339292, 
0.772100913486771, -5.05267529180206, 4.41040737481204, -2.65625003417187, 
8.68576659210544, 14.0344139383551, 6.90916811035667, -9.97583931681869, 
5.15059886605746, 3.93039243952948, 1.71841039512908, 2.10001073356563, 
-6.19275564487836, 9.18157938509304, 1.97087373368724, -9.96269959231115, 
1.36648315104078, -1.60007076126464, 12.2801282905974, -5.8339213385986, 
8.7812526133326, 6.68406706129111), .Names = c("x1", "x2", "x3", 
"x4", "x5", "x6", "x7", "", "", "", "", "", "", "", "", "", "", 
"", "", "", "", "", "", "", "", "", "")), rank = 7L, fitted.values = structure(c(53.6535534808621, 
61.7951842008282, 65.6668306742874, 59.3265965042677, 74.8905053076359, 
53.9450837188513, 66.0983590754101, 71.8336384083923, 74.7750505293555, 
59.689005834651, 51.4845752541672, 61.5821198675702, 73.3896197779413, 
77.6874437403639, 80.938720906636, 73.9869047206097, 66.8021193314773, 
54.3610899467615, 41.2506675151433, 64.2217217722502, 63.9123334502715, 
40.2430056560149, 72.3420182822856, 70.2954133757054, 51.1507141661285, 
78.2102279301628, 78.4674965719692), .Names = c("1", "2", "3", 
"4", "5", "6", "7", "8", "9", "10", "11", "12", "14", "15", "16", 
"17", "19", "20", "21", "22", "23", "24", "26", "27", "28", "29", 
"30")), assign = 1:7, qr = structure(list(qr = structure(c(-5.19615242270663, 
0.192450089729875, 0.192450089729875, 0.192450089729875, 0.192450089729875, 
0.192450089729875, 0.192450089729875, 0.192450089729875, 0.192450089729875, 
0.192450089729875, 0.192450089729875, 0.192450089729875, 0.192450089729875, 
0.192450089729875, 0.192450089729875, 0.192450089729875, 0.192450089729875, 
0.192450089729875, 0.192450089729875, 0.192450089729875, 0.192450089729875, 
0.192450089729875, 0.192450089729875, 0.192450089729875, 0.192450089729875, 
0.192450089729875, 0.192450089729875, -350.644063487833, 69.9767157041593, 
-0.0740027970375246, 0.0260304773103873, -0.188326539149424, 
0.140354219422287, -0.0311313937455624, -0.145455135857462, -0.245488410205373, 
0.0546114128383621, 0.168935154950261, 0.0689018806023495, -0.259778877969361, 
-0.174036071385436, -0.359812152317273, -0.288359813497336, -0.0740027970375246, 
0.0974828161303243, 0.354711235882098, 0.0546114128383621, -0.0168409259815749, 
0.39758263917406, -0.174036071385436, -0.145455135857462, 0.111773283894312, 
-0.288359813497336, -0.245488410205373, -275.203628313722, 37.1192253786653, 
-51.7989002803227, -0.0646111375218958, 0.00305168115368953, 
0.0897822602435688, -0.161113265566024, -0.0838415133947335, 
0.273352707176091, -0.045318217241926, 0.186296897169124, 0.00293910122085157, 
0.476065967811465, -0.0259127170291181, -0.228538415494507, 0.0899698934649654, 
-0.112830929340394, 0.427646033890144, -0.074407704238998, 0.0898197868878481, 
0.0415874861879235, 0.128280538633523, 0.205752432907637, 0.0706019198964369, 
-0.0260378058433825, 0.22510789759474, -0.363726455149987, -287.327983966704, 
-3.6419521734814, -9.52689607639286, -62.9412747340353, -0.21913160781919, 
-0.0276103752313212, 0.101028446215071, 0.0127910772426498, 0.101226294326514, 
0.0552841405833833, 0.168743347496093, -0.3390615936151, -0.32102504278345, 
-0.258334767662751, -0.111755170892519, 0.262303946520542, 0.32471399743838, 
-0.059309289150635, 0.0717140349635582, -0.363645587330701, -0.0185572455688764, 
-0.190065130066672, -0.00507296067391129, 0.271663293993889, 
0.321596533449768, -0.204289258383432, -0.16627238198379, -339.28950819377, 
36.8715239374229, -8.58423415944909, -9.82078695184658, 37.4964454275851, 
0.171028554301436, -0.059235544911939, -0.0253395366244745, 0.17644301149432, 
-0.000318277570774758, 0.0742520885499543, 0.0715862397422846, 
0.570520127019644, -0.223345307869533, 0.404949762243069, -0.0531608656591981, 
-0.233000888675686, 0.0648861701425912, 0.192325967672436, -0.0709362701641332, 
0.0738498427203273, 0.0259604250989296, -0.375807470850214, -0.23127168403147, 
0.248857333854822, 0.0349730942489591, 0.133704691508232, -389.711431702997, 
9.93187509597131, -2.61272901832825, -12.1427508338316, 14.6445076795065, 
46.9534184183342, 0.240748827415606, 0.291001179835267, 0.0163413950073457, 
-0.0506832316420288, 0.258850738741544, -0.0845574057760553, 
-0.0500728395926878, 0.0037242762048231, 0.467949317210455, 0.187243437084382, 
0.0159143050441476, -0.00162495311441344, 0.166136700118424, 
-0.179237334320167, -0.0560586844109486, 0.261368190920443, 0.185967700309533, 
0.195415577984151, -0.0687446981288226, 0.119564957106878, -0.0746931369874003, 
-225.166604983954, 11.2561251087674, -11.4580557756746, -4.32415608320447, 
32.6291621395293, -2.89811463064094, 31.6899509183173, 0.101756636825532, 
0.375588855482764, 0.0484248509359771, 0.233195752256942, 0.0325016229066641, 
-0.0135256914975511, 0.200931851908014, -0.154065028685888, -0.487999992050197, 
0.0958357648261863, -0.189120620627999, 0.0205004455396, 0.212307520167306, 
0.159174515133333, -0.234940310280251, -0.41603213986734, 0.0843216730627208, 
-0.132867890453344, -0.223726994089596, -0.0401273585414532), .Dim = c(27L, 
7L), .Dimnames = list(c("1", "2", "3", "4", "5", "6", "7", "8", 
"9", "10", "11", "12", "14", "15", "16", "17", "19", "20", "21", 
"22", "23", "24", "26", "27", "28", "29", "30"), c("x1", "x2", 
"x3", "x4", "x5", "x6", "x7")), assign = 1:7), qraux = c(1.19245008972988, 
1.0117400095464, 1.31188851221032, 1.05986174171642, 1.01564852777916, 
1.54313888447271, 1.26051943139424), pivot = 1:7, tol = 1e-07, 
    rank = 7L), .Names = c("qr", "qraux", "pivot", "tol", "rank"
), class = "qr"), df.residual = 20L, xlevels = structure(list(), .Names = character(0)), 
    call = quote(lm(formula = y ~ . + 0, data = structure(list(y = c(43, 
        63, 71, 61, 81, 43, 58, 71, 72, 67, 64, 67, 68, 77, 81, 
        74, 65, 50, 50, 64, 53, 40, 66, 78, 48, 85, 82), x1 = c(1, 
        1, 1, 1, 1, 1, 1, 1, 1, 1, 1, 1, 1, 1, 1, 1, 1, 1, 1, 
        1, 1, 1, 1, 1, 1, 1, 1), x2 = c(51, 64, 70, 63, 78, 55, 
        67, 75, 82, 61, 53, 60, 83, 77, 90, 85, 70, 58, 40, 61, 
        66, 37, 77, 75, 57, 85, 82), x3 = c(30, 51, 68, 45, 56, 
        49, 42, 50, 72, 45, 53, 47, 83, 54, 50, 64, 46, 68, 33, 
        52, 52, 42, 66, 58, 44, 71, 39), x4 = c(56, 50, 69, 58, 
        42, 55, 59, 55, 67, 58, 69, 34, 44, 39, 45, 74, 74, 59, 
        58, 34, 55, 45, 59, 74, 75, 47, 39), x5 = c(61, 63, 76, 
        54, 71, 54, 66, 70, 71, 62, 58, 59, 59, 79, 60, 79, 75, 
        64, 43, 66, 63, 50, 88, 80, 51, 77, 64), x6 = c(92, 73, 
        86, 84, 83, 49, 68, 66, 83, 80, 67, 74, 77, 77, 54, 79, 
        85, 78, 64, 80, 80, 57, 76, 78, 83, 74, 78), x7 = c(45, 
        47, 48, 35, 47, 34, 35, 41, 31, 41, 34, 41, 35, 46, 36, 
        63, 46, 52, 33, 41, 37, 49, 72, 49, 38, 55, 39)), .Names = c("y", 
        "x1", "x2", "x3", "x4", "x5", "x6", "x7"),