
expected <- structure(list(coefficients = structure(c(5.30923540436739, -0.0575083084246956, 
-0.0241461713440812, -0.0740341071073078, 0.379259880456484, 
0.488989153995783, 0.161362621336991), .Names = c("x1", "x2", 
"x3", "x4", "x5", "x6", "x7")), residuals = structure(c(-21.8365456607633, 
-9.22582560132028, 10.3281118084167, -0.173665313835773, -0.861525159009382, 
-21.1298986336067, -1.74731817153088, 11.8824585166264, 7.06418042213761, 
-2.62248845838032, 0.354875069024414, 6.40902685392437, 5.29916098359496, 
6.49617478578071, 12.4883832102762, 22.4710580169389, 5.62551676124188, 
-5.29050441481571, -0.69810902561684, -18.2417737342498, 9.11654676965707, 
3.07689624493992, -6.59009556053848, -18.1309566040888, -0.928710286835306, 
5.44818470704572, 8.77559146633361), .Names = c("1", "2", "3", 
"4", "5", "6", "7", "8", "9", "10", "11", "12", "13", "14", "15", 
"16", "17", "18", "19", "20", "21", "22", "23", "24", "25", "26", 
"30")), effects = structure(c(-296.980483782617, -140.547430915027, 
-26.2867521570341, 9.60478077335769, -36.7457604556046, 28.9817364086372, 
-5.39543762683862, 15.2296964420824, 10.1590507570306, -6.21085585431076, 
-1.07660247724267, 12.9287720132618, 12.4852168511587, 13.6840463137448, 
12.8734414748096, 23.5900979700268, 0.105087300573004, -1.5354441612951, 
0.228211194909622, -15.1132592851025, 15.3848270131975, 12.8095818835255, 
-8.73667662345658, -22.1628898719558, 4.85382543870399, 11.5997067719574, 
9.47784412953169), .Names = c("x1", "x2", "x3", "x4", "x5", "x6", 
"x7", "", "", "", "", "", "", "", "", "", "", "", "", "", "", 
"", "", "", "", "", "")), rank = 7L, fitted.values = structure(c(64.8365456607633, 
72.2258256013203, 60.6718881915833, 61.1736653138358, 81.8615251590094, 
64.1298986336067, 59.7473181715309, 59.1175414833736, 64.9358195778624, 
69.6224884583803, 63.6451249309756, 60.5909731460756, 63.700839016405, 
61.5038252142193, 64.5116167897238, 58.5289419830611, 68.3744832387581, 
70.2905044148157, 65.6981090256168, 68.2417737342498, 40.8834532303429, 
60.9231037550601, 59.5900955605385, 58.1309566040888, 63.9287102868353, 
60.5518152929543, 73.2244085336664), .Names = c("1", "2", "3", 
"4", "5", "6", "7", "8", "9", "10", "11", "12", "13", "14", "15", 
"16", "17", "18", "19", "20", "21", "22", "23", "24", "25", "26", 
"30")), assign = 1:7, qr = structure(list(qr = structure(c(-6.68153851839872, 
0.157301281643317, -0.012221911729183, 0.230368185830427, 0.326960522553724, 
0.188541727785456, 0.0622666493503505, 0.0760663906808084, 0.0714459637940822, 
0.228003206325018, 0.138500707218093, 0.149432549237517, 0.222445999229394, 
0.146859761867423, 0.158086040335002, 0.114474518565572, 0.0627114135900938, 
0.292700166979794, 0.148655870943351, 0.182702092255967, 0.0862382330430956, 
0.257363559561219, 0.11757417473528, 0.0372719060719787, 0.336701426061064, 
0.267373658088505, 0.363241076881323, -321.356244189594, -185.300200540523, 
0.337519755425108, -0.170643084948214, -0.170104289490907, 0.0265801460634221, 
0.323030173932883, 0.289954628580986, 0.342395257760222, -0.144312923067939, 
0.0298104939844475, 0.105023567825689, 0.0125429739371511, 0.14796048602549, 
-0.00407623327261371, 0.0995877296232476, 0.160238638914748, 
-0.144559603451372, 0.0795981528558853, 0.0113097817625529, 0.134636201305907, 
-0.0574930895577986, 0.0879739312146684, 0.211264052686141, -0.378524841437993, 
-0.13153737485346, -0.399376983491101, -239.932104928219, -123.919563134755, 
-68.5239147831308, 0.0898386850924552, -0.170558963147032, 0.240458964327704, 
-0.0191904958876143, -0.0573424528117931, -0.145472355149642, 
0.432514794240493, 0.261677226003502, 0.221812880600875, -0.0956513348514927, 
-0.0618294197858442, 0.101116362941707, 0.0702340452359365, 0.0568130205538108, 
-0.188697374052886, 0.239573926438322, -0.0176908686340378, 0.407104150443759, 
-0.0320951795504324, 0.458175915698586, 0.209603995012921, 0.153985871629917, 
-0.0288765907015272, -0.011407605329191, -259.105249776113, -128.623228753223, 
-38.1238829604568, 62.4668240874444, 0.0869822448713713, -0.0417939159253508, 
-0.183375564160732, 0.0430337668994534, -0.0873258910967917, 
0.335452352197755, -0.289578342272156, 0.223971693202028, -0.00655907063782379, 
0.180328764525772, -0.433709165865021, 0.122981473112477, -0.0973206471313302, 
-0.109780613461789, 0.233538637906406, -0.36737560789726, -0.263031415917941, 
-0.0656817116504913, 0.27332857887081, -0.208533469016957, 0.023308877689236, 
-0.143183655883236, -0.148963554043862, -298.560922282842, -156.586896661557, 
-34.6079124046793, 13.2101709906697, -70.531576339318, -0.0497243524939201, 
-0.163738086675499, -0.263315923870424, -0.250918437079637, -0.149648196230792, 
-0.0369631245049531, -0.0332993607010522, -0.164157241452366, 
0.0182762205322558, 0.156776047719052, 0.115784235638233, 0.348406114969113, 
-0.158526271985996, -0.106059878731514, 0.154609972015166, -0.355437206488361, 
-0.220437786741924, -0.307593473020366, -0.0389043741439803, 
0.377914929296804, -0.193334699770855, 0.195321182018424, -337.609595950551, 
-176.028132445714, -28.6949415213984, 15.5492453782129, -18.8679813053904, 
54.5955848992472, 0.0781578593339085, -0.0882102311069768, -0.0852798358108127, 
-0.241523434087184, -0.201069605181498, 0.333828733879233, 0.0574726459414201, 
0.200571341557325, -0.125787345168693, 0.00246370648351549, -0.31828296691771, 
-0.286299971215808, -0.072489604353431, -0.0721555951221046, 
0.356359628275492, 0.184760532794877, -0.0554092913507871, -0.237870281038941, 
0.328591611842691, 0.0175086355588368, -0.173334730129395, -165.117137049668, 
-113.133050721096, -22.3527732082932, 10.0144388558851, -4.77015694365115, 
14.1611949404139, -33.4367251977815, 0.103375600821073, 0.55694549523994, 
-0.240352236396556, -0.163708844382368, -0.289270244869978, -0.0063795498610148, 
-0.116547571041874, -0.0108476944171731, 0.0290838299480151, 
0.2731661339844, 0.0851312878749934, -0.323512169553212, -0.0712818610317815, 
-0.273267418000815, -0.210628315351887, 0.0060498733782319, 0.242182680247917, 
-0.0738345318563848, 0.060470495417874, 0.342829725677537), .Dim = c(27L, 
7L), .Dimnames = list(c("1", "2", "3", "4", "5", "6", "7", "8", 
"9", "10", "11", "12", "13", "14", "15", "16", "17", "18", "19", 
"20", "21", "22", "23", "24", "25", "26", "30"), c("x1", "x2", 
"x3", "x4", "x5", "x6", "x7")), assign = 1:7), qraux = c(1.10678781491465, 
1.10003411666863, 1.07405097569832, 1.1388837612403, 1.27786961503819, 
1.39551872249349, 1.01770325617482), pivot = 1:7, tol = 1e-07, 
    rank = 7L), .Names = c("qr", "qraux", "pivot", "tol", "rank"
), class = "qr"), df.residual = 20L, xlevels = structure(list(), .Names = character(0)), 
    call = quote(lm(formula = y ~ . + 0, data = structure(list(y = c(43, 
        63, 71, 61, 81, 43, 58, 71, 72, 67, 64, 67, 69, 68, 77, 
        81, 74, 65, 65, 50, 50, 64, 53, 40, 63, 66, 82), x1 = c(0.713506898647887, 
        1.05101457229331, -0.0816611739870052, 1.53921390703963, 
        2.18459932543848, 1.25974881652397, 0.416037016045994, 
        0.508240519289387, 0.477368959074281, 1.52341220537902, 
        0.925397810103153, 0.998439333632985, 1.48628151211489, 
        0.981249155720053, 1.05625796771945, 0.764865905171018, 
        0.419008725445445, 1.95568744001723, 0.993249927694108, 
        1.22073106680028, 0.576204075836089, 1.71958453644049, 
        0.785576377262714, 0.249033676074065, 2.24968354742678, 
        1.78646739532352, 2.42700924664719), x2 = c(90, 77, 58, 
        54, 90, 75, 83, 82, 90, 58, 57, 75, 85, 82, 58, 61, 53, 
        82, 70, 70, 57, 85, 60, 53, 55, 75, 61), x3 = c(44, 47, 
        42, 45, 52, 68, 53, 50, 49, 71, 57, 66, 52, 51, 47, 46, 
        39, 45, 64, 47, 66, 57, 72, 49, 52, 51, 45), x4 = c(47, 
        45, 48, 39, 57, 69, 66, 50, 59, 45, 72, 50, 59, 44, 75, 
        39, 45, 62, 47, 74, 75, 67, 47, 58, 54, 66, 62),