
expected <- structure(list(coefficients = structure(c(1.42712920283419, 0.577410050464703, 
-0.0795270872129409, 0.259501960076094, 0.162646613116284, 0.133000792249274, 
-0.141734826392718), .Names = c("x1", "x2", "x3", "x4", "x5", 
"x6", "x7")), residuals = structure(c(0.228619259296551, 1.28690101760419, 
-2.04256644574068, -8.34955939256454, -8.12358610016734, 0.154856726237829, 
-2.07452488922213, 8.60907175305383, 5.49398154580379, 10.9183835071186, 
10.6502866643162, -4.23313464555755, -0.0103695430281378, -2.03049197699862, 
-1.63533014658242, -0.350174800147615, -0.896794430842988, -6.61011687964776, 
3.89508504976748, 0.972059057472726, -10.2052603663922, -3.43329302539412, 
4.43105197237077, -0.324195088769788, 5.16339770962284, -10.9057172648184, 
9.42142073320946), .Names = c("2", "3", "4", "6", "7", "8", "9", 
"10", "11", "12", "13", "14", "15", "16", "17", "18", "19", "20", 
"21", "22", "23", "24", "25", "26", "27", "28", "29")), effects = structure(c(-333.516005501874, 
-45.8271796854879, -2.82732660593055, 9.77007444774788, 7.11038239396947, 
4.92742445730875, -6.10871879185592, 11.5264651194956, 2.93916894936511, 
13.4637965705991, 12.378023887713, -4.06850170084454, -3.29547669716456, 
-3.4370238111638, -1.29891948752011, -5.52750110817587, 1.87273224391109, 
-6.85597441543964, 3.38547316904038, 0.613013185570763, -8.55030150263078, 
-3.45482117981365, 3.19984491225313, 1.48953367432669, 4.3849161624379, 
-10.7623628417881, 9.79705810347507), .Names = c("x1", "x2", 
"x3", "x4", "x5", "x6", "x7", "", "", "", "", "", "", "", "", 
"", "", "", "", "", "", "", "", "", "", "", "")), rank = 7L, 
    fitted.values = structure(c(62.7713807407034, 69.7130989823958, 
    63.0425664457407, 51.3495593925645, 66.1235861001673, 70.8451432737622, 
    74.0745248892221, 58.3909282469462, 58.5060184541962, 56.0816164928815, 
    58.3497133356838, 72.2331346455576, 77.0103695430281, 83.0304919769986, 
    75.6353301465824, 65.3501748001476, 65.896794430843, 56.6101168796478, 
    46.1049149502325, 63.0279409425273, 63.2052603663922, 43.4332930253941, 
    58.5689480276292, 66.3241950887698, 72.8366022903772, 58.9057172648183, 
    75.5785792667905), .Names = c("2", "3", "4", "6", "7", "8", 
    "9", "10", "11", "12", "13", "14", "15", "16", "17", "18", 
    "19", "20", "21", "22", "23", "24", "25", "26", "27", "28", 
    "29")), assign = 1:7, qr = structure(list(qr = structure(c(-5.19615242270663, 
    0.192450089729875, 0.192450089729875, 0.192450089729875, 
    0.192450089729875, 0.192450089729875, 0.192450089729875, 
    0.192450089729875, 0.192450089729875, 0.192450089729875, 
    0.192450089729875, 0.192450089729875, 0.192450089729875, 
    0.192450089729875, 0.192450089729875, 0.192450089729875, 
    0.192450089729875, 0.192450089729875, 0.192450089729875, 
    0.192450089729875, 0.192450089729875, 0.192450089729875, 
    0.192450089729875, 0.192450089729875, 0.192450089729875, 
    0.192450089729875, 0.192450089729875, -343.908310347287, 
    -67.2761032913922, -0.0421028710864252, -0.16101582247051, 
    0.0173536046056173, 0.136266555989702, 0.240315388450777, 
    -0.0718311089324464, -0.190744060316531, -0.0866952278554571, 
    -0.0569669900094358, 0.255179507373787, 0.165994793835724, 
    0.359228339834862, 0.284907745219808, -0.0866952278554571, 
    0.0619459613746492, -0.116423465701478, -0.38397760631567, 
    -0.0718311089324464, 0.00248948568260667, -0.428569963084701, 
    -0.175879941393521, 0.165994793835724, 0.136266555989702, 
    -0.131287584624489, 0.284907745219808, -282.709181813187, 
    -36.8030079304512, 46.9047665572452, -0.0611248653510839, 
    0.270548232368535, 0.221612896213294, -0.141002445516607, 
    0.115371580928528, -0.176809800349899, 0.0575291134291201, 
    -0.125263079326525, -0.360317310932056, 0.166739472495275, 
    0.44965606351628, 0.0751645466608243, -0.326227193683757, 
    0.230877686470715, -0.420592333842968, 0.0519486847795985, 
    -0.0338669829487023, 0.0421474061522932, -0.185538102237438, 
    0.0729108207059471, -0.0890980655799771, 0.0510545374964592, 
    0.0758798644873358, -0.0740740172164058, -293.87128701752, 
    -33.9678148766177, 8.65095721368538, 48.6211390082697, -0.0587193222030677, 
    0.083686816614506, 0.0349793870888135, 0.0898999650193316, 
    -0.160589001185979, 0.257505525574979, 0.275058221743037, 
    0.563680488069739, -0.22329697497344, -0.128997021398142, 
    -0.0275578357153437, -0.373125503892762, -0.0274975862114396, 
    0.0588222318240993, 0.0923399585590692, -0.175912621133539, 
    0.116546382071625, -0.373770335132734, -0.0128790470077565, 
    0.0349994702567816, -0.258295198339626, 0.0884128033691762, 
    -0.0259970064122555, -334.285805860793, -8.77478487088393, 
    -3.87178440886536, 3.56705697815673, 48.8598868242197, -0.263210896788085, 
    0.484108168258843, 0.264566290456551, -0.126436214732031, 
    0.0576451300037949, 0.00845712448696778, -0.3386296518756, 
    -0.212738589733017, -0.162641339824906, 0.0470909577640241, 
    -0.231704940070001, 0.341955316844967, 0.00943516131706023, 
    -0.20602513931709, 0.152077271394264, 0.12508030289967, 0.286277629406007, 
    -0.143240381379063, 0.166240323316605, 0.151801334600993, 
    -0.0551367900549266, 0.100141402841956, -382.975678562452, 
    -12.3443755040988, 11.0852083455286, 1.89702095288471, -8.72903818357292, 
    45.5913301283665, -0.0845000260534766, -0.208182554095978, 
    0.113333772086893, -0.165585122173339, 0.0804522651187464, 
    -0.207711979459769, 0.103526395625735, 0.668148896684506, 
    0.041195013597933, -0.0283784451477349, -0.194142500694903, 
    -0.18455774671732, -0.0332586101005042, -0.0945035580429046, 
    -0.186890960830489, 0.318892939915936, -0.119254170565553, 
    0.0212239954219601, 0.0928630396617858, -0.314122713955033, 
    0.150984162372911, -222.664753817466, -13.9386898893224, 
    15.4279398067065, 25.9617311116737, -2.28917822819019, 8.01679162687842, 
    43.0996315254933, -0.0780728697939425, 0.333630094433284, 
    -0.166649922460204, 0.261682821394185, 0.122648822876835, 
    0.0880888797702287, 0.122732796167811, -0.361636516242847, 
    0.0167639895145805, -0.118941089544627, -0.0639723697320832, 
    0.0179374339038346, 0.171367681001751, 0.0666333478365771, 
    -0.0094355973338486, 0.172705539495571, -0.590121189518973, 
    0.0633072376328996, 0.0215097566252663, -0.124502260458185
    ), .Dim = c(27L, 7L), .Dimnames = list(c("2", "3", "4", "6", 
    "7", "8", "9", "10", "11", "12", "13", "14", "15", "16", 
    "17", "18", "19", "20", "21", "22", "23", "24", "25", "26", 
    "27", "28", "29"), c("x1", "x2", "x3", "x4", "x5", "x6", 
    "x7")), assign = 1:7), qraux = c(1.19245008972988, 1.06194596137465, 
    1.14577733656893, 1.12121545183186, 1.01538665247801, 1.191888528359, 
    1.40855739118609), pivot = 1:7, tol = 1e-07, rank = 7L), .Names = c("qr", 
    "qraux", "pivot", "tol", "rank"), class = "qr"), df.residual = 20L, 
    xlevels = structure(list(), .Names = character(0)), call = quote(lm(formula = y ~ 
        . + 0, data = structure(list(y = c(63, 71, 61, 43, 58, 
        71, 72, 67, 64, 67, 69, 68, 77, 81, 74, 65, 65, 50, 50, 
        64, 53, 40, 63, 66, 78, 48, 85), x1 = c(1, 1, 1, 1, 1, 
        1, 1, 1, 1, 1, 1, 1, 1, 1, 1, 1, 1, 1, 1, 1, 1, 1, 1, 
        1, 1, 1, 1), x2 = c(64, 70, 63, 55, 67, 75, 82, 61, 53, 
        60, 62, 83, 77, 90, 85, 60, 70, 58, 40, 61, 66, 37, 54, 
        77, 75, 57, 85), x3 = c(51, 68, 45, 49, 42, 50, 72, 45, 
        53, 47, 57, 83, 54, 50, 64, 65, 46, 68, 33, 52, 52, 42, 
        42, 66, 58, 44, 71), x4 = c(54, 69, 47, 44, 56, 55, 67, 
        47, 58, 39, 42, 45, 72, 72, 69, 75, 57, 54, 34, 62, 50, 
        58, 48, 63, 74, 45, 71), x5 = c(70, 66, 64, 55, 66, 79, 
        43, 51, 71, 59, 61, 77, 80, 79, 66, 79, 50, 62, 71, 59, 
        58, 51, 71, 58, 62, 66, 63),