
expected <- structure(list(coefficients = structure(c(-0.574697682771738, 
-0.32753949606268, 0.0432098338110003, 0.128848893579693, 0.295445418056441, 
0.392628427768524, 0.635529515616388), .Names = c("x1", "x2", 
"x3", "x4", "x5", "x6", "x7")), residuals = structure(c(-17.5834814726315, 
-9.91625220674933, 4.85087549750591, -1.07373926756569, 13.0290764808712, 
2.98500686588201, 3.31254422127231, 0.901374488373257, 17.2706122216173, 
9.49946837658392, 8.01571078529372, 6.45193137937566, 6.76395494587557, 
8.90347673079246, -8.17862171962367, -0.296099479671669, -13.0452624317627, 
-22.5910548815961, -4.88475194325062, -9.57591305968547, -3.67649998371647, 
-1.5982320064359, 5.38425604046214, -8.69681531671078, -10.2630661097307, 
19.7499192718022, 13.8067085696253), .Names = c("1", "2", "3", 
"4", "5", "6", "7", "8", "9", "11", "12", "13", "14", "15", "18", 
"19", "20", "21", "22", "23", "24", "25", "26", "27", "28", "29", 
"30")), effects = structure(c(-218.714850726312, -227.072984582076, 
53.447176356546, 63.0000954462574, 45.3304018214107, -33.4734921279007, 
27.9981401723956, -0.155572227868366, 16.6096994593158, 9.78475376616434, 
9.49388306754799, 11.9775106515563, 11.2057889823913, 16.9625454382363, 
-1.16214829295556, 0.520008172928588, -5.62942190742146, -17.2893691419499, 
2.90176724718503, -7.67788993010015, -5.01459226090058, 1.36777507157211, 
6.01465578851137, -5.6040540717991, -13.4105315044339, 27.2603421038952, 
21.8205010470166), .Names = c("x1", "x2", "x3", "x4", "x5", "x6", 
"x7", "", "", "", "", "", "", "", "", "", "", "", "", "", "", 
"", "", "", "", "", "")), rank = 7L, fitted.values = structure(c(60.5834814726315, 
72.9162522067493, 66.1491245024941, 62.0737392675657, 67.9709235191288, 
40.014993134118, 54.6874557787277, 70.0986255116268, 54.7293877783827, 
54.5005316234161, 58.9842892147063, 62.5480686206243, 61.2360450541244, 
68.0965232692075, 73.1786217196237, 65.2960994796717, 63.0452624317627, 
72.5910548815961, 68.8847519432506, 62.5759130596855, 43.6764999837165, 
64.5982320064359, 60.6157439595379, 86.6968153167108, 58.2630661097307, 
65.2500807281978, 68.1932914303747), .Names = c("1", "2", "3", 
"4", "5", "6", "7", "8", "9", "11", "12", "13", "14", "15", "18", 
"19", "20", "21", "22", "23", "24", "25", "26", "27", "28", "29", 
"30")), assign = 1:7, qr = structure(list(qr = structure(c(-8.19793558092161, 
-0.055231840487158, -0.0900429529148695, 0.107212712383174, 0.152544411062483, 
0.153814142632125, 0.0569317211128601, -0.172232030307947, 0.0767626204911639, 
0.0337499901033208, 0.363570922761806, 0.147201157263029, 0.302916392184172, 
0.168904214514126, 0.322213729190621, 0.0684165399716978, 0.363392133761754, 
0.289826719641129, 0.27187921320018, 0.0170857182774227, -0.0134714827760355, 
0.266977697223109, 0.0128129465521143, -0.0338932311820557, 0.116545194051817, 
0.32754598195622, 0.0741798388005689, -235.708545797165, -256.948402287669, 
0.291881530611666, 0.145653273893168, 0.0519304582200454, 0.190719364349759, 
0.162781330115599, 0.451077915169571, 0.239507297405601, 0.202394178333575, 
-0.085230777625767, 0.11974212155097, -0.0534508150125253, -0.0195245856375841, 
-0.13573651364569, 0.259839862447016, -0.0772616627653264, 0.0185040794234373, 
-0.0484999632908138, 0.192436564732549, 0.344779167630982, 0.0149616703957255, 
0.305839841395063, 0.24142324176697, 0.182675031934092, -0.117916463256678, 
0.0787293761399608, -184.638553873864, -192.342565776957, 77.665576761556, 
0.326309535716167, 0.0277362842020984, 0.390590320654265, -0.123401589165429, 
0.124458150046078, 0.0481592190690286, 0.248318796546583, 0.0861254097096467, 
0.323375631985192, -0.234223053751134, -0.286674853693737, -0.326973126892691, 
0.289518554324569, -0.0460228988119862, 0.309503737196872, 0.0293690751438196, 
0.0580449134858422, 0.0245750686568645, 0.0819865290180839, 0.0367164047310043, 
0.0196640597365447, -0.0311340792872674, -0.0294424181369958, 
-0.226853300204637, -177.024668064912, -219.074228207003, 39.2982614282589, 
81.2674355491157, -0.382823124270667, 0.35535604804153, -0.00634385597765651, 
0.14336565177164, 0.204408356803718, -0.268002218214753, -0.141332623092912, 
0.0706761594236716, -0.0282105857102549, -0.00019526319984788, 
-0.136586995132364, -0.0174117750487335, 0.227990953523746, -0.0936544932577077, 
-0.00711565538684823, -0.0481285385447511, 0.541604038183899, 
0.218100512052796, 0.23783079258574, -0.25876619959223, -0.0364260852453732, 
-0.0939710105983557, 0.10010963203283, -232.375444032258, -245.489450203182, 
43.6417712474903, 45.9145358364103, 66.0895910946566, 0.35742836036103, 
0.101278949581461, 0.204737979130828, 0.348727522631755, 0.00189670513479267, 
0.197305441075354, -0.241441874162843, 0.0200234110308039, -0.169980220557095, 
-0.0981070505514115, 0.0740770109296595, -0.169385486296842, 
-0.0729103569675149, -0.20011656004258, 0.00199272506560691, 
0.295097203245538, 0.169143619716008, 0.0721212213403239, 0.052694159963373, 
0.468330710388403, -0.218050853503457, -0.293810928308268, -279.491159557831, 
-264.109621282969, 36.7425878201747, 54.3469712811334, 47.8012399082634, 
-61.8241869405714, 0.026260328884673, 0.336767784998983, -0.283421066445403, 
-0.257395390183921, -0.140212934040959, -0.0935822498583974, 
-0.146515444666817, 0.148532783609303, 0.222542626586198, -0.2529901332023, 
-0.0844766184440773, -0.31910637228993, -0.0516787402135713, 
0.25911721535865, -0.0847532193583582, 0.250821753589599, 0.0612982104355627, 
0.294300694421523, -0.0294526435976681, -0.0438407314890747, 
0.37357893605132, -143.898863489493, -154.940866689862, 27.8630274647623, 
27.7335210016989, 11.0717269738112, -14.4754233836557, 44.0548227649832, 
-0.271477777336021, -0.333891226540468, 0.174143256765154, 0.0162956016183072, 
-0.067457764862572, 0.143325566339851, -0.372420055436383, -0.0173504654850243, 
-0.0077723925939541, 0.0388100611684032, -0.264081467131451, 
-0.276159272129294, -0.0421057442996095, -0.0911593204748092, 
-0.360030574301728, 0.224330251921401, -0.502315684920681, -0.031352862328666, 
-0.028073336045095, -0.15056417609329), .Dim = c(27L, 7L), .Dimnames = list(
    c("1", "2", "3", "4", "5", "6", "7", "8", "9", "11", "12", 
    "13", "14", "15", "18", "19", "20", "21", "22", "23", "24", 
    "25", "26", "27", "28", "29", "30"), c("x1", "x2", "x3", 
    "x4", "x5", "x6", "x7")), assign = 1:7), qraux = c(1.13577012503506, 
1.21296314748467, 1.2030429187352, 1.02275865198833, 1.07676238137816, 
1.26879239587074, 1.07598828994088), pivot = 1:7, tol = 1e-07, 
    rank = 7L), .Names = c("qr", "qraux", "pivot", "tol", "rank"
), class = "qr"), df.residual = 20L, xlevels = structure(list(), .Names = character(0)), 
    call = quote(lm(formula = y ~ . + 0, data = structure(list(y = c(43, 
        63, 71, 61, 81, 43, 58, 71, 72, 64, 67, 69, 68, 77, 65, 
        65, 50, 50, 64, 53, 40, 63, 66, 78, 48, 85, 82), x1 = c(1.11303473885111, 
        -0.452787070329459, -0.738166327512058, 0.878922909573136, 
        1.25054925511986, 1.26095843273285, 0.466722582194222, 
        -1.41194708943589, 0.629295017809295, 0.276680244723766, 
        2.98053100389751, 1.20674560467942, 2.48328906953103, 
        1.38466586993297, 2.64148739519323, 0.560874387357527, 
        2.97906530319251, 2.3759807772478, 2.22884827560673, 
        0.140067617792086, -0.110438347977434, 2.18866596337784, 
        0.105039710436025, -0.277854525859776, 0.955429993102805, 
        2.6852008598668, 0.608121539890213), x2 = c(67, 40, 51, 
        66, 54, 90, 57, 70, 82, 61, 75, 70, 67, 40, 51, 85, 77, 
        82, 60, 54, 85, 75, 82, 53, 78, 57, 40), x3 = c(58, 66, 
        30, 30, 42, 45, 58, 54, 66, 33, 52, 33, 71, 54, 64, 50, 
        64, 42, 45, 42, 72, 54, 68, 45, 68, 46, 51), x4 = c(59, 
        74, 57, 47, 75, 39, 57, 62, 58, 72, 63, 45, 59, 39, 54, 
        72, 39, 63, 44, 54, 39, 39, 59, 74, 74, 47, 34),