
expected <- structure(list(coefficients = structure(c(4.88763515222328, 0.736897483202473, 
-0.0434437645699783, 0.226484321862064, -0.0430354666321859, 
0.037944359386916), .Names = c("x1", "x2", "x3", "x4", "x5", 
"x6")), residuals = structure(c(-7.86470001010354, 1.86377936265099, 
0.134618693789987, 6.0253830327775, -9.78892083818206, -6.85812607971154, 
1.06875907839314, -5.4535909887748, 8.10447483080009, 9.17701207799816, 
10.838694174464, 11.3651299748999, 1.88843694504661, -3.80995899497792, 
-5.96874102806103, 1.06743832683902, -2.379262702789, -7.10905673547924, 
2.18345822138771, -9.91232373217644, -3.47534974022035, 9.26780526110873, 
-6.12661542427848, 4.08812943325262, -8.12563356835066, 4.9860475438749, 
4.81311288582171), .Names = c("1", "3", "4", "5", "6", "7", "8", 
"9", "10", "11", "12", "13", "15", "16", "17", "18", "19", "20", 
"22", "23", "24", "25", "26", "27", "28", "29", "30")), effects = structure(c(-338.327257745121, 
-53.1510040063286, 2.38481266822958, -8.69855043732628, -0.829499312810364, 
1.82284843614976, 3.93981993265939, -3.55232545975276, 9.80076650228244, 
11.4490469181164, 14.745372080249, 17.4580662711054, 1.10979305141058, 
-1.19176543146755, -5.04711857394693, 1.05915354865634, -2.82196035507264, 
-3.77758304822865, 2.24999167011082, -7.70647571595926, -1.64931150885149, 
10.6015730128604, -4.38423334831247, 3.23893274834266, -6.30106834887644, 
7.06141772876776, 4.94587503327602), .Names = c("x1", "x2", "x3", 
"x4", "x5", "x6", "", "", "", "", "", "", "", "", "", "", "", 
"", "", "", "", "", "", "", "", "", "")), rank = 6L, fitted.values = structure(c(50.8647000101035, 
69.136220637349, 60.86538130621, 74.9746169672225, 52.7889208381821, 
64.8581260797115, 69.9312409216069, 77.4535909887748, 58.8955251691999, 
54.8229879220018, 56.161305825536, 57.6348700251001, 75.1115630549534, 
84.8099589949779, 79.968741028061, 63.932561673161, 67.379262702789, 
57.1090567354792, 61.8165417786123, 62.9123237321764, 43.4753497402204, 
53.7321947388913, 72.1266154242785, 73.9118705667474, 56.1256335683507, 
80.0139524561251, 77.1868871141783), .Names = c("1", "3", "4", 
"5", "6", "7", "8", "9", "10", "11", "12", "13", "15", "16", 
"17", "18", "19", "20", "22", "23", "24", "25", "26", "27", "28", 
"29", "30")), assign = 1:6, qr = structure(list(qr = structure(c(-5.19615242270663, 
0.192450089729875, 0.192450089729875, 0.192450089729875, 0.192450089729875, 
0.192450089729875, 0.192450089729875, 0.192450089729875, 0.192450089729875, 
0.192450089729875, 0.192450089729875, 0.192450089729875, 0.192450089729875, 
0.192450089729875, 0.192450089729875, 0.192450089729875, 0.192450089729875, 
0.192450089729875, 0.192450089729875, 0.192450089729875, 0.192450089729875, 
0.192450089729875, 0.192450089729875, 0.192450089729875, 0.192450089729875, 
0.192450089729875, 0.192450089729875, -348.527112500804, -64.4348651884355, 
-0.0229669383926948, 0.209826285526274, -0.147123324482811, 0.0391112546523634, 
0.16326764074248, 0.271904478571332, -0.0540060349152239, -0.17816242100534, 
-0.0695255831764885, -0.0384864866539594, 0.194306737265009, 
0.396060864661448, 0.318463123355125, -0.0695255831764885, 0.0856698994361571, 
-0.100564679699018, -0.0540060349152239, 0.0235917063910989, 
-0.426475193185573, -0.162642872744076, 0.194306737265009, 0.16326764074248, 
-0.116084227960282, 0.318463123355125, 0.271904478571332, -274.626278044532, 
-24.9910710853059, 49.1208079475144, 0.0332697122450195, -0.1175759361763, 
0.17798279240609, 0.117154307922394, -0.241440185980785, 0.0403824137808932, 
-0.224516643047355, -0.0130879396546342, -0.191158831431529, 
0.0612312441374779, 0.308470469495412, -0.0403131830102102, -0.37953142363057, 
0.134814139392708, -0.466114159169628, -0.102123385543082, -0.0383513316854092, 
-0.204649530739946, 0.0121754523761407, -0.183064411846479, -0.0457094627335769, 
0.00972274202675147, -0.182818982334185, 0.430372867975097, -299.837239799146, 
-35.2696104189331, 21.7298843053379, -39.9436645615164, -0.177617837000547, 
0.106779989075908, -0.100743421629851, -0.163450290946938, -0.103742940267717, 
0.137116691742865, -0.321904565512506, -0.400929011325126, 0.252106902281073, 
0.186143551267977, -0.0326140735118242, 0.335221351322635, 0.0498186683736243, 
-0.212714672469972, 0.17684128669816, -0.169819303439769, 0.434275378359838, 
0.0267153585700828, -0.135972710318455, 0.266418319331288, -0.103259952891661, 
-0.0774882175469095, 0.083863901372416, -341.406459180799, -33.9194097202031, 
10.8534948345161, -6.09508613613382, 36.0021506126074, -0.0695628717457221, 
-0.0269904980245857, 0.258323896605004, -0.0134030192056276, 
0.124544792448818, 0.0577472715425807, 0.292838251078639, -0.173085739565426, 
0.445432283286562, -0.00555906672223858, 0.438306537640187, -0.248625408909153, 
0.140950833621688, -0.0170379189003488, 0.0838027136617085, 0.0820694063042763, 
-0.220213486708983, -0.331927055773234, -0.176949199072772, 0.237411397649097, 
0.122601952847488, 0.114289035146602, -390.481232061917, -5.97042769591686, 
1.69755370724668, 2.26011109235466, 18.9717272921903, 48.0400371913597, 
0.323646588179304, -0.262616822006367, -0.0445100512644525, 0.0574977290392323, 
0.0142397001202486, 0.0467718823165919, 0.214952406176322, 0.275505987526269, 
0.0632733652196996, -0.44948658492757, 0.0863865198625524, -0.185964115172575, 
-0.0547762919689539, -0.108695068457711, 0.23437966344769, 0.193302576600981, 
0.340478187709449, 0.178954604361484, -0.327555880010766, 0.0514867096717799, 
0.0189678602166177), .Dim = c(27L, 6L), .Dimnames = list(c("1", 
"3", "4", "5", "6", "7", "8", "9", "10", "11", "12", "13", "15", 
"16", "17", "18", "19", "20", "22", "23", "24", "25", "26", "27", 
"28", "29", "30"), c("x1", "x2", "x3", "x4", "x5", "x6")), assign = 1:6), 
    qraux = c(1.19245008972988, 1.08566989943616, 1.06589123532396, 
    1.06552080427392, 1.17955741520268, 1.28817402091645), pivot = 1:6, 
    tol = 1e-07, rank = 6L), .Names = c("qr", "qraux", "pivot", 
"tol", "rank"), class = "qr"), df.residual = 21L, xlevels = structure(list(), .Names = character(0)), 
    call = quote(lm(formula = y ~ . + 0, data = structure(list(y = c(43, 
        71, 61, 81, 43, 58, 71, 72, 67, 64, 67, 69, 77, 81, 74, 
        65, 65, 50, 64, 53, 40, 63, 66, 78, 48, 85, 82), x1 = c(1, 
        1, 1, 1, 1, 1, 1, 1, 1, 1, 1, 1, 1, 1, 1, 1, 1, 1, 1, 
        1, 1, 1, 1, 1, 1, 1, 1), x2 = c(51, 70, 63, 78, 55, 67, 
        75, 82, 61, 53, 60, 62, 77, 90, 85, 60, 70, 58, 61, 66, 
        37, 54, 77, 75, 57, 85, 82), x3 = c(30, 68, 45, 56, 49, 
        42, 50, 72, 45, 53, 47, 57, 54, 50, 64, 65, 46, 68, 52, 
        52, 42, 42, 66, 58, 44, 71, 39), x4 = c(39, 69, 47, 66, 
        44, 56, 55, 67, 47, 58, 39, 42, 72, 72, 69, 75, 57, 54, 
        62, 50, 58, 48, 63, 74, 45, 71, 59), x5 = c(61, 76, 54, 
        71, 54, 66, 70, 71, 62, 58, 59, 55, 79, 60, 79, 55, 75, 
        64, 66, 63, 50, 66, 88, 80, 51, 77, 64), x6 = c(92, 86, 
        84, 83, 49, 68, 66, 83, 80, 67, 74, 63, 77, 54, 79, 80, 
        85, 78, 80, 80, 57, 75, 76, 78, 83, 74, 78)), .Names = c("y", 
        "x1", "x2", "x3", "x4", "x5", "x6"), row.names = c("1", 
        "3", "4", "5", "6", "7", "8", "9", "10", "11", "12", 
        "13", "15", "16", "17", "18", "19", "20", "22", "23", 
        "24", "25", "26", "27", "28", "29", "30"), class = "data.frame"))), 
    terms = y ~ x1 + x2 + x3 + x4 + x5 + x6 + 0, model = structure(list(
        y = c(43, 71, 61, 81, 43, 58, 71, 72, 67, 64, 67, 69, 
        77, 81, 74, 65, 65, 50, 64, 53, 40, 63, 66, 78, 48, 85, 
        82), x1 = c(1, 1, 1, 1, 1, 1, 1, 1, 1, 1, 1, 1, 1, 1, 
        1, 1, 1, 1, 1, 1, 1, 1, 1, 1, 1, 1, 1), x2 = c(51, 70, 
        63, 78, 55, 67, 75, 82, 61, 53, 60, 62, 77, 90, 85, 60, 
        70, 58, 61, 66, 37, 54, 77, 75, 57, 85, 82), x3 = c(30, 
        68, 45, 56, 49, 42, 50, 72, 45, 53, 47, 57, 54, 50, 64, 
        65, 46, 68, 52, 52, 42, 42, 66, 58, 44, 71, 39),