
expected <- structure(list(coefficients = structure(c(2.43901172099362, 0.494016670233089, 
0.0288176769241468, 0.50790557346987, 0.205395932797778, 0.0806373623025824, 
-0.470396413573501), .Names = c("x1", "x2", "x3", "x4", "x5", 
"x6", "x7")), residuals = structure(c(-5.72496672214672, 2.16224765397092, 
-0.354994009164888, -1.38976978216394, 7.77390418643056, -6.86061837170082, 
-7.59492875433647, 3.2421760828958, 6.4928121892084, 1.72122105911018, 
4.32862905405424, -0.8233368738716, -5.86182445497877, -0.650204771394985, 
3.72825053879352, -3.98901851395505, -5.66790844629772, 8.58762955768047, 
0.0614301826558786, -11.4744009379981, -3.83571617472072, 9.05322419859232, 
1.07712231565778, -2.28009330073797, -4.85634746459466, 6.23291695946171, 
5.86135569575377), .Names = c("1", "2", "3", "4", "5", "6", "7", 
"8", "10", "11", "13", "14", "16", "17", "18", "19", "20", "21", 
"22", "23", "24", "25", "26", "27", "28", "29", "30")), effects = structure(c(-261.867516504484, 
-209.951503381395, -4.59726927052374, 17.0425952209609, 1.31850698287071, 
3.67731512981207, -16.0071842806966, 4.28114653711016, 9.02787131130563, 
5.49132093819876, 10.7435658385573, -2.66185473003364, -5.63035769906114, 
-1.59612667129617, -1.98788166997841, -1.41347464986605, -5.18126691235386, 
10.0931992000521, -0.305815082037482, -10.1080404169456, -3.75200029984662, 
9.51372019366611, 2.91895858322636, 2.16417056036645, -8.44601717988312, 
6.91932327104236, 4.58390341336095), .Names = c("x1", "x2", "x3", 
"x4", "x5", "x6", "x7", "", "", "", "", "", "", "", "", "", "", 
"", "", "", "", "", "", "", "", "", "")), rank = 7L, fitted.values = structure(c(48.7249667221467, 
60.8377523460291, 71.3549940091649, 62.3897697821639, 73.2260958135694, 
49.8606183717008, 65.5949287543365, 67.7578239171042, 60.5071878107916, 
62.2787789408898, 64.6713709459458, 68.8233368738716, 86.8618244549788, 
74.650204771395, 61.2717494612065, 68.989018513955, 55.6679084462977, 
41.4123704423195, 63.9385698173441, 64.4744009379981, 43.8357161747207, 
53.9467758014077, 64.9228776843422, 80.280093300738, 52.8563474645947, 
78.7670830405383, 76.1386443042462), .Names = c("1", "2", "3", 
"4", "5", "6", "7", "8", "10", "11", "13", "14", "16", "17", 
"18", "19", "20", "21", "22", "23", "24", "25", "26", "27", "28", 
"29", "30")), assign = 1:7, qr = structure(list(qr = structure(c(-6.93682227828663, 
0.213147652696103, -0.0116517414287056, 0.277635815097976, 0.023042563261376, 
-0.00705378687122348, 0.015790514925643, 0.054220433108172, 0.31352518007197, 
0.223881317766846, 0.38126836235487, 0.0418921437425422, 0.274622546785801, 
0.165926897013951, 0.126526563143013, 0.207517402941719, 0.156865036828988, 
0.293291496683825, 0.00555710363952201, 0.176679413596411, 0.181543431665809, 
-0.141898914670479, 0.156559953926347, 0.254178322833838, 0.0756923834502472, 
0.162980548250777, 0.203875355985812, -266.073629132821, -226.185375035809, 
0.322642544142883, -0.0350865649759898, 0.318820858141197, 0.251131380672719, 
0.278380141803865, 0.270338683313514, -0.0844697219832897, -0.0185766702053862, 
-0.156571694284485, 0.319634015210799, 0.0876883550217781, 0.188365882728333, 
0.1223439391103, 0.0750677006403525, 0.0792311038030654, -0.15445782513863, 
0.263412953498047, 0.0922178779400707, -0.0414899652990072, 0.399032132531357, 
0.163577621818571, 0.0444649938480899, 0.16650309109166, 0.191694096816324, 
0.13223560785503, -206.840009975404, -180.742578469112, -57.2392400518364, 
-0.0271433302202137, -0.119626125470528, 0.0752294032205886, 
-0.210506688932765, -0.173119891756301, 0.0113627369102731, 0.238970282374744, 
0.226073738090221, 0.286625375000376, -0.322978021666135, -0.0384354084735517, 
0.321864875383744, -0.128695101370221, 0.41120723383656, 0.093343658263829, 
0.0462571743721806, 0.0240182858140857, 0.261346449840305, -0.0711720211374694, 
0.107130997547542, 0.0233910854974363, -0.0169613510702054, 0.0830221644242862, 
-0.421947842949859, -223.407737470043, -187.917068060938, -20.6803223165147, 
49.6536266427955, -0.0812927911439705, 0.0787260259671755, -0.112468569377652, 
0.0604218676497663, 0.0732559277142903, -0.159525830176933, 0.301223213985709, 
0.638915178855094, -0.117067461237736, 0.0132696932688249, -0.336779961634682, 
-0.0464499248334015, 0.09839109868149, 0.0258407365360186, -0.198618728922695, 
0.108853397204862, -0.415200635746679, -0.0905522798952753, 0.0765731124328591, 
-0.226445263764482, 0.0404962910470913, 0.0370581097219241, -0.0391886480065653, 
-253.731361982234, -216.051880829328, -17.2334316709079, 23.6281145529265, 
42.2220531507961, -0.0522356524117522, -0.0777488624005509, -0.0829976364606791, 
-0.061926229999594, 0.112579921872413, 0.0970459985563134, 0.196379061068366, 
0.587996926606761, 0.0593085326229301, 0.485999639454904, -0.181553804004397, 
-0.0201572986301184, -0.0152670532836187, -0.0207915239164899, 
-0.0221874690550634, 0.119702922464452, -0.349852159935179, -0.304117658284752, 
0.0287501734741069, 0.0610972326009851, 0.153452779825041, 0.189953777163255, 
-300.556466187106, -234.125881365568, -27.9420560068965, 22.339959320951, 
45.0398000364597, 61.55864231963, -0.032802981630089, 0.148180321779325, 
0.0207656947564019, 0.107607479665187, 0.349693942950751, 0.0480079033738506, 
0.350649791396909, 0.211686751825565, -0.205306959298144, 0.00988413344891789, 
0.0649055414844679, -0.0519963266299972, -0.19639311833581, -0.047538697175232, 
0.0411712914695182, -0.267330678709527, 0.40583506810664, 0.259716924356877, 
-0.393983282049114, 0.299880058874222, -0.0778018267044609, -174.91297615383, 
-139.660973426449, -28.3776272613082, 31.5293911441123, 23.3539656452626, 
2.73516416504306, 34.0291375928942, 0.0533344722365943, 0.0445256176986636, 
0.362338497144215, 0.347143417671959, -0.0720952521468403, 0.164683073769372, 
-0.303025525012672, -0.291255956098447, 0.117796232760123, -0.149359236572338, 
-0.0288224194107664, 0.214490774291097, 0.141540806162082, -0.0998930385936633, 
0.277864157552753, -0.436855067622413, 0.288753756679076, -0.0860860163438575, 
-0.0725083455871522, 0.0514470887582569), .Dim = c(27L, 7L), .Dimnames = list(
    c("1", "2", "3", "4", "5", "6", "7", "8", "10", "11", "13", 
    "14", "16", "17", "18", "19", "20", "21", "22", "23", "24", 
    "25", "26", "27", "28", "29", "30"), c("x1", "x2", "x3", 
    "x4", "x5", "x6", "x7")), assign = 1:7), qraux = c(1.24099062901002, 
1.04218082108072, 1.19345786833174, 1.08799630386487, 1.08040138238219, 
1.16150503661895, 1.23371822560319), pivot = 1:7, tol = 1e-07, 
    rank = 7L), .Names = c("qr", "qraux", "pivot", "tol", "rank"
), class = "qr"), df.residual = 20L, xlevels = structure(list(), .Names = character(0)), 
    call = quote(lm(formula = y ~ . + 0, data = structure(list(y = c(43, 
        63, 71, 61, 81, 43, 58, 71, 67, 64, 69, 68, 81, 74, 65, 
        65, 50, 50, 64, 53, 40, 63, 66, 78, 48, 85, 82), x1 = c(1.67170916417502, 
        1.47856738578683, -0.08082605952348, 1.92591030742191, 
        0.159842166180342, -0.0489308659145888, 0.109535995721818, 
        0.376117508323118, 2.17486845392707, 1.55302491277723, 
        2.64479086998912, 0.290598355998453, 1.90500780066356, 
        1.15100539577335, 0.877692282005491, 1.4395113438583, 
        1.08814488215958, 2.03451098822839, 0.038548640329384, 
        1.2255936923502, 1.25933452125599, -0.98432755255087, 
        1.08602857628381, 1.7631898524913, 0.525064611814289, 
        1.13056709803336, 1.414247111396), x2 = c(51, 64, 70, 
        63, 78, 55, 67, 75, 61, 53, 62, 83, 90, 85, 60, 70, 58, 
        40, 61, 66, 37, 54, 77, 75, 57, 85, 82), x3 = c(30, 51, 
        68, 45, 56, 49, 42, 50, 45, 53, 57, 83, 50, 64, 65, 46, 
        68, 33, 52, 52, 42, 42, 66, 58, 44, 71, 39), x4 = c(39, 
        54, 69, 47, 66, 44, 56, 55, 47, 58, 42, 45, 72, 69, 75, 
        57, 54, 34, 62, 50, 58, 48, 63, 74, 45, 71, 59),