
expected <- structure(list(coefficients = structure(c(6.40094301195697, 0.691506218621464, 
-0.133489687470436, 0.323935431476908, -0.064146592981971, 0.107646452488306, 
-0.0817161521278276), .Names = c("x1", "x2", "x3", "x4", "x5", 
"x6", "x7")), residuals = structure(c(-6.67308285206017, 2.61625104602728, 
0.990910553219914, 0.0323430204214412, 8.3535026511627, -5.64205625168624, 
-7.49189525646439, 2.59706349041663, -3.57552952667051, 5.91263779989074, 
5.45220224814177, 12.1853704682497, -6.01008016901907, 0.174040963467416, 
-4.37561825931629, -2.74158893564578, -1.10830702633608, -8.83652061300264, 
9.76458244327153, -0.0879310506897606, -9.30868572894531, -3.02487044156137, 
-1.63022253435952, 2.77827957198586, -5.34059992556136, 5.2309150613284, 
9.75888925373511), .Names = c("1", "2", "3", "4", "5", "6", "7", 
"8", "9", "10", "11", "12", "14", "15", "16", "17", "19", "20", 
"21", "22", "23", "24", "26", "27", "28", "29", "30")), effects = structure(c(-335.248056309443, 
55.507881731414, 10.1147246464275, 10.8088879808088, -2.00524075315489, 
5.11604928037028, -2.58913372202127, 6.73611410588149, -2.49372145976833, 
8.00119635328958, 6.20610017108559, 14.6225363074631, -4.86708608323874, 
3.42000897886725, -6.03276877086466, -2.22210669721653, 2.38703149058064, 
-8.57232462905543, 9.20536192702494, 0.577495302630024, -7.66296613220383, 
-6.53694554202484, 3.0864362879451, 5.53511513188626, -8.19373370564455, 
6.43211981700161, 8.8618633181286), .Names = c("x1", "x2", "x3", 
"x4", "x5", "x6", "x7", "", "", "", "", "", "", "", "", "", "", 
"", "", "", "", "", "", "", "", "", "")), rank = 7L, fitted.values = structure(c(49.6730828520602, 
60.3837489539727, 70.0090894467801, 60.9676569795786, 72.6464973488373, 
48.6420562516862, 65.4918952564644, 68.4029365095834, 75.5755295266705, 
61.0873622001093, 58.5477977518582, 54.8146295317503, 74.0100801690191, 
76.8259590365326, 85.3756182593163, 76.7415889356458, 66.1083070263361, 
58.8365206130026, 40.2354175567285, 64.0879310506898, 62.3086857289453, 
43.0248704415614, 67.6302225343595, 75.2217204280142, 53.3405999255614, 
79.7690849386716, 72.2411107462649), .Names = c("1", "2", "3", 
"4", "5", "6", "7", "8", "9", "10", "11", "12", "14", "15", "16", 
"17", "19", "20", "21", "22", "23", "24", "26", "27", "28", "29", 
"30")), assign = 1:7, qr = structure(list(qr = structure(c(-5.19615242270663, 
0.192450089729875, 0.192450089729875, 0.192450089729875, 0.192450089729875, 
0.192450089729875, 0.192450089729875, 0.192450089729875, 0.192450089729875, 
0.192450089729875, 0.192450089729875, 0.192450089729875, 0.192450089729875, 
0.192450089729875, 0.192450089729875, 0.192450089729875, 0.192450089729875, 
0.192450089729875, 0.192450089729875, 0.192450089729875, 0.192450089729875, 
0.192450089729875, 0.192450089729875, 0.192450089729875, 0.192450089729875, 
0.192450089729875, 0.192450089729875, -350.644063487833, 69.9767157041593, 
-0.0740027970375246, 0.0260304773103873, -0.188326539149424, 
0.140354219422287, -0.0311313937455624, -0.145455135857462, -0.245488410205373, 
0.0546114128383621, 0.168935154950261, 0.0689018806023495, -0.259778877969361, 
-0.174036071385436, -0.359812152317273, -0.288359813497336, -0.0740027970375246, 
0.0974828161303243, 0.354711235882098, 0.0546114128383621, -0.0168409259815749, 
0.39758263917406, -0.174036071385436, -0.145455135857462, 0.111773283894312, 
-0.288359813497336, -0.245488410205373, -280.207330646698, 22.0496624832487, 
-68.3056676727976, -0.0169914641318059, 0.221017668781943, 0.24647229352289, 
-0.178003490099806, -0.0608253349260239, 0.36744718779079, -0.33176743754661, 
-0.302544857017131, -0.0499532171442296, -0.192528430447785, 
-0.214531715761654, -0.262018409122057, 0.136887616537345, 0.0452792193268567, 
-0.189048307715121, -0.00617691296118497, -0.156086554702697, 
0.0306103624509439, 0.0487017754483478, 0.166110197066824, -0.134025702777654, 
0.297726942671825, -0.0973535605878723, 0.36744718779079, -293.67883692779, 
37.9020254461815, 5.00236427114007, 43.6938618059398, -0.0844658188840682, 
0.143800675404391, -0.0562364644291573, 0.0835334067357488, -0.0341705413183286, 
0.0510245234410827, -0.293043601865927, 0.269254042806613, 0.387518230887033, 
-0.30702497678191, -0.157010637296977, -0.0821751343701756, -0.0051973291007352, 
-0.121689579250303, 0.14798193176545, -0.26279291117514, 0.103936612834127, 
-0.428542945724366, -0.0371725916848908, -0.363593703358791, 
0.153820032544777, -0.167255105617004, 0.148921537736869, -339.28950819377, 
36.8715239374229, 1.08939811300962, 20.8930227131924, 33.74040850107, 
0.0943921576892274, 0.00020985453078617, -0.0758029632837295, 
0.193542831412699, -0.0966258701087691, 0.174003718190465, -0.137278427446008, 
0.108048735444009, -0.0317151028453739, 0.610818719535068, -0.00660891368447241, 
-0.210836907451635, -0.0356080160935302, 0.121033221287601, 0.0731653836273089, 
-0.00987662961414474, 0.337249685150365, -0.43182626465158, -0.031065159329761, 
0.218566734038938, 0.0701003946022011, 0.254866961007423, -389.711431702997, 
9.93187509597131, -7.77395967859809, -4.86452777779878, 23.7371238698839, 
43.8840372787004, 0.160016287391655, 0.351127633690163, -0.0164842861288022, 
-0.121517676977666, -0.0626333960065531, 0.174617045616114, 0.0801319933836301, 
-0.0543579606945019, 0.248088044308592, 0.0955732267449518, -0.0277427819723641, 
-0.112660814784727, 0.171933344129696, -0.217925927636266, -0.00641288001935659, 
0.096704006065593, 0.346976276977912, -0.0736959299177274, -0.124828560255674, 
0.0756950419927369, 0.111974260185776, -225.166604983954, 11.2561251087674, 
-3.46198075805206, 18.1266074718809, 29.3225466014551, -4.79817436631437, 
31.6844791953875, 0.1106835048622, 0.398942746654568, 0.0388515671141552, 
0.260795616832433, -0.0254763646558272, -0.0860314005275566, 
0.172671207947802, -0.136147589322074, -0.443755393216651, 0.137046820874188, 
-0.211670600458366, 0.0346634131300639, 0.16334335568058, 0.150966923325149, 
-0.228847590320561, -0.415497931410523, 0.130000637009775, -0.0864358792461201, 
-0.246658278586323, -0.0402711557130031), .Dim = c(27L, 7L), .Dimnames = list(
    c("1", "2", "3", "4", "5", "6", "7", "8", "9", "10", "11", 
    "12", "14", "15", "16", "17", "19", "20", "21", "22", "23", 
    "24", "26", "27", "28", "29", "30"), c("x1", "x2", "x3", 
    "x4", "x5", "x6", "x7")), assign = 1:7), qraux = c(1.19245008972988, 
1.0117400095464, 1.03063914575653, 1.12815071088178, 1.13770808193548, 
1.6797150360115, 1.28221658423287), pivot = 1:7, tol = 1e-07, 
    rank = 7L), .Names = c("qr", "qraux", "pivot", "tol", "rank"
), class = "qr"), df.residual = 20L, xlevels = structure(list(), .Names = character(0)), 
    call = quote(lm(formula = y ~ . + 0, data = structure(list(y = c(43, 
        63, 71, 61, 81, 43, 58, 71, 72, 67, 64, 67, 68, 77, 81, 
        74, 65, 50, 50, 64, 53, 40, 66, 78, 48, 85, 82), x1 = c(1, 
        1, 1, 1, 1, 1, 1, 1, 1, 1, 1, 1, 1, 1, 1, 1, 1, 1, 1, 
        1, 1, 1, 1, 1, 1, 1, 1), x2 = c(51, 64, 70, 63, 78, 55, 
        67, 75, 82, 61, 53, 60, 83, 77, 90, 85, 70, 58, 40, 61, 
        66, 37, 77, 75, 57, 85, 82), x3 = c(52, 58, 57, 52, 72, 
        68, 42, 52, 83, 30, 30, 49, 45, 42, 42, 68, 58, 39, 47, 
        42, 56, 50, 68, 47, 72, 52, 83), x4 = c(39, 54, 69, 47, 
        66, 44, 56, 55, 67, 47, 58, 39, 45, 72, 72, 69, 57, 54, 
        34, 62, 50, 58, 63, 74, 45, 71, 59), x5 = c(61, 63, 76, 
        54, 71, 54, 66, 70, 71, 62, 58, 59, 59, 79, 60, 79, 75, 
        64, 43, 66, 63, 50, 88, 80, 51, 77, 64), x6 = c(92, 73, 
        86, 84, 83, 49, 68, 66, 83, 80, 67, 74, 77, 77, 54, 79, 
        85, 78, 64, 80, 80, 57, 76, 78, 83, 74, 78), x7 = c(45, 
        47, 48, 35, 47, 34, 35, 41, 31, 41, 34, 41, 35, 46, 36, 
        63, 46, 52, 33, 41, 37, 49, 72, 49, 38, 55, 39)), .Names = c("y", 
        "x1", "x2", "x3", "x4", "x5", "x6", "x7"),