
expected <- structure(list(coefficients = structure(c(0.581726546604689, 
0.59319256761445, -0.0807447530599571, 0.309874159518373, 0.162467443115959, 
0.140569271379256, -0.218952704950177), .Names = c("x1", "x2", 
"x3", "x4", "x5", "x6", "x7")), residuals = structure(c(-9.22218895615329, 
2.89762176621667, -0.0792176278517196, 0.0422696614319131, 5.72931178369792, 
-12.881387368704, -8.20267255057377, -3.80701246376483, 10.1945861803986, 
7.45125420062881, 10.6825706179049, 8.52063702798147, -1.52416215698401, 
0.469908894755451, -3.9323425691841, -1.81636565285245, 2.10364634028887, 
-7.33078991478605, 6.39151586106255, -0.630706683764768, -11.1260188266901, 
-1.39385708270959, 3.31682545293782, 0.323668510095398, -6.30961820891362, 
5.59387347547216, 4.53865029005975), .Names = c("1", "2", "3", 
"4", "5", "6", "7", "9", "10", "11", "12", "13", "14", "15", 
"16", "17", "18", "20", "21", "22", "23", "24", "25", "27", "28", 
"29", "30")), effects = structure(c(-334.285805860793, -54.1626149974308, 
2.33757936933778, 11.6749073260769, 3.28831564061342, -6.23636501621792, 
-7.58437008307406, -6.42514975594907, 8.03748497140154, 7.66490175360611, 
12.0862874030796, 11.1686185184104, -4.81188332968834, 3.14766524013052, 
-4.33512525216346, -4.25821052676129, 1.36682543754784, -5.87278405791123, 
8.39454223240703, 3.14215534436663, -8.75308095793564, -6.80206962969032, 
11.0517619905625, 6.51346639572063, -8.36905245981842, 6.90849591348424, 
6.48521821448575), .Names = c("x1", "x2", "x3", "x4", "x5", "x6", 
"x7", "", "", "", "", "", "", "", "", "", "", "", "", "", "", 
"", "", "", "", "", "")), rank = 7L, fitted.values = structure(c(52.2221889561533, 
60.1023782337833, 71.0792176278517, 60.9577303385681, 75.2706882163021, 
55.881387368704, 66.2026725505738, 75.8070124637648, 56.8054138196014, 
56.5487457993712, 56.3174293820951, 60.4793629720185, 69.524162156984, 
76.5300911052446, 84.9323425691841, 75.8163656528525, 62.8963536597111, 
57.330789914786, 43.6084841389375, 64.6307066837648, 64.1260188266901, 
41.3938570827096, 59.6831745470622, 77.6763314899046, 54.3096182089136, 
79.4061265245278, 77.4613497099403), .Names = c("1", "2", "3", 
"4", "5", "6", "7", "9", "10", "11", "12", "13", "14", "15", 
"16", "17", "18", "20", "21", "22", "23", "24", "25", "27", "28", 
"29", "30")), assign = 1:7, qr = structure(list(qr = structure(c(-5.19615242270663, 
0.192450089729875, 0.192450089729875, 0.192450089729875, 0.192450089729875, 
0.192450089729875, 0.192450089729875, 0.192450089729875, 0.192450089729875, 
0.192450089729875, 0.192450089729875, 0.192450089729875, 0.192450089729875, 
0.192450089729875, 0.192450089729875, 0.192450089729875, 0.192450089729875, 
0.192450089729875, 0.192450089729875, 0.192450089729875, 0.192450089729875, 
0.192450089729875, 0.192450089729875, 0.192450089729875, 0.192450089729875, 
0.192450089729875, 0.192450089729875, -341.791359360259, -70.2329457353646, 
0.0940757185871527, -0.00559260554061164, 0.207982374733169, 
-0.119499261686628, 0.0513607225323965, 0.264935702806177, -0.0340692695771157, 
-0.147975925723132, -0.0483076015953678, -0.0198309375588637, 
0.279174034824429, 0.193744042714917, 0.378842358952194, 0.307650698860933, 
-0.0483076015953678, -0.0767842656318719, -0.333074241960409, 
-0.0340692695771157, 0.0371223905141445, -0.375789238015165, 
-0.13373759370488, 0.165267378678413, -0.0910225976501239, 0.307650698860933, 
0.264935702806177, -275.588528493181, -36.3393873843611, -52.8621971496863, 
-0.0777165698770799, -0.0219221343711548, 0.0791752168329003, 
-0.175079573263807, 0.240139952845125, -0.057410733231322, 0.175149493605607, 
-0.00942359484496873, 0.159441668826645, 0.438075244871355, -0.0496034361117502, 
-0.257259814436125, 0.0583443176225902, 0.331084385726301, 0.40814155246727, 
-0.0712047688317108, 0.0750090369908383, 0.0242444453764436, 
0.129507976422561, -0.0430916350663811, 0.0463708406609564, -0.0357161699715435, 
0.190764087844751, -0.384124678202203, -291.754336030491, -37.5876144912945, 
-11.4059006342731, 49.0355388976436, -0.104841902340487, 0.128440571929882, 
-0.0788666194452232, 0.0162392709473075, 0.0824488170952767, 
-0.143365288721313, 0.252446471064487, 0.276076731016642, 0.549517961724093, 
-0.248497668427881, -0.18275230798564, -0.0591726046853306, -0.355056995026528, 
0.0798686223314672, 0.111453037419439, -0.174195903115328, 0.10663670604758, 
-0.336326214380228, -0.00961120964501627, -0.27558306164323, 
0.0873092962742401, -0.0507034851737676, -0.0528199671590905, 
-328.319853079167, -33.1911339714365, -4.23117750984152, 16.4660843730949, 
31.7078523722841, 0.0920963072891978, -0.0526649888326148, 0.0915521565704131, 
-0.0868781912010935, 0.159378311641052, -0.108836439303373, 0.0896949376999101, 
0.182367089603522, -0.151916698189229, 0.521786779560287, -0.127299736131187, 
0.560176297707196, -0.0296258597273708, 0.175411962343915, 0.0123019712487866, 
-0.0324213082725737, 0.292616097387037, -0.24778359605908, -0.160652023158982, 
0.204844843458486, -0.0237423754240145, 0.141789519461196, -388.364281074888, 
-1.24506303315161, -1.28663648215423, -5.20922510246101, 1.90182527536058, 
-57.1596588884621, -0.190321291019666, -0.454077632229919, -0.337502360709071, 
-0.268111529898662, 0.0398426203919178, 0.0108877118643321, -0.0845372741711271, 
-0.0579639438004218, 0.0856402568652713, -0.0703398807649783, 
0.235190833449549, 0.117768488936893, 0.0361971257663456, 0.0580842345364219, 
0.028756551250746, -0.54057720569667, 0.174800225952645, 0.2474478974017, 
-0.183447775844343, 0.170895543679799, 0.144953055181466, -217.276151305029, 
-8.12850554553101, -11.28973643718, 24.9500673066765, 9.73048610996956, 
-8.21422410117871, 34.6393075381274, 0.40720036516572, -0.0825908681831681, 
0.28296732630617, -0.152981759043258, 0.297476076326864, -0.0481641566520843, 
0.188569305274297, 0.239293990923068, -0.386919054445372, -0.251070155256336, 
-0.203911708286238, -0.0161462075190472, 0.199996508594307, 0.101717555845201, 
-0.16704547953827, 0.309431521629574, 0.191809093841774, -0.0778616727204539, 
-0.11370823906629, 0.0787536403838732), .Dim = c(27L, 7L), .Dimnames = list(
    c("1", "2", "3", "4", "5", "6", "7", "9", "10", "11", "12", 
    "13", "14", "15", "16", "17", "18", "20", "21", "22", "23", 
    "24", "25", "27", "28", "29", "30"), c("x1", "x2", "x3", 
    "x4", "x5", "x6", "x7")), assign = 1:7), qraux = c(1.19245008972988, 
1.00864572647764, 1.28630653259272, 1.0968936737861, 1.02477083856026, 
1.06878388771084, 1.22292517118525), pivot = 1:7, tol = 1e-07, 
    rank = 7L), .Names = c("qr", "qraux", "pivot", "tol", "rank"
), class = "qr"), df.residual = 20L, xlevels = structure(list(), .Names = character(0)), 
    call = quote(lm(formula = y ~ . + 0, data = structure(list(y = c(43, 
        63, 71, 61, 81, 43, 58, 72, 67, 64, 67, 69, 68, 77, 81, 
        74, 65, 50, 50, 64, 53, 40, 63, 78, 48, 85, 82), x1 = c(1, 
        1, 1, 1, 1, 1, 1, 1, 1, 1, 1, 1, 1, 1, 1, 1, 1, 1, 1, 
        1, 1, 1, 1, 1, 1, 1, 1), x2 = c(51, 64, 70, 63, 78, 55, 
        67, 82, 61, 53, 60, 62, 83, 77, 90, 85, 60, 58, 40, 61, 
        66, 37, 54, 75, 57, 85, 82), x3 = c(30, 51, 68, 45, 56, 
        49, 42, 72, 45, 53, 47, 57, 83, 54, 50, 64, 65, 68, 33, 
        52, 52, 42, 42, 58, 44, 71, 39), x4 = c(39, 54, 69, 47, 
        66, 44, 56, 67, 47, 58, 39, 42, 45, 72, 72, 69, 75, 54, 
        34, 62, 50, 58, 48, 74, 45, 71, 59), x5 = c(61, 63, 76, 
        54, 71, 54, 66, 71, 62, 58, 59, 55, 59, 79, 60, 79, 55, 
        64, 43, 66, 63, 50, 66, 80, 51, 77, 64), x6 = c(83, 64, 
        80, 78, 80, 83, 63, 49, 57, 63, 80, 80, 75, 68, 77, 68, 
        92, 86, 83, 79, 78, 49, 86, 86, 68, 83, 80), x7 = c(45, 
        47, 48, 35, 47, 34, 35, 31, 41, 34, 41, 25, 35, 46, 36, 
        63, 60, 52, 33, 41, 37, 49, 33, 49, 38, 55, 39)), .Names = c("y", 
        "x1", "x2", "x3", "x4", "x5", "x6", "x7"),