
expected <- structure(list(coefficients = structure(c(40.751669558132, 0.708624633823761, 
-0.126884639935207, 0.0387259575718593, -0.284145292122595, 0.0645458937833255, 
-0.11496291032633), .Names = c("x1", "x2", "x3", "x4", "x5", 
"x6", "x7")), residuals = structure(c(-10.4810028003314, -2.68847888126269, 
-1.21380909109008, 3.10129979258853, 3.77844784769474, -9.01915096137828, 
-4.98695960922902, 3.08013447826866, -3.92599488171381, 6.63604013124322, 
7.37117740582007, 13.1259870342963, 5.77593638024794, -4.97149982141893, 
2.83056753769391, -2.83831010012522, 0.781615932623574, 3.01527491338484, 
-7.71692256081348, -1.63982952151912, 1.3378478916957, -0.602981426749741, 
-5.76445010626592, -3.74836631531363, 3.17031537146691, 1.58576836341515, 
4.00734299677171), .Names = c("1", "2", "3", "4", "5", "6", "7", 
"8", "9", "10", "11", "12", "13", "14", "15", "16", "17", "18", 
"19", "20", "21", "22", "23", "24", "25", "26", "30")), effects = structure(c(-332.553755053224, 
-47.3569455303206, 4.84740410534456, 8.393226700135, -16.9068075787364, 
1.64272211140801, -4.73990394901709, 6.541335987953, -0.992787421253077, 
7.37063599282444, 10.798578863135, 14.5561204279629, 6.29089885831231, 
-5.55675405488742, 6.74775275334142, 2.93803982714659, 4.49607293873185, 
6.51785083244724, -7.93166822870152, 1.177303737833, 1.18432352602871, 
1.35766896476085, -2.96862182172774, 1.03587222741877, 3.77497037370624, 
4.98537357366651, 6.15891425547666), .Names = c("x1", "x2", "x3", 
"x4", "x5", "x6", "x7", "", "", "", "", "", "", "", "", "", "", 
"", "", "", "", "", "", "", "", "", "")), rank = 7L, fitted.values = structure(c(53.4810028003314, 
65.6884788812627, 72.2138090910901, 57.8987002074115, 77.2215521523053, 
52.0191509613783, 62.986959609229, 67.9198655217313, 75.9259948817138, 
60.3639598687568, 56.6288225941799, 53.8740129657037, 63.2240636197521, 
72.9714998214189, 74.1694324623061, 83.8383101001252, 73.2183840673764, 
61.9847250866152, 72.7169225608135, 51.6398295215191, 48.6621521083043, 
64.6029814267497, 58.7644501062659, 43.7483663153136, 59.8296846285331, 
64.4142316365848, 77.9926570032283), .Names = c("1", "2", "3", 
"4", "5", "6", "7", "8", "9", "10", "11", "12", "13", "14", "15", 
"16", "17", "18", "19", "20", "21", "22", "23", "24", "25", "26", 
"30")), assign = 1:7, qr = structure(list(qr = structure(c(-5.19615242270663, 
0.192450089729875, 0.192450089729875, 0.192450089729875, 0.192450089729875, 
0.192450089729875, 0.192450089729875, 0.192450089729875, 0.192450089729875, 
0.192450089729875, 0.192450089729875, 0.192450089729875, 0.192450089729875, 
0.192450089729875, 0.192450089729875, 0.192450089729875, 0.192450089729875, 
0.192450089729875, 0.192450089729875, 0.192450089729875, 0.192450089729875, 
0.192450089729875, 0.192450089729875, 0.192450089729875, 0.192450089729875, 
0.192450089729875, 0.192450089729875, -342.753609808908, -68.0364825881156, 
0.0948302518508885, -0.00805572540306698, 0.212414225855409, 
-0.125639699407587, 0.0507362615991933, 0.168320235603714, 0.271206212857669, 
-0.0374517189041971, -0.155035692908718, -0.0521497156547622, 
-0.022753722153632, 0.285904209608234, 0.197716229104844, 0.38879018686219, 
0.315300203109364, -0.0521497156547622, 0.0948302518508885, -0.0815457091558923, 
-0.346109650666063, -0.0374517189041971, 0.0360382648486282, 
-0.390203640917759, -0.140337696158153, 0.197716229104844, 0.271206212857669, 
-273.471577506153, -31.9186052397271, -53.7540597150277, -0.068940024584522, 
-0.00259405148006831, 0.0792274842913807, -0.161627025089866, 
-0.0865555811570526, 0.258180623295055, -0.0505013934329394, 
0.172079099712536, -0.00407558572236198, 0.163518243799986, 0.453597014460587, 
-0.0305812280390631, -0.224845314793922, 0.0816967080285368, 
0.330782843490713, -0.114871987547668, 0.405031212844475, -0.0801347191500383, 
0.0797213290388119, 0.0336247511598553, 0.114952442183873, -0.0417759226045793, 
0.192657724769653, -0.355726496928915, -288.867584684543, -31.8151748922231, 
-10.7420708495204, 46.8713246981527, -0.13207290309552, 0.133572442022195, 
-0.0936583501173797, 0.0390282479705255, -0.0104238354988438, 
0.0803242194515253, -0.149301402981008, 0.258912388977911, 0.280950787064172, 
0.545622146599228, -0.281277578713764, -0.22401796861094, -0.0913695887295397, 
-0.378185415255976, -0.0659608194573539, 0.0783902646598316, 
0.130862578649903, -0.188771043885741, 0.100465325642289, -0.335626137821619, 
-0.00934067039045085, -0.00195424574144852, -0.0798415502449372, 
-345.447911065126, 7.66527749054472, 9.757778699734, -32.6214976740007, 
53.9129660293874, -0.0730241770937816, -0.225228450759094, -0.120047379534166, 
-0.162218928040827, 0.0553657403904689, -0.0319809184699784, 
-0.122901217866113, 0.324543266845244, 0.179115747949489, -0.135913470099791, 
-0.053686306269012, -0.296009764253744, -0.121691671453371, 0.296630095333482, 
-0.310102175100806, 0.385251944851448, 0.060226672156337, -0.311916389646439, 
-0.107148634783897, 0.238423335292878, -0.317092169286474, 0.0304485103650436, 
-386.439780177589, -11.4110891809387, -4.10160002706479, 0.49003517891903, 
-2.39900477511955, 51.0221996667266, 0.116913884886396, 0.21674212976705, 
-0.049977576533559, -0.0519000334636757, 0.187428670537605, 0.0715306903011361, 
0.382964255708714, 0.219806677559489, -0.0266360775434225, 0.432846857368427, 
-0.0255199216813754, -0.0639588014270124, -0.130358987929159, 
0.0177288139275808, 0.262056491319733, -0.0609670844623449, -0.0711165272104152, 
0.306794211349464, 0.0457631452693, 0.0458052300453162, -0.0492087392334547, 
-220.547802830437, -8.28150461356839, -12.875499479707, 23.6840296439762, 
12.4635518155621, 14.357251083736, 41.2298534854636, 0.0117816915819171, 
0.523216136597832, -0.037643882535282, 0.275717181003329, -0.13124280590005, 
0.0680984660047741, -0.0740195291161216, 0.21431510064367, 0.245999047320421, 
-0.206622629035185, -0.0131672375243049, -0.0911701107990323, 
-0.0805732191104022, -0.179372352994652, 0.187055868954797, 0.214332435545262, 
-0.0639565798303469, 0.101954616318476, -0.501207789354141, 0.122310284030174
), .Dim = c(27L, 7L), .Dimnames = list(c("1", "2", "3", "4", 
"5", "6", "7", "8", "9", "10", "11", "12", "13", "14", "15", 
"16", "17", "18", "19", "20", "21", "22", "23", "24", "25", "26", 
"30"), c("x1", "x2", "x3", "x4", "x5", "x6", "x7")), assign = 1:7), 
    qraux = c(1.19245008972988, 1.0066422713475, 1.29439942593498, 
    1.09361073781378, 1.13975799579707, 1.55735042947676, 1.25190134476251
    ), pivot = 1:7, tol = 1e-07, rank = 7L), .Names = c("qr", 
"qraux", "pivot", "tol", "rank"), class = "qr"), df.residual = 20L, 
    xlevels = structure(list(), .Names = character(0)), call = quote(lm(formula = y ~ 
        . + 0, data = structure(list(y = c(43, 63, 71, 61, 81, 
        43, 58, 71, 72, 67, 64, 67, 69, 68, 77, 81, 74, 65, 65, 
        50, 50, 64, 53, 40, 63, 66, 82), x1 = c(1, 1, 1, 1, 1, 
        1, 1, 1, 1, 1, 1, 1, 1, 1, 1, 1, 1, 1, 1, 1, 1, 1, 1, 
        1, 1, 1, 1), x2 = c(51, 64, 70, 63, 78, 55, 67, 75, 82, 
        61, 53, 60, 62, 83, 77, 90, 85, 60, 70, 58, 40, 61, 66, 
        37, 54, 77, 82), x3 = c(30, 51, 68, 45, 56, 49, 42, 50, 
        72, 45, 53, 47, 57, 83, 54, 50, 64, 65, 46, 68, 33, 52, 
        52, 42, 42, 66, 39), x4 = c(39, 54, 69, 47, 66, 44, 56, 
        55, 67, 47, 58, 39, 42, 45, 72, 72, 69, 75, 57, 54, 34, 
        62, 50, 58, 48, 63, 59), x5 = c(77, 54, 43, 88, 50, 79, 
        79, 75, 64, 71, 62, 88, 60, 66, 59, 58, 71, 50, 50, 80, 
        63, 55, 88, 64, 59, 76, 66), x6 = c(92, 73, 86, 84, 83, 
        49, 68, 66, 83, 80, 67, 74, 63, 77, 77, 54, 79, 80, 85, 
        78, 64, 80, 80, 57, 75, 76, 78), x7 = c(45, 47, 48, 35, 
        47, 34, 35, 41, 31, 41, 34, 41, 25, 35, 46, 36, 63, 60, 
        46, 52, 33, 41, 37, 49, 33, 72, 39)), .Names = c("y", 
        "x1", "x2", "x3", "x4", "x5", "x6", "x7"),