
expected <- structure(list(coefficients = structure(c(8.66909885110555, 0.679677009478029, 
-0.0790365409889359, 0.327729294021373, -0.0693322419622245, 
0.026562203357438, -0.0327229347718037), .Names = c("x1", "x2", 
"x3", "x4", "x5", "x6", "x7")), residuals = structure(c(-7.68123406473894, 
0.935584979753238, 1.61215466783599, 0.878925669345284, 6.30246566495967, 
-9.35647828698487, -7.32576337158096, 1.46184967954783, 8.01566719859019, 
8.33368347841189, 12.6746573489504, -1.88312302376964, -4.58111063600354, 
-5.53793742367326, -0.600320463963802, -2.1712218747253, -6.70621054139163, 
8.13400753650962, 1.29026482553088, -9.38336541948946, -5.85175341862595, 
8.91321374553053, -4.29070767085647, 4.51805585648655, -8.17159170561083, 
5.61578978624371, 4.85449746371884), .Names = c("1", "2", "3", 
"4", "5", "6", "7", "8", "10", "11", "13", "14", "16", "17", 
"18", "19", "20", "21", "22", "23", "24", "25", "26", "27", "28", 
"29", "30")), effects = structure(c(-331.591504604575, -52.8406667457116, 
1.16535851229253, 13.6513149923323, -2.20715077266605, 1.69700039744578, 
-1.5139347989431, 5.37961923448709, 10.7568880283968, 9.55514264897869, 
14.1621579367492, -3.71826749482165, -4.33095207142128, -3.85632704683651, 
-4.388698112779, 0.313885922686074, -5.53515261462635, 10.9228690782501, 
2.59414415489478, -8.24982757148674, -3.55498875326002, 13.2093572553923, 
-1.41726345263776, 3.9263243157394, -8.86303657543518, 6.50003665255506, 
4.77041550240238), .Names = c("x1", "x2", "x3", "x4", "x5", "x6", 
"x7", "", "", "", "", "", "", "", "", "", "", "", "", "", "", 
"", "", "", "", "", "")), rank = 7L, fitted.values = structure(c(50.6812340647389, 
62.0644150202468, 69.387845332164, 60.1210743306547, 74.6975343350403, 
52.3564782869849, 65.325763371581, 69.5381503204522, 58.9843328014098, 
55.6663165215881, 56.3253426510496, 69.8831230237696, 85.5811106360035, 
79.5379374236733, 65.6003204639638, 67.1712218747253, 56.7062105413916, 
41.8659924634904, 62.7097351744691, 62.3833654194895, 45.8517534186259, 
54.0867862544695, 70.2907076708565, 73.4819441435134, 56.1715917056108, 
79.3842102137563, 77.1455025362812), .Names = c("1", "2", "3", 
"4", "5", "6", "7", "8", "10", "11", "13", "14", "16", "17", 
"18", "19", "20", "21", "22", "23", "24", "25", "26", "27", "28", 
"29", "30")), assign = 1:7, qr = structure(list(qr = structure(c(-5.19615242270663, 
0.192450089729875, 0.192450089729875, 0.192450089729875, 0.192450089729875, 
0.192450089729875, 0.192450089729875, 0.192450089729875, 0.192450089729875, 
0.192450089729875, 0.192450089729875, 0.192450089729875, 0.192450089729875, 
0.192450089729875, 0.192450089729875, 0.192450089729875, 0.192450089729875, 
0.192450089729875, 0.192450089729875, 0.192450089729875, 0.192450089729875, 
0.192450089729875, 0.192450089729875, 0.192450089729875, 0.192450089729875, 
0.192450089729875, 0.192450089729875, -342.368709629448, -68.8379740162845, 
0.0946285258367066, -0.00705953369775985, 0.210843451018954, 
-0.123274458880007, 0.0510479288933639, 0.167262854075611, -0.0361132649933217, 
-0.152328190175569, -0.0215863993455408, 0.283477779257859, 0.385165838792325, 
0.312531510553421, -0.0506401306411026, 0.0946285258367066, -0.0796938619366645, 
-0.341177443596721, -0.0361132649933217, 0.0365210632455829, 
-0.384758040540064, -0.137801324527788, 0.196316585371173, 0.167262854075611, 
-0.0942207275844454, 0.312531510553421, 0.268950913610078, -273.471577506153, 
-33.2358545059397, -53.2510494878393, -0.070052322797673, -0.00669154004805236, 
0.0814411228608679, -0.164578018240964, -0.0907237925312555, 
-0.0509579339970586, 0.175651402117566, 0.164842542970884, 0.452604748528973, 
-0.233931708535864, 0.0767098800619636, 0.334168712683665, -0.118103710985803, 
0.409600019326341, -0.0758145229588567, 0.080494874301087, 0.032758902299551, 
0.121837813768252, -0.0404644910369705, 0.190645380492463, 0.0595079883809109, 
-0.0315481290098505, 0.208162688360109, -0.364122852087635, -291.176985761301, 
-32.7887498632246, -12.0111858195518, 45.9738214702459, -0.126776264009074, 
0.146469422888452, -0.0900171792328606, 0.0462799188113019, 0.0896046789845458, 
-0.14017645812747, 0.29795177230988, 0.572139119503493, -0.225001870218563, 
-0.0840514605148644, -0.370965020032825, -0.0610621517971232, 
0.0959399796426184, 0.141459594833629, -0.182404373202978, 0.111445026063237, 
-0.3305079318491, -0.00136645725563106, 0.00943141373069283, 
-0.304983229318835, 0.099090725323558, -0.0732908932916216, -0.0800336620639995, 
-332.938655232684, -34.7369639562104, -5.90088014670624, 14.3792209278217, 
37.4113994119425, 0.0883967215325639, -0.0198516122366531, -0.0740628466497124, 
-0.0561869391807157, 0.143650962410509, 0.0957585162115162, 0.202891328143994, 
0.496629964955771, -0.0583953227028631, 0.493560590913973, -0.222497273825623, 
-0.00898153041147046, 0.138662389187789, 0.0288922640220551, 
-0.00309501892698088, 0.235702240135178, -0.201494975093204, 
-0.420636300880987, -0.0995109703715286, 0.185968080392418, 0.0301001084210261, 
0.163299733683782, -386.632230267319, -8.06563862688463, -1.53998245972937, 
-0.682271547394574, 20.0669496492956, 47.874257000929, 0.162702050764063, 
0.261260859304771, -0.0393149374326956, 0.168882167532395, 0.340778562791046, 
0.130331467288528, 0.306225068939915, 0.00393640263110654, -0.201602890020956, 
-0.120689540652062, 0.0606268249271836, 0.22036437123156, -0.083156484574125, 
-0.0316213572357864, 0.296266249709722, 0.08542651021309, 0.190675332364828, 
-0.0114649436253739, -0.169452520436462, 0.106432375489893, -0.11037954764805, 
-218.623301933138, 3.91902553253468, -16.0371093407304, 12.2417748953947, 
4.47261148367381, -12.9986705155606, 46.2652512526965, 0.245471094690655, 
0.338472469189761, -0.0580320100748615, -0.0242212543954403, 
0.0811235522302976, 0.158679623149286, 0.170512178216863, -0.16813859104036, 
0.0547369536243008, 0.0993754781172081, 0.170971388050997, 0.111927852217511, 
0.10795590882301, -0.0595744437353883, 0.201645385196566, -0.385973011211413, 
-0.66020465235951, 0.0627420644684143, 0.0519218226587542, 0.0254095404227603
), .Dim = c(27L, 7L), .Dimnames = list(c("1", "2", "3", "4", 
"5", "6", "7", "8", "10", "11", "13", "14", "16", "17", "18", 
"19", "20", "21", "22", "23", "24", "25", "26", "27", "28", "29", 
"30"), c("x1", "x2", "x3", "x4", "x5", "x6", "x7")), assign = 1:7), 
    qraux = c(1.19245008972988, 1.00746733195002, 1.29503368652266, 
    1.1027371946009, 1.06098135991712, 1.59089095340916, 1.17176185512481
    ), pivot = 1:7, tol = 1e-07, rank = 7L), .Names = c("qr", 
"qraux", "pivot", "tol", "rank"), class = "qr"), df.residual = 20L, 
    xlevels = structure(list(), .Names = character(0)), call = quote(lm(formula = y ~ 
        . + 0, data = structure(list(y = c(43, 63, 71, 61, 81, 
        43, 58, 71, 67, 64, 69, 68, 81, 74, 65, 65, 50, 50, 64, 
        53, 40, 63, 66, 78, 48, 85, 82), x1 = c(1, 1, 1, 1, 1, 
        1, 1, 1, 1, 1, 1, 1, 1, 1, 1, 1, 1, 1, 1, 1, 1, 1, 1, 
        1, 1, 1, 1), x2 = c(51, 64, 70, 63, 78, 55, 67, 75, 61, 
        53, 62, 83, 90, 85, 60, 70, 58, 40, 61, 66, 37, 54, 77, 
        75, 57, 85, 82), x3 = c(30, 51, 68, 45, 56, 49, 42, 50, 
        45, 53, 57, 83, 50, 64, 65, 46, 68, 33, 52, 52, 42, 42, 
        66, 58, 44, 71, 39), x4 = c(39, 54, 69, 47, 66, 44, 56, 
        55, 47, 58, 42, 45, 72, 69, 75, 57, 54, 34, 62, 50, 58, 
        48, 63, 74, 45, 71, 59), x5 = c(61, 63, 76, 54, 71, 54, 
        66, 70, 62, 58, 55, 59, 60, 79, 55, 75, 64, 43, 66, 63, 
        50, 66, 88, 80, 51, 77, 64), x6 = c(92, 73, 86, 84, 83, 
        49, 68, 66, 80, 67, 63, 77, 54, 79, 80, 85, 78, 64, 80, 
        80, 57, 75, 76, 78, 83, 74, 78), x7 = c(39, 41, 34, 52, 
        45, 55, 35, 33, 25, 49, 49, 41, 36, 33, 49, 36, 41, 38, 
        36, 36, 52, 34, 63, 72, 36, 41, 35)), .Names = c("y", 
        "x1", "x2", "x3", "x4", "x5", "x6", "x7"),