
expected <- structure(list(coefficients = structure(c(-4.30125408515899, 
0.284906394001749, -0.0671676239239145, 0.673228405033012, 0.541514247433712, 
0.0441798764590846, -0.528149142167615), .Names = c("x1", "x2", 
"x3", "x4", "x5", "x6", "x7")), residuals = structure(c(-5.65477659965507, 
-7.55548034182173, 4.55020668895808, 3.12109117055107, -7.57913352033112, 
-10.50164477397, 5.36993502664688, -4.81083691832521, 9.27880067432867, 
-2.40073858311874, 15.5489595874892, 7.55353602771481, -2.81004491433568, 
6.3748882400885, 6.05639859793553, 5.87644239711729, -3.1514354581679, 
-9.49284771677886, 1.89205722061152, -14.3380434754404, -11.3094622356878, 
5.64128489678904, -2.60105074006593, -2.17398432009775, -3.91733407963673, 
8.9852539851326, 8.04795916406958), .Names = c("1", "3", "4", 
"5", "6", "7", "8", "9", "10", "11", "12", "13", "15", "16", 
"17", "18", "19", "20", "22", "23", "24", "25", "26", "27", "28", 
"29", "30")), effects = structure(c(-338.327257745121, -19.9318576163669, 
21.5965999548324, -31.5672299406177, 14.6526675004732, -1.57917741508105, 
-22.2343435083669, -8.22664671149751, 10.0760343758991, -0.793773847388049, 
19.6000305717526, 12.2758228134041, -3.62315078372429, 8.56947587389018, 
9.55373947016253, 6.97476540493964, -4.23607084560911, -3.92146305328333, 
-1.34041977561912, -12.5199685926252, -6.43865399059207, 3.35491263536659, 
6.14566035789757, -2.4740432075445, -4.37827711377589, 13.6716706341512, 
8.07429501446551), .Names = c("x1", "x2", "x3", "x4", "x5", "x6", 
"x7", "", "", "", "", "", "", "", "", "", "", "", "", "", "", 
"", "", "", "", "", "")), rank = 7L, fitted.values = structure(c(48.6547765996551, 
78.5554803418217, 56.4497933110419, 77.8789088294489, 50.5791335203311, 
68.50164477397, 65.6300649733531, 76.8108369183252, 57.7211993256713, 
66.4007385831187, 51.4510404125108, 61.4464639722852, 79.8100449143357, 
74.6251117599115, 67.9436014020645, 59.1235576028827, 68.1514354581679, 
59.4928477167789, 62.1079427793885, 67.3380434754404, 51.3094622356878, 
57.358715103211, 68.6010507400659, 80.1739843200977, 51.9173340796367, 
76.0147460148674, 73.9520408359304), .Names = c("1", "3", "4", 
"5", "6", "7", "8", "9", "10", "11", "12", "13", "15", "16", 
"17", "18", "19", "20", "22", "23", "24", "25", "26", "27", "28", 
"29", "30")), assign = 1:7, qr = structure(list(qr = structure(c(-5.19615242270663, 
0.192450089729875, 0.192450089729875, 0.192450089729875, 0.192450089729875, 
0.192450089729875, 0.192450089729875, 0.192450089729875, 0.192450089729875, 
0.192450089729875, 0.192450089729875, 0.192450089729875, 0.192450089729875, 
0.192450089729875, 0.192450089729875, 0.192450089729875, 0.192450089729875, 
0.192450089729875, 0.192450089729875, 0.192450089729875, 0.192450089729875, 
0.192450089729875, 0.192450089729875, 0.192450089729875, 0.192450089729875, 
0.192450089729875, 0.192450089729875, -331.206604425115, -62.2509854153746, 
-0.00270964286550864, 0.366762420050937, -0.147285667484987, 
-0.00270964286550864, -0.0348376483365039, -0.147285667484987, 
0.013354359869989, 0.0615463680764818, 0.0776103708119794, 0.238250398166956, 
-0.0187736456010063, 0.013354359869989, -0.0348376483365039, 
-0.115157662013992, -0.0348376483365039, 0.20612239269596, -0.404309711252949, 
0.318570411844444, -0.115157662013992, -0.404309711252949, 0.238250398166956, 
-0.00270964286550864, -0.00270964286550864, 0.20612239269596, 
0.334634414579941, -274.626278044532, -15.083503605568, 53.0084458024212, 
0.0656163883778516, -0.0750508195831293, 0.133706568782085, -0.0342578799875003, 
-0.50894394079872, 0.0856343649708279, -0.0397173281492211, 0.081994732863014, 
-0.0214289389751273, -0.101195002112478, -0.00869022659777871, 
-0.298366736379599, -0.359844410342856, 0.041201793267385, -0.245988142685876, 
-0.268006392602808, 0.115508408243015, 0.0740487108727344, -0.0793572094655951, 
-0.191213203798619, -0.168132124237456, 0.095976732154642, -0.30258289762704, 
0.3692748974513, -299.837239799146, -4.2075787905718, 35.5669696859967, 
-45.0434965084434, -0.253844480357719, 0.149198239909444, -0.011642591860951, 
-0.129664001606745, -0.0988998783708248, 0.0172363806119476, 
-0.301654862125718, -0.381932827536454, 0.300677521284221, 0.372111142019705, 
0.0639455256396419, 0.169780560655788, 0.0999653823809752, -0.304568573486562, 
0.0615470382369226, -0.109750729826482, 0.178804661146909, -0.0812475270915646, 
-0.0669313078018815, 0.279986186324154, -0.128613379281678, 0.0224395651617875, 
0.310590680931113, -341.406459180799, -9.46050768507954, 23.3569800867443, 
-17.8735413067516, 40.5846821640068, -0.0705410597677582, -0.117110264962499, 
0.134544929501416, -0.029638635562396, 0.235122298825962, -0.00934339644197688, 
0.204564482123549, -0.151203516162558, 0.287315710903621, -0.100812496014009, 
0.548592582422383, -0.253529177376075, 0.177135432399989, 0.0398747556394756, 
0.0457698276503834, 0.335495627669158, -0.166696379171598, -0.345921240966632, 
-0.125168981103561, 0.214339094039436, 0.0356877943728986, 0.001921453800352, 
-390.481232061917, -4.35393970438414, 3.14893079463698, -0.596483772266661, 
18.8441518613754, 48.2397864738581, 0.331447869189664, -0.280884366690298, 
-0.0152902077323344, 0.0454943423560997, 0.0999571368981633, 
0.180034276644014, 0.140272366023425, 0.274845553148184, 0.0357122090517534, 
-0.53074777802773, 0.0563210423542106, -0.126145674315601, -0.177042586898088, 
-0.00972225361518913, 0.144773062724918, 0.101177071957581, 0.358061639593596, 
0.0973034263171716, -0.279666533098384, 0.078539488685081, 0.0984141327289356, 
-225.743955253144, -9.35103448125244, 21.9159682552125, -16.0228627565499, 
15.4445927652921, 7.02529820777628, 42.0986076340356, 0.581056247557195, 
-0.00624118787610415, 0.161006221369777, -0.0979217005746265, 
0.248741152160177, 0.138801374827094, 0.111687233361277, -0.209868355956435, 
-0.211530036395654, 0.039849384653964, -0.123291587539077, 0.189934019165898, 
0.111576810792778, -0.337839433463389, 0.216863131327957, -0.449639715858836, 
0.110572858133534, 0.00991294749961931, -0.0398879961565155, 
0.0295266268803507), .Dim = c(27L, 7L), .Dimnames = list(c("1", 
"3", "4", "5", "6", "7", "8", "9", "10", "11", "12", "13", "15", 
"16", "17", "18", "19", "20", "22", "23", "24", "25", "26", "27", 
"28", "29", "30"), c("x1", "x2", "x3", "x4", "x5", "x6", "x7"
)), assign = 1:7), qraux = c(1.19245008972988, 1.20612239269596, 
1.07711181384092, 1.18459579301926, 1.16232966499559, 1.27366278342469, 
1.03130081378767), pivot = 1:7, tol = 1e-07, rank = 7L), .Names = c("qr", 
"qraux", "pivot", "tol", "rank"), class = "qr"), df.residual = 20L, 
    xlevels = structure(list(), .Names = character(0)), call = quote(lm(formula = y ~ 
        . + 0, data = structure(list(y = c(43, 71, 61, 81, 43, 
        58, 71, 72, 67, 64, 67, 69, 77, 81, 74, 65, 65, 50, 64, 
        53, 40, 63, 66, 78, 48, 85, 82), x1 = c(1, 1, 1, 1, 1, 
        1, 1, 1, 1, 1, 1, 1, 1, 1, 1, 1, 1, 1, 1, 1, 1, 1, 1, 
        1, 1, 1, 1), x2 = c(54, 75, 62, 85, 53, 62, 60, 53, 63, 
        66, 67, 77, 61, 63, 60, 55, 60, 75, 37, 82, 55, 37, 77, 
        62, 62, 75, 83), x3 = c(30, 68, 45, 56, 49, 42, 50, 72, 
        45, 53, 47, 57, 54, 50, 64, 65, 46, 68, 52, 52, 42, 42, 
        66, 58, 44, 71, 39), x4 = c(39, 69, 47, 66, 44, 56, 55, 
        67, 47, 58, 39, 42, 72, 72, 69, 75, 57, 54, 62, 50, 58, 
        48, 63, 74, 45, 71, 59), x5 = c(61, 76, 54, 71, 54, 66, 
        70, 71, 62, 58, 59, 55, 79, 60, 79, 55, 75, 64, 66, 63, 
        50, 66, 88, 80, 51, 77, 64), x6 = c(92, 86, 84, 83, 49, 
        68, 66, 83, 80, 67, 74, 63, 77, 54, 79, 80, 85, 78, 80, 
        80, 57, 75, 76, 78, 83, 74, 78), x7 = c(45, 48, 35, 47, 
        34, 35, 41, 31, 41, 34, 41, 25, 46, 36, 63, 60, 46, 52, 
        41, 37, 49, 33, 72, 49, 38, 55, 39)), .Names = c("y", 
        "x1", "x2", "x3", "x4", "x5", "x6", "x7"),