
expected <- structure(list(coefficients = structure(c(19.2281187171429, -0.0495419543974627, 
0.0876447356817187, 0.520885390373153, 0.547913999456632, 0.0491075217599758, 
-0.549254865387354), .Names = c("x1", "x2", "x3", "x4", "x5", 
"x6", "x7")), residuals = structure(c(-8.92823123066646, 2.94817656249067, 
-6.60747075247113, 2.72205976270491, 8.29501798960724, -14.0358195638323, 
1.49837342371269, -11.3171771090762, 6.79032600406916, 12.968216556608, 
6.0269963300828, 3.798964382646, -3.59017833813358, 7.15448462165745, 
2.49293491947689, 4.1110555216716, -4.4842725029764, -9.44033536222591, 
5.65416918177415, -5.93636881997237, -13.528457211535, -2.42060776825536, 
-0.168263903105384, -2.58499130587907, -6.60058187493453, 11.0143656214587, 
14.1676148651035), .Names = c("1", "2", "3", "4", "5", "6", "8", 
"9", "10", "12", "13", "14", "15", "16", "17", "18", "19", "20", 
"21", "22", "24", "25", "26", "27", "28", "29", "30")), effects = structure(c(-339.4819582835, 
13.755521505916, -26.0389760889549, 30.2277482412154, 14.4970801218789, 
1.61113457213973, -22.0183220818148, -12.9391906964703, 8.2474806349656, 
16.3157255328197, 7.96930024243774, 6.46981437562739, -0.804775115624545, 
7.43569468786585, 9.89136793808504, 1.38743152735784, -2.45396405713464, 
-6.69243101595983, 4.90917168868932, -6.99060918113497, -11.4063287167194, 
-2.14157201373738, 10.8112853203085, 0.260120446379229, -8.89259034734438, 
15.2282111124847, 13.2800211740999), .Names = c("x1", "x2", "x3", 
"x4", "x5", "x6", "x7", "", "", "", "", "", "", "", "", "", "", 
"", "", "", "", "", "", "", "", "", "")), rank = 7L, fitted.values = structure(c(51.9282312306665, 
60.0518234375093, 77.6074707524711, 58.2779402372951, 72.7049820103928, 
57.0358195638323, 69.5016265762873, 83.3171771090762, 60.2096739959308, 
54.031783443392, 62.9730036699172, 64.201035617354, 80.5901783381336, 
73.8455153783425, 71.5070650805231, 60.8889444783284, 69.4842725029764, 
59.4403353622259, 44.3458308182259, 69.9363688199724, 53.528457211535, 
65.4206077682554, 66.1682639031054, 80.5849913058791, 54.6005818749345, 
73.9856343785413, 67.8323851348965), .Names = c("1", "2", "3", 
"4", "5", "6", "8", "9", "10", "12", "13", "14", "15", "16", 
"17", "18", "19", "20", "21", "22", "24", "25", "26", "27", "28", 
"29", "30")), assign = 1:7, qr = structure(list(qr = structure(c(-5.19615242270663, 
0.192450089729875, 0.192450089729875, 0.192450089729875, 0.192450089729875, 
0.192450089729875, 0.192450089729875, 0.192450089729875, 0.192450089729875, 
0.192450089729875, 0.192450089729875, 0.192450089729875, 0.192450089729875, 
0.192450089729875, 0.192450089729875, 0.192450089729875, 0.192450089729875, 
0.192450089729875, 0.192450089729875, 0.192450089729875, 0.192450089729875, 
0.192450089729875, 0.192450089729875, 0.192450089729875, 0.192450089729875, 
0.192450089729875, 0.192450089729875, -340.636658821879, -70.517137396995, 
-0.0747739735704125, 0.166302176533271, -0.0889549235765115, 
-0.159859673607006, -0.415116773716789, -0.0605930235643135, 
-0.131497773594808, -0.0605930235643135, -0.188221573619204, 
-0.188221573619204, -0.174040623613105, -0.0747739735704125, 
-0.415116773716789, 0.265568826575964, 0.0528545764844785, 0.265568826575964, 
0.223025976557667, 0.123759326514974, -0.117316823588709, 0.265568826575964, 
0.223025976557667, -0.0747739735704125, -0.0605930235643135, 
0.223025976557667, -0.0747739735704125, -278.475279839129, 4.26689029072403, 
-64.7480668882512, -0.0674922493429297, 0.0925595912392712, -0.0182843560187647, 
-0.0126772808263788, 0.340764260457041, -0.0789692175806245, 
-0.0453476530174961, 0.104178411699021, 0.50573480171254, 0.0583915043791097, 
0.000439254302415331, 0.203545390719362, 0.245222937515932, -0.0564199511802129, 
0.291556367132876, -0.250639878622575, 0.0389795195388415, -0.124756124900536, 
-0.110000022880643, 0.259027847163814, 0.123995066614267, -0.0916810826344406, 
0.336250229858722, -0.169449987626381, -293.87128701752, 3.29470738475034, 
-31.3067718246915, 54.40310292467, -0.159897594353785, 0.17375811487643, 
-0.0131214162551611, -0.0139785555849564, 0.076843109141073, 
0.243108675696639, 0.293506103228147, 0.506255055945679, -0.289122149349853, 
-0.332285254526842, -0.126209674231482, -0.239557253308978, -0.100285597533492, 
0.177360856287136, 0.185197141639274, -0.131762702228514, -0.156540358147591, 
0.0197558170363416, -0.00784281992069001, -0.286619289294122, 
0.101910133434211, -0.103375396950399, -0.206667585710479, -337.172557206741, 
6.20180213600063, -25.1175895531452, 26.8161707699635, 41.1849972345325, 
0.125704195046757, -0.0764432290725015, 0.0917551028612123, -0.0396829364379848, 
-0.0827948190521536, 0.0976007508429513, 0.113413563117233, -0.0679280898181359, 
0.372042191596271, -0.0579572464326603, 0.540471581376843, -0.229957239245213, 
0.0312764561628375, 0.16657463853264, 0.0683792316622034, 0.398572594140162, 
-0.172902632691791, -0.424294272285239, -0.0635003324722136, 
0.188708827285273, -0.0298773640653117, 0.0602408340716066, -390.288781972187, 
-10.697163287934, -7.53483258791044, 4.25869222878368, 20.6681177676344, 
45.6744579669403, 0.23732952771901, -0.0571451460718284, -0.0664405904260295, 
0.102766266366627, 0.31261459980701, 0.119695915337289, 0.0274293592818793, 
0.375637366204004, 0.00141892936403789, -0.143586876775679, -0.0933974189660156, 
0.10101900487041, 0.208750137122084, -0.0519445226862663, 0.269160191063078, 
0.118717571831422, 0.277357390731773, 0.0325980814353223, -0.204062204570253, 
0.205786921267971, -0.0865514936344603, -227.476006060713, -9.64777298748269, 
-18.3437375279921, 23.6905001324155, 16.5382539981869, 1.15033094135872, 
40.087623195266, 0.431572923049471, -0.0349557408000914, -0.113791406933491, 
0.192812488031028, -0.0425993425018778, 0.184994642757093, 0.256056372106525, 
-0.365712265064501, -0.281849673968197, 0.123536635237792, -0.153634650002785, 
-0.00653963581031912, 0.195165499347611, -0.281383776556413, 
0.354709580073158, -0.328590233698083, 0.16134552012024, -0.0693410707250347, 
0.0234820203741982, 0.162025795105805), .Dim = c(27L, 7L), .Dimnames = list(
    c("1", "2", "3", "4", "5", "6", "8", "9", "10", "12", "13", 
    "14", "15", "16", "17", "18", "19", "20", "21", "22", "24", 
    "25", "26", "27", "28", "29", "30"), c("x1", "x2", "x3", 
    "x4", "x5", "x6", "x7")), assign = 1:7), qraux = c(1.19245008972988, 
1.22302597655767, 1.27843983200408, 1.07099665492592, 1.03731043964793, 
1.57418591543166, 1.00128622817377), pivot = 1:7, tol = 1e-07, 
    rank = 7L), .Names = c("qr", "qraux", "pivot", "tol", "rank"
), class = "qr"), df.residual = 20L, xlevels = structure(list(), .Names = character(0)), 
    call = quote(lm(formula = y ~ . + 0, data = structure(list(y = c(43, 
        63, 71, 61, 81, 43, 71, 72, 67, 67, 69, 68, 77, 81, 74, 
        65, 65, 50, 50, 64, 40, 63, 66, 78, 48, 85, 82), x1 = c(1, 
        1, 1, 1, 1, 1, 1, 1, 1, 1, 1, 1, 1, 1, 1, 1, 1, 1, 1, 
        1, 1, 1, 1, 1, 1, 1, 1), x2 = c(70, 82, 61, 78, 60, 55, 
        37, 62, 57, 62, 53, 53, 54, 61, 37, 85, 70, 85, 82, 75, 
        58, 85, 82, 61, 62, 82, 61), x3 = c(30, 51, 68, 45, 56, 
        49, 50, 72, 45, 47, 57, 83, 54, 50, 64, 65, 46, 68, 33, 
        52, 42, 42, 66, 58, 44, 71, 39), x4 = c(39, 54, 69, 47, 
        66, 44, 55, 67, 47, 39, 42, 45, 72, 72, 69, 75, 57, 54, 
        34, 62, 58, 48, 63, 74, 45, 71, 59), x5 = c(61, 63, 76, 
        54, 71, 54, 70, 71, 62, 59, 55, 59, 79, 60, 79, 55, 75, 
        64, 43, 66, 50, 66, 88, 80, 51, 77, 64), x6 = c(92, 73, 
        86, 84, 83, 49, 66, 83, 80, 74, 63, 77, 77, 54, 79, 80, 
        85, 78, 64, 80, 57, 75, 76, 78, 83, 74, 78), x7 = c(45, 
        47, 48, 35, 47, 34, 41, 31, 41, 41, 25, 35, 46, 36, 63, 
        60, 46, 52, 33, 41, 49, 33, 72, 49, 38, 55, 39)), .Names = c("y", 
        "x1", "x2", "x3", "x4", "x5", "x6", "x7"),