
expected <- structure(list(coefficients = structure(c(34.3654309249664, 0.622740359721799, 
-0.119445596123952, 0.356311857500118, 0.0496339762560127, -0.28087526506855, 
-0.155245280616863), .Names = c("x1", "x2", "x3", "x4", "x5", 
"x6", "x7")), residuals = structure(c(-7.00959754793823, 3.11230583570694, 
0.972816979813429, 3.54347517400666, -11.21553799617, -8.9597709450874, 
0.260492787101423, -8.87659307426724, 8.47182230784155, 3.79294581212677, 
5.59184428693505, 10.6466264679615, -0.0403542583293126, 0.607639286637471, 
-3.17079870620337, -1.90997175677327, 1.96121495034592, -0.760277606364425, 
-6.20283709571226, 6.32565909966859, -5.61305727816391, 5.55235696978901, 
-2.44341059770826, 1.91087948089702, -11.2960539483891, 9.75608099908257, 
4.99210037319288), .Names = c("1", "2", "4", "5", "6", "7", "8", 
"9", "10", "11", "12", "13", "14", "15", "16", "17", "18", "19", 
"20", "21", "23", "25", "26", "27", "28", "29", "30")), effects = structure(c(-339.4819582835, 
47.9679701362602, -3.77147328366682, -12.3774262568539, -2.46364215164805, 
11.0269368614673, -5.94234693601649, -7.36926940130804, 9.38218403155867, 
3.1967104938382, 1.74173690792322, 14.3445528952631, 8.62179321083318, 
0.387158392293161, 3.91379702928798, 0.906992938530968, 6.76929068348969, 
-0.443892996370601, -4.46904841635095, 6.9505950501548, -0.287301446915281, 
3.01198782359857, -3.40852883815416, 0.756795115577501, -11.4470970350126, 
15.1599439131726, 7.49599726912586), .Names = c("x1", "x2", "x3", 
"x4", "x5", "x6", "x7", "", "", "", "", "", "", "", "", "", "", 
"", "", "", "", "", "", "", "", "", "")), rank = 7L, fitted.values = structure(c(50.0095975479382, 
59.8876941642931, 60.0271830201866, 77.4565248259933, 54.21553799617, 
66.9597709450874, 70.7395072128986, 80.8765930742672, 58.5281776921585, 
60.2070541878732, 61.408155713065, 58.3533735320385, 68.0403542583293, 
76.3923607133625, 84.1707987062034, 75.9099717567733, 63.0387850496541, 
65.7602776063644, 56.2028370957123, 43.6743409003314, 58.6130572781639, 
57.447643030211, 68.4434105977083, 76.089120519103, 59.2960539483891, 
75.2439190009174, 77.0078996268071), .Names = c("1", "2", "4", 
"5", "6", "7", "8", "9", "10", "11", "12", "13", "14", "15", 
"16", "17", "18", "19", "20", "21", "23", "25", "26", "27", "28", 
"29", "30")), assign = 1:7, qr = structure(list(qr = structure(c(-5.19615242270663, 
0.192450089729875, 0.192450089729875, 0.192450089729875, 0.192450089729875, 
0.192450089729875, 0.192450089729875, 0.192450089729875, 0.192450089729875, 
0.192450089729875, 0.192450089729875, 0.192450089729875, 0.192450089729875, 
0.192450089729875, 0.192450089729875, 0.192450089729875, 0.192450089729875, 
0.192450089729875, 0.192450089729875, 0.192450089729875, 0.192450089729875, 
0.192450089729875, 0.192450089729875, 0.192450089729875, 0.192450089729875, 
0.192450089729875, 0.192450089729875, -352.183664205672, 64.6889995800419, 
0.0319993232125807, -0.199879359366827, 0.155667953921598, -0.0298349921419281, 
-0.153503622850946, -0.261713674721336, 0.0629164808898351, 0.186585111598853, 
0.0783750597284623, 0.0474579020512079, -0.277172253559963, -0.1844207805282, 
-0.385382305430354, -0.308089411237218, 0.0783750597284623, -0.0762107286578097, 
0.109292217405717, 0.387546636501006, -0.0143764133033009, 0.171126532760225, 
-0.1844207805282, -0.153503622850946, 0.124750796244344, -0.308089411237218, 
-0.261713674721336, -275.588528493181, 34.8470719420076, 52.7318171508579, 
-0.00302588873069625, -0.0902646576236263, 0.157257799394405, 
0.0820635886736593, -0.268189587627373, 0.0429785122827351, -0.185249401711592, 
-0.00451385976124781, -0.17502347479897, -0.467227691914387, 
0.0253372704040889, 0.225532685492643, -0.0877847059060403, -0.345863750065704, 
0.110096087579433, -0.421884611358978, 0.069688370272463, -0.0419456350071147, 
0.0329179154846191, -0.202229323132215, -0.0696474736838769, 
0.0236839692590316, -0.220531885468885, 0.357618544597464, -289.060034774273, 
42.7395352490623, 7.58598380241519, -43.6128567367463, -0.082562417843346, 
0.083462585487816, -0.0755820515145921, 0.00542536610869037, 
-0.065835650466478, 0.242456890713533, -0.247261274047552, -0.252524263626296, 
-0.566053919392197, 0.270177073640488, 0.134034117241475, 0.0552691144573855, 
0.488135826620449, 0.0503456045159889, 0.0156421294048419, -0.0516331758695666, 
-0.0921261415763596, 0.0561839639606067, 0.00378419612822483, 
0.320048159909756, -0.0586438059743317, 0.0661086535406638, -0.0129195773925251, 
-336.210306758092, 34.3214802614943, 2.22433458214142, -15.0478369131155, 
37.1521272902704, -0.0374601498146478, -0.0653487120640131, 0.138130185142434, 
-0.0383945646106891, 0.129786979720916, -0.0243578643669359, 
0.158865371339088, 0.325217087068073, -0.137242779638185, 0.456474543060338, 
-0.0669189733086741, 0.446674051791264, -0.234794352486996, 0.0259014783272711, 
0.166045712013644, 0.0218094808812521, -0.200514755944425, -0.411294858343322, 
-0.148102529415978, 0.207769606822958, 0.0285686891143607, 0.142034990875549, 
-394.522683946244, 9.09823245646758, -6.04896064872993, -1.26779931703088, 
2.1942182771149, -36.987324641479, -0.091843427480542, -0.240575213651055, 
0.016427506272847, -0.116198995916274, -0.66390625629856, -0.00237343562390778, 
-0.0313786002678819, 0.0796769648505322, 0.144021660262353, 0.100503366313107, 
0.169482764138425, 0.17539845939546, 0.00732584859312098, -0.0642304691244765, 
0.403610083786742, -0.0579988177355114, 0.0294428505316619, 0.00597127978252044, 
-0.343621939327803, 0.297356965083652, -0.0565973570700329, -221.317603189357, 
16.3019301952679, 12.7879695700635, -22.8872802742183, 23.7775235457291, 
-4.11034877247083, 38.2771502773206, 0.459251382133598, -0.0016698712978583, 
0.327011929327245, -0.0260676156947615, 0.283702573651495, -0.0250521597576528, 
0.212042043683007, -0.0744028045812932, -0.312461465608926, -0.353438653975985, 
0.069009152061872, -0.0689562859655515, -0.0385752074523509, 
0.0711060115621378, 0.372385965393772, -0.304445187206612, 0.215673386096144, 
-0.0679681268790342, -0.119704937189172, -0.096052609552091), .Dim = c(27L, 
7L), .Dimnames = list(c("1", "2", "4", "5", "6", "7", "8", "9", 
"10", "11", "12", "13", "14", "15", "16", "17", "18", "19", "20", 
"21", "23", "25", "26", "27", "28", "29", "30"), c("x1", "x2", 
"x3", "x4", "x5", "x6", "x7")), assign = 1:7), qraux = c(1.19245008972988, 
1.01654074437395, 1.06210772519193, 1.1105858676205, 1.1217415644853, 
1.02065719858624, 1.0720837434525), pivot = 1:7, tol = 1e-07, 
    rank = 7L), .Names = c("qr", "qraux", "pivot", "tol", "rank"
), class = "qr"), df.residual = 20L, xlevels = structure(list(), .Names = character(0)), 
    call = quote(lm(formula = y ~ . + 0, data = structure(list(y = c(43, 
        63, 61, 81, 43, 58, 71, 72, 67, 64, 67, 69, 68, 77, 81, 
        74, 65, 65, 50, 50, 53, 63, 66, 78, 48, 85, 82), x1 = c(1, 
        1, 1, 1, 1, 1, 1, 1, 1, 1, 1, 1, 1, 1, 1, 1, 1, 1, 1, 
        1, 1, 1, 1, 1, 1, 1, 1), x2 = c(51, 64, 63, 78, 55, 67, 
        75, 82, 61, 53, 60, 62, 83, 77, 90, 85, 60, 70, 58, 40, 
        66, 54, 77, 75, 57, 85, 82), x3 = c(30, 51, 45, 56, 49, 
        42, 50, 72, 45, 53, 47, 57, 83, 54, 50, 64, 65, 46, 68, 
        33, 52, 42, 66, 58, 44, 71, 39), x4 = c(39, 54, 47, 66, 
        44, 56, 55, 67, 47, 58, 39, 42, 45, 72, 72, 69, 75, 57, 
        54, 34, 50, 48, 63, 74, 45, 71, 59), x5 = c(61, 63, 54, 
        71, 54, 66, 70, 71, 62, 58, 59, 55, 59, 79, 60, 79, 55, 
        75, 64, 43, 63, 66, 88, 80, 51, 77, 64), x6 = c(80, 83, 
        79, 66, 77, 78, 75, 66, 78, 68, 54, 77, 77, 78, 83, 80, 
        75, 84, 73, 74, 92, 74, 77, 74, 64, 86, 78), x7 = c(45, 
        47, 35, 47, 34, 35, 41, 31, 41, 34, 41, 25, 35, 46, 36, 
        63, 60, 46, 52, 33, 37, 33, 72, 49, 38, 55, 39)), .Names = c("y", 
        "x1", "x2", "x3", "x4", "x5", "x6", "x7"),