
expected <- structure(list(coefficients = structure(c(13.9491731580503, 0.660291648039744, 
-0.151413621586948, 0.249891739754088, 0.110885875066353, 0.0672516821621344, 
-0.254023185400999), .Names = c("x1", "x2", "x3", "x4", "x5", 
"x6", "x7")), residuals = structure(c(-8.01646653088427, 2.12390425955924, 
0.200599594853173, -1.16511749664237, 8.44130719001887, -8.61070545739729, 
-0.127255800889232, -5.84857227085375, 3.73042496504798, 10.0028770594443, 
6.74873233856156, -8.01472992923453, -1.67776034103336, -5.14816330357022, 
-1.08977335733569, 3.41900749344787, -2.97919472008433, -8.96823302122633, 
7.56984681531072, -1.64453117248539, -2.23350751382088, 3.32582678319189, 
-0.818098894994996, 1.4840395824472, -5.51333283359259, 5.51366989550036, 
9.29520666666209), .Names = c("1", "2", "3", "4", "5", "6", "8", 
"9", "10", "12", "13", "14", "15", "16", "17", "18", "19", "20", 
"21", "22", "24", "25", "26", "27", "28", "29", "30")), effects = structure(c(-339.4819582835, 
54.8283956586102, 10.8530776887241, 7.10124654101395, -0.0827974862248482, 
2.38646518133698, -9.63076077287998, -7.18533240653113, 5.34048187552168, 
12.9497138814637, 8.00288445007506, -6.27841936644394, 0.579541314542516, 
-5.02186054745328, 3.27449842130834, -0.344356048741022, -0.279714192182575, 
-7.05682391219892, 7.3114159640056, -2.12876575136856, -3.04653751061428, 
5.12692962646399, 7.88813483491484, 3.63765045216555, -7.53407816430371, 
9.0108886036655, 9.30726163807764), .Names = c("x1", "x2", "x3", 
"x4", "x5", "x6", "x7", "", "", "", "", "", "", "", "", "", "", 
"", "", "", "", "", "", "", "", "", "")), rank = 7L, fitted.values = structure(c(51.0164665308843, 
60.8760957404408, 70.7994004051468, 62.1651174966424, 72.5586928099811, 
51.6107054573973, 71.1272558008892, 77.8485722708538, 63.269575034952, 
56.9971229405557, 62.2512676614384, 76.0147299292345, 78.6777603410334, 
86.1481633035702, 75.0897733573357, 61.5809925065521, 67.9791947200843, 
58.9682330212263, 42.4301531846893, 65.6445311724854, 42.2335075138209, 
59.6741732168081, 66.818098894995, 76.5159604175528, 53.5133328335926, 
79.4863301044996, 72.7047933333379), .Names = c("1", "2", "3", 
"4", "5", "6", "8", "9", "10", "12", "13", "14", "15", "16", 
"17", "18", "19", "20", "21", "22", "24", "25", "26", "27", "28", 
"29", "30")), assign = 1:7, qr = structure(list(qr = structure(c(-5.19615242270663, 
0.192450089729875, 0.192450089729875, 0.192450089729875, 0.192450089729875, 
0.192450089729875, 0.192450089729875, 0.192450089729875, 0.192450089729875, 
0.192450089729875, 0.192450089729875, 0.192450089729875, 0.192450089729875, 
0.192450089729875, 0.192450089729875, 0.192450089729875, 0.192450089729875, 
0.192450089729875, 0.192450089729875, 0.192450089729875, 0.192450089729875, 
0.192450089729875, 0.192450089729875, 0.192450089729875, 0.192450089729875, 
0.192450089729875, 0.192450089729875, -348.719562590534, 70.3467601717852, 
-0.0780287364412797, 0.0214783337195374, -0.191751102339356, 
0.135200699617614, -0.149105215127578, -0.248612285288395, 0.0499089251940565, 
0.0641242209313161, 0.035693629456797, -0.262827581025654, -0.177535806602097, 
-0.362334651186471, -0.291258172500173, 0.0641242209313161, -0.0780287364412797, 
0.0925548124058353, 0.348430135676508, 0.0499089251940565, 0.391076022888286, 
0.149415995354874, -0.177535806602097, -0.149105215127578, 0.106770108143095, 
-0.291258172500173, -0.248612285288395, -280.977131005618, 21.2344928768575, 
-65.6882650411361, -0.0209686988611996, 0.228798550434464, 0.25177994877936, 
-0.0647296077836165, 0.381669192790436, -0.34859043803435, -0.0556987294478981, 
-0.0934390528131694, -0.200467481972268, -0.224257285328362, 
-0.27166493666098, 0.142377676473318, -0.101368987265201, 0.0448446199019961, 
-0.200639437351838, -0.0132107197887385, -0.165909406765139, 
0.0433997652591685, -0.186052467711032, 0.171551615754929, -0.140846704145788, 
0.305380141048694, -0.101197031885631, 0.381669192790436, -293.87128701752, 
38.6703428372584, 3.0942548186838, 49.4539870852959, -0.059096026590886, 
0.137926267566401, 0.0773758898597968, -0.00784340340670846, 
0.0344158311351719, 0.238199594055539, 0.192623660666025, 0.342683480655749, 
-0.273318358958087, -0.139462317172293, -0.0586955879546049, 
-0.498009882820614, 0.00197132669242692, -0.113239496078916, 
0.127864583806298, -0.235856091145314, -0.380064787486006, -0.0331010712373714, 
-0.0197436375086892, -0.320586426813106, 0.14931213016217, -0.143190988783594, 
0.153923128909523, -337.172557206741, 36.836569687152, 0.928379739810188, 
16.951337876693, 37.9410602856479, 0.10081812291142, -0.0636036934684345, 
0.151875308804134, -0.0816198781670369, -0.0841324204049813, 
0.0702985899236181, 0.147903919080687, -0.0871530665504981, 0.505326808639063, 
-0.0330796302451436, 0.468517884294149, -0.197451555658116, -0.0555431747982806, 
0.131101855450996, 0.0172596910873209, 0.230370502604268, -0.211687990343993, 
-0.401937487992685, -0.0957676879196168, 0.211954976890276, 0.0230141608754846, 
0.236085167631524, -390.288781972187, 8.70923785502774, -4.91475194816242, 
2.23948807879539, 19.3488352111947, 47.1515463697026, 0.307711773562244, 
-0.00111294819204146, -0.113243920689148, 0.100721617217126, 
0.271539436338042, 0.0171367659446907, 0.0220347894217327, 0.342032312400981, 
0.100993329107646, -0.305530540459723, -0.045035393357301, -0.0685331778447632, 
0.152936426023839, -0.127617099677879, 0.223337600195983, 0.0472840268164271, 
0.279736009369285, 0.01257860790837, -0.13037652641239, 0.11868686853265, 
0.0873538859749062, -227.476006060713, 10.7846710326676, -1.422437084668, 
28.687025526772, 22.0104588640158, 3.08851976378814, 37.912920262286, 
0.361233763527255, 0.0527261039993307, -0.115076882411078, 0.242964145483591, 
-0.1232682532031, 0.243499555709004, 0.0515968655002259, -0.364952705504686, 
-0.24095418877242, 0.0827518087508425, -0.116612342054385, 0.0136953821615872, 
0.259936804345847, -0.0244291217780353, 0.380117369458337, -0.466320309322695, 
0.216614580039381, -0.0644450465342132, -0.143077438425686, -0.0497772195630471
), .Dim = c(27L, 7L), .Dimnames = list(c("1", "2", "3", "4", 
"5", "6", "8", "9", "10", "12", "13", "14", "15", "16", "17", 
"18", "19", "20", "21", "22", "24", "25", "26", "27", "28", "29", 
"30"), c("x1", "x2", "x3", "x4", "x5", "x6", "x7")), assign = 1:7), 
    qraux = c(1.19245008972988, 1.00726303798228, 1.02962120062956, 
    1.11558299898914, 1.09621036323866, 1.60963413110391, 1.03593788805969
    ), pivot = 1:7, tol = 1e-07, rank = 7L), .Names = c("qr", 
"qraux", "pivot", "tol", "rank"), class = "qr"), df.residual = 20L, 
    xlevels = structure(list(), .Names = character(0)), call = quote(lm(formula = y ~ 
        . + 0, data = structure(list(y = c(43, 63, 71, 61, 81, 
        43, 71, 72, 67, 67, 69, 68, 77, 81, 74, 65, 65, 50, 50, 
        64, 40, 63, 66, 78, 48, 85, 82), x1 = c(1, 1, 1, 1, 1, 
        1, 1, 1, 1, 1, 1, 1, 1, 1, 1, 1, 1, 1, 1, 1, 1, 1, 1, 
        1, 1, 1, 1), x2 = c(51, 64, 70, 63, 78, 55, 75, 82, 61, 
        60, 62, 83, 77, 90, 85, 60, 70, 58, 40, 61, 37, 54, 77, 
        75, 57, 85, 82), x3 = c(52, 58, 57, 52, 72, 68, 52, 83, 
        30, 49, 47, 45, 42, 42, 68, 46, 58, 39, 47, 42, 50, 39, 
        68, 47, 72, 52, 83), x4 = c(39, 54, 69, 47, 66, 44, 55, 
        67, 47, 39, 42, 45, 72, 72, 69, 75, 57, 54, 34, 62, 58, 
        48, 63, 74, 45, 71, 59), x5 = c(61, 63, 76, 54, 71, 54, 
        70, 71, 62, 59, 55, 59, 79, 60, 79, 55, 75, 64, 43, 66, 
        50, 66, 88, 80, 51, 77, 64), x6 = c(92, 73, 86, 84, 83, 
        49, 66, 83, 80, 74, 63, 77, 77, 54, 79, 80, 85, 78, 64, 
        80, 57, 75, 76, 78, 83, 74, 78), x7 = c(45, 47, 48, 35, 
        47, 34, 41, 31, 41, 41, 25, 35, 46, 36, 63, 60, 46, 52, 
        33, 41, 49, 33, 72, 49, 38, 55, 39)), .Names = c("y", 
        "x1", "x2", "x3", "x4", "x5", "x6", "x7"),