
expected <- structure(list(coefficients = structure(c(8.9550949990132, 0.571520405460051, 
-0.0991484195079681, 0.437380644604402, 0.0720999185874823, 0.0885941576225649, 
-0.308878899932637), .Names = c("x1", "x2", "x3", "x4", "x5", 
"x6", "x7")), residuals = structure(c(-5.0590795237292, 3.90047984980703, 
-3.43883944510412, -2.06786160054147, 4.80832344499677, -9.9044135135712, 
-7.96190577868693, 2.24877998469622, 10.7711150915916, 3.04242272723557, 
7.68759567862451, -1.29876371028644, -3.91635615582883, -2.38822796829233, 
2.77533704040505, -2.66436704334716, -4.83937076348571, 8.90006159604087, 
-1.65585315903157, -11.581548553571, -1.85053800067781, 6.33239406787385, 
1.38627767716387, 0.733114083756367, -5.76480732408664, 5.85315016832556, 
5.95288112972319), .Names = c("1", "2", "3", "4", "5", "6", "7", 
"8", "10", "11", "13", "14", "16", "17", "18", "19", "20", "21", 
"22", "23", "24", "25", "26", "27", "28", "29", "30")), effects = structure(c(-331.591504604575, 
-52.8406667457116, -13.0922983670985, 12.4295402124284, -2.1875804136458, 
2.00437358927243, -9.07405090136094, 4.69103970398693, 12.0324765478978, 
5.99999461289289, 11.1969592093654, -2.23571138823825, -4.57985655425699, 
-4.351642118989, -1.77649954992233, -1.09657745956757, -4.59458673175459, 
11.143782649175, -0.149423821649365, -10.3892503055158, -0.0368941381727977, 
11.0983186646371, 1.93386290650698, 2.45041624672051, -6.52571054717188, 
5.09127108163356, 4.97902027973925), .Names = c("x1", "x2", "x3", 
"x4", "x5", "x6", "x7", "", "", "", "", "", "", "", "", "", "", 
"", "", "", "", "", "", "", "", "", "")), rank = 7L, fitted.values = structure(c(48.0590795237292, 
59.099520150193, 74.4388394451041, 63.0678616005415, 76.1916765550032, 
52.9044135135712, 65.9619057786869, 68.7512200153038, 56.2288849084084, 
60.9575772727644, 61.3124043213755, 69.2987637102864, 84.9163561558288, 
76.3882279682923, 62.224662959595, 67.6643670433472, 54.8393707634857, 
41.0999384039591, 65.6558531590316, 64.581548553571, 41.8505380006778, 
56.6676059321262, 64.6137223228361, 77.2668859162436, 53.7648073240866, 
79.1468498316744, 76.0471188702768), .Names = c("1", "2", "3", 
"4", "5", "6", "7", "8", "10", "11", "13", "14", "16", "17", 
"18", "19", "20", "21", "22", "23", "24", "25", "26", "27", "28", 
"29", "30")), assign = 1:7, qr = structure(list(qr = structure(c(-5.19615242270663, 
0.192450089729875, 0.192450089729875, 0.192450089729875, 0.192450089729875, 
0.192450089729875, 0.192450089729875, 0.192450089729875, 0.192450089729875, 
0.192450089729875, 0.192450089729875, 0.192450089729875, 0.192450089729875, 
0.192450089729875, 0.192450089729875, 0.192450089729875, 0.192450089729875, 
0.192450089729875, 0.192450089729875, 0.192450089729875, 0.192450089729875, 
0.192450089729875, 0.192450089729875, 0.192450089729875, 0.192450089729875, 
0.192450089729875, 0.192450089729875, -342.368709629448, -68.8379740162845, 
0.0946285258367066, -0.00705953369775985, 0.210843451018954, 
-0.123274458880007, 0.0510479288933639, 0.167262854075611, -0.0361132649933217, 
-0.152328190175569, -0.0215863993455408, 0.283477779257859, 0.385165838792325, 
0.312531510553421, -0.0506401306411026, 0.0946285258367066, -0.0796938619366645, 
-0.341177443596721, -0.0361132649933217, 0.0365210632455829, 
-0.384758040540064, -0.137801324527788, 0.196316585371173, 0.167262854075611, 
-0.0942207275844454, 0.312531510553421, 0.268950913610078, -269.045225442366, 
6.05286068657538, 66.1666800147595, 0.343553242522365, 0.185614776771148, 
0.104361463473875, -0.0733746891891112, -0.000429727988309504, 
-0.279216880860338, 0.282598735175488, 0.296651754679608, -0.244865055405822, 
0.0834453594934747, 0.13609151474388, -0.174984897932469, 0.0522164272620961, 
-0.178107791155607, 0.126279805531529, 0.113730143143289, 0.166877417432321, 
-0.331804946615055, -0.033220106831257, -0.208893693844048, 0.135590395705254, 
-0.240122626075426, 0.13609151474388, 0.0558404395238607, -291.176985761301, 
-32.7887498632246, -1.78809096575981, 47.4832978642808, -0.078645882645658, 
0.132554666287787, -0.0377535043930665, 0.0809729359122092, 0.0448068480656895, 
-0.142853220833341, 0.288803492569646, 0.318406337680067, -0.105728744563609, 
-0.081665521966837, -0.531784850511954, -0.000264025448149261, 
-0.110567661167599, 0.195447212443707, -0.183395246131103, 0.132053206363601, 
-0.442749573549985, 0.00743556905846353, -0.113686021583775, 
-0.288810604699064, 0.054958807905963, -0.123785595549689, 0.0805043830196885, 
-332.938655232684, -34.7369639562104, 0.22220319868998, 15.4231415303809, 
37.460279203833, 0.0831314544869189, -0.00882138661603866, -0.0686643478313336, 
-0.0669047668986253, 0.146748757666766, 0.0888787960302449, 0.144508966059185, 
0.522304471957928, -0.0557385786979749, 0.470952967678763, -0.209849977046509, 
-0.0486746283113125, 0.145728296059815, 0.0327574484298932, -0.0011109079842742, 
0.220845831544953, -0.199727008718301, -0.443118291575595, -0.0898220610595863, 
0.17498733455477, 0.022902596818759, 0.193797010436196, -386.632230267319, 
-8.06563862688463, 1.80248776838483, -0.203157808552335, 20.0944097589327, 
47.8580030219479, 0.189009936063573, 0.276662200992056, -0.0642007731349826, 
0.172745801657511, 0.32558753673753, -0.0121311397897719, 0.355300014118191, 
0.011473580583393, -0.272339628928763, -0.0850651490025098, -0.0354737450542518, 
0.236067437859651, -0.0757433946859577, -0.0251575875605663, 
0.250511636096296, 0.0944026016290466, 0.145359282137908, 0.0121412143425951, 
-0.200534664203471, 0.0880232346226753, -0.0405922996560346, 
-225.166604983954, -15.0934134080444, 19.1842529859535, 30.5386475775498, 
21.5900496973933, 7.23767753136509, 29.3773737971091, 0.11532785058316, 
0.195468152938983, 0.123254794173346, 0.0955081910396493, 0.159012049744596, 
0.143544908044468, -0.404042763942537, -0.277944968579954, 0.117297624915378, 
-0.112820627200087, -0.238667679610811, 0.189053913141718, 0.0532682250252698, 
-0.047142307020118, 0.405361832887575, -0.359336731713643, 0.209622667694734, 
0.0884665622364444, -0.158159109721641, 0.0933277026580224), .Dim = c(27L, 
7L), .Dimnames = list(c("1", "2", "3", "4", "5", "6", "7", "8", 
"10", "11", "13", "14", "16", "17", "18", "19", "20", "21", "22", 
"23", "24", "25", "26", "27", "28", "29", "30"), c("x1", "x2", 
"x3", "x4", "x5", "x6", "x7")), assign = 1:7), qraux = c(1.19245008972988, 
1.00746733195002, 1.35448336880335, 1.20414415305892, 1.07274725532991, 
1.57786719022923, 1.36687867631942), pivot = 1:7, tol = 1e-07, 
    rank = 7L), .Names = c("qr", "qraux", "pivot", "tol", "rank"
), class = "qr"), df.residual = 20L, xlevels = structure(list(), .Names = character(0)), 
    call = quote(lm(formula = y ~ . + 0, data = structure(list(y = c(43, 
        63, 71, 61, 81, 43, 58, 71, 67, 64, 69, 68, 81, 74, 65, 
        65, 50, 50, 64, 53, 40, 63, 66, 78, 48, 85, 82), x1 = c(1, 
        1, 1, 1, 1, 1, 1, 1, 1, 1, 1, 1, 1, 1, 1, 1, 1, 1, 1, 
        1, 1, 1, 1, 1, 1, 1, 1), x2 = c(51, 64, 70, 63, 78, 55, 
        67, 75, 61, 53, 62, 83, 90, 85, 60, 70, 58, 40, 61, 66, 
        37, 54, 77, 75, 57, 85, 82), x3 = c(58, 66, 30, 30, 42, 
        45, 58, 54, 71, 33, 33, 71, 50, 46, 64, 50, 64, 42, 45, 
        42, 72, 54, 68, 45, 68, 46, 51), x4 = c(39, 54, 69, 47, 
        66, 44, 56, 55, 47, 58, 42, 45, 72, 69, 75, 57, 54, 34, 
        62, 50, 58, 48, 63, 74, 45, 71, 59), x5 = c(61, 63, 76, 
        54, 71, 54, 66, 70, 62, 58, 55, 59, 60, 79, 55, 75, 64, 
        43, 66, 63, 50, 66, 88, 80, 51, 77, 64), x6 = c(92, 73, 
        86, 84, 83, 49, 68, 66, 80, 67, 63, 77, 54, 79, 80, 85, 
        78, 64, 80, 80, 57, 75, 76, 78, 83, 74, 78), x7 = c(45, 
        47, 48, 35, 47, 34, 35, 41, 41, 34, 25, 35, 36, 63, 60, 
        46, 52, 33, 41, 37, 49, 33, 72, 49, 38, 55, 39)), .Names = c("y", 
        "x1", "x2", "x3", "x4", "x5", "x6", "x7"),