
expected <- structure(list(coefficients = structure(c(-0.256577614672773, 
0.622615322935515, -0.0719149665126193, 0.286990371876872, 0.163928316823157, 
0.0977806468464669, -0.15449676058699), .Names = c("x1", "x2", 
"x3", "x4", "x5", "x6", "x7")), residuals = structure(c(-9.41543598139536, 
1.32000828901643, -0.666298627301681, 0.424474463179465, 5.43912434432269, 
-8.44300757927292, -8.55116115093207, -8.10832728054847, 7.25967486641941, 
7.21161220727051, 11.4843317936514, 11.3370217108025, -2.21819785158861, 
-0.522940416803622, -1.32534726308094, -4.77892292030387, 3.58330123352874, 
-6.19953741580509, 10.2069289038746, -0.589115190207529, -11.0095279163736, 
-2.64489712377122, 5.56606799078062, 1.49042087151229, -7.80672524024205, 
5.4074958891687, 4.8305694075609), .Names = c("1", "2", "3", 
"4", "5", "6", "7", "9", "10", "11", "12", "13", "14", "15", 
"16", "17", "18", "20", "21", "22", "23", "24", "25", "27", "28", 
"29", "30")), effects = structure(c(-237.340469643751, -241.138194728336, 
-2.81710175821498, 15.6133214876264, 8.64082952448573, 3.69212397234817, 
-4.94617865865795, -8.03783733095005, 7.78374049950957, 7.0284276126864, 
12.1704288684888, 13.195268926421, -4.86507053307493, 5.30644821149739, 
-1.78516181733214, -4.71936879213719, -0.648403051083703, -3.92298634945046, 
13.4155678557952, -1.71109255224116, -10.4928060463518, -2.50272391342398, 
8.96397281148709, 6.27544845256383, -10.8636917921951, 4.04241284531437, 
3.62130914660298), .Names = c("x1", "x2", "x3", "x4", "x5", "x6", 
"x7", "", "", "", "", "", "", "", "", "", "", "", "", "", "", 
"", "", "", "", "", "")), rank = 7L, fitted.values = structure(c(52.4154359813954, 
61.6799917109836, 71.6662986273017, 60.5755255368205, 75.5608756556773, 
51.4430075792729, 66.5511611509321, 80.1083272805485, 59.7403251335806, 
56.7883877927295, 55.5156682063486, 57.6629782891975, 70.2181978515886, 
77.5229404168036, 82.3253472630809, 78.7789229203039, 61.4166987664713, 
56.1995374158051, 39.7930710961254, 64.5891151902075, 64.0095279163736, 
42.6448971237712, 57.4339320092194, 76.5095791284877, 55.8067252402421, 
79.5925041108313, 77.1694305924391), .Names = c("1", "2", "3", 
"4", "5", "6", "7", "9", "10", "11", "12", "13", "14", "15", 
"16", "17", "18", "20", "21", "22", "23", "24", "25", "27", "28", 
"29", "30")), assign = 1:7, qr = structure(list(qr = structure(c(-6.68386267049676, 
0.117397929984858, 0.163700669521762, 0.326503569360085, 0.239428138477009, 
0.172059039508473, 0.16097687170141, -0.0222101652482351, 0.0835158261084889, 
-0.0872172735966876, 0.13239239083841, 0.120957402275392, 0.115452174833141, 
0.332919731282412, 0.193337860651851, 0.166111515403186, 0.209180147838498, 
0.352133914988899, 0.410807835326101, -0.144846895188906, 0.0738102035123088, 
0.126217572014569, -0.00184904955192315, 0.247009614021987, 0.0221101322336814, 
-0.0226956558782535, 0.0616370529026122, -244.598902432167, -248.848100111251, 
0.124818346061843, -0.0589308599793652, 0.0845803033148076, 0.0565510342722035, 
0.115366415430034, 0.350748481072254, 0.165298576152396, 0.296350344549754, 
0.114560061793991, 0.133527539190802, 0.22317869106042, -0.00880470354668893, 
0.176859142097459, 0.182791608881983, 0.0411603880855475, -0.103522904071108, 
-0.231941255328928, 0.383585317232511, 0.194668539014557, 0.0280365695715306, 
0.218767312895173, 0.0652777958196765, 0.207920822072618, 0.363268097677664, 
0.270600828711138, -194.924207880586, -197.17953511806, -56.4693201017294, 
-0.0427832657512828, -0.0725938815913265, 0.117755959265414, 
-0.17711740313536, 0.115143519355238, -0.0509660707828568, 0.177968587362558, 
0.00587586487185487, 0.153041840261343, 0.316452466661531, -0.0799050092315026, 
-0.355001574035345, -0.0406350732936991, 0.336133298213701, 0.438878004277596, 
0.0817385911411438, 0.0387938372122119, 0.0010195881382832, 0.240808054020497, 
-0.0181464825792509, 0.00627216105074001, -0.0214538502572908, 
0.0550489523878643, -0.456687054205136, -208.914968947203, -205.983601526184, 
-18.3225930616568, 51.551665691696, -0.0474890862563982, 0.0921101229944001, 
-0.080879390561058, 0.0720837839259395, 0.0509818313465136, -0.194573692014261, 
0.21760619563986, 0.257582211699149, 0.611124701176702, -0.179650890330939, 
-0.0998254000169827, 0.0186289931056836, -0.328724441325268, 
0.0983338592739643, 0.0375266422005099, -0.208356201453182, 0.0963953849810924, 
-0.415620683562994, -0.0696619760550062, -0.215110342429429, 
0.0362870082451987, 0.015674329752685, -0.0274922479826419, -236.100760724213, 
-228.2437078606, -15.6590875303688, 24.5509204902656, 38.7722308913192, 
-0.0124457672388225, -0.0482448543089317, 0.110139756580069, 
-0.170467480212264, -0.0319797180394188, -0.1985938080242, -0.0128290967355803, 
0.177638204215956, 0.068269621368263, 0.597785032679625, 0.0352581784825877, 
0.546567505787393, 0.045024678060318, 0.0592889087012187, -0.134316200391931, 
-0.0928356354257506, 0.108965064105457, -0.369588017127968, 0.0231623690519705, 
0.0137318806011262, 0.0423051866129609, 0.129640133001324, -282.247631006544, 
-258.436930854479, -26.4502957351354, 16.950706271602, 50.5045306226574, 
56.506418756752, 0.168928969607711, -0.0511717284170529, -0.0905473267919247, 
-0.139248413331994, 0.0548016329318493, 0.157816107009804, 0.100455438476689, 
0.316184145252823, 0.196550068473468, 0.268607812173179, -0.393035052603951, 
0.150150738167596, -0.032810335121193, -0.240062146550775, -0.0681034987767223, 
-0.102531636680705, 0.0163096160347297, 0.268064920404424, -0.430474243521264, 
0.21303129865777, -0.12832223318591, -164.897945624211, -138.639368641252, 
-22.8717524488441, 31.4799630606967, 17.1744875936974, 11.8650397438737, 
32.0147726066592, 0.434518988270818, -0.0485171370397431, 0.231028465592491, 
-0.214688812870105, 0.204419535363328, -0.15480430990773, 0.298306631155377, 
0.149003835170633, -0.423301298632637, -0.192062181426961, -0.153134731333719, 
0.0673322771781853, 0.12921201259769, 0.0799360030126767, -0.120511799531735, 
0.249361479096739, 0.227943417831081, -0.0541788513646318, -0.275243620096809, 
0.0355007172885351), .Dim = c(27L, 7L), .Dimnames = list(c("1", 
"2", "3", "4", "5", "6", "7", "9", "10", "11", "12", "13", "14", 
"15", "16", "17", "18", "20", "21", "22", "23", "24", "25", "27", 
"28", "29", "30"), c("x1", "x2", "x3", "x4", "x5", "x6", "x7"
)), assign = 1:7), qraux = c(1.24270012027145, 1.14496698936987, 
1.24140441280306, 1.09632165078577, 1.14888549698816, 1.34977106728975, 
1.23806466507903), pivot = 1:7, tol = 1e-07, rank = 7L), .Names = c("qr", 
"qraux", "pivot", "tol", "rank"), class = "qr"), df.residual = 20L, 
    xlevels = structure(list(), .Names = character(0)), call = quote(lm(formula = y ~ 
        . + 0, data = structure(list(y = c(43, 63, 71, 61, 81, 
        43, 58, 72, 67, 64, 67, 69, 68, 77, 81, 74, 65, 50, 50, 
        64, 53, 40, 63, 78, 48, 85, 82), x1 = c(1.62217427400739, 
        0.784671641819387, 1.09415279415183, 2.18230501902982, 
        1.60030479703301, 1.15001899129221, 1.0759473035784, 
        -0.148449694408243, 0.558208312522228, -0.582948279215403, 
        0.884892558982667, 0.808462665788754, 0.771666481594897, 
        2.22518976419033, 1.29224370960461, 1.110266556943, 1.39813138154673, 
        2.35361472941018, 2.74578315528371, -0.968136755690484, 
        0.49333726395769, 0.843620917948916, -0.0123587932759979, 
        1.65097833841537, 0.14778108747645, -0.151694647107099, 
        0.411973597015204), x2 = c(51, 64, 70, 63, 78, 55, 67, 
        82, 61, 53, 60, 62, 83, 77, 90, 85, 60, 58, 40, 61, 66, 
        37, 54, 75, 57, 85, 82), x3 = c(30, 51, 68, 45, 56, 49, 
        42, 72, 45, 53, 47, 57, 83, 54, 50, 64, 65, 68, 33, 52, 
        52, 42, 42, 58, 44, 71, 39), x4 = c(39, 54, 69, 47, 66, 
        44, 56, 67, 47, 58, 39, 42, 45, 72, 72, 69, 75, 54, 34, 
        62, 50, 58, 48, 74, 45, 71, 59),