
expected <- structure(list(coefficients = structure(c(10.9008753346154, 0.592319384876579, 
0.025759058288899, 0.285052502995539, -0.0310322924251755, 0.113515287787309, 
-0.226953090194854), .Names = c("x1", "x2", "x3", "x4", "x5", 
"x6", "x7")), residuals = structure(c(-8.69715772458679, 1.92238678541686, 
1.37615237315592, -1.68980407198522, 7.1935955312821, -10.9424678422697, 
-7.64199449106353, 2.69465839423051, -8.01470677947073, 6.88913721397633, 
5.61563951625296, 10.47866676371, 8.29278685385688, -5.17087263662208, 
2.90679216556035, -1.01589361846506, -0.139360980416577, 2.2646046972152, 
-2.14134005828097, -6.92547560086076, 5.57332845373077, 0.0981056547885346, 
-11.8301563460363, -4.40998696801609, 6.11582339968435, 0.662814724044696, 
6.53472459116833), .Names = c("1", "2", "3", "4", "5", "6", "7", 
"8", "9", "10", "11", "12", "13", "14", "15", "16", "17", "18", 
"19", "20", "21", "22", "23", "24", "25", "26", "30")), effects = structure(c(-332.553755053224, 
-47.3569455303206, -1.54295888591477, 7.10388836978268, -4.01234105301078, 
4.44749900651976, -8.75365194875461, 6.32462059611098, -7.42160841712661, 
8.02885121554201, 8.0537904000054, 12.57992263619, 12.068648657412, 
-5.90527687886651, 5.44456221318528, -2.19334144260703, -0.135187266604659, 
-3.28202697843746, 0.0726866188906055, -5.80726720893198, 7.57645842787523, 
1.26693456307708, -10.9016980599174, -2.7338146825212, 11.3814138617205, 
4.4101304861839, 5.61195434117098), .Names = c("x1", "x2", "x3", 
"x4", "x5", "x6", "x7", "", "", "", "", "", "", "", "", "", "", 
"", "", "", "", "", "", "", "", "", "")), rank = 7L, fitted.values = structure(c(51.6971577245868, 
61.0776132145831, 69.6238476268441, 62.6898040719852, 73.8064044687179, 
53.9424678422697, 65.6419944910635, 68.3053416057695, 80.0147067794707, 
60.1108627860237, 58.384360483747, 56.52133323629, 60.7072131461431, 
73.1708726366221, 74.0932078344397, 82.0158936184651, 74.1393609804166, 
62.7353953027848, 67.141340058281, 56.9254756008608, 44.4266715462692, 
63.9018943452115, 64.8301563460363, 44.4099869680161, 56.8841766003157, 
65.3371852759553, 75.4652754088317), .Names = c("1", "2", "3", 
"4", "5", "6", "7", "8", "9", "10", "11", "12", "13", "14", "15", 
"16", "17", "18", "19", "20", "21", "22", "23", "24", "25", "26", 
"30")), assign = 1:7, qr = structure(list(qr = structure(c(-5.19615242270663, 
0.192450089729875, 0.192450089729875, 0.192450089729875, 0.192450089729875, 
0.192450089729875, 0.192450089729875, 0.192450089729875, 0.192450089729875, 
0.192450089729875, 0.192450089729875, 0.192450089729875, 0.192450089729875, 
0.192450089729875, 0.192450089729875, 0.192450089729875, 0.192450089729875, 
0.192450089729875, 0.192450089729875, 0.192450089729875, 0.192450089729875, 
0.192450089729875, 0.192450089729875, 0.192450089729875, 0.192450089729875, 
0.192450089729875, 0.192450089729875, -342.753609808908, -68.0364825881156, 
0.0948302518508885, -0.00805572540306698, 0.212414225855409, 
-0.125639699407587, 0.0507362615991933, 0.168320235603714, 0.271206212857669, 
-0.0374517189041971, -0.155035692908718, -0.0521497156547622, 
-0.022753722153632, 0.285904209608234, 0.197716229104844, 0.38879018686219, 
0.315300203109364, -0.0521497156547622, 0.0948302518508885, -0.0815457091558923, 
-0.346109650666063, -0.0374517189041971, 0.0360382648486282, 
-0.390203640917759, -0.140337696158153, 0.197716229104844, 0.271206212857669, 
-274.626278044532, 16.6256118058892, 43.8519833016397, 0.150316855184603, 
-0.114437873180272, -0.3181071739899, -0.0601488513215683, -0.0478045360890374, 
-0.0740597370183582, -0.42856986247527, -0.0532464208571241, 
-0.307541478757431, -0.00230258946274152, -0.126676163644901, 
0.00659051053756723, -0.0617154217858273, 0.132954754255591, 
0.17134222088164, -0.33201805968669, 0.139751159952134, -0.167372374110519, 
-0.109314062715889, -0.486416124334097, 0.241320748437195, 0.0537650523960235, 
-0.0846254322508273, 0.0171562057700364, -288.867584684543, -31.8151748922231, 
-20.1058838381453, 43.6814216822527, -0.214748234702529, -0.095953353376588, 
-0.0716269656322198, 0.0472400801848305, -0.167499725743157, 
-0.170192770203172, -0.266905446323973, 0.0803417574356759, 0.231354506796205, 
0.313065635428182, -0.284716095970315, -0.185990846600378, -0.0462145688637918, 
-0.433643854538146, -0.237612169045616, 0.00465411787945725, 
0.0656444898329632, -0.306812594840979, -0.221350937062099, -0.252077890352112, 
0.0423313775227583, -0.137757586544014, 0.0747232370743107, -333.131105322414, 
-32.1902459944875, -3.40630025072417, 12.7193030246711, 36.6479355305255, 
0.110122768685777, -0.0020041932945262, -0.0695239796153236, 
0.096727838564377, -0.0265430678883058, 0.145246469122039, -0.0532668758114649, 
0.0926610409152499, 0.167423364971237, -0.0984994817580821, 0.510990163365014, 
-0.0858961783914263, 0.470348392688646, -0.20357116193182, -0.041130087011889, 
0.181355640921871, 0.0318994996209892, 0.0187744933167502, 0.242509293359317, 
-0.191635136702598, -0.4489123502987, 0.187201391329389, -386.439780177589, 
-11.4110891809387, -7.93127592705357, -2.116163642252, 22.4695587515496, 
45.3190796808559, 0.184912035584607, 0.287769709727378, -0.159132622069555, 
-0.209595391890456, 0.105062757558748, -0.00323211707673342, 
0.308316731236381, -0.00343922937949553, 0.0342694234304664, 
0.367630861194099, 0.072453988504321, -0.222777294685846, -0.221320948443293, 
0.0259076190825627, 0.136245576681652, -0.148734390510071, -0.236415936904514, 
0.348332756077128, 0.109858252566441, 0.159580555934455, -0.0202312290386174, 
-220.547802830437, -8.28150461356839, -16.9784143222666, 20.7650142826415, 
23.9067466511524, 3.07071987920597, 38.5703139853219, 0.0698517376117606, 
0.421772021330672, -0.0172996834502496, 0.231366031567935, -0.130477246458359, 
0.219163110145464, -0.0756248466797365, 0.232171478583589, 0.0445564852309724, 
-0.280585237224547, -0.374951161018686, 0.0974299183312572, -0.177385504430898, 
-0.101502224437719, 0.179387344243833, 0.0903077770469229, -0.186378261065929, 
0.320041935684173, -0.369833171755167, 0.0288337962735441), .Dim = c(27L, 
7L), .Dimnames = list(c("1", "2", "3", "4", "5", "6", "7", "8", 
"9", "10", "11", "12", "13", "14", "15", "16", "17", "18", "19", 
"20", "21", "22", "23", "24", "25", "26", "30"), c("x1", "x2", 
"x3", "x4", "x5", "x6", "x7")), assign = 1:7), qraux = c(1.19245008972988, 
1.0066422713475, 1.16966962564948, 1.22673528424981, 1.05925273249035, 
1.45924466528687, 1.22594351851513), pivot = 1:7, tol = 1e-07, 
    rank = 7L), .Names = c("qr", "qraux", "pivot", "tol", "rank"
), class = "qr"), df.residual = 20L, xlevels = structure(list(), .Names = character(0)), 
    call = quote(lm(formula = y ~ . + 0, data = structure(list(y = c(43, 
        63, 71, 61, 81, 43, 58, 71, 72, 67, 64, 67, 69, 68, 77, 
        81, 74, 65, 65, 50, 50, 64, 53, 40, 63, 66, 82), x1 = c(1, 
        1, 1, 1, 1, 1, 1, 1, 1, 1, 1, 1, 1, 1, 1, 1, 1, 1, 1, 
        1, 1, 1, 1, 1, 1, 1, 1), x2 = c(51, 64, 70, 63, 78, 55, 
        67, 75, 82, 61, 53, 60, 62, 83, 77, 90, 85, 60, 70, 58, 
        40, 61, 66, 37, 54, 77, 82), x3 = c(44, 47, 42, 45, 52, 
        68, 53, 50, 49, 71, 57, 66, 52, 51, 47, 46, 39, 45, 64, 
        47, 66, 57, 72, 49, 52, 51, 45), x4 = c(39, 54, 69, 47, 
        66, 44, 56, 55, 67, 47, 58, 39, 42, 45, 72, 72, 69, 75, 
        57, 54, 34, 62, 50, 58, 48, 63, 59), x5 = c(61, 63, 76, 
        54, 71, 54, 66, 70, 71, 62, 58, 59, 55, 59, 79, 60, 79, 
        55, 75, 64, 43, 66, 63, 50, 66, 88, 64), x6 = c(92, 73, 
        86, 84, 83, 49, 68, 66, 83, 80, 67, 74, 63, 77, 77, 54, 
        79, 80, 85, 78, 64, 80, 80, 57, 75, 76, 78), x7 = c(45, 
        47, 48, 35, 47, 34, 35, 41, 31, 41, 34, 41, 25, 35, 46, 
        36, 63, 60, 46, 52, 33, 41, 37, 49, 33, 72, 39)), .Names = c("y", 
        "x1", "x2", "x3", "x4", "x5", "x6", "x7"),