
expected <- structure(list(coefficients = structure(c(4.06746762319934, 0.67876523235397, 
-0.123658118055742, 0.337349801604088, 0.0163685339114643, 0.0761695424275595, 
-0.106341095609862), .Names = c("x1", "x2", "x3", "x4", "x5", 
"x6", "x7")), residuals = structure(c(-8.172068490604, 2.05314363604388, 
2.22047293841527, 0.302924792916378, 5.88414044640989, -8.18431004795043, 
-8.00975937404917, 1.90627864644388, -5.44924750986644, 8.55407439925934, 
8.47569269935839, 12.7505512725031, -0.169062560906146, 1.08411720759288, 
-3.69329157069962, -3.6055998644713, -2.75200602746881, -4.67032479870756, 
8.99593552728169, 1.01569498944746, -9.44429579119496, -3.58564835361042, 
-2.84943274342381, 3.06248387010811, -7.61277536290436, 7.37732284855305, 
4.5149892215237), .Names = c("1", "2", "3", "4", "5", "6", "7", 
"8", "9", "10", "11", "12", "14", "15", "16", "17", "19", "20", 
"21", "22", "23", "24", "26", "27", "28", "29", "30")), effects = structure(c(-335.248056309443, 
55.507881731414, 5.01730832808559, 12.937982009321, 0.0216511809037669, 
2.77982351039271, -4.37304791187054, 4.63936011967937, -1.60342716264149, 
9.40413198893073, 11.5834781674075, 13.2405643878462, 1.03000224653244, 
5.29406917117637, 3.75470894579584, -3.69016834817827, -1.51255955673825, 
-6.59920446674792, 9.28890736483173, 1.54452047057904, -8.05988465057585, 
-1.36827169923136, -6.34072850128785, 3.96568965694339, -6.34108740504229, 
10.0606433060029, 9.83241834251807), .Names = c("x1", "x2", "x3", 
"x4", "x5", "x6", "x7", "", "", "", "", "", "", "", "", "", "", 
"", "", "", "", "", "", "", "", "", "")), rank = 7L, fitted.values = structure(c(51.172068490604, 
60.9468563639561, 68.7795270615847, 60.6970752070836, 75.1158595535901, 
51.1843100479504, 66.0097593740492, 69.0937213535561, 77.4492475098664, 
58.4459256007407, 55.5243073006416, 54.2494487274969, 68.1690625609061, 
75.9158827924071, 84.6932915706996, 77.6055998644713, 67.7520060274688, 
54.6703247987076, 41.0040644727183, 62.9843050105525, 62.444295791195, 
43.5856483536104, 68.8494327434238, 74.9375161298919, 55.6127753629044, 
77.622677151447, 77.4850107784763), .Names = c("1", "2", "3", 
"4", "5", "6", "7", "8", "9", "10", "11", "12", "14", "15", "16", 
"17", "19", "20", "21", "22", "23", "24", "26", "27", "28", "29", 
"30")), assign = 1:7, qr = structure(list(qr = structure(c(-5.19615242270663, 
0.192450089729875, 0.192450089729875, 0.192450089729875, 0.192450089729875, 
0.192450089729875, 0.192450089729875, 0.192450089729875, 0.192450089729875, 
0.192450089729875, 0.192450089729875, 0.192450089729875, 0.192450089729875, 
0.192450089729875, 0.192450089729875, 0.192450089729875, 0.192450089729875, 
0.192450089729875, 0.192450089729875, 0.192450089729875, 0.192450089729875, 
0.192450089729875, 0.192450089729875, 0.192450089729875, 0.192450089729875, 
0.192450089729875, 0.192450089729875, -350.644063487833, 69.9767157041593, 
-0.0740027970375246, 0.0260304773103873, -0.188326539149424, 
0.140354219422287, -0.0311313937455624, -0.145455135857462, -0.245488410205373, 
0.0546114128383621, 0.168935154950261, 0.0689018806023495, -0.259778877969361, 
-0.174036071385436, -0.359812152317273, -0.288359813497336, -0.0740027970375246, 
0.0974828161303243, 0.354711235882098, 0.0546114128383621, -0.0168409259815749, 
0.39758263917406, -0.174036071385436, -0.145455135857462, 0.111773283894312, 
-0.288359813497336, -0.245488410205373, -275.203628313722, 37.1192253786653, 
-51.7989002803227, -0.0646111375218958, 0.00305168115368953, 
0.0897822602435688, -0.161113265566024, -0.0838415133947335, 
0.273352707176091, -0.045318217241926, 0.186296897169124, 0.00293910122085157, 
0.476065967811465, -0.0259127170291181, -0.228538415494507, 0.0899698934649654, 
-0.112830929340394, 0.427646033890144, -0.074407704238998, 0.0898197868878481, 
0.0415874861879235, 0.128280538633523, 0.205752432907637, 0.0706019198964369, 
-0.0260378058433825, 0.22510789759474, -0.363726455149987, -293.67883692779, 
37.9020254461815, -7.52187192325024, 43.33126643185, -0.121492937648673, 
0.135014367433991, -0.0835009050119497, 0.064907370321727, -6.93956314350381e-05, 
0.0915809510779477, -0.178492309224744, 0.280997970441483, 0.591510443853834, 
-0.282447065505078, -0.194720363674145, -0.0742433357923988, 
-0.0527603812070296, 0.0603482267727822, 0.123980681013588, -0.206851483211803, 
0.114317693405659, -0.395054295483173, 0.00709158923035469, -0.31901745600949, 
0.0955309830565158, -0.0726614600816332, -0.0404954151910349, 
-325.433101733219, 15.545382544299, 7.94231009545313, 29.7181422508978, 
-48.3982345685332, 0.0248983022884821, 0.294624158833292, 0.0830982667961602, 
-0.00954821681717816, 0.0151087681846192, -0.0252868137756816, 
0.0132412199819954, 0.0567261257168962, -0.24644044826156, -0.117633182298734, 
0.0872217565520398, -0.0185544554966664, 0.209621760673583, 0.237723137155316, 
0.284462029490559, 0.0681313221694047, -0.206791304680818, 0.375318563108905, 
0.321149853422788, -0.102103145361317, -0.208717443050978, -0.339427972512392, 
-389.711431702997, 9.93187509597131, -2.61272901832825, -6.25623984676714, 
0.324802507948811, 50.2721142430409, 0.173871528472218, 0.282919854987352, 
0.00637069540070989, -0.0446396132903671, 0.148544423174308, 
0.123082249049819, 0.305194132004772, -0.0191396112917701, 0.489483099100327, 
0.0582178571472838, -0.15334614097153, 0.0554523985195453, 0.201840496002736, 
-0.0823961956711791, -0.00295898402553527, 0.21168447632587, 
0.136299695469554, -0.0127676348450204, -0.122974401066315, 0.163036094981531, 
-0.0153116747507557, -225.166604983954, 11.2561251087674, -11.4580557756746, 
15.8896201680194, -7.42064261947329, 9.86806109479659, 41.1228404859975, 
-0.029601476464105, 0.42754683586131, 0.00609225091488874, 0.305368333550895, 
-0.123992199057987, 0.0160057807419577, 0.0894386889142353, 0.149196856844447, 
-0.358338448800816, -0.0117964551882022, -0.122686748816048, 
0.0813413031652699, 0.239146200486382, 0.12515010656467, -0.044446276820386, 
-0.594775177467785, 0.121167706590604, 0.0782739947749338, -0.187431823217941, 
0.0409123952038658), .Dim = c(27L, 7L), .Dimnames = list(c("1", 
"2", "3", "4", "5", "6", "7", "8", "9", "10", "11", "12", "14", 
"15", "16", "17", "19", "20", "21", "22", "23", "24", "26", "27", 
"28", "29", "30"), c("x1", "x2", "x3", "x4", "x5", "x6", "x7"
)), assign = 1:7), qraux = c(1.19245008972988, 1.0117400095464, 
1.31188851221032, 1.1092741072632, 1.42049920556749, 1.57824556781334, 
1.20183622528781), pivot = 1:7, tol = 1e-07, rank = 7L), .Names = c("qr", 
"qraux", "pivot", "tol", "rank"), class = "qr"), df.residual = 20L, 
    xlevels = structure(list(), .Names = character(0)), call = quote(lm(formula = y ~ 
        . + 0, data = structure(list(y = c(43, 63, 71, 61, 81, 
        43, 58, 71, 72, 67, 64, 67, 68, 77, 81, 74, 65, 50, 50, 
        64, 53, 40, 66, 78, 48, 85, 82), x1 = c(1, 1, 1, 1, 1, 
        1, 1, 1, 1, 1, 1, 1, 1, 1, 1, 1, 1, 1, 1, 1, 1, 1, 1, 
        1, 1, 1, 1), x2 = c(51, 64, 70, 63, 78, 55, 67, 75, 82, 
        61, 53, 60, 83, 77, 90, 85, 70, 58, 40, 61, 66, 37, 77, 
        75, 57, 85, 82), x3 = c(30, 51, 68, 45, 56, 49, 42, 50, 
        72, 45, 53, 47, 83, 54, 50, 64, 46, 68, 33, 52, 52, 42, 
        66, 58, 44, 71, 39), x4 = c(39, 54, 69, 47, 66, 44, 56, 
        55, 67, 47, 58, 39, 45, 72, 72, 69, 57, 54, 34, 62, 50, 
        58, 63, 74, 45, 71, 59), x5 = c(50, 59, 54, 55, 88, 54, 
        80, 66, 61, 58, 60, 51, 43, 61, 70, 71, 64, 62, 63, 79, 
        60, 55, 79, 88, 51, 55, 54), x6 = c(92, 73, 86, 84, 83, 
        49, 68, 66, 83, 80, 67, 74, 77, 77, 54, 79, 85, 78, 64, 
        80, 80, 57, 76, 78, 83, 74, 78), x7 = c(45, 47, 48, 35, 
        47, 34, 35, 41, 31, 41, 34, 41, 35, 46, 36, 63, 46, 52, 
        33, 41, 37, 49, 72, 49, 38, 55, 39)), .Names = c("y", 
        "x1", "x2", "x3", "x4", "x5", "x6", "x7"),