
expected <- structure(list(coefficients = structure(c(36.2880079550267, 0.891674111529121, 
-0.12214506352357, 0.345773600217312, -0.195753147365806, -0.168057822284083, 
-0.480608515388656), .Names = c("x1", "x2", "x3", "x4", "x5", 
"x6", "x7")), residuals = structure(c(-1.47699537539541, -3.29799397709108, 
8.18049376665362, 0.251733765982414, 3.3684395244446, -6.32004278998549, 
-6.288379537707, 1.82866713874962, 6.34793744075894, 5.34572133615095, 
10.2742055125663, 9.96577255105832, -5.92693638481792, -1.981748362544, 
-0.788481576814076, -2.9691360979596, -6.87422393845211, 5.35267924343427, 
0.457865848144684, -5.19057024893807, -3.21038979524579, 4.63380716212553, 
-4.88789063274255, 0.00122685304647174, -9.02596223847928, 1.37263569453449, 
0.857565118522154), .Names = c("1", "2", "3", "4", "5", "6", 
"7", "8", "9", "11", "12", "13", "14", "15", "18", "19", "20", 
"21", "22", "23", "24", "25", "26", "27", "28", "29", "30")), 
    effects = structure(c(-330.436804066196, -51.0689079508119, 
    2.68611967430661, 13.3743426997647, -4.06745681732396, -2.83519168264449, 
    18.6691522493372, 5.40689526210152, 7.12817447458639, 3.3599290434564, 
    10.6614033795088, 9.5740578102001, -8.82667159480989, -0.363904210502152, 
    -5.83847871330885, -1.22419744773397, -10.1916528479433, 
    4.34614030177494, -0.690828071378071, -4.52293663362138, 
    -4.59272189483189, 4.72702698382805, -2.69600534117795, 0.663916473910844, 
    -10.7772704330518, 1.5615999128117, 3.94426993091006), .Names = c("x1", 
    "x2", "x3", "x4", "x5", "x6", "x7", "", "", "", "", "", "", 
    "", "", "", "", "", "", "", "", "", "", "", "", "", "")), 
    rank = 7L, fitted.values = structure(c(44.4769953753954, 
    66.2979939770911, 62.8195062333464, 60.7482662340176, 77.6315604755554, 
    49.3200427899855, 64.288379537707, 69.1713328612504, 65.6520625592411, 
    58.654278663849, 56.7257944874337, 59.0342274489417, 73.9269363848179, 
    78.981748362544, 65.7884815768141, 67.9691360979596, 56.8742239384521, 
    44.6473207565657, 63.5421341518553, 58.1905702489381, 43.2103897952458, 
    58.3661928378745, 70.8878906327426, 77.9987731469535, 57.0259622384793, 
    83.6273643054655, 81.1424348814778), .Names = c("1", "2", 
    "3", "4", "5", "6", "7", "8", "9", "11", "12", "13", "14", 
    "15", "18", "19", "20", "21", "22", "23", "24", "25", "26", 
    "27", "28", "29", "30")), assign = 1:7, qr = structure(list(
        qr = structure(c(-5.19615242270663, 0.192450089729875, 
        0.192450089729875, 0.192450089729875, 0.192450089729875, 
        0.192450089729875, 0.192450089729875, 0.192450089729875, 
        0.192450089729875, 0.192450089729875, 0.192450089729875, 
        0.192450089729875, 0.192450089729875, 0.192450089729875, 
        0.192450089729875, 0.192450089729875, 0.192450089729875, 
        0.192450089729875, 0.192450089729875, 0.192450089729875, 
        0.192450089729875, 0.192450089729875, 0.192450089729875, 
        0.192450089729875, 0.192450089729875, 0.192450089729875, 
        0.192450089729875, -339.09705810404, -64.6156729066964, 
        0.108983611697181, 0.000650761707243416, 0.232792583114252, 
        -0.123158209709828, 0.062555247415779, 0.18636421883285, 
        0.294697068822788, -0.154110452564096, -0.0457776025741583, 
        -0.0148253597198905, 0.310173190249921, 0.217316461687118, 
        -0.0457776025741583, 0.108983611697181, -0.0767298454284261, 
        -0.355300031116836, -0.0303014811470244, 0.0470791259886451, 
        -0.401728395398238, -0.138634331136962, 0.217316461687118, 
        0.18636421883285, -0.09220596685556, 0.341125433104189, 
        0.294697068822788, -276.165878762371, -38.1635422496297, 
        -51.8743814456437, -0.0855473432092191, -0.04856337822439, 
        0.0849309466482844, -0.190063826433519, -0.12921405674444, 
        0.213189566166732, 0.185382533999306, -0.011979315364881, 
        0.157451833421777, 0.413569170333353, -0.0754469377310734, 
        0.335012773954993, -0.147967824504566, 0.416187023010466, 
        -0.0484397098142874, 0.0727362590284481, 0.0143806736063798, 
        0.160069686098891, -0.0383393043361418, 0.155881121815509, 
        0.0250046496199481, -0.0347979789982857, 0.158898876617943, 
        -0.42296259758637, -289.252484864003, -31.3907329613699, 
        -13.3466992843226, 48.2336760195802, -0.136472883490647, 
        0.140388076539147, -0.101260795485054, 0.0269506847315662, 
        -0.00615291317959386, -0.128078914877611, 0.254458693873492, 
        0.284006477751736, 0.544488861880237, -0.282411587864147, 
        -0.345938555488481, -0.0735791413930778, 0.103119148399489, 
        0.13807943157391, -0.176514074493189, 0.0989021682106239, 
        -0.302490055363458, -0.0046328365620625, 0.00149287179026787, 
        -0.302089745621851, 0.0897596230145777, -0.0812154818399324, 
        -0.107903985368068, -334.478255950523, -38.7894653829049, 
        0.555667010559441, 19.0140992758694, 32.1220941799484, 
        0.0644213454757995, 0.0522421677534954, -0.0210833672358523, 
        0.163670913661582, 0.140162659569243, -0.111606539492539, 
        0.0561403290095904, 0.14546592893897, -0.00441921145649144, 
        0.56382389376036, -0.188644216175881, -0.101678496626264, 
        0.114186051183665, 0.0536649202013496, 0.00290461537673168, 
        0.238031508303309, -0.23220855273184, -0.472311567154308, 
        -0.0370957764954307, 0.212842629828227, 0.0817780411828128, 
        0.347018395759617, -390.673682151647, -18.1024765522868, 
        4.6765930061464, 4.41255482406476, 6.08501349703637, 
        44.1815104457549, 0.228045641893625, 0.322082794613773, 
        -0.033366387115158, 0.192903192390164, 0.0921048360592925, 
        0.345090965494565, 0.136235267493024, 0.0712373206703007, 
        -0.103282363785743, -0.122954502947308, 0.00128171055295606, 
        0.205245247242783, -0.0644534994841034, -0.0296763245446865, 
        0.331791493147698, 0.0402447626546307, 0.146967137411694, 
        0.0447201027819572, -0.155958195944128, 0.185202534441576, 
        0.0399243915521937, -198.993392780691, -4.37859598451395, 
        -3.86919470405783, -2.41370051847651, -6.74806673502302, 
        -9.55009451794425, -38.8448220361637, 0.109478573255713, 
        0.600913296457272, -0.284270343811587, -0.132930197108464, 
        -0.177896053014828, -0.222207892828719, -0.129011990860436, 
        -0.117488583691551, -0.0397161002337816, -0.246905592472598, 
        -0.259067019986048, -0.140210607470709, 0.195563235947187, 
        -0.0454946057835722, -0.354056090748435, -0.0829522065405439, 
        -0.193040570369331, -0.0808273385665958, -0.178752179212626, 
        0.0661421898149641), .Dim = c(27L, 7L), .Dimnames = list(
            c("1", "2", "3", "4", "5", "6", "7", "8", "9", "11", 
            "12", "13", "14", "15", "18", "19", "20", "21", "22", 
            "23", "24", "25", "26", "27", "28", "29", "30"), 
            c("x1", "x2", "x3", "x4", "x5", "x6", "x7")), assign = 1:7), 
        qraux = c(1.19245008972988, 1.01612688313438, 1.2761336179975, 
        1.08835711112596, 1.14919751195942, 1.62149691531514, 
        1.1223753360488), pivot = 1:7, tol = 1e-07, rank = 7L), .Names = c("qr", 
    "qraux", "pivot", "tol", "rank"), class = "qr"), df.residual = 20L, 
    xlevels = structure(list(), .Names = character(0)), call = quote(lm(formula = y ~ 
        . + 0, data = structure(list(y = c(43, 63, 71, 61, 81, 
        43, 58, 71, 72, 64, 67, 69, 68, 77, 65, 65, 50, 50, 64, 
        53, 40, 63, 66, 78, 48, 85, 82), x1 = c(1, 1, 1, 1, 1, 
        1, 1, 1, 1, 1, 1, 1, 1, 1, 1, 1, 1, 1, 1, 1, 1, 1, 1, 
        1, 1, 1, 1), x2 = c(51, 64, 70, 63, 78, 55, 67, 75, 82, 
        53, 60, 62, 83, 77, 60, 70, 58, 40, 61, 66, 37, 54, 77, 
        75, 57, 85, 82), x3 = c(30, 51, 68, 45, 56, 49, 42, 50, 
        72, 53, 47, 57, 83, 54, 65, 46, 68, 33, 52, 52, 42, 42, 
        66, 58, 44, 71, 39),