
expected <- structure(list(coefficients = structure(c(15.4130783847154, 0.742363316860616, 
-0.147046875084419, 0.328631931999232, -0.0345197039043056, -0.00906638038909698, 
-0.182758886579078), .Names = c("x1", "x2", "x3", "x4", "x5", 
"x6", "x7")), residuals = structure(c(-4.27985655816919, 2.28451854673482, 
1.50319077289154, 0.0409703472759386, 8.37332661300269, -9.18155952068821, 
-10.0874646983777, -0.0107711761057075, -5.23138514577566, 3.41581247445683, 
11.6344631637034, 7.70779579865311, -8.06922639473101, -1.22850745234387, 
0.751311298197641, -0.815283025484817, -8.06154613996025, 8.72574525175059, 
-0.399726505065755, -9.94389831222542, -3.39087509052418, 6.44912014111645, 
-0.394259306350209, 1.92605243683163, -4.4709972182383, 4.18027812585042, 
8.5727715735752), .Names = c("1", "2", "3", "4", "5", "6", "7", 
"8", "9", "11", "12", "13", "14", "15", "18", "19", "20", "21", 
"22", "23", "24", "25", "26", "27", "28", "29", "30")), effects = structure(c(-330.436804066196, 
-51.0689079508119, 11.2332188381967, 10.5971634258697, -4.44174093643763, 
-1.28410856840467, -6.84965757364157, 2.43868543718796, -4.27783830351384, 
6.38945756403239, 12.5413962980083, 10.8784714472142, -10.314449943384, 
1.24417464398014, -5.44300525613072, 1.10466372091929, -8.1415505972934, 
10.0349743835863, 1.15388611729228, -9.05392614172938, -2.43723798930416, 
11.76694037442, 0.806670241653686, 4.290819957274, -6.69493485920124, 
3.33344131480758, 6.52183878262487), .Names = c("x1", "x2", "x3", 
"x4", "x5", "x6", "x7", "", "", "", "", "", "", "", "", "", "", 
"", "", "", "", "", "", "", "", "", "")), rank = 7L, fitted.values = structure(c(47.2798565581692, 
60.7154814532652, 69.4968092271085, 60.9590296527241, 72.6266733869973, 
52.1815595206882, 68.0874646983777, 71.0107711761057, 77.2313851457757, 
60.5841875255432, 55.3655368362966, 61.2922042013469, 76.069226394731, 
78.2285074523439, 64.2486887018024, 65.8152830254848, 58.0615461399602, 
41.2742547482494, 64.3997265050658, 62.9438983122254, 43.3908750905242, 
56.5508798588836, 66.3942593063502, 76.0739475631684, 52.4709972182383, 
80.8197218741496, 73.4272284264248), .Names = c("1", "2", "3", 
"4", "5", "6", "7", "8", "9", "11", "12", "13", "14", "15", "18", 
"19", "20", "21", "22", "23", "24", "25", "26", "27", "28", "29", 
"30")), assign = 1:7, qr = structure(list(qr = structure(c(-5.19615242270663, 
0.192450089729875, 0.192450089729875, 0.192450089729875, 0.192450089729875, 
0.192450089729875, 0.192450089729875, 0.192450089729875, 0.192450089729875, 
0.192450089729875, 0.192450089729875, 0.192450089729875, 0.192450089729875, 
0.192450089729875, 0.192450089729875, 0.192450089729875, 0.192450089729875, 
0.192450089729875, 0.192450089729875, 0.192450089729875, 0.192450089729875, 
0.192450089729875, 0.192450089729875, 0.192450089729875, 0.192450089729875, 
0.192450089729875, 0.192450089729875, -339.09705810404, -64.6156729066964, 
0.108983611697181, 0.000650761707243416, 0.232792583114252, -0.123158209709828, 
0.062555247415779, 0.18636421883285, 0.294697068822788, -0.154110452564096, 
-0.0457776025741583, -0.0148253597198905, 0.310173190249921, 
0.217316461687118, -0.0457776025741583, 0.108983611697181, -0.0767298454284261, 
-0.355300031116836, -0.0303014811470244, 0.0470791259886451, 
-0.401728395398238, -0.138634331136962, 0.217316461687118, 0.18636421883285, 
-0.09220596685556, 0.341125433104189, 0.294697068822788, -278.667729928859, 
-26.1638162467761, -62.3357924125557, -0.0222399752383172, 0.185732832686986, 
0.294631803959084, -0.212760160593835, -0.112536094952613, 0.332097752778049, 
-0.299920462134727, -0.0477923889449692, -0.0949260379875023, 
-0.285028543244337, -0.288006927022415, -0.095918832580195, 0.0213401755321288, 
-0.193164514443339, 0.0706168481553727, -0.167612100736687, 0.0193545863467434, 
0.141317321719172, -0.163065807871908, 0.129088917816209, -0.192746834344656, 
0.343751042187003, -0.187782861381192, 0.332097752778049, -289.252484864003, 
-31.3907329613699, 7.56603364026917, 49.4709714792653, -0.0945407986302485, 
0.131549061434, -0.0420810158643493, 0.0680034976446712, -0.0601799078590221, 
-0.230946224712467, 0.248221582727289, 0.202818035439369, 0.33270111779586, 
-0.273246884128517, -0.484297615563226, -0.00891286593165354, 
-0.0895034987508848, 0.161565564100139, -0.218717934307254, 0.0924686574671684, 
-0.346424533105165, -0.00512270117345892, -0.0495510847534014, 
-0.324092985694801, 0.136212708284907, -0.163162370619497, 0.101531086705801, 
-334.478255950523, -38.7894653829049, 7.63889769354067, 17.2203496593435, 
32.2301174562285, 0.0676269069569929, 0.0336075765360214, -0.0281494441508674, 
0.168933209667866, 0.171131802409687, -0.0902441927049769, 0.103136252706002, 
0.255590435717687, -0.0179724822296246, 0.582799525151929, -0.213357037250641, 
-0.0299332060095785, 0.114105215130383, 0.0591492221003833, 0.0111100687965215, 
0.225263654384819, -0.226627970768652, -0.459097780137957, -0.0453665352712322, 
0.193789453046158, 0.106431779559375, 0.264786358441721, -390.673682151647, 
-18.1024765522868, -2.15320887938551, 3.3698127428163, 7.45828958052895, 
44.2578398352319, 0.192702489467925, 0.309064239375506, 0.0106380770341508, 
0.104477845033607, 0.0921019135220621, 0.311309569112991, 0.0394898973331399, 
0.0132547337720983, -0.188023012929698, -0.0956256650767501, 
-0.0643722083741279, 0.217708870236371, -0.110623519197955, -0.025873300734311, 
0.331185307935267, 0.0230258794653159, 0.192072578068001, 0.00123673743248629, 
-0.0924595141693485, 0.12681125605909, 0.120063122270398, -220.932703009897, 
-10.2044959173061, 0.959374519383555, 27.5531561171212, 17.8461753390431, 
4.83068251171866, 37.4792038945684, 0.0333438164792806, 0.418489076243126, 
0.258788664178501, -0.145683430676672, 0.207760269984395, -0.102388280149442, 
0.217531148738209, -0.332872688471313, 0.0830748883262734, -0.186571430502998, 
-0.081536649282783, 0.197183555350896, 0.0964321290484441, -0.159534170047631, 
0.313705397754276, -0.442126571852196, 0.190157000815473, -0.0785076339596194, 
-0.136339968828877, 0.00878813752629481), .Dim = c(27L, 7L), .Dimnames = list(
    c("1", "2", "3", "4", "5", "6", "7", "8", "9", "11", "12", 
    "13", "14", "15", "18", "19", "20", "21", "22", "23", "24", 
    "25", "26", "27", "28", "29", "30"), c("x1", "x2", "x3", 
    "x4", "x5", "x6", "x7")), assign = 1:7), qraux = c(1.19245008972988, 
1.01612688313438, 1.00529802765372, 1.11900714717092, 1.12086490942001, 
1.67386018455056, 1.21661480722199), pivot = 1:7, tol = 1e-07, 
    rank = 7L), .Names = c("qr", "qraux", "pivot", "tol", "rank"
), class = "qr"), df.residual = 20L, xlevels = structure(list(), .Names = character(0)), 
    call = quote(lm(formula = y ~ . + 0, data = structure(list(y = c(43, 
        63, 71, 61, 81, 43, 58, 71, 72, 64, 67, 69, 68, 77, 65, 
        65, 50, 50, 64, 53, 40, 63, 66, 78, 48, 85, 82), x1 = c(1, 
        1, 1, 1, 1, 1, 1, 1, 1, 1, 1, 1, 1, 1, 1, 1, 1, 1, 1, 
        1, 1, 1, 1, 1, 1, 1, 1), x2 = c(51, 64, 70, 63, 78, 55, 
        67, 75, 82, 53, 60, 62, 83, 77, 60, 70, 58, 40, 61, 66, 
        37, 54, 77, 75, 57, 85, 82), x3 = c(52, 58, 57, 52, 72, 
        68, 42, 52, 83, 30, 49, 47, 45, 42, 46, 58, 39, 47, 42, 
        56, 50, 39, 68, 47, 72, 52, 83), x4 = c(39, 54, 69, 47, 
        66, 44, 56, 55, 67, 58, 39, 42, 45, 72, 75, 57, 54, 34, 
        62, 50, 58, 48, 63, 74, 45, 71, 59), x5 = c(61, 63, 76, 
        54, 71, 54, 66, 70, 71, 58, 59, 55, 59, 79, 55, 75, 64, 
        43, 66, 63, 50, 66, 88, 80, 51, 77, 64), x6 = c(92, 73, 
        86, 84, 83, 49, 68, 66, 83, 67, 74, 63, 77, 77, 80, 85, 
        78, 64, 80, 80, 57, 75, 76, 78, 83, 74, 78), x7 = c(45, 
        47, 48, 35, 47, 34, 35, 41, 31, 34, 41, 25, 35, 46, 60, 
        46, 52, 33, 41, 37, 49, 33, 72, 49, 38, 55, 39)), .Names = c("y", 
        "x1", "x2", "x3", "x4", "x5", "x6", "x7"),