
expected <- structure(list(coefficients = structure(c(14.2873485315843, 0.022977143931395, 
0.082619804552347, 0.514462282571378, 0.461686898383117, 0.106980274984185, 
-0.526619139616839), .Names = c("x1", "x2", "x3", "x4", "x5", 
"x6", "x7")), residuals = structure(c(-9.86048230045055, 2.62028583323256, 
-5.13746775757215, 1.81277575846273, 10.3732443914145, -11.5498318318203, 
-9.48999232759864, 4.61471358551416, -9.46346959614876, 7.70691650903558, 
-1.92410698107099, 13.6843175055564, 7.47579126211134, 5.48723234256094, 
-0.448202386725304, 9.57295710205443, 5.63991693608093, 2.51951414448948, 
-3.30917575739082, -9.73415482861208, 4.38142046200638, -5.3891496670712, 
-11.0059495713269, -12.9271326981207, -1.48707995320874, 0.938307708038466, 
14.8988021165593), .Names = c("1", "2", "3", "4", "5", "6", "7", 
"8", "9", "10", "11", "12", "13", "14", "15", "16", "17", "18", 
"19", "20", "21", "22", "23", "24", "25", "26", "30")), effects = structure(c(-332.553755053224, 
12.5706638191058, -18.6573079113683, 25.8776924482131, 11.4200306739759, 
1.07511887740793, -19.983930766333, 10.5925392736252, -5.53716161181904, 
9.16476637275466, -0.745398839990048, 15.727207481259, 11.0077758463064, 
7.39508208705366, 5.27431364773883, 11.4675994017207, 9.22463737884932, 
-5.11817124488278, 1.27969345052936, -9.28247084209864, 2.33524411275615, 
-4.02129511321298, -8.93433617879454, -15.9623041038202, 3.50551584010643, 
8.43585667064708, 16.1423070699113), .Names = c("x1", "x2", "x3", 
"x4", "x5", "x6", "x7", "", "", "", "", "", "", "", "", "", "", 
"", "", "", "", "", "", "", "", "", "")), rank = 7L, fitted.values = structure(c(52.8604823004505, 
60.3797141667674, 76.1374677575722, 59.1872242415373, 70.6267556085855, 
54.5498318318203, 67.4899923275986, 66.3852864144858, 81.4634695961488, 
59.2930834909644, 65.924106981071, 53.3156824944436, 61.5242087378887, 
62.5127676574391, 77.4482023867253, 71.4270428979456, 68.3600830639191, 
62.4804858555105, 68.3091757573908, 59.7341548286121, 45.6185795379936, 
69.3891496670712, 64.0059495713269, 52.9271326981207, 64.4870799532087, 
65.0616922919615, 67.1011978834407), .Names = c("1", "2", "3", 
"4", "5", "6", "7", "8", "9", "10", "11", "12", "13", "14", "15", 
"16", "17", "18", "19", "20", "21", "22", "23", "24", "25", "26", 
"30")), assign = 1:7, qr = structure(list(qr = structure(c(-5.19615242270663, 
0.192450089729875, 0.192450089729875, 0.192450089729875, 0.192450089729875, 
0.192450089729875, 0.192450089729875, 0.192450089729875, 0.192450089729875, 
0.192450089729875, 0.192450089729875, 0.192450089729875, 0.192450089729875, 
0.192450089729875, 0.192450089729875, 0.192450089729875, 0.192450089729875, 
0.192450089729875, 0.192450089729875, 0.192450089729875, 0.192450089729875, 
0.192450089729875, 0.192450089729875, 0.192450089729875, 0.192450089729875, 
0.192450089729875, 0.192450089729875, -352.953464564591, -69.2087556010932, 
0.0857172741767712, -0.0443240756760477, -0.463346202979575, 
-0.174365425528867, 0.013472079814094, 0.186860546284519, -0.102120231166189, 
-0.0443240756760477, -0.13101830891126, -0.0443240756760477, 
0.230207662902125, -0.261059658764079, -0.261059658764079, -0.087671192293654, 
-0.0298750368035122, 0.186860546284519, -0.116569270038725, -0.0298750368035122, 
0.129064390794377, -0.0732221534211185, -0.0298750368035122, 
0.230207662902125, -0.419999086361969, 0.302452857264803, 0.186860546284519, 
-273.471577506153, 7.37971281675053, -62.079272990577, -0.0671792525211475, 
0.080620500843381, -0.0118674872313261, -0.111450347841883, 0.0295797793199725, 
0.363694308386499, -0.0671792525211475, 0.0556069166913803, -0.0349623803889049, 
0.145379491441043, 0.529738019700355, 0.0625933737828377, 0.0103222681512377, 
0.239894585954564, 0.271206320311792, -0.0561385825520616, 0.304328330219049, 
-0.248317846681718, 0.0435526935028874, 0.0465933531611087, -0.0962470495507766, 
-0.141856944424096, 0.29542318213317, -0.147613017407362, -288.867584684543, 
2.97382625980295, -25.3060299594701, 51.7231062832214, -0.189921348810585, 
0.170270445930055, -0.128222085337837, -0.0277690930924335, -0.0468253951961072, 
0.0745765419546136, -0.0604153605974674, 0.248952733959886, 0.293115172608724, 
0.484799458329672, -0.322954339370191, -0.360073708598001, -0.163362964936521, 
-0.266645168897012, -0.109863057154601, 0.166055700125971, 0.209969757368033, 
-0.1468389527288, 0.0857390525512957, -0.164022633716551, 0.0207138872117984, 
-0.0232583135673567, -0.213489391199371, -333.131105322414, 6.31101908977075, 
-18.8394216991732, 22.2860431405007, 40.7583877980433, 0.134129300126416, 
-0.0372409581377562, -0.145703410136835, 0.080999625490174, -0.046201992854975, 
0.230764943964119, -0.0750140571676461, 0.061375456384911, 0.125321391837929, 
-0.0794243738095865, 0.357686626331628, -0.117432333480595, 0.532027835469015, 
-0.220110080316155, 0.0592298939919158, 0.194294166413756, 0.079588859176549, 
-0.013060904384945, 0.359365573253361, -0.0992311983400494, -0.448824507710112, 
0.0258800888826037, -386.439780177589, 7.25716356112787, -8.55596232318983, 
3.71159246643786, 22.1103617617693, 46.1278805734044, 0.17043489686444, 
0.275010321428644, -0.0340757430461736, -0.0462201291358646, 
0.160787473748448, 0.118545479220989, 0.299962715053194, 0.197262932226533, 
0.0870619447197505, 0.343890285754267, 0.0780218910786436, -0.265467312966788, 
-0.0751014682142427, 0.0667157576608526, 0.117465571981726, -0.0774378412464555, 
-0.0285262209988139, 0.19612238509252, 0.134705545709017, 0.245469779698081, 
-0.125619306008073, -220.547802830437, -15.8200921166627, -17.287447634299, 
21.6819620299056, 18.538930354822, 7.32911924466087, 37.9475967790936, 
0.175163704335675, 0.432029785229082, -0.0287347495367038, 0.148281652642924, 
-0.143768707186687, 0.375889087565937, -0.0744191571812123, 0.0672184438214155, 
0.2362101271854, -0.30220032255815, -0.217152337061981, -0.00148039255333607, 
-0.265160622044389, -0.00958465079783, 0.119215072908337, 0.110501064835597, 
-0.132026778835813, 0.0224734370487102, -0.381360273748536, 0.270792970880772
), .Dim = c(27L, 7L), .Dimnames = list(c("1", "2", "3", "4", 
"5", "6", "7", "8", "9", "10", "11", "12", "13", "14", "15", 
"16", "17", "18", "19", "20", "21", "22", "23", "24", "25", "26", 
"30"), c("x1", "x2", "x3", "x4", "x5", "x6", "x7")), assign = 1:7), 
    qraux = c(1.19245008972988, 1.23020766290213, 1.31243675597431, 
    1.07457654195461, 1.06275361235909, 1.59789824374527, 1.24501690601813
    ), pivot = 1:7, tol = 1e-07, rank = 7L), .Names = c("qr", 
"qraux", "pivot", "tol", "rank"), class = "qr"), df.residual = 20L, 
    xlevels = structure(list(), .Names = character(0)), call = quote(lm(formula = y ~ 
        . + 0, data = structure(list(y = c(43, 63, 71, 61, 81, 
        43, 58, 71, 72, 67, 64, 67, 69, 68, 77, 81, 74, 65, 65, 
        50, 50, 64, 53, 40, 63, 66, 82), x1 = c(1, 1, 1, 1, 1, 
        1, 1, 1, 1, 1, 1, 1, 1, 1, 1, 1, 1, 1, 1, 1, 1, 1, 1, 
        1, 1, 1, 1), x2 = c(75, 85, 75, 66, 37, 57, 70, 82, 62, 
        66, 60, 66, 85, 51, 51, 63, 67, 82, 61, 67, 78, 64, 67, 
        85, 40, 90, 82), x3 = c(30, 51, 68, 45, 56, 49, 42, 50, 
        72, 45, 53, 47, 57, 83, 54, 50, 64, 65, 46, 68, 33, 52, 
        52, 42, 42, 66, 39), x4 = c(39, 54, 69, 47, 66, 44, 56, 
        55, 67, 47, 58, 39, 42, 45, 72, 72, 69, 75, 57, 54, 34, 
        62, 50, 58, 48, 63, 59), x5 = c(61, 63, 76, 54, 71, 54, 
        66, 70, 71, 62, 58, 59, 55, 59, 79, 60, 79, 55, 75, 64, 
        43, 66, 63, 50, 66, 88, 64), x6 = c(92, 73, 86, 84, 83, 
        49, 68, 66, 83, 80, 67, 74, 63, 77, 77, 54, 79, 80, 85, 
        78, 64, 80, 80, 57, 75, 76, 78), x7 = c(45, 47, 48, 35, 
        47, 34, 35, 41, 31, 41, 34, 41, 25, 35, 46, 36, 63, 60, 
        46, 52, 33, 41, 37, 49, 33, 72, 39)), .Names = c("y", 
        "x1", "x2", "x3", "x4", "x5", "x6", "x7"),