
expected <- structure(list(coefficients = structure(c(-0.395511903953892, 
0.586425418041208, 0.0188344445665904, 0.300418523573301, 0.155541013557705, 
0.0939275526482372, -0.199141592959978), .Names = c("x1", "x2", 
"x3", "x4", "x5", "x6", "x7")), residuals = structure(c(-7.84119803465081, 
1.04734879337784, -1.76574095825415, 6.29741793459156, -8.51752531746473, 
1.013935060577, -9.76962343457487, 7.51047424287932, 6.56086207350524, 
11.8560157286332, 9.77233335035915, -4.46301659543201, -0.539052706622126, 
-0.867318151152046, -3.87957778384995, 1.69616008501066, -3.88932720855624, 
9.89922390515648, -0.707063355253586, -10.642569448494, -2.80489894757877, 
5.86716846161469, -5.17804689454593, 1.67482503528246, -7.59824596824954, 
5.61482033029001, 6.0196239693711), .Names = c("1", "2", "3", 
"5", "7", "8", "9", "10", "11", "12", "13", "14", "15", "16", 
"17", "18", "19", "21", "22", "23", "24", "25", "26", "27", "28", 
"29", "30")), effects = structure(c(-297.260772005114, -178.128221917404, 
-6.78704960553516, -14.9246209612356, -5.95543132250462, 4.32138868404167, 
-7.83242910014028, 9.51614880270563, 7.73404043585877, 14.6065430433794, 
13.4355902714534, -1.08362336228127, 0.0440285011611029, -4.88475132979541, 
-5.30756922315233, -4.87974965680084, -1.34109493807238, 11.1256193809468, 
0.232422541845519, -7.45879734244573, -6.14644714235862, 10.2375145842577, 
-5.24907735809774, 2.36458561443915, -6.69574368351316, 4.9253581550135, 
5.07226709186775), .Names = c("x1", "x2", "x3", "x4", "x5", "x6", 
"x7", "", "", "", "", "", "", "", "", "", "", "", "", "", "", 
"", "", "", "", "", "")), rank = 7L, fitted.values = structure(c(50.8411980346508, 
61.9526512066222, 72.7657409582542, 74.7025820654084, 66.5175253174647, 
69.986064939423, 81.7696234345749, 59.4895257571207, 57.4391379264948, 
55.1439842713668, 59.2276666496408, 72.463016595432, 77.5390527066221, 
81.867318151152, 77.87957778385, 63.3038399149893, 68.8893272085562, 
40.1007760948435, 64.7070633552536, 63.642569448494, 42.8048989475788, 
57.1328315383853, 71.1780468945459, 76.3251749647175, 55.5982459682495, 
79.38517966971, 75.9803760306289), .Names = c("1", "2", "3", 
"5", "7", "8", "9", "10", "11", "12", "13", "14", "15", "16", 
"17", "18", "19", "21", "22", "23", "24", "25", "26", "27", "28", 
"29", "30")), assign = 1:7, qr = structure(list(qr = structure(c(-8.50613777491913, 
0.0172021483846638, 0.188375817075795, 0.416343609472995, 0.0208919681691776, 
0.113803456795478, 0.138927662910328, 0.0721067177188312, 0.180609235401249, 
0.180078868379163, 0.0937800823179598, 0.21751204853688, 0.185046062505342, 
0.213500949880119, 0.315955300469922, -0.0719982813546169, 0.190114170674811, 
0.0951055212360525, 0.0848123895381129, 0.299283929974768, 0.143015998085415, 
0.143828039036216, 0.188468070012514, 0.294800796392528, 0.100095751854811, 
0.327693099133371, 0.0238375986437565, -307.784876056202, -181.98480725343, 
0.0626344631146539, -0.283098092972396, 0.332449492653373, 0.217584626224721, 
0.213101603011013, 0.211932287812374, -0.0175035929511643, 0.0218677754031354, 
0.180378410358839, 0.084262996345653, 0.10679115520213, 0.129584390343934, 
-0.0730277515564616, 0.452773016771452, 0.0596628900150762, 0.0572234687838686, 
0.190212982481382, -0.148933728861572, -0.0411604599220149, 0.0508658139070396, 
0.100941513644379, -0.0918155014284943, 0.142107469585576, -0.0930925570001439, 
0.40983864154964, -241.10237377528, -138.013365784665, -52.9901521484291, 
-0.0427366624086193, -0.177703859810417, -0.135653990937319, 
0.179902220919837, -0.0301246324917949, 0.245218257170683, 0.0304065158707301, 
0.183488970628564, 0.379009866259601, -0.083715595946602, -0.345597508519332, 
-0.00100817202659198, 0.350756194043462, -0.132755812187483, 
0.049809781834223, 0.102949998378404, 0.0468711276072516, 0.266845931867619, 
0.0203050737431555, 0.14300406796666, 0.0292012185055012, 0.0111751610808185, 
0.131992216205429, -0.451683214722269, -256.190070746114, -153.642335591454, 
-18.6311966173663, -51.6096781399496, 0.0713442926685197, -0.0856434771367887, 
-0.106421305372778, -0.0645361786607927, 0.169872022292865, -0.216206147618123, 
-0.271084256879089, -0.628338831543808, 0.197026173623673, 0.105911159159635, 
-0.0120106297127548, 0.30393039951641, 0.0436820143746419, -0.00571047022604051, 
0.167877968987762, -0.0929685711571021, 0.417027657892466, 0.056142972031236, 
-0.0789652495515658, 0.232137260938515, -0.0527319190207448, 
-0.0315812911707629, 0.00771300859358127, -296.98947942823, -166.668472725568, 
-11.9579696761192, -24.7069851467646, -42.3844447227748, 0.0226645919150332, 
-0.222405612126992, 0.118281517522726, -0.0256228139001534, 0.0468554855010086, 
-0.0849171173138257, -0.461316510277705, 0.0449699358545234, 
-0.581831314615604, -0.153332428175971, -0.209940877895457, 0.169999771914265, 
0.0735847846316903, 0.0832796492060804, -0.0946698241767484, 
0.0661526418310523, 0.274593962232689, 0.268526927052114, 0.00892727115439565, 
-0.0849787128593335, -0.245828908182411, -0.150878775387413, 
-329.058681143406, -199.526076693278, -25.2104476879311, -20.8891044250253, 
-50.1069334904713, 57.6810449231487, 0.0767684676754207, -0.126407503686565, 
0.0276175063418235, -0.0546003627637174, 0.0995759910029809, 
0.0503976692475745, 0.239676513519541, 0.318293738482344, 0.260492134237257, 
-0.226214728577647, 0.0160461240156986, -0.234694530244791, -0.0568080580007129, 
-0.0778997230548436, -0.00415674351841339, 0.00615664695814827, 
0.469684284590701, 0.248404506079832, -0.375545263714121, 0.334106834487595, 
-0.0622750123652109, -193.203321463416, -110.54186310026, -20.2672750272389, 
-32.0620831645326, -26.8327159725903, 5.50588495093072, 39.3309553454983, 
-0.0126463488662976, 0.230011129656173, -0.12390734687631, 0.242416821163964, 
0.0490314075960464, 0.18289494775264, 0.179399715483708, -0.285296850048834, 
-0.272075000362416, 0.0501286313247394, -0.0749854342037318, 
0.166089715646463, 0.122442553050938, -0.205033392066042, 0.236275793028301, 
-0.492491008748743, 0.148345282767084, -0.0181371799983047, -0.0898997795605697, 
0.096504292815469), .Dim = c(27L, 7L), .Dimnames = list(c("1", 
"2", "3", "5", "7", "8", "9", "10", "11", "12", "13", "14", "15", 
"16", "17", "18", "19", "21", "22", "23", "24", "25", "26", "27", 
"28", "29", "30"), c("x1", "x2", "x3", "x4", "x5", "x6", "x7"
)), assign = 1:7), qraux = c(1.1533223219923, 1.32227204477758, 
1.28228232595869, 1.07642409345919, 1.11146828454417, 1.28391177300974, 
1.46744162690456), pivot = 1:7, tol = 1e-07, rank = 7L), .Names = c("qr", 
"qraux", "pivot", "tol", "rank"), class = "qr"), df.residual = 20L, 
    xlevels = structure(list(), .Names = character(0)), call = quote(lm(formula = y ~ 
        . + 0, data = structure(list(y = c(43, 63, 71, 81, 58, 
        71, 72, 67, 64, 67, 69, 68, 77, 81, 74, 65, 65, 50, 64, 
        53, 40, 63, 66, 78, 48, 85, 82), x1 = c(1.30418079483706, 
        0.146323844184553, 1.60235065350968, 3.54147610388442, 
        0.17770995963625, 0.968027882764394, 1.18173784146277, 
        0.613349675413581, 1.53628703974583, 1.53177566478469, 
        0.797706300739824, 1.8501874525596, 1.57402730237674, 
        1.8160684947564, 2.68755931651313, -0.612427300759763, 
        1.61713732872443, 0.80898066678936, 0.721425870431298, 
        2.54575034218463, 1.21651378373211, 1.2234211159385, 
        1.60313536969955, 2.50761619027073, 0.851428255961143, 
        2.78740264911869, 0.202765898287018), x2 = c(51, 64, 
        70, 78, 67, 75, 82, 61, 53, 60, 62, 83, 77, 90, 85, 60, 
        70, 40, 61, 66, 37, 54, 77, 75, 57, 85, 82), x3 = c(30, 
        51, 68, 56, 42, 50, 72, 45, 53, 47, 57, 83, 54, 50, 64, 
        65, 46, 33, 52, 52, 42, 42, 66, 58, 44, 71, 39), x4 = c(39, 
        54, 69, 66, 56, 55, 67, 47, 58, 39, 42, 45, 72, 72, 69, 
        75, 57, 34, 62, 50, 58, 48, 63, 74, 45, 71, 59),