
expected <- structure(list(coefficients = structure(c(1.03425976808697, 0.595614861103955, 
-0.100993353067237, 0.325018051367406, 0.186258228421279, 0.0875320795588679, 
-0.18857028057147), .Names = c("x1", "x2", "x3", "x4", "x5", 
"x6", "x7")), residuals = structure(c(-2.47168736816163, 1.94457396842089, 
-3.75627845210296, -7.33579086869416, -7.24120257665969, 2.68829633927543, 
-4.78808578191225, 6.40656709913947, 6.15345045983892, 12.5646042957257, 
8.00133422450895, -2.07800177060992, 3.10076459748548, -3.15376572605096, 
1.09649691771081, 2.43567005626513, -5.08802863371016, -8.18585436696165, 
3.32967881429184, -0.575491971479682, -9.3587902702424, -4.79247249997029, 
7.85710282426106, -2.49695789740949, 4.77907747769796, -7.32384790400642, 
8.28863901335006), .Names = c("2", "3", "4", "6", "7", "8", "9", 
"10", "11", "12", "13", "14", "15", "16", "17", "18", "19", "20", 
"21", "22", "23", "24", "25", "26", "27", "28", "29")), effects = structure(c(-333.516005501874, 
-45.8271796854879, -2.82732660593055, 9.77007444774788, 7.74061205901462, 
2.66750281480982, -7.95172266146734, 8.35782079792574, 6.63650757290952, 
16.0031640565032, 9.12192174878218, 0.0839264827318974, 3.5374420117805, 
-5.19209159227629, 1.41491968257152, 0.846539435857005, -4.68077881202756, 
-9.03186976091436, 4.52274962941338, -0.0337953969489646, -6.15815055065926, 
-5.70237351062489, 11.397904777612, -5.1553946780064, 4.42179927133063, 
-2.95376861735624, 6.75876259774121), .Names = c("x1", "x2", 
"x3", "x4", "x5", "x6", "x7", "", "", "", "", "", "", "", "", 
"", "", "", "", "", "", "", "", "", "", "", "")), rank = 7L, 
    fitted.values = structure(c(65.4716873681616, 69.0554260315791, 
    64.756278452103, 50.3357908686942, 65.2412025766597, 68.3117036607246, 
    76.7880857819123, 60.5934329008605, 57.8465495401611, 54.4353957042743, 
    60.9986657754911, 70.0780017706099, 73.8992354025145, 84.1537657260509, 
    72.9035030822892, 62.5643299437349, 70.0880286337102, 58.1858543669616, 
    46.6703211857082, 64.5754919714797, 62.3587902702424, 44.7924724999703, 
    55.1428971757389, 68.4969578974095, 73.220922522302, 55.3238479040064, 
    76.7113609866499), .Names = c("2", "3", "4", "6", "7", "8", 
    "9", "10", "11", "12", "13", "14", "15", "16", "17", "18", 
    "19", "20", "21", "22", "23", "24", "25", "26", "27", "28", 
    "29")), assign = 1:7, qr = structure(list(qr = structure(c(-5.19615242270663, 
    0.192450089729875, 0.192450089729875, 0.192450089729875, 
    0.192450089729875, 0.192450089729875, 0.192450089729875, 
    0.192450089729875, 0.192450089729875, 0.192450089729875, 
    0.192450089729875, 0.192450089729875, 0.192450089729875, 
    0.192450089729875, 0.192450089729875, 0.192450089729875, 
    0.192450089729875, 0.192450089729875, 0.192450089729875, 
    0.192450089729875, 0.192450089729875, 0.192450089729875, 
    0.192450089729875, 0.192450089729875, 0.192450089729875, 
    0.192450089729875, 0.192450089729875, -343.908310347287, 
    -67.2761032913922, -0.0421028710864252, -0.16101582247051, 
    0.0173536046056173, 0.136266555989702, 0.240315388450777, 
    -0.0718311089324464, -0.190744060316531, -0.0866952278554571, 
    -0.0569669900094358, 0.255179507373787, 0.165994793835724, 
    0.359228339834862, 0.284907745219808, -0.0866952278554571, 
    0.0619459613746492, -0.116423465701478, -0.38397760631567, 
    -0.0718311089324464, 0.00248948568260667, -0.428569963084701, 
    -0.175879941393521, 0.165994793835724, 0.136266555989702, 
    -0.131287584624489, 0.284907745219808, -282.709181813187, 
    -36.8030079304512, 46.9047665572452, -0.0611248653510839, 
    0.270548232368535, 0.221612896213294, -0.141002445516607, 
    0.115371580928528, -0.176809800349899, 0.0575291134291201, 
    -0.125263079326525, -0.360317310932056, 0.166739472495275, 
    0.44965606351628, 0.0751645466608243, -0.326227193683757, 
    0.230877686470715, -0.420592333842968, 0.0519486847795985, 
    -0.0338669829487023, 0.0421474061522932, -0.185538102237438, 
    0.0729108207059471, -0.0890980655799771, 0.0510545374964592, 
    0.0758798644873358, -0.0740740172164058, -293.87128701752, 
    -33.9678148766177, 8.65095721368538, 48.6211390082697, -0.0587193222030677, 
    0.083686816614506, 0.0349793870888135, 0.0898999650193316, 
    -0.160589001185979, 0.257505525574979, 0.275058221743037, 
    0.563680488069739, -0.22329697497344, -0.128997021398142, 
    -0.0275578357153437, -0.373125503892762, -0.0274975862114396, 
    0.0588222318240993, 0.0923399585590692, -0.175912621133539, 
    0.116546382071625, -0.373770335132734, -0.0128790470077565, 
    0.0349994702567816, -0.258295198339626, 0.0884128033691762, 
    -0.0259970064122555, -347.949762231615, 0.10129621784571, 
    5.56735342872679, -6.99626904084834, 49.0816615177902, 0.128563892410046, 
    0.194762178772191, -0.0236672143182191, 0.136516731347112, 
    0.176830470405192, -0.206295734389461, -0.195683218757254, 
    0.282136718219235, 0.0119011413194715, 0.299359331109152, 
    0.173534986416909, -0.162537383929631, -0.222996065117589, 
    -0.163837951179035, 0.0560773002319459, 0.203969130493111, 
    0.312067951988784, 0.334963852266187, -0.203693893614077, 
    0.206051940225839, 0.326121577149937, -0.0143373740632638, 
    -382.975678562452, -12.3443755040988, 11.0852083455286, 1.89702095288471, 
    5.10396206605624, 46.1380001919484, -0.140168088649583, -0.208993403251923, 
    0.0869076205782666, -0.203072545144249, 0.123142443798184, 
    -0.152957787170302, 0.0489341928742785, 0.662810782012275, 
    -0.0244905345417262, -0.057696229379007, -0.167993985951517, 
    -0.135203714064613, 0.00848282361085613, -0.110099253095257, 
    -0.232021698610274, 0.239694744956547, -0.184635024970609, 
    0.0591032240110167, 0.0431344859981348, -0.378081595239342, 
    0.149099546311615, -222.664753817466, -13.9386898893224, 
    15.4279398067065, 25.9617311116737, 9.80012158486921, 7.27077609750508, 
    42.1684829516576, -0.0677798987378535, 0.302835392576425, 
    -0.223154365614265, 0.327577005314532, 0.141851631512762, 
    0.00673432325933686, 0.150788460747396, -0.443435511553514, 
    -0.0464513534879855, -0.0665626716338851, -0.0164827695390847, 
    0.0457791782625097, 0.165052304967995, 0.0114199850990927, 
    -0.0540210086770981, 0.0707338144817323, -0.536457425535381, 
    0.0258816511845083, -0.0869878546167603, -0.10764964065551
    ), .Dim = c(27L, 7L), .Dimnames = list(c("2", "3", "4", "6", 
    "7", "8", "9", "10", "11", "12", "13", "14", "15", "16", 
    "17", "18", "19", "20", "21", "22", "23", "24", "25", "26", 
    "27", "28", "29"), c("x1", "x2", "x3", "x4", "x5", "x6", 
    "x7")), assign = 1:7), qraux = c(1.19245008972988, 1.06194596137465, 
    1.14577733656893, 1.12121545183186, 1.2586828257836, 1.17052300235282, 
    1.39394273798872), pivot = 1:7, tol = 1e-07, rank = 7L), .Names = c("qr", 
    "qraux", "pivot", "tol", "rank"), class = "qr"), df.residual = 20L, 
    xlevels = structure(list(), .Names = character(0)), call = quote(lm(formula = y ~ 
        . + 0, data = structure(list(y = c(63, 71, 61, 43, 58, 
        71, 72, 67, 64, 67, 69, 68, 77, 81, 74, 65, 65, 50, 50, 
        64, 53, 40, 63, 66, 78, 48, 85), x1 = c(1, 1, 1, 1, 1, 
        1, 1, 1, 1, 1, 1, 1, 1, 1, 1, 1, 1, 1, 1, 1, 1, 1, 1, 
        1, 1, 1, 1), x2 = c(64, 70, 63, 55, 67, 75, 82, 61, 53, 
        60, 62, 83, 77, 90, 85, 60, 70, 58, 40, 61, 66, 37, 54, 
        77, 75, 57, 85), x3 = c(51, 68, 45, 49, 42, 50, 72, 45, 
        53, 47, 57, 83, 54, 50, 64, 65, 46, 68, 33, 52, 52, 42, 
        42, 66, 58, 44, 71), x4 = c(54, 69, 47, 44, 56, 55, 67, 
        47, 58, 39, 42, 45, 72, 72, 69, 75, 57, 54, 34, 62, 50, 
        58, 48, 63, 74, 45, 71), x5 = c(88, 66, 79, 50, 59, 63, 
        59, 71, 66, 59, 77, 71, 59, 71, 55, 66, 79, 80, 79, 70, 
        59, 61, 55, 79, 63, 54, 70), x6 = c(73, 86, 84, 49, 68, 
        66, 83, 80, 67, 74, 63, 77, 77, 54, 79, 80, 85, 78, 64, 
        80, 80, 57, 75, 76, 78, 83, 74),