
expected <- structure(list(coefficients = structure(c(55.3998454890973, -0.272751304849374, 
0.260128590108325, 0.162094977591449, 0.584056491548864, -0.251114601422741, 
-0.334021016615451), .Names = c("x1", "x2", "x3", "x4", "x5", 
"x6", "x7")), residuals = structure(c(-5.74502679939876, -6.27468546337732, 
-6.12225536077161, 10.1367442047114, -11.6369406062916, 2.15556354412682, 
-0.894707944677995, 5.39525570466749, -3.6442235189159, 11.3267636985813, 
3.10506542517492, -1.44322814508656, -4.64724730605469, 5.92026135797133, 
2.41886691763078, 2.45231145737977, 4.48415757448286, 4.84988769963152, 
-3.37504114160986, -13.6503238314239, -11.0651565439441, 0.65910287845697, 
-2.67745737871864, -0.797063498908797, -1.11674618674506, 7.15039215050315, 
13.0357311126066), .Names = c("1", "2", "3", "5", "7", "8", "9", 
"10", "11", "12", "13", "14", "15", "16", "17", "18", "19", "21", 
"22", "23", "24", "25", "26", "27", "28", "29", "30")), effects = structure(c(-343.523410167827, 
-29.0520425832523, -27.5819588126309, -13.8463431508143, -14.1063405631292, 
-12.5436597639649, -13.8237613670637, 8.64017646073149, -5.37872081255975, 
14.1115457757034, 5.30666036103986, 4.64094417849468, -2.81941634318352, 
-0.37023589876538, 3.28037811525894, -3.1326612097225, 4.68974117996179, 
2.45045013943358, -3.68726611912664, -9.89278822678308, -20.115635254076, 
2.03786932317846, -0.244937413775217, -0.511601590230076, -2.23884496150377, 
8.10420542571442, 14.0849913948142), .Names = c("x1", "x2", "x3", 
"x4", "x5", "x6", "x7", "", "", "", "", "", "", "", "", "", "", 
"", "", "", "", "", "", "", "", "", "")), rank = 7L, fitted.values = structure(c(48.7450267993988, 
69.2746854633773, 77.1222553607716, 70.8632557952886, 69.6369406062916, 
68.8444364558732, 72.894707944678, 61.6047442953325, 67.6442235189159, 
55.6732363014187, 65.8949345748251, 69.4432281450866, 81.6472473060547, 
75.0797386420287, 71.5811330823692, 62.5476885426202, 60.5158424255171, 
45.1501123003685, 67.3750411416099, 66.6503238314239, 51.0651565439441, 
62.340897121543, 68.6774573787186, 78.7970634989088, 49.1167461867451, 
77.8496078494968, 68.9642688873934), .Names = c("1", "2", "3", 
"5", "7", "8", "9", "10", "11", "12", "13", "14", "15", "16", 
"17", "18", "19", "21", "22", "23", "24", "25", "26", "27", "28", 
"29", "30")), assign = 1:7, qr = structure(list(qr = structure(c(-5.19615242270663, 
0.192450089729875, 0.192450089729875, 0.192450089729875, 0.192450089729875, 
0.192450089729875, 0.192450089729875, 0.192450089729875, 0.192450089729875, 
0.192450089729875, 0.192450089729875, 0.192450089729875, 0.192450089729875, 
0.192450089729875, 0.192450089729875, 0.192450089729875, 0.192450089729875, 
0.192450089729875, 0.192450089729875, 0.192450089729875, 0.192450089729875, 
0.192450089729875, 0.192450089729875, 0.192450089729875, 0.192450089729875, 
0.192450089729875, 0.192450089729875, -328.704753258627, 71.071690462414, 
0.180985975020848, 0.138775075287339, 0.0965641755538287, -0.0863497232913803, 
-0.255193322225419, 0.0965641755538287, 0.040282975909149, -0.15670122284723, 
-0.0863497232913803, -0.0441388235578705, 0.335759274043718, 
0.152845375198508, 0.0262126759979791, 0.180985975020848, -0.297404221958929, 
-0.255193322225419, 0.054353275820319, 0.138775075287339, -0.297404221958929, 
-0.15670122284723, -0.255193322225419, 0.152845375198508, -0.19891212258074, 
0.0965641755538287, 0.335759274043718, -275.588528493181, -6.91216511191699, 
-63.159994746901, 0.0916429151212482, -0.125717024334411, 0.0195759778032047, 
0.385095157399212, -0.0782186036644634, 0.0541763274608607, -0.0207568478599144, 
0.130405626033083, 0.537759248168534, 0.0399136353221623, -0.00478704522001329, 
0.229770322252035, 0.229838820126995, -0.0222584647362394, -0.232384311310111, 
0.0369104015695123, 0.0283116875613177, -0.0855896922961699, 
-0.0999208823098275, 0.290098316059316, 0.121875409899848, -0.063955911525765, 
0.333434375475085, -0.197578468027577, -297.527838722387, -27.0545811180851, 
-28.1465350993559, -46.9362055092959, 0.0769884352174252, 0.0386785109601745, 
0.12730613455802, -0.145826165712663, 0.0259516488719126, -0.245823394989065, 
-0.310778109745555, -0.531284133263461, 0.207524181345823, 0.314779658568509, 
0.151471680555639, 0.213242801959394, 0.198673557627843, -0.17193120580976, 
0.116464426492236, -0.169587367941069, 0.261399034354306, -0.00229881287060853, 
0.10421402072422, 0.274550762514488, -0.0717325259898595, 0.0962764232319759, 
0.085877353712146, -340.05930855269, -11.1030299965699, -22.9228894774051, 
-22.7607054797844, -41.5196437319869, 0.10825401602968, -0.114589402984432, 
0.0464316666387221, -0.216683249686465, 0.0360945219404279, -0.130404292175009, 
-0.173309906978819, 0.148543740471425, -0.309148451620755, 0.113709994802593, 
-0.52437400329085, 0.202690082219046, -0.241706360155468, -0.0652432495928795, 
0.0102593661581365, -0.394476005470155, 0.120440674618511, 0.366481287371456, 
0.115951891379729, -0.217992312199692, 0.0195235528551529, 0.00134553388200135, 
-391.058582331106, -5.09084295674884, -6.38936078576318, 3.48097602679404, 
-19.6565262241945, 40.0992313470307, -0.046620502476713, -0.0620585793837153, 
0.232023827223901, 0.0992791962215647, 0.371800884601078, 0.12361444060966, 
0.0773946917485234, 0.518852764440659, 0.0703961919106535, -0.121176977820158, 
-0.127003537852099, 0.216691428712947, -0.0561683287342982, -0.0417601484399183, 
0.39718310402046, 0.0769838240012923, 0.22741227523974, 0.0672614530546504, 
-0.202247124470961, 0.199043349216222, -0.0544245034858664, -224.589254714764, 
-5.15754660077217, -15.5498423968603, -23.7393497122427, -15.5901451649816, 
7.40719039767907, 41.3859029205297, -0.0104317409516053, 0.189259510307082, 
-0.117247550856855, 0.219033233917012, 0.0554250592585411, 0.124337701784061, 
0.219548051737965, -0.300910189902069, -0.229393455367855, 0.0480502484769757, 
-0.0414842547991819, 0.14598300104626, 0.108536997716608, -0.210667212620068, 
0.195230282849601, -0.559503559961694, 0.0853892567104792, 0.0487095402752232, 
-0.129497655303371, 0.148071632186516), .Dim = c(27L, 7L), .Dimnames = list(
    c("1", "2", "3", "5", "7", "8", "9", "10", "11", "12", "13", 
    "14", "15", "16", "17", "18", "19", "21", "22", "23", "24", 
    "25", "26", "27", "28", "29", "30"), c("x1", "x2", "x3", 
    "x4", "x5", "x6", "x7")), assign = 1:7), qraux = c(1.19245008972988, 
1.33575927404372, 1.27733724079694, 1.12988089927781, 1.05020830937091, 
1.33247614373642, 1.45981340738796), pivot = 1:7, tol = 1e-07, 
    rank = 7L), .Names = c("qr", "qraux", "pivot", "tol", "rank"
), class = "qr"), df.residual = 20L, xlevels = structure(list(), .Names = character(0)), 
    call = quote(lm(formula = y ~ . + 0, data = structure(list(y = c(43, 
        63, 71, 81, 58, 71, 72, 67, 64, 67, 69, 68, 77, 81, 74, 
        65, 65, 50, 64, 53, 40, 63, 66, 78, 48, 85, 82), x1 = c(1, 
        1, 1, 1, 1, 1, 1, 1, 1, 1, 1, 1, 1, 1, 1, 1, 1, 1, 1, 
        1, 1, 1, 1, 1, 1, 1, 1), x2 = c(67, 40, 51, 54, 57, 70, 
        82, 57, 61, 75, 70, 67, 40, 53, 62, 51, 85, 82, 60, 54, 
        85, 75, 82, 53, 78, 57, 40), x3 = c(30, 51, 68, 56, 42, 
        50, 72, 45, 53, 47, 57, 83, 54, 50, 64, 65, 46, 33, 52, 
        52, 42, 42, 66, 58, 44, 71, 39), x4 = c(39, 54, 69, 66, 
        56, 55, 67, 47, 58, 39, 42, 45, 72, 72, 69, 75, 57, 34, 
        62, 50, 58, 48, 63, 74, 45, 71, 59), x5 = c(61, 63, 76, 
        71, 66, 70, 71, 62, 58, 59, 55, 59, 79, 60, 79, 55, 75, 
        43, 66, 63, 50, 66, 88, 80, 51, 77, 64), x6 = c(92, 73, 
        86, 83, 68, 66, 83, 80, 67, 74, 63, 77, 77, 54, 79, 80, 
        85, 64, 80, 80, 57, 75, 76, 78, 83, 74, 78), x7 = c(45, 
        47, 48, 47, 35, 41, 31, 41, 34, 41, 25, 35, 46, 36, 63, 
        60, 46, 33, 41, 37, 49, 33, 72, 49, 38, 55, 39)), .Names = c("y", 
        "x1", "x2", "x3", "x4", "x5", "x6", "x7"),