
expected <- structure(list(coefficients = structure(c(12.1745207846989, 0.634621406767896, 
-0.148857711722289, 0.290993537384626, 0.0560816575885639, 0.0611052390384431, 
-0.161798528264437), .Names = c("x1", "x2", "x3", "x4", "x5", 
"x6", "x7")), residuals = structure(c(-6.01694254050871, -2.96176916366608, 
-2.8649354162414, 4.92245821180584, -10.705233036029, -6.54964301799819, 
1.93762343566336, -5.92321232354641, 11.2740324429401, 4.37958678040838, 
11.9431820330579, 7.28036989219086, 1.35359058019116, -2.6389318452581, 
-4.4128972531579, 4.18557446102673, -2.69910264050663, -5.11123110669603, 
-0.185497752963031, -11.7922046136459, -0.174336379076507, 7.68161899237432, 
-1.18032756361843, 2.0693356016234, -5.10388105882034, 5.12841695632669, 
6.16435632412391), .Names = c("1", "3", "4", "5", "6", "7", "8", 
"9", "10", "11", "12", "13", "15", "16", "17", "18", "19", "20", 
"22", "23", "24", "25", "26", "27", "28", "29", "30")), effects = structure(c(-338.327257745121, 
-53.1510040063286, -10.4699474733743, -9.94247766715105, -0.383299537500566, 
2.10061301889319, 5.96429230537711, -0.740665154350336, 13.2427651747762, 
4.95474731137305, 13.8787669252647, 11.9382537258415, 2.36435927668267, 
4.83341049666774, -4.76992325252459, 2.29996359023565, -2.52502740813963, 
-5.94554150125837, -0.264395313864924, -9.73842194344766, -1.85729343244725, 
8.75862196103278, -3.75131242305877, 1.69311419845782, -2.65221014611559, 
6.29240565428174, 10.7733412047309), .Names = c("x1", "x2", "x3", 
"x4", "x5", "x6", "x7", "", "", "", "", "", "", "", "", "", "", 
"", "", "", "", "", "", "", "", "", "")), rank = 7L, fitted.values = structure(c(49.0169425405087, 
73.9617691636661, 63.8649354162414, 76.0775417881942, 53.705233036029, 
64.5496430179982, 69.0623765643366, 77.9232123235464, 55.7259675570599, 
59.6204132195916, 55.0568179669421, 61.7196301078091, 75.6464094198088, 
83.6389318452581, 78.4128972531579, 60.8144255389733, 67.6991026405066, 
55.111231106696, 64.185497752963, 64.7922046136459, 40.1743363790765, 
55.3183810076257, 67.1803275636184, 75.9306643983766, 53.1038810588203, 
79.8715830436733, 75.8356436758761), .Names = c("1", "3", "4", 
"5", "6", "7", "8", "9", "10", "11", "12", "13", "15", "16", 
"17", "18", "19", "20", "22", "23", "24", "25", "26", "27", "28", 
"29", "30")), assign = 1:7, qr = structure(list(qr = structure(c(-5.19615242270663, 
0.192450089729875, 0.192450089729875, 0.192450089729875, 0.192450089729875, 
0.192450089729875, 0.192450089729875, 0.192450089729875, 0.192450089729875, 
0.192450089729875, 0.192450089729875, 0.192450089729875, 0.192450089729875, 
0.192450089729875, 0.192450089729875, 0.192450089729875, 0.192450089729875, 
0.192450089729875, 0.192450089729875, 0.192450089729875, 0.192450089729875, 
0.192450089729875, 0.192450089729875, 0.192450089729875, 0.192450089729875, 
0.192450089729875, 0.192450089729875, -348.527112500804, -64.4348651884355, 
-0.0229669383926948, 0.209826285526274, -0.147123324482811, 0.0391112546523634, 
0.16326764074248, 0.271904478571332, -0.0540060349152239, -0.17816242100534, 
-0.0695255831764885, -0.0384864866539594, 0.194306737265009, 
0.396060864661448, 0.318463123355125, -0.0695255831764885, 0.0856698994361571, 
-0.100564679699018, -0.0540060349152239, 0.0235917063910989, 
-0.426475193185573, -0.162642872744076, 0.194306737265009, 0.16326764074248, 
-0.116084227960282, 0.318463123355125, 0.271904478571332, -267.698074814256, 
11.0349736118428, 61.8948309483649, 0.065769945797847, 0.195780026687374, 
-0.107373351899852, -0.10482738936635, -0.353024461465637, -0.270847204003915, 
0.405177230319116, 0.0438850920770735, 0.335337467077535, -0.120347336753368, 
-0.156601242687411, -0.0531756221382909, -0.14999216416765, -0.00140176881722974, 
-0.134472216780632, 0.14922018452632, 0.158889630119956, -0.100764273380091, 
0.0581320581973405, -0.346537469038879, 0.0405805528171932, -0.191337995168698, 
-0.0531756221382909, -0.110677891159732, -299.837239799146, -35.2696104189331, 
4.8040743284219, -45.2173095216125, -0.0517065605435128, -0.0301670065725543, 
-0.177218652800989, -0.0671968955086465, -0.165209561358476, 
0.327761108768708, -0.268589426616841, -0.180006589139601, 0.164538920297158, 
-0.0459089146915711, -0.0148612153744836, 0.49191878015061, -0.0355938304109303, 
0.0616995085940848, 0.243757146469318, -0.0982277924412163, 0.485545263655032, 
0.0271221510713838, -0.0760881604851256, 0.269709724394761, -0.132119350048268, 
0.029369633854705, -0.19956144322797, -341.406459180799, -33.9194097202031, 
3.67474853481094, -10.2096189035252, 36.515245842159, 0.038204527531935, 
0.0372836217344155, 0.224254294490437, 0.0576127407485898, -0.0518587632856483, 
0.0143794529872566, 0.0988547950720287, -0.0964568465711689, 
0.617486934124662, -0.0123514937955211, 0.339767083213145, -0.185437762975154, 
-0.03840966838159, -0.0784841733067188, 0.015730564357512, 0.0569856029164189, 
-0.223415136120375, -0.333009385509294, -0.180274845759471, 0.27389930235312, 
0.0519063665483442, 0.32164463876139, -390.481232061917, -5.97042769591686, 
2.22650964370109, 1.41728449090645, 19.0046611336357, 48.0376749563221, 
0.247974269040936, -0.260067422321974, -0.131012379311581, 0.255952013966775, 
0.0472791469487399, 0.22801373792761, 0.152950065812884, 0.033611842482181, 
0.0701281342759752, -0.372990297031418, 0.0421248095602606, -0.00271894814699159, 
0.0254453778429895, -0.0436922190351493, 0.268612407693496, 0.222336523342533, 
0.370024655015612, 0.211587069683949, -0.400710002430037, 0.116663270502319, 
-0.230908572984731, -225.743955253144, -11.8276201693348, 18.5200482281561, 
-22.8768213476203, 22.2030413473655, 5.15913587792121, -36.8624632705517, 
-0.548047743212561, -0.100105639329956, -0.12672862445346, 0.17239462382181, 
-0.0600620832623742, -0.190664424242756, -0.0238178256217651, 
0.392973564632234, 0.165676545392157, -0.0520710320066513, 0.130761064864932, 
-0.165984354914655, -0.0504277794607974, 0.0856179643925719, 
-0.274087791584895, 0.472834418412828, -0.109928683157619, -0.0927319083775202, 
0.204494197043451, -0.0482697072827802), .Dim = c(27L, 7L), .Dimnames = list(
    c("1", "3", "4", "5", "6", "7", "8", "9", "10", "11", "12", 
    "13", "15", "16", "17", "18", "19", "20", "22", "23", "24", 
    "25", "26", "27", "28", "29", "30"), c("x1", "x2", "x3", 
    "x4", "x5", "x6", "x7")), assign = 1:7), qraux = c(1.19245008972988, 
1.08566989943616, 1.37604680744521, 1.05039112929256, 1.06847250141208, 
1.17406835142383, 1.02599916373355), pivot = 1:7, tol = 1e-07, 
    rank = 7L), .Names = c("qr", "qraux", "pivot", "tol", "rank"
), class = "qr"), df.residual = 20L, xlevels = structure(list(), .Names = character(0)), 
    call = quote(lm(formula = y ~ . + 0, data = structure(list(y = c(43, 
        71, 61, 81, 43, 58, 71, 72, 67, 64, 67, 69, 77, 81, 74, 
        65, 65, 50, 64, 53, 40, 63, 66, 78, 48, 85, 82), x1 = c(1, 
        1, 1, 1, 1, 1, 1, 1, 1, 1, 1, 1, 1, 1, 1, 1, 1, 1, 1, 
        1, 1, 1, 1, 1, 1, 1, 1), x2 = c(51, 70, 63, 78, 55, 67, 
        75, 82, 61, 53, 60, 62, 77, 90, 85, 60, 70, 58, 61, 66, 
        37, 54, 77, 75, 57, 85, 82), x3 = c(58, 30, 30, 42, 45, 
        58, 54, 66, 71, 33, 52, 33, 54, 50, 46, 64, 50, 64, 45, 
        42, 72, 54, 68, 45, 68, 46, 51), x4 = c(39, 69, 47, 66, 
        44, 56, 55, 67, 47, 58, 39, 42, 72, 72, 69, 75, 57, 54, 
        62, 50, 58, 48, 63, 74, 45, 71, 59), x5 = c(61, 76, 54, 
        71, 54, 66, 70, 71, 62, 58, 59, 55, 79, 60, 79, 55, 75, 
        64, 66, 63, 50, 66, 88, 80, 51, 77, 64), x6 = c(92, 86, 
        84, 83, 49, 68, 66, 83, 80, 67, 74, 63, 77, 54, 79, 80, 
        85, 78, 80, 80, 57, 75, 76, 78, 83, 74, 78), x7 = c(45, 
        48, 35, 47, 34, 35, 41, 31, 41, 34, 41, 25, 46, 36, 63, 
        60, 46, 52, 41, 37, 49, 33, 72, 49, 38, 55, 39)), .Names = c("y", 
        "x1", "x2", "x3", "x4", "x5", "x6", "x7"),