
expected <- structure(list(coefficients = structure(c(21.1790222096629, -0.310745401770261, 
0.148893896537874, 0.655472841061068, 0.417333707179871, 0.0641005675179738, 
-0.308840811652846), .Names = c("x1", "x2", "x3", "x4", "x5", 
"x6", "x7")), residuals = structure(c(-3.91387360851018, 8.78936796661977, 
0.030001358992045, -2.36769446430028, 6.74165941609261, -9.91502823507633, 
-5.48030169699931, 4.49922253205995, -2.77967911353372, 1.47084681293893, 
-0.578132434815012, 12.4038818997828, 3.30849961266299, -11.6141865436683, 
6.44377865600171, 5.27967415863061, -2.42279581553602, -6.55695156457014, 
6.54561535876412, -9.72240228267804, -5.38220067253072, -8.42384943185203, 
-5.15208277536248, 1.90792342798052, -6.38255893152971, 7.63898853114602, 
15.6322778392902), .Names = c("1", "2", "3", "4", "5", "6", "7", 
"8", "9", "10", "11", "12", "14", "15", "16", "17", "19", "20", 
"21", "22", "23", "24", "26", "27", "28", "29", "30")), effects = structure(c(-335.248056309443, 
7.65346830605091, -32.0680093625617, 40.7409825530844, 8.37927630035272, 
4.17462650207191, -10.4406888944628, 9.01345322261837, -3.79587910557311, 
5.07502211222695, -0.774939450348167, 16.3886062417897, 6.2040628694873, 
-7.62011965635589, 5.90664458339358, 4.22253791648534, -0.18222924218005, 
-8.26397189055391, 7.78289690943177, -9.19338726906112, -4.92150412390786, 
-13.2043032730354, -0.685291768798395, 1.54607452530948, -8.02409092305482, 
8.34828197413431, 15.5734020041332), .Names = c("x1", "x2", "x3", 
"x4", "x5", "x6", "x7", "", "", "", "", "", "", "", "", "", "", 
"", "", "", "", "", "", "", "", "", "")), rank = 7L, fitted.values = structure(c(46.9138736085102, 
54.2106320333802, 70.969998641008, 63.3676944643003, 74.2583405839074, 
52.9150282350763, 63.4803016969993, 66.5007774679401, 74.7796791135337, 
65.5291531870611, 64.578132434815, 54.5961181002172, 64.691500387337, 
88.6141865436683, 74.5562213439983, 68.7203258413694, 67.422795815536, 
56.5569515645701, 43.4543846412359, 73.722402282678, 58.3822006725307, 
48.423849431852, 71.1520827753625, 76.0920765720195, 54.3825589315297, 
77.361011468854, 66.3677221607098), .Names = c("1", "2", "3", 
"4", "5", "6", "7", "8", "9", "10", "11", "12", "14", "15", "16", 
"17", "19", "20", "21", "22", "23", "24", "26", "27", "28", "29", 
"30")), assign = 1:7, qr = structure(list(qr = structure(c(-5.19615242270663, 
0.192450089729875, 0.192450089729875, 0.192450089729875, 0.192450089729875, 
0.192450089729875, 0.192450089729875, 0.192450089729875, 0.192450089729875, 
0.192450089729875, 0.192450089729875, 0.192450089729875, 0.192450089729875, 
0.192450089729875, 0.192450089729875, 0.192450089729875, 0.192450089729875, 
0.192450089729875, 0.192450089729875, 0.192450089729875, 0.192450089729875, 
0.192450089729875, 0.192450089729875, 0.192450089729875, 0.192450089729875, 
0.192450089729875, 0.192450089729875, -338.90460801431, -76.5811116834084, 
0.313480562134727, -0.339421947386204, -0.065202893387413, -0.0390867930065757, 
0.0523195583263546, -0.065202893387413, 0.248190311182634, -0.37859609795746, 
8.73575646800975e-05, -0.195783395291599, -0.143551194529925, 
-0.37859609795746, -0.0782609435778316, 0.222074210801797, 8.73575646800975e-05, 
0.222074210801797, -0.156609244720343, -0.195783395291599, 0.117609809278448, 
0.248190311182634, 8.73575646800975e-05, 0.209016160611378, -0.117435094149087, 
0.0131454077550987, -0.065202893387413, -275.203628313722, -19.2635258197987, 
-60.7443786366518, 0.0239591288740368, 0.129071703105824, 0.00659906998070302, 
-0.133962644350153, 0.0302971311262578, 0.305642971930477, 0.0348125775974774, 
0.0615953359103067, 0.0170880075479433, 0.595264174460755, 0.182974435566827, 
0.0339149473674047, 0.181179175106682, -0.0536416647325208, 0.247028889759726, 
-0.224239442461152, 0.0994001508642487, 0.0125725610767238, -0.188229887967356, 
0.275606908532701, 0.0860224193682621, -0.0540061758887211, 0.354301235607859, 
-0.150789584169614, -293.67883692779, -19.0633023835456, -23.5296192490815, 
49.5347177338026, -0.196458894894266, 0.187102517019099, -0.105421613567523, 
-0.0298429019466441, -0.0193304888536634, 0.0360029308133054, 
-0.0523795116824596, 0.244834167713881, 0.464651261769312, -0.38551787774574, 
-0.375096887031961, -0.137760876460573, -0.0968838759645571, 
0.202024025582974, 0.222570062805003, -0.173277904613487, 0.118424751728891, 
-0.114892133566162, -0.0331761128228915, -0.296211007523255, 
0.108343842685595, -0.146409922214968, -0.212253557522157, -339.28950819377, 
-13.2568227322061, -25.6471987082923, 29.4674983088683, 35.1251195373156, 
0.104690579798293, -0.0241772927042639, -0.116268713133992, 0.146688550448337, 
-0.0358039443767446, 0.290735363142928, -0.1302214989526, 0.117735875150871, 
0.0306239515413117, 0.522175273751473, -0.0654172818192437, -0.239191652741031, 
0.0652520551659686, 0.166689556566284, 0.165050902264181, -0.0346498562152195, 
0.44997661506509, -0.412914041817045, -0.0103909274950785, 0.201921561106834, 
0.0825032148901705, 0.0977891344415855, -389.711431702997, -0.2872771041892, 
-8.20596146135, -1.48501096662212, 25.2380992289214, 44.3329759671102, 
0.16829194518792, 0.325615400512321, -0.104537962332562, 0.010996087501236, 
0.131218044185777, 0.194114907408943, 0.233507851510341, 0.0419819048401715, 
0.279790848954855, 0.0220714019571248, -0.0919706102563059, 0.055712227948953, 
0.208474294617786, -0.0965077800211002, -0.0256437329737532, 
0.179368703191296, 0.30059603168131, -0.0299070078848718, -0.198324514400759, 
0.143581065765492, -0.119632320489496, -225.166604983954, -15.4476733752652, 
-11.7501684013017, 12.7258760098479, 25.571091115436, -4.31567827997312, 
33.806053152712, 0.153078528202432, 0.475847430184984, -0.0747143893103967, 
0.128532305724546, -0.0288833829152914, 0.060426783549476, -0.0301270178274105, 
0.0208676471918896, -0.315413359199257, 0.121707473032653, -0.219073302265897, 
-0.0335545470640995, -0.0159076828104948, 0.219451437849663, 
-0.352427985006885, -0.463209649358015, 0.102333490673453, -0.0921669057087246, 
-0.219824273915001, 0.096250964429175), .Dim = c(27L, 7L), .Dimnames = list(
    c("1", "2", "3", "4", "5", "6", "7", "8", "9", "10", "11", 
    "12", "14", "15", "16", "17", "19", "20", "21", "22", "23", 
    "24", "26", "27", "28", "29", "30"), c("x1", "x2", "x3", 
    "x4", "x5", "x6", "x7")), assign = 1:7), qraux = c(1.19245008972988, 
1.24819031118263, 1.2217041760717, 1.04218397124358, 1.104793806243, 
1.63400725937857, 1.30830641118478), pivot = 1:7, tol = 1e-07, 
    rank = 7L), .Names = c("qr", "qraux", "pivot", "tol", "rank"
), class = "qr"), df.residual = 20L, xlevels = structure(list(), .Names = character(0)), 
    call = quote(lm(formula = y ~ . + 0, data = structure(list(y = c(43, 
        63, 71, 61, 81, 43, 58, 71, 72, 67, 64, 67, 68, 77, 81, 
        74, 65, 50, 50, 64, 53, 40, 66, 78, 48, 85, 82), x1 = c(1, 
        1, 1, 1, 1, 1, 1, 1, 1, 1, 1, 1, 1, 1, 1, 1, 1, 1, 1, 
        1, 1, 1, 1, 1, 1, 1, 1), x2 = c(70, 85, 90, 40, 61, 63, 
        70, 61, 85, 37, 66, 51, 55, 37, 60, 83, 66, 83, 54, 51, 
        75, 85, 66, 82, 57, 67, 61), x3 = c(30, 51, 68, 45, 56, 
        49, 42, 50, 72, 45, 53, 47, 83, 54, 50, 64, 46, 68, 33, 
        52, 52, 42, 66, 58, 44, 71, 39), x4 = c(39, 54, 69, 47, 
        66, 44, 56, 55, 67, 47, 58, 39, 45, 72, 72, 69, 57, 54, 
        34, 62, 50, 58, 63, 74, 45, 71, 59), x5 = c(61, 63, 76, 
        54, 71, 54, 66, 70, 71, 62, 58, 59, 59, 79, 60, 79, 75, 
        64, 43, 66, 63, 50, 88, 80, 51, 77, 64), x6 = c(92, 73, 
        86, 84, 83, 49, 68, 66, 83, 80, 67, 74, 77, 77, 54, 79, 
        85, 78, 64, 80, 80, 57, 76, 78, 83, 74, 78), x7 = c(45, 
        47, 48, 35, 47, 34, 35, 41, 31, 41, 34, 41, 35, 46, 36, 
        63, 46, 52, 33, 41, 37, 49, 72, 49, 38, 55, 39)), .Names = c("y", 
        "x1", "x2", "x3", "x4", "x5", "x6", "x7"),