
expected <- structure(list(coefficients = structure(c(11.2731882518843, 0.627706867617158, 
-0.030793113505258, 0.29433968314473, 0.155112659968406, -0.0883403222681547, 
-0.134361079999353), .Names = c("x1", "x2", "x3", "x4", "x5", 
"x6", "x7")), residuals = structure(c(-6.44023206721456, -1.01950645264161, 
3.86279115289577, 10.0410444723046, -10.6673663546945, 0.807839030540972, 
-7.60925196436121, 6.70656168704081, 3.4927606119782, 7.82451637350174, 
6.26850783866211, -4.79490852797435, 2.47048474078215, -4.7229772245178, 
-3.14030229089028, -0.514083083143646, -0.415206928592029, 5.71832254915508, 
-2.04410836527741, -9.15508166644528, -7.18883821790187, 4.26652452555437, 
-3.191681610916, 6.45805438566671, -6.41564632350024, 5.81486722605306, 
3.58691648393514), .Names = c("1", "2", "3", "5", "7", "8", "9", 
"10", "11", "12", "13", "14", "15", "16", "17", "18", "19", "21", 
"22", "23", "24", "25", "26", "27", "28", "29", "30")), effects = structure(c(-343.523410167827, 
49.3571362451374, -0.900494662017867, -9.30463239602708, -8.54223897877927, 
-5.72156512364853, -5.75663717326896, 9.50870444511833, 4.58051398515272, 
12.2016684816604, 9.93328115697301, -0.629365404714102, 1.50982094947491, 
-5.14630202712952, -3.51392880256646, -1.48318102658999, -0.0645860463298029, 
5.92287696004228, 0.880325969918879, -8.29334875118876, -11.714890488446, 
7.74380437668083, -4.9801411436923, 3.19952461575838, -6.22539645722055, 
5.76637640088477, 8.29233789773812), .Names = c("x1", "x2", "x3", 
"x4", "x5", "x6", "x7", "", "", "", "", "", "", "", "", "", "", 
"", "", "", "", "", "", "", "", "", "")), rank = 7L, fitted.values = structure(c(49.4402320672146, 
64.0195064526416, 67.1372088471042, 70.9589555276954, 68.6673663546945, 
70.192160969459, 79.6092519643612, 60.2934383129592, 60.5072393880218, 
59.1754836264983, 62.7314921613379, 72.7949085279744, 74.5295152592179, 
85.7229772245178, 77.1403022908903, 65.5140830831436, 65.415206928592, 
44.2816774508449, 66.0441083652774, 62.1550816664453, 47.1888382179019, 
58.7334754744456, 69.191681610916, 71.5419456143333, 54.4156463235002, 
79.1851327739469, 78.4130835160649), .Names = c("1", "2", "3", 
"5", "7", "8", "9", "10", "11", "12", "13", "14", "15", "16", 
"17", "18", "19", "21", "22", "23", "24", "25", "26", "27", "28", 
"29", "30")), assign = 1:7, qr = structure(list(qr = structure(c(-5.19615242270663, 
0.192450089729875, 0.192450089729875, 0.192450089729875, 0.192450089729875, 
0.192450089729875, 0.192450089729875, 0.192450089729875, 0.192450089729875, 
0.192450089729875, 0.192450089729875, 0.192450089729875, 0.192450089729875, 
0.192450089729875, 0.192450089729875, 0.192450089729875, 0.192450089729875, 
0.192450089729875, 0.192450089729875, 0.192450089729875, 0.192450089729875, 
0.192450089729875, 0.192450089729875, 0.192450089729875, 0.192450089729875, 
0.192450089729875, 0.192450089729875, -350.644063487833, 69.9910047130397, 
-0.0739876890014511, -0.188288091357435, -0.0311250381179571, 
-0.145425440473941, -0.245438292535427, 0.0546002636490308, 0.168900666005015, 
0.0688878139435288, 0.0403127133545328, -0.259725842829925, -0.174000541062937, 
-0.359738694891411, -0.288300943418921, 0.0688878139435288, -0.0739876890014511, 
0.354638819833489, 0.0546002636490308, -0.0168374878234591, 0.397501470716983, 
0.154613115710517, -0.174000541062937, -0.145425440473941, 0.111750464827023, 
-0.288300943418921, -0.245438292535427, -275.588528493181, 38.4409186516115, 
-50.5891167760729, -0.00316766421737167, -0.167031203886066, 
-0.0909859330561284, 0.272060140307717, -0.0461612801759294, 
0.194067007807626, 0.00363435324785844, 0.18078245036209, 0.479236773419893, 
-0.0324404204969572, -0.244907511637645, 0.0831390451846672, 
0.359442106913039, -0.118747129898996, -0.0678762392719259, 0.092208401804974, 
0.0409012089444684, 0.140811953276968, -0.0336325024487515, 0.204764748613163, 
0.0671508463506184, -0.0248826233133682, 0.221508727165571, -0.380254074745113, 
-297.527838722387, 35.5135583468277, -11.8516979838765, -48.2235379626031, 
0.0750897993545926, -0.058236441180571, -0.0196557085553235, 
-0.0941457096375501, 0.127353894350043, -0.268315037800077, -0.293849248636085, 
-0.564434550492817, 0.251241851319996, 0.194927838781171, 0.0615428067064411, 
0.344114840428868, 0.0461558654104395, -0.135222990778853, 0.164758226616937, 
-0.117203131244745, 0.315284649387418, -0.00469171660190341, 
-0.0247846889873241, 0.276164899973097, -0.101673414793717, 0.0508688449211501, 
0.0602883418434414, -325.433101733219, -10.7040210132261, -5.01773479281209, 
12.5610487228431, -51.718107302724, -0.133494343172458, 0.245772781560405, 
0.0699420997491688, 0.181220771885331, 0.155839208289469, -0.00428206634167272, 
-0.0810302799295276, 0.0184802572059577, -0.0199362662006954, 
0.13003595823395, 0.419097599298552, -0.109555290354472, -0.293763580765391, 
0.40617477298801, -0.217020518210927, -0.121693109033991, 0.195721520372783, 
0.0370051139574338, -0.182880431990709, -0.320021461542718, 0.156775965104026, 
0.322431247043686, -391.058582331106, 6.68128185253085, -3.59575616558608, 
2.60675033656675, 0.245115212605507, 44.8192031031926, -0.0428030088282452, 
-0.0807432111014447, 0.205709554298787, 0.0425062252184653, 0.35552728633385, 
0.186593343292468, 0.0584312991028892, 0.586843445345874, 0.0436447344788108, 
-0.0687871022955828, -0.140320115847697, 0.258647725498131, -0.112764413484972, 
0.0035953665348603, 0.414514242515026, -0.0140562515917502, 0.119239773877984, 
0.0823725169405473, -0.090264575522044, 0.17575661382223, -0.0634348488455442, 
-224.589254714764, 11.8745418003161, -11.0954592247823, -23.6033527970351, 
3.7097962419646, 13.1155709504501, 42.8445288866142, -0.00940975926394971, 
0.207195957047971, -0.148786271977246, 0.214264920549507, 0.0384858861167516, 
0.0815505123067857, 0.124326868418267, -0.387978668434574, -0.200073113118648, 
0.0159596665129964, 0.0845215994720204, 0.0939215748768229, 0.154826649403366, 
-0.0846197311632512, 0.160011133994635, -0.633041728303899, 0.0884024621878927, 
0.149216204662539, -0.214101939132265, 0.023330055835555), .Dim = c(27L, 
7L), .Dimnames = list(c("1", "2", "3", "5", "7", "8", "9", "10", 
"11", "12", "13", "14", "15", "16", "17", "18", "19", "21", "22", 
"23", "24", "25", "26", "27", "28", "29", "30"), c("x1", "x2", 
"x3", "x4", "x5", "x6", "x7")), assign = 1:7), qraux = c(1.19245008972988, 
1.01173761276554, 1.31612901346956, 1.10529795744899, 1.17498728757821, 
1.31059678507072, 1.35302620802285), pivot = 1:7, tol = 1e-07, 
    rank = 7L), .Names = c("qr", "qraux", "pivot", "tol", "rank"
), class = "qr"), df.residual = 20L, xlevels = structure(list(), .Names = character(0)), 
    call = quote(lm(formula = y ~ . + 0, data = structure(list(y = c(43, 
        63, 71, 81, 58, 71, 72, 67, 64, 67, 69, 68, 77, 81, 74, 
        65, 65, 50, 64, 53, 40, 63, 66, 78, 48, 85, 82), x1 = c(1, 
        1, 1, 1, 1, 1, 1, 1, 1, 1, 1, 1, 1, 1, 1, 1, 1, 1, 1, 
        1, 1, 1, 1, 1, 1, 1, 1), x2 = c(51, 64, 70, 78, 67, 75, 
        82, 61, 53, 60, 62, 83, 77, 90, 85, 60, 70, 40, 61, 66, 
        37, 54, 77, 75, 57, 85, 82), x3 = c(30, 51, 68, 56, 42, 
        50, 72, 45, 53, 47, 57, 83, 54, 50, 64, 65, 46, 33, 52, 
        52, 42, 42, 66, 58, 44, 71, 39), x4 = c(39, 54, 69, 66, 
        56, 55, 67, 47, 58, 39, 42, 45, 72, 72, 69, 75, 57, 34, 
        62, 50, 58, 48, 63, 74, 45, 71, 59), x5 = c(63, 71, 50, 
        43, 70, 55, 70, 70, 71, 79, 70, 66, 54, 51, 62, 75, 55, 
        58, 80, 54, 55, 76, 61, 43, 51, 63, 75), x6 = c(92, 73, 
        86, 83, 68, 66, 83, 80, 67, 74, 63, 77, 77, 54, 79, 80, 
        85, 64, 80, 80, 57, 75, 76, 78, 83, 74, 78), x7 = c(45, 
        47, 48, 47, 35, 41, 31, 41, 34, 41, 25, 35, 46, 36, 63, 
        60, 46, 33, 41, 37, 49, 33, 72, 49, 38, 55, 39)), .Names = c("y", 
        "x1", "x2", "x3", "x4", "x5", "x6", "x7"),