
expected <- structure(list(coefficients = structure(c(1.78070713289949, 0.549794019414868, 
-0.104496277184266, 0.313483978321056, 0.12354683031916, 0.176620014088149, 
-0.172835019624791), .Names = c("x1", "x2", "x3", "x4", "x5", 
"x6", "x7")), residuals = structure(c(0.683757618931357, 0.273984792086327, 
-0.557461243045086, -9.76876753765985, -7.17736901628901, 0.912561899761464, 
-6.33785553150548, 6.69527193612893, 6.8655159981544, 12.8222022380178, 
10.1040825148947, -2.0331464690909, 0.834386903034701, 1.15643467842289, 
-0.216698108749691, 3.03017662798609, -5.10354111643285, -5.94224652785244, 
7.49322675207533, 2.39438961400499, -8.63462355019922, -3.86011130832082, 
1.77154700157832, -3.47254148298669, 3.08831605908632, -10.7977823287145, 
7.47017696558129), .Names = c("2", "3", "4", "6", "7", "8", "9", 
"10", "11", "12", "13", "14", "15", "16", "17", "18", "19", "20", 
"21", "22", "23", "24", "25", "26", "27", "28", "29")), effects = structure(c(-271.595065389796, 
-198.108631711793, 3.18145646225704, 17.3726555348703, -7.06639271561589, 
9.85428620429191, -6.68101167982921, 8.0731838064885, 5.95718382132277, 
15.9476219077265, 12.8608720047977, 1.75321224489273, -0.0945196676934381, 
-4.06728575287341, -1.12158837944337, -4.23668186604376, -3.89788798278492, 
-5.10835100356934, 7.65332201803873, 2.71871048073493, -5.96803666289408, 
-9.04885719124885, 3.37283462292003, -2.83126980945348, 1.97077916163207, 
-11.39440848537, 5.94941575936657), .Names = c("x1", "x2", "x3", 
"x4", "x5", "x6", "x7", "", "", "", "", "", "", "", "", "", "", 
"", "", "", "", "", "", "", "", "", "")), rank = 7L, fitted.values = structure(c(62.3162423810686, 
70.7260152079137, 61.5574612430451, 52.7687675376599, 65.177369016289, 
70.0874381002385, 78.3378555315055, 60.3047280638711, 57.1344840018456, 
54.1777977619822, 58.8959174851053, 70.0331464690909, 76.1656130969653, 
79.8435653215771, 74.2166981087497, 61.9698233720139, 70.1035411164329, 
55.9422465278524, 42.5067732479247, 61.605610385995, 61.6346235501992, 
43.8601113083208, 61.2284529984217, 69.4725414829867, 74.9116839409137, 
58.7977823287145, 77.5298230344187), .Names = c("2", "3", "4", 
"6", "7", "8", "9", "10", "11", "12", "13", "14", "15", "16", 
"17", "18", "19", "20", "21", "22", "23", "24", "25", "26", "27", 
"28", "29")), assign = 1:7, qr = structure(list(qr = structure(c(-7.45669062301999, 
0.107920406570106, 0.10774360216782, 0.331943039009816, 0.07982150603713, 
0.272410665785251, 0.128153900325848, 0.153078903569226, 0.167851777869521, 
0.0453901170590553, 0.301049335869537, 0.310801312765217, 0.112507595792561, 
0.172300778063156, -0.0213132169635988, 0.128674709362303, 0.167786459369031, 
0.115668559244234, 0.180167387770011, -0.0852135592641451, -0.0309025692768071, 
0.146762493936967, 0.3904263664951, 0.183349263410472, 0.101588499436459, 
0.267955475800857, 0.217058605356224, -279.130790105746, -211.860808114531, 
0.154822761140135, -0.179548541666364, 0.210643368207808, -0.00638698746619971, 
0.217501932780141, 0.0854050472197701, 0.028100235339678, 0.223154737013864, 
-0.105636326839983, -0.0194162827196308, 0.214601230365459, 0.196857277576458, 
0.429403707105623, 0.112971150664341, 0.10842801315841, 0.120737825638461, 
-0.049554073530731, 0.400660455560378, 0.352408674777546, -0.0195204133275834, 
-0.261640709350957, 0.12087934513726, 0.219606781558599, -0.0854543174497928, 
0.114043308002784, -231.899269325044, -165.069575820034, 49.5354824858363, 
-0.0758654603411648, 0.269719451592361, 0.23884247397828, -0.0861682736925474, 
0.107834474968054, -0.187484805400166, 0.052419965765827, -0.119997451269967, 
-0.294347025891649, 0.193954205424418, 0.490868739700061, 0.127732135879147, 
-0.312239346548914, 0.237710418849211, -0.405999377280688, -0.00100935688650706, 
-0.0298062626975294, 0.0528513212194692, -0.232279241810978, 
0.0478472479609075, -0.0493880638756618, 0.0799744636021119, 
0.0594561492121118, -0.0172540410667662, -230.176634913121, -184.558033082179, 
18.0333423248698, 50.8413977925788, -0.0598653719335739, 0.0315248539910593, 
0.128758157161212, 0.0497077382129746, -0.184665296665096, 0.261337793649158, 
0.202043668327705, 0.591432191572623, -0.17664236926042, -0.102903286953279, 
0.113739215872383, -0.321214703701727, -0.0504906556955731, 0.103562378528713, 
-0.0332280781879059, -0.0790119711177191, 0.18560385270205, -0.441239662059612, 
-0.172965007153053, 0.0774171352868574, -0.196176031576045, -0.0115329127739704, 
0.0338056445170857, -268.835462468722, -202.428874572582, 12.3023779084902, 
24.7560066382019, -39.8351163125272, 0.0614286396492525, -0.194634328999409, 
0.14264756782545, -0.0291185489267861, 0.179244014488122, -0.0410076534542879, 
-0.300324765923578, 0.0648747625631983, -0.550068366871361, -0.00797868974627621, 
-0.422919809311638, 0.243650265057356, 0.0683375227764291, 0.093790261709783, 
0.0651493926552407, 0.0720457496575002, -0.0117157061441518, 
0.293790146397947, 0.350318031348934, 0.0759167454530382, -0.0738590083151836, 
-0.131655331985337, -304.668648291062, -224.187757541215, 32.0171512235564, 
21.0924167745474, -35.0478826367127, 57.6413221739282, -0.0243193413483377, 
-0.209069349757329, -0.0077522072259, -0.214708850590161, -0.0158556745017709, 
-0.169113211758085, 0.218809719956802, 0.436413659018143, 0.148193844060477, 
-0.184558827811272, -0.0490906126871904, -0.164908625570447, 
-0.279799715472357, -0.13672346608267, -0.213981648106061, 0.030519550962843, 
-0.0342141566093023, 0.29523025311118, 0.210253140888702, -0.397454293734072, 
0.257995781413905, -174.131278557681, -136.450903266842, 25.8641068790695, 
30.9496143752977, -23.4053675813491, 1.88807182037097, 38.6554281321754, 
-0.0797079727016455, 0.289468333370102, -0.215864377300181, 0.270733593087872, 
0.0348520530430897, 0.141276060445146, 0.0287783161899674, -0.390381541552913, 
-0.231311175771822, -0.023442725423619, -0.127087187540498, -0.0994494814699279, 
0.110528406122847, 0.010067272527779, -0.104407232530477, 0.2912539778016, 
-0.451393068294092, 0.135753692081439, -0.0844781471496472, -0.0935418633051923
), .Dim = c(27L, 7L), .Dimnames = list(c("2", "3", "4", "6", 
"7", "8", "9", "10", "11", "12", "13", "14", "15", "16", "17", 
"18", "19", "20", "21", "22", "23", "24", "25", "26", "27", "28", 
"29"), c("x1", "x2", "x3", "x4", "x5", "x6", "x7")), assign = 1:7), 
    qraux = c(1.22421254573778, 1.18762941422858, 1.14193090447142, 
    1.00440733859955, 1.08627065904086, 1.23654768071399, 1.43513937770787
    ), pivot = 1:7, tol = 1e-07, rank = 7L), .Names = c("qr", 
"qraux", "pivot", "tol", "rank"), class = "qr"), df.residual = 20L, 
    xlevels = structure(list(), .Names = character(0)), call = quote(lm(formula = y ~ 
        . + 0, data = structure(list(y = c(63, 71, 61, 43, 58, 
        71, 72, 67, 64, 67, 69, 68, 77, 81, 74, 65, 65, 50, 50, 
        64, 53, 40, 63, 66, 78, 48, 85), x1 = c(1.67188358736638, 
        0.804729083703814, 0.803410707975183, 2.47519654636125, 
        0.595204275582401, 2.03128205717151, 0.955603986863188, 
        1.14146202482683, 1.25161877809689, 0.338460060252037, 
        2.24483175984477, 2.3175492345187, 0.838934334564916, 
        1.28479359612258, -0.158926065078858, 0.959487498721707, 
        1.25113171824678, 0.862504661094714, 1.34345247095865, 
        -0.635411148319109, -0.230430898553593, 1.09436251235081, 
        2.91128862602378, 1.36717873321049, 0.757514011154519, 
        1.99806108379111, 1.61853886720555), x2 = c(64, 70, 63, 
        55, 67, 75, 82, 61, 53, 60, 62, 83, 77, 90, 85, 60, 70, 
        58, 40, 61, 66, 37, 54, 77, 75, 57, 85), x3 = c(51, 68, 
        45, 49, 42, 50, 72, 45, 53, 47, 57, 83, 54, 50, 64, 65, 
        46, 68, 33, 52, 52, 42, 42, 66, 58, 44, 71), x4 = c(54, 
        69, 47, 44, 56, 55, 67, 47, 58, 39, 42, 45, 72, 72, 69, 
        75, 57, 54, 34, 62, 50, 58, 48, 63, 74, 45, 71),