
expected <- structure(list(coefficients = structure(c(8.14441528393232, 0.561022130340954, 
-0.0602864840473556, 0.318594806592403, 0.193690018661653, -0.0294329786854855, 
-0.137181044856711), .Names = c("x1", "x2", "x3", "x4", "x5", 
"x6", "x7")), residuals = structure(c(-6.91987691042495, 0.633234825308707, 
-2.39029828050602, 8.32630960316477, -13.1608659193973, -8.44186691104816, 
0.0855428876715207, -5.24144677238777, 9.69828074513058, 6.82131075081234, 
6.360265808358, 8.62782289568108, -0.789655432552745, -0.751319308361142, 
-3.2354815987298, 0.358657076976729, -3.24095279172568, -4.29207033998338, 
-4.04365174754308, 7.29811423491041, -9.93254328540164, 6.71922803453175, 
0.0253063950074384, 3.9336276311825, -6.61028178422017, 5.83136920794757, 
4.33124098559845), .Names = c("1", "2", "4", "5", "6", "7", "8", 
"9", "10", "11", "12", "13", "14", "15", "16", "17", "18", "19", 
"20", "21", "23", "25", "26", "27", "28", "29", "30")), effects = structure(c(-339.4819582835, 
47.9679701362602, -3.77147328366682, -12.3774262568539, -10.2010208031543, 
-3.66192318720858, 5.77555867928703, -1.97698784137753, 9.45296199976878, 
7.0549420547818, 13.2548248306618, 15.4092787055313, 6.2949759950082, 
0.932154399920253, 0.03133058489735, -1.66239125934433, -2.69074477645504, 
-2.46861363025865, -5.20787913131788, 7.939848168986, -7.78229494261814, 
7.76256177842595, -2.14137206533911, 3.05642423763514, -7.13942139086401, 
8.77192297086639, 7.15695220201502), .Names = c("x1", "x2", "x3", 
"x4", "x5", "x6", "x7", "", "", "", "", "", "", "", "", "", "", 
"", "", "", "", "", "", "", "", "", "")), rank = 7L, fitted.values = structure(c(49.919876910425, 
62.3667651746913, 63.390298280506, 72.6736903968352, 56.1608659193973, 
66.4418669110482, 70.9144571123285, 77.2414467723878, 57.3017192548694, 
57.1786892491877, 60.639734191642, 60.3721771043189, 68.7896554325527, 
77.7513193083611, 84.2354815987298, 73.6413429230233, 68.2409527917257, 
69.2920703399834, 54.0436517475431, 42.7018857650896, 62.9325432854016, 
56.2807719654682, 65.9746936049926, 74.0663723688175, 54.6102817842202, 
79.1686307920524, 77.6687590144015), .Names = c("1", "2", "4", 
"5", "6", "7", "8", "9", "10", "11", "12", "13", "14", "15", 
"16", "17", "18", "19", "20", "21", "23", "25", "26", "27", "28", 
"29", "30")), assign = 1:7, qr = structure(list(qr = structure(c(-5.19615242270663, 
0.192450089729875, 0.192450089729875, 0.192450089729875, 0.192450089729875, 
0.192450089729875, 0.192450089729875, 0.192450089729875, 0.192450089729875, 
0.192450089729875, 0.192450089729875, 0.192450089729875, 0.192450089729875, 
0.192450089729875, 0.192450089729875, 0.192450089729875, 0.192450089729875, 
0.192450089729875, 0.192450089729875, 0.192450089729875, 0.192450089729875, 
0.192450089729875, 0.192450089729875, 0.192450089729875, 0.192450089729875, 
0.192450089729875, 0.192450089729875, -352.183664205672, 64.6889995800419, 
0.0319993232125807, -0.199879359366827, 0.155667953921598, -0.0298349921419281, 
-0.153503622850946, -0.261713674721336, 0.0629164808898351, 0.186585111598853, 
0.0783750597284623, 0.0474579020512079, -0.277172253559963, -0.1844207805282, 
-0.385382305430354, -0.308089411237218, 0.0783750597284623, -0.0762107286578097, 
0.109292217405717, 0.387546636501006, -0.0143764133033009, 0.171126532760225, 
-0.1844207805282, -0.153503622850946, 0.124750796244344, -0.308089411237218, 
-0.261713674721336, -275.588528493181, 34.8470719420076, 52.7318171508579, 
-0.00302588873069625, -0.0902646576236263, 0.157257799394405, 
0.0820635886736593, -0.268189587627373, 0.0429785122827351, -0.185249401711592, 
-0.00451385976124781, -0.17502347479897, -0.467227691914387, 
0.0253372704040889, 0.225532685492643, -0.0877847059060403, -0.345863750065704, 
0.110096087579433, -0.421884611358978, 0.069688370272463, -0.0419456350071147, 
0.0329179154846191, -0.202229323132215, -0.0696474736838769, 
0.0236839692590316, -0.220531885468885, 0.357618544597464, -289.060034774273, 
42.7395352490623, 7.58598380241519, -43.6128567367463, -0.082562417843346, 
0.083462585487816, -0.0755820515145921, 0.00542536610869037, 
-0.065835650466478, 0.242456890713533, -0.247261274047552, -0.252524263626296, 
-0.566053919392197, 0.270177073640488, 0.134034117241475, 0.0552691144573855, 
0.488135826620449, 0.0503456045159889, 0.0156421294048419, -0.0516331758695666, 
-0.0921261415763596, 0.0561839639606067, 0.00378419612822483, 
0.320048159909756, -0.0586438059743317, 0.0661086535406638, -0.0129195773925251, 
-340.25175864242, 12.7979856585123, -6.30461505783772, -8.79698309310235, 
-51.4763753702357, -0.0957234529389801, 0.0712823450075925, 0.0681050606812677, 
-0.180055394935971, -0.0959534038907272, 0.494384486886496, 0.120704168626555, 
0.0796947089033886, 0.214553705159239, -0.199777093788377, -0.222638324770973, 
0.560276867743383, 0.224162149810835, -0.109785732493638, -0.217933992615126, 
0.00998297745816627, -0.0457103750346028, -0.152062804741044, 
-0.0016266819908981, -0.179953053716625, 0.231190995620785, 0.0436894256533976, 
-388.749181254348, 2.79628514992061, 1.15192001105823, -2.77206729659743, 
-5.11879811607724, 48.2394184508116, 0.232353057488552, -0.129754230588726, 
0.0132988837622915, 0.242817581991876, -0.178957825006676, 0.193451702236686, 
-0.101278324784484, -0.0143878157998173, 0.672902663078575, 0.109215348202182, 
-0.275287206159442, -0.219203447935961, -0.0216310595951764, 
0.316826355015649, -0.0681665261142354, 0.0578992330132148, 0.10406305610375, 
0.048115864562127, -0.0594086312177592, 0.00730395285055308, 
0.0490355602227268, -221.317603189357, 16.3019301952679, 12.7879695700635, 
-22.8872802742183, 2.77897120045336, 16.3440467630754, -42.1017253901203, 
-0.528739502355335, -0.00909270209117227, -0.281591737045031, 
0.131233480445184, -0.24617450576443, -0.214701921766923, -0.0695724091826951, 
0.0185913684956217, 0.318322114822838, 0.0134252942460166, 0.0237506601722117, 
0.0107656427590586, 0.0287545069583453, -0.146022251480313, -0.186107216118786, 
0.555708842047464, -0.0785061046905741, -0.108281777085401, 0.116866636310449, 
0.0321860460229364), .Dim = c(27L, 7L), .Dimnames = list(c("1", 
"2", "4", "5", "6", "7", "8", "9", "10", "11", "12", "13", "14", 
"15", "16", "17", "18", "19", "20", "21", "23", "25", "26", "27", 
"28", "29", "30"), c("x1", "x2", "x3", "x4", "x5", "x6", "x7"
)), assign = 1:7), qraux = c(1.19245008972988, 1.01654074437395, 
1.06210772519193, 1.1105858676205, 1.0433454214688, 1.27127179683183, 
1.10762123507483), pivot = 1:7, tol = 1e-07, rank = 7L), .Names = c("qr", 
"qraux", "pivot", "tol", "rank"), class = "qr"), df.residual = 20L, 
    xlevels = structure(list(), .Names = character(0)), call = quote(lm(formula = y ~ 
        . + 0, data = structure(list(y = c(43, 63, 61, 81, 43, 
        58, 71, 72, 67, 64, 67, 69, 68, 77, 81, 74, 65, 65, 50, 
        50, 53, 63, 66, 78, 48, 85, 82), x1 = c(1, 1, 1, 1, 1, 
        1, 1, 1, 1, 1, 1, 1, 1, 1, 1, 1, 1, 1, 1, 1, 1, 1, 1, 
        1, 1, 1, 1), x2 = c(51, 64, 63, 78, 55, 67, 75, 82, 61, 
        53, 60, 62, 83, 77, 90, 85, 60, 70, 58, 40, 66, 54, 77, 
        75, 57, 85, 82), x3 = c(30, 51, 45, 56, 49, 42, 50, 72, 
        45, 53, 47, 57, 83, 54, 50, 64, 65, 46, 68, 33, 52, 42, 
        66, 58, 44, 71, 39), x4 = c(39, 54, 47, 66, 44, 56, 55, 
        67, 47, 58, 39, 42, 45, 72, 72, 69, 75, 57, 54, 34, 50, 
        48, 63, 74, 45, 71, 59), x5 = c(59, 66, 77, 62, 63, 63, 
        71, 66, 55, 55, 88, 66, 61, 79, 63, 55, 88, 79, 50, 50, 
        64, 61, 55, 66, 54, 76, 76), x6 = c(92, 73, 84, 83, 49, 
        68, 66, 83, 80, 67, 74, 63, 77, 77, 54, 79, 80, 85, 78, 
        64, 80, 75, 76, 78, 83, 74, 78), x7 = c(45, 47, 35, 47, 
        34, 35, 41, 31, 41, 34, 41, 25, 35, 46, 36, 63, 60, 46, 
        52, 33, 37, 33, 72, 49, 38, 55, 39)), .Names = c("y", 
        "x1", "x2", "x3", "x4", "x5", "x6", "x7"),