
expected <- structure(list(coefficients = structure(c(9.99015647747374, 0.651133254258184, 
-0.0827663576128145, 0.322085800183085, 0.0613083991797588, -0.16165214010339
), .Names = c("x1", "x2", "x3", "x4", "x5", "x6")), residuals = structure(c(-8.64233434328233, 
1.28790372310631, 1.32148822499532, -0.917178639248813, 6.1077563575612, 
-10.4266479429947, -8.68784854389161, -7.08103497950382, 7.60023430660693, 
6.59393160817413, 11.361437072634, 10.0085348890196, -2.72139174050107, 
0.867040350470415, -4.13518560523669, -2.92263512351955, 1.95968296995944, 
-5.89654996730857, 7.15566902310416, 0.348311807150362, -10.6889334223571, 
-4.86050016408745, 6.60110708846437, 3.27984871020228, -8.90270905145642, 
7.02588265447565, 4.36412073746389), .Names = c("1", "2", "3", 
"4", "5", "6", "7", "9", "10", "11", "12", "13", "14", "15", 
"16", "17", "18", "20", "21", "22", "23", "24", "25", "27", "28", 
"29", "30")), effects = structure(c(-334.285805860793, -54.1626149974308, 
2.33757936933778, 11.6749073260769, -0.954484761261197, 5.57223058490194, 
-6.97484619507195, -9.55760784780751, 9.04168116323642, 7.91907310776033, 
14.4889977154935, 12.2496106572332, -1.69051389694895, 1.12699754114786, 
-1.50479650641419, -0.34226746870586, 3.19485215213016, -3.51388645537413, 
11.216185078064, 0.286793185461128, -10.1331365333844, 0.160278023143465, 
7.59201933139572, 3.55774064901475, -8.18734849710185, 9.00827195213269, 
4.90972568925837), .Names = c("x1", "x2", "x3", "x4", "x5", "x6", 
"", "", "", "", "", "", "", "", "", "", "", "", "", "", "", "", 
"", "", "", "", "")), rank = 6L, fitted.values = structure(c(51.6423343432823, 
61.7120962768937, 69.6785117750047, 61.9171786392488, 74.8922436424388, 
53.4266479429947, 66.6878485438916, 79.0810349795038, 59.3997656933931, 
57.4060683918259, 55.638562927366, 58.9914651109804, 70.7213917405011, 
76.1329596495296, 85.1351856052367, 76.9226351235196, 63.0403170300406, 
55.8965499673086, 42.8443309768958, 63.6516881928496, 63.6889334223571, 
44.8605001640874, 56.3988929115356, 74.7201512897977, 56.9027090514564, 
77.9741173455243, 77.6358792625361), .Names = c("1", "2", "3", 
"4", "5", "6", "7", "9", "10", "11", "12", "13", "14", "15", 
"16", "17", "18", "20", "21", "22", "23", "24", "25", "27", "28", 
"29", "30")), assign = 1:6, qr = structure(list(qr = structure(c(-5.19615242270663, 
0.192450089729875, 0.192450089729875, 0.192450089729875, 0.192450089729875, 
0.192450089729875, 0.192450089729875, 0.192450089729875, 0.192450089729875, 
0.192450089729875, 0.192450089729875, 0.192450089729875, 0.192450089729875, 
0.192450089729875, 0.192450089729875, 0.192450089729875, 0.192450089729875, 
0.192450089729875, 0.192450089729875, 0.192450089729875, 0.192450089729875, 
0.192450089729875, 0.192450089729875, 0.192450089729875, 0.192450089729875, 
0.192450089729875, 0.192450089729875, -341.791359360259, -70.2329457353646, 
0.0940757185871527, -0.00559260554061164, 0.207982374733169, 
-0.119499261686628, 0.0513607225323965, 0.264935702806177, -0.0340692695771157, 
-0.147975925723132, -0.0483076015953678, -0.0198309375588637, 
0.279174034824429, 0.193744042714917, 0.378842358952194, 0.307650698860933, 
-0.0483076015953678, -0.0767842656318719, -0.333074241960409, 
-0.0340692695771157, 0.0371223905141445, -0.375789238015165, 
-0.13373759370488, 0.165267378678413, -0.0910225976501239, 0.307650698860933, 
0.264935702806177, -275.588528493181, -36.3393873843611, -52.8621971496863, 
-0.0777165698770799, -0.0219221343711548, 0.0791752168329003, 
-0.175079573263807, 0.240139952845125, -0.057410733231322, 0.175149493605607, 
-0.00942359484496873, 0.159441668826645, 0.438075244871355, -0.0496034361117502, 
-0.257259814436125, 0.0583443176225902, 0.331084385726301, 0.40814155246727, 
-0.0712047688317108, 0.0750090369908383, 0.0242444453764436, 
0.129507976422561, -0.0430916350663811, 0.0463708406609564, -0.0357161699715435, 
0.190764087844751, -0.384124678202203, -291.754336030491, -37.5876144912945, 
-11.4059006342731, 49.0355388976436, -0.104841902340487, 0.128440571929882, 
-0.0788666194452232, 0.0162392709473075, 0.0824488170952767, 
-0.143365288721313, 0.252446471064487, 0.276076731016642, 0.549517961724093, 
-0.248497668427881, -0.18275230798564, -0.0591726046853306, -0.355056995026528, 
0.0798686223314672, 0.111453037419439, -0.174195903115328, 0.10663670604758, 
-0.336326214380228, -0.00961120964501627, -0.27558306164323, 
0.0873092962742401, -0.0507034851737676, -0.0528199671590905, 
-387.979380895428, -10.5506040255248, -3.0821807510087, -1.39477922235196, 
-50.3312974940601, -0.584804166838099, -0.151979210819773, 0.0346980856039871, 
0.0513766093553577, -0.197642772937228, -0.100897149172204, -0.355380638091296, 
-0.203384585182822, 0.0148711304238799, -0.439128658542743, -0.00707570517758585, 
0.0551797303367824, -0.0622982384057862, -0.23284919926755, 0.0689022930177222, 
0.0251220706262327, -0.331052491441114, -0.0240656877296651, 
0.0260071935078578, 0.113347033856026, -0.13034372330096, 0.0527066634336854, 
-217.276151305029, -8.12850554553101, -11.28973643718, 24.9500673066765, 
-13.1841528072361, -34.4705030279094, -0.184600701809019, -0.509538867842673, 
0.045707305055598, -0.303104994752753, 0.224362937155712, -0.207318014040457, 
0.0498023733234947, -0.157479792729294, -0.238603413327196, 0.419077841278784, 
0.101093193592759, 0.250154177551778, 0.0458196545769302, -0.219280743258649, 
-0.0969715447292531, 0.116403124594466, -0.206126616334246, -0.120136465869229, 
-0.0443826588481337, 0.18734547332955, -0.118463811913611), .Dim = c(27L, 
6L), .Dimnames = list(c("1", "2", "3", "4", "5", "6", "7", "9", 
"10", "11", "12", "13", "14", "15", "16", "17", "18", "20", "21", 
"22", "23", "24", "25", "27", "28", "29", "30"), c("x1", "x2", 
"x3", "x4", "x5", "x6")), assign = 1:6), qraux = c(1.19245008972988, 
1.00864572647764, 1.28630653259272, 1.0968936737861, 1.10518807318162, 
1.07222935889796), pivot = 1:6, tol = 1e-07, rank = 6L), .Names = c("qr", 
"qraux", "pivot", "tol", "rank"), class = "qr"), df.residual = 21L, 
    xlevels = structure(list(), .Names = character(0)), call = quote(lm(formula = y ~ 
        . + 0, data = structure(list(y = c(43, 63, 71, 61, 81, 
        43, 58, 72, 67, 64, 67, 69, 68, 77, 81, 74, 65, 50, 50, 
        64, 53, 40, 63, 78, 48, 85, 82), x1 = c(1, 1, 1, 1, 1, 
        1, 1, 1, 1, 1, 1, 1, 1, 1, 1, 1, 1, 1, 1, 1, 1, 1, 1, 
        1, 1, 1, 1), x2 = c(51, 64, 70, 63, 78, 55, 67, 82, 61, 
        53, 60, 62, 83, 77, 90, 85, 60, 58, 40, 61, 66, 37, 54, 
        75, 57, 85, 82), x3 = c(30, 51, 68, 45, 56, 49, 42, 72, 
        45, 53, 47, 57, 83, 54, 50, 64, 65, 68, 33, 52, 52, 42, 
        42, 58, 44, 71, 39), x4 = c(39, 54, 69, 47, 66, 44, 56, 
        67, 47, 58, 39, 42, 45, 72, 72, 69, 75, 54, 34, 62, 50, 
        58, 48, 74, 45, 71, 59), x5 = c(92, 73, 86, 84, 83, 49, 
        68, 83, 80, 67, 74, 63, 77, 77, 54, 79, 80, 78, 64, 80, 
        80, 57, 75, 78, 83, 74, 78), x6 = c(45, 47, 48, 35, 47, 
        34, 35, 31, 41, 34, 41, 25, 35, 46, 36, 63, 60, 52, 33, 
        41, 37, 49, 33, 49, 38, 55, 39)), .Names = c("y", "x1", 
        "x2", "x3", "x4", "x5", "x6"), row.names = c("1", "2", 
        "3", "4", "5", "6", "7", "9", "10", "11", "12", "13", 
        "14", "15", "16", "17", "18", "20", "21", "22", "23", 
        "24", "25", "27", "28", "29", "30"), class = "data.frame"))), 
    terms = y ~ x1 + x2 + x3 + x4 + x5 + x6 + 0, model = structure(list(
        y = c(43, 63, 71, 61, 81, 43, 58, 72, 67, 64, 67, 69, 
        68, 77, 81, 74, 65, 50, 50, 64, 53, 40, 63, 78, 48, 85, 
        82), x1 = c(1, 1, 1, 1, 1, 1, 1, 1, 1, 1, 1, 1, 1, 1, 
        1, 1, 1, 1, 1, 1, 1, 1, 1, 1, 1, 1, 1), x2 = c(51, 64, 
        70, 63, 78, 55, 67, 82, 61, 53, 60, 62, 83, 77, 90, 85, 
        60, 58, 40, 61, 66, 37, 54, 75, 57, 85, 82), x3 = c(30, 
        51, 68, 45, 56, 49, 42, 72, 45, 53, 47, 57, 83, 54, 50, 
        64, 65, 68, 33, 52, 52, 42, 42, 58, 44, 71, 39),