
expected <- structure(list(coefficients = structure(c(-1.26511405790068, 
0.629724507657223, -0.0201058485165631, 0.345208346007767, 0.105159443596437, 
0.127272099974088, -0.257246302715918), .Names = c("x1", "x2", 
"x3", "x4", "x5", "x6", "x7")), residuals = structure(c(-5.45905083530704, 
0.387642103785532, 1.1445365898871, 3.04472812860527, -9.43934069965614, 
-6.93460306459181, 0.820363537778907, -8.52743582416496, 5.72206036553489, 
5.18358087156632, 13.5225362710694, 9.56367607680934, 0.87427760201613, 
-3.32708729519913, -2.86743447962178, 3.84160811650004, -2.87775509601254, 
-5.01416926337869, 0.0118911068109909, -12.8446327497409, -0.943281781972621, 
7.59858370151424, -2.72154078941923, 2.81728555550947, -6.69939789290176, 
7.17933840392466, 6.2708798703821), .Names = c("1", "3", "4", 
"5", "6", "7", "8", "9", "10", "11", "12", "13", "15", "16", 
"17", "18", "19", "20", "22", "23", "24", "25", "26", "27", "28", 
"29", "30")), effects = structure(c(-238.661885563081, -245.451572181278, 
6.4656061970413, -10.3129117626578, -2.55611607879554, 6.18266465826171, 
10.0559217484122, -9.01725219839402, 5.03131317923096, 4.81822126985866, 
14.3358597717436, 9.12081509618947, 3.50256560271402, -7.22941734821798, 
-2.98582054832669, -1.15649976231128, -0.251938297974373, -4.92519368839899, 
0.658632721063892, -13.8212778603554, -0.598049629249073, 11.6333041447825, 
0.782286561302046, 5.38620803374826, -8.81903378727164, 7.13828682883495, 
4.98298930043984), .Names = c("x1", "x2", "x3", "x4", "x5", "x6", 
"x7", "", "", "", "", "", "", "", "", "", "", "", "", "", "", 
"", "", "", "", "", "")), rank = 7L, fitted.values = structure(c(48.459050835307, 
70.6123578962145, 59.8554634101129, 77.9552718713947, 52.4393406996561, 
64.9346030645918, 70.1796364622211, 80.527435824165, 61.2779396344651, 
58.8164191284337, 53.4774637289306, 59.4363239231907, 76.1257223979839, 
84.3270872951991, 76.8674344796218, 61.1583918835, 67.8777550960125, 
55.0141692633787, 63.988108893189, 65.844632749741, 40.9432817819726, 
55.4014162984858, 68.7215407894192, 75.1827144444905, 54.6993978929018, 
77.8206615960753, 75.7291201296179), .Names = c("1", "3", "4", 
"5", "6", "7", "8", "9", "10", "11", "12", "13", "15", "16", 
"17", "18", "19", "20", "22", "23", "24", "25", "26", "27", "28", 
"29", "30")), assign = 1:7, qr = structure(list(qr = structure(c(-7.48327867066672, 
0.265150342100762, 0.264392336908172, -0.130937156932358, -0.0456252665184179, 
0.24670081014598, 0.0258671442786255, 0.300678235139673, -0.146839651131065, 
-0.0638459020898033, 0.200650804216312, 0.0348642481688461, 0.254200538250432, 
0.0125929508334664, 0.142315041712815, 0.183748459271559, 0.192952908098433, 
0.218071381715182, 0.143410101987193, -0.0823054585069959, 0.152270609913511, 
0.24569720874321, 0.0626756453893351, 0.228241954792739, 0.210830390910829, 
0.227634838634036, 0.223537684755732, -247.829003971485, -253.384657764636, 
0.0130735849015226, 0.424490781904488, 0.257711101387202, 0.04462211946851, 
0.272946342036578, 0.0557294858415955, 0.371567432515452, 0.266051632087548, 
0.058024372938944, 0.213624980520512, 0.0774059281323797, 0.343971512606165, 
0.208662820143907, 0.0730835108209899, 0.104348499197306, 0.0346103782368852, 
0.112969523957529, 0.333803562129564, 0.010357605101421, -0.00578911742182414, 
0.248044959513331, 0.0926405805965919, 0.0371151674149273, 0.132647179112768, 
0.124457830241484, -195.336863562119, -193.04586195555, 55.0799865246247, 
0.178546328285573, -0.0592990693142247, 0.168120528272357, 0.20092567082016, 
-0.167852556698741, 0.129635818992452, -0.15679831293781, -0.0144669168172199, 
-0.121940954010156, 0.0969985836039616, 0.427597746743445, 0.0643607466523482, 
-0.336744786960119, 0.154495292664112, -0.430138478462462, -0.0750632951469613, 
0.0596660318886651, -0.252874605068533, -0.0249840588872729, 
-0.0696536751374914, 0.0015684253063286, -0.00734716457317861, 
-0.0855412078983374, 0.451903095262848, -217.427372845267, -208.730833264375, 
27.7014467124212, -40.0425602628515, -0.130307854989836, 0.101549789984259, 
-0.0689948778265788, -0.223208207743266, -0.0282926817063024, 
0.181470840875787, -0.324121321842177, -0.381842786255358, 0.227802868994311, 
0.22123856504111, -0.0462896937565268, 0.30821286127195, 0.0506283758942071, 
-0.2504209674727, 0.178399162124612, -0.118198421534124, 0.446288495133296, 
0.0208734471683986, -0.135782799480556, 0.24157379457718, -0.103984307912137, 
-0.119935364520727, 0.0893545064456412, -247.889211470022, -235.77143207147, 
21.8482187044405, -8.14396604094234, -39.7379140406945, 0.0439353192293351, 
0.137244237674291, -0.381113983417796, 0.285801369868629, 0.0488901551677701, 
0.0406636262858199, -0.0943774383156475, 0.0355066902419213, 
-0.374579933067799, -0.0451841897183662, -0.492487812146834, 
0.229366354643378, -0.14196359056407, 0.0237495244697522, 0.132245801599913, 
-0.0295162045114712, 0.227287334844386, 0.332414835394297, 0.0420947591761652, 
-0.153901459245118, -0.232487171740582, -0.127052668197801, -292.095662341047, 
-252.928584954648, 28.7787427421369, -3.42636470552254, -37.8890909341525, 
60.1557622647623, 0.147651596239658, 0.081155034664916, -0.379509571454678, 
-0.159865978144844, -0.0946913691631764, -0.113164784314088, 
0.325676988818657, 0.293473522344048, 0.18112925025115, -0.186519482791264, 
0.0408867461008516, -0.0922381619693019, -0.0646903621015387, 
-0.315211408087021, 0.0563399504415047, 0.0600573692824837, 0.250574930767777, 
0.293289390547608, -0.325529013287716, 0.286029759870512, 0.0817502402851465, 
-164.46790765649, -152.653608160235, 30.9042812325076, -18.6693054624147, 
-25.0535185643579, 5.72791723402839, -39.0906366476221, -0.379173118572621, 
0.0344937504256391, -0.258630291372284, 0.151049105500174, -0.175407150839815, 
-0.138047123884665, 0.135790492971999, 0.395989604929982, 0.258994392556507, 
-0.037862625506497, 0.127005110153271, -0.195467966415779, -0.0690780635826368, 
0.0991134103192956, -0.301706285930686, 0.488011136157695, -0.13081188179822, 
0.044082758800097, 0.201792739260326, 0.0962242049852993), .Dim = c(27L, 
7L), .Dimnames = list(c("1", "3", "4", "5", "6", "7", "8", "9", 
"10", "11", "12", "13", "15", "16", "17", "18", "19", "20", "22", 
"23", "24", "25", "26", "27", "28", "29", "30"), c("x1", "x2", 
"x3", "x4", "x5", "x6", "x7")), assign = 1:7), qraux = c(1.3236991286113, 
1.04002422248158, 1.04942429802942, 1.12206391888649, 1.06082431046944, 
1.23809763023572, 1.06782347192217), pivot = 1:7, tol = 1e-07, 
    rank = 7L), .Names = c("qr", "qraux", "pivot", "tol", "rank"
), class = "qr"), df.residual = 20L, xlevels = structure(list(), .Names = character(0)), 
    call = quote(lm(formula = y ~ . + 0, data = structure(list(y = c(43, 
        71, 61, 81, 43, 58, 71, 72, 67, 64, 67, 69, 77, 81, 74, 
        65, 65, 50, 64, 53, 40, 63, 66, 78, 48, 85, 82), x1 = c(2.42233078485034, 
        1.98419389956262, 1.97852153547265, -0.979839233669655, 
        -0.341426583780761, 1.84613091060161, 0.193571049051297, 
        2.25005902375443, -1.09884202931724, -0.477776677318101, 
        1.50152588344405, 0.260898884690757, 1.90225346596146, 
        0.0942365603728335, 1.06498311616455, 1.37504092603473, 
        1.44392038161612, 1.63188891947204, 1.0731777573589, 
        -0.615914682124847, 1.13948340733519, 1.83862068163041, 
        0.469019320312282, 1.70799815205178, 1.57770256743133, 
        1.70345493265074, 1.67279478842279), x2 = c(51, 70, 63, 
        78, 55, 67, 75, 82, 61, 53, 60, 62, 77, 90, 85, 60, 70, 
        58, 61, 66, 37, 54, 77, 75, 57, 85, 82), x3 = c(30, 68, 
        45, 56, 49, 42, 50, 72, 45, 53, 47, 57, 54, 50, 64, 65, 
        46, 68, 52, 52, 42, 42, 66, 58, 44, 71, 39), x4 = c(39, 
        69, 47, 66, 44, 56, 55, 67, 47, 58, 39, 42, 72, 72, 69, 
        75, 57, 54, 62, 50, 58, 48, 63, 74, 45, 71, 59), x5 = c(61, 
        76, 54, 71, 54, 66, 70, 71, 62, 58, 59, 55, 79, 60, 79, 
        55, 75, 64, 66, 63, 50, 66, 88, 80, 51, 77, 64),