
expected <- structure(list(coefficients = structure(c(9.52054332895966, 0.155049873397928, 
0.434192155729108, 0.536168478351217, 0.0993731080348017, -0.477988042642726
), .Names = c("x1", "x2", "x3", "x4", "x5", "x6")), residuals = structure(c(-8.44467480403606, 
3.55812369991511, -5.37465906416179, 3.52432363547186, 10.2894895570184, 
-10.7932286523572, -7.76230815755412, 5.35348556951266, -9.27330925536115, 
-0.425508184187726, 13.8685780789571, 8.60547229729462, 3.51558212229634, 
-0.176660851804026, 4.07697082695442, -3.07369047955753, -10.7208179531613, 
6.95875947799935, -4.2425088664693, -10.3356497332373, -10.2670600300119, 
-0.940358753250318, -1.42798401943246, 0.133177884688208, -5.31039950865538, 
11.2940321207517, 17.3908230423777), .Names = c("1", "2", "3", 
"4", "5", "6", "7", "8", "9", "11", "12", "13", "14", "15", "18", 
"19", "20", "21", "22", "23", "24", "25", "26", "27", "28", "29", 
"30")), effects = structure(c(-330.436804066196, -28.0996783697584, 
-27.064197171003, 17.6241613178491, -3.08495227764211, -19.5449530432275, 
-1.40463279385566, 11.0902120006015, -8.61424148444348, 3.53245814322245, 
14.460713311476, 11.6743626200969, -0.613209813879654, 5.05378802447034, 
1.82657238519498, -0.961546684609193, -12.7654599205185, 9.55638778410073, 
-2.28877907497791, -9.76538446352971, -5.0074127912013, 3.01056430395579, 
0.500674636328296, 4.63521382472301, -7.03400612672994, 13.5498379259393, 
21.2429058767961), .Names = c("x1", "x2", "x3", "x4", "x5", "x6", 
"", "", "", "", "", "", "", "", "", "", "", "", "", "", "", "", 
"", "", "", "", "")), rank = 6L, fitted.values = structure(c(51.4446748040361, 
59.4418763000849, 76.3746590641618, 57.4756763645281, 70.7105104429816, 
53.7932286523572, 65.7623081575541, 65.6465144304873, 81.2733092553611, 
64.4255081841877, 53.1314219210429, 60.3945277027054, 64.4844178777037, 
77.176660851804, 60.9230291730456, 68.0736904795575, 60.7208179531613, 
43.0412405220006, 68.2425088664693, 63.3356497332373, 50.2670600300119, 
63.9403587532503, 67.4279840194325, 77.8668221153118, 53.3103995086554, 
73.7059678792483, 64.6091769576223), .Names = c("1", "2", "3", 
"4", "5", "6", "7", "8", "9", "11", "12", "13", "14", "15", "18", 
"19", "20", "21", "22", "23", "24", "25", "26", "27", "28", "29", 
"30")), assign = 1:6, qr = structure(list(qr = structure(c(-5.19615242270663, 
0.192450089729875, 0.192450089729875, 0.192450089729875, 0.192450089729875, 
0.192450089729875, 0.192450089729875, 0.192450089729875, 0.192450089729875, 
0.192450089729875, 0.192450089729875, 0.192450089729875, 0.192450089729875, 
0.192450089729875, 0.192450089729875, 0.192450089729875, 0.192450089729875, 
0.192450089729875, 0.192450089729875, 0.192450089729875, 0.192450089729875, 
0.192450089729875, 0.192450089729875, 0.192450089729875, 0.192450089729875, 
0.192450089729875, 0.192450089729875, -276.165878762371, -64.4003680688815, 
0.288627892960215, -0.0685129229959864, 0.102293554200458, -0.00640147674273402, 
-0.115096507685926, 0.00912638482057907, 0.350739339213467, 0.0557099695105183, 
-0.0374571998693602, 0.117821415763771, 0.521545816409911, 0.0712378310738314, 
0.242044308270275, -0.0529850614326733, 0.288627892960215, -0.254847261755743, 
0.0401821079472052, 0.0401821079472052, -0.115096507685926, -0.115096507685926, 
0.257572169833588, 0.133349277327084, -0.0840407845592994, 0.335211477650154, 
-0.161680092375865, -289.252484864003, -29.3528343085162, -51.2680321258462, 
-0.0769631807088456, 0.194871315387079, -0.171394383434023, 0.125521213967463, 
0.0341854697263125, 0.0707158236303002, 0.0657650619520938, -0.2509634416434, 
-0.282235459917015, -0.45716830218925, 0.329860911837952, 0.289610092064423, 
0.109111340209649, -0.146938289513976, -0.222786881853812, 0.152765192419371, 
-0.0812987944827193, 0.164531878451145, -0.0305214439672635, 
0.0465673036624193, 0.332956370321979, -0.106995043692614, 0.157715954097577, 
0.210973615192727, -334.478255950523, -22.5389786121409, -28.5899490943993, 
39.6598733003196, 0.0223778032477989, 0.11364945639734, -0.0205841937992152, 
-0.124718508428207, 0.0604460713598427, 0.226824943413516, -0.0896913170561805, 
0.0702844555981414, 0.0517393850499781, -0.0929933537580213, 
0.572720113056018, -0.226841327573019, 0.0377876842289593, 0.219074576179874, 
0.083155648794965, -0.0196878606804852, 0.412594028829843, -0.13957533802121, 
-0.436392230267172, -0.0826613762172964, 0.19691831406879, -0.0327944186870129, 
0.0701173445274226, -390.673682151647, -6.96050772225106, -10.03268538823, 
13.6266559614227, -44.9809390468049, -0.570192115943023, -0.260142169711519, 
-0.291522405362038, 0.0808685172931173, -0.240028473766866, -0.0102620914680808, 
-0.231944091686639, 0.118605760219985, -0.146667101070789, 0.00582751365683029, 
0.0959046356803355, 0.0439130095747408, -0.195472933853024, 0.00283647343421735, 
0.0702471549222783, -0.466098440522399, -0.0656198630517981, 
-0.121864076401088, -0.127030640871597, 0.177193138129871, -0.159322973250463, 
-0.0539863511070271, -220.932703009897, -15.4956556282188, -24.1051821820699, 
10.4486625409706, -2.89744368939798, 40.8900459835068, 0.202171843725664, 
0.100554245794662, 0.47371872317338, 0.195640111642104, -0.0682578550585386, 
0.320542245842368, 0.192958675176466, 0.150691880203942, -0.346106824188753, 
0.0324028736618232, -0.172544120874598, -0.0669230675765022, 
0.115691324843908, 0.131043224229217, -0.26894061979775, 0.217198420818504, 
-0.427777029854293, 0.105114704764904, -0.032291663050854, -0.0532027731308017, 
0.102251904572457), .Dim = c(27L, 6L), .Dimnames = list(c("1", 
"2", "3", "4", "5", "6", "7", "8", "9", "11", "12", "13", "14", 
"15", "18", "19", "20", "21", "22", "23", "24", "25", "26", "27", 
"28", "29", "30"), c("x1", "x2", "x3", "x4", "x5", "x6")), assign = 1:6), 
    qraux = c(1.19245008972988, 1.02465424638389, 1.14564169411364, 
    1.15247254170951, 1.04513176160679, 1.07390027219377), pivot = 1:6, 
    tol = 1e-07, rank = 6L), .Names = c("qr", "qraux", "pivot", 
"tol", "rank"), class = "qr"), df.residual = 21L, xlevels = structure(list(), .Names = character(0)), 
    call = quote(lm(formula = y ~ . + 0, data = structure(list(y = c(43, 
        63, 71, 61, 81, 43, 58, 71, 72, 64, 67, 69, 68, 77, 65, 
        65, 50, 50, 64, 53, 40, 63, 66, 78, 48, 85, 82), x1 = c(1, 
        1, 1, 1, 1, 1, 1, 1, 1, 1, 1, 1, 1, 1, 1, 1, 1, 1, 1, 
        1, 1, 1, 1, 1, 1, 1, 1), x2 = c(30, 51, 68, 45, 56, 49, 
        42, 50, 72, 53, 47, 57, 83, 54, 65, 46, 68, 33, 52, 52, 
        42, 42, 66, 58, 44, 71, 39), x3 = c(39, 54, 69, 47, 66, 
        44, 56, 55, 67, 58, 39, 42, 45, 72, 75, 57, 54, 34, 62, 
        50, 58, 48, 63, 74, 45, 71, 59), x4 = c(61, 63, 76, 54, 
        71, 54, 66, 70, 71, 58, 59, 55, 59, 79, 55, 75, 64, 43, 
        66, 63, 50, 66, 88, 80, 51, 77, 64), x5 = c(92, 73, 86, 
        84, 83, 49, 68, 66, 83, 67, 74, 63, 77, 77, 80, 85, 78, 
        64, 80, 80, 57, 75, 76, 78, 83, 74, 78), x6 = c(45, 47, 
        48, 35, 47, 34, 35, 41, 31, 34, 41, 25, 35, 46, 60, 46, 
        52, 33, 41, 37, 49, 33, 72, 49, 38, 55, 39)), .Names = c("y", 
        "x1", "x2", "x3", "x4", "x5", "x6"), row.names = c("1", 
        "2", "3", "4", "5", "6", "7", "8", "9", "11", "12", "13", 
        "14", "15", "18", "19", "20", "21", "22", "23", "24", 
        "25", "26", "27", "28", "29", "30"), class = "data.frame"))), 
    terms = y ~ x1 + x2 + x3 + x4 + x5 + x6 + 0, model = structure(list(
        y = c(43, 63, 71, 61, 81, 43, 58, 71, 72, 64, 67, 69, 
        68, 77, 65, 65, 50, 50, 64, 53, 40, 63, 66, 78, 48, 85, 
        82), x1 = c(1, 1, 1, 1, 1, 1, 1, 1, 1, 1, 1, 1, 1, 1, 
        1, 1, 1, 1, 1, 1, 1, 1, 1, 1, 1, 1, 1), x2 = c(30, 51, 
        68, 45, 56, 49, 42, 50, 72, 53, 47, 57, 83, 54, 65, 46, 
        68, 33, 52, 52, 42, 42, 66, 58, 44, 71, 39), x3 = c(39, 
        54, 69, 47, 66, 44, 56, 55, 67, 58, 39, 42, 45, 72, 75, 
        57, 54, 34, 62, 50, 58, 48, 63, 74, 45, 71, 59),