
expected <- structure(list(coefficients = structure(c(34.6101407210437, -0.165184887125155, 
0.21975754225697, 0.422106381125431, 0.550891974563122, -0.129743799407227, 
-0.447522897834701), .Names = c("x1", "x2", "x3", "x4", "x5", 
"x6", "x7")), residuals = structure(c(-5.62263357695883, -1.38841155605781, 
-3.36255736961992, 10.4763392120974, -9.78796327735992, -0.544793538351453, 
-12.7607670658727, 5.65883954876753, -4.70630388930079, 11.1222375117546, 
4.26547200797731, 2.02537990896703, -0.423981045298524, 7.46266027571546, 
3.84250931176276, 2.94240176829518, -1.09280669685099, 3.41121031236457, 
-1.79834069990996, -7.04455535842845, -16.1360598802706, 0.584267217326571, 
-6.68761831727916, 0.104566316021251, -4.52775752781024, 8.17658131324952, 
15.8120850950702), .Names = c("1", "2", "3", "5", "7", "8", "9", 
"10", "11", "12", "13", "14", "15", "16", "17", "18", "19", "21", 
"22", "23", "24", "25", "26", "27", "28", "29", "30")), effects = structure(c(-343.523410167827, 
3.1304026476123, -30.5014527470549, -24.7508397255831, -13.1694338324537, 
-8.51318407630485, -18.5065243181116, 8.35628200715044, -4.80604240940061, 
14.2777102758558, 8.62086576723189, 7.84404397130441, -0.345413993586888, 
2.5663072664486, 2.36109722126596, -4.97388040131435, 1.29304885398242, 
3.16172910415189, -2.05184396237402, -4.7251472140799, -22.8937295566439, 
3.87506717164693, -5.60729353289162, -0.22583730129332, -3.97975041251348, 
7.73764760717761, 15.7267774359262), .Names = c("x1", "x2", "x3", 
"x4", "x5", "x6", "x7", "", "", "", "", "", "", "", "", "", "", 
"", "", "", "", "", "", "", "", "", "")), rank = 7L, fitted.values = structure(c(48.6226335769588, 
64.3884115560578, 74.3625573696199, 70.5236607879026, 67.7879632773599, 
71.5447935383515, 84.7607670658727, 61.3411604512325, 68.7063038893008, 
55.8777624882454, 64.7345279920227, 65.974620091033, 77.4239810452985, 
73.5373397242845, 70.1574906882372, 62.0575982317048, 66.092806696851, 
46.5887896876354, 65.79834069991, 60.0445553584285, 56.1360598802706, 
62.4157327826734, 72.6876183172792, 77.8954336839788, 52.5277575278102, 
76.8234186867505, 66.1879149049298), .Names = c("1", "2", "3", 
"5", "7", "8", "9", "10", "11", "12", "13", "14", "15", "16", 
"17", "18", "19", "21", "22", "23", "24", "25", "26", "27", "28", 
"29", "30")), assign = 1:7, qr = structure(list(qr = structure(c(-5.19615242270663, 
0.192450089729875, 0.192450089729875, 0.192450089729875, 0.192450089729875, 
0.192450089729875, 0.192450089729875, 0.192450089729875, 0.192450089729875, 
0.192450089729875, 0.192450089729875, 0.192450089729875, 0.192450089729875, 
0.192450089729875, 0.192450089729875, 0.192450089729875, 0.192450089729875, 
0.192450089729875, 0.192450089729875, 0.192450089729875, 0.192450089729875, 
0.192450089729875, 0.192450089729875, 0.192450089729875, 0.192450089729875, 
0.192450089729875, 0.192450089729875, -354.49306528243, 55.0514910485326, 
-0.262648730564587, -0.0446709833420646, -0.0446709833420646, 
0.245966012954632, 0.300460449760263, 0.300460449760263, 0.118812327074827, 
0.118812327074827, 0.00982345346356597, -0.171824669221869, -0.135495044684782, 
-0.135495044684782, -0.171824669221869, -0.0446709833420646, 
-0.135495044684782, 0.100647514806284, -0.317143167370218, -0.407967228712935, 
0.0824827025377401, -0.262648730564587, 0.191471576149001, -0.171824669221869, 
0.00982345346356597, -0.0446709833420646, 0.173306763880458, 
-275.588528493181, 11.1128284834, -62.5577173981076, 0.10161710532702, 
-0.122176226371868, 0.0394012134197227, 0.397394361939732, -0.0342070634795521, 
0.0726151303711, -0.0232962974998521, 0.123920256298698, 0.518476733762206, 
0.0591167743813944, -0.00482417753257362, 0.214757212170858, 
0.245484247133449, -0.0687651294465417, -0.249195600196469, 0.00608658844712643, 
-0.00444326654151556, -0.107434429387769, -0.147447878344609, 
0.28884710808241, 0.118845784299906, -0.0838878374216985, 0.341395675004401, 
-0.144860288334603, -297.527838722387, 13.7770009494531, -28.9594852165855, 
-51.9492795524088, 0.0988365208527554, 0.0401308143329892, 0.0607755382752056, 
-0.0569130101522298, 0.0507909536384459, -0.255549880341645, 
-0.31170631775714, -0.53620028395586, 0.275608028973495, 0.315208377670498, 
0.113890454913551, 0.236875872870583, 0.0660655497683471, -0.215680418933989, 
0.0780724172678627, -0.165342291505476, 0.154723845557598, -0.0849682419857643, 
0.0282736799014502, 0.269538703492107, -0.12525654917205, 0.100477169398638, 
0.216093819680976, -340.05930855269, 9.16112032076878, -22.7429908872938, 
-23.6586691430467, -41.5904349702595, 0.129920521602738, -0.0626488163908281, 
0.047610811750027, -0.21024591355955, 0.0442297017702402, -0.131057729272586, 
-0.182992671039885, 0.124976713141286, -0.315596269177915, 0.114877803535194, 
-0.524398881985214, 0.223987500334245, -0.230320910807451, -0.0808933238508872, 
-0.0278315737085241, -0.359849122180297, 0.114541856529972, 0.407947357893794, 
0.10909566863792, -0.206911721588284, 0.023550948592027, -0.0169450609049214, 
-391.058582331106, 7.7826129008338, -5.63086239511256, 2.23492524683782, 
-19.0766011727567, 40.1496937366263, -0.124734132675538, -0.122415144971939, 
0.212996014995605, 0.06661918176777, 0.357085826030472, 0.119574947678342, 
0.107490358355765, 0.566136145407764, 0.0929727839924803, -0.0996826295227636, 
-0.103501328488736, 0.208887501236874, 0.0117962376169083, 0.0361292672007786, 
0.400531279869029, 0.129409345807068, 0.159981239247943, 0.100613173262771, 
-0.197868070263874, 0.192593609296064, -0.0718461661878236, -224.589254714764, 
0.157428372994049, -16.2414542206588, -23.4638749700369, -16.2390177809544, 
7.38288539394204, 41.3532456275505, 0.0738342184855471, 0.203598442762314, 
-0.0858710268377221, 0.221309040010841, 0.0591343744714308, 0.0980434998553861, 
0.142419918481156, -0.336021046436827, -0.245086900726674, 0.00426283448676865, 
-0.0490252704227493, 0.0675665443003277, 0.0284403544084062, 
-0.252772661557993, 0.121146799442544, -0.510256311628211, 0.0432377434643719, 
0.0445739916069134, -0.131134728471139, 0.190268413883929), .Dim = c(27L, 
7L), .Dimnames = list(c("1", "2", "3", "5", "7", "8", "9", "10", 
"11", "12", "13", "14", "15", "16", "17", "18", "19", "21", "22", 
"23", "24", "25", "26", "27", "28", "29", "30"), c("x1", "x2", 
"x3", "x4", "x5", "x6", "x7")), assign = 1:7), qraux = c(1.19245008972988, 
1.30046044976026, 1.26816830909618, 1.15273075147935, 1.03963364548811, 
1.27768895174324, 1.53515563242039), pivot = 1:7, tol = 1e-07, 
    rank = 7L), .Names = c("qr", "qraux", "pivot", "tol", "rank"
), class = "qr"), df.residual = 20L, xlevels = structure(list(), .Names = character(0)), 
    call = quote(lm(formula = y ~ . + 0, data = structure(list(y = c(43, 
        63, 71, 81, 58, 71, 72, 67, 64, 67, 69, 68, 77, 81, 74, 
        65, 65, 50, 64, 53, 40, 63, 66, 78, 48, 85, 82), x1 = c(1, 
        1, 1, 1, 1, 1, 1, 1, 1, 1, 1, 1, 1, 1, 1, 1, 1, 1, 1, 
        1, 1, 1, 1, 1, 1, 1, 1), x2 = c(64, 51, 82, 70, 70, 54, 
        51, 51, 61, 61, 67, 77, 75, 75, 77, 70, 75, 62, 85, 90, 
        63, 82, 57, 77, 67, 70, 58), x3 = c(30, 51, 68, 56, 42, 
        50, 72, 45, 53, 47, 57, 83, 54, 50, 64, 65, 46, 33, 52, 
        52, 42, 42, 66, 58, 44, 71, 39), x4 = c(39, 54, 69, 66, 
        56, 55, 67, 47, 58, 39, 42, 45, 72, 72, 69, 75, 57, 34, 
        62, 50, 58, 48, 63, 74, 45, 71, 59), x5 = c(61, 63, 76, 
        71, 66, 70, 71, 62, 58, 59, 55, 59, 79, 60, 79, 55, 75, 
        43, 66, 63, 50, 66, 88, 80, 51, 77, 64), x6 = c(92, 73, 
        86, 83, 68, 66, 83, 80, 67, 74, 63, 77, 77, 54, 79, 80, 
        85, 64, 80, 80, 57, 75, 76, 78, 83, 74, 78), x7 = c(45, 
        47, 48, 47, 35, 41, 31, 41, 34, 41, 25, 35, 46, 36, 63, 
        60, 46, 33, 41, 37, 49, 33, 72, 49, 38, 55, 39)), .Names = c("y", 
        "x1", "x2", "x3", "x4", "x5", "x6", "x7"),