
expected <- structure(list(coefficients = structure(c(2.77900890154005, 0.708918414719678, 
-0.138864976238301, 0.328502826986981, 0.105323177173096, 0.0742177824063984, 
-0.190444505651576), .Names = c("x1", "x2", "x3", "x4", "x5", 
"x6", "x7")), residuals = structure(c(-9.47290240655958, 0.248221757924137, 
2.86527351585588, -1.83567415278165, 7.28252604597908, -11.5853818737879, 
1.04477967048727, -8.5506486941726, 6.28443859998109, 9.39650768295375, 
9.09900424553948, -2.87661275082031, 0.839004786183034, -4.81386103977529, 
-3.2116486743512, 1.6644071053458, -3.0810091523052, -4.18722823823054, 
7.70368894443238, -1.72428074288647, -2.92123277416212, 4.71736355109776, 
-1.24957736693881, 4.81096655005401, -8.15459356128965, 6.84561019498923, 
0.862858777238441), .Names = c("1", "2", "3", "4", "5", "6", 
"8", "9", "10", "12", "13", "14", "15", "16", "17", "18", "19", 
"20", "21", "22", "24", "25", "26", "27", "28", "29", "30")), 
    effects = structure(c(-339.4819582835, 54.8283956586102, 
    5.80475161533608, 9.31821960428338, 5.78409953094435, 1.68573844259076, 
    7.96401845746984, -4.13129330514851, 8.22617258097223, 12.2666723580859, 
    13.2702159301541, -1.02068145800059, 3.30261224744723, 1.45190680719526, 
    -1.61483402435331, 3.93871395282505, -2.63935053949326, -5.22705511144566, 
    8.44077919381751, 2.46582411867684, -1.91207899487577, 8.40855796699296, 
    -1.42140725131621, 5.33847307792194, -9.08582928471784, 9.64498284777214, 
    6.48390760123466), .Names = c("x1", "x2", "x3", "x4", "x5", 
    "x6", "x7", "", "", "", "", "", "", "", "", "", "", "", "", 
    "", "", "", "", "", "", "", "")), rank = 7L, fitted.values = structure(c(52.4729024065596, 
    62.7517782420759, 68.1347264841441, 62.8356741527817, 73.7174739540209, 
    54.5853818737879, 69.9552203295127, 80.5506486941726, 60.7155614000189, 
    57.6034923170463, 59.9009957544605, 70.8766127508203, 76.160995213817, 
    85.8138610397753, 77.2116486743512, 63.3355928946542, 68.0810091523052, 
    54.1872282382305, 42.2963110555676, 65.7242807428865, 42.9212327741621, 
    58.2826364489022, 67.2495773669388, 73.189033449946, 56.1545935612896, 
    78.1543898050108, 81.1371412227616), .Names = c("1", "2", 
    "3", "4", "5", "6", "8", "9", "10", "12", "13", "14", "15", 
    "16", "17", "18", "19", "20", "21", "22", "24", "25", "26", 
    "27", "28", "29", "30")), assign = 1:7, qr = structure(list(
        qr = structure(c(-5.19615242270663, 0.192450089729875, 
        0.192450089729875, 0.192450089729875, 0.192450089729875, 
        0.192450089729875, 0.192450089729875, 0.192450089729875, 
        0.192450089729875, 0.192450089729875, 0.192450089729875, 
        0.192450089729875, 0.192450089729875, 0.192450089729875, 
        0.192450089729875, 0.192450089729875, 0.192450089729875, 
        0.192450089729875, 0.192450089729875, 0.192450089729875, 
        0.192450089729875, 0.192450089729875, 0.192450089729875, 
        0.192450089729875, 0.192450089729875, 0.192450089729875, 
        0.192450089729875, -348.719562590534, 70.3467601717852, 
        -0.0780287364412797, 0.0214783337195374, -0.191751102339356, 
        0.135200699617614, -0.149105215127578, -0.248612285288395, 
        0.0499089251940565, 0.0641242209313161, 0.035693629456797, 
        -0.262827581025654, -0.177535806602097, -0.362334651186471, 
        -0.291258172500173, 0.0641242209313161, -0.0780287364412797, 
        0.0925548124058353, 0.348430135676508, 0.0499089251940565, 
        0.391076022888286, 0.149415995354874, -0.177535806602097, 
        -0.149105215127578, 0.106770108143095, -0.291258172500173, 
        -0.248612285288395, -278.475279839129, 37.4320326308127, 
        -53.0034098114856, -0.075706467318834, -0.012820834695724, 
        0.0769060743699957, -0.0970914619501152, 0.250473687390347, 
        -0.0564200426149869, -0.0090434088263427, 0.160337273653413, 
        0.448364292940387, -0.040911043780521, -0.241739647228969, 
        0.0706103645876936, 0.330557384104143, -0.124342243063939, 
        0.406443940963071, -0.0803131118449159, 0.0756469324135353, 
        0.118416921676098, -0.0455176883066029, 0.185489484839803, 
        0.0538422237967673, -0.0367139039256529, 0.202677339616216, 
        -0.372127766315544, -293.87128701752, 38.6703428372584, 
        -11.1993092197911, 48.2684858320112, -0.107781713378168, 
        0.123670080364893, 0.0546436939298392, 0.0157286801850715, 
        0.0785726316673404, 0.250959607742599, 0.275155952383693, 
        0.557391283462209, -0.253908605931057, -0.183741834899432, 
        -0.0598830973881054, -0.366755652799726, -0.0531978074521516, 
        0.0744881674426076, 0.103155243763194, -0.182367420860423, 
        -0.35276932207614, -0.0166088494611066, 0.0179571101637227, 
        -0.282048775483992, 0.0825405083636648, -0.0514962842411523, 
        -0.0534055120873466, -325.818001912679, -10.8194195333587, 
        -3.63624918557807, -16.0122771329482, 50.8621122592137, 
        -0.184856809875349, 0.12333648218004, -0.259829823589472, 
        -0.0956125329854571, -0.225042410485279, -0.0716812917136386, 
        -0.0594938735369556, 0.0404294958316013, 0.0734300266738776, 
        -0.11842719491677, -0.356979300910502, 0.123095650862713, 
        0.10120724387969, 0.261014064049268, -0.379852555255532, 
        0.186484668089313, -0.20417077885386, -0.0482488735713339, 
        0.248464623605099, 0.297915751943399, -0.151131348344704, 
        -0.304842032793345, -390.288781972187, 8.70923785502774, 
        -2.19264660625914, 1.47069026615051, -2.36533869546289, 
        51.1297407240451, 0.272891315808203, -0.0207472785295287, 
        -0.0637330552127671, 0.062620403015259, 0.324519088183454, 
        0.198769977353584, 0.0356265501068685, 0.515481897900845, 
        0.0478550681151143, -0.0790781704348731, -0.131929144617797, 
        0.0457246420410182, 0.199978723218741, -0.0950017806451568, 
        0.302311598968168, -0.00919063562517743, 0.106461942089742, 
        0.0368118102175348, -0.100822478942878, 0.162325196600424, 
        -0.0214052462251087, -227.476006060713, 10.7846710326676, 
        -14.0153888247995, 26.0485431054199, -3.16465135407611, 
        11.0740791483922, -41.8180531395337, -0.4233750666218, 
        0.000290086690434057, 0.152293867490067, -0.207479224422952, 
        0.0587506721576788, -0.150629405955974, -0.180959234106458, 
        0.350252975365329, 0.00625693520199865, -0.0035915677953429, 
        0.141923719997972, -0.0505873928472521, -0.235504536822944, 
        -0.0323727294602834, -0.229056120988624, 0.620377860044763, 
        -0.130759267476422, -0.0855519144407249, 0.153720182948941, 
        -0.0809315050335776), .Dim = c(27L, 7L), .Dimnames = list(
            c("1", "2", "3", "4", "5", "6", "8", "9", "10", "12", 
            "13", "14", "15", "16", "17", "18", "19", "20", "21", 
            "22", "24", "25", "26", "27", "28", "29", "30"), 
            c("x1", "x2", "x3", "x4", "x5", "x6", "x7")), assign = 1:7), 
        qraux = c(1.19245008972988, 1.00726303798228, 1.29072539273999, 
        1.09374745055647, 1.28860954877227, 1.53582506119596, 
        1.04185686156902), pivot = 1:7, tol = 1e-07, rank = 7L), .Names = c("qr", 
    "qraux", "pivot", "tol", "rank"), class = "qr"), df.residual = 20L, 
    xlevels = structure(list(), .Names = character(0)), call = quote(lm(formula = y ~ 
        . + 0, data = structure(list(y = c(43, 63, 71, 61, 81, 
        43, 71, 72, 67, 67, 69, 68, 77, 81, 74, 65, 65, 50, 50, 
        64, 40, 63, 66, 78, 48, 85, 82), x1 = c(1, 1, 1, 1, 1, 
        1, 1, 1, 1, 1, 1, 1, 1, 1, 1, 1, 1, 1, 1, 1, 1, 1, 1, 
        1, 1, 1, 1), x2 = c(51, 64, 70, 63, 78, 55, 75, 82, 61, 
        60, 62, 83, 77, 90, 85, 60, 70, 58, 40, 61, 37, 54, 77, 
        75, 57, 85, 82), x3 = c(30, 51, 68, 45, 56, 49, 50, 72, 
        45, 47, 57, 83, 54, 50, 64, 65, 46, 68, 33, 52, 42, 42, 
        66, 58, 44, 71, 39),