
expected <- structure(list(coefficients = structure(c(16.5048665427808, -0.0792423685207282, 
0.10990629651137, 0.506479140893933, 0.494613084447042, 0.0852283355726898, 
-0.449764820656068), .Names = c("x1", "x2", "x3", "x4", "x5", 
"x6", "x7")), residuals = structure(c(-8.78076423096825, 3.79456669943184, 
-6.42329083320622, 3.79921721152566, 8.61476538738853, -12.4103181034267, 
-9.34820007603949, -9.68796689114298, 7.21772506324119, -1.97775942895947, 
13.4411667067508, 7.82921190085943, 3.77820993963686, -2.57505055887298, 
9.27952332292259, 0.973748913850516, 3.06479269015862, -9.50804389472943, 
7.26507207442528, -4.70089583016247, -9.14594248351113, -13.4508569317523, 
0.109321905288495, -1.70348440511276, -6.42743405562474, 11.5746024214248, 
15.3980834866043), .Names = c("1", "2", "3", "4", "5", "6", "7", 
"9", "10", "11", "12", "13", "14", "15", "16", "17", "18", "20", 
"21", "22", "23", "24", "25", "27", "28", "29", "30")), effects = structure(c(-334.285805860793, 
15.2949785651222, -27.0141790252445, 30.2426773361953, -16.8971841906067, 
-0.590037592658241, -16.4519503527699, -3.56267902245675, 7.20702186354658, 
4.70548246849067, 12.5655831180475, 13.4576024991525, 7.81360321188403, 
0.65262259560439, 20.2019162555805, 1.84939257713575, 8.90018013213568, 
-9.37377637790105, 9.10359937011295, -1.95269460293092, -8.71208553978147, 
-6.91164534380824, -0.0420659327008939, 1.19442188638004, -4.79469150872966, 
13.7382647046136, 18.104091830497), .Names = c("x1", "x2", "x3", 
"x4", "x5", "x6", "x7", "", "", "", "", "", "", "", "", "", "", 
"", "", "", "", "", "", "", "", "", "")), rank = 7L, fitted.values = structure(c(51.7807642309683, 
59.2054333005682, 77.4232908332062, 57.2007827884743, 72.3852346126115, 
55.4103181034267, 67.3482000760395, 81.687966891143, 59.7822749367588, 
65.9777594289595, 53.5588332932492, 61.1707880991406, 64.2217900603631, 
79.575050558873, 71.7204766770774, 73.0262510861495, 61.9352073098414, 
59.5080438947294, 42.7349279255747, 68.7008958301625, 62.1459424835111, 
53.4508569317523, 62.8906780947115, 79.7034844051128, 54.4274340556247, 
73.4253975785752, 66.6019165133957), .Names = c("1", "2", "3", 
"4", "5", "6", "7", "9", "10", "11", "12", "13", "14", "15", 
"16", "17", "18", "20", "21", "22", "23", "24", "25", "27", "28", 
"29", "30")), assign = 1:7, qr = structure(list(qr = structure(c(-5.19615242270663, 
0.192450089729875, 0.192450089729875, 0.192450089729875, 0.192450089729875, 
0.192450089729875, 0.192450089729875, 0.192450089729875, 0.192450089729875, 
0.192450089729875, 0.192450089729875, 0.192450089729875, 0.192450089729875, 
0.192450089729875, 0.192450089729875, 0.192450089729875, 0.192450089729875, 
0.192450089729875, 0.192450089729875, 0.192450089729875, 0.192450089729875, 
0.192450089729875, 0.192450089729875, 0.192450089729875, 0.192450089729875, 
0.192450089729875, 0.192450089729875, -344.100760437017, -65.3809350397091, 
-0.0891990850122352, 0.170815550594843, -0.104494063577357, -0.180968956402969, 
-0.0891990850122352, -0.073904106447113, -0.150378999272724, 
-0.0891990850122352, -0.073904106447113, -0.211558913533213, 
-0.211558913533213, -0.196263934968091, -0.0891990850122352, 
-0.456278570575169, 0.277880400550698, 0.277880400550698, 0.231995464855332, 
0.124930614899476, 0.277880400550698, -0.135084020707602, 0.277880400550698, 
-0.0891990850122352, -0.073904106447113, 0.231995464855332, -0.0891990850122352, 
-275.588528493181, 8.24739233072648, -63.6155915063755, -0.0535818445136675, 
0.0962652924534143, -0.0201779721039581, -0.122525073871404, 
0.3503389004789, -0.0804927007489824, 0.0503885112973766, -0.0426465203592374, 
0.103014423875168, 0.511719261546831, 0.0571376427191305, 0.0032302607968002, 
0.192546832197226, 0.269776777568614, 0.31693502806919, -0.237088969137818, 
0.0526096652873944, 0.0654243587327824, -0.12636948190502, -0.0917698096024724, 
0.128985595465004, -0.0898047708598139, 0.36024887053615, -0.16968332437198, 
-291.754336030491, 7.78344464758443, -29.9401245049784, 54.6846810491914, 
-0.158008518647096, 0.177861867857813, -0.116877759391252, -0.0168438727525934, 
0.0811245989215324, -0.0427203426224798, 0.243521769140805, 0.296578200101081, 
0.503445410744426, -0.283026586051722, -0.328932829368957, -0.113803901568337, 
-0.252135285673218, 0.162083799369099, 0.177909252598768, -0.137214446493381, 
0.0741675461411456, -0.151033706142561, 0.0100765594239716, -0.28497470275498, 
0.103602537589574, -0.1161727107185, -0.201937020244265, -328.319853079167, 
10.6470045233879, -21.0955327080299, 25.396253328466, -34.535839144197, 
-0.133242731888201, 0.0623727504483572, -0.0603420800698443, 
0.068833984504687, -0.236378757833894, 0.110912513902744, -0.10338169258759, 
-0.119210774667601, 0.135049962430338, -0.387267311470883, 0.113356315814985, 
-0.57711192844218, 0.00157898395678136, -0.186389225583508, -0.0343503204524998, 
0.0872679373728843, -0.438478280668905, 0.237980341366254, 0.134519055698405, 
-0.204624430692134, 0.0964509272703413, -0.0325919188170594, 
-387.979380895428, -9.29934696759432, -9.79364777473141, 2.60568863614195, 
-24.8698144164879, 42.9919681668765, 0.203695847359358, -0.0606446302388252, 
-0.0448399843762559, 0.0839966862877388, 0.158104893933609, 0.306150508548872, 
0.125816374067189, 0.0811893021540264, 0.240176043027231, 0.056513072446735, 
-0.366379033001359, 0.135372114010706, 0.140247363192633, -0.0658246529684755, 
0.0557638779918114, 0.102486532465524, 0.218194366453447, 0.0914329779732585, 
-0.29911531543601, 0.280324112517854, -0.118434657604399, -217.276151305029, 
-1.76062197705185, -14.2528852425299, 22.7616082209249, -5.12335895419564, 
9.45865769650383, 36.5790066212196, 0.46847935573173, -0.0661101507048133, 
0.225874322561689, -0.198284902956351, 0.187918355359256, -0.0358958365640223, 
0.115939260012519, 0.324637535521457, -0.456076822807796, -0.129622214611628, 
-0.238507666354815, -0.00115094260786069, 0.191683187431167, 
0.155953714152072, -0.210939902274898, 0.233592552567845, 0.0798322382067023, 
0.021607049284323, -0.109371774553102, 0.179815411005372), .Dim = c(27L, 
7L), .Dimnames = list(c("1", "2", "3", "4", "5", "6", "7", "9", 
"10", "11", "12", "13", "14", "15", "16", "17", "18", "20", "21", 
"22", "23", "24", "25", "27", "28", "29", "30"), c("x1", "x2", 
"x3", "x4", "x5", "x6", "x7")), assign = 1:7), qraux = c(1.19245008972988, 
1.23199546485533, 1.28617976380026, 1.06420302958901, 1.00323745134112, 
1.56170946093369, 1.19347093688233), pivot = 1:7, tol = 1e-07, 
    rank = 7L), .Names = c("qr", "qraux", "pivot", "tol", "rank"
), class = "qr"), df.residual = 20L, xlevels = structure(list(), .Names = character(0)), 
    call = quote(lm(formula = y ~ . + 0, data = structure(list(y = c(43, 
        63, 71, 61, 81, 43, 58, 72, 67, 64, 67, 69, 68, 77, 81, 
        74, 65, 50, 50, 64, 53, 40, 63, 78, 48, 85, 82), x1 = c(1, 
        1, 1, 1, 1, 1, 1, 1, 1, 1, 1, 1, 1, 1, 1, 1, 1, 1, 1, 
        1, 1, 1, 1, 1, 1, 1, 1), x2 = c(70, 82, 61, 78, 60, 55, 
        61, 62, 57, 61, 62, 53, 53, 54, 61, 37, 85, 85, 82, 75, 
        85, 58, 85, 61, 62, 82, 61), x3 = c(30, 51, 68, 45, 56, 
        49, 42, 72, 45, 53, 47, 57, 83, 54, 50, 64, 65, 68, 33, 
        52, 52, 42, 42, 58, 44, 71, 39), x4 = c(39, 54, 69, 47, 
        66, 44, 56, 67, 47, 58, 39, 42, 45, 72, 72, 69, 75, 54, 
        34, 62, 50, 58, 48, 74, 45, 71, 59), x5 = c(61, 63, 76, 
        54, 71, 54, 66, 71, 62, 58, 59, 55, 59, 79, 60, 79, 55, 
        64, 43, 66, 63, 50, 66, 80, 51, 77, 64), x6 = c(92, 73, 
        86, 84, 83, 49, 68, 83, 80, 67, 74, 63, 77, 77, 54, 79, 
        80, 78, 64, 80, 80, 57, 75, 78, 83, 74, 78), x7 = c(45, 
        47, 48, 35, 47, 34, 35, 31, 41, 34, 41, 25, 35, 46, 36, 
        63, 60, 52, 33, 41, 37, 49, 33, 49, 38, 55, 39)), .Names = c("y", 
        "x1", "x2", "x3", "x4", "x5", "x6", "x7"),