
expected <- structure(list(coefficients = structure(c(16.2286603136439, 0.717152820997012, 
-0.0728805769159726, -0.116066462664572, 0.202352185274803, 0.0465033356062562, 
-0.120526547107431), .Names = c("x1", "x2", "x3", "x4", "x5", 
"x6", "x7")), residuals = structure(c(-12.3154105255004, -0.0843917590294612, 
3.94232868884054, -1.01267628769647, 5.22748909201469, -11.8250406009387, 
-1.2797222839141, -4.50179614842239, 5.71198449716875, 4.67537993750992, 
7.79979645968078, -7.89743883926397, -0.00964264448227592, -1.21875008102905, 
-1.99978862042482, 11.218149025754, -3.0729092633218, -6.33014298926363, 
6.52215932817623, -0.372855309468379, -1.34183822518935, 6.01690623745369, 
-6.45472257527293, 6.89123561887689, -6.79437054057969, 6.04958959776499, 
2.45647821055684), .Names = c("1", "2", "3", "4", "5", "6", "8", 
"9", "10", "12", "13", "14", "15", "16", "17", "18", "19", "20", 
"21", "22", "24", "25", "26", "27", "28", "29", "30")), effects = structure(c(-339.4819582835, 
54.8283956586102, 5.80475161533608, 5.78003014003608, 5.31177128292395, 
2.04941016774925, -4.88423352274929, -5.56970614782814, 7.31277672615448, 
5.67878169571216, 7.95696306257036, -11.8515316387628, 3.99439422907827, 
3.67466316851954, 3.23707387232833, 11.0800131995415, 0.973787836854001, 
-6.23137189593052, 7.95575142946069, 0.145601132656643, 2.15423024146038, 
8.93536489554882, 0.619915586420261, 11.7453059680967, -7.22725638656941, 
9.21799839377462, 5.30411609324816), .Names = c("x1", "x2", "x3", 
"x4", "x5", "x6", "x7", "", "", "", "", "", "", "", "", "", "", 
"", "", "", "", "", "", "", "", "", "")), rank = 7L, fitted.values = structure(c(55.3154105255004, 
63.0843917590295, 67.0576713111595, 62.0126762876965, 75.7725109079853, 
54.8250406009387, 72.2797222839141, 76.5017961484224, 61.2880155028313, 
62.3246200624901, 61.2002035403192, 75.897438839264, 77.0096426444823, 
82.218750081029, 75.9997886204248, 53.781850974246, 68.0729092633218, 
56.3301429892636, 43.4778406718238, 64.3728553094684, 41.3418382251893, 
56.9830937625463, 72.4547225752729, 71.1087643811231, 54.7943705405797, 
78.950410402235, 79.5435217894432), .Names = c("1", "2", "3", 
"4", "5", "6", "8", "9", "10", "12", "13", "14", "15", "16", 
"17", "18", "19", "20", "21", "22", "24", "25", "26", "27", "28", 
"29", "30")), assign = 1:7, qr = structure(list(qr = structure(c(-5.19615242270663, 
0.192450089729875, 0.192450089729875, 0.192450089729875, 0.192450089729875, 
0.192450089729875, 0.192450089729875, 0.192450089729875, 0.192450089729875, 
0.192450089729875, 0.192450089729875, 0.192450089729875, 0.192450089729875, 
0.192450089729875, 0.192450089729875, 0.192450089729875, 0.192450089729875, 
0.192450089729875, 0.192450089729875, 0.192450089729875, 0.192450089729875, 
0.192450089729875, 0.192450089729875, 0.192450089729875, 0.192450089729875, 
0.192450089729875, 0.192450089729875, -348.719562590534, 70.3467601717852, 
-0.0780287364412797, 0.0214783337195374, -0.191751102339356, 
0.135200699617614, -0.149105215127578, -0.248612285288395, 0.0499089251940565, 
0.0641242209313161, 0.035693629456797, -0.262827581025654, -0.177535806602097, 
-0.362334651186471, -0.291258172500173, 0.0641242209313161, -0.0780287364412797, 
0.0925548124058353, 0.348430135676508, 0.0499089251940565, 0.391076022888286, 
0.149415995354874, -0.177535806602097, -0.149105215127578, 0.106770108143095, 
-0.291258172500173, -0.248612285288395, -278.475279839129, 37.4320326308127, 
-53.0034098114856, -0.075706467318834, -0.012820834695724, 0.0769060743699957, 
-0.0970914619501152, 0.250473687390347, -0.0564200426149869, 
-0.0090434088263427, 0.160337273653413, 0.448364292940387, -0.040911043780521, 
-0.241739647228969, 0.0706103645876936, 0.330557384104143, -0.124342243063939, 
0.406443940963071, -0.0803131118449159, 0.0756469324135353, 0.118416921676098, 
-0.0455176883066029, 0.185489484839803, 0.0538422237967673, -0.0367139039256529, 
0.202677339616216, -0.372127766315544, -289.444934953732, -4.72105766207432, 
-12.0644978780381, -64.0920364408232, -0.213709065075599, -0.0330257886815321, 
0.0155094936185039, 0.0951363218123705, 0.0530880934748388, -0.33559749480045, 
-0.0600626068043415, -0.324310834056219, -0.251721670016584, 
-0.0997985741855585, 0.258536114644582, 0.153713602513815, 0.321404833246997, 
-0.0718130958335313, 0.0651410310937424, -0.361656956344627, 
-0.197628929396491, 0.191774008178687, -0.00872793811423896, 
0.265919835338097, 0.313228432818889, -0.203016622472664, -0.151827255239054, 
-337.172557206741, 36.836569687152, -5.16778260521913, -9.63726560588613, 
40.1017572549765, 0.148313562470155, -0.0282807872678551, 0.13623228093989, 
-0.0046372363031541, 0.0603182201772116, 0.239082681173892, 0.492282667057218, 
-0.217086775221924, 0.380464117682604, -0.0676549155443243, 0.263231985017883, 
-0.220092429582328, 0.0270980369590257, 0.18144269298606, -0.0786147496951109, 
0.014010985552707, -0.192007251466274, -0.374711410014251, -0.231012851641802, 
0.227518507658167, 0.00687662605587115, 0.137068943874947, -390.288781972187, 
8.70923785502774, -2.19264660625914, -15.4551575776701, 15.1424363465074, 
46.4096204385754, 0.295075591622098, 0.0200003491819313, -0.0447850930412565, 
-0.100966289823458, 0.266117937825887, -0.0681599630425746, -0.0149839117602632, 
0.470691432432357, 0.199986056269471, 0.0116194260985127, 0.0333038195374605, 
-0.00462505523449493, 0.183594400035703, -0.201238387263634, 
0.261337284967958, 0.131086309227491, 0.179625397676044, 0.208912643380326, 
-0.0434545027655156, 0.104600315132418, -0.0820101954897242, 
-227.476006060713, 10.7846710326676, -14.0153888247995, -8.37933504879562, 
29.0979938815654, 0.902639206678796, 40.5241304921459, 0.358856228279491, 
0.0538130779891824, 0.0241279272551191, 0.325086226185558, 0.0941364454148849, 
0.113681715116653, -0.122181289784047, -0.363374603697208, -0.472857298156269, 
0.0716408198126941, -0.0987506148396697, 0.0372727010770269, 
0.158635844407763, -0.199330038961453, 0.344270745577435, -0.36461454837467, 
0.0580264184111864, -0.0284322659454392, -0.167874342562819, 
-0.0390442767137337), .Dim = c(27L, 7L), .Dimnames = list(c("1", 
"2", "3", "4", "5", "6", "8", "9", "10", "12", "13", "14", "15", 
"16", "17", "18", "19", "20", "21", "22", "24", "25", "26", "27", 
"28", "29", "30"), c("x1", "x2", "x3", "x4", "x5", "x6", "x7"
)), assign = 1:7), qraux = c(1.19245008972988, 1.00726303798228, 
1.29072539273999, 1.05851710101109, 1.00428845593283, 1.55378829798434, 
1.05652951490155), pivot = 1:7, tol = 1e-07, rank = 7L), .Names = c("qr", 
"qraux", "pivot", "tol", "rank"), class = "qr"), df.residual = 20L, 
    xlevels = structure(list(), .Names = character(0)), call = quote(lm(formula = y ~ 
        . + 0, data = structure(list(y = c(43, 63, 71, 61, 81, 
        43, 71, 72, 67, 67, 69, 68, 77, 81, 74, 65, 65, 50, 50, 
        64, 40, 63, 66, 78, 48, 85, 82), x1 = c(1, 1, 1, 1, 1, 
        1, 1, 1, 1, 1, 1, 1, 1, 1, 1, 1, 1, 1, 1, 1, 1, 1, 1, 
        1, 1, 1, 1), x2 = c(51, 64, 70, 63, 78, 55, 75, 82, 61, 
        60, 62, 83, 77, 90, 85, 60, 70, 58, 40, 61, 37, 54, 77, 
        75, 57, 85, 82), x3 = c(30, 51, 68, 45, 56, 49, 50, 72, 
        45, 47, 57, 83, 54, 50, 64, 65, 46, 68, 33, 52, 42, 42, 
        66, 58, 44, 71, 39), x4 = c(56, 50, 69, 58, 42, 55, 55, 
        67, 58, 34, 55, 44, 39, 45, 74, 72, 74, 59, 58, 34, 45, 
        67, 59, 74, 75, 47, 39), x5 = c(61, 63, 76, 54, 71, 54, 
        70, 71, 62, 59, 55, 59, 79, 60, 79, 55, 75, 64, 43, 66, 
        50, 66, 88, 80, 51, 77, 64), x6 = c(92, 73, 86, 84, 83, 
        49, 66, 83, 80, 74, 63, 77, 77, 54, 79, 80, 85, 78, 64, 
        80, 57, 75, 76, 78, 83, 74, 78), x7 = c(45, 47, 48, 35, 
        47, 34, 41, 31, 41, 41, 25, 35, 46, 36, 63, 60, 46, 52, 
        33, 41, 49, 33, 72, 49, 38, 55, 39)), .Names = c("y", 
        "x1", "x2", "x3", "x4", "x5", "x6", "x7"),