
expected <- structure(list(coefficients = structure(c(3.7265077009687, 0.581912603849361, 
-0.0371821421915768, 0.358788425329873, 0.156231934524406, 0.0514176132859138, 
-0.243917707605823), .Names = c("x1", "x2", "x3", "x4", "x5", 
"x6", "x7")), residuals = structure(c(-5.49798765697163, 2.23072835268117, 
-0.804730326545003, 1.976057584439, -10.3272080816345, -6.33959706436642, 
3.25916433691752, -6.65614319533245, 6.83730126666374, 6.65782456322204, 
13.0974024901852, 8.69892395599195, -1.65446058655171, -0.649619393298175, 
-1.56550226153678, -0.438253514689967, 0.233963800472338, -3.04347514574947, 
-6.4718808936523, 11.6450550673434, -9.27070390265332, 1.41471756005617, 
-5.70827831399925, 3.64413156179228, -8.11490931502449, 9.26526389458691, 
1.02385723817222), .Names = c("1", "2", "4", "5", "6", "7", "8", 
"9", "10", "11", "12", "13", "14", "15", "16", "17", "18", "19", 
"20", "21", "23", "25", "26", "27", "28", "29", "30")), effects = structure(c(-301.367388986004, 
-163.510340230737, -0.603720382926765, -13.1601797890574, 2.24244766425588, 
1.91843896766577, 9.20976817822676, -4.82505885089718, 8.46820836505595, 
7.08749953564732, 14.0265022400973, 15.2833316079837, 4.87433872449631, 
0.122845578793105, 1.87688461851093, -2.18779820484231, 0.578787333800213, 
-3.82962240999225, -5.55606837515813, 9.25968415323996, -9.06683931845047, 
6.40371428529674, -2.51230576659286, 1.77855818066242, -7.55232639346429, 
8.83187085509269, 7.21170956881477), .Names = c("x1", "x2", "x3", 
"x4", "x5", "x6", "x7", "", "", "", "", "", "", "", "", "", "", 
"", "", "", "", "", "", "", "", "", "")), rank = 7L, fitted.values = structure(c(48.4979876569716, 
60.7692716473188, 61.804730326545, 79.023942415561, 53.3272080816345, 
64.3395970643664, 67.7408356630825, 78.6561431953324, 60.1626987333363, 
57.342175436778, 53.9025975098148, 60.301076044008, 69.6544605865517, 
77.6496193932982, 82.5655022615368, 74.43825351469, 64.7660361995277, 
68.0434751457495, 56.4718808936523, 38.3549449326566, 62.2707039026533, 
61.5852824399438, 71.7082783139993, 74.3558684382077, 56.1149093150245, 
75.7347361054131, 80.9761427618278), .Names = c("1", "2", "4", 
"5", "6", "7", "8", "9", "10", "11", "12", "13", "14", "15", 
"16", "17", "18", "19", "20", "21", "23", "25", "26", "27", "28", 
"29", "30")), assign = 1:7, qr = structure(list(qr = structure(c(-6.63852032842509, 
0.158320607650026, 0.231860991740729, 0.329079255219626, 0.189763494604351, 
0.0626701426618503, 0.07655930751815, 0.0719089398627376, 0.229480686962125, 
0.13939820386491, 0.150400885172834, 0.223887468680463, 0.14781142591648, 
0.159110451646389, 0.11521632341713, 0.0631177890126081, 0.294596889557344, 
0.149619173935669, 0.183886017727972, 0.0867970643049588, 0.118336065628812, 
0.338883280630172, 0.269106262682386, 0.0712041231769785, 0.221105118458916, 
0.0411839994545727, 0.36559491069947, -307.249834105096, -183.890019964083, 
-0.0652719918903831, -0.154718731513887, -0.034722294373585, 
0.254104785381428, 0.273176535669842, 0.319423256635988, -0.0719608494010961, 
0.042999526940949, 0.06171087486857, -0.0566837522997149, 0.19134076768044, 
0.138836385127585, 0.286745240608699, 0.351201922280215, -0.191945187965726, 
0.117466317997191, -0.00806909022684467, 0.0648360802458046, 
0.150744490828412, -0.302477844269141, -0.0546579108811701, 0.282596872811163, 
-0.0789794682917783, 0.389785784059709, -0.197201509702655, -239.890873426658, 
-139.243929286286, 54.8406510128265, 0.0411490055252772, -0.140017584079042, 
0.169675587235203, 0.134832337686155, -0.167414584721089, 0.0131263930015748, 
-0.235801239867108, -0.0291181196792518, -0.191042180922257, 
-0.361887586346683, 0.0813663882076809, 0.341699198397085, 0.0215672005611039, 
-0.372450574599618, 0.129809984304888, -0.443676604091504, -0.0483917612188448, 
-0.0325646991617416, -0.0420608901133264, -0.148974697175084, 
-0.0104837377325095, -0.0240059900568595, -0.103777128876844, 
0.403556560055726, -253.497170410564, -145.086919075076, 9.78962993788712, 
-43.9901540440499, -0.0671370273346553, 0.100800047137517, -0.0800512885584242, 
-0.0291646390278101, -0.0646651561717605, 0.263518035354011, 
-0.231882147758551, -0.260142013766215, -0.618109431338932, 0.242993933124915, 
0.094129278129229, 0.0223959935777463, 0.460485179863759, 0.0456910630040629, 
0.0107036968897635, 0.0198048930580407, -0.0880170603335695, 
0.0544032920214273, -0.0477671441905598, 0.3067400086049, -0.0480821098602947, 
0.031078841336891, -0.0674237451676733, -293.923976447784, -164.88065531142, 
9.12991094740023, -18.2927050017915, 42.8028882554568, -0.137632284288073, 
-0.0795541090997105, 0.179046681910296, -0.0288425132403577, 
0.0131127719208949, -0.053695498195987, 0.193151986101093, 0.480433763285493, 
-0.0962885609625803, 0.448863694906505, -0.0180684358334919, 
0.437689188695026, -0.22138266449204, 0.0382430026700873, -0.0791448188229194, 
-0.00879331023529168, -0.145200746766183, -0.201059920649119, 
-0.168767483965803, 0.157545675771974, 0.0680882239521709, 0.295115366172901, 
-347.57884269835, -164.764016276732, 17.6806582561757, -9.83302498881669, 
41.1549327758889, 58.6066933058537, 0.218917780424319, -0.175622265088617, 
0.0272730950219113, -0.0852155562735842, 0.0353075892285613, 
0.181018032104413, -0.0663265127593744, 0.183733548172256, 0.0938331526036752, 
0.0686038911205039, -0.353720868205964, 0.0783413603993066, -0.0402073166801221, 
-0.23349783388927, -0.108895578127592, 0.320953539010933, 0.626512723168838, 
0.0576436299257601, -0.286515843393373, 0.0533980337788539, 0.203901398197038, 
-196.737824420624, -100.88277813113, 18.0901761933618, -24.5430056538574, 
26.8976732103722, 4.48912600667059, -37.7576858548948, -0.49678009656876, 
-0.0177304015274894, -0.314454999759755, 0.089522833662185, -0.279483582388085, 
-0.069216676604355, -0.165826150078727, 0.0713263564045829, 0.328345326602719, 
0.228670369319892, -0.0665695347742041, 0.0495251006496013, 0.0154301402928176, 
-0.150522668180589, -0.313849255624545, 0.441620361229205, -0.168120473890573, 
-9.72791265299858e-05, 0.112198457986796, 0.0790261198350118), .Dim = c(27L, 
7L), .Dimnames = list(c("1", "2", "4", "5", "6", "7", "8", "9", 
"10", "11", "12", "13", "14", "15", "16", "17", "18", "19", "20", 
"21", "23", "25", "26", "27", "28", "29", "30"), c("x1", "x2", 
"x3", "x4", "x5", "x6", "x7")), assign = 1:7), qraux = c(1.10747980925701, 
1.06953137525875, 1.04099929556097, 1.0547425941465, 1.06823840255377, 
1.05404843321737, 1.00169863214442), pivot = 1:7, tol = 1e-07, 
    rank = 7L), .Names = c("qr", "qraux", "pivot", "tol", "rank"
), class = "qr"), df.residual = 20L, xlevels = structure(list(), .Names = character(0)), 
    call = quote(lm(formula = y ~ . + 0, data = structure(list(y = c(43, 
        63, 61, 81, 43, 58, 71, 72, 67, 64, 67, 69, 68, 77, 81, 
        74, 65, 65, 50, 50, 53, 63, 66, 78, 48, 85, 82), x1 = c(0.713506898647887, 
        1.05101457229331, 1.53921390703963, 2.18459932543848, 
        1.25974881652397, 0.416037016045994, 0.508240519289387, 
        0.477368959074281, 1.52341220537902, 0.925397810103153, 
        0.998439333632985, 1.48628151211489, 0.981249155720053, 
        1.05625796771945, 0.764865905171018, 0.419008725445445, 
        1.95568744001723, 0.993249927694108, 1.22073106680028, 
        0.576204075836089, 0.785576377262714, 2.24968354742678, 
        1.78646739532352, 0.472690019178056, 1.46781082360835, 
        0.273400817585029, 2.42700924664719), x2 = c(51, 64, 
        63, 78, 55, 67, 75, 82, 61, 53, 60, 62, 83, 77, 90, 85, 
        60, 70, 58, 40, 66, 54, 77, 75, 57, 85, 82), x3 = c(30, 
        51, 45, 56, 49, 42, 50, 72, 45, 53, 47, 57, 83, 54, 50, 
        64, 65, 46, 68, 33, 52, 42, 66, 58, 44, 71, 39), x4 = c(39, 
        54, 47, 66, 44, 56, 55, 67, 47, 58, 39, 42, 45, 72, 72, 
        69, 75, 57, 54, 34, 50, 48, 63, 74, 45, 71, 59),