
expected <- structure(list(coefficients = structure(c(45.6936302013696, 0.699329563639105, 
-0.14966223621713, 0.26089414527749, 0.0338605018774517, -0.383692182528765, 
-0.176113355199448), .Names = c("x1", "x2", "x3", "x4", "x5", 
"x6", "x7")), residuals = structure(c(-7.4894575545204, 4.08433515379896, 
6.25513043928577, 0.368565841466348, 3.11765158259865, -11.5989639889768, 
-9.01580463429706, -0.382087532294785, -9.36377872095235, 8.16932890239286, 
4.15715439901638, 2.14810522562814, 9.605934547169, -1.34575903895462, 
2.10960062226467, -2.77965575359128, -0.444419685396265, 4.98896783695023, 
0.158616959846104, -5.16564499984306, 5.15060075677682, 1.01703382165433, 
-4.42898906538775, -7.7709650206638, 5.27563741471727, -0.85589469987256, 
4.0347571911852), .Names = c("1", "2", "3", "4", "5", "6", "7", 
"8", "9", "10", "11", "12", "13", "14", "15", "16", "17", "18", 
"19", "20", "21", "22", "23", "24", "25", "26", "30")), effects = structure(c(-332.553755053224, 
-47.3569455303206, 4.84740410534456, 8.393226700135, -3.79798831725931, 
13.9110793404812, -6.85030224923301, -0.421154576805098, -12.4806203793533, 
10.0737282159128, 5.47374029245553, -3.67984349471323, 11.050568475939, 
-6.52931919336731, 3.90679413853637, -0.930801227933971, -3.06155887388639, 
3.82810081059921, 3.58805843862755, -7.38232284870433, 8.66483181545997, 
3.21731351120898, 0.813238746139481, -5.96172517512275, 8.92874344975464, 
-4.66746656713434, 5.30676980294322), .Names = c("x1", "x2", 
"x3", "x4", "x5", "x6", "x7", "", "", "", "", "", "", "", "", 
"", "", "", "", "", "", "", "", "", "", "", "")), rank = 7L, 
    fitted.values = structure(c(50.4894575545204, 58.915664846201, 
    64.7448695607142, 60.6314341585337, 77.8823484174013, 54.5989639889768, 
    67.0158046342971, 71.3820875322948, 81.3637787209524, 58.8306710976071, 
    59.8428456009836, 64.8518947743719, 59.394065452831, 69.3457590389546, 
    74.8903993777353, 83.7796557535913, 74.4444196853963, 60.0110321630498, 
    64.8413830401539, 55.1656449998431, 44.8493992432232, 62.9829661783457, 
    57.4289890653878, 47.7709650206638, 57.7243625852827, 66.8558946998726, 
    77.9652428088148), .Names = c("1", "2", "3", "4", "5", "6", 
    "7", "8", "9", "10", "11", "12", "13", "14", "15", "16", 
    "17", "18", "19", "20", "21", "22", "23", "24", "25", "26", 
    "30")), assign = 1:7, qr = structure(list(qr = structure(c(-5.19615242270663, 
    0.192450089729875, 0.192450089729875, 0.192450089729875, 
    0.192450089729875, 0.192450089729875, 0.192450089729875, 
    0.192450089729875, 0.192450089729875, 0.192450089729875, 
    0.192450089729875, 0.192450089729875, 0.192450089729875, 
    0.192450089729875, 0.192450089729875, 0.192450089729875, 
    0.192450089729875, 0.192450089729875, 0.192450089729875, 
    0.192450089729875, 0.192450089729875, 0.192450089729875, 
    0.192450089729875, 0.192450089729875, 0.192450089729875, 
    0.192450089729875, 0.192450089729875, -342.753609808908, 
    -68.0364825881156, 0.0948302518508885, -0.00805572540306698, 
    0.212414225855409, -0.125639699407587, 0.0507362615991933, 
    0.168320235603714, 0.271206212857669, -0.0374517189041971, 
    -0.155035692908718, -0.0521497156547622, -0.022753722153632, 
    0.285904209608234, 0.197716229104844, 0.38879018686219, 0.315300203109364, 
    -0.0521497156547622, 0.0948302518508885, -0.0815457091558923, 
    -0.346109650666063, -0.0374517189041971, 0.0360382648486282, 
    -0.390203640917759, -0.140337696158153, 0.197716229104844, 
    0.271206212857669, -273.471577506153, -31.9186052397271, 
    -53.7540597150277, -0.068940024584522, -0.00259405148006831, 
    0.0792274842913807, -0.161627025089866, -0.0865555811570526, 
    0.258180623295055, -0.0505013934329394, 0.172079099712536, 
    -0.00407558572236198, 0.163518243799986, 0.453597014460587, 
    -0.0305812280390631, -0.224845314793922, 0.0816967080285368, 
    0.330782843490713, -0.114871987547668, 0.405031212844475, 
    -0.0801347191500383, 0.0797213290388119, 0.0336247511598553, 
    0.114952442183873, -0.0417759226045793, 0.192657724769653, 
    -0.355726496928915, -288.867584684543, -31.8151748922231, 
    -10.7420708495204, 46.8713246981527, -0.13207290309552, 0.133572442022195, 
    -0.0936583501173797, 0.0390282479705255, -0.0104238354988438, 
    0.0803242194515253, -0.149301402981008, 0.258912388977911, 
    0.280950787064172, 0.545622146599228, -0.281277578713764, 
    -0.22401796861094, -0.0913695887295397, -0.378185415255976, 
    -0.0659608194573539, 0.0783902646598316, 0.130862578649903, 
    -0.188771043885741, 0.100465325642289, -0.335626137821619, 
    -0.00934067039045085, -0.00195424574144852, -0.0798415502449372, 
    -333.131105322414, -32.1902459944875, -3.50937878261533, 
    12.5105472128115, 36.7100149615495, 0.105468531550408, -0.0163289196565963, 
    -0.0743779624692305, 0.10616874208099, -0.0442868132532681, 
    0.14586505507458, -0.0567084134011468, 0.111337397184802, 
    0.205441270383676, -0.110224244778494, 0.487591828964769, 
    -0.0793765462796747, 0.479426441905598, -0.225703681410317, 
    -0.0115209159943874, 0.174779033093848, 0.0241286688068917, 
    0.00353639775883807, 0.245564261049768, -0.191502340867816, 
    -0.44201655452141, 0.166482574751288, -394.715134035974, 
    -8.80355568333846, 6.62959394736057, 0.228743198723313, 2.42785359473742, 
    -35.3491450795914, 0.00988616980520322, -0.154960020838112, 
    -0.360235210143385, 0.0296938807459244, -0.0998913679340806, 
    -0.656741470006201, 0.0586864954130306, -0.0368696566967611, 
    -0.077904662615779, 0.229316886017332, -0.0648639272840775, 
    0.216768902597527, 0.0706918154793141, -0.0620218285507149, 
    0.13877002155494, -0.00567814722128604, 0.416927075548342, 
    0.0236364089747614, -0.0976065959240264, -0.256858579011696, 
    -0.0133083368853397, -220.547802830437, -8.28150461356839, 
    -12.875499479707, 23.6840296439762, 23.3341724624296, -1.97536815974487, 
    38.897119650438, 0.0908343750714508, 0.419105135939796, -0.0111321208332826, 
    0.252428508478588, -0.119604678227773, 0.235265538342293, 
    -0.0754246960307153, 0.242583485193974, 0.0805954953874739, 
    -0.275217890477637, -0.374588229928004, 0.0989447601464305, 
    -0.174393078924103, -0.0865000764659557, 0.183028122677256, 
    0.0982255652304527, -0.155577959200789, 0.321277134742114, 
    -0.344351951124419, 0.0196318872502204), .Dim = c(27L, 7L
    ), .Dimnames = list(c("1", "2", "3", "4", "5", "6", "7", 
    "8", "9", "10", "11", "12", "13", "14", "15", "16", "17", 
    "18", "19", "20", "21", "22", "23", "24", "25", "26", "30"
    ), c("x1", "x2", "x3", "x4", "x5", "x6", "x7")), assign = 1:7), 
        qraux = c(1.19245008972988, 1.0066422713475, 1.29439942593498, 
        1.09361073781378, 1.04916408911488, 1.10533370782165, 
        1.24142964090327), pivot = 1:7, tol = 1e-07, rank = 7L), .Names = c("qr", 
    "qraux", "pivot", "tol", "rank"), class = "qr"), df.residual = 20L, 
    xlevels = structure(list(), .Names = character(0)), call = quote(lm(formula = y ~ 
        . + 0, data = structure(list(y = c(43, 63, 71, 61, 81, 
        43, 58, 71, 72, 67, 64, 67, 69, 68, 77, 81, 74, 65, 65, 
        50, 50, 64, 53, 40, 63, 66, 82), x1 = c(1, 1, 1, 1, 1, 
        1, 1, 1, 1, 1, 1, 1, 1, 1, 1, 1, 1, 1, 1, 1, 1, 1, 1, 
        1, 1, 1, 1), x2 = c(51, 64, 70, 63, 78, 55, 67, 75, 82, 
        61, 53, 60, 62, 83, 77, 90, 85, 60, 70, 58, 40, 61, 66, 
        37, 54, 77, 82), x3 = c(30, 51, 68, 45, 56, 49, 42, 50, 
        72, 45, 53, 47, 57, 83, 54, 50, 64, 65, 46, 68, 33, 52, 
        52, 42, 42, 66, 39), x4 = c(39, 54, 69, 47, 66, 44, 56, 
        55, 67, 47, 58, 39, 42, 45, 72, 72, 69, 75, 57, 54, 34, 
        62, 50, 58, 48, 63, 59), x5 = c(61, 63, 76, 54, 71, 54, 
        66, 70, 71, 62, 58, 59, 55, 59, 79, 60, 79, 55, 75, 64, 
        43, 66, 63, 50, 66, 88, 64),