
expected <- structure(list(coefficients = structure(c(14.0296746910169, 0.693413908254919, 
-0.0823171451933229, 0.396776410239771, -0.0232128261939777, 
-0.045177616733896, -0.202825773766151), .Names = c("x1", "x2", 
"x3", "x4", "x5", "x6", "x7")), residuals = structure(c(-6.41581613462932, 
1.88315695505378, 1.90089941817155, -0.415208491386983, 5.46920225131937, 
-10.8282833198788, -9.09576270354229, 0.722045549577533, -7.99688121483079, 
6.10955132168612, 12.9693842135239, 10.2387558670648, -2.7940420203507, 
0.00679879413975093, 2.01833568862074, -3.11366419588305, -4.56480404883937, 
7.99742873687333, 0.0917017448041857, -9.95286104643294, -4.39285457908232, 
7.00951358714907, -1.31344315158788, 2.78692060210525, -7.46251912304798, 
6.39608265200523, 2.74636264739779), .Names = c("1", "2", "3", 
"4", "5", "6", "7", "8", "9", "11", "12", "13", "14", "15", "18", 
"19", "20", "21", "22", "23", "24", "25", "26", "27", "28", "29", 
"30")), effects = structure(c(-330.436804066196, -51.0689079508119, 
2.68611967430661, 13.3743426997647, -4.06745681732396, 0.155432145833068, 
-7.42282046180991, 3.84376822685336, -7.10345185004105, 7.42170011212953, 
15.9969658448849, 14.108161839304, -6.41305480544996, 2.40138811514817, 
-2.68006081825833, -3.73440552928406, -5.32856169477638, 9.07709834952037, 
0.139623484829888, -7.61482505202064, -2.57849498613623, 10.641470486581, 
-2.27081364338424, 5.45771411682785, -6.19382359038541, 5.88066352219948, 
0.937378655829034), .Names = c("x1", "x2", "x3", "x4", "x5", 
"x6", "x7", "", "", "", "", "", "", "", "", "", "", "", "", "", 
"", "", "", "", "", "", "")), rank = 7L, fitted.values = structure(c(49.4158161346293, 
61.1168430449462, 69.0991005818285, 61.415208491387, 75.5307977486806, 
53.8282833198788, 67.0957627035423, 70.2779544504225, 79.9968812148308, 
57.8904486783139, 54.0306157864761, 58.7612441329352, 70.7940420203507, 
76.9932012058602, 62.9816643113793, 68.113664195883, 54.5648040488394, 
42.0025712631267, 63.9082982551958, 62.9528610464329, 44.3928545790823, 
55.9904864128509, 67.3134431515879, 75.2130793978948, 55.462519123048, 
78.6039173479948, 79.2536373526022), .Names = c("1", "2", "3", 
"4", "5", "6", "7", "8", "9", "11", "12", "13", "14", "15", "18", 
"19", "20", "21", "22", "23", "24", "25", "26", "27", "28", "29", 
"30")), assign = 1:7, qr = structure(list(qr = structure(c(-5.19615242270663, 
0.192450089729875, 0.192450089729875, 0.192450089729875, 0.192450089729875, 
0.192450089729875, 0.192450089729875, 0.192450089729875, 0.192450089729875, 
0.192450089729875, 0.192450089729875, 0.192450089729875, 0.192450089729875, 
0.192450089729875, 0.192450089729875, 0.192450089729875, 0.192450089729875, 
0.192450089729875, 0.192450089729875, 0.192450089729875, 0.192450089729875, 
0.192450089729875, 0.192450089729875, 0.192450089729875, 0.192450089729875, 
0.192450089729875, 0.192450089729875, -339.09705810404, -64.6156729066964, 
0.108983611697181, 0.000650761707243416, 0.232792583114252, -0.123158209709828, 
0.062555247415779, 0.18636421883285, 0.294697068822788, -0.154110452564096, 
-0.0457776025741583, -0.0148253597198905, 0.310173190249921, 
0.217316461687118, -0.0457776025741583, 0.108983611697181, -0.0767298454284261, 
-0.355300031116836, -0.0303014811470244, 0.0470791259886451, 
-0.401728395398238, -0.138634331136962, 0.217316461687118, 0.18636421883285, 
-0.09220596685556, 0.341125433104189, 0.294697068822788, -276.165878762371, 
-38.1635422496297, -51.8743814456437, -0.0855473432092191, -0.04856337822439, 
0.0849309466482844, -0.190063826433519, -0.12921405674444, 0.213189566166732, 
0.185382533999306, -0.011979315364881, 0.157451833421777, 0.413569170333353, 
-0.0754469377310734, 0.335012773954993, -0.147967824504566, 0.416187023010466, 
-0.0484397098142874, 0.0727362590284481, 0.0143806736063798, 
0.160069686098891, -0.0383393043361418, 0.155881121815509, 0.0250046496199481, 
-0.0347979789982857, 0.158898876617943, -0.42296259758637, -289.252484864003, 
-31.3907329613699, -13.3466992843226, 48.2336760195802, -0.136472883490647, 
0.140388076539147, -0.101260795485054, 0.0269506847315662, -0.00615291317959386, 
-0.128078914877611, 0.254458693873492, 0.284006477751736, 0.544488861880237, 
-0.282411587864147, -0.345938555488481, -0.0735791413930778, 
0.103119148399489, 0.13807943157391, -0.176514074493189, 0.0989021682106239, 
-0.302490055363458, -0.0046328365620625, 0.00149287179026787, 
-0.302089745621851, 0.0897596230145777, -0.0812154818399324, 
-0.107903985368068, -334.478255950523, -38.7894653829049, 0.555667010559441, 
19.0140992758694, 32.1220941799484, 0.0644213454757995, 0.0522421677534954, 
-0.0210833672358523, 0.163670913661582, 0.140162659569243, -0.111606539492539, 
0.0561403290095904, 0.14546592893897, -0.00441921145649144, 0.56382389376036, 
-0.188644216175881, -0.101678496626264, 0.114186051183665, 0.0536649202013496, 
0.00290461537673168, 0.238031508303309, -0.23220855273184, -0.472311567154308, 
-0.0370957764954307, 0.212842629828227, 0.0817780411828128, 0.347018395759617, 
-377.587076050015, -1.76943654983561, -29.7797356566914, 4.83054439186762, 
-8.23741431418865, -39.5581506747761, 0.332138507370681, 0.277839314258302, 
-0.00171712957881782, -0.0627989482102242, 0.284953060106772, 
0.332847549842717, -0.224866441403723, 0.0932376630564208, -0.10360463454332, 
-0.427381006075417, -0.116717473408411, -0.0211426533036645, 
-0.230764420916552, 0.154037685036855, 0.236053116301094, -0.0873865535833112, 
-0.221163040892126, 0.142347562474051, 0.215005875572227, 0.0995033408914657, 
-0.159037183420116, -220.932703009897, -10.2044959173061, -11.7299946118344, 
25.1646453224406, 18.2124732291761, 8.04488893968161, 36.5970277050099, 
0.00364599803661702, 0.432885457231187, 0.293920173067529, -0.187197549546666, 
0.198864005456901, 0.0144739291683541, 0.181742019994046, -0.350699941444698, 
0.16485198558504, -0.145998133202366, -0.0439775962807276, 0.235641992236081, 
0.0663886493215123, -0.199351930730837, 0.345077963032006, -0.374046288926844, 
0.140960864980733, -0.141889471006768, -0.146167660180003, 0.0350820611432085
), .Dim = c(27L, 7L), .Dimnames = list(c("1", "2", "3", "4", 
"5", "6", "7", "8", "9", "11", "12", "13", "14", "15", "18", 
"19", "20", "21", "22", "23", "24", "25", "26", "27", "28", "29", 
"30"), c("x1", "x2", "x3", "x4", "x5", "x6", "x7")), assign = 1:7), 
    qraux = c(1.19245008972988, 1.01612688313438, 1.2761336179975, 
    1.08835711112596, 1.14919751195942, 1.24270524015273, 1.15394380185994
    ), pivot = 1:7, tol = 1e-07, rank = 7L), .Names = c("qr", 
"qraux", "pivot", "tol", "rank"), class = "qr"), df.residual = 20L, 
    xlevels = structure(list(), .Names = character(0)), call = quote(lm(formula = y ~ 
        . + 0, data = structure(list(y = c(43, 63, 71, 61, 81, 
        43, 58, 71, 72, 64, 67, 69, 68, 77, 65, 65, 50, 50, 64, 
        53, 40, 63, 66, 78, 48, 85, 82), x1 = c(1, 1, 1, 1, 1, 
        1, 1, 1, 1, 1, 1, 1, 1, 1, 1, 1, 1, 1, 1, 1, 1, 1, 1, 
        1, 1, 1, 1), x2 = c(51, 64, 70, 63, 78, 55, 67, 75, 82, 
        53, 60, 62, 83, 77, 60, 70, 58, 40, 61, 66, 37, 54, 77, 
        75, 57, 85, 82), x3 = c(30, 51, 68, 45, 56, 49, 42, 50, 
        72, 53, 47, 57, 83, 54, 65, 46, 68, 33, 52, 52, 42, 42, 
        66, 58, 44, 71, 39), x4 = c(39, 54, 69, 47, 66, 44, 56, 
        55, 67, 58, 39, 42, 45, 72, 75, 57, 54, 34, 62, 50, 58, 
        48, 63, 74, 45, 71, 59), x5 = c(61, 63, 76, 54, 71, 54, 
        66, 70, 71, 58, 59, 55, 59, 79, 55, 75, 64, 43, 66, 63, 
        50, 66, 88, 80, 51, 77, 64), x6 = c(54, 78, 83, 64, 66, 
        80, 78, 78, 80, 73, 78, 86, 74, 75, 80, 49, 77, 63, 64, 
        76, 83, 63, 67, 80, 76, 83, 54), x7 = c(45, 47, 48, 35, 
        47, 34, 35, 41, 31, 34, 41, 25, 35, 46, 60, 46, 52, 33, 
        41, 37, 49, 33, 72, 49, 38, 55, 39)), .Names = c("y", 
        "x1", "x2", "x3", "x4", "x5", "x6", "x7"),