
expected <- structure(list(coefficients = structure(c(1.80061633973566, 0.679971040191731, 
-0.194995184090163, 0.430755565968658, 0.0540571051281511, 0.065459166388325, 
-0.124672587209718), .Names = c("x1", "x2", "x3", "x4", "x5", 
"x6", "x7")), residuals = structure(c(-8.34174343342563, 4.65659788071158, 
4.51517589056437, 1.05438009790659, 4.78880872227661, -7.95510531527211, 
-7.9864136634505, 5.61002379693094, -5.11802892354045, 9.25559043712896, 
9.53205355058291, 10.278479901551, 0.0253681379738597, -1.91161099949143, 
-3.1681564430769, -3.44304380525716, -3.07455420787434, -6.88609720895053, 
7.91243362251893, -1.75155576683858, -7.55777062704295, -2.07916745485369, 
-1.57032043746054, 3.61486356523624, -6.73538937440297, 3.4790748155121, 
3.63437610505998), .Names = c("1", "2", "3", "4", "5", "6", "7", 
"8", "9", "10", "11", "12", "14", "15", "16", "17", "19", "20", 
"21", "22", "23", "24", "26", "27", "28", "29", "30")), effects = structure(c(-196.698807499338, 
-276.909005039535, 2.95592601637078, 18.9103865745498, 0.811784387464575, 
3.95336444095819, -4.00014608843825, 5.33175323869917, -4.54527569560223, 
9.94043516169592, 8.89846064539903, 14.8868595293155, 0.692311384477141, 
1.82822434277548, -6.41877627905785, -4.79571038697635, -0.469136576563282, 
-5.28088917982302, 9.77242761789564, 0.835809339316761, -7.77919768437418, 
-6.64581191305697, -0.143979284483293, 4.08472913593018, -9.33772294432479, 
6.14426530467394, 3.31518557629109), .Names = c("x1", "x2", "x3", 
"x4", "x5", "x6", "x7", "", "", "", "", "", "", "", "", "", "", 
"", "", "", "", "", "", "", "", "", "")), rank = 7L, fitted.values = structure(c(51.3417434334256, 
58.3434021192884, 66.4848241094356, 59.9456199020934, 76.2111912777234, 
50.9551053152721, 65.9864136634505, 65.3899762030691, 77.1180289235405, 
57.744409562871, 54.4679464494171, 56.721520098449, 67.9746318620261, 
78.9116109994914, 84.1681564430769, 77.4430438052572, 68.0745542078743, 
56.8860972089505, 42.0875663774811, 65.7515557668386, 60.557770627043, 
42.0791674548537, 67.5703204374605, 74.3851364347638, 54.735389374403, 
81.5209251844879, 78.36562389494), .Names = c("1", "2", "3", 
"4", "5", "6", "7", "8", "9", "10", "11", "12", "14", "15", "16", 
"17", "19", "20", "21", "22", "23", "24", "26", "27", "28", "29", 
"30")), assign = 1:7, qr = structure(list(qr = structure(c(-7.40465643318049, 
-0.0611489640897458, -0.0996894770437035, 0.118698675286899, 
0.168886870904113, 0.170292631955543, 0.0630309571289255, -0.190683673466457, 
0.0849863897789241, 0.0989091311273171, 0.0373657099718973, 0.402521174452019, 
0.335368574077703, 0.186999340540398, -0.0437927897096197, 0.0611755798177547, 
0.0757461730221853, 0.402323231344432, 0.320876572557905, 0.301006305386323, 
0.0189161535117874, -0.0149147160268715, 0.0141856291894029, 
-0.037524296821484, 0.129030968786275, 0.362636792685523, 0.0821269083012686, 
-203.061807077539, -294.302399763244, 0.312663738348304, 0.124986708870782, 
0.138290368233736, 0.0590844894484424, 0.180354668357039, 0.39794073660952, 
0.214845938402158, 0.133042275000304, 0.152045338058492, -0.0982048372297675, 
0.0303415342580545, 0.121299785704929, 0.338672720624926, 0.242908638981552, 
0.181005981093558, -0.104852019683936, -0.104890992682496, -0.0186239382264207, 
0.210063278572392, 0.136913952116217, 0.250989878059567, 0.283000472050756, 
0.0968455234887937, 0.0166735084903469, 0.216991870076354, -172.824653936731, 
-217.469900060429, -51.3466801201036, -0.0692572375378554, -0.0846403024902335, 
0.115174163722394, -0.174875695212666, -0.0845106468221744, 0.185514599665343, 
-0.0359793906330888, 0.249354577075316, -0.0441252535614511, 
0.334214781517734, -0.112646141689273, -0.333783308978245, -0.00933029860240822, 
-0.143440837061932, 0.394154207840134, -0.00763687356686377, 
0.0592625976931899, 0.0434746928856238, 0.27979031466516, 0.156192224677013, 
0.0401558144931247, -0.00306929807584614, 0.065711055967276, 
-0.456594111859555, -160.985917460414, -247.836608689326, -17.5018521378862, 
44.4098518861086, -0.093071916061168, 0.0569809670014871, -0.0887990216575209, 
0.19312490706357, 0.104391588504016, 0.0535753737041513, -0.200282933448521, 
0.130712675065455, 0.619587761638092, -0.264551467187723, -0.0573477284793716, 
0.0343929393005922, -0.0437086596200811, -0.0468100371199557, 
-0.09706727659101, -0.294669389416121, 0.137725247503371, -0.475466256854828, 
0.105342284050933, -0.218935548176583, 0.0298093327723786, -0.0565638363889752, 
-0.00484586007431116, -194.542369922009, -278.780855597824, -18.284287014892, 
27.6359261380792, 37.2752101552968, 0.0306639919844388, -0.0602672267637176, 
-0.223140338208576, 0.242324306764506, -0.135859504739942, 0.127218561499441, 
-0.0607358311791033, 0.31574616301961, 0.0683567820903157, 0.540302653333157, 
0.0438620123800959, -0.240855602007711, 0.15705333297497, 0.0446545988642536, 
0.165524390637298, -0.0831944630186781, 0.165732555328004, -0.380711744524998, 
-0.0263984542039637, 0.104692772737319, 0.30703480559097, 0.149881911682384, 
-239.973738290214, -301.103555808328, -15.57377292442, 23.5432797848674, 
46.1335466596526, 58.0613559699814, 0.0919339790845587, 0.145595240835303, 
0.0127251928942563, -0.0939987812093412, -0.112701099987313, 
0.207493682221256, 0.292806037108216, 0.194364408124065, 0.101453001478304, 
0.196270293680034, 0.0134539889298545, 0.152818436253097, -0.0890778628873684, 
-0.0341211618700892, -0.10162675688725, -0.250316956415197, 0.450618367952973, 
0.0577460785941288, -0.359661745002906, 0.41440600564106, -0.0919594646815071, 
-132.994505066816, -179.186087208846, -19.975784343105, 26.1039416554751, 
33.8732769405687, -1.22494032734329, 32.0852095714466, 0.11996230744628, 
0.449742485534992, 0.0496947275806254, 0.204916982298143, 0.00314769210341935, 
-0.0121017957918883, 0.269130152576395, -0.0855406324191535, 
-0.347245031242776, 0.193613546966514, -0.185943448000532, -0.0503931713501931, 
0.196379809428094, 0.150825139329548, -0.368294393817124, -0.334266918951563, 
0.187075267852562, -0.12548644740204, -0.118575472980245, 0.0209220403151464
), .Dim = c(27L, 7L), .Dimnames = list(c("1", "2", "3", "4", 
"5", "6", "7", "8", "9", "10", "11", "12", "14", "15", "16", 
"17", "19", "20", "21", "22", "23", "24", "26", "27", "28", "29", 
"30"), c("x1", "x2", "x3", "x4", "x5", "x6", "x7")), assign = 1:7), 
    qraux = c(1.15031551414912, 1.26335336125331, 1.32068512562274, 
    1.0711459549878, 1.17485021271819, 1.33423421282194, 1.29977589310488
    ), pivot = 1:7, tol = 1e-07, rank = 7L), .Names = c("qr", 
"qraux", "pivot", "tol", "rank"), class = "qr"), df.residual = 20L, 
    xlevels = structure(list(), .Names = character(0)), call = quote(lm(formula = y ~ 
        . + 0, data = structure(list(y = c(43, 63, 71, 61, 81, 
        43, 58, 71, 72, 67, 64, 67, 68, 77, 81, 74, 65, 50, 50, 
        64, 53, 40, 66, 78, 48, 85, 82), x1 = c(1.11303473885111, 
        -0.452787070329459, -0.738166327512058, 0.878922909573136, 
        1.25054925511986, 1.26095843273285, 0.466722582194222, 
        -1.41194708943589, 0.629295017809295, 0.732388134102181, 
        0.276680244723766, 2.98053100389751, 2.48328906953103, 
        1.38466586993297, -0.324270562050256, 0.452984150651084, 
        0.560874387357527, 2.97906530319251, 2.3759807772478, 
        2.22884827560673, 0.140067617792086, -0.110438347977434, 
        0.105039710436025, -0.277854525859776, 0.955429993102805, 
        2.6852008598668, 0.608121539890213), x2 = c(51, 64, 70, 
        63, 78, 55, 67, 75, 82, 61, 53, 60, 83, 77, 90, 85, 70, 
        58, 40, 61, 66, 37, 77, 75, 57, 85, 82), x3 = c(30, 51, 
        68, 45, 56, 49, 42, 50, 72, 45, 53, 47, 83, 54, 50, 64, 
        46, 68, 33, 52, 52, 42, 66, 58, 44, 71, 39), x4 = c(39, 
        54, 69, 47, 66, 44, 56, 55, 67, 47, 58, 39, 45, 72, 72, 
        69, 57, 54, 34, 62, 50, 58, 63, 74, 45, 71, 59),