
expected <- structure(list(coefficients = structure(c(-1.20163622729241, 
0.167869980667905, 0.121722960220821, 0.017493539839821, 0.424954761993373, 
0.401374628150196, -0.264171850280628), .Names = c("x1", "x2", 
"x3", "x4", "x5", "x6", "x7")), residuals = structure(c(-26.7548678265334, 
8.17660296999899, 6.73318680902868, -1.74232443769081, -20.6144159983565, 
-8.90017727824115, 8.78168377190718, 8.72518314713169, -0.94411712111038, 
-3.24374492617831, -1.21107400575434, 3.47983340587854, 9.94257018874085, 
20.9085418026681, 7.27566516769488, -1.80224640868542, -5.60915286180223, 
-22.1620567657379, -1.54296217506722, -6.21184583206874, -18.0618569998875, 
0.554847370392595, 6.59393390592123, 15.2078842995197, -13.6376906929195, 
27.1440243470102, 18.8456360250692), .Names = c("1", "3", "4", 
"5", "6", "7", "8", "9", "10", "11", "12", "13", "15", "16", 
"17", "18", "19", "20", "22", "23", "24", "25", "26", "27", "28", 
"29", "30")), effects = structure(c(-292.139223006461, -160.783059839027, 
-31.5911890701151, 15.0012746334442, 33.1938179732659, 19.4406663339574, 
-8.9545364469587, 17.3074167898999, -3.65713320075892, -3.84075301553533, 
-1.8144935992686, 12.1879790214677, 12.7291904708735, 19.910455996181, 
2.65510746180018, 9.28760230025744, -9.82781401029387, -18.4747471034508, 
8.35941437499242, -7.1215135426118, -18.9695444801956, 8.81087402405949, 
19.0395572944721, 16.7550648213562, -11.9883474339631, 23.9571241915283, 
32.5627685148153), .Names = c("x1", "x2", "x3", "x4", "x5", "x6", 
"x7", "", "", "", "", "", "", "", "", "", "", "", "", "", "", 
"", "", "", "", "", "")), rank = 7L, fitted.values = structure(c(69.7548678265334, 
62.823397030001, 54.2668131909713, 82.7423244376908, 63.6144159983565, 
66.9001772782412, 62.2183162280928, 63.2748168528683, 67.9441171211104, 
67.2437449261783, 68.2110740057543, 65.5201665941215, 67.0574298112592, 
60.0914581973319, 66.7243348323051, 66.8022464086854, 70.6091528618022, 
72.1620567657379, 65.5429621750672, 59.2118458320687, 58.0618569998875, 
62.4451526296074, 59.4060660940788, 62.7921157004803, 61.6376906929195, 
57.8559756529898, 63.1543639749308), .Names = c("1", "3", "4", 
"5", "6", "7", "8", "9", "10", "11", "12", "13", "15", "16", 
"17", "18", "19", "20", "22", "23", "24", "25", "26", "27", "28", 
"29", "30")), assign = 1:7, qr = structure(list(qr = structure(c(-6.68551544566685, 
-0.0122146414365003, 0.230231149647146, 0.326766027719584, 0.18842957237358, 
0.062229609583154, 0.0760211420375669, 0.0714034636452276, 0.227867576966919, 
0.138418319069615, 0.149343658203664, 0.222313675616172, 0.157992001709315, 
0.114406422569371, 0.062674109251669, 0.292526052166223, 0.148567441922204, 
0.182593410593567, 0.25721046498442, 0.117504234886164, 0.0372497346087913, 
0.336501136779946, 0.267214608932121, 0.0707036013931319, 0.219550883628531, 
0.0408945009262122, 0.363025000296758, -312.330808511575, -194.11199358748, 
-0.152987053329345, -0.148317658254603, 0.0334839234219215, 0.311044577142261, 
0.280064125394366, 0.329925436527221, -0.127953892875804, 0.0344150418241527, 
0.106684036456324, 0.0215424155024738, 0.00290910766614947, 0.0999911903153209, 
0.155662162365889, -0.125406342176754, 0.0823794086243547, 0.0186555631996053, 
-0.0438123032125236, 0.0890379411916012, 0.203276939638262, -0.346857855326216, 
-0.114064719202471, 0.295174482467069, -0.13298504758371, 0.23766434157545, 
-0.365621764596818, -237.269112059732, -134.14702468565, -64.8224053115428, 
-0.168624086429527, 0.240197927916254, -0.0771445130559711, -0.112677666388027, 
-0.214322461533491, 0.469624026454221, 0.264631725142522, 0.209433467169574, 
-0.114493215104805, 0.0995409036476312, 0.0518777540998428, 0.0302368410624075, 
-0.190304860941963, 0.232474552112851, -0.0298579876053582, -0.0374389138195953, 
0.463745148549123, 0.184562425954991, 0.208603649060549, -0.0222366086013344, 
0.200517942700622, 0.188795194421069, 0.113752331965113, 0.035884438206665, 
-255.229498980251, -140.161170490645, -25.6349544534927, 57.0666123679109, 
-0.131791408121496, -0.0981211094436536, 0.156189321554678, 0.0646369558862438, 
0.154150742988271, -0.412103276263168, 0.188360077396527, 0.0414816080517098, 
-0.513270772983236, 0.137506788258523, -0.0820082890010527, -0.0767895614578972, 
0.184198396227252, -0.386850329976748, -0.0685794998973815, 0.139690662702424, 
-0.25237356411811, -0.137953372318642, -0.175816298398527, -0.0982693214091931, 
0.0482197680970441, 0.000900393147283748, -0.264004557168158, 
-290.785747315205, -159.596797008002, -39.8795517458587, 22.4529717315505, 
63.8357028323195, 0.118472319167893, 0.244169191139423, 0.221889835036604, 
0.171477882095044, 0.00660791455378039, 0.0103738270538608, 0.178344168311866, 
-0.198354541905258, -0.147556633159995, -0.420781676343444, 0.198541142674404, 
0.0944708759611652, -0.190115645221428, 0.245780843049309, 0.305628604478753, 
-0.013565963661113, -0.369987531128218, 0.225199975303664, 0.305541699657501, 
-0.146384376978446, 0.0971798716637142, -0.162308638987891, -333.635692393495, 
-179.604020349772, -27.5245966928194, 16.0729339065133, 22.663113364745, 
61.8147336843172, -0.225087358203194, -0.197289700111039, -0.310028584523634, 
-0.100193118070225, 0.272406860683077, -0.041719829163815, 0.086996229382312, 
0.065659749392051, -0.039776438136265, -0.338131043096642, -0.129962295708826, 
0.107744373051241, 0.0553708985723285, -0.214427869735761, -0.151302516382957, 
0.520282745470355, -0.0645849759720596, 0.455345018107133, -0.0611725205781938, 
-0.113977994872021, -0.0145981983267548, -163.105350884338, -115.429106010562, 
-17.9516184943796, 7.5321710078427, 11.4693016186386, 20.328431689766, 
33.8966337156906, -0.349477123397706, 0.311414882654102, 0.308578870905436, 
0.106141804439249, 0.0414551412119182, 0.083602038610167, -0.0700396493727263, 
-0.183637653185088, 0.114383684623924, 0.357106821304865, 0.116806133856071, 
0.192196714748681, 0.0709618818331972, -0.05375734370113, -0.278016091592648, 
-0.00204903988567877, 0.404800992999141, -0.0945989874222835, 
0.220719799595294, -0.352270526765554), .Dim = c(27L, 7L), .Dimnames = list(
    c("1", "3", "4", "5", "6", "7", "8", "9", "10", "11", "12", 
    "13", "15", "16", "17", "18", "19", "20", "22", "23", "24", 
    "25", "26", "27", "28", "29", "30"), c("x1", "x2", "x3", 
    "x4", "x5", "x6", "x7")), assign = 1:7), qraux = c(1.10672429140977, 
1.32167216546024, 1.11163703230957, 1.12468532567891, 1.03011633950963, 
1.03046900318248, 1.07088037234209), pivot = 1:7, tol = 1e-07, 
    rank = 7L), .Names = c("qr", "qraux", "pivot", "tol", "rank"
), class = "qr"), df.residual = 20L, xlevels = structure(list(), .Names = character(0)), 
    call = quote(lm(formula = y ~ . + 0, data = structure(list(y = c(43, 
        71, 61, 81, 43, 58, 71, 72, 67, 64, 67, 69, 77, 81, 74, 
        65, 65, 50, 64, 53, 40, 63, 66, 78, 48, 85, 82), x1 = c(0.713506898647887, 
        -0.0816611739870052, 1.53921390703963, 2.18459932543848, 
        1.25974881652397, 0.416037016045994, 0.508240519289387, 
        0.477368959074281, 1.52341220537902, 0.925397810103153, 
        0.998439333632985, 1.48628151211489, 1.05625796771945, 
        0.764865905171018, 0.419008725445445, 1.95568744001723, 
        0.993249927694108, 1.22073106680028, 1.71958453644049, 
        0.785576377262714, 0.249033676074065, 2.24968354742678, 
        1.78646739532352, 0.472690019178056, 1.46781082360835, 
        0.273400817585029, 2.42700924664719), x2 = c(90, 58, 
        54, 90, 75, 83, 82, 90, 58, 57, 75, 85, 58, 61, 53, 82, 
        70, 70, 85, 60, 53, 55, 75, 83, 54, 61, 61), x3 = c(44, 
        42, 45, 52, 68, 53, 50, 49, 71, 57, 66, 52, 47, 46, 39, 
        45, 64, 47, 57, 72, 49, 52, 51, 71, 50, 50, 45), x4 = c(47, 
        48, 39, 57, 69, 66, 50, 59, 45, 72, 50, 59, 75, 39, 45, 
        62, 47, 74, 67, 47, 58, 54, 66, 72, 42, 48, 62),