
expected <- structure(list(coefficients = structure(c(27.67299041128, 0.798422651574353, 
0.079841105021678, 0.139597897452006, -0.114935464331938, -0.0283262629108965, 
-0.483880692558243), .Names = c("x1", "x2", "x3", "x4", "x5", 
"x6", "x7")), residuals = structure(c(-3.77590888591196, 5.80563967009633, 
-0.638061583589059, 4.32892098902639, -4.43281783455793, -3.05155904601464, 
3.94889882273332, 4.75071488911918, 6.31332030489683, 6.21453183761852, 
8.03796064814093, 8.38810262330479, 0.715083910563938, -7.21256262395688, 
-5.1242165936039, 0.253273554732623, -3.19639198050265, -11.4156047277589, 
0.636325272734504, -6.73497060545184, 0.471368384981075, 3.96538859327941, 
-7.04501258631863, 1.88886934084827, -10.3132635077987, 1.76291347777252, 
5.45905765561647), .Names = c("1", "3", "4", "5", "6", "7", "8", 
"9", "10", "11", "12", "13", "15", "16", "17", "18", "19", "20", 
"22", "23", "24", "25", "26", "27", "28", "29", "30")), effects = structure(c(-338.327257745121, 
-53.1510040063286, 2.38481266822958, -8.69855043732628, -0.829499312810364, 
1.82284843614976, 18.1939947271233, 2.28479900922173, 8.03916463452354, 
8.71127655689144, 11.4179279119495, 12.8436978967328, -0.110808828015922, 
-6.3599338950774, -5.86473018835856, 0.184621202833765, -3.37402683143683, 
-8.16898540613925, 1.15261783146839, -6.25390228416362, 1.74445318369627, 
6.75197233135913, -6.28027709358314, 1.3349364876848, -8.33720673344221, 
2.60947090373212, 4.5351571008219), .Names = c("x1", "x2", "x3", 
"x4", "x5", "x6", "x7", "", "", "", "", "", "", "", "", "", "", 
"", "", "", "", "", "", "", "", "", "")), rank = 7L, fitted.values = structure(c(46.775908885912, 
65.1943603299037, 61.6380615835891, 76.6710790109736, 47.4328178345579, 
61.0515590460146, 67.0511011772667, 67.2492851108808, 60.6866796951032, 
57.7854681623815, 58.9620393518591, 60.6118973766952, 76.2849160894361, 
88.2125626239569, 79.1242165936039, 64.7467264452674, 68.1963919805027, 
61.4156047277589, 63.3636747272655, 59.7349706054518, 39.5286316150189, 
59.0346114067206, 73.0450125863186, 76.1111306591517, 58.3132635077987, 
83.2370865222275, 76.5409423443835), .Names = c("1", "3", "4", 
"5", "6", "7", "8", "9", "10", "11", "12", "13", "15", "16", 
"17", "18", "19", "20", "22", "23", "24", "25", "26", "27", "28", 
"29", "30")), assign = 1:7, qr = structure(list(qr = structure(c(-5.19615242270663, 
0.192450089729875, 0.192450089729875, 0.192450089729875, 0.192450089729875, 
0.192450089729875, 0.192450089729875, 0.192450089729875, 0.192450089729875, 
0.192450089729875, 0.192450089729875, 0.192450089729875, 0.192450089729875, 
0.192450089729875, 0.192450089729875, 0.192450089729875, 0.192450089729875, 
0.192450089729875, 0.192450089729875, 0.192450089729875, 0.192450089729875, 
0.192450089729875, 0.192450089729875, 0.192450089729875, 0.192450089729875, 
0.192450089729875, 0.192450089729875, -348.527112500804, -64.4348651884355, 
-0.0229669383926948, 0.209826285526274, -0.147123324482811, 0.0391112546523634, 
0.16326764074248, 0.271904478571332, -0.0540060349152239, -0.17816242100534, 
-0.0695255831764885, -0.0384864866539594, 0.194306737265009, 
0.396060864661448, 0.318463123355125, -0.0695255831764885, 0.0856698994361571, 
-0.100564679699018, -0.0540060349152239, 0.0235917063910989, 
-0.426475193185573, -0.162642872744076, 0.194306737265009, 0.16326764074248, 
-0.116084227960282, 0.318463123355125, 0.271904478571332, -274.626278044532, 
-24.9910710853059, 49.1208079475144, 0.0332697122450195, -0.1175759361763, 
0.17798279240609, 0.117154307922394, -0.241440185980785, 0.0403824137808932, 
-0.224516643047355, -0.0130879396546342, -0.191158831431529, 
0.0612312441374779, 0.308470469495412, -0.0403131830102102, -0.37953142363057, 
0.134814139392708, -0.466114159169628, -0.102123385543082, -0.0383513316854092, 
-0.204649530739946, 0.0121754523761407, -0.183064411846479, -0.0457094627335769, 
0.00972274202675147, -0.182818982334185, 0.430372867975097, -299.837239799146, 
-35.2696104189331, 21.7298843053379, -39.9436645615164, -0.177617837000547, 
0.106779989075908, -0.100743421629851, -0.163450290946938, -0.103742940267717, 
0.137116691742865, -0.321904565512506, -0.400929011325126, 0.252106902281073, 
0.186143551267977, -0.0326140735118242, 0.335221351322635, 0.0498186683736243, 
-0.212714672469972, 0.17684128669816, -0.169819303439769, 0.434275378359838, 
0.0267153585700828, -0.135972710318455, 0.266418319331288, -0.103259952891661, 
-0.0774882175469095, 0.083863901372416, -341.406459180799, -33.9194097202031, 
10.8534948345161, -6.09508613613382, 36.0021506126074, -0.0695628717457221, 
-0.0269904980245857, 0.258323896605004, -0.0134030192056276, 
0.124544792448818, 0.0577472715425807, 0.292838251078639, -0.173085739565426, 
0.445432283286562, -0.00555906672223858, 0.438306537640187, -0.248625408909153, 
0.140950833621688, -0.0170379189003488, 0.0838027136617085, 0.0820694063042763, 
-0.220213486708983, -0.331927055773234, -0.176949199072772, 0.237411397649097, 
0.122601952847488, 0.114289035146602, -390.481232061917, -5.97042769591686, 
1.69755370724668, 2.26011109235466, 18.9717272921903, 48.0400371913597, 
0.323646588179304, -0.262616822006367, -0.0445100512644525, 0.0574977290392323, 
0.0142397001202486, 0.0467718823165919, 0.214952406176322, 0.275505987526269, 
0.0632733652196996, -0.44948658492757, 0.0863865198625524, -0.185964115172575, 
-0.0547762919689539, -0.108695068457711, 0.23437966344769, 0.193302576600981, 
0.340478187709449, 0.178954604361484, -0.327555880010766, 0.0514867096717799, 
0.0189678602166177, -200.91789367799, -2.36931770121974, 6.76810690750527, 
7.76848500056187, -7.94787388522951, -6.57939696467277, -37.6001667496442, 
0.426198223255598, -0.128623535460516, -0.199898575032595, -0.242953666663986, 
-0.336918565478175, -0.0891223675422862, -0.377354334036175, 
-0.0596979932889111, -0.0638540661502486, -0.0403091886417721, 
-0.320638679625545, -0.0801248598967686, 0.106059793494237, 0.247796066333591, 
-0.281078976372698, -0.138439822509253, -0.139020476210652, -0.14866884652143, 
-0.325059339910211, -0.0299886106595065), .Dim = c(27L, 7L), .Dimnames = list(
    c("1", "3", "4", "5", "6", "7", "8", "9", "10", "11", "12", 
    "13", "15", "16", "17", "18", "19", "20", "22", "23", "24", 
    "25", "26", "27", "28", "29", "30"), c("x1", "x2", "x3", 
    "x4", "x5", "x6", "x7")), assign = 1:7), qraux = c(1.19245008972988, 
1.08566989943616, 1.06589123532396, 1.06552080427392, 1.17955741520268, 
1.28817402091645, 1.04076998934418), pivot = 1:7, tol = 1e-07, 
    rank = 7L), .Names = c("qr", "qraux", "pivot", "tol", "rank"
), class = "qr"), df.residual = 20L, xlevels = structure(list(), .Names = character(0)), 
    call = quote(lm(formula = y ~ . + 0, data = structure(list(y = c(43, 
        71, 61, 81, 43, 58, 71, 72, 67, 64, 67, 69, 77, 81, 74, 
        65, 65, 50, 64, 53, 40, 63, 66, 78, 48, 85, 82), x1 = c(1, 
        1, 1, 1, 1, 1, 1, 1, 1, 1, 1, 1, 1, 1, 1, 1, 1, 1, 1, 
        1, 1, 1, 1, 1, 1, 1, 1), x2 = c(51, 70, 63, 78, 55, 67, 
        75, 82, 61, 53, 60, 62, 77, 90, 85, 60, 70, 58, 61, 66, 
        37, 54, 77, 75, 57, 85, 82), x3 = c(30, 68, 45, 56, 49, 
        42, 50, 72, 45, 53, 47, 57, 54, 50, 64, 65, 46, 68, 52, 
        52, 42, 42, 66, 58, 44, 71, 39), x4 = c(39, 69, 47, 66, 
        44, 56, 55, 67, 47, 58, 39, 42, 72, 72, 69, 75, 57, 54, 
        62, 50, 58, 48, 63, 74, 45, 71, 59), x5 = c(61, 76, 54, 
        71, 54, 66, 70, 71, 62, 58, 59, 55, 79, 60, 79, 55, 75, 
        64, 66, 63, 50, 66, 88, 80, 51, 77, 64), x6 = c(92, 86, 
        84, 83, 49, 68, 66, 83, 80, 67, 74, 63, 77, 54, 79, 80, 
        85, 78, 80, 80, 57, 75, 76, 78, 83, 74, 78), x7 = c(41, 
        46, 37, 34, 55, 45, 46, 63, 34, 33, 35, 39, 33, 35, 41, 
        37, 33, 33, 33, 46, 45, 25, 37, 31, 34, 35, 38)), .Names = c("y", 
        "x1", "x2", "x3", "x4", "x5", "x6", "x7"),