
expected <- structure(list(coefficients = structure(c(0.719186091927198, 
0.580313955025914, -0.0708166034338984, 0.381000613827694, 0.237436278356644, 
0.00380180704138663, -0.174757924142742), .Names = c("x1", "x2", 
"x3", "x4", "x5", "x6", "x7")), residuals = structure(c(-2.16816849792627, 
1.5256994308335, -2.06004716373819, -7.38474615202036, -4.31371361194455, 
2.24847889437994, -3.74048061546585, 6.40177179769228, 7.75721682458122, 
9.95709843409922, 8.7945091998579, -5.32360796203301, -1.12315863402836, 
-2.81166368887005, 0.0851954299931881, 0.950291419785996, -2.28084507673733, 
-3.21684240825834, 4.11690283295331, -0.867776072259255, -9.23431622953095, 
-7.45171838378849, 8.05300887615895, -0.922483250053214, 4.87818688119682, 
-11.3086483433182, 9.43985606844009), .Names = c("2", "3", "4", 
"6", "7", "8", "9", "10", "11", "12", "13", "14", "15", "16", 
"17", "18", "19", "20", "21", "22", "23", "24", "25", "26", "27", 
"28", "29")), effects = structure(c(-333.516005501874, -45.8271796854879, 
-2.82732660593055, 9.77007444774788, 9.69896490957578, -0.735590875727359, 
-7.4707577273053, 7.74511687095611, 8.50099883511189, 11.779973362842, 
10.724577509468, -3.39584353281712, -2.87779336130928, -4.33537422252341, 
-0.261382705171785, -1.10157356460651, -1.3441877408784, -1.5548671470236, 
5.51617502397787, -0.962692248535046, -7.02324945118787, -9.38685359921104, 
10.2081780030436, -1.83203301606198, 4.0615850315096, -9.85946299213086, 
8.93623299674853), .Names = c("x1", "x2", "x3", "x4", "x5", "x6", 
"x7", "", "", "", "", "", "", "", "", "", "", "", "", "", "", 
"", "", "", "", "", "")), rank = 7L, fitted.values = structure(c(65.1681684979263, 
69.4743005691665, 63.0600471637382, 50.3847461520204, 62.3137136119446, 
68.7515211056201, 75.7404806154659, 60.5982282023077, 56.2427831754188, 
57.0429015659008, 60.2054908001421, 73.323607962033, 78.1231586340284, 
83.8116636888701, 73.9148045700068, 64.049708580214, 67.2808450767373, 
53.2168424082583, 45.8830971670467, 64.8677760722593, 62.234316229531, 
47.4517183837885, 54.9469911238411, 66.9224832500532, 73.1218131188032, 
59.3086483433182, 75.5601439315599), .Names = c("2", "3", "4", 
"6", "7", "8", "9", "10", "11", "12", "13", "14", "15", "16", 
"17", "18", "19", "20", "21", "22", "23", "24", "25", "26", "27", 
"28", "29")), assign = 1:7, qr = structure(list(qr = structure(c(-5.19615242270663, 
0.192450089729875, 0.192450089729875, 0.192450089729875, 0.192450089729875, 
0.192450089729875, 0.192450089729875, 0.192450089729875, 0.192450089729875, 
0.192450089729875, 0.192450089729875, 0.192450089729875, 0.192450089729875, 
0.192450089729875, 0.192450089729875, 0.192450089729875, 0.192450089729875, 
0.192450089729875, 0.192450089729875, 0.192450089729875, 0.192450089729875, 
0.192450089729875, 0.192450089729875, 0.192450089729875, 0.192450089729875, 
0.192450089729875, 0.192450089729875, -343.908310347287, -67.2761032913922, 
-0.0421028710864252, -0.16101582247051, 0.0173536046056173, 0.136266555989702, 
0.240315388450777, -0.0718311089324464, -0.190744060316531, -0.0866952278554571, 
-0.0569669900094358, 0.255179507373787, 0.165994793835724, 0.359228339834862, 
0.284907745219808, -0.0866952278554571, 0.0619459613746492, -0.116423465701478, 
-0.38397760631567, -0.0718311089324464, 0.00248948568260667, 
-0.428569963084701, -0.175879941393521, 0.165994793835724, 0.136266555989702, 
-0.131287584624489, 0.284907745219808, -282.709181813187, -36.8030079304512, 
46.9047665572452, -0.0611248653510839, 0.270548232368535, 0.221612896213294, 
-0.141002445516607, 0.115371580928528, -0.176809800349899, 0.0575291134291201, 
-0.125263079326525, -0.360317310932056, 0.166739472495275, 0.44965606351628, 
0.0751645466608243, -0.326227193683757, 0.230877686470715, -0.420592333842968, 
0.0519486847795985, -0.0338669829487023, 0.0421474061522932, 
-0.185538102237438, 0.0729108207059471, -0.0890980655799771, 
0.0510545374964592, 0.0758798644873358, -0.0740740172164058, 
-293.87128701752, -33.9678148766177, 8.65095721368538, 48.6211390082697, 
-0.0587193222030677, 0.083686816614506, 0.0349793870888135, 0.0898999650193316, 
-0.160589001185979, 0.257505525574979, 0.275058221743037, 0.563680488069739, 
-0.22329697497344, -0.128997021398142, -0.0275578357153437, -0.373125503892762, 
-0.0274975862114396, 0.0588222318240993, 0.0923399585590692, 
-0.175912621133539, 0.116546382071625, -0.373770335132734, -0.0128790470077565, 
0.0349994702567816, -0.258295198339626, 0.0884128033691762, -0.0259970064122555, 
-318.889798682403, 4.8880930339782, -0.622059324059971, -17.7934191861227, 
46.8338565425883, 0.110760022686565, 0.22043644627062, -0.110952237449919, 
0.288119664657978, -0.150223574686754, -0.0741761867565316, -0.468842027217904, 
-0.135343473740414, 0.212579521068136, 0.184795275532854, 0.0333829676726804, 
0.0233175352093861, 0.249862664772644, -0.0987366797669663, -0.0274128735306824, 
0.101714893890617, 0.120952116023192, 0.22491169340125, 0.0242633686448459, 
0.196745277465366, -0.2149910433641, 0.163936170332832, -382.975678562452, 
-12.3443755040988, 11.0852083455286, 1.89702095288471, 19.941846220887, 
41.9176366197627, -0.204936034203769, -0.187117600836461, 0.0017935897448383, 
-0.1164756846598, 0.119609730367866, -0.00941810381729484, 0.179074954888126, 
0.63948046285761, -0.0375396486340151, -0.0374313822567773, -0.233171358256254, 
-0.310195452109103, 0.0140804305506312, -0.0960731809358647, 
-0.252024788572175, 0.284107535042478, -0.222988867236973, 0.00673541658513964, 
0.00981475387754576, -0.245840221604942, 0.0891472931076872, 
-222.664753817466, -13.9386898893224, 15.4279398067065, 25.9617311116737, 
8.56560151826655, 5.12110478638818, 42.7491786936265, -0.0572420405519176, 
0.280688276855399, -0.148808122186653, 0.286104097794032, 0.176028996010036, 
0.110517452339344, 0.128935868505655, -0.39452974317227, -0.00759633382313138, 
-0.118703701130472, -0.129486193253825, 0.0210697038396636, 0.180093711170696, 
0.0390556112603689, 0.0132994528648118, 0.10961304549108, -0.586868749198322, 
0.0429886584008358, 0.033307155783674, -0.13822939314983), .Dim = c(27L, 
7L), .Dimnames = list(c("2", "3", "4", "6", "7", "8", "9", "10", 
"11", "12", "13", "14", "15", "16", "17", "18", "19", "20", "21", 
"22", "23", "24", "25", "26", "27", "28", "29"), c("x1", "x2", 
"x3", "x4", "x5", "x6", "x7")), assign = 1:7), qraux = c(1.19245008972988, 
1.06194596137465, 1.14577733656893, 1.12121545183186, 1.4855236943013, 
1.16943262380375, 1.3930267054722), pivot = 1:7, tol = 1e-07, 
    rank = 7L), .Names = c("qr", "qraux", "pivot", "tol", "rank"
), class = "qr"), df.residual = 20L, xlevels = structure(list(), .Names = character(0)), 
    call = quote(lm(formula = y ~ . + 0, data = structure(list(y = c(63, 
        71, 61, 43, 58, 71, 72, 67, 64, 67, 69, 68, 77, 81, 74, 
        65, 65, 50, 50, 64, 53, 40, 63, 66, 78, 48, 85), x1 = c(1, 
        1, 1, 1, 1, 1, 1, 1, 1, 1, 1, 1, 1, 1, 1, 1, 1, 1, 1, 
        1, 1, 1, 1, 1, 1, 1, 1), x2 = c(64, 70, 63, 55, 67, 75, 
        82, 61, 53, 60, 62, 83, 77, 90, 85, 60, 70, 58, 40, 61, 
        66, 37, 54, 77, 75, 57, 85), x3 = c(51, 68, 45, 49, 42, 
        50, 72, 45, 53, 47, 57, 83, 54, 50, 64, 65, 46, 68, 33, 
        52, 52, 42, 42, 66, 58, 44, 71), x4 = c(54, 69, 47, 44, 
        56, 55, 67, 47, 58, 39, 42, 45, 72, 72, 69, 75, 57, 54, 
        34, 62, 50, 58, 48, 63, 74, 45, 71), x5 = c(77, 62, 71, 
        43, 43, 59, 51, 70, 51, 71, 66, 80, 71, 55, 54, 62, 64, 
        50, 71, 66, 59, 61, 55, 61, 55, 75, 54), x6 = c(73, 86, 
        84, 49, 68, 66, 83, 80, 67, 74, 63, 77, 77, 54, 79, 80, 
        85, 78, 64, 80, 80, 57, 75, 76, 78, 83, 74), x7 = c(47, 
        48, 35, 34, 35, 41, 31, 41, 34, 41, 25, 35, 46, 36, 63, 
        60, 46, 52, 33, 41, 37, 49, 33, 72, 49, 38, 55)), .Names = c("y", 
        "x1", "x2", "x3", "x4", "x5", "x6", "x7"),