
expected <- structure(list(coefficients = structure(c(5.99951584946976, 0.100867506216585, 
0.076230539263642, 0.0471560417090769, 0.528652744564331, 0.0896313267868673, 
0.060820465165162), .Names = c("x1", "x2", "x3", "x4", "x5", 
"x6", "x7")), residuals = structure(c(3.92200932172573, 4.95031278251723, 
2.77666410619507, -19.7284022629352, -2.61919058621918, -2.74110993138501, 
17.3157995163981, 17.7557333446799, -3.63679752422098, 2.94675773587172, 
10.6254430578068, -6.42751677409557, 5.31624733166936, 4.83305476683911, 
2.16445884244034, 2.7093259236449, 5.63210535231393, -3.33201926506955, 
-13.9961900974824, 6.48209210913678, -18.8029276377472, -15.4432432332013, 
-4.53584774287491, 3.26784725922155, 7.54442333372669, -15.4016701896658, 
14.4160726810033), .Names = c("2", "3", "4", "6", "7", "8", "9", 
"10", "11", "12", "13", "14", "15", "16", "17", "18", "19", "20", 
"21", "22", "23", "24", "25", "26", "27", "28", "29")), effects = structure(c(-288.372490582029, 
-164.437735761046, -15.4166159926608, 21.4833714912109, 28.8385433554222, 
-6.34266881062762, -2.32440475674077, 19.0849135611022, -16.0353176620712, 
10.680661630154, 1.91761124164631, -16.8358103200539, 2.99501572883391, 
0.64298537933969, -1.21871955607697, 1.46087527994864, 13.4571518929355, 
-2.39443185031056, -12.5038627214089, 15.4353343974842, -16.1887138351124, 
-11.6587082506111, -13.5463915681356, 5.44903979633568, 1.37205523057661, 
-10.5549051050232, 19.2499435717806), .Names = c("x1", "x2", 
"x3", "x4", "x5", "x6", "x7", "", "", "", "", "", "", "", "", 
"", "", "", "", "", "", "", "", "", "", "", "")), rank = 7L, 
    fitted.values = structure(c(59.0779906782743, 66.0496872174828, 
    58.2233358938049, 62.7284022629352, 60.6191905862192, 73.741109931385, 
    54.6842004836019, 49.2442666553201, 67.636797524221, 64.0532422641283, 
    58.3745569421932, 74.4275167740956, 71.6837526683306, 76.1669452331609, 
    71.8355411575597, 62.2906740763551, 59.3678946476861, 53.3320192650695, 
    63.9961900974824, 57.5179078908632, 71.8029276377472, 55.4432432332013, 
    67.5358477428749, 62.7321527407784, 70.4555766662733, 63.4016701896658, 
    70.5839273189967), .Names = c("2", "3", "4", "6", "7", "8", 
    "9", "10", "11", "12", "13", "14", "15", "16", "17", "18", 
    "19", "20", "21", "22", "23", "24", "25", "26", "27", "28", 
    "29")), assign = 1:7, qr = structure(list(qr = structure(c(-7.85135835571755, 
    0.204085787568569, 0.0464916171320593, 0.23562595204158, 
    0.0226342948041389, 0.12329431913644, 0.150513807665167, 
    0.0781201987764225, 0.195671496592315, 0.195096898572871, 
    0.101601056097371, 0.235651892161087, 0.200478341589197, 
    0.231306280069855, 0.342305012043678, -0.0780027191490729, 
    0.20596911457325, -0.0170030247305002, 0.103037032591977, 
    0.091885485000941, 0.324243299929209, 0.154943097565559, 
    0.1558228602631, 0.204185734119766, 0.319386286634672, 0.108443433274334, 
    0.355021707433445, -280.494547164492, -209.57530630059, 0.179809282291512, 
    -0.151228923756421, 0.367678841600827, 0.160941562318298, 
    0.0103857246500815, 0.1268441957191, -0.0318342650595192, 
    0.0645590447029676, 0.0732085896408499, -0.0796990451730232, 
    -0.0780562231421757, 0.0039229704304741, -0.301243890966799, 
    0.536205151643908, -0.0252208391718395, 0.324309572190817, 
    0.118519454786053, 0.213538660658992, -0.151708962672979, 
    0.0411408910210776, 0.0730685258356369, -0.0699499431440484, 
    -0.234234965007586, 0.123780583052164, -0.308224550726513, 
    -229.116929243845, -127.92036980529, -76.6734094895258, 0.265668595079599, 
    -0.131065435154444, -0.0357724137127866, 0.512375527992463, 
    -0.101398910856347, -0.276479064498071, -0.182718642714926, 
    0.120890415006151, -0.150278061873981, -0.0627627284121087, 
    -0.30889669902912, 0.116521780762214, 0.0180509736846055, 
    0.040136810345349, 0.0457785703396, 0.0422083892513161, -0.135938519396382, 
    -0.215833478287808, 0.0158727516822356, -0.18254948723066, 
    0.249576814134533, -0.181668000909432, 0.339868887835621, 
    -0.127595556822342, -227.326496820984, -161.303150702409, 
    -11.0689276719937, 65.6005812227854, -0.258382480944844, 
    -0.240428604449793, 0.281179835514843, -0.0413498675164322, 
    -0.290535002651989, 0.0368312536982466, -0.391309190460946, 
    -0.217173730818933, -0.0520465579346043, -0.292911153668674, 
    0.196665297978121, 0.282416999775391, 0.0108817860094291, 
    -0.160908535171082, 0.0362450085063623, 0.0984434855866637, 
    0.0795193854718075, 0.112897671814524, -0.429571541202988, 
    0.0243202014019768, -0.10515876938443, 0.104970063091383, 
    0.13978168182611, -273.808227159508, -189.308015401763, -8.57596471307328, 
    28.0520204868947, 50.695828430515, -0.0477763872657119, 0.244108268351496, 
    -0.0491343415230412, -0.167375358887707, 0.275422230958061, 
    -0.01069378731449, -0.180274744436172, -0.520388741287306, 
    0.0287950300520771, -0.160870421854042, -0.296863957441864, 
    0.304604801382907, -0.0706519352571373, -0.292110907780044, 
    0.108318425628236, 0.344071378330611, 0.119813997198354, 
    0.0535770915889564, 0.0496994125310338, 0.0476709951133609, 
    -0.0579816754853713, -0.107921879192768, -324.861030238051, 
    -210.460159694221, -31.5193608786993, 40.7726213796934, 17.2503098303995, 
    -62.7644984090302, 0.122214831225278, 0.457707475638818, 
    0.206353859803734, 0.148237661629139, 0.185456378735632, 
    0.0385803818111451, 0.229039386611622, -0.0645516097354222, 
    -0.27028096336226, 0.145652749790993, 0.235098567954939, 
    0.378201778386986, 0.293441732854835, 0.259986076151241, 
    0.187943213971731, 0.207783571103495, 0.0651439083520658, 
    0.0216711083679314, 0.188129369217821, -0.0349493971183574, 
    0.130648606578432, -179.588160127218, -115.068424685602, 
    -27.8025563046926, -1.55168206337164, 8.08751394368609, -11.788853327033, 
    -38.2174774630331, 0.0107321053851427, 0.413076785875424, 
    -0.274524783208908, 0.116179814951891, 0.293593007051296, 
    -0.0527897606580298, -0.0999444761283456, 0.204223982386753, 
    0.192863091515695, -0.26074586491915, -0.166657689387908, 
    -0.0968100905388545, -0.316946098181834, 0.126104681387277, 
    -0.0134354782427829, 0.0855835966524678, -0.120747796885466, 
    0.337094282342858, -0.286098008193318, -0.116447776118079
    ), .Dim = c(27L, 7L), .Dimnames = list(c("2", "3", "4", "6", 
    "7", "8", "9", "10", "11", "12", "13", "14", "15", "16", 
    "17", "18", "19", "20", "21", "22", "23", "24", "25", "26", 
    "27", "28", "29"), c("x1", "x2", "x3", "x4", "x5", "x6", 
    "x7")), assign = 1:7), qraux = c(1.01863675526643, 1.02564851731441, 
    1.2160012718334, 1.13726124687472, 1.25176976273313, 1.1879738113246, 
    1.3315000111082), pivot = 1:7, tol = 1e-07, rank = 7L), .Names = c("qr", 
    "qraux", "pivot", "tol", "rank"), class = "qr"), df.residual = 20L, 
    xlevels = structure(list(), .Names = character(0)), call = quote(lm(formula = y ~ 
        . + 0, data = structure(list(y = c(63, 71, 61, 43, 58, 
        71, 72, 67, 64, 67, 69, 68, 77, 81, 74, 65, 65, 50, 50, 
        64, 53, 40, 63, 66, 78, 48, 85), x1 = c(0.146323844184553, 
        1.60235065350968, 0.365022346640615, 1.84998378738556, 
        0.17770995963625, 0.968027882764394, 1.18173784146277, 
        0.613349675413581, 1.53628703974583, 1.53177566478469, 
        0.797706300739824, 1.8501874525596, 1.57402730237674, 
        1.8160684947564, 2.68755931651313, -0.612427300759763, 
        1.61713732872443, -0.133496840290285, 0.80898066678936, 
        0.721425870431298, 2.54575034218463, 1.21651378373211, 
        1.2234211159385, 1.60313536969955, 2.50761619027073, 
        0.851428255961143, 2.78740264911869), x2 = c(77, 77, 
        54, 51, 85, 77, 55, 54, 62, 82, 51, 66, 54, 82, 57, 85, 
        67, 62, 61, 77, 82, 63, 70, 57, 63, 64, 60),