
expected <- structure(list(coefficients = structure(c(6.07829679859735, 0.552272438532413, 
-0.0124271926600408, 0.46276315377215, 0.168756871192137, 0.0314659219610038, 
-0.392932381884273), .Names = c("x1", "x2", "x3", "x4", "x5", 
"x6", "x7")), residuals = structure(c(-4.04862409587153, 2.66557265171415, 
-0.895960656806334, 1.43797464449736, 5.77802244114766, -10.941450387366, 
-10.1871430576334, 0.513561247852826, 8.98367224803266, 3.5241709494233, 
8.07191517612711, -2.02203293152473, -5.47406923430586, -1.15670011035504, 
3.28533805652582, -2.6423659281309, -5.10802316952445, 10.6753487544643, 
-1.1367552092048, -10.4418843925228, -4.31186700179033, 5.53795754891667, 
0.174890067969484, 1.18888094748423, -5.8075534599997, 6.51347783764107, 
5.82364706323915), .Names = c("1", "2", "3", "4", "5", "6", "7", 
"8", "10", "11", "13", "14", "16", "17", "18", "19", "20", "21", 
"22", "23", "24", "25", "26", "27", "28", "29", "30")), effects = structure(c(-331.591504604575, 
-52.8406667457116, 1.16535851229253, 13.6513149923323, -2.20715077266605, 
-2.85034034169111, -12.9272254666693, 1.38063638814022, 8.09882442838581, 
5.88653928259059, 9.07307915625476, -4.18703683720903, -4.65844595382112, 
-3.00769355191573, -1.81011539411936, -0.863192964228411, -6.48085202717506, 
13.2651748736572, 1.91734523460209, -9.28052391789197, -3.85330030008775, 
12.5195788760773, -0.539564329378253, 8.13795953402232, -6.80779654652367, 
7.15902069629959, 5.08619386448849), .Names = c("x1", "x2", "x3", 
"x4", "x5", "x6", "x7", "", "", "", "", "", "", "", "", "", "", 
"", "", "", "", "", "", "", "", "", "")), rank = 7L, fitted.values = structure(c(47.0486240958715, 
60.3344273482858, 71.8959606568063, 59.5620253555026, 75.2219775588523, 
53.941450387366, 68.1871430576334, 70.4864387521472, 58.0163277519673, 
60.4758290505767, 60.9280848238729, 70.0220329315247, 86.4740692343059, 
75.156700110355, 61.7146619434742, 67.6423659281309, 55.1080231695245, 
39.3246512455357, 65.1367552092048, 63.4418843925228, 44.3118670017903, 
57.4620424510833, 65.8251099320305, 76.8111190525158, 53.8075534599997, 
78.4865221623589, 76.1763529367608), .Names = c("1", "2", "3", 
"4", "5", "6", "7", "8", "10", "11", "13", "14", "16", "17", 
"18", "19", "20", "21", "22", "23", "24", "25", "26", "27", "28", 
"29", "30")), assign = 1:7, qr = structure(list(qr = structure(c(-5.19615242270663, 
0.192450089729875, 0.192450089729875, 0.192450089729875, 0.192450089729875, 
0.192450089729875, 0.192450089729875, 0.192450089729875, 0.192450089729875, 
0.192450089729875, 0.192450089729875, 0.192450089729875, 0.192450089729875, 
0.192450089729875, 0.192450089729875, 0.192450089729875, 0.192450089729875, 
0.192450089729875, 0.192450089729875, 0.192450089729875, 0.192450089729875, 
0.192450089729875, 0.192450089729875, 0.192450089729875, 0.192450089729875, 
0.192450089729875, 0.192450089729875, -342.368709629448, -68.8379740162845, 
0.0946285258367066, -0.00705953369775985, 0.210843451018954, 
-0.123274458880007, 0.0510479288933639, 0.167262854075611, -0.0361132649933217, 
-0.152328190175569, -0.0215863993455408, 0.283477779257859, 0.385165838792325, 
0.312531510553421, -0.0506401306411026, 0.0946285258367066, -0.0796938619366645, 
-0.341177443596721, -0.0361132649933217, 0.0365210632455829, 
-0.384758040540064, -0.137801324527788, 0.196316585371173, 0.167262854075611, 
-0.0942207275844454, 0.312531510553421, 0.268950913610078, -273.471577506153, 
-33.2358545059397, -53.2510494878393, -0.070052322797673, -0.00669154004805236, 
0.0814411228608679, -0.164578018240964, -0.0907237925312555, 
-0.0509579339970586, 0.175651402117566, 0.164842542970884, 0.452604748528973, 
-0.233931708535864, 0.0767098800619636, 0.334168712683665, -0.118103710985803, 
0.409600019326341, -0.0758145229588567, 0.080494874301087, 0.032758902299551, 
0.121837813768252, -0.0404644910369705, 0.190645380492463, 0.0595079883809109, 
-0.0315481290098505, 0.208162688360109, -0.364122852087635, -291.176985761301, 
-32.7887498632246, -12.0111858195518, 45.9738214702459, -0.126776264009074, 
0.146469422888452, -0.0900171792328606, 0.0462799188113019, 0.0896046789845458, 
-0.14017645812747, 0.29795177230988, 0.572139119503493, -0.225001870218563, 
-0.0840514605148644, -0.370965020032825, -0.0610621517971232, 
0.0959399796426184, 0.141459594833629, -0.182404373202978, 0.111445026063237, 
-0.3305079318491, -0.00136645725563106, 0.00943141373069283, 
-0.304983229318835, 0.099090725323558, -0.0732908932916216, -0.0800336620639995, 
-332.938655232684, -34.7369639562104, -5.90088014670624, 14.3792209278217, 
37.4113994119425, 0.0883967215325639, -0.0198516122366531, -0.0740628466497124, 
-0.0561869391807157, 0.143650962410509, 0.0957585162115162, 0.202891328143994, 
0.496629964955771, -0.0583953227028631, 0.493560590913973, -0.222497273825623, 
-0.00898153041147046, 0.138662389187789, 0.0288922640220551, 
-0.00309501892698088, 0.235702240135178, -0.201494975093204, 
-0.420636300880987, -0.0995109703715286, 0.185968080392418, 0.0301001084210261, 
0.163299733683782, -377.202175870555, -4.18050911419475, -2.62873942564762, 
5.8676754166085, -3.00143429020093, 52.4851728443723, 0.0276662242822415, 
-0.079773276659245, -0.26444448356541, -0.0881155870226538, -0.114976317994044, 
0.0600795600883023, 0.406936657169426, -0.0246442242689189, -0.189772248726367, 
-0.136014751481724, -0.159307874008854, 0.438435114383737, 0.0488952942761914, 
-0.025463771127737, 0.0805953410636712, 0.318295484598722, -0.0899088185569398, 
0.528567760164522, 0.0272140600323912, 0.174317351531446, -0.00731438356637272, 
-225.166604983954, -15.0934134080444, -18.1722398077161, 26.0474835996643, 
21.444245818559, 11.457021365696, 32.8993640195239, 0.167809359573716, 
0.0854531152791848, 0.347109289814566, 0.329646519599222, -0.055811586079252, 
0.0312494248912408, -0.248837949986313, -0.318014027683146, 0.189486143946286, 
-0.125348118609806, -0.290777880624916, 0.227853449598673, 0.145687170523039, 
-0.216338914632858, 0.263444787685567, -0.328546770857535, 0.12707777175845, 
-0.135087351899905, -0.0860013164280942, 0.0681275066618244), .Dim = c(27L, 
7L), .Dimnames = list(c("1", "2", "3", "4", "5", "6", "7", "8", 
"10", "11", "13", "14", "16", "17", "18", "19", "20", "21", "22", 
"23", "24", "25", "26", "27", "28", "29", "30"), c("x1", "x2", 
"x3", "x4", "x5", "x6", "x7")), assign = 1:7), qraux = c(1.19245008972988, 
1.00746733195002, 1.29503368652266, 1.1027371946009, 1.06098135991712, 
1.17472524876183, 1.29723209689645), pivot = 1:7, tol = 1e-07, 
    rank = 7L), .Names = c("qr", "qraux", "pivot", "tol", "rank"
), class = "qr"), df.residual = 20L, xlevels = structure(list(), .Names = character(0)), 
    call = quote(lm(formula = y ~ . + 0, data = structure(list(y = c(43, 
        63, 71, 61, 81, 43, 58, 71, 67, 64, 69, 68, 81, 74, 65, 
        65, 50, 50, 64, 53, 40, 63, 66, 78, 48, 85, 82), x1 = c(1, 
        1, 1, 1, 1, 1, 1, 1, 1, 1, 1, 1, 1, 1, 1, 1, 1, 1, 1, 
        1, 1, 1, 1, 1, 1, 1, 1), x2 = c(51, 64, 70, 63, 78, 55, 
        67, 75, 61, 53, 62, 83, 90, 85, 60, 70, 58, 40, 61, 66, 
        37, 54, 77, 75, 57, 85, 82), x3 = c(30, 51, 68, 45, 56, 
        49, 42, 50, 45, 53, 57, 83, 50, 64, 65, 46, 68, 33, 52, 
        52, 42, 42, 66, 58, 44, 71, 39), x4 = c(39, 54, 69, 47, 
        66, 44, 56, 55, 47, 58, 42, 45, 72, 69, 75, 57, 54, 34, 
        62, 50, 58, 48, 63, 74, 45, 71, 59), x5 = c(61, 63, 76, 
        54, 71, 54, 66, 70, 62, 58, 55, 59, 60, 79, 55, 75, 64, 
        43, 66, 63, 50, 66, 88, 80, 51, 77, 64), x6 = c(80, 76, 
        67, 68, 86, 63, 74, 78, 86, 80, 77, 67, 64, 77, 92, 80, 
        79, 49, 73, 74, 73, 54, 74, 49, 73, 67, 80), x7 = c(45, 
        47, 48, 35, 47, 34, 35, 41, 41, 34, 25, 35, 36, 63, 60, 
        46, 52, 33, 41, 37, 49, 33, 72, 49, 38, 55, 39)), .Names = c("y", 
        "x1", "x2", "x3", "x4", "x5", "x6", "x7"),