
expected <- structure(list(coefficients = structure(c(31.4366905577672, 0.734024907516131, 
-0.0783903339196816, 0.221217677116659, -0.163791892306052, 0.0366516535803241, 
-0.420322633147218), .Names = c("x1", "x2", "x3", "x4", "x5", 
"x6", "x7")), residuals = structure(c(-8.29515897073389, -2.68881204171401, 
6.87907163371663, -2.23196481915408, 4.97696529934548, -4.53393592003505, 
-4.47968431489202, 4.64525028298511, 6.26324969614853, 5.43205884920624, 
5.89896762658227, 8.24146271920601, 10.3229543647688, -5.83599652285016, 
1.33682590310543, -5.94747188545608, -2.79853922845973, -0.345779870851163, 
-3.78223805675602, -9.13084802928378, 2.83578557284836, -0.102629034028892, 
-7.14532289221395, -3.11887453115468, 3.16936666174431, -3.5394617788848, 
3.97475928681111), .Names = c("1", "2", "3", "4", "5", "6", "7", 
"8", "9", "10", "11", "12", "13", "14", "15", "16", "17", "18", 
"19", "20", "21", "22", "23", "24", "25", "26", "30")), effects = structure(c(-332.553755053224, 
-47.3569455303206, 4.84740410534456, 8.393226700135, -3.79798831725931, 
4.49455483811566, 16.3512225111463, 8.19329416008548, 6.21973895409395, 
7.08415874894258, 5.04684441375326, 10.1411142613801, 10.7494400688836, 
-7.95650472472764, 3.58405224151272, -5.04650743150207, -0.948422049703991, 
-5.06666604781365, -0.61475880396186, -10.5984059998479, 3.40306999115611, 
0.00133627015987114, -5.8068244080606, -3.96319856629932, 5.49631826429403, 
0.0351173944835241, 6.73891068479042), .Names = c("x1", "x2", 
"x3", "x4", "x5", "x6", "x7", "", "", "", "", "", "", "", "", 
"", "", "", "", "", "", "", "", "", "", "", "")), rank = 7L, 
    fitted.values = structure(c(51.2951589707339, 65.688812041714, 
    64.1209283662834, 63.2319648191541, 76.0230347006545, 47.533935920035, 
    62.479684314892, 66.3547497170149, 65.7367503038515, 61.5679411507938, 
    58.1010323734177, 58.758537280794, 58.6770456352312, 73.8359965228502, 
    75.6631740968946, 86.9474718854561, 76.7985392284597, 65.3457798708512, 
    68.782238056756, 59.1308480292838, 47.1642144271516, 64.1026290340289, 
    60.145322892214, 43.1188745311547, 59.8306333382557, 69.5394617788848, 
    78.0252407131889), .Names = c("1", "2", "3", "4", "5", "6", 
    "7", "8", "9", "10", "11", "12", "13", "14", "15", "16", 
    "17", "18", "19", "20", "21", "22", "23", "24", "25", "26", 
    "30")), assign = 1:7, qr = structure(list(qr = structure(c(-5.19615242270663, 
    0.192450089729875, 0.192450089729875, 0.192450089729875, 
    0.192450089729875, 0.192450089729875, 0.192450089729875, 
    0.192450089729875, 0.192450089729875, 0.192450089729875, 
    0.192450089729875, 0.192450089729875, 0.192450089729875, 
    0.192450089729875, 0.192450089729875, 0.192450089729875, 
    0.192450089729875, 0.192450089729875, 0.192450089729875, 
    0.192450089729875, 0.192450089729875, 0.192450089729875, 
    0.192450089729875, 0.192450089729875, 0.192450089729875, 
    0.192450089729875, 0.192450089729875, -342.753609808908, 
    -68.0364825881156, 0.0948302518508885, -0.00805572540306698, 
    0.212414225855409, -0.125639699407587, 0.0507362615991933, 
    0.168320235603714, 0.271206212857669, -0.0374517189041971, 
    -0.155035692908718, -0.0521497156547622, -0.022753722153632, 
    0.285904209608234, 0.197716229104844, 0.38879018686219, 0.315300203109364, 
    -0.0521497156547622, 0.0948302518508885, -0.0815457091558923, 
    -0.346109650666063, -0.0374517189041971, 0.0360382648486282, 
    -0.390203640917759, -0.140337696158153, 0.197716229104844, 
    0.271206212857669, -273.471577506153, -31.9186052397271, 
    -53.7540597150277, -0.068940024584522, -0.00259405148006831, 
    0.0792274842913807, -0.161627025089866, -0.0865555811570526, 
    0.258180623295055, -0.0505013934329394, 0.172079099712536, 
    -0.00407558572236198, 0.163518243799986, 0.453597014460587, 
    -0.0305812280390631, -0.224845314793922, 0.0816967080285368, 
    0.330782843490713, -0.114871987547668, 0.405031212844475, 
    -0.0801347191500383, 0.0797213290388119, 0.0336247511598553, 
    0.114952442183873, -0.0417759226045793, 0.192657724769653, 
    -0.355726496928915, -288.867584684543, -31.8151748922231, 
    -10.7420708495204, 46.8713246981527, -0.13207290309552, 0.133572442022195, 
    -0.0936583501173797, 0.0390282479705255, -0.0104238354988438, 
    0.0803242194515253, -0.149301402981008, 0.258912388977911, 
    0.280950787064172, 0.545622146599228, -0.281277578713764, 
    -0.22401796861094, -0.0913695887295397, -0.378185415255976, 
    -0.0659608194573539, 0.0783902646598316, 0.130862578649903, 
    -0.188771043885741, 0.100465325642289, -0.335626137821619, 
    -0.00934067039045085, -0.00195424574144852, -0.0798415502449372, 
    -333.131105322414, -32.1902459944875, -3.50937878261533, 
    12.5105472128115, 36.7100149615495, 0.105468531550408, -0.0163289196565963, 
    -0.0743779624692305, 0.10616874208099, -0.0442868132532681, 
    0.14586505507458, -0.0567084134011468, 0.111337397184802, 
    0.205441270383676, -0.110224244778494, 0.487591828964769, 
    -0.0793765462796747, 0.479426441905598, -0.225703681410317, 
    -0.0115209159943874, 0.174779033093848, 0.0241286688068917, 
    0.00353639775883807, 0.245564261049768, -0.191502340867816, 
    -0.44201655452141, 0.166482574751288, -386.439780177589, 
    -11.4110891809387, -4.10160002706479, 0.49003517891903, 21.8751870730368, 
    46.1572992414201, 0.167140439851173, 0.28249030210818, -0.0687083740215471, 
    -0.0499922219790094, 0.161344543207696, 0.116274958855946, 
    0.338358527299628, 0.146306436300883, 0.0281235356132555, 
    0.317617595419311, 0.0416253999423019, -0.218987587468802, 
    -0.108569026144374, 0.067996095216911, 0.174082770863011, 
    -0.0843595405605703, -0.0351582254197375, 0.269595536034925, 
    0.0826311430491609, 0.248837284183967, -0.11630252096676, 
    -200.91789367799, -5.3892654752072, -6.15114153580853, -0.132342930865148, 
    -3.36182877112806, -6.66824309490393, -38.9015989662857, 
    0.112726427073708, 0.592810906114863, -0.10024715852303, 
    -0.268079597262368, -0.141569341187454, -0.153554795375185, 
    -0.208718906146262, -0.155148355590371, -0.121208366453423, 
    0.0303230250374435, -0.063069244804297, -0.0890333454902493, 
    -0.290329725764497, -0.209682485117508, -0.154053427451304, 
    0.187704531566291, -0.000767563760530322, -0.394573077582468, 
    -0.191234505574325, 0.129599028241886), .Dim = c(27L, 7L), .Dimnames = list(
        c("1", "2", "3", "4", "5", "6", "7", "8", "9", "10", 
        "11", "12", "13", "14", "15", "16", "17", "18", "19", 
        "20", "21", "22", "23", "24", "25", "26", "30"), c("x1", 
        "x2", "x3", "x4", "x5", "x6", "x7")), assign = 1:7), 
        qraux = c(1.19245008972988, 1.0066422713475, 1.29439942593498, 
        1.09361073781378, 1.04916408911488, 1.59009750251512, 
        1.13748476404584), pivot = 1:7, tol = 1e-07, rank = 7L), .Names = c("qr", 
    "qraux", "pivot", "tol", "rank"), class = "qr"), df.residual = 20L, 
    xlevels = structure(list(), .Names = character(0)), call = quote(lm(formula = y ~ 
        . + 0, data = structure(list(y = c(43, 63, 71, 61, 81, 
        43, 58, 71, 72, 67, 64, 67, 69, 68, 77, 81, 74, 65, 65, 
        50, 50, 64, 53, 40, 63, 66, 82), x1 = c(1, 1, 1, 1, 1, 
        1, 1, 1, 1, 1, 1, 1, 1, 1, 1, 1, 1, 1, 1, 1, 1, 1, 1, 
        1, 1, 1, 1), x2 = c(51, 64, 70, 63, 78, 55, 67, 75, 82, 
        61, 53, 60, 62, 83, 77, 90, 85, 60, 70, 58, 40, 61, 66, 
        37, 54, 77, 82), x3 = c(30, 51, 68, 45, 56, 49, 42, 50, 
        72, 45, 53, 47, 57, 83, 54, 50, 64, 65, 46, 68, 33, 52, 
        52, 42, 42, 66, 39), x4 = c(39, 54, 69, 47, 66, 44, 56, 
        55, 67, 47, 58, 39, 42, 45, 72, 72, 69, 75, 57, 54, 34, 
        62, 50, 58, 48, 63, 59), x5 = c(61, 63, 76, 54, 71, 54, 
        66, 70, 71, 62, 58, 59, 55, 59, 79, 60, 79, 55, 75, 64, 
        43, 66, 63, 50, 66, 88, 64),