
expected <- structure(list(coefficients = structure(c(1.65517863148256, 0.660820420396571, 
-0.142439377616094, 0.366981113071283, 0.0719813164725394, 0.147759861976475, 
-0.23181759305751), .Names = c("x1", "x2", "x3", "x4", "x5", 
"x6", "x7")), residuals = structure(c(-10.1361707564391, 4.47849874226206, 
3.27786486486437, -1.11000496378418, 4.66266134827845, -7.84530020921548, 
-8.30078762813948, 5.42717905519231, -7.74936615512735, 7.86027158060821, 
8.58991600180435, 9.12324474347866, 11.2651882879653, -3.16085492972485, 
-1.30637957292928, -1.19026157590637, -1.88012678960405, 0.842911568394198, 
-3.84606652617824, -7.4671306920084, 6.95580498581502, -2.4122035871222, 
-9.56655364439324, -0.232326955731205, 3.87764863247795, 0.35091828480969, 
3.61823844596788), .Names = c("1", "2", "3", "4", "5", "6", "7", 
"8", "9", "10", "11", "12", "13", "14", "15", "16", "17", "18", 
"19", "20", "21", "22", "23", "24", "25", "26", "30")), effects = structure(c(-206.413379535009, 
-264.594992369003, 2.04321869789827, 16.2976833267452, 3.10931624907422, 
6.87905591360871, -8.95037873855991, 3.85632910135785, -6.21872461443091, 
8.26730554732423, 9.05734485520434, 13.9246763716707, 14.385028101518, 
-1.04891621232782, 2.70882061767676, -3.93150367917111, -3.087744656703, 
-1.64931012975119, -2.05706426156792, -3.92471329322085, 9.5420522964418, 
1.39985535512472, -9.96996916838895, -3.20854390591594, 10.5867838577041, 
1.01894683914244, 2.78534240681195), .Names = c("x1", "x2", "x3", 
"x4", "x5", "x6", "x7", "", "", "", "", "", "", "", "", "", "", 
"", "", "", "", "", "", "", "", "", "")), rank = 7L, fitted.values = structure(c(53.1361707564391, 
58.5215012577379, 67.7221351351356, 62.1100049637842, 76.3373386517216, 
50.8453002092155, 66.3007876281395, 65.5728209448077, 79.7493661551273, 
59.1397284193918, 55.4100839981957, 57.8767552565213, 57.7348117120347, 
71.1608549297248, 78.3063795729293, 82.1902615759064, 75.880126789604, 
64.1570884316058, 68.8460665261782, 57.4671306920084, 43.044195014185, 
66.4122035871222, 62.5665536443932, 40.2323269557312, 59.1223513675221, 
65.6490817151903, 78.3817615540321), .Names = c("1", "2", "3", 
"4", "5", "6", "7", "8", "9", "10", "11", "12", "13", "14", "15", 
"16", "17", "18", "19", "20", "21", "22", "23", "24", "25", "26", 
"30")), assign = 1:7, qr = structure(list(qr = structure(c(-7.73644187847211, 
-0.0585265264629482, -0.0954141889912111, 0.113608157778433, 
0.1616439798507, 0.162989453361198, 0.060327808251614, -0.182506003614512, 
0.0813416590849612, 0.0946673090300295, 0.035763242207464, 0.385258630610451, 
0.155981990640605, 0.32098594011818, 0.178979677180284, -0.0419146898721738, 
0.0585520007474735, 0.341434400553514, 0.0724977187404781, 0.385069176501182, 
0.307115443322769, 0.28809733345362, 0.0181049143769627, -0.0142750827463393, 
0.282903432580312, 0.0135772635645742, 0.0786048094773915, -205.939097211013, 
-282.308498348727, 0.323873368030489, 0.132766159936232, 0.147679130029165, 
0.0651374276353468, 0.18932833375001, 0.410880344898811, 0.225741724173152, 
0.140752270411802, 0.159282345206759, -0.0940031211605538, 0.0955085857349632, 
0.0386075271053419, 0.130343508725989, 0.352150205938716, 0.25450131648588, 
-0.0591337417751317, 0.190271841970147, -0.100936827709224, -0.102671853892898, 
-0.0131531124641732, 0.219381362736037, 0.142420471133845, -0.0338160800120684, 
0.261948319675036, 0.227919337953547, -180.385213238281, -208.129165006262, 
-53.276876023053, -0.075784997548456, -0.0944804715176931, 0.0978883360802747, 
-0.173198291298604, -0.0661935329238062, 0.172477713406774, -0.0421705359114343, 
0.237614715489567, -0.0738153209055371, 0.151403127466203, 0.296175775651136, 
-0.122895082964491, -0.317882140346985, -0.0134297604477944, 
0.276601483113713, -0.143886053617343, 0.348592617783987, -0.032335306531229, 
0.0337853346261197, 0.0406938417616346, 0.270977261860851, -0.0537725261835765, 
0.149744405075963, -0.44614364679959, -172.277371272588, -232.711215122841, 
-20.266179933051, 50.2422098874927, -0.0771201611463888, 0.0725449189464438, 
-0.0939730230630871, 0.114069952614262, 0.0967216050810392, 0.0472784394514803, 
-0.170074829034391, 0.168072626796915, 0.253080230131652, 0.603611515442648, 
-0.226836657840713, -0.099284268296049, 0.019210257981263, -0.382129933352061, 
-0.0509242068664592, 0.03579320968001, -0.0404389050855956, -0.220135927678264, 
0.110873450433599, -0.416716259039192, -0.097974056677046, 0.0848839305734972, 
-0.0357408298390158, -202.078057369787, -264.803318838694, -14.1301995534255, 
23.0176225309014, 42.9323604670337, 0.0192348567910843, -0.0493323503522738, 
-0.145776739689409, 0.206341984126021, -0.10744515584682, 0.0501933472346105, 
-0.0379777979830653, 0.056204750771213, 0.331755393387393, 0.0228896396532939, 
0.497935766696025, 0.044067817619784, 0.547352503118601, -0.202373820048842, 
0.0748000019267434, 0.0141513642871143, 0.0801238972922503, -0.0537453149250054, 
0.0362047846669247, -0.194122770515322, -0.329182802626691, 0.176790103414849, 
-254.908409825404, -285.979319366195, -14.3149382170583, 25.9611434205824, 
43.9410760091477, 50.1977580219258, 0.107452702940839, 0.0744611883390577, 
0.0425709165428702, -0.127636552168616, -0.0616062754371349, 
0.253323633454517, 0.210291665880726, 0.324332041214318, 0.291165768462223, 
0.157371373995133, 0.228112817968708, -0.140301823051485, -0.00880691714116537, 
0.276415578436545, -0.0434716722382365, 0.0701267395167348, -0.150237937080479, 
-0.170853262857949, 0.190946373010647, 0.466066444233838, -0.113137765163156, 
-138.989600098904, -168.374694746863, -21.6725680745116, 32.9272356798788, 
27.926003447115, 2.32147127464147, 38.609574970177, 0.0195602366961777, 
0.411084889778702, 0.00314277199915718, 0.251445040818146, -0.0767811960319851, 
0.225353893319335, -0.0732439569013847, 0.248935631435387, 0.025307202324756, 
-0.303750599984205, -0.303236497783556, 0.104862649728864, -0.128931819807253, 
-0.0318687364413055, 0.232740086547901, 0.094714878283973, -0.155295774988095, 
0.361853853315505, -0.397383606358056, 0.0232473200813864), .Dim = c(27L, 
7L), .Dimnames = list(c("1", "2", "3", "4", "5", "6", "7", "8", 
"9", "10", "11", "12", "13", "14", "15", "16", "17", "18", "19", 
"20", "21", "22", "23", "24", "25", "26", "30"), c("x1", "x2", 
"x3", "x4", "x5", "x6", "x7")), assign = 1:7), qraux = c(1.14386907525904, 
1.27326982312157, 1.31717129880543, 1.06391486692888, 1.14132108810984, 
1.4057451806676, 1.23073425301698), pivot = 1:7, tol = 1e-07, 
    rank = 7L), .Names = c("qr", "qraux", "pivot", "tol", "rank"
), class = "qr"), df.residual = 20L, xlevels = structure(list(), .Names = character(0)), 
    call = quote(lm(formula = y ~ . + 0, data = structure(list(y = c(43, 
        63, 71, 61, 81, 43, 58, 71, 72, 67, 64, 67, 69, 68, 77, 
        81, 74, 65, 65, 50, 50, 64, 53, 40, 63, 66, 82), x1 = c(1.11303473885111, 
        -0.452787070329459, -0.738166327512058, 0.878922909573136, 
        1.25054925511986, 1.26095843273285, 0.466722582194222, 
        -1.41194708943589, 0.629295017809295, 0.732388134102181, 
        0.276680244723766, 2.98053100389751, 1.20674560467942, 
        2.48328906953103, 1.38466586993297, -0.324270562050256, 
        0.452984150651084, 2.64148739519323, 0.560874387357527, 
        2.97906530319251, 2.3759807772478, 2.22884827560673, 
        0.140067617792086, -0.110438347977434, 2.18866596337784, 
        0.105039710436025, 0.608121539890213), x2 = c(51, 64, 
        70, 63, 78, 55, 67, 75, 82, 61, 53, 60, 62, 83, 77, 90, 
        85, 60, 70, 58, 40, 61, 66, 37, 54, 77, 82), x3 = c(30, 
        51, 68, 45, 56, 49, 42, 50, 72, 45, 53, 47, 57, 83, 54, 
        50, 64, 65, 46, 68, 33, 52, 52, 42, 42, 66, 39), x4 = c(39, 
        54, 69, 47, 66, 44, 56, 55, 67, 47, 58, 39, 42, 45, 72, 
        72, 69, 75, 57, 54, 34, 62, 50, 58, 48, 63, 59), x5 = c(61, 
        63, 76, 54, 71, 54, 66, 70, 71, 62, 58, 59, 55, 59, 79, 
        60, 79, 55, 75, 64, 43, 66, 63, 50, 66, 88, 64),