
expected <- structure(list(coefficients = structure(c(26.2282953185625, 0.747524891454037, 
-0.061331780212173, -0.10202807089188, 0.0861839724197571, -0.0630064880980955, 
-0.0735276976279834), .Names = c("x1", "x2", "x3", "x4", "x5", 
"x6", "x7")), residuals = structure(c(-8.93013771681025, 1.00945797172804, 
0.995667640148917, 7.05688428889334, -13.1595889593233, -9.05724402096421, 
-0.352034740303876, -2.67967625417066, 7.48024552261505, 7.10527057197998, 
8.63905924673165, 8.02849248271379, -6.10835624500598, 1.92853878899713, 
-1.01056016609888, -3.42990957037144, 7.5161867332368, -1.72589550397744, 
-5.15206896348699, 5.89156924955326, -12.2489126539392, 4.42414852599077, 
-6.75228159554574, 8.43730378253199, -9.71508804159092, 7.16649874354706, 
4.64243088292112), .Names = c("1", "2", "4", "5", "6", "7", "8", 
"9", "10", "11", "12", "13", "14", "15", "16", "17", "18", "19", 
"20", "21", "23", "25", "26", "27", "28", "29", "30")), effects = structure(c(-339.4819582835, 
47.9679701362602, -3.77147328366682, -5.72086509321628, 0.412181823931926, 
-3.4152985991156, 2.90876057071451, 2.26910361606195, 8.70190513719355, 
9.3657302765065, 11.2197558918642, 14.6083815885073, 0.89232159498768, 
2.03366660980293, 6.8641189212288, -2.67635925128159, 8.03689580969161, 
-1.84943378357018, -2.73783788745968, 9.03931893698465, -11.087991659013, 
4.28278140311194, -7.95052906873688, 10.5583418247134, -9.55082418323811, 
9.97274946477642, 6.07226574126348), .Names = c("x1", "x2", "x3", 
"x4", "x5", "x6", "x7", "", "", "", "", "", "", "", "", "", "", 
"", "", "", "", "", "", "", "", "", "")), rank = 7L, fitted.values = structure(c(51.9301377168103, 
61.990542028272, 60.0043323598511, 73.9431157111067, 56.1595889593233, 
67.0572440209642, 71.3520347403039, 74.6796762541707, 59.519754477385, 
56.89472942802, 58.3609407532684, 60.9715075172862, 74.108356245006, 
75.0714612110029, 82.0105601660989, 77.4299095703714, 57.4838132667632, 
66.7258955039774, 55.152068963487, 44.1084307504467, 65.2489126539392, 
58.5758514740092, 72.7522815955457, 69.562696217468, 57.7150880415909, 
77.8335012564529, 77.3575691170789), .Names = c("1", "2", "4", 
"5", "6", "7", "8", "9", "10", "11", "12", "13", "14", "15", 
"16", "17", "18", "19", "20", "21", "23", "25", "26", "27", "28", 
"29", "30")), assign = 1:7, qr = structure(list(qr = structure(c(-5.19615242270663, 
0.192450089729875, 0.192450089729875, 0.192450089729875, 0.192450089729875, 
0.192450089729875, 0.192450089729875, 0.192450089729875, 0.192450089729875, 
0.192450089729875, 0.192450089729875, 0.192450089729875, 0.192450089729875, 
0.192450089729875, 0.192450089729875, 0.192450089729875, 0.192450089729875, 
0.192450089729875, 0.192450089729875, 0.192450089729875, 0.192450089729875, 
0.192450089729875, 0.192450089729875, 0.192450089729875, 0.192450089729875, 
0.192450089729875, 0.192450089729875, -352.183664205672, 64.6889995800419, 
0.0319993232125807, -0.199879359366827, 0.155667953921598, -0.0298349921419281, 
-0.153503622850946, -0.261713674721336, 0.0629164808898351, 0.186585111598853, 
0.0783750597284623, 0.0474579020512079, -0.277172253559963, -0.1844207805282, 
-0.385382305430354, -0.308089411237218, 0.0783750597284623, -0.0762107286578097, 
0.109292217405717, 0.387546636501006, -0.0143764133033009, 0.171126532760225, 
-0.1844207805282, -0.153503622850946, 0.124750796244344, -0.308089411237218, 
-0.261713674721336, -275.588528493181, 34.8470719420076, 52.7318171508579, 
-0.00302588873069625, -0.0902646576236263, 0.157257799394405, 
0.0820635886736593, -0.268189587627373, 0.0429785122827351, -0.185249401711592, 
-0.00451385976124781, -0.17502347479897, -0.467227691914387, 
0.0253372704040889, 0.225532685492643, -0.0877847059060403, -0.345863750065704, 
0.110096087579433, -0.421884611358978, 0.069688370272463, -0.0419456350071147, 
0.0329179154846191, -0.202229323132215, -0.0696474736838769, 
0.0236839692590316, -0.220531885468885, 0.357618544597464, -307.535243388341, 
-1.62143315818489, -2.78167897861591, 61.0713295307015, -0.187111370684698, 
0.136200768564473, -0.083620553868676, -0.216270503468284, -0.0970358474426332, 
0.317453127504772, -0.172239509555148, -0.178983900587394, -0.212139511533011, 
0.344237847777468, -0.195244738632252, 0.0505042085464266, 0.128633077325203, 
-0.073247011328898, -0.230432521906316, -0.139160473952479, 0.207453819390174, 
0.365027712879829, 0.211875562636998, -0.248275456577347, 0.229492249784351, 
0.0374255331592389, 0.168193650118461, -336.210306758092, 34.3214802614943, 
2.22433458214142, -13.8474330612183, 37.6160412001483, -0.0266862072111858, 
-0.062166919940032, 0.070704014217206, -0.0429880490156794, 0.135077736479599, 
0.0135957325594086, 0.194452923747378, 0.461129799544878, -0.130675487726386, 
0.345317582876123, -0.0709698186200761, 0.304486855258892, -0.271509946487289, 
-0.047971923059349, 0.141427148401311, 0.115677292955635, -0.110486860041228, 
-0.34509034301836, -0.333983385726538, 0.293866303942214, 0.0156055923763967, 
0.194508038246388, -388.749181254348, 2.79628514992061, 1.15192001105823, 
-10.5669193366427, 12.8843677798871, 45.6427565596998, 0.313000409696706, 
-0.216238800163416, -0.0505172217919042, 0.161068199099147, 0.0110827131738508, 
0.0995553847228251, -0.398259533346528, 0.232195453341561, 0.293049609518858, 
0.0746735958661866, -0.301050893139885, 0.0481472481589124, -0.0972937892831602, 
0.101474577503959, -0.0891902089065709, 0.210405151426331, 0.35598859975254, 
0.195552777319524, -0.298343945139848, 0.100524014671654, -0.0302865706551456, 
-221.317603189357, 16.3019301952679, 12.7879695700635, -14.1139623665208, 
27.444341837506, 7.33749074943532, -39.5600659962387, -0.45297926516449, 
-0.0277555210255093, -0.207460185982746, 0.0406602956932703, 
-0.285740565935374, -0.203046336774363, -0.110733350100335, 0.235532049049249, 
0.319927965261269, 0.393840276602506, -0.0684109650255114, 0.0637176127729284, 
0.085391508036528, -0.178251775372624, -0.324409897360686, 0.347436714273092, 
-0.0523711705021409, -0.0085795455590818, 0.133005409575519, 
0.0824515852559912), .Dim = c(27L, 7L), .Dimnames = list(c("1", 
"2", "4", "5", "6", "7", "8", "9", "10", "11", "12", "13", "14", 
"15", "16", "17", "18", "19", "20", "21", "23", "25", "26", "27", 
"28", "29", "30"), c("x1", "x2", "x3", "x4", "x5", "x6", "x7"
)), assign = 1:7), qraux = c(1.19245008972988, 1.01654074437395, 
1.06210772519193, 1.23886828517347, 1.09459177427349, 1.28779235509895, 
1.01432314161233), pivot = 1:7, tol = 1e-07, rank = 7L), .Names = c("qr", 
"qraux", "pivot", "tol", "rank"), class = "qr"), df.residual = 20L, 
    xlevels = structure(list(), .Names = character(0)), call = quote(lm(formula = y ~ 
        . + 0, data = structure(list(y = c(43, 63, 61, 81, 43, 
        58, 71, 72, 67, 64, 67, 69, 68, 77, 81, 74, 65, 65, 50, 
        50, 53, 63, 66, 78, 48, 85, 82), x1 = c(1, 1, 1, 1, 1, 
        1, 1, 1, 1, 1, 1, 1, 1, 1, 1, 1, 1, 1, 1, 1, 1, 1, 1, 
        1, 1, 1, 1), x2 = c(51, 64, 63, 78, 55, 67, 75, 82, 61, 
        53, 60, 62, 83, 77, 90, 85, 60, 70, 58, 40, 66, 54, 77, 
        75, 57, 85, 82), x3 = c(30, 51, 45, 56, 49, 42, 50, 72, 
        45, 53, 47, 57, 83, 54, 50, 64, 65, 46, 68, 33, 52, 42, 
        66, 58, 44, 71, 39), x4 = c(66, 62, 72, 45, 71, 54, 66, 
        69, 67, 39, 71, 69, 66, 39, 74, 55, 48, 66, 69, 71, 47, 
        39, 44, 74, 47, 54, 54), x5 = c(61, 63, 54, 71, 54, 66, 
        70, 71, 62, 58, 59, 55, 59, 79, 60, 79, 55, 75, 64, 43, 
        63, 66, 88, 80, 51, 77, 64), x6 = c(92, 73, 84, 83, 49, 
        68, 66, 83, 80, 67, 74, 63, 77, 77, 54, 79, 80, 85, 78, 
        64, 80, 75, 76, 78, 83, 74, 78), x7 = c(45, 47, 35, 47, 
        34, 35, 41, 31, 41, 34, 41, 25, 35, 46, 36, 63, 60, 46, 
        52, 33, 37, 33, 72, 49, 38, 55, 39)), .Names = c("y", 
        "x1", "x2", "x3", "x4", "x5", "x6", "x7"),