
expected <- structure(list(coefficients = structure(c(15.9878722808796, 0.564092532046661, 
-0.00753578984450893, 0.267375368160965, 0.0870553479416268, 
0.00594310389305604, -0.207844839395421), .Names = c("x1", "x2", 
"x3", "x4", "x5", "x6", "x7")), residuals = structure(c(-8.23644314007202, 
0.676919497115837, 0.456252006467046, 6.98367304293721, -9.37323506051658, 
0.340534014633186, -7.82822070072777, 7.04748245067074, 4.59051680370721, 
10.0149293437329, 7.1351352038971, -4.51545928870407, 0.970666228363131, 
-2.8170766306848, -2.14905706703919, 2.81044743963273, -2.62759975066588, 
5.34742917794632, -0.187301687882006, -11.4407904906572, -6.71221203630204, 
4.77242768098272, -2.86451345610333, 3.10100736629191, -8.83485816549356, 
6.85057918680505, 6.48876803166536), .Names = c("1", "2", "3", 
"5", "7", "8", "9", "10", "11", "12", "13", "14", "15", "16", 
"17", "18", "19", "21", "22", "23", "24", "25", "26", "27", "28", 
"29", "30")), effects = structure(c(-343.523410167827, 49.3571362451374, 
-0.900494662017867, -9.30463239602708, 1.26437505230766, -1.25062275608702, 
-8.15831876598343, 8.66455353166528, 5.3807615397692, 12.1532579977457, 
9.80610029042948, -1.23872124425257, 2.2019686138685, -6.21075408991833, 
-2.79961073141498, -3.74689612688527, 1.79924600595324, 6.369998816268, 
1.35817624802182, -9.32617455668518, -10.761530577317, 9.54817343558566, 
-0.00974051254829611, 3.82149367328978, -9.30652865627222, 6.47717477381563, 
7.20598145749295), .Names = c("x1", "x2", "x3", "x4", "x5", "x6", 
"x7", "", "", "", "", "", "", "", "", "", "", "", "", "", "", 
"", "", "", "", "", "")), rank = 7L, fitted.values = structure(c(51.236443140072, 
62.3230805028842, 70.543747993533, 74.0163269570628, 67.3732350605166, 
70.6594659853668, 79.8282207007278, 59.9525175493293, 59.4094831962928, 
56.9850706562671, 61.8648647961029, 72.5154592887041, 76.0293337716369, 
83.8170766306848, 76.1490570670392, 62.1895525603673, 67.6275997506659, 
44.6525708220537, 64.187301687882, 64.4407904906572, 46.712212036302, 
58.2275723190173, 68.8645134561033, 74.8989926337081, 56.8348581654936, 
78.149420813195, 75.5112319683346), .Names = c("1", "2", "3", 
"5", "7", "8", "9", "10", "11", "12", "13", "14", "15", "16", 
"17", "18", "19", "21", "22", "23", "24", "25", "26", "27", "28", 
"29", "30")), assign = 1:7, qr = structure(list(qr = structure(c(-5.19615242270663, 
0.192450089729875, 0.192450089729875, 0.192450089729875, 0.192450089729875, 
0.192450089729875, 0.192450089729875, 0.192450089729875, 0.192450089729875, 
0.192450089729875, 0.192450089729875, 0.192450089729875, 0.192450089729875, 
0.192450089729875, 0.192450089729875, 0.192450089729875, 0.192450089729875, 
0.192450089729875, 0.192450089729875, 0.192450089729875, 0.192450089729875, 
0.192450089729875, 0.192450089729875, 0.192450089729875, 0.192450089729875, 
0.192450089729875, 0.192450089729875, -350.644063487833, 69.9910047130397, 
-0.0739876890014511, -0.188288091357435, -0.0311250381179571, 
-0.145425440473941, -0.245438292535427, 0.0546002636490308, 0.168900666005015, 
0.0688878139435288, 0.0403127133545328, -0.259725842829925, -0.174000541062937, 
-0.359738694891411, -0.288300943418921, 0.0688878139435288, -0.0739876890014511, 
0.354638819833489, 0.0546002636490308, -0.0168374878234591, 0.397501470716983, 
0.154613115710517, -0.174000541062937, -0.145425440473941, 0.111750464827023, 
-0.288300943418921, -0.245438292535427, -275.588528493181, 38.4409186516115, 
-50.5891167760729, -0.00316766421737167, -0.167031203886066, 
-0.0909859330561284, 0.272060140307717, -0.0461612801759294, 
0.194067007807626, 0.00363435324785844, 0.18078245036209, 0.479236773419893, 
-0.0324404204969572, -0.244907511637645, 0.0831390451846672, 
0.359442106913039, -0.118747129898996, -0.0678762392719259, 0.092208401804974, 
0.0409012089444684, 0.140811953276968, -0.0336325024487515, 0.204764748613163, 
0.0671508463506184, -0.0248826233133682, 0.221508727165571, -0.380254074745113, 
-297.527838722387, 35.5135583468277, -11.8516979838765, -48.2235379626031, 
0.0750897993545926, -0.058236441180571, -0.0196557085553235, 
-0.0941457096375501, 0.127353894350043, -0.268315037800077, -0.293849248636085, 
-0.564434550492817, 0.251241851319996, 0.194927838781171, 0.0615428067064411, 
0.344114840428868, 0.0461558654104395, -0.135222990778853, 0.164758226616937, 
-0.117203131244745, 0.315284649387418, -0.00469171660190341, 
-0.0247846889873241, 0.276164899973097, -0.101673414793717, 0.0508688449211501, 
0.0602883418434414, -340.05930855269, 35.7220507474215, -2.99208838484361, 
-14.719169466044, -37.2692261040187, 0.0382911526672781, -0.132676681248276, 
0.024011503696874, -0.101795034596905, 0.00541059234602756, -0.163214563459382, 
-0.331718342334546, 0.132082992480758, -0.493056580896258, 0.0561061679297304, 
-0.394413959658618, 0.214317372691583, -0.168689338295681, 0.0105167711067292, 
-0.0327006506859377, -0.140994803015213, 0.197213518869501, 0.411976513253235, 
0.155391497678627, -0.216810835825468, -0.0264316019198206, -0.194482151548384, 
-379.126676767854, 4.75034588865589, -26.6743019676999, -5.9394605751466, 
11.2286594608584, -39.3130869587395, 0.0745208462964788, 0.19105938804557, 
-0.0888486718977234, 0.21413305317282, 0.292504274342388, -0.193297069554023, 
0.147303988933913, 0.35996255658239, 0.159417295448529, -0.0303872765768371, 
-0.446544197795513, -0.136487799934271, -0.23699070321476, 0.133842497070221, 
0.177376230213639, -0.171471363713114, -0.235181171782641, 0.192392432897232, 
0.181493987950165, 0.184109977510263, -0.0845271929166202, -224.589254714764, 
11.8745418003161, -11.0954592247823, -23.6033527970351, -21.3723247662718, 
4.89298170160336, 39.2519669466624, -0.034080219886084, 0.317107694875027, 
-0.134319281175476, 0.251314174060026, -0.002674692187192, 0.134699869930399, 
0.105773824693102, -0.378481931841908, -0.249827066538843, 0.0726191180799394, 
0.0576037536054352, 0.210963970752172, 0.0839837042771155, -0.0657549556946391, 
0.308368884272082, -0.481449134871301, 0.0972799018136012, -0.0437564479788566, 
-0.170528784377621, 0.0409870321765831), .Dim = c(27L, 7L), .Dimnames = list(
    c("1", "2", "3", "5", "7", "8", "9", "10", "11", "12", "13", 
    "14", "15", "16", "17", "18", "19", "21", "22", "23", "24", 
    "25", "26", "27", "28", "29", "30"), c("x1", "x2", "x3", 
    "x4", "x5", "x6", "x7")), assign = 1:7), qraux = c(1.19245008972988, 
1.01173761276554, 1.31612901346956, 1.10529795744899, 1.01687850927921, 
1.29048992132465, 1.38546357593472), pivot = 1:7, tol = 1e-07, 
    rank = 7L), .Names = c("qr", "qraux", "pivot", "tol", "rank"
), class = "qr"), df.residual = 20L, xlevels = structure(list(), .Names = character(0)), 
    call = quote(lm(formula = y ~ . + 0, data = structure(list(y = c(43, 
        63, 71, 81, 58, 71, 72, 67, 64, 67, 69, 68, 77, 81, 74, 
        65, 65, 50, 64, 53, 40, 63, 66, 78, 48, 85, 82), x1 = c(1, 
        1, 1, 1, 1, 1, 1, 1, 1, 1, 1, 1, 1, 1, 1, 1, 1, 1, 1, 
        1, 1, 1, 1, 1, 1, 1, 1), x2 = c(51, 64, 70, 78, 67, 75, 
        82, 61, 53, 60, 62, 83, 77, 90, 85, 60, 70, 40, 61, 66, 
        37, 54, 77, 75, 57, 85, 82), x3 = c(30, 51, 68, 56, 42, 
        50, 72, 45, 53, 47, 57, 83, 54, 50, 64, 65, 46, 33, 52, 
        52, 42, 42, 66, 58, 44, 71, 39), x4 = c(39, 54, 69, 66, 
        56, 55, 67, 47, 58, 39, 42, 45, 72, 72, 69, 75, 57, 34, 
        62, 50, 58, 48, 63, 74, 45, 71, 59), x5 = c(61, 63, 76, 
        71, 66, 70, 71, 62, 58, 59, 55, 59, 79, 60, 79, 55, 75, 
        43, 66, 63, 50, 66, 88, 80, 51, 77, 64), x6 = c(54, 78, 
        83, 66, 78, 78, 80, 76, 73, 78, 86, 74, 75, 75, 78, 80, 
        49, 63, 64, 76, 83, 63, 67, 80, 76, 83, 54), x7 = c(45, 
        47, 48, 47, 35, 41, 31, 41, 34, 41, 25, 35, 46, 36, 63, 
        60, 46, 33, 41, 37, 49, 33, 72, 49, 38, 55, 39)), .Names = c("y", 
        "x1", "x2", "x3", "x4", "x5", "x6", "x7"),