
expected <- structure(list(coefficients = structure(c(3.11010003867666, 0.593957807326723, 
-0.0129116636906937, 0.358745782116347, 0.208359753198057, 0.0445211756939358, 
-0.342674605079662), .Names = c("x1", "x2", "x3", "x4", "x5", 
"x6", "x7")), residuals = structure(c(-7.48030238197518, 1.40342662291998, 
2.58308347401174, -1.68673672976874, 8.83690382738139, -6.44967011626095, 
-6.4688873993988, 2.72404503005114, -1.20340746916389, 5.2941484514794, 
4.15038829897561, 12.8314927831509, -1.00192486458638, 3.91680653618276, 
-6.13452351825847, -2.38236130095536, -4.55689344011395, -5.31666781301595, 
7.64232064929153, 2.81407268767271, -11.2882149864901, -2.32269972764654, 
-1.90791921943835, -1.17922007154917, -4.36401548265003, 5.95202247546692, 
4.7911972317345), .Names = c("1", "2", "3", "4", "5", "6", "7", 
"8", "9", "10", "11", "12", "14", "15", "16", "17", "19", "20", 
"21", "22", "23", "24", "26", "27", "28", "29", "30")), effects = structure(c(-225.42770658898, 
-254.312650991149, -0.907540948923147, 15.2293824458205, -0.55308857528731, 
4.43333520480915, -9.09250709886859, 5.46665051742786, -5.06534898864489, 
8.55947353095587, 5.63935829627973, 15.1079818936316, -2.09361578836233, 
3.59472023748013, -7.07196200053447, -2.78726028433485, -0.628718353924674, 
-5.96590308388121, 9.01228344085277, 1.28410729968541, -9.42460126793366, 
-5.57840236021343, 1.92807483177231, 2.32116560916003, -8.1455478913856, 
6.22294986411481, 4.5941900713142), .Names = c("x1", "x2", "x3", 
"x4", "x5", "x6", "x7", "", "", "", "", "", "", "", "", "", "", 
"", "", "", "", "", "", "", "", "", "")), rank = 7L, fitted.values = structure(c(50.4803023819752, 
61.59657337708, 68.4169165259883, 62.6867367297687, 72.1630961726186, 
49.449670116261, 64.4688873993988, 68.2759549699489, 73.2034074691639, 
61.7058515485206, 59.8496117010244, 54.1685072168491, 69.0019248645864, 
73.0831934638172, 87.1345235182585, 76.3823613009554, 69.556893440114, 
55.316667813016, 42.3576793507085, 61.1859273123273, 64.2882149864901, 
42.3226997276465, 67.9079192194384, 79.1792200715492, 52.36401548265, 
79.0479775245331, 77.2088027682655), .Names = c("1", "2", "3", 
"4", "5", "6", "7", "8", "9", "10", "11", "12", "14", "15", "16", 
"17", "19", "20", "21", "22", "23", "24", "26", "27", "28", "29", 
"30")), assign = 1:7, qr = structure(list(qr = structure(c(-6.74098136231284, 
0.219340079183891, -0.0119902511487954, 0.285701770099707, 0.0237120023909249, 
-0.00725871550218922, 0.0162492654755295, 0.0557956606178884, 
-0.308767403912509, 0.322633803156054, 0.230385581758141, 0.172127168150511, 
0.0431092062682619, -0.0910818916518132, 0.282600959455843, 0.170747452619931, 
0.213546257805466, 0.161422324684523, 0.301812285018742, 0.00571855020174065, 
0.1818123543854, 0.186817683297067, 0.161108378426252, 0.261562784070115, 
0.0778914201943645, 0.167715505690919, 0.209798401061114, -227.546687367401, 
-275.80881977943, 0.26350199731394, -0.00278259239900512, 0.263615856660896, 
0.205287545119018, 0.229772313405234, 0.226775334444171, 0.547174736940216, 
-0.0399209201048129, 0.00572455544279781, 0.0782495712719, 0.266047336684301, 
0.352886121626803, 0.0976206080589831, 0.170008590685945, 0.0809885302163176, 
0.0796609734351307, -0.0992109839484098, 0.216540004385873, 0.0921661173451053, 
-0.0170296977564783, 0.148803329117286, 0.0602600713938481, 0.14363193479146, 
0.172462167486596, 0.127529849188587, -169.095556872382, -219.785814803245, 
-53.8413248099691, 0.000806058671900901, -0.124935877633188, 
0.0790508091811626, -0.222298158852083, -0.178443867406472, -0.0202159356448237, 
0.0456075768167081, 0.277964253359083, 0.0379572312757507, 0.308965743607479, 
-0.192676304694516, -0.314105097931282, -0.0232780139334972, 
-0.114715922380797, 0.453849425311164, 0.13065060831459, 0.0495879116509844, 
0.0443313232213203, 0.297248733034778, 0.130492224550397, 0.0519706594847905, 
-0.0100663633892997, 0.105527896661842, -0.42690403213072, -190.131240463756, 
-226.117736616589, -14.3046448786326, 46.1980272522578, -0.0940046077540304, 
0.0657384686254623, -0.118580423748356, 0.0656365443942254, 0.00716340054045801, 
0.0892788972311468, -0.183899579332916, 0.242560882656637, 0.649091616294476, 
-0.271741879850237, -0.099193506517077, 0.0112940074370468, -0.0391609000388778, 
0.0734703856012418, 0.03512790518692, -0.230461188350775, 0.114390168550913, 
-0.460204615732499, 0.0691559015404811, -0.241735945011167, 0.037985542260388, 
0.0272463879367942, -0.0117350161966151, -223.037684270461, -256.694161712375, 
-19.5868710751769, 26.5873330191768, 36.3973480141497, -0.0907644428567966, 
-0.144626660839939, -0.166525991273887, -0.0564460082424329, 
-0.0163640409355899, 0.252198868758615, -0.190646297896223, 0.140360367550059, 
-0.146117849381023, 0.67437051167402, 0.065334448712159, -0.200972394605835, 
0.063491557574296, 0.0684222106115427, -0.00902801035554202, 
-0.0199882383813077, 0.306934633955333, -0.335948345330448, 0.119761018037767, 
0.0534037718976124, 0.194750537137088, 0.159603832117278, -265.20239799561, 
-279.175527873929, -28.8000335358852, 13.2738646601849, 42.6438757371732, 
58.7501079243142, -0.0485352834140751, 0.175761058196538, -0.343426534689739, 
0.0483304046510736, 0.0755477269789291, 0.0385651429947122, 0.160013278651233, 
-0.105139792767373, 0.343632703989754, 0.227399893214075, 0.0174379517878352, 
0.0778214778938081, -0.0419266523838954, -0.248437346775218, 
-0.0235075255695107, -0.0473501091155585, 0.450307785097884, 
0.232448941608556, -0.405183828406435, 0.31697749072468, -0.075457155890942, 
-160.488187603377, -156.711611266889, -25.9497956128729, 21.8127140703328, 
29.2854689544661, -5.30448215574802, 26.5339390899855, 0.0877741826196521, 
0.161290269610953, 0.188766471398671, 0.452826453669111, -0.0504143731458998, 
0.0194187226865575, 0.0457157495767937, 0.153632332343703, -0.360368466542732, 
0.199863146491275, -0.130599562835891, 0.0597001691295623, 0.0702285464783385, 
0.218325755028633, -0.257926495331801, -0.356021516987806, 0.38950580842051, 
-0.263049101622353, -0.0563518556401579, -0.0153807701759335), .Dim = c(27L, 
7L), .Dimnames = list(c("1", "2", "3", "4", "5", "6", "7", "8", 
"9", "10", "11", "12", "14", "15", "16", "17", "19", "20", "21", 
"22", "23", "24", "26", "27", "28", "29", "30"), c("x1", "x2", 
"x3", "x4", "x5", "x6", "x7")), assign = 1:7), qraux = c(1.24799195759851, 
1.05454573125467, 1.20420045973017, 1.10474623890278, 1.04862607249256, 
1.18177277952785, 1.19067431347925), pivot = 1:7, tol = 1e-07, 
    rank = 7L), .Names = c("qr", "qraux", "pivot", "tol", "rank"
), class = "qr"), df.residual = 20L, xlevels = structure(list(), .Names = character(0)), 
    call = quote(lm(formula = y ~ . + 0, data = structure(list(y = c(43, 
        63, 71, 61, 81, 43, 58, 71, 72, 67, 64, 67, 68, 77, 81, 
        74, 65, 50, 50, 64, 53, 40, 66, 78, 48, 85, 82), x1 = c(1.67170916417502, 
        1.47856738578683, -0.08082605952348, 1.92591030742191, 
        0.159842166180342, -0.0489308659145888, 0.109535995721818, 
        0.376117508323118, -2.08139531506394, 2.17486845392707, 
        1.55302491277723, 1.16030603245028, 0.290598355998453, 
        -0.61398133406907, 1.90500780066356, 1.15100539577335, 
        1.4395113438583, 1.08814488215958, 2.03451098822839, 
        0.038548640329384, 1.2255936923502, 1.25933452125599, 
        1.08602857628381, 1.7631898524913, 0.525064611814289, 
        1.13056709803336, 1.414247111396), x2 = c(51, 64, 70, 
        63, 78, 55, 67, 75, 82, 61, 53, 60, 83, 77, 90, 85, 70, 
        58, 40, 61, 66, 37, 77, 75, 57, 85, 82), x3 = c(30, 51, 
        68, 45, 56, 49, 42, 50, 72, 45, 53, 47, 83, 54, 50, 64, 
        46, 68, 33, 52, 52, 42, 66, 58, 44, 71, 39), x4 = c(39, 
        54, 69, 47, 66, 44, 56, 55, 67, 47, 58, 39, 45, 72, 72, 
        69, 57, 54, 34, 62, 50, 58, 63, 74, 45, 71, 59), x5 = c(61, 
        63, 76, 54, 71, 54, 66, 70, 71, 62, 58, 59, 59, 79, 60, 
        79, 75, 64, 43, 66, 63, 50, 88, 80, 51, 77, 64),