
expected <- structure(list(coefficients = structure(c(2.80200515230391, 0.54935922298023, 
-0.00416991579986285, 0.490732163734924, 0.124202784293688, 0.100818244499957, 
-0.413562932875953), .Names = c("x1", "x2", "x3", "x4", "x5", 
"x6", "x7")), residuals = structure(c(-5.01571997125695, 2.98840436403963, 
-2.20129345030634, 0.0106180761968501, 5.42763413714757, -8.91132796073717, 
-9.44739046246444, 1.82216111910994, 9.10878263385978, 3.95973158096189, 
8.90017854989661, -2.88536877110747, -4.39332155973008, -0.917628190651449, 
2.53633867616462, -2.82287417484853, -5.27591964049269, 10.6684362165711, 
-1.80738978053692, -10.8844945722438, -3.07863146526498, 5.08311325310648, 
1.37837363593855, 0.442474926014763, -6.97679728344373, 6.59076988375673, 
5.70114023032006), .Names = c("1", "2", "3", "4", "5", "6", "7", 
"8", "10", "11", "13", "14", "16", "17", "18", "19", "20", "21", 
"22", "23", "24", "25", "26", "27", "28", "29", "30")), effects = structure(c(-331.591504604575, 
-52.8406667457116, 1.29714480901909, 13.2985734292862, -3.10207013159046, 
2.64478688198565, -13.8656451075582, 4.55381547198113, 8.31205662528571, 
7.12249356027521, 12.4014868509331, -4.98367837801818, -4.8823269533199, 
-1.69155850467413, -1.68104489968169, -2.07174156426557, -4.5940052039878, 
11.4069630069905, -0.29178510626839, -11.622620449648, -0.55484124272608, 
10.4388069656041, 2.40769805503654, 1.25006360754727, -8.32190195233491, 
6.15621804226967, 4.83096605108186), .Names = c("x1", "x2", "x3", 
"x4", "x5", "x6", "x7", "", "", "", "", "", "", "", "", "", "", 
"", "", "", "", "", "", "", "", "", "")), rank = 7L, fitted.values = structure(c(48.0157199712569, 
60.0115956359604, 73.2012934503063, 60.9893819238032, 75.5723658628524, 
51.9113279607372, 67.4473904624644, 69.1778388808901, 57.8912173661402, 
60.0402684190381, 60.0998214501034, 70.8853687711075, 85.3933215597301, 
74.9176281906515, 62.4636613238354, 67.8228741748485, 55.2759196404927, 
39.3315637834289, 65.8073897805369, 63.8844945722438, 43.078631465265, 
57.9168867468935, 64.6216263640615, 77.5575250739852, 54.9767972834437, 
78.4092301162433, 76.2988597696799), .Names = c("1", "2", "3", 
"4", "5", "6", "7", "8", "10", "11", "13", "14", "16", "17", 
"18", "19", "20", "21", "22", "23", "24", "25", "26", "27", "28", 
"29", "30")), assign = 1:7, qr = structure(list(qr = structure(c(-5.19615242270663, 
0.192450089729875, 0.192450089729875, 0.192450089729875, 0.192450089729875, 
0.192450089729875, 0.192450089729875, 0.192450089729875, 0.192450089729875, 
0.192450089729875, 0.192450089729875, 0.192450089729875, 0.192450089729875, 
0.192450089729875, 0.192450089729875, 0.192450089729875, 0.192450089729875, 
0.192450089729875, 0.192450089729875, 0.192450089729875, 0.192450089729875, 
0.192450089729875, 0.192450089729875, 0.192450089729875, 0.192450089729875, 
0.192450089729875, 0.192450089729875, -342.368709629448, -68.8379740162845, 
0.0946285258367066, -0.00705953369775985, 0.210843451018954, 
-0.123274458880007, 0.0510479288933639, 0.167262854075611, -0.0361132649933217, 
-0.152328190175569, -0.0215863993455408, 0.283477779257859, 0.385165838792325, 
0.312531510553421, -0.0506401306411026, 0.0946285258367066, -0.0796938619366645, 
-0.341177443596721, -0.0361132649933217, 0.0365210632455829, 
-0.384758040540064, -0.137801324527788, 0.196316585371173, 0.167262854075611, 
-0.0942207275844454, 0.312531510553421, 0.268950913610078, -276.358328852101, 
11.4826802464793, 46.7784365753195, 0.145712408969042, -0.0787653771070952, 
-0.306054493588509, -0.0452628769740306, -0.0210433972081186, 
-0.40012108224688, -0.0609252526398992, 0.00105989019857251, 
-0.0823334020005344, -0.0103701007488542, 0.164216893261241, 
0.160679646588855, -0.295381197129245, 0.127903062722899, -0.188463563210282, 
-0.100837886292733, -0.446443849419484, 0.189918983782424, 0.0409725238514064, 
-0.052398926760909, -0.46996819113934, 0.0687600285107576, -0.0709341892741609, 
0.0509199040435616, -291.176985761301, -32.7887498632246, -7.68906532916826, 
46.8907146430253, -0.150547232323502, -0.00187732579468801, -0.0382887479512483, 
0.0743567255131512, -0.0386283346458587, -0.230925604702963, 
0.225799085386, 0.347500196518936, -0.129736279468728, -0.0530799828897361, 
-0.43988434298369, -0.120665595490453, -0.0246885729086742, 0.100088877715049, 
-0.248489292985486, -0.0681281459462924, -0.303532385005403, 
0.0301009354532364, -0.0871768975212724, -0.495888465570844, 
0.135201207970355, -0.182185906876816, 0.0876224774206447, -332.938655232684, 
-34.7369639562104, 3.94419080627448, 16.2563409481204, 36.8967468053615, 
0.11023377410505, -0.00120409876271173, -0.0676362797315672, 
-0.0158189131709846, 0.142700460872278, 0.0769521768608513, 0.165532911769651, 
0.527695469992592, -0.0788912024024203, 0.470085454625351, -0.185930447429055, 
-0.0542745495543485, 0.161081261169898, 0.0383871368179766, 0.0359392971387874, 
0.220099149657899, -0.205401303382533, -0.435429348059607, -0.0502103839072501, 
0.181342985424534, 0.0243921649849778, 0.189192290234384, -386.632230267319, 
-8.06563862688463, -7.46972137767478, -1.49933288563282, 21.786339704326, 
46.5271389383089, 0.185729499088351, 0.278036689059306, -0.177928092960879, 
0.120896388517747, 0.307596836049698, -0.00522857128707668, 0.355027702242154, 
0.0529826603165484, -0.207968995112801, -0.202789177172931, 0.0278632842783629, 
0.165440154552466, -0.131387439690256, -0.20434432208543, 0.358167413073906, 
0.113942472648125, 0.14803759371953, -0.180791411025076, -0.150198472926509, 
0.046451032488186, -0.0261327796085077, -225.166604983954, -15.0934134080444, 
-13.3684208463715, 28.0008922578404, 23.8928795444762, 4.9472460531029, 
33.5272917500979, 0.111782658289664, -0.0361198598204257, 0.277568929496989, 
0.231338191814418, -0.0878836103520051, 0.108104180235759, -0.233039434155829, 
-0.370653560777578, 0.144382396771687, -0.178578873951496, -0.188117313030017, 
0.241813591674044, 0.0950024102540266, -0.210501716675189, 0.376951056052639, 
-0.351115472218033, 0.278961179899045, -0.113622935933716, -0.0450646538776908, 
0.074866634167551), .Dim = c(27L, 7L), .Dimnames = list(c("1", 
"2", "3", "4", "5", "6", "7", "8", "10", "11", "13", "14", "16", 
"17", "18", "19", "20", "21", "22", "23", "24", "25", "26", "27", 
"28", "29", "30"), c("x1", "x2", "x3", "x4", "x5", "x6", "x7"
)), assign = 1:7), qraux = c(1.19245008972988, 1.00746733195002, 
1.17492096794156, 1.18265169664546, 1.07357951924671, 1.47499742780097, 
1.28436255345647), pivot = 1:7, tol = 1e-07, rank = 7L), .Names = c("qr", 
"qraux", "pivot", "tol", "rank"), class = "qr"), df.residual = 20L, 
    xlevels = structure(list(), .Names = character(0)), call = quote(lm(formula = y ~ 
        . + 0, data = structure(list(y = c(43, 63, 71, 61, 81, 
        43, 58, 71, 67, 64, 69, 68, 81, 74, 65, 65, 50, 50, 64, 
        53, 40, 63, 66, 78, 48, 85, 82), x1 = c(1, 1, 1, 1, 1, 
        1, 1, 1, 1, 1, 1, 1, 1, 1, 1, 1, 1, 1, 1, 1, 1, 1, 1, 
        1, 1, 1, 1), x2 = c(51, 64, 70, 63, 78, 55, 67, 75, 61, 
        53, 62, 83, 90, 85, 60, 70, 58, 40, 61, 66, 37, 54, 77, 
        75, 57, 85, 82), x3 = c(44, 47, 42, 45, 52, 68, 53, 50, 
        71, 57, 52, 51, 46, 39, 45, 64, 47, 66, 57, 72, 49, 52, 
        51, 71, 50, 50, 45), x4 = c(39, 54, 69, 47, 66, 44, 56, 
        55, 47, 58, 42, 45, 72, 69, 75, 57, 54, 34, 62, 50, 58, 
        48, 63, 74, 45, 71, 59), x5 = c(61, 63, 76, 54, 71, 54, 
        66, 70, 62, 58, 55, 59, 60, 79, 55, 75, 64, 43, 66, 63, 
        50, 66, 88, 80, 51, 77, 64), x6 = c(92, 73, 86, 84, 83, 
        49, 68, 66, 80, 67, 63, 77, 54, 79, 80, 85, 78, 64, 80, 
        80, 57, 75, 76, 78, 83, 74, 78), x7 = c(45, 47, 48, 35, 
        47, 34, 35, 41, 41, 34, 25, 35, 36, 63, 60, 46, 52, 33, 
        41, 37, 49, 33, 72, 49, 38, 55, 39)), .Names = c("y", 
        "x1", "x2", "x3", "x4", "x5", "x6", "x7"),