
expected <- structure(list(coefficients = structure(c(13.0048378046425, 0.692977102499151, 
-0.0793207827687086, 0.358768069423747, -0.110826480809326, 0.0380435691507083, 
-0.15817989326622), .Names = c("x1", "x2", "x3", "x4", "x5", 
"x6", "x7")), residuals = structure(c(-7.52957845167792, -0.100484078229059, 
2.86928192977701, -0.629792881051426, 4.63721982924272, -8.14634529571026, 
-6.03180266884999, 2.77892801100271, 7.79494744702432, 8.81812106715631, 
11.8767952880314, -1.19719283294603, -6.42286629743387, -4.56023309883461, 
1.20754622702295, -2.85785987543532, -7.83173941437652, 8.0371357596235, 
0.0956180217539446, -7.39111212802666, -6.26384952461169, 8.84076040904557, 
-5.01721630142142, 4.72318261218462, -8.96997088998878, 4.34788240663911, 
6.92262473008939), .Names = c("1", "2", "3", "4", "5", "6", "7", 
"8", "10", "11", "13", "14", "16", "17", "18", "19", "20", "21", 
"22", "23", "24", "25", "26", "27", "28", "29", "30")), effects = structure(c(-331.591504604575, 
-52.8406667457116, 1.16535851229253, 13.6513149923323, -2.20715077266605, 
1.69700039744578, 5.97875564518823, 6.16258991011835, 8.92194702940017, 
9.84912036883338, 13.1564152266592, -1.91773632005848, -6.57960811843691, 
-3.16574637013121, -0.889791287640446, -1.15836227111995, -8.37625833637865, 
9.84973939580232, -0.125849771631059, -5.55861869036086, -5.19773972632852, 
11.3951548744772, -1.89084202478761, 6.64404023624206, -9.65472813652525, 
4.29187728716358, 9.03401568401723), .Names = c("x1", "x2", "x3", 
"x4", "x5", "x6", "x7", "", "", "", "", "", "", "", "", "", "", 
"", "", "", "", "", "", "", "", "", "")), rank = 7L, fitted.values = structure(c(50.5295784516779, 
63.1004840782291, 68.130718070223, 61.6297928810514, 76.3627801707573, 
51.1463452957103, 64.03180266885, 68.2210719889973, 59.2050525529757, 
55.1818789328437, 57.1232047119686, 69.197192832946, 87.4228662974339, 
78.5602330988346, 63.792453772977, 67.8578598754353, 57.8317394143765, 
41.9628642403765, 63.9043819782461, 60.3911121280267, 46.2638495246117, 
54.1592395909544, 71.0172163014214, 73.2768173878154, 56.9699708899888, 
80.6521175933609, 75.0773752699106), .Names = c("1", "2", "3", 
"4", "5", "6", "7", "8", "10", "11", "13", "14", "16", "17", 
"18", "19", "20", "21", "22", "23", "24", "25", "26", "27", "28", 
"29", "30")), assign = 1:7, qr = structure(list(qr = structure(c(-5.19615242270663, 
0.192450089729875, 0.192450089729875, 0.192450089729875, 0.192450089729875, 
0.192450089729875, 0.192450089729875, 0.192450089729875, 0.192450089729875, 
0.192450089729875, 0.192450089729875, 0.192450089729875, 0.192450089729875, 
0.192450089729875, 0.192450089729875, 0.192450089729875, 0.192450089729875, 
0.192450089729875, 0.192450089729875, 0.192450089729875, 0.192450089729875, 
0.192450089729875, 0.192450089729875, 0.192450089729875, 0.192450089729875, 
0.192450089729875, 0.192450089729875, -342.368709629448, -68.8379740162845, 
0.0946285258367066, -0.00705953369775985, 0.210843451018954, 
-0.123274458880007, 0.0510479288933639, 0.167262854075611, -0.0361132649933217, 
-0.152328190175569, -0.0215863993455408, 0.283477779257859, 0.385165838792325, 
0.312531510553421, -0.0506401306411026, 0.0946285258367066, -0.0796938619366645, 
-0.341177443596721, -0.0361132649933217, 0.0365210632455829, 
-0.384758040540064, -0.137801324527788, 0.196316585371173, 0.167262854075611, 
-0.0942207275844454, 0.312531510553421, 0.268950913610078, -273.471577506153, 
-33.2358545059397, -53.2510494878393, -0.070052322797673, -0.00669154004805236, 
0.0814411228608679, -0.164578018240964, -0.0907237925312555, 
-0.0509579339970586, 0.175651402117566, 0.164842542970884, 0.452604748528973, 
-0.233931708535864, 0.0767098800619636, 0.334168712683665, -0.118103710985803, 
0.409600019326341, -0.0758145229588567, 0.080494874301087, 0.032758902299551, 
0.121837813768252, -0.0404644910369705, 0.190645380492463, 0.0595079883809109, 
-0.0315481290098505, 0.208162688360109, -0.364122852087635, -291.176985761301, 
-32.7887498632246, -12.0111858195518, 45.9738214702459, -0.126776264009074, 
0.146469422888452, -0.0900171792328606, 0.0462799188113019, 0.0896046789845458, 
-0.14017645812747, 0.29795177230988, 0.572139119503493, -0.225001870218563, 
-0.0840514605148644, -0.370965020032825, -0.0610621517971232, 
0.0959399796426184, 0.141459594833629, -0.182404373202978, 0.111445026063237, 
-0.3305079318491, -0.00136645725563106, 0.00943141373069283, 
-0.304983229318835, 0.099090725323558, -0.0732908932916216, -0.0800336620639995, 
-332.938655232684, -34.7369639562104, -5.90088014670624, 14.3792209278217, 
37.4113994119425, 0.0883967215325639, -0.0198516122366531, -0.0740628466497124, 
-0.0561869391807157, 0.143650962410509, 0.0957585162115162, 0.202891328143994, 
0.496629964955771, -0.0583953227028631, 0.493560590913973, -0.222497273825623, 
-0.00898153041147046, 0.138662389187789, 0.0288922640220551, 
-0.00309501892698088, 0.235702240135178, -0.201494975093204, 
-0.420636300880987, -0.0995109703715286, 0.185968080392418, 0.0301001084210261, 
0.163299733683782, -386.632230267319, -8.06563862688463, -1.53998245972937, 
-0.682271547394574, 20.0669496492956, 47.874257000929, 0.162702050764063, 
0.261260859304771, -0.0393149374326956, 0.168882167532395, 0.340778562791046, 
0.130331467288528, 0.306225068939915, 0.00393640263110654, -0.201602890020956, 
-0.120689540652062, 0.0606268249271836, 0.22036437123156, -0.083156484574125, 
-0.0316213572357864, 0.296266249709722, 0.08542651021309, 0.190675332364828, 
-0.0114649436253739, -0.169452520436462, 0.106432375489893, -0.11037954764805, 
-213.812049689891, -2.82466832040185, -4.1426641968333, 7.73214381626977, 
-7.43207341597024, 0.785859736917571, -37.7971910445398, 0.154593582185846, 
-0.113399901483305, 0.0171314516917031, -0.119287161286368, 0.223839866412562, 
-0.208729509487302, 0.123823292693585, 0.346238527821238, -0.150049485654802, 
-0.291265213647008, -0.0736682923774648, -0.274275931138472, 
0.330945704212416, -0.200291379382168, -0.148347102183144, -0.158199320114663, 
0.124673367177897, -0.0716153004963548, -0.233272205362473, 0.484640704945119
), .Dim = c(27L, 7L), .Dimnames = list(c("1", "2", "3", "4", 
"5", "6", "7", "8", "10", "11", "13", "14", "16", "17", "18", 
"19", "20", "21", "22", "23", "24", "25", "26", "27", "28", "29", 
"30"), c("x1", "x2", "x3", "x4", "x5", "x6", "x7")), assign = 1:7), 
    qraux = c(1.19245008972988, 1.00746733195002, 1.29503368652266, 
    1.1027371946009, 1.06098135991712, 1.59089095340916, 1.15870683335266
    ), pivot = 1:7, tol = 1e-07, rank = 7L), .Names = c("qr", 
"qraux", "pivot", "tol", "rank"), class = "qr"), df.residual = 20L, 
    xlevels = structure(list(), .Names = character(0)), call = quote(lm(formula = y ~ 
        . + 0, data = structure(list(y = c(43, 63, 71, 61, 81, 
        43, 58, 71, 67, 64, 69, 68, 81, 74, 65, 65, 50, 50, 64, 
        53, 40, 63, 66, 78, 48, 85, 82), x1 = c(1, 1, 1, 1, 1, 
        1, 1, 1, 1, 1, 1, 1, 1, 1, 1, 1, 1, 1, 1, 1, 1, 1, 1, 
        1, 1, 1, 1), x2 = c(51, 64, 70, 63, 78, 55, 67, 75, 61, 
        53, 62, 83, 90, 85, 60, 70, 58, 40, 61, 66, 37, 54, 77, 
        75, 57, 85, 82), x3 = c(30, 51, 68, 45, 56, 49, 42, 50, 
        45, 53, 57, 83, 50, 64, 65, 46, 68, 33, 52, 52, 42, 42, 
        66, 58, 44, 71, 39), x4 = c(39, 54, 69, 47, 66, 44, 56, 
        55, 47, 58, 42, 45, 72, 69, 75, 57, 54, 34, 62, 50, 58, 
        48, 63, 74, 45, 71, 59), x5 = c(61, 63, 76, 54, 71, 54, 
        66, 70, 62, 58, 55, 59, 60, 79, 55, 75, 64, 43, 66, 63, 
        50, 66, 88, 80, 51, 77, 64), x6 = c(92, 73, 86, 84, 83, 
        49, 68, 66, 80, 67, 63, 77, 54, 79, 80, 85, 78, 64, 80, 
        80, 57, 75, 76, 78, 83, 74, 78), x7 = c(39, 34, 48, 35, 
        33, 49, 47, 46, 35, 46, 36, 46, 33, 46, 60, 34, 33, 38, 
        33, 52, 41, 36, 37, 49, 36, 34, 55)), .Names = c("y", 
        "x1", "x2", "x3", "x4", "x5", "x6", "x7"),