
expected <- structure(list(coefficients = structure(c(23.2354861476201, 0.556057604952462, 
0.23936218249507, 0.141782603255446, -0.122685630353519, -0.194328770711678
), .Names = c("x1", "x2", "x3", "x4", "x5", "x6")), residuals = structure(c(-6.54641524153633, 
0.408468514851239, 1.42775827069704, 7.84391133306756, -10.1091498750704, 
-0.964777581653732, -6.72894160062421, 7.58678599863412, 4.01417865425235, 
9.74697509119237, 6.02510148154846, -4.27643865089419, 0.899092464173243, 
-4.400844143603, -2.28232146515568, 4.12542736003465, -2.06945610788354, 
4.55197328557548, 0.429222848186294, -10.8306862597156, -8.26656358332471, 
4.50463832032348, -4.29282891452003, 3.09637264832114, -7.36558000183046, 
6.35446105890406, 7.1196360960503), .Names = c("1", "2", "3", 
"5", "7", "8", "9", "10", "11", "12", "13", "14", "15", "16", 
"17", "18", "19", "21", "22", "23", "24", "25", "26", "27", "28", 
"29", "30")), effects = structure(c(-343.523410167827, 49.3571362451374, 
-9.25066504297279, -1.24227346972933, -5.91207659222964, 7.70400350894875, 
-5.89535509838625, 8.70953952572658, 5.59568675583891, 11.7993834105298, 
9.27149560602035, -4.33973573212008, 3.86052628485498, -4.22787717151828, 
-1.1573271186209, -1.86661102080854, 0.497979609196036, 5.27307828419532, 
1.13407637922462, -9.71087387840847, -8.03275296039494, 8.71650853940043, 
0.792253553750416, 5.88382657330256, -9.67566091512119, 8.0020094303719, 
6.67322511487253), .Names = c("x1", "x2", "x3", "x4", "x5", "x6", 
"", "", "", "", "", "", "", "", "", "", "", "", "", "", "", "", 
"", "", "", "", "")), rank = 6L, fitted.values = structure(c(49.5464152415363, 
62.5915314851488, 69.572241729303, 73.1560886669324, 68.1091498750704, 
71.9647775816537, 78.7289416006242, 59.4132140013659, 59.9858213457477, 
57.2530249088076, 62.9748985184515, 72.2764386508942, 76.1009075358268, 
85.400844143603, 76.2823214651557, 60.8745726399654, 67.0694561078835, 
45.4480267144245, 63.5707771518137, 63.8306862597155, 48.2665635833247, 
58.4953616796765, 70.29282891452, 74.9036273516789, 55.3655800018305, 
78.6455389410959, 74.8803639039497), .Names = c("1", "2", "3", 
"5", "7", "8", "9", "10", "11", "12", "13", "14", "15", "16", 
"17", "18", "19", "21", "22", "23", "24", "25", "26", "27", "28", 
"29", "30")), assign = 1:6, qr = structure(list(qr = structure(c(-5.19615242270663, 
0.192450089729875, 0.192450089729875, 0.192450089729875, 0.192450089729875, 
0.192450089729875, 0.192450089729875, 0.192450089729875, 0.192450089729875, 
0.192450089729875, 0.192450089729875, 0.192450089729875, 0.192450089729875, 
0.192450089729875, 0.192450089729875, 0.192450089729875, 0.192450089729875, 
0.192450089729875, 0.192450089729875, 0.192450089729875, 0.192450089729875, 
0.192450089729875, 0.192450089729875, 0.192450089729875, 0.192450089729875, 
0.192450089729875, 0.192450089729875, -350.644063487833, 69.9910047130397, 
-0.0739876890014511, -0.188288091357435, -0.0311250381179571, 
-0.145425440473941, -0.245438292535427, 0.0546002636490308, 0.168900666005015, 
0.0688878139435288, 0.0403127133545328, -0.259725842829925, -0.174000541062937, 
-0.359738694891411, -0.288300943418921, 0.0688878139435288, -0.0739876890014511, 
0.354638819833489, 0.0546002636490308, -0.0168374878234591, 0.397501470716983, 
0.154613115710517, -0.174000541062937, -0.145425440473941, 0.111750464827023, 
-0.288300943418921, -0.245438292535427, -297.527838722387, 35.5135583468277, 
-49.658557759279, 0.101095783229385, 0.0117897892235358, -0.0898525745365813, 
0.0804808753066027, -0.108319218678671, 0.19469830479662, -0.259231240477235, 
-0.219194904509833, -0.372732582040355, 0.232108985032064, 0.09966360737559, 
0.0901915893289126, 0.465719334497391, 0.00136298727432827, -0.156156700863323, 
0.19374352089409, -0.0988472006319937, 0.357708000373819, -0.0168649608921289, 
0.0508713412884079, 0.292760228922249, -0.107841826727406, 0.130466621271947, 
-0.0806192524655365, -340.05930855269, 35.7220507474215, -15.0079218775284, 
37.2741738739212, 0.00275075531871106, -0.0427033146200247, 0.116334193472629, 
-0.0360941703046415, 0.111681648488472, -0.0464782648674462, 
0.109553921303614, 0.222176447306512, -0.0921876317758199, 0.534696578680732, 
-0.0507931432629746, 0.429192939230771, -0.201436983357944, 0.151384960672295, 
0.0100755447544688, 0.0128310105267819, 0.182125438595068, -0.196254540164674, 
-0.425731249245288, -0.116574262352848, 0.202506470951659, 0.0233276606191293, 
0.222274383778425, -391.058582331106, 6.68128185253085, 1.67324448122421, 
19.4861923542013, 40.5713472592831, 0.343020811681325, -0.0915073350114547, 
-0.0634004259267641, 0.199658057269925, 0.0680146182473245, 0.29030070275029, 
-0.0307216615023849, 0.134651200208982, 0.493374754045125, 0.0859877143872579, 
-0.187552067773284, -0.0731925570958218, 0.166952746560794, -0.0485172429073267, 
-0.0613313559071207, 0.371437632544503, 0.104418739757078, 0.270571082724143, 
0.118114780112983, -0.247276331653361, 0.184500298935573, -0.0275195914594052, 
-224.589254714764, 11.8745418003161, -25.5693533737358, 21.2857163067328, 
4.80914522337802, -39.6441735350605, -0.380673031812889, -0.0232476790267055, 
-0.208246887712359, 0.101057047234935, -0.190755638032094, 0.0591964182495549, 
-0.122145923386115, 0.0868747829587786, 0.375304425809339, 0.320086595805431, 
-0.0770361286445643, 0.0262936682522853, -0.175949610902374, 
-0.119078657620268, 0.204270577539962, -0.294341882801145, 0.508689940826255, 
-0.093834777360906, -0.0159447298256948, 0.21477801482256, -0.0105387442436417
), .Dim = c(27L, 6L), .Dimnames = list(c("1", "2", "3", "5", 
"7", "8", "9", "10", "11", "12", "13", "14", "15", "16", "17", 
"18", "19", "21", "22", "23", "24", "25", "26", "27", "28", "29", 
"30"), c("x1", "x2", "x3", "x4", "x5", "x6")), assign = 1:6), 
    qraux = c(1.19245008972988, 1.01173761276554, 1.24301317893254, 
    1.07005651200261, 1.25455551514889, 1.03328403165658), pivot = 1:6, 
    tol = 1e-07, rank = 6L), .Names = c("qr", "qraux", "pivot", 
"tol", "rank"), class = "qr"), df.residual = 21L, xlevels = structure(list(), .Names = character(0)), 
    call = quote(lm(formula = y ~ . + 0, data = structure(list(y = c(43, 
        63, 71, 81, 58, 71, 72, 67, 64, 67, 69, 68, 77, 81, 74, 
        65, 65, 50, 64, 53, 40, 63, 66, 78, 48, 85, 82), x1 = c(1, 
        1, 1, 1, 1, 1, 1, 1, 1, 1, 1, 1, 1, 1, 1, 1, 1, 1, 1, 
        1, 1, 1, 1, 1, 1, 1, 1), x2 = c(51, 64, 70, 78, 67, 75, 
        82, 61, 53, 60, 62, 83, 77, 90, 85, 60, 70, 40, 61, 66, 
        37, 54, 77, 75, 57, 85, 82), x3 = c(39, 54, 69, 66, 56, 
        55, 67, 47, 58, 39, 42, 45, 72, 72, 69, 75, 57, 34, 62, 
        50, 58, 48, 63, 74, 45, 71, 59), x4 = c(61, 63, 76, 71, 
        66, 70, 71, 62, 58, 59, 55, 59, 79, 60, 79, 55, 75, 43, 
        66, 63, 50, 66, 88, 80, 51, 77, 64), x5 = c(92, 73, 86, 
        83, 68, 66, 83, 80, 67, 74, 63, 77, 77, 54, 79, 80, 85, 
        64, 80, 80, 57, 75, 76, 78, 83, 74, 78), x6 = c(45, 47, 
        48, 47, 35, 41, 31, 41, 34, 41, 25, 35, 46, 36, 63, 60, 
        46, 33, 41, 37, 49, 33, 72, 49, 38, 55, 39)), .Names = c("y", 
        "x1", "x2", "x3", "x4", "x5", "x6"), row.names = c("1", 
        "2", "3", "5", "7", "8", "9", "10", "11", "12", "13", 
        "14", "15", "16", "17", "18", "19", "21", "22", "23", 
        "24", "25", "26", "27", "28", "29", "30"), class = "data.frame"))), 
    terms = y ~ x1 + x2 + x3 + x4 + x5 + x6 + 0, model = structure(list(
        y = c(43, 63, 71, 81, 58, 71, 72, 67, 64, 67, 69, 68, 
        77, 81, 74, 65, 65, 50, 64, 53, 40, 63, 66, 78, 48, 85, 
        82), x1 = c(1, 1, 1, 1, 1, 1, 1, 1, 1, 1, 1, 1, 1, 1, 
        1, 1, 1, 1, 1, 1, 1, 1, 1, 1, 1, 1, 1), x2 = c(51, 64, 
        70, 78, 67, 75, 82, 61, 53, 60, 62, 83, 77, 90, 85, 60, 
        70, 40, 61, 66, 37, 54, 77, 75, 57, 85, 82), x3 = c(39, 
        54, 69, 66, 56, 55, 67, 47, 58, 39, 42, 45, 72, 72, 69, 
        75, 57, 34, 62, 50, 58, 48, 63, 74, 45, 71, 59),