
expected <- structure(list(coefficients = structure(c(6.76171552528195, 0.605505064759557, 
-0.010441445354006, 0.506147190551015, -0.06251205038973, 0.126656853540658, 
-0.369524086387979), .Names = c("x1", "x2", "x3", "x4", "x5", 
"x6", "x7")), residuals = structure(c(-4.96702221144825, 4.30926793946906, 
-0.765625350652732, -1.49525742250237, 6.54406943758654, -7.71479070563747, 
-8.7897845216242, 1.67616733441484, 8.68957284106616, 4.42195656917486, 
8.98088220129328, -3.30949863211897, -5.58850446112101, -0.397995782468095, 
-0.14735328426883, -2.15908268496128, -4.47851759178537, 9.36750384597111, 
-1.89205695011075, -11.5739605344072, -3.50794871428869, 7.31796935216409, 
1.58418479760327, 1.32935733007029, -8.06253653198484, 5.96462642193332, 
4.66437730863326), .Names = c("1", "2", "3", "4", "5", "6", "7", 
"8", "10", "11", "13", "14", "16", "17", "18", "19", "20", "21", 
"22", "23", "24", "25", "26", "27", "28", "29", "30")), effects = structure(c(-331.591504604575, 
-52.8406667457116, 1.16535851229253, 13.6513149923323, 1.71472965088276, 
0.8041645675799, -13.9139386360803, 4.27350607911725, 9.71301618351487, 
8.72936672701504, 13.5465629355921, -2.06184282051081, -1.73406726815471, 
-2.98396131038081, 2.33944227696143, -2.33774063590721, -4.93589427663172, 
12.7333290941074, 1.10428185111922, -9.01889012856279, -0.310023811414768, 
8.27028306821691, 0.161808724509275, 3.05541093497203, -7.24466599204221, 
7.73244717262986, 5.51616030026997), .Names = c("x1", "x2", "x3", 
"x4", "x5", "x6", "x7", "", "", "", "", "", "", "", "", "", "", 
"", "", "", "", "", "", "", "", "", "")), rank = 7L, fitted.values = structure(c(47.9670222114483, 
58.6907320605309, 71.7656253506527, 62.4952574225024, 74.4559305624135, 
50.7147907056375, 66.7897845216242, 69.3238326655852, 58.3104271589338, 
59.5780434308251, 60.0191177987067, 71.309498632119, 86.588504461121, 
74.3979957824681, 65.1473532842688, 67.1590826849613, 54.4785175917854, 
40.6324961540289, 65.8920569501108, 64.5739605344072, 43.5079487142887, 
55.6820306478359, 64.4158152023967, 76.6706426699297, 56.0625365319848, 
79.0353735780667, 77.3356226913667), .Names = c("1", "2", "3", 
"4", "5", "6", "7", "8", "10", "11", "13", "14", "16", "17", 
"18", "19", "20", "21", "22", "23", "24", "25", "26", "27", "28", 
"29", "30")), assign = 1:7, qr = structure(list(qr = structure(c(-5.19615242270663, 
0.192450089729875, 0.192450089729875, 0.192450089729875, 0.192450089729875, 
0.192450089729875, 0.192450089729875, 0.192450089729875, 0.192450089729875, 
0.192450089729875, 0.192450089729875, 0.192450089729875, 0.192450089729875, 
0.192450089729875, 0.192450089729875, 0.192450089729875, 0.192450089729875, 
0.192450089729875, 0.192450089729875, 0.192450089729875, 0.192450089729875, 
0.192450089729875, 0.192450089729875, 0.192450089729875, 0.192450089729875, 
0.192450089729875, 0.192450089729875, -342.368709629448, -68.8379740162845, 
0.0946285258367066, -0.00705953369775985, 0.210843451018954, 
-0.123274458880007, 0.0510479288933639, 0.167262854075611, -0.0361132649933217, 
-0.152328190175569, -0.0215863993455408, 0.283477779257859, 0.385165838792325, 
0.312531510553421, -0.0506401306411026, 0.0946285258367066, -0.0796938619366645, 
-0.341177443596721, -0.0361132649933217, 0.0365210632455829, 
-0.384758040540064, -0.137801324527788, 0.196316585371173, 0.167262854075611, 
-0.0942207275844454, 0.312531510553421, 0.268950913610078, -273.471577506153, 
-33.2358545059397, -53.2510494878393, -0.070052322797673, -0.00669154004805236, 
0.0814411228608679, -0.164578018240964, -0.0907237925312555, 
-0.0509579339970586, 0.175651402117566, 0.164842542970884, 0.452604748528973, 
-0.233931708535864, 0.0767098800619636, 0.334168712683665, -0.118103710985803, 
0.409600019326341, -0.0758145229588567, 0.080494874301087, 0.032758902299551, 
0.121837813768252, -0.0404644910369705, 0.190645380492463, 0.0595079883809109, 
-0.0315481290098505, 0.208162688360109, -0.364122852087635, -291.176985761301, 
-32.7887498632246, -12.0111858195518, 45.9738214702459, -0.126776264009074, 
0.146469422888452, -0.0900171792328606, 0.0462799188113019, 0.0896046789845458, 
-0.14017645812747, 0.29795177230988, 0.572139119503493, -0.225001870218563, 
-0.0840514605148644, -0.370965020032825, -0.0610621517971232, 
0.0959399796426184, 0.141459594833629, -0.182404373202978, 0.111445026063237, 
-0.3305079318491, -0.00136645725563106, 0.00943141373069283, 
-0.304983229318835, 0.099090725323558, -0.0732908932916216, -0.0800336620639995, 
-338.134807655391, -8.54502519326137, -2.69928063484914, -1.49381380096086, 
-54.0121912227301, 0.277738113989766, -0.00222278388744086, -0.284239732086002, 
-0.0748176930660541, 0.0198874397929615, -0.0879022253329387, 
-0.0481073190730581, -0.20209180864488, 0.0153835900375592, -0.333970171403169, 
-0.0304464337623198, 0.177983072508177, -0.0551957732521021, 
-0.149391205859682, -0.218893404037295, 0.0438321838989421, 0.340292527087044, 
-0.403791581293174, -0.131520645973332, 0.0495421888093435, -0.41029358312094, 
-0.133294582777541, -386.632230267319, -8.06563862688463, -1.53998245972937, 
-0.682271547394574, -2.76026698896297, 51.8363567177324, 0.144871422508417, 
0.185168353945983, -0.0605175287679313, 0.19550591110607, 0.327887478513748, 
0.166264830090236, 0.384157841361587, -0.00937327112272855, -0.102847074253209, 
-0.17264855647815, 0.0769010866147024, 0.231975799708995, -0.0888591353053759, 
-0.058554684760343, 0.339946740188535, 0.071476099356192, 0.0152658770245186, 
-0.0533332859604597, -0.102218530482735, 0.0525146354312399, 
-0.0773405463029725, -225.166604983954, -15.0934134080444, -18.1722398077161, 
26.0474835996643, 3.55071965555304, 15.5910412487977, 37.6536717053716, 
0.0646792391219747, -0.0121719238036796, 0.306696620902043, 0.230036014825854, 
0.0577032860575969, 0.387798802240675, -0.262103440388566, 0.0653419530649356, 
0.0377808812370708, -0.21564271937957, -0.0916376159213282, 0.283206887505918, 
0.170177664251818, -0.122064404779099, 0.122210162665108, -0.524461940918265, 
0.24596962834716, 0.0324138245781593, 0.0475477728859317, 0.206702062367028
), .Dim = c(27L, 7L), .Dimnames = list(c("1", "2", "3", "4", 
"5", "6", "7", "8", "10", "11", "13", "14", "16", "17", "18", 
"19", "20", "21", "22", "23", "24", "25", "26", "27", "28", "29", 
"30"), c("x1", "x2", "x3", "x4", "x5", "x6", "x7")), assign = 1:7), 
    qraux = c(1.19245008972988, 1.00746733195002, 1.29503368652266, 
    1.1027371946009, 1.28443691720353, 1.60468706832357, 1.2123131275756
    ), pivot = 1:7, tol = 1e-07, rank = 7L), .Names = c("qr", 
"qraux", "pivot", "tol", "rank"), class = "qr"), df.residual = 20L, 
    xlevels = structure(list(), .Names = character(0)), call = quote(lm(formula = y ~ 
        . + 0, data = structure(list(y = c(43, 63, 71, 61, 81, 
        43, 58, 71, 67, 64, 69, 68, 81, 74, 65, 65, 50, 50, 64, 
        53, 40, 63, 66, 78, 48, 85, 82), x1 = c(1, 1, 1, 1, 1, 
        1, 1, 1, 1, 1, 1, 1, 1, 1, 1, 1, 1, 1, 1, 1, 1, 1, 1, 
        1, 1, 1, 1), x2 = c(51, 64, 70, 63, 78, 55, 67, 75, 61, 
        53, 62, 83, 90, 85, 60, 70, 58, 40, 61, 66, 37, 54, 77, 
        75, 57, 85, 82), x3 = c(30, 51, 68, 45, 56, 49, 42, 50, 
        45, 53, 57, 83, 50, 64, 65, 46, 68, 33, 52, 52, 42, 42, 
        66, 58, 44, 71, 39), x4 = c(39, 54, 69, 47, 66, 44, 56, 
        55, 47, 58, 42, 45, 72, 69, 75, 57, 54, 34, 62, 50, 58, 
        48, 63, 74, 45, 71, 59), x5 = c(66, 88, 76, 55, 88, 76, 
        66, 54, 59, 64, 59, 71, 66, 77, 51, 66, 75, 50, 58, 54, 
        59, 79, 51, 66, 64, 55, 64), x6 = c(92, 73, 86, 84, 83, 
        49, 68, 66, 80, 67, 63, 77, 54, 79, 80, 85, 78, 64, 80, 
        80, 57, 75, 76, 78, 83, 74, 78), x7 = c(45, 47, 48, 35, 
        47, 34, 35, 41, 41, 34, 25, 35, 36, 63, 60, 46, 52, 33, 
        41, 37, 49, 33, 72, 49, 38, 55, 39)), .Names = c("y", 
        "x1", "x2", "x3", "x4", "x5", "x6", "x7"),