
expected <- structure(list(coefficients = structure(c(-15.7715038922067, 
0.237145299974284, 0.103699128418376, 0.614965388751737, 0.312357842106714, 
0.165622938222295, -0.212131814504332), .Names = c("x1", "x2", 
"x3", "x4", "x5", "x6", "x7")), residuals = structure(c(-6.11131865251363, 
4.72146669052033, -5.21609885353805, -0.310717432549703, 12.3283113641509, 
-9.39878435689776, -5.36402024024696, 4.21877801658724, -6.84570981087553, 
11.0543349698688, 2.1405842300648, 14.1402914790856, 3.57621782207795, 
-2.56282683292982, 5.91759861522645, 3.73726961870493, -6.24432221147824, 
-5.85261655375148, 3.06662706098305, -6.70265062837696, -10.7088102950019, 
-11.0102030209486, -5.21697183893878, -5.42059246066565, -4.7836537191639, 
12.3000755015888, 14.5477415390179), .Names = c("1", "2", "3", 
"4", "5", "6", "7", "8", "9", "10", "11", "12", "14", "15", "16", 
"17", "19", "20", "21", "22", "23", "24", "26", "27", "28", "29", 
"30")), effects = structure(c(-335.248056309443, 11.6334362023714, 
-30.3945004386305, 37.1189880537785, 9.87300656417854, 9.06665020541364, 
-6.03447451379753, 9.86343604380464, -5.77939472725719, 12.3657283438637, 
0.870003737286551, 17.9020588842292, 6.91464915530502, 0.0887592276751855, 
4.01138002758142, 4.98102738720457, -2.02482636893272, -6.5344512087459, 
2.96653859116929, -7.29371143952724, -8.66754733743897, -16.6738170260022, 
2.50236700087794, -2.82274858530245, -8.26174613132138, 13.5934964130155, 
14.1028916291935), .Names = c("x1", "x2", "x3", "x4", "x5", "x6", 
"x7", "", "", "", "", "", "", "", "", "", "", "", "", "", "", 
"", "", "", "", "", "")), rank = 7L, fitted.values = structure(c(49.1113186525136, 
58.2785333094797, 76.216098853538, 61.3107174325497, 68.6716886358491, 
52.3987843568978, 63.364020240247, 66.7812219834128, 78.8457098108755, 
55.9456650301312, 61.8594157699352, 52.8597085209144, 64.423782177922, 
79.5628268329298, 75.0824013847735, 70.2627303812951, 71.2443222114782, 
55.8526165537515, 46.9333729390169, 70.702650628377, 63.7088102950019, 
51.0102030209486, 71.2169718389388, 83.4205924606656, 52.7836537191639, 
72.6999244984112, 67.4522584609821), .Names = c("1", "2", "3", 
"4", "5", "6", "7", "8", "9", "10", "11", "12", "14", "15", "16", 
"17", "19", "20", "21", "22", "23", "24", "26", "27", "28", "29", 
"30")), assign = 1:7, qr = structure(list(qr = structure(c(-5.19615242270663, 
0.192450089729875, 0.192450089729875, 0.192450089729875, 0.192450089729875, 
0.192450089729875, 0.192450089729875, 0.192450089729875, 0.192450089729875, 
0.192450089729875, 0.192450089729875, 0.192450089729875, 0.192450089729875, 
0.192450089729875, 0.192450089729875, 0.192450089729875, 0.192450089729875, 
0.192450089729875, 0.192450089729875, 0.192450089729875, 0.192450089729875, 
0.192450089729875, 0.192450089729875, 0.192450089729875, 0.192450089729875, 
0.192450089729875, 0.192450089729875, -359.689217705137, 69.4454222153388, 
0.070946231231392, -0.260249105571094, 0.229344001006494, -0.145050727552838, 
-0.00105275503001812, -0.217049713814248, -0.0442521467868642, 
0.099745825735956, 0.085346028483674, -0.116251133048274, -0.260249105571094, 
-0.116251133048274, -0.332248091832505, 0.20054440650193, -0.217049713814248, 
0.387741770781596, -0.332248091832505, -0.116251133048274, -0.145050727552838, 
0.229344001006494, -0.0442521467868642, -0.260249105571094, 0.070946231231392, 
0.186144609249648, -0.145050727552838, -275.203628313722, -9.75986258210225, 
-62.9738679560137, -0.0254760173001652, 0.069956166890339, 0.0193968768281268, 
-0.115067237220982, 0.0469299272465409, 0.368312910718278, -0.0837432561799546, 
0.0456242545148863, -0.0170237075671687, 0.577948883113169, 0.0941335109300245, 
0.0655754436880735, 0.201654367140371, -0.0165884833232838, 0.234873813492706, 
-0.204377801233681, 0.0623743056451122, 0.0670356847554953, -0.152358270104047, 
0.273035294863541, 0.180958817051765, -0.0949614797120276, 0.315142275192756, 
-0.139399149596435, -293.67883692779, -7.38869596789315, -27.3828798703523, 
50.6589163192486, -0.166777096576267, 0.184338642334111, -0.120258513611267, 
-0.0246577036389601, -0.030076550014642, 0.0912636613953988, 
-0.0440084901581198, 0.263322041257689, 0.510922085688726, -0.316085021510093, 
-0.363666996661525, -0.144559310447605, -0.105285068113951, 0.198262678407942, 
0.211570271521249, -0.139260225484871, 0.096760203238502, -0.152874947335031, 
-0.0128385651053997, -0.318706659674046, 0.119598563227677, -0.112459617347524, 
-0.214628385455838, -339.28950819377, -6.73590515912302, -27.7504756226476, 
29.7320682256705, 35.1592439204521, 0.11322057237382, -0.0171690969310861, 
-0.116377711799789, 0.158940664679005, -0.0771680130609698, 0.282474603494668, 
-0.136330674499491, 0.105720858756371, -0.024359511662339, 0.511649521565416, 
-0.0643551015866945, -0.231665496093757, 0.0686603660671078, 
0.182226416312803, 0.139473079009272, -0.0133756036409317, 0.468643336573953, 
-0.423792409250231, 0.00576523008739671, 0.193710173533216, 0.0556739432154146, 
0.0955378610434595, -389.711431702997, -11.6062365853393, -6.2045533887904, 
-2.57908188820254, 25.1235101698978, 43.13880344803, 0.176562145218111, 
0.298910621424477, -0.111600489009311, -0.00461578781145983, 
0.138562609276944, 0.186335781892519, 0.197538601359576, -0.0371856965624369, 
0.21218075978335, 0.0452054080218907, -0.125500130435949, 0.123468808198403, 
0.18866065960039, -0.14607740070886, -0.0277284676006116, 0.233934088867866, 
0.286242553098339, -0.0725309082338961, -0.19341904953755, 0.142472161935584, 
-0.152810352144534, -225.166604983954, -22.3772849300463, -12.5914785480445, 
13.6442601648083, 24.8444043248686, -9.05981420772512, 28.4468151460341, 
0.117613903522077, 0.402059992410119, 0.163641735853471, 0.196418406878585, 
0.021053509920285, 0.00234100842734871, 0.0435962803405806, -0.24562688369712, 
-0.289752478215642, -0.0064076940108157, -0.0334382544652961, 
-0.234519315551261, -0.0661081325433582, 0.101540508659114, -0.406947334045876, 
-0.445739018677181, -0.175514805133996, -0.0728295796660547, 
-0.0891693831040731, -0.0226316939060026), .Dim = c(27L, 7L), .Dimnames = list(
    c("1", "2", "3", "4", "5", "6", "7", "8", "9", "10", "11", 
    "12", "14", "15", "16", "17", "19", "20", "21", "22", "23", 
    "24", "26", "27", "28", "29", "30"), c("x1", "x2", "x3", 
    "x4", "x5", "x6", "x7")), assign = 1:7), qraux = c(1.19245008972988, 
1.12854542024052, 1.28614898370692, 1.08053977140051, 1.07628026309803, 
1.64337942743222, 1.36443912492583), pivot = 1:7, tol = 1e-07, 
    rank = 7L), .Names = c("qr", "qraux", "pivot", "tol", "rank"
), class = "qr"), df.residual = 20L, xlevels = structure(list(), .Names = character(0)), 
    call = quote(lm(formula = y ~ . + 0, data = structure(list(y = c(43, 
        63, 71, 61, 81, 43, 58, 71, 72, 67, 64, 67, 68, 77, 81, 
        74, 65, 50, 50, 64, 53, 40, 66, 78, 48, 85, 82), x1 = c(1, 
        1, 1, 1, 1, 1, 1, 1, 1, 1, 1, 1, 1, 1, 1, 1, 1, 1, 1, 
        1, 1, 1, 1, 1, 1, 1, 1), x2 = c(55, 58, 62, 85, 51, 77, 
        67, 82, 70, 60, 61, 75, 85, 75, 90, 53, 82, 40, 90, 75, 
        77, 51, 70, 85, 62, 54, 77), x3 = c(30, 51, 68, 45, 56, 
        49, 42, 50, 72, 45, 53, 47, 83, 54, 50, 64, 46, 68, 33, 
        52, 52, 42, 66, 58, 44, 71, 39), x4 = c(39, 54, 69, 47, 
        66, 44, 56, 55, 67, 47, 58, 39, 45, 72, 72, 69, 57, 54, 
        34, 62, 50, 58, 63, 74, 45, 71, 59), x5 = c(61, 63, 76, 
        54, 71, 54, 66, 70, 71, 62, 58, 59, 59, 79, 60, 79, 75, 
        64, 43, 66, 63, 50, 88, 80, 51, 77, 64), x6 = c(92, 73, 
        86, 84, 83, 49, 68, 66, 83, 80, 67, 74, 77, 77, 54, 79, 
        85, 78, 64, 80, 80, 57, 76, 78, 83, 74, 78), x7 = c(45, 
        47, 48, 35, 47, 34, 35, 41, 31, 41, 34, 41, 35, 46, 36, 
        63, 46, 52, 33, 41, 37, 49, 72, 49, 38, 55, 39)), .Names = c("y", 
        "x1", "x2", "x3", "x4", "x5", "x6", "x7"),