
expected <- structure(list(coefficients = structure(c(-5.51760980025038, 
0.612618426419, -0.0248414076356904, 0.517535429207349, 0.107852847328155, 
0.131231798327533, -0.351265735658974), .Names = c("x1", "x2", 
"x3", "x4", "x5", "x6", "x7")), residuals = structure(c(-5.22566618028767, 
1.90204525942058, -0.204230656104618, -0.807552586408434, 6.94673091915785, 
-9.41487306635294, -9.6456305359142, 3.1575394635579, 8.29523594239646, 
3.84132527487011, 9.17908035466697, -3.48581271990925, -4.57997493830389, 
-1.5994982276929, -0.951524755396751, -1.65088038323282, -4.49768355033546, 
11.1739036411693, -3.37243411554548, -9.82599000925618, -2.32308581100805, 
5.19042129761199, 2.1192844374161, 3.05267604298305, -6.64234940387312, 
6.27750102637996, 3.09144327999147), .Names = c("1", "2", "3", 
"4", "5", "6", "7", "8", "10", "11", "13", "14", "16", "17", 
"18", "19", "20", "21", "22", "23", "24", "25", "26", "27", "28", 
"29", "30")), effects = structure(c(-331.591504604575, -52.8406667457116, 
1.16535851229253, 13.6513149923323, 6.02837446274472, 1.49302187662476, 
-13.2946365658353, 3.79503951652402, 9.46502011373891, 8.85881412876987, 
13.4508284886038, -2.15946102771662, -1.78997612140912, -3.12570410403898, 
1.43258939868084, -2.31429587362711, -4.64246647673771, 12.6610510422319, 
0.719185926503151, -9.30711215395756, -0.194069258038836, 8.9592445660501, 
-1.04554953096906, 3.08591429649545, -6.98542270222584, 6.82073937436366, 
5.21835451078936), .Names = c("x1", "x2", "x3", "x4", "x5", "x6", 
"x7", "", "", "", "", "", "", "", "", "", "", "", "", "", "", 
"", "", "", "", "", "")), rank = 7L, fitted.values = structure(c(48.2256661802877, 
61.0979547405794, 71.2042306561046, 61.8075525864084, 74.0532690808422, 
52.4148730663529, 67.6456305359142, 67.8424605364421, 58.7047640576035, 
60.1586747251299, 59.820919645333, 71.4858127199092, 85.5799749383039, 
75.5994982276929, 65.9515247553967, 66.6508803832328, 54.4976835503355, 
38.8260963588307, 67.3724341155455, 62.8259900092562, 42.323085811008, 
57.809578702388, 63.8807155625839, 74.9473239570169, 54.6423494038731, 
78.72249897362, 78.9085567200085), .Names = c("1", "2", "3", 
"4", "5", "6", "7", "8", "10", "11", "13", "14", "16", "17", 
"18", "19", "20", "21", "22", "23", "24", "25", "26", "27", "28", 
"29", "30")), assign = 1:7, qr = structure(list(qr = structure(c(-5.19615242270663, 
0.192450089729875, 0.192450089729875, 0.192450089729875, 0.192450089729875, 
0.192450089729875, 0.192450089729875, 0.192450089729875, 0.192450089729875, 
0.192450089729875, 0.192450089729875, 0.192450089729875, 0.192450089729875, 
0.192450089729875, 0.192450089729875, 0.192450089729875, 0.192450089729875, 
0.192450089729875, 0.192450089729875, 0.192450089729875, 0.192450089729875, 
0.192450089729875, 0.192450089729875, 0.192450089729875, 0.192450089729875, 
0.192450089729875, 0.192450089729875, -342.368709629448, -68.8379740162845, 
0.0946285258367066, -0.00705953369775985, 0.210843451018954, 
-0.123274458880007, 0.0510479288933639, 0.167262854075611, -0.0361132649933217, 
-0.152328190175569, -0.0215863993455408, 0.283477779257859, 0.385165838792325, 
0.312531510553421, -0.0506401306411026, 0.0946285258367066, -0.0796938619366645, 
-0.341177443596721, -0.0361132649933217, 0.0365210632455829, 
-0.384758040540064, -0.137801324527788, 0.196316585371173, 0.167262854075611, 
-0.0942207275844454, 0.312531510553421, 0.268950913610078, -273.471577506153, 
-33.2358545059397, -53.2510494878393, -0.070052322797673, -0.00669154004805236, 
0.0814411228608679, -0.164578018240964, -0.0907237925312555, 
-0.0509579339970586, 0.175651402117566, 0.164842542970884, 0.452604748528973, 
-0.233931708535864, 0.0767098800619636, 0.334168712683665, -0.118103710985803, 
0.409600019326341, -0.0758145229588567, 0.080494874301087, 0.032758902299551, 
0.121837813768252, -0.0404644910369705, 0.190645380492463, 0.0595079883809109, 
-0.0315481290098505, 0.208162688360109, -0.364122852087635, -291.176985761301, 
-32.7887498632246, -12.0111858195518, 45.9738214702459, -0.126776264009074, 
0.146469422888452, -0.0900171792328606, 0.0462799188113019, 0.0896046789845458, 
-0.14017645812747, 0.29795177230988, 0.572139119503493, -0.225001870218563, 
-0.0840514605148644, -0.370965020032825, -0.0610621517971232, 
0.0959399796426184, 0.141459594833629, -0.182404373202978, 0.111445026063237, 
-0.3305079318491, -0.00136645725563106, 0.00943141373069283, 
-0.304983229318835, 0.099090725323558, -0.0732908932916216, -0.0800336620639995, 
-324.27840119484, 11.4148882067896, -1.13533232298655, -8.36920161239287, 
50.7236269467446, -0.251211327512354, -0.136190495654123, 0.160513412544159, 
-0.123923057309984, -0.209145206786956, -0.130483862380289, -0.0772227601732381, 
0.211124181530272, -0.0332734042735809, -0.354602607850754, 0.153460977241447, 
0.0382956090194429, 0.141914180154322, -0.383367974643791, 0.176445740614533, 
0.100591800980003, -0.251587405112909, -0.0123837527291286, 0.319936773315796, 
0.252094178453003, -0.0736017970244943, -0.212034896465397, -386.632230267319, 
-8.06563862688463, -1.53998245972937, -0.682271547394574, -6.62160019806494, 
51.4857394084551, 0.121654628784059, 0.252630718277907, -0.0733921568064818, 
0.156608359708191, 0.318196343735041, 0.159826056211274, 0.451289101516288, 
-0.0174421189351979, -0.123463685915216, -0.142223952673827, 
0.0609368014987177, 0.266329593518988, -0.138796383906555, 0.00153110305988491, 
0.354597463948188, -0.0179809738607119, 0.0661754636943849, 0.0211211204519977, 
-0.0640795797301979, 0.093521129494245, -0.0984973770201437, 
-225.166604983954, -15.0934134080444, -18.1722398077161, 26.0474835996643, 
-4.06145896595585, 14.9845081937615, 37.8478035749619, -0.0101954455368749, 
-0.0173525053335921, 0.315141279193012, 0.207229687880078, 0.0464150723719074, 
0.317548905663363, -0.255209216378224, 0.0230853844323972, 0.0280775651566138, 
-0.18356705395674, -0.119708913095957, 0.278630095636467, 0.115912542223913, 
-0.131200316313054, 0.203876750706919, -0.603601059983017, 0.199897417185984, 
0.0302540838858954, -0.0333700663458988, 0.194644324167162), .Dim = c(27L, 
7L), .Dimnames = list(c("1", "2", "3", "4", "5", "6", "7", "8", 
"10", "11", "13", "14", "16", "17", "18", "19", "20", "21", "22", 
"23", "24", "25", "26", "27", "28", "29", "30"), c("x1", "x2", 
"x3", "x4", "x5", "x6", "x7")), assign = 1:7), qraux = c(1.19245008972988, 
1.00746733195002, 1.29503368652266, 1.1027371946009, 1.35489856260305, 
1.52714453734724, 1.21402521045757), pivot = 1:7, tol = 1e-07, 
    rank = 7L), .Names = c("qr", "qraux", "pivot", "tol", "rank"
), class = "qr"), df.residual = 20L, xlevels = structure(list(), .Names = character(0)), 
    call = quote(lm(formula = y ~ . + 0, data = structure(list(y = c(43, 
        63, 71, 61, 81, 43, 58, 71, 67, 64, 69, 68, 81, 74, 65, 
        65, 50, 50, 64, 53, 40, 63, 66, 78, 48, 85, 82), x1 = c(1, 
        1, 1, 1, 1, 1, 1, 1, 1, 1, 1, 1, 1, 1, 1, 1, 1, 1, 1, 
        1, 1, 1, 1, 1, 1, 1, 1), x2 = c(51, 64, 70, 63, 78, 55, 
        67, 75, 61, 53, 62, 83, 90, 85, 60, 70, 58, 40, 61, 66, 
        37, 54, 77, 75, 57, 85, 82), x3 = c(30, 51, 68, 45, 56, 
        49, 42, 50, 45, 53, 57, 83, 50, 64, 65, 46, 68, 33, 52, 
        52, 42, 42, 66, 58, 44, 71, 39), x4 = c(39, 54, 69, 47, 
        66, 44, 56, 55, 47, 58, 42, 45, 72, 69, 75, 57, 54, 34, 
        62, 50, 58, 48, 63, 74, 45, 71, 59), x5 = c(63, 71, 50, 
        63, 43, 76, 70, 55, 70, 71, 70, 66, 51, 62, 75, 55, 58, 
        58, 80, 54, 55, 76, 61, 43, 51, 63, 75), x6 = c(92, 73, 
        86, 84, 83, 49, 68, 66, 80, 67, 63, 77, 54, 79, 80, 85, 
        78, 64, 80, 80, 57, 75, 76, 78, 83, 74, 78), x7 = c(45, 
        47, 48, 35, 47, 34, 35, 41, 41, 34, 25, 35, 36, 63, 60, 
        46, 52, 33, 41, 37, 49, 33, 72, 49, 38, 55, 39)), .Names = c("y", 
        "x1", "x2", "x3", "x4", "x5", "x6", "x7"),