
expected <- structure(list(coefficients = structure(c(12.8062575345016, 0.705908798040992, 
-0.122309752737678, 0.295787125589102, -0.0271692130792989, 0.0731763623470392, 
-0.199369903578478), .Names = c("x1", "x2", "x3", "x4", "x5", 
"x6", "x7")), residuals = structure(c(-9.64142316209915, 1.7002737665179, 
2.02932652709133, -2.35112893311949, 6.14789022709279, -10.3949019078404, 
-0.0905580199975424, -7.99240168341275, 6.65829038613872, 10.8488812777189, 
8.95311395153939, -3.28301809303132, 0.612268414279496, -5.50027373840348, 
-2.51859215128851, 3.09902918579511, -3.70929810167126, -4.70723971256931, 
6.19123039601685, 0.0504825583866364, -3.7424705379609, 6.25124243331687, 
-1.54452082876496, 3.31083805312589, -9.73060265563685, 6.91920176205982, 
2.43436058671621), .Names = c("1", "2", "3", "4", "5", "6", "8", 
"9", "10", "12", "13", "14", "15", "16", "17", "18", "19", "20", 
"21", "22", "24", "25", "26", "27", "28", "29", "30")), effects = structure(c(-339.4819582835, 
54.8283956586102, 5.80475161533608, 9.31821960428338, 1.1820868056268, 
1.49495122765603, 8.35154619987711, -3.88548359674472, 8.56865462938012, 
11.2646516194075, 13.9429317542071, -1.63020320589592, 2.94208269528503, 
1.34183169657763, -2.95585327378795, 4.96576950542824, -2.69806367376934, 
-5.4769823100006, 10.2979215128535, 2.8199220978279, -0.40822951513064, 
7.46701138706544, -0.742090739397271, 5.6806631870787, -8.53135954800463, 
10.0641838423649, 5.79001426630708), .Names = c("x1", "x2", "x3", 
"x4", "x5", "x6", "x7", "", "", "", "", "", "", "", "", "", "", 
"", "", "", "", "", "", "", "", "", "")), rank = 7L, fitted.values = structure(c(52.6414231620992, 
61.2997262334821, 68.9706734729087, 63.3511289331195, 74.8521097729072, 
53.3949019078404, 71.0905580199975, 79.9924016834128, 60.3417096138613, 
56.1511187222811, 60.0468860484606, 71.2830180930313, 76.3877315857205, 
86.5002737384035, 76.5185921512885, 61.9009708142049, 68.7092981016713, 
54.7072397125693, 43.8087696039832, 63.9495174416134, 43.7424705379609, 
56.7487575666831, 67.544520828765, 74.6891619468741, 57.7306026556368, 
78.0807982379402, 79.5656394132838), .Names = c("1", "2", "3", 
"4", "5", "6", "8", "9", "10", "12", "13", "14", "15", "16", 
"17", "18", "19", "20", "21", "22", "24", "25", "26", "27", "28", 
"29", "30")), assign = 1:7, qr = structure(list(qr = structure(c(-5.19615242270663, 
0.192450089729875, 0.192450089729875, 0.192450089729875, 0.192450089729875, 
0.192450089729875, 0.192450089729875, 0.192450089729875, 0.192450089729875, 
0.192450089729875, 0.192450089729875, 0.192450089729875, 0.192450089729875, 
0.192450089729875, 0.192450089729875, 0.192450089729875, 0.192450089729875, 
0.192450089729875, 0.192450089729875, 0.192450089729875, 0.192450089729875, 
0.192450089729875, 0.192450089729875, 0.192450089729875, 0.192450089729875, 
0.192450089729875, 0.192450089729875, -348.719562590534, 70.3467601717852, 
-0.0780287364412797, 0.0214783337195374, -0.191751102339356, 
0.135200699617614, -0.149105215127578, -0.248612285288395, 0.0499089251940565, 
0.0641242209313161, 0.035693629456797, -0.262827581025654, -0.177535806602097, 
-0.362334651186471, -0.291258172500173, 0.0641242209313161, -0.0780287364412797, 
0.0925548124058353, 0.348430135676508, 0.0499089251940565, 0.391076022888286, 
0.149415995354874, -0.177535806602097, -0.149105215127578, 0.106770108143095, 
-0.291258172500173, -0.248612285288395, -278.475279839129, 37.4320326308127, 
-53.0034098114856, -0.075706467318834, -0.012820834695724, 0.0769060743699957, 
-0.0970914619501152, 0.250473687390347, -0.0564200426149869, 
-0.0090434088263427, 0.160337273653413, 0.448364292940387, -0.040911043780521, 
-0.241739647228969, 0.0706103645876936, 0.330557384104143, -0.124342243063939, 
0.406443940963071, -0.0803131118449159, 0.0756469324135353, 0.118416921676098, 
-0.0455176883066029, 0.185489484839803, 0.0538422237967673, -0.0367139039256529, 
0.202677339616216, -0.372127766315544, -293.87128701752, 38.6703428372584, 
-11.1993092197911, 48.2684858320112, -0.107781713378168, 0.123670080364893, 
0.0546436939298392, 0.0157286801850715, 0.0785726316673404, 0.250959607742599, 
0.275155952383693, 0.557391283462209, -0.253908605931057, -0.183741834899432, 
-0.0598830973881054, -0.366755652799726, -0.0531978074521516, 
0.0744881674426076, 0.103155243763194, -0.182367420860423, -0.35276932207614, 
-0.0166088494611066, 0.0179571101637227, -0.282048775483992, 
0.0825405083636648, -0.0514962842411523, -0.0534055120873466, 
-342.176259539718, 6.51692335688145, -0.0269545417579788, -4.66331824171843, 
-54.453556851661, 0.147229687576347, -0.154574927444282, -0.0944576456511531, 
-0.123594904751771, 0.175546974324138, -0.135180401470035, 0.151439833530257, 
0.126170391715512, 0.126319950170149, 0.269842302359455, -0.381059605926262, 
0.0393312486820255, 0.082881817170287, -0.367529271506565, -0.189062395573076, 
-0.291510420612538, 0.204218411807004, -0.25087318116256, 0.00816627035818085, 
-0.050746882472622, -0.154690095585515, 0.0911718419673527, -390.288781972187, 
8.70923785502774, -2.19264660625914, 1.47069026615051, -3.25940515311833, 
51.0805392659489, 0.249181451448373, -0.00696566034156146, -0.0664767552605205, 
0.0971181902129863, 0.319105980430459, 0.217241447420721, 0.0432519888623249, 
0.520781597429723, 0.0815273496301271, -0.0821454599897629, -0.139068178206073, 
0.0444192931528045, 0.145908443478492, -0.0793694352797804, 0.261307040547406, 
0.0259712832128422, 0.088742585990042, 0.0164716026167346, -0.130639412379092, 
0.161794962688112, 0.0124135075114512, -227.476006060713, 10.7846710326676, 
-14.0153888247995, 26.0485431054199, 0.295240504332848, 11.2501274379577, 
-41.8897037615795, -0.42942808347427, -0.00694234827106518, 0.16001471889662, 
-0.215423103999668, 0.0661851401646104, -0.143313874193639, -0.174102605067354, 
0.363467171825176, -0.0166320968042457, -0.000452592818613681, 
0.146765901279971, -0.0690747012840109, -0.247678486667593, -0.0474015238728361, 
-0.218881640573489, 0.605220290799334, -0.128541909856654, -0.0860810130943806, 
0.143832963701238, -0.0777808918959526), .Dim = c(27L, 7L), .Dimnames = list(
    c("1", "2", "3", "4", "5", "6", "8", "9", "10", "12", "13", 
    "14", "15", "16", "17", "18", "19", "20", "21", "22", "24", 
    "25", "26", "27", "28", "29", "30"), c("x1", "x2", "x3", 
    "x4", "x5", "x6", "x7")), assign = 1:7), qraux = c(1.19245008972988, 
1.00726303798228, 1.29072539273999, 1.09374745055647, 1.45229168705137, 
1.56489388851494, 1.03377309147142), pivot = 1:7, tol = 1e-07, 
    rank = 7L), .Names = c("qr", "qraux", "pivot", "tol", "rank"
), class = "qr"), df.residual = 20L, xlevels = structure(list(), .Names = character(0)), 
    call = quote(lm(formula = y ~ . + 0, data = structure(list(y = c(43, 
        63, 71, 61, 81, 43, 71, 72, 67, 67, 69, 68, 77, 81, 74, 
        65, 65, 50, 50, 64, 40, 63, 66, 78, 48, 85, 82), x1 = c(1, 
        1, 1, 1, 1, 1, 1, 1, 1, 1, 1, 1, 1, 1, 1, 1, 1, 1, 1, 
        1, 1, 1, 1, 1, 1, 1, 1), x2 = c(51, 64, 70, 63, 78, 55, 
        75, 82, 61, 60, 62, 83, 77, 90, 85, 60, 70, 58, 40, 61, 
        37, 54, 77, 75, 57, 85, 82), x3 = c(30, 51, 68, 45, 56, 
        49, 50, 72, 45, 47, 57, 83, 54, 50, 64, 65, 46, 68, 33, 
        52, 42, 42, 66, 58, 44, 71, 39), x4 = c(39, 54, 69, 47, 
        66, 44, 55, 67, 47, 39, 42, 45, 72, 72, 69, 75, 57, 54, 
        34, 62, 58, 48, 63, 74, 45, 71, 59), x5 = c(66, 88, 76, 
        55, 88, 76, 54, 59, 59, 75, 59, 71, 71, 66, 77, 51, 66, 
        75, 50, 58, 59, 79, 51, 66, 64, 55, 64), x6 = c(92, 73, 
        86, 84, 83, 49, 66, 83, 80, 74, 63, 77, 77, 54, 79, 80, 
        85, 78, 64, 80, 57, 75, 76, 78, 83, 74, 78), x7 = c(45, 
        47, 48, 35, 47, 34, 41, 31, 41, 41, 25, 35, 46, 36, 63, 
        60, 46, 52, 33, 41, 49, 33, 72, 49, 38, 55, 39)), .Names = c("y", 
        "x1", "x2", "x3", "x4", "x5", "x6", "x7"),