
expected <- structure(list(coefficients = structure(c(12.5610158941097, 0.601751154874137, 
-0.0496445676350923, 0.0750961318280932, 0.187139235069707, 0.0151573224481591, 
-0.0679915913249701), .Names = c("x1", "x2", "x3", "x4", "x5", 
"x6", "x7")), residuals = structure(c(1.22861339158134, 4.05039271938197, 
-1.56818655043135, -12.1405849190069, -8.15102882073391, 0.347114129405326, 
-4.39961573324158, 5.50793429843884, 9.0899146532799, 8.3632588650431, 
6.85525964367155, -3.96929222760205, 3.3054914614685, 3.10926520157149, 
-1.7600877161241, 7.17871876388056, -3.80153184383116, -7.46517831554721, 
5.68060692977216, 1.35592801332473, -10.7112615209187, -3.23469226963421, 
3.15301751176524, -7.07518427746847, 5.18357733541754, -9.55090920073659, 
9.41846047727391), .Names = c("2", "3", "4", "6", "7", "8", "9", 
"10", "11", "12", "13", "14", "15", "16", "17", "18", "19", "20", 
"21", "22", "23", "24", "25", "26", "27", "28", "29")), effects = structure(c(-333.516005501874, 
-45.8271796854879, -2.82732660593055, 6.0352709136674, -5.58983792665486, 
0.439095412341868, -2.69053295371056, 5.84990681715995, 12.787268947898, 
12.3849839175642, 3.09428232212477, -7.95711433871275, 3.61571473323105, 
-1.01752867130177, -3.57411218691015, -1.92721430692886, -1.17621620339333, 
-8.18639174732135, 11.7728896381455, -0.0555007805787999, -7.7007075266307, 
-2.31635269742697, 3.81896502160463, -10.8669507035906, 3.50123662225881, 
-11.8379973560011, 7.7132079652406), .Names = c("x1", "x2", "x3", 
"x4", "x5", "x6", "x7", "", "", "", "", "", "", "", "", "", "", 
"", "", "", "", "", "", "", "", "", "")), rank = 7L, fitted.values = structure(c(61.7713866084187, 
66.949607280618, 62.5681865504314, 55.1405849190069, 66.1510288207339, 
70.6528858705947, 76.3996157332416, 61.4920657015612, 54.9100853467201, 
58.6367411349569, 62.1447403563284, 71.9692922276021, 73.6945085385315, 
77.8907347984285, 75.7600877161241, 57.8212812361194, 68.8015318438312, 
57.4651783155472, 44.3193930702278, 62.6440719866753, 63.7112615209187, 
43.2346922696342, 59.8469824882348, 73.0751842774685, 72.8164226645825, 
57.5509092007366, 75.5815395227261), .Names = c("2", "3", "4", 
"6", "7", "8", "9", "10", "11", "12", "13", "14", "15", "16", 
"17", "18", "19", "20", "21", "22", "23", "24", "25", "26", "27", 
"28", "29")), assign = 1:7, qr = structure(list(qr = structure(c(-5.19615242270663, 
0.192450089729875, 0.192450089729875, 0.192450089729875, 0.192450089729875, 
0.192450089729875, 0.192450089729875, 0.192450089729875, 0.192450089729875, 
0.192450089729875, 0.192450089729875, 0.192450089729875, 0.192450089729875, 
0.192450089729875, 0.192450089729875, 0.192450089729875, 0.192450089729875, 
0.192450089729875, 0.192450089729875, 0.192450089729875, 0.192450089729875, 
0.192450089729875, 0.192450089729875, 0.192450089729875, 0.192450089729875, 
0.192450089729875, 0.192450089729875, -343.908310347287, -67.2761032913922, 
-0.0421028710864252, -0.16101582247051, 0.0173536046056173, 0.136266555989702, 
0.240315388450777, -0.0718311089324464, -0.190744060316531, -0.0866952278554571, 
-0.0569669900094358, 0.255179507373787, 0.165994793835724, 0.359228339834862, 
0.284907745219808, -0.0866952278554571, 0.0619459613746492, -0.116423465701478, 
-0.38397760631567, -0.0718311089324464, 0.00248948568260667, 
-0.428569963084701, -0.175879941393521, 0.165994793835724, 0.136266555989702, 
-0.131287584624489, 0.284907745219808, -282.709181813187, -36.8030079304512, 
46.9047665572452, -0.0611248653510839, 0.270548232368535, 0.221612896213294, 
-0.141002445516607, 0.115371580928528, -0.176809800349899, 0.0575291134291201, 
-0.125263079326525, -0.360317310932056, 0.166739472495275, 0.44965606351628, 
0.0751645466608243, -0.326227193683757, 0.230877686470715, -0.420592333842968, 
0.0519486847795985, -0.0338669829487023, 0.0421474061522932, 
-0.185538102237438, 0.0729108207059471, -0.0890980655799771, 
0.0510545374964592, 0.0758798644873358, -0.0740740172164058, 
-291.561885940761, -10.5601307104144, -1.87330207468295, 57.1982608597728, 
0.0169498846327096, 0.0575577390007574, -0.391611670200174, -0.0451405730890954, 
0.0814068580143596, 0.288171110024288, -0.374241154919728, -0.0154471370215965, 
-0.0796702337982264, 0.141985661189982, 0.158847902852066, -0.290847970746267, 
0.0415323447972748, -0.0378746285020568, 0.369530668352363, -0.261573135532049, 
0.14536890121053, 0.0578906288152167, -0.338280839218793, -0.168471120517242, 
-0.234750172768538, -0.109498533261306, 0.0997627818298293, -335.440506399173, 
-38.1446322939837, 2.79399501774129, 4.96090305555289, -39.9153695528137, 
0.0467801169860627, -0.21999732075078, 0.0466125235199873, 0.0380666836189297, 
0.0351942423603459, -0.264326359869335, -0.523360771147164, 0.199118544707414, 
-0.395168679809951, 0.0802014003022029, -0.263151444858429, 0.258784465671412, 
0.0201199014770202, -0.00273750271196239, 0.0713548156169032, 
0.000953599542428211, 0.110901107933673, 0.205780195206509, 0.34630289844291, 
0.202921784209617, -0.180314482780742, -0.016893894182893, -382.975678562452, 
-12.3443755040988, 11.0852083455286, 13.8692436080178, -14.1248044644683, 
42.0297294728583, 0.14867213416776, -0.15047756247712, -0.00147498066367056, 
-0.257880013528692, 0.438986951453199, -0.0286133349606205, 0.106433635909649, 
0.492350576133188, -0.0693324879119989, -0.0429342216268644, 
-0.217113737463678, -0.141200789991163, -0.250394303908701, 0.00865853957259716, 
-0.255097513964814, 0.134998781051598, 0.15081552114358, 0.219892966726713, 
0.177520472196697, -0.251266664837506, 0.0729754891996687, -222.664753817466, 
-13.9386898893224, 15.4279398067065, -8.84377852520525, -30.7977497505561, 
2.91157694399247, 39.5715543831147, 0.0159650850686403, 0.273465768454761, 
0.0482643878308942, 0.290983818067706, 0.181348566889701, 0.039839805933847, 
-0.177224822525235, -0.345342832174247, -0.456253148749133, 0.0318698557611721, 
-0.0246531806972241, 0.0997516135003336, 0.0890918756740093, 
0.171531131682111, -0.172248054605485, 0.261682995458582, -0.404914543320323, 
0.00303397604596374, -0.0501542284544085, -0.142904752456115), .Dim = c(27L, 
7L), .Dimnames = list(c("2", "3", "4", "6", "7", "8", "9", "10", 
"11", "12", "13", "14", "15", "16", "17", "18", "19", "20", "21", 
"22", "23", "24", "25", "26", "27", "28", "29"), c("x1", "x2", 
"x3", "x4", "x5", "x6", "x7")), assign = 1:7), qraux = c(1.19245008972988, 
1.06194596137465, 1.14577733656893, 1.14907155175094, 1.09093780276567, 
1.22497369365483, 1.33266359190767), pivot = 1:7, tol = 1e-07, 
    rank = 7L), .Names = c("qr", "qraux", "pivot", "tol", "rank"
), class = "qr"), df.residual = 20L, xlevels = structure(list(), .Names = character(0)), 
    call = quote(lm(formula = y ~ . + 0, data = structure(list(y = c(63, 
        71, 61, 43, 58, 71, 72, 67, 64, 67, 69, 68, 77, 81, 74, 
        65, 65, 50, 50, 64, 53, 40, 63, 66, 78, 48, 85), x1 = c(1, 
        1, 1, 1, 1, 1, 1, 1, 1, 1, 1, 1, 1, 1, 1, 1, 1, 1, 1, 
        1, 1, 1, 1, 1, 1, 1, 1), x2 = c(64, 70, 63, 55, 67, 75, 
        82, 61, 53, 60, 62, 83, 77, 90, 85, 60, 70, 58, 40, 61, 
        66, 37, 54, 77, 75, 57, 85), x3 = c(51, 68, 45, 49, 42, 
        50, 72, 45, 53, 47, 57, 83, 54, 50, 64, 65, 46, 68, 33, 
        52, 52, 42, 42, 66, 58, 44, 71), x4 = c(47, 45, 71, 45, 
        58, 55, 75, 59, 47, 39, 74, 50, 62, 54, 47, 66, 56, 50, 
        34, 69, 47, 48, 75, 63, 69, 62, 48), x5 = c(63, 76, 54, 
        54, 66, 70, 71, 62, 58, 59, 55, 59, 79, 60, 79, 55, 75, 
        64, 43, 66, 63, 50, 66, 88, 80, 51, 77), x6 = c(73, 86, 
        84, 49, 68, 66, 83, 80, 67, 74, 63, 77, 77, 54, 79, 80, 
        85, 78, 64, 80, 80, 57, 75, 76, 78, 83, 74), x7 = c(47, 
        48, 35, 34, 35, 41, 31, 41, 34, 41, 25, 35, 46, 36, 63, 
        60, 46, 52, 33, 41, 37, 49, 33, 72, 49, 38, 55)), .Names = c("y", 
        "x1", "x2", "x3", "x4", "x5", "x6", "x7"),