
expected <- structure(list(coefficients = structure(c(31.2330973559971, 0.51807335615591, 
-0.104272293688757, 0.440419536452924, 0.150441216318908, -0.314112209581822, 
-0.158955307274755), .Names = c("x1", "x2", "x3", "x4", "x5", 
"x6", "x7")), residuals = structure(c(-5.91209244207527, -0.815939284502223, 
-0.0419263037391266, -1.33639230448073, 8.04728975433617, -9.2148420442489, 
-8.72122651909198, -5.59680026244365, 3.2511710538556, 8.04131651511049, 
7.95246893796914, 8.89505196913842, -0.606879276114863, -1.53285699091992, 
-3.73018196797191, -0.470099974431806, 3.76310006468486, -4.83530052940297, 
9.78799503583211, 0.997600017989321, -12.8321374683884, -5.22864567729868, 
5.59094836884508, 1.93652557665555, -8.89497139838355, 4.38241162961426, 
7.12441351946299), .Names = c("1", "2", "3", "4", "5", "6", "7", 
"9", "10", "11", "12", "13", "14", "15", "16", "17", "18", "20", 
"21", "22", "23", "24", "25", "27", "28", "29", "30")), effects = structure(c(-334.285805860793, 
-54.1626149974308, 2.33757936933778, 11.6749073260769, 3.28831564061342, 
9.72050838140212, -5.65633295726258, -2.04840643775853, 1.41511559855535, 
9.46217147743132, 6.97006722148675, 10.1824594818537, 0.563924151006667, 
0.449931717308369, -7.13943986911031, 2.18749175472963, -3.86278060734871, 
-4.03530241290177, 9.9678673688512, 2.62490811439263, -12.7541771965117, 
-9.5532421008926, 10.1602734374506, 4.55103748497389, -11.6851344197631, 
3.40594788836751, 8.46183284079626), .Names = c("x1", "x2", "x3", 
"x4", "x5", "x6", "x7", "", "", "", "", "", "", "", "", "", "", 
"", "", "", "", "", "", "", "", "", "")), rank = 7L, fitted.values = structure(c(48.9120924420753, 
63.8159392845022, 71.0419263037391, 62.3363923044807, 72.9527102456638, 
52.2148420442489, 66.721226519092, 77.5968002624437, 63.7488289461444, 
55.9586834848895, 59.0475310620309, 60.1049480308616, 68.6068792761149, 
78.5328569909199, 84.7301819679719, 74.4700999744318, 61.2368999353151, 
54.835300529403, 40.2120049641679, 63.0023999820107, 65.8321374683884, 
45.2286456772987, 57.4090516311549, 76.0634744233445, 56.8949713983835, 
80.6175883703857, 74.875586480537), .Names = c("1", "2", "3", 
"4", "5", "6", "7", "9", "10", "11", "12", "13", "14", "15", 
"16", "17", "18", "20", "21", "22", "23", "24", "25", "27", "28", 
"29", "30")), assign = 1:7, qr = structure(list(qr = structure(c(-5.19615242270663, 
0.192450089729875, 0.192450089729875, 0.192450089729875, 0.192450089729875, 
0.192450089729875, 0.192450089729875, 0.192450089729875, 0.192450089729875, 
0.192450089729875, 0.192450089729875, 0.192450089729875, 0.192450089729875, 
0.192450089729875, 0.192450089729875, 0.192450089729875, 0.192450089729875, 
0.192450089729875, 0.192450089729875, 0.192450089729875, 0.192450089729875, 
0.192450089729875, 0.192450089729875, 0.192450089729875, 0.192450089729875, 
0.192450089729875, 0.192450089729875, -341.791359360259, -70.2329457353646, 
0.0940757185871527, -0.00559260554061164, 0.207982374733169, 
-0.119499261686628, 0.0513607225323965, 0.264935702806177, -0.0340692695771157, 
-0.147975925723132, -0.0483076015953678, -0.0198309375588637, 
0.279174034824429, 0.193744042714917, 0.378842358952194, 0.307650698860933, 
-0.0483076015953678, -0.0767842656318719, -0.333074241960409, 
-0.0340692695771157, 0.0371223905141445, -0.375789238015165, 
-0.13373759370488, 0.165267378678413, -0.0910225976501239, 0.307650698860933, 
0.264935702806177, -275.588528493181, -36.3393873843611, -52.8621971496863, 
-0.0777165698770799, -0.0219221343711548, 0.0791752168329003, 
-0.175079573263807, 0.240139952845125, -0.057410733231322, 0.175149493605607, 
-0.00942359484496873, 0.159441668826645, 0.438075244871355, -0.0496034361117502, 
-0.257259814436125, 0.0583443176225902, 0.331084385726301, 0.40814155246727, 
-0.0712047688317108, 0.0750090369908383, 0.0242444453764436, 
0.129507976422561, -0.0430916350663811, 0.0463708406609564, -0.0357161699715435, 
0.190764087844751, -0.384124678202203, -291.754336030491, -37.5876144912945, 
-11.4059006342731, 49.0355388976436, -0.104841902340487, 0.128440571929882, 
-0.0788666194452232, 0.0162392709473075, 0.0824488170952767, 
-0.143365288721313, 0.252446471064487, 0.276076731016642, 0.549517961724093, 
-0.248497668427881, -0.18275230798564, -0.0591726046853306, -0.355056995026528, 
0.0798686223314672, 0.111453037419439, -0.174195903115328, 0.10663670604758, 
-0.336326214380228, -0.00961120964501627, -0.27558306164323, 
0.0873092962742401, -0.0507034851737676, -0.0528199671590905, 
-328.319853079167, -33.1911339714365, -4.23117750984152, 16.4660843730949, 
31.7078523722841, 0.0920963072891978, -0.0526649888326148, 0.0915521565704131, 
-0.0868781912010935, 0.159378311641052, -0.108836439303373, 0.0896949376999101, 
0.182367089603522, -0.151916698189229, 0.521786779560287, -0.127299736131187, 
0.560176297707196, -0.0296258597273708, 0.175411962343915, 0.0123019712487866, 
-0.0324213082725737, 0.292616097387037, -0.24778359605908, -0.160652023158982, 
0.204844843458486, -0.0237423754240145, 0.141789519461196, -381.051177665153, 
4.17183128134784, -2.19946324539882, 26.8456108153467, -0.206487269297562, 
-30.4142849357118, 0.0156386599762482, 0.135288328432043, -0.469127632400656, 
0.0312439898254688, -0.287833383397793, -0.069184431396849, 0.301644587554373, 
-0.182240505372672, -0.157060121298052, 0.383525738967434, -0.244313893449804, 
0.145867519728923, 0.102696460483878, -0.0259210516850504, -0.235450508230172, 
-0.283133256485785, -0.0255593121470601, -0.0669079860769356, 
-0.236692407293798, -0.162893686527187, 0.148024310796109, -217.276151305029, 
-8.12850554553101, -11.28973643718, 24.9500673066765, 9.73048610996956, 
-1.05067355257215, 35.5844234095662, 0.449631895900063, -0.0122861529560696, 
0.30932760396443, -0.139768193545249, 0.291601279654608, -0.0508190600911638, 
0.200351108789793, 0.229484740795673, -0.386554678217095, -0.263253641559149, 
-0.221369531064257, -0.0256460318718539, 0.1883050100779, 0.107008019566309, 
-0.0769699878365687, 0.27938702103228, 0.157356645139526, -0.0396888096724307, 
-0.125119240942269, 0.0500868072660061), .Dim = c(27L, 7L), .Dimnames = list(
    c("1", "2", "3", "4", "5", "6", "7", "9", "10", "11", "12", 
    "13", "14", "15", "16", "17", "18", "20", "21", "22", "23", 
    "24", "25", "27", "28", "29", "30"), c("x1", "x2", "x3", 
    "x4", "x5", "x6", "x7")), assign = 1:7), qraux = c(1.19245008972988, 
1.00864572647764, 1.28630653259272, 1.0968936737861, 1.02477083856026, 
1.19853171510709, 1.2413789612161), pivot = 1:7, tol = 1e-07, 
    rank = 7L), .Names = c("qr", "qraux", "pivot", "tol", "rank"
), class = "qr"), df.residual = 20L, xlevels = structure(list(), .Names = character(0)), 
    call = quote(lm(formula = y ~ . + 0, data = structure(list(y = c(43, 
        63, 71, 61, 81, 43, 58, 72, 67, 64, 67, 69, 68, 77, 81, 
        74, 65, 50, 50, 64, 53, 40, 63, 78, 48, 85, 82), x1 = c(1, 
        1, 1, 1, 1, 1, 1, 1, 1, 1, 1, 1, 1, 1, 1, 1, 1, 1, 1, 
        1, 1, 1, 1, 1, 1, 1, 1), x2 = c(51, 64, 70, 63, 78, 55, 
        67, 82, 61, 53, 60, 62, 83, 77, 90, 85, 60, 58, 40, 61, 
        66, 37, 54, 75, 57, 85, 82), x3 = c(30, 51, 68, 45, 56, 
        49, 42, 72, 45, 53, 47, 57, 83, 54, 50, 64, 65, 68, 33, 
        52, 52, 42, 42, 58, 44, 71, 39), x4 = c(39, 54, 69, 47, 
        66, 44, 56, 67, 47, 58, 39, 42, 45, 72, 72, 69, 75, 54, 
        34, 62, 50, 58, 48, 74, 45, 71, 59), x5 = c(61, 63, 76, 
        54, 71, 54, 66, 71, 62, 58, 59, 55, 59, 79, 60, 79, 55, 
        64, 43, 66, 63, 50, 66, 80, 51, 77, 64), x6 = c(79, 67, 
        75, 64, 80, 78, 76, 76, 57, 83, 57, 64, 64, 74, 73, 84, 
        83, 78, 78, 80, 63, 83, 74, 79, 66, 68, 77), x7 = c(45, 
        47, 48, 35, 47, 34, 35, 31, 41, 34, 41, 25, 35, 46, 36, 
        63, 60, 52, 33, 41, 37, 49, 33, 49, 38, 55, 39)), .Names = c("y", 
        "x1", "x2", "x3", "x4", "x5", "x6", "x7"),