
expected <- structure(list(coefficients = structure(c(21.125924022985, 0.7260318884077, 
-0.0643913532370099, -0.0832668606117012, 0.010994402899911, 
0.0714974132442909, -0.0642817073323945), .Names = c("x1", "x2", 
"x3", "x4", "x5", "x6", "x7")), residuals = structure(c(-13.0811430270471, 
-0.534982303980507, 5.52683956518786, -2.07213059094928, 9.06780390537046, 
-10.8187805690165, -7.90680817268671, 0.534575586666181, -2.83456931378649, 
5.21425611413305, 8.06191175239898, 7.94657502757917, 6.52562766536307, 
-7.44978880339174, 5.60873319379141, 0.0408011299842079, -2.27194906783158, 
8.19176553912985, -2.76851041066396, -7.04874171301242, 3.02722697652824, 
1.87161622968716, -11.8169507844174, -0.847988995317469, 5.90256106923858, 
-2.80816466835372, 4.74021466539666), .Names = c("1", "2", "3", 
"4", "5", "6", "7", "8", "9", "10", "11", "12", "13", "14", "15", 
"16", "17", "18", "19", "20", "21", "22", "23", "24", "25", "26", 
"30")), effects = structure(c(-332.553755053224, -47.3569455303206, 
4.84740410534456, 4.89139830046277, -0.179842065941603, 3.21435603118981, 
-2.54337877439231, 3.9002852506603, 0.0527258241218183, 7.31385201472147, 
11.0007109564183, 11.4260253798383, 12.0026323091695, -3.46283257342802, 
6.37724451404103, 8.13867603482023, -3.29479631015169, 9.09838689330931, 
-2.56692436442368, -7.57857606412154, 8.58280105571509, 2.66420007587032, 
-9.11038158005852, 2.53426182466227, 7.97483941252372, -6.60558381219772, 
9.5262042030366), .Names = c("x1", "x2", "x3", "x4", "x5", "x6", 
"x7", "", "", "", "", "", "", "", "", "", "", "", "", "", "", 
"", "", "", "", "", "")), rank = 7L, fitted.values = structure(c(56.0811430270471, 
63.5349823039805, 65.4731604348121, 63.0721305909493, 71.9321960946295, 
53.8187805690165, 65.9068081726867, 70.4654244133338, 74.8345693137865, 
61.7857438858669, 55.938088247601, 59.0534249724208, 62.4743723346369, 
75.4497888033917, 71.3912668062086, 80.9591988700158, 76.2719490678316, 
56.8082344608702, 67.768510410664, 57.0487417130124, 46.9727730234718, 
62.1283837703128, 64.8169507844174, 40.8479889953175, 57.0974389307614, 
68.8081646683537, 77.2597853346033), .Names = c("1", "2", "3", 
"4", "5", "6", "7", "8", "9", "10", "11", "12", "13", "14", "15", 
"16", "17", "18", "19", "20", "21", "22", "23", "24", "25", "26", 
"30")), assign = 1:7, qr = structure(list(qr = structure(c(-5.19615242270663, 
0.192450089729875, 0.192450089729875, 0.192450089729875, 0.192450089729875, 
0.192450089729875, 0.192450089729875, 0.192450089729875, 0.192450089729875, 
0.192450089729875, 0.192450089729875, 0.192450089729875, 0.192450089729875, 
0.192450089729875, 0.192450089729875, 0.192450089729875, 0.192450089729875, 
0.192450089729875, 0.192450089729875, 0.192450089729875, 0.192450089729875, 
0.192450089729875, 0.192450089729875, 0.192450089729875, 0.192450089729875, 
0.192450089729875, 0.192450089729875, -342.753609808908, -68.0364825881156, 
0.0948302518508885, -0.00805572540306698, 0.212414225855409, 
-0.125639699407587, 0.0507362615991933, 0.168320235603714, 0.271206212857669, 
-0.0374517189041971, -0.155035692908718, -0.0521497156547622, 
-0.022753722153632, 0.285904209608234, 0.197716229104844, 0.38879018686219, 
0.315300203109364, -0.0521497156547622, 0.0948302518508885, -0.0815457091558923, 
-0.346109650666063, -0.0374517189041971, 0.0360382648486282, 
-0.390203640917759, -0.140337696158153, 0.197716229104844, 0.271206212857669, 
-273.471577506153, -31.9186052397271, -53.7540597150277, -0.068940024584522, 
-0.00259405148006831, 0.0792274842913807, -0.161627025089866, 
-0.0865555811570526, 0.258180623295055, -0.0505013934329394, 
0.172079099712536, -0.00407558572236198, 0.163518243799986, 0.453597014460587, 
-0.0305812280390631, -0.224845314793922, 0.0816967080285368, 
0.330782843490713, -0.114871987547668, 0.405031212844475, -0.0801347191500383, 
0.0797213290388119, 0.0336247511598553, 0.114952442183873, -0.0417759226045793, 
0.192657724769653, -0.355726496928915, -307.150343208881, -7.4682154600371, 
-10.6919569060248, -49.4426382996381, 0.287255253799998, 0.229147888598066, 
-0.0164823772435816, 0.0309197438860688, 0.193245902976741, -0.0720558561780328, 
-0.417983397877553, 0.251593153776203, -0.396511838510668, -0.225056350207176, 
0.215293722436856, 0.0545694271606266, 0.02565376911179, 0.181211190733399, 
0.13306242261679, -0.195708124172976, -0.224092858947673, -0.305052108358124, 
0.00621298808383348, 0.158698293242068, -0.0895649599867187, 
0.168372413741653, 0.13013765172216, -333.131105322414, -32.1902459944875, 
-3.50937878261533, -8.42877446450196, -37.8562379412922, -0.169314111522021, 
0.0636531687602932, 0.0523349565351422, -0.0965331745576018, 
0.00144963159211951, -0.0674270064015385, -0.0760395991167328, 
-0.25392200612778, -0.479605013468327, 0.251988904822591, -0.357923196463754, 
0.123858348101009, -0.270426342334087, 0.253361978545787, -0.0300313926129069, 
-0.237692925653635, 0.0714505035252677, -0.0547879821116223, 
-0.0655433934157515, 0.189977719766359, 0.430581209950888, -0.119865241710351, 
-386.439780177589, -11.4110891809387, -4.10160002706479, -5.11328469133626, 
-20.2363037429035, 46.6219534952069, 0.197239621526709, 0.279721748252269, 
-0.0268282129730128, -0.0924083814805969, 0.0992101862718216, 
0.0868185429840067, 0.125334850747771, -0.128525710578724, 0.193356196237095, 
0.365176671867517, 0.0881696176452499, -0.0780355302293207, -0.0302785062868699, 
-0.00801363617383223, 0.0538545540562474, -0.0909467611424684, 
-0.0703973730386143, 0.405995612949837, 0.0809140009451106, 0.328516084990216, 
-0.069426573578555, -220.547802830437, -8.28150461356839, -12.875499479707, 
-19.1768552995202, -26.1848682518577, 1.85111828934184, 39.5661359963689, 
0.072800330659851, 0.467844771972544, 0.0122566667455116, 0.0613493664892361, 
0.040947237708245, 0.216184314564576, 0.100498631534834, 0.15855930317711, 
-0.0323154867502498, -0.313565551697636, -0.444143999179872, 
0.107585213929157, -0.1947763607768, -0.0994333700508374, 0.0327851331167583, 
0.148440571480046, -0.290975662898528, 0.271133260926305, -0.348166283339187, 
0.0378547340979117), .Dim = c(27L, 7L), .Dimnames = list(c("1", 
"2", "3", "4", "5", "6", "7", "8", "9", "10", "11", "12", "13", 
"14", "15", "16", "17", "18", "19", "20", "21", "22", "23", "24", 
"25", "26", "30"), c("x1", "x2", "x3", "x4", "x5", "x6", "x7"
)), assign = 1:7), qraux = c(1.19245008972988, 1.0066422713475, 
1.29439942593498, 1.1212167393004, 1.02150537421407, 1.5815071458473, 
1.16816900827083), pivot = 1:7, tol = 1e-07, rank = 7L), .Names = c("qr", 
"qraux", "pivot", "tol", "rank"), class = "qr"), df.residual = 20L, 
    xlevels = structure(list(), .Names = character(0)), call = quote(lm(formula = y ~ 
        . + 0, data = structure(list(y = c(43, 63, 71, 61, 81, 
        43, 58, 71, 72, 67, 64, 67, 69, 68, 77, 81, 74, 65, 65, 
        50, 50, 64, 53, 40, 63, 66, 82), x1 = c(1, 1, 1, 1, 1, 
        1, 1, 1, 1, 1, 1, 1, 1, 1, 1, 1, 1, 1, 1, 1, 1, 1, 1, 
        1, 1, 1, 1), x2 = c(51, 64, 70, 63, 78, 55, 67, 75, 82, 
        61, 53, 60, 62, 83, 77, 90, 85, 60, 70, 58, 40, 61, 66, 
        37, 54, 77, 82), x3 = c(30, 51, 68, 45, 56, 49, 42, 50, 
        72, 45, 53, 47, 57, 83, 54, 50, 64, 65, 46, 68, 33, 52, 
        52, 42, 42, 66, 39), x4 = c(54, 44, 72, 63, 71, 72, 54, 
        57, 71, 54, 42, 71, 42, 54, 67, 54, 59, 74, 62, 57, 48, 
        45, 59, 71, 54, 69, 56), x5 = c(61, 63, 76, 54, 71, 54, 
        66, 70, 71, 62, 58, 59, 55, 59, 79, 60, 79, 55, 75, 64, 
        43, 66, 63, 50, 66, 88, 64), x6 = c(92, 73, 86, 84, 83, 
        49, 68, 66, 83, 80, 67, 74, 63, 77, 77, 54, 79, 80, 85, 
        78, 64, 80, 80, 57, 75, 76, 78), x7 = c(45, 47, 48, 35, 
        47, 34, 35, 41, 31, 41, 34, 41, 25, 35, 46, 36, 63, 60, 
        46, 52, 33, 41, 37, 49, 33, 72, 39)), .Names = c("y", 
        "x1", "x2", "x3", "x4", "x5", "x6", "x7"),