
expected <- structure(list(coefficients = structure(c(-3.55071701700693, 
0.676863204294683, -0.0281771775714185, 0.34210602880203, 0.15678054312456, 
0.0671422450544448, -0.236184497574979), .Names = c("x1", "x2", 
"x3", "x4", "x5", "x6", "x7")), residuals = structure(c(-6.36242619851435, 
0.696131766591293, -2.661829292829, 7.03212412724319, -7.44746703183694, 
-7.32288111857793, 1.75400599949851, -8.34555183879453, 7.63181742642451, 
6.51243458283672, 13.3861032040996, 7.42539344297552, 1.76666577633456, 
-5.84420444677428, -0.832175854738636, 2.56466354523813, -4.26186760507033, 
-7.76297100285041, -0.145752219481451, -9.64494791126026, -1.96961047194202, 
8.89794622963636, -2.74392551407746, 3.56317791277779, -6.24940587113487, 
5.77537942846122, 4.58917293576503), .Names = c("1", "3", "4", 
"5", "6", "7", "8", "9", "10", "11", "12", "13", "15", "16", 
"17", "18", "19", "20", "22", "23", "24", "25", "26", "27", "28", 
"29", "30")), effects = structure(c(-338.327257745121, -53.1510040063286, 
2.38481266822958, -8.69855043732628, 5.21600943911098, 0.576849280890186, 
10.0837364166585, -4.81097479422187, 9.20284314225565, 8.69658938651503, 
16.8153488508872, 13.8955766602324, 1.4194172831707, -3.13058308973791, 
-1.30552878396168, 0.0876956727547708, -4.5164145536811, -6.25696340834632, 
0.0137077004987824, -6.96945943669826, -2.53345536440979, 11.0890547161704, 
-3.6454959929942, 2.76328257782948, -4.42922994390953, 6.7835644405219, 
5.49166105746429), .Names = c("x1", "x2", "x3", "x4", "x5", "x6", 
"x7", "", "", "", "", "", "", "", "", "", "", "", "", "", "", 
"", "", "", "", "", "")), rank = 7L, fitted.values = structure(c(49.3624261985143, 
70.3038682334087, 63.661829292829, 73.9678758727568, 50.4474670318369, 
65.3228811185779, 69.2459940005015, 80.3455518387945, 59.3681825735755, 
57.4875654171633, 53.6138967959004, 61.5746065570245, 75.2333342236655, 
86.8442044467743, 74.8321758547386, 62.4353364547619, 69.2618676050703, 
57.7629710028504, 64.1457522194815, 62.6449479112603, 41.969610471942, 
54.1020537703636, 68.7439255140775, 74.4368220872222, 54.2494058711349, 
79.2246205715388, 77.410827064235), .Names = c("1", "3", "4", 
"5", "6", "7", "8", "9", "10", "11", "12", "13", "15", "16", 
"17", "18", "19", "20", "22", "23", "24", "25", "26", "27", "28", 
"29", "30")), assign = 1:7, qr = structure(list(qr = structure(c(-5.19615242270663, 
0.192450089729875, 0.192450089729875, 0.192450089729875, 0.192450089729875, 
0.192450089729875, 0.192450089729875, 0.192450089729875, 0.192450089729875, 
0.192450089729875, 0.192450089729875, 0.192450089729875, 0.192450089729875, 
0.192450089729875, 0.192450089729875, 0.192450089729875, 0.192450089729875, 
0.192450089729875, 0.192450089729875, 0.192450089729875, 0.192450089729875, 
0.192450089729875, 0.192450089729875, 0.192450089729875, 0.192450089729875, 
0.192450089729875, 0.192450089729875, -348.527112500804, -64.4348651884355, 
-0.0229669383926948, 0.209826285526274, -0.147123324482811, 0.0391112546523634, 
0.16326764074248, 0.271904478571332, -0.0540060349152239, -0.17816242100534, 
-0.0695255831764885, -0.0384864866539594, 0.194306737265009, 
0.396060864661448, 0.318463123355125, -0.0695255831764885, 0.0856698994361571, 
-0.100564679699018, -0.0540060349152239, 0.0235917063910989, 
-0.426475193185573, -0.162642872744076, 0.194306737265009, 0.16326764074248, 
-0.116084227960282, 0.318463123355125, 0.271904478571332, -274.626278044532, 
-24.9910710853059, 49.1208079475144, 0.0332697122450195, -0.1175759361763, 
0.17798279240609, 0.117154307922394, -0.241440185980785, 0.0403824137808932, 
-0.224516643047355, -0.0130879396546342, -0.191158831431529, 
0.0612312441374779, 0.308470469495412, -0.0403131830102102, -0.37953142363057, 
0.134814139392708, -0.466114159169628, -0.102123385543082, -0.0383513316854092, 
-0.204649530739946, 0.0121754523761407, -0.183064411846479, -0.0457094627335769, 
0.00972274202675147, -0.182818982334185, 0.430372867975097, -299.837239799146, 
-35.2696104189331, 21.7298843053379, -39.9436645615164, -0.177617837000547, 
0.106779989075908, -0.100743421629851, -0.163450290946938, -0.103742940267717, 
0.137116691742865, -0.321904565512506, -0.400929011325126, 0.252106902281073, 
0.186143551267977, -0.0326140735118242, 0.335221351322635, 0.0498186683736243, 
-0.212714672469972, 0.17684128669816, -0.169819303439769, 0.434275378359838, 
0.0267153585700828, -0.135972710318455, 0.266418319331288, -0.103259952891661, 
-0.0774882175469095, 0.083863901372416, -338.90460801431, -3.6246767161309, 
6.78540010520479, 5.14497403786685, 42.225773799093, 0.151737458695668, 
0.117012202007006, 0.183917279825637, -0.103747602287789, -0.104979585821172, 
0.231513221659708, -0.19737805149958, 0.107675763015284, -0.101090445744954, 
0.277624363945105, -0.174005404820071, -0.30836479932454, -0.369161881768652, 
-0.180274515818926, 0.193919047611334, -0.0894625690147713, 0.224322163555442, 
-0.295599062854534, -0.010467401548194, 0.288184615231438, -0.0871338761293057, 
0.0530798546857896, -390.481232061917, -5.97042769591686, 1.69755370724668, 
2.26011109235466, 8.13066087298442, 51.006509031348, 0.227037388633765, 
-0.142632281858926, -0.00112887931110063, 0.199660107670831, 
-0.0566075136851728, 0.361908171490835, 0.0189878078384052, 0.645254982306767, 
-0.0808291520181107, -0.00717221675968801, 0.0450357743510932, 
0.112370653989259, 0.0240095950634515, -0.13428145042821, 0.326584584223817, 
-0.094207336829478, 0.21521797791268, 0.0401393724780762, -0.270740071395021, 
0.183775727358262, 0.0780730470270808, -225.743955253144, -11.8276201693348, 
20.5044038044349, -16.9699421678191, 8.25660090216158, 12.057701826769, 
-42.6943195687824, -0.478883769147076, -0.00597907879649465, 
-0.322542505491965, 0.123921369790282, -0.317174177394519, -0.0393417772553466, 
-0.00481779252137165, 0.376332256370904, -0.0171262773645537, 
0.0217959372001533, -0.043318803269685, -0.219883916694245, -0.115074742538964, 
0.0571064082089163, -0.168106422189814, 0.52630781489521, -0.0565317658975144, 
-0.0597782550619665, 0.107546440547312, 0.0758518354027899), .Dim = c(27L, 
7L), .Dimnames = list(c("1", "3", "4", "5", "6", "7", "8", "9", 
"10", "11", "12", "13", "15", "16", "17", "18", "19", "20", "22", 
"23", "24", "25", "26", "27", "28", "29", "30"), c("x1", "x2", 
"x3", "x4", "x5", "x6", "x7")), assign = 1:7), qraux = c(1.19245008972988, 
1.08566989943616, 1.06589123532396, 1.06552080427392, 1.38105866394224, 
1.14445915716886, 1.1029666480294), pivot = 1:7, tol = 1e-07, 
    rank = 7L), .Names = c("qr", "qraux", "pivot", "tol", "rank"
), class = "qr"), df.residual = 20L, xlevels = structure(list(), .Names = character(0)), 
    call = quote(lm(formula = y ~ . + 0, data = structure(list(y = c(43, 
        71, 61, 81, 43, 58, 71, 72, 67, 64, 67, 69, 77, 81, 74, 
        65, 65, 50, 64, 53, 40, 63, 66, 78, 48, 85, 82), x1 = c(1, 
        1, 1, 1, 1, 1, 1, 1, 1, 1, 1, 1, 1, 1, 1, 1, 1, 1, 1, 
        1, 1, 1, 1, 1, 1, 1, 1), x2 = c(51, 70, 63, 78, 55, 67, 
        75, 82, 61, 53, 60, 62, 77, 90, 85, 60, 70, 58, 61, 66, 
        37, 54, 77, 75, 57, 85, 82), x3 = c(30, 68, 45, 56, 49, 
        42, 50, 72, 45, 53, 47, 57, 54, 50, 64, 65, 46, 68, 52, 
        52, 42, 42, 66, 58, 44, 71, 39), x4 = c(39, 69, 47, 66, 
        44, 56, 55, 67, 47, 58, 39, 42, 72, 72, 69, 75, 57, 54, 
        62, 50, 58, 48, 63, 74, 45, 71, 59), x5 = c(66, 66, 79, 
        59, 50, 59, 63, 59, 71, 66, 59, 77, 59, 71, 55, 66, 79, 
        80, 70, 59, 61, 55, 79, 63, 54, 70, 66), x6 = c(92, 86, 
        84, 83, 49, 68, 66, 83, 80, 67, 74, 63, 77, 54, 79, 80, 
        85, 78, 80, 80, 57, 75, 76, 78, 83, 74, 78), x7 = c(45, 
        48, 35, 47, 34, 35, 41, 31, 41, 34, 41, 25, 46, 36, 63, 
        60, 46, 52, 41, 37, 49, 33, 72, 49, 38, 55, 39)), .Names = c("y", 
        "x1", "x2", "x3", "x4", "x5", "x6", "x7"),