
expected <- structure(list(coefficients = structure(c(15.556844564663, 0.691616690129533, 
-0.0743135166851435, 0.388061733852963, -0.000806976642736023, 
-0.0781118311448259, -0.204117643531795), .Names = c("x1", "x2", 
"x3", "x4", "x5", "x6", "x7")), residuals = structure(c(-7.04740397158769, 
2.29821741172621, 1.64930572439973, 0.335039639680508, 3.52484041903109, 
-10.5622578899363, -9.52779871158102, 0.384106895913027, -8.05075184596236, 
6.68859318969284, 12.7355276963779, 9.89646957176618, -2.42455119108613, 
-0.0367353922277496, 2.13417956082665, -1.97222859357868, -3.72057465153365, 
7.25969153720669, 0.730043040989566, -10.9056449123607, -4.55446242994995, 
7.39381233729749, -0.947536909993931, 2.71512398773856, -7.67218925472329, 
5.44849645586812, 4.22868828600681), .Names = c("1", "2", "3", 
"4", "5", "6", "7", "8", "9", "11", "12", "13", "14", "15", "18", 
"19", "20", "21", "22", "23", "24", "25", "26", "27", "28", "29", 
"30")), effects = structure(c(-330.436804066196, -51.0689079508119, 
2.68611967430661, 13.3743426997647, -4.06745681732396, 2.34703622427927, 
-7.58407624379707, 1.78240373275421, -5.85389989802878, 11.3707396687931, 
13.389955480605, 12.3789219932993, -5.11292927256236, 2.81795716132515, 
1.51334104348717, 0.551004098730221, -2.77992668505167, 7.93385647801256, 
4.1485401104014, -10.8017620119534, -1.25100471144374, 11.9507765868028, 
-3.28875707067522, 5.56067109141836, -6.44255443042401, 2.97994975600234, 
7.47057658208115), .Names = c("x1", "x2", "x3", "x4", "x5", "x6", 
"x7", "", "", "", "", "", "", "", "", "", "", "", "", "", "", 
"", "", "", "", "", "")), rank = 7L, fitted.values = structure(c(50.0474039715877, 
60.7017825882738, 69.3506942756003, 60.6649603603195, 77.4751595809689, 
53.5622578899363, 67.527798711581, 70.615893104087, 80.0507518459624, 
57.3114068103072, 54.2644723036221, 59.1035304282338, 70.4245511910861, 
77.0367353922278, 62.8658204391734, 66.9722285935787, 53.7205746515337, 
42.7403084627933, 63.2699569590104, 63.9056449123607, 44.55446242995, 
55.6061876627025, 66.9475369099939, 75.2848760122614, 55.6721892547233, 
79.5515035441319, 77.7713117139932), .Names = c("1", "2", "3", 
"4", "5", "6", "7", "8", "9", "11", "12", "13", "14", "15", "18", 
"19", "20", "21", "22", "23", "24", "25", "26", "27", "28", "29", 
"30")), assign = 1:7, qr = structure(list(qr = structure(c(-5.19615242270663, 
0.192450089729875, 0.192450089729875, 0.192450089729875, 0.192450089729875, 
0.192450089729875, 0.192450089729875, 0.192450089729875, 0.192450089729875, 
0.192450089729875, 0.192450089729875, 0.192450089729875, 0.192450089729875, 
0.192450089729875, 0.192450089729875, 0.192450089729875, 0.192450089729875, 
0.192450089729875, 0.192450089729875, 0.192450089729875, 0.192450089729875, 
0.192450089729875, 0.192450089729875, 0.192450089729875, 0.192450089729875, 
0.192450089729875, 0.192450089729875, -339.09705810404, -64.6156729066964, 
0.108983611697181, 0.000650761707243416, 0.232792583114252, -0.123158209709828, 
0.062555247415779, 0.18636421883285, 0.294697068822788, -0.154110452564096, 
-0.0457776025741583, -0.0148253597198905, 0.310173190249921, 
0.217316461687118, -0.0457776025741583, 0.108983611697181, -0.0767298454284261, 
-0.355300031116836, -0.0303014811470244, 0.0470791259886451, 
-0.401728395398238, -0.138634331136962, 0.217316461687118, 0.18636421883285, 
-0.09220596685556, 0.341125433104189, 0.294697068822788, -276.165878762371, 
-38.1635422496297, -51.8743814456437, -0.0855473432092191, -0.04856337822439, 
0.0849309466482844, -0.190063826433519, -0.12921405674444, 0.213189566166732, 
0.185382533999306, -0.011979315364881, 0.157451833421777, 0.413569170333353, 
-0.0754469377310734, 0.335012773954993, -0.147967824504566, 0.416187023010466, 
-0.0484397098142874, 0.0727362590284481, 0.0143806736063798, 
0.160069686098891, -0.0383393043361418, 0.155881121815509, 0.0250046496199481, 
-0.0347979789982857, 0.158898876617943, -0.42296259758637, -289.252484864003, 
-31.3907329613699, -13.3466992843226, 48.2336760195802, -0.136472883490647, 
0.140388076539147, -0.101260795485054, 0.0269506847315662, -0.00615291317959386, 
-0.128078914877611, 0.254458693873492, 0.284006477751736, 0.544488861880237, 
-0.282411587864147, -0.345938555488481, -0.0735791413930778, 
0.103119148399489, 0.13807943157391, -0.176514074493189, 0.0989021682106239, 
-0.302490055363458, -0.0046328365620625, 0.00149287179026787, 
-0.302089745621851, 0.0897596230145777, -0.0812154818399324, 
-0.107903985368068, -334.478255950523, -38.7894653829049, 0.555667010559441, 
19.0140992758694, 32.1220941799484, 0.0644213454757995, 0.0522421677534954, 
-0.0210833672358523, 0.163670913661582, 0.140162659569243, -0.111606539492539, 
0.0561403290095904, 0.14546592893897, -0.00441921145649144, 0.56382389376036, 
-0.188644216175881, -0.101678496626264, 0.114186051183665, 0.0536649202013496, 
0.00290461537673168, 0.238031508303309, -0.23220855273184, -0.472311567154308, 
-0.0370957764954307, 0.212842629828227, 0.0817780411828128, 0.347018395759617, 
-400.48863672787, -10.9026409505745, -20.696541823422, 2.45045092608916, 
4.1485126443756, -42.7249641521714, 0.112320832336427, 0.027966765216215, 
0.0658972074614217, 0.30445116882719, 0.00483947602980924, 0.0817626605355005, 
-0.0620420964302701, 0.0965723385951588, 0.381356393487668, 0.0461517993231278, 
0.177081582343135, -0.127072925662824, 0.175721317512958, -0.198891353148215, 
0.360919130478661, 0.0110152216121777, -0.239771205113882, 0.112211180429709, 
0.176668542241212, -0.187716585694238, 0.51771881980601, -220.932703009897, 
-10.2044959173061, -11.7299946118344, 25.1646453224406, 18.2124732291761, 
4.85155983632363, 37.1554173983774, 0.0648276900152129, 0.415089693226806, 
0.224336845936503, -0.117642071721831, 0.261265704911963, -0.0287964456224233, 
0.185161266599201, -0.432968790900972, 0.0534517440344052, -0.200714759841885, 
-0.027341528498022, 0.148382391103335, 0.134749523625383, -0.200012127801903, 
0.317359830211771, -0.38124742862238, 0.154050532811101, -0.117972392249433, 
-0.0893840235119932, -0.0886442064850604), .Dim = c(27L, 7L), .Dimnames = list(
    c("1", "2", "3", "4", "5", "6", "7", "8", "9", "11", "12", 
    "13", "14", "15", "18", "19", "20", "21", "22", "23", "24", 
    "25", "26", "27", "28", "29", "30"), c("x1", "x2", "x3", 
    "x4", "x5", "x6", "x7")), assign = 1:7), qraux = c(1.19245008972988, 
1.01612688313438, 1.2761336179975, 1.08835711112596, 1.14919751195942, 
1.26312257247222, 1.21180573727295), pivot = 1:7, tol = 1e-07, 
    rank = 7L), .Names = c("qr", "qraux", "pivot", "tol", "rank"
), class = "qr"), df.residual = 20L, xlevels = structure(list(), .Names = character(0)), 
    call = quote(lm(formula = y ~ . + 0, data = structure(list(y = c(43, 
        63, 71, 61, 81, 43, 58, 71, 72, 64, 67, 69, 68, 77, 65, 
        65, 50, 50, 64, 53, 40, 63, 66, 78, 48, 85, 82), x1 = c(1, 
        1, 1, 1, 1, 1, 1, 1, 1, 1, 1, 1, 1, 1, 1, 1, 1, 1, 1, 
        1, 1, 1, 1, 1, 1, 1, 1), x2 = c(51, 64, 70, 63, 78, 55, 
        67, 75, 82, 53, 60, 62, 83, 77, 60, 70, 58, 40, 61, 66, 
        37, 54, 77, 75, 57, 85, 82), x3 = c(30, 51, 68, 45, 56, 
        49, 42, 50, 72, 53, 47, 57, 83, 54, 65, 46, 68, 33, 52, 
        52, 42, 42, 66, 58, 44, 71, 39), x4 = c(39, 54, 69, 47, 
        66, 44, 56, 55, 67, 58, 39, 42, 45, 72, 75, 57, 54, 34, 
        62, 50, 58, 48, 63, 74, 45, 71, 59), x5 = c(61, 63, 76, 
        54, 71, 54, 66, 70, 71, 58, 59, 55, 59, 79, 55, 75, 64, 
        43, 66, 63, 50, 66, 88, 80, 51, 77, 64), x6 = c(57, 85, 
        83, 79, 49, 83, 74, 77, 83, 83, 77, 80, 85, 80, 79, 80, 
        92, 57, 80, 67, 76, 77, 85, 83, 73, 74, 83), x7 = c(45, 
        47, 48, 35, 47, 34, 35, 41, 31, 34, 41, 25, 35, 46, 60, 
        46, 52, 33, 41, 37, 49, 33, 72, 49, 38, 55, 39)), .Names = c("y", 
        "x1", "x2", "x3", "x4", "x5", "x6", "x7"),