
expected <- structure(list(coefficients = structure(c(20.1267267674437, 0.687710081504624, 
-0.0989899364067861, 0.221502016881897, -0.153958760781083, 0.074178973002761, 
-0.102042663515053), .Names = c("x1", "x2", "x3", "x4", "x5", 
"x6", "x7")), residuals = structure(c(-11.3221387218909, 0.415291965507854, 
2.97216873867984, -1.01955170464951, 7.52232731417555, -9.55501321069789, 
-7.76123657416415, 1.31061194403479, -2.45800539215605, 5.12910252171303, 
8.78369600957627, 10.0149447640909, 11.3691369014399, -3.40255440126115, 
3.74753336475014, -3.11388550675934, -3.86035579966914, 0.965867457553952, 
-2.42328012043491, -6.99255473078177, 3.85086295479263, 1.23780616512199, 
-11.0045963221616, -5.4855843525003, 7.32971514591675, -0.162237502037591, 
3.91192909181067), .Names = c("1", "2", "3", "4", "5", "6", "7", 
"8", "9", "10", "11", "12", "13", "14", "15", "16", "17", "18", 
"19", "20", "21", "22", "23", "24", "25", "26", "30")), effects = structure(c(-332.553755053224, 
-47.3569455303206, 4.84740410534456, 8.393226700135, -3.79798831725931, 
4.49455483811566, -3.88421302575057, 6.17138286422179, -4.22822292545973, 
8.80518834788121, 9.79392621774648, 12.6487032440417, 13.4573746623459, 
-4.30140992131499, 6.33433479575573, -2.92589550938681, -1.50096184592273, 
-3.9295844230604, 0.959714276657723, -5.48617888741681, 7.07516107071159, 
2.71236724557278, -9.1410486843551, -3.93539401936572, 12.4444776734106, 
3.48533312045839, 4.44774735062019), .Names = c("x1", "x2", "x3", 
"x4", "x5", "x6", "x7", "", "", "", "", "", "", "", "", "", "", 
"", "", "", "", "", "", "", "", "", "")), rank = 7L, fitted.values = structure(c(54.3221387218909, 
62.5847080344921, 68.0278312613202, 62.0195517046495, 73.4776726858244, 
52.5550132106979, 65.7612365741642, 69.6893880559652, 74.4580053921561, 
61.870897478287, 55.2163039904237, 56.9850552359091, 57.6308630985601, 
71.4025544012611, 73.2524666352499, 84.1138855067593, 77.8603557996691, 
64.034132542446, 67.4232801204349, 56.9925547307818, 46.1491370452074, 
62.762193834878, 64.0045963221616, 45.4855843525003, 55.6702848540832, 
66.1622375020376, 78.0880709081893), .Names = c("1", "2", "3", 
"4", "5", "6", "7", "8", "9", "10", "11", "12", "13", "14", "15", 
"16", "17", "18", "19", "20", "21", "22", "23", "24", "25", "26", 
"30")), assign = 1:7, qr = structure(list(qr = structure(c(-5.19615242270663, 
0.192450089729875, 0.192450089729875, 0.192450089729875, 0.192450089729875, 
0.192450089729875, 0.192450089729875, 0.192450089729875, 0.192450089729875, 
0.192450089729875, 0.192450089729875, 0.192450089729875, 0.192450089729875, 
0.192450089729875, 0.192450089729875, 0.192450089729875, 0.192450089729875, 
0.192450089729875, 0.192450089729875, 0.192450089729875, 0.192450089729875, 
0.192450089729875, 0.192450089729875, 0.192450089729875, 0.192450089729875, 
0.192450089729875, 0.192450089729875, -342.753609808908, -68.0364825881156, 
0.0948302518508885, -0.00805572540306698, 0.212414225855409, 
-0.125639699407587, 0.0507362615991933, 0.168320235603714, 0.271206212857669, 
-0.0374517189041971, -0.155035692908718, -0.0521497156547622, 
-0.022753722153632, 0.285904209608234, 0.197716229104844, 0.38879018686219, 
0.315300203109364, -0.0521497156547622, 0.0948302518508885, -0.0815457091558923, 
-0.346109650666063, -0.0374517189041971, 0.0360382648486282, 
-0.390203640917759, -0.140337696158153, 0.197716229104844, 0.271206212857669, 
-273.471577506153, -31.9186052397271, -53.7540597150277, -0.068940024584522, 
-0.00259405148006831, 0.0792274842913807, -0.161627025089866, 
-0.0865555811570526, 0.258180623295055, -0.0505013934329394, 
0.172079099712536, -0.00407558572236198, 0.163518243799986, 0.453597014460587, 
-0.0305812280390631, -0.224845314793922, 0.0816967080285368, 
0.330782843490713, -0.114871987547668, 0.405031212844475, -0.0801347191500383, 
0.0797213290388119, 0.0336247511598553, 0.114952442183873, -0.0417759226045793, 
0.192657724769653, -0.355726496928915, -288.867584684543, -31.8151748922231, 
-10.7420708495204, 46.8713246981527, -0.13207290309552, 0.133572442022195, 
-0.0936583501173797, 0.0390282479705255, -0.0104238354988438, 
0.0803242194515253, -0.149301402981008, 0.258912388977911, 0.280950787064172, 
0.545622146599228, -0.281277578713764, -0.22401796861094, -0.0913695887295397, 
-0.378185415255976, -0.0659608194573539, 0.0783902646598316, 
0.130862578649903, -0.188771043885741, 0.100465325642289, -0.335626137821619, 
-0.00934067039045085, -0.00195424574144852, -0.0798415502449372, 
-333.131105322414, -32.1902459944875, -3.50937878261533, 12.5105472128115, 
36.7100149615495, 0.105468531550408, -0.0163289196565963, -0.0743779624692305, 
0.10616874208099, -0.0442868132532681, 0.14586505507458, -0.0567084134011468, 
0.111337397184802, 0.205441270383676, -0.110224244778494, 0.487591828964769, 
-0.0793765462796747, 0.479426441905598, -0.225703681410317, -0.0115209159943874, 
0.174779033093848, 0.0241286688068917, 0.00353639775883807, 0.245564261049768, 
-0.191502340867816, -0.44201655452141, 0.166482574751288, -386.439780177589, 
-11.4110891809387, -4.10160002706479, 0.49003517891903, 21.8751870730368, 
46.1572992414201, 0.167140439851173, 0.28249030210818, -0.0687083740215471, 
-0.0499922219790094, 0.161344543207696, 0.116274958855946, 0.338358527299628, 
0.146306436300883, 0.0281235356132555, 0.317617595419311, 0.0416253999423019, 
-0.218987587468802, -0.108569026144374, 0.067996095216911, 0.174082770863011, 
-0.0843595405605703, -0.0351582254197375, 0.269595536034925, 
0.0826311430491609, 0.248837284183967, -0.11630252096676, -215.92900067692, 
7.73767873379746, -16.3621403331065, 0.971242926711698, -2.26533858674341, 
-10.4922171464886, 38.0645985899574, 0.250707900747555, -0.211872221423514, 
0.414526518446398, -0.0889275298148166, -0.052893415602888, 0.0415030453840594, 
0.268696940232565, -0.0759313150140129, 0.172540434648694, 0.139029020903288, 
-0.188617390537733, -0.012112978342836, 0.142424144483748, 0.268927695809794, 
0.0887735265463441, 0.148334857021708, -0.117847999914291, 0.190426108706848, 
-0.592018817860221, 0.0120334541530091), .Dim = c(27L, 7L), .Dimnames = list(
    c("1", "2", "3", "4", "5", "6", "7", "8", "9", "10", "11", 
    "12", "13", "14", "15", "16", "17", "18", "19", "20", "21", 
    "22", "23", "24", "25", "26", "30"), c("x1", "x2", "x3", 
    "x4", "x5", "x6", "x7")), assign = 1:7), qraux = c(1.19245008972988, 
1.0066422713475, 1.29439942593498, 1.09361073781378, 1.04916408911488, 
1.59009750251512, 1.14811137447331), pivot = 1:7, tol = 1e-07, 
    rank = 7L), .Names = c("qr", "qraux", "pivot", "tol", "rank"
), class = "qr"), df.residual = 20L, xlevels = structure(list(), .Names = character(0)), 
    call = quote(lm(formula = y ~ . + 0, data = structure(list(y = c(43, 
        63, 71, 61, 81, 43, 58, 71, 72, 67, 64, 67, 69, 68, 77, 
        81, 74, 65, 65, 50, 50, 64, 53, 40, 63, 66, 82), x1 = c(1, 
        1, 1, 1, 1, 1, 1, 1, 1, 1, 1, 1, 1, 1, 1, 1, 1, 1, 1, 
        1, 1, 1, 1, 1, 1, 1, 1), x2 = c(51, 64, 70, 63, 78, 55, 
        67, 75, 82, 61, 53, 60, 62, 83, 77, 90, 85, 60, 70, 58, 
        40, 61, 66, 37, 54, 77, 82), x3 = c(30, 51, 68, 45, 56, 
        49, 42, 50, 72, 45, 53, 47, 57, 83, 54, 50, 64, 65, 46, 
        68, 33, 52, 52, 42, 42, 66, 39), x4 = c(39, 54, 69, 47, 
        66, 44, 56, 55, 67, 47, 58, 39, 42, 45, 72, 72, 69, 75, 
        57, 54, 34, 62, 50, 58, 48, 63, 59), x5 = c(61, 63, 76, 
        54, 71, 54, 66, 70, 71, 62, 58, 59, 55, 59, 79, 60, 79, 
        55, 75, 64, 43, 66, 63, 50, 66, 88, 64), x6 = c(92, 73, 
        86, 84, 83, 49, 68, 66, 83, 80, 67, 74, 63, 77, 77, 54, 
        79, 80, 85, 78, 64, 80, 80, 57, 75, 76, 78), x7 = c(39, 
        41, 34, 52, 45, 55, 35, 33, 49, 25, 49, 47, 49, 41, 39, 
        36, 33, 49, 36, 41, 38, 36, 36, 52, 34, 63, 35)), .Names = c("y", 
        "x1", "x2", "x3", "x4", "x5", "x6", "x7"),