
expected <- structure(list(coefficients = structure(c(23.3862364519205, 0.616197549102602, 
-0.0750040252901556, 0.234563112719005, 0.191483557600636, -0.208842322867995, 
-0.135953740680713), .Names = c("x1", "x2", "x3", "x4", "x5", 
"x6", "x7")), residuals = structure(c(-6.93881797845285, 2.9961920896817, 
-0.430338816933802, 2.2696874377096, 6.51823980945097, -9.93298047083267, 
-8.03782786311795, -8.24473217460731, 7.74172490485402, 9.17613988866854, 
7.19972426746697, 8.06625072359341, -1.11008679161768, -3.64109105858249, 
-3.58460188179203, -3.21119716567673, 5.84026874836957, -5.16979600857109, 
4.62254145521632, 1.60889912930147, -9.62669555350442, -7.64846942743364, 
6.57733769560649, 3.02426036001473, -8.37164336996683, 4.63393410125598, 
5.6730779498997), .Names = c("1", "2", "3", "4", "5", "6", "7", 
"9", "10", "11", "12", "13", "14", "15", "16", "17", "18", "20", 
"21", "22", "23", "24", "25", "27", "28", "29", "30")), effects = structure(c(-334.285805860793, 
-54.1626149974308, 2.33757936933778, 11.6749073260769, 3.28831564061342, 
9.78492108191197, -4.80521936870224, -8.91205207296305, 9.07810400779945, 
14.1510458971718, 4.12107101072172, 7.15674796444283, -4.28368800293471, 
-4.16167455017137, -7.22017392534808, -3.87412241092538, 5.38913981190584, 
-3.50032925837166, 2.97214331094771, 5.23157781049612, -7.88915995972691, 
-7.92257883475396, 12.0153242199351, 6.62497191090724, -9.80947781598794, 
2.34406814247577, 4.62733658256391), .Names = c("x1", "x2", "x3", 
"x4", "x5", "x6", "x7", "", "", "", "", "", "", "", "", "", "", 
"", "", "", "", "", "", "", "", "", "")), rank = 7L, fitted.values = structure(c(49.9388179784528, 
60.0038079103183, 71.4303388169338, 58.7303125622904, 74.481760190549, 
52.9329804708327, 66.0378278631179, 80.2447321746073, 59.258275095146, 
54.8238601113315, 59.800275732533, 60.9337492764066, 69.1100867916177, 
80.6410910585825, 84.584601881792, 77.2111971656767, 59.1597312516304, 
55.1697960085711, 45.3774585447837, 62.3911008706985, 62.6266955535044, 
47.6484694274336, 56.4226623043935, 74.9757396399853, 56.3716433699668, 
80.366065898744, 76.3269220501003), .Names = c("1", "2", "3", 
"4", "5", "6", "7", "9", "10", "11", "12", "13", "14", "15", 
"16", "17", "18", "20", "21", "22", "23", "24", "25", "27", "28", 
"29", "30")), assign = 1:7, qr = structure(list(qr = structure(c(-5.19615242270663, 
0.192450089729875, 0.192450089729875, 0.192450089729875, 0.192450089729875, 
0.192450089729875, 0.192450089729875, 0.192450089729875, 0.192450089729875, 
0.192450089729875, 0.192450089729875, 0.192450089729875, 0.192450089729875, 
0.192450089729875, 0.192450089729875, 0.192450089729875, 0.192450089729875, 
0.192450089729875, 0.192450089729875, 0.192450089729875, 0.192450089729875, 
0.192450089729875, 0.192450089729875, 0.192450089729875, 0.192450089729875, 
0.192450089729875, 0.192450089729875, -341.791359360259, -70.2329457353646, 
0.0940757185871527, -0.00559260554061164, 0.207982374733169, 
-0.119499261686628, 0.0513607225323965, 0.264935702806177, -0.0340692695771157, 
-0.147975925723132, -0.0483076015953678, -0.0198309375588637, 
0.279174034824429, 0.193744042714917, 0.378842358952194, 0.307650698860933, 
-0.0483076015953678, -0.0767842656318719, -0.333074241960409, 
-0.0340692695771157, 0.0371223905141445, -0.375789238015165, 
-0.13373759370488, 0.165267378678413, -0.0910225976501239, 0.307650698860933, 
0.264935702806177, -275.588528493181, -36.3393873843611, -52.8621971496863, 
-0.0777165698770799, -0.0219221343711548, 0.0791752168329003, 
-0.175079573263807, 0.240139952845125, -0.057410733231322, 0.175149493605607, 
-0.00942359484496873, 0.159441668826645, 0.438075244871355, -0.0496034361117502, 
-0.257259814436125, 0.0583443176225902, 0.331084385726301, 0.40814155246727, 
-0.0712047688317108, 0.0750090369908383, 0.0242444453764436, 
0.129507976422561, -0.0430916350663811, 0.0463708406609564, -0.0357161699715435, 
0.190764087844751, -0.384124678202203, -291.754336030491, -37.5876144912945, 
-11.4059006342731, 49.0355388976436, -0.104841902340487, 0.128440571929882, 
-0.0788666194452232, 0.0162392709473075, 0.0824488170952767, 
-0.143365288721313, 0.252446471064487, 0.276076731016642, 0.549517961724093, 
-0.248497668427881, -0.18275230798564, -0.0591726046853306, -0.355056995026528, 
0.0798686223314672, 0.111453037419439, -0.174195903115328, 0.10663670604758, 
-0.336326214380228, -0.00961120964501627, -0.27558306164323, 
0.0873092962742401, -0.0507034851737676, -0.0528199671590905, 
-328.319853079167, -33.1911339714365, -4.23117750984152, 16.4660843730949, 
31.7078523722841, 0.0920963072891978, -0.0526649888326148, 0.0915521565704131, 
-0.0868781912010935, 0.159378311641052, -0.108836439303373, 0.0896949376999101, 
0.182367089603522, -0.151916698189229, 0.521786779560287, -0.127299736131187, 
0.560176297707196, -0.0296258597273708, 0.175411962343915, 0.0123019712487866, 
-0.0324213082725737, 0.292616097387037, -0.24778359605908, -0.160652023158982, 
0.204844843458486, -0.0237423754240145, 0.141789519461196, -377.971976229475, 
-2.18479294635626, -1.54865341285738, -1.97301604291185, 6.99245598382983, 
-44.0820406127279, 0.0752592699163047, -0.259505600051968, -0.0137297029904668, 
0.302563309274575, -0.443637322287732, -0.238248379086682, 0.0128729690660553, 
-0.439666014154967, -0.154590343659842, 0.0193092327600745, 0.292941088772219, 
0.16993994353519, -0.302947094559342, 0.126447776786678, 0.0527088983759684, 
-0.181024621156993, 0.0844186592210418, 0.055872096401153, -0.121652140215278, 
-0.21984386473097, -0.0766761710377206, -217.276151305029, -8.12850554553101, 
-11.28973643718, 24.9500673066765, 9.73048610996956, -4.25678117197014, 
35.3445175148751, 0.452753689036679, -0.0363840691512313, 0.320875670204373, 
-0.166775527701419, 0.283892348314702, -0.0356176423730978, 0.181080578074199, 
0.21909960435822, -0.36933551787674, -0.269738318201985, -0.211094328351333, 
-0.0285241785882442, 0.191566253403764, 0.0972325217316297, -0.096480707642187, 
0.282191114784863, 0.1565045018025, -0.055059640916933, -0.139903414818193, 
0.0558962185651774), .Dim = c(27L, 7L), .Dimnames = list(c("1", 
"2", "3", "4", "5", "6", "7", "9", "10", "11", "12", "13", "14", 
"15", "16", "17", "18", "20", "21", "22", "23", "24", "25", "27", 
"28", "29", "30"), c("x1", "x2", "x3", "x4", "x5", "x6", "x7"
)), assign = 1:7), qraux = c(1.19245008972988, 1.00864572647764, 
1.28630653259272, 1.0968936737861, 1.02477083856026, 1.16332277487819, 
1.24576427697477), pivot = 1:7, tol = 1e-07, rank = 7L), .Names = c("qr", 
"qraux", "pivot", "tol", "rank"), class = "qr"), df.residual = 20L, 
    xlevels = structure(list(), .Names = character(0)), call = quote(lm(formula = y ~ 
        . + 0, data = structure(list(y = c(43, 63, 71, 61, 81, 
        43, 58, 72, 67, 64, 67, 69, 68, 77, 81, 74, 65, 50, 50, 
        64, 53, 40, 63, 78, 48, 85, 82), x1 = c(1, 1, 1, 1, 1, 
        1, 1, 1, 1, 1, 1, 1, 1, 1, 1, 1, 1, 1, 1, 1, 1, 1, 1, 
        1, 1, 1, 1), x2 = c(51, 64, 70, 63, 78, 55, 67, 82, 61, 
        53, 60, 62, 83, 77, 90, 85, 60, 58, 40, 61, 66, 37, 54, 
        75, 57, 85, 82), x3 = c(30, 51, 68, 45, 56, 49, 42, 72, 
        45, 53, 47, 57, 83, 54, 50, 64, 65, 68, 33, 52, 52, 42, 
        42, 58, 44, 71, 39), x4 = c(39, 54, 69, 47, 66, 44, 56, 
        67, 47, 58, 39, 42, 45, 72, 72, 69, 75, 54, 34, 62, 50, 
        58, 48, 74, 45, 71, 59), x5 = c(61, 63, 76, 54, 71, 54, 
        66, 71, 62, 58, 59, 55, 59, 79, 60, 79, 55, 64, 43, 66, 
        63, 50, 66, 80, 51, 77, 64), x6 = c(83, 83, 68, 80, 74, 
        80, 79, 64, 75, 83, 57, 64, 78, 57, 67, 79, 78, 80, 57, 
        78, 78, 57, 79, 78, 67, 67, 74), x7 = c(45, 47, 48, 35, 
        47, 34, 35, 31, 41, 34, 41, 25, 35, 46, 36, 63, 60, 52, 
        33, 41, 37, 49, 33, 49, 38, 55, 39)), .Names = c("y", 
        "x1", "x2", "x3", "x4", "x5", "x6", "x7"),