
expected <- structure(list(coefficients = structure(c(-1.09834164639636, 
-0.341841423436921, -0.0655322154873278, 0.124372566876053, 0.504955902148347, 
0.350083016296737, 0.605248338710608), .Names = c("x1", "x2", 
"x3", "x4", "x5", "x6", "x7")), residuals = structure(c(-18.7684202414526, 
-0.622787110617854, -8.33958433060862, 11.6431563104992, 3.81321693132, 
2.28314240196445, -1.03578786339687, 17.5985703367337, -8.71120410700611, 
4.21893649265923, 8.86973016224854, 0.327185217593652, 8.2327390638777, 
17.8799482345738, 9.6106358941173, -7.53679753848885, -4.994827423202, 
-15.1709440056043, -7.62031265073947, -11.8435486275033, -3.96854835460722, 
0.37759163091669, 2.18272598944632, -10.4922105827664, -7.94904712084566, 
17.1999599644615, 11.1218901503439), .Names = c("1", "3", "4", 
"5", "6", "7", "8", "9", "10", "11", "12", "13", "15", "16", 
"17", "18", "19", "20", "22", "23", "24", "25", "26", "27", "28", 
"29", "30")), effects = structure(c(-212.431148073154, -244.054186315452, 
46.4834296119894, -62.2985673838673, 60.0949414359075, 24.2435393579832, 
-30.5497758299236, 18.6741826049325, -6.3198219981053, 1.76914769731147, 
12.4856920824911, 7.19987911739557, 12.4457082172252, 17.7963216684406, 
14.9662649298202, -3.69944954839714, -4.01473056466203, -5.09832377196245, 
-0.187606092244235, -11.9348274884279, -1.22376635874485, 7.80754806251185, 
3.18942040073118, -13.1229863948533, -10.8260582321061, 23.90126243608, 
15.4140970825146), .Names = c("x1", "x2", "x3", "x4", "x5", "x6", 
"x7", "", "", "", "", "", "", "", "", "", "", "", "", "", "", 
"", "", "", "", "", "")), rank = 7L, fitted.values = structure(c(61.7684202414526, 
71.6227871106178, 69.3395843306086, 69.3568436895008, 39.18678306868, 
55.7168575980355, 72.0357878633969, 54.4014296632663, 75.7112041070061, 
59.7810635073408, 58.1302698377515, 68.6728147824063, 68.7672609361223, 
63.1200517654262, 64.3893641058827, 72.5367975384889, 69.994827423202, 
65.1709440056044, 71.6203126507395, 64.8435486275033, 43.9685483546072, 
62.6224083690833, 63.8172740105537, 88.4922105827664, 55.9490471208457, 
67.8000400355385, 70.8781098496561), .Names = c("1", "3", "4", 
"5", "6", "7", "8", "9", "10", "11", "12", "13", "15", "16", 
"17", "18", "19", "20", "22", "23", "24", "25", "26", "27", "28", 
"29", "30")), assign = 1:7, qr = structure(list(qr = structure(c(-7.48571044178886, 
-0.0986100562200825, 0.11741342607464, 0.167058192384612, 0.168448732092758, 
0.0623484685686946, -0.188618982849472, 0.0840661715014069, 0.0978381597575075, 
0.0369611203739865, 0.39816274314576, 0.161206556687363, 0.184974543258192, 
-0.0433186087776012, 0.0605131809697456, 0.352870634755943, 0.0749260062513846, 
0.397966943332716, 0.297747059940259, 0.0187113325957895, -0.0147532220002678, 
0.292379191046403, 0.01403202959196, -0.0371179900719453, 0.127633843244742, 
0.358710222730057, 0.0812376520063325, -219.33375324912, -265.636414457157, 
0.138280450727094, 0.0465198216487409, 0.18073854259826, 0.156071900933481, 
0.440516055602725, 0.229805851457953, 0.122768767166987, 0.194953284194378, 
-0.0912907068770765, 0.112243637672994, -0.0229963014611634, 
0.240170541400117, 0.176616835082144, -0.139138151894348, 0.249676513792859, 
-0.0835778822735017, -0.0535299018351663, 0.185726874454649, 
0.333830509911094, 0.00797540865819288, 0.295525115788072, 0.234351949373185, 
0.173864253617084, -0.122030692002571, 0.0743492501667947, -176.878001242241, 
-198.977554445427, 68.8266336781556, 0.0171736007356114, 0.35594913302855, 
-0.217652708567238, -0.103555767065161, -0.0615819112031057, 
-0.39494697624784, 0.179725091469092, 0.170108747580711, 0.31576407424395, 
-0.299848770731552, -0.178349489779919, 0.00914221177159715, 
-0.273634832150952, 0.199728081249263, 0.0169109017665228, 0.0799025743383513, 
-0.0312562887138618, -0.14919264857913, 0.106515721752878, -0.113504046350503, 
-0.103678915863409, -0.118851531108723, 0.0534498059183533, -0.290127339787079, 
-163.949584474373, -217.644566584551, 25.4050140607556, -78.9427745108819, 
-0.330147431827368, 0.0471192825812192, -0.060174136905574, -0.157416587565639, 
-0.0382393931353793, 0.313729606137576, 0.137889354992163, -0.0507219417947258, 
0.0101701632050356, -0.0128601136987178, -0.226856930833633, 
0.132235744485088, 0.0682303782392806, -0.236886777940384, 0.00590388906453795, 
0.089979387608772, -0.484475379410426, -0.213932460905943, -0.179532206992984, 
0.316601801704473, 0.0819389555726651, 0.084035685778665, -0.0770397632111313, 
-218.378558218058, -250.0342858965, 30.3578173357095, -37.3192046872052, 
64.840890454678, 0.0321636351519442, 0.101563844075757, 0.289043698974811, 
-0.157698490446091, 0.0308429466837867, 0.267396119114142, -0.200836797743966, 
-0.232283308659045, -0.248658714845453, -0.00345190772992307, 
-0.122008791611438, 0.0798650768921622, -0.170400567959986, -0.174930527535964, 
-0.0308234125961563, 0.170501286699192, 0.178884532663549, -0.0180428333143965, 
0.0139508788141243, 0.427614939929016, -0.180192762595049, -0.381261518290728, 
-265.085864235339, -273.884597534012, 27.0717113320734, -54.3308871982996, 
54.9339746736869, 59.0444526148271, -0.125334508012432, 0.463443795882333, 
0.362212929984754, 0.292657254449726, 0.110476426186414, 0.022417043628556, 
-0.0569712511927698, -0.0991529452871403, -0.139419954402573, 
-0.167562346799442, 0.315480182815503, 0.0691741146265638, 0.0116967575277913, 
-0.178710745359134, 0.314170125989718, -0.248852398087676, 0.111283517304861, 
-0.16857412029033, 0.212566594953669, -0.0115747060029893, -0.279363602502702, 
-138.384772819291, -163.059528090431, 38.0461997480191, -24.1477380574432, 
13.4187886688506, 5.90349293416753, -50.474778493412, 0.337054778364949, 
0.35520328243355, -0.0806394157285358, 0.103938975182494, 0.0901580961021236, 
0.185710843139033, -0.390071144118167, 0.402391410827226, -0.0963733101149258, 
0.073750925431692, -0.0484659513232064, 0.238627801733008, -0.0536314547277598, 
0.0240987511950082, 0.305634483013631, -0.290038985590514, 0.332244937504136, 
0.0493487012877385, 0.0249027828070476, -0.0892685297933232), .Dim = c(27L, 
7L), .Dimnames = list(c("1", "3", "4", "5", "6", "7", "8", "9", 
"10", "11", "12", "13", "15", "16", "17", "18", "19", "20", "22", 
"23", "24", "25", "26", "27", "28", "29", "30"), c("x1", "x2", 
"x3", "x4", "x5", "x6", "x7")), assign = 1:7), qraux = c(1.14868792314456, 
1.28452633604302, 1.30262060496739, 1.41002763528313, 1.38408679029294, 
1.13484670621, 1.09902019505945), pivot = 1:7, tol = 1e-07, rank = 7L), .Names = c("qr", 
"qraux", "pivot", "tol", "rank"), class = "qr"), df.residual = 20L, 
    xlevels = structure(list(), .Names = character(0)), call = quote(lm(formula = y ~ 
        . + 0, data = structure(list(y = c(43, 71, 61, 81, 43, 
        58, 71, 72, 67, 64, 67, 69, 77, 81, 74, 65, 65, 50, 64, 
        53, 40, 63, 66, 78, 48, 85, 82), x1 = c(1.11303473885111, 
        -0.738166327512058, 0.878922909573136, 1.25054925511986, 
        1.26095843273285, 0.466722582194222, -1.41194708943589, 
        0.629295017809295, 0.732388134102181, 0.276680244723766, 
        2.98053100389751, 1.20674560467942, 1.38466586993297, 
        -0.324270562050256, 0.452984150651084, 2.64148739519323, 
        0.560874387357527, 2.97906530319251, 2.22884827560673, 
        0.140067617792086, -0.110438347977434, 2.18866596337784, 
        0.105039710436025, -0.277854525859776, 0.955429993102805, 
        2.6852008598668, 0.608121539890213), x2 = c(67, 51, 66, 
        54, 90, 57, 70, 82, 57, 61, 75, 70, 40, 53, 62, 51, 85, 
        77, 60, 54, 85, 75, 82, 53, 78, 57, 40), x3 = c(58, 30, 
        30, 42, 45, 58, 54, 66, 71, 33, 52, 33, 54, 50, 46, 64, 
        50, 64, 45, 42, 72, 54, 68, 45, 68, 46, 51), x4 = c(59, 
        57, 47, 75, 39, 57, 62, 58, 54, 72, 63, 45, 39, 50, 34, 
        54, 72, 39, 44, 54, 39, 39, 59, 74, 74, 47, 34),