
expected <- structure(list(coefficients = structure(c(16.9310066405908, 0.602579039767667, 
-0.169269058568352, 0.248892377656579, 0.0618793626622271, 0.0417112646711213, 
-0.106870112356852), .Names = c("x1", "x2", "x3", "x4", "x5", 
"x6", "x7")), residuals = structure(c(-7.35465741646467, 3.31507739839435, 
-3.36727665649767, -3.6181340224071, 4.9176573561186, -12.1587645416384, 
-6.60412005768192, -4.38901557267784, 10.8400862899584, 3.53235133315555, 
10.6535979141935, 6.48207015321131, -1.24931662175815, 1.70647340713907, 
-1.73776448966442, -4.98826486585509, 3.75248301877921, -6.14407160436992, 
5.80917156259819, -0.541812348316307, -12.3176485524215, -1.70969151303425, 
7.03775116886542, 2.10744491398329, -5.52469111316222, 4.991304528657, 
6.55976033089553), .Names = c("1", "2", "3", "4", "5", "6", "7", 
"9", "10", "11", "12", "13", "14", "15", "16", "17", "18", "20", 
"21", "22", "23", "24", "25", "27", "28", "29", "30")), effects = structure(c(-334.285805860793, 
-54.1626149974308, -12.3690979822092, 10.6677003808167, 1.70477884784431, 
0.937466987270566, -3.5485924473445, -4.0797940058239, 12.4999034544851, 
6.17758497168571, 13.4300279015974, 10.7740854182032, -1.2508396601367, 
3.38239731130768, -2.28218086893824, -5.62854128176422, -1.47798020142246, 
-5.28402381230663, 8.99644284166953, 0.529156245672274, -10.6978541511253, 
0.00638742020242451, 11.8284839580909, 3.6145018366539, -6.24512541163764, 
5.03727784801252, 5.89277251200679), .Names = c("x1", "x2", "x3", 
"x4", "x5", "x6", "x7", "", "", "", "", "", "", "", "", "", "", 
"", "", "", "", "", "", "", "", "", "")), rank = 7L, fitted.values = structure(c(50.3546574164647, 
59.6849226016057, 74.3672766564977, 64.6181340224071, 76.0823426438814, 
55.1587645416384, 64.6041200576819, 76.3890155726778, 56.1599137100416, 
60.4676486668445, 56.3464020858065, 62.5179298467887, 69.2493166217581, 
75.2935265928609, 82.7377644896644, 78.9882648658551, 61.2475169812208, 
56.1440716043699, 44.1908284374018, 64.5418123483163, 65.3176485524215, 
41.7096915130343, 55.9622488311346, 75.8925550860167, 53.5246911131622, 
80.008695471343, 75.4402396691045), .Names = c("1", "2", "3", 
"4", "5", "6", "7", "9", "10", "11", "12", "13", "14", "15", 
"16", "17", "18", "20", "21", "22", "23", "24", "25", "27", "28", 
"29", "30")), assign = 1:7, qr = structure(list(qr = structure(c(-5.19615242270663, 
0.192450089729875, 0.192450089729875, 0.192450089729875, 0.192450089729875, 
0.192450089729875, 0.192450089729875, 0.192450089729875, 0.192450089729875, 
0.192450089729875, 0.192450089729875, 0.192450089729875, 0.192450089729875, 
0.192450089729875, 0.192450089729875, 0.192450089729875, 0.192450089729875, 
0.192450089729875, 0.192450089729875, 0.192450089729875, 0.192450089729875, 
0.192450089729875, 0.192450089729875, 0.192450089729875, 0.192450089729875, 
0.192450089729875, 0.192450089729875, -341.791359360259, -70.2329457353646, 
0.0940757185871527, -0.00559260554061164, 0.207982374733169, 
-0.119499261686628, 0.0513607225323965, 0.264935702806177, -0.0340692695771157, 
-0.147975925723132, -0.0483076015953678, -0.0198309375588637, 
0.279174034824429, 0.193744042714917, 0.378842358952194, 0.307650698860933, 
-0.0483076015953678, -0.0767842656318719, -0.333074241960409, 
-0.0340692695771157, 0.0371223905141445, -0.375789238015165, 
-0.13373759370488, 0.165267378678413, -0.0910225976501239, 0.307650698860933, 
0.264935702806177, -269.045225442366, 5.08783064118872, 65.7630644513563, 
0.345739758541464, 0.189444124273934, 0.103686803706707, -0.0730504574414274, 
-0.168521675551181, -0.281200855636522, 0.282669703619264, 0.00596994683253094, 
0.298376272142744, -0.242807021468015, 0.00522570152021649, 0.0887373833230205, 
0.140835928078864, -0.1765033016408, -0.179993650201573, 0.123127501619239, 
0.114157849389027, 0.168502032909293, -0.338291142405248, -0.0349133069286777, 
0.138590289314441, -0.242563240639737, 0.140835928078864, 0.0595698850404827, 
-291.754336030491, -37.5876144912945, -0.712735861142596, 50.3395535523854, 
-0.05879713905825, 0.115793090132425, -0.0270316127085946, -0.102669544291123, 
0.0485899529724626, -0.150314580840735, 0.250436585060906, 0.266887295251627, 
0.331201023428694, -0.223111482827193, -0.0682297171249566, -0.0524733880463489, 
-0.498790560572291, -0.103703651326144, 0.157364370592225, -0.175538374741754, 
0.126563896083769, -0.437727361425612, -0.000270130340437322, 
-0.259358950871996, 0.0526809160875256, -0.0922035775069828, 
0.0988558827286464, -328.319853079167, -33.1911339714365, -4.22757094385191, 
16.9383816387539, 31.4585691209702, 0.0991967768280735, -0.0499644861042291, 
0.0428943976139485, -0.141397872588153, 0.210181981785725, -0.122929333283518, 
0.119056616760624, 0.0749753914132238, -0.133912450286227, 0.571380173346784, 
-0.102342818382911, 0.529480352318612, -0.0968706220022567, 0.198300403391979, 
0.0390240582872773, -0.00899245193240151, 0.242257505448573, 
-0.252749288366323, -0.12268239746395, 0.158110590997873, -0.00767825443711807, 
0.18398069328789, -387.979380895428, -10.5506040255248, 4.00954074515722, 
-0.603520647456446, 22.5583507391233, 44.937344297013, 0.228918967426571, 
-0.126963556393146, -0.0190757820750182, 0.132857059939797, 0.147362486341378, 
0.323473161967165, 0.0414133030293505, 0.0625673230059546, 0.350431497621064, 
0.0496938602841558, -0.336311251449323, -0.00852107394053364, 
0.204554521380945, -0.0889455202764473, -0.0224190932703126, 
0.238921948043996, 0.132101014454712, 0.0366195868984706, -0.206067389096628, 
0.119842518300685, -0.0320474984469581, -217.276151305029, -8.12850554553101, 
9.03615659379842, 26.9897109703686, 11.0675910389334, 8.76696443614594, 
33.204722715134, 0.559985827068217, 0.0586343903107494, 0.204697035230712, 
-0.185197677137797, 0.15897690028093, 0.0441032770043902, 0.175079012736054, 
0.148931639181645, -0.456555246061396, -0.193832280848092, -0.186168601594629, 
-0.0896438774925448, 0.170305560369629, 0.0586196838694678, -0.0612700148341252, 
0.277573307940036, 0.0930217374839861, 0.0741128945957915, -0.223690692524176, 
0.0671237917517697), .Dim = c(27L, 7L), .Dimnames = list(c("1", 
"2", "3", "4", "5", "6", "7", "9", "10", "11", "12", "13", "14", 
"15", "16", "17", "18", "20", "21", "22", "23", "24", "25", "27", 
"28", "29", "30"), c("x1", "x2", "x3", "x4", "x5", "x6", "x7"
)), assign = 1:7), qraux = c(1.19245008972988, 1.00864572647764, 
1.35795597850417, 1.18712279548074, 1.06837875518969, 1.59920505122019, 
1.23682959704153), pivot = 1:7, tol = 1e-07, rank = 7L), .Names = c("qr", 
"qraux", "pivot", "tol", "rank"), class = "qr"), df.residual = 20L, 
    xlevels = structure(list(), .Names = character(0)), call = quote(lm(formula = y ~ 
        . + 0, data = structure(list(y = c(43, 63, 71, 61, 81, 
        43, 58, 72, 67, 64, 67, 69, 68, 77, 81, 74, 65, 50, 50, 
        64, 53, 40, 63, 78, 48, 85, 82), x1 = c(1, 1, 1, 1, 1, 
        1, 1, 1, 1, 1, 1, 1, 1, 1, 1, 1, 1, 1, 1, 1, 1, 1, 1, 
        1, 1, 1, 1), x2 = c(51, 64, 70, 63, 78, 55, 67, 82, 61, 
        53, 60, 62, 83, 77, 90, 85, 60, 58, 40, 61, 66, 37, 54, 
        75, 57, 85, 82), x3 = c(58, 66, 30, 30, 42, 45, 58, 66, 
        71, 33, 52, 33, 71, 54, 50, 46, 64, 64, 42, 45, 42, 72, 
        54, 45, 68, 46, 51), x4 = c(39, 54, 69, 47, 66, 44, 56, 
        67, 47, 58, 39, 42, 45, 72, 72, 69, 75, 54, 34, 62, 50, 
        58, 48, 74, 45, 71, 59), x5 = c(61, 63, 76, 54, 71, 54, 
        66, 71, 62, 58, 59, 55, 59, 79, 60, 79, 55, 64, 43, 66, 
        63, 50, 66, 80, 51, 77, 64), x6 = c(92, 73, 86, 84, 83, 
        49, 68, 83, 80, 67, 74, 63, 77, 77, 54, 79, 80, 78, 64, 
        80, 80, 57, 75, 78, 83, 74, 78), x7 = c(45, 47, 48, 35, 
        47, 34, 35, 31, 41, 34, 41, 25, 35, 46, 36, 63, 60, 52, 
        33, 41, 37, 49, 33, 49, 38, 55, 39)), .Names = c("y", 
        "x1", "x2", "x3", "x4", "x5", "x6", "x7"),