
expected <- structure(list(coefficients = structure(c(17.7580083606843, -0.0572479173566901, 
0.0802689614234261, 0.498463895128899, 0.468667338357068, 0.131864029543312, 
-0.51227408096928), .Names = c("x1", "x2", "x3", "x4", "x5", 
"x6", "x7")), residuals = structure(c(-9.12172126546033, 2.64811256091763, 
-4.28584564745926, 0.666707170399376, 10.5711720265246, -11.7125225327208, 
-10.0928445890822, 3.42469996313962, -8.52247638160096, 7.89241908409234, 
-2.43205854749708, 14.4892576881747, 8.74748559788301, 4.70835719779505, 
0.0987542159620629, 9.86069134368286, 4.63344591851831, 2.59970677329349, 
-3.24861813541873, -10.2258289471512, 4.62226142064858, -5.87981018658374, 
-10.968858580276, -12.2817784988003, -1.96501936701568, 1.45395040307518, 
14.3203613149595), .Names = c("1", "2", "3", "4", "5", "6", "7", 
"8", "9", "10", "11", "12", "13", "14", "15", "16", "17", "18", 
"19", "20", "21", "22", "23", "24", "25", "26", "30")), effects = structure(c(-332.553755053224, 
1.66960639202584, -19.9479899483541, 25.9708383153131, 12.2868715404168, 
2.70691550875154, -21.9716755829721, 8.40408832372963, -4.59185862441096, 
9.50180426177976, -1.78552948498166, 17.3136177428525, 13.1746305496321, 
6.52069738170511, 5.39972199350973, 11.1278145664475, 6.85306884928575, 
-6.12813683555741, 1.09036162240743, -10.2656612478622, 3.13317446675656, 
-5.23781035735806, -8.90584309624643, -15.503671655526, 3.00666213999279, 
8.43983268135478, 14.7459099745453), .Names = c("x1", "x2", "x3", 
"x4", "x5", "x6", "x7", "", "", "", "", "", "", "", "", "", "", 
"", "", "", "", "", "", "", "", "", "")), rank = 7L, fitted.values = structure(c(52.1217212654603, 
60.3518874390824, 75.2858456474593, 60.3332928296006, 70.4288279734754, 
54.7125225327208, 68.0928445890822, 67.5753000368604, 80.522476381601, 
59.1075809159077, 66.4320585474971, 52.5107423118253, 60.252514402117, 
63.291642802205, 76.9012457840379, 71.1393086563171, 69.3665540814817, 
62.4002932267065, 68.2486181354187, 60.2258289471512, 45.3777385793514, 
69.8798101865837, 63.968858580276, 52.2817784988003, 64.9650193670157, 
64.5460495969248, 67.6796386850405), .Names = c("1", "2", "3", 
"4", "5", "6", "7", "8", "9", "10", "11", "12", "13", "14", "15", 
"16", "17", "18", "19", "20", "21", "22", "23", "24", "25", "26", 
"30")), assign = 1:7, qr = structure(list(qr = structure(c(-5.19615242270663, 
0.192450089729875, 0.192450089729875, 0.192450089729875, 0.192450089729875, 
0.192450089729875, 0.192450089729875, 0.192450089729875, 0.192450089729875, 
0.192450089729875, 0.192450089729875, 0.192450089729875, 0.192450089729875, 
0.192450089729875, 0.192450089729875, 0.192450089729875, 0.192450089729875, 
0.192450089729875, 0.192450089729875, 0.192450089729875, 0.192450089729875, 
0.192450089729875, 0.192450089729875, 0.192450089729875, 0.192450089729875, 
0.192450089729875, 0.192450089729875, -345.255460975396, 67.6806225345679, 
-0.173667332679768, 0.284366279291912, -0.217993166096382, 0.195714612458683, 
0.284366279291912, 0.491220168569444, -0.188442610485306, -0.0702403880410016, 
0.240040445875298, -0.217993166096382, -0.0702403880410016, 0.151388779042069, 
-0.173667332679768, 0.180939334653145, 0.240040445875298, 0.121838223430993, 
-0.0997909436520777, 0.121838223430993, 0.092287667819917, 0.151388779042069, 
0.00363600098668863, 0.107062945625455, 0.00363600098668863, 
-0.0702403880410016, 0.284366279291912, -273.471577506153, 3.56740874127048, 
-62.4145006482388, -0.0575335150776538, 0.10776808235996, 0.00462365644715576, 
-0.105599268529847, 0.0270805734138248, 0.364762267353251, -0.0652555140567793, 
0.0696765775891374, -0.0364291779966196, 0.127007499751993, 0.548403612366288, 
0.0766894965975553, 0.0203238243070899, 0.245917673580512, 0.259365591738202, 
-0.0498770961543088, 0.307431345190395, -0.253979278333453, 0.0517241600269582, 
0.0485066604523226, -0.10946026801941, -0.111712517721655, 0.271204760108573, 
-0.15366502198204, -288.867584684543, -2.14405697933691, -25.6442755595603, 
51.5974095203743, -0.197822210371066, 0.186459536472425, -0.110558013603919, 
0.00366772922157269, -0.0539285722847401, 0.0697188767044703, 
-0.0415133589502908, 0.234760966216037, 0.287554843390154, 0.506671106636917, 
-0.331214500784938, -0.347141686065225, -0.1438481356929, -0.25818320036774, 
-0.116043599627263, 0.179046945584233, 0.21191337641696, -0.135210147215643, 
0.087199901216546, -0.161511369672688, 0.0251849729310538, -0.0287434255674145, 
-0.198933436667288, -333.131105322414, 12.7165890979664, -18.7575936336024, 
23.1496585770466, 38.7711363932366, 0.0676454552899469, -0.135271792411475, 
-0.300181330000558, 0.11264862024048, -0.0211679866266917, 0.139834852084036, 
0.00805121026657687, 0.125852178103667, 0.0535349207481816, -0.0804954758484424, 
0.280363539101228, -0.232206444004334, 0.506154917291748, -0.215439324464661, 
0.011745911527667, 0.216498091134639, 0.0120916582485089, -0.0152362609391348, 
0.36259029165913, -0.143950168605862, -0.432267968913528, -0.0528082895916712, 
-386.439780177589, 23.8850574214192, -8.0028829179919, 5.35020780861961, 
15.8154280571345, 42.9301957256999, 0.0497651768155609, 0.0821220446599663, 
0.0086248598364369, -0.0187801129612567, 0.0621532930351494, 
0.234762027781012, 0.414531898091125, 0.120482397136481, 0.0846165054067465, 
0.283884304846817, -0.0773747316419953, -0.29012443839748, -0.0876773415676181, 
0.0109105205685137, 0.168604229310775, -0.170335771850381, -0.034438043078047, 
0.236583201709358, 0.0758762668928909, 0.263594097384644, -0.237535363614168, 
-220.547802830437, 5.43237713983615, -15.0135773741283, 22.0655244183034, 
15.5568671668248, 5.76650898115505, 42.8904689876154, 0.148620788435865, 
0.398340764754593, -0.00994874075779975, 0.186209802059279, -0.140393091219849, 
0.184739502799932, 0.0285243166286838, 0.183297114429328, 0.225914732610949, 
-0.19651754815227, -0.320039257083351, 0.0805328500444307, -0.22211127550356, 
-0.101757710783223, 0.157061681946252, 0.110926229889702, -0.262504847689227, 
0.222930549676168, -0.421623440988149, 0.200353259704353), .Dim = c(27L, 
7L), .Dimnames = list(c("1", "2", "3", "4", "5", "6", "7", "8", 
"9", "10", "11", "12", "13", "14", "15", "16", "17", "18", "19", 
"20", "21", "22", "23", "24", "25", "26", "30"), c("x1", "x2", 
"x3", "x4", "x5", "x6", "x7")), assign = 1:7), qraux = c(1.19245008972988, 
1.13661350123653, 1.30099634604112, 1.09410231708898, 1.06870404728283, 
1.55950546868823, 1.25390972041107), pivot = 1:7, tol = 1e-07, 
    rank = 7L), .Names = c("qr", "qraux", "pivot", "tol", "rank"
), class = "qr"), df.residual = 20L, xlevels = structure(list(), .Names = character(0)), 
    call = quote(lm(formula = y ~ . + 0, data = structure(list(y = c(43, 
        63, 71, 61, 81, 43, 58, 71, 72, 67, 64, 67, 69, 68, 77, 
        81, 74, 65, 65, 50, 50, 64, 53, 40, 63, 66, 82), x1 = c(1, 
        1, 1, 1, 1, 1, 1, 1, 1, 1, 1, 1, 1, 1, 1, 1, 1, 1, 1, 
        1, 1, 1, 1, 1, 1, 1, 1), x2 = c(90, 61, 82, 51, 85, 57, 
        51, 37, 83, 75, 54, 85, 75, 60, 82, 58, 54, 62, 77, 62, 
        64, 60, 70, 63, 70, 75, 51), x3 = c(30, 51, 68, 45, 56, 
        49, 42, 50, 72, 45, 53, 47, 57, 83, 54, 50, 64, 65, 46, 
        68, 33, 52, 52, 42, 42, 66, 39), x4 = c(39, 54, 69, 47, 
        66, 44, 56, 55, 67, 47, 58, 39, 42, 45, 72, 72, 69, 75, 
        57, 54, 34, 62, 50, 58, 48, 63, 59), x5 = c(61, 63, 76, 
        54, 71, 54, 66, 70, 71, 62, 58, 59, 55, 59, 79, 60, 79, 
        55, 75, 64, 43, 66, 63, 50, 66, 88, 64), x6 = c(92, 73, 
        86, 84, 83, 49, 68, 66, 83, 80, 67, 74, 63, 77, 77, 54, 
        79, 80, 85, 78, 64, 80, 80, 57, 75, 76, 78), x7 = c(45, 
        47, 48, 35, 47, 34, 35, 41, 31, 41, 34, 41, 25, 35, 46, 
        36, 63, 60, 46, 52, 33, 41, 37, 49, 33, 72, 39)), .Names = c("y", 
        "x1", "x2", "x3", "x4", "x5", "x6", "x7"),