
expected <- structure(list(coefficients = structure(c(13.3923570257791, 0.593181757548458, 
-0.0488960118309123, 0.0166888426255661, 0.219874153574143, 0.0419092369179023, 
-0.0951656780986672), .Names = c("x1", "x2", "x3", "x4", "x5", 
"x6", "x7")), residuals = structure(c(0.664339752170471, 2.86210680646523, 
-0.826865348635865, -12.4974807842711, -8.01382329926551, 0.20694055161856, 
-3.80367398098243, 5.42258016725936, 8.7846468633488, 6.95787646019722, 
8.11169811947538, -4.53832510372236, 3.7027192369647, 3.40152743565007, 
-2.28679813328136, 8.65803713020549, -4.44255258678032, -8.01575134746256, 
4.31272084710958, 1.76853373740021, -11.467816551124, -2.74017458989156, 
4.46417617362528, -6.25662334887621, 5.52427095129442, -8.91242101760055, 
8.96013185910905), .Names = c("2", "3", "4", "6", "7", "8", "9", 
"10", "11", "12", "13", "14", "15", "16", "17", "18", "19", "20", 
"21", "22", "23", "24", "25", "26", "27", "28", "29")), effects = structure(c(-333.516005501874, 
-45.8271796854879, -2.82732660593055, 1.07635608987005, -6.37780089558785, 
1.90357012575694, -3.91910034544719, 7.39462242993578, 5.79324690799465, 
9.20037078717988, 9.39372495522223, -7.25753663162523, 0.313823786847814, 
-0.6281585740986, -4.58848920000331, 4.3355339001028, -1.38515982452046, 
-4.08963030339172, 6.67138715865896, 6.69653422662973, -14.4144592603845, 
-4.4015455113867, 3.25393634242216, -7.02416231792179, 10.7318890255839, 
-13.3575958724254, 6.50494612713818), .Names = c("x1", "x2", 
"x3", "x4", "x5", "x6", "x7", "", "", "", "", "", "", "", "", 
"", "", "", "", "", "", "", "", "", "", "", "")), rank = 7L, 
    fitted.values = structure(c(62.3356602478295, 68.1378931935348, 
    61.8268653486359, 55.4974807842711, 66.0138232992655, 70.7930594483814, 
    75.8036739809824, 61.5774198327406, 55.2153531366512, 60.0421235398028, 
    60.8883018805246, 72.5383251037224, 73.2972807630353, 77.5984725643499, 
    76.2867981332814, 56.3419628697945, 69.4425525867803, 58.0157513474626, 
    45.6872791528904, 62.2314662625998, 64.467816551124, 42.7401745898916, 
    58.5358238263747, 72.2566233488762, 72.4757290487056, 56.9124210176006, 
    76.0398681408909), .Names = c("2", "3", "4", "6", "7", "8", 
    "9", "10", "11", "12", "13", "14", "15", "16", "17", "18", 
    "19", "20", "21", "22", "23", "24", "25", "26", "27", "28", 
    "29")), assign = 1:7, qr = structure(list(qr = structure(c(-5.19615242270663, 
    0.192450089729875, 0.192450089729875, 0.192450089729875, 
    0.192450089729875, 0.192450089729875, 0.192450089729875, 
    0.192450089729875, 0.192450089729875, 0.192450089729875, 
    0.192450089729875, 0.192450089729875, 0.192450089729875, 
    0.192450089729875, 0.192450089729875, 0.192450089729875, 
    0.192450089729875, 0.192450089729875, 0.192450089729875, 
    0.192450089729875, 0.192450089729875, 0.192450089729875, 
    0.192450089729875, 0.192450089729875, 0.192450089729875, 
    0.192450089729875, 0.192450089729875, -343.908310347287, 
    -67.2761032913922, -0.0421028710864252, -0.16101582247051, 
    0.0173536046056173, 0.136266555989702, 0.240315388450777, 
    -0.0718311089324464, -0.190744060316531, -0.0866952278554571, 
    -0.0569669900094358, 0.255179507373787, 0.165994793835724, 
    0.359228339834862, 0.284907745219808, -0.0866952278554571, 
    0.0619459613746492, -0.116423465701478, -0.38397760631567, 
    -0.0718311089324464, 0.00248948568260667, -0.428569963084701, 
    -0.175879941393521, 0.165994793835724, 0.136266555989702, 
    -0.131287584624489, 0.284907745219808, -282.709181813187, 
    -36.8030079304512, 46.9047665572452, -0.0611248653510839, 
    0.270548232368535, 0.221612896213294, -0.141002445516607, 
    0.115371580928528, -0.176809800349899, 0.0575291134291201, 
    -0.125263079326525, -0.360317310932056, 0.166739472495275, 
    0.44965606351628, 0.0751645466608243, -0.326227193683757, 
    0.230877686470715, -0.420592333842968, 0.0519486847795985, 
    -0.0338669829487023, 0.0421474061522932, -0.185538102237438, 
    0.0729108207059471, -0.0890980655799771, 0.0510545374964592, 
    0.0758798644873358, -0.0740740172164058, -307.72769347807, 
    -8.50062445519285, -8.66208327008368, -62.3969098911203, 
    -0.169010169471492, 0.0432779314264559, 0.202167423025093, 
    0.0803567156063367, -0.288796299120392, 0.160633226348933, 
    0.183352098669995, 0.218808255181119, -0.371998328346667, 
    0.115599154550094, -0.0831597336553859, -0.0959719750600545, 
    0.0370185059486758, 0.266702319583299, 0.148040279549859, 
    0.236098401190752, -0.215245419654252, -0.217494007696837, 
    -0.360968469185908, -0.217197624322781, 0.221268429237216, 
    -0.231490287559074, -0.055629525433546, -335.440506399173, 
    -38.1446322939837, 2.79399501774129, 15.7120715057326, -37.0267213598912, 
    0.057885976885234, -0.0734523355266825, 0.0937547417120722, 
    -0.0995490537748049, 0.0510714081364581, -0.132753508511053, 
    -0.466696274312549, 0.0695711224339992, -0.403787520869378, 
    0.0195551688105632, -0.268369964466746, 0.286854048779761, 
    0.14424078091909, -0.0111324253552537, 0.229907240187538, 
    -0.120279130167212, 0.0143441919556896, 0.131976425846701, 
    0.312407634311001, 0.360101095786144, -0.27297243905002, 
    -0.0616986467785965, -382.975678562452, -12.3443755040988, 
    11.0852083455286, 6.7813634601394, -14.207347454519, 43.7095935340026, 
    -0.202061621871841, -0.217958421444131, 0.191579341365953, 
    -0.135546431163824, 0.101418671834091, -0.104233244647563, 
    0.215235831873796, 0.543049337299569, 0.0745483420720736, 
    -0.169413694971231, -0.219064275896089, -0.293225461934522, 
    -0.0645510446123143, -0.288514429235047, -0.0423847297536263, 
    0.266470549911619, 0.0781578792624815, 0.177499973309048, 
    -0.111082965997802, -0.187996706731201, 0.16575093053217, 
    -222.664753817466, -13.9386898893224, 15.4279398067065, 17.0354682919542, 
    -24.7866380045611, -0.753784517574079, 41.1818674941179, 
    -0.0279444348024746, 0.343619800134413, -0.0643847176493783, 
    0.338013130090803, 0.181145122575063, 0.14786509989539, -0.115303394466854, 
    -0.338934578436715, -0.342250737407719, -0.0456336989976605, 
    -0.123928664713577, -0.0122655623762665, 0.0237178098902319, 
    0.196940133307726, -0.103976476415018, 0.385977377879087, 
    -0.333332370876746, -0.0608608418380184, 0.0423063796720228, 
    -0.119372840680311), .Dim = c(27L, 7L), .Dimnames = list(
        c("2", "3", "4", "6", "7", "8", "9", "10", "11", "12", 
        "13", "14", "15", "16", "17", "18", "19", "20", "21", 
        "22", "23", "24", "25", "26", "27", "28", "29"), c("x1", 
        "x2", "x3", "x4", "x5", "x6", "x7")), assign = 1:7), 
        qraux = c(1.19245008972988, 1.06194596137465, 1.14577733656893, 
        1.19170806620729, 1.02174711096002, 1.23021884601395, 
        1.33937963774032), pivot = 1:7, tol = 1e-07, rank = 7L), .Names = c("qr", 
    "qraux", "pivot", "tol", "rank"), class = "qr"), df.residual = 20L, 
    xlevels = structure(list(), .Names = character(0)), call = quote(lm(formula = y ~ 
        . + 0, data = structure(list(y = c(63, 71, 61, 43, 58, 
        71, 72, 67, 64, 67, 69, 68, 77, 81, 74, 65, 65, 50, 50, 
        64, 53, 40, 63, 66, 78, 48, 85), x1 = c(1, 1, 1, 1, 1, 
        1, 1, 1, 1, 1, 1, 1, 1, 1, 1, 1, 1, 1, 1, 1, 1, 1, 1, 
        1, 1, 1, 1), x2 = c(64, 70, 63, 55, 67, 75, 82, 61, 53, 
        60, 62, 83, 77, 90, 85, 60, 70, 58, 40, 61, 66, 37, 54, 
        77, 75, 57, 85), x3 = c(51, 68, 45, 49, 42, 50, 72, 45, 
        53, 47, 57, 83, 54, 50, 64, 65, 46, 68, 33, 52, 52, 42, 
        42, 66, 58, 44, 71), x4 = c(62, 48, 72, 71, 54, 66, 69, 
        67, 39, 71, 69, 66, 39, 74, 55, 48, 66, 69, 71, 74, 47, 
        44, 39, 44, 74, 47, 54), x5 = c(63, 76, 54, 54, 66, 70, 
        71, 62, 58, 59, 55, 59, 79, 60, 79, 55, 75, 64, 43, 66, 
        63, 50, 66, 88, 80, 51, 77),