
expected <- structure(list(coefficients = structure(c(-0.848267300931946, 
0.542906982208488, -0.0180237526504508, 0.512110452092989, 0.122335534565541, 
0.146508506388908, -0.408837830603152), .Names = c("x1", "x2", 
"x3", "x4", "x5", "x6", "x7")), residuals = structure(c(-4.60861496705221, 
2.0537165071885, -1.70338427254801, 0.613543532399042, 3.4014791698491, 
-8.68375047946492, -8.45734267381519, 1.71059130656231, 7.14930734437557, 
3.06245558716277, 9.34224947044954, -2.3307458776922, -4.28588504144, 
-0.907700066424728, 2.43637826176606, -2.96170938482741, -4.53024671090727, 
11.78295205609, -2.05307194471371, -12.3234280340217, -2.50108833028186, 
5.84772582405163, 1.05677559204646, 0.698566951622449, -6.72279044510227, 
7.44235101868472, 6.07655194196715), .Names = c("1", "2", "3", 
"4", "5", "6", "7", "8", "10", "11", "13", "14", "16", "17", 
"18", "19", "20", "21", "22", "23", "24", "25", "26", "27", "28", 
"29", "30")), effects = structure(c(-212.628391515137, -259.530038946965, 
-3.87616325155655, 17.5833218453151, 1.74819658255748, 7.32843694883136, 
-14.1099537864704, 3.45940876424461, 3.829545220163, 3.01620245189897, 
10.6933034416782, -2.84063601987591, -2.71924417079567, -0.173228513662333, 
-0.193404693763687, -1.23031152725882, -4.03998881328046, 11.4701552384462, 
-0.916049973436433, -14.1670067987441, -2.43797211579784, 9.36103409431404, 
2.19754221832852, 4.87658162364306, -8.55304643131234, 10.5118953309841, 
7.06305915546), .Names = c("x1", "x2", "x3", "x4", "x5", "x6", 
"x7", "", "", "", "", "", "", "", "", "", "", "", "", "", "", 
"", "", "", "", "", "")), rank = 7L, fitted.values = structure(c(47.6086149670522, 
60.9462834928115, 72.703384272548, 60.386456467601, 77.5985208301509, 
51.6837504794649, 66.4573426738152, 69.2894086934377, 59.8506926556244, 
60.9375444128372, 59.6577505295505, 70.3307458776922, 85.28588504144, 
74.9077000664247, 62.5636217382339, 67.9617093848274, 54.5302467109073, 
38.21704794391, 66.0530719447137, 65.3234280340217, 42.5010883302819, 
57.1522741759484, 64.9432244079535, 77.3014330483775, 54.7227904451023, 
77.5576489813153, 75.9234480580328), .Names = c("1", "2", "3", 
"4", "5", "6", "7", "8", "10", "11", "13", "14", "16", "17", 
"18", "19", "20", "21", "22", "23", "24", "25", "26", "27", "28", 
"29", "30")), assign = 1:7, qr = structure(list(qr = structure(c(-6.9603081933578, 
-0.0471870720667175, 0.285072707190772, 0.284257748437166, -0.140775265469525, 
-0.0490533715312467, 0.265236949186153, 0.0278107008589104, -0.157872611210788, 
-0.0686430347687824, 0.0374838121305795, 0.0794620496286674, 
0.0135391361639364, 0.153008040244663, 0.197554603594554, 0.207450638894704, 
0.234456416891043, 0.247540125124505, 0.154185379087528, -0.0884895704349144, 
0.163711631106018, 0.264157941078672, 0.0673848495329367, 0.245391167259191, 
0.226671366210037, 0.244738434754418, 0.240333436674418, -219.431022151519, 
-271.670805419978, 0.047154828801215, 0.0219901508015441, 0.391066705789431, 
0.238674024406529, 0.0507596297530995, 0.255532795229874, 0.341116388012728, 
0.245778023907095, 0.200537721779671, 0.246838620200817, 0.321285415654529, 
0.199890946113883, 0.0749727083773411, 0.104474305129101, 0.0403609700342744, 
-0.0355572626022872, 0.110679336018609, 0.308285591826368, 0.015302529070959, 
0.00370438405751169, 0.233671391487866, 0.0948620134919822, 0.0424288610328183, 
0.132153274443057, 0.12436333807814, -174.198531993189, -212.357886517304, 
-57.3236381026315, -0.047828555071702, -0.103681935311196, 0.0978796097425472, 
-0.156762357201655, -0.150413320478337, -0.0648565818938393, 
0.193037987207364, 0.150414966385433, 0.321068473973256, -0.356934645438098, 
-0.030346878043355, 0.33338372476348, -0.133800482896457, 0.416766907169726, 
0.0536184505054834, 0.0885759535157928, -0.00414246548729686, 
0.243226322195575, 0.0208731490406401, 0.105330199932718, 0.0109820423311974, 
0.0109827309258333, 0.100973069750957, -0.416685160356783, -193.458019560755, 
-219.001482078279, -20.082554946094, 48.2290006322424, -0.127838414320173, 
0.0550125158957636, -0.0560638333704268, 0.0584195693752866, 
-0.00533615743232244, -0.226458497634509, 0.256449877917344, 
0.639746213031242, -0.143786055163541, 0.018841679998897, -0.342650281712611, 
-0.025786824945999, 0.106436233678286, 0.0430286731411807, -0.183338267995702, 
0.0594138141955088, -0.428790549121768, -0.023604632776482, 0.0580540126788382, 
-0.216338849069904, 0.0774408536595237, 0.0583846130635142, 0.00406238037520596, 
-221.603568539949, -249.391178923757, -16.6563050633922, 20.5783558951767, 
41.1217345896989, -0.0882430279041089, 0.0346155670406189, -0.0842350766517955, 
-0.230866001480722, -0.0137968101119709, -0.0208323905322688, 
0.19287489773793, 0.544204342610167, 0.0671147961049923, 0.497476782984929, 
-0.158545430824259, -0.0149920945561678, -0.0102758205579083, 
0.0229676951701854, -0.122963433993166, 0.0998584892942125, -0.211112329545729, 
-0.351332369854219, 0.0407039336045715, 0.129496987242545, 0.192079636653673, 
0.264744306030706, -268.719765082572, -272.243265746862, -25.4590762344124, 
14.7430889967674, 38.5010375864859, 59.7698835396097, 0.237775919437809, 
0.208558536693304, -0.350286097830354, -0.166247143852013, 0.0655561818416931, 
0.120050885241318, 0.34551553876354, 0.262511013397472, -0.168005933950587, 
0.0370187708178418, 0.0437286537594141, -0.117634418048078, -0.077872755480841, 
-0.237664183300703, -0.0452889707704397, 0.0518891452702021, 
0.311679439279624, 0.264695939856553, -0.243788464998981, 0.411691296134385, 
0.114342966979593, -154.119606862761, -163.103197872198, -27.254731215571, 
28.8444578928755, 21.825725615437, 3.49370657184203, 34.5123487365497, 
0.0797764243717243, -0.00841759304834896, 0.306552887478256, 
0.264735730269741, -0.0497197497386417, 0.136973951837592, -0.295805137058071, 
-0.295052321315207, 0.121209454435823, -0.164670976114934, -0.0627568497334463, 
0.249240893511906, 0.126036794420509, -0.134421786438372, 0.361886186615695, 
-0.445120980941718, 0.261577368300232, -0.0463983544297011, -0.0726647847684769, 
0.0788473957120127), .Dim = c(27L, 7L), .Dimnames = list(c("1", 
"2", "3", "4", "5", "6", "7", "8", "10", "11", "13", "14", "16", 
"17", "18", "19", "20", "21", "22", "23", "24", "25", "26", "27", 
"28", "29", "30"), c("x1", "x2", "x3", "x4", "x5", "x6", "x7"
)), assign = 1:7), qraux = c(1.34802062172505, 1.27042419820702, 
1.25777567710255, 1.11950303082342, 1.01223850538128, 1.14415731844212, 
1.28412252832472), pivot = 1:7, tol = 1e-07, rank = 7L), .Names = c("qr", 
"qraux", "pivot", "tol", "rank"), class = "qr"), df.residual = 20L, 
    xlevels = structure(list(), .Names = character(0)), call = quote(lm(formula = y ~ 
        . + 0, data = structure(list(y = c(43, 63, 71, 61, 81, 
        43, 58, 71, 67, 64, 69, 68, 81, 74, 65, 65, 50, 50, 64, 
        53, 40, 63, 66, 78, 48, 85, 82), x1 = c(2.42233078485034, 
        -0.328436564326539, 1.98419389956262, 1.97852153547265, 
        -0.979839233669655, -0.341426583780761, 1.84613091060161, 
        0.193571049051297, -1.09884202931724, -0.477776677318101, 
        0.260898884690757, 0.553080355091418, 0.0942365603728335, 
        1.06498311616455, 1.37504092603473, 1.44392038161612, 
        1.63188891947204, 1.72295556108891, 1.0731777573589, 
        -0.615914682124847, 1.13948340733519, 1.83862068163041, 
        0.469019320312282, 1.70799815205178, 1.57770256743133, 
        1.70345493265074, 1.67279478842279), x2 = c(51, 64, 70, 
        63, 78, 55, 67, 75, 61, 53, 62, 83, 90, 85, 60, 70, 58, 
        40, 61, 66, 37, 54, 77, 75, 57, 85, 82), x3 = c(30, 51, 
        68, 45, 56, 49, 42, 50, 45, 53, 57, 83, 50, 64, 65, 46, 
        68, 33, 52, 52, 42, 42, 66, 58, 44, 71, 39), x4 = c(39, 
        54, 69, 47, 66, 44, 56, 55, 47, 58, 42, 45, 72, 69, 75, 
        57, 54, 34, 62, 50, 58, 48, 63, 74, 45, 71, 59),