
expected <- structure(list(coefficients = structure(c(-3.90348036866845, 
0.441308656303218, -0.00438924062572547, 0.370567925798013, -0.228262023333546, 
0.461086325599496, -0.0425560074332906), .Names = c("x1", "x2", 
"x3", "x4", "x5", "x6", "x7")), residuals = structure(c(-12.1272385238239, 
-0.851173879006068, -10.5792212225381, 4.07038194797748, 6.12258784850739, 
-18.1115244232888, -1.16158692714024, 16.2744849287422, 7.75168725229365, 
3.65097677659788, 1.50643230896439, 11.6805311885425, 2.59120167740942, 
-3.80941033086121, 14.1785400303121, 14.8489762618841, 11.1227855421294, 
-2.7458732567373, -4.43127361286445, -7.11296351215718, -4.14575666970363, 
7.93634413275834, -23.4585967546999, -21.0263807401035, 7.74194368233623, 
0.457098533655097, 7.20130931133708), .Names = c("1", "2", "3", 
"4", "5", "6", "7", "8", "9", "10", "11", "12", "13", "14", "15", 
"16", "17", "18", "19", "20", "21", "22", "23", "24", "25", "26", 
"30")), effects = structure(c(-253.046151723428, -211.858444258391, 
-27.5442035512259, -26.798760579254, -5.32105150649021, 25.1543449897796, 
-2.18599272185322, 14.3305499253317, 16.952696846203, 8.77386122949755, 
-2.97135731976508, 13.4281021230117, 6.01294930215562, -1.80284626566242, 
10.3993621709396, 10.9082064764773, 21.9535289753367, -3.5855169104597, 
-10.5512707387753, -1.28480142072246, -0.903288071662655, 3.72424786133425, 
-24.7221114651069, -22.4852860532534, 10.2292763063182, 3.64291319739716, 
8.14689947637545), .Names = c("x1", "x2", "x3", "x4", "x5", "x6", 
"x7", "", "", "", "", "", "", "", "", "", "", "", "", "", "", 
"", "", "", "", "", "")), rank = 7L, fitted.values = structure(c(55.1272385238239, 
63.8511738790061, 81.5792212225381, 56.9296180520225, 74.8774121514926, 
61.1115244232888, 59.1615869271402, 54.7255150712578, 64.2483127477064, 
63.3490232234021, 62.4935676910356, 55.3194688114575, 66.4087983225906, 
71.8094103308612, 62.8214599696879, 66.1510237381159, 62.8772144578706, 
67.7458732567373, 69.4312736128644, 57.1129635121572, 54.1457566697036, 
56.0636558672417, 76.4585967546999, 61.0263807401035, 55.2580563176638, 
65.5429014663449, 74.7986906886629), .Names = c("1", "2", "3", 
"4", "5", "6", "7", "8", "9", "10", "11", "12", "13", "14", "15", 
"16", "17", "18", "19", "20", "21", "22", "23", "24", "25", "26", 
"30")), assign = 1:7, qr = structure(list(qr = structure(c(-7.36854108692347, 
0.106489416637969, 0.148489745967972, 0.296165142229122, 0.217180684501167, 
0.156071463499482, 0.146019041067413, 0.281859402401777, -0.0201464160485836, 
0.0757556083269792, -0.0791131205402285, 0.120090605256044, 0.109718145865195, 
0.104724459359306, 0.301985119977039, 0.175373075125805, 0.150676578151043, 
0.189743310792948, 0.187529615270703, 0.319413938477863, 0.372635929269159, 
-0.131387847915862, 0.0669518237243987, 0.114489545216222, -0.00167723747892651, 
0.337075823494234, 0.055909791660972, -270.456400182021, -205.132483045915, 
0.173128500365583, -0.0816784023321078, 0.132832672053688, 0.0560524740011032, 
0.112957623682432, -0.0728835126750618, 0.284485630257386, 0.208915775041556, 
0.424298489783955, 0.170943429056891, 0.233138344467793, 0.268861104674603, 
-0.0940978012005414, 0.0797805680042689, 0.0971702109712639, 
0.0221530883404165, 0.0493972176265243, -0.0484423917353002, 
-0.161308722993722, 0.350690736441212, 0.312951285254278, 0.119705364164806, 
0.182545459593999, -0.0615878889490242, 0.332140089999645, -218.749152648937, 
-192.728577379196, -71.564681769456, -0.0938205266397154, -0.0542791209104122, 
0.250027829858076, -0.139359319036879, -0.226551508510925, 0.445675898793559, 
0.140855343202363, -0.323805946818386, -0.300092521557983, -0.032207796412738, 
-0.114126212150094, -0.106137271592023, -0.127074315705297, 0.420121298452319, 
0.152887452311321, -0.082286373851829, -0.0621797745781392, -0.0469363088523982, 
0.069793462158352, -0.255508384811343, -0.0306473631791824, 0.302859632059961, 
-0.0818256494895554, -0.133474477345506, -247.47768559097, -173.702748100177, 
-39.6981077677907, -62.9460934184205, -0.0332849217665006, 0.201575947595877, 
0.0902436866134053, 0.155778772141266, 0.13538508908572, -0.0902913829848961, 
0.101487525018378, 0.427415425835138, -0.35136525675938, -0.174979927863916, 
0.20333194309258, 0.0530602230342859, -0.215850721450911, 0.261036898263156, 
0.179407549687481, -0.175794783484577, -0.242807167113085, 0.259902979450606, 
0.0403543791035506, 0.38697735535049, 0.164487875995962, -0.00565762828319953, 
-0.10342332253909, -276.041478778255, -199.709059922712, -21.0092097873064, 
-38.5068424406568, 73.8392142974447, -0.218558553609398, -0.120332274368441, 
0.0403984985211398, -0.187537674761746, -0.204247662335404, 0.0761870094989796, 
0.0591264112975585, -0.00536910046249357, 0.118274912264171, 
0.29275527487413, 0.165814300587669, -0.331482501293867, 0.273592270739753, 
0.319856029137053, -0.0653305395684565, 0.0322334248465661, -0.184153893836113, 
-0.0456067339680278, 0.157502965377994, -0.269967328828863, 0.140871555746513, 
0.142808503801047, -308.45753940625, -235.958165008649, -39.9539702111103, 
-29.3737582489251, 26.3741883331024, 56.5681494276295, -0.0101305739695682, 
-0.124250633407641, 0.424761945185845, 0.12630325594152, 0.0158209798377309, 
0.500230545145312, 0.0483907302946344, 0.145631346743758, -0.23409460871954, 
-0.29134160908664, 0.203557633344297, -0.110103219846398, -0.379688159970764, 
0.202816630328941, -0.104317193033036, -0.219746227520913, 0.0180633207178981, 
0.0801641658248722, -0.0641445538277895, 0.11942249602957, 0.142009515284652, 
-176.439491045127, -126.941428365387, -11.25932402411, -30.1069406067008, 
14.7368298061918, 21.8172528808017, 51.3674297402056, -0.140546913763419, 
0.0273254070793698, 0.0276207933399173, 0.0896890181288413, -0.108156434835459, 
0.121040069689456, -0.0655632315823521, -0.358788605369389, 0.19572720475301, 
0.15340400342288, 0.122903932848937, 0.055727107857879, -0.612042133265259, 
0.0339297739997779, -0.376593497495737, 0.217001508043224, -0.330627756633507, 
0.0617077725684348, -0.185278045741414, 0.127140608207618), .Dim = c(27L, 
7L), .Dimnames = list(c("1", "2", "3", "4", "5", "6", "7", "8", 
"9", "10", "11", "12", "13", "14", "15", "16", "17", "18", "19", 
"20", "21", "22", "23", "24", "25", "26", "30"), c("x1", "x2", 
"x3", "x4", "x5", "x6", "x7")), assign = 1:7), qraux = c(1.22014863659866, 
1.15932540796993, 1.0098061512004, 1.12106214868366, 1.50640398809452, 
1.176211593893, 1.05467504700024), pivot = 1:7, tol = 1e-07, 
    rank = 7L), .Names = c("qr", "qraux", "pivot", "tol", "rank"
), class = "qr"), df.residual = 20L, xlevels = structure(list(), .Names = character(0)), 
    call = quote(lm(formula = y ~ . + 0, data = structure(list(y = c(43, 
        63, 71, 61, 81, 43, 58, 71, 72, 67, 64, 67, 69, 68, 77, 
        81, 74, 65, 65, 50, 50, 64, 53, 40, 63, 66, 82), x1 = c(1.62217427400739, 
        0.784671641819387, 1.09415279415183, 2.18230501902982, 
        1.60030479703301, 1.15001899129221, 1.0759473035784, 
        2.07689258733319, -0.148449694408243, 0.558208312522228, 
        -0.582948279215403, 0.884892558982667, 0.808462665788754, 
        0.771666481594897, 2.22518976419033, 1.29224370960461, 
        1.110266556943, 1.39813138154673, 1.38181967513713, 2.35361472941018, 
        2.74578315528371, -0.968136755690484, 0.49333726395769, 
        0.843620917948916, -0.0123587932759979, 2.48375705482583, 
        0.411973597015204), x2 = c(54, 61, 75, 62, 85, 53, 62, 
        60, 53, 63, 66, 67, 77, 83, 61, 63, 60, 55, 60, 75, 66, 
        37, 82, 55, 37, 77, 83), x3 = c(56, 58, 68, 44, 71, 64, 
        45, 33, 83, 68, 42, 39, 68, 68, 42, 46, 83, 58, 46, 58, 
        49, 44, 58, 47, 57, 58, 68), x4 = c(54, 44, 72, 63, 71, 
        72, 54, 57, 71, 54, 42, 71, 42, 54, 67, 54, 59, 74, 62, 
        57, 48, 45, 59, 71, 54, 69, 56), x5 = c(77, 54, 43, 88, 
        50, 79, 79, 75, 64, 71, 62, 88, 60, 66, 59, 58, 71, 50, 
        50, 80, 63, 55, 88, 64, 59, 76, 66),