
expected <- structure(list(coefficients = structure(c(18.5091683403517, 0.602881787752266, 
0.0220632966534756, 0.218136510024896, 0.0865159344635305, -0.0752813473531413, 
-0.152785035911225), .Names = c("x1", "x2", "x3", "x4", "x5", 
"x6", "x7")), residuals = structure(c(-5.94994845697495, 0.573792484090153, 
2.87340028791375, 5.64934422608132, -10.4992180207697, -0.303271582740234, 
-6.44196252547251, 7.73854834791026, 4.76441003053025, 10.1963190796806, 
5.80466639854012, -4.77179847599568, 2.71899065747642, -5.0681841550954, 
-2.78753812043998, 2.26267793189153, -1.26957982922193, 3.64023856361549, 
-0.504777002771656, -10.868885210072, -7.37524336479065, 4.39125259432201, 
-4.24269754614606, 2.59793425088875, -8.01848770880694, 7.40731371029688, 
7.48270343606016), .Names = c("1", "2", "3", "5", "7", "8", "9", 
"10", "11", "12", "13", "14", "15", "16", "17", "18", "19", "21", 
"22", "23", "24", "25", "26", "27", "28", "29", "30")), effects = structure(c(-343.523410167827, 
49.3571362451374, -0.900494662017867, -9.30463239602708, -4.85598809001563, 
-5.37554143668434, -6.56751197302632, 9.55259433832482, 4.34593800965312, 
12.4562653785721, 10.8421145965323, -0.0750970074917105, 0.620890263223043, 
-5.65788663228054, -2.9986620206988, -1.77075201644429, -0.23752193501595, 
6.48581004250159, 1.56374342435023, -8.19734722542464, -12.4348676709932, 
8.77449790215702, -3.439429692983, 3.88564250774652, -6.67119652832144, 
5.39311374159066, 7.22936344903391), .Names = c("x1", "x2", "x3", 
"x4", "x5", "x6", "x7", "", "", "", "", "", "", "", "", "", "", 
"", "", "", "", "", "", "", "", "", "")), rank = 7L, fitted.values = structure(c(48.9499484569749, 
62.4262075159098, 68.1265997120863, 75.3506557739187, 68.4992180207697, 
71.3032715827402, 78.4419625254725, 59.2614516520897, 59.2355899694697, 
56.8036809203194, 63.1953336014599, 72.7717984759957, 74.2810093425236, 
86.0681841550954, 76.78753812044, 62.7373220681085, 66.2695798292219, 
46.3597614363845, 64.5047770027717, 63.8688852100721, 47.3752433647907, 
58.608747405678, 70.2426975461461, 75.4020657491112, 56.0184877088069, 
77.5926862897031, 74.5172965639398), .Names = c("1", "2", "3", 
"5", "7", "8", "9", "10", "11", "12", "13", "14", "15", "16", 
"17", "18", "19", "21", "22", "23", "24", "25", "26", "27", "28", 
"29", "30")), assign = 1:7, qr = structure(list(qr = structure(c(-5.19615242270663, 
0.192450089729875, 0.192450089729875, 0.192450089729875, 0.192450089729875, 
0.192450089729875, 0.192450089729875, 0.192450089729875, 0.192450089729875, 
0.192450089729875, 0.192450089729875, 0.192450089729875, 0.192450089729875, 
0.192450089729875, 0.192450089729875, 0.192450089729875, 0.192450089729875, 
0.192450089729875, 0.192450089729875, 0.192450089729875, 0.192450089729875, 
0.192450089729875, 0.192450089729875, 0.192450089729875, 0.192450089729875, 
0.192450089729875, 0.192450089729875, -350.644063487833, 69.9910047130397, 
-0.0739876890014511, -0.188288091357435, -0.0311250381179571, 
-0.145425440473941, -0.245438292535427, 0.0546002636490308, 0.168900666005015, 
0.0688878139435288, 0.0403127133545328, -0.259725842829925, -0.174000541062937, 
-0.359738694891411, -0.288300943418921, 0.0688878139435288, -0.0739876890014511, 
0.354638819833489, 0.0546002636490308, -0.0168374878234591, 0.397501470716983, 
0.154613115710517, -0.174000541062937, -0.145425440473941, 0.111750464827023, 
-0.288300943418921, -0.245438292535427, -275.588528493181, 38.4409186516115, 
-50.5891167760729, -0.00316766421737167, -0.167031203886066, 
-0.0909859330561284, 0.272060140307717, -0.0461612801759294, 
0.194067007807626, 0.00363435324785844, 0.18078245036209, 0.479236773419893, 
-0.0324404204969572, -0.244907511637645, 0.0831390451846672, 
0.359442106913039, -0.118747129898996, -0.0678762392719259, 0.092208401804974, 
0.0409012089444684, 0.140811953276968, -0.0336325024487515, 0.204764748613163, 
0.0671508463506184, -0.0248826233133682, 0.221508727165571, -0.380254074745113, 
-297.527838722387, 35.5135583468277, -11.8516979838765, -48.2235379626031, 
0.0750897993545926, -0.058236441180571, -0.0196557085553235, 
-0.0941457096375501, 0.127353894350043, -0.268315037800077, -0.293849248636085, 
-0.564434550492817, 0.251241851319996, 0.194927838781171, 0.0615428067064411, 
0.344114840428868, 0.0461558654104395, -0.135222990778853, 0.164758226616937, 
-0.117203131244745, 0.315284649387418, -0.00469171660190341, 
-0.0247846889873241, 0.276164899973097, -0.101673414793717, 0.0508688449211501, 
0.0602883418434414, -331.976404784035, 10.2076609326247, 9.65189320431245, 
-25.3747192883578, -52.7393107990693, 0.0728308341778461, 0.0167044834897825, 
0.0114739681373871, -0.047237399239488, 0.0425466872367182, 0.331337107970346, 
0.187054864465454, -0.275164023598098, -0.157473085487186, 0.0776873105454827, 
-0.154281881221202, -0.0434477194151114, 0.207592851751633, 0.227094342314577, 
0.0745599743733932, -0.259873484496274, 0.361405554309453, 0.361870301161771, 
0.248767502879517, -0.0955291347067176, -0.180306603292894, -0.355031568857995, 
-391.058582331106, 6.68128185253085, -3.59575616558608, 2.60675033656675, 
3.80306580395234, 44.658232597848, -0.00366786696211017, -0.0714120620252987, 
0.249235309094497, 0.0601598312043452, 0.27920017347951, 0.129645839236519, 
0.125714258612337, 0.621984659563461, 0.0486195357634935, 0.0403565821855313, 
-0.149988613663308, 0.159834399844355, -0.0945124150004406, -0.0518010404903568, 
0.454915789473686, -0.0635642682667837, 0.0422296364948515, -0.00715301289349848, 
-0.124635310647824, 0.245747827334383, 0.0753166306215851, -224.589254714764, 
11.8745418003161, -11.0954592247823, -23.6033527970351, 0.0451445747698145, 
13.1793634389586, 42.9853089594609, 0.00138349772213515, 0.252420462382459, 
-0.120703175973735, 0.186931795234245, 0.00735488426874221, 0.114918612462031, 
0.15048322846451, -0.367860447197904, -0.101753752150677, -0.00475828005328973, 
0.0105578305091309, 0.148077704444184, 0.103525191988464, -0.0715519155634583, 
0.160562569853753, -0.658272565024042, 0.0279365805552683, 0.0928329380089931, 
-0.159275771171373, 0.12265682359506), .Dim = c(27L, 7L), .Dimnames = list(
    c("1", "2", "3", "5", "7", "8", "9", "10", "11", "12", "13", 
    "14", "15", "16", "17", "18", "19", "21", "22", "23", "24", 
    "25", "26", "27", "28", "29", "30"), c("x1", "x2", "x3", 
    "x4", "x5", "x6", "x7")), assign = 1:7), qraux = c(1.19245008972988, 
1.01173761276554, 1.31612901346956, 1.10529795744899, 1.23310413592198, 
1.27137745094717, 1.39796392293595), pivot = 1:7, tol = 1e-07, 
    rank = 7L), .Names = c("qr", "qraux", "pivot", "tol", "rank"
), class = "qr"), df.residual = 20L, xlevels = structure(list(), .Names = character(0)), 
    call = quote(lm(formula = y ~ . + 0, data = structure(list(y = c(43, 
        63, 71, 81, 58, 71, 72, 67, 64, 67, 69, 68, 77, 81, 74, 
        65, 65, 50, 64, 53, 40, 63, 66, 78, 48, 85, 82), x1 = c(1, 
        1, 1, 1, 1, 1, 1, 1, 1, 1, 1, 1, 1, 1, 1, 1, 1, 1, 1, 
        1, 1, 1, 1, 1, 1, 1, 1), x2 = c(51, 64, 70, 78, 67, 75, 
        82, 61, 53, 60, 62, 83, 77, 90, 85, 60, 70, 40, 61, 66, 
        37, 54, 77, 75, 57, 85, 82), x3 = c(30, 51, 68, 56, 42, 
        50, 72, 45, 53, 47, 57, 83, 54, 50, 64, 65, 46, 33, 52, 
        52, 42, 42, 66, 58, 44, 71, 39), x4 = c(39, 54, 69, 66, 
        56, 55, 67, 47, 58, 39, 42, 45, 72, 72, 69, 75, 57, 34, 
        62, 50, 58, 48, 63, 74, 45, 71, 59), x5 = c(50, 59, 54, 
        88, 80, 66, 61, 58, 60, 51, 63, 43, 61, 70, 71, 63, 64, 
        63, 79, 60, 55, 79, 79, 88, 51, 55, 54), x6 = c(92, 73, 
        86, 83, 68, 66, 83, 80, 67, 74, 63, 77, 77, 54, 79, 80, 
        85, 64, 80, 80, 57, 75, 76, 78, 83, 74, 78), x7 = c(45, 
        47, 48, 47, 35, 41, 31, 41, 34, 41, 25, 35, 46, 36, 63, 
        60, 46, 33, 41, 37, 49, 33, 72, 49, 38, 55, 39)), .Names = c("y", 
        "x1", "x2", "x3", "x4", "x5", "x6", "x7"),