
expected <- structure(list(coefficients = structure(c(-3.51347404599317, 
0.475155954073289, -0.0145278875650409, 0.448159276144192, -0.459617860304134, 
0.497279405227261, 0.140351233784617), .Names = c("x1", "x2", 
"x3", "x4", "x5", "x6", "x7")), residuals = structure(c(-9.50971264173841, 
-5.15531458719987, 8.14270352695352, 0.975406240019672, -16.9347881218717, 
0.541414573206545, 15.0202661822601, 7.36447547934123, 3.90439464302158, 
2.14802966259987, 14.8597603646891, 1.79297511941407, -6.35131076671864, 
6.32571918463317, 12.6848248594822, 12.2345265776828, -7.48910119970594, 
-10.3169395815608, -11.7070501406451, -5.5485803187444, -20.8859745342215, 
7.26942943417465, -2.59858606632211, 11.8637446742243, -16.2062059406204, 
7.57845039975285, 6.25448076532809), .Names = c("1", "2", "4", 
"5", "6", "7", "8", "9", "10", "11", "12", "13", "14", "15", 
"16", "17", "18", "19", "20", "21", "23", "25", "26", "27", "28", 
"29", "30")), effects = structure(c(-263.205160776739, -211.321132298822, 
23.4708958540582, 21.0147934437074, 18.746569080897, -29.327267186448, 
-5.85207140077071, 14.6952969966722, 8.54035082817426, 1.01825581683019, 
15.5238401457615, 5.10135413895575, -6.84719880318452, -1.52156764775422, 
13.2469368674357, 22.4746300128166, -6.26502776925912, -13.5734777311149, 
-17.0294525827026, -3.21805501076487, -17.4671547425744, 11.8630641291555, 
-3.56273564560394, 5.61085148000681, -17.168757200048, 7.17972341270781, 
8.0776399451968), .Names = c("x1", "x2", "x3", "x4", "x5", "x6", 
"x7", "", "", "", "", "", "", "", "", "", "", "", "", "", "", 
"", "", "", "", "", "")), rank = 7L, fitted.values = structure(c(52.5097126417384, 
68.1553145871999, 52.8572964730465, 80.0245937599803, 59.9347881218717, 
57.4585854267935, 55.9797338177399, 64.6355245206588, 63.0956053569784, 
61.8519703374001, 52.1402396353109, 67.2070248805859, 74.3513107667186, 
70.6742808153668, 68.3151751405178, 61.7654734223172, 72.4891011997059, 
75.3169395815608, 61.7070501406451, 55.5485803187444, 73.8859745342215, 
55.7305705658254, 68.5985860663221, 66.1362553257757, 64.2062059406204, 
77.4215496002471, 75.7455192346719), .Names = c("1", "2", "4", 
"5", "6", "7", "8", "9", "10", "11", "12", "13", "14", "15", 
"16", "17", "18", "19", "20", "21", "23", "25", "26", "27", "28", 
"29", "30")), assign = 1:7, qr = structure(list(qr = structure(c(-7.3634110554486, 
0.106563606990101, 0.296371478190805, 0.217331992602648, 0.156180197279798, 
0.146120771402847, 0.282055771665277, -0.0201604519006713, 0.0758083866728014, 
-0.0791682380388158, 0.120174271450985, 0.109794585647983, 0.104797420079366, 
0.302195510672162, 0.175495256189508, 0.150781553356505, 0.189875503488587, 
0.18766026570181, 0.319636471695901, 0.372895541836137, 0.0669984685416472, 
-0.00167840599729292, 0.337310661610825, 0.224213795207551, 0.0200696506501696, 
-0.0206011379732565, 0.0559487435799692, -271.664248767788, -211.46757657247, 
-0.0808313183733569, 0.127680142403505, 0.05353020486247, 0.108784905023188, 
-0.0722226274636996, 0.276071906287434, 0.202247912999573, 0.412014811510293, 
0.165173645513502, 0.225561370673802, 0.260240932008234, -0.09291009816292, 
0.0764431955105703, 0.0934452887622885, 0.0204644808949738, 0.046904395157622, 
-0.0487165687564685, -0.158489171510739, 0.303214309109075, 0.177085867777414, 
-0.0615636619355809, 0.0102315965960809, 0.267861277993301, 0.380662912925302, 
0.321887906945975, -215.97685122416, -192.397395479743, 74.6943233981574, 
0.0336738642567751, -0.250052185580608, 0.119591522822661, 0.209905753847737, 
-0.445434094391793, -0.152375469305765, 0.284854387574395, 0.270769807219652, 
0.0103358246608099, 0.0866131978404913, 0.0951119677425139, 0.108811784336479, 
-0.415576286115741, -0.1561277122749, 0.0674395568388613, 0.0491514795188511, 
0.039918099043246, 0.220702110122782, -0.302479906196139, 0.0681078276683001, 
0.254123206233081, 0.201920897436501, -0.0110774522051927, 0.102953692440647, 
-245.181101217711, -165.429901324106, 36.338445903438, 61.9248956631335, 
-0.283376458971928, -0.0736108484517188, -0.0928447641225566, 
-0.297907037980759, 0.0222654838153826, -0.0756921171328485, 
-0.380988127565126, 0.329933489055402, 0.16759820782786, -0.17088603293993, 
-0.0349421269602233, 0.0894330682786321, -0.313539750713469, 
-0.171276797980644, 0.195744270260135, 0.274928060857807, -0.0188816111018025, 
-0.274821541236775, 0.0296060306105626, 0.0615700691457563, -0.350670268961464, 
0.189826198029566, 0.0919526152455531, -279.453932800131, -197.894911167657, 
23.8030678019556, 40.1046278913121, -65.1086504344864, 0.164045667439542, 
0.011035294629999, -0.128804756130899, 0.1671356418751, 0.0364657438664686, 
-0.0906027314539782, 0.15191457479736, -0.0172255525279654, -0.366528675771091, 
-0.151214511045475, 0.202993493844828, -0.524946860353134, -0.404896791648102, 
0.170910203727062, 0.0848408613762232, 0.159682587133144, 0.0432672820456523, 
-0.123936843853016, -0.278836432999008, -0.298593472577585, 0.0849947224196523, 
-0.0658141566508677, -314.628594749115, -230.175518893016, 36.3526482235495, 
20.2842900704974, -19.2668638889731, -55.3705550620769, 0.0491830823177152, 
-0.406770747246223, -0.0107575848807911, -0.0258519525118991, 
-0.64360281078935, 0.0598791346502216, -0.144272444620573, 0.0050596060023704, 
0.195590378524179, -0.0278901199859805, -0.136770783971358, 0.163509958766737, 
-0.15171364347079, 0.120362073804707, 0.0246002399078802, 0.132814315396756, 
-0.22181625290696, 0.23449269407913, -0.298262409669178, 0.173296319462404, 
-0.164316119355911, -179.796280850755, -113.940769653547, 8.07635777787212, 
11.4599675587129, -11.3822647703962, -12.7724598476, -41.6959027930693, 
-0.142097698750926, 0.0143461991600703, 0.00995309992858851, 
0.019732318741928, -0.072176156377073, 0.0975602194242715, 0.383825017181102, 
-0.181048611672266, -0.194052830574926, -0.269067761505968, -0.0612108355736608, 
0.724339539110318, -0.0369373388275469, -0.147441019714167, -0.0171587522795054, 
0.14037641261958, 0.103536794307457, -0.124849673913157, 0.138989540150563, 
-0.134725880858613), .Dim = c(27L, 7L), .Dimnames = list(c("1", 
"2", "4", "5", "6", "7", "8", "9", "10", "11", "12", "13", "14", 
"15", "16", "17", "18", "19", "20", "21", "23", "25", "26", "27", 
"28", "29", "30"), c("x1", "x2", "x3", "x4", "x5", "x6", "x7"
)), assign = 1:7), qraux = c(1.22030201244939, 1.15397714479973, 
1.08271867626099, 1.02476035449785, 1.00044005044426, 1.04773977589283, 
1.1973277055465), pivot = 1:7, tol = 1e-07, rank = 7L), .Names = c("qr", 
"qraux", "pivot", "tol", "rank"), class = "qr"), df.residual = 20L, 
    xlevels = structure(list(), .Names = character(0)), call = quote(lm(formula = y ~ 
        . + 0, data = structure(list(y = c(43, 63, 61, 81, 43, 
        58, 71, 72, 67, 64, 67, 69, 68, 77, 81, 74, 65, 65, 50, 
        50, 53, 63, 66, 78, 48, 85, 82), x1 = c(1.62217427400739, 
        0.784671641819387, 2.18230501902982, 1.60030479703301, 
        1.15001899129221, 1.0759473035784, 2.07689258733319, 
        -0.148449694408243, 0.558208312522228, -0.582948279215403, 
        0.884892558982667, 0.808462665788754, 0.771666481594897, 
        2.22518976419033, 1.29224370960461, 1.110266556943, 1.39813138154673, 
        1.38181967513713, 2.35361472941018, 2.74578315528371, 
        0.49333726395769, -0.0123587932759979, 2.48375705482583, 
        1.65097833841537, 0.14778108747645, -0.151694647107099, 
        0.411973597015204), x2 = c(54, 61, 62, 85, 53, 62, 60, 
        53, 63, 66, 67, 77, 83, 61, 63, 60, 55, 60, 75, 66, 82, 
        37, 77, 62, 62, 75, 83), x3 = c(56, 58, 44, 71, 64, 45, 
        33, 83, 68, 42, 39, 68, 68, 42, 46, 83, 58, 46, 58, 49, 
        58, 57, 58, 33, 42, 71, 68), x4 = c(54, 44, 63, 71, 72, 
        54, 57, 71, 54, 42, 71, 42, 54, 67, 54, 59, 74, 62, 57, 
        48, 59, 54, 69, 45, 63, 44, 56), x5 = c(77, 54, 88, 50, 
        79, 79, 75, 64, 71, 62, 88, 60, 66, 59, 58, 71, 50, 50, 
        80, 63, 88, 59, 76, 43, 63, 58, 66),