
expected <- structure(list(coefficients = structure(c(21.5952788321383, 0.604715642390864, 
-0.000404313075955424, 0.266503529729713, 0.0211624986100869, 
-0.087742107508594, -0.146942047606625), .Names = c("x1", "x2", 
"x3", "x4", "x5", "x6", "x7")), residuals = structure(c(-6.44469374198912, 
0.310562089518891, 1.95801555812751, 7.16618090338447, -9.77130828887137, 
-0.273364846666883, -6.67332646090863, 7.6568628174339, 4.50285439633394, 
9.40238770934091, 7.03356545928297, -5.51850144891604, 1.79394702912818, 
-5.55646252302079, -2.22812538795884, 1.72643978509829, -1.50957565743992, 
3.77060036680443, 0.810277553290491, -10.6030264923338, -8.37245813857378, 
5.81744643932562, -3.06991831612928, 3.76776927237181, -8.6750841799637, 
6.62745082571745, 6.35148527761328), .Names = c("1", "2", "3", 
"5", "7", "8", "9", "10", "11", "12", "13", "14", "15", "16", 
"17", "18", "19", "21", "22", "23", "24", "25", "26", "27", "28", 
"29", "30")), effects = structure(c(-343.523410167827, 49.3571362451374, 
-0.900494662017867, -9.30463239602708, -1.44766273549515, -5.90322647243311, 
-6.27482742764731, 9.44752998436384, 4.0520668287495, 14.176315591561, 
7.73836599199198, 0.838992333614404, 1.36524059405278, -5.74458715328156, 
-4.49571334741243, -1.42421311115775, 0.764536607253058, 7.51820012867231, 
0.29980314943299, -9.05317585860883, -12.6310695546931, 8.30205196315282, 
-4.25726542707932, 4.09990746319607, -5.98041050082923, 4.72495959142674, 
7.60607773120478), .Names = c("x1", "x2", "x3", "x4", "x5", "x6", 
"x7", "", "", "", "", "", "", "", "", "", "", "", "", "", "", 
"", "", "", "", "", "")), rank = 7L, fitted.values = structure(c(49.4446937419891, 
62.6894379104811, 69.0419844418725, 73.8338190966155, 67.7713082888714, 
71.2733648466669, 78.6733264609086, 59.3431371825661, 59.4971456036661, 
57.5976122906591, 61.966434540717, 73.518501448916, 75.2060529708718, 
86.5564625230208, 76.2281253879588, 63.2735602149017, 66.5095756574399, 
46.2293996331956, 63.1897224467095, 63.6030264923338, 48.3724581385738, 
57.1825535606744, 69.0699183161293, 74.2322307276282, 56.6750841799637, 
78.3725491742826, 75.6485147223867), .Names = c("1", "2", "3", 
"5", "7", "8", "9", "10", "11", "12", "13", "14", "15", "16", 
"17", "18", "19", "21", "22", "23", "24", "25", "26", "27", "28", 
"29", "30")), assign = 1:7, qr = structure(list(qr = structure(c(-5.19615242270663, 
0.192450089729875, 0.192450089729875, 0.192450089729875, 0.192450089729875, 
0.192450089729875, 0.192450089729875, 0.192450089729875, 0.192450089729875, 
0.192450089729875, 0.192450089729875, 0.192450089729875, 0.192450089729875, 
0.192450089729875, 0.192450089729875, 0.192450089729875, 0.192450089729875, 
0.192450089729875, 0.192450089729875, 0.192450089729875, 0.192450089729875, 
0.192450089729875, 0.192450089729875, 0.192450089729875, 0.192450089729875, 
0.192450089729875, 0.192450089729875, -350.644063487833, 69.9910047130397, 
-0.0739876890014511, -0.188288091357435, -0.0311250381179571, 
-0.145425440473941, -0.245438292535427, 0.0546002636490308, 0.168900666005015, 
0.0688878139435288, 0.0403127133545328, -0.259725842829925, -0.174000541062937, 
-0.359738694891411, -0.288300943418921, 0.0688878139435288, -0.0739876890014511, 
0.354638819833489, 0.0546002636490308, -0.0168374878234591, 0.397501470716983, 
0.154613115710517, -0.174000541062937, -0.145425440473941, 0.111750464827023, 
-0.288300943418921, -0.245438292535427, -275.588528493181, 38.4409186516115, 
-50.5891167760729, -0.00316766421737167, -0.167031203886066, 
-0.0909859330561284, 0.272060140307717, -0.0461612801759294, 
0.194067007807626, 0.00363435324785844, 0.18078245036209, 0.479236773419893, 
-0.0324404204969572, -0.244907511637645, 0.0831390451846672, 
0.359442106913039, -0.118747129898996, -0.0678762392719259, 0.092208401804974, 
0.0409012089444684, 0.140811953276968, -0.0336325024487515, 0.204764748613163, 
0.0671508463506184, -0.0248826233133682, 0.221508727165571, -0.380254074745113, 
-297.527838722387, 35.5135583468277, -11.8516979838765, -48.2235379626031, 
0.0750897993545926, -0.058236441180571, -0.0196557085553235, 
-0.0941457096375501, 0.127353894350043, -0.268315037800077, -0.293849248636085, 
-0.564434550492817, 0.251241851319996, 0.194927838781171, 0.0615428067064411, 
0.344114840428868, 0.0461558654104395, -0.135222990778853, 0.164758226616937, 
-0.117203131244745, 0.315284649387418, -0.00469171660190341, 
-0.0247846889873241, 0.276164899973097, -0.101673414793717, 0.0508688449211501, 
0.0602883418434414, -349.874263128913, -4.0338516998133, 13.7829717679106, 
14.5307730730872, -55.7549492297081, 0.0616580342735476, 0.143460533781471, 
-0.0206522232486813, -0.0550146173676649, 0.382141665523894, 
-0.385922484173196, 0.324574951512341, -0.0100891447813793, -0.0560457787309562, 
-0.273270148181141, -0.0321141042812686, 0.164015592033403, 0.365522814295016, 
-0.111686418968651, -0.126604049714948, -0.17381014386716, 0.143903183499762, 
0.0381236623534149, 0.209303867169806, 0.0730445277677105, -0.242857853687889, 
-0.142945863217253, -391.058582331106, 6.68128185253085, -3.59575616558608, 
2.60675033656675, -3.59250752995798, 44.6756638218155, -0.0125792964587155, 
-0.0668830937878771, 0.243088455008607, 0.0359427291637493, 0.390313644891622, 
0.1440392002417, 0.0627625957333095, 0.590224108845677, 0.0909693389524478, 
0.0074299653451622, -0.174622338652288, 0.175328560787279, -0.0318653617311364, 
-0.0232089872749851, 0.40997291348331, 0.00743347927589262, 0.122721599556521, 
0.0318766100799607, -0.153247047236149, 0.225489566477121, 0.00570690055935736, 
-224.589254714764, 11.8745418003161, -11.0954592247823, -23.6033527970351, 
3.96729793364274, 13.497086822085, 42.7027357373262, 0.00676998233614108, 
0.259329305612356, -0.191645891870529, 0.297125229906115, -0.0366712605288606, 
0.0887657665199157, 0.144614421305781, -0.309109664709472, -0.112295493668448, 
-0.0409069862342719, -0.0393570724456774, 0.194622529138294, 
0.136733730475284, -0.066213051437657, 0.171295584677876, -0.632548640860758, 
0.0132216366171278, 0.0695785286017841, -0.132324941058898, 0.114247003239352
), .Dim = c(27L, 7L), .Dimnames = list(c("1", "2", "3", "5", 
"7", "8", "9", "10", "11", "12", "13", "14", "15", "16", "17", 
"18", "19", "21", "22", "23", "24", "25", "26", "27", "28", "29", 
"30"), c("x1", "x2", "x3", "x4", "x5", "x6", "x7")), assign = 1:7), 
    qraux = c(1.19245008972988, 1.01173761276554, 1.31612901346956, 
    1.10529795744899, 1.35065232908628, 1.28266338004273, 1.3744003338974
    ), pivot = 1:7, tol = 1e-07, rank = 7L), .Names = c("qr", 
"qraux", "pivot", "tol", "rank"), class = "qr"), df.residual = 20L, 
    xlevels = structure(list(), .Names = character(0)), call = quote(lm(formula = y ~ 
        . + 0, data = structure(list(y = c(43, 63, 71, 81, 58, 
        71, 72, 67, 64, 67, 69, 68, 77, 81, 74, 65, 65, 50, 64, 
        53, 40, 63, 66, 78, 48, 85, 82), x1 = c(1, 1, 1, 1, 1, 
        1, 1, 1, 1, 1, 1, 1, 1, 1, 1, 1, 1, 1, 1, 1, 1, 1, 1, 
        1, 1, 1, 1), x2 = c(51, 64, 70, 78, 67, 75, 82, 61, 53, 
        60, 62, 83, 77, 90, 85, 60, 70, 40, 61, 66, 37, 54, 77, 
        75, 57, 85, 82), x3 = c(30, 51, 68, 56, 42, 50, 72, 45, 
        53, 47, 57, 83, 54, 50, 64, 65, 46, 33, 52, 52, 42, 42, 
        66, 58, 44, 71, 39), x4 = c(39, 54, 69, 66, 56, 55, 67, 
        47, 58, 39, 42, 45, 72, 72, 69, 75, 57, 34, 62, 50, 58, 
        48, 63, 74, 45, 71, 59), x5 = c(62, 63, 64, 80, 88, 71, 
        71, 66, 61, 88, 43, 79, 66, 66, 50, 60, 77, 88, 59, 59, 
        55, 75, 66, 77, 71, 50, 63), x6 = c(92, 73, 86, 83, 68, 
        66, 83, 80, 67, 74, 63, 77, 77, 54, 79, 80, 85, 64, 80, 
        80, 57, 75, 76, 78, 83, 74, 78), x7 = c(45, 47, 48, 47, 
        35, 41, 31, 41, 34, 41, 25, 35, 46, 36, 63, 60, 46, 33, 
        41, 37, 49, 33, 72, 49, 38, 55, 39)), .Names = c("y", 
        "x1", "x2", "x3", "x4", "x5", "x6", "x7"),