
expected <- structure(list(coefficients = structure(c(0.23250376591114, 0.654963929837605, 
-0.00313040169172216, 0.313595600280229, 0.113258891738167, 0.0902789918242375, 
-0.257733031454323), .Names = c("x1", "x2", "x3", "x4", "x5", 
"x6", "x7")), residuals = structure(c(-6.43459381442144, -0.473842758103995, 
0.389936536809352, 5.95214766477105, -8.28317044038618, -8.10690148983703, 
1.67750801005892, -10.3509875068338, 8.78355481918084, 7.3001544161812, 
12.6517205283391, 9.67199002699932, 0.168245276712846, -2.93485361590731, 
-3.37758121431991, 3.45741269945895, -3.2945589523903, -5.4480112851346, 
0.193501745855907, -10.5921081242622, -0.833403117981549, 6.81317328077638, 
-2.64768998696082, 2.65407066654545, -7.01543837285249, 5.71550883825822, 
5.60057048620404), .Names = c("1", "3", "4", "5", "6", "7", "8", 
"9", "10", "11", "12", "13", "15", "16", "17", "18", "19", "20", 
"22", "23", "24", "25", "26", "27", "28", "29", "30")), effects = structure(c(-194.148758538921, 
-281.99694991178, 5.63424938517594, -9.84413319371052, 1.60422858254594, 
5.25317370633193, 9.4030408372267, -4.96681368730033, 6.64975772154889, 
6.7204895055818, 13.9230820441178, 14.9703625971136, -1.54829186502559, 
2.91998781671058, 1.42424144465515, 9.20977464812682, -2.23834244901232, 
-7.40797399866327, 1.43647386271991, -10.867368396515, -2.18086548863867, 
5.26566301754268, 1.06937884870649, -1.39590682018635, -7.31334726427914, 
11.3633471089189, 6.05924718071156), .Names = c("x1", "x2", "x3", 
"x4", "x5", "x6", "x7", "", "", "", "", "", "", "", "", "", "", 
"", "", "", "", "", "", "", "", "", "")), rank = 7L, fitted.values = structure(c(49.4345938144214, 
71.473842758104, 60.6100634631906, 75.047852335229, 51.2831704403862, 
66.106901489837, 69.3224919899411, 82.3509875068338, 58.2164451808192, 
56.6998455838188, 54.3482794716609, 59.3280099730007, 76.8317547232871, 
83.9348536159073, 77.3775812143199, 61.542587300541, 68.2945589523903, 
55.4480112851346, 63.8064982541441, 63.5921081242622, 40.8334031179815, 
56.1868267192236, 68.6476899869608, 75.3459293334545, 55.0154383728525, 
79.2844911617418, 76.399429513796), .Names = c("1", "3", "4", 
"5", "6", "7", "8", "9", "10", "11", "12", "13", "15", "16", 
"17", "18", "19", "20", "22", "23", "24", "25", "26", "27", "28", 
"29", "30")), assign = 1:7, qr = structure(list(qr = structure(c(-6.77988636236756, 
0.127290969053671, 0.0446927521699675, 0.0111482459933608, -0.102382215158839, 
0.127534723570395, -0.133550537496681, 0.198950410866172, -0.00748312687120448, 
0.069361965209073, 0.108782014590339, 0.161242367996454, -0.0339548983897837, 
0.110081493497388, 0.269981214244661, 0.596936990649183, 0.256111659583352, 
-0.094778842035245, 0.281156179380075, 0.0164825590422025, 0.230114754700467, 
0.0994965904988809, 0.250162539280187, -0.174092582048055, 0.147762591047676, 
0.217759311290174, 0.0466840176424893, -198.144894546906, -293.87344344972, 
0.182179254670838, 0.257388660471197, 0.26091631335243, 0.136107338697366, 
0.35142793226302, 0.135698529089511, 0.212963539089183, 0.130378150408182, 
0.125797886904027, 0.094808653894271, 0.286480242532361, 0.226946441920073, 
0.0947331037195619, -0.225891709989884, 0.0536829972421698, 0.265646964991583, 
0.00501432983844287, 0.212711668651864, -0.0398808570111627, 
0.112070587161157, 0.0817887981648286, 0.380636310759215, 0.08750598678163, 
0.13235619658932, 0.245398335666657, -166.827643684436, -218.69602567758, 
52.8922078904848, 0.103010168712597, -0.108224316533711, 0.204937650591846, 
0.170447618667434, -0.13820428608618, 0.0576266758606651, -0.212067772708276, 
0.00598249285316165, -0.152815918609272, 0.125517899440835, 0.396069634578303, 
0.0583748102820504, -0.329874522660402, 0.175165731328067, -0.422696597950909, 
-0.0720821464844978, -3.33747193438434e-05, -0.240920007733318, 
0.0110707015583028, -0.0987640988240993, 0.018826381844527, 0.0183781472405384, 
-0.0744467087989066, 0.484315665387946, -184.301433620662, -239.067576320181, 
23.8654679422714, -39.0399149289461, -0.107958859465203, 0.0981618218037916, 
-0.0489627177562119, -0.210710880756477, -0.0692626816053513, 
0.169410359587365, -0.32343718482935, -0.41890473718471, 0.282140930203708, 
0.153706555306491, -0.103898045415555, 0.215898550898681, 0.000289519041521792, 
-0.144316537132728, 0.13801689452957, -0.148663106837919, 0.447337124936749, 
0.0429528810833122, -0.19184872707776, 0.340761650668859, -0.107436731797658, 
-0.132746554555911, 0.0751131173936311, -194.443119703883, -281.23360716343, 
22.6279140779465, -11.0653847303677, 40.3121094327419, -0.10396680928322, 
-0.0783450036947393, 0.333045002130906, -0.113522883821371, 0.0463657455282249, 
-0.0485742502284037, 0.204511649735196, -0.131804833203669, 0.475839024963442, 
0.108342967783413, 0.512545879882683, -0.221112263976369, 0.0640092371704711, 
-0.00984658969848729, 0.013653908324425, -0.0288293739534788, 
-0.301510298937804, -0.221255284687283, -0.153501485457598, 0.120566469245268, 
0.232371220982795, 0.0895583519914216, -234.132789938056, -306.546185222634, 
25.8780263700062, -4.7168754601782, 45.3620684690765, 60.4039285358654, 
0.137967391258926, -0.0239697614855098, -0.184135083013748, -0.10585957266537, 
-0.0660258265517825, 0.0116888161520848, 0.15616904375456, 0.344977878227725, 
0.313778013704173, -0.0902797240108814, 0.193560085911777, -0.34841436103348, 
0.0230671286370448, -0.174905013737879, 0.0076528124045202, 0.0376535693980757, 
0.490240464137033, 0.0226969552727555, -0.353913804114353, 0.271018314513656, 
0.041712097998761, -146.038382481405, -171.853705154757, 25.5432416552962, 
-15.8214114529101, 27.3799521313395, 0.776121178494474, -36.483646601942, 
-0.480807385569307, 0.113261440497618, -0.229117099264392, 0.159211450208482, 
-0.265074356751451, -0.0471960748556054, -0.00313921078218937, 
0.296179153793659, 0.0138540612163886, -0.103610925230863, 0.310124849106756, 
-0.273221618735032, -0.0256324135896447, 0.0968202524787214, 
-0.263630056726179, 0.449361906272486, 0.0631987594433145, 0.0387480878669661, 
0.113918497003727, 0.0790405608765898), .Dim = c(27L, 7L), .Dimnames = list(
    c("1", "3", "4", "5", "6", "7", "8", "9", "10", "11", "12", 
    "13", "15", "16", "17", "18", "19", "20", "22", "23", "24", 
    "25", "26", "27", "28", "29", "30"), c("x1", "x2", "x3", 
    "x4", "x5", "x6", "x7")), assign = 1:7), qraux = c(1.17676528761594, 
1.14649142683097, 1.08788943231896, 1.07761212261904, 1.02438776800886, 
1.21913899285422, 1.1731943014846), pivot = 1:7, tol = 1e-07, 
    rank = 7L), .Names = c("qr", "qraux", "pivot", "tol", "rank"
), class = "qr"), df.residual = 20L, xlevels = structure(list(), .Names = character(0)), 
    call = quote(lm(formula = y ~ . + 0, data = structure(list(y = c(43, 
        71, 61, 81, 43, 58, 71, 72, 67, 64, 67, 69, 77, 81, 74, 
        65, 65, 50, 64, 53, 40, 63, 66, 78, 48, 85, 82), x1 = c(1.19844856284726, 
        0.863018305139535, 0.303011780933836, 0.0755838409747057, 
        -0.694139784304391, 0.864670933063239, -0.905457467860607, 
        1.34886117741898, -0.0507347498219455, 0.470266241988007, 
        0.737529697191911, 1.09320493181501, -0.230210352528471, 
        0.746340016511991, 1.83044195255281, 4.04716496209513, 
        1.73640794805249, -0.642589778555747, 1.90620694627434, 
        0.111749877267147, 1.56015188717325, 0.674575577025432, 
        1.69607358844098, -1.18032792281696, 1.00181357591223, 
        1.4763833848948, 0.31651233455484), x2 = c(51, 70, 63, 
        78, 55, 67, 75, 82, 61, 53, 60, 62, 77, 90, 85, 60, 70, 
        58, 61, 66, 37, 54, 77, 75, 57, 85, 82), x3 = c(30, 68, 
        45, 56, 49, 42, 50, 72, 45, 53, 47, 57, 54, 50, 64, 65, 
        46, 68, 52, 52, 42, 42, 66, 58, 44, 71, 39), x4 = c(39, 
        69, 47, 66, 44, 56, 55, 67, 47, 58, 39, 42, 72, 72, 69, 
        75, 57, 54, 62, 50, 58, 48, 63, 74, 45, 71, 59),