
expected <- structure(list(coefficients = structure(c(13.6588590947081, 0.619211602154444, 
-0.076017658928095, 0.278985190457083, 0.136305340549842, -0.0553086607847953, 
-0.150871207475447), .Names = c("x1", "x2", "x3", "x4", "x5", 
"x6", "x7")), residuals = structure(c(-7.93927203892971, 1.23046720440831, 
0.503843769667377, 0.320293475158618, 7.0564146668508, -12.0124020119216, 
-9.19928474624651, -6.06299969133607, 8.36905709404778, 7.01932503284264, 
10.5090023613143, 10.0994034684945, -2.35413251128248, -2.93921003677866e-05, 
-3.88115672876075, -3.68116220003153, 4.84957883255695, -5.97798630170562, 
6.42350766970202, 0.452168897286491, -10.4353269754682, -4.94313336985843, 
4.67443197477112, 0.862777168478555, -7.3444112419288, 5.80554544499912, 
5.65548014899154), .Names = c("1", "2", "3", "4", "5", "6", "7", 
"9", "10", "11", "12", "13", "14", "15", "16", "17", "18", "20", 
"21", "22", "23", "24", "25", "27", "28", "29", "30")), effects = structure(c(-334.285805860793, 
-54.1626149974308, 2.33757936933778, 11.6749073260769, 3.28831564061342, 
-3.94335032776802, -5.26494946272653, -4.70461023822564, 7.70424589414267, 
8.75025416565103, 12.2431122728796, 10.8932520057088, -4.04878526403488, 
3.70418597773998, -1.89667309175128, -4.69440161831525, -0.422956708733949, 
-7.42222581956662, 10.6128074193245, 3.42679875241106, -8.96458248917574, 
-4.1768556520539, 12.2110324118556, 8.52460745175798, -7.52439375935398, 
7.04216265125526, 5.89577578457181), .Names = c("x1", "x2", "x3", 
"x4", "x5", "x6", "x7", "", "", "", "", "", "", "", "", "", "", 
"", "", "", "", "", "", "", "", "", "")), rank = 7L, fitted.values = structure(c(50.9392720389297, 
61.7695327955917, 70.4961562303326, 60.6797065248414, 73.9435853331492, 
55.0124020119216, 67.1992847462465, 78.0629996913361, 58.6309429059522, 
56.9806749671574, 56.4909976386857, 58.9005965315055, 70.3541325112825, 
77.0000293921004, 84.8811567287607, 77.6811622000315, 60.150421167443, 
55.9779863017056, 43.576492330298, 63.5478311027135, 63.4353269754682, 
44.9431333698584, 58.3255680252289, 77.1372228315214, 55.3444112419288, 
79.1944545550009, 76.3445198510085), .Names = c("1", "2", "3", 
"4", "5", "6", "7", "9", "10", "11", "12", "13", "14", "15", 
"16", "17", "18", "20", "21", "22", "23", "24", "25", "27", "28", 
"29", "30")), assign = 1:7, qr = structure(list(qr = structure(c(-5.19615242270663, 
0.192450089729875, 0.192450089729875, 0.192450089729875, 0.192450089729875, 
0.192450089729875, 0.192450089729875, 0.192450089729875, 0.192450089729875, 
0.192450089729875, 0.192450089729875, 0.192450089729875, 0.192450089729875, 
0.192450089729875, 0.192450089729875, 0.192450089729875, 0.192450089729875, 
0.192450089729875, 0.192450089729875, 0.192450089729875, 0.192450089729875, 
0.192450089729875, 0.192450089729875, 0.192450089729875, 0.192450089729875, 
0.192450089729875, 0.192450089729875, -341.791359360259, -70.2329457353646, 
0.0940757185871527, -0.00559260554061164, 0.207982374733169, 
-0.119499261686628, 0.0513607225323965, 0.264935702806177, -0.0340692695771157, 
-0.147975925723132, -0.0483076015953678, -0.0198309375588637, 
0.279174034824429, 0.193744042714917, 0.378842358952194, 0.307650698860933, 
-0.0483076015953678, -0.0767842656318719, -0.333074241960409, 
-0.0340692695771157, 0.0371223905141445, -0.375789238015165, 
-0.13373759370488, 0.165267378678413, -0.0910225976501239, 0.307650698860933, 
0.264935702806177, -275.588528493181, -36.3393873843611, -52.8621971496863, 
-0.0777165698770799, -0.0219221343711548, 0.0791752168329003, 
-0.175079573263807, 0.240139952845125, -0.057410733231322, 0.175149493605607, 
-0.00942359484496873, 0.159441668826645, 0.438075244871355, -0.0496034361117502, 
-0.257259814436125, 0.0583443176225902, 0.331084385726301, 0.40814155246727, 
-0.0712047688317108, 0.0750090369908383, 0.0242444453764436, 
0.129507976422561, -0.0430916350663811, 0.0463708406609564, -0.0357161699715435, 
0.190764087844751, -0.384124678202203, -291.754336030491, -37.5876144912945, 
-11.4059006342731, 49.0355388976436, -0.104841902340487, 0.128440571929882, 
-0.0788666194452232, 0.0162392709473075, 0.0824488170952767, 
-0.143365288721313, 0.252446471064487, 0.276076731016642, 0.549517961724093, 
-0.248497668427881, -0.18275230798564, -0.0591726046853306, -0.355056995026528, 
0.0798686223314672, 0.111453037419439, -0.174195903115328, 0.10663670604758, 
-0.336326214380228, -0.00961120964501627, -0.27558306164323, 
0.0873092962742401, -0.0507034851737676, -0.0528199671590905, 
-328.319853079167, -33.1911339714365, -4.23117750984152, 16.4660843730949, 
31.7078523722841, 0.0920963072891978, -0.0526649888326148, 0.0915521565704131, 
-0.0868781912010935, 0.159378311641052, -0.108836439303373, 0.0896949376999101, 
0.182367089603522, -0.151916698189229, 0.521786779560287, -0.127299736131187, 
0.560176297707196, -0.0296258597273708, 0.175411962343915, 0.0123019712487866, 
-0.0324213082725737, 0.292616097387037, -0.24778359605908, -0.160652023158982, 
0.204844843458486, -0.0237423754240145, 0.141789519461196, -375.085224883527, 
-6.29492478895834, -6.77348130913938, 8.77711162058286, -7.85439762010502, 
52.0945169528933, 0.0019442963245581, -0.115070171945684, -0.29480189435922, 
-0.0649834613242516, 0.0946084547590076, -0.112439449586993, 
0.0897146371914206, 0.0159502841535697, 0.460753015671739, -0.0431861157899153, 
-0.0978245501727349, -0.151979503249484, 0.442577623402225, 0.0495442090023442, 
-0.0415196372199985, 0.122301056418557, 0.273566480185836, 0.513449814659293, 
0.0378680607206468, 0.179081218283478, -0.0194718791954508, -217.276151305029, 
-8.12850554553101, -11.28973643718, 24.9500673066765, 9.73048610996956, 
7.03959608095215, 34.8969796876807, 0.494034803885776, 0.0368737645132103, 
0.333188293779222, -0.180766273780894, 0.321793008501037, -0.0587395194395391, 
0.191020660341559, 0.111323387372265, -0.363833924825199, -0.256573828695201, 
-0.180459473231532, -0.131043199219386, 0.178361287990075, 0.107422701740424, 
-0.123382345320832, 0.215507201078079, 0.0292651327109614, -0.0619833118735946, 
-0.180468839880384, 0.0634794634941156), .Dim = c(27L, 7L), .Dimnames = list(
    c("1", "2", "3", "4", "5", "6", "7", "9", "10", "11", "12", 
    "13", "14", "15", "16", "17", "18", "20", "21", "22", "23", 
    "24", "25", "27", "28", "29", "30"), c("x1", "x2", "x3", 
    "x4", "x5", "x6", "x7")), assign = 1:7), qraux = c(1.19245008972988, 
1.00864572647764, 1.28630653259272, 1.0968936737861, 1.02477083856026, 
1.17758994515849, 1.24644883922654), pivot = 1:7, tol = 1e-07, 
    rank = 7L), .Names = c("qr", "qraux", "pivot", "tol", "rank"
), class = "qr"), df.residual = 20L, xlevels = structure(list(), .Names = character(0)), 
    call = quote(lm(formula = y ~ . + 0, data = structure(list(y = c(43, 
        63, 71, 61, 81, 43, 58, 72, 67, 64, 67, 69, 68, 77, 81, 
        74, 65, 50, 50, 64, 53, 40, 63, 78, 48, 85, 82), x1 = c(1, 
        1, 1, 1, 1, 1, 1, 1, 1, 1, 1, 1, 1, 1, 1, 1, 1, 1, 1, 
        1, 1, 1, 1, 1, 1, 1, 1), x2 = c(51, 64, 70, 63, 78, 55, 
        67, 82, 61, 53, 60, 62, 83, 77, 90, 85, 60, 58, 40, 61, 
        66, 37, 54, 75, 57, 85, 82), x3 = c(30, 51, 68, 45, 56, 
        49, 42, 72, 45, 53, 47, 57, 83, 54, 50, 64, 65, 68, 33, 
        52, 52, 42, 42, 58, 44, 71, 39), x4 = c(39, 54, 69, 47, 
        66, 44, 56, 67, 47, 58, 39, 42, 45, 72, 72, 69, 75, 54, 
        34, 62, 50, 58, 48, 74, 45, 71, 59), x5 = c(61, 63, 76, 
        54, 71, 54, 66, 71, 62, 58, 59, 55, 59, 79, 60, 79, 55, 
        64, 43, 66, 63, 50, 66, 80, 51, 77, 64), x6 = c(80, 76, 
        67, 68, 86, 63, 74, 83, 86, 80, 63, 77, 67, 75, 64, 77, 
        92, 79, 49, 73, 74, 73, 54, 49, 73, 67, 80), x7 = c(45, 
        47, 48, 35, 47, 34, 35, 31, 41, 34, 41, 25, 35, 46, 36, 
        63, 60, 52, 33, 41, 37, 49, 33, 49, 38, 55, 39)), .Names = c("y", 
        "x1", "x2", "x3", "x4", "x5", "x6", "x7"),