
expected <- structure(list(coefficients = structure(c(22.263748789885, 0.561008416417993, 
0.0251061009609987, 0.235270250104842, 0.133624072341216, -0.125094741994707, 
-0.190285986423312), .Names = c("x1", "x2", "x3", "x4", "x5", 
"x6", "x7")), residuals = structure(c(-6.18465678190554, 0.177369562210729, 
1.51230660981482, 8.00834288481105, -10.3361861532519, -1.20684698834436, 
-7.04276493391973, 7.85187382822187, 4.62950435841503, 9.29258938554804, 
6.38203537779959, -4.6631268804456, 0.620654663297731, -4.08513497405149, 
-1.92336763571601, 3.69825276418876, -1.40884050740222, 4.53087472881698, 
-0.165708049233576, -10.6792775270221, -8.19904194202373, 3.90737276580014, 
-4.44134002413025, 3.38679384598943, -7.1592609434289, 6.32388079202073, 
7.17370177394046), .Names = c("1", "2", "3", "5", "7", "8", "9", 
"10", "11", "12", "13", "14", "15", "16", "17", "18", "19", "21", 
"22", "23", "24", "25", "26", "27", "28", "29", "30")), effects = structure(c(-343.523410167827, 
49.3571362451374, -3.09132278558026, -8.94499349626043, -1.55151219634065, 
-6.01418968438097, -7.51340534758578, 9.33417515661182, 4.68791565611304, 
12.3332505820123, 10.5927545854133, 2.22022348180086, -0.201105124938035, 
0.286544336106808, -3.50256949202576, 3.22943747358156, -2.32925948310613, 
7.65132242150668, 0.442482343484254, -8.28824979094642, -10.3777732948469, 
5.01500542190359, -8.9163943858234, 1.04925875862998, -3.73009190770125, 
6.00507384396131, 11.1574417410723), .Names = c("x1", "x2", "x3", 
"x4", "x5", "x6", "x7", "", "", "", "", "", "", "", "", "", "", 
"", "", "", "", "", "", "", "", "", "")), rank = 7L, fitted.values = structure(c(49.1846567819055, 
62.8226304377893, 69.4876933901852, 72.991657115189, 68.3361861532519, 
72.2068469883444, 79.0427649339197, 59.1481261717781, 59.370495641585, 
57.707410614452, 62.6179646222004, 72.6631268804456, 76.3793453367023, 
85.0851349740515, 75.923367635716, 61.3017472358112, 66.4088405074022, 
45.469125271183, 64.1657080492336, 63.6792775270221, 48.1990419420237, 
59.0926272341999, 70.4413400241303, 74.6132061540106, 55.1592609434289, 
78.6761192079793, 74.8262982260595), .Names = c("1", "2", "3", 
"5", "7", "8", "9", "10", "11", "12", "13", "14", "15", "16", 
"17", "18", "19", "21", "22", "23", "24", "25", "26", "27", "28", 
"29", "30")), assign = 1:7, qr = structure(list(qr = structure(c(-5.19615242270663, 
0.192450089729875, 0.192450089729875, 0.192450089729875, 0.192450089729875, 
0.192450089729875, 0.192450089729875, 0.192450089729875, 0.192450089729875, 
0.192450089729875, 0.192450089729875, 0.192450089729875, 0.192450089729875, 
0.192450089729875, 0.192450089729875, 0.192450089729875, 0.192450089729875, 
0.192450089729875, 0.192450089729875, 0.192450089729875, 0.192450089729875, 
0.192450089729875, 0.192450089729875, 0.192450089729875, 0.192450089729875, 
0.192450089729875, 0.192450089729875, -350.644063487833, 69.9910047130397, 
-0.0739876890014511, -0.188288091357435, -0.0311250381179571, 
-0.145425440473941, -0.245438292535427, 0.0546002636490308, 0.168900666005015, 
0.0688878139435288, 0.0403127133545328, -0.259725842829925, -0.174000541062937, 
-0.359738694891411, -0.288300943418921, 0.0688878139435288, -0.0739876890014511, 
0.354638819833489, 0.0546002636490308, -0.0168374878234591, 0.397501470716983, 
0.154613115710517, -0.174000541062937, -0.145425440473941, 0.111750464827023, 
-0.288300943418921, -0.245438292535427, -292.33168629968, 2.32357901270892, 
-72.6346072183011, -0.0209475196543476, 0.169058530886199, 0.16729613682936, 
0.274173434679907, -0.129063710414807, -0.306279361367957, 0.227391736121796, 
-0.210168318474504, 0.193068826620211, 0.266670217263029, -0.168150300939983, 
-0.134350892585325, 0.241159278045641, -0.28076842215057, -0.0642044300987806, 
0.394102882691315, -0.0527227833787019, -0.0687063605489079, 
0.383598378307685, 0.156529881872266, -0.0392169920283202, -0.13506628434831, 
0.0859297781962, -0.00117740379699928, -297.527838722387, 35.5135583468277, 
-5.9429883753143, -49.3016556304403, -0.0462013896788216, -0.147974124191422, 
-0.0131230679952159, -0.0647662160457587, 0.301323632211067, 
-0.339223535719421, -0.148582753733056, -0.441755612013621, 0.142180274125136, 
0.158149610816755, 0.136997942668068, 0.386245514473419, 0.0978249808429143, 
-0.135231051949037, 0.0597602462240045, -0.0814509594931172, 
0.383900137614542, -0.148764259098872, -0.00253296468940569, 
0.3083517428624, -0.0622233092898684, 0.101891708456108, -0.0807983949256244, 
-340.05930855269, 35.7220507474215, -7.21262083660388, -14.247132771355, 
36.8727414973185, 0.0200124133270061, 0.18191917503176, -0.0546327154828728, 
-0.00797275308134777, 0.0625063663283843, 0.0885713020529616, 
0.343848203158584, -0.0571287668110114, 0.475403750266879, -0.105190829831765, 
0.422416605389894, -0.283925811209637, 0.161621620390735, 0.089193193513809, 
0.0149622449001984, 0.102905055500832, -0.0861033792062636, -0.394493797623442, 
-0.179451099640283, 0.184771705414146, 0.0256129239924626, 0.238244391237618, 
-391.058582331106, 6.68128185253085, -4.37340698959015, 2.2125426260243, 
19.0167162298234, 40.5325563992456, -0.114586301878074, -0.0616908110374867, 
0.152113302721346, 0.0866849615392937, 0.233498891362176, -0.111303963956228, 
0.189279755805413, 0.303150189086252, 0.0999219996935519, -0.306906107870933, 
-0.0181010173913358, 0.105505296102028, -0.0242402876700674, 
-0.0722302817904876, 0.31807913753372, 0.192166148300062, 0.428619179373527, 
0.167314126685815, -0.328815929698667, 0.185876399361691, -0.107667548910262, 
-224.589254714764, 11.8745418003161, -2.87539254812783, -25.4078442370942, 
21.5449752254522, 4.95979770749849, 39.4848064684669, 0.0368840870709051, 
0.335461345798014, -0.181634640708784, 0.244795389441301, -0.215776948233809, 
0.127917948024059, -0.0402012855067055, -0.302178097936276, -0.42812144623449, 
0.177812259758029, -0.0322056950809757, 0.090312492359647, 0.105252659037324, 
-0.10028409720317, 0.245336824056836, -0.417157851193563, 0.192548768463647, 
-0.0460459222579481, -0.19044072723637, -0.0481384540702989), .Dim = c(27L, 
7L), .Dimnames = list(c("1", "2", "3", "5", "7", "8", "9", "10", 
"11", "12", "13", "14", "15", "16", "17", "18", "19", "21", "22", 
"23", "24", "25", "26", "27", "28", "29", "30"), c("x1", "x2", 
"x3", "x4", "x5", "x6", "x7")), assign = 1:7), qraux = c(1.19245008972988, 
1.01173761276554, 1.06342012594556, 1.10902371369036, 1.04895701889439, 
1.36367828469407, 1.28304429097857), pivot = 1:7, tol = 1e-07, 
    rank = 7L), .Names = c("qr", "qraux", "pivot", "tol", "rank"
), class = "qr"), df.residual = 20L, xlevels = structure(list(), .Names = character(0)), 
    call = quote(lm(formula = y ~ . + 0, data = structure(list(y = c(43, 
        63, 71, 81, 58, 71, 72, 67, 64, 67, 69, 68, 77, 81, 74, 
        65, 65, 50, 64, 53, 40, 63, 66, 78, 48, 85, 82), x1 = c(1, 
        1, 1, 1, 1, 1, 1, 1, 1, 1, 1, 1, 1, 1, 1, 1, 1, 1, 1, 
        1, 1, 1, 1, 1, 1, 1, 1), x2 = c(51, 64, 70, 78, 67, 75, 
        82, 61, 53, 60, 62, 83, 77, 90, 85, 60, 70, 40, 61, 66, 
        37, 54, 77, 75, 57, 85, 82), x3 = c(42, 64, 58, 51, 66, 
        65, 72, 45, 33, 71, 39, 66, 72, 39, 42, 72, 33, 52, 83, 
        50, 52, 83, 64, 50, 45, 58, 52), x4 = c(39, 54, 69, 66, 
        56, 55, 67, 47, 58, 39, 42, 45, 72, 72, 69, 75, 57, 34, 
        62, 50, 58, 48, 63, 74, 45, 71, 59), x5 = c(61, 63, 76, 
        71, 66, 70, 71, 62, 58, 59, 55, 59, 79, 60, 79, 55, 75, 
        43, 66, 63, 50, 66, 88, 80, 51, 77, 64), x6 = c(92, 73, 
        86, 83, 68, 66, 83, 80, 67, 74, 63, 77, 77, 54, 79, 80, 
        85, 64, 80, 80, 57, 75, 76, 78, 83, 74, 78), x7 = c(45, 
        47, 48, 47, 35, 41, 31, 41, 34, 41, 25, 35, 46, 36, 63, 
        60, 46, 33, 41, 37, 49, 33, 72, 49, 38, 55, 39)), .Names = c("y", 
        "x1", "x2", "x3", "x4", "x5", "x6", "x7"),