
expected <- structure(list(coefficients = structure(c(1.19851129547568, -0.000792504637348493, 
0.186714828880153, 0.369502407265504, 0.40876473268155, 0.0172228033597659, 
0.160954140100936), .Names = c("x1", "x2", "x3", "x4", "x5", 
"x6", "x7")), residuals = structure(c(-17.5627383944736, 0.183615847993421, 
10.245183948374, -4.76283601674743, 21.0470883476241, -20.1607063084649, 
4.83083298886025, -5.60877013867787, 0.310650340696686, 0.157277394616056, 
-1.59214325717096, 10.0510027990183, 6.83388713736231, 13.0818814719475, 
5.32576623001947, -4.97825748262977, 1.50930579369028, 0.945445437272848, 
-12.4991268312643, -0.481549009496133, -19.0989682372592, -6.30334346533413, 
-9.73425718239262, 11.4036933544561, -18.1671407269822, 18.6662809180215, 
18.1884649803912), .Names = c("1", "2", "3", "4", "5", "6", "8", 
"9", "10", "12", "13", "14", "15", "16", "17", "18", "19", "20", 
"21", "22", "24", "25", "26", "27", "28", "29", "30")), effects = structure(c(231.720267450047, 
-233.535258695154, 68.5805422195055, -45.6384961019574, 26.0032863268923, 
-5.18379597311685, -10.7953913403313, -15.3322274310774, -10.1264549736514, 
5.67857869972655, -7.41551833712031, 4.81940210223789, 14.4182903158173, 
12.4611697871177, 19.3536596203369, -13.0901837282425, 7.21451883324486, 
10.6915584322493, -13.2365144467364, 3.02403925706691, -15.3173530292707, 
-5.69883841989779, 0.636593272196994, 2.20122873505589, -23.0249654353423, 
25.3565804340048, 18.97160078211), .Names = c("x1", "x2", "x3", 
"x4", "x5", "x6", "x7", "", "", "", "", "", "", "", "", "", "", 
"", "", "", "", "", "", "", "", "", "")), rank = 7L, fitted.values = structure(c(60.5627383944736, 
62.8163841520066, 60.754816051626, 65.7628360167474, 59.9529116523759, 
63.1607063084649, 66.1691670111397, 77.6087701386779, 66.6893496593033, 
66.8427226053839, 70.592143257171, 57.9489972009817, 70.1661128626377, 
67.9181185280525, 68.6742337699805, 69.9782574826298, 63.4906942063097, 
49.0545545627271, 62.4991268312643, 64.4815490094961, 59.0989682372592, 
69.3033434653341, 75.7342571823926, 66.5963066455438, 66.1671407269822, 
66.3337190819785, 63.8115350196088), .Names = c("1", "2", "3", 
"4", "5", "6", "8", "9", "10", "12", "13", "14", "15", "16", 
"17", "18", "19", "20", "21", "22", "24", "25", "26", "27", "28", 
"29", "30")), assign = 1:7, qr = structure(list(qr = structure(c(8.05646750275288, 
-0.0570565984523989, -0.259277588112101, -0.0895909045286388, 
-0.295948765105733, -0.268547251681764, 0.211084527228978, -0.346249359839045, 
-0.146883557941652, -0.119617911943878, 0.00318188676876272, 
-0.270164117209359, -0.150188222300863, -0.101481242948572, -0.13165940180363, 
-0.0850148884669724, -0.278450672652831, 0.164618057728945, -0.314191325355201, 
-0.186436552246767, -0.140677087992014, -0.0498631522465436, 
0.0660930996147858, -0.133391930176264, -0.323345678968391, -0.204260149663915, 
-0.0420266253339671, 225.236809217392, -259.935337677601, 0.194641251973001, 
0.101500934644947, 0.0616335340657076, 0.0853493249682393, 0.358094137581759, 
0.124553606232484, 0.0564607874688782, 0.126262464687654, 0.155744863226544, 
0.0536270642959861, 0.0545285617054801, 0.171490907649882, 0.242329387499196, 
0.269602272304893, 0.0911001610340163, 0.415561788189853, 0.0240373981099367, 
0.0871938379726257, 0.244750998986144, 0.213213157734338, 0.292553707001026, 
0.237469273554868, 0.0302262112560105, 0.138326212557302, 0.210100926524685, 
184.640544680532, -200.208072241962, 78.5849671962393, -0.122023696078221, 
0.0896861799854158, -0.0592474108698741, -0.14140760919158, 0.323971566553869, 
-0.284641375840254, -0.313309444283376, -0.439440963525679, -0.0883029681910108, 
-0.424189257381674, -0.212747366689096, 0.123436949299533, 0.206471407165138, 
0.162973400142951, 0.275941165896011, -0.0926215028622994, -0.0374288346918765, 
0.0428455434152592, -0.0748449135637397, 0.0165496272451272, 
0.177266075308515, 0.0404267331779068, 0.16338537286789, -0.0195506915367197, 
195.235163177841, -207.93192369182, 54.1073398876787, -80.8946347974957, 
0.179534630246584, -0.143583822365011, 0.0494819034000872, 0.364634592083763, 
0.0877142147478128, -0.306322412412641, 0.141260025669472, -0.0366238528663129, 
-0.0064964059640307, -0.103903002338883, -0.0934303408493611, 
0.231495045586781, 0.170150598488146, 0.165273463373137, -0.241109652104324, 
0.304514541174764, -0.176976375138947, 0.271074056223768, 0.211825591405045, 
0.237463594577224, 0.19963894314031, 0.0823559608197309, 0.120513515895003, 
214.066836949057, -213.061714429247, 61.9190627272231, -25.7374082179828, 
56.9886888101414, 0.00927207693847232, -0.125271837600812, -0.137215230359078, 
0.0874976614994749, -0.342752900017704, 0.275677032680581, 0.15691979151745, 
0.0478080890120802, 0.0255814808958132, -0.417015340069567, 0.0390222840878741, 
-0.152154755640202, -0.0530897542673546, -0.0841330424336824, 
0.131921786505789, 0.127036320080185, 0.0976416440924944, -0.452669797876401, 
0.19088000048921, -0.0177427626484425, -0.480460532007269, -0.00387449659747747, 
255.128094149456, -282.438558712322, 52.4722540896309, -37.4548694182963, 
14.3829993133927, -44.2384534826337, 0.511759713639574, -0.18072635850082, 
-0.129436494659071, -0.170021672099908, -0.251832983977214, -0.0238630452195213, 
0.114665046557883, -0.00420367730453463, 0.199083726169543, 0.0722734794669316, 
0.240381302144778, 0.225225500377528, 0.450898459229678, 0.256829522871688, 
0.0955275825568625, -0.125623365271077, 0.158706601706842, -0.0597343541688142, 
-0.0532746365971629, 0.0834089011513432, 0.198594199927004, 147.43961532947, 
-171.300954648105, 47.8442041641992, -28.4684268795367, 15.2876130374874, 
-27.4729546259096, -67.0712249685618, 0.0981429561959424, 0.313145469417194, 
-0.286116489805341, -0.00814638589353455, -0.0951368806939673, 
-0.324628329586637, -0.037907652270826, -0.371372342948013, 0.393735867353037, 
-0.186438068766029, -0.113982173328519, 0.275453818006676, -0.101574901135186, 
-0.362792351719272, -0.198811389830059, 0.0803513591569393, 0.159506587807522, 
-0.0482363638489203, -0.10413810829048, 0.173115786785316), .Dim = c(27L, 
7L), .Dimnames = list(c("1", "2", "3", "4", "5", "6", "8", "9", 
"10", "12", "13", "14", "15", "16", "17", "18", "19", "20", "21", 
"22", "24", "25", "26", "27", "28", "29", "30"), c("x1", "x2", 
"x3", "x4", "x5", "x6", "x7")), assign = 1:7), qraux = c(1.02140709600618, 
1.29364360854453, 1.07013399296209, 1.37604783761708, 1.11238631165082, 
1.23893061991754, 1.14640721120711), pivot = 1:7, tol = 1e-07, 
    rank = 7L), .Names = c("qr", "qraux", "pivot", "tol", "rank"
), class = "qr"), df.residual = 20L, xlevels = structure(list(), .Names = character(0)), 
    call = quote(lm(formula = y ~ . + 0, data = structure(list(y = c(43, 
        63, 71, 61, 81, 43, 71, 72, 67, 67, 69, 68, 77, 81, 74, 
        65, 65, 50, 50, 64, 40, 63, 66, 78, 48, 85, 82), x1 = c(-0.172465573302085, 
        0.459674631249372, 2.08886146281729, 0.721786210877214, 
        2.38430160855418, 2.16354220612773, -1.70059563395422, 
        2.78954671539225, 1.18336261124564, 0.963697820323011, 
        -0.0256347673499762, 2.17656843070712, 1.20998653226313, 
        0.817580335954143, 1.06070969206283, 0.684919686184324, 
        2.24332879534721, -1.32624003245954, 2.53127220237103, 
        1.50202002450137, 1.13336038778957, 0.401720865659098, 
        -0.532476909202731, 1.07466775059455, 2.60502395476441, 
        1.64561525787477, 0.338586141253477), x2 = c(70, 85, 
        90, 40, 61, 63, 61, 85, 37, 51, 40, 55, 37, 60, 83, 83, 
        66, 83, 54, 51, 85, 63, 66, 82, 57, 67, 61), x3 = c(52, 
        72, 68, 42, 44, 57, 57, 45, 53, 66, 66, 53, 64, 65, 57, 
        50, 42, 42, 53, 45, 65, 56, 50, 52, 45, 42, 50), x4 = c(59, 
        47, 45, 71, 59, 45, 55, 75, 59, 39, 74, 50, 62, 54, 47, 
        66, 56, 50, 34, 69, 48, 75, 63, 69, 62, 48, 57),