
expected <- structure(list(coefficients = structure(c(26.4247170619103, 0.779005794142476, 
-0.097522526425091, -0.248796054408223, 0.117982003110325, -0.0698926292697671, 
0.080433163411479), .Names = c("x1", "x2", "x3", "x4", "x5", 
"x6", "x7")), residuals = structure(c(-6.70129350345973, 1.25564944877185, 
4.04112628335549, 0.00621050558790648, 10.0850275571671, -12.7422776789694, 
-7.69246608385634, 2.74209239348644, -5.90119805103975, 5.02085802363307, 
5.274061325698, 5.44215021704748, -1.46887881420014, -3.32165224291819, 
4.14372443018322, -0.909860944434327, -10.0614464903136, 6.56027739262963, 
3.06892624397665, -10.4040359005342, 1.65127345098659, 9.07990818934008, 
-6.17373660104109, 4.3129816751566, -5.38897071325688, 8.1144339051644, 
-0.0328840181608208), .Names = c("1", "2", "3", "4", "5", "6", 
"7", "8", "9", "11", "12", "13", "14", "15", "18", "19", "20", 
"21", "22", "23", "24", "25", "26", "27", "28", "29", "30")), 
    effects = structure(c(-330.436804066196, -51.0689079508119, 
    2.68611967430661, -14.149063480269, 5.89368584082852, -2.58255963330934, 
    2.95393872635772, 6.01415910045762, -5.95962886841114, 8.70351857098611, 
    6.56535769570935, 7.80131083611727, -7.48175609498081, 1.83880098762018, 
    -0.337581538120717, 1.66848716870858, -10.2297344337331, 
    8.12846515952738, 4.96949881169166, -9.98851367012645, 4.33470825211369, 
    14.0247042446238, -2.71089930406834, 8.46458869375879, -8.30529850322416, 
    8.24805747733109, 0.781038282391139), .Names = c("x1", "x2", 
    "x3", "x4", "x5", "x6", "x7", "", "", "", "", "", "", "", 
    "", "", "", "", "", "", "", "", "", "", "", "", "")), rank = 7L, 
    fitted.values = structure(c(49.7012935034597, 61.7443505512281, 
    66.9588737166445, 60.9937894944121, 70.9149724428329, 55.7422776789694, 
    65.6924660838563, 68.2579076065136, 77.9011980510398, 58.9791419763669, 
    61.725938674302, 63.5578497829525, 69.4688788142001, 80.3216522429182, 
    60.8562755698168, 65.9098609444343, 60.0614464903136, 43.4397226073704, 
    60.9310737560234, 63.4040359005342, 38.3487265490134, 53.9200918106599, 
    72.1737366010411, 73.6870183248434, 53.3889707132569, 76.8855660948356, 
    82.0328840181608), .Names = c("1", "2", "3", "4", "5", "6", 
    "7", "8", "9", "11", "12", "13", "14", "15", "18", "19", 
    "20", "21", "22", "23", "24", "25", "26", "27", "28", "29", 
    "30")), assign = 1:7, qr = structure(list(qr = structure(c(-5.19615242270663, 
    0.192450089729875, 0.192450089729875, 0.192450089729875, 
    0.192450089729875, 0.192450089729875, 0.192450089729875, 
    0.192450089729875, 0.192450089729875, 0.192450089729875, 
    0.192450089729875, 0.192450089729875, 0.192450089729875, 
    0.192450089729875, 0.192450089729875, 0.192450089729875, 
    0.192450089729875, 0.192450089729875, 0.192450089729875, 
    0.192450089729875, 0.192450089729875, 0.192450089729875, 
    0.192450089729875, 0.192450089729875, 0.192450089729875, 
    0.192450089729875, 0.192450089729875, -339.09705810404, -64.6156729066964, 
    0.108983611697181, 0.000650761707243416, 0.232792583114252, 
    -0.123158209709828, 0.062555247415779, 0.18636421883285, 
    0.294697068822788, -0.154110452564096, -0.0457776025741583, 
    -0.0148253597198905, 0.310173190249921, 0.217316461687118, 
    -0.0457776025741583, 0.108983611697181, -0.0767298454284261, 
    -0.355300031116836, -0.0303014811470244, 0.0470791259886451, 
    -0.401728395398238, -0.138634331136962, 0.217316461687118, 
    0.18636421883285, -0.09220596685556, 0.341125433104189, 0.294697068822788, 
    -276.165878762371, -38.1635422496297, -51.8743814456437, 
    -0.0855473432092191, -0.04856337822439, 0.0849309466482844, 
    -0.190063826433519, -0.12921405674444, 0.213189566166732, 
    0.185382533999306, -0.011979315364881, 0.157451833421777, 
    0.413569170333353, -0.0754469377310734, 0.335012773954993, 
    -0.147967824504566, 0.416187023010466, -0.0484397098142874, 
    0.0727362590284481, 0.0143806736063798, 0.160069686098891, 
    -0.0383393043361418, 0.155881121815509, 0.0250046496199481, 
    -0.0347979789982857, 0.158898876617943, -0.42296259758637, 
    -297.527838722387, 1.29712825146681, 4.69468784826249, 65.3411244890368, 
    -0.131636045566983, 0.0135483966916134, 0.0289328874056642, 
    -0.217598788503765, 0.259790736213998, 0.370788368974429, 
    0.177777423310432, 0.301128511281416, -0.217010873434958, 
    0.405968709664057, 0.161645038099202, -0.126480162926452, 
    0.18393695049695, 0.0337171475114163, 0.0787578448579606, 
    0.0405380408693973, -0.262094399414457, -0.0522863312495923, 
    -0.242465271103603, 0.0898195974449294, -0.0970763352245915, 
    -0.147062957664348, 0.363337546413967, -334.478255950523, 
    -38.7894653829049, 0.555667010559441, 6.56728268771548, 36.7455535252597, 
    0.150503793934452, -0.0375880871430805, 0.0868074183739096, 
    0.0358873312371551, -0.115055651694967, 0.0125102125105195, 
    0.131280075644544, 0.599160146578475, -0.364809289561241, 
    0.183592585067831, -0.167022439108142, -0.0885654307725891, 
    0.184386918857554, -0.109428305125719, 0.0566265406873351, 
    0.0973211352551306, -0.185581161934134, -0.315855708599809, 
    -0.282194551334872, 0.288134950317095, 0.0721060929245009, 
    0.0830280879429806, -390.673682151647, -18.1024765522868, 
    4.6765930061464, 1.42681647787693, 7.34765975926136, 44.1868757144407, 
    0.242141258106119, 0.289526282497017, 0.00115425279029675, 
    0.255831569017268, 0.0907980631156025, 0.355694886921574, 
    0.0470704169951424, 0.156986503267404, -0.0506982119155053, 
    -0.130410772980831, 0.016760752271019, 0.193942638196529, 
    -0.0355170442386015, -0.0346174851184732, 0.325139814104127, 
    0.0361421469506007, 0.118756258347489, 0.0894863456726143, 
    -0.18116860743519, 0.172668082112224, 0.0973976960230086, 
    -220.932703009897, -10.2044959173061, -11.7299946118344, 
    17.809237024629, 25.7595126462407, 6.28816856303278, 36.725382927512, 
    0.104800594585789, 0.322257454824178, 0.0500896226927726, 
    -0.103087488925481, 0.195706796050511, 0.183515569521521, 
    -0.0524766342977691, -0.589798238434442, 0.12487716904368, 
    -0.196312580637265, -0.0630450892163555, 0.0972168585528344, 
    0.126211192784186, -0.229963076594537, 0.357570943985713, 
    -0.313028012799955, 0.0364211884530244, -0.0186759699837526, 
    -0.135962907435365, -0.215926135140149), .Dim = c(27L, 7L
    ), .Dimnames = list(c("1", "2", "3", "4", "5", "6", "7", 
    "8", "9", "11", "12", "13", "14", "15", "18", "19", "20", 
    "21", "22", "23", "24", "25", "26", "27", "28", "29", "30"
    ), c("x1", "x2", "x3", "x4", "x5", "x6", "x7")), assign = 1:7), 
        qraux = c(1.19245008972988, 1.01612688313438, 1.2761336179975, 
        1.09406045667392, 1.08575290439279, 1.60768417970364, 
        1.14295543039815), pivot = 1:7, tol = 1e-07, rank = 7L), .Names = c("qr", 
    "qraux", "pivot", "tol", "rank"), class = "qr"), df.residual = 20L, 
    xlevels = structure(list(), .Names = character(0)), call = quote(lm(formula = y ~ 
        . + 0, data = structure(list(y = c(43, 63, 71, 61, 81, 
        43, 58, 71, 72, 64, 67, 69, 68, 77, 65, 65, 50, 50, 64, 
        53, 40, 63, 66, 78, 48, 85, 82), x1 = c(1, 1, 1, 1, 1, 
        1, 1, 1, 1, 1, 1, 1, 1, 1, 1, 1, 1, 1, 1, 1, 1, 1, 1, 
        1, 1, 1, 1), x2 = c(51, 64, 70, 63, 78, 55, 67, 75, 82, 
        53, 60, 62, 83, 77, 60, 70, 58, 40, 61, 66, 37, 54, 77, 
        75, 57, 85, 82), x3 = c(30, 51, 68, 45, 56, 49, 42, 50, 
        72, 53, 47, 57, 83, 54, 65, 46, 68, 33, 52, 52, 42, 42, 
        66, 58, 44, 71, 39), x4 = c(72, 63, 57, 54, 69, 58, 59, 
        75, 42, 34, 48, 39, 72, 34, 47, 69, 45, 57, 54, 57, 75, 
        63, 75, 54, 66, 69, 39), x5 = c(61, 63, 76, 54, 71, 54, 
        66, 70, 71, 58, 59, 55, 59, 79, 55, 75, 64, 43, 66, 63, 
        50, 66, 88, 80, 51, 77, 64),